target_id,rank,funny,somewhat_funny,unfunny,count,score,precision,contest,caption
5858,1,38,37,85,160,1.70625,0.0655149384040621,653,Meet Trump's nominee for the Centers for Disease Control.
4475,2,43,44,101,188,1.6914893617021276,0.05989199873647565,653,"Mike, Barbara--I'd like to introduce you to President Trump's new pick to head the Centers for Disease Control."
353,3,31,46,82,159,1.679245283018868,0.06202328245132011,653,So are you are just in town for the summer?
1780,4,37,35,91,163,1.6687116564417177,0.06457477754759394,653,"Oh, perfect - we're WASPs!"
5172,5,35,57,100,192,1.6614583333333333,0.05550880973099314,653,So you're the bug that's been going around.
5397,6,28,48,83,159,1.6540880503144655,0.06050725087901626,653,I told you I was dating a blood sucking parasite.  You just assumed it was a lawyer.
5741,7,30,44,86,160,1.65,0.06155735679917249,653,Where we disagree is that exposed skin implies consent.
572,8,26,63,89,178,1.646067415730337,0.05424359898827476,653,We met camping
388,9,28,48,87,163,1.638036809815951,0.059551001139308946,653,"Tell them what happened in the lab, Harry."
2146,10,31,47,94,172,1.6337209302325582,0.05886766947432237,653,The females bite. The males drink.
520,11,29,40,86,155,1.632258064516129,0.06276638569927608,653,"""Hope you don't mind my crashing the party, I saw the porch light on."""
3182,12,27,45,87,159,1.6226415094339623,0.06030417107103384,653,"So, long story short, one night I left the porch light on and we’ve been in love ever since."
3392,13,30,48,97,175,1.6171428571428572,0.05769194319522525,653,"He wasn’t invited, but I left the light on."
4996,14,29,41,91,161,1.6149068322981366,0.06108625393123321,653,Bob identifies as a mosquito.
2404,15,26,42,86,154,1.6103896103896105,0.06132930888226491,653,"Thanks to Bob, the only thing my husband got in the divorce was malaria."""
5482,16,33,37,100,170,1.6058823529411765,0.06091143155275892,653,Let me introduce you to a host
909,17,29,57,104,190,1.605263157894737,0.053658868874717235,653,Crazy story - we met when Steve hit my windshield.
5817,18,32,41,101,174,1.603448275862069,0.059239620498875566,653,Can I get you a glass of standing water?
2359,19,30,49,102,181,1.6022099447513811,0.05632469558536379,653,"Bill, please explain to the Dorfmans why you find that blue light they put up so offensive."
4563,20,27,53,99,179,1.5977653631284916,0.055187011551326194,653,"I'm sorry. I ordered a mojito, not a mosquito."
3327,21,30,57,109,196,1.596938775510204,0.05295016151071826,653,A couple of these and he’ll be flying into light bulbs.
2305,22,29,47,100,176,1.5965909090909092,0.05708217889656713,653,There’s a hole in your screen door
891,23,28,53,104,185,1.5891891891891892,0.05441127556750559,653,"He just was so persistent. The first night, I couldn't keep him off me!"
446,24,22,49,87,158,1.5886075949367089,0.05758569945762531,653,"Paula and Jim are work friends, and Dave here just came through the hole in the screen door."
5626,25,22,56,92,170,1.588235294117647,0.05444926319091882,653,And I'm sure you remember Joe from our camping trip last summer.
5960,26,26,49,98,173,1.583815028901734,0.05621558769657585,653,Excuse me while I go and shut the screen door.
917,27,38,34,117,189,1.582010582010582,0.05859120307195059,653,"No, I asked for a Large Mojito."
2695,28,24,38,86,148,1.5810810810810811,0.062146972092278305,653,Poor thing's homeless now that Trump's draining the swamp
3150,29,16,57,81,154,1.577922077922078,0.05433618166265052,653,Are you just here for the summer?
4540,30,26,43,96,165,1.5757575757575757,0.05840420052900317,653,"What a coincidence—Bob and Mary summer upstate, too!"
4574,31,23,57,99,179,1.5754189944134078,0.05306849588641854,653,"I'm sorry, but I can never remember which disease it is that you transmit."
5323,32,27,43,99,169,1.5739644970414202,0.057943726826548456,653,He says he likes wine but prefers standing water.
4154,33,32,41,110,183,1.5737704918032787,0.05714280792214711,653,I'm sorry!  I just have an inexplicable urge to slap you.
1064,34,29,51,110,190,1.5736842105263158,0.05393675480219218,653,And Henry here is a real parasite. I’m kidding — he's an attorney.
408,35,19,52,86,157,1.5732484076433122,0.05585425673803096,653,And this is Fred; he’s renting our pond for the summer.
2202,36,18,60,90,168,1.5714285714285714,0.05243665545347105,653,"So, are you here just for the season?"
3384,36,21,62,99,182,1.5714285714285714,0.051263978821407145,653,I was walking through the park and he just wouldn’t leave me alone...anyway it’ll be three years in March.
4091,36,26,52,104,182,1.5714285714285714,0.05414387651505129,653,And one of his latest projects just completely went viral.
4049,39,31,44,111,186,1.5698924731182795,0.05591733162324075,653,Allow me to introduce you to my divorce attorney.
4416,40,32,41,112,185,1.5675675675675675,0.056692370171359543,653,I guess we're all hosts at this party.
414,41,31,36,106,173,1.5664739884393064,0.059257160873874434,653,So what are your plans now that they've drained the swamp?
5750,42,29,41,105,175,1.5657142857142856,0.057591017622663866,653,Devin and I went to the same summer camp.
5805,43,27,41,100,168,1.5654761904761905,0.05827569413059768,653,Who are you drinking?
2909,44,22,52,96,170,1.5647058823529412,0.054644449373576584,653,Who would have thought an 8th grade science fair project could go so wrong?
340,45,27,52,109,188,1.5638297872340425,0.05339589805866334,653,"Honey, you remember Mary and Neil from the barbecue last summer."
4485,46,27,44,103,174,1.5632183908045978,0.05670878160632018,653,The Nussbaums?  O negative and AB positive.  Why do you ask?
1480,47,24,56,105,185,1.5621621621621622,0.0524194685173893,653,"I brushed him off for most of the summer but then,one day,I just gave in."
1398,48,25,38,94,157,1.5605095541401275,0.06017122637584308,653,He says you're both excellent hosts.
416,49,25,35,92,152,1.5592105263157894,0.06173225041811748,653,You have a lot in common. John and Kate are tax attorneys.
966,50,21,62,103,186,1.5591397849462365,0.05052743100050069,653,"Well, just who IS your type, Roger?"
3584,51,24,49,101,174,1.5574712643678161,0.054959739480827906,653,And of course you know Bill and Amy from their work at the CDC.
4325,52,27,44,105,176,1.5568181818181819,0.05624385050997933,653,"And you both remember Melvin, from when Bob left the screen door open."
5710,53,21,55,100,176,1.5511363636363635,0.05269976611227109,653,Bob has a different view on draining the swamp.
2311,54,24,51,105,180,1.55,0.053595144169828766,653,Apologies again about the citronella candle.
5774,55,28,38,105,171,1.5497076023391814,0.05815873483466197,653,"Yes dear, I realize you’re trapped in a grotesque Kafkaesque nightmare that’s oppressing you with a profound dread of the utter meaninglessness of human existence--but you’re still our designated driver."
2435,56,21,47,94,162,1.5493827160493827,0.056106631322447774,653,"Since Harold and I met,
I'm feeling loved, cherished, and slightly anemic."
367,57,26,49,109,184,1.548913043478261,0.053827096688082006,653,"Yes, Frank does have a tendency to suck the life out of a party."
2569,58,27,36,101,164,1.548780487804878,0.059491132333600934,653,"Lawyer? No, I meant I'm literally a bloodsucker."
5161,59,28,37,105,170,1.5470588235294118,0.0584411519026072,653,Nonsense! You two have a lot in common; you're a lawyer and she's a blood-sucking parasite.
4639,60,31,40,116,187,1.5454545454545454,0.05581674539834095,653,"Allow me to introduce my husband and his girlfriend —
Bob, Sheila: my attorney."
5620,61,18,49,89,156,1.544871794871795,0.05557649496163588,653,"Yes, I suppose we do all suck in our own way."
1821,62,24,45,102,171,1.543859649122807,0.05577149206226871,653,"First he stole my blood, then he stole my heart."
3389,63,25,55,114,194,1.541237113402062,0.05120473278204448,653,And Bob has kindly volunteered to run the blood drive this year.
5746,64,24,42,101,167,1.5389221556886228,0.056818789076779015,653,So it's fair to say I'm not the only host here tonight.
5852,64,25,40,102,167,1.5389221556886228,0.057450149338746044,653,Now I remember! We were at summer camp together.
3601,66,24,36,96,156,1.5384615384615385,0.05990384864320162,653,Won't you stay for a bite?
5301,66,28,42,112,182,1.5384615384615385,0.055434647090736235,653,"For tonight’s tasting we have Josh and Emily from the Bronx, a delightful pairing of AB- and O+ with just a hint of anti-depressants.”"
2483,68,19,57,101,177,1.536723163841808,0.05130903887530724,653,This is Doug. He’s from that old tire in your yard.
264,69,18,40,84,142,1.5352112676056338,0.05968482785896582,653,"Our chemistry is good, but he does get under my skin."
4834,70,24,37,98,159,1.5345911949685536,0.059037117785997205,653,"and then I said,Kafka,schmafka..."
3518,71,28,37,109,174,1.5344827586206897,0.05743304822006095,653,"Personally, I'm glad he didn't drain the swamp."
342,72,22,34,90,146,1.5342465753424657,0.06159920706447845,653,"And this is Bob, my divorce lawyer."
1464,73,23,41,99,163,1.5337423312883436,0.05725565603826504,653,"That’s why Zika, here, is against draining the swamp."
5284,74,18,61,103,182,1.532967032967033,0.04967937934659306,653,Will you be staying for a bite?
5949,74,25,47,110,182,1.532967032967033,0.05378689531408479,653,This is Victor. He's a vector.
4118,76,25,39,103,167,1.532934131736527,0.05747270387053378,653,"I’m sorry to dissappoint you but I asked for a mojito, not mosquito."
4759,76,20,49,98,167,1.532934131736527,0.054243777115227376,653,And then we realized that I was his type!
1639,78,23,42,101,166,1.5301204819277108,0.056472100395246506,653,"Meet Bob and Jen, the two AB positives I was raving about earlier."
3888,79,18,53,97,168,1.5297619047619047,0.052676844627825396,653,Meet Buzz. His family has been coming to the Hamptons every summer for two centuries.
5168,80,25,40,105,170,1.5294117647058822,0.056696670073039225,653,The swamp has been very good to him during this administration.
5573,80,27,45,115,187,1.5294117647058822,0.053776968806798955,653,"Oh, no, I said ""mojito."""
1291,80,18,36,82,136,1.5294117647058822,0.06169463812765597,653,I do hope you'll interpret my role as 'host' figuratively.
2780,80,19,43,91,153,1.5294117647058822,0.057210424218566126,653,"Carl, I’d like you to meet Henry and Tina; they’re the 0-positives I was telling you about."
323,84,20,33,85,138,1.5289855072463767,0.06272491866987064,653,I'd like you two to meet Harry. He's way better than that leech I was dating last year.
4222,85,23,46,105,174,1.528735632183908,0.0544834959119878,653,"He is sort of a pest, but I love him."
5486,86,20,35,87,142,1.528169014084507,0.06136142477393905,653,"Everyone, this is Herb.  Our kids attended summer camp together."
5930,87,23,48,107,178,1.5280898876404494,0.053553812869922494,653,So apparently the swamp isn't drained.
455,88,21,43,97,161,1.5279503105590062,0.05646283873913478,653,"So, I picked up this bug while traveling..."
129,89,23,51,110,184,1.5271739130434783,0.05223222517489366,653,I think we can all agree that politics and rolled-up newspapers are off limits tonight.
3903,89,18,61,105,184,1.5271739130434783,0.04930743037826975,653,He has a way of getting under your skin.
5306,89,26,45,113,184,1.5271739130434783,0.05391099090583034,653,Can I get you something more stagnant?
429,92,27,47,118,192,1.5260416666666667,0.05270543608258653,653,"No matter what, do not let his glass go empty."
703,93,27,37,109,173,1.5260115606936415,0.057134181468347166,653,I'd like to introduce you to my emotional support animal.
5269,94,22,37,95,154,1.525974025974026,0.05913536237256479,653,"Bob and Linda, I'd like you to meet my divorce attorney."
3249,95,25,29,97,151,1.5231788079470199,0.06221406972042711,653,I told them I really don't like mojitos. What did you think I said?
3677,96,30,31,113,174,1.5229885057471264,0.05861104843716848,653,At first I thought he was a prick.
4502,97,27,38,111,176,1.5227272727272727,0.056381438328207786,653,"I believe you've met the Jensens, didn't you give them malaria last summer?"
5421,98,29,35,114,178,1.5224719101123596,0.05701311722817916,653,Congratulations on your appointment as head of the President's Special Commission on Draining the Swamp
235,99,20,42,95,157,1.5222929936305734,0.05685564787692045,653,I’m B negative. Why?
923,100,19,46,96,161,1.5217391304347827,0.055088125701486045,653,We met while camping.
505,101,23,43,105,171,1.5204678362573099,0.055231433698795775,653,"So, Dale, Sandy tells me you grew up in a stagnant pond."
363,102,16,46,88,150,1.52,0.055739888078848034,653,"I think you'll like Keith and Sheila, they're both O Positive."
480,103,21,52,108,181,1.5193370165745856,0.051729546612111016,653,We met in the Peace Corps.
4175,103,23,48,110,181,1.5193370165745856,0.05290293660189984,653,And how long did you work for Monsanto?
4663,105,26,45,116,187,1.518716577540107,0.05326564367290566,653,"Jim, these are the anti-vaxers I told you about."
4830,106,22,56,115,193,1.5181347150259068,0.04987747522692108,653,We locked eyes through the screen door and I just knew I had to let him in.
1593,106,25,50,118,193,1.5181347150259068,0.051475038935951484,653,I believe you’ve bit the Murphys...
4001,108,18,53,101,172,1.5174418604651163,0.05180926033670916,653,O-negative.  Why?
4134,109,28,40,118,186,1.5161290322580645,0.05456536487531572,653,Now tell us why you prefer some of us over others.
4144,109,19,58,109,186,1.5161290322580645,0.04954064286084848,653,Of course you can join us. We won't bite.
1152,111,16,53,96,165,1.5151515151515151,0.05201487976179692,653,"This is Harry, but talk fast. His life expectancy won’t make it past dessert."
53,112,20,48,103,171,1.5146198830409356,0.053341540355515235,653,I’m AB Negative. Why do you ask?
5363,113,24,41,108,173,1.5144508670520231,0.05536600311921592,653,"No, I said large Mojito."
3995,114,23,44,108,175,1.5142857142857142,0.05427966434181669,653,"Single donor, O-neg, recent vintage -- I think you'll like it."
5426,114,24,42,109,175,1.5142857142857142,0.05488135754563726,653,I'd like to introduce you to your hosts.
2629,116,24,47,114,185,1.5135135135135136,0.05260996993937202,653,"Guys, he’s kidding. It’s just Merlot."
6061,117,19,39,92,150,1.5133333333333334,0.05811095355603493,653,"Margaret, here, had 92 children yesterday."
5107,118,28,43,122,193,1.5129533678756477,0.05303240217640464,653,We first met at summer camp.
2727,119,23,34,99,156,1.5128205128205128,0.05928103811086665,653,We were on an African safari and Harry here tells the witch doctor that he thinks he’s a fraud.
2950,120,20,44,100,164,1.5121951219512195,0.05503784074855875,653,"Joe is a lawyer, so you two probably have a lot in common."
3337,121,21,46,105,172,1.5116279069767442,0.053751150581509144,653,He's more outgoing around standing water.
5394,122,21,57,116,194,1.5103092783505154,0.049158123008551886,653,Meet my emotional support animal.
5321,123,17,49,97,163,1.50920245398773,0.05320031281212095,653,"Niles, these are my friends from the World Health Organization I told you about."
1248,124,22,44,107,173,1.5086705202312138,0.05414558766807937,653,"Yes, I'm a mosquito and I 'll have a Bloody Mary. By the way, which one of you is Mary?"
376,125,24,43,112,179,1.5083798882681565,0.053949945697383865,653,Burt and Isabel work for the IRS. You should have a lot in common.
698,126,20,43,101,164,1.5060975609756098,0.05504405702108748,653,"Arnold, show them the mating dance that won me over."
5197,127,23,38,105,166,1.5060240963855422,0.05651881660375555,653,Small world. Brent and Rachel here just recovered from malaria.
5940,128,19,52,107,178,1.5056179775280898,0.05117001595964401,653,...mostly sting operations
4486,128,20,50,108,178,1.5056179775280898,0.05178658615297049,653,M’lady? M’lord? M’laria.
3805,130,19,62,117,198,1.505050505050505,0.047361536596926025,653,"Well, I typed ""stinger"" when I meant to type ""swinger"" and the rest is history."
386,131,19,44,100,163,1.5030674846625767,0.05460969393965844,653,"Gee, we didn’t think you were coming.  I just sprayed the yard."
2324,132,19,47,103,169,1.5029585798816567,0.053164351969186806,653,"It was a beautiful summer day, and we just connected."
5665,133,25,39,113,177,1.502824858757062,0.05500402340031887,653,"Paul and Betty, this is my emotional support insect, Dwight."
2589,134,21,49,111,181,1.5027624309392265,0.05174921190330307,653,"We're all lawyers here, right?"
2544,135,27,42,122,191,1.5026178010471205,0.052950605593012366,653,He's Amazon's biggest carrier.
3959,136,22,41,107,170,1.5,0.054870667162542436,653,"An old hubcap full of stale rainwater, but we usually just tell people Charleston, South Carolina to keep it regional, right honey?"
3941,136,24,30,102,156,1.5,0.05998345512170393,653,He’s lobbying the President not to drain the swamp.
3799,136,20,39,99,158,1.5,0.05661156939678532,653,Interesting red! Anyone I know?
5317,136,17,55,106,178,1.5,0.04991581817120583,653,"He won't admit it,but when we first met I could tell right away that he was attracted to me."
3614,136,25,41,116,182,1.5,0.05384268443336075,653,"I said, “bring me a big mojito, not mosquito”"
136,136,19,53,110,182,1.5,0.05034638079961595,653,"So, where does everyone summer?"
3636,136,22,42,108,172,1.5,0.05438728101485963,653,"You remember the Johnsons, dear--you bit them last summer."
2428,136,18,36,90,144,1.5,0.05913123959890826,653,Frank is very active in the anti-pesticide movement.
2371,144,23,45,115,183,1.4972677595628416,0.05248540640081957,653,We met through the net.
4886,145,20,48,109,177,1.497175141242938,0.05200419130497026,653,He was just saying there’s never any new blood at these parties.
2833,146,20,44,105,169,1.4970414201183433,0.05382277118876603,653,"He's fine until he's had a few, then he might get a bit tsetse."
98,147,25,33,109,167,1.4970059880239521,0.0575290515136021,653,"I'm getting hints of iron, hemoglobin and nitrogen..."
372,148,23,36,106,165,1.496969696969697,0.0567825707570287,653,We met at a Kafka reading
3093,148,21,40,104,165,1.496969696969697,0.055465671200862515,653,"Only the females suck blood. Trevor sucks Pinot Noir, don’t you Trev?"
3146,150,25,39,116,180,1.4944444444444445,0.054298312863089185,653,I met him on the web.
3904,151,22,44,112,178,1.4943820224719102,0.05299821175772499,653,....and the Burkharts are the anti-vaxers I was telling you about!
5046,152,27,32,115,174,1.4942528735632183,0.05691042541527476,653,Here are the hosts.
1687,153,14,55,99,168,1.494047619047619,0.04994795110239589,653,"Let me introduce you to the Bermans, who already gave at the Red Cross."
3706,154,20,41,103,164,1.4939024390243902,0.05504405702108748,653,"Joe, I'd like you to meet Tom and Sharon.  He's O-positive and she's A-negative."
2757,155,17,36,89,142,1.4929577464788732,0.05891375029950271,653,You should meet my ex-husband. He's a prick too.
4375,156,26,38,119,183,1.4918032786885247,0.054171371297623255,653,"When you said your husband was a bloodsucker I thought you meant he was a lawyer,"
3987,157,25,37,115,177,1.4915254237288136,0.05500072609351495,653,"I've tried them all, but Type O goes with everything!"
5325,157,21,45,111,177,1.4915254237288136,0.05261439469634476,653,I saved him from a bug zapper and one thing led to another.
171,159,16,54,105,175,1.4914285714285713,0.049872462253265366,653,"Well...let's just agree to disagree about DEET, shall we?"
2619,159,16,54,105,175,1.4914285714285713,0.049872462253265366,653,He becomes such a pest when he drinks.
4943,161,17,46,100,163,1.49079754601227,0.05320031281212095,653,"Yes, I think it's fair to say Kafka had an influence on my life."
3700,162,18,37,94,149,1.4899328859060403,0.05762819971000806,653,"Yes, yes it is definitely type O.  Now drink it before it clots."
105,163,27,33,118,178,1.4887640449438202,0.05590773977076763,653,"Sarah and Allan, this is my divorce lawyer."
1709,163,17,53,108,178,1.4887640449438202,0.04990867304975909,653,And what are your summer plans?
5069,165,19,48,109,176,1.4886363636363635,0.051590694547296916,653,"I'm O positive, why do you ask?"
4131,165,20,46,110,176,1.4886363636363635,0.05221623146884077,653,We actually met at a backyard patio party
4758,167,22,40,110,172,1.4883720930232558,0.0543800114457548,653,I suck at cocktail parties
1280,168,20,42,106,168,1.4880952380952381,0.054054392363320845,653,Tom really knows how to suck the life out of the party.
2334,168,19,44,105,168,1.4880952380952381,0.05339092932641393,653,I believe you met last year at the lake.
4168,170,17,47,102,166,1.4879518072289157,0.05249381597976548,653,"Managing the work/life balance with 5,000 kids sounds like a challenge."
5791,170,16,49,101,166,1.4879518072289157,0.05179364213868047,653,I forgot that “repellent” is a trigger word.  I should've said “unpleasant.”
1652,172,17,45,100,162,1.4876543209876543,0.05343621770723169,653,We met last summer in Florida.
1890,172,22,35,105,162,1.4876543209876543,0.05691076825489436,653,John tells me you're into camping.
5159,172,16,47,99,162,1.4876543209876543,0.05271383240434275,653,"You're right, a proboscis is more eco-friendly than a plastic drinking straw."
5095,175,24,50,127,201,1.4875621890547264,0.04942930664131065,653,This is the couple I was telling you about. You’re going to absolutely love them. Tom is AB and Cassandra is type O.
1628,176,30,35,130,195,1.4871794871794872,0.053608351698898736,653,"I traded one bloodsucker for another, but at least this one is honest about it."
536,177,14,46,92,152,1.486842105263158,0.053613616198376124,653,Thanks again for getting that stubborn cork out of the bottle.
5389,178,22,46,117,185,1.4864864864864864,0.05148106568303186,653,"Why don't you tell them about your trip to the west nile, dear?"
137,179,29,31,123,183,1.4863387978142077,0.05580348477958319,653,I assumed you were making a joke about being in high finance when you said blood sucking parasite.
1193,180,21,46,114,181,1.4861878453038675,0.05173938019201394,653,"Actually,it’s Moscato."
2066,181,21,42,110,173,1.4855491329479769,0.05351405699458751,653,We met through our DNA match.
5447,182,23,36,110,169,1.485207100591716,0.05574017739858503,653,"You should have met my first husband, he was a bloodsucking lawyer."
5017,183,22,36,107,165,1.4848484848484849,0.05611601105458705,653,"No, I haven’t read Kafka. Why do you ask?"
2289,184,20,38,103,161,1.484472049689441,0.055801326581906674,653,I  think we can all agree that Rob has a point.
4281,184,16,46,99,161,1.484472049689441,0.05294552900943973,653,Mike is originally from the stagnant pond out back.
3007,186,23,46,121,190,1.4842105263157894,0.051013845805901646,653,We're really looking forward to seeing you in Minnesota this summer.
228,187,17,42,98,157,1.484076433121019,0.054673093132188585,653,What drew you to the neighborhood?
4840,187,17,42,98,157,1.484076433121019,0.054673093132188585,653,"She’s bleeding me dry, but she’s the best divorce lawyer in town."
3014,189,16,41,94,151,1.4834437086092715,0.0554765066802582,653,I'd like you to meet Peter and Susan.  They are B positive and O negative .
276,190,24,39,117,180,1.4833333333333334,0.05371083808572426,653,"Tell them, dear, how you got involved in the anti-pesticide movement."
3694,191,21,43,112,176,1.4829545454545454,0.052825633178042994,653,We met at a picnic.
2199,192,16,52,106,174,1.4827586206896552,0.0500641658110989,653,We've made it work through years of therapy and a vat of calamine lotion.
3617,193,20,43,109,172,1.4825581395348837,0.053105539905414854,653,"When I eventually get sick of him, I'll just smack him with a magazine."
5508,193,22,39,111,172,1.4825581395348837,0.05437092311754798,653,Our ancestors worked on the Panama Canal too.
6003,193,22,39,111,172,1.4825581395348837,0.05437092311754798,653,"I don’t know about you, but I’m ready for a bite."
2131,196,16,48,102,166,1.4819277108433735,0.05178302498871371,653,We're so grateful that you're willing to help out with the blood drive!
2674,197,22,49,122,193,1.4818652849740932,0.04987747522692108,653,I can honestly say that there is a sucker born every minute.
4462,198,24,31,109,164,1.4817073170731707,0.05768266821282595,653,"These are my good friends Bill and Laura.
They are also lawyers."
2614,199,17,44,101,162,1.4814814814814814,0.05342514399087464,653,"'Type A, why do you ask?'"
5147,200,20,50,117,187,1.481283422459893,0.049922167003078874,653,Unbelievable! She tried to slap you for just showing up??
3398,201,19,38,101,158,1.481012658227848,0.05587439336745038,653,Tom here works on our viral marketing team.
1504,201,22,32,104,158,1.481012658227848,0.05799848963060095,653,If ypu don’t mind me asking... what’s your stance on immunization?
1133,201,17,42,99,158,1.481012658227848,0.054412282841410795,653,"This is my husband, Greg. He works with infectious diseases."
2164,204,18,52,113,183,1.4808743169398908,0.04952275088906408,653,"George, this is Dan and Liz with the standing water problem I was telling you about."
3898,204,21,46,116,183,1.4808743169398908,0.051309361492340014,653,Mike and I met on my African cruise
3778,206,19,37,100,156,1.4807692307692308,0.05640978644815136,653,"You know my last marriage to a whiny, blood-sucking parasite didn’t end well, so I figured this time, I’d go for the real thing."
5519,207,24,38,117,179,1.4804469273743017,0.05393369326571597,653,You both have something in common. Jill here is a phlebotomist.
5923,207,20,46,113,179,1.4804469273743017,0.05155347199489897,653,Are we all having the same inebriated illusion or is it my unemployed bloodsucking ex-husband Bob?
4220,209,18,37,97,152,1.480263157894737,0.056758612983934566,653,"What I said was, ""I have no tolerance for MOJITOS."""
4764,210,23,37,113,173,1.4797687861271676,0.054745003581215604,653,What are the odds? They're also lawyers.
4477,211,20,42,109,171,1.4795321637426901,0.05333022519745499,653,The Millers are bloodsuckers too: leveraged buyouts.
2525,212,21,39,109,169,1.4792899408284024,0.05445027239362319,653,"What a coincidence - you're a blood-sucking parasite, and Mr. Cohen here, used to be an attorney"
3620,213,20,39,106,165,1.4787878787878788,0.054770824547131954,653,"No, I'm from Southampton, but I have a winter home in West Nile."
1723,213,20,39,106,165,1.4787878787878788,0.054770824547131954,653,This is my husband. He can be quite a prick.
1308,215,22,33,106,161,1.4782608695652173,0.057163107402949255,653,Small world! Bob and Nancy's foundation works with malaria victims too!
4373,216,23,40,117,180,1.4777777777777779,0.053118489263611304,653,"'This is Dave, he's with us for the summer.'"
1694,217,17,51,110,178,1.4775280898876404,0.04988723154523963,653,"Babe, tell them about that time with the light bulb."
3416,218,13,48,94,155,1.4774193548387098,0.05205092723128162,653,Until that ancestry test I had no idea we were all related.
198,219,25,34,117,176,1.4772727272727273,0.05521771869687635,653,Try not to suck the life out of the party.
3603,220,21,41,112,174,1.4770114942528736,0.05326620022497007,653,"He prefers ‘hemoglobin connoisseur’ to ‘dirty, stinking bloodsucker’."
111,221,22,37,111,170,1.4764705882352942,0.054840807604022115,653,These are the other pests I was telling you about.
4323,222,19,51,117,187,1.4759358288770053,0.04933043466225674,653,And Larry here does something or other at BuzzFeed.
526,223,20,39,107,166,1.4759036144578312,0.054516231646013075,653,Todd is a lawyer too.
4431,224,24,40,121,185,1.4756756756756757,0.05258883719301252,653,I’d like to introduce you to Mia. She’d be glad to check your blood alcohol level before you drive home tonight.
900,224,19,50,116,185,1.4756756756756757,0.04971733866983137,653,"Tell them your dengue fever story, dear."
4029,226,24,38,119,181,1.4751381215469612,0.053467293074340325,653,"There are those who claim to understand Kafka ... and then there’s my friend here, Gregor."
2248,227,16,44,100,160,1.475,0.053162560713675366,653,"Speaking of the West Side, Ed here is from the West Nile."
338,228,21,42,114,177,1.4745762711864407,0.05258336290674092,653,"Tomato, tomahto, mosquito, moscato."
4114,229,17,40,99,156,1.4743589743589745,0.05490703320321831,653,Or I have a nice O negative if you prefer.
3348,230,17,39,98,154,1.474025974025974,0.05543084785402872,653,"It's an O positive, 1984."
538,231,19,53,120,192,1.4739583333333333,0.04838969743794173,653,We ordered a Mojito not a mosquito.
5191,232,29,40,138,207,1.4734299516908214,0.05069838803893786,653,That whole Lyme disease thing?  Fake news.
5715,233,12,65,111,188,1.4734042553191489,0.044897520913002024,653,I was just telling them about the night you first bit me.
4069,234,21,38,110,169,1.4733727810650887,0.05443496016823785,653,"Yes, I am the host.  Why do you ask?"
3955,235,15,41,94,150,1.4733333333333334,0.05491230891517153,653,"Yes, I'd love to go out for a bite."
4371,236,21,37,109,167,1.473053892215569,0.05492442306091215,653,I met him at a Kafka reading.
4906,237,19,48,115,182,1.4725274725274726,0.05030495230750259,653,"If you want to find the best pools of standing water, Jenna here is the one to ask."
284,238,18,41,104,163,1.4723926380368098,0.053868651943095695,653,"What do you mean your job sucks, Steve?"
4102,239,20,35,104,159,1.471698113207547,0.05629776904139321,653,"Speaking of bloodsucking lawyers, have you met my divorce attorney?"
426,240,21,41,114,176,1.4715909090909092,0.05279768865017173,653,Here's to a good buzz.
3040,240,21,41,114,176,1.4715909090909092,0.05279768865017173,653,What a coincidence!  Bob's also in the business of sucking blood from innocent victims.
3931,240,21,41,114,176,1.4715909090909092,0.05279768865017173,653,"George, the Harrisons want to apologize for spraying you with DEET yesterday."
1048,243,19,43,110,172,1.4709302325581395,0.052431251627685804,653,This is awkward. The Johnsons just bought an Orkin franchise...”
5081,244,18,53,118,189,1.470899470899471,0.0483575639137415,653,"Type O. But, why do you ask?"
3934,245,19,41,108,168,1.4702380952380953,0.05334918892892159,653,"That whole “Drain the swamp” thing” never came true, so Bob and I will be moving back to D.C. soon."
2450,246,12,47,92,151,1.4701986754966887,0.05215696044369929,653,We met on a camping trip ...
381,247,14,50,102,166,1.4698795180722892,0.050318227034552264,653,He didn't start drinking til the neighbors got a bug zapper.
1242,248,16,45,103,164,1.4695121951219512,0.05220255764208921,653,A positive. Why?
1477,248,14,49,101,164,1.4695121951219512,0.05074912438851703,653,They've been itching to meet you.
3733,250,23,37,117,177,1.4689265536723164,0.05377359136521119,653,"Let me guess, you're a lawyer."
2888,251,22,45,123,190,1.4684210526315788,0.05042579111720926,653,"That proboscis must come in handy, now that they've outlawed plastic straws."
3276,252,25,31,117,173,1.4682080924855492,0.055928038047714485,653,These are my ex-husband and his new wife. They are also blood-suckers.
3464,253,23,34,114,171,1.4678362573099415,0.05519864350471924,653,"Well, we are going to have just agree to disagree on the scourge of Citronella."
4158,254,18,36,100,154,1.4675324675324675,0.05616921755432176,653,He says he believes he met you at a barbeque last summer.
5777,254,14,44,96,154,1.4675324675324675,0.053060825939390266,653,And this is Tom and Jane. They are both Type O.
4580,256,13,60,111,184,1.4673913043478262,0.04617861620384984,653,A life span of 10 days? And I would have sworn we met at the Hamptons last summer.
4369,257,17,44,106,167,1.467065868263473,0.05221065748530949,653,"Oh, Martin. Stop being such a pest!"
3358,258,17,57,121,195,1.4666666666666666,0.04670856470436192,653,"Actually, the first time we met was when I spotted him in the corner of my shower, wasn't it honey?"
4549,258,15,47,103,165,1.4666666666666666,0.05124707431905383,653,"You just have to suck it up, am I right?"
5569,260,17,41,103,161,1.4658385093167703,0.05361979093452237,653,They think they met you last summer in Maine.
4776,261,17,34,95,146,1.4657534246575343,0.05763762446982604,653,"Harold, Lisa, meet Brad, our new temp employee. Such a shame he’ll be with us only 76 hours."
667,262,22,37,115,174,1.4655172413793103,0.05385081633101001,653,"My apologies, but our invitation actually said we were having a big MESQUITE  barbecue party."
507,263,20,34,105,159,1.4654088050314464,0.05627553014301754,653,"Actually, we met at the Blood Drive."
2885,263,23,28,108,159,1.4654088050314464,0.05835897343663354,653,"Well now, THAT'S a stinger!"
1561,265,15,37,92,144,1.4652777777777777,0.05653934211780214,653,"Yes, most people guess lawyer, but I'm actually a phlebotomist."
5680,266,24,39,124,187,1.46524064171123,0.05213074335909513,653,"It's a 2017 AB-Negative. Quite rare, actually."
5836,267,17,46,109,172,1.4651162790697674,0.05109660295976201,653,We met at a flea market in Chernobyl.
1590,268,18,50,117,185,1.4648648648648648,0.0490873288392644,653,We met on the web.
1275,269,20,39,111,170,1.464705882352941,0.05351814617362402,653,"I asked for a Mojito, not a mosquito."
1855,269,20,39,111,170,1.464705882352941,0.05351814617362402,653,"But we're ALL lawyers, you fit right in."
4536,269,16,47,107,170,1.464705882352941,0.05085014643798262,653,This is my husband. He’s a bit of a pest.
197,272,19,40,109,168,1.4642857142857142,0.0533273118723914,653,Buzz works in infectious diseases.
1201,273,18,48,115,181,1.4640883977900552,0.049866788349396104,653,"Oh, he's harmless - only the females bite."
37,273,21,42,118,181,1.4640883977900552,0.05168035064604891,653,"And Dan is a divorce lawyer, so really you’re both giant, blood-sucking parasites!"
3045,275,15,47,104,166,1.463855421686747,0.05101493904937106,653,We actually met at the company picnic last year.
5443,276,26,37,129,192,1.4635416666666667,0.05215282231794525,653,We hear that the buzz about your West Nile trip just went viral.
819,277,20,41,114,175,1.4628571428571429,0.052368710317462784,653,A phlebotomist! How interesting!
244,278,16,48,109,173,1.4624277456647399,0.05020651676234212,653,Is somebody wearing DEET?
5199,278,18,44,111,173,1.4624277456647399,0.051527866205177936,653,"And after drinks, we'll have a little bite."
4328,280,23,40,123,186,1.4623655913978495,0.05177370089179712,653,"Now, I think we can agree to disagree on draining the swamp."
2570,281,22,34,113,169,1.4615384615384615,0.05503655385097699,653,"Larry here loves a warm, full-bodied red."
4309,282,21,35,111,167,1.4610778443113772,0.054881146047375325,653,"Robert, tell the Johnsons about your recent trip to Chernobyl."
672,283,14,37,90,141,1.4609929078014185,0.056509165314884945,653,"What a small world, the Joneses are also from Florida."
2389,284,21,46,124,191,1.4607329842931938,0.04964894600225385,653,... and I thought “Why not?” and swiped right. So meet Lawrence.
460,285,20,46,121,187,1.4598930481283423,0.04985436725118993,653,"Phil, I’d like you to meet the rest of the swat team."
5887,286,12,50,99,161,1.4596273291925466,0.04983964100199506,653,And she has hundreds of sons about the same age as your daughter.
4276,286,20,34,107,161,1.4596273291925466,0.055723494395363504,653,"No, I distinctly remember ordering a grasshopper!"
365,288,15,38,95,148,1.4594594594594594,0.05539340853708455,653,"And so I said, 'that's not a parasite, that's my husband!'"
865,289,21,37,114,172,1.4593023255813953,0.05366834179626834,653,"...and this is my parasite of an ex-husband who just decided to show up uninvited, as usual."
5760,290,25,40,131,196,1.4591836734693877,0.05081066253459481,653,And this is Kevin. He sucks.
2610,291,19,35,105,159,1.4591194968553458,0.05553665086755964,653,"No, we were talking about Melania, not malaria."
561,292,17,44,109,170,1.4588235294117646,0.05150426524934731,653,"Wow, the three of you really do have something in common...Marci's a phlebotomist and Dave's an attorney...."
4201,292,14,50,106,170,1.4588235294117646,0.049435295144787915,653,Your stories about traveling abroad are infectious.
4287,292,15,48,107,170,1.4588235294117646,0.05013443976276756,653,"Cheryl, I'd like you to meet the new donors."
2254,295,20,37,111,168,1.4583333333333333,0.05396600876201017,653,Joe here was just telling me about his work with the Gates Foundation's malaria project.
6012,295,15,36,93,144,1.4583333333333333,0.05650652677335219,653,"The Connors are going camping next week, I thought you should meet first."
2402,297,18,35,102,155,1.4580645161290322,0.05585809244518224,653,"So I said, “Bartender, I need a giant mojito!”"
673,298,20,36,110,166,1.4578313253012047,0.05444962410732783,653,Roger and Linda here work in debugging software. No offense.”
295,299,16,49,112,177,1.4576271186440677,0.04937078516979113,653,"Once you get to know him, he's not such a pest."
471,300,18,50,120,188,1.4574468085106382,0.04848940496193527,653,I heard you were back in town for the summer.
477,301,22,41,123,186,1.456989247311828,0.051186422130057585,653,So I hear you come from the West Nile
1459,301,25,35,126,186,1.456989247311828,0.05286225238087996,653,Have you met our hosts?
3759,303,21,31,108,160,1.45625,0.05666773607019038,653,"Meet my husband. He is a lawyer, too."
661,304,18,42,111,171,1.456140350877193,0.0519390279965392,653,O-positive. Why do you ask?
3770,304,13,52,106,171,1.456140350877193,0.04851458936447124,653,"And if it doesn’t work out, he’ll be dead in three weeks anyway."
5925,306,20,43,119,182,1.456043956043956,0.050840889598214825,653,"These two are bloodsucking lawyers, so you'll get along just fine."
86,307,14,39,94,147,1.4557823129251701,0.05480482096994346,653,"Oh my gosh, small world!  I swatted your cousin!"
2640,308,17,38,103,158,1.4556962025316456,0.05431841994102186,653,We met in Florida.
4161,309,21,35,113,169,1.455621301775148,0.05436600178436971,653,Oh yeah? And what makes you such an expert on Kafka?
3280,310,23,30,114,167,1.4550898203592815,0.056153413867030044,653,I meant bloodsucking liberal as a term of endearment
169,311,16,48,112,176,1.4545454545454546,0.049555283190490684,653,I'm so sorry. I don't know why I slapped you.
293,311,26,28,122,176,1.4545454545454546,0.055723215462142685,653,Have you met the Orkins?
901,311,18,39,108,165,1.4545454545454546,0.05331199600049641,653,We met at camp.
3281,311,19,37,109,165,1.4545454545454546,0.05400072913919159,653,"Let me introduce Bob and Shelly.  He's an O-positive, but she's one of those rare AB-negatives."
3287,311,18,39,108,165,1.4545454545454546,0.05331199600049641,653,"Meet tonight's protagonist, he got in through a hole in the screening process."
4831,311,24,22,108,154,1.4545454545454546,0.06047860292427486,653,I'm so pleased that Fox News gave you the evening off
1765,317,17,45,112,174,1.4540229885057472,0.05061976659681268,653,Tell us about the West Nile.
3663,317,13,53,108,174,1.4540229885057472,0.04792283065611502,653,That's so interesting! Mark here was also just in Africa.
3676,317,21,37,116,174,1.4540229885057472,0.053180107582976054,653,And this is my cousin Malaria.
4079,317,18,43,113,174,1.4540229885057472,0.05127183962343336,653,How much do we have to drink for this to feel normal?
3870,321,18,47,118,183,1.453551912568306,0.04942326089862503,653,"And this is our new neighbor,Ted. He just moved here from the West Nile."
3516,321,21,41,121,183,1.453551912568306,0.05121334239224077,653,May I present your hosts?
5946,323,19,40,113,172,1.4534883720930232,0.05235768240281507,653,How terribly dreadful...only seven days?
1759,324,15,32,90,137,1.4525547445255473,0.058581708267594894,653,"So, Frank tells me you studied hematology?"
1279,325,18,40,110,168,1.4523809523809523,0.05259824799509113,653,"So now you've tried the blood sample, can you guess which one of us it is?"
4393,326,21,43,124,188,1.452127659574468,0.05019280975954543,653,"Of course,  we'll be using a surrogate."
570,327,15,45,106,166,1.4518072289156627,0.050954545898933605,653,...and he's a brilliant fundraiser. He could get blood from a stone!
470,328,18,29,97,144,1.4513888888888888,0.058991344622710606,653,These are the Wagners. They will be your dinner tonight.
4437,329,25,28,120,173,1.4508670520231215,0.05585504986765649,653,I'll just let you anti-vaxers get to know eachother!
178,330,17,39,106,162,1.4506172839506173,0.0533031812741695,653,I met him at the IRS office
5187,330,14,45,103,162,1.4506172839506173,0.051099759545837356,653,We met on an Amazon cruise.
713,332,18,41,112,171,1.4502923976608186,0.05190803349698861,653,I'm afraid Bob here is a bit of a snob when it comes to reds.
1650,332,18,41,112,171,1.4502923976608186,0.05190803349698861,653,"Actually, we met on the net."
2599,334,22,37,121,180,1.45,0.052424164139480124,653,He's more exotic and certainly more social than my first husband.
191,334,16,40,104,160,1.45,0.05305153540478383,653,We first met at our daughter's outdoor wedding last summer.
1352,334,16,49,115,180,1.45,0.04874272773592409,653,"The Zika virus? Really, that was you?!"
1027,337,12,43,94,149,1.4496644295302012,0.0525395704059148,653,He visited our campsite in Maine.  We adopted him.
3743,338,19,42,117,178,1.449438202247191,0.05103043573248781,653,"Tim, meet Harry and Julia— they’ll be your hosts next week."
4428,338,15,50,113,178,1.449438202247191,0.04847871164513678,653,He’s great company as long as he doesn’t get too attached
5034,338,19,42,117,178,1.449438202247191,0.05103043573248781,653,"Yes, John, we all know how strongly you feel about pesticides."
2258,341,24,36,127,187,1.4491978609625669,0.05205991351203737,653,"Why as a matter of fact, I do know Jeff Goldblum"
4254,341,20,44,123,187,1.4491978609625669,0.04980191331475501,653,So do you all have malaria? Or is that just a stereotype?
87,343,16,43,108,167,1.4491017964071857,0.05142699465402505,653,"Oh that?, it's just some bug going around."
6056,344,15,49,112,176,1.4488636363636365,0.04886363636363637,653,"""Skeeter was telling me about his party trick, determining your blood type for free."""
2499,345,16,51,118,185,1.4486486486486487,0.047795761800885364,653,I think we can all agree with the PC crowd that “pesticide” is a pretty insensitive term and that “insecticide” is preferable.
310,346,15,39,100,154,1.448051948051948,0.053754865698842885,653,He does have a point.
5697,347,21,31,111,163,1.4478527607361964,0.05582984384306276,653,We actually ordered a giant Moscato.
148,348,20,41,120,181,1.4475138121546962,0.05100325018094375,653,You might be interested to know that the Jones' are both universal donors.
4709,348,21,39,121,181,1.4475138121546962,0.05160153954316647,653,Meet the new head of our malaria lab.
5124,348,12,57,112,181,1.4475138121546962,0.04593726913280402,653,"So, Professor.  What other effects of global warming have you studied?"
2558,351,17,42,111,170,1.4470588235294117,0.051440620782343204,653,You got through screening.
3540,351,19,38,113,170,1.4470588235294117,0.05277655497492608,653,You'll love this one - What is the last thing to go through a bug's mind when it hits your windshield?
513,353,18,30,100,148,1.445945945945946,0.057753958693635477,653,Congrats! We heard you went viral.
4115,354,15,62,130,207,1.4444444444444444,0.0436135453973887,653,We didn't meet on the Net. We met in the net.
2384,355,20,39,119,178,1.4438202247191012,0.05161586352158608,653,Why must you always B-Negative?
2861,355,15,49,114,178,1.4438202247191012,0.04844375611711935,653,We just found out we're related by blood.
3171,357,18,39,112,169,1.4437869822485208,0.05231872605406224,653,Is there a reason you all are wearing long sleeves on this hot day?
1862,357,21,33,115,169,1.4437869822485208,0.05430079401191172,653,You look like you’re about to get smashed.
2672,359,16,46,114,176,1.4431818181818181,0.04948823098377217,653,We met that summer I spent in Minnesota.
5094,360,21,43,128,192,1.4427083333333333,0.04936601544900914,653,The Smiths here say they’re related to you by blood.
2719,361,16,45,113,174,1.4425287356321839,0.04989034795787903,653,He’s less a global warming denier and more of a global warming advocate.
5411,361,17,43,114,174,1.4425287356321839,0.05055183070288872,653,We discovered a taste for each other last summer.
3216,363,16,41,108,165,1.4424242424242424,0.051833717842342565,653,And this is my divorce lawyer...
6047,364,14,41,101,156,1.4423076923076923,0.05243483064998263,653,"""Well, look on the bright side. At least they didn't drain the swamp."""
2153,365,17,27,94,138,1.4420289855072463,0.05998881727132393,653,I brought him so people wouldn't bring up the elephant in the room.
1793,366,24,28,120,172,1.441860465116279,0.055445540528304166,653,"Frank and Rachel are lobbyists, so you all have a lot in common."
5038,366,23,30,119,172,1.441860465116279,0.054828902127176206,653,"Cheer up, there's never been a better time to be a blood sucking parasite."
866,366,16,44,112,172,1.441860465116279,0.050301215854500016,653,She's just here for the season.
207,369,18,46,122,186,1.4408602150537635,0.04877144007723125,653,I just assumed you'd want something red.
4183,370,18,38,112,168,1.4404761904761905,0.05252559287147482,653,I'd say he's more of a gadfly
755,371,19,39,117,175,1.44,0.05161433336648838,653,I'm sorry -- I just assumed you would want red.
5788,371,19,50,131,200,1.44,0.04682910232025169,653,"I’m really sorry about the patio, I distinctly told George not to spray."
4791,373,28,28,135,191,1.4397905759162304,0.05329009696334858,653,"Why yes, he is the host."
5073,373,23,38,130,191,1.4397905759162304,0.05063868510736677,653,"Oh calm down, Murray, he calls all attorneys blood suckers."
4020,375,18,37,111,166,1.4397590361445782,0.052985904137729446,653,Mojito!  I asked for a mojito!
2055,375,18,37,111,166,1.4397590361445782,0.052985904137729446,653,She just flew in from South America for that Zika conference.
4153,375,18,37,111,166,1.4397590361445782,0.052985904137729446,653,Drain the swamp? Who’s kidding whom?
150,378,15,50,117,182,1.4395604395604396,0.0476626163414685,653,So how are the larvae?
3668,379,15,39,103,157,1.4394904458598725,0.052952651588866466,653,This is my husband and the children are buzzing around here somewhere.
4949,380,13,50,110,173,1.439306358381503,0.04801921243458644,653,"We both like the outdoors, and we both HATE spiders."
1301,380,21,34,118,173,1.439306358381503,0.05332496079551726,653,"Speaking of trips, tell them all about your love for the West Nile."
2732,382,19,34,111,164,1.4390243902439024,0.05415209732514447,653,My last boyfriend was a lawyer too!
1109,382,15,42,107,164,1.4390243902439024,0.05131454811613344,653,"He was looking for a mate before he dies tomorrow, and I was looking for some quick rebound sex."
447,382,18,36,110,164,1.4390243902439024,0.05345683254388238,653,"Well, actually, Ted and I met at an entomology seminar at Yale."
4390,385,17,41,113,171,1.4385964912280702,0.05116639628340763,653,"Peter, Linda, I'd like you to meet our most annoying guest."
5472,385,22,31,118,171,1.4385964912280702,0.054424235012103986,653,He was appointed as acting Secretary of the Interior to drain the swamp.
1184,387,22,38,127,187,1.4385026737967914,0.050880008353880415,653,"These are the O'Negatives. I heard the were just your type."""
4430,388,22,34,122,178,1.4382022471910112,0.05279595350140652,653,Have you guys met my Lawyer?
5859,388,19,40,119,178,1.4382022471910112,0.05096050225337504,653,Would you rather have a Stinger?
3444,390,12,43,98,153,1.4379084967320261,0.05149140132099487,653,Bill and Erika also summer in Montauk!
4246,390,17,33,103,153,1.4379084967320261,0.05551000783667097,653,Skeeter..That's your last one..You're flying home tonight''
499,392,16,49,120,185,1.4378378378378378,0.0477259408184021,653,And this is Janet... We met on a cruise up the Amazon last year!
6052,393,19,32,109,160,1.4375,0.05514952516374156,653,"So Dan, I hear you were a bloodsucking pest before you even joined us here at the I.R.S."
3180,393,15,47,114,176,1.4375,0.04878807204661785,653,"Why, yes, we all work at the blood bank. Are you also in the industry?"
100,395,15,50,118,183,1.4371584699453552,0.047462267739284136,653,'Oliver was just telling me about his 30 000 lovely children.'
773,396,11,44,96,151,1.4370860927152318,0.05110363356348055,653,"He had me at ""you're my type""."
2731,396,13,40,98,151,1.4370860927152318,0.05280323668954015,653,Have you met Joyce? She's malarious.
5103,398,18,43,120,181,1.4364640883977902,0.049713524627564634,653,Frank was just explaining how he eradicated an entire African village with yellow fever.
3224,399,16,40,109,165,1.4363636363636363,0.051790490649565875,653,"I mean,once you start with genetic modifications,it's so hard to know where to stop. Am I right,Edward?"
3017,400,21,33,118,172,1.436046511627907,0.053535581316364746,653,Thank god for Stu. My last boyfriend was a leach.
2111,401,17,44,118,179,1.4357541899441342,0.04948138964470605,653,"Larry and I used to date, but I just wasn't his blood type."
1874,402,18,35,110,163,1.4355828220858895,0.053674218636754006,653,He's a rescue.
2994,402,14,43,106,163,1.4355828220858895,0.050773618130977714,653,Preston's organized our community blood drive.
2395,404,16,42,112,170,1.4352941176470588,0.050678733031674215,653,"Randy, dear. Have you met the Citronellas yet?"
3192,404,15,44,111,170,1.4352941176470588,0.04998720173625875,653,He's attracted to Type A people.
5332,406,20,44,129,193,1.4352331606217616,0.048576568775454264,653,"And Mos, you remember the Campbell's? The B - / AB + couple?"
4711,407,17,43,117,177,1.4350282485875707,0.049878777311884503,653,And what law firm do you work for?
107,408,12,46,103,161,1.434782608695652,0.04967488140730825,653,"Dear thing, if your lifespan ends in two hours we can certainly bring out the appetizers now."
307,408,23,34,127,184,1.434782608695652,0.05204803854361336,653,"That's so funny, the Johnsons just got back from the West Nile."
317,408,18,44,122,184,1.434782608695652,0.04911227606235109,653,"Jeffrey says that it was my skin that first attracted him, wasn't it darling?"
2772,408,21,28,112,161,1.434782608695652,0.056270343937151246,653,"Let me introduce you to our bartender. In addition to serving drinks, he'll be monitoring everyone's blood alcohol level."
1754,412,17,39,112,168,1.4345238095238095,0.051799580424032945,653,I finally said to myself: Don't I deserve someone like Bill here who would appreciate every square inch of me?
6070,412,15,43,110,168,1.4345238095238095,0.050404608254071705,653,He was so attracted to me
5711,414,19,38,118,175,1.4342857142857144,0.051574323659124045,653,Can I get you someone else to drink?
850,415,15,36,101,152,1.4342105263157894,0.054166787202072554,653,We met on my trip to the West Nile and have been together since.
3609,416,19,41,122,182,1.434065934065934,0.05010728312103272,653,Why are you three dressed as humans?
3026,417,14,41,104,159,1.4339622641509433,0.051664671374108316,653,I'd like you to meet your host.
3772,418,16,40,110,166,1.4337349397590362,0.05154462768517881,653,Where do we summer?  Why do you ask?
3802,418,18,36,112,166,1.4337349397590362,0.05294230202266681,653,"So, you detect notes of blood group O, Rh positive."
3399,420,15,45,113,173,1.4335260115606936,0.04935582795193707,653,If only he sucked fat.
4882,420,20,35,118,173,1.4335260115606936,0.05265039817940276,653,"No, no.  I asked for a moJito!"
4338,422,19,40,121,180,1.4333333333333333,0.0505095082960169,653,"I said mojito, not mosquito!"
5850,423,17,47,123,187,1.4331550802139037,0.047933081630616846,653,"Now that metamorphosis is complete, he is allowed to drink."
3774,424,9,50,98,157,1.4331210191082802,0.04805024636690404,653,"Ha-ha, I get it, not into small talk- 26 hour lifespan and all."
849,425,22,30,119,171,1.432748538011696,0.05438356057729338,653,Is there a particular vintage you prefer? Perhaps a nice Millennial?
4757,425,16,42,113,171,1.432748538011696,0.05044576259149741,653,And Fred is a phlebotomist. You two should talk.
3401,427,18,44,123,185,1.4324324324324325,0.04890258831104493,653,Meet the cause of my seven-year itch.
5842,428,19,35,115,169,1.4319526627218935,0.05290499295093567,653,I’d like you to meet my comfort mosquito
5419,429,16,34,103,153,1.4313725490196079,0.05467852218152982,653,"Oh, I'm a sucker for a Bloody Mary, too."
2960,429,17,32,104,153,1.4313725490196079,0.055459355387180186,653,Seriously. Bite me.
5414,431,12,51,111,174,1.4310344827586208,0.04706254551399207,653,He says I'm exactly his type. O positive.
3433,432,15,51,122,188,1.4308510638297873,0.04652599139688787,653,"Lovely name, Anopheles. Is is Greek?"
5644,433,22,18,104,144,1.4305555555555556,0.06205868104420653,653,I'd like you both to meet Ted. He's also a bloodsucking lawyer.
5063,434,14,37,100,151,1.4304635761589404,0.05357830091467724,653,I hope you like it. It’s a rare 2017 AB negative.
1934,435,15,44,113,172,1.430232558139535,0.0495329713988459,653,"And then I just slapped him. Needless to say, that was the end of our relationship."
4399,435,19,36,117,172,1.430232558139535,0.052206446724674664,653,I usually like a red with more body.
6000,435,19,36,117,172,1.430232558139535,0.052206446724674664,653,"I don't care if you are picking up subtle notes of Deet, just drink the damn wine."
2236,438,15,47,117,179,1.4301675977653632,0.0481524499103283,653,"Nobody ever ""invites"" me to a party.  They just assume I'll show up."
5641,439,24,32,130,186,1.4301075268817205,0.05215255990350694,653,Some of my best friends are parasitic blood-suckers.
5383,439,13,54,119,186,1.4301075268817205,0.04561294200161922,653,The Franklins have been itching to meet you.
3597,439,19,42,125,186,1.4301075268817205,0.049287689240315166,653,This is Bernie. He is from the Upper West Nile.
4022,442,18,28,103,149,1.429530201342282,0.057342307015553894,653,I hope you're not flying tonight.
47,443,19,32,112,163,1.4294478527607362,0.05432817681028296,653,And here's Bob from Goldman Sachs.
5318,444,16,41,113,170,1.4294117647058824,0.05063225082303337,653,"...and, as the new Director, you're uniquely qualified to bring some new blood into the CDC."
5738,444,17,39,114,170,1.4294117647058824,0.05131509005819673,653,"Honey, these are the wasps I’ve been telling you all about"
731,446,17,42,118,177,1.4293785310734464,0.04983512609817417,653,"He doesn't bark or shed, but he really scares the hell out of the mail man."
5407,446,16,44,117,177,1.4293785310734464,0.04918677116698294,653,O negative 2003? Excellent choice!
5114,448,18,36,114,168,1.4285714285714286,0.05243665545347105,653,"So then I said, 'bite me,' ... Oh, wait."
4344,448,16,37,108,161,1.4285714285714286,0.05265784148389184,653,Personally I can’t stand B+ - give me a nice glass of O- on a muggy summer night and I’m set.
2306,448,19,43,127,189,1.4285714285714286,0.0487042835418931,653,"George and I met at the malaria conference, what about you two?"
2068,448,15,45,115,175,1.4285714285714286,0.04891504073815333,653,We met under the porch light.
1616,448,15,51,123,189,1.4285714285714286,0.046335278935275066,653,Fred works undercover for the EPA.
1068,448,12,48,108,168,1.4285714285714286,0.04818596101114684,653,"No more dear, your’re buzzed!"
1025,448,17,41,117,175,1.4285714285714286,0.050239865648693566,653,"Sorry, I just assumed you’d want the red."
893,448,19,37,119,175,1.4285714285714286,0.05153064127664587,653,"Buzz, here, is an admitted social parasite."
159,448,20,32,116,168,1.4285714285714286,0.05377894415108444,653,How long have you been a lawyer?
3701,457,20,34,119,173,1.4277456647398843,0.052606104510727066,653,"I'm doing better than ever, It wouldn't be the same in D.C. if he actually drained the swamp"
45,458,17,34,108,159,1.4276729559748427,0.05387545862767017,653,"Don’t be ridiculous, Sidney. Of course the Petersons don’t smell like DEET."
1654,459,13,39,100,152,1.4276315789473684,0.05247613416632076,653,Bert has always been quite the Kafka fan.
5132,460,25,32,135,192,1.4270833333333333,0.05142471885039675,653,You have a lot in common—the Johnsons are both lawyers.
396,461,17,42,119,178,1.4269662921348314,0.04961304010460381,653,"No, I ordered a MOJITO!"
3853,461,20,36,122,178,1.4269662921348314,0.05149654031706851,653,"I asked for a Large Mojito, not a Large Mosquito!"
475,463,15,40,109,164,1.4268292682926829,0.05121666195585234,653,Well at least you’re not a lawyer!
696,464,16,32,102,150,1.4266666666666667,0.05543940131795852,653,So the Witch Doctor got angry.  What happened next?
4873,465,20,41,129,190,1.4263157894736842,0.04907056537028814,653,These parties always suck the life out of me
152,466,16,46,121,183,1.4262295081967213,0.048005339819583104,653,May I offer you a bite?
4480,466,19,40,124,183,1.4262295081967213,0.049846367694396536,653,"No, I am NOT your type!"
629,468,12,48,109,169,1.4260355029585798,0.0479670700223537,653,"Can I get you more stagnant water?"""
4483,469,16,37,109,162,1.4259259259259258,0.05239860932602944,653,"Yes, everyone thinks when I talk about 'my husband the bloodsucker' I'm speaking metaphorically, but as you can see..."
4763,469,20,29,113,162,1.4259259259259258,0.05524797918211998,653,"None of the repellents were working, he kept on hanging around and the rest is history."""
5138,469,14,41,107,162,1.4259259259259258,0.050914160968229726,653,I thought I ordered a grasshopper.
5481,472,14,38,103,155,1.4258064516129032,0.05254191145060738,653,"Well, I was tired of always having an elephant in the room..."
1435,473,21,44,137,202,1.4257425742574257,0.04744237807928037,653,Would you prefer a Scotch with standing water?
2449,474,18,41,122,181,1.425414364640884,0.04962817359694807,653,"So I said, ""Mosquito, Moscato. Tomato, tomatoe""."
4419,475,13,48,113,174,1.4252873563218391,0.04771321530383089,653,"Moss, you remember Bill? You bit him at our Fourth of July barbecue last summer."
793,475,19,36,119,174,1.4252873563218391,0.05172229232121672,653,It's called a grasshopper. I bet you'd like it.
253,477,15,61,138,214,1.425233644859813,0.042492579193445956,653,I think Harold here has some thoughts on the benefits of climate change.
5376,478,18,35,114,167,1.4251497005988023,0.05263916122916132,653,"Anna, this is Bill and Mel. They’ll be your hosts for this evening."
4924,478,19,33,115,167,1.4251497005988023,0.05332003527570439,653,Dr. Zika has come to speak about West Nile virus
2926,480,17,34,109,160,1.425,0.05360436244333082,653,I believe you both have some Irish blood in you.
4731,481,15,49,122,186,1.424731182795699,0.046824856400830915,653,You sure you're okay to fly?  You seem buzzed.
2659,482,9,44,93,146,1.4246575342465753,0.050351261607114416,653,"Having your own reusable straw is so ""in""."
4594,482,14,34,98,146,1.4246575342465753,0.054841736860495933,653,"And then I said, ""Swatter? I barely knew her!"""
1948,484,19,38,122,179,1.4245810055865922,0.05064763036011969,653,It's a 1993 O positive
3065,485,18,37,117,172,1.4244186046511629,0.05150312420311405,653,And Bob here is literally a blood sucking lawyer.
4392,486,15,40,110,165,1.4242424242424243,0.05097099674668638,653,We met last summer in Alaska.
3489,487,14,50,120,184,1.423913043478261,0.04654069774878669,653,They remember you from their Peace Corps days
1885,488,12,40,99,151,1.423841059602649,0.05184208156498258,653,"Gary's head of Infectious Diseases at the CDC, aren't you Gar?"
4762,489,15,42,113,170,1.423529411764706,0.04988880163742161,653,"Thanks, but I'll just stick with the O Positive."
3910,490,12,45,106,163,1.4233128834355828,0.04915070990009641,653,He just kind of got under my skin.
3233,490,12,45,106,163,1.4233128834355828,0.04915070990009641,653,You look like you're ready for a bite.
165,490,18,33,112,163,1.4233128834355828,0.053574569115551626,653,"And this is my husband, Herb.  He's a lobbyist."
1221,490,17,35,111,163,1.4233128834355828,0.052862974697590444,653,John’s taken his love of Kafka too far this time.
1667,490,9,51,103,163,1.4233128834355828,0.0467821675167648,653,"We met a blood bank. I was giving, he was taking."
683,495,18,41,123,182,1.4230769230769231,0.04941005769395338,653,"You know Jeff Goldblum, don't you?"
1295,495,15,47,120,182,1.4230769230769231,0.04753120551421494,653,We were just talking about how big the mosquitoes were in the Hamptons this year.
3865,495,17,43,122,182,1.4230769230769231,0.04879181318033501,653,How long have you worked at the IRS?
4531,498,15,44,116,175,1.4228571428571428,0.04886514112696971,653,I Don’t know about you guys but I already feel a buzz!
5772,499,10,51,107,168,1.4226190476190477,0.04662628895691385,653,They’re just wondering who left the screen open.
5003,500,21,37,129,187,1.4224598930481283,0.05019245018277557,653,Pay no attention to Herb.  One glass of wine and he bugs everybody.
428,501,15,38,108,161,1.4223602484472049,0.051859634634362314,653,I'm partial to full-bodied reds.
2287,501,13,42,106,161,1.4223602484472049,0.05034026421567492,653,What a coincidence. Anopheles was my maiden name.
2657,503,16,30,101,147,1.4217687074829932,0.05622648304146964,653,Whereas Jeremy prefers a full-bodied red...
5276,504,19,40,126,185,1.4216216216216215,0.04941297990056012,653,"Oh, it’s AB-negative. 
Hard to find. 
I’m glad you like it."
5895,505,16,35,108,159,1.421383647798742,0.053074901145992594,653,"I’m all out of  B positive but this is a very rare AB negative , enjoy!"
1174,506,19,34,118,171,1.4210526315789473,0.05235565789087133,653,"It’s actually my favorite, an O-negative from 2012"
6008,506,14,36,102,152,1.4210526315789473,0.05323805337090234,653,"Personally, I think Kafka ment it as metaphor, but I can see where you're coming from."
3160,508,15,47,121,183,1.4207650273224044,0.047327259374051335,653,We met on safari.
5015,509,21,40,134,195,1.4205128205128206,0.048644852435410134,653,So you keep your blood alcohol level in check by drinking blood and alcohol at the same time!  Genius!
5296,509,16,50,129,195,1.4205128205128206,0.04584736849522325,653,"Frankly, I don’t think anyone should be defined by the number of their legs."
4340,511,13,48,115,176,1.4204545454545454,0.04729239101519275,653,"Unfortunately, his friendship is only skin deep."
3670,512,12,47,110,169,1.4201183431952662,0.04791055376488029,653,"And that's when he said, 'malaria? I  hardly know her!'"
2794,513,17,50,133,200,1.42,0.0455893842884393,653,Don’t be alarmed.  Only females need blood.  Males prefer a nice Cab.
3640,513,14,35,101,150,1.42,0.05373728453728116,653,"Well, he was a little prick when he was younger, but we've all evolved…"
3764,515,16,44,121,181,1.419889502762431,0.04832631491243476,653,He likes his a little more full bodied.
3911,516,14,45,115,174,1.4195402298850575,0.048351181945308214,653,No.  He's from the EAST Nile.
391,517,16,33,106,155,1.4193548387096775,0.054053122671529355,653,And of course you know Bob and Betty from last summer in the Hamptons.
5118,518,11,45,104,160,1.41875,0.04894474085366787,653,Don’t mind Martin.  He gets a little annoying when he’s buzzed.
757,519,17,38,117,172,1.4186046511627908,0.05078617114995033,653,And there's a whole magnum of A negative where that came from.
710,520,18,46,132,196,1.4183673469387754,0.046795221065553866,653,And our little bloodsucker here passed the bar on his first attempt!
4067,521,14,36,103,153,1.4183006535947713,0.052960496247617304,653,Is that the moscato?
3204,522,12,45,108,165,1.4181818181818182,0.04868767627029128,653,"I think it would be better if you were just a fly on the wall in these conversations, Trevor."
5513,522,11,47,107,165,1.4181818181818182,0.04792264590559763,653,And Marty here is an expert in infectious disease...
2376,524,16,42,119,177,1.4180790960451977,0.0490871167801791,653,And how long have you worked for the IRS?
1239,525,14,33,99,146,1.417808219178082,0.054773850612478754,653,"Oh, I'm sorry, would you like a straw?"
6027,526,18,40,124,182,1.4175824175824177,0.0493610858377974,653,"So, I said: That's malarious!"
3985,527,16,36,111,163,1.4171779141104295,0.05208371232418014,653,"This is Bob. We met on that ""Drain the Swamp"" dating site."
2924,527,14,40,109,163,1.4171779141104295,0.05060861947722041,653,"Tell me, is arthropod politically incorrect these days?"
3412,527,16,36,111,163,1.4171779141104295,0.05208371232418014,653,"I prefer the March 2019 AB Negative. It's a full bodied red, difficult to find but travels well."
2177,530,11,43,102,156,1.4166666666666667,0.04977894337719169,653,I would like for you to meet the Smiths.  They are the homo sapiens I told you about.
3059,530,9,47,100,156,1.4166666666666667,0.048088639322318855,653,"Sorry we ran out of Type O.
Is Type A  okay?"
658,532,23,41,145,209,1.4162679425837321,0.047184408907454595,653,"Before you, our landlord was the biggest bloodsucker we knew."
616,533,22,38,137,197,1.416243654822335,0.04877766763014264,653,Can you stay for a quick bite?
830,534,15,47,123,185,1.4162162162162162,0.04692399264264883,653,So tell us how you know our host...
498,535,20,27,114,161,1.4161490683229814,0.055419774574708446,653,We met at a Republican fund-raiser.
2795,535,12,43,106,161,1.4161490683229814,0.0494998323379902,653,Francine here is a phlebotomist.
3739,535,14,39,108,161,1.4161490683229814,0.05104422498769798,653,"Darling, you've met our new neighbors, the Youngbloods?"
1717,538,13,36,100,149,1.4161073825503356,0.053109949253230496,653,What? No. I ordered a grasshopper.
461,539,12,50,116,178,1.4157303370786516,0.04619597682150584,653,"So, you and Karen met at summer camp?"
5315,540,17,35,114,166,1.4156626506024097,0.05209004375321887,653,Gregor's had something of a metamorphosis since you last saw him.
135,541,14,36,104,154,1.4155844155844155,0.05268553837405883,653,"I guess I really do have a type; my first husband was a phlebotomist."""
1151,542,21,39,135,195,1.4153846153846155,0.04860024458335459,653,Zzzzzzzzzzzzzzzzzinfandel?
2140,543,17,42,124,183,1.4153005464480874,0.04852881506620143,653,You see? I did not even know I had standing water on the patio.
1145,544,19,33,119,171,1.4152046783625731,0.05230183753664467,653,...and which law firm are you with?
1734,544,16,39,116,171,1.4152046783625731,0.050289997622751624,653,"When he drinks he tends to make a pest of himself!"""
4411,544,19,33,119,171,1.4152046783625731,0.05230183753664467,653,A lawyer huh?  What kind?
3494,547,20,38,130,188,1.4148936170212767,0.04935535562090206,653,We met at my ant's picnic.
571,548,17,39,120,176,1.4147727272727273,0.04990952558181307,653,"If you need a refill, they're both Type O."
3531,548,18,37,121,176,1.4147727272727273,0.050555868192888535,653,That's the second time you took my olive.
5518,550,19,30,115,164,1.4146341463414633,0.05394953266013861,653,"I hate to bug you, but my friends are itching to meet you."
440,551,18,39,124,181,1.4143646408839778,0.049528982138035964,653,"Stan and Irene, meet our infestment counselor."
110,552,15,40,114,169,1.4142011834319526,0.050009127498728795,653,Skeeter is doing very advanced work in hematology at New York Presbyterian.
341,552,17,36,116,169,1.4142011834319526,0.0513984201065897,653,I understand you summer in the Hamptons.
4331,552,18,34,117,169,1.4142011834319526,0.05207917018912811,653,Mr Kafka is a writer
4415,552,17,36,116,169,1.4142011834319526,0.0513984201065897,653,"Stop, you’re sucking the life out of this party."
4478,552,18,34,117,169,1.4142011834319526,0.05207917018912811,653,I just assumed you'd prefer red ...
651,557,15,35,107,157,1.414012738853503,0.05272625200445967,653,What kind of law do you practice?
1102,557,16,33,108,157,1.414012738853503,0.05349501815838457,653,"Darling, the Abrams are both type O!"
3490,557,11,43,103,157,1.414012738853503,0.04953201369947883,653,"No, dear, that’s just a clever name. It’s basically just vodka and tomato juice with a dash of Worcestershire sauce and Tabasco."
5195,560,16,40,118,174,1.4137931034482758,0.0496505951721385,653,"I hope you like it. It's Saratoga Springs, 2014, Type AB negative."
2847,561,17,33,112,162,1.4135802469135803,0.053009325880924524,653,It was positively Kafkaesque.  George woke up one morning to find himself transformed into a heavy drinker .
4772,562,15,44,120,179,1.4134078212290502,0.04799927199464477,653,"We were out of A positive, so I hope O negative is okay."
1391,563,14,34,102,150,1.4133333333333333,0.05366785469803721,653,You could say that he's a relative by blood.
1710,564,17,47,132,196,1.413265306122449,0.04618505034144038,653,We also worked for BuzzFeed.
5492,565,17,42,125,184,1.4130434782608696,0.048317097632424345,653,We met on vacation.
2067,566,12,42,106,160,1.4125,0.049674649014532356,653,"I’m so glad you could join us, we haven’t seen you since our backyard party last fall."
3220,567,18,37,122,177,1.4124293785310735,0.05032401924957837,653,Did you say you’re from the west Nile region?
2047,568,11,58,125,194,1.4123711340206186,0.04293163885808006,653,We found him in the rainforest but he is surprisingly urbane.
435,569,17,27,104,148,1.412162162162162,0.056665520835176245,653,"You say mosquito, I say Moscato"
2878,570,16,36,113,165,1.412121212121212,0.05157381121789153,653,We finally got to open that 1987 AB Positive.
5395,571,16,38,116,170,1.411764705882353,0.05046821174153371,653,Happily he is from the East Nile
541,572,14,44,117,175,1.4114285714285715,0.04807531818537847,653,Sorry. I guess I just figured you wouldn't need a stirrer.
5611,573,24,33,140,197,1.4111675126903553,0.04978338852598956,653,"My soul-sucking parents, meet my bloodsucking boyfriend."
5901,574,11,52,117,180,1.4111111111111112,0.0451144409273986,653,"‘“And this is our newest addition to the Entomology Department, Professor Manny. Assuming the weather holds, we hope to keep him all semester.”"
5179,574,12,50,118,180,1.4111111111111112,0.04579722728094492,653,"He sucks as a date, but the great thing is _he only has a 10-day lifespan."
5007,574,21,32,127,180,1.4111111111111112,0.051536833861808205,653,That's a 1978 AB positive with notes of sweat and tears.
3032,574,17,40,123,180,1.4111111111111112,0.04906885222599432,653,Jack's a different person when he drinks.
3247,578,20,36,129,185,1.4108108108108108,0.04990542712209848,653,"So, what keeps you up at night?"
4305,578,19,38,128,185,1.4108108108108108,0.04931325632787383,653,The house red is A-positive. Do you like it?
5875,578,13,50,122,185,1.4108108108108108,0.045599022030912324,653,So… I had no idea that there was this whole other side to malaria.
3092,581,17,35,116,168,1.4107142857142858,0.05158615917081499,653,"Can I get you a Bloody Mary, or do you want another stinger?"
155,582,16,39,118,173,1.4104046242774566,0.04982199517275853,653,The Hendersons are also lawyers.
3239,582,14,43,116,173,1.4104046242774566,0.04845414876708697,653,...and where do you summer?
1782,584,14,36,106,156,1.4102564102564104,0.05214330548607018,653,"Jeff engaged in smalltalk, all the while inching his hand towards his fly swatter."
1638,585,14,45,119,178,1.4101123595505618,0.047492109536784656,653,"This is Stanley, he's Type O. And this is Janine, she's AB. I'm sure you'll have plenty to talk about."
1799,585,17,39,122,178,1.4101123595505618,0.04945644937174917,653,"He's quite the connoisseur of reds, he prefers sweet, full-bodied North American types"
1960,587,12,42,107,161,1.4099378881987579,0.04943159029148688,653,"Sorry, I forgot... You said you were from East or West Nile?"
737,587,14,38,109,161,1.4099378881987579,0.050978050392801504,653,Cognac and crème de menthe. It's called a stinger. No offense.
1750,589,12,44,110,166,1.4096385542168675,0.0483931576912195,653,We met at Martha’s Vineyard last summer
3555,590,14,49,125,188,1.4095744680851063,0.04571238808626237,653,Be careful what you say.  I think this room might be bugged.
2039,591,13,44,114,171,1.409356725146199,0.048131595367743335,653,We met at the company blood drive.
4108,591,18,34,119,171,1.409356725146199,0.051581466833216245,653,"Go on, try imaging what he looked like before he went paleo."
2516,593,20,39,134,193,1.4093264248704662,0.048360203851733355,653,We actually met at the flea-market
3611,594,12,39,103,154,1.4090909090909092,0.05097607365412819,653,You're going to love Henry and Siobhan - they're blood donors!
4109,594,15,33,106,154,1.4090909090909092,0.053415422853909385,653,"Blood sucking parasite?  No ma'am, I'm a lawyer."
3272,596,17,40,124,181,1.408839779005525,0.0488498332748003,653,"Great, Tina’s back to suck the life out of the room again."
439,597,16,35,113,164,1.4085365853658536,0.05176376228509495,653,"James handled my divorce, he's very good at what he does."
4680,598,16,37,116,169,1.4082840236686391,0.05064684520516393,653,Tell them the results of your DNA test.
2556,598,18,33,118,169,1.4082840236686391,0.05201910884958727,653,"and  Ancestry.com traced Howard's lineage to ancient Egypt, just west of the Nile."
2190,600,16,48,132,196,1.4081632653061225,0.04556378005317861,653,"What do you mean, we're the endangered species?"
5954,601,15,41,118,174,1.4080459770114941,0.04891648248521616,653,"This wine has legs, and a nice buzz!"
2318,602,17,28,107,152,1.4078947368421053,0.05550495658464312,653,I think the acid is kicking in.
1505,603,15,34,108,157,1.4076433121019107,0.05265715457441181,653,Not to worry. I only drink full-bodied reds.
4815,604,19,37,128,184,1.4076086956521738,0.049477355090269785,653,I'd like to introduce the Franklins.  They are O positive.
1081,605,18,41,130,189,1.4074074074074074,0.047930734724603165,653,You must be Bill's ex-wife. We've heard a lot about you.
1971,605,17,32,113,162,1.4074074074074074,0.052944548221493054,653,I was just telling Gwen and Drew you'd appreciate their exquisite taste.
2584,605,11,55,123,189,1.4074074074074074,0.043627334309253585,653,"I'd like you to meet my friends, O and AB-negative."
5636,605,18,41,130,189,1.4074074074074074,0.047930734724603165,653,He's staying with us while the Johnson's house is bug bombed.
4495,609,16,36,115,167,1.407185628742515,0.051072960978420616,653,Nobody at the party was pleased with Karen's new boyfriend; he sucked even more than the last one.
4697,610,18,34,120,172,1.4069767441860466,0.051335896464784585,653,"So, how did you become involved in investment banking?"
3254,610,14,42,116,172,1.4069767441860466,0.04861457026268642,653,"Fred has a funny story about his Amazon rafting trip, don't you, Fred?"
91,610,14,42,116,172,1.4069767441860466,0.04861457026268642,653,"How funny! Roger here is a kind of phlebotomist, too."
2460,610,14,42,116,172,1.4069767441860466,0.04861457026268642,653,Why are you so interested in our blood alcohol levels?
3491,614,19,34,124,177,1.4067796610169492,0.050900930622889244,653,You're a phlebotomist?  Me too!
6051,615,21,32,129,182,1.4065934065934067,0.051068388719387924,653,"Be careful what you say, the room may be bugged."
803,616,10,45,105,160,1.40625,0.04799180600265244,653,"No, silly, there aren't any blue-bloods here."
5043,616,16,33,111,160,1.40625,0.05267742929000782,653,Frank recently began work with the Red Cross.
5465,616,19,27,114,160,1.40625,0.054870398332867484,653,"We're celebrating Juniors winning first place in his
 high school science contest."
621,619,17,37,121,175,1.4057142857142857,0.05002274875409975,653,I told you that you would meet some fellow blood suckers.  John and Emma are both attorneys.
2432,620,11,36,96,143,1.4055944055944056,0.05273730656909335,653,We met him last Summer in Maine.
4689,621,17,39,124,180,1.4055555555555554,0.04901083769113703,653,Would I be presumptuous in assuming you prefer a wine with a well defined nose and plenty of legs?
17,621,16,41,123,180,1.4055555555555554,0.04837343242686206,653,"Why, yes!  I AM a Type A person!  How did you know?"
3218,623,17,41,127,185,1.4054054054054055,0.048050904080151655,653,Gregory here is rewriting Kafka’s Metamorphosis.
1831,624,13,36,104,153,1.4052287581699345,0.05199652393776859,653,"We met online! I was looking for a straight male, never married, financially solvent, conservative values, good dancer, and no tattoos, and I got matched with Milo here"
1357,625,17,30,111,158,1.4050632911392404,0.053903481489987796,653,So he was just telling me how it's only the females that drink blood. The males mostly drink Zinfandel...
3708,625,13,38,107,158,1.4050632911392404,0.05082403660088076,653,"Spraying just wasn't working, so I thought I would try a cheap merlot."
2261,627,20,28,120,168,1.4047619047619047,0.053557565611177235,653,"Oh, he’s having the house speciality, a Stinger with a twist of Lyme."
4484,627,17,34,117,168,1.4047619047619047,0.051522372188268065,653,"Let me assure you, we've  never used Roundup."
4901,627,12,44,112,168,1.4047619047619047,0.047938761339419884,653,I’d like you to meet my divorce lawyer.
4899,630,18,34,121,173,1.4046242774566473,0.05109248096381301,653,How did you become a phlebotomist?
4055,631,19,34,125,178,1.404494382022472,0.050665727559807805,653,How do you like the red?  Enough body?
4735,631,14,44,120,178,1.404494382022472,0.04743011795073471,653,The O-negative is quite nice. Is it local?
1361,633,14,27,95,136,1.4044117647058822,0.05752585519924017,653,I was just telling them about your trip to Chernobyl last year.
1741,634,20,34,129,183,1.4043715846994536,0.0502430598323539,653,"Why, yes, he is a lawyer. How did you know?"
3594,635,17,42,129,188,1.4042553191489362,0.047486785097777894,653,Of course its pesticide free!
5619,636,22,34,137,193,1.4041450777202074,0.04941275500008691,653,Who ordered the stinger
5312,637,10,39,97,146,1.404109589041096,0.05104368179726711,653,"I know, I know, but climate change brings us together"
939,638,13,35,103,151,1.403973509933775,0.0524699497280197,653,Bernard was just telling me about the Kafka-esque week he's been having.
1209,638,16,29,106,151,1.403973509933775,0.054936292982986856,653,Don't worry. One drink and she'll be gone.
74,640,16,35,115,166,1.4036144578313252,0.051255800061935336,653,"Well if you don't want wine, how about the Andersons?"
75,640,10,47,109,166,1.4036144578313252,0.0467871877678322,653,Now don't get him started on climate change.
2446,640,15,37,114,166,1.4036144578313252,0.050538477320367564,653,Don’t be silly. He didn’t try to swat you.
5556,643,13,43,115,171,1.4035087719298245,0.04806467618992756,653,And this is our delegate from West Nile.
1156,643,18,33,120,171,1.4035087719298245,0.05151902896274935,653,He's in PR. It's his job to generate some buzz.
787,643,14,41,116,171,1.4035087719298245,0.04877512221252749,653,"Lyme, triple-sec, and tequila."
894,643,9,51,111,171,1.4035087719298245,0.04511114384301264,653,It's fine. We're all here to get a buzz on.
1194,647,14,43,119,176,1.4034090909090908,0.04779486555639339,653,"20 thousand children! My, how do you feed them all?"
1289,647,12,47,117,176,1.4034090909090908,0.04641636611889808,653,His sting operation stories become more fascinating after he’s had a few.
3828,649,17,39,125,181,1.4033149171270718,0.048790783431644724,653,And Judy is living proof that you don’t need social media to go viral.
4999,650,21,39,141,201,1.4029850746268657,0.047410090072443546,653,I’m sorry – did you say your name was Melania or Maleria?
3651,651,20,22,112,154,1.4025974025974026,0.05718065590908106,653,This is Jim. He makes the best Bloody Mary.
3121,652,18,28,113,159,1.4025157232704402,0.05436118718083454,653,I enjoy the lush tannins of a classic B-negative.
4148,653,13,40,111,164,1.4024390243902438,0.04947692288515522,653,"'Of course, Sting needs no introduction.'"
872,653,12,42,110,164,1.4024390243902438,0.04871497920656808,653,"No, I said 'millennial' not 'malarial', but you're welcome to join our convo."
3727,653,21,24,119,164,1.4024390243902438,0.05519510386693268,653,"'Actually, I ordered a mojito'"
4887,656,14,42,118,174,1.4022988505747127,0.04816721990120218,653,What’s the name of that place you love? Standing water?
4628,657,9,54,116,179,1.4022346368715084,0.04376909490136215,653,I hear you guys are going to be neighbors this summer.
766,658,14,46,124,184,1.4021739130434783,0.04631821330646319,653,"It's really amazing that Harold and I met, there I was at the bar having a drink after work and he just flew in out of nowhere."
5385,659,18,42,134,194,1.402061855670103,0.04698004924342331,653,I want you to meet the giant bloodsucker from work I was telling you about...
3096,660,17,46,136,199,1.4020100502512562,0.04557446127747905,653,Now this is fascinating. Tell Bill and Jane about your recent 23andMe results.
1077,661,15,37,115,167,1.401197604790419,0.05029304517679323,653,"No, I've never had malaria, why do you ask?"
5238,662,17,35,120,172,1.4011627906976745,0.050604857535718896,653,So... how do you know the host?
1192,662,15,39,118,172,1.4011627906976745,0.049242793322492394,653,You simply must visit the West Nile!
4510,664,18,46,141,205,1.4,0.0451364899606564,653,Mark started with south beach then Atkins and is now entirely keto.
4235,664,13,48,124,185,1.4,0.045476973422088805,653,"Sucks being you, huh?"
5476,664,16,36,118,170,1.4,0.05033822257076337,653,. . . And Bill is a phlebotomist who just got back from a month on the Nile.
4715,664,17,30,113,160,1.4,0.0533470894209378,653,He's leading the anti-vax movement.
3196,664,15,40,120,175,1.4,0.04862645390838646,653,Stop pestering them about their blood types
3715,664,13,46,121,180,1.4,0.04634365465201548,653,"O negative, the universal donor. Why?"
2266,664,16,36,118,170,1.4,0.05033822257076337,653,Tell them about the time you bit Jose Canseco.
2386,664,18,36,126,180,1.4,0.049579235156053156,653,"Yes, for some reason I've always been the one mosquitoes find irresistible."
1258,664,19,32,124,175,1.4,0.051256782962565965,653,Ill bet you're going to miss plastic straws
762,664,20,28,122,170,1.4,0.053031983073243846,653,"And this is . . . I'm sorry, what law firm did you say you're with?"
577,664,12,48,120,180,1.4,0.0456690385280278,653,Sorry I don't date mosquitos -- once bitten twice shy.
29,664,14,42,119,175,1.4,0.04794633014853841,653,I was just telling them how important it is to get vaccinated.
3850,676,16,45,132,193,1.3989637305699483,0.04596164507567401,653,What are the chances? Another lefty!
678,677,11,53,124,188,1.398936170212766,0.043681355859869854,653,So I just flew in from the West er... East Nile.
1303,678,20,31,127,178,1.398876404494382,0.05122748200666873,653,"Honey, tell them the story of how your ancestors invented the first Bloody Mary."
2365,678,18,35,125,178,1.398876404494382,0.04997294236490327,653,That’s a wonderful red.  Whose is it?”
2859,678,15,41,122,178,1.398876404494382,0.048029730921581346,653,"Remarkable nose you have. For wine, I mean."
1684,681,16,37,120,173,1.3988439306358382,0.04969316011474871,653,"It's a New Jersey, 1998, type AB"
719,681,19,31,123,173,1.3988439306358382,0.05168220358660337,653,"What's the difference between me and a lawyer? I'm not a bloodsucking parasite...oh, um.

Way to read the room Linda"
2545,683,14,39,115,168,1.3988095238095237,0.04933249977552187,653,Jim tells me you really fit in at the IRS.
5799,684,11,39,103,153,1.3986928104575163,0.05023154957296615,653,It’s a funny story actually...we met at the lab.
81,685,12,35,101,148,1.3986486486486487,0.052287149716271755,653,"This is Lionel, he’s just popped in as his apartment is being fumigated"
2839,686,19,36,131,186,1.3978494623655915,0.04898242061546541,653,What a coincidence Gregory.  We were just discussing Kafka.
1488,687,15,42,124,181,1.3977900552486189,0.04745167035741095,653,I'm thrilled you came...we thought you were extinct.
2083,688,13,44,119,176,1.3977272727272727,0.04704208219295152,653,Skeeter has the best nose in the wine rating business.
4559,688,16,38,122,176,1.3977272727272727,0.04906895853646786,653,"Quito was initially worried about ""draining the swamp"" rhetoric but has done very well for herself lately."
1313,690,17,34,120,171,1.3976608187134503,0.05077963355811091,653,"Not to get too political at the party, but good screens make good neighbors - don't you think?"
1946,690,17,34,120,171,1.3976608187134503,0.05077963355811091,653,I think you have a point.
2736,690,14,40,117,171,1.3976608187134503,0.04870495699087326,653,"Welcome to the bloodsuckers convention!  Are you in law, consulting, lobbying, or insurance?"
5793,693,14,38,114,166,1.3975903614457832,0.049737917048073725,653,I hope you'll like it. It's an interesting little blend of O Positive and AB Negative.
1358,694,17,28,111,156,1.3974358974358974,0.054324551736578984,653,But you ARE a blood-sucking parasite! Maybe you should learn to take a complement!
3688,694,16,30,110,156,1.3974358974358974,0.05355785596382154,653,Is that a Stinger?
194,696,17,41,131,189,1.3968253968253967,0.04722339288874984,653,This is Allen. He's employing his blood sucking skills as a divorce lawyer.
2137,696,15,45,129,189,1.3968253968253967,0.046016021723586036,653,What a small world!  I did my Peace Corps tour on the West Nile.
1916,698,16,39,124,179,1.3966480446927374,0.048464589358173486,653,"George, Karen, this is my husband Skeeter"
379,699,14,41,119,174,1.396551724137931,0.04809780464694601,653,You guys should have loads to talk about.  Ed and Laurie work in pesticides.
3538,699,17,35,122,174,1.396551724137931,0.05012704974384207,653,"Would anyone care for a bite?"""
4556,699,17,35,122,174,1.396551724137931,0.05012704974384207,653,"That's remarkable, you were born and raised in a discarded truck tire."
4597,699,20,29,125,174,1.396551724137931,0.052077283149060814,653,"You'd love John and Karen - they're also blood-sucking parasites. They're bankers."""
1791,703,14,37,113,164,1.396341463414634,0.05015232105719178,653,Anna joins us from Chernobyl.
776,704,10,43,106,159,1.3962264150943395,0.048064909079248846,653,Who says genetic engineering can't be fun?
4892,705,13,35,106,154,1.396103896103896,0.051642104751636005,653,"Why yes, Craig is an attorney. How did you know?"
2277,706,12,50,125,187,1.3957219251336899,0.04444812907098777,653,"How has climate change affected you, Bob?"
3107,707,21,28,128,177,1.3954802259887005,0.05202511153027708,653,Let me introduce you to the '68 Timothy and the '72 Carol.
1163,708,17,34,121,172,1.3953488372093024,0.0505364527535089,653,So you literally flew through immigration?
2725,708,17,34,121,172,1.3953488372093024,0.0505364527535089,653,"And this is Delia, my bloodsucking sister-in-law."
4541,708,13,42,117,172,1.3953488372093024,0.04776960574350838,653,Want to join us for a bite?
249,711,12,42,113,167,1.3952095808383234,0.04801678565075173,653,How interesting. I grew up near a swamp myself.
3962,711,12,42,113,167,1.3952095808383234,0.04801678565075173,653,Honey - I've told you... no one wants to hear about your work.
5989,711,14,38,115,167,1.3952095808383234,0.04949647904665218,653,Fred here is one of the founders of BuzzFeed.
5452,714,13,38,111,162,1.3950617283950617,0.049812180549912,653,"We have guests, Gregor.  How ill-mannered of you to metamorphose."
5572,715,14,43,123,180,1.3944444444444444,0.04694068408756371,653,We met thru 23andMe
266,716,15,37,118,170,1.3941176470588235,0.049569717538729574,653,"Having said that, beak size does matter."
3209,716,18,31,121,170,1.3941176470588235,0.05163330155715658,653,"Wow, you like a full-bodied red, don't you?"
238,716,14,39,117,170,1.3941176470588235,0.048862493311282805,653,I prefer something a little more sanguine and full bodied.
2724,719,12,41,112,165,1.393939393939394,0.04840162850620269,653,"And I'm sure you've heard the buzz around Moe, here."
2729,720,16,31,113,160,1.39375,0.052527976223756455,653,I met him walking over here.  He's an emotional support animal that's currently looking for work...
2175,721,17,40,131,188,1.3936170212765957,0.04736555561994057,653,"Believe me . . . around the campfire, he doesn't even use a glass."
5763,721,11,52,125,188,1.3936170212765957,0.04361376042690919,653,"Dear, let's not bore them with how we met."
218,723,14,33,108,155,1.3935483870967742,0.05218058151282948,653,My friend here is really big in the anti-vaxxer movement.
3773,723,14,33,108,155,1.3935483870967742,0.05218058151282948,653,Stan here is also a lawyer.
2026,725,12,48,123,183,1.3934426229508197,0.045075825395160266,653,"What a small world. Bob had malaria and, Jerry, didn't you say you're a vector?"
5616,725,18,36,129,183,1.3934426229508197,0.04890935981300134,653,Mark tells us you work mostly in experiments gone horribly wrong?
1981,727,18,34,126,178,1.3932584269662922,0.049906886609559865,653,So when did you get involved in the anti-vaccine movement?
3557,728,20,41,145,206,1.3932038834951457,0.04594638162355912,653,He just wants to get a little buzz.
4629,729,14,40,119,173,1.393063583815029,0.04824925073982493,653,My wife says I always find a way to suck the life out of the party.
4444,729,10,48,115,173,1.393063583815029,0.045377713213115324,653,I'd like to introduce you to Melvin. Please resist the urge to swat him.
2726,729,17,34,122,173,1.393063583815029,0.05029542923896329,653,"Darling, meet the Fergusons. They're your type of people-O positive."
2587,729,12,44,117,173,1.393063583815029,0.04683549430403312,653,"And this is my no-good parasite of a husband, Roger."
588,733,13,40,115,168,1.3928571428571428,0.048528176451743545,653,"You want to hold it by the stem, dear"
1375,733,9,48,111,168,1.3928571428571428,0.04549549331541212,653,"I was swatted when I was a kid, too."
2993,733,16,34,118,168,1.3928571428571428,0.050683744021339745,653,Kafka has had a tremendous influence on George.
4126,733,23,31,142,196,1.3928571428571428,0.04926195212067754,653,"Let me introduce you to the guest of honor, my divorce lawyer."
5598,733,18,41,137,196,1.3928571428571428,0.04653060076932116,653,"Well, we can all agree that we’re looking forward to warmer weather."
3905,738,14,36,113,163,1.392638036809816,0.05032318698102726,653,"No, no, bloodsucker is just a figure of speech."
4994,738,17,30,116,163,1.392638036809816,0.052532316092517975,653,It's red. What's the bloody difference?
2247,740,14,34,110,158,1.3924050632911393,0.0514526880239695,653,He's definitely a type A personality. But he won't turn away an AB or an O.
1695,741,17,37,127,181,1.3922651933701657,0.048662015491656295,653,"No need for introductions, I met them on their camping trip last weekend."
5418,742,17,26,110,153,1.392156862745098,0.055047352819451986,653,"Perfect timing, Tom. We were just talking about blood-sucking Wall-Street types."
5091,742,13,34,106,153,1.392156862745098,0.051828696726883006,653,"I hear you are a real connoisseur, these two here are just your type!"
1017,744,20,29,127,176,1.3920454545454546,0.05158175443692301,653,I'm quite sure I ordered a mojito.
2800,744,20,29,127,176,1.3920454545454546,0.05158175443692301,653,"Château Mouton Rothschild AB Positive, 2012"
5255,744,15,39,122,176,1.3920454545454546,0.048332205268492585,653,"Martin, Susan, I'd like you to meet Bert. Bert actually LIKES the humidity."
6024,744,21,27,128,176,1.3920454545454546,0.0522073984769026,653,You seem pretty buzzed.
1031,748,17,42,135,194,1.3917525773195876,0.04628925878617106,653,What law firm are you with?
5623,748,17,42,135,194,1.3917525773195876,0.04628925878617106,653,Am I wearing too much OFF!?
2196,750,16,33,117,166,1.391566265060241,0.051109698389649995,653,We’re not vaccinating the kids either...
4607,750,13,39,114,166,1.391566265060241,0.04891976307278726,653,"Yes, I'm from the south, just moved in. Dying for some new blood."
3808,752,19,36,134,189,1.3915343915343916,0.04833908449242585,653,It’s usually a WASPier crowd.
4202,753,19,32,128,179,1.3910614525139664,0.0503037345132819,653,Has everyone met Zika?
1443,754,9,50,115,174,1.3908045977011494,0.04443119249952486,653,"And this is our son, Carl. He does CRISPR research at the university."
2342,754,17,34,123,174,1.3908045977011494,0.05005653814809873,653,"Metallic aroma, full-bodied, iron overtones, definitely blood"
4140,754,23,22,129,174,1.3908045977011494,0.05389157280784943,653,"Oh, and this is my husband Moss, he's a real prick!"
5996,754,16,36,122,174,1.3908045977011494,0.04938842215860702,653,I really would prefer a Grasshopper.
5024,758,18,23,110,151,1.390728476821192,0.05636017093945412,653,"And let me introduce the new neighbors, Wes Niles and Zika."
1919,759,17,32,120,169,1.3905325443786982,0.051130104129450564,653,Will you be running in 2020 also?
2730,759,14,38,117,169,1.3905325443786982,0.04902000014161975,653,And this is Phil—he's eluded the SWAT team for many years.
2866,759,12,42,115,169,1.3905325443786982,0.047561283178810775,653,"Well, what's the latest buzz?"
5013,759,17,32,120,169,1.3905325443786982,0.051130104129450564,653,"So, what inspired you to volunteer with The Red Cross?"
5339,759,14,38,117,169,1.3905325443786982,0.04902000014161975,653,So I hear you all met during vacation?
1395,764,19,35,133,187,1.3903743315508021,0.04870311470062188,653,Who ordered a Stinger?
476,764,15,43,129,187,1.3903743315508021,0.046281630875234854,653,"No, no... what my friend was saying is that he doesn't care for the MOSCADO"
6037,766,16,32,116,164,1.3902439024390243,0.05154517646071496,653,"No way, my husband's a phlebotomist too."
5629,766,11,42,111,164,1.3902439024390243,0.04777888363001026,653,Go on - tell that great story about how you got stuck in amber.
4443,766,15,34,115,164,1.3902439024390243,0.05081425505976652,653,Malaria is the greatest hoax ever perpetrated on the American people.
2973,766,9,46,109,164,1.3902439024390243,0.04618645172294132,653,This is Fred. He helped my husband with some of his genome experiments.
234,770,16,39,127,182,1.39010989010989,0.04781111197804787,653,"Since he’s been reading Frank Kafka,  he’s like a different person."
3130,770,20,31,131,182,1.39010989010989,0.05028671295837287,653,"So, I hear you work at the internal revenue service."
4460,772,13,29,99,141,1.3900709219858156,0.05492285244696281,653,"It you prefer red, Jim here is AB negative."
4914,773,14,41,122,177,1.3898305084745763,0.04743744526482109,653,And Zika is having what's called a stinger.
620,774,10,40,104,154,1.3896103896103895,0.04902208811136496,653,I always feel drained after these events.
3341,775,11,45,116,172,1.3895348837209303,0.04624524219748789,653,I hear you created quite a buzz over by the pool.
5584,775,12,43,117,172,1.3895348837209303,0.046974694058702145,653,"I agree the Pinot was excellent, but I am more of an O Negative type myself."
617,777,12,41,114,167,1.3892215568862276,0.04793574460455058,653,"Quite the contrary, he's a great party guest. Go ahead Stan, show them how you can guess their blood type."
2013,777,13,39,115,167,1.3892215568862276,0.048682445272247986,653,And what did 123andMe have to say?
1612,779,18,36,131,185,1.3891891891891892,0.04847206494926637,653,Meet Dan and Carol--mosquitoes usually love them!
2738,780,11,34,99,144,1.3888888888888888,0.052252219062553354,653,"May I present our radiation mutation expert, Dr. Smith."
3914,780,14,35,113,162,1.3888888888888888,0.050494069952576985,653,We met when he was just knee-high to a grasshopper.
4125,780,9,45,108,162,1.3888888888888888,0.046542936304750995,653,Jennifer identifies as gender-neutral
4425,780,14,35,113,162,1.3888888888888888,0.050494069952576985,653,He's a rescue from the bug zapper light out back
2262,784,14,47,132,193,1.38860103626943,0.04464372804300926,653,"...of course, you already met John and Stephanie from the summer party."
4228,785,14,40,121,175,1.3885714285714286,0.0478012932945194,653,So Dan and Margaret also summer in the Hamptons!
1430,786,11,39,107,157,1.3885350318471337,0.04920541385484286,653,And this is my husband--we met in Florida.
4046,787,14,38,118,170,1.388235294117647,0.04878491211563278,653,"Well, Gregor, look at you! A new job and you appear to be completely transformed!"
146,788,11,42,112,165,1.387878787878788,0.04754729142126607,653,I invite him because all his posts go viral.
3680,788,14,36,115,165,1.387878787878788,0.049824435887634244,653,And this is my friend who's been causing so much buzz.
4505,790,15,39,124,178,1.3876404494382022,0.04788844483014651,653,"So, what exactly does a phlebotomist do?"
4927,791,19,24,117,160,1.3875,0.05464831817398669,653,And I believe this is Zika who tells me she just flew in from Miami
4908,791,12,38,110,160,1.3875,0.04935710905063706,653,"Here, meet the Bloods. I think they're your type."
2554,793,16,28,111,155,1.3870967741935485,0.05367679094730607,653,Please don't point that at my implants.
3120,793,15,42,129,186,1.3870967741935485,0.04641430255935169,653,She really knows how to suck the life out of a party...
3633,793,10,40,105,155,1.3870967741935485,0.04876960942054544,653,"Honey, tell them about the time you bugged the Oval Office."
2061,796,14,37,117,168,1.3869047619047619,0.04917743347100881,653,He came with the house.
2383,796,17,31,120,168,1.3869047619047619,0.051305730294818275,653,I just know you’ll hit it off. Bob and Carol are both lawyers.
4897,798,14,30,106,150,1.3866666666666667,0.05333333333333333,653,"Mother wanted me to marry a doctor, but I just couldn’t resist marrying a lawyer."
5722,798,12,34,104,150,1.3866666666666667,0.05162822413388333,653,"Sorry, we don't discuss politics, religion or DDT at our parties."
6021,800,12,39,112,163,1.3865030674846626,0.04870912088602549,653,Let's agree to disagree about vaccinations...
5130,801,9,43,106,158,1.3860759493670887,0.04727917906162047,653,"So, you've already eaten?"
5515,801,16,29,113,158,1.3860759493670887,0.05291219479784319,653,"Matt. Becky. Meet my new co-worker, Amos Quito. Amos is our new phlebotomist . He's also pretty quick at figuring out blood type"
2984,801,16,29,113,158,1.3860759493670887,0.05291219479784319,653,This is the best Bloody Mary we've ever had--what's your secret?
593,804,18,30,123,171,1.3859649122807018,0.05130774018882793,653,Have you read Metamorphosis?
1547,804,11,44,116,171,1.3859649122807018,0.04637766764352695,653,"To be honest, the job sucks."
2270,804,14,38,119,171,1.3859649122807018,0.04855189393696868,653,"Mom, Dad, I'd like to introduce my new boyfriend, Malcolm. Most people call him Skeeter."
3132,804,12,42,117,171,1.3859649122807018,0.04711355967933064,653,"Well, yes, climate change might actually be beneficial for some species."
1070,808,18,35,131,184,1.3858695652173914,0.04862179331971421,653,Life was good before he drained the swamp
771,809,17,35,127,179,1.3854748603351956,0.04896846763812067,653,Bloody Mary for you?
458,810,12,38,111,161,1.3850931677018634,0.04910860049882901,653,"You all met last summer, I believe."
4304,810,10,42,109,161,1.3850931677018634,0.04750131724329336,653,We've been itching to see you!
4185,812,16,35,123,174,1.3850574712643677,0.04931298302853579,653,Have you met my attorney?
634,812,16,35,123,174,1.3850574712643677,0.04931298302853579,653,This is the bloodsucker I was telling you about.
5410,812,16,35,123,174,1.3850574712643677,0.04931298302853579,653,"Drew, meet Jack and Heather.  Their jobs suck too."
1812,815,18,36,133,187,1.3850267379679144,0.04804201331147217,653,And your point is?
6,816,11,43,115,169,1.3846153846153846,0.04673022279184276,653,I see you've met the wasp couple.
4913,816,12,36,108,156,1.3846153846153846,0.05019526673346018,653,And this is Dan - he’s a venture capitalist.
3275,818,13,42,122,177,1.384180790960452,0.04667821215177067,653,May I introduce Miss Quito
1469,819,6,51,107,164,1.3841463414634145,0.043592413753740844,653,So Zika was huge! What’s next?
236,820,16,29,114,159,1.3836477987421383,0.05263439861035616,653,"Diane, you look amazing!"
2010,820,14,33,112,159,1.3836477987421383,0.05109948067518736,653,"Well, he does have a point."
5436,820,15,31,113,159,1.3836477987421383,0.05187261725779657,653,The Jones are looking for someone to chair the Red Cross donor drive.
3732,823,14,36,117,167,1.3832335329341316,0.049334746841852004,653,I had heard the mosquitos were bigger in Winnipeg but I had no idea!
4675,823,11,42,114,167,1.3832335329341316,0.04709015444093877,653,Mortimer flew in today from the Everglades for the blood-borne illness symposium.
2578,823,15,34,118,167,1.3832335329341316,0.05006058442369952,653,AB Negative? What's the occasion?
3523,823,16,32,119,167,1.3832335329341316,0.0507760473031829,653,On a whim I ordered a Grasshopper and that's how Raymond and I met.
4928,827,10,39,105,154,1.3831168831168832,0.048923607708626374,653,"Karen, can I get you a refill?  Is anyone here AB negative?"
1845,828,15,37,123,175,1.3828571428571428,0.04840597726277458,653,"Wow, Bob always said you were a bloodsucking pest, but I assumed he was being metaphorical."
2338,828,13,41,121,175,1.3828571428571428,0.04702951992930259,653,"Oh great, I've been itching to introduce you"
2705,830,10,42,110,162,1.382716049382716,0.047267000625629135,653,Sheila was just explaining how the anticoagulant she injects via her proboscis really brings out the smoky notes in a classic Bordeaux.
2742,830,11,40,111,162,1.382716049382716,0.0480713072866211,653,"No, sorry, we were talking about the East Nile."
6032,832,12,33,104,149,1.3825503355704698,0.05181042638916095,653,"Our new friend has recently moved into the neighborhood with about 5,000 of his relatives."
840,833,20,30,133,183,1.3825136612021858,0.049987701518713304,653,"Ron and Barb, meet Ms. Kito from West Nile."
3507,834,12,36,109,157,1.3821656050955413,0.04993465585371499,653,"Thirty years of practicing law, and then one day he just woke up like this"
5965,834,17,26,114,157,1.3821656050955413,0.053868046575585866,653,They say I only drink to keep my eggs warm. But honestly? I do it to make you all more interesting.
3260,836,12,44,122,178,1.3820224719101124,0.045777203238991544,653,"Look, we are going to just have to agree to disagree on Citronella."
2100,837,13,37,115,165,1.3818181818181818,0.04899034346280542,653,I'm sorry but we're out of O Negative.
4189,838,14,43,129,186,1.381720430107527,0.04571046232802039,653,"... and this is Bob, by far the biggest, most active supporter of this, our annual blood drive.”"
4030,838,20,31,135,186,1.381720430107527,0.04937795255828426,653,As an Atheist I was thrilled that it wasn’t another family of WASP’s moving into the neighborhood.
4889,840,14,30,108,152,1.381578947368421,0.052751258144464776,653,It takes so little to get buzzed.
3568,841,10,46,117,173,1.3815028901734103,0.045210449205016316,653,Edward and I met at the botanical garden.
4433,841,9,48,116,173,1.3815028901734103,0.04446089722659308,653,"We've always founds his comments, sharp, even pointed."
2977,843,12,37,111,160,1.38125,0.049264938831923934,653,And I believe you all may have met last summer? At the beach?
5422,843,17,27,116,160,1.38125,0.05310476399645794,653,Allow me to introduce you to the bug I caught last week.
5577,843,16,29,115,160,1.38125,0.05235933161260023,653,"Roger, why the long face?"
2687,846,12,45,124,181,1.3812154696132597,0.045245436873891515,653,He was a baby when we found him in an amber necklace.
5567,846,15,39,127,181,1.3812154696132597,0.047236761325522764,653,"This is Wes, Wes Nile.  He just flew into town."
2995,848,18,28,122,168,1.380952380952381,0.05191617948889725,653,This is Gly. He did top-secret research for Monsanto.
3381,849,12,43,121,176,1.3806818181818181,0.046113326728908687,653,"Ever since that report on pesticides, I only drink organic wines."
788,850,8,43,104,155,1.3806451612903226,0.04691663156829978,653,"You must have had an experience that’s in the same vein, no?"
5479,851,14,42,128,184,1.3804347826086956,0.04603859582026698,653,"I didn't know this was a costume party, but you three look great."
3288,852,11,40,112,163,1.3803680981595092,0.047833141902791636,653,"Yes, you can have the olive."
4150,852,13,36,114,163,1.3803680981595092,0.049391195453951736,653,A Bloody Mary? How predictable.
5375,852,15,32,116,163,1.3803680981595092,0.05090158064783768,653,"If I’m only going to live 10 days, I’m saying yes to every invitation."
5699,852,14,34,115,163,1.3803680981595092,0.050152074238354216,653,That's a very strong point on wetlands preservation.
529,856,13,42,124,179,1.3798882681564246,0.04625433891105541,653,That is so interesting. I had no idea that sangria is named after the Spanish word for blood.
1704,856,14,40,125,179,1.3798882681564246,0.046927972114045695,653,"Have you met my date, Gordon? We met on the West Nile."
5933,856,12,44,123,179,1.3798882681564246,0.0455707490552975,653,You have quite a point!
5379,859,14,32,112,158,1.379746835443038,0.05127385983586431,653,She’s from the actual Amazon. Not Amazon.com.”
3795,860,15,41,131,187,1.3796791443850267,0.04613856521338807,653,Sometimes that o-Positive needs to breathe a little bit...
4501,861,13,37,116,166,1.3795180722891567,0.04874861994125393,653,"Wine, Sandra? When are you going to settle down and lay some eggs?"
4986,862,18,30,126,174,1.3793103448275863,0.05056504760844707,653,"Victor, I’d like you to meet my friend Vector."
4881,862,15,36,123,174,1.3793103448275863,0.04855411141683763,653,"Well yes, he can be really annoying"
4535,862,14,38,122,174,1.3793103448275863,0.047865028647472926,653,"I'm sorry, am I using too many buzz words?"
554,862,10,46,118,174,1.3793103448275863,0.045003309824970535,653,Tell’em the one about the broken screen.”
1212,862,13,40,121,174,1.3793103448275863,0.047165879609820965,653,Joyce later realized she hadn’t really thought through the potential awkwardness of inviting both her new neighbor and her friends from the CDC to the same party.
4987,867,10,38,105,153,1.3790849673202614,0.04907690722896751,653,"Of course, you know Professor Higgins from our Inter-Species Manipulation department."
2762,868,11,39,111,161,1.3788819875776397,0.048216723615863835,653,How was your flight?
3350,869,11,42,116,169,1.378698224852071,0.04664094066444894,653,Well most of the time it’s subtle insectism.
2166,870,16,35,126,177,1.3785310734463276,0.04861936227739581,653,"Ah, yes. I've heard type O is exquisite."
4727,870,13,41,123,177,1.3785310734463276,0.046596549036353865,653,"Don't worry,Italian reds don't contain Round-Up."
1632,872,11,34,103,148,1.3783783783783783,0.051100596386336745,653,My friends here are new to Texas.
2076,872,17,36,132,185,1.3783783783783783,0.04771928587298615,653,That story of your early years in a water-filled tire is priceless.
5440,872,12,46,127,185,1.3783783783783783,0.044534910029383784,653,"You may have met late last summer, at the shore."
2347,875,11,37,108,156,1.3782051282051282,0.049265027196890895,653,"For some reason, I thought you were a lawyer."
2456,876,9,44,111,164,1.3780487804878048,0.045998399386694054,653,"So sorry, all we had was O Positive, I hope that will suffice."
3791,876,13,36,115,164,1.3780487804878048,0.04914386576661182,653,Jerome just flew in from the tropics.
5435,876,12,38,114,164,1.3780487804878048,0.04837667664690832,653,Excellent point.
1215,879,14,37,121,172,1.377906976744186,0.048236987540056994,653,Bill just isn’t himself when he drinks.
3481,879,19,27,126,172,1.377906976744186,0.05164111004772626,653,"Apparently since biting a few drinkers, I’m now an alcoholic."
3332,881,16,36,128,180,1.3777777777777778,0.04802463905406106,653,I see you're drinking B negative..that's hard to find!
2,882,15,41,132,188,1.377659574468085,0.04593690676379442,653,O negative. Why do you ask?
815,882,14,43,131,188,1.377659574468085,0.045313464992103245,653,"No,you can't have a sip of my drink. Because it's never just a ""sip""."
1512,884,13,28,102,143,1.3776223776223777,0.054180313154473136,653,"...and this is Frank, he doesn't bite."
1208,885,16,42,138,196,1.3775510204081634,0.04519312141439492,653,...and this is Irving.  He's a lawyer.
5638,886,14,32,113,159,1.3773584905660377,0.051006309431916474,653,I’ve had past relationships come back to bite me.
732,887,11,41,115,167,1.377245508982036,0.04699832487921222,653,He likes the buzz he gets when he drinks.
3851,888,16,34,125,175,1.3771428571428572,0.048999370468986905,653,"Mark, tell them again what kind of law you practice."
4894,888,16,34,125,175,1.3771428571428572,0.048999370468986905,653,I can’t believe that you prefer a 2019 type O to a 2010 Malbec!
1933,890,16,37,130,183,1.3770491803278688,0.047448438406898705,653,Didn't you ask for a stinger?
5097,890,11,47,125,183,1.3770491803278688,0.04417134937227653,653,"I asked for a grasshopper, not a stinger"""
5442,890,13,43,127,183,1.3770491803278688,0.04551051072139196,653,"...and I said, 'blood-sucker?' He's the best litigator at our firm!"
411,893,10,38,106,154,1.3766233766233766,0.048819283843533665,653,I think we met last summer while I was camping.
5351,893,16,26,112,154,1.3766233766233766,0.05378305589995043,653,My husband's been reading Kafka.
4965,895,15,31,116,162,1.376543209876543,0.05107196275708285,653,I'd like you to meet Roger and Linda Smith. Roger's in extermination
3564,895,13,35,114,162,1.376543209876543,0.04954778408423333,653,"Why... it's a Stinger, of course...
What are you drinking?"
1523,895,10,41,111,162,1.376543209876543,0.04716926117031332,653,You must be dying to meet the host.
3466,895,14,33,115,162,1.376543209876543,0.05031564511918069,653,Welcome to the firm - now maybe it won't hurt so much when people call us a bunch of blood sucking parasites.
5935,899,13,38,119,170,1.3764705882352941,0.04789545202678457,653,I thought you'd prefer Type O instead of Merlot.
1609,900,18,31,129,178,1.3764044943820224,0.04968666465039322,653,She was just telling me about a delightful AB negative she discovered.
2572,900,16,35,127,178,1.3764044943820224,0.04839219668441401,653,I already have a buzz.
3340,900,17,33,128,178,1.3764044943820224,0.04904370165486923,653,"Nat has really thrived since his company implemented their ""No Swatting"" policy."
1531,903,18,40,144,202,1.3762376237623761,0.045323639730924986,653,...”Particularly good year for the West Nile Valley...”
1066,904,15,29,113,157,1.375796178343949,0.05223567238437209,653,"When Herb starts looking like a heron, I know I've had enough"
3999,904,12,35,110,157,1.375796178343949,0.049835604917198816,653,You will love this couple -- David and Debbie are both bonafide type As
4256,906,13,36,116,165,1.3757575757575757,0.04889882396673787,653,So this is what the buzz was all about?
3025,906,11,40,114,165,1.3757575757575757,0.0473632275643799,653,They make a great Stinger here.
4273,906,15,32,118,165,1.3757575757575757,0.05038764377647361,653,"Actually, I would prefer a bloody-mary."
1390,906,16,30,119,165,1.3757575757575757,0.05111579477375062,653,Tell us. Is it true what they say Stephen Miller tastes like?
1581,906,11,40,114,165,1.3757575757575757,0.0473632275643799,653,"No, Stanley is an etymologist."
2678,911,15,35,123,173,1.3757225433526012,0.04870207951206601,653,It's a rescue mosquito.
3223,911,13,39,121,173,1.3757225433526012,0.04730185914473364,653,"I've seen no change at all in Walter since he became a 
Corporate Lobbyist."
4808,911,10,45,118,173,1.3757225433526012,0.045120127140458675,653,Martin here used to be our attorney.
1912,914,12,44,125,181,1.3756906077348066,0.04516290636730369,653,Must you always be such a pest?
1742,915,10,51,128,189,1.3756613756613756,0.042549096317483534,653,Harold bit on me at the company picnic.
4085,916,16,42,139,197,1.3756345177664975,0.04500395532799507,653,We used to have an elephant in this room
5507,916,19,36,142,197,1.3756345177664975,0.04669848071666986,653,Barney here is the new head of the phlebotomy department.
1116,918,19,25,124,168,1.375,0.05251549393214333,653,I can also make you a stinger.
4870,918,14,32,114,160,1.375,0.050741359211112926,653,Your from West Nile ?
168,918,10,43,115,168,1.375,0.04600329453495233,653,Bill and Joan are the couple I was telling you about. I think they might really be your type.
644,918,17,29,122,168,1.375,0.05114005381379217,653,"Bob, Jan...you remember Zika, right?"
5870,922,7,56,124,187,1.374331550802139,0.04076379316906466,653,"No, this is the mojito party."
2675,923,13,38,120,171,1.3742690058479532,0.047665408639764116,653,I asked him what his blood type was and he said 'all types.'
4395,923,9,46,116,171,1.3742690058479532,0.0446854940934761,653,I wasn't judging you. I just asked what you were drinking.
6071,923,9,46,116,171,1.3742690058479532,0.0446854940934761,653,I’ll bet the bartender was just itching to serve you.
3166,926,14,33,116,163,1.3742331288343559,0.05005933733534331,653,You do stand-up? You must be malarious!
3472,926,12,37,114,163,1.3742331288343559,0.048522742403700095,653,"Great story, Franz!"
4364,928,18,22,115,155,1.3741935483870968,0.05503427510815297,653,"Lawyer...bloodsucking parasite... whatever floats your boat.  I mean it’s just something I do. Not who I really am, right?"
4743,928,14,30,111,155,1.3741935483870968,0.051900122489589265,653,I understand you're the only westerner to witness a North Korean A-bomb test
2824,930,14,27,106,147,1.3741496598639455,0.053930312870663036,653,Would you prefer a grasshopper?
377,931,13,26,100,139,1.3741007194244603,0.05524646561341144,653,Are you a lawyer as well?
2481,932,16,33,125,174,1.3735632183908046,0.04915010547700476,653,Why yes...it is a stinger
2290,932,12,41,121,174,1.3735632183908046,0.046367766780162904,653,"This is my husband, Harold. He's a phlebotomist."
268,932,14,37,123,174,1.3735632183908046,0.047779193508159346,653,"Honey, I want you to meet my lawyer friends; you have a lot in common."
1458,932,10,45,119,174,1.3735632183908046,0.044912005745335194,653,"You know, Earl here doubled for Jeff Goldblum once."
1226,936,15,32,119,166,1.3734939759036144,0.05013431156969456,653,"Actually, that’s not red wine."
5135,937,14,31,113,158,1.3734177215189873,0.05117673365721463,653,Can I order you another Stinger?
806,938,10,36,104,150,1.3733333333333333,0.04964902919418896,653,I believe you’re related by blood.
1995,939,12,45,128,185,1.372972972972973,0.04445282453822381,653,This should not take long; I put DDT in its drink.
1309,940,10,46,121,177,1.3728813559322033,0.04439205502042738,653,He somehow got under my skin.
1494,941,12,39,118,169,1.3727810650887573,0.047297637671274755,653,"Thanks for coming, how's the wife and the larva?"
3432,941,14,35,120,169,1.3727810650887573,0.04876424187406752,653,"And this is Bob, 'A positive' and Joan.... a UNIVERSAL 'O'"
5845,943,10,34,101,145,1.3724137931034484,0.05080277731174612,653,Do you have to stick your nose into every conversation?
3618,944,10,50,128,188,1.372340425531915,0.042645536392116025,653,"Forgive Ted, he's totally buzzed"
2857,944,16,38,134,188,1.372340425531915,0.046475558466586984,653,"Hey, I'm a lawyer too!"
723,946,11,45,124,180,1.3722222222222222,0.04458969127853497,653,"Now, here's a Merlot with great legs"
1646,946,10,47,123,180,1.3722222222222222,0.0438881227883384,653,"Meet Buzz, our new colleague. He will be with us for three days."
1915,946,11,45,124,180,1.3722222222222222,0.04458969127853497,653,Is that a proboscis or are you just happy to see me?
532,949,15,34,123,172,1.372093023255814,0.0488498361403948,653,Don't I know you from the Hamptons?
854,949,12,40,120,172,1.372093023255814,0.04671518086158252,653,Sorry... I meant to order you a stinger
3890,949,17,30,125,172,1.372093023255814,0.05022255870574622,653,I'd like you to meet the new head of the Center of Disease Control and Prevention.
5416,949,14,36,122,172,1.372093023255814,0.048148800970938724,653,"I'm not drunk, but I am getting a slight buzz."
4821,953,11,39,114,164,1.3719512195121952,0.047498779530914095,653,A fly in your drink? How fortunate for you!
109,954,13,32,111,156,1.3717948717948718,0.050814660811085176,653,It’s a Mojito.
1067,954,11,36,109,156,1.3717948717948718,0.04915998150394333,653,This wine is known for its sharp nose and distinct legs.
3021,956,15,41,135,191,1.3717277486910995,0.045341644177195745,653,I'm sorry. Type O is all we have.
885,957,12,31,105,148,1.3716216216216217,0.05188167818678259,653,He has a good nose for wine
1944,957,9,37,102,148,1.3716216216216217,0.04915203496708115,653,"At first he was a pest, but then he grew on us."
4051,959,11,46,126,183,1.3715846994535519,0.04408583596893541,653,The O positive has a very nice floral bouquet.
3364,960,13,39,123,175,1.3714285714285714,0.04685762345061719,653,"And, so you are saying, that the West Nile and Zika events have unfairly maligned your whole community?"
3315,960,18,29,128,175,1.3714285714285714,0.050239865648693566,653,"Are you sure this is wine?""
""Oh, positive."
2639,960,14,37,124,175,1.3714285714285714,0.04755332081392024,653,"Well, Tom got a shark of a lawyer for our divorce, so I had to respond in kind."
3031,960,5,42,93,140,1.3714285714285714,0.0468349281810517,653,"It's amazng how, once you stop thinking of them as pests, they really start to grow on you."
5011,964,16,30,121,167,1.3712574850299402,0.05060133167126256,653,You all remember Mark. He never misses our Memorial Day party.
1683,965,8,33,91,132,1.371212121212121,0.052029483970240036,653,"So, a Merlot, a whiskey sour, and some type O with a twist"
133,966,13,33,113,159,1.371069182389937,0.050120036725075263,653,I assumed you wanted red.
3673,966,11,37,111,159,1.371069182389937,0.04850561915410293,653,One bite and I knew she was my type.
537,968,15,39,132,186,1.3709677419354838,0.04618651955895597,653,He enjoys a good buzz.
3988,968,19,31,136,186,1.3709677419354838,0.04863830942827909,653,I believe he's a friend of Mr. Kafka...
3397,970,9,38,104,151,1.3708609271523178,0.048478751213102717,653,So we all agree a wall wouldn't be very effective?
5121,971,15,36,127,178,1.3707865168539326,0.04764767123481961,653,"Why yes, it's a stinger.  Why?"
1603,972,18,27,125,170,1.3705882352941177,0.05131509005819673,653,"...and this is Skeeter, my attorney."
3624,973,11,38,113,162,1.3703703703703705,0.04787396939570777,653,It must be really hard to find jeans that fit.
3575,973,9,42,111,162,1.3703703703703705,0.04624450749546494,653,"No, that's EXACTLY what's supposed to be in a Bloody Mary."
983,975,16,35,130,181,1.3701657458563536,0.0477224991523018,653,Do the olives ever get stuck on your nose?
3517,976,14,36,123,173,1.369942196531792,0.04791797004400017,653,"The invitation clearly said ""Swingers"", not ""Stingers""."
3625,976,13,38,122,173,1.369942196531792,0.04721142359654079,653,That's an excellent point.
5796,976,11,42,120,173,1.369942196531792,0.04576561862097606,653,Dev and Reyna are just itching to meet you!
4267,979,13,45,134,192,1.3697916666666667,0.043921780581045906,653,Don't be silly! Why would someone spike your drink with DDT?
4203,980,15,31,119,165,1.3696969696969696,0.05029421377959393,653,"|""Tommy, I'd like to introduce the Smith's, Don and Judy, blood type O."""
4612,980,14,33,118,165,1.3696969696969696,0.04955399186443111,653,"Yes, of course, but not everyone can give up straws so easily."
4824,982,10,48,126,184,1.3695652173913044,0.04321014981831189,653,"She has a point, you know."
5227,982,14,40,130,184,1.3695652173913044,0.045877044066627265,653,Can I  freshen up that O positive?
2485,984,14,30,113,157,1.3694267515923566,0.051346895634626404,653,Doug self-identifies as a middle-aged white liberal.
1294,984,15,28,114,157,1.3694267515923566,0.05213600491638502,653,My ex is also a blood sucker. Maybe you know him?
997,984,13,32,112,157,1.3694267515923566,0.05054546838229031,653,I heard you were itching to meet me.
4358,987,12,31,106,149,1.3691275167785235,0.05159262325746276,653,"Yes, but what does that mean? That just sounds like a bunch of buzz words."
4802,987,15,25,109,149,1.3691275167785235,0.05416532967949241,653,So KellyAnn tell us about life before politics
779,989,13,36,119,168,1.369047619047619,0.048177154292438316,653,"Don't worry, he just wants the olive."
3473,989,19,24,125,168,1.369047619047619,0.05242856275252718,653,So you’re a lawyer?
3787,989,13,36,119,168,1.369047619047619,0.048177154292438316,653,How interesting!  It's not everyday a mosquito gets to meet its hosts socially.
3920,992,16,37,134,187,1.3689839572192513,0.04660274757616486,653,No honey. You tell em the story on how we met. You tell it better.
5488,992,17,35,135,187,1.3689839572192513,0.047215644525044335,653,Let me stop you right there. No I haven't read Kafka.
2784,994,10,39,111,160,1.36875,0.04743571866916719,653,... and what were you before the metamorphosis?
4400,994,13,33,114,160,1.36875,0.049859767972425924,653,Mosquito... Moscato...
5797,994,14,31,115,160,1.36875,0.050642006422192715,653,"Karen here is a phlebotomist, so you two have a lot in common!"
1713,997,18,30,131,179,1.3687150837988826,0.049371419040322995,653,How are things going at the genetics lab?
160,998,15,26,111,152,1.368421052631579,0.05336711550786185,653,"Why yes, I've had work done."
639,998,12,32,108,152,1.368421052631579,0.05085896076806368,653,"So I told him, “I’d love to be a fly on the wall at that party!”"
814,998,13,37,121,171,1.368421052631579,0.04757246881988074,653,"Bob, tell them about that new drinking game you invented where we all close are eyes for one minute and don't swat at anything."
2393,998,19,32,139,190,1.368421052631579,0.04784714310963128,653,What makes you say it lacks bite?
2807,998,14,42,134,190,1.368421052631579,0.044842782485803076,653,I meant 'Buzz off' in the good way.
3435,998,13,30,109,152,1.368421052631579,0.05170853185063483,653,You could say I'm a type A personality... my husband is O+.
4073,998,11,34,107,152,1.368421052631579,0.049994954892136505,653,Our newest member says he's quite fond of reds
4696,998,13,30,109,152,1.368421052631579,0.05170853185063483,653,Buzz and I met on the net.
5247,998,17,29,125,171,1.368421052631579,0.050381917272332315,653,"So, you can hold the glass, but you can't drink from it?"
797,1007,15,44,142,201,1.3681592039800996,0.043696208980192004,653,"Though we've relegated them to swamps and backwoods for centuries, Charlton is the first in his Family to graduate from college."
5941,1008,13,41,128,182,1.3681318681318682,0.04554567488637074,653,This party sucks. Am I right?
3157,1008,10,47,125,182,1.3681318681318682,0.043500232150756594,653,"Tell them about your latest experiment with the transporter, honey."
2221,1010,11,38,114,163,1.3680981595092025,0.04763358277080807,653,"His parents nearly disowned him for bringing me home, but they're very traditional."
2765,1010,9,42,112,163,1.3680981595092025,0.04601605680092072,653,"We met while I was serving in the Peace Corps, and we've been together ever since!"
2845,1010,11,38,114,163,1.3680981595092025,0.04763358277080807,653,And how is the West Nile this season?
4845,1010,11,38,114,163,1.3680981595092025,0.04763358277080807,653,"Certainly we were shocked when the accident at the lab turned Scott into a 6-foot blood-sucking freak.  On the plus side, the neighborhood seems so much quieter after dusk."
707,1014,12,40,122,174,1.367816091954023,0.04627502909293241,653,I think it's far more important that we can have a respectful conversation than worrying about whose blood is in the glass and how it got there.
2458,1014,18,28,128,174,1.367816091954023,0.05039864011938629,653,"The hostess with the ""mostess"", meet the mosquito with the mojito."
5648,1016,11,39,116,166,1.3674698795180722,0.0470309947862866,653,He's into me more than I'm into him
3943,1016,9,43,114,166,1.3674698795180722,0.04545190612429966,653,I have a problem drinking ... not a drinking problem!
5634,1016,13,35,118,166,1.3674698795180722,0.04855875998049461,653,My friend here is a natural born phlebotomist.
1484,1016,12,37,117,166,1.3674698795180722,0.04780098137816316,653,What do you mean it's in your nature to stick your nose in other peoples' business?
2560,1016,10,41,115,166,1.3674698795180722,0.04624819045605929,653,How was your trip to the West Nile?
545,1021,9,54,133,196,1.3673469387755102,0.04077706117613558,653,It's from the sulfites...it happens to a lot of people.
1577,1021,17,38,141,196,1.3673469387755102,0.04562233782063196,653,It's type B+ with subtle hints of platelets.
4456,1021,12,30,105,147,1.3673469387755102,0.05205821763918388,653,"George, don't be shy. The Donaldsons here are just your type."
2944,1024,8,49,120,177,1.3672316384180792,0.04282416761309878,653,So Mark was just telling me he has a hard time meeting women with his biting sense of humor.
4920,1024,14,37,126,177,1.3672316384180792,0.04710750836205875,653,Ed here is a real people person.
5291,1024,16,33,128,177,1.3672316384180792,0.04845121272844455,653,"Yes, our Bloody Mary ingredients are all locally sourced. Let me introduce you to one of our suppliers."
2007,1027,12,34,112,158,1.3670886075949367,0.049470656292917636,653,This is my husband. He works for the SWAT team.
251,1027,14,30,114,158,1.3670886075949367,0.051074427497710496,653,"And then, two weeks later, boom! Malaria!"
5802,1029,13,43,132,188,1.3670212765957446,0.044518489306940696,653,Finish your bloody Mary and stop being a pest.
3094,1030,13,36,120,169,1.3668639053254439,0.0479409938747227,653,Larry's a different person when he drinks
810,1030,12,38,119,169,1.3668639053254439,0.04720059867799892,653,I see you're back drinking - you must be over the malaria scare?
2144,1032,8,39,103,150,1.3666666666666667,0.04769090136577197,653,It's a delightfully oaky 1957 AB+ from France.
3971,1032,14,27,109,150,1.3666666666666667,0.05302202207345211,653,"I’ve been dying for you two to meet...
This is my blood sucking lawyer...Don and his wife Trish!"
4742,1032,18,30,132,180,1.3666666666666667,0.04913908104714278,653,This is Ms. Quito from West 23rd and Nile.
5281,1032,13,40,127,180,1.3666666666666667,0.04587246509621785,653,Meet our new neighbor. He moved north along with global warming.
4654,1036,15,40,136,191,1.3664921465968587,0.045262027532493074,653,Why  don’t I get you a Stinger?
4910,1037,12,39,121,172,1.3662790697674418,0.0466198760750753,653,She's lost 100 pounds on the 'quito diet.
2582,1038,9,38,106,153,1.3660130718954249,0.04796480082204944,653,How did we meet? At a blood drive!
5961,1039,12,36,116,164,1.3658536585365855,0.04817823646879406,653,"If Darwin had allowed us to keep ours, we wouldn’t have this plastic straw mess on our hands."
1699,1039,10,40,114,164,1.3658536585365855,0.04659945354903387,653,It started with a little peck on the cheek.
113,1039,10,40,114,164,1.3658536585365855,0.04659945354903387,653,Speaking of my blood sucking husband.
784,1039,12,36,116,164,1.3658536585365855,0.04817823646879406,653,So you're originally from the West side of the Nile? How fascinating!
3169,1043,10,29,95,134,1.3656716417910448,0.05353725591453509,653,"Don’t worry. He never
flys when he drinks."
5608,1044,14,44,139,197,1.365482233502538,0.04368468595164333,653,"Well, the sex is wonderful, but it leaves me itching for days."
2812,1045,12,33,111,156,1.3653846153846154,0.049885342864574626,653,"Honey, these are the Hendersons, A and 0+, unfortunately...but wait 'til you meet the Corrigans!"
2323,1046,13,35,119,167,1.3652694610778444,0.04831724383722153,653,"I was going to make a Bloody Mary joke, but it's so overdone."
5249,1046,15,31,121,167,1.3652694610778444,0.04978800845395368,653,"Oh, I see you found the Bloody Marys."
48,1048,16,33,129,178,1.3651685393258426,0.04822239897952982,653,"Actually, we met at my ant's wedding."""
301,1048,14,37,127,178,1.3651685393258426,0.0468875230653458,653,"At first I found him quite irritating, but now I think he's malarious."
4038,1050,13,43,133,189,1.3650793650793651,0.044324874136622144,653,"Yes, I prefer reds."
4671,1051,12,34,113,159,1.3647798742138364,0.04921272050546788,653,It's funny how you always ask for the red.
3155,1052,11,40,119,170,1.3647058823529412,0.046224770277365185,653,"Yes, I suppose Bob here is a bit ""Type A"".... why do you ask?"
2364,1052,10,42,118,170,1.3647058823529412,0.04546554456861708,653,That's odd. I thought we forgot to buy red wine.
1342,1052,11,40,119,170,1.3647058823529412,0.046224770277365185,653,We connected through ancestry.com.
4678,1055,8,43,111,162,1.3641975308641976,0.04529565549453291,653,"Yes, that is a Stinger."
1755,1056,17,29,127,173,1.3641618497109826,0.04988823490153303,653,He prefers a full-bloodied red.
4935,1056,14,35,124,173,1.3641618497109826,0.04782463775308154,653,"Tad, Sally ... let me introduce you to the future of banking."
5151,1056,13,37,123,173,1.3641618497109826,0.04711669174600211,653,Bob is on that new plasma diet.
5594,1056,15,33,125,173,1.3641618497109826,0.04852225583522639,653,"And you, Burt? Care for another O negative?"
5854,1056,15,33,125,173,1.3641618497109826,0.04852225583522639,653,You’re from West Orange or West Nile?
4703,1061,14,39,131,184,1.3641304347826086,0.04579076757418919,653,"I can offer you a lovely French AB, an Italian A, or an American O"
4941,1061,15,37,132,184,1.3641304347826086,0.04643480296368223,653,We met by the pool. He really knows his reds.
5111,1063,11,46,130,187,1.3636363636363635,0.043320015581790064,653,Allow me to introduce you to my phlebotomist.
4436,1063,18,28,130,176,1.3636363636363635,0.049911373637858795,653,"Wow, Big Bird, the keto diet seems to be having an impact!"
1820,1063,15,26,113,154,1.3636363636363635,0.052779610434957616,653,I am so sorry. I just assumed you would want a Bloody Mary.
10,1063,17,30,129,176,1.3636363636363635,0.049256574723410086,653,His favorite drink is Bloody Mary.
3858,1063,11,46,130,187,1.3636363636363635,0.043320015581790064,653,Is it true you're originally from Florida?
31,1068,11,43,125,179,1.3631284916201116,0.04460634421842305,653,Alex here has a stinging response for every situation.
5412,1068,13,39,127,179,1.3631284916201116,0.045992035634533454,653,"Sooooo, you visited the West Nile?"
3747,1070,8,45,115,168,1.3630952380952381,0.044216071359884174,653,He heard we were serving Bloody Marys
5342,1070,13,35,120,168,1.3630952380952381,0.048077967549085616,653,I’m so sorry.  He can be such a prick sometimes!
2867,1072,8,41,108,157,1.3630573248407643,0.04621282509756506,653,"Truthfully, by the end of the summer
everything he said started to bug me."
1623,1073,10,29,96,135,1.362962962962963,0.05320819420034499,653,"Honey, have you met the Deets?"
4363,1074,12,46,135,193,1.3626943005181347,0.04302975451262458,653,"I'm sorry we're all out of O Positive, I hope the AB Negative is acceptable."
4596,1075,12,42,128,182,1.3626373626373627,0.0447830644368899,653,So we heard that your latest post went viral.
3352,1076,14,34,123,171,1.3625730994152048,0.048194247707409585,653,"Funny me, at first I thought your were a stork, then Chuck kicks me in shins and whispers ""six legs!"""
4429,1076,13,36,122,171,1.3625730994152048,0.047475109925925935,653,I’d like you guys to meet Jim.  He’s in web design.
3061,1078,10,38,112,160,1.3625,0.04732423621500229,653,I agree.  Plastic straws are bad for the environment and so unnecessary.
4374,1079,11,32,106,149,1.3624161073825503,0.050585870209866476,653,"So what type of girl are you looking for? Type A,the universal donor,or the universal receiver?"
5929,1080,15,41,140,196,1.3622448979591837,0.04438091275748261,653,"We met in the lab, and there was this certain chemistry”"
4670,1081,17,33,135,185,1.3621621621621622,0.04747908659999076,653,A Bloody Mary is not what you think it is.
176,1082,15,33,126,174,1.3620689655172413,0.048287962263851736,653,Slow down Henry! You already have quite a buzz going on.
5035,1082,12,39,123,174,1.3620689655172413,0.046177970889043324,653,You've got a good point there
3046,1084,10,35,107,152,1.361842105263158,0.04899596844411642,653,May I  freshen my drink?
1436,1085,19,30,139,188,1.3617021276595744,0.04811980136963749,653,"AB positive, why, what are you drinking?"
759,1086,10,44,123,177,1.3615819209039548,0.044199623716894225,653,"Since moving so far from the city, we've developed an entirely new set of friends."
3634,1087,17,26,123,166,1.3614457831325302,0.051382228156074385,653,Is that Lyme flavored?
3834,1087,15,30,121,166,1.3614457831325302,0.04994091178610294,653,These work events really suck the life out of me.
1129,1089,10,45,125,180,1.3611111111111112,0.043699135645563866,653,It's tomato juice.  We're out of O-positive an hour ago.
1185,1089,15,35,130,180,1.3611111111111112,0.047116671023357884,653,Can you believe they’re serving O negative?
5938,1089,13,39,128,180,1.3611111111111112,0.04578028173200505,653,Are you getting a buzz?
6025,1089,19,14,111,144,1.3611111111111112,0.05881099068540924,653,"Meet my co-worker Ben, proud father of 68-thousand."
1235,1093,13,35,121,169,1.3609467455621302,0.04784090364080714,653,My two friends would love to hear all about your adventures in stagnant water.
4879,1093,12,37,120,169,1.3609467455621302,0.04709893505201904,653,"Oh no, you're fine. It's your wife that's the problem."
4939,1093,13,35,121,169,1.3609467455621302,0.04784090364080714,653,Our blood is better if you let it breath for a while.
2330,1096,16,38,140,194,1.3608247422680413,0.045272845905588284,653,"A man, a woman and a mosquito walk into a bar..."
3992,1097,15,27,116,158,1.360759493670886,0.051751826892811326,653,Thank you for finally getting me a bloody drink.
69,1097,12,33,113,158,1.360759493670886,0.049359645678359224,653,That's your fourth Bloody Mary.  Give me your wings and I'll call a taxi.
5819,1099,11,44,128,183,1.360655737704918,0.04390309983050786,653,I told you a glass wouldn’t work
2147,1100,11,31,105,147,1.3605442176870748,0.05103127893384367,653,I don't mean to stereotype but is that Moscato wine?
1183,1101,12,38,122,172,1.3604651162790697,0.04652012706244413,653,"I'm just warning you now, when the buzz kicks in, you'll want to slap him."
1587,1101,14,34,124,172,1.3604651162790697,0.04795957812486105,653,"How did you get your nickname, Skeeter?"
292,1103,12,34,115,161,1.360248447204969,0.048704326455199544,653,I thought you said 'Moscato'
2972,1103,11,36,114,161,1.360248447204969,0.04790064366897229,653,Yes we know some exterminators but it’s not like we socialize with them.
4779,1105,13,37,125,175,1.36,0.04666901237360557,653,Gregor!  You startled me!  When did you start drinking?
4155,1105,11,41,123,175,1.36,0.0452397372444201,653,It’s actually a vintage O Negative.
3696,1105,13,37,125,175,1.36,0.04666901237360557,653,"If you're going to live in our house, no more drinking from our arms.  You have to learn to use a glass."
1073,1105,16,31,128,175,1.36,0.048734392895604224,653,And this is our guest of honor. He works for Buzzfeed.
590,1105,11,41,123,175,1.36,0.0452397372444201,653,Is he pestering you?”
2370,1105,11,41,123,175,1.36,0.0452397372444201,653,"This is the couple I was telling you about. He’s an entomologist, she’s an etymologist."
3052,1111,18,32,139,189,1.3597883597883598,0.04731160210510602,653,We met west of the Nile.
5503,1112,14,31,119,164,1.3597560975609757,0.04960354202334999,653,I can always count on my friend here for some sanguine advice.
78,1113,15,43,145,203,1.3596059113300492,0.04326253902238829,653,I’ve seen your column on a rolled up newspaper.
3238,1114,16,32,130,178,1.3595505617977528,0.04813171876689095,653,You’re too kind. I’m usually told to buzz off!
2567,1115,7,41,105,153,1.3594771241830066,0.046008908558559124,653,"How mysterious! And what do you do in ""the tropics""?"
999,1116,14,41,137,192,1.359375,0.044372173176436276,653,"As a matter of fact, I do have a preference for red."
5222,1116,16,37,139,192,1.359375,0.04558469914378802,653,He's creating quite a buzz in the wine club...
2787,1118,12,36,119,167,1.3592814371257484,0.04746024721533159,653,Kafka-esque? Funny you should say that.
2109,1118,14,32,121,167,1.3592814371257484,0.04895676459413787,653,Are you a lawyer?
1022,1118,11,38,118,167,1.3592814371257484,0.04669400602698027,653,"Oh Carl!  Do tell your hilarious malaria 
story from our summer holiday!"
508,1121,18,29,134,181,1.3591160220994476,0.048822054009957996,653,"no Karen I don't know what's going on with the stocks, I'm a goddam mosquito"
1028,1121,11,43,127,181,1.3591160220994476,0.04420273157075272,653,Isn't it time we put that weekend at the lakehouse behind us?
3804,1121,15,35,131,181,1.3591160220994476,0.04689809052761268,653,Is your beak worse than your bite?
80,1124,10,36,110,156,1.358974358974359,0.04808036932782009,653,We met at the blood bank.
94,1124,11,34,111,156,1.358974358974359,0.04893296333391608,653,Don't suck the blood out of this party like you did last Christmas.
3574,1124,18,20,118,156,1.358974358974359,0.05452912801622562,653,"No, I didn't order a stinger"
4625,1124,11,48,136,195,1.358974358974359,0.04204393145429066,653,I meant to swat but swiped right instead — and I’m happy I did!
1365,1128,11,39,120,170,1.3588235294117648,0.04612056292592631,653,"And then Roger said, 'It's true. But at least I'm not a divorce attorney.'"
4007,1128,10,41,119,170,1.3588235294117648,0.04535959303532221,653,You must be pretty buzzed
5113,1128,15,31,124,170,1.3588235294117648,0.049046517732673336,653,"Oh, don't be silly.  I'm sure everyone doesn't hate you!"
2603,1131,7,38,100,145,1.3586206896551725,0.047621453990497935,653,"Your point is well taken,but I still think you should buzz off."
3502,1131,7,38,100,145,1.3586206896551725,0.047621453990497935,653,"OK - I know I asked for a stinger, but really..."
2547,1133,12,33,114,159,1.3584905660377358,0.049100676496802345,653,"Twenty years together, and he still surprises me."
3361,1133,9,39,111,159,1.3584905660377358,0.04660517079406119,653,So do you like the West Side as much as the West Nile?
6038,1133,8,41,110,159,1.3584905660377358,0.04574309181552561,653,Fun fact: They can drink up to 3 times their own weight...
3073,1136,13,36,124,173,1.3583815028901733,0.047017637624359114,653,He seems to like the red.
2664,1136,13,36,124,173,1.3583815028901733,0.047017637624359114,653,Moscato season already?
4119,1136,12,38,123,173,1.3583815028901733,0.04629735319270272,653,He won’t drink grasshoppers on principle.
286,1136,12,38,123,173,1.3583815028901733,0.04629735319270272,653,"Sooooooo, guess who already has a buzz?"
600,1136,18,26,129,173,1.3583815028901733,0.05046508618246871,653,Bloodthirsty? You mean because he’s a lawyer?
5177,1141,12,34,116,162,1.3580246913580247,0.048453804591639095,653,"So I said, ""What's a giant mosquito doing seeing this film?"" and she replied, ""Well, I liked the book..."""
3478,1142,13,37,126,176,1.3579545454545454,0.04644814999054616,653,"Then one night I thought, ‘what would happen if I took down this sleeping net?’"
1976,1142,16,31,129,176,1.3579545454545454,0.048499853941527164,653,And this is Zeke. Zeke is a theater critic for the Times.
3767,1142,16,31,129,176,1.3579545454545454,0.048499853941527164,653,"Malaria, I'd like you to meet our hosts."
3534,1145,12,44,134,190,1.3578947368421053,0.04340786530882812,653,Online dating.  Need I say more?
1672,1145,11,46,133,190,1.3578947368421053,0.04276152450664576,653,"Is it just me, or are these drinks a little light on the hemoglobin?"
192,1147,12,30,109,151,1.3576158940397351,0.05090299033265068,653,He only drinks 56 Lafite-Rothschild . The baron not the wine.
691,1148,12,35,118,165,1.3575757575757577,0.04782908344636838,653,And Henry is headed to a Malaria hotspot next week.
2508,1149,10,49,134,193,1.3575129533678756,0.041666107363781756,653,I keep trying to tell them -- calling someone a bloodsucker isn't necessarily an insult.
5531,1150,13,34,121,168,1.3571428571428572,0.04797415356376048,653,"Two parts Cognac to one part White Creme de Menthe. Everyone, meet the inventor of The Stinger."
5155,1150,19,32,145,196,1.3571428571428572,0.04660083567838243,653,Martin here is not you average blood-sucking lawyer.
4071,1150,15,35,132,182,1.3571428571428572,0.04668141712508146,653,Have you met Will? He's type 'O'
1698,1150,13,34,121,168,1.3571428571428572,0.04797415356376048,653,How long have you lived in Washington?
3553,1150,13,29,112,154,1.3571428571428572,0.051030108091233976,653,"So I said to the old witch tending bar, ""Make me a mojito."""
38,1150,7,46,115,168,1.3571428571428572,0.04328745099426623,653,"...And HE says, ‘Sorry, doll, you're not my blood type.’"
3560,1150,13,34,121,168,1.3571428571428572,0.04797415356376048,653,Do you want a bite with that?
4230,1157,14,33,124,171,1.3567251461988303,0.04809396478749472,653,And my friend here is hoping to find someone who is Type A.
5783,1157,14,33,124,171,1.3567251461988303,0.04809396478749472,653,"Try it. For a well-aged red, it has nice overtones of plasma and hemoglobin that you'll appreciate."
2291,1159,9,38,110,157,1.356687898089172,0.04696639025877447,653,We found him under the fridge twenty years ago and look at him now!
3346,1159,13,30,114,157,1.356687898089172,0.050323742738909376,653,"So you're saying only the females drink blood, while the males prefer merlot?"
5075,1159,12,32,113,157,1.356687898089172,0.04950575487682039,653,I’m hoping we can all put this bad blood behind us.
3378,1162,11,40,123,174,1.3563218390804597,0.04534985183831449,653,As long as I keep her glass full of red wine she’s not dangerous.
6005,1162,10,42,122,174,1.3563218390804597,0.044611302308964235,653,"I’m from west of the Nile originally, but I’ve traveled a lot."
64,1162,15,32,127,174,1.3563218390804597,0.04819099639951628,653,‘Blood of Mary’? I’m sorry I thought you said something else.
2390,1162,12,38,124,174,1.3563218390804597,0.04607656486558384,653,"I am blood type A, why do you ask?"
5149,1166,7,43,110,160,1.35625,0.04463943158465684,653,I’ve heard that the Cabernet gives you quite a buzz
5632,1167,18,37,150,205,1.3560975609756099,0.04455123972991675,653,Anybody for a stinger?
2947,1168,13,42,136,191,1.356020942408377,0.04385356526496898,653,"Maybe I am oversensitive.  But assuming I'd want a Bloody Mary is specieist, don't you see?"
4285,1169,12,39,126,177,1.3559322033898304,0.04552956646253432,653,"Actually, I like all women. O positive, AB negative..."
175,1170,13,32,118,163,1.3558282208588956,0.04898498765704616,653,Laura is active in the preservation of our swamps and wetlands.
4012,1170,15,28,120,163,1.3558282208588956,0.05050752161647635,653,He's practically human. You show him a little kindness and he bites you in the ass!
5305,1170,12,34,117,163,1.3558282208588956,0.04820569109267115,653,And another AB negative for you?
6017,1170,16,26,121,163,1.3558282208588956,0.05125183022954163,653,Melania! We usually only see you out in the Hamptons.
3980,1174,17,30,133,180,1.3555555555555556,0.048325288113718286,653,"People normally clap when I arrive, but that’s alright I guess..."
1642,1175,15,29,122,166,1.355421686746988,0.049837311257255844,653,"I quit being a lawyer two years ago. I thought, I can’t be one of those blood suckers anymore!"
5970,1175,10,39,117,166,1.355421686746988,0.04602891311679737,653,"While we agree the rich are all bloodsuckers, we doubt all bloodsuckers are rich."
625,1177,12,30,110,152,1.355263157894737,0.050621696744787226,653,Have you two met my bloodsucking mother-in-law?
1565,1178,18,29,136,183,1.355191256830601,0.048366261704857826,653,...and this is my husband - he sucks the life out of me.
2583,1178,15,35,133,183,1.355191256830601,0.04646662834950981,653,"He's not much to look at, but he's great in bed."
5154,1180,11,27,100,138,1.355072463768116,0.05324617796480852,653,"So, what exactly do you do?"
1775,1181,11,38,120,169,1.3550295857988166,0.04623703768156958,653,"I'm sorry, Arnold, but this is a private conversation. Would you please just bug off?"
4245,1181,13,34,122,169,1.3550295857988166,0.047736237910378496,653,Alan is from administration.
4402,1181,12,36,121,169,1.3550295857988166,0.046992616778612904,653,"So I thought: The least I could do would be to adopt an endangered species!  And there he was, right on my window ledge!"
420,1184,16,39,145,200,1.355,0.044211403972346665,653,"...and here's your bloody Mary, compliments of Mary, here."
3940,1185,11,33,111,155,1.3548387096774193,0.04907347285520419,653,"It's got a bite to it, doesn't it?"
257,1186,11,39,122,172,1.3546511627906976,0.045677530547061286,653,"I much prefer a Bloody Mary, but I'll make do with a Stinger."
752,1186,11,39,122,172,1.3546511627906976,0.045677530547061286,653,Give that to me before you start doing the hokey pokey everywhere.
4682,1186,15,31,126,172,1.3546511627906976,0.04856371712395093,653,Would you rather have a Grasshopper?
3351,1189,15,37,137,189,1.3544973544973544,0.04540357674552359,653,As long as I keep his glass full of O-positive we're fine.
2241,1189,15,37,137,189,1.3544973544973544,0.04540357674552359,653,So what made you want to become a phlebotomist?
329,1191,11,34,113,158,1.3544303797468353,0.04841763588708841,653,We think maybe you've had enough Type O.
1914,1191,15,26,117,158,1.3544303797468353,0.051640779285642674,653,"The Bloody Mary story again, Margaret... Really"
4295,1191,11,34,113,158,1.3544303797468353,0.04841763588708841,653,I thought small bites were included
1869,1194,14,34,127,175,1.3542857142857143,0.047268330807733044,653,Tell us about your childhood in Chernobyl
2690,1194,12,38,125,175,1.3542857142857143,0.04585773879473022,653,Some of our closest friends are pests.
3089,1196,10,31,103,144,1.3541666666666667,0.05070285903703966,653,it looks like someone is out for blood
3991,1197,10,37,114,161,1.3540372670807452,0.04696531187238183,653,Something with more bite?
4833,1197,14,29,118,161,1.3540372670807452,0.05016273044284242,653,"Roger's sensing a delightful O-positive bouquet with a playful hint of iron deficiency."""
4081,1199,14,35,129,178,1.353932584269663,0.0466969845533415,653,Steve identifies as a female Anopheles mosquito.
4059,1199,15,33,130,178,1.353932584269663,0.04737180953313719,653,"This is Skeeter, our bartender, he whips up a mean Bloody Mary"
1923,1199,13,37,128,178,1.353932584269663,0.04601226352078545,653,Wine? You usually have a Bloody Mary!
3877,1199,12,39,127,178,1.353932584269663,0.04531719786391686,653,I usually lean towards a full  bodied red.
3893,1199,13,37,128,178,1.353932584269663,0.04601226352078545,653,Of course it's a stinger!
0,1204,10,38,116,164,1.353658536585366,0.046373741485601146,653,"Last glass, you’re flying home tonight."
1034,1204,16,26,122,164,1.353658536585366,0.0509845475992166,653,"Bob and Erica are itching to meet you, Sheila."
1271,1204,18,22,124,164,1.353658536585366,0.05243145517789159,653,Gerald is a pharmaceutical lobbyist.
1542,1204,10,38,116,164,1.353658536585366,0.046373741485601146,653,"My husband studied Kafka for years, and then this happened."
2576,1204,13,32,119,164,1.353658536585366,0.04873370493441961,653,You look a little buzzed.
3415,1204,16,26,122,164,1.353658536585366,0.0509845475992166,653,Simon is our local expert on buzz words
4589,1204,13,32,119,164,1.353658536585366,0.04873370493441961,653,...and this is Sara from the West Nile.
4852,1204,11,36,117,164,1.353658536585366,0.04717351585858957,653,They *also* think Kafka is overrated.
5555,1212,11,42,128,181,1.3535911602209945,0.04410287298279207,653,"He's really a wonderful pet. Since he developed a taste for red wine, he only bites people when we ask him to."
3598,1212,5,54,122,181,1.3535911602209945,0.0397081764893087,653,I'm  glad you came. I've been just itching to meet you.
1158,1212,9,46,126,181,1.3535911602209945,0.042688273529462674,653,This is Gary! He just moved into the bird bath.
2084,1212,13,38,130,181,1.3535911602209945,0.04547348803144925,653,"Honey, meet the Millers—they’re hot-blooded."
1345,1216,9,41,117,167,1.3532934131736527,0.04500746982978318,653,"What do you mean, 'Kafkaesque' ?"
5835,1216,13,33,121,167,1.3532934131736527,0.048106671138728005,653,So I hear you have been going straw-less before it was cool.
4457,1218,15,35,134,184,1.3532608695652173,0.046253702014598407,653,You mean BYOB doesn’t mean bring your own blood?
2079,1219,13,34,123,170,1.3529411764705883,0.04750053745524238,653,"Mossie, I poured your favorite.  A full bodied 0 negative blend  with notes of lactic acid and carbon dioxide."
346,1219,12,36,122,170,1.3529411764705883,0.04676202962086448,653,We met at my lab.
1830,1219,14,26,113,153,1.3529411764705883,0.052023542138572236,653,And here’s to Miss Quito!
5731,1219,11,38,121,170,1.3529411764705883,0.046011669932619584,653,"Brian's just flown in from the coast"""
5586,1223,15,37,138,190,1.3526315789473684,0.04520250059329195,653,"Bob, here, is an expert on Kafka."
224,1224,15,31,127,173,1.3526011560693643,0.048325686837609294,653,"If it wasn't for environmental deregulation, I would have never met my husband."
5618,1224,10,41,122,173,1.3526011560693643,0.04471359225893441,653,...and he's from Minnesota.
1388,1226,12,31,113,156,1.3525641025641026,0.04965096302177674,653,"Oh, I'd like to introduce you to Brad, who works for the CDC"
5698,1227,14,34,128,176,1.3522727272727273,0.04704208219295152,653,It's awkward only if we make it awkward
5851,1227,13,36,127,176,1.3522727272727273,0.046346762908679416,653,"What do you mean, ""Not tonight I have a headache"" - You only live 24 hours!"
2178,1229,10,36,113,159,1.3522012578616351,0.047330088868561035,653,Can your dog shake up drinks for eight and skewer sixteen olives in one go?
4021,1229,11,34,114,159,1.3522012578616351,0.04816377070169956,653,So that is what all the buzz is about.
4657,1229,14,28,117,159,1.3522012578616351,0.050582440588665914,653,"Since he switched to Bloody Marys, I no longer have to keep swatting him away."
2275,1232,12,39,128,179,1.3519553072625698,0.04510667638136217,653,"So, which side of the Nile did you stay on?"
2162,1232,12,39,128,179,1.3519553072625698,0.04510667638136217,653,I hope you like it. That’s a rare Type B-Negative vintage.
294,1232,11,41,127,179,1.3519553072625698,0.04440542259156037,653,"Hal, you've changed. You seem different since going to work for those blood-suckers at corporate."
332,1232,10,43,126,179,1.3519553072625698,0.04369291540853259,653,"No worries, folks.  There's quinine in the tonic water."
929,1236,7,43,112,162,1.3518518518518519,0.04419549169601758,653,We met at the 4th of July barbecue.
1787,1236,10,37,115,162,1.3518518518518519,0.04672563744409847,653,"Susan, Jim: Watch this. He can get my olive with just one nod."
1833,1236,13,31,118,162,1.3518518518518519,0.04912564404526331,653,You know Chuck right here is a lawyer too...
1891,1236,10,37,115,162,1.3518518518518519,0.04672563744409847,653,That's so funny - we met in law school too!
2728,1236,8,41,113,162,1.3518518518518519,0.045054663713696555,653,Have you signed up for our blood drive?
2870,1236,11,35,116,162,1.3518518518518519,0.047539104226508755,653,I see you found our Type A Cabernet.
1621,1242,12,34,119,165,1.3515151515151516,0.047716566332787654,653,‘Martha just returned from a fabulous-sounding cruise of the West Nile.’
689,1242,15,28,122,165,1.3515151515151516,0.04998599996612548,653,To global warming!
4644,1244,14,43,145,202,1.3514851485148516,0.04270442205506508,653,"Well, you have to understand, we have a very different perspective on the whole anti-vaccination question."
772,1245,9,34,105,148,1.3513513513513513,0.04876189552245208,653,"Hon, meet the Wilsons—they’re warm blooded."
96,1246,9,41,118,168,1.3511904761904763,0.044788162917489625,653,Vector here says bankers are the real blood-suckers.
4413,1246,13,33,122,168,1.3511904761904763,0.04786568222894604,653,"Help yourself, there's plenty of food at this party."
4632,1248,13,40,135,188,1.351063829787234,0.0442474742952882,653,Didn't we meet in the tropics?
375,1249,14,25,112,151,1.3509933774834437,0.0524866643394534,653,"This is Buzz, he's a phlebotomist."
921,1250,11,38,122,171,1.3508771929824561,0.04578834678280712,653,"Harold, why don't you explain your work on genetic coding?"
4492,1250,9,42,120,171,1.3508771929824561,0.0442602959987142,653,His family is four generations 100 percent WASP
4547,1250,14,32,125,171,1.3508771929824561,0.04798928057301768,653,He’s my lawyer.
3431,1253,10,34,110,154,1.3506493506493507,0.04834276536830878,653,"Why, yes, I am the type who likes to 'be positive.' How could you tell?"
944,1254,11,39,124,174,1.3505747126436782,0.045242370104201284,653,Monty here is also a phlebotomist!
3194,1254,11,39,124,174,1.3505747126436782,0.045242370104201284,653,Did you have your proboscis done?
5209,1254,9,43,122,174,1.3505747126436782,0.04374917732409341,653,My friends tell me I’m Type A but I’ll let you decide.
586,1257,11,46,137,194,1.3505154639175259,0.04203726667212813,653,We met on Bumble.
4099,1258,14,27,116,157,1.3503184713375795,0.051011523900516775,653,Michael here is also anti vax.
273,1259,13,36,128,177,1.3502824858757063,0.04612712925189333,653,Obviously I prefer red.
1326,1259,17,28,132,177,1.3502824858757063,0.048831520502355626,653,We have vintage O Positive if you prefer.
4224,1261,11,47,139,197,1.350253807106599,0.04160376777344036,653,Would you like that in a taller glass?
565,1262,15,26,119,160,1.35,0.05108877462889241,653,Steven's gene therapy has helped immensely with his mosquito bite allergies.
2197,1262,12,39,129,180,1.35,0.04489798077686624,653,"Not a bad red, but i prefer A positive."
2235,1262,10,36,114,160,1.35,0.04708482910742558,653,So do you have any blood relation with the host?
2823,1262,15,26,119,160,1.35,0.05108877462889241,653,Oh? Ricahrd's also a lawyer!
5058,1262,14,35,131,180,1.35,0.04625986565805642,653,So what’s your position on plastic straws?
5795,1262,15,40,145,200,1.35,0.04355439041730599,653,We met in Minnesota.
5908,1268,13,38,132,183,1.349726775956284,0.04505762250082869,653,"Gregor, This is my sister, Mary, and, of course, You remember Mr. Kafka."
2777,1268,10,44,129,183,1.349726775956284,0.04301211020510219,653,It's a much better vintage than 0-negative.
1135,1270,14,29,120,163,1.3496932515337423,0.049639877343251565,653,"Here's your Mojito, I mean Mosquito! Yes, Type A negative, shaken, not stirred..."
4095,1270,8,41,114,163,1.3496932515337423,0.04482940162905899,653,We have the same problem now that they outlawed plastic straws
41,1272,10,38,118,166,1.3493975903614457,0.04591169666256938,653,"He said that I was just his type, so now we're dating."
1317,1272,12,34,120,166,1.3493975903614457,0.047475494633456454,653,Margaret here specializes in infectious diseases.
3510,1272,9,40,117,166,1.3493975903614457,0.04510947284449244,653,"So, where are you summering?"
3615,1272,13,32,121,166,1.3493975903614457,0.04823838659013313,653,Perhaps you could explain to our guests the importance of a good nose
2679,1276,9,33,104,146,1.3493150684931507,0.04917118041892739,653,You're studying diseases? That's interesting. My friend says he knows quite a bit about Malaria.
2353,1277,13,40,136,189,1.3492063492063493,0.044051916448666795,653,Nobody here takes you for a sucker.
6058,1278,10,39,120,169,1.349112426035503,0.04535417075963282,653,"Why the long face, Skeeter? You’re sucking the life out of this party."
5848,1278,11,37,121,169,1.349112426035503,0.04612421471882875,653,"Oh, we don’t ever discuss Kafka, do we, dearest!"
2927,1278,12,35,122,169,1.349112426035503,0.046881612190317265,653,It's a cabernet.  You look disappointed.
3168,1278,13,33,123,169,1.349112426035503,0.04762696651790864,653,I can't believe we went to the same law school and never met.
958,1282,9,49,134,192,1.3489583333333333,0.04099140600331445,653,We’re dying to hear the latest buzz!
3067,1283,16,28,128,172,1.3488372093023255,0.04915641120140035,653,"I'm sorry, I didn't think you'd need a straw."
3735,1283,13,34,125,172,1.3488372093023255,0.047035671507783344,653,You grew up in Fukushima? How interesting.
4794,1283,12,36,124,172,1.3488372093023255,0.046307180201171284,653,"Why, as a matter of fact it is type AB."
5922,1283,14,32,126,172,1.3488372093023255,0.04775305068990309,653,I hear you are a lover of vintage reds.
1975,1287,13,27,112,152,1.3486842105263157,0.05134973986630415,653,"The lesson is, never order a cocktail from a drunk genie."
2775,1288,15,31,129,175,1.3485714285714285,0.04785622379824812,653,"You ordered another Stinger, Joanne?"
5612,1289,11,32,112,155,1.3483870967741935,0.04894663217832321,653,It all started with a Bloody Mary.
2848,1290,17,28,133,178,1.348314606741573,0.04859627159137255,653,I'd really love a full-bodied red if you have one.
5659,1291,10,35,113,158,1.3481012658227849,0.04745155444598154,653,"I guess it's true what they say about deet cocktails.  If they don't kill you, they'll just make you stronger."
1141,1291,13,29,116,158,1.3481012658227849,0.049935227891642724,653,Love your proboscis job. Makes you look at least three weeks younger
874,1293,12,39,130,181,1.3480662983425415,0.04469109005057417,653,Phyllis! Did I hear there may be larvae on the way?
1052,1293,17,29,135,181,1.3480662983425415,0.04800239890811394,653,And Fred here used to draw blood for patients with HMO plans
1627,1293,9,45,127,181,1.3480662983425415,0.042580881476238,653,You have a very discerning nose. It is a 2019 Type O nouveau.
1653,1293,13,37,131,181,1.3480662983425415,0.04537268874679529,653,Linda was a pupa of mine.
2571,1297,11,34,116,161,1.3478260869565217,0.047663472840973525,653,Arthur is from the Andromeda galaxy. He’s a rescue.
5631,1297,8,40,113,161,1.3478260869565217,0.04515404066751763,653,"I'm with Walter now, if you haven't already heard the buzz."
1737,1299,16,33,138,187,1.3475935828877006,0.04625172351774966,653,If you don't like wine my husband can make you a stinger.
5918,1299,15,35,137,187,1.3475935828877006,0.04562587995967581,653,"It’s a rare full bodied, bold, and oaky O positive with hints of plumb."
4180,1301,9,39,116,164,1.3475609756097562,0.045437102849560186,653,Paul just moved here from a small swamp in New Jersey.
368,1302,15,28,124,167,1.347305389221557,0.04947465423892123,653,"Buzz, are you from the Amazon or do you work at Amazon?"
5838,1302,9,40,118,167,1.347305389221557,0.044887327952379645,653,"You should eat something, Harold.  When you drink you get peckish."
5032,1304,14,39,140,193,1.3471502590673574,0.04400015843390498,653,"This is Buzz, he judges the reds."
1626,1305,14,31,125,170,1.3470588235294119,0.048119358434729996,653,I met one of your little cousins at the beach yesterday. I'm afraid there was a small accident.
1604,1306,13,34,126,173,1.346820809248555,0.04680645160645114,653,"And this is our exchange student, Morris, but everyone calls him skeeter."
3055,1306,16,28,129,173,1.346820809248555,0.04891302400551533,653,I told you not to invite that prick to the parties anymore !
3066,1306,13,34,126,173,1.346820809248555,0.04680645160645114,653,Funny.  I don’t remember ordering a Stinger.
330,1309,7,38,105,150,1.3466666666666667,0.04632988093297065,653,"Oh, not you, Todd. You're one of the good bloodsucking parasites."
1770,1310,18,25,133,176,1.3465909090909092,0.04962782084803994,653,"I'm glad you're here, Bob and Martha were just about to tell me something about zika."
3643,1311,12,46,144,202,1.3465346534653466,0.041445298636999084,653,"No, you can’t spear my olive. Get your own."
1254,1312,14,25,114,153,1.34640522875817,0.05189914195333722,653,"Hi Bob, these are the Millers; they’re lawyers. You all should have a lot in common!"
3273,1312,10,33,110,153,1.34640522875817,0.048471885536572966,653,Have you met Ms. Squito?  She was just appointed Commissioner of the Internal Revenue Service.
986,1314,14,34,131,179,1.3463687150837989,0.04637548323747038,653,"I hope you don't mind, but I brought my lawyer with me."
4650,1315,9,36,111,156,1.3461538461538463,0.0469533726385849,653,I thought you only drank Type O
4176,1315,10,43,129,182,1.3461538461538463,0.043099619336415866,653,"You must meet the Frobishers.  Everyone hates them, too!"
638,1315,11,41,130,182,1.3461538461538463,0.043798287122204224,653,I loved you in Jurassic Park.
1530,1315,11,32,113,156,1.3461538461538463,0.04868310974060098,653,"I like a fine, O Negative vintage myself."
3366,1315,8,38,110,156,1.3461538461538463,0.04606415326692786,653,We are starting to believe that methadone does not work the same for everybody
2618,1320,12,49,150,211,1.3459715639810426,0.04023853381351771,653,'Is that a Bloody Mary?'
3972,1320,19,35,157,211,1.3459715639810426,0.0439897189085625,653,"No, you see, the Bloody Mary doesn’t actually have blood in it."
3225,1322,14,36,135,185,1.345945945945946,0.045302047881826416,653,Kafka-esque doesn't begin to describe my partner's day...
3780,1322,13,38,134,185,1.345945945945946,0.04464886488710323,653,"And this is my mosquito, Kevin."
5359,1322,17,30,138,185,1.345945945945946,0.047207401559805996,653,I'd like you to meet my new neighbor. She has her own web design company.
899,1325,13,29,117,159,1.3459119496855345,0.049668450453342054,653,"Don’t be shy, Brock. Tell them about your exciting mosquito research 
in the Congo."
4817,1325,14,27,118,159,1.3459119496855345,0.05046351619076997,653,Check out the legs on this moscato
3270,1327,7,42,113,162,1.345679012345679,0.04406409686632431,653,His stories about delaying the Panama Canal were beginning to get tedious.
1917,1327,12,32,118,162,1.345679012345679,0.04821878070993128,653,"Are you as buzzed as I am?"""
5890,1329,14,38,139,191,1.3455497382198953,0.04429221003593488,653,"He wants to start a book club, but please don't suggest Kafka."
5061,1330,10,37,118,165,1.3454545454545455,0.04602013237143623,653,"C'mon, have a drink with me.  I won't bite."
6026,1331,11,45,138,194,1.3453608247422681,0.04194054435488203,653,There’s been a lot of buzz around you tonight.
281,1332,11,36,121,168,1.3452380952380953,0.046235606841924404,653,"I agree, it is full bodied"
2203,1332,11,36,121,168,1.3452380952380953,0.046235606841924404,653,"Darling, these are the Walters. They're entirely bloodless."
4579,1332,9,40,119,168,1.3452380952380953,0.04466720655225243,653,We met at an entomology dating site.
5262,1332,14,30,124,168,1.3452380952380953,0.048493188576645925,653,We absolutely loved you in West Nile. I haven’t seen Zika yet but I know I must.
5926,1332,15,28,125,168,1.3452380952380953,0.04922271160511024,653,I’m thinking a gin and tonic might be too heavy on the quinine for you.
1087,1337,11,37,123,171,1.345029239766082,0.04567397471290442,653,"Well Kafka, it is nice that you were able to come!"
4151,1337,11,37,123,171,1.345029239766082,0.04567397471290442,653,"Oh, to be a fly on the wall at this party."
846,1337,11,37,123,171,1.345029239766082,0.04567397471290442,653,"Yes, I work for The Enquirer."
5928,1340,7,55,138,200,1.345,0.038565678495119785,653,We want to hear all about your summer.
4440,1341,13,35,129,177,1.344632768361582,0.04602084993759535,653,Perhaps you’d prefer a Bloody Mary?
5053,1341,12,37,128,177,1.344632768361582,0.04531795773852672,653,"See, this is what happens to the neighborhood when we can't use DDT."
4529,1343,7,37,104,148,1.3445945945945945,0.046689286638792134,653,Not to worry. It's a male.
2058,1344,15,32,133,180,1.3444444444444446,0.0468248332029391,653,Don't you agree that it's so much more civilized to drink out of a glass?
189,1345,11,31,112,154,1.344155844155844,0.04908108150541256,653,"My husband Daniel here, is the foremost West Nile expert in all of Manhattan."
566,1345,16,21,117,154,1.344155844155844,0.05322935985768589,653,"If you don’t like that, I can get you a Bloody Mary.”"
1069,1345,10,33,111,154,1.344155844155844,0.04820861047486576,653,And Buzz here is a nuclear reactor meltdown survivor.
2810,1348,17,30,139,186,1.3440860215053763,0.04698973609806716,653,Cory here is an experienced bloodsucker and just landed an important position in the White House.
5031,1348,13,38,135,186,1.3440860215053763,0.044447100507173654,653,"Of course, the constant itching and inflammation is an issue, but I’m learning to live with it."
1104,1348,10,44,132,186,1.3440860215053763,0.04244027364651878,653,"That's kind, Dear, but they're not innoculated."
1153,1351,15,24,118,157,1.3439490445859872,0.05168512295635706,653,I see you already have a buzz on.
2054,1351,13,28,116,157,1.3439490445859872,0.050080268573137,653,It’s blood.  Just seemed a friendlier way to handle it.
4303,1351,11,32,114,157,1.3439490445859872,0.048422253827153885,653,So you said you work in Human Resources?
1427,1354,14,37,138,189,1.343915343915344,0.04458948260467448,653,"Ah wonderful, I see that you helped yourself to the bottle of vintage AB Negative."
4698,1354,16,33,140,189,1.343915343915344,0.045834447085268244,653,If you don't like the wine I can get you a bloody Mary.
497,1356,10,35,115,160,1.34375,0.04695682062432096,653,"Thanks to Bloodsuckers Anonymous, Skeeter here has gotten over his addiction and switched to alcohol."
660,1356,11,33,116,160,1.34375,0.0477866022578077,653,"That's a Manhattan, a single malt, a pinot noir and two shots of type O negative."
2351,1356,10,35,115,160,1.34375,0.04695682062432096,653,"He was reading Kafka's Metamorphosis last night, and when he woke up this morning......."
3075,1356,11,44,137,192,1.34375,0.04220178843095845,653,He's transitioning
3661,1356,11,44,137,192,1.34375,0.04220178843095845,653,No. You're good. The exterminator isn't due back until next week.
2555,1361,10,36,117,163,1.343558282208589,0.046363124943781746,653,"Ok, maybe Zika Virus wasn't the best conversation-starter."
5592,1361,10,36,117,163,1.343558282208589,0.046363124943781746,653,"20 years of marriage, and his Kafkaesque qualities still make me go weak in my knees."
1606,1361,13,30,120,163,1.343558282208589,0.048752030118442334,653,And this Ms. Brzzlscz. She just moved up from the Florida swamps to take advantage of our warming climate.
407,1361,13,30,120,163,1.343558282208589,0.048752030118442334,653,"Let me introduce you to my husband, Mr. Wes Nile."
106,1365,12,33,121,166,1.3433734939759037,0.04735721447477964,653,"Celeste, honey, tell them your drain survival story."
942,1365,12,33,121,166,1.3433734939759037,0.04735721447477964,653,"Honey, you'll be glad to know that Karen and Ralph are both AB negative."
2085,1365,16,25,125,166,1.3433734939759037,0.05034663010889025,653,"Don’t you think you’re carrying this blood-sucking capitalist persona a bit too far, Buzz?"
2896,1365,9,39,118,166,1.3433734939759037,0.04498497207320381,653,Since you're partial to reds may I introduce you to the Rothschilds?
4078,1365,13,31,122,166,1.3433734939759037,0.04812198159820585,653,Only female mosquitoes drink blood. This is Barolo.
3449,1370,8,42,119,169,1.3431952662721893,0.04364949896712175,653,Well that's interesting; I didn't know there were slight notes of pesticide and herbicide in that particular Bourdeaux.
5112,1371,12,35,125,172,1.3430232558139534,0.04619392035550768,653,"With today's norms, we refer to him as an opportunistic financial player, not a blood sucker."
463,1371,9,41,122,172,1.3430232558139534,0.04393039847073926,653,"Coast is clear, Mozzie. Janice and Harold are etymologists, not entomologists."
4171,1371,14,31,127,172,1.3430232558139534,0.047643228163294,653,"John is a lawyer, you ought to have a lot in common."
2245,1374,15,30,130,175,1.3428571428571427,0.0477502298169562,653,The amazing thing is that we actually met in a fruit market.
2276,1374,12,36,127,175,1.3428571428571427,0.045640334273499394,653,"Paul, Jane - I want you to meet Steve. I'm _sure_ you've heard all the buzz about him."
4098,1376,10,41,127,178,1.3426966292134832,0.04367414004929214,653,I can see your point
4142,1377,10,42,129,181,1.3425414364640884,0.04318590551571891,653,...and Jim here just flew in this morning.
1045,1378,8,34,104,146,1.3424657534246576,0.04804968708871018,653,Want to hear the latest buzz?
2184,1378,9,32,105,146,1.3424657534246576,0.049022910364568545,653,Do you have to point that thing?
3029,1380,7,38,107,152,1.3421052631578947,0.04583114092383595,653,I think he's got a point.
2112,1380,9,34,109,152,1.3421052631578947,0.04769455136450979,653,What  did you think was in the Bloody Mary?
454,1382,12,42,139,193,1.3419689119170986,0.042657704145272306,653,Murray's had a tough go since moving here from Minneapolis--the market has been down and there's always the stigma male mosquitoes must face even though they don't bite.
4227,1383,7,53,136,196,1.3418367346938775,0.0389880292566095,653,His laughter's infectious.
6050,1384,9,36,113,158,1.3417721518987342,0.04645989975052686,653,"And this is my husband Jerry, the acupuncturist."
5116,1384,12,30,116,158,1.3417721518987342,0.04899386951527047,653,"Her whining is annoying, but she makes a Bloody Mary to die for."
1935,1384,11,32,115,158,1.3417721518987342,0.048164028018801555,653,"Honey, Dont you I think that it might be  time to move away from 3 Mile Island."
3474,1384,10,34,114,158,1.3417721518987342,0.04731963588102146,653,You always ask such pointed questions.
362,1388,10,35,116,161,1.3416149068322982,0.04671307129345131,653,Please tell me that’s wine in your glass.
4472,1388,10,35,116,161,1.3416149068322982,0.04671307129345131,653,"I used to travel to hot and humid areas to give people malaria, but now I’m just a drunk like everyone else."
4875,1388,14,27,120,161,1.3416149068322982,0.04992664655149837,653,Gregor works with those bloodsuckers down in Collections.
5054,1388,11,33,117,161,1.3416149068322982,0.04753683604553272,653,Have you met Larry? He's a Hedge Fund Manager; but I guess that's obvious.
2541,1392,12,32,120,164,1.3414634146341464,0.0477215604136529,653,Frank believes in total diversity in hiring.  And it's paid off.  I mean we've all heard about lawyers being nothing but bloodsuckers but you haven't seen Smithers here work a corporate tax case yet!
5185,1392,10,36,118,164,1.3414634146341464,0.04612714959911842,653,"A toast to Georg, my comfort insect."
5841,1392,10,36,118,164,1.3414634146341464,0.04612714959911842,653,I can always count on Skeeter showing up. He’s a huge sucker for an open bar.
780,1395,9,39,119,167,1.341317365269461,0.0447620383331585,653,"So, what's the latest buzz from overseas?"
2697,1395,14,29,124,167,1.341317365269461,0.04862473043835568,653,"What do you mean, you would prefer a bloody mary?"
5428,1397,11,36,123,170,1.3411764705882352,0.04577969183689316,653,I gave at the office.
2006,1397,9,40,121,170,1.3411764705882352,0.04423293904018076,653,It’s an American Red Cross blend.
3140,1397,10,38,122,170,1.3411764705882352,0.04501295969392176,653,Shall we go hover over the appetizers?
79,1400,13,47,154,214,1.341121495327103,0.040318738747116736,653,This wine is repellent.
4407,1401,8,43,122,173,1.3410404624277457,0.04294516612940674,653,"Wow! This pest is my ex-neighbor. 
The last time I saw you, you were only this big."
4590,1401,11,37,125,173,1.3410404624277457,0.04523192787467069,653,"Let me introduce you! Turns out, he's quite the authority on malaria!"
4756,1401,14,31,128,173,1.3410404624277457,0.04740851510685056,653,Buzz makes a wicked Bloody Mary.  And his Stingers are to die for.
4934,1401,12,35,126,173,1.3410404624277457,0.04596890943219232,653,He's a lobbyist for the pest control industry.
4962,1401,14,31,128,173,1.3410404624277457,0.04740851510685056,653,"I'd like you to meet Ed, my bloodsucking husband."
1471,1406,13,35,131,179,1.3407821229050279,0.04558613678123167,653,Haven't we met before? I never forget a proboscis.
3815,1407,12,38,132,182,1.3406593406593406,0.04437899845180964,653,My lawyer is the real blood sucker.
2854,1407,18,26,138,182,1.3406593406593406,0.048309130720354025,653,"Yes, I talk, I drink, I smoke and I’m only two months old."
2251,1409,10,43,132,185,1.3405405405405406,0.04252114492513805,653,This is Harold. Harold carries the West Side virus.
4446,1409,16,31,138,185,1.3405405405405406,0.04648197720867255,653,Professor Petzold is an expert on Kafka.
4745,1409,15,33,137,185,1.3405405405405406,0.04584560828091456,653,"The Johnsons here were just saying they’re thinking about donating blood, and I realized we have an expert in attendance!"
836,1412,20,25,146,191,1.3403141361256545,0.04778925824295981,653,I thought I ordered a mojito.
2747,1413,13,41,143,197,1.3401015228426396,0.042643046926727074,653,I'll get you another drink. I didn't know that male mosquitos don't drink blood.
931,1414,14,25,117,156,1.3397435897435896,0.05104110060870354,653,Hope we all learn to get comfortable embracing diversity!
3050,1414,13,27,116,156,1.3397435897435896,0.05022430651994116,653,Listen. I’m not joking. His beak is at least this big.
5096,1414,14,25,117,156,1.3397435897435896,0.05104110060870354,653,"Mo, I think you know Citronella and Deet?"
5326,1417,13,28,118,159,1.3396226415094339,0.049542279314078876,653,I’d suggest you stick with the Bloody Mary’s...
4103,1417,15,24,120,159,1.3396226415094339,0.05112397120171929,653,And Jake here just landed a dream job at BuzzFeed.
373,1417,14,26,119,159,1.3396226415094339,0.050339337853553615,653,What law firm do you work for?
2822,1417,11,32,116,159,1.3396226415094339,0.047908396423113474,653,We are happy you are drinking out of a glass tonight.
527,1421,11,33,118,162,1.3395061728395061,0.047289527196614875,653,You both work on Wall Street.
4018,1422,14,28,123,165,1.3393939393939394,0.04900862685342619,653,You know Bob and Josie. You stung them last summer.
1423,1422,13,30,122,165,1.3393939393939394,0.048248685744287124,653,Meet Anopheles. She prefers red.
3448,1422,11,34,120,165,1.3393939393939394,0.046691712498431605,653,"Quito loves people, but tonight she's sticking with Cabernet."
4208,1422,11,34,120,165,1.3393939393939394,0.046691712498431605,653,"I used to drink O negative by the gallon in college, but now if I have anything more than a glass of AB positive, I cannot sleep through the night."
926,1426,14,29,125,168,1.3392857142857142,0.04837711050241587,653,She just came back from her visit to the Mosquito Coast.
5293,1426,14,29,125,168,1.3392857142857142,0.04837711050241587,653,"We've had offers from Malaria, Zika, West Nile Virus and Dengue Fever - but what he really wants to do is direct."
5776,1428,12,34,125,171,1.3391812865497077,0.04630386965135059,653,I'd like to introduce the life-blood of the party.
1894,1428,11,36,124,171,1.3391812865497077,0.04555489979228209,653,"Andrea and Charlie, meet Skeeter. He's a Summer Seasonal from Sarasota."
1461,1428,11,36,124,171,1.3391812865497077,0.04555489979228209,653,"So I said ""malaria? I hardly know her!"""
211,1428,11,36,124,171,1.3391812865497077,0.04555489979228209,653,His friends call him Skeeter.
104,1432,7,45,122,174,1.339080459770115,0.04195818670673937,653,We met last summer.
2307,1432,11,37,126,174,1.339080459770115,0.04501391455915287,653,I'm feeling a little buzzed. You?
2706,1432,12,35,127,174,1.339080459770115,0.045745964543268666,653,Clever of you to just buzz yourself in!
1044,1435,14,32,131,177,1.3389830508474576,0.04660433264102461,653,I've been itching to introduce you to my new boyfriend.
3581,1435,8,44,125,177,1.3389830508474576,0.042270034404866715,653,This is Harold from the Wetlands Advocacy Center
3554,1437,8,45,127,180,1.3388888888888888,0.04181176886295701,653,So you're the new neighbors creating all that buzz.
4445,1437,13,35,132,180,1.3388888888888888,0.04537168993550145,653,"Honestly,I just can't afford to live on the Upper West Nile anymore."
9,1439,11,40,132,183,1.3387978142076502,0.04349007936203568,653,He only drinks reds.
39,1439,14,34,135,183,1.3387978142076502,0.04551411565709577,653,"I wanted to honeymoon in Paris, but we settled on a garbage dump in Pittsburgh."
5993,1439,12,38,133,183,1.3387978142076502,0.04417506359127592,653,Could I get you something in a flute?
6010,1442,12,39,135,186,1.3387096774193548,0.04368299130352111,653,They’re here to see what all the buzz is about.
3229,1442,16,31,139,186,1.3387096774193548,0.046267637548233445,653,Have you met the Citronellas?
5675,1444,9,48,138,195,1.3384615384615384,0.04037281274605775,653,We met during my Caribbean vacation.”
2594,1445,12,25,108,145,1.3379310344827586,0.05199164541562593,653,"Let me introduce you Steve, these are type O and type B"
2928,1446,10,30,108,148,1.337837837837838,0.04940727371455494,653,How’s your Grasshopper?
2769,1447,13,25,113,151,1.3377483443708609,0.051371836039421415,653,"No, no. I ordered Moscato wine."
3604,1448,10,32,112,154,1.3376623376623376,0.0480683482108354,653,That stuff will give you a buzz!
5605,1449,9,35,113,157,1.3375796178343948,0.04656600643213291,653,We met at the botanical gardens.
438,1450,11,32,117,160,1.3375,0.04765532367127345,653,I couldn't ignore him in bed. He was just insatiable.
2297,1450,13,28,119,160,1.3375,0.04927740434130385,653,"He can't tell a merlot from a pinot noir, but Type O he knows"
5329,1450,9,36,115,160,1.3375,0.045976049958770054,653,"Actually, we met at a Zika conference.  It was love at first bite."
4216,1453,11,33,119,163,1.3374233128834356,0.04704464296654021,653,This red has some legs.
2267,1453,13,29,121,163,1.3374233128834356,0.04862796680848483,653,Really? The IRS?
3838,1453,8,39,116,163,1.3374233128834356,0.04456430573600861,653,He flew all the way across the pond to be here.
982,1456,8,40,118,166,1.3373493975903614,0.044033755901749815,653,Where are my manners?  Let me get you a Bloody Mary.
1983,1456,14,28,124,166,1.3373493975903614,0.04875538698012344,653,"Actually, Jerry is a phlebotomist!"
4576,1456,12,32,122,166,1.3373493975903614,0.047233982039692805,653,Here's to getting a buzz on.
4907,1456,11,34,121,166,1.3373493975903614,0.04645459836440563,653,Franklin here prefers a full-bodied red.
262,1460,14,29,126,169,1.3372781065088757,0.048131890895118074,653,It was love at first bite.
1293,1460,11,35,123,169,1.3372781065088757,0.045884112574348566,653,He adds a buzz to every party
5220,1462,7,44,121,172,1.3372093023255813,0.04222569113397696,653,"He ordered a “Stinger,” and the next thing we knew....”"
551,1462,14,30,128,172,1.3372093023255813,0.047528993086036274,653,That's a good year for an O Negative.
2743,1462,13,32,127,172,1.3372093023255813,0.04680818013732356,653,"So you limit yourself to reds, you say?"
5215,1462,11,36,125,172,1.3372093023255813,0.04533218300235968,653,I see you’ve already had a bite.
3582,1466,11,37,127,175,1.3371428571428572,0.04479787535593945,653,"So, have you fed on anyone I know recently?"
3902,1466,9,41,125,175,1.3371428571428572,0.04330689028806741,653,Heard the latest buzz?
4265,1466,15,29,131,175,1.3371428571428572,0.047640061045022254,653,A-positive? That won't go well with the fish.
4107,1469,9,42,127,178,1.3370786516853932,0.04282273471958826,653,"Hey Bob, have you tried the O Negative? It goes great with everything!"
3099,1469,10,40,128,178,1.3370786516853932,0.04355762368326631,653,"..and for you another Vodka Stinger, right ?"
4366,1469,12,36,130,178,1.3370786516853932,0.044991405013298555,653,He's related to Gnat King Cole.
2495,1469,12,36,130,178,1.3370786516853932,0.044991405013298555,653,We’ve kept it at 98.6F
552,1469,11,38,129,178,1.3370786516853932,0.04428031789635045,653,"Eau-de-Citronellla. Why, do you like it?"
2537,1469,8,44,126,178,1.3370786516853932,0.0420750120237109,653,Nat's either an etymologist or an entomologist … I can never remember which...
2234,1475,15,31,135,181,1.3370165745856353,0.046498641521004046,653,"Oh, have you met Sting?"
1743,1475,9,43,129,181,1.3370165745856353,0.04235327068915267,653,"With summer approaching, I thought it best we put this all behind us."
502,1477,14,34,136,184,1.3369565217391304,0.045303514214892794,653,"I think you may have misread the flier. You see, ""WASP"" is an acronym."
3347,1477,18,26,140,184,1.3369565217391304,0.047853887252649545,653,"Tom, Lisa,  meet  our landlord."
3785,1477,14,34,136,184,1.3369565217391304,0.045303514214892794,653,You got a buzz on already?
4410,1477,10,42,132,184,1.3369565217391304,0.04260073092387842,653,This is Skeeter. We met camping last year in the Catskills.
4795,1481,13,37,137,187,1.3368983957219251,0.044142687739240315,653,Would you like another Stinger?
5235,1482,15,34,141,190,1.3368421052631578,0.04491463026435646,653,"If you think he's a bloodsucker, you should meet my ex-husband's attorney!"
1370,1483,15,35,143,193,1.3367875647668395,0.04441765060040376,653,And you may know the Jones. They work in banking too.
2233,1483,17,31,145,193,1.3367875647668395,0.045616580507054805,653,"Yes, I am drinking blood. I am on the Mos-Keto diet."
4181,1485,14,38,144,196,1.336734693877551,0.04333539932001384,653,"Tom, Linda... this is Nick. He teaches phlebotomy over at NYU."
3954,1486,17,33,149,199,1.3366834170854272,0.044618583634681956,653,I think you have a point there.
5780,1487,8,32,103,143,1.3356643356643356,0.048562570449889465,653,I'm a sucker for a Stinger
2923,1488,12,26,111,149,1.3355704697986577,0.05093960090020773,653,"Funny, we're the opposite. I'm the cocktail drinker, and Marty only drinks red."
4751,1488,13,24,112,149,1.3355704697986577,0.05182217345345184,653,"He says it’s got the nose and color of what he’s used to, but not the body"
4765,1488,13,24,112,149,1.3355704697986577,0.05182217345345184,653,My parents were anti-vaxers.
5350,1488,7,36,106,149,1.3355704697986577,0.04627493200466555,653,My friend here takes issue with the slogan “Buzzed driving is drunk driving”.
1030,1492,12,29,117,158,1.3354430379746836,0.048860893173330644,653,"Of course .
Let me get you a Bloody Mary ."
3274,1492,9,35,114,158,1.3354430379746836,0.046319649355811045,653,I can get you a Bloody Mary if you prefer that.
3367,1492,6,41,111,158,1.3354430379746836,0.04363064234222255,653,"It's not just you - we're all buzzing a bit, Howard."
3369,1492,14,25,119,158,1.3354430379746836,0.05048403898127134,653,You look like you got your buzz on already.
3586,1492,8,37,113,158,1.3354430379746836,0.04544099758325997,653,"I'm not gonna lie, he doesn't look anything like his profile picture... but a date's a date!"
3983,1492,10,33,115,158,1.3354430379746836,0.0471819411589724,653,They only bite when they're sober.
142,1498,8,39,117,164,1.3353658536585367,0.04433949986491734,653,We saw him in our rain barrel and it was love at first sight.
668,1499,10,36,121,167,1.3353293413173652,0.04543259625506297,653,"No no no, Jane and Bob, you’ll be fine.  He only likes bloody MARYS."
4191,1499,11,34,122,167,1.3353293413173652,0.04621975410328664,653,Wouldn't you agree that the positive aspects of climate change do not get talked about enough?
764,1501,11,35,124,170,1.3352941176470587,0.04565653462528092,653,...and this is one of Fred's bloodsucking lawyers.
848,1502,8,42,123,173,1.3352601156069364,0.04281832358953431,653,I want you to meet my old friend from summer camp.
1097,1502,13,32,128,173,1.3352601156069364,0.04657762886457956,653,"Billy, this is the unique couple I've been telling you about"
1600,1502,12,34,127,173,1.3352601156069364,0.04585043266448885,653,Francine works in the genetic engineering lab.
2078,1502,9,40,124,173,1.3352601156069364,0.043596125632259564,653,These parties are becoming a such a drag. It's great to have some fresh blood  around here.
2517,1502,16,26,131,173,1.3352601156069364,0.048694101450007084,653,This is Anopheles. Her kids are already out of the house.
4984,1502,10,38,125,173,1.3352601156069364,0.044360291988099536,653,From the outset ours was not your garden-variety relationship
287,1508,13,33,130,176,1.3352272727272727,0.04601721547882955,653,"Let me introduce you—John and Patty are blood-sucking vermin, and Lisa is a mosquito."
5971,1509,10,41,131,182,1.335164835164835,0.04287457477352228,653,"That's right, you were at the pool party.  So how are the larvae?"
2676,1509,10,41,131,182,1.335164835164835,0.04287457477352228,653,"Yes, I see your point."
4016,1509,9,43,130,182,1.335164835164835,0.042160602392699094,653,I'm a sucker for some good wine.
1506,1512,13,36,136,185,1.335135135135135,0.04443853332276423,653,What a surprise. I didn't hear you come in.
3860,1512,8,46,131,185,1.335135135135135,0.041000136718991054,653,Bob's been generating quite the buzz around town.
3950,1512,12,38,135,185,1.335135135135135,0.04377246665768258,653,You might like a Stinger instead.
4997,1512,12,38,135,185,1.335135135135135,0.04377246665768258,653,"Before we met, he thought everyone sucks."
2255,1516,14,35,139,188,1.3351063829787233,0.044586409842745534,653,"I'm not being negative. In fact,I'm O Positive."
4299,1517,16,32,144,192,1.3333333333333333,0.04512280444624048,653,Well I think your point sucks.
4653,1517,10,44,138,192,1.3333333333333333,0.04133814642921967,653,"Okay, well, then let's toast to the pest control guy who never shows up."
3786,1517,9,37,119,165,1.3333333333333333,0.04494665749754948,653,Phil is B-negative and Leah is AB negative!
4693,1517,14,31,132,177,1.3333333333333333,0.046491342829123865,653,Let introduce you to my attorney.
3468,1517,9,38,121,168,1.3333333333333333,0.04440997617903022,653,Are you feeling the buzz?
3465,1517,10,28,106,144,1.3333333333333333,0.050251890762960605,653,"I told him we're having fish, but he insists on only drinking red."
3602,1517,12,42,144,198,1.3333333333333333,0.04175310216350223,653,I suppose you don’t need a straw...?
4749,1517,15,23,121,159,1.3333333333333333,0.050996492030337334,653,I’d like to introduce my blood-sucking lawyer
3458,1517,12,33,126,171,1.3333333333333333,0.04618206294370681,653,"I'm so glad you're here, Matt! I wanted you to meet Bill and Stacy, because I think you have a lot in common. They're both volunteers at the American Red Cross."
5049,1517,16,24,128,168,1.3333333333333333,0.04971164833547582,653,Gregor Samsa awoke from troubled dreams to find himself trapped in a conversation about the benefits of cleansing.
5052,1517,12,29,118,159,1.3333333333333333,0.04859843322268975,653,"I think we're all happy your wife is in the Hamptons this weekend, Mort."
5226,1517,15,30,135,180,1.3333333333333333,0.046610767265489114,653,"I prefer white Burgundys, but he's got a thing for AB negative from Atlanta."
5256,1517,14,33,136,183,1.3333333333333333,0.04540584308523244,653,Nobody ordered a Stinger.
5464,1517,8,34,108,150,1.3333333333333333,0.04698199632965865,653,"This is my friend, Mary, from Naples. She’s a phlebotomist."
5664,1517,13,30,125,168,1.3333333333333333,0.047511998294545346,653,I would have figured you for a Bloody Mary!
5683,1517,12,27,114,153,1.3333333333333333,0.049939764198077816,653,The Hamptons are refreshingly Type-A.
6046,1517,7,38,111,156,1.3333333333333333,0.04486293189086007,653,Oh I’m glad you’re here; we were just saying this party needed a little buzz.
4773,1517,9,41,127,177,1.3333333333333333,0.042900329615473194,653,"You could be right, if Trump can get into office, you'd probably have a good shot.."
3442,1517,15,29,133,177,1.3333333333333333,0.047176755859669954,653,"Cheers! I may eat like a bird, but I drink like a fish."
210,1517,14,42,154,210,1.3333333333333333,0.041245881659316405,653,I'd like you two to meet the First Lady of Minnesota.
3228,1517,12,30,120,162,1.3333333333333333,0.04796287192241285,653,Mo here is a specialist in infectious diseases.
3301,1517,11,37,129,177,1.3333333333333333,0.04437162327312129,653,This isn't what I imagined when you said you had a bug problem.
775,1517,7,41,117,165,1.3333333333333333,0.043271033731437925,653,I have heard a great new drink which uses only mesquite and a tomato...I think it's called The Mesquito...have you tried it?
1195,1517,11,46,147,204,1.3333333333333333,0.04032291819070644,653,"No worries, he prefers a Merlot to a Type-O"
1298,1517,13,24,113,150,1.3333333333333333,0.05152412320636748,653,I'm a strict nectar and fruit juice guy. It's my wife who's the bloodsucker.
1383,1517,12,37,134,183,1.3333333333333333,0.04406350083148787,653,I had you as the Bloody Mary type!
1498,1517,15,29,133,177,1.3333333333333333,0.047176755859669954,653,A bloody Mary.  And yours?
1514,1517,12,31,122,165,1.3333333333333333,0.04734903916896513,653,This is Joyce. She works at the IRS.
1515,1517,11,38,131,180,1.3333333333333333,0.043866509313534835,653,"Ready for another Type O, Fred?"
1868,1517,10,37,124,171,1.3333333333333333,0.04466748301088491,653,Not much of a nose but the legs go on forever.
2003,1517,10,39,128,177,1.3333333333333333,0.04364217703671556,653,"No, really . . . WHAT are you drinking ?"
2207,1517,6,48,126,180,1.3333333333333333,0.0401734291192636,653,Meet Bob. He's in the extraction industry.
2315,1517,9,34,113,156,1.3333333333333333,0.04667021137429671,653,"I know, you see mosquito and think Chardonnay, right?"
2421,1517,12,30,120,162,1.3333333333333333,0.04796287192241285,653,He's a hell of a lawyer.
2505,1517,11,37,129,177,1.3333333333333333,0.04437162327312129,653,"Our therapist says it’s only co-dependence if I drink his blood, too."
2551,1517,13,33,131,177,1.3333333333333333,0.04579567253210014,653,You can't tell me you've never tried a stinger!?
2897,1517,8,44,128,180,1.3333333333333333,0.04168993763562226,653,I'll let David tell the story - he's such a sucker for romance!
3111,1517,12,37,134,183,1.3333333333333333,0.04406350083148787,653,Don’t tell me. Bloody Mary. Right?
5658,1555,12,36,133,181,1.3314917127071824,0.04435974415043154,653,Penetrating!
5551,1555,13,34,134,181,1.3314917127071824,0.045046356737218816,653,So you've never even seen the Nile?
5919,1555,11,38,132,181,1.3314917127071824,0.043662335563809586,653,"I’d ask if that’s wine, but I don’t think I want to know..."
1131,1555,16,28,137,181,1.3314917127071824,0.04704610842473456,653,Howard hasn't been himself since his return from Lubango.
3365,1555,13,34,134,181,1.3314917127071824,0.045046356737218816,653,Miss Skuito meet He and Mo Globin
2008,1560,10,39,129,178,1.3314606741573034,0.043436689834336295,653,"And do you want to know what she said?
All right I’ll bite."
4760,1560,9,41,128,178,1.3314606741573034,0.04269971957396818,653,"That's an excellent point, just don't stick me with it."
3149,1562,11,36,128,175,1.3314285714285714,0.044676227265345377,653,"I initially found him really irritating—but one drink led to another, we discussed our shared fear of spiders, and eventually the love bug bit me."
3514,1562,8,42,125,175,1.3314285714285714,0.042413688211347764,653,This is a full-bodied AB blend with an O-positive finish.
3859,1562,12,34,129,175,1.3314285714285714,0.045405360120326976,653,Good timing – we were just talking about the resurgence of the West Nile Virus.
4439,1562,10,38,127,175,1.3314285714285714,0.04393499559204485,653,"Sorry, I'd prefer a Grasshopper."
200,1566,10,37,125,172,1.3313953488372092,0.04444929704768596,653,Did I mix up the Type O Negative and the Merlot again?
4253,1567,9,38,122,169,1.331360946745562,0.04419045263302087,653,"As you can see, he's survived many Raids."
3279,1567,13,30,126,169,1.331360946745562,0.04727119224697008,653,Michael is also an agent.
2920,1567,5,46,118,169,1.331360946745562,0.04087819212456096,653,"No, I don't need you to spear my olive."
1413,1567,12,32,125,169,1.331360946745562,0.04652013798684736,653,...and this is Malaria.
467,1567,10,36,123,169,1.331360946745562,0.04498042331999497,653,He likes red wine only and can drink a whole bottle without removing the cork.
1463,1567,13,30,126,169,1.331360946745562,0.04727119224697008,653,So you're going to run on the anti-Roundup platform.
1244,1573,8,39,119,166,1.3313253012048192,0.04389618525256441,653,"Thanks to global warming, they get smarter and bigger every year."
4422,1573,9,37,120,166,1.3313253012048192,0.04472017922431928,653,"Bob, Judy you remember, Morty, my old friend from summer camp?"
1260,1575,7,40,116,163,1.3312883435582823,0.043562495729162806,653,This is Skeeter! He just moved into our bird bath.
1434,1575,15,24,124,163,1.3312883435582823,0.05003612625358574,653,You're right!......I never should have added steroids to the insecticide!
3626,1575,12,30,121,163,1.3312883435582823,0.047711558812807406,653,I'd like you both to meet Bugsy--he's going to be staying with me for a week until I have the house sprayed.
1374,1578,12,29,119,160,1.33125,0.04833865319888176,653,"John, I was just telling the Henderson's about your dead-on Elvis impersonation."
2509,1578,8,37,115,160,1.33125,0.04496843319793042,653,"Yeah, that's a good point."
4466,1578,8,37,115,160,1.33125,0.04496843319793042,653,It has its advantages; I don’t need straws
3986,1581,8,35,111,154,1.3311688311688312,0.0461166565918486,653,I'm beginning to think that my office is being bugged.
5897,1581,8,35,111,154,1.3311688311688312,0.0461166565918486,653,"No, Karen, you wouldn’t like it; it isn’t an ordinary Bloody Mary."
3765,1583,6,38,107,151,1.3311258278145695,0.04479223985202365,653,"What can I say, it was classic case of love at first bite."
380,1584,11,26,108,145,1.3310344827586207,0.05090669514431852,653,I met George at the Blood Drive!
2913,1585,7,32,100,139,1.330935251798561,0.048314829194731256,653,You must meet Brian.  He is visiting us all the way from Uganda...specifically the West Nile region.
5701,1586,5,35,96,136,1.3308823529411764,0.04674030960911048,653,Here's to your metamorphosis
1268,1587,16,30,142,188,1.3297872340425532,0.04574051318971643,653,Your skinny jeans are stunning.
4454,1587,14,34,140,188,1.3297872340425532,0.04447938803523123,653,"George, how are the gene splicing experiments going?"
271,1589,12,37,136,185,1.3297297297297297,0.04365986147828877,653,One more glass and you should have a good buzz.
5635,1589,13,35,137,185,1.3297297297297297,0.044327620180693854,653,"Mo, meet your hosts."
6064,1589,15,31,139,185,1.3297297297297297,0.04563383310708015,653,He’s not much to look at but my god he plays my g-spot like a Stradivarius.
1954,1592,13,34,135,182,1.3296703296703296,0.044835176739627544,653,It's called the exoskeleton diet and it works wonders.
3683,1592,10,40,132,182,1.3296703296703296,0.04275575715138692,653,"What can I say, I’m a sucker for reds!"
5986,1592,10,40,132,182,1.3296703296703296,0.04275575715138692,653,All we’re saying is maybe we can play another game besides Twister.”
2723,1595,7,45,127,179,1.329608938547486,0.0409973400534717,653,"This is Lance, our new Vector Consultant...he's sure to bring fresh blood into the department!"
2355,1595,12,35,132,179,1.329608938547486,0.04466134105296631,653,"They grow up so fast. It seems like only yesterday they were larva -- now, five days later, they're fully grown adults."
77,1597,10,37,126,173,1.329479768786127,0.0442331157620302,653,He's from the Superfund site across the street.
108,1597,12,33,128,173,1.329479768786127,0.0457274009787189,653,I take it you like the Bloody Mary?
1850,1597,10,37,126,173,1.329479768786127,0.0442331157620302,653,Have you met Steve? He works in corporate finance.
2057,1597,11,35,127,173,1.329479768786127,0.044986463132178474,653,You might wanna ditch when the clapping starts.
706,1601,9,38,123,170,1.3294117647058823,0.04397296149595056,653,"Your timing is impeccable, we were JUST discussing The Metamorphosis!"
1483,1601,11,34,125,170,1.3294117647058823,0.04552854743205527,653,We're so glad you came to our species-reveal party.
3526,1601,12,32,126,170,1.3294117647058823,0.04628673973771737,653,"May I help you get the olive,Ma'am?"
4165,1604,10,34,120,164,1.329268292682927,0.045859341069915356,653,I prefer a grasshopper
5952,1605,10,33,118,161,1.329192546583851,0.04643869724849377,653,I bet you think I'm just another blood-sucking management type.
1323,1605,11,31,119,161,1.329192546583851,0.04726724398238232,653,"Which is why I was saying, I don't think we can even *have* a discussion about implicit bias without mentioning insectionality."
612,1605,13,27,121,161,1.329192546583851,0.048882224343780104,653,I'd like you to meet Henry from my garden club.
134,1605,13,27,121,161,1.329192546583851,0.048882224343780104,653,She made the kabobs.
4952,1609,10,31,114,155,1.3290322580645162,0.04765966257639778,653,The AB seems a little oakier than the O positive.
2693,1610,10,30,112,152,1.3289473684210527,0.04830367135336772,653,"Lawrence's area of expertise is in blood transfusions."""
2274,1611,10,29,110,149,1.3288590604026846,0.04897179046732671,653,"Let me introduce you to my divorce attorney, he has quite a reputation!"
1330,1612,16,34,151,201,1.328358208955224,0.04357425132268161,653,"Yes, we heard the Keto diet  works too, but it appear to have some side effects."
1832,1612,10,46,145,201,1.328358208955224,0.04000259886114467,653,You'll appreciate this 2016 vintage AB-Negative.
5373,1614,15,34,146,195,1.3282051282051281,0.043926641979832926,653,What made you want to become an entomologist?
410,1615,11,40,138,189,1.3280423280423281,0.04232804232804232,653,Is the glass okay?...Or do you prefer a beaker?
1489,1615,17,28,144,189,1.3280423280423281,0.0461452804661929,653,"Sangria, right?"
2227,1617,9,42,132,183,1.3278688524590163,0.04184820317173614,653,Nigel! So glad you could make it. I know your time is short.
1376,1617,9,42,132,183,1.3278688524590163,0.04184820317173614,653,And then I crossed a mosquito with a hipster.
3174,1619,13,33,134,180,1.3277777777777777,0.0451430965426574,653,“No thanks.   One stinger’s enough for me.”
4350,1619,15,29,136,180,1.3277777777777777,0.04649780272573386,653,"I thought you were bringing Mojitos."""
370,1621,13,32,132,177,1.3276836158192091,0.04567671223280236,653,Don't they make such lovely hosts?
2125,1621,10,38,129,177,1.3276836158192091,0.04351733027467228,653,"All kidding aside, it was here when we moved in."
3880,1621,9,40,128,177,1.3276836158192091,0.04277331760393543,653,It's nice to meet a real born and raised New Yorker
5695,1621,8,42,127,177,1.3276836158192091,0.0420161321810963,653,"No, S.W.A.T. is a TV show we watch. We don't ever swat anything."
2020,1625,13,31,130,174,1.3275862068965518,0.04622755798616428,653,And our keynote speaker will be updating us on the battle against the DEET state.
1429,1626,11,34,126,171,1.327485380116959,0.04530249160053703,653,"And this is Skeeter, he wrote that stinging piece of satire I told you about."
5473,1626,7,42,122,171,1.327485380116959,0.04215587677654345,653,We've worked through his parasitic tendencies and we're very happy now...
5600,1628,12,31,125,168,1.3273809523809523,0.04662628895691385,653,Esmeralda no longer enjoys giving mosquito bites after we introduced her to alcohol.
4306,1628,10,35,123,168,1.3273809523809523,0.04507148569810188,653,Meet Ms.Quito !
3647,1628,10,35,123,168,1.3273809523809523,0.04507148569810188,653,His latest hit has gone absolutely viral!!
2958,1628,14,27,127,168,1.3273809523809523,0.04813089258213534,653,"Well, when we first let him in we thought he was a hummingbird."
1889,1632,9,36,120,165,1.3272727272727274,0.04480691627437607,653,"I don't think Bill and  Melinda are against everyone in your line of work, just those leaching off society the wrong way."
3098,1632,8,38,119,165,1.3272727272727274,0.04397442343012079,653,"No, I'm not interested in going out for a bite to eat"
1468,1634,10,32,117,159,1.3270440251572326,0.046787453303574665,653,"I guess you could say it was love at first bite, right dear?"
1711,1635,11,29,116,156,1.3269230769230769,0.04826472830358097,653,"Everyone, this is my friend Mel Aria."
5749,1635,8,35,113,156,1.3269230769230769,0.04562176060173602,653,I was just telling Fred here about your condo on the Mosquito Coast.
1085,1637,10,30,113,153,1.326797385620915,0.048035061798416955,653,When I told him I was 'A negative' he said that's really not his type.
1937,1637,9,32,112,153,1.326797385620915,0.04713138922175149,653,May I introduce you to Mr. Anopheles?  He was recently genetically modified.
3393,1637,10,30,113,153,1.326797385620915,0.048035061798416955,653,The last time I saw you your beak was this big.
4034,1637,11,28,114,153,1.326797385620915,0.04892204486714798,653,You think this party sucks? just try spend an evening with this guy
5721,1637,8,34,111,153,1.326797385620915,0.04621004801952416,653,They make the best stingers here.
327,1642,13,23,114,150,1.3266666666666667,0.051376285815741204,653,Bloody Mary?
1903,1643,7,34,106,147,1.3265306122448979,0.04646006288731121,653,So... how was the flight?
4752,1643,6,36,105,147,1.3265306122448979,0.04544611626285968,653,"So, you say that you prefer full bodied??"
2151,1645,14,33,140,187,1.3262032085561497,0.044572479068902306,653,Why don't you three bloodsuckers get acquainted?
512,1646,12,36,136,184,1.326086956521739,0.0437447287014444,653,He's just a little buzzed.
345,1647,10,39,132,181,1.3259668508287292,0.04283104407362277,653,I always feel awkward at parties too
5067,1647,9,41,131,181,1.3259668508287292,0.04210832438166571,653,I'm sure Mr. Gates doesn't have anything against you personally.
5299,1649,8,42,128,178,1.3258426966292134,0.041819958075079836,653,My shrink told me that sometimes a mosquito is just a mosquito.
35,1650,15,27,133,175,1.3257142857142856,0.04740708160546947,653,Buzzed already?
172,1650,11,35,129,175,1.3257142857142856,0.04455003486396484,653,"Sam, I'd like to introduce you to the Joneses.  They're warm-blooded mammals, too!"
3504,1650,10,37,128,175,1.3257142857142856,0.043806668001443484,653,Let me introduce you to Mr. O Positive and Ms. AB Negative.
4448,1653,12,32,128,172,1.3255813953488371,0.045826588599262245,653,"Why did you just assume I wanted a dark red, Karen?"
4292,1653,9,38,125,172,1.3255813953488371,0.043543976100408846,653,He's got a rather unique view on the theory of evolution
2023,1653,14,28,130,172,1.3255813953488371,0.04728715612779792,653,Let me introduce our resident expert on red blends.
3296,1653,11,34,127,172,1.3255813953488371,0.045078562162536646,653,"Wow, this Bloody Mary tastes just like the real thing."
575,1657,12,31,126,169,1.3254437869822486,0.04639003656988135,653,Sorry I assumed you would like a Bloody Mary.
813,1657,10,35,124,169,1.3254437869822486,0.044845855289932395,653,"Oh yes, the bloodbank has an excellent selection of reds."
2704,1657,8,39,122,169,1.3254437869822486,0.04324657189207239,653,"Let me introduce you to the Hendersons.  Unlike you, they don't bite."
3173,1657,8,39,122,169,1.3254437869822486,0.04324657189207239,653,"I think you'll like it, it's called a Bloody Mary."
4013,1657,12,31,126,169,1.3254437869822486,0.04639003656988135,653,"We adore her, but mum's the word! She's undocumented."
5660,1657,12,31,126,169,1.3254437869822486,0.04639003656988135,653,Tell us the secret of these Bloody Marys of yours.
2700,1663,12,30,124,166,1.3253012048192772,0.046972502866549234,653,"This chardonnay is fantastic, but I'm a sucker for reds."
18,1663,11,32,123,166,1.3253012048192772,0.04618870722828462,653,I saw the strangest cartoon in the New Yorker this week...
749,1663,12,30,124,166,1.3253012048192772,0.046972502866549234,653,This is my third cousin Gerald. He contacted me on 23andMe and says that we're blood relatives!
2939,1663,13,28,125,166,1.3253012048192772,0.04774343280154622,653,He can also grab that olive for you or stir your drink.  And he works for flies.
3053,1663,10,34,122,166,1.3253012048192772,0.045391379416056615,653,"Jeff, Lisa--meet Steve. Don't worry, he doesn't bite!"
647,1668,9,35,119,163,1.3251533742331287,0.045123842299755586,653,I like to get a little buzzed before I fly.
1579,1668,8,37,118,163,1.3251533742331287,0.04427663923396039,653,O positive?
4106,1668,9,35,119,163,1.3251533742331287,0.045123842299755586,653,Must be great being able to vaccinate your own kids!
2257,1671,9,34,117,160,1.325,0.04568658611609536,653,Speaking of intrusive species...
3719,1671,7,38,115,160,1.325,0.04393212317360591,653,"Well, Lance, here, teaches 7th grade math and I'm a phlebotomist"
1197,1671,12,28,120,160,1.325,0.048198684707647065,653,This our new neighbor Dr. Tse-Tse. He and his family recently relocated from Brazil.
2091,1671,12,28,120,160,1.325,0.048198684707647065,653,I'm a plastic surgeon. Why do you ask?
4394,1671,8,36,116,160,1.325,0.04481794059014916,653,Perhaps you'd prefer that in a beaker
4132,1676,12,27,118,157,1.3248407643312101,0.04884469659938042,653,Ms. Quito chairs Wetlands Preservation
473,1677,13,35,140,188,1.324468085106383,0.04372290110745666,653,"I was telling them about your identity crisis, honey."
725,1677,10,41,137,188,1.324468085106383,0.0417255820923748,653,"So, Giermo was just explaining how hard it is to live his best life when he's only got 24 hours - and that's of course if he doesn't encounter any windshields, and we all know how impossible city traffic can be. So, we can sympathize, am I right?"
1062,1677,11,39,138,188,1.324468085106383,0.04240181003663032,653,This is Larry from H.R. Don’t let him get under your skin.
2980,1677,10,41,137,188,1.324468085106383,0.0417255820923748,653,I was just telling the Ackermans about your new diet!
3897,1677,10,41,137,188,1.324468085106383,0.0417255820923748,653,I thought you’d prefer red!
4442,1682,7,46,132,185,1.3243243243243243,0.04002809696974619,653,"The fact of the matter is, human blood runs a distant second to a nice,  fleshy Châteauneuf-du-Pape."
5104,1682,7,46,132,185,1.3243243243243243,0.04002809696974619,653,so - what made you want to become a hematologist?
2788,1684,12,35,135,182,1.3241758241758241,0.0440337634812173,653,I understand that you and Dr. Klein share an interest in West Nile Virus.
3251,1684,15,29,138,182,1.3241758241758241,0.04605551682486096,653,I'm so pleased you showed us your true form congressman.
5770,1686,10,27,108,145,1.3241379310344827,0.049791479579978114,653,"Now that she is a grown-up,we let her suck blood from a glass."
337,1687,14,30,135,179,1.324022346368715,0.04592718017480572,653,I'm afraid all we have is type AB. Is that okay?
3757,1687,9,40,130,179,1.324022346368715,0.042372778828154385,653,Remember buzzed driving is drunk driving.
4349,1687,10,38,131,179,1.324022346368715,0.043107111759633866,653,The invitation said we were serving stingers.
3308,1690,13,20,109,142,1.323943661971831,0.05340217791063048,653,"I would like you to meet Ronald, a terrible bloodsucking pest, and certainly our best chance for Senator!"
464,1691,10,37,129,176,1.3238636363636365,0.04359635273351086,653,I’ve been slapped around as well.
1083,1691,13,31,132,176,1.3238636363636365,0.045776054509643956,653,This lovely guy was able to grow up and take his place among us simply because we said no to vaccines.
2409,1691,12,33,131,176,1.3238636363636365,0.04506120395123536,653,So you went from a blood expert to a wine expert.
2626,1691,10,37,129,176,1.3238636363636365,0.04359635273351086,653,The buzz on Arthur is he's a pest.
3998,1691,10,37,129,176,1.3238636363636365,0.04359635273351086,653,Moe is quite the expert on reds
4919,1696,14,28,131,173,1.323699421965318,0.047050678835481516,653,"And this is Lowell Anopheles, of the Boston Anopheles."
5218,1696,10,36,127,173,1.323699421965318,0.044101168220092225,653,‘’’We’ve been bonding over our refusal to give up red meat .’’
433,1696,9,38,126,173,1.323699421965318,0.043332432464046874,653,"So I said: Hey Waiter, there isn’t a fly in my soup!"
3794,1696,7,42,124,173,1.323699421965318,0.04175252127716128,653,"Which do you prefer, the red or the white blood cells?"
2522,1700,12,31,127,170,1.3235294117647058,0.04615606418235279,653,"This bartender makes a great Stinger, you should try one!"
2585,1700,8,39,123,170,1.3235294117647058,0.04303402936872585,653,"Now, everybody tells you one has to fumigate, but Sebastian here has a refreshingly different view on bed bugs."
2937,1700,8,39,123,170,1.3235294117647058,0.04303402936872585,653,"I know we're not the perfect match, but we connect at a primal level."
744,1703,10,34,123,167,1.3233532934131738,0.04516078505285336,653,"No, no, no.  It's not that kind of tasting."
3915,1703,13,28,126,167,1.3233532934131738,0.04749664311578435,653,Our apologies. The Clinic was all out of O negative.
5009,1703,12,30,125,167,1.3233532934131738,0.046730998709373466,653,Brings a whole new meaning to “getting buzzed.
2448,1706,12,39,144,195,1.323076923076923,0.04197293850380622,653,"Lawson, give us your perspective on what it is like to have been born three weeks ago."
3857,1706,11,41,143,195,1.323076923076923,0.04133835352961087,653,Some of my best friends are anopheles quadrimaculatus.
3907,1706,15,33,147,195,1.323076923076923,0.04382159112766127,653,So you have a waterfront condo behind the nuclear waste site?
6007,1709,11,30,120,161,1.3229813664596273,0.04712419535867553,653,"So, no Bloody Mary tonight?"
2493,1710,11,40,141,192,1.3229166666666667,0.04176879934705697,653,Now before we swap partners let me remind you -- never judge a book by its cover.
4188,1710,14,34,144,192,1.3229166666666667,0.04368346557153785,653,"I actually prefer white wine, but I get this a lot."
2882,1712,10,31,117,158,1.3227848101265822,0.04688901756160624,653,"This here is my cousin, Mitch. Which is why we asked everyone to wear loose, long-sleeved shirts and cover up as much as possible."
4438,1712,10,31,117,158,1.3227848101265822,0.04688901756160624,653,Because it gives me a buzz...
2701,1714,14,32,140,186,1.3225806451612903,0.04466451562949491,653,"And to my mother-in-law, who will go to any length to create a distraction."
2907,1714,12,26,117,155,1.3225806451612903,0.0492384261702941,653,Yes it is a Zika Red 2016.
3402,1714,9,42,135,186,1.3225806451612903,0.04128323827630767,653,"Oh, only DEET-free drinks, I assure you."
3829,1714,10,30,115,155,1.3225806451612903,0.04750629695740086,653,So tell me about your 23andMe results.
4806,1714,13,24,118,155,1.3225806451612903,0.050082030632641855,653,"AGAIN with the "" exceptional nose and a sharp finish???"""
5381,1714,8,44,134,186,1.3225806451612903,0.040573182322940785,653,"So,is that anything like a Grasshopper?"
5423,1714,12,36,138,186,1.3225806451612903,0.043343669421056115,653,Our gardener suggested we invite beneficial insects.
6028,1714,7,36,112,155,1.3225806451612903,0.04478266080661836,653,"No, I haven't introduced him to my parents yet."
5765,1722,15,29,139,183,1.3224043715846994,0.04583739889378221,653,"Preston, I'm thrilled to be able to introduce Sid and Rachel Rosenblum — the club's first non-Wasps!"
3387,1723,10,29,113,152,1.3223684210526316,0.048146160577332814,653,"Larry just moved in next door.  You know, where the marsh is."
3745,1724,10,38,132,180,1.3222222222222222,0.04290473875974465,653,"Yes, he has an amazing nose for wine."
694,1725,8,32,109,149,1.3221476510067114,0.046915039101258,653,"You, my friend, get the good stuff - AB positive."
2539,1726,8,41,128,177,1.3220338983050848,0.04188210908945813,653,"It's not that we don't like you, we're just afraid of you."
4211,1726,14,29,134,177,1.3220338983050848,0.04625277369096828,653,I would like to introduce my bloodsucking attorney
1196,1728,10,36,128,174,1.3218390804597702,0.043886428273601175,653,You would really enjoy reading Kafka.
1320,1728,15,26,133,174,1.3218390804597702,0.04752075785265145,653,Raymond handles all of my infestments.
2817,1728,11,34,129,174,1.3218390804597702,0.04463697295593889,653,"...So then I said--you're gonna love this--I said, hey Franz,you woke up as a what?"
4234,1731,9,37,125,171,1.3216374269005848,0.04361933937062729,653,Don't mind him... he's buzzed.
3887,1731,9,37,125,171,1.3216374269005848,0.04361933937062729,653,You should try the red.
278,1731,8,39,124,171,1.3216374269005848,0.04282344355053144,653,Would you like another bloody Mary?
1092,1731,9,37,125,171,1.3216374269005848,0.04361933937062729,653,"Honey, the Wilson's are just itching to hear where you found this delicious red wine."
3138,1735,10,44,145,199,1.321608040201005,0.04011843711027576,653,"Frank, why do you have to be such a buzzkill?"
664,1736,6,42,120,168,1.3214285714285714,0.0416386520347698,653,It's a symbiotic relationship.
3591,1736,10,34,124,168,1.3214285714285714,0.04493240858213019,653,Let me introduce you to the reason our parties always generate so much buzz.
3837,1736,6,42,120,168,1.3214285714285714,0.0416386520347698,653,This guy can really make a girl itch if you know what I mean.
5762,1736,10,34,124,168,1.3214285714285714,0.04493240858213019,653,It's called a stinger
5331,1740,12,29,124,165,1.3212121212121213,0.047078647213937314,653,You always have to stick your nose in!
1718,1740,11,31,123,165,1.3212121212121213,0.04628703051057582,653,"So a man walks into a bar and says, 'Nice legs'..."
2562,1740,9,35,121,165,1.3212121212121213,0.044661723359854744,653,"Don't be so modest, Dirk. Dirk here is the world's top killer of us."
4494,1740,12,29,124,165,1.3212121212121213,0.047078647213937314,653,"Slip of the tongue. I meant to say, you've invested in the neighborhood."
5415,1744,11,39,140,190,1.3210526315789475,0.04202338181477324,653,He's always preferred a red
3499,1744,21,19,150,190,1.3210526315789475,0.048196603039210056,653,Have you two met my friend Zika?
1165,1746,8,36,118,162,1.3209876543209877,0.044353185282216816,653,It seems he's jealous we're drinking grasshoppers
1497,1746,7,38,117,162,1.3209876543209877,0.04348015419219587,653,"Harold, do that thing you do."
1290,1748,12,36,139,187,1.320855614973262,0.04314576041063998,653,"Attorney, bloodsucker, . . . we’re all in the same “bag,” aren’t we?"
4136,1748,10,40,137,187,1.320855614973262,0.041791800976712264,653,"I was just explaining, it’s not really a bite, it’s more a pierce."
5991,1748,9,42,136,187,1.320855614973262,0.041098097554625554,653,"I'd like you to meet my husband, Bob, who just returned from an extensive trip to the West Nile Valley."
4578,1751,10,31,118,159,1.320754716981132,0.046637390065655114,653,... and this is our new head of Entomology.
1157,1752,8,43,133,184,1.3206521739130435,0.04081083102626945,653,"We thought we hired Sting for entertainment, and he just kinda grew on us.”"
3816,1752,8,43,133,184,1.3206521739130435,0.04081083102626945,653,"Honey, tell them your funny 'weirdo walks into a bar' story."
4520,1752,12,35,137,184,1.3206521739130435,0.043624649614925494,653,How do you like your Stinger?
3333,1755,9,32,115,156,1.3205128205128205,0.046362454761498015,653,"Oh, I'm just sipping to prolong the enjoyment. God knows when I'll get a glass of AB-negative again."""
5700,1756,12,34,135,181,1.3204419889502763,0.044118250554034406,653,"Bob, Carol...meet my friend Skeeter.  Fortunately, I'm not his type."
5467,1756,13,32,136,181,1.3204419889502763,0.044808563759102915,653,"...and this is Cheryl, my phlebotomist."
2265,1756,15,28,138,181,1.3204419889502763,0.04615822889327166,653,I don't usually get this big a buzz from the first martini.
3349,1756,9,40,132,181,1.3204419889502763,0.04197925641710982,653,"Chilled? Last night, darling, you said that you preferred 98.6."""
4139,1756,13,32,136,181,1.3204419889502763,0.044808563759102915,653,I'd prefer a Bloody Mary
5406,1761,8,33,112,153,1.3202614379084967,0.04604554472247329,653,"Oh, I'm sorry. A Bloody Mary is a drink, not a person."
1753,1761,11,27,115,153,1.3202614379084967,0.04876669073051605,653,Helen is an influencer in the field of bloodborne diseases.
3543,1761,10,29,114,153,1.3202614379084967,0.04787682960264073,653,I’ve been told I have a nose for good wines.
3776,1761,7,35,111,153,1.3202614379084967,0.045102027413230376,653,Do you have a point?
4506,1761,11,27,115,153,1.3202614379084967,0.04876669073051605,653,This guy sucks.
4548,1766,13,31,134,178,1.3202247191011236,0.045332934368554345,653,Skeeter here would like a very Bloody Mary.
5625,1766,13,31,134,178,1.3202247191011236,0.045332934368554345,653,"Honey, this is the couple I was telling you about."
2764,1766,13,31,134,178,1.3202247191011236,0.045332934368554345,653,"...and this is my husband Robert, who just retired from the Round Up plant."
352,1769,10,28,112,150,1.32,0.04853099288798357,653,"If you'd prefer a glass of AB negative instead, I'm sure Bob here would be willing to oblige."
4898,1769,7,42,126,175,1.32,0.041356315449834334,653,How’s that full-bodied red?
202,1771,9,37,126,172,1.319767441860465,0.04340529704497411,653,So type O has top notes of  blackberry?
1569,1771,11,33,128,172,1.319767441860465,0.044944618405000865,653,"They'd like to know what's in your glass, dear."
5734,1771,8,39,125,172,1.319767441860465,0.04261479033807496,653,"He gets buzzed after just a few sips!"""
1586,1774,12,30,127,169,1.319526627218935,0.04625506381780278,653,I'm sorry we're all out of Type A would you settle for Type O instead?
3183,1774,8,38,123,169,1.319526627218935,0.04310175653323499,653,"Harry, tell them about the time you held up a blood bank"
981,1776,14,33,144,191,1.3193717277486912,0.043767945847344204,653,"So, what's the buzz these days?"
4509,1777,8,37,121,166,1.319277108433735,0.04360461322776577,653,"Sure, he takes up space, and there's the occasional bite, but he mixes the perfect Stinger."
3137,1777,11,31,124,166,1.319277108433735,0.04604802216302452,653,You did ask for a Stinger.
1536,1777,9,35,122,166,1.319277108433735,0.04443401450320272,653,So what's the latest buzz?
4942,1780,9,42,137,188,1.3191489361702127,0.04091451722294448,653,"Its a funny story really, we we're both donating blood and we just clicked"
6022,1780,15,30,143,188,1.3191489361702127,0.044892465739770564,653,"My doctor said I’m anemic ..,,"
1159,1782,7,38,118,163,1.3190184049079754,0.043257428734028915,653,"And this is my husband, Cyril, an expert in field testing pesticides..."
6059,1782,14,24,125,163,1.3190184049079754,0.04900395570718862,653,You must be the lawyer!
2652,1784,9,33,118,160,1.31875,0.04553307164257147,653,And this is Maureen. She’s here on a job swap program doing pay day loans.
4766,1784,8,35,117,160,1.31875,0.04466144042690841,653,I'll tell ya what bugs me...
5685,1784,10,31,119,160,1.31875,0.046388327900548476,653,He got through border control because his visa said he's extinct.
6067,1787,12,34,136,182,1.3186813186813187,0.043910485770761336,653,"Sorry to be a pest, but I am a pest."
4860,1788,9,32,116,157,1.3184713375796178,0.046111419288204794,653,Of course it's a Bloody Mary - what else would it be?
4565,1788,11,28,118,157,1.3184713375796178,0.04784957286568857,653,Did you hear that this place was bugged?
4301,1788,14,22,121,157,1.3184713375796178,0.05034440957458098,653,He thinks the pinot has hints of earthworms and weevils.
3101,1788,10,30,117,157,1.3184713375796178,0.04698853377262087,653,I think I prefer the grasshopper.
2722,1788,7,36,114,157,1.3184713375796178,0.04430512785351613,653,"Yes, I agree; biodiversity is paramount."
715,1793,5,47,127,179,1.318435754189944,0.03915543402464161,653,"But the sex is fantastic... isn't it, dear."
1417,1793,9,39,131,179,1.318435754189944,0.04224015634688827,653,Stop poking me already. You've GOT a drink!
2368,1793,13,31,135,179,1.318435754189944,0.04511445004387252,653,As long as we have enough wine our blood supply is safe.
2761,1796,10,43,145,198,1.3181818181818181,0.04017425557514935,653,"Normally I expect you to have a bloody Mary, but I suppose Mary's not here tonight."
1543,1796,15,26,135,176,1.3181818181818181,0.04704992450061506,653,"I figured that as a blood-sucking insect, I would be right at home in Washington."
4686,1796,9,38,129,176,1.3181818181818181,0.04270930818806584,653,"Quinine? No, it's red wine."
1101,1796,14,35,149,198,1.3181818181818181,0.04265052711062992,653,Meet Gregor. His world view is just infectious.
145,1796,14,28,134,176,1.3181818181818181,0.0463547228508435,653,Watch out for Mossy here - he always drinks someone under the table.
1284,1796,11,34,131,176,1.3181818181818181,0.04420356474056496,653,"I must say, you're looking quite sharp."
4097,1802,13,36,146,195,1.317948717948718,0.042486545113173194,653,"I don't think these mind-bending, hallucinogenic drugs are all they're cracked up to be, are they, Eric?"""
1418,1803,15,25,133,173,1.3179190751445087,0.047633346575450826,653,"John and Sylvia, I'd like you to meet Fred, my proctologist."
2484,1803,11,33,129,173,1.3179190751445087,0.04472228041451216,653,Jeremy is always looking for fresh blood.
4065,1803,11,33,129,173,1.3179190751445087,0.04472228041451216,653,Rodney says giving up blood for Pinot Noir has been awesome.
452,1806,13,22,116,151,1.3178807947019868,0.05092596099732736,653,Global warming has affected our local mosquito population.
2850,1806,11,26,114,151,1.3178807947019868,0.04916149979404823,653,This guy sucks at parties.
6006,1806,8,32,111,151,1.3178807947019868,0.04638914096799539,653,Do you have any O negative? It’s my guilty pleasure!
1428,1809,14,33,145,192,1.3177083333333333,0.04357115391389811,653,Interesting tidbit: Becky here just copulated with and disposed of her partner in the parlor ten minutes ago.
3311,1809,10,41,141,192,1.3177083333333333,0.04099140600331445,653,Did you hear about the incident at the blood drive?
4820,1811,11,32,127,170,1.3176470588235294,0.045257917647239784,653,Lawyers.  Amiright?
5560,1811,13,28,129,170,1.3176470588235294,0.04677078573546625,653,We were just saying that it is not only the Shiraz that has fine legs.
1823,1813,10,27,111,148,1.3175675675675675,0.04892403821418605,653,"A,B,O... it all tastes the same to me."
2903,1813,10,27,111,148,1.3175675675675675,0.04892403821418605,653,"So, you’re claim is that you’re more highly evolved because your species banned straws so long ago?"
5228,1815,13,27,127,167,1.3173652694610778,0.04736001426877904,653,You seem really buzzed.
994,1816,9,41,136,186,1.3172043010752688,0.04115625636345084,653,Sometimes I think that we opened up our membership a bit too much!
2004,1816,9,41,136,186,1.3172043010752688,0.04115625636345084,653,He always gets right to the point.
2367,1816,12,35,139,186,1.3172043010752688,0.043222741168943556,653,"Larry, would you say this metamorphosis has given you new perspective?"
595,1819,10,32,122,164,1.3170731707317074,0.04556994183730636,653,"So, who's in your Bloody Mary?"
1928,1819,17,18,129,164,1.3170731707317074,0.05099349461123584,653,"Skeeter, this is Norm and Sue.  They are both O Positive, so be nice!"
2504,1819,8,36,120,164,1.3170731707317074,0.0438974509610867,653,"And this is Sam, who prefers O-positive over the pinot noir varietal."
4832,1822,16,26,141,183,1.3169398907103824,0.04637119608314414,653,So you're on the fast track to CEO of a Big Pharma firm.
4900,1822,10,38,135,183,1.3169398907103824,0.042308301595771335,653,We've just been itching to have you at one of our weekly shindigs.
1500,1822,11,36,136,183,1.3169398907103824,0.04301211020510219,653,"Yes, they're humans. I'm allowed to have human friends too."
4387,1822,10,38,135,183,1.3169398907103824,0.042308301595771335,653,Sure I’ll take that but you need to know ahead of time that I’m not your blood type.
2611,1826,7,37,117,161,1.3167701863354038,0.04354475837597791,653,"Jim, Sally- I'd like you to meet our new neighbor, Mr. Vector Bourne."
5485,1826,10,31,120,161,1.3167701863354038,0.04614179490094294,653,"No, actually I’m not having a Stinger. Why do you ask?"
193,1828,10,37,133,180,1.3166666666666667,0.04277392825714615,653,Red?
298,1828,9,39,132,180,1.3166666666666667,0.0420420705022564,653,I see your point!
3852,1830,7,36,115,158,1.3164556962025316,0.04406994176748913,653,"No, where are you ""really"" from?"
2929,1831,12,32,133,177,1.3163841807909604,0.04471363754208912,653,My WASP friend I was telling you about?
6019,1831,10,36,131,177,1.3163841807909604,0.043253979140303024,653,Remember when Grasshoppers were all the rage?
2436,1833,11,27,117,155,1.3161290322580645,0.048223434991916087,653,"I always take my quinine with gin, too"
3649,1834,12,31,131,174,1.3160919540229885,0.045242370104201284,653,A Straw? Really?
1697,1834,10,35,129,174,1.3160919540229885,0.04374917732409341,653,"And this is Dr. Mosca, the Hematologist I was telling you about."
5450,1834,14,27,133,174,1.3160919540229885,0.04668783127064357,653,"I said Bloody Mary, not blood of Mary."
173,1834,9,37,128,174,1.3160919540229885,0.042983133302258114,653,"Say, let's  get Bill's opinion on this whole GMO thing."
968,1834,14,27,133,174,1.3160919540229885,0.04668783127064357,653,He prefers Bloody Marys.
1922,1839,14,33,146,193,1.3160621761658031,0.043376056493521116,653,"Your family is from Three Mile Island, isn't that right?"
5831,1840,12,30,129,171,1.3157894736842106,0.04578834678280712,653,He makes the best Bloody Mary's
5241,1840,10,28,114,152,1.3157894736842106,0.04798215930608697,653,"This is Spike, he's my love bug."
4386,1840,14,26,131,171,1.3157894736842106,0.04726702444951881,653,"What do you mean, ""it tastes of DDT""?"
4257,1840,10,34,127,171,1.3157894736842106,0.0442602959987142,653,"Guys, I’d like you to meet Ms. Quitto"
3572,1840,10,34,127,171,1.3157894736842106,0.0442602959987142,653,Symptoms of Upper West Side Nile are very different.
5425,1840,10,34,127,171,1.3157894736842106,0.0442602959987142,653,"This is Clark, he just returned from west of the Nile."
2917,1840,12,30,129,171,1.3157894736842106,0.04578834678280712,653,He really sucks the energy out of every conversation...
2217,1840,9,36,126,171,1.3157894736842106,0.04347613543415966,653,Lisa couldn't come. Turns out she's carrying malaria.
789,1840,13,28,130,171,1.3157894736842106,0.04653355940294065,653,"Marge, Bill, I’d like you to meet Buzz"
695,1840,15,24,132,171,1.3157894736842106,0.04798928057301768,653,"No, Kyle, I'm sure we met in West, not East Nile."
2990,1840,8,32,112,152,1.3157894736842106,0.04613036809080713,653,You say you prefer Bloody Marys?
392,1851,6,47,134,187,1.3155080213903743,0.03880845108213412,653,"So we've jumped on the Malbec bandwagon with all twelve feet, have we?"
1620,1851,11,37,139,187,1.3155080213903743,0.042350925689203595,653,Fred was just telling me about his trip back from the Nile.
1871,1851,13,33,141,187,1.3155080213903743,0.04368756023478153,653,"What, exactly, is your point?"
3117,1854,9,35,124,168,1.3154761904761905,0.04398515133648947,653,"Yes, I know you wanted a grasshopper, but I think you'll like the merlot."
4187,1854,11,31,126,168,1.3154761904761905,0.04557702861040093,653,He just has such a wonderful thirst for life.
4740,1854,13,27,128,168,1.3154761904761905,0.04711515187084436,653,I prefer Martinis to Stingers.
5874,1857,10,27,112,149,1.3154362416107384,0.048641296477702066,653,Clearly he hasn't drained the swamp.
5809,1858,15,28,141,184,1.315217391304348,0.045502588996449156,653,"He calls it a ""Cabernet Positive""."
4283,1859,7,38,120,165,1.3151515151515152,0.04281835730789982,653,You said you’d behave if I gave you a Bloody Mary.
3033,1859,11,30,124,165,1.3151515151515152,0.046141641091063744,653,Why do they keeping asking me if I'm drinking grasshoppers?
3825,1861,8,30,108,146,1.3150684931506849,0.04737155984200183,653,Freshen your AB negative?
2540,1861,7,32,107,146,1.3150684931506849,0.04636368590367681,653,"Yes I know, your life really sucks!"
4674,1863,13,31,137,181,1.3149171270718232,0.04468350049629501,653,It's a citronella infusion.  We want you to go away.
5578,1863,7,43,131,181,1.3149171270718232,0.04035208905833989,653,"Well, here's to mutual coexistance"
2074,1865,9,33,120,162,1.3148148148148149,0.045054663713696555,653,"Well,  it just rained and it’s getting dark. Gosh, am I thirsty!"
5821,1866,6,33,104,143,1.3146853146853146,0.04593125231139446,653,I think you'll find it bold and full-bodied -- it's A Positive.
1482,1867,10,36,132,178,1.3146067415730338,0.04304700428506973,653,Here...let me get you a beaker.
3440,1867,10,36,132,178,1.3146067415730338,0.04304700428506973,653,"Well, that makes two of us. I can‘t sleep at night either."
4781,1869,8,34,117,159,1.3144654088050314,0.04473592320055395,653,This moscato is just lovely
2946,1869,7,36,116,159,1.3144654088050314,0.04383709991212755,653,We're not always a nuisance at parties.
4925,1869,6,38,115,159,1.3144654088050314,0.04291945750828924,653,Hatched out in June. And Look! Already so grown up.
434,1869,7,36,116,159,1.3144654088050314,0.04383709991212755,653,You have a point  there
1712,1869,8,34,117,159,1.3144654088050314,0.04473592320055395,653,The Bloody Mary is his favorite.
95,1874,13,35,146,194,1.3144329896907216,0.04255965050364756,653,"Relax.  In our firm, you don't have to be bloodthirsty after five."
124,1874,9,43,142,194,1.3144329896907216,0.03997073993538204,653,She's good company as long as her glass is full.
462,1876,11,33,131,175,1.3142857142857143,0.04428386033515415,653,"Another Bloody Mary, Dan?"
1617,1876,9,37,129,175,1.3142857142857143,0.04277496225831017,653,I should warn you it is stronger than bug juice.
2922,1876,8,39,128,175,1.3142857142857143,0.04200018989490487,653,So what is it you did in Egypt?
3705,1876,11,33,131,175,1.3142857142857143,0.04428386033515415,653,"As you can see, my marriage is a literal nightmare."
4476,1876,9,37,129,175,1.3142857142857143,0.04277496225831017,653,"Hope red wine is ok, someone drank all the bloody marys."
5131,1881,9,31,116,156,1.314102564102564,0.046199201131996555,653,Meet Ano! She has 150 children and lives in the bungalow next to the wetlands.
1220,1881,12,25,119,156,1.314102564102564,0.04881091213090623,653,"Believe me, after a couple, you don't even feel it."
4826,1883,9,36,127,172,1.313953488372093,0.04326160448732171,653,"With the gradual eradication of the enopheles mosquito, survivors lobbied financiers to develop a convenient method of drinking wine direct from a glass instead of the human vein which was inefficient and often dangerous."
1325,1883,11,32,129,172,1.313953488372093,0.04480586272828767,653,It’s a vintage red from the upper region.
653,1883,11,32,129,172,1.313953488372093,0.04480586272828767,653,What would you rather drink?
881,1883,9,36,127,172,1.313953488372093,0.04326160448732171,653,Please keep your blood alcohol down - I need to fly tonight.
2564,1887,13,33,142,188,1.3138297872340425,0.04348695324779555,653,Did you want a stinger?
1920,1888,9,30,114,153,1.3137254901960784,0.04680227627595454,653,"People try to swat Jared after he's had a couple, too."
2181,1888,8,32,113,153,1.3137254901960784,0.04587432563651779,653,"Oh I'm sorry, you said you wanted a bloody Mary."
3283,1888,10,28,115,153,1.3137254901960784,0.04771218268551839,653,"‘...and then I said to her, ‘Oh yeah? Bite me!’ .’  

-caption by Annie Phaosawasdi"
6041,1891,14,25,130,169,1.3136094674556213,0.04761821397413944,653,"No offense, but everyone refers to lawyers as bloodsuckers."
2161,1891,11,31,127,169,1.3136094674556213,0.045344979520150534,653,"This is Mo. She's never invited, but she keeps showing up anyway."
2333,1891,12,29,128,169,1.3136094674556213,0.04611517695745683,653,"No, that's not a Bloody Mary that I'm drinking. Why does everyone ask me that?"
4667,1891,12,29,128,169,1.3136094674556213,0.04611517695745683,653,"Well, I think you've got a point."
4839,1891,13,27,129,169,1.3136094674556213,0.046872720466730355,653,"And some, I assume, are good people."
5333,1896,13,32,140,185,1.3135135135135134,0.04397154038214513,653,How’s the red?
4985,1896,9,40,136,185,1.3135135135135134,0.04121260410671286,653,She spent a summer fighting Malaria in the Congo and came back a changed woman.
250,1896,10,38,137,185,1.3135135135135134,0.041919364783321075,653,I feel a little buzzed.
488,1896,6,46,133,185,1.3135135135135134,0.039015580445703545,653,"Interesting, so you say you can appreciate the bouquet better by drinking straight from the glass."
364,1900,9,29,112,150,1.3133333333333332,0.047427483010045526,653,I think you know these people already.
1553,1900,7,33,110,150,1.3133333333333332,0.04550159587797121,653,And this is Mike He used to be in pesticides.
1738,1900,7,33,110,150,1.3133333333333332,0.04550159587797121,653,Of course we drink bloody Marys.
960,1903,7,38,121,166,1.3132530120481927,0.04260195698225951,653,"I know, just a little buzz means I shouldn't drive."
243,1903,14,24,128,166,1.3132530120481927,0.048229266940445784,653,"This is Charlotte, our best web designer in the company."
1139,1903,15,22,129,166,1.3132530120481927,0.04898041996288477,653,"Bob Baker over there has a full-bodied, yet fruity, flavor."
5834,1906,10,37,135,182,1.3131868131868132,0.0423736955256645,653,"Henry, tell them about your new repellent idea. What was it called? Oh yes, ON."
2804,1906,12,33,137,182,1.3131868131868132,0.04378305161009105,653,Carl  just passed the bar!
2905,1906,11,35,136,182,1.3131868131868132,0.043084136760492345,653,"So, uh, the bloody mary here isn't made with blood?"
504,1906,10,37,135,182,1.3131868131868132,0.0423736955256645,653,I really don't think you need that extra buzz.
720,1906,11,35,136,182,1.3131868131868132,0.043084136760492345,653,"No, seriously its tomato juice."
188,1906,11,35,136,182,1.3131868131868132,0.043084136760492345,653,Meet Buzz.
2095,1912,8,30,109,147,1.3129251700680271,0.047096995906647274,653,You know how you get after the second Bloody Mary.
2398,1913,13,25,125,163,1.312883435582822,0.04808021806293757,653,"I’d offer you a Bloody Mary, but she’s out of town this weekend."
525,1914,10,36,133,179,1.312849162011173,0.04284191003145463,653,My friend here is partial to Reds.
4664,1914,11,34,134,179,1.312849162011173,0.043568336596445,653,"Sorry, I am o-negative.  Thanks for asking."
4656,1916,17,26,149,192,1.3125,0.04529872247966495,653,"So, who’s blood is sweeter?"
4355,1916,13,29,134,176,1.3125,0.04551740783024024,653,"Turns out Jim here is the only one who's not a bloodsucking attorney. Being male, he actually prefers flower nectar."
4212,1916,9,32,119,160,1.3125,0.04537362365152733,653,Karl has a really good point...
2828,1916,9,37,130,176,1.3125,0.042568699250084635,653,I'm glad the wine is pesticide-free!
2669,1916,11,28,121,160,1.3125,0.04707439248331258,653,Another Bloody Mary I presume
2335,1916,10,30,120,160,1.3125,0.04623182967903929,653,I don't know about you but these parties just suck the life out of me!
1999,1916,10,35,131,176,1.3125,0.04332469527624194,653,"May I introduce , ahh , I don't believe I  told you both what exactly happened  when our screen door was damaged ."
1872,1916,12,26,122,160,1.3125,0.04790213752928165,653,This wine sucks
1098,1916,13,24,123,160,1.3125,0.048715820141669294,653,"Bill and Madeleine, this is the nameless bird that chooses the most obvious and least creative New Yorker cartoon caption contest winners."
280,1916,7,41,128,176,1.3125,0.0410149244297003,653,I think we ALL get the point
5080,1926,9,41,139,189,1.312169312169312,0.04060432635653247,653,"We love having you at our parties, Stan! You're always O so Positive."
2187,1927,9,36,128,173,1.3121387283236994,0.043049078629008634,653,...and Edna here parleyed her strengths to become an ace phelobotimist...
3944,1927,8,38,127,173,1.3121387283236994,0.04226120958610719,653,"Reggie told me with complete sincerity that he is NOT a mosquito, and I believe him. Besides, how many mosquitoes do you know that drink Merlot?"
4414,1927,13,28,132,173,1.3121387283236994,0.04606600168572614,653,"I, myself, have always been partial to stingers."
4971,1930,7,35,115,157,1.3121019108280254,0.04413457585552992,653,I'm afraid to ask what you're drinking...
4902,1931,9,40,137,186,1.3118279569892473,0.04102507313612709,653,"Don't worry darling. What I said was, the cocktails are made with citron flavored vodka, not citronella."
3726,1931,9,40,137,186,1.3118279569892473,0.04102507313612709,653,The Type O Negative came highly recommended.
2779,1931,16,26,144,186,1.3118279569892473,0.04571558921417482,653,"For the last time, BUZZ OFF!"
212,1934,11,31,128,170,1.311764705882353,0.04511518714327072,653,"Speaking of  anti-vaxers, Skeeter here has something to inject into the conversation."
1266,1934,8,37,125,170,1.311764705882353,0.04273802964748733,653,Over the years I have learned that inviting the annoying neighbors to the party ultimately makes for a better party.
1338,1934,10,33,127,170,1.311764705882353,0.04433696501451201,653,"Oh, don't mind Maurice, he likes to get under your skin..."
1539,1934,12,29,129,170,1.311764705882353,0.045880210932891505,653,"His Grasshopper isn't that great, but he makes a mean Stinger."
1877,1934,9,35,126,170,1.311764705882353,0.04354483692039487,653,He's a lot of fun at parties but the TSA isn't buying that he's my support animal.
1883,1934,7,39,124,170,1.311764705882353,0.04191569555518825,653,Actually it's a blood orange martini....I think you'd like it.
4769,1934,12,29,129,170,1.311764705882353,0.045880210932891505,653,So you're what all the buzz is about.
5894,1934,12,29,129,170,1.311764705882353,0.045880210932891505,653,"So Mark, how do you like working for the IRS?"
2648,1942,7,34,113,154,1.3116883116883118,0.0446809897253688,653,It's always the red with you
4352,1942,10,28,116,154,1.3116883116883118,0.04744510676886875,653,Vivian never learned to screen her party guests.
3771,1944,13,31,139,183,1.3114754098360655,0.04426040460254633,653,So what's your point?
430,1944,7,43,133,183,1.3114754098360655,0.03998359630296466,653,"It's an open bar, so drink up everyone! Well, everyone except you Frank."
2116,1944,8,41,134,183,1.3114754098360655,0.04072759769119163,653,"I love him at home, but he really bugs me at parties."
311,1947,6,40,121,167,1.311377245508982,0.04152787885709676,653,I'd like to introduce you to some new blood.
1050,1947,6,40,121,167,1.311377245508982,0.04152787885709676,653,How about a bite to go with your wine?
1216,1947,11,30,126,167,1.311377245508982,0.0456649653107643,653,What’s your point?
1619,1947,8,36,123,167,1.311377245508982,0.04323024931867899,653,"Mark and Karen, this is Stephanie, she also works in public health."
4279,1947,11,30,126,167,1.311377245508982,0.0456649653107643,653,What do you call a diet of only lichen and fat? The moss-keto!
4787,1947,9,34,124,167,1.311377245508982,0.0440567738610973,653,"No, no it's all right...some of my best friends are needle-nosed bloodsucking bags of pestilence, see, I'm a lawyer."
5944,1953,7,33,111,151,1.3112582781456954,0.04524686318553303,653,Harold was just saying that he thinks long sleeves are gauche.
3996,1954,6,44,130,180,1.3111111111111111,0.039620240180504016,653,"And this is Bob, our neighbor from the attic."
1615,1954,7,42,131,180,1.3111111111111111,0.04039599829675723,653,"Gregor here is fresh from Jupiter, Florida, where he masterminded quite a sting operation.”"
674,1954,7,42,131,180,1.3111111111111111,0.04039599829675723,653,"You are welcome, but we would appreciate a list of your previous hosts."
902,1954,10,36,134,180,1.3111111111111111,0.04263867279458846,653,And this is my doctoral thesis.
229,1958,8,35,121,164,1.3109756097560976,0.04373867990289973,653,I guess Bob's personality wasn't repellent enough.
699,1958,12,27,125,164,1.3109756097560976,0.04703550697076911,653,Wouldn't you rather have a Bloody Mary?
2145,1958,9,33,122,164,1.3109756097560976,0.04458574681145939,653,I'll take a Bloody Mary over a gin and tonic every time.
2441,1958,12,27,125,164,1.3109756097560976,0.04703550697076911,653,"If you're looking for a divorce lawyer, Harvey's your man."
2774,1958,11,29,124,164,1.3109756097560976,0.04623334529222424,653,I asked for another stinger
5041,1958,10,31,123,164,1.3109756097560976,0.04541701793185895,653,"Oh! Steve and Amy are CPAs, too!"
5826,1964,9,42,142,193,1.310880829015544,0.04001940856418499,653,"Of course, I can get you a Bloody Mary instead"
4862,1965,9,28,111,148,1.3108108108108107,0.04779698225150559,653,"And, as requested, one Bloody Mary."
2452,1966,12,31,134,177,1.310734463276836,0.04457958772520552,653,You're creating quite a buzz these days.
5336,1966,9,37,131,177,1.310734463276836,0.042364320313041326,653,"Until the fifth one, you felt perfectly normal?"
4302,1966,9,37,131,177,1.310734463276836,0.042364320313041326,653,"Come meet Dave and Jillian, honey.They were just about to tell me about their very first camping trip."
3675,1966,9,37,131,177,1.310734463276836,0.042364320313041326,653,"And this is Zoe, our lovely foreign exchange student."
1486,1966,12,31,134,177,1.310734463276836,0.04457958772520552,653,Something tells me that's not red wine
2220,1966,13,29,135,177,1.310734463276836,0.0452939397396282,653,"So, you're on a Mosq-Keto diet?"
2860,1966,9,37,131,177,1.310734463276836,0.042364320313041326,653,What a surprise! I had assumed you would order a bloody Mary.
4268,1973,6,38,117,161,1.31055900621118,0.04247398257779311,653,An exquisite nose - and the wine's ok too
1714,1973,15,20,126,161,1.31055900621118,0.05002796178132613,653,Our guest is a hematologist.
3186,1973,10,30,121,161,1.31055900621118,0.04598476054335667,653,"Jerry used to work in accounting, too."
1253,1976,12,35,143,190,1.3105263157894738,0.042439843043943645,653,Why the long face?
2410,1977,10,34,130,174,1.3103448275862069,0.043607116425664116,653,I think you might have met the Henderson’s before ... just before they got dengue last summer?
5747,1977,10,34,130,174,1.3103448275862069,0.043607116425664116,653,"It is only the females of his species that drink blood, he is a scotch man."
4432,1977,11,32,131,174,1.3103448275862069,0.04436238689494406,653,Ms. Kito here was just telling me how much she enjoys your water features in your back yard.
1327,1977,10,34,130,174,1.3103448275862069,0.043607116425664116,653,This is Malaria. She's visiting from West Nile.
2461,1977,6,42,126,174,1.3103448275862069,0.04044524113836275,653,"If that Bloody Mary is not to your liking, I can get you something else."
4004,1982,10,38,139,187,1.3101604278074865,0.041537184305636514,653,"Yes, we've met before. Many times."
3969,1983,13,23,122,158,1.3101265822784811,0.04910051093096639,653,"It’s B+, we’re out of O-"
5652,1983,9,31,118,158,1.3101265822784811,0.04569855088893038,653,It's a glass of our house red; it's sort of our little joke.
614,1985,8,37,126,171,1.3099415204678362,0.04252646413566294,653,He appreciates my A-positive outlook.
1597,1985,9,35,127,171,1.3099415204678362,0.043327815563287166,653,"You are going to absolutely love it...just ""B-Positive"""
296,1987,10,24,108,142,1.3098591549295775,0.05015518679176264,653,Such a connoisseur . . . . . a glass of A-B negative.
3024,1987,6,32,104,142,1.3098591549295775,0.045999807376209914,653,"I'm going to freshen everyone's drink.
Let me guess. You got the bloody mary?"
3187,1989,10,37,137,184,1.309782608695652,0.04198054429803068,653,We're talking here. Buzz off.
3588,1989,13,31,140,184,1.309782608695652,0.04405173882251008,653,The males feed on nectar. He only bites me for pleasure.
1715,1991,9,30,116,155,1.3096774193548386,0.04628443593795871,653,I see you prefer red.
4359,1992,12,37,148,197,1.3096446700507614,0.04137880382215259,653,He was just explaining how this was the best Westminster Dog show ever
4746,1993,7,38,123,168,1.3095238095238095,0.04217529388565521,653,We met by a still pond at an Anti-Vaxxer's rally.
3556,1993,8,36,124,168,1.3095238095238095,0.04301210775782905,653,"Don't worry, I'm not interested in your type."
5055,1993,11,30,127,168,1.3095238095238095,0.04543015971863003,653,I saw you from the wall and simply had to say hello.
1262,1993,7,38,123,168,1.3095238095238095,0.04217529388565521,653,Another bloody mary? Haven't you had enough?
3060,1993,10,32,126,168,1.3095238095238095,0.044638698599203386,653,"You went with white, huh? That's an unexpected choice."
5066,1993,6,40,122,168,1.3095238095238095,0.04132153693791742,653,"I started with just a sip, too."
2457,1999,11,34,136,181,1.3093922651933703,0.04315448043932483,653,"Okay, who's not really here?  You or us?"
5212,1999,10,36,135,181,1.3093922651933703,0.04243726932524094,653,Well we don't care for blue bloods either.
181,2001,12,36,146,194,1.309278350515464,0.04180739160568257,653,Your new wine has an earthy tone with a hint of Carol
3042,2002,5,37,110,152,1.3092105263157894,0.04301461713789803,653,No more wine. You look a little buzzed.
213,2003,12,27,126,165,1.309090909090909,0.04678754944758079,653,'You must like mojitos then'
2320,2003,12,27,126,165,1.309090909090909,0.04678754944758079,653,Meet Mr. Johnson from the legal department.
2877,2003,9,33,123,165,1.309090909090909,0.044354766297294866,653,"This is Mr. Nile. Wes, isn't it?"
279,2006,14,27,137,178,1.3089887640449438,0.0457713599623071,653,"Hey, Franz . . . congratulations on selling METAMORPHOSIS to Warner Brothers!"
1225,2006,10,35,133,178,1.3089887640449438,0.04290801212505469,653,I asked the bartender to make me a stinger
2405,2008,12,35,144,191,1.3089005235602094,0.042248353463164884,653,"Buzz, meet Joe and Laura who are O negative!"
3503,2008,11,37,143,191,1.3089005235602094,0.0415910058709393,653,This is our lawyer.  He is quite the bloodsucker!
4381,2010,7,32,110,149,1.308724832214765,0.04557245061381208,653,He makes the best mosqjitos
5190,2011,11,28,123,162,1.308641975308642,0.046570895365752325,653,"Those senators are real bloodsu—I mean, well, they're..."""
4553,2011,7,36,119,162,1.308641975308642,0.04315232729253137,653,"No, just Mary."
2510,2011,11,28,123,162,1.308641975308642,0.046570895365752325,653,Edith has taken transitioning to the next level.
2264,2011,11,28,123,162,1.308641975308642,0.046570895365752325,653,May I interest you in a Bloody Mary?
174,2011,12,26,124,162,1.308641975308642,0.04738701859443552,653,"I said I'd like you to meet, not deet my new friend."""
1876,2011,9,32,121,162,1.308641975308642,0.044894162459776434,653,You're right. A bloody mary does give the best buzz.
665,2011,8,34,120,162,1.308641975308642,0.0440318587713859,653,"We were warned about their size before we left the states, but I honestly had no idea..."
5354,2011,12,26,124,162,1.308641975308642,0.04738701859443552,653,"These are my very good friends, John and Debra.  They're exterminators.  Wait... scratch that."
2176,2011,9,32,121,162,1.308641975308642,0.044894162459776434,653,What's your favorite type?
4849,2020,11,32,132,175,1.3085714285714285,0.04414379505967629,653,"So, you're Type A you say?"
5846,2020,13,28,134,175,1.3085714285714285,0.045607428476666836,653,Is that a real Bloody Mary?
3729,2020,13,28,134,175,1.3085714285714285,0.045607428476666836,653,She's wondering if we could make her a bloody mary.
4836,2020,6,42,127,175,1.3085714285714285,0.04025254547617768,653,"Sorry, I'm a little buzzed."
1973,2024,13,32,143,188,1.3085106382978724,0.04336326451733925,653,I don’t suppose you’d like a straw?
2215,2024,10,38,140,188,1.3085106382978724,0.041348577113315604,653,"Yes, I did order the Bloody Mary."
3457,2024,9,40,139,188,1.3085106382978724,0.040654834101996176,653,Wouldn’t you prefer a Bloody Mary instead?
425,2027,6,33,107,146,1.3082191780821917,0.04513671929520491,653,You’re so well-versed on the benefits of stagnant water.
2043,2027,9,27,110,146,1.3082191780821917,0.048174094310145625,653,I guess I just assumed you'd be a red wine drinker - but I can get you a white if you'd prefer.
562,2029,7,35,117,159,1.3081761006289307,0.0436654358932049,653,Have you met the Harrisons?  They're both rather rare types.
812,2029,10,29,120,159,1.3081761006289307,0.04631959390413101,653,Mosca here has just invited me for a stroll in the woods.
4068,2029,9,31,119,159,1.3081761006289307,0.045452098780404,653,"People say Marvin is a parasitic freeloader, but I love my little blood sucker, don’t I Marv?"
5178,2029,9,31,119,159,1.3081761006289307,0.045452098780404,653,I’m surprised you aren’t enjoying your usual stinger.
4231,2033,10,33,129,172,1.308139534883721,0.04389438625157414,653,You’re going to want to hear Mr. Squitoe’s biting commentary on West Nile Virus.
861,2033,9,35,128,172,1.308139534883721,0.04311284829836726,653,"It's 'Parasite Emeritus' now, isn't it?"
2407,2033,7,39,126,172,1.308139534883721,0.0415056475240337,653,"Arnie, do you know the Finkels? They own the house with the garden you can't stop talking about."
1786,2036,7,43,135,185,1.308108108108108,0.039621385962045834,653,As they get older they switch to wine.
2684,2036,10,37,138,185,1.308108108108108,0.04178657015471458,653,Buzz is an architect who thinks windows shouldn't close.
4722,2036,11,35,139,185,1.308108108108108,0.04248378339879085,653,Is it true you only drink Bloody Marys?
5169,2036,9,39,137,185,1.308108108108108,0.04107752473938017,653,"Watch your drinks, he likes to sample."
5590,2036,12,33,140,185,1.308108108108108,0.043169737762185564,653,"Well, yes, we all enjoy outdoor activities.  Can we talk about something else now?"
5771,2036,11,35,139,185,1.308108108108108,0.04248378339879085,653,"I appreciate the gesture, but glasses just don't work for me."
4968,2042,12,24,120,156,1.3076923076923077,0.04865042554105199,653,And this is my finest installation. I call it Pinot Mosquito.
5597,2042,8,40,134,182,1.3076923076923077,0.040774940806117904,653,My guest has a minuscule carbon footprint and never uses a plastic straw.
2782,2042,10,32,127,169,1.3076923076923077,0.04441155916843275,653,"In blood, I prefer red, but in wine I’d really prefer moscato."
5917,2042,12,24,120,156,1.3076923076923077,0.04865042554105199,653,"Frank, this is an intervention."
2600,2042,14,28,140,182,1.3076923076923077,0.045020799694285185,653,I know it's hard meeting new people -- just think of me as the vector.
2740,2042,6,40,123,169,1.3076923076923077,0.04111711414037298,653,"""That '99 Lafite-Rothschild is arguably less metallic yet just as rare as AB-negative."""
2001,2042,9,26,108,143,1.3076923076923077,0.04885245660735344,653,Maybe they just like vodka stingers....not everything is about you.
5692,2049,10,39,143,192,1.3072916666666667,0.04074118058485708,653,"This is Larry, he’s also in healthcare."
1730,2050,11,33,135,179,1.3072625698324023,0.04343129088322004,653,"And Margaret, I know you enjoy those fuller-bodied reds."
4156,2050,11,33,135,179,1.3072625698324023,0.04343129088322004,653,It's his own concoction. He calls it The Stinger
5637,2050,8,39,132,179,1.3072625698324023,0.041206370039949466,653,We were talking about climate change.....
5785,2053,8,35,123,166,1.3072289156626506,0.043290761223913836,653,I’m starting to feel a bit buzzed.
1211,2053,8,35,123,166,1.3072289156626506,0.043290761223913836,653,"Please, let's be cordial.  No stinging or biting comments."
2142,2053,15,21,130,166,1.3072289156626506,0.04883877003201871,653,And this is Skeeter--he brought the nice red you're enjoying.
3015,2053,12,27,127,166,1.3072289156626506,0.04654210360369476,653,Another one––O-positive?
3241,2053,9,33,124,166,1.3072289156626506,0.044126062111565154,653,Don't you usually invite yourself to picnics?
4243,2053,13,25,128,166,1.3072289156626506,0.04732004604800001,653,Just one drink gets him buzzed.
6014,2059,13,21,119,153,1.3071895424836601,0.05018116966992906,653,And Kevin here is with Goldman.
3164,2059,9,29,115,153,1.3071895424836601,0.04662780867057975,653,Type O- has way less carbs...and way less taste
573,2059,11,25,117,153,1.3071895424836601,0.04843708460912156,653,...and this is Kyle. He's new to the Condo Association; he's got some interesting opinions sregarding genetic testing.
2793,2059,10,27,116,153,1.3071895424836601,0.04754105439959968,653,"This is David's old fraternity brother, Skeeter Pierce."
2426,2063,9,40,140,189,1.306878306878307,0.04047208828604648,653,Let’s toast to inclusion!
5495,2064,10,34,132,176,1.3068181818181819,0.04318181818181818,653,She really enjoys her vodka stingers.
916,2064,10,34,132,176,1.3068181818181819,0.04318181818181818,653,You remember my ex-husband...
920,2064,9,36,131,176,1.3068181818181819,0.04242327611762838,653,...and this is Tom. He’s only in town for a couple of days.
993,2064,9,36,131,176,1.3068181818181819,0.04242327611762838,653,"Madam, you ordered a stinger?"
4916,2064,7,40,129,176,1.3068181818181819,0.04086397223328159,653,Thanks but I ordered the Vodka Stinger
5029,2064,10,34,132,176,1.3068181818181819,0.04318181818181818,653,Stop bugging me about donating to the company's blood drive.
2263,2070,6,38,119,163,1.3067484662576687,0.042037129135750737,653,I usually like a drier red.
201,2070,7,36,120,163,1.3067484662576687,0.04292855213042614,653,"You sir, have become a viral sensation."
1416,2072,6,34,110,150,1.3066666666666666,0.04431599634096886,653,Perhaps you might tell the Wilsons how you got your start in arbitrage.
3128,2073,9,39,138,186,1.3064516129032258,0.04088964815805905,653,This is Burt. He’s in research.
1918,2074,10,33,130,173,1.30635838150289,0.043676257453311336,653,Do the thing with the drink for the Andersons.
5975,2074,14,25,134,173,1.30635838150289,0.046652639857040136,653,Guard your olives. He has a nose for them.
1760,2076,11,27,122,160,1.30625,0.04691494629150278,653,Have you met my friend Mo?  He makes one helluva stinger!
5402,2076,10,29,121,160,1.30625,0.04606946747394995,653,"I thought were out of red wine, honey...  Where'd you find that?"
3607,2078,10,40,146,196,1.3061224489795917,0.04015689176964872,653,It's Type O with just a drop of gin.
970,2079,10,36,137,183,1.3060109289617485,0.04203987234822732,653,It's his own special blend of O-positive and  B-negative with a touch of  bitters.
4620,2079,6,44,133,183,1.3060109289617485,0.03907881658324381,653,"My dream guy, he can pull corks all day long."
5651,2081,8,36,126,170,1.3058823529411765,0.042582046537623874,653,We are dying to see how you drink your wine.
5543,2081,10,32,128,170,1.3058823529411765,0.04418662666328943,653,"Please don't ask, yes, I am drinking a Stinger."
3162,2081,13,26,131,170,1.3058823529411765,0.046489772087027426,653,"Would you prefer a Bloody Mary, Ms Zika?"
587,2081,10,32,128,170,1.3058823529411765,0.04418662666328943,653,So what's the buzz?
436,2081,10,32,128,170,1.3058823529411765,0.04418662666328943,653,He had me at malaria.
640,2086,11,26,120,157,1.305732484076433,0.047527827259940675,653,Zika here is this year's winner of the annual CDC stumper contest.
898,2086,9,30,118,157,1.305732484076433,0.04577745874766909,653,"Are you drinking type ""A"" or""O Negative?"""
2119,2088,17,25,151,193,1.305699481865285,0.044977605061747916,653,Give it a shot! It turns into blood for the Catholics
1122,2089,9,37,134,180,1.3055555555555556,0.041762253279973086,653,Would you like a straw?
3639,2089,10,35,135,180,1.3055555555555556,0.042498929933016086,653,I'm told there's one born every minute.
5028,2089,10,35,135,180,1.3055555555555556,0.042498929933016086,653,This is my husband Roland. He's just not himself when he drinks alcohol.
3236,2092,10,31,126,167,1.3053892215568863,0.04471375653900493,653,"And you guys know Malaria, right?"
5544,2092,12,27,128,167,1.3053892215568863,0.046299133443454946,653,And this is my boyfriend who I met at a picnic last summer.
4699,2094,11,36,143,190,1.305263157894737,0.0416502847803091,653,This is Skeeter and that is not a red wine
4488,2095,8,31,115,154,1.3051948051948052,0.04544241777411226,653,You always seem to have a little buzz.
1534,2095,8,31,115,154,1.3051948051948052,0.04544241777411226,653,It's vintage AB Positive.
2513,2097,7,40,130,177,1.305084745762712,0.04066940502276149,653,We all love you Claudia...we are just concerned with the lengths you are willing to go to remain thin.
3656,2097,9,36,132,177,1.305084745762712,0.042218516976333616,653,"Yes, my name is Mary.  Why do you ask?"
3512,2099,10,23,108,141,1.3049645390070923,0.050271061015436935,653,Let me guess.  Not chilled.  Not room temperature.  I know. 98.6 degrees Fahrenheit?
837,2100,6,38,120,164,1.3048780487804879,0.04182186558316698,653,"Well that's interesting. Nat here, isn't a global warming denier, either. He's all in favor of it."
1465,2100,15,20,129,164,1.3048780487804879,0.04921807323170639,653,Does that beak vibrate? Just asking for a friend...
3453,2100,10,30,124,164,1.3048780487804879,0.045258537727211556,653,"I said ""Mosquito Coast,"" not mosquito toast!"
4207,2100,13,24,127,164,1.3048780487804879,0.047673738415055525,653,Oh...and this is my friend Marvin. He's a lawyer.
4636,2100,13,24,127,164,1.3048780487804879,0.047673738415055525,653,Zika? Is that like zinfandel?
5773,2100,10,30,124,164,1.3048780487804879,0.045258537727211556,653,Personally I find you much more Kafkaesque than Rubenesque
786,2106,14,29,144,187,1.304812834224599,0.044093899721779094,653,"And this is Mos, from Three Mile Island."
99,2107,8,30,113,151,1.304635761589404,0.04602847519024936,653,"Let me guess, you're in the student loan business."
670,2108,12,29,133,174,1.3045977011494252,0.044962989024350565,653,We were just talking about how you lucky you were to have a water birth.
936,2108,10,33,131,174,1.3045977011494252,0.04346019841065284,653,"He says it's shakey on balance, lacks dept and  screams for more platelets."
2702,2108,10,33,131,174,1.3045977011494252,0.04346019841065284,653,"No thank you, I don't need a straw."
5689,2108,8,37,129,174,1.3045977011494252,0.041903547699243246,653,He’s new to the neighborhood but he’s already created quite a buzz.
3250,2112,11,38,148,197,1.3045685279187818,0.04062532050885947,653,This is my husband's divorce lawyer. I finally got my birthday wish.
607,2113,10,29,122,161,1.3043478260869565,0.04582192633769696,653,"Dr. Skeeter was going to be a Hemotologist, for obvious reasons, so maybe ask him about why he decided on Psychiatry..."
622,2113,10,36,138,184,1.3043478260869565,0.041843833986812434,653,So you're having a stinger and not a martini?
3380,2113,8,33,120,161,1.3043478260869565,0.0440950045945313,653,"Well, if I'm going to have a blood-sucking boyfriend, he might as well look the part."
3419,2113,10,36,138,184,1.3043478260869565,0.041843833986812434,653,We met on Tinder
4451,2117,7,38,126,171,1.304093567251462,0.04155025409683629,653,"Funny, he only likes the reds."
4057,2117,8,36,127,171,1.304093567251462,0.04237007275325432,653,"Rick, these are the Goldmans.  They're entomologists."
164,2117,10,32,129,171,1.304093567251462,0.043963871125332794,653,We met on a Single's Cruise in Belize
3215,2117,10,32,129,171,1.304093567251462,0.043963871125332794,653,"I thought you'd enjoy it...jammy, with notes of iron and B12."
1360,2121,8,29,111,148,1.304054054054054,0.04663604153335771,653,I just assumed you wanted red...
2463,2121,8,29,111,148,1.304054054054054,0.04663604153335771,653,...And another Bloody Mary for you?
4047,2121,8,29,111,148,1.304054054054054,0.04663604153335771,653,"Harry, transmit to them what you were just telling me."
5502,2124,12,31,138,181,1.3038674033149171,0.043724433139101695,653,Jane is on the misKeto diet.
623,2125,7,34,117,158,1.3037974683544304,0.043721189714101105,653,"Are you more Type A, B, or AB?"
790,2125,9,30,119,158,1.3037974683544304,0.045527944607497005,653,I told them you have a great nose for vintage
5593,2125,10,28,120,158,1.3037974683544304,0.04640495011598184,653,"The waiter goofed. Give me my Beaujolais, here's your Grasshopper."
26,2128,9,40,142,191,1.3036649214659686,0.0401112515146358,653,"Oh, look. There goes your swarm."
1191,2129,8,35,125,168,1.3035714285714286,0.04285149901056963,653,"Harold here didn't vote, actually."
3821,2129,9,33,126,168,1.3035714285714286,0.043675358806569205,653,He's a real fan of your Bloody Mary's.
5413,2131,11,32,135,178,1.303370786516854,0.043500273265131485,653,Bert is a wetlands consultant. He is outsized in his field.
4851,2131,8,38,132,178,1.303370786516854,0.041253289055961054,653,Why don't you tell the Clarks how we met? It's the funniest story.
2873,2131,11,32,135,178,1.303370786516854,0.043500273265131485,653,The guy at the blood bank said this was a good year.
3245,2131,9,36,133,178,1.303370786516854,0.04201563792212953,653,I understand you're A positive
3724,2131,9,36,133,178,1.303370786516854,0.04201563792212953,653,The next round of Grasshoppers is on me.
4217,2136,7,33,115,155,1.303225806451613,0.04425446616235717,653,She prefers an AB positive varietal
591,2136,6,35,114,155,1.303225806451613,0.0432974663779977,653,I just felt I had to do something for endangered species.
1304,2136,13,21,121,155,1.303225806451613,0.04961028984679953,653,That’s your fourth Bloody Mary since we got here.
1526,2136,9,29,117,155,1.303225806451613,0.0461089160188999,653,My friend Simon works on Wall Street.
384,2140,10,37,141,188,1.303191489361702,0.04121480114589821,653,Who ordered the Grasshopper?
2987,2141,12,26,127,165,1.303030303030303,0.04663411579168217,653,"Bob, right?"
3476,2141,8,34,123,165,1.303030303030303,0.04334860361813811,653,'It's fresh little number with a hint of AB negative'
2737,2141,10,30,125,165,1.303030303030303,0.04502134044713949,653,"Why Yes, I have traveled the Nile extensively!"
1217,2141,8,34,123,165,1.303030303030303,0.04334860361813811,653,Oh! We were just talking about zika!
1645,2141,8,34,123,165,1.303030303030303,0.04334860361813811,653,I’d like you to meet Bob. He’s had a bit of work done.
1168,2141,8,34,123,165,1.303030303030303,0.04334860361813811,653,"I know he sucks blood and carries disease, but he doesn't eat meat."
2476,2141,11,38,149,198,1.303030303030303,0.04044888041511694,653,Don't you think you've had enough?
28,2148,10,33,132,175,1.302857142857143,0.04324618169068067,653,"What's your new position at the Red Cross again, Frank?"
2829,2148,11,31,133,175,1.302857142857143,0.04399901903241882,653,Would you like that with a hemoglobin twist?
3217,2148,10,33,132,175,1.302857142857143,0.04324618169068067,653,Mines a Stinger. What are you drinking?
5134,2148,9,35,131,175,1.302857142857143,0.04248000454133184,653,That’s cool! A Bloody Mary made with real blood.
1078,2152,9,38,138,185,1.3027027027027027,0.040938120972819604,653,Professor Snape says the antidote only works if you drink the whole glass.
5142,2153,8,30,114,152,1.3026315789473684,0.045768555696054404,653,Sorry what's your name again? I'm better with faces.
5640,2154,9,31,122,162,1.3024691358024691,0.044727794296295496,653,His new book challenges everything Darwin took to be true.
5484,2154,9,31,122,162,1.3024691358024691,0.044727794296295496,653,"They’re adults, Skeeter—they don’t want to “pull your stinger.”"
3629,2154,8,33,121,162,1.3024691358024691,0.04386222003627037,653,So what made you move to the city?
560,2154,12,25,125,162,1.3024691358024691,0.047229432464473906,653,It’s a Bloody Mary.
1979,2154,7,35,120,162,1.3024691358024691,0.04297921719166919,653,"Why yes, it does have a bit of a Type O bouquet."
1103,2154,7,35,120,162,1.3024691358024691,0.04297921719166919,653,"Of course not, I wouldn’t dare put on DEET for your party."
36,2160,9,34,129,172,1.302325581395349,0.0429589758758767,653,You're the only one I know who puts actual blood in her bloody marys.
558,2160,11,30,131,172,1.302325581395349,0.04451373406391403,653,"Thanks, but I think I'll stick with alcohol."
2302,2160,9,34,129,172,1.302325581395349,0.0429589758758767,653,Our eyes locked in that Belizean rain forest and we haven't spent a day apart since.
5969,2160,11,30,131,172,1.302325581395349,0.04451373406391403,653,I am sorry but I always order grasshoppers
3723,2164,11,33,138,182,1.3021978021978022,0.04281228533752635,653,"You know, a chaser should take the sting out of it"
2286,2164,11,33,138,182,1.3021978021978022,0.04281228533752635,653,"This is Pam, she works at a blood bank."
2887,2164,12,31,139,182,1.3021978021978022,0.043515566682704045,653,Eye candy he's not; but he sure knows how to use that beak of his.
2273,2164,7,41,134,182,1.3021978021978022,0.03987531447200662,653,George only drinks red.
222,2164,8,39,135,182,1.3021978021978022,0.0406294655654798,653,"Ted and Alice, I'd like to introduce you to my nightmare."""
1665,2164,10,35,137,182,1.3021978021978022,0.042097256536818235,653,...and he has a Type A personality.
2577,2170,9,27,113,149,1.3020134228187918,0.04733482550189134,653,So Glad you could come. Let me introduce you to my husband President trumps new legal counsel
711,2171,9,30,120,159,1.3018867924528301,0.04528102853678637,653,The whole Zika thing really is a hoax.
1702,2171,7,34,118,159,1.3018867924528301,0.04348733785309519,653,We wanted to get to know them better before we exterminate.
4266,2171,7,34,118,159,1.3018867924528301,0.04348733785309519,653,"No, I think the main course is someone else later."
3976,2174,9,33,127,169,1.301775147928994,0.04345329894327938,653,"You need to meet the Richardsons, they have a lawn flamingo."
3074,2174,11,29,129,169,1.301775147928994,0.04504524331517565,653,Our summer guest is particularly fond of a Bloody Mary.
3847,2174,10,31,128,169,1.301775147928994,0.04425642967059917,653,"Raised her from a larva. Unfortunately, she’s still nursing"
688,2174,10,31,128,169,1.301775147928994,0.04425642967059917,653,We are out of red already?
580,2174,9,33,127,169,1.301775147928994,0.04345329894327938,653,He came with the house and loves wine.That's all I know.
2651,2174,6,39,124,169,1.301775147928994,0.04094950615880426,653,They're a really sweet couple.
2741,2180,13,28,138,179,1.3016759776536313,0.044716270246592596,653,"So, when did you start practicing law?"
3153,2180,10,34,135,179,1.3016759776536313,0.04255857996753034,653,And that's when we decided to switch to non-GMO wine
5278,2180,10,34,135,179,1.3016759776536313,0.04255857996753034,653,Please help yourself to a bite to eat.
583,2183,10,37,142,189,1.3015873015873016,0.041027527534305275,653,There was a radiation problem with the zapper.
5995,2183,12,33,144,189,1.3015873015873016,0.04237726508681117,653,And this is Professor Farnsworth—he specializes in genetically modified organisms.
5409,2185,11,38,150,199,1.3015075376884422,0.040273904766916974,653,And this is my landlord... I was just telling them what a bloodsucker you are
2303,2186,10,24,112,146,1.3013698630136987,0.048956868423814276,653,"Yes, I'll have another Bloody Mary, bless her heart."
3421,2187,6,35,115,156,1.3012820512820513,0.04306291374859299,653,Do you detect a hlnt of O-neg?
4170,2188,9,32,125,166,1.3012048192771084,0.04396377372758592,653,BuzzFeed seems like the perfect fit for you.
132,2188,5,40,121,166,1.3012048192771084,0.04050599955388385,653,"He has a bit of a 'Type A' personality, but he's not so bad when you get to know him."
1051,2190,10,33,133,176,1.3011363636363635,0.043034180286876625,653,"Jim prefers a full bodied red, but I'm a martini gal"
2073,2190,11,31,134,176,1.3011363636363635,0.043782139485165246,653,No! You may not have my olive.
2988,2190,10,33,133,176,1.3011363636363635,0.043034180286876625,653,He keeps hitting on me and he is really beginning to bug me.
1351,2193,11,34,141,186,1.3010752688172043,0.042152138941998464,653,Me? I'm in malaria parasite genome research.
3522,2193,7,42,137,186,1.3010752688172043,0.039297738641229006,653,"Skeet, I'd like you to meet Joe O'Positive and Nancy A'Negative."
3740,2193,14,28,144,186,1.3010752688172043,0.04417205829128798,653,Are you sure you wouldn't rather have a Bloody Mary?
1631,2196,11,37,148,196,1.3010204081632653,0.04067709113920299,653,"When I first met Mo, I thought he was just a little bloodsucking bastard. But over time, as you can see, he really started to grow on me."
5743,2197,12,38,156,206,1.3009708737864079,0.03993239783089427,653,"This is Mo, remember meeting his great-great-great grandpa a couple weeks back?"
2104,2198,6,31,106,143,1.3006993006993006,0.04551700774639592,653,She makes the best Bloody Marys ever!
5624,2199,9,31,123,163,1.3006134969325154,0.04449125800158343,653,... she's in town for a couple of weeks this summer and was wondering if there are any openings in your building.
5957,2199,10,29,124,163,1.3006134969325154,0.04533445048307514,653,I pegged you as more of a Bloody Mary kind of guy.
5552,2199,10,29,124,163,1.3006134969325154,0.04533445048307514,653,"This is my son, Victor. He's studying to be a phlebotomist."
946,2202,9,34,130,173,1.300578034682081,0.04274567314723109,653,I always wondered what you did after dusk.
1940,2202,5,42,126,173,1.300578034682081,0.03947580565748035,653,What a coincidence! I used to have a dog named Skeeter.
1817,2204,14,27,142,183,1.3005464480874316,0.0446736484210054,653,Are you enjoying the Merlot positive?
2444,2204,9,37,137,183,1.3005464480874316,0.04117631189601676,653,"Sarah, what do you think about the Anti-Vax movement?"
4785,2206,10,38,145,193,1.3005181347150259,0.0404295895423199,653,...and Harold here brought the Red.
5730,2206,15,28,150,193,1.3005181347150259,0.04363958685990419,653,And these are my other blood-sucking pests.
4814,2208,11,29,130,170,1.3,0.04481465873252761,653,I'd rather a Grasshopper if you can make one.
5533,2208,6,36,118,160,1.3,0.04233736919305072,653,"So, how long have you worked in phlebotomy?"
5245,2208,9,30,121,160,1.3,0.04503667268784911,653,So you know Tom and Julie from Florida?
5102,2208,10,31,129,170,1.3,0.04403112527563468,653,"Oh, hi dear.  I was just telling Carl and Joan here about your amazing Bloody Marys!"
4631,2208,11,29,130,170,1.3,0.04481465873252761,653,"This bottle is an ""Off - Deep Woods"" from 2014."
2954,2208,10,28,122,160,1.3,0.045901179058862006,653,I meant to order a tall Mojito!
3505,2208,5,35,110,150,1.3,0.04309087219144258,653,"Steve, Gale, this is Experiment #437."
1661,2208,8,38,134,180,1.3,0.04086282331151638,653,I thought the food was repellent.
1082,2208,10,25,115,150,1.3,0.048002609921587766,653,Burgundy is his second favorite beverage.
1079,2208,11,26,123,160,1.3,0.04674970150915372,653,Meet Skeeter he will preform a sobriety blood test on all guest before they leave.
4376,2208,9,33,128,170,1.3,0.04323339390753816,653,"No Stinger, thanks. I'm having a Manhattan."
3530,2219,10,39,148,197,1.299492385786802,0.03985429708748323,653,I just knew you were going to get a Bloody Mary!
1411,2220,12,32,143,187,1.2994652406417113,0.04263675381276605,653,"Ab negative, I trust?"
4391,2220,11,34,142,187,1.2994652406417113,0.041957022885600576,653,"Perhaps we all don't see eye to eye, but your point is indisputable."
5528,2220,6,44,137,187,1.2994652406417113,0.038378206551176436,653,"Meet our new pest"""
4062,2223,9,35,133,177,1.2994350282485876,0.04206789745598183,653,"Oh my, that certainly is a large family."
1161,2223,11,31,135,177,1.2994350282485876,0.04356731191091039,653,"If he drinks anything stronger than beaujolais, he can't fly,"
2953,2225,9,32,126,167,1.2994011976047903,0.04373692931190449,653,My doctor says merlot is a healthy alternative.
5668,2225,8,34,125,167,1.2994011976047903,0.04290424359829468,653,"Mine has an aroma of ripe pear, orange blossom, and honeysuckle; how's your O positive?"
3488,2227,5,37,115,157,1.2993630573248407,0.0418666292628463,653,"You know,  Phillip brings his work home from the lab."
62,2228,8,28,111,147,1.2993197278911566,0.046711807034701285,653,Wait until you hear his story -- it's positively Kafkaesque.
5607,2229,13,35,156,204,1.2990196078431373,0.04074780433872175,653,"Typical stereotypes, I asked for a white."
2240,2230,11,36,147,194,1.2989690721649485,0.040908632423789316,653,"Yes, that was a good year for blood."
3450,2231,11,33,140,184,1.298913043478261,0.04240896732862619,653,Would one of you be so kind as to allow me to top off my glass?
4701,2232,6,40,128,174,1.2988505747126438,0.04012296316462072,653,So how did you want your Bloody Mary?
3613,2232,12,28,134,174,1.2988505747126438,0.04481625577222157,653,"I'll have a Bloody Mary ............um, Mary."
3191,2232,7,38,129,174,1.2988505747126438,0.04094255660269385,653,"Careful, that drink has a bit of a sting to it."
2893,2232,7,38,129,174,1.2988505747126438,0.04094255660269385,653,Next time I’ll think twice before I order a Stinger here.
1348,2232,9,34,131,174,1.2988505747126438,0.04253439169983917,653,My favorite vintage; that was the year the vineyard went pesticide-free.
179,2232,9,34,131,174,1.2988505747126438,0.04253439169983917,653,Another Bloody Mary?
486,2238,7,35,122,164,1.298780487804878,0.04253303022289477,653,Jason here is a lawyer.
550,2238,10,29,125,164,1.298780487804878,0.045094442642119315,653,His jokes really suck.
2412,2238,12,25,127,164,1.298780487804878,0.046724106790583614,653,"This is my husband, Michael. He thinks our parties are boring and, get this, actually threatened to spike our drinks with hallucinogens."
2746,2238,14,21,129,164,1.298780487804878,0.048298815239634335,653,"So, Steve, how's the legal profession these days?"
3113,2238,10,29,125,164,1.298780487804878,0.045094442642119315,653,You wanted a Bloody Mary?
4063,2238,9,31,124,164,1.298780487804878,0.044257113079324915,653,Welcome to the Kafka Club.
4618,2238,9,31,124,164,1.298780487804878,0.044257113079324915,653,I've always preferred Bloody Marys
5128,2238,6,37,121,164,1.298780487804878,0.041644230823181784,653,Would you prefer sangria?
4310,2246,7,32,115,154,1.2987012987012987,0.04430936428303814,653,I can't believe the bartender served your stinger in a wine glass.
4053,2246,6,34,114,154,1.2987012987012987,0.04334094282942356,653,Would you like something else to drink?
4736,2248,8,27,109,144,1.2986111111111112,0.0473458947750533,653,"We think you’ll love it,  with  plasma forward and a bit of a bite you should find the effect quite full-bodied"
2967,2249,8,38,135,181,1.298342541436464,0.040670222485317764,653,Mitchell prefers we not call it bug juice.
448,2250,10,31,130,171,1.2982456140350878,0.043808019147143704,653,Can you lift all your legs and still balance your drink?
456,2250,5,41,125,171,1.2982456140350878,0.039688100150731494,653,He prefers type O to my cabernet...
1339,2250,9,33,129,171,1.2982456140350878,0.04301561451371009,653,"When you asked for a Bloody Mary, I just assumed...."
2156,2250,8,35,128,171,1.2982456140350878,0.04220833617175288,653,I'm type AB if you like your blood rare.
2858,2250,9,33,129,171,1.2982456140350878,0.04301561451371009,653,"Let me guess,that's a stinger."
3119,2250,10,31,130,171,1.2982456140350878,0.043808019147143704,653,"To be fair, Alice had never been a social butterfly."
5468,2256,7,34,120,161,1.2981366459627328,0.04302671466919966,653,We met at the Rio Olympics.
5012,2256,8,32,121,161,1.2981366459627328,0.043919675850096124,653,Where did you attend law school?
2869,2256,5,38,118,161,1.2981366459627328,0.0411827472628907,653,"...And, this is Diana, Chloe's friend from camp."
2346,2256,10,28,123,161,1.2981366459627328,0.045653230223973267,653,"Yes, Fred, I get your point about the effect that global warming has had on your appearance, but I still don't believe our president could be wrong about such an important matter."
50,2260,10,25,116,151,1.2980132450331126,0.047725023621001623,653,This is Miss Quito.
834,2261,11,34,143,188,1.297872340425532,0.04176363883219921,653,A couple more of these - and I'll be flyin'
1837,2261,9,24,108,141,1.297872340425532,0.04904837143816246,653,And this is Mr. Kafka
619,2263,6,41,131,178,1.297752808988764,0.03952484765674557,653,Everything's big in Texas.
2044,2263,9,35,134,178,1.297752808988764,0.0418647046865899,653,She was our neighbor up at the lake last summer.  Looked after the kids for us.
5459,2263,9,35,134,178,1.297752808988764,0.0418647046865899,653,I'm so relieved you'll drink red wine instead.
5959,2266,9,32,127,168,1.2976190476190477,0.043512322382735856,653,I heard this buzzing sound and swiped right and left and straight up.  We've been together ever since.
5898,2266,12,26,130,168,1.2976190476190477,0.045904032474590635,653,Did you just drink from my glass?
4788,2266,7,36,125,168,1.2976190476190477,0.04184196697431553,653,You’re only here for the bloody cocktails
4398,2266,10,30,128,168,1.2976190476190477,0.04432390098545984,653,And I thought I was the bloodsucker in the marriage.
3730,2266,11,28,129,168,1.2976190476190477,0.04512088427766636,653,That better not be what I think it is. . .
1306,2266,10,30,128,168,1.2976190476190477,0.04432390098545984,653,Do you  guys  start seeing funny  insects  if you drink  a lot?
3131,2266,10,30,128,168,1.2976190476190477,0.04432390098545984,653,Are you sure you wouldn't prefer a moscato?
1610,2266,11,28,129,168,1.2976190476190477,0.04512088427766636,653,"Wow, your job sucks!"
895,2266,12,26,130,168,1.2976190476190477,0.045904032474590635,653,"Yes it's a bloody mary, but it's not actually from anyone named Mary"
3285,2266,9,32,127,168,1.2976190476190477,0.043512322382735856,653,"And this is my friend, Gnat."
3405,2276,8,31,119,158,1.2974683544303798,0.04445327865274734,653,They're ready to roll up their sleeves so you can get to work.
5133,2276,6,35,117,158,1.2974683544303798,0.04260097032711705,653,And Busby here just wrote the most interesting op ed piece about Zika.
1086,2276,10,27,121,158,1.2974683544303798,0.04623143187427464,653,He likes to relax during his off season.
1982,2276,6,35,117,158,1.2974683544303798,0.04260097032711705,653,...or would you prefer a Bloody Mary?
143,2280,12,34,149,195,1.2974358974358975,0.04137113313473756,653,"So, you really think Buzzfeed has a future?"
2754,2281,7,30,111,148,1.2972972972972974,0.045438618903242536,653,"Ah, there you are Harold. I was just telling Laura and Don how a little nightcap takes the sting out of a long day."
1895,2281,8,28,112,148,1.2972972972972974,0.04643917259374186,653,"My martini is fine, thanks. And how's your blood?"
3460,2283,8,36,131,175,1.2971428571428572,0.04154194328436534,653,Who even orders a grasshopper anymore?
3826,2283,6,40,129,175,1.2971428571428572,0.039929565009624725,653,Is that a vodka stinger?
1250,2283,8,36,131,175,1.2971428571428572,0.04154194328436534,653,I've never even heard of the #bugtoo movement.
2157,2286,9,31,125,165,1.2969696969696969,0.044025325662036485,653,It’s pointless of me to address your drinking problem.
4571,2286,5,39,121,165,1.2969696969696969,0.040528878341483915,653,"Sorry, my bad. For some reason I'd thought a Bloody Mary was your favorite drink."
4819,2286,8,33,124,165,1.2969696969696969,0.04317776591766852,653,I'd like you to meet the new landlord
5580,2286,9,31,125,165,1.2969696969696969,0.044025325662036485,653,Is it me or does this taste a little “OFF!”???
4089,2290,8,41,143,192,1.296875,0.03910474373737978,653,Don't mind Ted here. He really tends to suck the life out of a party.
3861,2291,11,32,139,182,1.2967032967032968,0.042669847241103134,653,"That’s odd,  I thought you would want a Bloody Mary."
1622,2292,6,31,108,145,1.296551724137931,0.04498205041229769,653,Chateauneuf-du-Pape really? I though a Bloody Mary would be more to your taste.
4149,2292,7,29,109,145,1.296551724137931,0.04603444688390985,653,Vegan? But how do you get enough protein?
5470,2294,13,25,134,172,1.2965116279069768,0.045867548512573145,653,"This my friend from the Mosquito Coast, but he is here legally"
4070,2294,5,41,126,172,1.2965116279069768,0.039494763684803015,653,She says this red is A+!
1563,2294,11,29,132,172,1.2965116279069768,0.04436026481598759,653,Ralph here loves to go camping.
441,2294,12,27,133,172,1.2965116279069768,0.0451202011359535,653,Don’t worry. Males don’t bite.
3360,2294,9,33,130,172,1.2965116279069768,0.042799932038916175,653,This sommelier is a real prick.
5892,2299,12,24,126,162,1.2962962962962963,0.04706629058678449,653,Sorry - he's always poking his nose into other people's business.
935,2299,10,28,124,162,1.2962962962962963,0.0454078543579917,653,Looks like you need a fluted glass.
2341,2299,9,30,123,162,1.2962962962962963,0.04455549350299086,653,"These are our new neighbours, dear.  
Of course they go well with red wine."
2785,2299,12,32,145,189,1.2962962962962963,0.04224352701777759,653,"He usually has a Bloody Mary, but he's moved on to Malbec."
3790,2299,10,36,143,189,1.2962962962962963,0.04088937507766557,653,Think Kafka meets the Ancient Mariner.
5356,2299,7,34,121,162,1.2962962962962963,0.04279987767613371,653,"This is my friend Zika, who comes from a region West of the Nile."
5040,2305,10,33,136,179,1.2960893854748603,0.0424100041766832,653,I’ve heard you make a mean grasshopper.
3426,2305,10,33,136,179,1.2960893854748603,0.0424100041766832,653,"Tell me, what is it you plan to do with your one wild and precious life?"
437,2305,11,31,137,179,1.2960893854748603,0.04314370351400262,653,Who ordered  another stinger?
2385,2305,4,45,130,179,1.2960893854748603,0.037709206600497855,653,"Phylum, schmylum, I'm species-blind. You're one of the good ones."
747,2309,4,37,111,152,1.2960526315789473,0.041577905003898616,653,"Olivia, you have such a biting sense of humor."
2128,2309,12,21,119,152,1.2960526315789473,0.04925270744272468,653,Let me introduce you some of my other favorite blood suckers.
4133,2309,7,31,114,152,1.2960526315789473,0.04461095506414591,653,"Yes, I think we have met before."
4591,2312,8,42,146,196,1.2959183673469388,0.038562858461111515,653,"Now, Bob, you know we all enjoy your humming, but remember what happened last time?"
1841,2313,10,30,129,169,1.2958579881656804,0.0440960284810395,653,This way Jimmy will learn how to be a responsible adult before we let him get a dog.
3376,2313,8,34,127,169,1.2958579881656804,0.04246851741621404,653,"Julia, here, is partial to reds."
1507,2315,8,39,139,186,1.2956989247311828,0.03988378902683423,653,He keeps showing up uninvited.
2211,2316,9,34,133,176,1.2954545454545454,0.042117786151120835,653,"The 2018 Chateau d'Anopholes---warm, hints of serum, and a Really great nose."
1929,2316,7,38,131,176,1.2954545454545454,0.04054673575519263,653,Well not all blood suckers are GOP
2862,2318,9,39,145,193,1.2953367875647668,0.03961909907299773,653,He has a reputation as a blood sucker at the office but he's really very sensitive.
2099,2319,10,29,127,166,1.2951807228915662,0.04462170904158254,653,"And Lenny, here, immigrated from the South and has a flourishing personal injury practice."
4561,2319,8,33,125,166,1.2951807228915662,0.042954140865998955,653,It's a 30 year old vintage from a film star's left arm
873,2321,12,35,153,200,1.295,0.04059698976389072,653,He's coming over here. Don't let him suck up to you.
853,2322,6,34,116,156,1.294871794871795,0.04286855350832943,653,He was just telling me about a wonderful Mondavi Type O
2982,2322,8,30,118,156,1.294871794871795,0.04475643922134656,653,Have you all tried the Bloody Mary?
3953,2322,9,28,119,156,1.294871794871795,0.04567112695908522,653,"Jim, Janice, this is the correspondent from Buzzfeed covering tomorrow's gallery opening."
5978,2322,8,30,118,156,1.294871794871795,0.04475643922134656,653,We've heard you've already made quite a buzz around town.
4346,2326,6,39,128,173,1.2947976878612717,0.04014915309010272,653,Dave's caught the bug that's been spreading.
5614,2326,8,35,130,173,1.2947976878612717,0.041789725580624264,653,I'm off straws.
3005,2328,6,36,121,163,1.294478527607362,0.041676336380730136,653,"Overuse of antibiotics aside, his cocktail banter really is delightful."
2596,2329,12,29,139,180,1.2944444444444445,0.043651761015343606,653,"Point of fact, Frank's family sucks blood the old fashioned way."
2331,2329,11,31,138,180,1.2944444444444445,0.04293486920103383,653,"No, not That kind of SWAT team."
2133,2329,11,31,138,180,1.2944444444444445,0.04293486920103383,653,"I said moscato, but a martini will do."
800,2332,8,34,128,170,1.2941176470588236,0.042253819112864265,653,I hope the ‘80 O positive is up to your standards.
1601,2332,9,27,117,153,1.2941176470588236,0.046258677391591126,653,"Welcome back, Gregor! Let me introduce the rest of the sales team."
2791,2332,10,30,130,170,1.2941176470588236,0.043870405949469046,653,"So, you prefer Bloody Mary?"
3839,2332,7,31,115,153,1.2941176470588236,0.044360642578847934,653,"This is Fred. Oddly, he's the least blood-sucking date I could find on Tinder."
3849,2332,7,36,127,170,1.2941176470588236,0.041421873271840035,653,Meet our new faculty member. He studies malaria.
4308,2332,12,31,144,187,1.2941176470588236,0.04249950681160455,653,"I see the cartoonist has cut your wings off in the panel. That's so funny, I was just telling my new friends here how I would pull the wings off insects when I was a child!"
6009,2332,9,32,129,170,1.2941176470588236,0.043069697861686136,653,Enjoying your Bloody Mary?
5812,2339,8,36,133,177,1.2937853107344632,0.041139382132651045,653,"Oh come on, Skeeter, humor us: we say mosquito, you say muscato? Something like that?"
5105,2339,12,28,137,177,1.2937853107344632,0.044150357912562756,653,And now for your biting remarks.
4963,2339,9,34,134,177,1.2937853107344632,0.041912409828642215,653,It's actually easier if I take a sip of yours.
860,2339,6,40,131,177,1.2937853107344632,0.039548022598870046,653,"Joanne moved into 3C, showing the board's commitment to diversity."
654,2339,8,36,133,177,1.2937853107344632,0.041139382132651045,653,Actually Nigel is a CPA. Phlebotomy is more of a pleasant diversion.
3848,2339,10,32,135,177,1.2937853107344632,0.04267143579763681,653,So. Tell me if you heard this one... Two mosquitoes walk into a bar..
751,2345,13,28,143,184,1.2934782608695652,0.043648691859580514,653,This is  Mr Kafka
5653,2345,8,38,138,184,1.2934782608695652,0.04010268874825893,653,Henry and I are blood relations
5657,2345,13,28,143,184,1.2934782608695652,0.043648691859580514,653,"No, it's Pinot.  A Bloody Mary would spoil my appetite."
1571,2348,8,33,126,167,1.2934131736526946,0.042732726829078936,653,"Have you met Skeeter, from Texas?"
5175,2348,8,33,126,167,1.2934131736526946,0.042732726829078936,653,And this is our neighbor - His family has lived here for centuries before we moved in.
2403,2350,7,42,142,191,1.293193717277487,0.03842488165552899,653,"He's not like the other guys this one is different, I promise."
4595,2351,10,31,133,174,1.293103448275862,0.04315159094718724,653,"They’re all drinking these days. I thought it was the low birth rate and climate change, turns out it’s Trump’s tweets."
5855,2351,9,33,132,174,1.293103448275862,0.04237474522894614,653,A drop of RH Negative! Who would have thought of that!
4197,2353,10,26,121,157,1.2929936305732483,0.04630839335566878,653,"I wasn't even sure he was male at first, but honestly, it didn't matter."
4088,2353,7,32,118,157,1.2929936305732483,0.043583131406531896,653,"Now to be totally honest, he was a bit of a drunk even before the transformation."
2708,2353,11,24,122,157,1.2929936305732483,0.047181846217708094,653,I hope you like it. It's a very rare vintage AB-negative.
3886,2353,5,36,116,157,1.2929936305732483,0.04166738182970959,653,All he can talk about is the nose.
89,2357,11,36,151,198,1.292929292929293,0.04019197797224672,653,I snagged him by casting a wide net.
431,2358,13,27,141,181,1.292817679558011,0.0441413068663237,653,Ms. Skeeter is a paid advocate for the positive aspects of atomic energy leakage.
961,2358,11,31,139,181,1.292817679558011,0.04272797986632282,653,Another red for you?
1180,2358,9,35,137,181,1.292817679558011,0.041266276244008505,653,Where can I get a straw around here?
1229,2358,12,29,140,181,1.292817679558011,0.04344039154590946,653,"Yeah, it's blood."
5814,2362,5,38,121,164,1.2926829268292683,0.04054802809484679,653,I so enjoy a good Kafkaesque moment.
3946,2363,8,39,141,188,1.2925531914893618,0.03952067113742209,653,I bet you'd like a bite to eat!
5953,2364,4,35,108,147,1.2925170068027212,0.04231102840798087,653,I need a refill. Anyone want to volunteer?
3156,2365,5,40,126,171,1.2923976608187135,0.03951029656790155,653,"Well whatever you call it, there's no need to stick it into our conversation."
3044,2365,9,32,130,171,1.2923976608187135,0.042851619961223705,653,"I'd like you to meet our new neighbor, who brought the key ingredient for the Bloody Marys."
1121,2367,8,41,146,195,1.2923076923076924,0.03859084791992785,653,...Or would you rather have a Bloody Mary?
4423,2367,10,37,148,195,1.2923076923076924,0.039937322536562396,653,"Mostly, we only disagree at night."
252,2369,7,31,116,154,1.2922077922077921,0.0441130076773214,653,This club caters to blue bloods.
3672,2369,12,21,121,154,1.2922077922077921,0.04868644200860737,653,'This is my boyfriend Kevin. He's a lawyer.'
5806,2369,8,29,117,154,1.2922077922077921,0.04506484088691572,653,Ah yes -- the '86 Brunette!
4784,2372,7,38,133,178,1.2921348314606742,0.040158144800190726,653,"Frankly, I doubt that a wall is likely to slow down illegal immigration."
5807,2372,9,34,135,178,1.2921348314606742,0.04170895033359998,653,"Gregor, I hardly recognized you! Have you lost weight?"
3632,2374,8,31,122,161,1.2919254658385093,0.04373813197750449,653,She really loves bloody marys
1447,2374,9,29,123,161,1.2919254658385093,0.04461685713308811,653,"He makes the perfect stingers"""
4143,2374,5,37,119,161,1.2919254658385093,0.040989083110301645,653,"Yeah, most people are surprised to learn I'm not a Bloody Mary guy"
2511,2377,11,32,142,185,1.2918918918918918,0.0420668421435111,653,Tell us more about your humanitarian trip to Africa.
1329,2377,9,36,140,185,1.2918918918918918,0.04064616088594462,653,And you should see him open a bottle of wine.
393,2379,11,27,130,168,1.2916666666666667,0.04495837084270246,653,I can get you a Bloody Mary if you prefer.
1233,2379,10,29,129,168,1.2916666666666667,0.04415845456308731,653,"No, you really can’t just be a fly on the wall."
1725,2379,9,24,111,144,1.2916666666666667,0.0481545604679525,653,You have a point!
2191,2379,6,37,125,168,1.2916666666666667,0.040802268462444564,653,This will definitely get you buzzing
2497,2379,9,31,128,168,1.2916666666666667,0.043343778215224095,653,I just don't have the nose for Sauvignon
2670,2379,8,33,127,168,1.2916666666666667,0.042513493276144954,653,"No, the costume party is next month."
4544,2379,7,35,126,168,1.2916666666666667,0.04166666666666666,653,Why don’t you and your main course get acquainted?
5735,2379,14,21,133,168,1.2916666666666667,0.04727698284703767,653,And this is my other blood-sucking pest.
6001,2379,9,24,111,144,1.2916666666666667,0.0481545604679525,653,"Seen your wife? No, but I just heard a high pitched buzzing near the crostinis."
1608,2388,10,31,134,175,1.2914285714285714,0.04293698091719815,653,When you're finished with that blood you should really try the stagnant water.
3455,2388,7,37,131,175,1.2914285714285714,0.040577579958746536,653,It happens! You wake up one morning and find yourself MARRIED to your work!!
2616,2388,9,33,133,175,1.2914285714285714,0.04216518570209371,653,"So, this year Milan was all about legs?"
258,2388,9,33,133,175,1.2914285714285714,0.04216518570209371,653,"Skeeter brought a vintage O+ to share with everyone.  It's from his personal collection, literally."
2087,2388,9,33,133,175,1.2914285714285714,0.04216518570209371,653,"Well, as if this crowd wasn't diverse enough!"
3454,2393,10,24,117,151,1.2913907284768211,0.04753472435742082,653,"Franz began writing several years ago"""
4855,2393,7,30,114,151,1.2913907284768211,0.044661497483675136,653,Alice was explaining why the term 'blood sucker' has certain negative connotations.
4868,2395,4,45,133,182,1.2912087912087913,0.03719162525937764,653,"And then I heard ""...Hey gorgeous, do you you ever take off the Lab Coat?"""
1149,2395,13,27,142,182,1.2912087912087913,0.04392757562727281,653,Frank just got a new place on the West Nile...er...I mean West Side.
3480,2395,10,33,139,182,1.2912087912087913,0.041803033344537416,653,"She appreciates the red wine, but she's looking for a Bloody Mary."
5382,2395,13,27,142,182,1.2912087912087913,0.04392757562727281,653,"Well, I assumed you wanted a Bloody Mary!"
5904,2399,10,26,122,158,1.2911392405063291,0.046051719860048704,653,And he's from - what part of the Mosquito Coast did you say you were from?
3477,2400,7,34,124,165,1.290909090909091,0.04213288187708536,653,Seems like everyone else is sucking the life out of the party.
5234,2400,8,32,125,165,1.290909090909091,0.04300104144408387,653,I would love to understand your point a little better.
911,2400,9,30,126,165,1.290909090909091,0.043852017003590725,653,"I've got to hand it to Bill and Melinda Gates, taking you from spreading Malaria to the life of the party was a very noble move indeed."
1449,2403,11,28,133,172,1.2906976744186047,0.04420179094903042,653,George here sucked the blood out of a guy taking growth hormones.
3587,2403,12,26,134,172,1.2906976744186047,0.04496440569056973,653,The fact that you are naked doesn't make any difference to us!
5455,2403,12,26,134,172,1.2906976744186047,0.04496440569056973,653,"Yeah, we get your point. Watch your mouth."
3338,2406,13,26,140,179,1.2905027932960893,0.04442910759062643,653,He was just walking by an saw the light.
4221,2406,8,36,135,179,1.2905027932960893,0.04074422791157147,653,He's a sucker for the red
4389,2406,14,24,141,179,1.2905027932960893,0.04512999335184235,653,"You read about the 'insect apocalypse'? Apparently 60% of bugs worldwide have died in recent years because of chemicals or some shit. Here's my thing: Why not get rid of every last one of the fuc— oh, hey, Karen! Didn't see you there! How are you?"
5767,2406,11,30,138,179,1.2905027932960893,0.04299307158163635,653,Have you seen the yard?
2418,2410,8,29,118,155,1.2903225806451613,0.04481282764116549,653,Bill here draws cartoons for the New Yorker.
4844,2410,9,27,119,155,1.2903225806451613,0.04573813181316198,653,Sometimes he prefers a stinger”
3486,2410,7,31,117,155,1.2903225806451613,0.04386801044765344,653,Meet our resident party animal.
3081,2410,11,23,121,155,1.2903225806451613,0.04753473532987144,653,"Yes, Melvin, I'm sure. It's blood.
It was one time, eight years ago. Let it go."
1756,2410,9,36,141,186,1.2903225806451613,0.04045749009336217,653,"Don't worry,  he won't bite you if we keep his glass full."
2479,2410,6,42,138,186,1.2903225806451613,0.0382418695718593,653,Born in water...live on wine
2851,2410,9,36,141,186,1.2903225806451613,0.04045749009336217,653,You certainly are well travelled....Egypt & Uganda.
3958,2417,7,42,144,193,1.2901554404145077,0.038085985564738745,653,You have to really get your nose in there to experience this wine.
4633,2417,8,40,145,193,1.2901554404145077,0.038788073715847506,653,Can you believe he was single?
5671,2419,8,31,123,162,1.2901234567901234,0.04350464162492643,653,he' s from Maine
5127,2419,9,29,124,162,1.2901234567901234,0.04437719097706396,653,This stuff tastes likes insecticide!
5357,2419,7,33,122,162,1.2901234567901234,0.042614230097606544,653,"Well, we both met on the lakeshore..."
1692,2419,10,27,125,162,1.2901234567901234,0.04523291185758809,653,"Excuse me, I'm looking for a passed out vodka drinker so I can get a decent Bloody Mary."
635,2419,6,35,121,162,1.2901234567901234,0.04170481232076497,653,"She was on the NIH's 10 most detested list, but once she landed on merlot she mellowed."
3800,2419,6,35,121,162,1.2901234567901234,0.04170481232076497,653,THEY GROW UP SO FAST.
5733,2425,9,31,129,169,1.2899408284023668,0.04312109334736757,653,These are my other blood-sucking pests.
5478,2425,9,31,129,169,1.2899408284023668,0.04312109334736757,653,Feeling okay?  You seem less sanguine than usual.
5292,2425,9,31,129,169,1.2899408284023668,0.04312109334736757,653,"I told him he was a no good,  blood sucking parasite and to stop bugging me!"
760,2425,8,33,128,169,1.2899408284023668,0.04229641017081357,653,Let me introduce you to Dr. Smith. He did my proboscisectomy.
2976,2425,11,27,131,169,1.2899408284023668,0.04472486386498856,653,I’d like to introduce you to our attorney
4507,2425,11,27,131,169,1.2899408284023668,0.04472486386498856,653,You make an excellent point.
304,2431,8,24,106,138,1.289855072463768,0.04846408395601442,653,Don’t be shy...I’m sure you recognize quite a few of my guests.
1708,2432,10,31,135,176,1.2897727272727273,0.04272442308817333,653,We met when I was getting some blood drawn.
2284,2432,10,31,135,176,1.2897727272727273,0.04272442308817333,653,"And this is my son, Buzz.  He tends to go for the jugular."
3918,2432,8,35,133,176,1.2897727272727273,0.04117652484543964,653,What do you have there? A Bloody Mary?
1199,2435,9,24,112,145,1.289655172413793,0.04786359267507359,653,He may not look like much but he's a TIGER in bed!
3085,2435,13,16,116,145,1.289655172413793,0.051711364961848236,653,You’re the designated driver. Does it matter what my blood alcohol is?
3330,2437,10,33,140,183,1.289617486338798,0.04160441752168046,653,And this is my brother-in-law Phil. He's a lawyer
2468,2437,9,35,139,183,1.289617486338798,0.04087637847144978,653,"Gary here tells me he's recently gone vegan, too."
3043,2439,9,26,117,152,1.2894736842105263,0.046328779191793075,653,"This is my neighbor, Ms. Quito. She makes a mean bloody mary!"
2406,2439,4,36,112,152,1.2894736842105263,0.041360172904601575,653,You might say it's a mixed marriage.
2453,2441,10,26,123,159,1.2893081761006289,0.04579778882396355,653,This is my husband. He just flew in from West Nile.
3957,2441,8,30,121,159,1.2893081761006289,0.0440251572327044,653,Let me guess — it’s a stinger.
4370,2441,5,36,118,159,1.2893081761006289,0.0412235367437623,653,I hope you came hungry.
4666,2441,8,30,121,159,1.2893081761006289,0.0440251572327044,653,"Well! They give a prize for raising the largest Watermelons and Pumpkins don't they?"""
4702,2441,5,36,118,159,1.2893081761006289,0.0412235367437623,653,It's an acquired taste.
5045,2446,9,30,127,166,1.2891566265060241,0.04362226334515639,653,"BZZZZZZZZZZZZZZ!!  See.  Annoying,isn't it?"
360,2446,11,26,129,166,1.2891566265060241,0.04526522461680426,653,So... how long have you been a mortgage broker?
5977,2448,8,34,131,173,1.2890173410404624,0.04162204432912362,653,So you prefer the red?
1678,2448,10,30,133,173,1.2890173410404624,0.04320672684185774,653,"Well, you did ask for a Bloody Mary."
1875,2448,6,38,129,173,1.2890173410404624,0.039974590728163235,653,Hey guys! Whats all the buzz about?
5706,2451,7,38,135,180,1.288888888888889,0.03977660218328084,653,"...and Diane has promised not to stick her proboscis where it doesn’t belong.  Right, Diane?"
4938,2451,9,34,137,180,1.288888888888889,0.04130768178085716,653,I guarantee you he makes the best Bloody Mary ever.
4734,2451,11,30,139,180,1.288888888888889,0.04278400480284817,653,What did you do after you escaped the tent?
4298,2451,6,27,102,135,1.288888888888889,0.0468660354734897,653,...and these are the Stones.  Good luck.
5000,2451,10,32,138,180,1.288888888888889,0.04205232241552596,653,"...still, Jim despised these awkward formalities."
2438,2451,8,36,136,180,1.288888888888889,0.04054936901701148,653,"Andy and Eileen, are the hosts. Let them know when you need a refill."
1625,2451,12,28,140,180,1.288888888888889,0.043503382781123166,653,Wine makes me itch.
1232,2451,9,34,137,180,1.288888888888889,0.04130768178085716,653,"Awkward isn’t it, may I hold your glass as you sip?"
2598,2451,11,30,139,180,1.288888888888889,0.04278400480284817,653,"This is my boyfriend, Mitch. He's the lawyer I was telling you about."""
3221,2460,6,42,139,187,1.2887700534759359,0.038068488979089266,653,You know what really bugs me?
4160,2460,4,46,137,187,1.2887700534759359,0.03652680988829741,653,His profile really stood out.
5566,2460,10,34,143,187,1.2887700534759359,0.04097821223798666,653,You wouldn't believe how sensitive his palate is for the reds.
6018,2463,12,32,150,194,1.288659793814433,0.0412904948009828,653,"Oh, I was wondering who brought the malaria."
3932,2464,9,40,152,201,1.2885572139303483,0.0383955848389547,653,It's not a contest. I'm just saying that the proboscis on my last girlfriend was at least this long.
1408,2465,7,31,118,156,1.2884615384615385,0.04362561167209823,653,Is it ok?  I just assumed that you'd prefer red over white.
2388,2465,8,29,119,156,1.2884615384615385,0.04456351624034515,653,"So, you're saying you're not vaccinated?"
4738,2467,11,25,127,163,1.2883435582822085,0.04582379535994084,653,I knew a Gregor Samsa  with a similar story!
1996,2467,6,35,122,163,1.2883435582822085,0.04148636415733588,653,"Sure, we'd really like to have you join us . . . but we hear you keep on sticking your nose into other people's business."
5708,2467,11,25,127,163,1.2883435582822085,0.04582379535994084,653,"Brad, Amy, meet my Tinder match."
90,2467,11,25,127,163,1.2883435582822085,0.04582379535994084,653,"Gerald, Karen, you must meet Mosquita. She set me straight about vaccinating the twins."
578,2467,8,31,124,163,1.2883435582822085,0.04327353850880402,653,"Ever since his research trip in the Amazon, he only drinks reds."
5044,2472,10,29,131,170,1.2882352941176471,0.04370441111922959,653,"And I said, ""Dengue Fever? I barely know her!"""
3443,2472,8,33,129,170,1.2882352941176471,0.04208144796380091,653,Speaking of blood-sucking parasites...
2002,2474,12,27,138,177,1.2881355932203389,0.04399810775107817,653,How was Brazil?
5756,2474,12,27,138,177,1.2881355932203389,0.04399810775107817,653,Good legs?  Do you mean me or the wine?
2535,2476,8,37,139,184,1.2880434782608696,0.03994743504020871,653,"So, how was that Nile River cruise?"
3018,2476,10,33,141,184,1.2880434782608696,0.04140761558912618,653,You'll want to sip that. The blood alcohol level is very high.
3521,2476,12,29,143,184,1.2880434782608696,0.042818029978760073,653,His work touches the lifeblood of the economy.
5206,2476,8,37,139,184,1.2880434782608696,0.03994743504020871,653,Our new bartender makes a really potent stinger.
4691,2480,12,33,153,198,1.2878787878787878,0.04069302641589858,653,"Well then, you bloodsuckers should have plenty to talk about.."
5527,2480,11,35,152,198,1.2878787878787878,0.04005806081097448,653,We met at the blood donation center.
3892,2482,9,43,160,212,1.2877358490566038,0.037063388163899105,653,Let's toast to GMOs!
1681,2483,8,26,112,146,1.2876712328767124,0.04657256375606114,653,"No dear, that IS the correct glass for drinking blood."
1058,2483,9,24,113,146,1.2876712328767124,0.04757601292775532,653,Can I freshen up your Bloody Mary?
1340,2485,7,30,116,153,1.2875816993464053,0.044157443605784004,653,"Love the wine; now, which of you is the canape?"
1861,2485,11,22,120,153,1.2875816993464053,0.04789443677317868,653,Do you need a straw?
3413,2485,7,30,116,153,1.2875816993464053,0.044157443605784004,653,"Yes, i't got quite a bite."
543,2488,9,28,123,160,1.2875,0.04467519044737731,653,We met at a little shindig in Sub-Saharan Africa.
3658,2488,10,26,124,160,1.2875,0.045546558527628525,653,I think you wanted the Bloody Mary.
3889,2488,6,34,120,160,1.2875,0.04195263501742959,653,"Really, it tastes much like a Grasshopper!"
829,2491,8,32,127,167,1.2874251497005988,0.04255544337173069,653,Actually my favorite is a bloody mary
2152,2491,11,26,130,167,1.2874251497005988,0.045026662781542444,653,You seem to be the buzz of the party.
4917,2493,10,30,134,174,1.2873563218390804,0.04298979546033624,653,"It looks like an arthropod, but it drinks like a fish."
4865,2493,11,28,135,174,1.2873563218390804,0.043755722846009815,653,"Let me introduce you to my soon to be ex and his girlfriend.After I’ve sucked him dry,you can have a turn."
3756,2493,8,34,132,174,1.2873563218390804,0.041415467854546674,653,On second thought...I'll pass on the Bloody Mary.
3578,2493,4,42,128,174,1.2873563218390804,0.03807200947402007,653,Touché.
681,2493,5,40,129,174,1.2873563218390804,0.03893480028772656,653,"My, you sure are persistent."
3707,2493,8,34,132,174,1.2873563218390804,0.041415467854546674,653,...and this is Buzz.
3754,2499,8,36,137,181,1.287292817679558,0.04035629130662604,653,"And this is Kevin, my blood-sucking husband."
1005,2499,11,30,140,181,1.287292817679558,0.04257689879078045,653,And this is my agent
1074,2499,9,34,138,181,1.287292817679558,0.04110982367063004,653,He's drinking a grasshopper !
1187,2499,9,34,138,181,1.287292817679558,0.04110982367063004,653,"You're right, it's just a shame not all of us can be positive."
1247,2499,9,34,138,181,1.287292817679558,0.04110982367063004,653,"How's the bloody, Mary?"
1962,2499,9,34,138,181,1.287292817679558,0.04110982367063004,653,Mike is one of the foremost experts in DNA splicing
1227,2505,8,38,142,188,1.2872340425531914,0.039369158531500636,653,Diversity is sooooo important ...
334,2506,7,27,109,143,1.2867132867132867,0.046148174993094856,653,"Saul, Josie, I'd like to introduce you to Hector, a giant Amazonian mosquito with aspirations of becoming on orthodontist."
5837,2507,8,27,115,150,1.2866666666666666,0.045697837138805625,653,I'd like to introduce my son from a previous marriage.
3678,2507,8,27,115,150,1.2866666666666666,0.045697837138805625,653,"Naturally, he's drinking red."
858,2509,9,27,121,157,1.286624203821656,0.04522879522522273,653,"This is my husband, Skeeter; he's a blood sucker, and a lush."""
2968,2509,9,27,121,157,1.286624203821656,0.04522879522522273,653,This is Jim. He can’t understand what the big deal is about giving up straws.
4384,2511,8,31,125,164,1.2865853658536586,0.04304478831253317,653,"Yes, they are web developers, but the kind without silk glands."
1373,2511,7,33,124,164,1.2865853658536586,0.042166777227855064,653,Do you mind if I bug you?
1181,2511,10,27,127,164,1.2865853658536586,0.04474915864064111,653,I'm on a new blood thinner.
5189,2511,7,33,124,164,1.2865853658536586,0.042166777227855064,653,I think maybe you’ve had enough
540,2511,6,35,123,164,1.2865853658536586,0.041270090897601856,653,This stinger cocktail is giving me quite a buzz.
312,2511,12,23,129,164,1.2865853658536586,0.04639095382959632,653,Don't take it personally.  Stinger is the name of the drink
215,2511,8,31,125,164,1.2865853658536586,0.04304478831253317,653,"Let's roll up our sleeves and get to work, shall we?"
669,2511,4,39,121,164,1.2865853658536586,0.03941556804768703,653,Care to join us? We were just going to grab a bite.
5843,2519,11,27,133,171,1.286549707602339,0.04426484087689004,653,How does one more Bloody Mary sound?
4474,2519,13,23,135,171,1.286549707602339,0.04579274000390457,653,so then I looked down and there was a person in my wine.
319,2521,8,35,135,178,1.2865168539325842,0.04077723600540698,653,You should've told us that he was coming tonight. I would've brought a spray or something...
1334,2521,11,29,138,178,1.2865168539325842,0.04304907539596055,653,Those legs!  Have you tried runway modelling?
3265,2521,8,35,135,178,1.2865168539325842,0.04077723600540698,653,"This is Mr. Skeeter, from our bird bath."
3867,2521,10,31,137,178,1.2865168539325842,0.04230535333002531,653,Nobody likes you. Please go away.
1585,2525,8,37,140,185,1.2864864864864864,0.03976141250126382,653,We’d value your opinion. It’s 2019 Arthur Schwartz AB Negative.
4008,2525,11,31,143,185,1.2864864864864864,0.041919364783321075,653,"We really do admire your commitment to defeating malaria, Mr. Gates."
5244,2527,10,28,130,168,1.2857142857142858,0.043987563001449265,653,"My kind of hosts...O positive at 98.6."""
5192,2527,11,24,126,161,1.2857142857142858,0.04614702017641418,653,"Well, I usually tell my patients they're going to feel a slight pinch."
4258,2527,5,38,125,168,1.2857142857142858,0.03973003525870457,653,Have you heard the latest buzz?
4244,2527,9,28,124,161,1.2857142857142858,0.04443273532044575,653,I thought you would prefer red.
4066,2527,13,22,133,168,1.2857142857142858,0.04635475916338693,653,"Ok, Harry, have another Bloody Mary.  Just stay off the patio."
4056,2527,15,22,145,182,1.2857142857142858,0.0451465873656435,653,Did you want a refill on that Bloody Mary?
3779,2527,6,38,131,175,1.2857142857142858,0.039584992310630805,653,I think you'll find this is a very nice plasma with a delightful fruitiness and the fruity overtones of red blood cells.
1679,2527,13,22,133,168,1.2857142857142858,0.04635475916338693,653,This party sucks.
2843,2527,5,36,120,161,1.2857142857142858,0.04078858862286861,653,"Give this a try, it's my version of a Bloody Mary."
5298,2527,7,36,132,175,1.2857142857142858,0.040406101782088436,653,I mean really any red will do in a pinch.
1529,2527,9,32,134,175,1.2857142857142858,0.04200018989490487,653,"Sorry, but we're all out of Bloody Marys."
1421,2527,10,36,150,196,1.2857142857142858,0.03962144258751637,653,"I ran out of bug spray when I was out on the lake, and I was swatting ‘em two at a time ... Oh, hi, Phyllis."
1414,2527,6,36,126,168,1.2857142857142858,0.040617258660421936,653,Fruit fly research has progressed in a decidedly unforeseen direction.
1040,2527,7,28,112,147,1.2857142857142858,0.0452784178449531,653,Can I get you another bloody Mary?
3006,2527,8,32,128,168,1.2857142857142858,0.04233596225370394,653,You should really keep your nose out of everyone’s business.
827,2542,8,39,146,193,1.2849740932642486,0.038639992629386284,653,You look exhausted from the flight.
2771,2543,12,29,145,186,1.2849462365591398,0.042412653446847325,653,Let me introduce you a lobbyist from the vaccine industry..
1393,2544,9,33,137,179,1.2849162011173185,0.041346549838812835,653,"At first I found him extremely annoying,  always buzzing around ruining my good times. Then one day, something just really attracted us to one another."
1467,2544,11,29,139,179,1.2849162011173185,0.0428378171811915,653,She finds O superior to A or B!
4426,2544,10,31,138,179,1.2849162011173185,0.04209878718218982,653,"So Bev, how's the vegan diet going?"
3929,2547,11,27,134,172,1.2848837209302326,0.04403825843496294,653,"Skeeter just flew in, and is an expert on red varietals and plasma."
4195,2547,9,31,132,172,1.2848837209302326,0.042466095817438654,653,The Bloody Marys are my favorite
5387,2547,9,31,132,172,1.2848837209302326,0.042466095817438654,653,"Don't worry, he doesn't bite."
5661,2547,13,23,136,172,1.2848837209302326,0.04555619736098798,653,Wow! That blood type diet really works for you!
6016,2547,8,33,131,172,1.2848837209302326,0.041657770439277333,653,So how do you know Mike and Karen?
5193,2552,10,27,128,165,1.284848484848485,0.044511025404519275,653,"And somehow I ended up the phlebotomist"""
2865,2552,7,33,125,165,1.284848484848485,0.04194641692134844,653,Can you taste the iron overtones?
1559,2552,12,23,130,165,1.284848484848485,0.046141641091063744,653,Always Red? Have you even tried white?
1148,2552,12,23,130,165,1.284848484848485,0.046141641091063744,653,"And you've probably already met your neighbor, Ms. Quito."
423,2552,7,33,125,165,1.284848484848485,0.04194641692134844,653,Small world! Richard just returned from Brazil as well.
2933,2557,8,29,121,158,1.2848101265822784,0.04407283644001138,653,"Yes, it’s a super rare AB-negative."
4124,2557,8,29,121,158,1.2848101265822784,0.04407283644001138,653,"You got your wish.  
You told me I would end up sucking the life out of you."
5475,2557,11,23,124,158,1.2848101265822784,0.0467364084747463,653,By any chance are you drinking a grasshopper?
5545,2557,7,31,120,158,1.2848101265822784,0.04314845601854772,653,"Of course we love you, Jerry. You're just not yourself when you drink."
1041,2561,8,38,144,190,1.2842105263157895,0.039011965968052564,653,Bill here is great at making Bloody Mary's
3793,2561,15,24,151,190,1.2842105263157895,0.043724101322391705,653,I'd like you to meet the Johnsons. They're the couple you infected with West Nile fever.
3874,2561,7,40,143,190,1.2842105263157895,0.03829149639483411,653,I think I’ll stick with the white.
6057,2564,7,38,138,183,1.284153005464481,0.03921711943896727,653,"No, I said the wine has long legs."
4700,2564,10,32,141,183,1.284153005464481,0.041450333873462974,653,Buzz prefers red.
3428,2564,10,32,141,183,1.284153005464481,0.041450333873462974,653,"It's a really fleshy merlot, don't you think?"
605,2564,10,32,141,183,1.284153005464481,0.041450333873462974,653,This is the last of the red.
509,2568,13,24,139,176,1.2840909090909092,0.044792252977501286,653,My friend Skeeter's a leg man.
2027,2568,8,34,134,176,1.2840909090909092,0.041008177259238776,653,It's B+ with mild hemolytic anemia
3844,2568,5,40,131,176,1.2840909090909092,0.03855989376696924,653,Have you read Mosquito Coast?
4610,2568,9,32,135,176,1.2840909090909092,0.04179241159660702,653,Relax... Its only wine.
1905,2572,10,28,131,169,1.2840236686390532,0.04375917723870009,653,"Doctors Bernard and Mary Bledsome, I'd like you to meet Anne Opheles. Anne asked to be introduced when she heard you are both  endocrinologists specializing in pituitary disorders."
3797,2572,9,30,130,169,1.2840236686390532,0.04294674859024001,653,Of course it’s a Bloody Mary. What else?
5119,2572,8,32,129,169,1.2840236686390532,0.042118651881780315,653,He's always the designated driver. He has this great trick for lowering his blood alcohol level.
5800,2572,12,24,133,169,1.2840236686390532,0.04534038320170375,653,"At last, someone who isn't trying to suck the life out of  us!"
3321,2576,11,24,127,162,1.2839506172839505,0.045895177175537906,653,He's a sucker for bloody marys.
4229,2576,8,30,124,162,1.2839506172839505,0.04331655087457262,653,Thanks for contributing to your own Bloody Mary.
1719,2576,9,28,125,162,1.2839506172839505,0.04419281407390758,653,"Meet Harvey and Jill. I call them ""cousins,"" but they're not really blood relatives."
2528,2579,7,30,118,155,1.2838709677419355,0.043664216237242676,653,"Well, I guess that works as an alternative to a plastic straw."
3585,2579,8,28,119,155,1.2838709677419355,0.04461334957357563,653,"Herb, Mary, this is our lawyer, Ted..."
54,2581,7,28,113,148,1.2837837837837838,0.04501285851357185,653,Is it humid in here or is it just me?
2831,2582,8,43,157,208,1.2836538461538463,0.036786196387138315,653,Don't worry. She prefers Bloody Marys.
4086,2583,7,41,146,194,1.2835051546391754,0.037767692582884094,653,"Sangiovese, of course.  Sangria, in a pinch."
1851,2584,8,37,142,187,1.2834224598930482,0.03939431666117855,653,"I’m not drunk, just a little buzzed"
3088,2585,8,35,137,180,1.2833333333333334,0.04038532592376795,653,Can I have your olive?
4032,2585,10,31,139,180,1.2833333333333334,0.041894164782586854,653,I'll have a bloody Mary
5902,2585,8,35,137,180,1.2833333333333334,0.04038532592376795,653,How long have you been with the firm?
5327,2588,7,35,131,173,1.283236994219653,0.040630113618515526,653,She's quite a connoisseur of the full-bodied red.
4857,2588,8,33,132,173,1.283236994219653,0.0414489983929548,653,Of course that’s just wine
4450,2588,9,31,133,173,1.283236994219653,0.04225201537092472,653,That's a very good point you make.
4159,2588,7,35,131,173,1.283236994219653,0.040630113618515526,653,Her cocktail of choice is a vodka stinger.
1021,2588,10,29,134,173,1.283236994219653,0.043040052718724076,653,"Yes, it is a Bloody Mary . . . need you ask?"
1707,2593,7,33,126,166,1.283132530120482,0.041728258712600705,653,"I completely empathize, some of my best friends are invertebrates."
3244,2593,11,25,130,166,1.283132530120482,0.04509240485599401,653,I thought you spent winters in Boca
3545,2593,8,31,127,166,1.283132530120482,0.04259421234526494,653,That is a good point Bill. You are pretty sharp.
5514,2596,7,31,121,159,1.2830188679245282,0.042913624078767434,653,My husband volunteered for one of the first experiments in my DNA research
2292,2597,8,27,117,152,1.2828947368421053,0.04517284411080174,653,"I ordered a Mosquito with lime, not a mosquito with wine!"
5985,2597,6,31,115,152,1.2828947368421053,0.04320079968678176,653,Mix and match all you want tonight!  Brad and Connie are both O-negative!!
5085,2599,5,46,147,198,1.2828282828282829,0.03586080646660389,653,"The wine? I taste oak, leather and hint of blood"
1964,2600,8,38,145,191,1.2827225130890052,0.03883569486611756,653,I never figured you for a wine drinker. I would've thought bloody marys.
2298,2601,8,23,107,138,1.2826086956521738,0.04823021509412167,653,It sounds like he might be getting a little buzzed.
5266,2602,12,26,139,177,1.2824858757062148,0.043841192366706985,653,He's a mosquito-doodle.
3939,2602,5,40,132,177,1.2824858757062148,0.03837500228560481,653,Zeke just flew in from his summer home.
679,2602,7,36,134,177,1.2824858757062148,0.04001304126401449,653,We just assumed you would’ve rathered a Bloody Mary.
1972,2602,9,32,136,177,1.2824858757062148,0.04158661012839684,653,Hence the pint of blood in our wine cellar.
1328,2606,8,32,130,170,1.2823529411764707,0.04190348200105059,653,I hope that's merlot!
2439,2606,7,34,129,170,1.2823529411764707,0.04106443911145132,653,"They study infectious diseases... say, don't you have some connection to malaria?"
2853,2606,4,40,126,170,1.2823529411764707,0.03843757571329466,653,Chad's  latest work has to do with the effects of gamma rays on Anopheles.
4036,2606,7,34,129,170,1.2823529411764707,0.04106443911145132,653,Stop before you suck down another.
5987,2606,10,28,132,170,1.2823529411764707,0.04353308043730567,653,"Joe and Mary, this is Skeeter; he loves Bloody Marys."
3695,2611,6,34,123,163,1.2822085889570551,0.04128989153621762,653,I met him on match.com
5907,2611,5,36,122,163,1.2822085889570551,0.04036229405068157,653,His ex-wife was a real bloodsucker.
4539,2611,7,32,124,163,1.2822085889570551,0.04219710304169643,653,"And this is Professor Swizzle, head of entomology."
2550,2611,10,26,127,163,1.2822085889570551,0.04480866647455978,653,I see you're a stinger drinker!
1380,2611,10,26,127,163,1.2822085889570551,0.04480866647455978,653,She's our new pet. Definitely going viral.
1541,2611,9,28,126,163,1.2822085889570551,0.04395538908017317,653,Why do you think you suck at small talk?
2375,2611,8,30,125,163,1.2822085889570551,0.04308521634099655,653,And Fred also chairs our Department of Entomology
598,2611,6,34,123,163,1.2822085889570551,0.04128989153621762,653,"Don’t be rude, honey—say hi to the Zappers."
1814,2619,7,30,119,156,1.2820512820512822,0.043421560430802184,653,"'We're still working on language, but he seems to love our food and wine.'"
2136,2619,6,32,118,156,1.2820512820512822,0.04245843761029148,653,Citronella?  That's a repulsive name!
3718,2619,4,36,116,156,1.2820512820512822,0.04046347677139755,653,"I just thought, blood gets so boring."
5575,2619,10,24,122,156,1.2820512820512822,0.04619059285246492,653,"Buzz may be a big pest, but he makes a mean Bloody Mary!"
5983,2619,7,30,119,156,1.2820512820512822,0.043421560430802184,653,He was known to really suck the life out of the conversation.
2301,2624,10,33,145,188,1.2819148936170213,0.04063808341998782,653,Pardon my reach.
4312,2624,5,43,140,188,1.2819148936170213,0.036973062584468315,653,Last time Bert was here he drank all of the red.
4255,2626,8,26,115,149,1.2818791946308725,0.045752408340147585,653,My friend here was kind enough to bring us a bottle of red.
162,2627,7,37,137,181,1.281767955801105,0.0394210068916388,653,He's under gone quite the transformation since we met.
1124,2627,16,19,146,181,1.281767955801105,0.04589664445464328,653,"Thanks to him, I can offer you the perfect stinger."
741,2629,8,33,133,174,1.2816091954022988,0.04124223377273099,653,May I introduce Mrs. Kafka...
1335,2629,6,37,131,174,1.2816091954022988,0.03959848873952181,653,She is a sucker for Bloody Mary...
3303,2629,9,31,134,174,1.2816091954022988,0.04204001206731359,653,"The wine's alright, but have you tried the B positive?"
3528,2629,6,37,131,174,1.2816091954022988,0.03959848873952181,653,"It's NOT because of you, I always order a vodka stinger."
3908,2629,10,29,135,174,1.2816091954022988,0.04282293057084196,653,"Honey, we’re going for walk. By the river. It’s dusk so we’re going to need you to stay here."
4072,2629,6,37,131,174,1.2816091954022988,0.03959848873952181,653,You'll never believe how we met.
5233,2635,7,33,127,167,1.281437125748503,0.04151227176145364,653,He's not as blood thirsty as one may think. Actually he enjoys a good Bordeaux from time to time.
5099,2636,5,35,120,160,1.28125,0.04079773990996323,653,"If that Syrah is not appealing, let me bring you something less repellent."
1451,2636,9,36,147,192,1.28125,0.039359960353862036,653,It’s just CALLED a Bloody Mary!
166,2636,7,40,145,192,1.28125,0.03794906369632292,653,"Oops, we didn’t intend that as a slap."
1245,2636,7,31,122,160,1.28125,0.042681240447807064,653,"And of course, Buzz here only drinks Bloody Mary's."
2127,2640,10,32,143,185,1.281081081081081,0.04105819140902071,653,Harvey mixes a mean Bloody Mary.
3883,2640,9,34,142,185,1.281081081081081,0.04033634434600251,653,If you think you are looking at a strange creature holding a glass of wine you have had way too much to drink.
4498,2640,8,36,141,185,1.281081081081081,0.03960134175275876,653,"Honey, I'd like you to meet our new neighbors John and Nancy. John tells me he's in pest control."
240,2643,8,27,118,153,1.2810457516339868,0.04491469989420642,653,This is the bug in the software.
1671,2643,9,25,119,153,1.2810457516339868,0.045862071241845694,653,What do you think of the Blood Orange Martini?
4130,2645,13,24,141,178,1.2808988764044944,0.04434470225299653,653,It's a mojito mosquito.
2053,2645,9,32,137,178,1.2808988764044944,0.041382758845099565,653,I bring my own straw
157,2645,12,26,140,178,1.2808988764044944,0.04362307469491466,653,"No, you can’t wet your beak in my martini."
774,2645,10,30,138,178,1.2808988764044944,0.042142765710148626,653,I hear you have a real nose for wine.
3289,2649,11,19,116,146,1.2808219178082192,0.04931572455344849,653,This is the doctor I was telling you about. He’s done hundreds of knees.
5948,2650,5,47,151,203,1.2807881773399015,0.035264717491451436,653,Meet the Winkelmanns.  They're malaria research scientists.
2658,2651,10,28,133,171,1.280701754385965,0.04330923986444272,653,And to think all he used to do was dunk up and down
845,2651,5,38,128,171,1.280701754385965,0.039136849766094085,653,It's a new quinine concoction.
2051,2651,10,28,133,171,1.280701754385965,0.04330923986444272,653,Don't mind Franz! He's just undergoing his latest metamorphosis.
2634,2651,6,36,129,171,1.280701754385965,0.04000615526663642,653,Not red wine Paul. You know what it does to you.
3930,2651,7,34,130,171,1.280701754385965,0.04085696891379272,653,Morris here is very into hematology.
2391,2656,6,34,124,164,1.2804878048780488,0.04107341384083192,653,I'm told you're all the buzz.
3370,2657,17,19,153,189,1.2804232804232805,0.04505789680440862,653,My 'darling' John and 'his secretary' . . . I would like you both to meet my lawyer.
652,2658,13,25,144,182,1.2802197802197801,0.04363040388101453,653,"Oh, I did realize you were all friends from law school."
4528,2658,6,39,137,182,1.2802197802197801,0.03845286423083239,653,Ok! I get your point
4087,2658,8,35,139,182,1.2802197802197801,0.04000060378725558,653,‘Third glass tonight. I don’t know what’s gotten into him. Normally at these things he just wants to dip his beak.’
366,2658,13,25,144,182,1.2802197802197801,0.04363040388101453,653,Marley’s new date is all the buzz
2755,2658,10,31,141,182,1.2802197802197801,0.04149064761045774,653,Have you met Dale? He’s from Legal.
3674,2658,11,29,142,182,1.2802197802197801,0.04221595204457991,653,Swizzle stick?  I've got this.
548,2664,5,32,113,150,1.28,0.042431679524773294,653,My parents really struggled with the different religion but we got through it.
589,2664,4,41,130,175,1.28,0.03770074892654429,653,"This is Dr. Needlebaum, Professor of Entomology."
2373,2664,6,37,132,175,1.28,0.039404433248124635,653,Zika just flew in from the Caribbean.
1989,2667,8,38,147,193,1.2797927461139897,0.03848770905947114,653,I bet this isn't what you thought of when I said we were having stingers tonight.
313,2668,7,33,128,168,1.2797619047619047,0.04129842573874188,653,"Allow me to introduce Dr. Jones, the former head of the university's human cloning project"""
3197,2668,7,33,128,168,1.2797619047619047,0.04129842573874188,653,Stinger?  Am I right?
5200,2670,3,34,106,143,1.2797202797202798,0.041404470636306256,653,Buzz was quite the problem until we introduced him to pinot.
1120,2671,9,34,143,186,1.2795698924731183,0.040147347611495326,653,...and jim here is in banking.
4945,2672,10,25,126,161,1.279503105590062,0.04511130138613028,653,"Climate Change?
It's a hoax"
3576,2672,13,19,129,161,1.279503105590062,0.04762298570447537,653,Mojitos?
3086,2672,7,31,123,161,1.279503105590062,0.04245126921650158,653,"Wine? Please, how about a Bloody Mary?"
3467,2672,10,25,126,161,1.279503105590062,0.04511130138613028,653,Tsetse enjoys dark red only.
1035,2676,9,32,138,179,1.2793296089385475,0.04118083153731656,653,He prefers reds.
2808,2676,4,42,133,179,1.2793296089385475,0.0371753600240195,653,We all chipped in to fill the glass.
3833,2676,10,30,139,179,1.2793296089385475,0.04193604159601526,653,That was a stinging remark...just saying.
938,2679,7,34,131,172,1.2790697674418605,0.04065150574302912,653,"So I said to the guy, ""Look, buddy. Buzz off!"""
2455,2679,5,38,129,172,1.2790697674418605,0.03894285566271207,653,"It’s both a stir stick and a straw, how nice.”"
4947,2679,9,30,133,172,1.2790697674418605,0.04229117911792285,653,Maybe you would prefer a Bloody Mary?
1767,2682,8,37,145,190,1.2789473684210526,0.038855740547317906,653,"Yeah, it's a little known fact, because most mosquitos don't live past a year."
2437,2682,9,35,146,190,1.2789473684210526,0.039565936940977174,653,No. It’s not a bloody martini.
4215,2684,8,30,127,165,1.2787878787878788,0.04262963689095248,653,"Oh my God! Mos, come here. Have you met the Carroll’s? Their daughter is on a Peace Corps mission in Botswana and- such a small world- she just caught West Nile virus!”"
5270,2684,11,24,130,165,1.2787878787878788,0.04515545849038219,653,... Moss works for Big Pharma.
3777,2684,7,32,126,165,1.2787878787878788,0.04175375565679171,653,Our new neighbor brought two types of red: A and O+.
1014,2684,8,30,127,165,1.2787878787878788,0.04262963689095248,653,"Oh, I forgot your name... Zika?"
1677,2684,4,38,123,165,1.2787878787878788,0.039008289137373,653,"The small bites were good, but dessert sucked."
170,2684,5,36,124,165,1.2787878787878788,0.03994441702456406,653,Inclusion. Biodiversity. Strong communities. Are you with me?
3334,2684,6,34,125,165,1.2787878787878788,0.04085910279778148,653,I never metamorphosis I didn’t like!”
1047,2691,10,31,142,183,1.278688524590164,0.04129170208648746,653,Mark's drinking wine but I've had to switch to blood now that we're expecting Lavae.
3028,2691,10,31,142,183,1.278688524590164,0.04129170208648746,653,"Well Susan, you’ve certainly spun a web of intrigue.  Now please tell us why we are all here?"
5979,2691,8,35,140,183,1.278688524590164,0.03981088017671821,653,Now we know why there’s so much buzz about this place.
205,2694,7,30,121,158,1.2784810126582278,0.04294396683813463,653,"Red or white?  Oh wait, I know the answer to that..."
2141,2694,5,34,119,158,1.2784810126582278,0.04102356612519092,653,Single-use straws are bad for the environment.
5883,2696,11,27,138,176,1.2784090909090908,0.04315404096345784,653,Her journey from blood to red wine is an epic tale.
4334,2696,12,25,139,176,1.2784090909090908,0.043899958045661755,653,"We'll only ask to leave once, then we call the S.W.A.T. team."
2018,2696,10,29,137,176,1.2784090909090908,0.042395001905186094,653,May I get you a Bloody Mary instead?
2671,2696,11,27,138,176,1.2784090909090908,0.04315404096345784,653,This is Lance from the typing pool.
5764,2700,11,32,151,194,1.2783505154639174,0.040352948532121624,653,Humming bird and cockroach crossbreed. Hypoallergenic and very smart ... but drinks like a fish.
92,2701,5,32,114,151,1.2781456953642385,0.04219050707426151,653,"Her name's Margaret, but in Scotland they call her Midge"
1315,2702,10,27,132,169,1.2781065088757397,0.043582603143953354,653,It's a Bloody Mary. That's Mary over to your left.
1362,2702,6,35,128,169,1.2781065088757397,0.04022031556644713,653,Did you say your eighth husband?
2278,2702,4,39,126,169,1.2781065088757397,0.03842901284179986,653,"My, Keto is obviously working for you!"
5273,2702,9,29,131,169,1.2781065088757397,0.04276682030112418,653,Really?  You expect us to believe you invented the Bloody Mary?
5420,2702,7,33,129,169,1.2781065088757397,0.04108669081830849,653,"Well, that is indeed an interesting point."
3462,2707,9,32,139,180,1.2777777777777777,0.04098080242408491,653,We met online—but we like to say it was love at first bite.
3989,2707,8,34,138,180,1.2777777777777777,0.04021632654645493,653,Don't let him bug you.
2753,2707,9,32,139,180,1.2777777777777777,0.04098080242408491,653,I told you to buzz off!
579,2707,9,22,113,144,1.2777777777777777,0.047718381612441664,653,Really?  But we agreed that you'd be designated driver tonight.
1546,2707,5,35,122,162,1.2777777777777777,0.0403667718198697,653,"No, Lyle, the wine has not assuaged your waspish sting."
1574,2707,9,27,126,162,1.2777777777777777,0.04400228643563344,653,"So, how do you know Ann?"
1426,2707,6,38,136,180,1.2777777777777777,0.03864202929492082,653,"The Smiths had something else in mind when they asked Cheryl to hire a new salesman who was ""a real bloodsucker."""
1440,2714,9,30,134,173,1.277456647398844,0.042076943569614084,653,"She said ""Bloody Mary"", but I'm not sure if that's her name or what she's drinking."
3141,2714,6,36,131,173,1.277456647398844,0.0396084482753796,653,She prefers a blood orange daiquiri.
3766,2714,10,28,135,173,1.277456647398844,0.04286819934737377,653,The mosquito wanted a mojito.
3973,2714,9,30,134,173,1.277456647398844,0.042076943569614084,653,"...and don't worry, that is wine in his glass."
2609,2718,6,31,118,155,1.2774193548387096,0.042478200003923584,653,I prefer to let mine breathe; it just tastes so much better oxygenated.
3368,2719,12,27,145,184,1.2771739130434783,0.04251539853348286,653,So do you think drone deliveries will affect your business
4613,2719,9,33,142,184,1.2771739130434783,0.04036544956684057,653,"I'm normally French blood only, but I can't resist a good Oregon Pinot."
1720,2721,10,26,130,166,1.2771084337349397,0.044093652219486655,653,"We know thats not red wine, and if you insist on another glass this party is over."
5813,2721,9,28,129,166,1.2771084337349397,0.04325772550568576,653,Henry here just passed his bar exam
5348,2721,10,26,130,166,1.2771084337349397,0.044093652219486655,653,It seems like it was just yesterday that you were a larva
4593,2721,11,24,131,166,1.2771084337349397,0.04491402360266584,653,. . . I really must get out of these wetlands and into a dry martini
1170,2721,10,26,130,166,1.2771084337349397,0.044093652219486655,653,And this is the new head of the Entomology Department.
3167,2721,2,42,122,166,1.2771084337349397,0.03687947078024262,653,Maybe you can develop a taste for a different red .
4464,2721,7,32,127,166,1.2771084337349397,0.04153543205107765,653,I just found your talk on Malaria infectious
126,2728,1,39,108,148,1.277027027027027,0.03813657580142551,653,Isn't it funny our new neighbors are the Kafkas?
3533,2728,5,31,112,148,1.277027027027027,0.042686216361804814,653,"Honey, didn't you say your grandfather was born in Panama?"
4679,2730,8,33,136,177,1.2768361581920904,0.04063371444544116,653,I think they've heard enough about your blood cocktails dear.
4838,2730,6,37,134,177,1.2768361581920904,0.03902173854222927,653,His bite is worse than the buzz.
4660,2730,9,31,137,177,1.2768361581920904,0.04141618143940155,653,"He’s having AB-positive, thanks to Jerry who isn’t up to joining us tonight."
2632,2730,9,31,137,177,1.2768361581920904,0.04141618143940155,653,"And this is... I’m sorry, what corporation are you CEO of, again?"
1099,2734,6,32,121,159,1.2767295597484276,0.041766530769877415,653,"I thought I had sworn off men, but the eight legs really does it for me. Plus he's great with kids."
1773,2734,8,28,123,159,1.2767295597484276,0.04363102204110205,653,"Don't worry, he's vegan"
2451,2734,6,32,121,159,1.2767295597484276,0.041766530769877415,653,This is Professor Drucker of the Entomology department. Her viewpoints are unique in the field.
2892,2734,5,34,120,159,1.2767295597484276,0.0408023479306168,653,Usually blood but in a pinch He will drink red wine
3176,2734,7,30,122,159,1.2767295597484276,0.0427089520879537,653,So happy to see you're a male.
5242,2734,7,30,122,159,1.2767295597484276,0.0427089520879537,653,He says his Bloody Mary's will make you itch for more.
5920,2734,5,34,120,159,1.2767295597484276,0.0408023479306168,653,He just flew in this morning
1013,2741,5,29,107,141,1.2765957446808511,0.04399776979095477,653,"Oh, he brought the blood orange martinis"
2816,2741,11,30,147,188,1.2765957446808511,0.0411799114685998,653,"But enough with the small talk,tell us how you came to favor red wine over nectar."
501,2741,7,38,143,188,1.2765957446808511,0.03831746253109429,653,"Whoa, honey we can still be friendly to vaccine getters."
927,2744,8,31,131,170,1.276470588235294,0.041719849626640736,653,"You know, we thought, everybody has a labradoodle. And Winston has papers, no dander and he's highly trainable."
2360,2744,15,17,138,170,1.276470588235294,0.04720001443632681,653,What am I doing here?  What are YOU doing here?
2387,2744,9,29,132,170,1.276470588235294,0.04254596922322716,653,"My Manhattan is just OK, but Bob can't stop raving about his John Doe 2008, O-negative."
5144,2744,9,29,132,170,1.276470588235294,0.04254596922322716,653,May I present Mallory from the Genetic-Engineering Entomology Lab?
335,2748,8,26,118,152,1.2763157894736843,0.04495977096993022,653,Jerry here also knows a lot about viral media.
1637,2749,11,28,142,181,1.276243093922652,0.042261080618556233,653,That better be wine in that glass.
2952,2749,11,28,142,181,1.276243093922652,0.042261080618556233,653,"May I introduce my husband, Akira, formerly of Fukushima, Japan."
534,2749,9,32,140,181,1.276243093922652,0.040782646145610044,653,...And I met Marcel while I was vacationing in Chile.
2750,2752,10,25,128,163,1.2760736196319018,0.044621616493669095,653,And...you ordered a stinger!!
1368,2753,7,39,146,192,1.2760416666666667,0.0377896722363948,653,How interesting!  They never write about the male of the species.
564,2754,8,32,134,174,1.2758620689655173,0.041063619811502555,653,I see you've found my bottle of aged type-AB.
3562,2754,10,20,115,145,1.2758620689655173,0.048426148121703205,653,In his previous life buzzed had a whole different meaning.
5535,2754,7,34,133,174,1.2758620689655173,0.04024649182187619,653,I see you are already getting the latest buzz.
288,2757,12,27,146,185,1.2756756756756757,0.04231149546018179,653,"He said,'In vino malo aria': ""In wine, there is malaria."""
1911,2757,7,37,141,185,1.2756756756756757,0.03868450096840487,653,Do you really think I’m your type?
6036,2757,9,33,143,185,1.2756756756756757,0.04017461173845373,653,Tell John & Sheila that hilarious story of your swamp tour.
3823,2760,9,25,122,156,1.2756410256410255,0.04508398370991806,653,Oh! I didn't even feel you there.
2770,2761,9,28,130,167,1.2754491017964071,0.04302992271101786,653,"Wine is fine, liquor is quicker, and in your case, blood is better."
2442,2761,9,28,130,167,1.2754491017964071,0.04302992271101786,653,He’d like to import Malaria to the US and Canada.
1648,2761,7,32,128,167,1.2754491017964071,0.041319299543079495,653,"Yes, I agree -- pesticides remain a problem."
2366,2761,7,32,128,167,1.2754491017964071,0.041319299543079495,653,Did I mention he's also a pollinator?
2138,2765,7,35,136,178,1.2752808988764044,0.039641971920676075,653,"Gregor, you've lost weight"
4767,2765,9,31,138,178,1.2752808988764044,0.041212205496640134,653,"Phlebotomy must be draining, yet fulfilling."
5899,2765,11,27,140,178,1.2752808988764044,0.04272476829703023,653,We think he’s qualified to run for office!
2069,2768,6,29,114,149,1.2751677852348993,0.04349490401616014,653,You're ambidextrous...amazing.
2419,2768,6,29,114,149,1.2751677852348993,0.04349490401616014,653,After Donald tasted red wine he stopped sucking my blood.
4174,2768,9,23,117,149,1.2751677852348993,0.04651764009573785,653,I asked for it in a tall glass.
4519,2768,4,33,112,149,1.2751677852348993,0.041357190816598915,653,I just assumed you liked red the best!
5867,2772,11,22,127,160,1.275,0.04602945461141049,653,"Honey, Jim and Carol would like to know whether we have anything at all to drink besides blood."
2763,2772,6,32,122,160,1.275,0.04154069006188522,653,Our neighbor here is malaria and dengue free.
5018,2772,7,30,123,160,1.275,0.04247640854661405,653,Well I for one feel safer just knowing your name Bob.
1804,2772,11,22,127,160,1.275,0.04602945461141049,653,He prefers a full bodied red wine with his meal
2094,2772,8,28,124,160,1.275,0.04339195357690323,653,"Dengue fever, West Nile Virus, Zika virus—there I go with the too long introductions!"
359,2777,9,29,133,171,1.2748538011695907,0.04232732027252226,653,How's your Bloody Mary?
2992,2777,9,29,133,171,1.2748538011695907,0.04232732027252226,653,"You're mistaking me for my cousin who delivers 
zika. I'm all about West Nile. It's tricky to tell us apart."
4797,2777,8,31,132,171,1.2748538011695907,0.04150665719915627,653,And you find that rewarding...phlebotomy?
4874,2777,9,29,133,171,1.2748538011695907,0.04232732027252226,653,And this is one of our summer residents..Nyle West!
5252,2777,10,27,134,171,1.2748538011695907,0.0431323717300252,653,"No, no one here ordered a grasshopper."
4661,2782,11,28,143,182,1.2747252747252746,0.042055633965503735,653,It’s vintage type 0+
2901,2782,9,32,141,182,1.2747252747252746,0.04058633775607569,653,"Why, yes, there is larvae in the pate.  Did you enjoy it?"
4555,2782,6,38,138,182,1.2747252747252746,0.03827678811975986,653,Meet the blood donors!
432,2782,9,32,141,182,1.2747252747252746,0.04058633775607569,653,"You're not a Republican, Democrat or independent? Then........what are you?"
811,2782,9,32,141,182,1.2747252747252746,0.04058633775607569,653,I hope you like your blood chilled?
4969,2787,8,23,111,142,1.2746478873239437,0.04703194038056216,653,It was a very good ear.
5681,2788,9,35,149,193,1.2746113989637307,0.03902885065534163,653,I always have a stinger.
72,2789,8,40,156,204,1.2745098039215685,0.03697859479499544,653,What kind of host would I be if I didn't introduce my parasite to the group?
131,2789,10,22,121,153,1.2745098039215685,0.04658559790723082,653,I  don't need a straw.
5050,2789,8,26,119,153,1.2745098039215685,0.04470144637887213,653,Tom’s brother was in Jurassic Park.
5504,2792,7,34,134,175,1.2742857142857142,0.04004688783698557,653,Your kind has always been attracted to me.
4895,2792,10,28,137,175,1.2742857142857142,0.04243580516973222,653,What's  all the buzz?
5274,2792,8,32,135,175,1.2742857142857142,0.040858715966362584,653,"Jake, Harriet, Buzz here is the co-chair of my insect rights advocacy group."
2065,2795,8,35,143,186,1.2741935483870968,0.03925198922735644,653,"It is AB-negative in the style of a 1999 Sonoma
Cabernet Sauvignon"
1721,2796,8,27,122,157,1.2738853503184713,0.04391009121393259,653,"Okay, just the one glass then I'm back on the worm diet."
4041,2797,7,32,129,168,1.2738095238095237,0.04110532708852036,653,"I don't know, perhaps a straw would help."
3451,2797,9,28,131,168,1.2738095238095237,0.04280443801656167,653,"Honey, these are the bloodsuckers I was telling you about."
650,2797,8,30,130,168,1.2738095238095237,0.041963483107148744,653,"My apologies for wearing Off.  Our office diversity training really sucked."""
1866,2797,9,28,131,168,1.2738095238095237,0.04280443801656167,653,You appear ready for another Bloody Mary.
2321,2801,8,33,138,179,1.2737430167597765,0.040237584615683844,653,The insect apocalypse is just fake news.  Any other questions?
3570,2801,12,25,142,179,1.2737430167597765,0.043245184821617086,653,"And if I remember correctly, you're drinking a Bloody Mary."
4961,2801,5,39,135,179,1.2737430167597765,0.03782527091496755,653,"So, what's the buzz on the coast?"
5140,2801,5,39,135,179,1.2737430167597765,0.03782527091496755,653,Terry is going human-free this year.
2155,2805,10,32,148,190,1.2736842105263158,0.040108603975397075,653,"Yes, Ron.  We heard you were lost in the Amazon jungle for awhile."
3307,2805,13,26,151,190,1.2736842105263158,0.0421400580263712,653,"Sorry to bug you, but do you have anything else to drink, maybe a bloody mary?"""
5217,2807,10,21,119,150,1.2733333333333334,0.04720052578733677,653,Why I've alway Wanted to be a phlebotomist too!
973,2807,6,29,115,150,1.2733333333333334,0.04324289305942818,653,Tell them again how you lost one of your legs.
4190,2807,7,27,116,150,1.2733333333333334,0.04426548608975301,653,You make a mean Grasshopper
5248,2807,6,29,115,150,1.2733333333333334,0.04324289305942818,653,May I please bug you for a refill?
5784,2811,8,28,125,161,1.2732919254658386,0.043155411807833464,653,"I know he can be a pest, but with his body weight, just one drink won't hurt."
4401,2811,8,28,125,161,1.2732919254658386,0.043155411807833464,653,Can I get you another Vodka Citronella?
140,2811,8,28,125,161,1.2732919254658386,0.043155411807833464,653,But I've heard that you're prone to stabbing people in the back.
1288,2811,7,30,124,161,1.2732919254658386,0.042246299444459,653,He’s just been made Partner this week!
1643,2811,8,28,125,161,1.2732919254658386,0.043155411807833464,653,"Thanks, but I shouldn't get too close, I'm just getting over a little dengue."
2756,2816,10,27,135,172,1.2732558139534884,0.042910633632265285,653,George contracted a non-fatal form of the West Nile virus
357,2816,5,37,130,172,1.2732558139534884,0.03874693792676702,653,"Yes, I suppose blood is thicker than club soda."
2581,2816,8,31,133,172,1.2732558139534884,0.041295563523383386,653,"So, Bob, what's your next experiment gonna be?"
4614,2816,9,29,134,172,1.2732558139534884,0.04211084210412022,653,Jerry is our chief scientific officer at Theranos.
1867,2820,8,32,136,176,1.2727272727272727,0.04065578140908709,653,"And then he says to me, ""Condoms? Aren't you worried about malaria?"""
5184,2820,6,30,118,154,1.2727272727272727,0.04249330476752751,653,"We are helping her transition from blood to wine. So far, so good."
5825,2820,8,35,144,187,1.2727272727272727,0.03906904590842639,653,Friday’s fine with us but choosing a restaurant can be a challenge due to his dietary needs
5136,2820,7,28,119,154,1.2727272727272727,0.04348060933208722,653,"Roger actually prefers white, but feels red is more his ""style."""
130,2820,5,35,125,165,1.2727272727272727,0.0397364156911023,653,I'd like you to meet a fellow bloodsucker...
4583,2820,13,25,149,187,1.2727272727272727,0.04258985066342423,653,See? Everyone else is going vegan.
2900,2820,7,34,135,176,1.2727272727272727,0.03984918439627601,653,"Believe it or not, when I was a girl we hated mosquitoes."
4652,2820,10,28,138,176,1.2727272727272727,0.04222277456365938,653,"Thanks for the invitation.  I see now that you are not simply 'blood bags,' but real creatures, with minds, and hearts, and souls.  It's something to think about while we suck you dry."
1318,2828,12,28,151,191,1.2722513089005236,0.041281127583300235,653,I'd like you to meet my lawyer friend.
2506,2828,5,42,144,191,1.2722513089005236,0.03630909373152475,653,We like to think of South Florida as quite diverse. Interacting with the locals is the key.
5441,2828,7,38,146,191,1.2722513089005236,0.0377964745656082,653,"I asked for a Stinger, but the bartender is young."
5924,2828,12,28,151,191,1.2722513089005236,0.041281127583300235,653,We wondered what about all the buzz around your new boyfriend.
5489,2832,9,31,140,180,1.2722222222222221,0.04081004394600619,653,"So, I understand you're from New Jersey."
2243,2832,10,29,141,180,1.2722222222222221,0.04156360106277781,653,"You had the bloody mary, Buzz, right?"
1042,2832,5,39,136,180,1.2722222222222221,0.03764527461915776,653,"Yes, of course we can get you a champagne flute!"
3535,2835,8,30,131,169,1.272189349112426,0.041745891126238936,653,"Here’s your Bloody Mary, now why don’t you just circulate among our guests."
1018,2835,8,30,131,169,1.272189349112426,0.041745891126238936,653,Moe here makes a killer Bloody Mary.
1206,2835,10,26,133,169,1.272189349112426,0.04340050900845711,653,"Thank you — but I’ll pass on the straw,"
1517,2835,12,22,135,169,1.272189349112426,0.04499432118015048,653,You seem like each other’s type.
1540,2835,11,24,134,169,1.272189349112426,0.044204598859483524,653,This is my bloodsucking sister.
2574,2835,7,32,130,169,1.272189349112426,0.040893484172776336,653,"Careful, these drinks have quite a sting"
2698,2835,8,30,131,169,1.272189349112426,0.041745891126238936,653,She comes for the bug juice but stays for the conversation.
4864,2835,5,36,128,169,1.272189349112426,0.03913300769835788,653,Ms. Moss was recently hired to head up our push for more diversity.
5786,2843,9,25,124,158,1.2721518987341771,0.044579371238452174,653,My last girlfriend just sucked the life right out of me!
2529,2843,5,33,120,158,1.2721518987341771,0.04080217787915183,653,"Please, please, let us know when your drink need a refill."
2563,2843,5,33,120,158,1.2721518987341771,0.04080217787915183,653,Now let's not drink so much this time Jenkins. We don't want a repeat of the Zika incident.
144,2843,7,29,122,158,1.2721518987341771,0.04273252894281875,653,Your not from around here are you
2223,2843,8,27,123,158,1.2721518987341771,0.04366571521150535,653,We've been dying to hear your perspective
66,2848,6,28,113,147,1.272108843537415,0.04376918552853482,653,"This lovely thing here with the Bloody Mary is Marie, she's visiting us from The Amazon Jungle."
2052,2848,7,26,114,147,1.272108843537415,0.044821083899732446,653,"The more we drink, the more human he'll look."
4289,2848,7,26,114,147,1.272108843537415,0.044821083899732446,653,We don't use that term anymore; it is a little insulting.
3885,2851,9,35,151,195,1.2717948717948717,0.03867856646725312,653,"It's the new ""TRUMP  MOSQUITTOJITO""  !  It will suck the blood right out of you"
758,2852,9,32,143,184,1.2717391304347827,0.04019916688788548,653,"Meet my husband, he's a lawyer."
2470,2852,9,32,143,184,1.2717391304347827,0.04019916688788548,653,What a coincidence! The exact same thing happened to me.
4858,2852,10,30,144,184,1.2717391304347827,0.04093127837879785,653,Amazing! I thought you had a more indirect way of consuming your wine.
5633,2855,11,25,137,173,1.2716763005780347,0.0434711825383148,653,No .. more .. Bloody  .. Marys.
4518,2855,5,37,131,173,1.2716763005780347,0.038554684547086514,653,"What am I drinking?  A grasshopper, of course."
4930,2855,6,35,132,173,1.2716763005780347,0.039416710106895535,653,I did not say you stick your nose where it does not belong.
2443,2855,5,37,131,173,1.2716763005780347,0.038554684547086514,653,"It’s funny. A few weeks ago, we were just roommates."
4353,2855,7,33,133,173,1.2716763005780347,0.040260282795538456,653,"Mom, Dad, I want you to meet my little Love Bug."
158,2860,7,30,125,162,1.271604938271605,0.04201858867441236,653,I see you've already sampled one of our fine reds from the pale and exposed region.
3812,2860,7,30,125,162,1.271604938271605,0.04201858867441236,653,"WOW, this synthetic marijuana is way different than the weed we smoked back in college—Way Way Different!"
5057,2860,9,26,127,162,1.271604938271605,0.04380552780634548,653,Whom did you say yours was a blend of?
2075,2863,10,31,147,188,1.2712765957446808,0.04032412681731548,653,"Mary, did you say?  Why, I love a good bloody Mary."
400,2864,8,32,137,177,1.271186440677966,0.040454789250159655,653,I told you this party would suck.
1125,2864,5,38,134,177,1.271186440677966,0.03799981535628173,653,His Stingers are to die for.
2219,2864,7,34,136,177,1.271186440677966,0.03965335594734772,653,Here's to the new head of the Center for Disease Control.
5353,2867,7,31,128,166,1.2710843373493976,0.041336385673525704,653,That was your mother I squashed yesterday? I'm so sorry!
5202,2867,8,29,129,166,1.2710843373493976,0.04221037941879041,653,"This is Dr Midgley, our first trans-phylum professor."
3475,2867,7,31,128,166,1.2710843373493976,0.041336385673525704,653,"Yes, they are big this year. But fortunately, this one prefers your glass to your body."
3139,2867,11,23,132,166,1.2710843373493976,0.04473001431993507,653,"Uh, sure. You can have my olive."
1878,2867,6,33,127,166,1.2710843373493976,0.0404435091259732,653,"We're all having a good time, so what's bugging you?"
1572,2872,5,32,118,155,1.270967741935484,0.04125155280809132,653,You really suck the energy out of this party.
2809,2872,7,28,120,155,1.270967741935484,0.043234997053330476,653,"Buzz represents the insects against chemicals, foundation."
2815,2872,5,32,118,155,1.270967741935484,0.04125155280809132,653,"So do you credit your rapid growth to climate change, or to the antioxidants in your red wine, or a blend of the two?"
2978,2872,8,26,121,155,1.270967741935484,0.044193349621440434,653,I presumed you'd prefer red?
798,2876,10,29,142,181,1.270718232044199,0.04136068372340272,653,"We appreciate the gesture, but bringing your own blood is less comforting than you might think."
4327,2876,12,25,144,181,1.270718232044199,0.042819164710178756,653,"No, he’s not a gnatty dresser."
5992,2876,8,33,140,181,1.270718232044199,0.03984885757029031,653,Aiden and Olivia are your “hosts” evening.
5364,2879,8,30,132,170,1.2705882352941176,0.04153047567632133,653,"An Argentinian blend of type AB-, O+ & AB+? How quaint!"
4951,2879,12,22,136,170,1.2705882352941176,0.04475751319050946,653,It's new ... but I think this relationship has legs.
4573,2879,10,26,134,170,1.2705882352941176,0.04317415544570702,653,"It’s only a Type O-Negstive, but I think you’ll admire its presumption."
4564,2879,8,30,132,170,1.2705882352941176,0.04153047567632133,653,"So who do you know here"""
3271,2879,9,28,133,170,1.2705882352941176,0.04236028864603965,653,Guess who is coming for dinner.
3722,2879,4,38,128,170,1.2705882352941176,0.038030590750137004,653,I suppose you are going to offer some biting repartee!
1144,2879,10,26,134,170,1.2705882352941176,0.04317415544570702,653,"So when I heard that the Andersons here were in the used tire business, I knew I had to introduce you!"
4379,2879,6,34,130,170,1.2705882352941176,0.03981900452488688,653,"He introduced this drink to me, it's called a bloodsucker"
1644,2887,7,29,123,159,1.270440251572327,0.04249740396890623,653,It’s nice to see a new volunteer at our blood donor benefit
5311,2887,7,29,123,159,1.270440251572327,0.04249740396890623,653,It's an amusing little Pinot Noir -- were you expecting something else?
3956,2889,8,37,151,196,1.2704081632653061,0.03782010329387067,653,Have you considered rhinoplasty?
4223,2890,5,30,113,148,1.2702702702702702,0.042441782362525486,653,"And then he said, ""A Stinger insn't severed in a fluted glass"", can you imagine..."
4542,2890,12,26,147,185,1.2702702702702702,0.042153574105006544,653,George here is a web designer.
3513,2890,4,42,139,185,1.2702702702702702,0.036150913642428596,653,Skeeter just moved here from Florida. He’s building a pool next door!
839,2893,6,35,133,174,1.2701149425287357,0.03922061343066335,653,I hope the alcohol doesn’t go right to your legs.
1146,2893,4,39,131,174,1.2701149425287357,0.03748833127477099,653,This is Leonard. He just finished law school at Duke.
1346,2893,9,29,136,174,1.2701149425287357,0.04168427547701131,653,"Yeah, I guess he really does have a leg up on your previous boyfriends."
2615,2893,8,31,135,174,1.2701149425287357,0.04087955545242741,653,I thought you said your name was Malarie
3080,2893,4,39,131,174,1.2701149425287357,0.03748833127477099,653,We welcome diversity.
4622,2898,7,40,153,200,1.27,0.03663619870123513,653,Buzz is our new colleague in posthuman studies..
1307,2899,12,20,131,163,1.2699386503067485,0.046101808913185875,653,"Well, yes, I suppose it also pairs well with bugs."
2060,2899,7,30,126,163,1.2699386503067485,0.04179324077973915,653,I also don't see color.
3282,2899,5,34,124,163,1.2699386503067485,0.039939882959209964,653,"Sorry, could I get a glass of Type O instead?"
5345,2899,9,26,128,163,1.2699386503067485,0.04356782871513237,653,We met last summer in Minneapolis.
1502,2903,9,33,147,189,1.2698412698412698,0.03942843329333676,653,Why is he staring at my skin that way?
204,2903,7,37,145,189,1.2698412698412698,0.037974027588700936,653,Who says climate change doesn't have an upside?
5084,2905,6,29,117,152,1.269736842105263,0.04274723541948937,653,"And I explained that you are not related to Big Bird or, in fact, any bird."
5505,2905,8,25,119,152,1.269736842105263,0.044739276787746564,653,I know you like your Pinot O positive.
2431,2907,4,40,134,178,1.2696629213483146,0.03696758775958064,653,He's a glass half full kind of guy. B positive!
3775,2907,7,34,137,178,1.2696629213483146,0.03945937735150838,653,Do tell us the secret of your famous Bloody Mary.
4278,2907,10,28,140,178,1.2696629213483146,0.04180289914796783,653,She's nuts about Bloody Mary's for some reason.
5204,2907,7,34,137,178,1.2696629213483146,0.03945937735150838,653,"He was The Original Drinking Bird until, ironically, he was fired for drinking on the job."
5300,2907,8,32,138,178,1.2696629213483146,0.0402557130484301,653,I would have pegged you for a Bloody Mary.
5936,2907,7,34,137,178,1.2696629213483146,0.03945937735150838,653,Are you still seeing Lance?
6043,2907,7,34,137,178,1.2696629213483146,0.03945937735150838,653,Where did you find that interesting red you brought?
4848,2914,10,35,159,204,1.2696078431372548,0.03811821576510769,653,I was just taking my friend here to meet the host.
5456,2915,6,33,128,167,1.2694610778443114,0.0402333624070992,653,"This is Carl, the one I’ve been buzzing about."
5405,2915,7,31,129,167,1.2694610778443114,0.041120169229633574,653,I am terribly sorry. We only have O negative!
1324,2915,9,27,131,167,1.2694610778443114,0.042838744744204925,653,You asked for a Bloody Mary.  What’s the problem?
2332,2915,11,23,133,167,1.2694610778443114,0.04449098543575525,653,"Please meet our new Mexican-Irish neighbor, Mesquite O'Bite."
3573,2915,8,29,130,167,1.2694610778443114,0.04198825055139145,653,This one has legs on it
768,2920,10,32,151,193,1.2694300518134716,0.039559056722094504,653,Let me introduce you to my drinking buggy.
782,2920,6,40,147,193,1.2694300518134716,0.03672913699160058,653,this wine has a better nose and legs than I do!
68,2922,8,26,122,156,1.2692307692307692,0.04394348751296154,653,"“Bill here, doesn’t think they have a leg to stand on.”"
383,2922,7,28,121,156,1.2692307692307692,0.04299205867207354,653,"Once he dips his beak in his drink, don't be alarmed if he continuously bobs back and forth all evening."
490,2922,6,37,139,182,1.2692307692307692,0.038095520252890126,653,Shelly was exhausted from explaining to everyone that it was indeed Merlot in her glass and not blood.
2647,2922,5,32,119,156,1.2692307692307692,0.0410230561633995,653,"Realax, Im not the Stork!"
5562,2922,10,29,143,182,1.2692307692307692,0.04115968579713304,653,I’d like you to meet my friend Anopheles.
5900,2922,6,30,120,156,1.2692307692307692,0.04201909236197543,653,I'm betting that's a Bloody Mary.
4810,2928,10,26,135,171,1.2690058479532165,0.0429500918336122,653,He has been able to survive in the swamp so we are going to ask him to raise money for the Democrat National Committee.
3894,2928,9,28,134,171,1.2690058479532165,0.0421415583351081,653,You've always been a sucker for a good Malbec.
355,2928,10,26,135,171,1.2690058479532165,0.0429500918336122,653,I know... I was totally bugging out.
951,2928,11,24,136,171,1.2690058479532165,0.043743683408237644,653,"Margie here is an Obstetrician for insects.  Her motto is, ""There's a sucker born every minute."""
16,2932,9,32,145,186,1.2688172043010753,0.03981909826454097,653,"Yes, it's vintage. It's grampa's blood."
1589,2932,8,34,144,186,1.2688172043010753,0.039082450637509536,653,"Jill, meet Marty. He's from a great bloodline and he has deep veins!"
2879,2932,9,32,145,186,1.2688172043010753,0.03981909826454097,653,A Grasshopper?   Really?
1533,2935,6,31,123,160,1.26875,0.041324261342118376,653,May I bug you for a very long straw please?
4226,2935,5,33,122,160,1.26875,0.040361841177905165,653,"Yes, I was born on a hillside in 1978 during a dry winter. Why do you  ask ?"
1747,2937,10,16,108,134,1.2686567164179106,0.05098533007977798,653,John here was just saying how he feels a unique bond with the President
5174,2938,5,37,133,175,1.2685714285714285,0.03817561307604783,653,You should really try the bloody Mary.
369,2938,4,39,132,175,1.2685714285714285,0.03730544181135407,653,"Don't worry, the males don't bite. Much."
1372,2940,4,32,113,149,1.2684563758389262,0.04110622571362967,653,Our speaker for tonight will create a buzz.
4385,2940,10,20,119,149,1.2684563758389262,0.04726404682021101,653,"Roger, the Murphys are just back from Puerto Rico, and they'd like a word with you."
879,2942,6,39,145,190,1.268421052631579,0.03705630535444091,653,I was expecting a bloody good time.
2189,2942,5,41,144,190,1.268421052631579,0.03629703808831608,653,"So Nat, what really bugs you?"
4332,2942,7,37,146,190,1.268421052631579,0.037800324853874794,653,I could have sworn my Realtor said the apartment was located on the Upper West Nile.
216,2945,8,28,128,164,1.2682926829268293,0.04246056957046764,653,"Oh, Greg 2013. Good vintage."
2165,2945,8,28,128,164,1.2682926829268293,0.04246056957046764,653,And Sylvia here just switched to red wine for Lent.
3056,2945,6,32,126,164,1.2682926829268293,0.04066038084024853,653,What’s all the buzz about?
3304,2945,12,31,162,205,1.2682926829268293,0.03919439297800161,653,"Apparently, the mosquitos are everywhere this year, I don't see it!"
756,2949,7,34,138,179,1.2681564245810055,0.03926722387704179,653,That's a witty stinger.
4854,2950,7,27,119,153,1.2679738562091503,0.04350341309745316,653,"I can only handle O Positive, any other group only gives me a buzz"
4732,2950,6,29,118,153,1.2679738562091503,0.04250350149249065,653,"...and he makes a great martini, so we see our relationship as symbiotic."
30,2952,8,29,131,168,1.2678571428571428,0.04176837966230732,653,"And this is Bernard who, unbelievably, predicted all the Oscar winners."
378,2952,5,35,128,168,1.2678571428571428,0.03912466666088686,653,He really knows his reds.
1314,2952,8,29,131,168,1.2678571428571428,0.04176837966230732,653,Another vodka stinger?
1578,2952,8,29,131,168,1.2678571428571428,0.04176837966230732,653,So...what? You just assume that I drink red?
4277,2952,8,29,131,168,1.2678571428571428,0.04176837966230732,653,"I'd like you to meet Hank, our new software developer."
1457,2957,9,31,143,183,1.2677595628415301,0.04022088975894009,653,Let me introduce you to our latest opiod hallucination.
1926,2958,8,26,123,157,1.267515923566879,0.04369635775399191,653,Wouldn't you prefer a Bloody Mary?
3645,2958,8,26,123,157,1.267515923566879,0.04369635775399191,653,Tell us all about your genetic modification trip to Key West.
4582,2958,11,20,126,157,1.267515923566879,0.04641497207743607,653,That is a Bloody Mary.
3374,2961,7,32,133,172,1.2674418604651163,0.04027043526669293,653,"I apologize for how I acted earlier.  I'm gonna be honest, Karen...I don't get invited to a lot of parties.  Because I'm a mosquito."
722,2962,9,32,146,187,1.267379679144385,0.03963166912887862,653,"No, I don't think any of us are willing to top that off for you..."
1974,2963,6,27,113,146,1.2671232876712328,0.04378318191339136,653,I didn't mean  to  offend when  I said bloodsucker. I was referring  to a different group of new neighbors.
465,2964,5,33,123,161,1.2670807453416149,0.04014508236163696,653,"Honestly, I'm not pulling your legs."
1735,2964,7,29,125,161,1.2670807453416149,0.04203459457313946,653,We met at law school.
2549,2964,6,31,124,161,1.2670807453416149,0.041100698161654264,653,Doesn’t he look great? He’s gone from sucking me bone dry to just a glass a day!
2904,2964,8,27,126,161,1.2670807453416149,0.0429481884656501,653,“Bloody Mary?  Why of course.”
4237,2964,5,33,123,161,1.2670807453416149,0.04014508236163696,653,He is offering free mojitos to blood donors
5303,2964,6,31,124,161,1.2670807453416149,0.041100698161654264,653,I thought Stan here could use a night away from the CRISPR editing lab.
5521,2970,10,27,139,176,1.2670454545454546,0.04204545454545454,653,"And then he called me a ‘factualist bitch’ and I called him a ‘plotless totalitarian.’ I mean, he’s like something straight out of ‘Naked Lunch’!”"
5437,2970,11,25,140,176,1.2670454545454546,0.04281069157195372,653,That’s my blood you’re drinking!
4846,2970,8,31,137,176,1.2670454545454546,0.04047159643581847,653,Your husband didn't come because you ate him?
4499,2970,8,31,137,176,1.2670454545454546,0.04047159643581847,653,I agree that it is an unusual pet but it has great social skills
4297,2970,6,35,135,176,1.2670454545454546,0.03883400556462885,653,"And, of course, this is Bill."
163,2970,7,33,136,176,1.2670454545454546,0.039661253801773454,653,She prefers Sauvignon to O negative.
60,2976,6,39,146,191,1.2670157068062826,0.03688856221648586,653,"She's pregnant, yes—but that isn't red wine."
2802,2976,6,39,146,191,1.2670157068062826,0.03688856221648586,653,Were you at the BBQ last night? That looks like my husband's blood!
3479,2976,7,37,147,191,1.2670157068062826,0.03762814934848055,653,"Judith here has a fascinating anecdote about voodoo and the Mosquito Coast, but I don't want to give anything away."
5872,2979,5,42,148,195,1.2666666666666666,0.035670138745622984,653,You should see our kids.
5724,2979,7,26,117,150,1.2666666666666666,0.044032392659054245,653,"The truth is, he brought quite a few larvae from a previous relationship, but ended up eating them before we moved in together."
5703,2979,10,24,131,165,1.2666666666666666,0.043948950205814366,653,"Honey, Ron wants to know what you put in your Bloody Mary mix."
5490,2979,7,34,139,180,1.2666666666666666,0.03907687119252759,653,He’s still upset they haven’t named a cocktail after him.
5016,2979,8,28,129,165,1.2666666666666666,0.0422337609523278,653,"I’m a Leo, I like to cook and taking long walks on the beach."
4867,2979,7,30,128,165,1.2666666666666666,0.04134949496875358,653,Dean is arguably the world’s foremost authority on obesity.
3884,2979,5,30,115,150,1.2666666666666666,0.041950931885420414,653,"She says it's vintage 6:30pm, with bright notes of cherry and tropical fruit."
3539,2979,8,32,140,180,1.2666666666666666,0.03986320494676991,653,Is this party waspy or what?
2613,2979,8,24,118,150,1.2666666666666666,0.04503706320236822,653,"Matt, Debra, meet... what was your name again?"
2514,2979,10,28,142,180,1.2666666666666666,0.0413910811829041,653,"What type of red are you drinking, Skeeter?""  ""A Negative"
417,2979,8,28,129,165,1.2666666666666666,0.0422337609523278,653,This is Sally. She was just appointed Director of the EPA.
24,2979,11,18,121,150,1.2666666666666666,0.047924872850462895,653,No!! let me guess another Bloody Mary??
3909,2991,10,29,145,184,1.266304347826087,0.04076334434555817,653,Speaking of type A...
6068,2991,10,29,145,184,1.266304347826087,0.04076334434555817,653,What exactly do you mean when you say these are authentic bloody Marys?
5915,2993,10,25,134,169,1.2662721893491125,0.04321282504971724,653,"I’m sorry, I don’t get your point."
2661,2993,6,33,130,169,1.2662721893491125,0.03981932616505114,653,And this is Anna--Anna Foleez. She'll be sticking around for dinner tonight.
2524,2993,10,25,134,169,1.2662721893491125,0.04321282504971724,653,"So Gary, let me introduce you to that leg model I was telling you about..."
2038,2993,10,25,134,169,1.2662721893491125,0.04321282504971724,653,"I need a straw, but not plastic"
397,2993,8,29,132,169,1.2662721893491125,0.041550733958717244,653,I’d like you to meet my agent...
457,2998,10,30,148,188,1.2659574468085106,0.04016057755319869,653,This is Oswald. My cousin at the Natural History Museum set us up.
97,2999,7,32,134,173,1.2658959537572254,0.04006681563658808,653,"We thought you'd like a wine that was long in the nose."""
515,2999,13,20,140,173,1.2658959537572254,0.044817738965843346,653,Let me introduce you to Kafka.
636,2999,10,26,137,173,1.2658959537572254,0.04250870170486751,653,Can I get you some more A-negative?
796,2999,11,24,138,173,1.2658959537572254,0.04329206689174236,653,"It prefers a Bloody Mary, but a bloody Harry will do."
2631,2999,8,30,135,173,1.2658959537572254,0.04089698094458842,653,"...and if you need a refill, I'm sure my noisy 
upstairs neighbors here can help you."
2682,2999,10,26,137,173,1.2658959537572254,0.04250870170486751,653,"It was clear when she announced their engagement that her love for insects had gone too far. And though she still preferred Vodka, Spike just couldn't develop a taste for it, opting, once again for the heartier reds."
3642,2999,8,30,135,173,1.2658959537572254,0.04089698094458842,653,"So, you only went for a nose job...?"
5087,3006,5,32,121,158,1.2658227848101267,0.040573293836953364,653,The mosquitos are nowhere near as bad as they say they are
2852,3006,7,28,123,158,1.2658227848101267,0.0425140386572089,653,"As you may have guessed, English is not my first language."
533,3006,4,34,120,158,1.2658227848101267,0.03956724046097112,653,"Bob and Linda, may I introduce you to my fiance Mo - since we first met, he really got under my skin in a big way....."
2218,3009,10,18,115,143,1.2657342657342658,0.04856966142903945,653,It's not red wine. It's blood.
549,3010,9,33,150,192,1.265625,0.038886218731048576,653,"No, I'm drinking a Manhattan. Why do you ask?"
2863,3010,8,35,149,192,1.265625,0.038178534353533584,653,I thought you gave up grasshoppers.
3482,3010,10,31,151,192,1.265625,0.03958125224161006,653,Now meet an evolutionary specimen that hardly needs any introduction.
721,3013,8,31,138,177,1.265536723163842,0.04027056589504354,653,Yes Miss it's called a stinger..I  invented it.
4205,3013,10,27,140,177,1.265536723163842,0.04183444930057758,653,The vintage is 1930 and the brand is Jim’s father.
4929,3013,10,27,140,177,1.265536723163842,0.04183444930057758,653,Dominic is our resident expert on reds.
1901,3016,10,23,129,162,1.2654320987654322,0.044473084178629003,653,Steven here's an attorney as well; family law.
4137,3016,4,35,123,162,1.2654320987654322,0.03895853949714062,653,"I said shaken, not stirred."
4192,3018,9,21,117,147,1.2653061224489797,0.04662351128270054,653,"And this is my partner, in charge of the SWAT team."
3921,3018,8,36,152,196,1.2653061224489797,0.037659162191021965,653,These Bloody Marys are to die for.
1333,3020,10,28,143,181,1.2651933701657458,0.04118812424277849,653,"Think of it as half full. That way, you don’t need to ask us to roll up our sleeves."
1797,3020,8,32,141,181,1.2651933701657458,0.03966972233616577,653,"It has a rich, complex, well-rounded flavor that lingers in the mouth...you must have got that form someone who was full-bodied."
2024,3020,8,32,141,181,1.2651933701657458,0.03966972233616577,653,How about a Bloody Mary instead?
2526,3023,11,22,133,166,1.2650602409638554,0.04454030725465628,653,This is Buzz.  He has a nose for reds.
4162,3023,11,22,133,166,1.2650602409638554,0.04454030725465628,653,So your daughter is doing research in Malaysia or is she still studying in Boston?
5176,3023,8,28,130,166,1.2650602409638554,0.042009295637463806,653,He's working on a PhD in entomology with hopes of classifying himself taxonomically as the first quintaped.
5369,3023,6,32,128,166,1.2650602409638554,0.040233595659601044,653,"No, his favorite drink is actually pinot noir."
5523,3027,9,35,156,200,1.265,0.03782895915504111,653,"Buzz, your stingers are to die for."
655,3028,9,22,120,151,1.2649006622516556,0.04574812195806766,653,"Let me introduce you to my new neighbor, Miss Quito"""
3230,3028,10,20,121,151,1.2649006622516556,0.04670322133901241,653,"Henry, why don’t you tell the Olsens that marvelous story about the time you spent in the Amazon experimenting with Zika cures."
1789,3030,12,25,148,185,1.2648648648648648,0.041991277429826425,653,And in this exhibit we have the last remnants of those pesky humans
3299,3030,8,33,144,185,1.2648648648648648,0.03909283507072205,653,You all have exquisite taste.
6031,3032,7,31,132,170,1.2647058823529411,0.040484464065047195,653,"Buzz here prefers a tight, fruit-forward Cabernet."
3112,3032,5,35,130,170,1.2647058823529411,0.038726793594171235,653,We find that a goblet of blood makes him much less likely to suck on our guests.
3567,3032,8,29,133,170,1.2647058823529411,0.04133528123659467,653,"No, they're not drinking Bloody Marys either"
1963,3032,7,31,132,170,1.2647058823529411,0.040484464065047195,653,"Nigel here has never flown, isn't that right Nigel?"
2327,3032,5,26,105,136,1.2647058823529411,0.04456922123197992,653,"I’ll stick with red, thanks!"
1011,3032,12,30,162,204,1.2647058823529411,0.03922172270743626,653,New Jersey; where you from??
5390,3038,6,29,120,155,1.264516129032258,0.04202401148452718,653,I’m tasting subtle notes of O- fresh from the IV garden.
4692,3039,8,30,136,174,1.264367816091954,0.04068996672962488,653,"Sorry guys, he’s usually not this big of a buzzkill."
844,3039,6,34,134,174,1.264367816091954,0.039022965755403864,653,It''s a delightful aged red I drained from my first husband.
977,3039,3,40,131,174,1.264367816091954,0.03637952105486803,653,We met at a friends BBQ right honey? He approached me.
559,3039,11,24,139,174,1.264367816091954,0.043069660976420704,653,"Malaria, I'd like you to meet Mr. and Mrs. Vaccine."
468,3039,8,30,136,174,1.264367816091954,0.04068996672962488,653,I'm Zika and I'd like to thank you for welcoming me to the neighborhood.
702,3039,7,32,135,174,1.264367816091954,0.03986518060165665,653,Henry said I should embrace climate change.
3938,3045,10,31,152,193,1.2642487046632125,0.03939967941865454,653,"He just flew in from the West Nile, and boy his wings are tired."
990,3046,6,30,123,159,1.2641509433962264,0.04132664881900787,653,"Interesting company, yes ; but take care never to order a “Bloody Mary.”"
1819,3046,6,30,123,159,1.2641509433962264,0.04132664881900787,653,He calls it a Mosquito Mohito.
2691,3046,10,22,127,159,1.2641509433962264,0.04501486294780466,653,So I understand you just buzzed in from the Hamptons. . .
5188,3046,4,34,121,159,1.2641509433962264,0.039353130889544084,653,I'm sorry but a Bloody Mary is just not a substitute.
3302,3050,8,31,139,178,1.2640449438202248,0.04007146524885309,653,I got to go I'll buzz you later.
4157,3050,8,31,139,178,1.2640449438202248,0.04007146524885309,653,I believe you've met last summer.
2943,3050,10,27,141,178,1.2640449438202248,0.04162550025318213,653,West Nile cocktail you say!
5231,3050,9,29,140,178,1.2640449438202248,0.040855872273870907,653,It's one of those reds that you drink as soon as it is harvested.
1881,3050,5,37,136,178,1.2640449438202248,0.03762023937966908,653,"Then he says to the bartender, ""You have a drink named Mosquito?"""
1809,3050,10,27,141,178,1.2640449438202248,0.04162550025318213,653,Mr. Mosquitowitz' parents were opposed to vaccination.
632,3050,6,35,137,178,1.2640449438202248,0.03845467959887868,653,I'm a vegan.
2429,3050,11,25,142,178,1.2640449438202248,0.042381154342425335,653,"This round of stingers is on you, Ralph."
51,3058,8,27,128,163,1.2638036809815951,0.04248244431051912,653,"Is that a Merlot?"" 
""No, it's type B"
913,3058,8,27,128,163,1.2638036809815951,0.04248244431051912,653,"Now that you've had the buzz, it's time for a bite."
925,3058,9,25,129,163,1.2638036809815951,0.043364714188327,653,There were a few things bugging Janet at her cocktail party.
2269,3058,9,25,129,163,1.2638036809815951,0.043364714188327,653,"And this is Gregor, my fiancé."
2424,3058,8,27,128,163,1.2638036809815951,0.04248244431051912,653,"Yes, I did ask for a Stinger,  but I have changed my mind."
4726,3058,8,27,128,163,1.2638036809815951,0.04248244431051912,653,I named it after my cousin - I call it a grasshopper!
2097,3064,11,26,145,182,1.2637362637362637,0.041721158549953875,653,"Well, it’s certainly longer than yours."
2523,3064,9,30,143,182,1.2637362637362637,0.040239651277815675,653,Henry's family has lived in our apartment for years and he's a result of all our insecticides.
4493,3066,7,30,130,167,1.2634730538922156,0.040914790907759784,653,"Honey, why don't you show the Hendersons your tattoo expertise?"
3253,3066,7,30,130,167,1.2634730538922156,0.040914790907759784,653,Want another bloody mary?
875,3066,6,32,129,167,1.2634730538922156,0.04002343373741166,653,"Buzz, meet my colleagues Bob and Doreen. Their blood type is A+..."
1827,3066,9,26,132,167,1.2634730538922156,0.042641644536897776,653,"Have a sip, it'll take the itch off."
2512,3066,8,28,131,167,1.2634730538922156,0.0417871389534917,653,"We’ve  just converted him to Pinot Noir, and I strongly advise you to keep him topped up."
4640,3071,8,33,145,186,1.2634408602150538,0.038908157885680326,653,"A toast, to our garden's apex beneficial predator."
5337,3072,8,34,148,190,1.263157894736842,0.03836033165813674,653,"I don’t know about your Moscato, but this Grasshopper is delicious."
633,3072,9,22,121,152,1.263157894736842,0.04547955437628567,653,I know it's so cliché but we met on holidays.
2313,3072,7,31,133,171,1.263157894736842,0.040276774960249215,653,Where do you stand on gene editing?
3016,3072,9,32,149,190,1.263157894736842,0.03907953220624763,653,"Why are you here, Dave? It's not Bloody Mary Night."
3906,3072,11,23,137,171,1.263157894736842,0.04355934342498944,653,You know that a bloody mary doesn ACTUALLY contain blood right?
4341,3072,6,33,132,171,1.263157894736842,0.03941343871821076,653,We hope you'll stay for dinner.
5294,3072,6,28,118,152,1.263157894736842,0.04250852548658323,653,"After a couple Bloody Marys,he's quite charming."
5579,3079,7,37,150,194,1.2628865979381443,0.03712059767979199,653,Edward can be quite emphatic about his kafkian proclivities
3879,3079,8,35,151,194,1.2628865979381443,0.037833248897070015,653,"All my husband said, “Beam me up, Scottie” and something went wrong."
3690,3079,12,27,155,194,1.2628865979381443,0.04055882791844869,653,You really should try something other than a Bloody Mary.
2689,3079,8,35,151,194,1.2628865979381443,0.037833248897070015,653,Carl usually drinks something a little richer
1049,3083,6,34,135,175,1.262857142857143,0.03882873490687899,653,"Yes, insects are dying at an alarming rate, but how the hell did you get in here?"
4638,3083,9,28,138,175,1.262857142857143,0.041288194310771846,653,"Honey, please don't poke holes in my theory."
5469,3083,9,28,138,175,1.262857142857143,0.041288194310771846,653,"Yeah, she only drinks red"
1405,3086,6,35,138,179,1.2625698324022345,0.03826768678691017,653,"Oh Horace, I think you've had enough."
3235,3086,8,31,140,179,1.2625698324022345,0.03987426800954233,653,"Kafka has something to do with it, doesn't it Giles?"
3819,3088,9,24,127,160,1.2625,0.043876165791102366,653,Let me introduce our bartender.  He really puts the sting in a stinger.
5506,3088,8,26,126,160,1.2625,0.042970938694972025,653,"I know you can’t reach your drink, but no, you can’t have mine."
2751,3088,5,32,123,160,1.2625,0.040132935548290886,653,"No, it's just red wine."
3403,3088,9,24,127,160,1.2625,0.043876165791102366,653,"And when he spits it back out, it's almost tannin free."
2369,3092,10,28,145,183,1.2622950819672132,0.0407879796334524,653,"Karen and Mark, I’d like to introduce you to my husband, Bill."
5386,3092,9,30,144,183,1.2622950819672132,0.040045100102282405,653,You do corporate law? Then I'm sure you'll want to talk shop with my husband Skeeter here.
1251,3094,7,29,128,164,1.2621951219512195,0.041358428316984844,653,"Pointed, and on topic."
3782,3094,6,31,127,164,1.2621951219512195,0.04044382392608219,653,I apologize.  He gets nosy!
3144,3096,11,27,149,187,1.2620320855614973,0.04089182756911918,653,You can´t drink and fly. Be carefully
3703,3097,6,32,130,168,1.2619047619047619,0.039815384519815186,653,And Bill works at the Blood Center
4259,3097,12,20,136,168,1.2619047619047619,0.044866255036931826,653,"Then I said 'poke her, I hardly knew her'"
3456,3099,8,34,149,191,1.2617801047120418,0.03818382924449672,653,I'd like to introduce you to my boss.
4876,3100,7,25,117,149,1.261744966442953,0.04405112743045617,653,Apparently Shiraz is remarkably like human blood...
4989,3101,4,37,131,172,1.2616279069767442,0.03743925865640066,653,"With Jim, it's not just buzzwords."
4326,3101,11,23,138,172,1.2616279069767442,0.043332369895625784,653,This is Captain Mos of the Air Force experimental wing.
3712,3101,12,21,139,172,1.2616279069767442,0.04411001855333647,653,Forgive me for drinking a grasshopper in front of you.
3471,3101,8,29,135,172,1.2616279069767442,0.040910828795788036,653,It's a vintage - Type O.
3452,3101,9,27,136,172,1.2616279069767442,0.04173362395913673,653,"She's drinking the Rose, he's drinking the Grey Goose, I've got the dirty Martini and I'm sure you'll enjoy the one you so kindly brought, the AB+"
2154,3106,7,37,151,195,1.2615384615384615,0.03695434397337079,653,"Generally I eat local, paleo. Sometimes I splurge on pastries. Why do you ask?"
2041,3107,5,30,118,153,1.261437908496732,0.04123485412706176,653,"Have you met the Peterson’s?  Their house was bugged, too."
718,3108,5,36,135,176,1.2613636363636365,0.037786684560917196,653,Please meet our new neighbor. He just flew in last night and is anxious to meet everyone!
3114,3108,7,32,137,176,1.2613636363636365,0.03946775468628014,653,Would a straw help?
4646,3108,6,34,136,176,1.2613636363636365,0.03863636363636365,653,"Yes, I can taste the metallic notes."
5432,3108,8,30,138,176,1.2613636363636365,0.040281990081318636,653,I wouldn't say he's got his *finger* on the pulse...
5122,3112,12,28,159,199,1.2613065326633166,0.03979927184033715,653,"Hi, my name is Mary and I donated the blood for your cocktail."
3997,3113,7,27,123,157,1.2611464968152866,0.042526083891482463,653,"This is Steve, my genetically sterilized mosquito."
3034,3113,7,27,123,157,1.2611464968152866,0.042526083891482463,653,"Try the Stinger, it gives a good buzz"
1347,3113,8,25,124,157,1.2611464968152866,0.04347559233033532,653,"Thanks, it's really just my classic sangria"""
539,3113,3,35,119,157,1.2611464968152866,0.038494552105888646,653,"No Clara, It's Okay -really. It's just that we don't suck, we sip."
2592,3113,8,25,124,157,1.2611464968152866,0.04347559233033532,653,"No, you must've misheard. I said we should talk about the ELEPHANT in the room."
2392,3118,8,31,141,180,1.261111111111111,0.03967894813932362,653,I'm AB negative.  You're AB negative.  In one room.  Quite a coincidence!
4837,3118,7,33,140,180,1.261111111111111,0.03888888888888888,653,"There’s no need to point, really."
3697,3120,10,34,163,207,1.2608695652173914,0.03748365291908285,653,And let me introduce you to Melvin......Harry made him with his home-made CRISPR
67,3120,5,32,124,161,1.2608695652173914,0.03991619630573821,653,"So, what are you drinking?"
496,3120,8,32,144,184,1.2608695652173914,0.0391000647701035,653,When did you switch from Bloody Marys?
2434,3120,6,30,125,161,1.2608695652173914,0.040877163295304914,653,This is Mos Def's brother Mos Quito
2482,3120,9,24,128,161,1.2608695652173914,0.04363326407374778,653,Anyone here familiar with metamorphosis?
5343,3120,11,20,130,161,1.2608695652173914,0.04537776147888962,653,I'd imagine storing it at 98.6 is the trickiest part.
2871,3126,10,29,149,188,1.2606382978723405,0.039992576468757035,653,"I think we get along so well because he reminds me of my first husband, a divorce attorney."
2048,3126,12,25,151,188,1.2606382978723405,0.0413906361328179,653,Would you rather a Bloody Mary.
5968,3128,8,27,130,165,1.2606060606060605,0.042026431778046595,653,You can really suck those bloody Mary’s down!
2776,3128,8,27,130,165,1.2606060606060605,0.042026431778046595,653,"This is Gregorina Samsa. She's a former model, now head buyer for couture collections at Bergdorf's."
637,3128,10,23,132,165,1.2606060606060605,0.04374975003368118,653,"I was feeling the 7 year itch, I swiped right and here we are!"
2473,3131,9,26,134,169,1.2603550295857988,0.04219280884726161,653,And you know what they say about guys with big noses...
3525,3131,11,22,136,169,1.2603550295857988,0.04383055868558978,653,"My friend will be giving each of you a bite at the end of the party to check your alcohol level, before you can drive home."
5158,3131,6,32,131,169,1.2603550295857988,0.03960941787021744,653,As entomologists we think you are a great host.
630,3134,8,29,136,173,1.260115606936416,0.04070176751043654,653,Sangria?
976,3134,11,23,139,173,1.260115606936416,0.043107700980807295,653,"Darling, these are the Andersons who just relocated from Miami."
4058,3134,8,29,136,173,1.260115606936416,0.04070176751043654,653,1938.  Finger lakes region.
4733,3134,10,25,138,173,1.260115606936416,0.042320923297170694,653,"George told me to bring the mesquite, and I thought he said mosquito, so I brought Ed."
5279,3138,4,38,135,177,1.2598870056497176,0.03673797654715321,653,He has a nose for wine.
4668,3138,9,28,140,177,1.2598870056497176,0.040874021061281206,653,My daddy's legs were only this long.
3395,3138,5,36,136,177,1.2598870056497176,0.03760159911715133,653,The professor works in malaria research.
996,3138,6,34,137,177,1.2598870056497176,0.03844582671181271,653,Buzz off!
851,3138,6,34,137,177,1.2598870056497176,0.03844582671181271,653,He gets that way after his third drink.
333,3143,6,28,120,154,1.2597402597402598,0.04202375107555406,653,"Oh, there’s no need to worry.  Buzz only drinks red wine."
1570,3143,3,34,117,154,1.2597402597402598,0.03887606385668806,653,I didn't realize you'd met the Johnsons before. What a small world!
2622,3143,9,22,123,154,1.2597402597402598,0.044951562463733934,653,"For Heaven's sake, Gregor, don't you have any other stories?"
5677,3143,6,28,120,154,1.2597402597402598,0.04202375107555406,653,Tell Jane and Earl that story about your visit to the Kafka historic site.
1394,3147,6,35,140,181,1.2596685082872927,0.037898923807102525,653,"Why are you so surprised? It’s 2019. We’re accepting of all races and, yes, even species...well, except for Mexicans obviously."
4958,3147,9,29,143,181,1.2596685082872927,0.04025531627439616,653,And it already feels like we share the same blood!
5778,3147,9,29,143,181,1.2596685082872927,0.04025531627439616,653,"Bug, this is the entomologist who wanted to meet you."
4225,3150,8,25,125,158,1.259493670886076,0.04323116124014815,653,"Great party! By the way, I left an egg raft in your toilet."
1454,3150,7,27,124,158,1.259493670886076,0.042288386669252824,653,"He’s buying, but only if you’re drinking stingers."
1798,3150,6,29,123,158,1.259493670886076,0.04132410908906316,653,White wine? Always pegged you for a Bloody Mary kind of guy.
940,3150,6,29,123,158,1.259493670886076,0.04132410908906316,653,"Wow, you lost so much weight - that Paleo diet is really working"
1359,3150,8,25,125,158,1.259493670886076,0.04323116124014815,653,"To everyone's chagrin, Malaria walked-in."
1341,3155,7,34,144,185,1.2594594594594595,0.03815129521080028,653,I agree there are hardly any good humans left to suck blood from.
3035,3155,14,20,151,185,1.2594594594594595,0.04320650613420492,653,I’m not submitting anymore...the snake caption winners weren’t even funny.
119,3157,5,32,125,162,1.2592592592592593,0.039701705363291234,653,"He's good company, but sharing a bed can be prickly."
1696,3157,8,26,128,162,1.2592592592592593,0.04250022490597157,653,"You say that you'd like a sip of my Grasshopper?"""
117,3159,5,40,148,193,1.2590673575129534,0.035631573464210295,653,He can stir a martini to perfection.
1909,3160,7,29,130,166,1.2590361445783131,0.04091926787593426,653,Ooh. AB-negative!  A rare varietal.
4588,3160,8,27,131,166,1.2590361445783131,0.04180198360879839,653,How's that stinger?
3945,3160,7,29,130,166,1.2590361445783131,0.04091926787593426,653,Your arm is too short.  I'll hold it for you while you take a sip.
3761,3160,9,25,132,166,1.2590361445783131,0.04266644095490076,653,Ahh...The proctologist is here!
3470,3160,7,29,130,166,1.2590361445783131,0.04091926787593426,653,"Bob and Linda, I'd like you to meet a new species."
2656,3160,4,35,127,166,1.2590361445783131,0.038148767124497135,653,Does the red taste like iron to you?
1808,3160,8,27,131,166,1.2590361445783131,0.04180198360879839,653,So you say I'm bugging you?
2171,3160,5,33,128,166,1.2590361445783131,0.03909408885300817,653,"Guys, this is Muss Keto 2019."
626,3160,5,33,128,166,1.2590361445783131,0.03909408885300817,653,Your last one before your legs start to wobble.
581,3160,6,31,129,166,1.2590361445783131,0.04001708551824684,653,"Ok, but only just a sip."
23,3160,5,33,128,166,1.2590361445783131,0.03909408885300817,653,"Bloody Marys are my favorite, but I also like Vodka Stingers."
2222,3160,6,31,129,166,1.2590361445783131,0.04001708551824684,653,"My, my. Not so much of a social butterfly, I see."
3344,3172,5,26,108,139,1.2589928057553956,0.043726586145981586,653,I got a real buzz on.
3965,3173,9,33,155,197,1.2588832487309645,0.03801404618442686,653,"My mistake, I thought you asked for a Bloody Mary."
5903,3174,7,30,133,170,1.2588235294117647,0.04027911870455727,653,"This is my friend, Zika."
6033,3174,7,30,133,170,1.2588235294117647,0.04027911870455727,653,A sip of that will surely give you a little buzz!
5822,3174,8,28,134,170,1.2588235294117647,0.04113418344746973,653,"I figured you for a Bloody Mary kind of guy, but a Zzzzinfandel makes total sense"
4755,3174,5,34,131,170,1.2588235294117647,0.03851207752208727,653,Take one drop of blood and you will never be invited to another party.
4166,3174,6,32,132,170,1.2588235294117647,0.039405504175705416,653,He's fine as long as he's had a few drinks.
506,3174,6,32,132,170,1.2588235294117647,0.039405504175705416,653,We bonded over my 'O negative' blood type.
413,3174,9,26,135,170,1.2588235294117647,0.04197183212780174,653,For some reason he only likes red wine.
563,3181,7,31,136,174,1.2586206896551724,0.039665931469940595,653,"He prefers red, with a slightly metallic bouquet."
4169,3181,7,31,136,174,1.2586206896551724,0.039665931469940595,653,"While this vintage sucks, there are some positive notes"
344,3183,7,32,139,178,1.2584269662921348,0.03907794288620063,653,Meet my new boyfriend. He’s a real PEST! Hahahahaha!
484,3183,8,30,140,178,1.2584269662921348,0.03988189554529687,653,He's just become indispensable. Watch how he spears the olives.
1075,3183,9,28,141,178,1.2584269662921348,0.04066995899130933,653,And all this time I thought you were extinct.
1509,3183,9,28,141,178,1.2584269662921348,0.04066995899130933,653,"No, nobody here ordered a mojito!"
3835,3183,9,28,141,178,1.2584269662921348,0.04066995899130933,653,I’d like to introduce you to a very interesting couple.
4782,3188,6,27,118,151,1.2582781456953642,0.04250809678379129,653,"The wine's from a biodynamic vineyard, no insecticides, ever!"
2427,3188,7,25,119,151,1.2582781456953642,0.043534337171142495,653,"I’m drinking a human, how about you?"
5344,3190,11,25,146,182,1.2582417582417582,0.041546889799962045,653,Perhaps you’d find a Bloody Mary more to your liking.
5022,3191,4,32,119,155,1.2580645161290323,0.039729615770672154,653,"Ozzy doesn't NEED to drink, he just chooses to."
663,3192,10,21,128,159,1.2578616352201257,0.044803027123072464,653,"What can I say, you are what you eat."
822,3192,7,27,125,159,1.2578616352201257,0.042053260892477094,653,"She's promoting her new novel, 'A Bug's Life'."
2283,3192,5,31,123,159,1.2578616352201257,0.040115505230405954,653,I'm so sorry.  Can I pour that into the bird bath for you?
2520,3192,4,33,122,159,1.2578616352201257,0.03911064131397898,653,"So, you're only interested in Type O Rh D negative?"
3843,3192,6,29,124,159,1.2578616352201257,0.041095805817513,653,"Stick to the point, Herb."
4026,3192,5,31,123,159,1.2578616352201257,0.040115505230405954,653,"It's the latest way to get your DNA sample, Just a little prick, hardly hurts at all!"
4863,3192,4,33,122,159,1.2578616352201257,0.03911064131397898,653,"This?  I concocted it myself.  I call it, ""Mosquito Mojito."
2586,3199,8,26,129,163,1.2576687116564418,0.04226861894458759,653,"I'd like you to meet the family lawyer, Janice."
4311,3199,6,30,127,163,1.2576687116564418,0.04043705507829283,653,Funny where your 12 step program takes you sometimes.
1126,3199,7,28,128,163,1.2576687116564418,0.04136297602257143,653,"Sure, migration's a breeze, but have you tried immigration?"
269,3202,3,37,127,167,1.2574850299401197,0.036988652852136227,653,"Are you enjoying your red, Mr. Squito?"
967,3202,7,29,131,167,1.2574850299401197,0.04070306999953109,653,I thought you said red.
1446,3202,5,33,129,167,1.2574850299401197,0.0388902323675404,653,"Oh, good! I see you found some blood ..."
1452,3202,5,33,129,167,1.2574850299401197,0.0388902323675404,653,We met gorilla trekking in Rwanda.
2781,3202,6,31,130,167,1.2574850299401197,0.0398069722598191,653,Skeeter here just flew back from west Nile.
2921,3202,6,31,130,167,1.2574850299401197,0.0398069722598191,653,Not enought legs for you?
3068,3208,7,30,134,171,1.2573099415204678,0.04007147148199086,653,There’s a hint of Okie undertones in this ‘85 red blend.
5951,3208,4,36,131,171,1.2573099415204678,0.03740754573503583,653,Don't you think that's a little invasive?
5630,3208,5,34,132,171,1.2573099415204678,0.038316105328219364,653,"Even though his experiment with radioactive bug bites didn’t go to plan, Jeffrey is still my superhero."
4164,3208,4,36,131,171,1.2573099415204678,0.03740754573503583,653,Tell them of your clinical trials for malaria.
3012,3208,7,30,134,171,1.2573099415204678,0.04007147148199086,653,"So guys, let me introduce to you the mosquito I was talking about the last couple of nights"
2930,3208,8,28,135,171,1.2573099415204678,0.04092092711970746,653,Say hello to our new neighbor Michael. His wife Lois couldn’t make it. She’s got a horrible bug.
517,3208,8,28,135,171,1.2573099415204678,0.04092092711970746,653,Where do you stand on GMOs?
300,3208,8,28,135,171,1.2573099415204678,0.04092092711970746,653,"I'm not a fan of crème de menthe, but Jerry always orders a stinger."
492,3216,9,27,139,175,1.2571428571428571,0.04109685441303293,653,That looks a little thick for red wine.
2999,3216,6,33,136,175,1.2571428571428571,0.03862521336731559,653,He says to your health...bottoms up....
4606,3216,7,31,137,175,1.2571428571428571,0.03946629641431337,653,"No, no one here is drinking grasshoppers . Wrong party ."
5463,3216,7,31,137,175,1.2571428571428571,0.03946629641431337,653,It's spiked.
2034,3220,7,32,140,179,1.2569832402234637,0.03888582718695954,653,Red wine?  I saw you more as a Stinger girl.
2103,3220,8,30,141,179,1.2569832402234637,0.03968473578911617,653,"Oh, do you know my cousin Zika?"
5613,3220,5,36,138,179,1.2569832402234637,0.037236623890174715,653,Are you considered formally dressed in your neck of the woods?
25,3223,8,21,115,144,1.2569444444444444,0.045957954943081275,653,No. It’s a ‘bloody Mary’.
3072,3224,7,33,143,183,1.2568306010928962,0.0383284945272189,653,"I'm sorry, my friend, but your proboscis must be no longer than this to socialize with us."
4884,3224,8,31,144,183,1.2568306010928962,0.03910399894000815,653,"Well,ok,that is a very good point."
482,3224,5,37,141,183,1.2568306010928962,0.03672839517279281,653,"While this is indeed lovely, I prefer AB+ to even the finest Cabernet."
871,3227,5,28,115,148,1.2567567567567568,0.04192642504314524,653,"Yeah, they were mushrooms. But what kind?"
1336,3227,9,20,119,148,1.2567567567567568,0.04610357654594072,653,"No, I gave already last week"""
1591,3227,8,22,118,148,1.2567567567567568,0.045095577465758,653,"Let me introduce you to my friend, Zika."
2683,3230,8,32,147,187,1.2566844919786095,0.038546094518045075,653,"Remember when I mentioned some people here are always getting under my skin? Gary, meet my in-laws."
4523,3230,7,34,146,187,1.2566844919786095,0.03779286171126043,653,You say that you would prefer a Bloody Mary?
208,3232,7,25,120,152,1.256578947368421,0.04328034702992404,653,"Sorry, I forgot, you're used to more body."
1166,3232,6,27,119,152,1.256578947368421,0.042261685523532766,653,"This is my friend, Doug. He's a lawyer."
1179,3232,7,25,120,152,1.256578947368421,0.04328034702992404,653,Ellen suddenly realizes that her husband of eleven years has become an alcoholic.
3947,3232,7,25,120,152,1.256578947368421,0.04328034702992404,653,"Why yes, Yes I am a bloodsucking parasite.  M. S. Kito , Attorney."
4915,3232,7,25,120,152,1.256578947368421,0.04328034702992404,653,"Jane and Joe, meet Michael, my real estate agent."
5517,3237,9,32,154,195,1.2564102564102564,0.0381918467796611,653,"No, I'm not from the Entomology Department. I'm in Aeronautical  Engineering."
3836,3237,5,30,121,156,1.2564102564102564,0.04054202128420999,653,"A Toast! Thank you, Mom and Dad. This relationship wouldn't be possible if I'd grown up with parents who refused to get me vaccinated."
374,3239,7,37,155,199,1.256281407035176,0.036303505009097084,653,I'd suggest block colors and a high waistline
1846,3240,7,27,126,160,1.25625,0.041820666665864606,653,"I'd like you to meet my vector, Victor."
4367,3240,7,27,126,160,1.25625,0.041820666665864606,653,"Actually, we prefer black fly season."
485,3242,9,24,131,164,1.2560975609756098,0.04292007823071685,653,"How come you never bring your wife to these parties? Oh, wait..."
2474,3242,4,34,126,164,1.2560975609756098,0.038315135650218865,653,"Buzz and his family had an itch to live on water, and bit on the waterfront lot just down the street"
2744,3242,5,32,127,164,1.2560975609756098,0.03927933704865586,653,"So, Skeeter. What's the buzz? Tell me what's happening?"
3508,3242,10,22,132,164,1.2560975609756098,0.04378298544432632,653,...but I don’t need to tell you about the perils of short term investing
3608,3242,7,28,129,164,1.2560975609756098,0.04114000142387433,653,Don't let him kiss you when he has been drinking.
5561,3242,6,30,128,164,1.2560975609756098,0.040220430356588004,653,"I see that you used your imagination for the costume contest. Humans, really?"
5886,3248,5,33,130,168,1.255952380952381,0.03868841980892167,653,"Next time I'll bring a friend of mine, who I'm sure will be just your blood type."
5471,3248,6,31,131,168,1.255952380952381,0.039598987698438386,653,"All I am saying, Bill, is that you could learn a thing or two from the males of his species."
303,3248,4,35,129,168,1.255952380952381,0.03775589792180357,653,Tell them about your gene replacement technique.
5236,3248,11,21,136,168,1.255952380952381,0.043869235506099655,653,I was just telling Dick that he would make a great lawyer.
1879,3252,8,38,165,211,1.2559241706161137,0.0356074078299141,653,Have you tried the blood martinis? They're to die for!
610,3253,5,34,133,172,1.255813953488372,0.038122050040046394,653,Are you more likely to be profiled on a humid day?
1198,3253,8,28,136,172,1.255813953488372,0.040709815367658664,653,Anyone care to join me in the birdbath?
1824,3253,10,24,138,172,1.255813953488372,0.0423472310697826,653,Meet Pepito.  He’s a mosquito from Puerto Rico who only drinks mojitos.
2739,3253,8,28,136,172,1.255813953488372,0.040709815367658664,653,How do you like the Bloody Mary?
4616,3253,8,28,136,172,1.255813953488372,0.040709815367658664,653,We met at the gym—leg day.
1629,3258,9,27,140,176,1.2556818181818181,0.0408887936660111,653,We are glad you find blood orange more to your liking.
267,3258,6,33,137,176,1.2556818181818181,0.038432905857564745,653,"Well I didn't bite my quota this week, but let's not talk about work here."
4684,3258,8,29,139,176,1.2556818181818181,0.0400868854181335,653,I understand he is from New Jersey
5477,3258,12,21,143,176,1.2556818181818181,0.04320530803346765,653,This vintage was recommended to me by your blood-sucking mother-in-law...
627,3262,7,32,141,180,1.2555555555555555,0.038695537784843345,653,I hear you prefer  your Red Moscato O negative?
503,3262,5,36,139,180,1.2555555555555555,0.03705668835172218,653,Good for you that you're moving from a parasitic to a commensal relationship.
3781,3264,10,27,147,184,1.2554347826086956,0.04041340378579015,653,I haven't seen a Bloody Mary mixed like that before.
1090,3265,9,30,149,188,1.2553191489361701,0.03909921303239543,653,So it's only the female of the species that sucks blood?
1389,3265,11,26,151,188,1.2553191489361701,0.04052810193708301,653,"A bloody mary, of course."
5536,3265,5,38,145,188,1.2553191489361701,0.0360720291363369,653,I'm sorry.  Would you prefer a beaker?
4608,3268,7,35,150,192,1.2552083333333333,0.037107012828205096,653,Hope this Bloody Mary works
3420,3269,4,29,112,145,1.2551724137931035,0.04126740935865803,653,So you're thinking of  getting a nose job. What's the point?
3524,3270,9,32,155,196,1.2551020408163265,0.038019004983105245,653,"Everyone was clapping after your speech tonight."""
248,3271,8,22,119,149,1.25503355704698,0.04482503464391083,653,This is the friend we met in Egypt.
883,3271,8,22,119,149,1.25503355704698,0.04482503464391083,653,James and Sarah met at the IRS too!
2849,3271,5,28,116,149,1.25503355704698,0.04167972608026823,653,"You're a vector, right? You'd probably be great at physics."
5349,3274,8,23,122,153,1.2549019607843137,0.04401720017962765,653,"Okay Frank, you were right. I shouldn't have smoked that high grade medical marijuana before the cocktail party!"
556,3274,8,23,122,153,1.2549019607843137,0.04401720017962765,653,Her preference is a 2019 Rhesus negative
2688,3274,8,23,122,153,1.2549019607843137,0.04401720017962765,653,Well he’s technically a vegan.
3912,3277,10,33,165,208,1.2548076923076923,0.03717269908816626,653,There's a result of  global warming
1274,3278,5,30,122,157,1.2547770700636942,0.040316057606833856,653,"This is my guest Marge who not only was genetically developed in my company's laboratory, but is an expert in Dengue Fever, Malaria, and Zika."
1992,3278,7,26,124,157,1.2547770700636942,0.04229306249982094,653,"This is Gerald , who was just telling me about his interest in phlebotomy."
2680,3278,6,28,123,157,1.2547770700636942,0.04131638680094925,653,Is that good? Or does it need more O positive?
2709,3278,5,30,122,157,1.2547770700636942,0.040316057606833856,653,"Hello,, my name is Mark Skeeto and before you ask, NO; I'm not a lawyer!"
1344,3282,9,23,129,161,1.2546583850931676,0.043417215352246255,653,Bug juice?
5429,3282,9,23,129,161,1.2546583850931676,0.043417215352246255,653,"It's okay, Greg here's a Vegan."
518,3282,10,21,130,161,1.2546583850931676,0.04430230626610902,653,It's safe to say I was stung when they made him department chair.
472,3285,8,26,131,165,1.2545454545454546,0.041812718560834544,653,"Since the mosquito gene-splicing, outdoor parties are a lot more entertaining."
4288,3285,8,26,131,165,1.2545454545454546,0.041812718560834544,653,Would you like a Bloody Mary instead?
5086,3285,8,26,131,165,1.2545454545454546,0.041812718560834544,653,Your getting too close with your pecker
5627,3285,10,22,133,165,1.2545454545454546,0.043544495558707985,653,I'd like to introduce you to my latest failed relationship.
5725,3285,6,30,129,165,1.2545454545454546,0.04000604671087579,653,The way you can carry a wine glass… and malaria… is astounding.
4035,3290,8,27,134,169,1.2544378698224852,0.04114244972361408,653,The buzz was worth the bite
5803,3290,6,31,132,169,1.2544378698224852,0.039393101083701705,653,she was a waitress at the Stork Club
4741,3290,8,27,134,169,1.2544378698224852,0.04114244972361408,653,I usually don't give blood
3896,3290,10,23,136,169,1.2544378698224852,0.04282039146866226,653,"Out of nowhere she says, ""Get lost. Don't bug me anymore.""  She might as well just swatted me with an old newspaper."
3411,3290,8,27,134,169,1.2544378698224852,0.04114244972361408,653,Maybe you should stop swarming around the nuclear plant?
3013,3290,9,25,135,169,1.2544378698224852,0.041989802897784576,653,Oh. But you told me you wanted help with your infesting strategy!
2985,3290,6,31,132,169,1.2544378698224852,0.039393101083701705,653,...and he makes a great Bloody Mary.
290,3290,7,29,133,169,1.2544378698224852,0.040277273879018013,653,"I’m sorry, but I don’t get your point."
3669,3290,4,35,130,169,1.2544378698224852,0.03756237022235643,653,It was love at first prick.
4783,3299,9,26,138,173,1.254335260115607,0.041322264280928576,653,So.... you really do drink with your pecker
1892,3299,7,30,136,173,1.254335260115607,0.03966236068430028,653,The '57 Chateau Transylvania is... exquisite.
2819,3299,9,26,138,173,1.254335260115607,0.041322264280928576,653,So when did you finish law school?
3234,3299,8,28,137,173,1.254335260115607,0.04050081715443797,653,Do you always drink red?
4356,3299,7,30,136,173,1.254335260115607,0.03966236068430028,653,"Excuse me, but could one of you tell me if this is bug juice?"
5048,3299,8,28,137,173,1.254335260115607,0.04050081715443797,653,"it's o.k.,  they're  from new jersey.  immune."
76,3305,4,37,136,177,1.2542372881355932,0.03652508707988864,653,And when the permafrost melted...
3079,3305,6,33,138,177,1.2542372881355932,0.038242445750357026,653,Of course he likes red wine.
5716,3305,7,31,139,177,1.2542372881355932,0.03907282933646828,653,Recovering from a 24-hour​ bug?
3258,3308,8,30,143,181,1.2541436464088398,0.03929605885342327,653,"Never ask him, ""Why the long face?"""
905,3309,9,29,147,185,1.2540540540540541,0.0394808627946648,653,We were discussing a +2ºC scenario
2487,3310,6,24,112,142,1.2535211267605635,0.04406275403227522,653,I don't mind him but he only drinks Type A red.
4704,3311,4,31,119,154,1.2532467532467533,0.03969334143175895,653,He just flew in.
5997,3311,3,33,118,154,1.2532467532467533,0.038609311262888094,653,"Josh, your wine comparisons are grossing out our guests."
1816,3311,6,27,121,154,1.2532467532467533,0.041777101738457396,653,Tell us more about your travels abroad.
3692,3311,7,25,122,154,1.2532467532467533,0.042780938132409324,653,So let me get right to the point...
1985,3315,8,24,126,158,1.2531645569620253,0.04300333914194397,653,I'm ready for the ban on plastic straws.
945,3315,5,30,123,158,1.2531645569620253,0.040092520650449354,653,Buzz just gave  a TED talk on malaria prophylaxis.
675,3317,4,33,125,162,1.2530864197530864,0.038481777565365555,653,I agree. Blood should be served at room temperature.
1896,3317,8,25,129,162,1.2530864197530864,0.042279689556527916,653,"This is David, he's my lawyer"
2856,3317,4,33,125,162,1.2530864197530864,0.038481777565365555,653,"After months of furlough from work at his plant, 
he’s back standing on his own six feet."
3463,3317,6,29,127,162,1.2530864197530864,0.040425359327943194,653,"As requested, one Bloody Mary ... without the bite."
4461,3321,9,24,133,166,1.2530120481927711,0.042457157486450584,653,Ed here is in finance.
5462,3321,6,30,130,166,1.2530120481927711,0.039793871028663635,653,They must be out of mojitos
3437,3321,6,30,130,166,1.2530120481927711,0.039793871028663635,653,"Baeatrice, what's bugging you?"
1385,3321,9,24,133,166,1.2530120481927711,0.042457157486450584,653,Monica here used to be a thirsty bloodsucker but gave it all up and became a yoga instructor.
1518,3321,9,24,133,166,1.2530120481927711,0.042457157486450584,653,Tell us more about your Keto diet...
2872,3321,10,22,134,166,1.2530120481927711,0.04330853924986446,653,We met at a retreat for hedge fund managers.
4950,3327,5,33,132,170,1.2529411764705882,0.03829081085618105,653,He's not been the same since he switched to the Cabernet.
5092,3327,6,31,133,170,1.2529411764705882,0.03918928221208077,653,I'll hold it while you sip
5243,3327,6,31,133,170,1.2529411764705882,0.03918928221208077,653,So exactly what is the secret to your Bloody Mary mix?
5869,3327,6,31,133,170,1.2529411764705882,0.03918928221208077,653,And this is our host insect.
5921,3327,5,33,132,170,1.2529411764705882,0.03829081085618105,653,"OK, OK, you’ve got a point!"
442,3332,8,28,138,174,1.2528735632183907,0.04029390200655743,653,"For whatever reason, he prefers red wine to blood. His wife, on the other hand . . ."
1084,3332,9,26,139,174,1.2528735632183907,0.041110087654605304,653,Your wine has good legs also.
2173,3332,11,22,141,174,1.2528735632183907,0.042695677100613935,653,Bob's in human resources.
4465,3335,6,33,139,178,1.252808988764045,0.03805380774886673,653,"We tried to persuade her to get a nose job so she would fit in better, but she said no."
904,3335,5,35,138,178,1.252808988764045,0.03721037909130861,653,"And I think you’ve met my husband, Nat..."
1292,3337,4,38,140,182,1.2527472527472527,0.03586516515293895,653,"He finds your 'enormous bill' jokes offensive, even if it's about the bar tab."""
1893,3337,7,32,143,182,1.2527472527472527,0.038320338922468465,653,It’s a 2016 Zikafandel.
3148,3337,8,30,144,182,1.2527472527472527,0.03910449006224144,653,Need a hand?
3386,3337,8,30,144,182,1.2527472527472527,0.03910449006224144,653,He's got his Buzz on!
5466,3337,7,32,143,182,1.2527472527472527,0.038320338922468465,653,"I always say, 'great hosts, great party.'"
1977,3342,10,27,149,186,1.2526881720430108,0.040024569580750506,653,"I did order a grasshopper straight up, not a red wine..."
5829,3342,5,37,144,186,1.2526881720430108,0.036212607974092925,653,"It's Zinfandel.  We are out of Bloody Mary."""
5062,3344,9,30,151,190,1.2526315789473683,0.0387329553823589,653,"Sleep well, Gregor?"
2467,3345,7,35,152,194,1.2525773195876289,0.036770325222236555,653,Where do you buy your socks?
4627,3346,6,19,98,123,1.2520325203252032,0.048423770127791824,653,And this is my emotional support arachnid.
3527,3347,10,15,114,139,1.2517985611510791,0.0490696737598291,653,Fred's blog has gone viral
3003,3348,7,23,117,147,1.251700680272109,0.044072289857606535,653,"What happened, you bit A-Rod?"
4280,3348,3,31,113,147,1.251700680272109,0.03961836560019451,653,"I’m sorry, so you mean Mary’s blood?"
1936,3350,8,22,121,151,1.2516556291390728,0.04429336582095581,653,Wine! I thought you always had the Bloody Mary!
274,3351,2,35,118,155,1.2516129032258065,0.0372870840219985,653,Who provides you with comfort food?
1024,3351,4,31,120,155,1.2516129032258065,0.039470254572099274,653,So glad you decided to come out of the closet!
5939,3351,9,21,125,155,1.2516129032258065,0.04446163400948276,653,Felica is in charge of college tuition rates.
3901,3354,6,28,125,159,1.251572327044025,0.04085753183612281,653,I'm trying to make friends since they'll probably survive longer than we will.
2935,3354,7,26,126,159,1.251572327044025,0.04182044241324806,653,You know it's not really the blood of Christ?
3737,3354,7,26,126,159,1.251572327044025,0.04182044241324806,653,Petite Sirah is the closest I could find to blood.
1369,3354,6,28,125,159,1.251572327044025,0.04085753183612281,653,"It was supposed to be aged in “mesquite” casks, but my version has a bit more bite"
1980,3354,6,28,125,159,1.251572327044025,0.04085753183612281,653,"It’s ketchup,he can’t tell the difference."
302,3359,7,27,129,163,1.2515337423312884,0.04113768580672014,653,It was sort of a meet cute. He scurried and I screamed.
1257,3359,8,25,130,163,1.2515337423312884,0.04204818135866704,653,"As requested, a bloody Mary, sans the celery."
1647,3359,8,25,130,163,1.2515337423312884,0.04204818135866704,653,Bob!! I didn't recognize you without a Bloody Mary in your hand!
4570,3359,7,27,129,163,1.2515337423312884,0.04113768580672014,653,She said she wouldn't bite as long as we gave her vintage 1956 type O blood.
5449,3359,12,17,134,163,1.2515337423312884,0.04550836190995097,653,"So, Zeka... I hear you are from the Dengue area of the West Nile?"
5967,3359,10,21,132,163,1.2515337423312884,0.04381244434688865,653,I'm sorry about the goblet…would you like me to roll up my sleeve for you?
5497,3365,10,22,135,167,1.251497005988024,0.04307507742575675,653,"Where you come from, Bloody Mary has a whole different meaning."
5546,3365,8,26,133,167,1.251497005988024,0.041366321584708224,653,"He's been referred to an a bloodsucking lawyer, but he doesn't seem to mind."
5137,3365,5,32,130,167,1.251497005988024,0.0386618411456482,653,My apologies.  He's just itching for an argument.
149,3365,8,26,133,167,1.251497005988024,0.041366321584708224,653,"And this is Larry, the reason I gave up on men."
3820,3365,7,28,132,167,1.251497005988024,0.040484906997012814,653,"Yes, it's bloody. I'm not sure if it's from Mary though"
4792,3365,8,26,133,167,1.251497005988024,0.041366321584708224,653,"Oh, hi Mos. Meet the Quitos."
2015,3365,6,30,131,167,1.251497005988024,0.03958387080193215,653,I said he was a blood-sucking loser.  What part of that is offensive to you?
478,3372,7,29,135,171,1.2514619883040936,0.03986006417835845,653,"So, how was skin-diving in the West Nile region?"
594,3372,5,33,133,171,1.2514619883040936,0.03809495789594797,653,Zeke tells me that the radioactive waste spill was nothing to worry about
1739,3372,8,27,136,171,1.2514619883040936,0.04071393085796626,653,I’m headed to the bar ... who will join me in doing a round of malaria shots?
1792,3372,6,31,134,171,1.2514619883040936,0.038987501416459756,653,"Excuse me, Could I have a straw?"
2040,3372,8,27,136,171,1.2514619883040936,0.04071393085796626,653,I'm having the stinger - he prefers merlot.
3806,3372,8,27,136,171,1.2514619883040936,0.04071393085796626,653,Which one is Bloody Mary??
4249,3372,6,31,134,171,1.2514619883040936,0.038987501416459756,653,. . . and my wife is our new specialist in Infectious Diseases.
5811,3372,8,27,136,171,1.2514619883040936,0.04071393085796626,653,"Oh, Dear! I wish I could offer a straw, but we resolved to go green this year"
3284,3372,7,29,135,171,1.2514619883040936,0.03986006417835845,653,This is Emily. She can’t reach her own drink so she’ll be helping herself to yours.
324,3381,8,28,139,175,1.2514285714285713,0.04008904000239211,653,Is it rude to ask how long your legs are?
2895,3381,6,32,137,175,1.2514285714285713,0.038415729048526664,653,A little more Tabasco for your bloody Mary?
4291,3381,6,32,137,175,1.2514285714285713,0.038415729048526664,653,"Looks like the liquid diet's working, Doris."
6013,3381,9,26,140,175,1.2514285714285713,0.040900031458486495,653,It's easier taking him out now that he's goblet-trained.
5865,3385,8,29,142,179,1.2513966480446927,0.03948985421235483,653,"Frankly, I prefer blood to burgundy"
5670,3385,8,29,142,179,1.2513966480446927,0.03948985421235483,653,Sara got in early when Zika went public.
5522,3385,9,27,143,179,1.2513966480446927,0.040276783440971485,653,"But six months in the Trump administration was enough for Phil, right honey?"
3659,3385,7,31,141,179,1.2513966480446927,0.038686921395675346,653,"Come now dear, why the long face? It's your favorite - Type O."
4116,3385,4,37,138,179,1.2513966480446927,0.03617133936090196,653,I offered him a brilliant Sauvignon Blanc but he insisted on a red.
246,3390,10,26,147,183,1.2513661202185793,0.04042839357684483,653,"Not surprisingly, he handles most of our personal injury cases."
2588,3390,9,28,146,183,1.2513661202185793,0.03967878232540861,653,Bloody Mary coming right up!
5290,3390,8,30,145,183,1.2513661202185793,0.03891473405344112,653,"Meet Zika, are any of you pregnant?"
371,3393,9,29,149,187,1.2513368983957218,0.03910444701442364,653,"This is Kafka's cousin, Theodore. He was the inspiration for the story we all love."
1785,3394,10,30,159,199,1.2512562814070352,0.03818013359232876,653,One of these legs is hollow.
4801,3395,6,39,158,203,1.251231527093596,0.034984264311373664,653,"I'm sorry Buzzy, all I have open is type O."
4084,3396,7,26,127,160,1.25,0.041587976007827945,653,I’m sorry—they just don’t see your point.
4052,3396,5,35,140,180,1.25,0.03684904701174095,653,I'm Aquarius and B positive
4005,3396,4,36,136,176,1.25,0.03648518646202636,653,"Don't make a big deal or anything, but this is the guy I was telling you about."
3984,3396,6,28,126,160,1.25,0.04063180276860005,653,I thought you said you preferred red.
2956,3396,7,26,127,160,1.25,0.041587976007827945,653,"Why yes, indeed! My Uncle Tom, whom you're drinking now, was a cigar smoker and a prolific eater of dark chocolates, raspberries and the occasional hazelnut."
3278,3396,8,27,137,172,1.25,0.04050292429078413,653,Who needs a straw then?
3030,3396,4,31,121,156,1.25,0.03924957787174288,653,"Yes, it's real human blood. No, it's not organic."
4147,3396,8,23,125,156,1.25,0.04325946493965428,653,I prefer more plasma in my drink.
3801,3396,9,22,129,160,1.25,0.04343722427630694,653,I'm guessing you'll pass on the gin and tonic.
4357,3396,7,35,154,196,1.25,0.03643952288160244,653,Here's to preserving wildlife.
2703,3396,8,25,131,164,1.25,0.04181913845554626,653,He's not my blood type.
4651,3396,8,33,155,196,1.25,0.03715060499636612,653,Meet Dr. Skeeter.  He's a hematologist.
4893,3396,5,33,134,172,1.25,0.03790103571265481,653,So glad you stopped by to wet your beak.
4960,3396,7,25,124,156,1.25,0.04229265090918735,653,"Just remember, you wouldn't be invited to the party if we were outside."
4967,3396,8,28,140,176,1.25,0.039886201760873284,653,"We hav a bet, I say you ordered a stinger."""
5020,3396,8,26,134,168,1.25,0.041146597507639195,653,I’ve never met anyone so interested in phlebotomy.”
5259,3396,7,26,127,160,1.25,0.041587976007827945,653,You look....how you say....Fly
5599,3396,9,28,147,184,1.25,0.039486186763444314,653,"Come closer – unlike you, we don't bite."
5691,3396,7,28,133,168,1.25,0.04027103781908219,653,I don’t know why you’re needling us!
5863,3396,6,27,123,156,1.25,0.04130321216307024,653,We just got back from a camping trip.
4522,3396,9,23,132,164,1.25,0.04270429767893841,653,"You all talk about ageism, sexism, racism.  What about bugism?   And by the way, how do you expect me to drink out of this silly glass?"
2653,3396,7,31,142,180,1.25,0.038496736985555946,653,This is the guy I was telling you about who can give you injections without a hypodermic!
1856,3396,10,23,139,172,1.25,0.04214837823823943,653,"No, I said the wine has legs."
2515,3396,8,28,140,176,1.25,0.039886201760873284,653,"I am famished, but he'll probably just peck at something."
260,3396,6,30,132,168,1.25,0.039376014115146754,653,Claire is a bit of an expert on locally sourced reds.
326,3396,5,34,137,176,1.25,0.03736447371640468,653,And a sparkling Sangria for our deep woods guest.
445,3396,5,38,149,192,1.25,0.035416987474165565,653,"It is, as Mr. Thurber once said, a naive domestic type o+ without any breeding, but I think you'll be amused by its presumption."
624,3396,4,29,115,148,1.25,0.040536709998599686,653,And this silly guy here was my third husband in a past life.
686,3396,7,23,118,148,1.25,0.04380651604022256,653,You make a good point.
697,3396,9,30,153,192,1.25,0.03837333825724882,653,That looks like a great Bloody Mary!
778,3396,8,23,125,156,1.25,0.04325946493965428,653,Hi! I'm meased to pleat you.
799,3396,9,28,147,184,1.25,0.039486186763444314,653,Janice has a pointed comment on climate change.
1319,3396,6,25,117,148,1.25,0.04274438190247978,653,I took the liberty and got you a glass of red.
1455,3396,7,29,136,172,1.25,0.03965460149970794,653,Am I intruding?
2518,3396,6,31,135,172,1.25,0.03878772955583102,653,Is it me or does this wine taste funny?
1544,3396,8,30,146,184,1.25,0.03872676611692525,653,He's usually partial to Bloody Marys.
2195,3396,6,31,135,172,1.25,0.03878772955583102,653,You make a great point.
2115,3396,5,31,128,164,1.25,0.03904344047215152,653,Am I bugging you?
2028,3396,11,20,137,168,1.25,0.043668071685669795,653,So your favorite drink is a Bloody Mary?
1525,3396,5,35,140,180,1.25,0.03684904701174095,653,"Sorry, we only drink Bloody Mary's in the morning."
2170,3396,11,25,152,188,1.25,0.04035413268273988,653,"Sure, I've been to the pyramids."
1761,3396,8,26,134,168,1.25,0.041146597507639195,653,She's not a fan of mixed drinks. For some reason she prefers reds.
1690,3396,12,17,135,164,1.25,0.045256017693927654,653,"And this is our special guest, Dr. Aedes Cinereus, part of the esteemed Culicidae family..."
1666,3396,9,25,138,172,1.25,0.04133384003585129,653,Mine’s bigger.
1834,3396,4,36,136,176,1.25,0.03648518646202636,653,See... I told you he doesn’t bite!
44,3441,4,41,152,197,1.248730964467005,0.034067236103107607,653,"So we are guessing one of those huge tropical mosquitoes, right?"
1016,3442,7,34,152,193,1.2487046632124352,0.03675577575166273,653,"Sweetheart, I thought YOU were the designated driver!"
4061,3443,6,34,145,185,1.2486486486486486,0.036984673899755745,653,We love to reach across species.
1558,3443,3,40,142,185,1.2486486486486486,0.034519601442221104,653,"....and, Alvin, your usual bloody Mary,  ready for a toast everyone?"
1953,3443,7,32,146,185,1.2486486486486486,0.03777063025753962,653,Poor thing!  Would you like a straw?
3359,3443,7,32,146,185,1.2486486486486486,0.03777063025753962,653,I'm just wetting my beak.
1779,3447,8,28,141,177,1.2485875706214689,0.0396853584304067,653,"I'm starving - have seen any bites to eat?"""
2339,3447,4,36,137,177,1.2485875706214689,0.036305954500587746,653,"Another Bloody Mary for you, Buzz?"
1379,3447,4,36,137,177,1.2485875706214689,0.036305954500587746,653,Tikka here just came in on an H1B visa because she has a job in aerodynamics.
443,3450,10,23,140,173,1.2485549132947977,0.04192894770613945,653,"Egrets, I've had a few but then again..."
855,3450,10,23,140,173,1.2485549132947977,0.04192894770613945,653,She seemed to be satisfied when I said it was a Bloody Mary.
3377,3450,7,29,137,173,1.2485549132947977,0.039451193269242305,653,Is that a sangria?
3725,3450,4,35,134,173,1.2485549132947977,0.03680701896364391,653,He has a buzz about him!
4083,3450,7,29,137,173,1.2485549132947977,0.039451193269242305,653,"As you can see, our law firm prides itself on transparency."
4705,3450,6,31,136,173,1.2485549132947977,0.03858993800515129,653,Mose is studying the effects of climate warming on skin thickness
2673,3456,10,22,137,169,1.2485207100591715,0.04261548469391374,653,"Yes, but we fail to see where your point is in all this"""
5483,3456,4,34,131,169,1.2485207100591715,0.03732861190680791,653,So . . . . . . what is your point?
3605,3456,7,28,134,169,1.2485207100591715,0.04005936096960533,653,I could get you a Bloody Mary instead.
2300,3456,7,28,134,169,1.2485207100591715,0.04005936096960533,653,"He prefers his alcohol straight, no blood."
603,3456,8,26,135,169,1.2485207100591715,0.040929143399634264,653,She makes an excellent Bloody Mary.
1010,3461,8,25,132,165,1.2484848484848485,0.041592522892181356,653,I'd like to add you to my LinkedIn network
1377,3461,10,21,134,165,1.2484848484848485,0.043333100749328016,653,"Ready for another Blood Lite? Ha ha, kidding. More blood?"
2193,3461,8,25,132,165,1.2484848484848485,0.041592522892181356,653,"How intriguing, can I poke in?"
3353,3461,6,29,130,165,1.2484848484848485,0.0397758507202781,653,His exquisite palate prefers AB-negative.
3789,3461,5,31,129,165,1.2484848484848485,0.038835659779569306,653,"So, is it a drinking problem?"
4459,3466,7,26,128,161,1.2484472049689441,0.04135801864898707,653,"Professor, the Jones’ son is taking your entomology class."
5990,3466,4,32,125,161,1.2484472049689441,0.03843912657581565,653,"He’s a vegan, Bob, I promise."
1826,3466,2,36,123,161,1.2484472049689441,0.03636326372599119,653,"Isn't she just adorable, I mean compared to a Tsetse fly."""
2898,3466,6,28,127,161,1.2484472049689441,0.0404084886504948,653,And Harold here is an all-around stickler -- a real Type AB positive kind of guy.
919,3466,7,26,128,161,1.2484472049689441,0.04135801864898707,653,We picked him up when we were on a cruise west on the Western side of the Nile.
1387,3466,7,26,128,161,1.2484472049689441,0.04135801864898707,653,"...and Buzz's new app predicts people's blood glucose levels based on an amalgamation of their medical, social media and credit bureau data."
835,3466,8,24,129,161,1.2484472049689441,0.042286232489106394,653,Excellent point about the wine.
328,3466,5,30,126,161,1.2484472049689441,0.039436102792547494,653,"And here he is! This is my husband, Buzz."
5571,3474,8,23,126,157,1.2484076433121019,0.04301252903945452,653,"Yes, I know--there's a green drink named after that hopper bug. But no one needs another one that starts with 'Bloody'."
5263,3474,6,27,124,157,1.2484076433121019,0.04107017189778616,653,It’s a Bloody Mary with Mesquite. It gives you quite a buzz.
5074,3474,6,27,124,157,1.2484076433121019,0.04107017189778616,653,Say hello to my friend Bugsy. I met him at the flea market.
5719,3474,5,29,123,157,1.2484076433121019,0.040063695565756244,653,"Surprisingly, not the least pleasant interaction of the night."
4421,3474,8,23,126,157,1.2484076433121019,0.04301252903945452,653,Rather than using insect repellent we distract her with a Bloody Mary
1921,3474,6,27,124,157,1.2484076433121019,0.04107017189778616,653,"Right you are! It's not human, but still a very good year."
4976,3474,4,31,122,157,1.2484076433121019,0.03903127444828684,653,Say hello to my South American friend.
3427,3481,6,26,121,153,1.2483660130718954,0.04176309353236026,653,This really isn't the time to ask for contributions.
22,3482,5,27,117,149,1.2483221476510067,0.0414086712909991,653,Would you like a hand with that?
93,3482,5,27,117,149,1.2483221476510067,0.0414086712909991,653,I like it but it  sips my drinks when I'm not looking.
985,3482,7,23,119,149,1.2483221476510067,0.04354385721569028,653,So that's where I am on climate change. Now my friend Ogahfu wants to show you where he is on the Hieronymus Bosch painting in the den.
4491,3485,6,22,109,137,1.2481751824817517,0.04489984787719984,653,I give you the mosquito toast: “To Paul Theroux”
1283,3486,9,31,158,198,1.2474747474747474,0.037507365621551894,653,How do you get enough protein on a liquid diet?
1706,3487,7,34,153,194,1.2474226804123711,0.03658828814591328,653,You didn't have to take off your shoes before coming in.
3542,3487,9,30,155,194,1.2474226804123711,0.038020188445794426,653,I thought you'd get a bloody mary?
5219,3489,7,32,147,186,1.2473118279569892,0.03759079134746951,653,"Woa, I’m all legs."
5880,3490,8,29,145,182,1.2472527472527473,0.03890993383512966,653,he only likes the red. Good to the last drop!
5010,3490,11,23,148,182,1.2472527472527473,0.04118399270031298,653,How could your penis only be that long?
613,3490,5,35,142,182,1.2472527472527473,0.03649444680179305,653,"Meet Marcy, genus fluid."
4204,3490,7,31,144,182,1.2472527472527473,0.038121780954712484,653,This is the Nothing But Nets fundraiser.  The phlebotomists  singles event is in the garden.
2242,3494,5,34,139,178,1.247191011235955,0.036996517661824525,653,"Now, let's get to the point."
3163,3494,10,24,144,178,1.247191011235955,0.041062661621548056,653,The Bloody Mary is actually made with Tyler.
3547,3494,5,34,139,178,1.247191011235955,0.036996517661824525,653,"Undertones of anise and overripe stone fruit with incipient notes of well-worn boot leather?  Guess I'll have to sample that O-positive after all - assuming it's organic, of course..."""
4754,3494,8,28,142,178,1.247191011235955,0.03948648167801395,653,I'm sorry for the misunderstanding.  It's called tomato juice - there is no bloody Mary.
4048,3498,5,33,136,174,1.2471264367816093,0.0375188758191713,653,"He was done with the baby business, so he moved to DC swamps"
807,3498,4,35,135,174,1.2471264367816093,0.03662274258816669,653,"I already asked dear, they don't have any pilsner glasses."
2492,3498,8,27,139,174,1.2471264367816093,0.040087259159242015,653,"And of course, Charlie is back to his old self after a nasty flu bug."
3762,3498,9,25,140,174,1.2471264367816093,0.04090756794231981,653,"Mmm.....Bloody Mary, my favorite"""
3968,3498,5,33,136,174,1.2471264367816093,0.0375188758191713,653,"Oh no, not wine for me, I asked for a martini stinger!!"
4479,3498,5,33,136,174,1.2471264367816093,0.0375188758191713,653,You must know all about checking for legs in that glass of wine!
4569,3498,5,33,136,174,1.2471264367816093,0.0375188758191713,653,Is that the A positive?
5417,3498,7,29,138,174,1.2471264367816093,0.03924980992113152,653,"I swear, the more you drink, the less hungry you'll get."
5666,3498,11,21,142,174,1.2471264367816093,0.04250071353596395,653,It's a red blend from The River Nile Winery.
5676,3498,10,23,141,174,1.2471264367816093,0.04171174754203893,653,I thought you were extinct! Glad you are back!
5839,3498,5,33,136,174,1.2471264367816093,0.0375188758191713,653,I want you to meet the Schultzes. Amanda's a birder and Brian's interest is bugs
5026,3509,7,28,135,170,1.2470588235294118,0.03984984408380814,653,"„He used to drink a lot, but people got sick of it.“"
5588,3509,6,30,134,170,1.2470588235294118,0.03896660659115111,653,And her cocktail of choice is the stinger.
4890,3509,4,34,132,170,1.2470588235294118,0.03713716656775238,653,What's the buzz on your end?
1567,3509,7,28,135,170,1.2470588235294118,0.03984984408380814,653,How’s the Petite Sarah?
2579,3509,8,26,136,170,1.2470588235294118,0.04071392535457735,653,"So I told the bartender, ""hey I can hold more than one drink."
1519,3509,6,30,134,170,1.2470588235294118,0.03896660659115111,653,My sister got West Nile last summer too.
11,3509,6,30,134,170,1.2470588235294118,0.03896660659115111,653,We're trying to make our tastings more diverse...
5457,3516,4,33,129,166,1.2469879518072289,0.03767304916858206,653,That's a brilliant point
5297,3516,5,31,130,166,1.2469879518072289,0.03863001402777619,653,And the mosquito obviously chose the Bloody Mary
5160,3516,7,27,132,166,1.2469879518072289,0.04047612486444019,653,Both Mother Theresa AND Ghengis Khan had malaria? Imagine that
971,3516,9,23,134,166,1.2469879518072289,0.04224163093794226,653,You look sad. May I suggest switching to a nice B-positive?
1029,3516,4,33,129,166,1.2469879518072289,0.03767304916858206,653,"Oh he knows Malaria, not Melanie."
138,3516,6,29,131,166,1.2469879518072289,0.03956383871559949,653,"The bartender here is fantastic. This is medium bodied, fruity, spicy, with a rich finish....He's a perfectly balanced O negative."
1858,3522,6,28,128,162,1.2469135802469136,0.04018755239832282,653,I was just explaining that you really prefer a nice Chianti.
5500,3522,7,26,129,162,1.2469135802469136,0.041130531286010255,653,A stinger is his beverage of choice.
406,3524,9,21,128,158,1.2468354430379747,0.04370075993240433,653,It’s totally fine if you have to buzz.
3134,3524,5,29,124,158,1.2468354430379747,0.03984035389320539,653,"Jesus, Lisa! You can't creep up on people like that."
3788,3524,3,33,122,158,1.2468354430379747,0.03776244812202925,653,"I'd like you to meet Mo, he's just flown up from Brazil"
6066,3527,9,20,125,154,1.2467532467532467,0.044483175849756494,653,"You look a little distant tonight, Buzz.  Oh my, sorry, I’m drinking Stoli Citronella."
4796,3527,3,32,119,154,1.2467532467532467,0.038333514145440326,653,Jeremy's into netting.
2288,3527,7,24,123,154,1.2467532467532467,0.04253220024914219,653,He’ll try and prick anybody after two drinks.
4956,3530,6,24,116,146,1.2465753424657535,0.04298899007208366,653,"No, I'm sorry. The Bloody Marys are all gone."
2440,3531,8,19,115,142,1.2464788732394365,0.0460036303396386,653,"No, it's a Margarita, not a mosquita!"
5549,3531,8,19,115,142,1.2464788732394365,0.0460036303396386,653,You'll like this - A fruity nectar with orange blossom floral notes.
761,3533,8,18,112,138,1.2463768115942029,0.04692106333606209,653,And this is Merv. He started out the evening in a Tequelia bottle.
816,3534,7,33,151,191,1.2460732984293195,0.03690811204149301,653,No not good......I think I have a virus!
2011,3535,7,32,148,187,1.2459893048128343,0.03741261337034227,653,"Yes, Bloody Marys are typically served in glasses."
5766,3535,11,24,152,187,1.2459893048128343,0.040369637901139906,653,"Not all lawyers are blood suckers, but..."
5126,3537,9,27,147,183,1.2459016393442623,0.039488117481737355,653,"Actually, my favorite drink is a Bloody Mary."
1061,3537,8,29,146,183,1.2459016393442623,0.03872030709943275,653,"It’s type O, vintage 1976.  We hpope you enjoy it."
602,3537,11,23,149,183,1.2459016393442623,0.04098060398536983,653,Do you want to switch it for a Bloody Mary ?
1169,3540,12,20,147,179,1.2458100558659218,0.042364502086435,653,You must be from Wisconsin.
3682,3540,8,28,143,179,1.2458100558659218,0.039289543678694624,653,"Anyway, bug bombs don't kill bugs- bugs kill bugs."
4347,3540,6,32,141,179,1.2458100558659218,0.03765802497747725,653,He makes a mean grasshopper.
5393,3540,4,36,139,179,1.2458100558659218,0.03595254438740809,653,You'll like this blend; it's got a good bite.
3410,3544,6,31,138,175,1.2457142857142858,0.03820018385356495,653,Who knew they even had a giant mosquito rescue center?
1155,3544,8,27,140,175,1.2457142857142858,0.039882539242502395,653,There's really no blood in a bloody mary.
1269,3544,5,33,137,175,1.2457142857142858,0.037330585335008805,653,It doesn't bite if you keep serving Bloody Marys.
2573,3544,5,33,137,175,1.2457142857142858,0.037330585335008805,653,So you’re off Bloody Mary’s now and just drinking red wine?
5604,3544,8,27,140,175,1.2457142857142858,0.039882539242502395,653,We have no blood. Will red wine do?
608,3549,6,30,135,171,1.2456140350877194,0.0387649947801712,653,I’m trying to make a point here.
878,3549,7,28,136,171,1.2456140350877194,0.03964245539710051,653,Moe is headed to France to sample the vitners.
2244,3549,6,30,135,171,1.2456140350877194,0.0387649947801712,653,Are you on the Atkins or Paleo diet?
2507,3549,6,30,135,171,1.2456140350877194,0.0387649947801712,653,He only drinks the finest vino hemo.
3536,3549,5,32,134,171,1.2456140350877194,0.03786720706234217,653,Meet my friend Aedes. She's tasting the red tonight.
4557,3554,9,23,135,167,1.2455089820359282,0.04201396446803484,653,I  thought you preferred a stinger?
5687,3554,6,29,132,167,1.2455089820359282,0.03935401643597681,653,I still don't understand why you only drink red wine
5705,3554,7,27,133,167,1.2455089820359282,0.04026019717457744,653,You know what they say about long legs
3259,3554,7,27,133,167,1.2455089820359282,0.04026019717457744,653,I thought you said this was the lifeblood of society!
825,3554,4,33,130,167,1.2455089820359282,0.03747597731691185,653,"George and Teresa, I'd like you to meet Anopheles.  He's an expert on the reds."
727,3554,4,33,130,167,1.2455089820359282,0.03747597731691185,653,She also drinks red wine.
444,3554,7,27,133,167,1.2455089820359282,0.04026019717457744,653,"So guys, this is what all the buzz is about!"
1568,3554,5,31,131,167,1.2455089820359282,0.038426471900896805,653,Are you “carrying “
544,3562,5,30,128,163,1.2453987730061349,0.03900996299338649,653,Am I FEELIN' this cosmo right now or should we all go camping?
802,3562,7,26,130,163,1.2453987730061349,0.04090547563374914,653,She's telling us that her wine doesn't have legs.
1624,3562,9,22,132,163,1.2453987730061349,0.04271695987428302,653,It's OK. We're Democrats.
2561,3562,7,26,130,163,1.2453987730061349,0.04090547563374914,653,"Morrie, allow me to introduce our latest recruit to the firm. He’s a bloodsucker too!"
3335,3562,5,30,128,163,1.2453987730061349,0.03900996299338649,653,"That cab has quite the nose, doesn't it?"
5365,3562,9,22,132,163,1.2453987730061349,0.04271695987428302,653,Spike was just saying he likes the legs on this red.
354,3568,7,25,127,159,1.2452830188679245,0.04158030007535752,653,Say hello to my other therapy pest.
2124,3569,5,27,119,151,1.2450331125827814,0.04092408026933852,653,So exactly how rare is the AB-negative vintage?
2811,3569,6,25,120,151,1.2450331125827814,0.0419890529381387,653,"I""M not telling him he can't have a drink!"
4511,3569,5,27,119,151,1.2450331125827814,0.04092408026933852,653,No thanks. We divested from Monsanto about five years ago.
4002,3572,12,24,160,196,1.2448979591836735,0.03970222033209691,653,His buzz was wearing off.
4798,3572,5,26,116,147,1.2448979591836735,0.04162373529739404,653,Please get the door - I called for a Swat Team ....
3011,3574,6,34,148,188,1.2446808510638299,0.036464173276384945,653,At least it isn't 55% DEET.
3047,3575,2,41,141,184,1.2445652173913044,0.03359125913078321,653,"Don't worry about Malaria, the Quinine in your drink will keep you safe."
1913,3576,8,28,144,180,1.2444444444444445,0.03909451710500634,653,"Ever since he switched to red, we haven't had a bite since."
2868,3576,6,32,142,180,1.2444444444444445,0.03747312069753541,653,My friend here invented the Grasshopper!
3445,3576,3,38,139,180,1.2444444444444445,0.03490007214204137,653,"And this is Bob, he can tell you all about Peter Parker."
5501,3576,7,30,143,180,1.2444444444444445,0.0382924016123675,653,Be careful if she starts talking about her empty nest.
3840,3580,7,29,140,176,1.2443181818181819,0.03885300226654263,653,"I really enjoyed ""Madame Butterfly"" too...."
3071,3580,9,25,142,176,1.2443181818181819,0.040489824832840374,653,"Jill here headed up our inter-species genetic modification serum development program, until her students punked her."
2072,3582,8,26,138,172,1.244186046511628,0.040290065019390094,653,Birds aren't permitted in this co-op so you don't need to worry.
2377,3582,5,32,135,172,1.244186046511628,0.03767347835352644,653,"Ah, here he is. Can I interest either one of you in Dengue or Yellow Fever?"
2919,3582,5,32,135,172,1.244186046511628,0.03767347835352644,653,"And as you can see, even the mosquitoes in this community are top class."
3580,3582,5,32,135,172,1.244186046511628,0.03767347835352644,653,This will really give you a buzz.
4725,3582,5,32,135,172,1.244186046511628,0.03767347835352644,653,Actually - I ordered a Bloody Mary
3824,3587,6,29,133,168,1.244047619047619,0.03914635138842723,653,Martha always brings her own bottle of red to drink…
4010,3587,7,27,134,168,1.244047619047619,0.04004650829293274,653,"Be a dear and stalk an olive for me, would you?"
5994,3587,6,29,133,168,1.244047619047619,0.03914635138842723,653,I love hosting parties where people cross-pollinate.
2635,3590,7,26,131,164,1.2439024390243902,0.04068281415552227,653,I’m on a no carb diet too!
4979,3590,5,30,129,164,1.2439024390243902,0.03880023156423543,653,Zork here apparently has that Fire in the Thorax.  He'll be announcing his bid  to become the  2020 Democratic nominee on Tuesday... .
3506,3590,7,26,131,164,1.2439024390243902,0.04068281415552227,653,"Classic Charlie, always going with a Red!"
2378,3590,7,26,131,164,1.2439024390243902,0.04068281415552227,653,This really sucks!
2129,3590,7,26,131,164,1.2439024390243902,0.04068281415552227,653,It makes sense you work in the Trump Administration.  Our president's a pest.
2890,3590,7,26,131,164,1.2439024390243902,0.04068281415552227,653,You should have seen the SIZE of these rats...
3744,3596,8,23,129,160,1.24375,0.042288016464218176,653,Gregor is not is usual self this evening
4647,3596,6,27,127,160,1.24375,0.04038618120193431,653,"Mmm, well... no, it was actually the Muscat wine I wanted to sample."
5100,3596,6,27,127,160,1.24375,0.04038618120193431,653,I totally get how life sucks.
6042,3599,4,30,122,156,1.2435897435897436,0.038981867719507075,653,"If we seem on edge, well, we still have trust issues."
4120,3600,6,35,152,193,1.2435233160621761,0.035823342337737006,653,Do you need a straw with that?
922,3601,8,21,123,152,1.243421052631579,0.043780790615302885,653,"It’s not our fault, you bit us, so then just deal with your alcoholism."
5942,3601,5,27,120,152,1.243421052631579,0.040685900502249725,653,"Have you met Gregor, Gregor Samsa?"
351,3601,7,23,122,152,1.243421052631579,0.04277404880485733,653,"No, we were saying we don't like the humidity."
3563,3604,8,30,151,189,1.2433862433862435,0.037812911828083356,653,"Yes, I try to be positive."
1378,3604,9,28,152,189,1.2433862433862435,0.0385500141536712,653,Time to meet a few people before you buzz off?
1685,3606,4,28,116,148,1.2432432432432432,0.040248380363222376,653,"Susan, what did you say your favorite kind of red was?"
3685,3606,5,35,145,185,1.2432432432432432,0.035974781468487975,653,Excuse me.  Is my Stinger spiked?
5728,3606,7,31,147,185,1.2432432432432432,0.03757251275688722,653,"Besides preferring red over white, how else has climate change affected you?"
1740,3609,6,32,143,181,1.2430939226519337,0.037289975564118956,653,"Oh, Sally, would you join us in a lovely bottle of type O negative? We've been saving it for a special occasion."
2745,3609,6,32,143,181,1.2430939226519337,0.037289975564118956,653,"Did you really have to ask, red or white?"
3501,3609,8,28,145,181,1.2430939226519337,0.038901375116860024,653,"...and this is Roger, my fiance. 
He's the one all the buzz is about."
308,3612,2,31,111,144,1.2430555555555556,0.038481430472854794,653,"I've never had a taste for crème de menthe, 
but Kyle always has a stinger."
724,3613,8,27,142,177,1.2429378531073447,0.03947917552769028,653,It’s wine. It’s WINE. It’s... wine.
1902,3614,8,26,139,173,1.2427745664739884,0.04008135806606818,653,"And this is my husband, Bill."
3227,3614,11,20,142,173,1.2427745664739884,0.04252240903097373,653,I don't want this martini I ordered a grasshopper.
1802,3614,8,26,139,173,1.2427745664739884,0.04008135806606818,653,I got him from the 'Adopt a Pest' agency.
1366,3617,7,27,135,169,1.242603550295858,0.03983502469756131,653,But they are the hosts.
1805,3617,5,31,133,169,1.242603550295858,0.03802557608223639,653,I’m glad to see you’ve gone vegan and switched from human blood to alcohol!
3202,3617,4,33,132,169,1.242603550295858,0.03708776156970467,653,Stop whining--we don't have Bloody Marys!
1584,3620,7,26,132,165,1.2424242424242424,0.04046251004639518,653,Welcome to Alaska!
1783,3620,9,22,134,165,1.2424242424242424,0.042249667208978256,653,"You've heard of Gregor Samsa, haven't you?"
3177,3620,9,22,134,165,1.2424242424242424,0.042249667208978256,653,Meet this years head of the National Flu Shot program
3418,3620,4,32,129,165,1.2424242424242424,0.03762293488329237,653,"That's strange, I don’t think we are serving a wine called B+"
5258,3620,8,24,133,165,1.2424242424242424,0.04136574125120958,653,"Okay,okay, you've made your point..."
5693,3620,5,30,130,165,1.2424242424242424,0.038592681420702664,653,"..Oh yes here's our Host now, Buzz meet Mal and Aria.."
1470,3626,9,21,131,161,1.2422360248447204,0.04296502759135717,653,He is a vegetarian.
1354,3626,3,33,125,161,1.2422360248447204,0.037150438578963135,653,I must apologize if my guests are bugging you.
3951,3626,7,25,129,161,1.2422360248447204,0.04111829389481637,653,"Come over and meet my friends! Don't worry, they won't get under your skin."
450,3626,6,27,128,161,1.2422360248447204,0.04016309675893653,653,Quite. I don't need a straw.
943,3626,7,25,129,161,1.2422360248447204,0.04111829389481637,653,You seem to have a buzz on.
2356,3631,3,32,122,157,1.2420382165605095,0.03769583725183891,653,So you like reds but not Mos-juitos?
223,3632,10,25,151,186,1.2419354838709677,0.0396559246952487,653,"Oh, good.  You found the bottle of blood."
2962,3632,3,39,144,186,1.2419354838709677,0.034142845400766404,653,"Frank and Rita, I'd like you to meet my friend Aedes, who just flew in from Egypt."
5025,3632,5,35,146,186,1.2419354838709677,0.035804736692178527,653,"A perfect Bloody Mary, you say?"
3430,3635,4,29,120,153,1.2418300653594772,0.039373036003404145,653,We’re still not sure how our inter-species marriage will impact our kids.
382,3636,6,32,144,182,1.2417582417582418,0.03710856554292327,653,If you can wait a second I will get you a straw.
2677,3637,3,37,138,178,1.2415730337078652,0.0350079384267383,653,It only looks like wine...
2711,3637,7,29,142,178,1.2415730337078652,0.038463952490163426,653,"Ready for another Bloody Mary, Mo?"
5861,3637,6,31,141,178,1.2415730337078652,0.03762971789818171,653,It's not alcohol but it's good. Thank you
2825,3640,12,18,144,174,1.2413793103448276,0.04307852578272565,653,This Bloody Mary should hit the spot.
1110,3640,4,34,136,174,1.2413793103448276,0.03639001565224627,653,"Mosquitos are not always a nuisance & can be quite social!"""
33,3642,7,27,136,170,1.2411764705882353,0.039625713500328376,653,"So we’re all keto, that’s something."
1729,3642,7,27,136,170,1.2411764705882353,0.039625713500328376,653,"Irv, Jen this is Bo. He's in cotton."
2447,3642,3,35,132,170,1.2411764705882353,0.03594082071006442,653,Rafe's in marketing. He helps clients move the needle.
3118,3642,9,23,138,170,1.2411764705882353,0.04134518664800852,653,So tell us Daphne - do you find the Cabernet as interesting as the human blood you'd normally be drinking at a party like this?
4600,3642,8,25,137,170,1.2411764705882353,0.04049457759607309,653,Shirley.  The Bakers also spend the winter in Palm Beach.
4435,3647,7,33,155,195,1.241025641025641,0.036235708394183594,653,You just don't get the point!
2322,3648,9,22,135,166,1.2409638554216869,0.042019765244015767,653,He really needs a straw!
4075,3648,6,28,132,166,1.2409638554216869,0.039326868941969476,653,And that's how you make a Grasshopper.
4789,3648,4,32,130,166,1.2409638554216869,0.03742410881401554,653,I see the Kafka diet is really working for you.
5820,3651,10,26,155,191,1.2408376963350785,0.038902505821328044,653,"You know Mr. Samsa. This is his cousin, Tim."
5006,3652,6,27,129,162,1.2407407407407407,0.03994240500744754,653,"Here, try a sip of this ""hearty"",""full-bodied"" red.  It is exquisite."
5225,3652,9,21,132,162,1.2407407407407407,0.04272516151032724,653,Did you steal my olives?
3519,3652,8,23,131,162,1.2407407407407407,0.04181815622408552,653,"You've all met Social Butterfly. This is her step-sister, Antisocial Mosquito. Don't offer to get fill up her drink. That's not wine."
474,3652,9,21,132,162,1.2407407407407407,0.04272516151032724,653,And Jiminy here knows everything there is to know about The Beatles.
972,3652,9,21,132,162,1.2407407407407407,0.04272516151032724,653,"Sorry, but straws aren't good for the environment."
1015,3652,5,29,128,162,1.2407407407407407,0.038970687467344535,653,Give him a chance he'll grow on you.
5702,3658,6,33,148,187,1.2406417112299466,0.036434091402820015,653,I hope you’re enjoying it-it’s type A cabernet!
55,3659,8,22,128,158,1.240506329113924,0.042526039797506444,653,"I love you"" is three jabs of the beak and ""I want to mate"" is two"
2519,3659,8,22,128,158,1.240506329113924,0.042526039797506444,653,'Most mosquitos prefer red.'
4992,3659,3,32,123,158,1.240506329113924,0.03748780849078623,653,and he never asks for a swizzle stick.
2159,3662,10,24,149,183,1.2404371584699454,0.040049196997285444,653,"Relax Sarah, I prefer blood with a lower alcohol content."
2716,3662,11,22,150,183,1.2404371584699454,0.04079200191832324,653,"I told Freud about my recurring dream of being Gregor Samsa, so he told me just because you're doomed doesn't mean you can't have a good time.....cheers!"
5647,3662,7,30,146,183,1.2404371584699454,0.037733148013332385,653,"Drinks in me...sorry, drinks on me tonight."
5736,3665,7,23,124,154,1.2402597402597402,0.04227548064677721,653,This is my other blood-sucking pest.
5275,3665,6,25,123,154,1.2402597402597402,0.04125934834788863,653,"I mean, alien lives matter too, right?"
3720,3665,9,19,126,154,1.2402597402597402,0.044237779550552296,653,I have two words for you: standing desk.
3749,3665,5,27,122,154,1.2402597402597402,0.04021755074925381,653,It's just that you already told us the vodka stinger joke.
730,3669,8,27,144,179,1.2402234636871508,0.0390837207153183,653,"Your drink is obviously a “Bloody Mary,” correct ?"
1107,3669,4,35,140,179,1.2402234636871508,0.03572750243721911,653,I feel the best I've felt in years. You should all think about giving up meat.
3742,3669,11,21,147,179,1.2402234636871508,0.04142281160021164,653,"Attractive nose, lots of legs, 86 points."
4198,3669,7,29,143,179,1.2402234636871508,0.03827226837169604,653,"No, it’s not actually nectar. That’s just what the mixologist calls it."
5264,3669,7,29,143,179,1.2402234636871508,0.03827226837169604,653,Let me introduce the owner of the gallery.
4240,3674,7,28,140,175,1.24,0.03883356765752401,653,"Well, Mark didn't have a snifter so I used this."
4645,3674,5,32,138,175,1.24,0.037103680235630467,653,"We knew the climate crisis would drive 
      your people inside, but … this."
5856,3676,6,29,136,171,1.239766081871345,0.03853598367697846,653,"Oh, we first met at the Anne Rice fan-club, right honey?"
5667,3676,5,31,135,171,1.239766081871345,0.03763273293753654,653,"Try her homemade red, it has a certain bite to it"
4619,3676,9,23,139,171,1.239766081871345,0.041126881558970166,653,"Let me introduce you to my lawyer, Mr. Bloodsucker"
1991,3676,6,29,136,171,1.239766081871345,0.03853598367697846,653,"Guys, I'd like you to meet Aedes. She's a big fan of bloody marys."
3213,3676,4,33,134,171,1.239766081871345,0.036707262751988795,653,"Dr. Brown, this is Moss Quito, a children's book character currently looking for an author. He had a strong tryout for ""How Disease Is Spread""  but a virus got the call. Perhaps you can adapt Moss for a medical book."
555,3676,3,35,133,171,1.239766081871345,0.03575784793774845,653,Our kids go to the same Charter school .
4320,3676,7,27,137,171,1.239766081871345,0.03941854243318433,653,'What's your favorite red wine?'  'AB+'
1796,3683,6,34,152,192,1.2395833333333333,0.035791949701952985,653,Can you recommend a good exterminator?
3063,3683,6,34,152,192,1.2395833333333333,0.035791949701952985,653,"Don't worry, he usually remembers some words after a few glasses of wine."
5520,3685,3,34,130,167,1.2395209580838322,0.03624538295773785,653,"Yes, I'd be glad to hold your glass while you sip your merlot."
5078,3685,4,32,131,167,1.2395209580838322,0.03722731057497699,653,Your points are well taken
1854,3685,6,28,133,167,1.2395209580838322,0.03911729012126524,653,"This is my friend Zika, he just got back from the Caribbean."
4601,3685,6,28,133,167,1.2395209580838322,0.03911729012126524,653,"Generous donors, hosts—-Sheila and Larry are all this and more."
876,3685,6,28,133,167,1.2395209580838322,0.03911729012126524,653,He prefers the AA crowd.
254,3685,7,26,134,167,1.2395209580838322,0.04002883027673873,653,This saves time verses trying to find someone with excessive blood alcohol levels
903,3685,5,30,132,167,1.2395209580838322,0.03818399559420824,653,Ignore them. They’re just mad at the bartender because they wanted stingers too
2268,3692,9,21,133,163,1.2392638036809815,0.042487912862297,653,"Frank and I are really made for each other.  He's a type A, and I'm Type B Positive."
2650,3692,8,23,132,163,1.2392638036809815,0.041587045787783626,653,Why do you always have a Bloody Mary?
12,3694,9,26,149,184,1.2391304347826086,0.0391000647701035,653,Perhaps you're related...Mosquito meet Moskowitz.
156,3694,5,34,145,184,1.2391304347826086,0.03593367417974381,653,"It has iron, protein, zinc...we all chipped in a little."
3145,3694,6,32,146,184,1.2391304347826086,0.036750856742374896,653,Mind if I have a sip of your bloody Mary?
5163,3697,5,28,126,159,1.2389937106918238,0.039359492019609005,653,"Agnes, do you have to argue with Jeff? Can't you at least agree that he has a point too?"
3306,3697,5,28,126,159,1.2389937106918238,0.039359492019609005,653,"Now you didn't bring any friends this time, did you? Last time everyone was itching to go home."
2029,3697,6,26,127,159,1.2389937106918238,0.040358160363694384,653,"Honestly, you're the best bloodsucker we've ever had at one of these parties."
459,3697,4,30,125,159,1.2389937106918238,0.03833481597897213,653,"If memory serves, a Bloody Mary with a half finger of Plutonium."
42,3701,10,23,147,180,1.238888888888889,0.040453580458025246,653,"No, my name is not Mary, and I am not a universal donor."
514,3701,4,35,141,180,1.238888888888889,0.03555351871881589,653,"This is Loretta, and yes, I initially only invited her here to set up a joke about a mosquito at a WASP party, but it turns out she also has some delightful Bill Engvall routines memorized and ready to recite!"
1566,3701,3,37,140,180,1.238888888888889,0.03466957523331377,653,Really Joan! You brought him to the CDC party.
5511,3701,8,27,145,180,1.238888888888889,0.03888888888888888,653,She's fine as long as she is drinking big reds.
516,3705,6,25,124,155,1.238709677419355,0.04102159093874264,653,"And no matter how much Merlot or Pinot I make him try, Henry just can't stay away from human blood."
1745,3705,5,27,123,155,1.238709677419355,0.03998729476451437,653,He makes a good point!
5654,3707,7,28,141,176,1.2386363636363635,0.03863636363636365,653,The straw ban is really harshing my mellow.
4690,3707,8,26,142,176,1.2386363636363635,0.03946775468628014,653,"Bloody Marys only in the morning, dear."
5673,3707,8,26,142,176,1.2386363636363635,0.03946775468628014,653,I'd like you to meet Nat. He’ll be teaching Western Nihilism.”
3621,3707,7,28,141,176,1.2386363636363635,0.03863636363636365,653,"Just one, though - more than two and she´s anybody´s."
4233,3707,4,34,138,176,1.2386363636363635,0.03602725912744582,653,Is that stinger made with brandy or cognac?
4526,3712,5,21,104,130,1.2384615384615385,0.044766466379273236,653,I'd like to introduce you to Jan. She just flew in from Brazil.
3459,3713,6,24,121,151,1.2384105960264902,0.04171659800800959,653,I see you're drinking their O'Positive. I hear it's to die for.
3961,3713,5,26,120,151,1.2384105960264902,0.0406444870629624,653,This claret is superb! I think its a type-O.
2135,3715,9,23,140,172,1.2383720930232558,0.040910828795788036,653,It sounds like you have an interesting story to tell.
2423,3715,6,29,137,172,1.2383720930232558,0.03833663449946048,653,How do you like your Bloody Mary?
2533,3715,7,27,138,172,1.2383720930232558,0.03921347983474019,653,Let's talk more after the meal.
5781,3715,4,33,135,172,1.2383720930232558,0.036519838892532366,653,So tell us your position on GMOs.
5833,3715,5,31,136,172,1.2383720930232558,0.03743925865640066,653,No one said you were being noisy !
3569,3720,11,24,158,193,1.238341968911917,0.039232527432126234,653,"Ok, Ok, I get the point""...."
5474,3721,8,24,136,168,1.2380952380952381,0.04070074746107804,653,"Oh hon, you forgot to put your human suit on."
5617,3721,10,20,138,168,1.2380952380952381,0.04241606821417886,653,A Toast to blood ties!
4383,3721,7,26,135,168,1.2380952380952381,0.039815384519815186,653,I think you have had enough Bloody Marys!
2422,3721,5,30,133,168,1.2380952380952381,0.03798279670589456,653,"John here is not an energy vampire, he is an energy mosquito. Less sexy, more annoying."
1277,3721,5,30,133,168,1.2380952380952381,0.03798279670589456,653,I assume you mean a blood orange cocktail?
770,3721,8,29,152,189,1.2380952380952381,0.03761945374034264,653,I hated him when we first met.
3232,3721,9,22,137,168,1.2380952380952381,0.0415672568654724,653,If you would just TRY a martini....
618,3728,9,26,150,185,1.2378378378378379,0.03890961502579027,653,It’s actually made with Mary’s blood.
3900,3728,6,32,147,185,1.2378378378378379,0.036574511913540594,653,We get your point
4800,3728,7,30,148,185,1.2378378378378379,0.03736909589880676,653,Why are you O-so Negative about this vintage.
6004,3728,6,32,147,185,1.2378378378378379,0.036574511913540594,653,"I'd stick with phlebotomy, it's Amazon-proof."
4487,3732,3,33,128,164,1.2378048780487805,0.036557298825473844,653,The unintended consequences of using a bio active insecticide.
5868,3732,4,31,129,164,1.2378048780487805,0.03756664473309039,653,What? He followed us home from the science museum!
2633,3732,3,33,128,164,1.2378048780487805,0.036557298825473844,653,He asked for a Bloody Mary.
2201,3732,6,27,131,164,1.2378048780487805,0.039508052276424614,653,"No, I'd be happy to hold your glass lower."
1406,3732,7,25,132,164,1.2378048780487805,0.04044382392608217,653,"It's not that you're bugging me, it's just that you're always sticking your beak into everybody's business."
568,3732,6,27,131,164,1.2378048780487805,0.039508052276424614,653,"Not only this, but she vacuums, folds laundry, cleans windows, and lays the most delicious eggs."
842,3738,6,22,115,143,1.2377622377622377,0.043211520370902166,653,"Charles, Meredith; I'd like you to meet one of my grad students from the Entomology Department. Not surprisingly he has an inflated opinion of himself."
1668,3739,8,27,146,181,1.2375690607734806,0.03869595099346353,653,It's locally sourced from the man by the TV.
808,3740,4,30,126,160,1.2375,0.03812374340644888,653,"Let me introduce you to Vlad and Zelda, our local vampires."
1453,3740,5,28,127,160,1.2375,0.03914123354624906,653,"You'd have to agree, that vintage conveys just a hint of mesquite."
1613,3740,5,28,127,160,1.2375,0.03914123354624906,653,"With all the stories about the Zika scare and all, we may just stay home this summer."
2238,3743,9,29,160,198,1.2373737373737375,0.037153580085064766,653,"Yes, I am a bird beak and I suppose you are a stuffed shirt."
3822,3744,5,32,140,177,1.2372881355932204,0.036733039642401065,653,Welcome to the Entomology faculty! We hope you’ll feel right at home here as an adjunct.
3515,3744,9,24,144,177,1.2372881355932204,0.040076446236178585,653,Who’s up for Hide and Zika?
4127,3744,5,32,140,177,1.2372881355932204,0.036733039642401065,653,The doctor is very involved in research to prevent malaria
2605,3744,8,26,143,177,1.2372881355932204,0.03926729182835934,653,"Excited to try out her new joke, Carol failed to notice the look of extreme thirst in Jerry's eyes."
974,3744,3,36,138,177,1.2372881355932204,0.03494157309845474,653,I’m surprised you didn’t have a Bloody Mary?
1437,3744,7,28,142,177,1.2372881355932204,0.0384411091430224,653,"He says he’s from Winnipeg, and he prefers the red."
219,3744,8,26,143,177,1.2372881355932204,0.03926729182835934,653,"My favorite singer? Skeeter Davis, who else?"
2329,3744,8,26,143,177,1.2372881355932204,0.03926729182835934,653,It’s a Pinot GrigiO-negative
3383,3752,6,25,125,156,1.2371794871794872,0.04078649800021505,653,Ay! Why does Mary's blood taste like tomato juice?
5550,3752,4,29,123,156,1.2371794871794872,0.038705457589905345,653,"One Bloody Mary, plain, no ice."
1297,3754,7,32,155,194,1.2371134020618557,0.03621006537693132,653,He's got A Positive outlook on life.
4372,3755,7,27,139,173,1.2369942196531791,0.03901049463713886,653,You must try her authentic version of a Bloody Mary.
648,3755,8,25,140,173,1.2369942196531791,0.03986266457425957,653,"This is my youngest, he's finally come out of his cocoon. 
Let's hope he doesn't suck the life out of the party."
4827,3755,5,31,137,173,1.2369942196531791,0.03724771162880831,653,The Smith’s want to know why I have to kill you after we have sex this evening.
184,3755,9,23,141,173,1.2369942196531791,0.04069699450924623,653,"I'm not against insects, just against insecticide regulation."
320,3755,10,21,142,173,1.2369942196531791,0.04151456006284188,653,We met online and just had so much in common!
4550,3760,7,22,123,152,1.236842105263158,0.04250852548658323,653,How’s my bloody Mary?
226,3760,6,24,122,152,1.236842105263158,0.0414709098441645,653,"Dr. Buzz flew in from the future to speak about global warming,"
40,3762,10,20,139,169,1.2366863905325445,0.04218786910494563,653,Another Bloody
1237,3762,7,26,136,169,1.2366863905325445,0.039604155908338316,653,"..and this is my friend Ramadan, we met when I was on that cruise along the Nile."
820,3764,6,32,148,186,1.2365591397849462,0.03639981008276936,653,I see you’ve switched to red wine.
1356,3764,6,32,148,186,1.2365591397849462,0.03639981008276936,653,I requested a brandy stinger.
2086,3766,8,19,121,148,1.2364864864864864,0.044314025996588666,653,"Stuart's been doing work on climate change adaptivity."""
886,3766,7,21,120,148,1.2364864864864864,0.043264352955627354,653,I think the climate changes have affected evolution of some species!
914,3766,4,27,117,148,1.2364864864864864,0.03995019707832988,653,"Dan was just kidding. He knows that an O-positive 
martini is too a thing."
3286,3769,5,29,131,165,1.2363636363636363,0.03834232269440075,653,And I’m sure you’ve heard all the buzz about Mo and his family who just moved into the neighborhood...
225,3769,7,25,133,165,1.2363636363636363,0.0402237910895572,653,"This is Jeff, he's a trademark and copyright lawyer."
265,3769,6,27,132,165,1.2363636363636363,0.03929431943180782,653,So..I met him at this bar in Brazil.
415,3772,6,31,145,182,1.2362637362637363,0.036894447704310294,653,"It’s not a Bloody Mary, why?"
888,3772,4,35,143,182,1.2362637362637363,0.03521043503871985,653,"Gender AND species? Well Helen, you have our full support."
1249,3772,7,29,146,182,1.2362637362637363,0.03770826221534447,653,He prefers O-!
2249,3772,6,31,145,182,1.2362637362637363,0.036894447704310294,653,Just put it on the bill.
2936,3772,7,29,146,182,1.2362637362637363,0.03770826221534447,653,No Bloody Mary for you today I see.
3222,3777,8,22,131,161,1.236024844720497,0.041810285769677824,653,"Careful, or he might just drink you under the table"
5230,3777,5,28,128,161,1.236024844720497,0.0389253226253006,653,Let's make a toast to calamine lotion!
4199,3777,7,24,130,161,1.236024844720497,0.04087126428909839,653,"No specific diet, I've just been eating like a bird."
4045,3777,7,24,130,161,1.236024844720497,0.04087126428909839,653,"So, what do you do for work?"
3004,3777,4,30,127,161,1.236024844720497,0.03791491777560574,653,"As I said, this pairs well with a light-bodied Pinot Noir!"
1285,3777,8,22,131,161,1.236024844720497,0.041810285769677824,653,Can I get you a straw?
649,3777,8,22,131,161,1.236024844720497,0.041810285769677824,653,"Mark just wanted a few sips of blood, but I wasn't letting him go, one thing lead to another and well, our fifth anniversary is in two months."
395,3784,8,26,144,178,1.2359550561797752,0.039068815724360335,653,Does the mesquite flavor really come from mosquitos?
2464,3784,8,26,144,178,1.2359550561797752,0.039068815724360335,653,"This isn't what we had in mind when you said he was a ""catch."""
4037,3786,6,25,126,157,1.2356687898089171,0.04055402635311177,653,"Your Bloody Mary ok, Skeeter?"
4877,3786,3,31,123,157,1.2356687898089171,0.03741191122442908,653,"For piercing social commentary, we always turn to you."
5400,3786,4,29,124,157,1.2356687898089171,0.0384877957123121,653,All I heard growing up was 'Why can't you be more like Gregor?'
4937,3789,5,31,138,174,1.235632183908046,0.037058064280572525,653,Jake here is our best bloodsucker but even HE didn't know the difference between an autocrat and a crime boss.
2363,3789,3,35,136,174,1.235632183908046,0.03521957683040056,653,"Well Henry, it’s your classic ‘catch 22’. Just because you’re paranoid doesn’t mean they’re not all after you!"
5563,3789,5,31,138,174,1.235632183908046,0.037058064280572525,653,Why not try...ouch!...the Bloody Mary
656,3789,6,29,139,174,1.235632183908046,0.03794391777713952,653,"You wouldn't know it, but she's the greatest blood sucker in Manhattan."
2106,3789,6,29,139,174,1.235632183908046,0.03794391777713952,653,"She use to be a real bloodsucker.  Now, after a drink or two shes, not such a prick."
5857,3794,11,23,157,191,1.2356020942408377,0.039421941092390854,653,Go easy on the Bloody Marys.
2645,3795,7,35,166,208,1.2355769230769231,0.0345703880921471,653,"Yes, it a red."
5509,3796,7,26,137,170,1.2352941176470589,0.03939511105824237,653,Hal is a genetic mosquito mutation.  Achieving human size wasn't that difficult...the big challenge was transitioning him from red blood to red wine.
5434,3796,6,24,123,153,1.2352941176470589,0.04122803788532132,653,What piqued you enough to come out as an anti vaxxer?
3841,3796,4,28,121,153,1.2352941176470589,0.03908647443633772,653,I was just telling Bob and Susan here about your little mishap at the Children's bloodrive.
3339,3796,7,26,137,170,1.2352941176470589,0.03939511105824237,653,"Tito, I want you to meet Frank.  You both have a lot in common.  Every time you get attached to someone, they go berserk and sweep you aside."
3277,3796,8,24,138,170,1.2352941176470589,0.04026895106115291,653,Have you tried the red?
4932,3796,6,28,136,170,1.2352941176470589,0.03850144323290976,653,"That was quite a stinger, er, I mean, zinger!"
1701,3796,7,26,137,170,1.2352941176470589,0.03939511105824237,653,"Turns out, he gets a better buzz when he cuts out the middle man."
1510,3796,5,34,148,187,1.2352941176470589,0.03542421349144178,653,So...your work as a phlebotomist doesn't really scratch that itch?
1286,3796,10,20,140,170,1.2352941176470589,0.04196207464025204,653,I've grown exponentially since I changed to only drinking from the exeragerated swamp left in the White House.
912,3796,2,32,119,153,1.2352941176470589,0.036820563002912844,653,That is not what I meant about biting commentary.
2557,3796,9,26,152,187,1.2352941176470589,0.03853412677819085,653,"If you sip it through your front teeth, it really lets you taste the tannins."
199,3807,5,33,145,183,1.2349726775956285,0.035887899880252774,653,Chateau Oxblood 92
412,3807,6,31,146,183,1.2349726775956285,0.036714991463871485,653,"Woah you're right, human blood is much better than Merlot"
4677,3807,8,27,148,183,1.2349726775956285,0.03831565057448946,653,"Ah, so that's why they call it a beaker."
5499,3807,10,23,150,183,1.2349726775956285,0.03985207095874182,653,"Maybe if you tried spreading good will, instead?"
1171,3811,5,29,132,166,1.2349397590361446,0.03813723484880302,653,I never realized what a social gadfly he is 'til now.
1803,3811,10,19,137,166,1.2349397590361446,0.04265613007003419,653,"That's so interesting, how do you spell Chikungunya?"
2580,3811,5,29,132,166,1.2349397590361446,0.03813723484880302,653,It’s a rare side effect of his malaria medication.  Fortunately the Bill and Melinda Gates Foundation sends him a gallon of fresh blood every week.
2834,3811,4,31,131,166,1.2349397590361446,0.03716758442224853,653,I am drinking a stinger but I didn't mean anything by it.
918,3815,3,29,117,149,1.2348993288590604,0.03855411172173174,653,Hmm...Roundup you say?
5591,3816,11,20,148,179,1.23463687150838,0.041223386918659545,653,"Guys, I would like you to meet Arthur.  He puts food on the table as a web designer."""
4167,3816,9,24,146,179,1.23463687150838,0.03967147882005105,653,"Meet the inventor of the ""grasshopper"""
409,3818,5,28,129,162,1.2345679012345678,0.038711722910830054,653,Oh there you are Robert. I was just telling everyone how we met at the aviary last summer.
1424,3818,3,32,127,162,1.2345679012345678,0.03667744563790985,653,"Keep drinking, humans.  I enjoy red wine."
3090,3818,9,20,133,162,1.2345679012345678,0.04248908607078985,653,He said he’s upset you both ignored the dress code for this party and came covered up.
3698,3818,4,30,128,162,1.2345679012345678,0.03770830484950707,653,"Ronald, take off that ridiculous mask."
6044,3822,8,29,155,192,1.234375,0.03709169991603824,653,Stanley's new memoir is generating quite a lot of buzz.
4504,3823,5,31,139,175,1.2342857142857142,0.03687028953044232,653,Think of it as my own personal straw.
5896,3823,3,35,137,175,1.2342857142857142,0.03504362081856076,653,"West Nile? New York."""
3248,3825,7,23,128,158,1.2341772151898733,0.04131175878720662,653,"No, I will not toast to a long life. Mine's very short."
3552,3825,3,31,124,158,1.2341772151898733,0.03720428461559976,653,Pinot Noir? I thought Bloody Marys were your go-to?
5998,3825,7,23,128,158,1.2341772151898733,0.04131175878720662,653,I don’t mean to be nosy but something’s been bugging me.
5320,3828,7,30,151,188,1.2340425531914894,0.03683571865661232,653,You're getting red wine from here on out. The guests are beginning to catch on.
4685,3828,7,19,115,141,1.2340425531914894,0.044606006692640324,653,Anyone interested in a Bloody Mary?
2046,3828,8,28,152,188,1.2340425531914894,0.037599992850851346,653,Go ahead and freshen up that Bloody Mary.
615,3828,7,30,151,188,1.2340425531914894,0.03683571865661232,653,"He’s not a Thermodynamic Drinking Bird, he just drinks."
1682,3832,6,28,137,171,1.2339181286549707,0.038300351429659284,653,"Having a grasshopper, are you?"
3653,3832,7,26,138,171,1.2339181286549707,0.03918821722456645,653,You make lousy Bloody Marys.
5076,3832,9,22,140,171,1.2339181286549707,0.04090617640954252,653,You must be a politician.
5431,3832,8,24,139,171,1.2339181286549707,0.04005640796232496,653,The bartender was out of Bloody Mary mix.
1,3836,6,24,124,154,1.2337662337662338,0.04098793538730796,653,"It's a delicious red blend, you'll have to try it."
4468,3836,4,28,122,154,1.2337662337662338,0.03886188327483504,653,"Meet Larry, whom I invited since he's a social insect"
5120,3838,9,21,137,167,1.2335329341317365,0.041564272623330296,653,I wanted mine in a tall glass
4489,3838,8,23,136,167,1.2335329341317365,0.040687146518449825,653,Too much red wine turns Arthur into an insect.
4282,3838,7,25,135,167,1.2335329341317365,0.039790690178998944,653,Val was just telling me about this amazing new blood fast she's been following.
3817,3838,7,25,135,167,1.2335329341317365,0.039790690178998944,653,I thought your favorite drink was a bloody Mary.
1415,3838,4,31,132,167,1.2335329341317365,0.03697112960463775,653,So what's better than a Bloody Mary?
1943,3838,4,31,132,167,1.2335329341317365,0.03697112960463775,653,"And this is Helen, my friend from Minnesota."""
2759,3838,6,27,134,167,1.2335329341317365,0.03887356631476411,653,"Yes, but don't you think we're all discriminated against?"
705,3838,3,33,131,167,1.2335329341317365,0.03598221167952577,653,The Smiths don’t understand your Kafka cosplay
151,3846,6,23,121,150,1.2333333333333334,0.041683441813290076,653,"Try the Red Blend, it’s delicious."
1033,3846,6,30,144,180,1.2333333333333334,0.03703807157669554,653,"It's not you, it's me."
1419,3846,8,26,146,180,1.2333333333333334,0.03867770984665455,653,I want to know all the buzz.
4869,3846,5,32,143,180,1.2333333333333334,0.03619040618298769,653,"Tiffany, is that you? Only one month on your new diet and you look fabulous! And you MUST tell me who did your rhinoplasty procedure!"
299,3850,7,24,132,163,1.2331288343558282,0.040419814806744635,653,He tends to poke his nose into private conversations
3483,3851,3,35,138,176,1.2329545454545454,0.034869358984441226,653,"Funny, I didn't notice you get a drink."
5585,3851,8,25,143,176,1.2329545454545454,0.03924980917993305,653,"Sorry, we’te “No straws, please” people"
1127,3851,6,29,141,176,1.2329545454545454,0.03755898548671179,653,"They say mosquito nets save lives, but at what cost?"
2692,3851,5,31,140,176,1.2329545454545454,0.03668436078025569,653,Have you made any plans for your nest egg?
2012,3855,6,22,118,146,1.2328767123287672,0.04241315101886642,653,He sleeps better when he has a few
5609,3855,7,20,119,146,1.2328767123287672,0.043512626795434106,653,Now let's see your magic trick.
1172,3857,5,27,127,159,1.2327044025157232,0.03909143333640367,653,I wouldn't mind getting buzzed.
3599,3857,7,23,129,159,1.2327044025157232,0.041077526119455005,653,"Paleo wasn't austere enough for Ewan, so now he's committing to the Pre-Cambrian Diet."
6030,3857,4,29,126,159,1.2327044025157232,0.0380595410428776,653,Dave's a sucker for a bowl of red wine
2880,3860,8,24,140,172,1.2325581395348837,0.03984605662505049,653,"Now, isn't that better?"
2617,3861,6,31,148,185,1.2324324324324325,0.03636114607317218,653,"Hey, you like sticking your nose into other people's business, you have to meet Brenda over here."
3864,3861,8,27,150,185,1.2324324324324325,0.03794261136131186,653,"Ronnie's joining us from the Minneapolis office."""
2979,3863,6,24,125,155,1.232258064516129,0.040750556591056655,653,"Well,as you may have heard,Ned,here,has caused quite the buzz around town."
4178,3864,5,29,134,168,1.2321428571428572,0.037733414133642146,653,I think he was just trying to make a point
3994,3864,4,31,133,168,1.2321428571428572,0.03677668477107789,653,"I'm never invited, but I can't pass up a good drink of red..."
818,3864,8,23,137,168,1.2321428571428572,0.040468117580017,653,"Such a connoisseur, but he stll prefers Bill's blood to a good Merlot."
1860,3864,7,25,136,168,1.2321428571428572,0.03957755097325211,653,And This Is A Stinger
2105,3864,5,29,134,168,1.2321428571428572,0.037733414133642146,653,"So, Cheryl tells me you're in buzz marketing?"
1491,3869,8,26,147,181,1.2320441988950277,0.03848502441133876,653,"...and Chuck, here, takes at least half the Eucharist literally."
2749,3870,7,27,143,177,1.231638418079096,0.038218726560733905,653,And you are having? .....I won’t ask
3869,3870,3,35,139,177,1.231638418079096,0.03469676812576415,653,Do you find it gives you more of a buzz than blood?
3925,3872,10,24,156,190,1.231578947368421,0.03871024476452695,653,"Any nits to pick, he’s your man !"
2642,3873,8,31,164,203,1.2315270935960592,0.03565095033776776,653,"It's a pleasure to meet you, Mr. Kafka!"
5888,3873,4,39,160,203,1.2315270935960592,0.03280086674190593,653,"hmmm... a different kind of buzz, you say?"
5789,3875,6,25,129,160,1.23125,0.039871920535256525,653,Careful flying home if you get buzzed on bloody Marys.
4669,3875,5,27,128,160,1.23125,0.038873560358790825,653,The worm in that bottle of Mezcal just grew up.
2941,3875,4,29,127,160,1.23125,0.037848875052863794,653,The say red wine is actually good for your hemolymph.
1849,3875,6,25,129,160,1.23125,0.039871920535256525,653,can I get a blood and tonic instead?
2056,3875,5,27,128,160,1.23125,0.038873560358790825,653,"Well, it works out: I do the child-rearing, she brings home the blood meals."
399,3875,5,27,128,160,1.23125,0.038873560358790825,653,"And I thought I was the blood sucker."" Melinda thought to herself as Susan pitched her third pyramid scheme of the night"
2805,3875,4,29,127,160,1.23125,0.037848875052863794,653,He's from south of the border - slipped through a crack in the wall.
2139,3882,6,28,139,173,1.23121387283237,0.037904268926601155,653,Let me introduce out guest speaker on the pros of only drinking 'reds'.
139,3882,8,24,141,173,1.23121387283237,0.03963786413407614,653,"Bloody Mary, Max, or Mindy?"
1072,3882,8,24,141,173,1.23121387283237,0.03963786413407614,653,"I'd like you to meet our new nanny, Malaria"
2022,3882,3,34,136,173,1.23121387283237,0.035143898438890285,653,"If you stick your drink in front of him, he'll bob right into it."
3842,3882,2,36,135,173,1.23121387283237,0.034174263157489525,653,He really loves very bloody Marie’s !
5287,3887,5,33,148,186,1.2311827956989247,0.035374502310086556,653,Can I get you something in a different glass?
83,3888,7,31,157,195,1.2307692307692308,0.03584831048185543,653,My favorite is Bloody Mary
4351,3888,5,32,145,182,1.2307692307692308,0.03583725089382372,653,"That's interesting, but what's the point?"
3551,3888,6,30,146,182,1.2307692307692308,0.036674532301339,653,"Unlike you, we don't bite."""
3002,3888,8,26,148,182,1.2307692307692308,0.03829421438431834,653,"""We like to swish it around in our mouths."""
2841,3888,8,20,128,156,1.2307692307692308,0.04250835936487808,653,"When I asked you for a drink, did you have to make it a Grasshopper?"
2362,3888,6,30,146,182,1.2307692307692308,0.036674532301339,653,"Yes! It is a gin-and-tonic.  And, I presume you are having a Bloody Mary?"
2348,3888,4,31,134,169,1.2307692307692308,0.036584220431205454,653,You want less nose and a fuller body?  Try the Cab!
2971,3888,2,26,102,130,1.2307692307692308,0.04018214571971751,653,"Gary and I are participating in a partner swap this month to raise money for charity! I'd say we're adjusting to it pretty well, aren't we Gary?"
1673,3888,3,33,133,169,1.2307692307692308,0.035608465375867364,653,"Sure you can drink as much as you want, just don't fly home drunk."
1556,3888,7,22,127,156,1.2307692307692308,0.04152406085578367,653,Thanks for joining our 'Save the Bog'  campaign!
1234,3888,4,37,154,195,1.2307692307692308,0.03356332942495252,653,... And you think you’re swamped!
1105,3888,5,26,125,156,1.2307692307692308,0.039481915582672035,653,OK. Who spiked my drink with malathion.
753,3888,8,23,138,169,1.2307692307692308,0.0402513937286372,653,She's very big into the Ani-vax movment.
685,3888,10,22,150,182,1.2307692307692308,0.03984811653142857,653,"OK, now stop bugging me"
1969,3888,6,30,146,182,1.2307692307692308,0.036674532301339,653,He prefers red wine to Mojitos.  I think it’s the color.
3312,3903,7,33,164,204,1.2303921568627452,0.034806931384570444,653,Always ready to drop in for a Bloody Mary...
933,3904,0,44,147,191,1.2303664921465969,0.0305474412265206,653,"We promissed him that if he'd quit blood and choose the door instead of windows, he could become one of us."
3109,3905,9,23,146,178,1.2303370786516854,0.03965996033767477,653,I’ve had earthier.
4050,3905,3,35,140,178,1.2303370786516854,0.0345258254292792,653,He would make the perfect pet if he could only handle his liquor better.
5645,3905,6,29,143,178,1.2303370786516854,0.03718161558861448,653,"I'm on the Moscato diet, we only dine at dusk."
5737,3905,8,25,145,178,1.2303370786516854,0.038851415442904054,653,"Now, you're sure Saturday Night Fever is the one that causes hallucination?"
270,3909,7,24,134,165,1.2303030303030302,0.03997804499490151,653,"John and Ree Pellent, please meet Mose Kito. I believe you have shared interests."
220,3909,8,22,135,165,1.2303030303030302,0.04089197857308644,653,"Thanks, but I meant a real Bloody Mary."
4747,3909,5,28,132,165,1.2303030303030302,0.03808443805020087,653,Your pointed inference does not work here.
5769,3912,6,23,123,152,1.230263157894737,0.04119003001210647,653,"Ya know, my blood type says I'm A Positive, but these days all I can do is be negative."
3876,3912,7,21,124,152,1.230263157894737,0.04223454685608581,653,"You met Harvey, my accountant?"
5358,3914,7,32,161,200,1.23,0.035237885048815976,653,I don't think this Bloody Mary is going to cut it...
750,3915,6,31,150,187,1.2299465240641712,0.0360139043585744,653,You're welcome here as long as you keep your sipper in your own glass.
5446,3915,5,33,149,187,1.2299465240641712,0.03520653775765141,653,"Well, we have been hitting the gym, going for walks and we drink strictly O positive now."
5674,3917,8,24,142,174,1.2298850574712643,0.03943179820768196,653,Do you mean your buzz is bigger than your bite right now
5510,3917,7,26,141,174,1.2298850574712643,0.038580123662788735,653,Our fly on the wall got outed so we’re trying something new  with Buzz here.
4213,3917,4,32,138,174,1.2298850574712643,0.03590408942822858,653,This is the worst Bloody Mary ever!
3768,3917,2,36,136,174,1.2298850574712643,0.03400326604253888,653,We've heard there's a big buzz around you.
4818,3917,8,24,142,174,1.2298850574712643,0.03943179820768196,653,"Egypt was fabulous. Really? The Nile was intoxicating. What part? Oh, mostly the West."
989,3917,5,30,139,174,1.2298850574712643,0.03681771863825234,653,"I mean, obviously the neighborhood has always been pro diversity."
869,3917,7,26,141,174,1.2298850574712643,0.038580123662788735,653,Perhaps our guest would be more comfortable with a Pilsener glass.
385,3917,7,26,141,174,1.2298850574712643,0.038580123662788735,653,Meet my student loans.
2253,3917,8,24,142,174,1.2298850574712643,0.03943179820768196,653,"This is my boyfriend, Mark. He's a politician!"
2179,3926,5,27,129,161,1.2298136645962734,0.03865804778789121,653,"Don't worry, he won't bug you."
2835,3926,5,27,129,161,1.2298136645962734,0.03865804778789121,653,...and how do you know the Baumwells?
3933,3926,7,23,131,161,1.2298136645962734,0.040616796548675164,653,Some of my best friends are attorneys!
4101,3926,4,29,128,161,1.2298136645962734,0.037640469009007915,653,"And this is your new upstairs neighbor Mr Harris, he works for the IRS."
659,3930,9,27,160,196,1.2295918367346939,0.037121847871595136,653,I would prefer a bloody mary
1853,3930,5,35,156,196,1.2295918367346939,0.03418650456500447,653,I thought you preferred second-hand wine
1965,3930,7,31,158,196,1.2295918367346939,0.035684371115201986,653,Mind if I try yours?
5554,3933,8,26,149,183,1.2295081967213115,0.038105253188950666,653,"Stick to your glass, O.K.?"
4683,3934,3,33,134,170,1.2294117647058824,0.03542440276208115,653,Can I get you Bloody Mary instead?
4261,3934,6,27,137,170,1.2294117647058824,0.038258714613444295,653,"Mark, you've got to shut up about Vector Marketing."
5876,3934,7,25,138,170,1.2294117647058824,0.03915792241867862,653,Let me introduce you to our host insect.
4990,3934,5,29,136,170,1.2294117647058824,0.03733785745859955,653,Thank you for choosing a Mosquito Bay vacation. Enjoy your lemon liqueur with a hint of citronella.
3009,3934,4,31,135,170,1.2294117647058824,0.03639370763366135,653,It's just what its called. It's just tomato juice. No 'Mary' involved.
1252,3934,7,25,138,170,1.2294117647058824,0.03915792241867862,653,Would you prefer a nice locally sourced blood?
2308,3934,7,25,138,170,1.2294117647058824,0.03915792241867862,653,I was just telling the Hornsbys that you were thinking of throwing your hat in the ring for 2020 !
1930,3934,5,29,136,170,1.2294117647058824,0.03733785745859955,653,I never called you a bloodsucker.
1751,3934,4,31,135,170,1.2294117647058824,0.03639370763366135,653,"I started out biting morning drinkers, but then decided it was safer going directly to the source."""
339,3934,6,27,137,170,1.2294117647058824,0.038258714613444295,653,"I disagree, Gregor. You're not an abomination, and I'm glad that you were born!"
2531,3934,4,31,135,170,1.2294117647058824,0.03639370763366135,653,Please meet the head of our infestation user experience team.
491,3945,4,28,125,157,1.2292993630573248,0.038202948199056584,653,Hey! You're the guy in the office!
1516,3945,7,22,128,157,1.2292993630573248,0.04128490284697449,653,"The tongue feel is good, but it doesn't have legs."
2224,3945,8,20,129,157,1.2292993630573248,0.0422623061416699,653,Can I interest you in a refill of your bloody Mary?
2891,3945,7,22,128,157,1.2292993630573248,0.04128490284697449,653,"And Zorg here, for obvious reasons, is having a Bloody Mary."
2686,3949,7,27,145,179,1.229050279329609,0.03783454067884032,653,"I don't care what you say, Lucille. I'm not going vegetarian."
4957,3950,8,22,136,166,1.2289156626506024,0.04066856609169572,653,Allow me to introduce you to our honorable pest.
4581,3950,5,28,133,166,1.2289156626506024,0.03787973359952879,653,She's okay with house red.
4092,3950,7,24,135,166,1.2289156626506024,0.03976069564063031,653,"-Brenda, Ted: this is Anopheles from Mozambique. He's settling down in NY .
-Muito obrigado...! Love this city!! Nice work with the weather."
1176,3950,9,20,137,166,1.2289156626506024,0.041556607393799676,653,I know what you mean.  You give one person the plague and all of a sudden you
4239,3950,8,22,136,166,1.2289156626506024,0.04066856609169572,653,I thought putting blood in a wine glass was the right thing to do.
4322,3955,6,34,161,201,1.228855721393035,0.03436439092403806,653,He’s a low-maintenance guest. Gets his own refills.
3051,3956,5,25,123,153,1.2287581699346406,0.03988365866615721,653,West Nile anyone?
5295,3957,6,31,151,188,1.2287234042553192,0.03584270418047568,653,"But I've been donating to your organization every summer since I can remember,and I've never gotten a tax receipt."
928,3958,9,22,144,175,1.2285714285714286,0.040056258818238655,653,"Thanks, but when I said red I meant red blood"
1164,3958,5,22,113,140,1.2285714285714286,0.042218607343789044,653,"Would you prefer another vessel?"""
2294,3958,8,24,143,175,1.2285714285714286,0.039227827183288294,653,I believe you know Zeke.
5871,3961,7,23,132,162,1.228395061728395,0.04039021702110284,653,I'm always bugged by the pretentious atmosphere at these parties.
5568,3961,5,27,130,162,1.228395061728395,0.038444858678485655,653,"So, do you have any annoying cousins?"
2792,3961,6,25,131,162,1.228395061728395,0.03942953708719213,653,and the grasshopper is our special drink of the day..
3648,3961,2,33,127,162,1.228395061728395,0.03532652615958942,653,"Mos, here, invented the Bloody Mary."
4843,3961,6,25,131,162,1.228395061728395,0.03942953708719213,653,"This is Phil, our resident party insect."
4577,3966,10,22,152,184,1.2282608695652173,0.03945347243573743,653,"Jen and Frank, meet my capitalist friend, Marcia."
1057,3967,4,26,119,149,1.2281879194630871,0.039405160524470954,653,"So, Ms. Mosquito, are you enjoying the Bloody Mary?"
3152,3967,6,22,121,149,1.2281879194630871,0.041643200154331726,653,It's the latest pet craze. Ed ordered it from Suriname.
3558,3969,5,29,137,171,1.2280701754385965,0.03714310185958428,653,"Hey, where did you get the red wine?"
2000,3969,5,29,137,171,1.2280701754385965,0.03714310185958428,653,"Well, yes, I do find it funny that you're drinking a Mojito."
3319,3969,7,25,139,171,1.2280701754385965,0.03895136602174896,653,"The next time you want a refill could you just ask the bartender for the bottled ""red?"""
1337,3969,10,19,142,171,1.2280701754385965,0.041516349355085025,653,I have nothing against whites.
120,3969,6,27,138,171,1.2280701754385965,0.038057975055904594,653,He especially likes the worm at the bottom of the drink.
1596,3969,6,27,138,171,1.2280701754385965,0.038057975055904594,653,Don't you just love Hal's Bloody Mary's?
3309,3975,8,28,157,193,1.2279792746113989,0.03672152236790695,653,Meet the exterminators. They can help you with your problem.
1264,3976,1,34,123,158,1.2278481012658229,0.034658623789067616,653,He gets pretty buzzed drinking all of my sangria
2597,3976,4,28,126,158,1.2278481012658229,0.03798811877682898,653,He said he wasn't gonna come but he's always a sucker for some red stuff!
3057,3976,7,22,129,158,1.2278481012658229,0.04104843643127968,653,I am here as the spokesperson for Bug Zapper.
3388,3976,8,20,130,158,1.2278481012658229,0.04201904078553265,653,Thanks for coming to my outdoor barbeque in July! Have you three all met?
5433,3976,5,26,127,158,1.2278481012658229,0.03903489238214848,653,Me? Director of Genetic Material Control. I keep the lid on what we do.
2641,3981,4,33,143,180,1.2277777777777779,0.0350848537386069,653,Can we accommodate your other arms with a drink?
2216,3981,4,33,143,180,1.2277777777777779,0.0350848537386069,653,"From the IV into the glass, it's that simple!"
1836,3981,7,27,146,180,1.2277777777777779,0.03764527461915776,653,"'Kept drinking, eventually evolved a straw.'"
404,3981,4,33,143,180,1.2277777777777779,0.0350848537386069,653,"And what's with the annoying sound, right?"
390,3981,4,33,143,180,1.2277777777777779,0.0350848537386069,653,...and Mr. Proboscis here has brought us a charming little nectar that I think you'll find diverting.
1727,3981,8,25,147,180,1.2277777777777779,0.03846088854385181,653,"I'm so sorry, how do you make a Bloody Mary in your culture?"
6020,3987,4,25,116,145,1.2275862068965517,0.040048853770538725,653,"Mr.  Skeeter, what kind of Reds do you perfer?"
859,3988,7,24,136,167,1.2275449101796407,0.03954565451888787,653,This is Michael. He’s new to wine.
862,3988,5,28,134,167,1.2275449101796407,0.037677168916225585,653,... And you think I'm a bloodsucker!?!?!?
915,3988,7,24,136,167,1.2275449101796407,0.03954565451888787,653,"Don’t worry, he’s in rehab."
1511,3988,7,24,136,167,1.2275449101796407,0.03954565451888787,653,"Howard's doctor moved him to red wine. 
 All those the Bloody Mary's were making him horribly bloated."
2117,3988,7,24,136,167,1.2275449101796407,0.03954565451888787,653,He likes a wine with a long finish.
2798,3988,2,34,131,167,1.2275449101796407,0.03468622863419477,653,He prefers to whet his beak with a nice Pinot Noir.
3878,3988,8,22,137,167,1.2275449101796407,0.04044754205412186,653,"Morty, tell that story about the tiny baby heads again."
4993,3988,2,34,131,167,1.2275449101796407,0.03468622863419477,653,"Good Bloody Mary, don't you think?!"
5662,3996,6,28,142,176,1.2272727272727273,0.037324955488830955,653,"Donna, how is the diet going?  Can I get you another O-lite?"
5171,3996,7,21,126,154,1.2272727272727273,0.04173750258099142,653,"Please join us, until you need a refill."
3037,3996,5,30,141,176,1.2272727272727273,0.0364447148062397,653,...or do you prefer reds?
2963,3996,7,26,143,176,1.2272727272727273,0.03818491020256925,653,She’s fundraising for the ban on plastic straws
2715,3996,6,28,142,176,1.2272727272727273,0.037324955488830955,653,Not to mention you're a 3-time regional champion of Twister!
347,3996,8,24,144,176,1.2272727272727273,0.03902592000342006,653,"You should come to our bookclub ""Gnats & Nietzsche"""
1532,4002,8,21,134,163,1.2269938650306749,0.04109813304698803,653,Where did you say you're from?
2496,4002,9,19,135,163,1.2269938650306749,0.042009485857206826,653,This if Fred -- he too a blood sucking lawyer.
4173,4002,5,27,131,163,1.2269938650306749,0.038233956816305814,653,This red lingers on my palate
4251,4002,6,25,132,163,1.2269938650306749,0.039211934610142204,653,...and this is our new neighbor - the first to entomologize the neighborhood.
4626,4002,7,23,133,163,1.2269938650306749,0.04016610732830603,653,Aedes here just moved from South America.
1651,4007,7,30,157,194,1.2268041237113403,0.035812476596306965,653,This glass of red doesn't suck.
4903,4008,7,25,140,172,1.2267441860465116,0.03874693792676702,653,Anything buzzworthy?
3792,4008,3,33,136,172,1.2267441860465116,0.03506176513929852,653,"A very Bloody Mary, I presume."
209,4008,8,23,141,172,1.2267441860465116,0.039614702506835624,653,"For some reason, our pet mosquito always chooses red."
1848,4008,5,29,138,172,1.2267441860465116,0.03695032187535087,653,"Sorry, we don’t use blood in our Sangria."
5557,4012,4,26,120,150,1.2266666666666666,0.039171128785758576,653,"See, I told you that somebody would appreciate our blood donations."
2396,4013,5,31,145,181,1.2265193370165746,0.03578150870667671,653,This is that creepy bloodsucker I was telling you about.
2768,4013,6,29,146,181,1.2265193370165746,0.0366292740786794,653,He only drinks Bloody Marys.
4516,4013,7,27,147,181,1.2265193370165746,0.03745785730305524,653,"I was just telling them I can't find my glasses, Jeffrey."
5686,4013,5,31,145,181,1.2265193370165746,0.03578150870667671,653,Drinking whiskey turns him into an animal.
5690,4013,7,27,147,181,1.2265193370165746,0.03745785730305524,653,What type of red is that?
2986,4018,6,24,129,159,1.2264150943396226,0.039827396390113845,653,THE COW I BIT ATE GENETICALLY MODIFIED CORN.
3082,4018,6,24,129,159,1.2264150943396226,0.039827396390113845,653,Sarah here is vegan too.
245,4020,12,19,159,190,1.2263157894736842,0.039934651804178954,653,"'Well, we're all about creativity here but I think I speak for us all when I say we prefer the conventional Bloody Mary'"
597,4020,5,33,152,190,1.2263157894736842,0.03471185484762704,653,I understand you're from the Bay area?
101,4022,7,24,137,168,1.2261904761904763,0.0393328859377852,653,And this is Spike from Internal Audit.
2490,4022,7,24,137,168,1.2261904761904763,0.0393328859377852,653,I finally got him to give up those silly experiments now if I can get him to give drinking.
5181,4022,6,26,136,168,1.2261904761904763,0.03841601120320939,653,Wine is just an OK replacement on the vegan diet.
5268,4025,5,23,118,146,1.226027397260274,0.0409736806720297,653,"Go ahead and ask, she won't bite you know."
4409,4026,11,18,148,177,1.2259887005649717,0.04123185503763648,653,This is Herschel.  He converted to Christianity and now only drinks the blood of Christ.
4481,4026,3,34,140,177,1.2259887005649717,0.034444958800127205,653,You guys have more in common than you might think.
2542,4026,8,24,145,177,1.2259887005649717,0.03882604620201935,653,Congrats on your metamorphosis. It's so meta.
3755,4026,3,34,140,177,1.2259887005649717,0.034444958800127205,653,I believe it's a merlot.
521,4030,2,31,122,155,1.2258064516129032,0.03609370467429963,653,And I thought that pinot your drinking has a long nose--
5059,4030,8,19,128,155,1.2258064516129032,0.0424909237424159,653,...and this is Franz Kafka's uncle.
1495,4030,4,27,124,155,1.2258064516129032,0.038344880730526554,653,"I just flew in from Florida, and, boy, are my arms tired!"
217,4030,2,31,122,155,1.2258064516129032,0.03609370467429963,653,"I'm ashamed to say it, but as a city girl, my exposure to insects has been rather limited."
2981,4034,3,38,154,195,1.2256410256410257,0.03254627031048736,653,I’ll drink to metamorphosis !
1703,4035,6,25,133,164,1.225609756097561,0.038996674843183914,653,I was afraid the tropics might be less civilized.
2500,4035,3,31,130,164,1.225609756097561,0.036004035212227316,653,Actually he's naturalized
4453,4035,7,23,134,164,1.225609756097561,0.039944428246155295,653,"The martini is quite good, but I see you’ve gone for a red."
5399,4035,8,21,135,164,1.225609756097561,0.04087020977435136,653,Your husband's already eaten?
975,4039,8,30,166,204,1.2254901960784315,0.03530833503097971,653,Hmm...looks like a Bloody Mary to me...
5753,4040,5,29,139,173,1.2254335260115607,0.036759488536947216,653,Don’t worry. He’s satisfied with the Bloody Mary.
2884,4040,4,31,138,173,1.2254335260115607,0.035833596838334064,653,I prefer the red Bordeauxs myself. I have a peculiar eye and taste for all things red.
4649,4040,10,19,144,173,1.2254335260115607,0.041077082091190445,653,How did the flies go with that Cabernet?
831,4040,6,27,140,173,1.2254335260115607,0.03766262514248898,653,"Diane, am I picking up some Mesquite flavour profiles on this wine?"
2037,4040,7,25,141,173,1.2254335260115607,0.038544606208253465,653,"No thanks, I switched from nectar because I heard red wine was heart healthy"
1026,4045,5,22,115,142,1.2253521126760563,0.041683633980763767,653,I'd like you to meet the inventor of the Stinger cocktail
3252,4046,4,33,145,182,1.2252747252747254,0.034743103563309716,653,It’s a good sangria.
4790,4046,8,25,149,182,1.2252747252747254,0.0380780030567678,653,Mark’s a top barister!
5816,4046,7,27,148,182,1.2252747252747254,0.03727226246012079,653,Sorry.  I forgot you prefer white.
1456,4049,7,22,131,160,1.225,0.040583402748122936,653,"Well we can see that ""the wall"" was no problem for your kind?"
4455,4050,5,28,136,169,1.2248520710059172,0.037278330134802244,653,"So I told him, jokes on you, I've got AIDS!...so how did you two meet?"
4637,4050,6,26,137,169,1.2248520710059172,0.03821146785683574,653,I think you'll find you have a lot in common
2110,4052,6,28,144,178,1.2247191011235956,0.036948288573843725,653,He has quite the nose for it
182,4052,1,38,139,178,1.2247191011235956,0.03236937083404571,653,"He is no lightweight, he has, like, 8 hollow legs."
5751,4052,10,20,148,178,1.2247191011235956,0.04023799096390474,653,It's called the Exterminator.
1560,4055,6,30,151,187,1.2245989304812834,0.03579551947562857,653,"Congratulations, that stagnant pond has immense possibilities."
3664,4056,8,17,122,147,1.2244897959183674,0.04402191739784427,653,"Really, a cab? and i had pegged you for a bloody mary"
4710,4056,3,27,117,147,1.2244897959183674,0.03836651418626481,653,Let me guess.  A Bloody Mary in a wine glass?
2192,4058,2,31,123,156,1.2243589743589745,0.03589078870277199,653,"Ted isn't ""just a pet,"" he's really become a member of the family."
241,4059,6,27,141,174,1.2241379310344827,0.037467954411586055,653,"And David, please meet my love bug Jerry."
728,4059,7,25,142,174,1.2241379310344827,0.038344339554150224,653,I thought a Stinger was usually served on the rocks.
2546,4059,6,27,141,174,1.2241379310344827,0.037467954411586055,653,Great nose job! How did you choose that shape?
2713,4059,7,25,142,174,1.2241379310344827,0.038344339554150224,653,I apologize--house red surely is a poor substitute for blood.
2778,4059,6,27,141,174,1.2241379310344827,0.037467954411586055,653,He likes to stay on point so pay attention.
2796,4059,5,29,140,174,1.2241379310344827,0.03657057341269634,653,"Oh, this must be Jim masquerading for something. He is a biologist, you know..."
2062,4065,8,25,150,183,1.2240437158469946,0.03788935766565772,653,let me guess-you are drinking a grasshopper
5346,4065,2,37,144,183,1.2240437158469946,0.03279188896744864,653,"Honey, please don't drink too much and embarrass me tonight."
794,4065,5,31,147,183,1.2240437158469946,0.035432410349633396,653,It’s  a mojito with three drops of blood.
3520,4068,5,26,130,161,1.2236024844720497,0.03838263072766544,653,"My, what a big straw you have!"
4871,4068,4,28,129,161,1.2236024844720497,0.037357550642721914,653,"If you’d prefer, I can get you a test tube."
5884,4068,5,26,130,161,1.2236024844720497,0.03838263072766544,653,She knows varieties you’ve never even heard of.
52,4071,7,24,139,170,1.223529411764706,0.03891402714932127,653,"He's not much of a drinker, he just wants to get his beak wet."
1142,4071,5,28,137,170,1.223529411764706,0.03708199321004141,653,I was a bit of an odd duck at your age too.
2063,4071,4,30,136,170,1.223529411764706,0.03613115796864638,653,Can I get you some fresh nectar.
3095,4071,4,30,136,170,1.223529411764706,0.03613115796864638,653,You know you really can’t hold any alcohol.
3165,4071,7,24,139,170,1.223529411764706,0.03891402714932127,653,Didn't you play for the Knicks?
5071,4071,3,32,135,170,1.223529411764706,0.03515461465982811,653,I've already explained to them how you're a roll-up-your-sleeves-  and-get-down-to-business kind of guy.
952,4077,6,28,145,179,1.223463687150838,0.03676273560729254,653,Change that martini for a grasshopper?
2607,4077,3,34,142,179,1.223463687150838,0.03410552203702601,653,"I would like to reassure you, Heather, that he only drinks Bloody Marys."
4314,4079,6,30,152,188,1.2234042553191489,0.03562464607261945,653,Have you met my friend Aedes Aegypti?
828,4079,5,32,151,188,1.2234042553191489,0.03481703770231501,653,Seth is still trying to perfect teleportation
1810,4081,7,30,160,197,1.2233502538071066,0.03532147607819449,653,And how is the sangria?
1551,4082,3,25,111,139,1.223021582733813,0.03960387405975209,653,Sorry...but I couldn't possibly serve merlot with a straw...
1089,4083,5,23,120,148,1.222972972972973,0.04047537202512589,653,We met online in the Twilight forum.
2259,4083,5,23,120,148,1.222972972972973,0.04047537202512589,653,"Carl flew in this evening, and came straight here to meet you."
3497,4083,4,25,119,148,1.222972972972973,0.039323365537744966,653,Isn’t this straw ban going to be a real inconvenience?
1656,4086,6,23,128,157,1.2229299363057324,0.040005232095600175,653,"Well, what's a little malaria among friends?"
4473,4086,7,21,129,157,1.2229299363057324,0.04101314316595286,653,"I think you'd be more comfortable joining fly, on the wall."
233,4088,6,25,135,166,1.2228915662650603,0.03857303757489668,653,"For some odd reason, this bugger only drinks moscato."
980,4088,7,23,136,166,1.2228915662650603,0.03950820899360252,653,"Not a Merlot, then?"" Well, what IS it?"
1705,4088,6,25,135,166,1.2228915662650603,0.03857303757489668,653,Meet the man who sucked you dry
1838,4088,7,23,136,166,1.2228915662650603,0.03950820899360252,653,This is my second Bloody Mary and I still don’t feel buzzed.
5534,4088,4,29,133,166,1.2228915662650603,0.03663114149871422,653,We may have stumbled on a shared genetic marker - Wine!
5790,4093,7,25,143,175,1.2228571428571429,0.03814610725192353,653,I’m sorry; New Jersey wine was the closest we could get.
1908,4093,5,29,141,175,1.2228571428571429,0.03638354859674456,653,"You're in luck, I don't smash on first dates."
2734,4093,5,29,141,175,1.2228571428571429,0.03638354859674456,653,That's a very pointed question!
46,4096,5,31,148,184,1.2228260869565217,0.03526034693046014,653,Did you say your name was Zeke?
3979,4097,6,28,146,180,1.2222222222222223,0.03657900096985356,653,I prefer the red
5576,4097,10,20,150,180,1.2222222222222223,0.03982858643833222,653,"Don't worry, Malarie brings her own"
5480,4097,4,30,137,171,1.2222222222222223,0.035943021240637286,653,He was sent by the commission on mosquito awareness to reframe the “mosquitos are annoying” stereotype.
4828,4097,4,30,137,171,1.2222222222222223,0.035943021240637286,653,Mr. Spiney will be working in our lowlands outreach.
4737,4097,8,24,148,180,1.2222222222222223,0.038238329001332214,653,Why do you always have to bug into other people’s conversations?
4648,4097,6,30,153,189,1.2222222222222223,0.03545536373197299,653,Have you tried the bloody mary?
4508,4097,7,26,147,180,1.2222222222222223,0.037417864161164195,653,No thank you. I don't care if you ARE the perfect stinger.
4354,4097,7,20,126,153,1.2222222222222223,0.04170248431848545,653,She inhales Merlot as if it was life blood.
3982,4097,4,28,130,162,1.2222222222222223,0.037151880838356854,653,How do you keep so thin?
3916,4097,6,20,118,144,1.2222222222222223,0.0423251516014429,653,What’s the buzz around the office?
1998,4097,8,22,141,171,1.2222222222222223,0.039586595892075846,653,"Yes, it's two parts brandy to one creme de menthe, but your glass is all wrong."
3039,4097,6,26,139,171,1.2222222222222223,0.03780872485437336,653,"I’m more of a red guy, myself."
2876,4097,5,28,138,171,1.2222222222222223,0.0368876703724877,653,"Excuse me, may I have a straw."
3590,4097,8,24,148,180,1.2222222222222223,0.038238329001332214,653,"That ""let me wet my beak a little"" line in Godfather II?  Mine."
1758,4097,10,18,143,171,1.2222222222222223,0.04128798219253785,653,He bites.
1732,4097,7,24,140,171,1.2222222222222223,0.038707869028378625,653,Stanley has become very successful in Big Pharma.
1343,4097,10,18,143,171,1.2222222222222223,0.04128798219253785,653,Have you seen Mary?
1296,4097,3,30,129,162,1.2222222222222223,0.036105138328580616,653,That’s funny; I can never bring myself to finish a bottle of mezcal for the same reason!
1130,4097,7,26,147,180,1.2222222222222223,0.037417864161164195,653,I only drink wine with long legs.
984,4097,6,28,146,180,1.2222222222222223,0.03657900096985356,653,Anopheliphobic we are not!
483,4097,7,20,126,153,1.2222222222222223,0.04170248431848545,653,Do you live in Florida year-round or are you just a snow bird?
1728,4118,7,27,151,185,1.2216216216216216,0.0367261571670108,653,Oh a Bloody Mary you must be expecting.
13,4119,3,33,140,176,1.2215909090909092,0.03435772212556612,653,Red wine does go well with beefsteak...and with buffalo carcasses.
1267,4119,6,27,143,176,1.2215909090909092,0.037084474709274375,653,"Don’t worry Dennis, my perfume is DEET-free."
3298,4119,7,25,144,176,1.2215909090909092,0.037949879175010234,653,"Yeah, the malaria stock is up 5%."
5553,4119,5,29,142,176,1.2215909090909092,0.03619838669785914,653,Another worm for that tequila?
1857,4123,6,25,136,167,1.221556886227545,0.038364588954525436,653,You are what you drink.
1887,4123,7,23,137,167,1.221556886227545,0.039293594294012045,653,"Sorry, he didn't really mean anything by ""snootful."""
3807,4123,7,23,137,167,1.221556886227545,0.039293594294012045,653,... and that’s how we met.  He’s been sticking it me ever since.
3866,4123,5,27,135,167,1.221556886227545,0.03741252221859647,653,"It's an open bar, you could have a glass in each arm!"
4970,4127,5,25,128,158,1.2215189873417722,0.03874951939947326,653,"No,no,go on...I'm sure they'd  love to hear the story of why you rarely drink."
4575,4127,7,21,130,158,1.2215189873417722,0.04077715737832947,653,Oh! I see you've ordered the Bloody Mary!
453,4127,5,25,128,158,1.2215189873417722,0.03874951939947326,653,"He's no connoisseur, but he loves gallery openings."
2050,4127,5,25,128,158,1.2215189873417722,0.03874951939947326,653,This is one of our oldest friends. We’ve known him when he was crawling around on the carpet.
4043,4127,4,27,127,158,1.2215189873417722,0.03769482190708304,653,They should be coming around with something to bite on.
3854,4132,4,25,120,149,1.221476510067114,0.039087215432839176,653,"Your’s is wine...but you don’t mind that ours’ is tonic, do you? It’s nothing personal..lthe quinine...it’s antimalarial."
4940,4133,4,23,113,140,1.2214285714285715,0.04063708625538447,653,Don't be silly.  Of course you can make the toast.
3104,4134,4,32,145,181,1.2209944751381216,0.034669455987477255,653,"Fred here works in the, um, biomedical field...something to do with blood...?"
3154,4134,11,18,152,181,1.2209944751381216,0.040394091868772825,653,And this is my baby daddy longlegs.
5109,4134,8,24,149,181,1.2209944751381216,0.03804629542133843,653,We started our seven-year itch early.
466,4137,6,26,140,172,1.2209302325581395,0.037610461618548335,653,"So, global warming is GOOD for you and not a negative and and and so no migration ... !!"
1240,4137,6,26,140,172,1.2209302325581395,0.037610461618548335,653,The kids never call me either.
1367,4137,5,28,139,172,1.2209302325581395,0.036695331680691286,653,You will enjoy the Smiths. They have a grub farm.
5367,4140,8,20,135,163,1.2208588957055215,0.04084295072650373,653,"It isn’t the healthiest relationship, but the chase is amazing!"
4977,4140,4,28,131,163,1.2208588957055215,0.036948412359557335,653,"I know you guys are skeptical, but I’m trying out this new approach to uninvited guests..."
4545,4140,6,24,133,163,1.2208588957055215,0.038944394975012134,653,Moe here just became vegan!
1134,4140,5,26,132,163,1.2208588957055215,0.03795952499611685,653,No!  You know the agreement for you to stay here is two glasses of blood and no human sucking!
4966,4140,7,22,134,163,1.2208588957055215,0.039904965380371915,653,"It just sort of happens when you make partner now. Cool, right?"
2498,4145,6,22,126,154,1.2207792207792207,0.040419195140106126,653,"So, your here to talk to the HOA about environmental harm posed by certain insect repellents."
5056,4145,7,20,127,154,1.2207792207792207,0.04145592567531924,653,"Don't you dare, these are MY olives!"
5153,4145,2,30,122,154,1.2207792207792207,0.03597473536357872,653,"Meet Skeeter; he may look like a lightweight, but he can sure suck down the red liquids."
5582,4148,4,35,156,195,1.2205128205128206,0.03312834752802872,653,A few more drinks and you'll be surprised how much you and Mr Gregor Samsa have in common.
1000,4149,8,25,153,186,1.2204301075268817,0.03733429555862799,653,I prefer this fine Pinot to that nasty tasting blood my cohorts drink.
2280,4149,5,31,150,186,1.2204301075268817,0.03492107828454885,653,Bar none... I will argue ‘67 produced France’s consummate Type-AB’s.
2666,4151,7,25,145,177,1.2203389830508475,0.037755625769599045,653,Bloody Marys next?
2082,4151,10,19,148,177,1.2203389830508475,0.04022550538423775,653,"'Hmm. . . Argentine, aged nine years, maybe ten, aaand type A?'"
19,4151,5,29,143,177,1.2203389830508475,0.036015060828470905,653,He gets a real buzz off of one drink.
1207,4151,7,25,145,177,1.2203389830508475,0.037755625769599045,653,So -- we're the first vampires you've met?
841,4155,6,25,137,168,1.2202380952380953,0.038158340772292305,653,I think he might be asking for a straw.
5860,4155,6,25,137,168,1.2202380952380953,0.038158340772292305,653,Harry here practices out of The Bayou
2786,4157,8,17,125,150,1.22,0.04321529267808789,653,Mine is blood on the rocks
3589,4157,3,27,120,150,1.22,0.03768466834387587,653,"And this is my good friend and '60's crooner, Ms. Skeeter Davis."
2433,4159,6,26,141,173,1.2196531791907514,0.037414229191567956,653,Surely you remember Mr. Brady... he threw 29 touchdowns last year before coming down with the West Nile virus
5516,4159,10,18,145,173,1.2196531791907514,0.040849453931502334,653,"No, I don't want to try your blood of Mary."
1847,4159,8,22,143,173,1.2196531791907514,0.03916951896884303,653,Did you spike my drink?
1716,4159,6,26,141,173,1.2196531791907514,0.037414229191567956,653,Where are your shoes?!
1177,4159,2,34,137,173,1.2196531791907514,0.03362991533584972,653,You’ve met the Johnsons.
1835,4159,6,26,141,173,1.2196531791907514,0.037414229191567956,653,One more for the toad!
2150,4165,4,28,132,164,1.2195121951219512,0.036747111160575316,653,Mary’s actually a blood relative of both Elvis and Muhammad Ali.
2182,4165,5,26,133,164,1.2195121951219512,0.037751382461241274,653,He's still learning the nuances of wine tasting.
3406,4165,7,22,135,164,1.2195121951219512,0.039683753299170024,653,Can I get you more Sangría?
4271,4165,4,28,132,164,1.2195121951219512,0.036747111160575316,653,"So, this is the blood sucking boy freind of yours?"
1746,4169,6,20,120,146,1.2191780821917808,0.04179843515470749,653,"Mr. & Mrs. Jones, I'd like you to meet our friend, Malaria."
5754,4169,3,26,117,146,1.2191780821917808,0.03825819190073683,653,"Initially, there was a moment of confusion when she asked for a stinger."
2149,4171,6,27,145,178,1.2191011235955056,0.03670862147011238,653,I'll trade you for a Bloody Mary.
1904,4171,7,25,146,178,1.2191011235955056,0.037563318041738646,653,"I hope you didn't mind, Mary. I went ahead and made myself a cocktail."
1771,4171,3,33,142,178,1.2191011235955056,0.03401592236041173,653,"Why yes, I do make a killer Bloody Mary!"
643,4171,4,31,143,178,1.2191011235955056,0.03493655601369962,653,Wet your own beak!
897,4171,3,33,142,178,1.2191011235955056,0.03401592236041173,653,I'll have to ask you to leave.  This is an invitation only garden party.
1106,4171,5,29,144,178,1.2191011235955056,0.0358335445939581,653,"Yes, I can see you are Daddy Long Legs but how do you know the host?"
21,4171,7,25,146,178,1.2191011235955056,0.037563318041738646,653,...and Tristan here is an editor at Veinity Fair.
85,4178,4,29,136,169,1.2189349112426036,0.03605053447099887,653,"Been in the neighborhood for generations, you say, oh that's nice"
469,4178,4,29,136,169,1.2189349112426036,0.03605053447099887,653,"You serve a great Bloody Mary, Mary."
1522,4178,5,27,137,169,1.2189349112426036,0.03701463783126026,653,"Actually, I prefer my martini without the Zika"
2070,4178,6,25,138,169,1.2189349112426036,0.03795425920649814,653,Let me introduce Nichele-- her palate for hearty reds is unmatched among our friends!
2134,4178,5,27,137,169,1.2189349112426036,0.03701463783126026,653,Zika!? I hardly know her!
3375,4178,5,27,137,169,1.2189349112426036,0.03701463783126026,653,No need to worry. Our diversity rules specifically allow right-handed​ members.
3423,4178,7,23,139,169,1.2189349112426036,0.03887117402457423,653,"Actually, I prefer a Bloody Mary to a Margarita."
4296,4185,4,27,129,160,1.21875,0.037273292704785334,653,You call this full-bodied?
3559,4185,6,30,156,192,1.21875,0.03495684980325801,653,Another stiff one?
5064,4185,5,32,155,192,1.21875,0.03416787711217263,653,I used to say I have two left feet!
2212,4185,6,23,131,160,1.21875,0.03932595902783707,653,It's a hearty O-negative with a bite of nitroglycerin.
3193,4185,4,27,129,160,1.21875,0.037273292704785334,653,"What makes you think I should cut back on the mojitos"""
315,4190,6,28,149,183,1.2185792349726776,0.03603845042948517,653,"Jill and Tim, this is my boyfriend Bbzzz-ta't he's a lawyer and he buys patents"
2252,4190,7,26,150,183,1.2185792349726776,0.03686216420308999,653,"And this is my friend, Malaria.  She is from the the West Nile. Don't worry she doesn't bite"
3650,4192,5,23,123,151,1.218543046357616,0.03974981331690023,653,"For God Sake Frank, no, it is not blood or nectar, this is a cocktail party."
5308,4192,7,19,125,151,1.218543046357616,0.04191238600019715,653,"Really, red wine that's surprising."
3667,4194,5,28,141,174,1.2183908045977012,0.03631648978421153,653,Mr. Mosca oversees resource extraction and fracking operations for the Culex Group.
4467,4194,6,26,142,174,1.2183908045977012,0.03721999729046228,653,When given the choice I prefer a longer flute.
5964,4194,5,28,141,174,1.2183908045977012,0.03631648978421153,653,I'm the product of my mother Charlotte's affair with a stork. You can read about it in Charlotte's Web: the untold story.
1658,4197,5,21,116,142,1.2183098591549295,0.04134899037949917,653,He really shouldn't be drinking
2521,4198,7,29,161,197,1.218274111675127,0.03511617117564395,653,"Say, Isn't that mine"
4978,4198,7,29,161,197,1.218274111675127,0.03511617117564395,653,"No, seriously, I don't have to order Bloody Marys anymore."
5955,4200,3,30,132,165,1.2181818181818183,0.035522420673284934,653,"No, I will spearhead the meeting."
5216,4200,1,34,130,165,1.2181818181818183,0.03337697874995637,653,"I do hope you're enjoying that Sauvignon Blood."""
693,4200,5,26,134,165,1.2181818181818183,0.037545466177750446,653,"I don't know why people say that, I think lawyers are just fine people."
4403,4200,4,28,133,165,1.2181818181818183,0.03654794386141595,653,We say 'That really humans me' when we're annoyed
1882,4204,8,18,130,156,1.2179487179487178,0.041968588626943575,653,And where did you get your law degree?
3116,4204,4,26,126,156,1.2179487179487178,0.03782208994202261,653,I said insect a side not insecticide
4643,4204,7,20,129,156,1.2179487179487178,0.04097132467224882,653,He switched from blood to wine and look what happened.
5496,4204,4,26,126,156,1.2179487179487178,0.03782208994202261,653,"Since he arrived, we have had no problems with mice, rats, or ants!"
5911,4204,3,28,125,156,1.2179487179487178,0.0367123617007086,653,Is that what you usually drink?
2285,4209,7,25,147,179,1.217877094972067,0.037372927544765004,653,The wine is nice but I'm unimpressed by its legs
3993,4209,8,23,148,179,1.217877094972067,0.038203486907664994,653,Don't you like your Bloody Mary?
2459,4211,6,25,139,170,1.2176470588235293,0.03775231110156769,653,Jeremy here is originally from Texas.
5828,4211,3,31,136,170,1.2176470588235293,0.03487686999555318,653,"Let's have a toast, for the condo association's new beneficial predator."""
4317,4211,5,27,138,170,1.2176470588235293,0.036818790708485705,653,I hear the owner is bleeding this place dry
331,4211,4,29,137,170,1.2176470588235293,0.03586097746800825,653,"So how do you drink that, anyway?"
1410,4211,4,29,137,170,1.2176470588235293,0.03586097746800825,653,It’s the latest in decanting
3637,4216,5,25,131,161,1.2173913043478262,0.03809889486455061,653,You tell the Cape story better than I do.
1736,4216,2,31,128,161,1.2173913043478262,0.034908545304003946,653,"Well, it's red at least."
2735,4216,2,31,128,161,1.2173913043478262,0.034908545304003946,653,"Why yes, my name does happen to be Mary."
3261,4216,3,34,147,184,1.2173913043478262,0.033284747716755145,653,"Nonetheless, you should swirl, not stir."
5744,4216,7,21,133,161,1.2173913043478262,0.040084975901273426,653,Of course Buzzy is not drinking a Bloody Mary.  Whatever would make you think that?
5374,4221,7,24,144,175,1.217142857142857,0.03790428331834743,653,What exactly do you mean by “pointless cocktail conversation?”
680,4221,5,28,142,175,1.217142857142857,0.036129929475352866,653,"Are you having the pinot or the cabernet?""
""It's a middle-aged Woman with O-negative."
6039,4223,4,25,123,152,1.2171052631578947,0.03839513514423931,653,"Cheer up Larry, you'll get another job. Theranos doesn't know what they're missing."
5030,4223,6,21,125,152,1.2171052631578947,0.04060127035236401,653,"Malaria,my lady?"
2538,4223,6,21,125,152,1.2171052631578947,0.04060127035236401,653,It was kismet.  I was pulling laundry from the dryer and he crawled out from the shadows.
231,4223,3,27,122,152,1.2171052631578947,0.037243093681966384,653,"Ironically, we met on match.com."
3487,4223,7,19,126,152,1.2171052631578947,0.041660551244149774,653,Oh heavens no! I can’t be a speciest. Some of my best friends are blood sucking beasts from other worlds.
690,4228,5,31,153,189,1.216931216931217,0.034423992511564215,653,He’s great till he wants to give you a kiss
1311,4228,6,29,154,189,1.216931216931217,0.03523206708051733,653,"No, darling, I told them. You spell it Z-I-Q-A."
4135,4230,6,24,136,166,1.216867469879518,0.03830698385681843,653,"A tad anemic, don't you think?"
2965,4230,2,32,132,166,1.216867469879518,0.03428334306475103,653,Yours is a 2005 Grand Cru Type O
5587,4230,5,26,135,166,1.216867469879518,0.037341741551228755,653,I was hoping one of you would have ordered a Bloody Mary.
821,4230,3,30,133,166,1.216867469879518,0.03533223686413296,653,I finally got him to pick up the drink from the floor and stop bobbing his beak into it.
535,4230,3,30,133,166,1.216867469879518,0.03533223686413296,653,Pardon me while I sip.
2343,4230,7,22,137,166,1.216867469879518,0.03924849503273128,653,"Yes, it is a Stinger, ..and what have you got there a Cab?"
32,4236,5,29,146,180,1.2166666666666666,0.035475837853167526,653,Hmm.. An older vintage than I usually go for.
2948,4236,6,27,147,180,1.2166666666666666,0.03634017498327467,653,I also have two varieties of red.
4128,4236,7,25,148,180,1.2166666666666666,0.03718442636703988,653,"Have you seen the light? Haha, right there behind you. It is magnificent..."
5643,4236,4,31,145,180,1.2166666666666666,0.034589909293801936,653,"Yeah, doctor says it isn't permanent."
6055,4236,5,29,146,180,1.2166666666666666,0.035475837853167526,653,You should see what he can do with the cocktail cherries.
998,4241,6,22,129,157,1.21656050955414,0.039718171927335184,653,"Well, I say “When life gives you lemons, make citronella”."
2975,4241,4,26,127,157,1.21656050955414,0.03760604401679526,653,I hate it when he gets a snoot-full.
4179,4243,6,25,140,171,1.2163742690058479,0.037552463952568615,653,Cindy!  How was your chat with the host?
3362,4243,5,27,139,171,1.2163742690058479,0.03662496551949997,653,How long a straw?
5718,4243,5,27,139,171,1.2163742690058479,0.03662496551949997,653,"No thanks, I asked for a Black Russian not a Black
Flag."
422,4243,4,29,138,171,1.2163742690058479,0.0356733605047262,653,Jeff's an importer/exporter. Any chance you're familiar with the West Nile Virus?
700,4243,7,23,141,171,1.2163742690058479,0.0384576000097948,653,It's called a Nosferatu
2374,4248,7,26,152,185,1.2162162162162162,0.036500628325222786,653,"Naturally, she prefers red wine."
82,4249,1,33,128,162,1.2160493827160495,0.033595855811090154,653,The cover charge here is going to be an arm and a leg!
736,4249,3,29,130,162,1.2160493827160495,0.03580564201187589,653,I thought mosquito was Spanish for 'little fly?'
824,4249,4,27,131,162,1.2160493827160495,0.0368608903308661,653,I'd like you to meet George. He has such a refined palate.
969,4249,4,27,131,162,1.2160493827160495,0.0368608903308661,653,I hope you won't think of me as cannibalistic for sipping a grasshopper.
1938,4249,5,25,132,162,1.2160493827160495,0.037886758532311306,653,Herb and Dolores are new to the building. How exactly should I introduce you?
5352,4249,4,27,131,162,1.2160493827160495,0.0368608903308661,653,Look at the legs on that wine
4799,4255,5,28,143,176,1.2159090909090908,0.03594523907994991,653,Suck up!
1757,4256,4,22,113,139,1.2158273381294964,0.04053982252951266,653,You already have a swizzel stick.
4847,4257,6,21,126,153,1.2156862745098038,0.04035998197528621,653,"After hanging out on a twig all day, I get a mild buzz out of being here."
1382,4257,3,27,123,153,1.2156862745098038,0.03702607471808098,653,Charlie's drinking problem has gotten better since he got his artificial proboscis.
1829,4257,5,23,125,153,1.2156862745098038,0.03928013280323685,653,Watch out with that thing! You almost stuck me in the butt!
1552,4260,4,28,135,167,1.215568862275449,0.036155880681964556,653,"This is the first time I've dated out of my species, but I wasn't having any luck and he's so easy to talk to, but people gawk at us, you'd think we were interracial."
1955,4260,6,24,137,167,1.215568862275449,0.03809904777909678,653,I was about to say that edible ain't doing shit but whoa.
2465,4260,2,32,133,167,1.215568862275449,0.034102169639232884,653,"It's a blood orange margarita, isn't that your cup of tea?"
3446,4260,6,24,137,167,1.215568862275449,0.03809904777909678,653,"It's not just blood, I'll drink anything that's red."
4623,4260,8,20,139,167,1.215568862275449,0.03994780564010169,653,"So, now I suppose you’re gonna tell me to ‘“Buzz Off” ?"
5714,4260,5,26,136,167,1.215568862275449,0.03714017467354157,653,I had an itch for a Martini.
5302,4266,3,33,145,181,1.2154696132596685,0.03351547157591845,653,What a lovely get-together!  I never pictured you playing host.
1630,4267,5,21,118,144,1.2152777777777777,0.040828628771899675,653,"What, no bloody mary?"
4184,4268,5,24,129,158,1.2151898734177216,0.03845539487689824,653,You put this round on your father's credit card? What a parasite.
932,4269,5,27,140,172,1.2151162790697674,0.03643313192611111,653,"And this is Ivan Offalich, working in our campaign's fundraising."
4728,4269,5,27,140,172,1.2151162790697674,0.03643313192611111,653,So I hear you hail from Chincoteague Island.
4218,4269,5,27,140,172,1.2151162790697674,0.03643313192611111,653,"Sorry Franz, what did you say your last name was?"
748,4269,6,25,141,172,1.2151162790697674,0.03735468589012319,653,This is my friend Gregor—Gregor Samsa.
1399,4269,6,25,141,172,1.2151162790697674,0.03735468589012319,653,"In a Twilight Zone-esque twist of fate, he's the only one who's taken acid."
4750,4274,6,28,152,186,1.2150537634408602,0.035513360356353496,653,First thing every morning he tells me I'm the most beautiful woman in the world. I guess it's true: Love is blind.
2883,4275,3,26,120,149,1.2147651006711409,0.03757060997180299,653,Do you have a Bloody Mary?
611,4276,3,29,131,163,1.2147239263803682,0.03560997378761821,653,Would you like another zikarita?
1852,4276,5,25,133,163,1.2147239263803682,0.037676928712843845,653,"No need to worry the procedure is painless, and the swelling goes away in a weeks time."
2959,4276,4,27,132,163,1.2147239263803682,0.03665802224880369,653,I wanted a husband with his feet on the ground.
4708,4276,6,23,134,163,1.2147239263803682,0.03866899687439083,653,So this is why they call it the Stork Club
4744,4276,3,29,131,163,1.2147239263803682,0.03560997378761821,653,A Bloody Mary Mo? So predictable
122,4281,8,22,147,177,1.2146892655367232,0.03836082170904663,653,"When you're drunk enough, everyone looks human white"
979,4281,6,26,145,177,1.2146892655367232,0.036649010510758834,653,No  it's pronounced Zika. It rhymes with Mika!
1778,4281,5,28,144,177,1.2146892655367232,0.035762391363413255,653,Notice the subtle malarial nose.'
3126,4281,4,30,143,177,1.2146892655367232,0.03485322511105908,653,Oh! You have several excellent points there...
4275,4285,4,28,136,168,1.2142857142857142,0.03596292123756162,653,You make the best Bloody Marys
4811,4285,5,26,137,168,1.2142857142857142,0.036940732306882766,653,"And this in my new neighbor, Zika."
5596,4285,7,22,139,168,1.2142857142857142,0.03882254116139484,653,Remember..say no if he offers you a Bloody Mary!
3425,4285,5,26,137,168,1.2142857142857142,0.036940732306882766,653,...And you say Dr.Seuss predicted this in his Darwinian phase?
5341,4285,7,25,150,182,1.2142857142857142,0.036812982926461374,653,Help yourself. Drinks are on us!
2469,4285,6,24,138,168,1.2142857142857142,0.0378933200287133,653,The Jenson’s Friday night dinner parties is always the buzz.
3750,4285,6,24,138,168,1.2142857142857142,0.0378933200287133,653,I'm sorry we're out of DDT. Would a Merlot is OK?
2163,4285,8,26,162,196,1.2142857142857142,0.03580574370197164,653,We thought you might enjoy a bloody Mary with your new neighbors.
2090,4285,5,29,148,182,1.2142857142857142,0.035125064785047164,653,"No, we're pro-safe vaccine. Right, honey?"
1752,4285,6,27,149,182,1.2142857142857142,0.035978923608813655,653,"We said, ""Sangr-ia,"" not ""Sangre""."
1001,4285,4,25,125,154,1.2142857142857142,0.03794693567819258,653,"So, how did you get your green card?"
641,4285,3,27,124,154,1.2142857142857142,0.03681151300260926,653,Dracula is a term of endearment.
2357,4285,6,27,149,182,1.2142857142857142,0.035978923608813655,653,"So anyway, we haven't been to salsa lessons since that time but it makes for a great story!"
1265,4298,6,28,153,187,1.213903743315508,0.035341654647976624,653,I would really appreciate it if you would point that at my face when you are talking to me!
2864,4298,6,28,153,187,1.213903743315508,0.035341654647976624,653,I always wanted long legs!
4546,4300,5,27,141,173,1.2138728323699421,0.03624326017152717,653,These new offspring of the genetically modified mosquitoes we released years ago ask politely for donations now.
3122,4300,4,29,140,173,1.2138728323699421,0.03530383226698369,653,She brought her own red and is hoping to start a family soon.
3881,4300,7,23,143,173,1.2138728323699421,0.03805260277710824,653,"If you must know, this is the connoisseur of our reds."
1224,4300,5,27,141,173,1.2138728323699421,0.03624326017152717,653,I think it’s the hemoglobin that has the slimming effect
2126,4300,3,31,139,173,1.2138728323699421,0.03433871339479145,653,"Who's had the most tonight, I'm looking for a quick buzz!"
666,4305,7,20,132,159,1.2138364779874213,0.040265004525773244,653,"Bloody Hell, this guy sucks."
2466,4305,3,28,128,159,1.2138364779874213,0.036094661736335854,653,Vladimir teaches entomology at Boston University
3257,4305,7,20,132,159,1.2138364779874213,0.040265004525773244,653,And this is our son Querg. We're a beta CRISPR family.
3429,4305,7,20,132,159,1.2138364779874213,0.040265004525773244,653,Would you mind holding this while I look for a straw?
863,4309,7,17,121,145,1.2137931034482758,0.042869094710279346,653,"Long Bird was originally cast, but Big Bird had better connections."
3498,4310,9,23,160,192,1.2135416666666667,0.03701504033235276,653,"Yes, I am Mary. However, I am not sure anyone has ever referred to me as 'Bloody Mary' before."
5027,4311,4,30,144,178,1.2134831460674158,0.034677848531040244,653,"When people use the term, “superbug,” they generally are referring to bacteria, not the higher orders."
1186,4311,3,32,143,178,1.2134831460674158,0.03375015861700442,653,"Well, yes. Bloodsuckers must have a purpose, too."
4780,4311,6,26,146,178,1.2134831460674158,0.03646248925785779,653,"See, I’m not that annoying. I’m not."
5162,4311,5,28,145,178,1.2134831460674158,0.03558135959755589,653,"Hey Ms. Kito, is that blood meal a varietal or a blend?"
4482,4315,4,27,133,164,1.2134146341463414,0.03645732995242712,653,"It probably is more hygienic but, really, it would have been fine with us if you left your shoes on."
4584,4315,5,25,134,164,1.2134146341463414,0.03746936890778087,653,Funny story. How Jim and I met.
4988,4315,6,23,135,164,1.2134146341463414,0.03845478260807896,653,This Bloody Mary tastes like a vegan.
1316,4318,4,24,122,150,1.2133333333333334,0.03852616608912985,653,Meet our new neighbor who lives in the old elm tree out back
3895,4319,5,19,112,136,1.213235294117647,0.04227733962905507,653,Wine or Avian water?
2773,4320,4,31,148,183,1.2131147540983607,0.03408237457213372,653,She has that innate sense of human taste.
1138,4321,6,24,139,169,1.21301775147929,0.03768976637296358,653,What’s the point.
1700,4321,5,26,138,169,1.21301775147929,0.03674338186822071,653,"... and no, that's not red wine."
2565,4321,6,24,139,169,1.21301775147929,0.03768976637296358,653,Emma here will be speaking on why not to feed off professional athletes
5589,4321,3,30,136,169,1.21301775147929,0.03477342886234429,653,You don't mind my asking if you use your beak as a straw?
5877,4321,6,24,139,169,1.21301775147929,0.03768976637296358,653,These guys can identify the vineyard and the individual vines from which the grapes were picked!!
5882,4321,4,28,137,169,1.21301775147929,0.03577196853653995,653,he prefers only red and in the deepest glass he can have
5729,4327,1,31,123,155,1.2129032258064516,0.03423360049642409,653,That's a different perspective on climate change.
5328,4327,4,25,126,155,1.2129032258064516,0.0377266609260996,653,I mean I think vampires are anti-mosquito propaganda
2160,4327,6,21,128,155,1.2129032258064516,0.0398857782393128,653,These drinks are real stingers!
2408,4327,5,23,127,155,1.2129032258064516,0.03882123291697811,653,"You brought a salad from that new booth at the farmers' market? Tell me, is it pesticide-free?"
3210,4327,5,23,127,155,1.2129032258064516,0.03882123291697811,653,It's just a domestic blood
1669,4332,3,34,151,188,1.2127659574468086,0.03265534641189919,653,"You may not know this, but Jerry actually had the original idea of Beetlejuice!"
5283,4332,5,30,153,188,1.2127659574468086,0.03435331477675901,653,That seems to be a different kind of Bloody Mary.
3211,4334,5,27,142,174,1.2126436781609196,0.03605532106729181,653,Shall I get you a straw?
2906,4334,6,25,143,174,1.2126436781609196,0.03696521263729962,653,"There is a story here.  Maybe a sequel to ""Metamorphosis."""
3269,4334,4,29,141,174,1.2126436781609196,0.035121865115768244,653,....and she makes a mean Bloody Mary.
522,4334,5,27,142,174,1.2126436781609196,0.03605532106729181,653,"Allow me to introduce you to my new boyfriend, Bob. He's not just an award winning sommelier, he's also a skilled immunologist."
1527,4334,6,25,143,174,1.2126436781609196,0.03696521263729962,653,Thank goodness I like it warm
15,4339,6,22,132,160,1.2125,0.0390406778668338,653,Disappointed with your Bloody Mary?
481,4339,6,22,132,160,1.2125,0.0390406778668338,653,"Based on that liquid you've been sipping, can I assume you identify as female?"
2049,4339,11,12,137,160,1.2125,0.04378648523583705,653,You do realize you are here with lefties....?
2394,4342,4,23,119,146,1.2123287671232876,0.039131941475064144,653,The kids tell me you're all the buzz.
937,4343,4,30,145,179,1.2122905027932962,0.034504191460679706,653,I agree. This year's beaujolais nouveaux is disappointing.
1947,4343,6,26,147,179,1.2122905027932962,0.036277825536145274,653,Of course it’s blood  silly bug.
3738,4343,4,30,145,179,1.2122905027932962,0.034504191460679706,653,Is there any blood in this?
4829,4346,7,21,137,165,1.2121212121212122,0.03919730331829436,653,And what do you do for a living?
2204,4346,2,31,132,165,1.2121212121212122,0.03415961705566113,653,Perhaps you would prefer the sangria.
809,4346,5,25,135,165,1.2121212121212122,0.0372640433583312,653,Me? Real estate. Living the dream.
3205,4349,9,21,154,184,1.2119565217391304,0.038043478260869575,653,"After he wets his beak with a 2010 Brunello di Montalcino, Mzyblctwt can play a mean Rhapsody in Blue."""
3741,4349,6,27,151,184,1.2119565217391304,0.03562466342939298,653,"My husband, Gregor. This morning..."
121,4351,3,26,122,151,1.2119205298013245,0.03712549152875948,653,And speaking of a liquid diet...
823,4351,2,28,121,151,1.2119205298013245,0.03591659644929402,653,"So, you're saying you actually like the swamp?"
3710,4351,5,22,124,151,1.2119205298013245,0.0394322528237114,653,He likes his wine blood red
1204,4354,7,29,167,203,1.2118226600985222,0.03417480819104171,653,"We use the same recipe, but we substitute tomato juice for human blood."
2475,4354,8,27,168,203,1.2118226600985222,0.034881096099978276,653,You can drink a Manhattan but you can't eat one.
4200,4356,5,26,139,170,1.2117647058823529,0.036548091414133344,653,Franz has been conducting some ground-breaking research for the Department of Defense Agency.
5014,4356,4,28,138,170,1.2117647058823529,0.03558299231011312,653,Do your legs feel shaky after a few sips?
3537,4356,5,26,139,170,1.2117647058823529,0.036548091414133344,653,"See? Same color, better effect, less enemies."
5934,4356,2,32,136,170,1.2117647058823529,0.03356965971220164,653,Who doesn't have a stinger?
1635,4356,9,18,143,170,1.2117647058823529,0.04017732648040383,653,When I drink too much I sometimes see causally dressed people coming out of the walls
1154,4356,4,28,138,170,1.2117647058823529,0.03558299231011312,653,Here's the couple I was telling you about but I'm afraid I mixed it up - Alvin is the one with the CDC and it's Sarah who's completing the 3 year hematology residency.
2226,4356,6,24,140,170,1.2117647058823529,0.037488353261914895,653,"I have to say, this is the first time I've  made a Bloody Mary with real blood."
5229,4363,6,28,155,189,1.2116402116402116,0.035003092260751614,653,"And where you come from, what do cocktail glasses look like?"
2033,4363,6,28,155,189,1.2116402116402116,0.035003092260751614,653,Red wine? Fabulous choice.
1576,4365,4,25,127,156,1.2115384615384615,0.03750887999036974,653,Lonely.  How about you?
1422,4366,5,27,143,175,1.2114285714285715,0.035869285980535785,653,I donated a pint for her drink.
4377,4366,4,29,142,175,1.2114285714285715,0.034941726227558804,653,Will these drinks take the sting out of your bite?
4891,4366,4,29,142,175,1.2114285714285715,0.034941726227558804,653,"So, how are things at the law firm?"
5378,4366,7,23,145,175,1.2114285714285715,0.03765592339509204,653,"my bad, this party does bite."
889,4370,7,27,160,194,1.211340206185567,0.03517833706113207,653,Is this the blood bank party?
2543,4371,2,30,129,161,1.2111801242236024,0.03458935889957711,653,"Why, no. I hadn't noticed."
3831,4371,1,32,128,161,1.2111801242236024,0.03344822861574226,653,"Anopheles?, no that isn’t Greek”"
712,4373,5,28,147,180,1.211111111111111,0.03522463947122307,653,"Meet Bob and Alice, they'll be happy to help you with a top-up!"
1807,4373,6,26,148,180,1.211111111111111,0.03609499234393096,653,"Meet Ann Napolis....she's staying with us while they fumigate her apartment."""
27,4373,4,30,146,180,1.211111111111111,0.03433222945639939,653,Larry and I met in a Bee Movie fan club.
305,4376,6,23,137,166,1.2108433734939759,0.038033287013555975,653,How dare you say it's only the women that are the issue?
1907,4376,6,23,137,166,1.2108433734939759,0.038033287013555975,653,"Well,phlebotomy seemed like a good fit at first,but,well,I had one taste and let's just say I got all my lawsuits settled and I work in insurance now."
4044,4376,6,23,137,166,1.2108433734939759,0.038033287013555975,653,Did you know that a Bloody Mary is called a Bloody Caesar in Canada.
5881,4376,5,25,136,166,1.2108433734939759,0.0370609170276147,653,"Ah, here he is, at last, our host insect."
65,4380,5,29,151,185,1.2108108108108109,0.03461148236450188,653,And this is Delores Mayfly of the Thursday Mayflies. I'm afraid she won't be joining us for dinner.
3736,4380,4,31,150,185,1.2108108108108109,0.033752041492148756,653,"Oh!  Ted,  Martha,  I’d like you to meet Grzzzbrzzznyx,  He’s our new grad student!  ...as you know only the FEmales drink blood.... ahaha...  that’s a merlot,  isn’t it? Ahaha..."
4911,4380,3,33,149,185,1.2108108108108109,0.03287013687691667,653,Or.....we could just go bar hopping.
5966,4383,6,24,141,171,1.2105263157894737,0.037289047812214544,653,I’ve never seen a wine with such long legs!
795,4383,3,30,138,171,1.2105263157894737,0.0344103870644957,653,"...and let me introduce you to Greta, who's come alone because Gregor Samsa couldn't make it..."
4975,4383,8,20,143,171,1.2105263157894737,0.039090561340948134,653,"Meet my neighbor, Myron Stork.  He's delivered all the children in our building."
4936,4386,5,27,144,176,1.2102272727272727,0.03568512682153709,653,"Those wine legs have nothing on you Anthony, amiiright?"
3326,4386,6,25,145,176,1.2102272727272727,0.03658364854964922,653,My I introduce this year's zeika carrier.
4500,4386,8,21,147,176,1.2102272727272727,0.03831753477292584,653,"And this is my ex, who foolishly scoffed at “The Lobster” then made a stupid bet."
1386,4389,8,17,132,157,1.2101910828025477,0.041442083430877144,653,Our adopted GMO  baby has certainly grownup!
3628,4389,3,27,127,157,1.2101910828025477,0.036182173683338134,653,"After she is done with the wine, the female of the species will eat the glass."
1774,4391,5,28,148,181,1.2099447513812154,0.03504890008840233,653,"Right. No more stingers, just cabs."
1986,4391,2,34,145,181,1.2099447513812154,0.032315063589473364,653,I've been wanting to introduce you to my husband's latest discovery.
2430,4391,8,22,151,181,1.2099447513812154,0.03758440447874504,653,"So, how did you meet Ellen?"
4955,4391,4,30,147,181,1.2099447513812154,0.03416193851645095,653,"So, what's the point?"
1800,4395,5,24,133,162,1.2098765432098766,0.0375951608226211,653,"Thanks for dropping by...say ""Hello"" to your fellow Cabinet members for us."
4768,4395,3,28,131,162,1.2098765432098766,0.03549695261674855,653,"I’d avoid the gin and tonic, though, if I were you."
1039,4397,7,25,154,186,1.2096774193548387,0.03609159641439608,653,"My brother here used to be a loner, but he’s really come out of his shell. Isn’t that right, Gregor?"
5330,4398,6,23,138,167,1.2095808383233533,0.03782593280419043,653,"I’m partial to Bordeaux, but I’ll really drink any reds..."
118,4398,4,27,136,167,1.2095808383233533,0.03586797260400549,653,We would have had a different appetizer if we knew you were coming.
4598,4398,7,21,139,167,1.2095808383233533,0.03876784826889222,653,"And look who just flew in from sub-Saharan Africa... Celia, you must be famished!"
4866,4401,5,26,141,172,1.2093023255813953,0.0361635657957072,653,"Don't worry. As you can see, she's drinking wine so she's obviously not pregnant."
322,4401,3,30,139,172,1.2093023255813953,0.03423163126483662,653,"We know, we know, it’s weird because my name’s Annette!"
1562,4401,4,28,140,172,1.2093023255813953,0.03521085109815001,653,Last time I'll throw a mojito party!
2665,4401,6,24,142,172,1.2093023255813953,0.03709181779132422,653,This blood orange sangria is to die for!
2964,4401,7,22,143,172,1.2093023255813953,0.03799739995143283,653,"Bob, Megan, this is Moira.  She has some quite pointed opinions to share."
5758,4401,2,32,138,172,1.2093023255813953,0.03322356276872467,653,Moe is a big believer in the seven year itch.
6060,4407,3,26,124,153,1.2091503267973855,0.036690576184352175,653,"You have a problem, Shirley."
4604,4408,5,27,145,177,1.2090395480225988,0.03550281603158319,653,"He is the best party server I have ever hired, he can deliver eight drinks at a time."
5051,4408,6,25,146,177,1.2090395480225988,0.03639575911504273,653,Wow! This drink really has a sting to it.
1136,4408,5,27,145,177,1.2090395480225988,0.03550281603158319,653,Bloodsucker? Please... I prefer Merlot.
1776,4408,4,29,144,177,1.2090395480225988,0.03458682712803624,653,"Buzz off, you're annoying!"
953,4412,3,27,128,158,1.2088607594936709,0.035977047369997836,653,"Don't worry, they're actually quite normal."
2996,4412,3,27,128,158,1.2088607594936709,0.035977047369997836,653,So how' is the vegan life going?
3687,4412,4,25,129,158,1.2088607594936709,0.037080636355738494,653,he always seems to suck the air out of the conversation
5088,4412,5,23,130,158,1.2088607594936709,0.03815231641237479,653,Sorry we didn't have enough Bloody Marys for you.
5529,4412,4,25,129,158,1.2088607594936709,0.037080636355738494,653,Not saying to brag but I did donate some blood to save ALL her children's lives.
282,4417,10,18,154,182,1.2087912087912087,0.03898487805801021,653,Who invited Skeeter?
978,4417,3,32,147,182,1.2087912087912087,0.0330882357029248,653,Karen don't complain about me drinking blood when you've had Moscato all night
4809,4417,8,22,152,182,1.2087912087912087,0.037395122428035305,653,"We've found that if you give her enough red wine, she won't suck our blood."
5068,4420,8,18,137,163,1.2085889570552146,0.04031045519283576,653,Thanks but we prefer our Bloody Mary’s without real blood
4586,4420,6,22,135,163,1.2085889570552146,0.03838557116646513,653,Wine? You must be more than just a bloodsucking boss.
3811,4420,6,22,135,163,1.2085889570552146,0.03838557116646513,653,And that's why I only drink a cab with long legs.
3566,4420,4,26,133,163,1.2085889570552146,0.036358923934818224,653,"An this is Tse Tse, the creator of your drink, the Mosqilla."
1689,4420,5,24,134,163,1.2085889570552146,0.0373859828242729,653,...and then I asked to see his manager.
3751,4420,6,22,135,163,1.2085889570552146,0.03838557116646513,653,You are drinking red wine instead of a stinger?
4568,4426,5,25,138,168,1.2083333333333333,0.03666112538163136,653,"Benny, you look so thin since your flight South!"
187,4426,4,27,137,168,1.2083333333333333,0.03567565156823325,653,And this is my partner - we're new to the anti-malaria campaign.
1535,4426,4,27,137,168,1.2083333333333333,0.03567565156823325,653,Here we have an amusing Cabernet with a hint of Zika.
2372,4426,5,25,138,168,1.2083333333333333,0.03666112538163136,653,Here’s a glass of blood. Our politicians’ favorite drink.
2623,4426,3,29,136,168,1.2083333333333333,0.03466217124457542,653,Is this your first time attending an infertility support group meeting?
2983,4426,3,34,155,192,1.2083333333333333,0.032048764836043186,653,"Let me introduce you to 'Ms. Kito', the new spokes-mascot for our all-natural Bloody Mary line."
5460,4426,6,23,139,168,1.2083333333333333,0.03762079363433748,653,"Then I said to Moe, ""Can't we all just get along?"" and next thing you know we fell in-love."
1188,4433,3,35,159,197,1.2081218274111676,0.031563346182480585,653,I have been in your shoes before.
592,4434,6,24,143,173,1.2080924855491328,0.03689663160216944,653,I didn't know you liked cabernet.
2803,4434,2,32,139,173,1.2080924855491328,0.03305311003647694,653,He definitely has a nose for wine...
5403,4434,3,30,140,173,1.2080924855491328,0.03405468276477028,653,"My husband buzz here has had amazing results with an all-liquid diet.  -Tom Potter of Ellicott City, Maryland"
4447,4437,9,24,169,202,1.2079207920792079,0.03553420657301064,653,This is Jeff.
887,4438,5,27,146,178,1.2078651685393258,0.035322326571128,653,"Welcome to the neighborhood. Please drop over to our house tomorrow afternoon for more talk, cocktails and some worms."
1412,4438,7,23,148,178,1.2078651685393258,0.03707595849786003,653,"We didn’t come to catch a buzz, we came to socialize!"
5271,4438,3,31,144,178,1.2078651685393258,0.03347695939388448,653,I really didn't know any growing up in Great Neck
5525,4438,4,29,145,178,1.2078651685393258,0.034412015086719386,653,"Mos, this is Raymond and Felicia-it's their blood you're sampling."
5570,4438,6,25,147,178,1.2078651685393258,0.036209760099539835,653,"While I disagree with your argument’s entomological underpinning, I do see your point."
5146,4443,7,24,152,183,1.2076502732240437,0.036391821437679966,653,Would you like another Mary?
4316,4443,6,26,151,183,1.2076502732240437,0.035557213433772814,653,He always unwinds with a drink
524,4443,5,28,150,183,1.2076502732240437,0.034702538621803516,653,"you see, i told you the exterminator was not doing his job."
1870,4443,5,28,150,183,1.2076502732240437,0.034702538621803516,653,I remember when you were just a wriggler.  More red?
4948,4447,3,27,129,159,1.2075471698113207,0.035774185513929364,653,"Sorry, that is the largest glass we have."
5804,4447,5,23,131,159,1.2075471698113207,0.037934355681691095,653,"Yes, I can get you Bloody Mary."
2296,4449,5,29,154,188,1.2074468085106382,0.034112437513426665,653,Keep that little sipper away from my drink!
3532,4449,8,23,157,188,1.2074468085106382,0.03652843102861612,653,One sip and it goes right to my head.
5745,4451,3,28,133,164,1.2073170731707317,0.03510912612698705,653,The special ingredient? Blood Oranges.
1524,4451,6,22,136,164,1.2073170731707317,0.03817199018472044,653,He doesn't like it stirred.
3170,4451,6,22,136,164,1.2073170731707317,0.03817199018472044,653,He justflew in from Zambia
3922,4451,4,26,134,164,1.2073170731707317,0.03615891918307185,653,Tell them about your malaria-free blood diet.
4712,4451,7,20,137,164,1.2073170731707317,0.03913971811024742,653,"Just one Marge, he doesn't have a hollow leg."
5036,4451,4,26,134,164,1.2073170731707317,0.03615891918307185,653,So how do you know the Lovecrafts?
5849,4451,4,26,134,164,1.2073170731707317,0.03615891918307185,653,"Oh, I'm sorry would you prefer a Bloody Mary?

Tyler Carsten, Birmingham, AL"
1744,4458,8,24,161,193,1.2072538860103628,0.035881842200892466,653,"I'm launching a completely DEET-free dating app called ""Skeetr."""
361,4459,2,31,136,169,1.2071005917159763,0.033441364434466915,653,Oh don't be such a buzz kill.
1310,4459,6,23,140,169,1.2071005917159763,0.03741783488896133,653,"Yeah, it sucks that nobody told you to come dressed as your favorite human, but at least no one will stare at you on the way home."
1676,4459,5,25,139,169,1.2071005917159763,0.036464393449540417,653,"Contrary to popular belief, it's actually the fifth hand that really makes things easier."
2480,4459,4,27,138,169,1.2071005917159763,0.03548534361547313,653,Wow! Where'd you get the Bloody Mary?
5072,4459,5,25,139,169,1.2071005917159763,0.036464393449540417,653,Hmmmmmmmmmmmmmmmmmmmmmmmmmmmmmmmm this red has a nice nose
4617,4464,8,25,165,198,1.207070707070707,0.03526552724601199,653,I'm also drinking an argentinean red.
4635,4465,7,22,145,174,1.206896551724138,0.03759766770559367,653,"I said ""a good Red Blood,"" not""a good Red Wine."""
4014,4465,5,26,143,174,1.206896551724138,0.03578691214382268,653,Have you met new neighbors?
5564,4465,7,22,145,174,1.206896551724138,0.03759766770559367,653,"It appears to me Bill, you had one two many."
676,4465,5,26,143,174,1.206896551724138,0.03578691214382268,653,So you're a friend of Peter Thiel?
1203,4465,6,24,144,174,1.206896551724138,0.036703458268192685,653,Our President says we are not damagring the environment. Do you all agree?
5170,4470,6,25,148,179,1.2067039106145252,0.03602562369119437,653,Bill!
3500,4471,4,23,123,150,1.2066666666666668,0.038187886698918753,653,But I told you that a Bloody Mary has tomato juice.
177,4472,7,24,153,184,1.2065217391304348,0.03621108930461574,653,Yeah. We've all got our antennae up.  What've you heard?
401,4473,4,24,127,155,1.206451612903226,0.03740288269836071,653,"He really believes in interspecies mingling,and,wants me to bear his child."
4720,4473,6,20,129,155,1.206451612903226,0.039579666437074466,653,"Don’t make a buzzkill joke, don’t make a buzzkill joke..."
5879,4475,7,25,157,189,1.2063492063492063,0.03556857965736329,653,The red she is drinking is produced world-wide and is known for its unique freshness
1481,4476,7,19,134,160,1.20625,0.03974849686648105,653,"I'm not a big fan of margaritas, but red wine reminds me of the stuff I was weaned on"
2814,4476,7,19,134,160,1.20625,0.03974849686648105,653,"Hi, Skeeter.  My name’s Joan"
3862,4476,5,23,132,160,1.20625,0.0377188321497649,653,Anyone else wants to have some absinthe?
4774,4479,6,28,160,194,1.2061855670103092,0.03418395444204107,653,Misq argues that speciesism is based on a moral misconception of the universe.
3102,4480,5,24,136,165,1.206060606060606,0.03697442205031598,653,Ahh Ha! Doug is the perfect example folks! You can just fly right over a wall.
3070,4480,3,28,134,165,1.206060606060606,0.034918307890562376,653,My 23 and Me analysis said I am part Mantodea and the rest is Irish.  Seems to fit.
955,4480,3,28,134,165,1.206060606060606,0.034918307890562376,653,"So there we were, just north of Bandung, and we just knew we had to give the little fellow a proper home."
1113,4480,6,22,137,165,1.206060606060606,0.0379607391387771,653,Let me guess... a rare AB-negative!
1032,4484,6,23,141,170,1.2058823529411764,0.037217022651544224,653,Patio Cocktails in Wisconsin
2148,4484,7,21,142,170,1.2058823529411764,0.03814079730839188,653,I'm just glad your not a heavy drinker.
4602,4484,6,23,141,170,1.2058823529411764,0.037217022651544224,653,And this is Skeeter - she makes a mean zikatini but also loves a nice glass of blood.
5366,4484,5,25,140,170,1.2058823529411764,0.036269727470319896,653,She says to not take her parasitism personally; it's just business.
5752,4484,5,25,140,170,1.2058823529411764,0.036269727470319896,653,Remember the drinking bird from the '70's?
4880,4489,6,24,145,175,1.2057142857142857,0.03651226741879951,653,He’s highly evolved.
3752,4489,4,28,143,175,1.2057142857142857,0.034666738844003606,653,I warned you not to choose a Bloody Mary!
4630,4489,6,24,145,175,1.2057142857142857,0.03651226741879951,653,He's obsessed with his place in the pecking order.
2752,4492,2,25,114,141,1.2056737588652482,0.03700780401345189,653,What do you mean it’s not the Bloody Mary you ordered?
2940,4493,6,25,149,180,1.2055555555555555,0.035843322605930227,653,You're making a good point.
2158,4494,7,24,154,185,1.2054054054054053,0.03603211886269591,653,"So, you say this new drink is called a Zikarita?"
3583,4494,2,34,149,185,1.2054054054054053,0.031694503574484,653,Haven't you had enough sangre tonight my dear?
5823,4494,6,26,153,185,1.2054054054054053,0.0352073739883416,653,"I don't hate humans,  some of my best friends are human."
5540,4497,6,19,126,151,1.205298013245033,0.040217818412421134,653,Why aren't you drinking your signature cocktail?
1987,4498,7,18,131,156,1.205128205128205,0.04038477949734926,653,"For your information, Linda, it’s Cab. We’re not ALL bloodsuckers, thank you very little."
2620,4498,5,30,160,195,1.205128205128205,0.03323864629588849,653,"Margarita, Harvey Wallbanger and  Rose, I presume."
6053,4500,3,27,131,161,1.204968944099379,0.03537511102451714,653,I bet the ladies are quite the sucker for you huh?
4152,4501,5,24,137,166,1.2048192771084338,0.036771967640765964,653,I think we've met; your that character from the Kafka story.
3917,4501,3,28,135,166,1.2048192771084338,0.03472951056260326,653,"Sorry, I meant ""You're a six fisted drinker"" to be humorous."
4980,4501,3,28,135,166,1.2048192771084338,0.03472951056260326,653,Jeremy here lobbies for Big Bug.
4856,4501,4,26,136,166,1.2048192771084338,0.035765321948023274,653,"No, I do not want to top off your drink."
3343,4501,5,24,137,166,1.2048192771084338,0.036771967640765964,653,"How’s that vintage, O negative."
3240,4501,6,22,138,166,1.2048192771084338,0.03775178080966941,653,i didn't know you met before! where was it?
1371,4501,6,22,138,166,1.2048192771084338,0.03775178080966941,653,"So, how's your job as a tax collector going?"
682,4501,7,20,139,166,1.2048192771084338,0.038706799201549937,653,"I prefer a dark, dark red."
489,4501,5,24,137,166,1.2048192771084338,0.036771967640765964,653,The summer house is exquisite.
389,4501,4,26,136,166,1.2048192771084338,0.035765321948023274,653,Thank you. I already drank my - wine.
1112,4511,7,21,143,171,1.2046783625730995,0.03793620616529916,653,"You couldn’t handle the wine, Karen, so what makes you think a martini is a better choice?"
1549,4511,6,23,142,171,1.2046783625730995,0.03701832368721846,653,"Oh no, we certainly don't use the 'M-word' around here."
2501,4511,3,29,139,171,1.2046783625730995,0.03411682780972565,653,John just received tenure at Columbia and is about to go into perpetual motion.
2721,4511,6,23,142,171,1.2046783625730995,0.03701832368721846,653,This is Jennifer and Paul - they’re also very interested in GMOs.
1865,4515,5,26,145,176,1.2045454545454546,0.03541789647608998,653,Feeling peckish?
1924,4515,6,24,146,176,1.2045454545454546,0.036323029275187,653,This is Dr. Huxley.  He does Blood.
2413,4515,3,30,143,176,1.2045454545454546,0.033534419048507416,653,We can't all be pencil thin
2559,4515,5,26,145,176,1.2045454545454546,0.03541789647608998,653,Someone's been hitting the Jim.
3813,4519,5,27,149,181,1.2044198895027625,0.034791523318105574,653,I don’t usually drink....wine.
112,4519,4,29,148,181,1.2044198895027625,0.03389782796270655,653,I named him Pinocchio.
3268,4519,4,29,148,181,1.2044198895027625,0.03389782796270655,653,Would you prefer a more universal type?
5844,4522,7,25,159,191,1.2041884816753927,0.03522812684159769,653,"Jack, Molly, I'd like to introduce you to Gregor Samsa."
4019,4523,3,24,120,147,1.2040816326530612,0.03731104416148252,653,We've been cross-matching Pinots all afternoon and this is something I think you'll like.....
684,4524,1,29,122,152,1.2039473684210527,0.03409285470885098,653,Square peg in a round hole?  I have no idea what you mean.
5976,4525,7,28,171,206,1.203883495145631,0.03351564473433164,653,It's really their party and we're all just guests...
2462,4526,3,26,128,157,1.2038216560509554,0.03585002137512824,653,"...after college I was touring the Amazon rainforest. While it's obviously very primitive and fairly rustic, if you ever get a chance to be worshipped as a god by an indigenous people... well, I would highly recommend it."
2194,4527,4,25,133,162,1.2037037037037037,0.03625232662060062,653,"Tom was once a twenty fisted drinker but he's dialed it way back."""
4761,4528,3,28,136,167,1.2035928143712575,0.03454270310023845,653,Pat is non binary. They are vegan and eradicating malaria.
5974,4528,5,24,138,167,1.2035928143712575,0.036571684009034426,653,That wine will take the sting out of your sinus infection.
5889,4528,5,24,138,167,1.2035928143712575,0.036571684009034426,653,"""Sorry, can't help you, my blood is toxic!"""
5347,4528,2,30,135,167,1.2035928143712575,0.033482136589209816,653,Look who the cat brought in
4721,4528,6,22,139,167,1.2035928143712575,0.03754507874741222,653,Buzz was telling me that he adores a Premier Cru AB negative. But they're so hard to find.
833,4528,4,26,137,167,1.2035928143712575,0.035571662940660276,653,I'd like you to meet my friends Sarah and Frank. They're from the planet Earth.
2644,4528,2,30,135,167,1.2035928143712575,0.033482136589209816,653,"Roger, here, is an importer/exporter."
1557,4528,6,22,139,167,1.2035928143712575,0.03754507874741222,653,"And as your host, I insist you join the party."
1055,4528,4,26,137,167,1.2035928143712575,0.035571662940660276,653,Who would be more fitting to serve our signature grasshopper cocktails?
348,4528,3,28,136,167,1.2035928143712575,0.03454270310023845,653,How come you only drink reds?
4196,4528,2,30,135,167,1.2035928143712575,0.033482136589209816,653,Noone's ever kissed me like that!
5089,4539,6,23,143,172,1.2034883720930232,0.036821705426356585,653,"Yes, it is in fact spring loaded."
3937,4539,6,23,143,172,1.2034883720930232,0.036821705426356585,653,"And this, this is Mona!  High priestess of our anti-vac coterie! Or 

So exciting! Tell all about your West Nile cruise!"
4933,4539,6,23,143,172,1.2034883720930232,0.036821705426356585,653,The grasshoppers are the best here.
3769,4539,4,27,141,172,1.2034883720930232,0.034926194732559604,653,He’s 54...54 is considered a very good year!
2114,4539,4,27,141,172,1.2034883720930232,0.034926194732559604,653,"Please, let me get you something better than that mosquatel."
3923,4539,8,19,145,172,1.2034883720930232,0.038624304557028366,653,So you're the stork we've heard so much about.
2045,4545,4,28,145,177,1.2033898305084745,0.03431307624679253,653,"Keep cool, or you really will need an ocean of Calamine lotion."
3699,4545,3,30,144,177,1.2033898305084745,0.03336444014411783,653,Allow me to introduce Dr. Stanton Chirp. Dr. Chirp is A professor in The Entomology Department at Yale.
4885,4545,4,28,145,177,1.2033898305084745,0.03431307624679253,653,"Julie, we're all confident that you'll be acquitted of those eco-terrorism charges."
5232,4545,4,28,145,177,1.2033898305084745,0.03431307624679253,653,"As you can see, our performance artist is taking a break."
5530,4545,5,26,146,177,1.2033898305084745,0.035236182212407374,653,"The bartender? No, I Haven't seen him"
4497,4550,3,31,148,182,1.2032967032967032,0.03281744135157775,653,We only have the blood of grapes here
3243,4550,4,29,149,182,1.2032967032967032,0.03372976763571509,653,"The monstrous growth seemed like the worst side effect. But in the long run, it's bound to be the binge drinking."
5532,4550,8,21,153,182,1.2032967032967032,0.03715573032978475,653,Harold? You’re not Harold. Where’s Herold? Is that wine in your glass?
3110,4553,3,32,152,187,1.2032085561497325,0.03229571032091191,653,This is the mosquito..one sip and your itching for more...
3713,4554,3,34,160,197,1.2030456852791878,0.03132083708193506,653,It may be a Bloody Mary but I don't think you will like it
4027,4555,4,21,118,143,1.2027972027972027,0.03914711808136945,653,You’re kidding....#me_too?
2575,4556,5,21,127,153,1.2026143790849673,0.03863810411310346,653,So I go to this party...
4687,4556,3,25,125,153,1.2026143790849673,0.03634424941368324,653,It's a blood red blend. 2019.
2472,4558,4,24,130,158,1.2025316455696202,0.036759286664489056,653,"It's Bulls Blood of Eger, 2007. What do you think?"
2789,4558,1,30,127,158,1.2025316455696202,0.03330717926861625,653,"No offense, but what you're saying sounds inhuman!"
4813,4558,2,28,128,158,1.2025316455696202,0.034496287422202225,653,It’s blood orange wine!
5945,4558,3,26,129,158,1.2025316455696202,0.03564575011131952,653,That whole West Nile thing must have such a downer... glad to see that you are feeling better.
2991,4562,4,25,134,163,1.2024539877300613,0.03605090067396688,653,Diversity and inclusion of animal rights
3964,4562,3,27,133,163,1.2024539877300613,0.034984669176159076,653,I thought it might just be nice to give Merlot another chance.
5712,4564,6,22,140,168,1.2023809523809523,0.03734059725193416,653,"'We decided our parties needed a little more diversification."""
5360,4564,4,26,138,168,1.2023809523809523,0.035380053762985274,653,He hasn't stopped buzzing about since I gave him that bloody Mary
3600,4564,3,28,137,168,1.2023809523809523,0.03435785506753902,653,You can’t drive until I check your blood/alcohol content.
4333,4564,6,22,140,168,1.2023809523809523,0.03734059725193416,653,"I am half stork, half centipede."
739,4568,2,31,140,173,1.2023121387283238,0.03275200371419976,653,"Thanks for the blood, but I prefer to get it the natural way."
1140,4568,9,17,147,173,1.2023121387283238,0.039283420079911285,653,"No, we do not carry herpes!"
1128,4570,3,30,145,178,1.202247191011236,0.033196141112937456,653,I'm glad Zika didn't stop you from cocktail hour!
2566,4570,10,16,152,178,1.202247191011236,0.039323575489415286,653,"Ever since we went to mass last year, he just can't get enough of the stuff!"
4219,4570,7,22,149,178,1.202247191011236,0.03682259731557927,653,The ambassador would like your commitment to a no biting policy.
3845,4573,7,23,153,183,1.2021857923497268,0.03614754790538152,653,"That blood warm enough for you, Buzz?"
4186,4573,5,27,151,183,1.2021857923497268,0.03444628773638218,653,I’m quite a fan of the Bloody Mary.
5818,4575,6,26,156,188,1.202127659574468,0.03469514722369845,653,Cheers to spiders everywhere.
4592,4575,5,28,155,188,1.202127659574468,0.033865379776980724,653,"A naive, domestic little Burgundy, you say?"
5739,4575,5,28,155,188,1.202127659574468,0.033865379776980724,653,Huh.  And I thought you never drank...wine.
4104,4578,4,31,158,193,1.2020725388601037,0.0324911851107349,653,Intermittent fasting
1680,4578,5,29,159,193,1.2020725388601037,0.03331140159237635,653,"Be a dear, Harry, and bring us some grub."
599,4578,6,27,160,193,1.2020725388601037,0.03411190176752251,653,This small talk really bugs me.
2568,4581,4,32,162,198,1.202020202020202,0.03199080454809335,653,"We're all really, really hoping that special ""cocktail"" of yours will be enough."
1952,4582,4,38,186,228,1.2017543859649122,0.029394571782073126,653,He practically ran away from his date when he saw me and has been sweet on me ever since!
1825,4583,6,17,121,144,1.2013888888888888,0.041321250197233685,653,The divorce is sucking me dry.
1246,4584,6,19,129,154,1.2012987012987013,0.03949845798894948,653,"Blood from any animal will do, right Skeeter?"
1272,4585,4,25,135,164,1.201219512195122,0.03585166336909664,653,May I have a straw please?
4042,4585,4,25,135,164,1.201219512195122,0.03585166336909664,653,"Hate to bug you, but this wine tastes vinegary."
4396,4585,6,21,137,164,1.201219512195122,0.037881066042358136,653,"Honey, could you grab that long skinny glass we got at Senor Frogs? Actually, just grab some frogs."
5221,4585,3,27,134,164,1.201219512195122,0.03479260075423782,653,I guess I shouldn't have ordered the Blood Orange Martini!
5371,4585,6,21,137,164,1.201219512195122,0.037881066042358136,653,We met when the bedroom wall collapsed.
5913,4590,6,22,141,169,1.2011834319526626,0.037138301354545517,653,Oh did you just move here from the South?
5694,4590,6,22,141,169,1.2011834319526626,0.037138301354545517,653,"George, here, not only selected the wines, he recommended the hors d’oeuvres we’ll be enjoying tonight."
4665,4590,6,22,141,169,1.2011834319526626,0.037138301354545517,653,"I'm sorry, but this is a non-GMO event."
4009,4590,4,26,139,169,1.2011834319526626,0.03519046278797234,653,"At first I had misgivings,but you're right,being a lawyer is a genuinely interesting profession."
2205,4590,2,30,137,169,1.2011834319526626,0.03312829477896945,653,I prefer a Napa red over your Lyme's tainted burgundy.
1640,4590,4,26,139,169,1.2011834319526626,0.03519046278797234,653,I hope you enjoy this stinger more.
161,4596,8,19,147,174,1.2011494252873562,0.0382146626962104,653,Try the Bloody Mary. It's spiked.
4122,4596,2,31,141,174,1.2011494252873562,0.032583981289177395,653,And as soon as I turn my head this martini glass will be empty
4378,4596,3,29,142,174,1.2011494252873562,0.03358804258525259,653,"It grew up in this neighborhood, so it prefers red wine!"
2445,4599,7,22,150,179,1.2011173184357542,0.036633734772636886,653,"Gregor Samsa, traveling salesman"
2503,4599,8,20,151,179,1.2011173184357542,0.03748067798252562,653,"Your sardonic attempt at irony does not impress me, I know there is a bug in my wine"
4324,4599,10,16,153,179,1.2011173184357542,0.03911959380292097,653,And this must be the famous 'Mosca Grande' I've been hearing so much about this summer.
5878,4602,4,29,151,184,1.201086956521739,0.033398508957599674,653,"Cognac and creme de menthe, and like, get out, you've never heard of it?"
2699,4602,4,29,151,184,1.201086956521739,0.033398508957599674,653,We love what you've done with the nest.
2064,4602,8,21,155,184,1.201086956521739,0.03678378074044547,653,He’s here to spike the drinks!
321,4602,3,31,150,184,1.201086956521739,0.032497136325348584,653,"Well I thought it was quite a funny story, even if not everyone here agrees."
777,4602,6,25,153,184,1.201086956521739,0.035131943627929506,653,"We
 He's taking a DNA test for his birthday so we can learn more about his ancestry."
1448,4602,9,19,156,184,1.201086956521739,0.037582483377282865,653,...And here’s the little birdie that gave me the winning lottery numbers.
2123,4608,8,23,163,194,1.2010309278350515,0.03549003514036029,653,"Watch carefully, you'll learn how to sip..."
6049,4609,5,24,141,170,1.2,0.0359835209992236,653,"Ever since rehab, all she craves is red wine."
5794,4609,3,26,131,160,1.2,0.03524398338411641,653,"Let me introduce; I’m sorry,  what was you species again?"
5603,4609,6,19,130,155,1.2,0.039264285582820475,653,Have you tried the blood type diet?
5208,4609,4,25,136,165,1.2,0.03565458001613713,653,Manny is the lead attorney in the Gregor Samsa trial.
5004,4609,8,19,148,175,1.2,0.038013047626037244,653,"Daahling,I haven't seen you is ages,how's your Aunt Bee doing"
4905,4609,5,24,141,170,1.2,0.0359835209992236,653,"OH I thought you said "" mesquite "" infused margaritas."
4404,4609,6,19,130,155,1.2,0.039264285582820475,653,"Bloody Larry, anyone?"
4105,4609,4,24,132,160,1.2,0.03634218921558155,653,"You'll love it, the taste is out of this world."
3830,4609,1,27,117,145,1.2,0.03474041668898255,653,"Oh,  you made a ""Wine"" sound, that makes sense.  For years,  we thought it was  a whining"" sound."
3595,4609,7,18,135,160,1.2,0.039453818238351854,653,Enjoy the last of that wine--since your kind decimated this years grape crop
3100,4609,3,26,131,160,1.2,0.03524398338411641,653,Did  you know that in two more drinks you'll look like a snake?
2685,4609,4,23,128,155,1.2,0.03706898651442383,653,It's the latest trend: zika parties for adults.
4424,4609,4,26,140,170,1.2,0.03500285901504745,653,"Speaking of ""The Girl from Ipanema,"" guess who's got the zika?"
1842,4609,3,26,131,160,1.2,0.03524398338411641,653,"Relax, he can't bite and his missus couldn't make it."
1748,4609,5,26,149,180,1.2,0.03470188727947363,653,I DON'T RECALL INVITING YOU FOR COCKTAILS!
1655,4609,4,23,128,155,1.2,0.03706898651442383,653,"I get that it has the same alcohol levels as your blood, but it's just not the same without the plasma."
1485,4609,8,17,140,165,1.2,0.0395839411397689,653,"Kevin and Sandra, this is Graham and I really hope you catch malaria and die."
1474,4609,7,22,151,180,1.2,0.03644677590156461,653,Bill got me started on the “Nectar Diet” and now I can type 700 words a minute.
1312,4609,4,22,124,150,1.2,0.03783870158723217,653,She's not a pest; she's empowered.
1189,4609,5,30,165,200,1.2,0.03248501780682208,653,So refreshing! Someone is finally seeing the point!
1150,4609,5,22,133,160,1.2,0.03740816848206271,653,We're just curious. How long does it take to trim your toenails?
1114,4609,3,24,123,150,1.2,0.03663716527236559,653,We brought him in to do the taste-testing for our Bloody Mary
908,4609,5,24,141,170,1.2,0.0359835209992236,653,This came from one of our patients infected with the Zika virus.
318,4609,5,24,141,170,1.2,0.0359835209992236,653,Our new butler has created quite a buzz.
73,4609,3,27,135,165,1.2,0.03460259016489566,653,He likes to talk about fish.
2042,4609,4,25,136,165,1.2,0.03565458001613713,653,"Please. Enjoy your drinks, I harvested the blood myself."
4003,4635,5,29,162,196,1.1989795918367347,0.032848301055273456,653,"I agree “birds of a feather” is far 
better than”#metoo”!"
3746,4636,5,27,154,186,1.1989247311827957,0.03394089643235271,653,They named this drink after me. Try it.
557,4636,3,31,152,186,1.1989247311827957,0.03218290187500333,653,I'm having the DEET sprintzer !
3188,4636,9,19,158,186,1.1989247311827957,0.03720853404399175,653,Next thing you know were sucking each other off.
1231,4639,7,22,152,181,1.1988950276243093,0.03626169251343299,653,"Vector cocktail, compliments of the mosquito rights movement."
1602,4640,4,27,145,176,1.1988636363636365,0.034207053236799255,653,You know how they say frog tastes like chicken...?
2352,4640,6,23,147,176,1.1988636363636365,0.03605541042638883,653,The doctor said you shouldn’t drink while you’re gravid.
4023,4640,5,25,146,176,1.1988636363636365,0.03514338566615748,653,I’m sure he’ll let you have a sip.
4552,4640,4,27,145,176,1.1988636363636365,0.034207053236799255,653,Brandy and creme de menthe. It doesn't really have a name yet.
4931,4640,7,21,148,176,1.1988636363636365,0.03694492774320195,653,Michael and Jessica were just telling me about Amazon Screenings.
5139,4640,7,21,148,176,1.1988636363636365,0.03694492774320195,653,"Our noses are a bit different from yours, but otherwise we see our Dad in you. Cheers to Ancestry.com for connecting us!"
5583,4640,7,21,148,176,1.1988636363636365,0.03694492774320195,653,Let me hold that for you
3975,4647,5,24,142,171,1.1988304093567252,0.035791587068957076,653,"I used to live on the edge of a cocktail glass and just dip my beak, but one day someone put growth hormones in there and here I am, still sipping but I'm holding the glass on the bottom now."
5656,4647,3,28,140,171,1.1988304093567252,0.0338147720043464,653,"She insisted on bringing her own drinks, they're organic."
5307,4647,3,28,140,171,1.1988304093567252,0.0338147720043464,653,Do you prefer “white”.
3010,4647,5,24,142,171,1.1988304093567252,0.035791587068957076,653,"we all love insects, honest"
781,4647,7,20,144,171,1.1988304093567252,0.03766479263348654,653,My I suggest that you order a Bloody Mary instead?
1332,4647,4,26,141,171,1.1988304093567252,0.03481721205539484,653,It’s a vintage nectar from the park.
1162,4647,1,32,138,171,1.1988304093567252,0.03171497921325383,653,the only problem is his very little brothers
2654,4647,5,24,142,171,1.1988304093567252,0.035791587068957076,653,"I believe they're wrapping up production on The Fly II: Oops I Did It Again later this month - isn't that right, Mr. Goldblum?"
114,4647,6,22,143,171,1.1988304093567252,0.03674013002860957,653,Can I get you a highball glass instead?
2081,4656,6,21,139,166,1.1987951807228916,0.03746228919785792,653,"Fess up, George, you're an alien, right? Guys, I won the pool. Bob, thought you were a mutate insect, while Nancy had you as some sort of bot. We didn't buy HR's explanation that you were from France."
2198,4656,9,15,142,166,1.1987951807228916,0.04028003428905311,653,"Sorry, your pointed comments are no longer welcome, and red wine is no longer appropriate in a house with white carpeting"
3899,4656,4,25,137,166,1.1987951807228916,0.03545961663199949,653,Why do you need us to make your Bloody Mary?
4031,4656,6,21,139,166,1.1987951807228916,0.03746228919785792,653,"As host, I’d like to tell you he is one of us now."
4242,4656,7,19,140,166,1.1987951807228916,0.03842450340696319,653,I'm filing an employment discrimination claim; they can't go around saying we all have malaria.
4944,4656,5,23,138,166,1.1987951807228916,0.03647470029782505,653,I can assure you there is no glyphosate - we're organic!
4532,4662,4,24,133,161,1.1987577639751552,0.03613711355972386,653,It's too bad your wife couldn't make it.  The human species don't bite.
3036,4662,4,24,133,161,1.1987577639751552,0.03613711355972386,653,"”Well, I did order a jungle bird cocktail with a twizzler stick."
1956,4662,2,28,131,161,1.1987577639751552,0.03392066439978421,653,"What do you mean, I'd probably be  someone who has strong opinions on birth control and abortion?!"
2846,4662,4,24,133,161,1.1987577639751552,0.03613711355972386,653,"Buzz is a big ""Lord of the Flies"" fan."
3461,4666,2,27,127,156,1.1987179487179487,0.03453564322563603,653,"You guys like bloody Marys, don’t you?"
4981,4666,3,25,128,156,1.1987179487179487,0.0357130737818409,653,Someone's been skipping leg day.
5827,4666,4,23,129,156,1.1987179487179487,0.03685290524349477,653,That’s a biting viewpoint on blood transfusion.
2806,4669,1,26,114,141,1.198581560283688,0.03518637331229484,653,"I am very impressed with your proboscis. It is a wonderful, natural, and green alternative to straws."
1598,4670,2,23,111,136,1.1985294117647058,0.03736974901896393,653,"Dry martini, chigger with gin."
261,4671,7,24,161,192,1.1979166666666667,0.03482659560161418,653,Hors d'oeuvres?
1927,4672,4,28,150,182,1.1978021978021978,0.0334591804002203,653,"Spindley, these are two of my human friends."
1425,4672,5,26,151,182,1.1978021978021978,0.03435446871877914,653,Learn to code.
1094,4672,5,26,151,182,1.1978021978021978,0.03435446871877914,653,"And at other times, the burglar bars are sufficient to keep them out of the house”"
1674,4675,9,17,151,177,1.1977401129943503,0.03845997594619168,653,My spirit animal is a spirits animal.
1839,4675,9,17,151,177,1.1977401129943503,0.03845997594619168,653,"Let me introduce our sponsor, SkinnyGirl Cocktails."
567,4677,8,18,146,172,1.197674418604651,0.038359830555937294,653,This is an enormous mosquito with a wine glasses containing a dark fluid.
1840,4677,6,22,144,172,1.197674418604651,0.03654418815997308,653,"Derek and Joan meet our new wine accessory, Corkie."
3354,4677,5,24,143,172,1.197674418604651,0.03560166052682325,653,"It's been a struggle, but we've managed to avoid any serious itching."
3657,4677,5,24,143,172,1.197674418604651,0.03560166052682325,653,Aeden has been behind so many of the WHO efforts...
4918,4677,4,26,142,172,1.197674418604651,0.03463349211764261,653,"Do you have a name or should I call you ""Lawyer?"""
5723,4677,4,26,142,172,1.197674418604651,0.03463349211764261,653,I’d like you to meet the best organic pollinator there is.
4427,4683,4,25,138,167,1.1976047904191616,0.03526673992326516,653,"Fine, I'll let you have just one more pint."
4040,4683,2,29,136,167,1.1976047904191616,0.033158003725040255,653,She'll only sting if you criticize her book club.
1806,4683,4,25,138,167,1.1976047904191616,0.03526673992326516,653,"Oh, come on, a drink is a drink!"
1321,4683,4,25,138,167,1.1976047904191616,0.03526673992326516,653,This must be very frustrating for you ! Will the bartenders ever learn to use proper glasses !
3178,4683,5,23,139,167,1.1976047904191616,0.036275167976288485,653,"Dont take it so seriously,
it's called ""happy juice"" for a reason."
1095,4688,5,22,135,162,1.1975308641975309,0.036985880884117604,653,This Bloody Mary is a bit weak.
1228,4688,4,24,134,162,1.1975308641975309,0.035934303230654274,653,Mine’s clotted but yours looks delicious
2530,4690,6,19,132,157,1.197452229299363,0.03880407455006589,653,Don't you just love it when market meets farm?
3622,4690,3,25,129,157,1.197452229299363,0.035507439357164994,653,We're a mixed species family.
5186,4690,6,19,132,157,1.197452229299363,0.03880407455006589,653,"Oh! Did you you get the Bloody Mary with HIV, Tabasco, and extra West Nile?"
2638,4693,6,18,128,152,1.1973684210526316,0.03964757793433007,653,You should have asked for a Screaming Orgasm.
964,4693,3,24,125,152,1.1973684210526316,0.036201040162359255,653,We figured this was one way to stave off this year’s spread of that nasty bug.
5180,4693,6,18,128,152,1.1973684210526316,0.03964757793433007,653,"May I introduce, the originator of the mosquito cocktail"
3077,4696,5,19,123,147,1.1972789115646258,0.039377619808549695,653,"Normally, yes. But tonight I'll just be having Grey Goose Bloody Mary's..."
884,4696,4,21,122,147,1.1972789115646258,0.03817602626873484,653,"Edna, Charles…I'm sorry, I didn't get your name."
7,4698,2,24,116,142,1.1971830985915493,0.03636604080945931,653,"""And this is Jeremy. He'll be designing the new website"
4515,4699,4,19,114,137,1.197080291970803,0.03991109707390912,653,They tell us that nothing bad will happen as long as we supply him with all of the blood that he needs.
949,4700,5,26,152,183,1.1967213114754098,0.034183316879904224,653,I decided to marry a lawyer with convictions
4642,4701,2,31,145,178,1.196629213483146,0.03192842241945166,653,Let me get you another glass. Your beak is too long.
5649,4702,2,30,141,173,1.1965317919075145,0.03244211607029429,653,"Bloody Marys are such rip -offs,  here take a sip of this, it's a 'Plasma Pete',  it's what all the 'vampires' drink."
3855,4703,6,20,137,163,1.196319018404908,0.037793909408668336,653,Do you know what Brexit means?
3322,4703,4,24,135,163,1.196319018404908,0.03573372166893295,653,I just can't get enough of this Sangria made with Blood Orange!
4017,4703,3,26,134,163,1.196319018404908,0.03465773365749465,653,You look so familiar Have we met before?
1521,4703,7,18,138,163,1.196319018404908,0.03878298532126633,653,I'd drink your blood but this wine is so good!
2174,4703,3,26,134,163,1.196319018404908,0.03465773365749465,653,"Oh !Sangria does it for me!"""
1970,4708,3,24,126,153,1.196078431372549,0.035986781783617534,653,Do you want to show us your dip and sip trick again?
3863,4708,6,18,129,153,1.196078431372549,0.039408709686542885,653,I'll trade you for that Bloody Mary you have there!
745,4710,3,23,122,148,1.195945945945946,0.03670915961563207,653,Let’s ask this guy which year this was corked. He’s got the nose for it.
867,4710,4,21,123,148,1.195945945945946,0.037940625496203764,653,"No,no. I'm just saying that bitimg everyone you know may not be the best strategy."
3784,4712,7,24,163,194,1.1958762886597938,0.03449665574046267,653,I thought you might prefer merlot over a gin & tonic but it's your call.
4599,4713,5,18,120,143,1.1958041958041958,0.04001716028382389,653,He was delivering a baby but we convinced him to become our butler.
4543,4714,5,26,153,184,1.1956521739130435,0.034013837335563374,653,You wanted to meet the NIMBY couple.
1043,4714,6,24,154,184,1.1956521739130435,0.034876032766539555,653,"So, is Zika going to introduce an IPO?  There's room in the New York exchange."
2208,4714,4,28,152,184,1.1956521739130435,0.033129210661402564,653,"Sorry, There are no more grasshoppers !"
4972,4717,4,27,148,179,1.1955307262569832,0.033686525727636175,653,"Fred is so big now he needs to drink blood directly out of a glass. Years ago, he would have been biting you as we speak!"
3731,4717,3,29,147,179,1.1955307262569832,0.03274158391038555,653,I'll take it if  you can't  drink it.
2707,4717,5,25,149,179,1.1955307262569832,0.034605674595889174,653,"I know not all of you carry Zika, but I don't want to risk it."
892,4720,6,22,146,174,1.1954022988505748,0.03615843090358904,653,If I spike your drink it’s purely by accident I assure you.
2279,4720,4,26,144,174,1.1954022988505748,0.03427171704626229,653,"Ron, darling....Do you mind if I interject? The story is a lot more interesting than that..."
5512,4720,4,26,144,174,1.1954022988505748,0.03427171704626229,653,Zeke is a biblical name but what were your parents thinking?
5361,4723,4,25,140,169,1.1952662721893492,0.0348871167073119,653,And this is Denise. She's into leggings.
3396,4723,1,31,137,169,1.1952662721893492,0.03171409430750851,653,"Is that a bloody Mary, Sir? 
May I?"
3064,4723,5,23,141,169,1.1952662721893492,0.03588249281034258,653,"It just tastes better when you know where it comes from""
Charlie Anzalone, Croton-on-Hudson, N"
5538,4723,2,29,138,169,1.1952662721893492,0.03280588599444053,653,"I'd hate to be a bug and seem like a pest,
But can I try your red, I've heard it's the best!"
2415,4723,6,21,142,169,1.1952662721893492,0.03685099277385852,653,"I'd like a bloody, Mary."
1925,4723,4,25,140,169,1.1952662721893492,0.0348871167073119,653,So how do you feel about geneic modification?
2925,4723,4,25,140,169,1.1952662721893492,0.0348871167073119,653,Meet my ex. He's a little irritating but at least he likes to drink.
1487,4730,5,22,137,164,1.1951219512195121,0.03657289427809463,653,Can I offer you a Bloody Mary instead?
2230,4730,7,18,139,164,1.1951219512195121,0.03856436170937048,653,"And this, is, our new state Representative from Southern Louisiana, Senator Poindexter."
2494,4730,4,24,136,164,1.1951219512195121,0.03553533307553837,653,Michael's in charge of Web design for the company
2627,4730,5,30,170,205,1.1951219512195121,0.03176428682550181,653,"How 'bout a Bloody, Mary?"
1583,4734,5,21,133,159,1.1949685534591195,0.03730212760604782,653,A Bloody Mary is made with tomato juice.
2032,4734,5,21,133,159,1.1949685534591195,0.03730212760604782,653,"It's Tru blood. Will that do?"""
4641,4734,4,23,132,159,1.1949685534591195,0.03621929358833309,653,"Oh, but you tell it so much better."
5539,4734,3,25,131,159,1.1949685534591195,0.035103072972858924,653,Opposable thumbs are great or what?
5646,4734,3,25,131,159,1.1949685534591195,0.035103072972858924,653,How did the Bloody Mary turn out?
1769,4739,4,30,161,195,1.1948717948717948,0.0319408618702572,653,"Oh, do buzz off !"
2186,4740,4,22,128,154,1.1948051948051948,0.03694229582892943,653,"Actually, its Ms Keto. This is 2019 after all."
3424,4741,4,21,124,149,1.1946308724832215,0.03770806881243978,653,That is really an unusual perspective!
4538,4742,3,30,152,185,1.1945945945945946,0.032063114625144835,653,Here’s to anything!
3967,4742,7,22,156,185,1.1945945945945946,0.03553956873383737,653,BuzzFeed is more than just quizzes.
3783,4742,4,28,153,185,1.1945945945945946,0.03296661532589705,653,"I'd like you to meet our head of R&D, Dr. Weevil."
1843,4745,3,29,148,180,1.1944444444444444,0.03257729406015716,653,It is hard to doubt when you say its that long.
5893,4746,3,28,144,175,1.1942857142857144,0.033116347475098826,653,You were always one for a good Red.
3577,4746,6,22,147,175,1.1942857142857144,0.03596855300212748,653,Red wine goes well with humans.
3048,4746,8,18,149,175,1.1942857142857144,0.037750492646460035,653,"I asked for a grasshopper, not a grasshopper grasshopper"
2767,4746,3,28,144,175,1.1942857142857144,0.033116347475098826,653,"This is my friend Xrpzphtt, who rescued me from that horrid alien abduction."
3665,4746,2,30,143,175,1.1942857142857144,0.03210936039692623,653,So hopefully this is less awkward than when HIS family discovered I don't drink red wine.
1766,4746,5,24,146,175,1.1942857142857144,0.035043620818560745,653,You are a  fencing champ?
1409,4746,4,26,145,175,1.1942857142857144,0.03409360519339769,653,"So I was sitting there, drenched in barbecue sauce..."
495,4746,2,30,143,175,1.1942857142857144,0.03210936039692623,653,Angela! You wanna change your drink? You keep starring at Jack's Bloody Mary.
2766,4746,4,26,145,175,1.1942857142857144,0.03409360519339769,653,Well straws hurt us.
127,4755,4,19,116,139,1.1942446043165467,0.03938545994905301,653,This is one of our candidates to become an ambassador for genetically modified blood.
206,4756,5,23,142,170,1.1941176470588235,0.035689283324363795,653,"This is Gregor's sister, Grete."
1844,4756,4,25,141,170,1.1941176470588235,0.03470030691409564,653,He doesn't bite
2380,4756,4,25,141,170,1.1941176470588235,0.03470030691409564,653,"No, sorry, it's not a Bloody Mary--just straight blood. By the way, just out of curiosity, what blood type are you folks?"
2417,4756,1,31,138,170,1.1941176470588235,0.03154790590688391,653,"Well, our friend here specializes in Phlebotomy as well!"
3123,4756,4,25,141,170,1.1941176470588235,0.03470030691409564,653,"Yes, my name is Mary..."
3212,4761,5,22,138,165,1.1939393939393939,0.03636979499461686,653,Monsieur Mojito!
2113,4761,5,22,138,165,1.1939393939393939,0.03636979499461686,653,I specialize in bloody Marys. What are YOUR names?
5885,4761,4,24,137,165,1.1939393939393939,0.035339102393001816,653,"Fred and Janet, meet Eileen Samsa. She recently left her husband Gregor, a monstrous vermin. Do you know anyone for her?"
1219,4761,6,20,139,165,1.1939393939393939,0.03737207270085309,653,"Oh, Susan, we we're just talking about how you make the best Bloody Mary's!"
742,4761,4,24,137,165,1.1939393939393939,0.035339102393001816,653,Would you mind giving me a hand.
2096,4761,7,18,140,165,1.1939393939393939,0.038348163554011806,653,"""He might be a bit kitsch, but on clearance at Pier One."""
4163,4767,3,25,132,160,1.19375,0.03490426597163831,653,Could I have a sip of what you’re drinking?
4562,4767,4,23,133,160,1.19375,0.036012832924113676,653,"Funnily enough, at first, I wanted to smack him for his boldness."
4673,4767,3,25,132,160,1.19375,0.03490426597163831,653,Malaria— It’s all the rage
4634,4770,1,35,155,191,1.193717277486911,0.029617037955457497,653,He likes sugar and water!
2036,4771,0,36,150,186,1.1935483870967742,0.0290467850897257,653,It’s type “pinOt”.  Why do you ask?
3627,4771,2,26,127,155,1.1935483870967742,0.03436755686236305,653,"I'm  sorry..?  Oh, of course, let me hold it for you!"
3873,4771,2,26,127,155,1.1935483870967742,0.03436755686236305,653,The blood-orange cocktail looks delicious.
5322,4771,5,20,130,155,1.1935483870967742,0.03784825631877749,653,Arnaud is a sommelier.
5602,4775,5,25,151,181,1.1933701657458564,0.034256123826405666,653,"No, my name's not Mary"
5491,4775,5,25,151,181,1.1933701657458564,0.034256123826405666,653,"Well, my husband is an experimental exterminator."
3404,4775,6,23,152,181,1.1933701657458564,0.03514070821447786,653,Just like living in a Neo-Kafkaesque world.
1300,4775,4,27,150,181,1.1933701657458564,0.03334808338428168,653,"But darling, we didn't mean that sort of buzz."
1115,4775,3,29,149,181,1.1933701657458564,0.032414615703413335,653,"Let me introduce my father, Daddy long legs."
2712,4775,3,29,149,181,1.1933701657458564,0.032414615703413335,653,"Klingon Blood Wine? No, I've never heard of it."
2416,4781,2,25,123,150,1.1933333333333334,0.03500932016100456,653,"Here’s Harry, his wine tasting course is creating quite a buzz"
5742,4781,4,21,125,150,1.1933333333333334,0.037478305929719805,653,"She prefers blood, but a good cab will do."
4921,4783,4,26,146,176,1.1931818181818181,0.03391730689783446,653,So you are the expert on bug juice!
542,4783,8,18,150,176,1.1931818181818181,0.03755161736785979,653,I Only drink Pinot.
3195,4783,4,26,146,176,1.1931818181818181,0.03391730689783446,653,I was just telling them how you cut out the middle man.
4336,4783,3,28,145,176,1.1931818181818181,0.03294614760889085,653,I was hatched in a distillery so acquired a taste for alcohol instead of blood.
4339,4783,3,28,145,176,1.1931818181818181,0.03294614760889085,653,He's got the bill
4490,4783,6,22,148,176,1.1931818181818181,0.03578063494506517,653,"Forgive me, but toasting with you feels a bit dangerous."
5340,4783,8,18,150,176,1.1931818181818181,0.03755161736785979,653,"I don't know if you prefer ""insect"" or ""bug"" or if you're sucking on a Bloody Mary or if these two are named ""The Deets"" and you find them repellent, but I'm certain nothing funny will come to me til after the fourth of March, and it will kill me."
2637,4790,3,22,120,145,1.193103448275862,0.0370054253609316,653,The bugs keep getting in the booze!
1281,4791,4,25,142,171,1.1929824561403508,0.034515457193193766,653,"Portion, passion, poison: whatever you like."
4513,4791,2,29,140,171,1.1929824561403508,0.03246102102593794,653,We presume you're not the Chard type.
263,4793,6,20,140,166,1.1927710843373494,0.0371646255730282,653,Do you have a straw?
785,4793,4,24,138,166,1.1927710843373494,0.035144995287064905,653,I think it's the best diet I ever tried.
5709,4793,6,20,140,166,1.1927710843373494,0.0371646255730282,653,Are you a friend of the Bride or the Groom?
123,4796,4,23,134,161,1.1925465838509317,0.0358086789315852,653,I hope you don't get arrested  for drunk flying...
1450,4796,2,27,132,161,1.1925465838509317,0.03357055232967971,653,"Just you wait, the frog will come. I told him the party is insect-themed."
43,4798,5,26,156,187,1.1925133689839573,0.03351519536415101,653,"Guys, this is Franz."
5927,4799,4,22,130,156,1.1923076923076923,0.03650960943492191,653,You should see this amazing trick he does where he turns water into blood!
2414,4799,6,23,153,182,1.1923076923076923,0.03496324113269576,653,"only the exquisite like my self, drink AB positive, which is why, i'm assuming, you're drinking...tequila?"
4923,4799,3,29,150,182,1.1923076923076923,0.032253525804441345,653,Got an extra swizzle stick?
1897,4799,8,14,134,156,1.1923076923076923,0.04078974779090584,653, 
2143,4799,6,23,153,182,1.1923076923076923,0.03496324113269576,653,How can you be so sanguine about the poor attendance?
574,4804,5,24,148,177,1.192090395480226,0.03468108360686171,653,Interracial relationships are so 2008.
2309,4804,6,22,149,177,1.192090395480226,0.03559464700673274,653,Wine's OK -- sure you would'nt rather have  a Grasshopper?
3103,4804,5,24,148,177,1.192090395480226,0.03468108360686171,653,He’s the sommelier at Washington’s Mosquito Fleet Winery.
3201,4804,8,18,151,177,1.192090395480226,0.03735480646863881,653,"I know it's the wrong glass for port, but he insisted on having a big dose of sweetness.

Patrick Calhoun, Columbia, SC
803-466-8836"
4345,4804,6,22,149,177,1.192090395480226,0.03559464700673274,653,A little less lemon eucalyptus and a touch more neem oil.
4441,4804,8,18,151,177,1.192090395480226,0.03735480646863881,653,I PREFER A POSITIVE
424,4810,4,21,126,151,1.1920529801324504,0.03725128770973571,653,My husband and I met at the in vivo testing lab where I work.
4530,4810,2,25,124,151,1.1920529801324504,0.03480025854117183,653,"In a prior life, my husband was called Watson and worked at Theranos. Now he just drinks red wine and pokes me."
5008,4812,7,19,146,172,1.191860465116279,0.03718496331002041,653,I used sip blood before I discovered red wine.
4786,4812,4,25,143,172,1.191860465116279,0.0343325374587214,653,"And Monsieur Skeeter is presenting his newest vintage, Sang des Humains."
4723,4812,4,25,143,172,1.191860465116279,0.0343325374587214,653,Do you have to bug into everyone’s conversation?
3579,4812,6,21,145,172,1.191860465116279,0.03625909596726332,653,Looks like evolution is real!!
196,4816,3,26,138,167,1.1916167664670658,0.03390524757589614,653,You want some blood? I gave at the office.
3313,4816,2,28,137,167,1.1916167664670658,0.03282409094384932,653,Anyone else see the news about the number of mosquitoes decreasing?
4624,4816,4,24,139,167,1.1916167664670658,0.034952978128845215,653,"No, I said I could drink a beaker full of these!”"
1967,4819,3,30,155,188,1.1914893617021276,0.031600453499255554,653,"I'm afraid, Daddy's, shall I say, Devotion to his nightly Grasshoppers has been..transforming ."
2328,4819,1,34,153,188,1.1914893617021276,0.02974575725189496,653,She decided to delay her flight until tomorrow.
4452,4819,3,21,117,141,1.1914893617021276,0.03754752964542799,653,This Grenache is all the buzz west of the Nile.
4912,4819,6,24,158,188,1.1914893617021276,0.03419439342441301,653,"But for this glass, I could finish you off with a clap, you know."
4959,4823,4,23,135,162,1.191358024691358,0.03560679388789338,653,And these are the leaches...
2591,4823,3,25,134,162,1.191358024691358,0.0345132226092174,653,...and that's why I want you to host the Malaria Biennial.
1056,4823,3,25,134,162,1.191358024691358,0.0345132226092174,653,"So, what's the point of your story?"
2031,4823,5,21,136,162,1.191358024691358,0.03666776523155518,653,"West nile 2018 , oh yes as the lce bergs melted it turned out to be vintage years"
1722,4827,4,27,152,183,1.1912568306010929,0.033016271574840036,653,I'm sorry the b positive only comes in blood red.
2295,4828,8,23,173,204,1.1911764705882353,0.0338832681895552,653,Vampires anonymous had a nice ring to it
3846,4829,1,28,128,157,1.1910828025477707,0.03274894974059211,653,"This is our neighbor Ms. Kita, she brought that bottle of blood red Merlot"
1582,4830,6,22,150,178,1.1910112359550562,0.035410560047637284,653,"Yes, and I'd like to introduce you to Bob who directed the neo-noir thriller 'Blood and Wine' right here in South Miami."
1777,4830,4,26,148,178,1.1910112359550562,0.03357004347256198,653,And this one of our most productive suppliers.
3716,4830,6,22,150,178,1.1910112359550562,0.035410560047637284,653,Nice seeing you out of my mattress.
5141,4833,4,21,127,152,1.1907894736842106,0.037026966132080424,653,"Sorry, I didn't know calling you a bug was an insult."
6062,4833,6,17,129,152,1.1907894736842106,0.039309960219104566,653,"Fred, you're drunk again."
5547,4835,4,25,144,173,1.1907514450867052,0.03415151822108803,653,Of course I let him breathe first!
1438,4836,3,26,139,168,1.1904761904761905,0.03372212062539924,653,You choose:  take the alcohol directly or get it via their blood.
2239,4836,5,22,141,168,1.1904761904761905,0.03577364139046235,653,He's a bit of a party hopper.
153,4836,3,26,139,168,1.1904761904761905,0.03372212062539924,653,"I still can't believe I fell for the ""Who's your daddy?"" line."
2209,4839,4,23,136,163,1.1901840490797546,0.03540714086767703,653,"I don’t know about you Barbara, but I prefer the reds"
3693,4839,4,23,136,163,1.1901840490797546,0.03540714086767703,653,Anopheles is much better since he quit his bloody drinking.
792,4841,3,28,148,179,1.1899441340782122,0.03244571205548075,653,There's plenty to drink.
5388,4841,7,20,152,179,1.1899441340782122,0.03610826810217671,653,I just call him Daddy.
1888,4843,4,22,132,158,1.1898734177215189,0.03608680390786284,653,Let me introduce you to the original Octomom.
1200,4844,6,21,147,174,1.1896551724137931,0.03587483098845341,653,We live in a tree now. This is our landlord
2411,4844,3,27,144,174,1.1896551724137931,0.03298001204190595,653,"Elon Musk brought her back from his Mars journey, she'll be the next CEO"
4335,4844,2,29,143,174,1.1896551724137931,0.03195685257075519,653,"I keeping telling my party members, we need to be inclusive to get elected."
4551,4844,4,25,145,174,1.1896551724137931,0.033972370572857284,653,"Loved your memoir about your youth in the honeysuckle vine, but really...did you really do that with a hundred larvae?"
5098,4848,4,21,128,153,1.1895424836601307,0.03680529426371062,653,How about a straw?
2080,4848,8,13,132,153,1.1895424836601307,0.041214402019929215,653,Shall I hold that for you?
1984,4848,2,25,126,153,1.1895424836601307,0.03438940333630873,653,Let me introduce John and Ann Opheles.
2998,4851,4,24,141,169,1.1893491124260356,0.034575082563343296,653,"Sweetheart, be a dear and bring me a shrimp cocktail."
4793,4851,4,24,141,169,1.1893491124260356,0.034575082563343296,653,This wine has great legs.
5963,4851,4,24,141,169,1.1893491124260356,0.034575082563343296,653,"I want to file jointly, but he says it's better if I claim him as a dependent."
714,4854,3,29,153,185,1.1891891891891893,0.03177956277878356,653,This is Tom. He just flew in from a Tim Burton shoot and boy are his arms tired.
1978,4854,7,14,127,148,1.1891891891891893,0.04107329059776821,653,can I call you an Uber?
4074,4854,6,23,156,185,1.1891891891891893,0.034441309936646236,653,May I present Morris Skeeto...
5260,4854,3,22,123,148,1.1891891891891893,0.036322177069935874,653,Le chaim friends !!!
56,4858,5,21,138,164,1.1890243902439024,0.03625656529444611,653,Can I get you some more blood?
5688,4859,4,26,150,180,1.1888888888888889,0.03322971687706521,653,We don't kiss much but I'm crazy over the hugs.
4954,4860,1,28,130,159,1.1886792452830188,0.0323800614571088,653,"Samantha, Frank, meet our new neighbor, Buzz."
63,4860,6,18,135,159,1.1886792452830188,0.03803322047192668,653,He can put down the Bloody Mary's.
1950,4862,6,21,148,175,1.1885714285714286,0.035685702847990844,653,Yours is Sangria
2826,4862,4,25,146,175,1.1885714285714286,0.03379506617498362,653,Is that the right glass for a Bloody Mary?
5148,4862,6,21,148,175,1.1885714285714286,0.035685702847990844,653,"George is a visiting researcher from Ursa Major, 
with a specialty in intersteller food sourcing."
5461,4862,5,23,147,175,1.1885714285714286,0.03475324362938389,653,The White House will never know he's on the border wall.
5487,4866,1,27,126,154,1.1883116883116882,0.03292270700040717,653,Meet my friend Gunnar from Minnesota
190,4867,6,20,144,170,1.188235294117647,0.036357121134118854,653,"Oh, you'd rather have a vodka stinger?"
2271,4867,3,26,141,170,1.188235294117647,0.03336164450889911,653,"This is Charles, our wine consultant."
4270,4867,6,20,144,170,1.188235294117647,0.036357121134118854,653,Is your name Jim-the famous grasshopper who walked into a bar?
5704,4870,6,23,157,186,1.1881720430107527,0.034270738781157405,653,I call it a Grasshopper.
4434,4870,5,25,156,186,1.1881720430107527,0.03341198733745908,653,"I'm drinking a Cabernet, but I'd rather drinking some AB+ right now."
965,4870,4,27,155,186,1.1881720430107527,0.03253057421981244,653,"Watch out, it might start bobbing again."
3041,4870,6,23,157,186,1.1881720430107527,0.034270738781157405,653,I can't believe you are drinking again after your alien spaceship got that DUI.
403,4874,6,16,127,149,1.1879194630872483,0.039689900277016354,653,Can I get you anything from the bartender?
880,4875,3,25,137,165,1.187878787878788,0.03394256135573651,653,"I'd like you to meet Anopholes Moustique, he's here with the Chief of the Gene Splicing Research Center."
1305,4875,1,29,135,165,1.187878787878788,0.031690342556891925,653,No need to worry about me flying home. I am still in my pupa stage.
1794,4877,3,28,150,181,1.1878453038674033,0.032120313488947255,653,But is it a girl or a boy?
631,4877,1,32,148,181,1.1878453038674033,0.030148628994005337,653,"She’s from Paul’s side, but you can say that we have also developed a blood relation"
2188,4877,6,22,153,181,1.1878453038674033,0.03486942215241526,653,"Thanks, but I never accept a drink that I didn't watch being poured."
4861,4880,4,22,134,160,1.1875,0.035673550443681125,653,Are you enjoying The Pinot’s?
4904,4880,7,16,137,160,1.1875,0.038838785483864394,653,Are you drinking the Moss Keto?
4567,4880,2,29,145,176,1.1875,0.031629192910282176,653,Thicker than a Super Tuscan? Really?
4777,4880,3,24,133,160,1.1875,0.03455410032190975,653,"So, I met this sucker at the Lake.”
Russell Keske, Chicago, Illinois"
3172,4880,5,20,135,160,1.1875,0.03675892481369823,653,"When the Transubstantiation occurs, you’re really going to get that flavor you’re looking for."
1555,4880,2,26,132,160,1.1875,0.03339714803475509,653,I am surprised its not a Bloody Mary
4533,4880,6,21,149,176,1.1875,0.03549853664443232,653,Do you prefer floral or fruity notes in wine?
2059,4887,8,19,160,187,1.1871657754010696,0.035748241948335244,653,"Another nerd in a sweater vest? Don't you have any cool friends Debbie?  That's right, keep drinking your dry Martini."
5338,4888,6,20,145,171,1.1871345029239766,0.03616063990648201,653,I hope they're not bugging you.
214,4888,4,24,143,171,1.1871345029239766,0.03420516012588529,653,The mosquitos here have decided to eliminate the middleman.
3355,4888,3,26,142,171,1.1871345029239766,0.03318423616166341,653,"If you turn your back on him, your drink is history!"""
3550,4888,3,26,142,171,1.1871345029239766,0.03318423616166341,653,Buzz feed is fine but I’m more of a buzz drink person
3610,4888,5,22,144,171,1.1871345029239766,0.035196483188549614,653,"Make them, no he doesn’t even like Bloody Marys."
4842,4888,3,26,142,171,1.1871345029239766,0.03318423616166341,653,"Sorry for being late, I needed to fly over a wall."
1818,4894,5,27,166,198,1.1868686868686869,0.03205751741084689,653,Hey.  Did someone spike my drink?
1441,4895,5,24,153,182,1.1868131868131868,0.03380632807078462,653,I want you to meet my neighbor who is enjoying his Bloody Mary.
4033,4896,3,25,138,166,1.1867469879518073,0.03375644753282386,653,Mo opposes barriers too.
1071,4896,3,25,138,166,1.1867469879518073,0.03375644753282386,653,"No, I never said 'drinking problem.'"
1550,4898,5,18,127,150,1.1866666666666668,0.038293189757509415,653,This is why I hate dinner parties!
5943,4898,2,24,124,150,1.1866666666666668,0.0346108654321977,653,"With a little practice, small talk will come more naturally."
1003,4900,5,23,149,177,1.1864406779661016,0.034392266465773313,653,Hold our drinks. We'll be right back.
5211,4900,5,23,149,177,1.1864406779661016,0.034392266465773313,653,She's very efficient but she only serves grasshoppers!!
6054,4902,3,24,134,161,1.186335403726708,0.03435855077252008,653,Any interest in being our designated driver?
5914,4902,4,22,135,161,1.186335403726708,0.03547040685896674,653,"Here you are, it's right from the tap"
5932,4902,5,20,136,161,1.186335403726708,0.03654845433521683,653,"The wine glass?"" I don't know where that idea came from."
1397,4902,6,18,137,161,1.186335403726708,0.03759560168219449,653,Isnt she so cordial for a bloodsucker?
3242,4902,6,18,137,161,1.186335403726708,0.03759560168219449,653,"Whenever Mr. Mozzie shows up at my parties, gin and tonic becomes the preferred drink for the other guests."
5448,4907,6,20,146,172,1.186046511627907,0.035966248717102293,653,I would like you to meet Mr. Musky Toe.
5265,4907,5,22,145,172,1.186046511627907,0.0350081646302132,653,"of course we support Zika, is that a Bloody Mary you're drinking?"
4382,4907,4,24,144,172,1.186046511627907,0.03402311177378928,653,I’m on Spring Break and you?
1731,4907,3,26,143,172,1.186046511627907,0.03300867581057148,653,Gee and I thout my daddy had long legs
3592,4907,4,24,144,172,1.186046511627907,0.03402311177378928,653,We wish we were as sharp as you
3970,4907,4,24,144,172,1.186046511627907,0.03402311177378928,653,I know you would prefer a Bloody Mary but w'ere out of tomato juice.
277,4913,6,17,133,156,1.185897435897436,0.03837528237973413,653,"Oh, and this is Mr. Samsa from 3-D."
3266,4913,3,23,130,156,1.185897435897436,0.03499318990757995,653,Whoa!  That’s not wine he’s drinking!
4272,4913,5,19,132,156,1.185897435897436,0.03728202397651635,653,And this is Arnold. His wine is so exclusive; he has to suck it out of his suppliers.
4405,4913,5,19,132,156,1.185897435897436,0.03728202397651635,653,"Insects and mammals aren't perfect, but we can all agree: Birds are the worst!"
2915,4917,4,26,153,183,1.185792349726776,0.032731793824151846,653,"Well sure, we all like olives. But twenty?"
451,4918,3,25,139,167,1.18562874251497,0.0335723330028186,653,"Yes, it is called a ""grasshopper"""
1462,4918,3,25,139,167,1.18562874251497,0.0335723330028186,653,Party crasher Skeet thinks the red wine is our blood.  Don't flinch.
1675,4918,5,21,141,167,1.18562874251497,0.03565657410685419,653,"This is Jerome Tipulidae, who is an exchange student living in Great Neck.  Mom, please don't offend him by calling him Daddy Long Legs."
1910,4918,6,19,142,167,1.18562874251497,0.03665427865789075,653,Here is my friend Sir Suckalot.
2955,4918,2,27,138,167,1.18562874251497,0.032480096618689766,653,The drinks at this party don’t suck.
5125,4918,2,27,138,167,1.18562874251497,0.032480096618689766,653,Isn't it more civil ?
5541,4918,3,25,139,167,1.18562874251497,0.0335723330028186,653,Glad to see we all enjoy red wine.
5439,4925,2,24,125,151,1.185430463576159,0.0344031077064515,653,Hold my wine!
2400,4926,3,24,135,162,1.1851851851851851,0.034165169635348186,653,"We met in college. He's currently a senior partner at Dewey, Cheatham, and Howe."
2486,4926,3,24,135,162,1.1851851851851851,0.034165169635348186,653,"...and he's a fast one, so keep your drink away from his beak."
394,4926,1,33,155,189,1.1851851851851851,0.029307035949482838,653,"You see? With enough alcohol, anything is possible!"
1994,4926,3,24,135,162,1.1851851851851851,0.034165169635348186,653,It keep her off our backs.
5610,4926,3,29,157,189,1.1851851851851851,0.03116852477747329,653,"Please meet ""Chrysalis."" I call my big social butterfly with an amazing nose for my best wines"
5779,4931,4,24,145,173,1.1849710982658959,0.03384296547072641,653,She is from their union.  It turns out all they have ever wanted was a glass of red wine.
5214,4931,6,20,147,173,1.1849710982658959,0.03577391482776463,653,"Femme un: Je vais avoir du jus de pomme.
L'homme: J'ai du vin rouge
Moustique: Je bois du sang frais
Femme deux: Ohhh moi aussi je ne suis pas merveilleux!
Femme un et L'homme: OH LA VACHE"
4365,4933,3,28,153,184,1.184782608695652,0.03164408385486011,653,"Let me take that from you.  According to Amy, stemware is to be held by the stem, and the beverage in it is to be sipped directly with the mouth ---no straws.""

Joe Pitts, Washington, D"
3596,4933,4,26,154,184,1.184782608695652,0.03256907389312741,653,And to think the papers played up the idea of a virulent insect invasion.
856,4935,3,23,131,157,1.1847133757961783,0.03478974439102747,653,My point is your story is valid and has legs.
3342,4935,4,21,132,157,1.1847133757961783,0.03594420164812587,653,Being a spider woman is not a curse. It's quite fun.
4329,4935,2,25,130,157,1.1847133757961783,0.033595639560289964,653,"Bill here's drinking a 2012 California O-, which was a great year for reds."
5201,4935,4,21,132,157,1.1847133757961783,0.03594420164812587,653,"You look too buzzed to fly home, let me call you a mosqUber"""
5424,4935,3,23,131,157,1.1847133757961783,0.03478974439102747,653,It brings such joy to Robert that we decided to keep it
1726,4940,7,22,166,195,1.1846153846153846,0.03385288184397473,653,Wet your beak in your own drink!
4100,4941,6,19,143,168,1.1845238095238095,0.03645219531031468,653,Both she and her tastes have evolved.
4000,4941,4,23,141,168,1.1845238095238095,0.03444111705624404,653,Jim just moved next door
2655,4941,3,25,140,168,1.1845238095238095,0.03339018635246278,653,Diversity at it's best.
1957,4941,3,25,140,168,1.1845238095238095,0.03339018635246278,653,"G
With my project greenlighted and dodging that rolled up newspaper, I would say my year is off 
to a great start"
3871,4941,4,23,141,168,1.1845238095238095,0.03444111705624404,653,Introducing science meets stupidity.
1811,4941,3,25,140,168,1.1845238095238095,0.03339018635246278,653,"No offense, but you are a bloodsucker."
1664,4941,6,19,143,168,1.1845238095238095,0.03645219531031468,653,"This is our candidate, Bob."
708,4941,4,23,141,168,1.1845238095238095,0.03444111705624404,653,"Hey Susan let me introduce Jim and Kay, they’re fascinated with blood as well."
1815,4941,3,25,140,168,1.1845238095238095,0.03339018635246278,653,Richard's latest work is all abuzz.
4823,4950,1,24,116,141,1.1843971631205674,0.0342865286453498,653,Your parties always generate a lot of buzz.
419,4951,4,25,150,179,1.1843575418994414,0.03310373345949561,653,My darling Frank is having another one which means in an hour the only wine left will be in your ears.
1588,4951,5,23,151,179,1.1843575418994414,0.03403862317420029,653,When we dated he only drank white wine.
4803,4951,4,25,150,179,1.1843575418994414,0.03310373345949561,653,You suck!
4805,4951,2,29,148,179,1.1843575418994414,0.031149892001122212,653,You told me you wanted yours Straight Up.
2667,4955,5,18,129,152,1.1842105263157894,0.03782728980865462,653,Are you sure it's OK to have a drink while we're expecting?
2949,4955,3,29,158,190,1.1842105263157894,0.031019362077526157,653,You’’re tired of grasshoppers?
3189,4955,6,16,130,152,1.1842105263157894,0.038962061418880575,653,He likes to put his nose in others business.
1096,4958,5,27,169,201,1.1840796019900497,0.031618471334200295,653,Have you met?
1781,4959,3,24,136,163,1.1840490797546013,0.033973921729726284,653,"Sorry, I ate the olive."
500,4959,5,20,138,163,1.1840490797546013,0.03613458290579025,653,How is the sangria?
1503,4959,2,26,135,163,1.1840490797546013,0.03284032575445373,653,"Drink up, everyone! I'm not driving tonight."
870,4962,8,16,150,174,1.1839080459770115,0.03740420516608472,653,"I must say, this is just A+!"
1496,4962,8,16,150,174,1.1839080459770115,0.03740420516608472,653,I'm tellin ya your b positive ...
1961,4962,4,24,146,174,1.1839080459770115,0.03366469206580455,653,What’s the Buzz?
4998,4962,6,20,148,174,1.1839080459770115,0.03558360616907738,653,My husband always makes excellent points. He can really go deep with needle-like precision.
283,4966,5,17,125,147,1.183673469387755,0.03863818263005194,653,It has more antioxidants than his usual choice.
1993,4966,1,25,121,147,1.183673469387755,0.03346875134347016,653,I overheard you talking about gender equality.  What about species equality?
5707,4968,4,23,142,169,1.183431952662722,0.03425412292803422,653,"Well, they’re FROM the Napa Valley."
88,4968,5,21,143,169,1.183431952662722,0.03526736899321475,653,It makes an awesome Mai Tai.
2601,4968,6,19,144,169,1.183431952662722,0.036252306048557115,653,You simply must tell me the name of your diet!
2801,4968,3,25,141,169,1.183431952662722,0.03320997680568587,653,Would you like one of my olives?
4517,4972,2,29,149,180,1.1833333333333333,0.030993281344776146,653,Need  I elaborate on the evils of alcohol?
716,4972,5,23,152,180,1.1833333333333333,0.03386448327981418,653,I just love olives. Do you mind?
1019,4972,4,25,151,180,1.1833333333333333,0.032935239203291444,653,"Oh..! You must be that author of that new book....""Think Thin""!"
427,4975,2,24,127,153,1.1830065359477124,0.03399486557572878,653,I only drink sweet reds
2832,4975,4,20,129,153,1.1830065359477124,0.036436925083256924,653,Let me introduce the CEO best pest control agency in the city.
5,4977,2,26,136,164,1.1829268292682926,0.03265875321223691,653,"Bill, Emily, I’d like you to meet Moss Kido."
988,4977,3,24,137,164,1.1829268292682926,0.03378477261230318,653,Don’t worry. Just means more for us.
3977,4977,3,24,137,164,1.1829268292682926,0.03378477261230318,653,"I know, you're such a catch. New York is such a tough place to date for women."
5039,4977,3,24,137,164,1.1829268292682926,0.03378477261230318,653,The sommelier seems very pointed.
343,4981,2,28,145,175,1.1828571428571428,0.03146586830096033,653,"I'm starting to feel pretty lightheaded, so no more bloodies for you."
1276,4981,5,22,148,175,1.1828571428571428,0.03445497355838122,653,"I told you Lenny, the Smiths are from Long Island."
5853,4983,3,28,155,186,1.1827956989247312,0.03133424824291365,653,"No, I am not here to retrieve olives"
5254,4983,6,22,158,186,1.1827956989247312,0.03400298559320839,653,Mary - “I prefer mine with a stalk of fresh celery.”
493,4983,4,26,156,186,1.1827956989247312,0.03224837595471029,653,"No, it's not a pyramid scheme. It's a multi-level marketing company."
2344,4983,4,26,156,186,1.1827956989247312,0.03224837595471029,653,"Charmed as well, Oliver. Who knew you were this social."
3184,4983,3,28,155,186,1.1827956989247312,0.03133424824291365,653,What long legs you have.
1088,4988,3,19,115,137,1.1824817518248176,0.03766900958598611,653,Even Ms. Quito brought her own drink.
804,4989,6,17,136,159,1.1823899371069182,0.03770266300757025,653,"The lyrics are ""like a FLY in your chardonnay."""
957,4989,4,21,134,159,1.1823899371069182,0.03552840843694508,653,"Now Charlie, I'm going to leave you with the Budmans. Mr. Budman's having an Old Fashioned. You don't like Old Fashions. Remember?"
1492,4989,7,15,137,159,1.1823899371069182,0.03874406139994121,653,They never serve Bloody Mary's these days!
2783,4989,6,17,136,159,1.1823899371069182,0.03770266300757025,653,"May a bird of paradise fly up your beak"""
2225,4993,3,25,142,170,1.1823529411764706,0.0330316742081448,653,I started going with martinis once I couldn’t help but notice all the legs with wine.
5615,4994,5,23,153,181,1.1823204419889504,0.03369209577651002,653,She's amazing - she always beats guests with two degrees of separation from Kevin Bacon.
4318,4995,5,25,162,192,1.1822916666666667,0.03245171590618843,653,It's time to join the circle?
2636,4995,5,25,162,192,1.1822916666666667,0.03245171590618843,653,Cheers!
1038,4995,2,31,159,192,1.1822916666666667,0.02982450837500825,653,It smoothes out the tang !
2017,4998,4,24,148,176,1.1818181818181819,0.033313650229560156,653,If you want a glass you can drink out of we suggest you find another party.
2624,4998,4,24,148,176,1.1818181818181819,0.033313650229560156,653,"Frankly, your argument doesn't have a leg to stand on. Oops, let me rephrase that."
2710,4998,1,28,136,165,1.1818181818181819,0.03132068033203836,653,This is my daddy. Now you know where my long legs came from.
3662,4998,5,24,158,187,1.1818181818181819,0.032974107340130336,653,The catering? By a company called AESOP. Why?
3966,4998,7,20,160,187,1.1818181818181819,0.03467410802621542,653,At first he wanted to eat our eyes but I just gave him some wine.
5355,4998,4,24,148,176,1.1818181818181819,0.033313650229560156,653,"And I'm like, Cabernet? I hardly know her!"
5873,4998,3,22,129,154,1.1818181818181819,0.0350276612952401,653,It was a typical meet-cute romance:  we accidentally switched phones while he was feeding on me.
20,5005,6,25,173,204,1.1813725490196079,0.03195594850408261,653,"I can assure you, that is NOT watered down blood."
1123,5006,4,25,153,182,1.1813186813186813,0.03260327925407542,653,Are you sure you should be having that? You look a bit peaked.
3546,5006,6,21,155,182,1.1813186813186813,0.034415103572550836,653,"How bad is your commute from the abyss of children's nightmares?"""
8,5006,5,23,154,182,1.1813186813186813,0.03352143472487884,653,He's successful because he wets his beak in everything.
2733,5009,4,23,144,171,1.1812865497076024,0.03388608618971974,653,"You know, he really bugs me..."
4054,5009,6,19,146,171,1.1812865497076024,0.0358589700976746,653,Is that red wine or blood?
4214,5009,4,23,144,171,1.1812865497076024,0.03388608618971974,653,"Gosh, they say I’m cold blooded."
5108,5009,4,23,144,171,1.1812865497076024,0.03388608618971974,653,"I LOVE THIS GUY, HE ALWAYS GETS THE POINT."
738,5013,3,23,134,160,1.18125,0.03419316544125568,653,Please meet my father-in-law.
743,5013,4,21,135,160,1.18125,0.0353240557565852,653,Stingers are so passe Henry.
2293,5013,1,27,132,160,1.18125,0.03181100216105375,653,You may bite me if you promise to take some fat along with the blood.
4248,5013,3,23,134,160,1.18125,0.03419316544125568,653,"You needn't be concerned, my proboscis is quite capable of 
sipping cocktails."
2319,5017,2,23,124,149,1.1812080536912752,0.0344078609568452,653,I think you've had enough for tonight.
1828,5017,2,23,124,149,1.1812080536912752,0.0344078609568452,653,So glad to see you're finally coming out of your shell.
963,5017,4,19,126,149,1.1812080536912752,0.03694983543616943,653,Enough of these anopheles.  They're sucking the life out our parties.
4655,5020,6,22,160,188,1.1808510638297873,0.03366822585100606,653,It was bloody hell.
4859,5021,3,26,148,177,1.1807909604519775,0.03215762794384648,653,"I call it....""Pinocchio""."
1243,5022,3,24,139,166,1.180722891566265,0.033412636544717184,653,Now don't go wild and indiscriminately start sucking down too many drinks.
3097,5022,5,20,141,166,1.180722891566265,0.035530873633010183,653,Bloody Marys rock!
3630,5022,2,26,138,166,1.180722891566265,0.0323014694826967,653,These summer colds must be tough on you”
3948,5022,6,18,142,166,1.180722891566265,0.03654397804362194,653,"Hey Zika, how do you like your Bloody Mary?"
1431,5026,4,20,131,155,1.1806451612903226,0.03600373269055227,653,"No, you overheard incorrectly. Why would I ask them if they ever considered stinging?"
3606,5026,3,22,130,155,1.1806451612903226,0.03482070629799701,653,"Try this red with a big mouthfeel.  I'm fresh out of blood."""
5775,5026,4,20,131,155,1.1806451612903226,0.03600373269055227,653,"I hope you didn’t order the beef. These days, Buzz is strictly vegan."
103,5029,4,27,163,194,1.1804123711340206,0.031301712518984566,653,"I  dropped seventy pounds. Remember 'Swattin' To The Oldies'?"""
5493,5030,6,21,156,183,1.180327868852459,0.03424086459216006,653,So give us the deets!
4319,5030,6,21,156,183,1.180327868852459,0.03424086459216006,653,"Well, I make a point of just dipping in and then sucking it up!"
1214,5030,6,21,156,183,1.180327868852459,0.03424086459216006,653,"As usual, dry humor"
1255,5030,4,25,154,183,1.180327868852459,0.03243976459939902,653,I'm so sorry that I don't have any other glasses.
2813,5030,5,23,155,183,1.180327868852459,0.03335247468541924,653,Why so standoffish? Other guests have been excited to meet Bill Gates.
195,5035,2,27,143,172,1.180232558139535,0.03162320166437709,653,"This is Charlie Goodblood. His book, ""Insectism and the American Founding"" was just named best history book of the year by the Independent Publishers Association."
203,5035,3,25,144,172,1.180232558139535,0.03268067226221355,653,He came as a promo with a case of wine.
1012,5035,6,19,147,172,1.180232558139535,0.03566545538084814,653,"My name is Mary, but I'd rather you stuck with wine."
2660,5035,2,27,143,172,1.180232558139535,0.03162320166437709,653,My spider sense tells me you have a lot in common.
5931,5035,3,25,144,172,1.180232558139535,0.03268067226221355,653,"And have you met James Norton from downstairs who has the lead in the new Off Broadway hit , ""The Mosquito""?"
3295,5040,5,19,137,161,1.1801242236024845,0.036210434348775994,653,I'm thinking of becoming an exterminator. What do you guys think?
3623,5040,2,25,134,161,1.1801242236024845,0.03283711773387901,653,"A toast it is, then. Here's to a snootful."
5123,5042,8,18,163,189,1.17989417989418,0.0351431985936979,653,I find the sanguine to be very dry.
5002,5042,3,28,158,189,1.17989417989418,0.030880543320137236,653,"Thank you. But I asked for a Brandy Alexander"""
4236,5042,5,24,160,189,1.17989417989418,0.032652450695262666,653,Daddy Longlegs never fails to join us when I uncork a Merlot.
4094,5042,4,26,159,189,1.17989417989418,0.031778849036375054,653,"No thanks, we’re already hopping."
2425,5042,3,28,158,189,1.17989417989418,0.030880543320137236,653,"So Melvin, tell me, are you a bird or a bug?"
3069,5042,7,20,162,189,1.17989417989418,0.03433303244786639,653,"Darla, Barry, meet Ana Mozzer, a mega-sized, sentient mosquito. But don't worry -- she's not cisgender."
2005,5042,2,30,157,189,1.17989417989418,0.029955311138711763,653,"Don't you like the Blood Cosmo? Here, you can have my Stinger."
3949,5042,4,26,159,189,1.17989417989418,0.031778849036375054,653,I thought you said you wanted a bloody
4713,5050,4,24,150,178,1.1797752808988764,0.0329697643973121,653,I think it's recommending a saucy little red from a VERY boutique vineyard.
4286,5050,4,24,150,178,1.1797752808988764,0.0329697643973121,653,Let’s toast our dear friend from another planet and wish it good luck in its quest for world domination.
6069,5050,8,16,154,178,1.1797752808988764,0.0366186462432668,653,Larry was the lead prosecutor in State of New York v. Wicked Witch.
1863,5050,6,20,152,178,1.1797752808988764,0.03484200494449039,653,What?!!!
1649,5050,2,28,148,178,1.1797752808988764,0.030984599727552457,653,Thank you for saying this party sucks big time!
3329,5050,3,26,149,178,1.1797752808988764,0.03199258339592875,653,"Cheers, to less humans"
5956,5056,2,26,139,167,1.1796407185628743,0.03212569689886557,653,"Gargantuanism has its benefits in today’s political environment, but I don’t know if you can sustain your numbers."
5183,5056,4,22,141,167,1.1796407185628743,0.03429796109134218,653,This Party is bugged.
3147,5056,5,20,142,167,1.1796407185628743,0.03533404876200776,653,"I hope for citizenship, not to vote but to compete in the Olympic high jump events."
4560,5056,3,24,140,167,1.1796407185628743,0.03322958423047904,653,I don’t know what all the halabalou is about this Zika virus.
6065,5060,5,23,156,184,1.1793478260869565,0.033185190706853725,653,"Red wine is really what keeps us together"""
3798,5061,5,21,147,173,1.1791907514450868,0.03451363854533352,653,Hold this. I need a drink.  Is there an elephant in the room?
5152,5061,5,21,147,173,1.1791907514450868,0.03451363854533352,653,My inherited wealth is largely from my grandfather's lucrative investments in the bloody plasma markets.
3231,5063,2,20,112,134,1.1791044776119404,0.036467805348237306,653,That is the reddest wine I have ever seen.
5324,5064,3,23,136,162,1.1790123456790123,0.03380653422915826,653,Can I get you something else?
6040,5064,2,25,135,162,1.1790123456790123,0.03265272608046261,653,"He woke up this morning, after a night of fitful dreams, and he's now rather charming."
6015,5064,4,21,137,162,1.1790123456790123,0.03492224209137745,653,He'll go extinct right before we do.
3638,5064,4,21,137,162,1.1790123456790123,0.03492224209137745,653,"What a flavor profile!  My dear lady, what vintage are you?"
4113,5064,2,25,135,162,1.1790123456790123,0.03265272608046261,653,"You poke at it, but you cannot pinpoint where it is."
1886,5064,7,15,140,162,1.1790123456790123,0.03807370091012106,653,"#This is Emilio, a stickler for signature drinks."""
4694,5064,5,19,138,162,1.1790123456790123,0.03600339190673985,653,"Meet our birdbot, Stella.  She locks the dogs and the kids out of cocktail hour, don’t you, Stella"
3689,5071,4,26,160,190,1.1789473684210525,0.03162532563892219,653,That’s what she said!
5601,5071,5,24,161,190,1.1789473684210525,0.03249393811628204,653,what a lovely thick red
4605,5073,7,18,154,179,1.1787709497206704,0.03555532070041242,653,"No, I will not make nor donate to your next drink."
34,5073,6,20,153,179,1.1787709497206704,0.03466136367010536,653,"This is ""Dennis the Menace"", but not related to the TV character you were probably thinking of."
2790,5073,3,26,150,179,1.1787709497206704,0.03182920098836401,653,I wouldn’t drink that it might stunt your growth Mr Mosquito.
3105,5073,5,22,152,179,1.1787709497206704,0.03374373175618583,653,Thank you for confirming I no longer see pink elephants.
3974,5073,3,26,150,179,1.1787709497206704,0.03182920098836401,653,Another mojito for you?
4064,5078,4,27,165,196,1.1785714285714286,0.031008683647302113,653,I'm your host so would you please give me back my Bloody Mary?
924,5078,6,23,167,196,1.1785714285714286,0.032652652404557454,653,Tom and I see each other the exact week once a month...
232,5078,5,20,143,168,1.1785714285714286,0.03513937033107813,653,Once he stopped delivering babies he got a taste for Cabernet Sauvignon
1607,5081,4,25,156,185,1.1783783783783783,0.032117546991034564,653,As a blood sucking critic i am a little thin on material today
3255,5081,4,25,156,185,1.1783783783783783,0.032117546991034564,653,"The ""Aedes"" martini."
421,5083,3,22,132,157,1.178343949044586,0.03441395302457576,653,"Its supposed to be a vampire theme, but it works!"
1020,5083,4,20,133,157,1.178343949044586,0.035580605392626675,653,"And Todd, here is writing the authizwd sequel to “The Metamorphosis.”"
1002,5085,5,21,148,174,1.1781609195402298,0.0343301608792044,653,And where are working now?
1278,5085,4,23,147,174,1.1781609195402298,0.03334845090760255,653,It’s a new drink that has plenty of bite it’s called an anopheles
5830,5085,2,27,145,174,1.1781609195402298,0.031292772996751504,653,He’s not much of a mixer.
5251,5088,2,30,159,191,1.1780104712041886,0.029670573027905742,653,That new diet has had a dramatic effect on Melvin
1958,5088,3,28,160,191,1.1780104712041886,0.03058520074801368,653,"I really hate to say this, but I think you’re overdressed."
5239,5090,5,19,139,163,1.177914110429448,0.03579868031493083,653,Fred's been on that new arachnid diet.
4714,5090,4,21,138,163,1.177914110429448,0.03472470518595781,653,"Good, you've mesmerized them.  You can now have another drop of nectar, and then we'll tackle the others."
4449,5090,4,21,138,163,1.177914110429448,0.03472470518595781,653,"OMG , that is just gnat picking!"
2625,5090,4,21,138,163,1.177914110429448,0.03472470518595781,653,Prof. W.A.S.P.! How nice! Let me introduce Jacob and Rebecca Stein.
2088,5090,3,23,137,163,1.177914110429448,0.03361643628067608,653,Terroir
4146,5090,5,19,139,163,1.177914110429448,0.03579868031493083,653,The resurgence of vampire movies has led to a surprising uptick in sales.
4247,5096,6,20,154,180,1.1777777777777778,0.03448256835734044,653,He’s a great help with the children.
2830,5096,2,20,113,135,1.1777777777777778,0.03622097078895108,653,That’s funny! My professor always said I was way too much into my research.
3020,5096,4,24,152,180,1.1777777777777778,0.03263282132542449,653,"Beer, I'm surprised your not a Bloody Mary drinker."
4264,5099,8,19,170,197,1.1776649746192893,0.03405565714074864,653,We didn’t order a grasshopper
4524,5100,2,23,127,152,1.1776315789473684,0.033788825162162535,653,"I beg your pardon Kelly, I know exactly what B.Y.O.B. means! This is from my Triassic collection."
3619,5100,2,23,127,152,1.1776315789473684,0.033788825162162535,653,I'm abuzz this new cocktail...
3981,5102,4,22,143,169,1.1775147928994083,0.03392398446630676,653,"I want respect for diversity, forget about how happy the moment is, and by the way, what's for dinner?"
3158,5102,2,26,141,169,1.1775147928994083,0.031779741436972875,653,It's fruit based.
147,5102,4,22,143,169,1.1775147928994083,0.03392398446630676,653,And this is my extraordinary extraterrrestrial lover
1053,5102,5,20,144,169,1.1775147928994083,0.03494680386251235,653,Mozzie here can tell you fascinating stories about his past life as a vampire.
2694,5106,6,21,159,186,1.1774193548387097,0.03372847512996021,653,"That must have been 30 years ago, at Syracuse, right, honey"
3175,5107,3,22,133,158,1.1772151898734178,0.03421407408623916,653,"According to Gregor, it is incorrect to assume that Ungeziefer must refer to any particular variety of insect."
3548,5107,5,18,135,158,1.1772151898734178,0.03649457734712867,653,I wish he would stop bugging me.
3832,5107,4,20,134,158,1.1772151898734178,0.035372708698403484,653,Here's to pecking order.
4129,5107,2,24,132,158,1.1772151898734178,0.03301480289953606,653,I suggested he switched from Bloody Marys to wine for once.”
1119,5111,6,19,150,175,1.177142857142857,0.03509713073034841,653,"Why do you always have to push your point?? We told you and Rebecca that this was a ""cocktail Party "" ,, you are just being wine snobs !"
890,5111,5,21,149,175,1.177142857142857,0.03414860378568027,653,"Pi Kapp Blood Brothers, why?"
962,5111,3,25,147,175,1.177142857142857,0.032167751717019286,653,Dr. Jekide just flew in from California for the forum on global warming and genetically modified seeds.
2122,5111,4,23,148,175,1.177142857142857,0.03317296633585226,653,Its taste is similar to that of a blood orange.
1236,5115,7,20,165,192,1.1770833333333333,0.03383370891477331,653,It's a Susan Markowitz 1986.
2899,5116,4,18,125,147,1.1768707482993197,0.03701251689454226,653,They said I was crazy when I told them that “Greenbook” was going to win tonight.
3818,5117,2,25,137,164,1.1768292682926829,0.03228999370830205,653,"Our new neighbor, Gossiphasmanilegs!"
3963,5117,1,27,136,164,1.1768292682926829,0.031109917945808693,653,Long legs and no bite on that 300M-year-old vintage.
5396,5117,2,25,137,164,1.1768292682926829,0.03228999370830205,653,Here’s to your extraordinary pollinating skills!
3666,5120,6,20,155,181,1.1767955801104972,0.03430559117900028,653,"Helen, meet Phil, I know you both like wine."
657,5120,5,22,154,181,1.1767955801104972,0.03339889566940303,653,"Why yes, my name is Mary."
2118,5122,4,27,167,198,1.1767676767676767,0.030721022880294033,653,And this is Sylvia from 501
4991,5123,3,24,143,170,1.1764705882352942,0.032692111978621624,653,Would you like a taste?
4995,5123,6,18,146,170,1.1764705882352942,0.03574374236765883,653,Sheila says she’s in entomology reincarnation
4603,5123,6,21,160,187,1.1764705882352942,0.03356103753489264,653,I gave up stinging.  What about you?
1147,5123,5,23,159,187,1.1764705882352942,0.03269315271048148,653,"You’re right! It does have a subtle fragrance I did have problems picking up, at first..."
1538,5123,5,17,131,153,1.1764705882352942,0.037230452027961713,653,"I will grab a bud vase from the hutch, Bill."
692,5123,3,24,143,170,1.1764705882352942,0.032692111978621624,653,It's a Chateau Lemerde '87.  Naive and flirty but quaffable.
2210,5129,4,26,163,193,1.1761658031088082,0.03117342201682567,653,Quit bugging me
959,5130,4,23,149,176,1.1761363636363635,0.032999297870960634,653,All I'm saying is leg day is underrated.
1439,5130,5,21,150,176,1.1761363636363635,0.03396893764767235,653,This 1795 North American Explorer is abolsolutey exquisite.
3644,5130,3,25,148,176,1.1761363636363635,0.03200029054620164,653,"Buzz, I'm sure you'd like to meet the creators of your lovely Bloody Mary"
4816,5130,6,19,151,176,1.1761363636363635,0.03491165693355898,653,A few too many Bloody Marys perhaps?
5384,5130,3,25,148,176,1.1761363636363635,0.03200029054620164,653,I met her people watching
3181,5135,4,20,135,159,1.1761006289308176,0.035167201242443775,653,"Ah, darling, please meet the Sater-Fullbloods."
1899,5136,3,26,153,182,1.1758241758241759,0.031348783580422125,653,Is there a reason that you've only offered me one glass of wine?
2595,5136,6,20,156,182,1.1758241758241759,0.034130404856336075,653,It's a living!
6035,5138,2,25,138,165,1.1757575757575758,0.032111588456412814,653,Are you buzzin' or what?
5253,5138,4,21,140,165,1.1757575757575758,0.034336187517090576,653,"Linda and James, this is Morris.  No, he does not have Zika."
3345,5138,4,21,140,165,1.1757575757575758,0.034336187517090576,653,"...and, of course, yours is red"
128,5138,4,21,140,165,1.1757575757575758,0.034336187517090576,653,This is Dr. Weintraub. He helped me and Stan get over the 7-year itch.
934,5138,4,21,140,165,1.1757575757575758,0.034336187517090576,653,"Alfred, our guest sommelier, recommends the port."
3106,5138,3,23,139,165,1.1757575757575758,0.033242502059884355,653,I see you are drinking wine instead of stingers
309,5144,4,18,126,148,1.1756756756756757,0.036781001705130593,653,Sorry about your kids.  Just keep the batteries separate from the tennis rackets from now on.
4263,5144,5,16,127,148,1.1756756756756757,0.038010140091692034,653,Mind if I take a small sip?
402,5146,3,21,130,154,1.1753246753246753,0.0346360132677686,653,"Debby, this is the couple I was telling you about--the one with a son who was also part of an experiment that had some hiccups. Anyway, they said he is free this weekend and he would love to hang out."
1273,5146,3,21,130,154,1.1753246753246753,0.0346360132677686,653,"Looks like you've had it with the macrobiotics, huh."
3814,5148,4,26,164,194,1.175257731958763,0.03102560974166252,653,I guess I just never met the right Mommy Long Legs.
5494,5149,4,23,150,177,1.1751412429378532,0.032827417870604975,653,Be careful. You don't want to get legless.
3717,5149,10,11,156,177,1.1751412429378532,0.03824718782313245,653,"Apparently, if you put a semi-colon in your caption, the web-site misbehaves, thus not accommodating proper English.  I submitted a caption for the dessert island cartoon and it seems to be applying the first part of it to this week's cartoon.  Weird"
4321,5149,5,21,151,177,1.1751412429378532,0.03379113344413133,653,"Ralph will drink wine, but his favorite drink is a Bloody Mary."
2910,5149,5,21,151,177,1.1751412429378532,0.03379113344413133,653,"Sure, we can switch drinks."
3679,5149,2,27,148,177,1.1751412429378532,0.03080968505641956,653,"This is Johnny, a member of a new species recently discovered in the Amazon. They are said to have extremely high intelligence and  yet to move extremely slowly."
5377,5154,1,30,152,183,1.174863387978142,0.029203261265228136,653,I actually played Mrs. Samsa in the off-off-Broadway version.
5726,5154,2,28,153,183,1.174863387978142,0.030213899266766004,653,"Okay, you'll bite."
6045,5154,5,22,156,183,1.174863387978142,0.03306096535241539,653,"Don't get yourself down Jim, Elizabeth Holmes will get the technology right before you know it!"
1046,5157,2,25,139,166,1.1746987951807228,0.03193511524907163,653,"Happy Hour"" small talk was more challenging than usual"
1614,5157,5,19,142,166,1.1746987951807228,0.03519814819496672,653,"And then Spielberg says Charlton Heston who?"""
2014,5159,3,27,159,189,1.1746031746031746,0.030584982562343044,653,See! There are so many options besides blood! And...there is even one called a Bloody Mary!
5334,5160,4,18,127,149,1.174496644295302,0.03655233572903953,653,"Of course..., you can  use the SK----- word with us."
5905,5161,6,18,148,172,1.1744186046511629,0.03535651315658309,653,"Yeah, bummer they ran out of crème de menthe."
4284,5161,3,24,145,172,1.1744186046511629,0.03234323197484409,653,What's in that glass?
3796,5163,6,22,167,195,1.1743589743589744,0.03254627031048736,653,Let me introduce you to Zika. She just flew in from the west Nile to perform the Mal-aria for us tonight!
3091,5163,2,30,163,195,1.1743589743589744,0.029116787850009842,653,And Gregor here works as a traveling salesman!
2681,5163,2,30,163,195,1.1743589743589744,0.029116787850009842,653,"These are the Wilsons, you should have a lot in common, they just got back from Adjumani..."
2089,5166,4,19,132,155,1.1741935483870967,0.03562640376028724,653,"Is that blood from a journalist, Typo?"
2101,5166,6,15,134,155,1.1741935483870967,0.03790534271067545,653,"Yeah, I’m also an empty nester"
2606,5166,5,17,133,155,1.1741935483870967,0.03678352654997047,653,Let me introduce my significant other.
2663,5166,3,21,131,155,1.1741935483870967,0.034430414814951536,653,"So, how kong have you been at the NSA?"
3115,5166,4,19,132,155,1.1741935483870967,0.03562640376028724,653,"His ""Sesame Street"" anecdotes are shocking."
4269,5166,4,19,132,155,1.1741935483870967,0.03562640376028724,653,I didn't know you were into cryptozoovestism.
4093,5172,3,25,150,178,1.1741573033707866,0.03167047870798436,653,"...and so that's how he became President!""  
""I should have never participated in that experiment to become humanly conscious..."
4983,5173,0,28,133,161,1.173913043478261,0.029965323374109173,653,She's nesting. She likes red wine at cocktail  time.
4330,5173,2,24,135,161,1.173913043478261,0.03245304466487734,653,"I know, right?"
5240,5173,6,16,139,161,1.173913043478261,0.03692910930731614,653,She's broadening her palette.
5019,5173,4,24,156,184,1.173913043478261,0.03197895121051256,653,"Pattersons, this is Juan, a genetically altered mosquito, my new husband."
3179,5173,0,32,152,184,1.173913043478261,0.028019050582666797,653,"No thank you, I do not need a shot at this time."
582,5173,4,20,137,161,1.173913043478261,0.03476319333902042,653,It only drinks red wine.
2358,5173,3,22,136,161,1.173913043478261,0.033627962465384645,653,Too much white corpuscle?
628,5173,4,20,137,161,1.173913043478261,0.03476319333902042,653,"Mitch here would like to apologize to his wife's victims. Apparently, she did not realize she was expecting and didn't think twice about arriving before dusk."
3084,5173,5,22,157,184,1.173913043478261,0.03289452616723514,653,I'm in the stemwear business.
1657,5173,3,22,136,161,1.173913043478261,0.033627962465384645,653,Franz will be here in a few minutes...don't go changing to try and please him.
1941,5183,3,27,160,190,1.1736842105263159,0.030437458899820132,653,"I agree that Genetics began with the advent of blood typing."""
1659,5184,3,23,141,167,1.1736526946107784,0.032876693687441956,653,"Oh no, Tito's wife likes blood, but he prefers a big Pinot Noir ."
2030,5184,4,21,142,167,1.1736526946107784,0.03395617550182303,653,"And this is Gregor, or Greg, as he likes to be called. Used to be in sales...."
6029,5184,3,23,141,167,1.1736526946107784,0.032876693687441956,653,May I strongly recommend the DEET-infused h'oerderves?
5628,5187,3,24,146,173,1.1734104046242775,0.03217153489745255,653,...and she won first prize in the Bloody Mary category.
2720,5188,5,21,153,179,1.1731843575418994,0.033440997649256454,653,Here's looking at you
5973,5188,5,21,153,179,1.1731843575418994,0.033440997649256454,653,I really don't get the point
5368,5190,1,25,130,156,1.1730769230769231,0.03171870462673106,653,Don’t mistake my Cranberry Martini for a Bloody Mary!
398,5190,5,17,134,156,1.1730769230769231,0.036564028319551724,653,This is a 1995 dry yet very earthy type O blood coming from our great great ancestors. Enjoy!
5316,5190,3,21,132,156,1.1730769230769231,0.03422721424649391,653,May I introduce my husband.  He's been ill recently.
3076,5193,3,26,156,185,1.172972972972973,0.03088246970249505,653,"Now I understand - it's #YouToo!"""
5713,5194,3,22,137,162,1.1728395061728396,0.033436975879986404,653,"Have another sip of my nectar, baby, then maybe we can go back to my place and pollinate, hmmmm?"
3485,5194,3,22,137,162,1.1728395061728396,0.033436975879986404,653,"Maybe it's the wine talking, but if you think you're too small to have an impact, Karen, try going to bed with a mosquito, if you know what I mean."
4621,5194,4,20,138,162,1.1728395061728396,0.034564614739648385,653,I'm not sure you should be drinking that either.
5642,5194,3,22,137,162,1.1728395061728396,0.033436975879986404,653,"He prefers Rose, but a good Cab will do."
5280,5198,6,13,126,145,1.1724137931034482,0.03956761948978966,653,Glad I'm left-handed.
2886,5198,3,24,147,174,1.1724137931034482,0.032001628902889635,653,"No, I’m not a lawyer, but I have played one on TV."
528,5198,2,26,146,174,1.1724137931034482,0.030946138440570942,653,It's very handy for Bloody Mary refills.
3935,5201,3,26,157,186,1.1720430107526882,0.03073006079271809,653,Let me introduce you -- Fred and Isabelle are new to the neighborhood.
843,5202,4,25,163,192,1.171875,0.0310379476437381,653,"It's a Bloody Mary specially mixed to your taste. Lots more buzz and bite --- heavy on the horseradish and Tabasco , with  a double shot of vodka. Cheers!"
2842,5203,4,20,139,163,1.1717791411042944,0.03436826902782694,653,Meet the long legged gadfly inflicting the White House leaks..
3529,5203,3,22,138,163,1.1717791411042944,0.03324812105864267,653,"So, have you watched  Stranger Things yet?"
4006,5203,3,22,138,163,1.1717791411042944,0.03324812105864267,653,"Funny, I would have guessed ""Batman""."
4250,5203,4,20,139,163,1.1717791411042944,0.03436826902782694,653,So what’s in your glass?” “It’s an ‘86 Jean Doe. It pairs nicely with red meat
5801,5207,4,21,144,169,1.1715976331360947,0.03358439649250876,653,You said you were only going to have a couple.
5182,5207,4,21,144,169,1.1715976331360947,0.03358439649250876,653,Can you please assure the Millers that their baby wasn't delivered late due to your drinking?
5372,5207,2,25,142,169,1.1715976331360947,0.03141698476137809,653,"Have you tried the molt liquor?"""
1932,5210,6,18,151,175,1.1714285714285715,0.034791021838442515,653,Bummer of a drinking problem.
358,5210,2,26,147,175,1.1714285714285715,0.03078456464846993,653,"If you can get past the initial sting of seeing each other, I think you all will have a wonderful time."
115,5212,5,21,155,181,1.171270718232044,0.03309797560886083,653,My libido?
642,5212,2,27,152,181,1.171270718232044,0.030187976526916224,653,"I dunno, works just been draining recently.”"
1906,5212,3,25,153,181,1.171270718232044,0.031188159307575028,653,Can't you see I'm trying to have a conversation.
2214,5212,3,25,153,181,1.171270718232044,0.031188159307575028,653,I have already eaten the olive!
3990,5212,5,21,155,181,1.171270718232044,0.03309797560886083,653,Out law firm hires only the best bloodsucking disease vectors.
4695,5212,6,19,156,181,1.171270718232044,0.034012693859936764,653,If we keep him drunk maybe he will forget to deliver the baby
5309,5212,4,23,154,181,1.171270718232044,0.03215724856388855,653,We met on a vegan cooking forum and really hit it off.
3023,5219,8,16,163,187,1.1711229946524064,0.03496552931408288,653,Fred here thinks maybe a tube of some kind would make it a lot easier.
4974,5220,5,17,136,158,1.1708860759493671,0.03613273162245008,653,"Oh, hi there. Well, frankly, I was just saying that this animal rights thing has gone a bit too far."
4121,5220,3,21,134,158,1.1708860759493671,0.033827843329616934,653,Stop bugging me. I'm trying to have a conversation here.
992,5222,3,22,139,164,1.170731707317073,0.033061363034350755,653,I think we should limit ourselves to only one drink.
1353,5222,1,26,137,164,1.170731707317073,0.030715148176667848,653,Dan really does have a leg up on your previous boyfriends.
2299,5222,2,24,138,164,1.170731707317073,0.0319098264896865,653,Oooh. I just LOVE grasshoppers!
2399,5222,4,20,140,164,1.170731707317073,0.03417411922458823,653,I had asked for this stirred.
4718,5222,4,20,140,164,1.170731707317073,0.03417411922458823,653,Let's rather say you may prefer your red in a flute.
5205,5222,1,26,137,164,1.170731707317073,0.030715148176667848,653,"Yes your correct,I was the former Sect. of the Interior"
4388,5228,1,27,142,170,1.1705882352941177,0.030113453632533645,653,"Mm, hormonal teenager blood, mmm..."
2019,5228,3,23,144,170,1.1705882352941177,0.03234265570770757,653,"No, you sir, don't have a leg to stand on."
5999,5228,7,15,148,170,1.1705882352941177,0.03639370763366135,653,Oh do you know fly?
838,5228,6,17,147,170,1.1705882352941177,0.03542440276208115,653,I'm sorry.  The nearest think we had was a bloody Mary.
1801,5228,3,23,144,170,1.1705882352941177,0.03234265570770757,653,Still waiting for the earthy finish
1173,5233,5,20,151,176,1.1704545454545454,0.03365522461725341,653,"March blows in like a lion and goes out like a ... well, here I am."
1949,5233,1,28,147,176,1.1704545454545454,0.029545454545454538,653,"Ah, the missing drink."
2381,5233,3,24,149,176,1.1704545454545454,0.03166708092274453,653,What did you say your name was?
1060,5236,2,27,153,182,1.1703296703296704,0.030036395575838946,653,They don't believe you can drink with your beak.
2009,5236,6,19,157,182,1.1703296703296704,0.03383838250816121,653,What are you having?
2918,5236,5,21,156,182,1.1703296703296704,0.03292906562405837,653,I hope our bill isn't that long....
3008,5239,4,25,165,194,1.1701030927835052,0.030742549879837003,653,...and this is Daddy Longlegs.
3142,5240,4,17,126,147,1.1700680272108843,0.03659914869499552,653,This mosquito is genetically engineered for more refined tastes.
2071,5240,2,21,124,147,1.1700680272108843,0.033957646634701966,653,So how do you like your marsquito?
606,5242,3,20,130,153,1.1699346405228759,0.03443840274848347,653,Who are you to suggest my blood alcohol level seems too high?
4878,5243,6,23,177,206,1.1699029126213591,0.031179131551963623,653,Hey! Plastic straws are out. I brought my own. Chess anyone?
239,5244,2,24,139,165,1.1696969696969697,0.03173271878606121,653,"What I lack in conversation, I more than make up for in stirring up a buzz."
3125,5244,1,26,138,165,1.1696969696969697,0.030545959005208057,653,And I’ll fix her drinks. They’re kinda special.
3734,5244,1,26,138,165,1.1696969696969697,0.030545959005208057,653,"So, did you hear the latest buzz?"
4688,5244,2,24,139,165,1.1696969696969697,0.03173271878606121,653,"Yes, my genetic screen shows that we are not sisters but we are certainly related."
1322,5248,2,25,144,171,1.1695906432748537,0.03108067962898875,653,I’m able to skip the middleman.
2206,5248,6,17,148,171,1.1695906432748537,0.03523075992108954,653,No. I’m not kidding. I was delivered by a stork.
857,5250,3,24,150,177,1.1694915254237288,0.0315023856706639,653,Bit a steroid dude...
4138,5250,2,26,149,177,1.1694915254237288,0.03046635796342376,653,"Yes, you see, thousands of us weigh five pounds!"
4210,5252,2,27,154,183,1.169398907103825,0.029886308460042445,653,So I guess that's our meet cute
4313,5252,3,25,155,183,1.169398907103825,0.030874595928463807,653,"You’re a living swizzle stick,"
2696,5252,4,23,156,183,1.169398907103825,0.031832215036390776,653,Which MFA program did you graduate from?
4458,5255,5,23,167,195,1.1692307692307693,0.0314490069384447,653,Congratulations on tenure in your colony.
59,5256,2,23,135,160,1.16875,0.032240589041780954,653,Bill was a former crush. Then we moved on.
1175,5256,7,13,140,160,1.16875,0.037848875052863794,653,"elena, darling, tell this bitch how her man taste"
2256,5256,6,15,139,160,1.16875,0.03679566537740604,653,He prefers the pinonoir
2760,5256,4,19,137,160,1.16875,0.03459318265444106,653,The skunk couldn't make it.
3219,5256,0,27,133,160,1.16875,0.02970223690832881,653,You'd be surprised how many bars misspell Zima and get sued for false advertising.
5454,5256,3,21,136,160,1.16875,0.03343758265727748,653,This is one of our Midwestern architects
1966,5262,2,24,140,166,1.1686746987951808,0.03155754055052784,653,We all know bloodsuckers help the economy.
733,5262,6,16,144,166,1.1686746987951808,0.03588810061997353,653,Be careful he's a drunk bird and steals tweed on a whim!
2997,5264,3,23,146,172,1.1686046511627908,0.031996056381568286,653,"With a proboscis like that, I'm wondering if all the other insects call you Jimmy Durante."
2961,5264,1,27,144,172,1.1686046511627908,0.029795112215995977,653,I appreciate being welcomed to the neighborhood by such cool white folks as you guys. To Diversity! May it have legs!
746,5264,5,19,148,172,1.1686046511627908,0.034055051548649885,653,"Ah, Carl. We were just discussing the blood. The way of the blood. The beingness of the blood. The blood feeds us and then it consumes us and creates us anew in its dark, vile image. Please teach us the way of the blood, Carl. Please teach us."
609,5264,1,27,144,172,1.1686046511627908,0.029795112215995977,653,"Unless you have Type O blood, you have nothing to worry about."
1143,5268,4,22,152,178,1.1685393258426966,0.032336301486913605,653,Yep. Comes with Alexa built in...
2237,5268,5,20,153,178,1.1685393258426966,0.03330339871426614,653,"No, we're not Catholic. Why do you ask?"
3331,5268,4,22,152,178,1.1685393258426966,0.032336301486913605,653,What are you looking at? You are the odd ball here!
4060,5271,4,23,157,184,1.1684782608695652,0.031672124696742326,653,"Whoa! You _always_ have the buzz."""
4112,5272,3,19,127,149,1.167785234899329,0.03486477799675684,653,I blame the 2am tweets on alcohol
4537,5273,3,20,132,155,1.167741935483871,0.03402770605128512,653,"Welcome to the law firm of Dewy, Chettum and Howe.  I understand that you're the new tort lawyer."
5912,5274,5,17,139,161,1.1677018633540373,0.035504379098205724,653,"You're a mosquito... at a cocktail party? Yeah, the goal was to wipe us out, aren't Geneticists great?"
5023,5275,4,20,143,167,1.1676646706586826,0.033604487337363376,653,You sure drink a lot of bloody marys.
4262,5276,4,21,148,173,1.1676300578034682,0.032864503018715185,653,"It's a new concept. A combination payday loan, student loan, variable-rate mortgage, and cable TV company. Also, we come to your house and open random windows in the dead of winter."
5782,5276,2,25,146,173,1.1676300578034682,0.03075140465760486,653,"She does have good taste, she loves a fine Merlot."""
1466,5276,3,23,147,173,1.1676300578034682,0.031825496438256086,653,"I see you like to dip into liquids, too."
316,5276,3,23,147,173,1.1676300578034682,0.031825496438256086,653,For Cocktail Parties evolution will soon give us a second pair of arms
805,5280,1,28,150,179,1.1675977653631284,0.029095149868597656,653,"When you put it that way, yes, I suppose that terroir and DNA are the same."
1403,5280,2,26,151,179,1.1675977653631284,0.030154575847025838,653,I met Raphael in Colombia. He's comes from a family of pilots.
1634,5280,3,24,152,179,1.1675977653631284,0.03117802340033617,653,I am not a party animal type
4982,5283,3,25,157,185,1.1675675675675676,0.030567202363371557,653,Have you seen any straws here?
5866,5283,6,19,160,185,1.1675675675675676,0.033325922043730284,653,Are you old enough to drink?
5304,5285,7,14,147,168,1.1666666666666667,0.03647837701097219,653,Congratulations another progressive announces that she is running for president.
5246,5285,3,23,148,174,1.1666666666666667,0.0316567252175656,653,"I should have placed your drink in a glass on the floor, sorry!"
1402,5285,4,20,144,168,1.1666666666666667,0.033418767048852785,653,OMG! They'll invite anything to these parties!
5678,5285,3,21,138,162,1.1666666666666667,0.0330561282434399,653,So let's see what else we both love besides cocktail parties.
6002,5285,3,21,138,162,1.1666666666666667,0.0330561282434399,653,"So bird spider, what do you have to say about what's going on in America Politics?"
4964,5285,4,18,134,156,1.1666666666666667,0.035027264972095955,653,I think you may have already met?
5427,5285,2,24,142,168,1.1666666666666667,0.031212849793091055,653,We realized that to wine them is to keep them quiet.
4172,5285,5,18,145,168,1.1666666666666667,0.03446882635796003,653,"Hey, you guys should try the red wine. It has an A+ aroma!"
906,5285,3,21,138,162,1.1666666666666667,0.0330561282434399,653,"And now, our most popular sculpture titled “the future is sipply beak”"
3136,5285,2,21,127,150,1.1666666666666667,0.03333333333333334,653,Yes it is nectar based with a twist of lemon
2881,5285,0,30,150,180,1.1666666666666667,0.027855261269369817,653,Wine’s better for my hemochromatosis.
2836,5285,2,24,142,168,1.1666666666666667,0.031212849793091055,653,"...And Edith here is the author of ""The Bespoke Bug""."
1900,5285,5,18,145,168,1.1666666666666667,0.03446882635796003,653,he had me at a wink and a nod
995,5285,3,19,128,150,1.1666666666666667,0.034649625823724085,653,It's not polite to point.
449,5285,5,17,140,162,1.1666666666666667,0.03529971794008837,653,Is that wine you're drinking or one of my guests blood?
3891,5285,2,27,157,186,1.1666666666666667,0.02944479628536002,653,I’d like to introduce one of our party regulars....
183,5301,3,24,154,181,1.1657458563535912,0.03086019899175456,653,We were looking for a pet with some buzz!
3318,5301,3,24,154,181,1.1657458563535912,0.03086019899175456,653,Great! I'll meet with you tonight for dinner.
4716,5301,2,26,153,181,1.1657458563535912,0.029849028922322673,653,Can you just get to your point?
5650,5301,5,20,156,181,1.1657458563535912,0.03278912304744908,653,Hi. I'm Sue.  I don't think we've met before.
5282,5305,4,21,150,175,1.1657142857142857,0.03251589769784022,653,"He fills the bill for the job:  Party animal and mixologist extraordinaire


         Elaine S. Potoker, Belfast, ME"
2316,5305,4,21,150,175,1.1657142857142857,0.03251589769784022,653,"This sure beats dipping my beak into that shot glass of water;
dip, sip, dip, gulp, dip, swallow, drip...then repeat!  Ugh!"
3385,5307,5,18,146,169,1.165680473372781,0.0342784511434079,653,It's the new kombucha
4514,5307,4,20,145,169,1.165680473372781,0.0332350693493532,653,Interesting Muscat!
1605,5307,1,26,142,169,1.165680473372781,0.029887166146228362,653,I have SO been meaning to go on the ketogenic diet!
2818,5307,3,22,144,169,1.165680473372781,0.03215785217519402,653,You don't look happy with the wine.
5958,5307,4,20,145,169,1.165680473372781,0.0332350693493532,653,And now we both can drink without hurting the baby
1636,5312,3,21,139,163,1.165644171779141,0.03286861200065765,653,``And this the man who has changed my life.''
5606,5313,2,22,133,157,1.1656050955414012,0.03238963062923131,653,And I would like you to meet our guest who has promised not to innoculate anyone.
2397,5313,5,16,136,157,1.1656050955414012,0.03597313058773673,653,"Darling, please don't drink any more; you know what a mess you'll make of your web."
4496,5313,6,14,137,157,1.1656050955414012,0.037090772998287155,653,...and Victor has had a long career in finance. Eight days!
1178,5316,1,23,127,151,1.1655629139072847,0.0317696782649113,653,And this is Ms. Moki who is a volunteer in my unit of  the Mosquito Control Center this summer.
2970,5316,1,23,127,151,1.1655629139072847,0.0317696782649113,653,"This is my new friend from Mars, Antenna.  He is also a she, and is on sabbatical here until he's beamed back up in a month.  His long antenna like appendages are for data processing, in order to find out everything there is to know about humanity."
5224,5316,4,17,130,151,1.1655629139072847,0.03569612190851596,653,This is very good but nowhere near the nectar of the gods.  Trust me.
5980,5319,3,18,124,145,1.1655172413793105,0.03530625874346591,653,There might be SOME people who feel that way about you.
2185,5320,1,29,158,188,1.1648936170212767,0.02816509862455285,653,Oh hi. I think I saw you on Tinder.
3496,5320,5,21,162,188,1.1648936170212767,0.031950429641410004,653,The spirit is willing but the flesh is weak.
3,5322,3,24,155,182,1.164835164835165,0.030703677883240636,653,This is Daniel. He’s visiting from Tampa Bay.
5558,5323,5,19,152,176,1.1647727272727273,0.033333025874221545,653,"Sorry, we just ran out of Bloody Mary glasses."
4360,5323,2,25,149,176,1.1647727272727273,0.03027020679028024,653,"I hear you are abstaining from blood these days, good for you."
3316,5323,3,23,150,176,1.1647727272727273,0.03132443908614156,653,"It was so weird, I woke up and was another 2 inches taller!"
852,5323,5,19,152,176,1.1647727272727273,0.033333025874221545,653,"This is Mos Anopheles, don’t worry he doesn’t bite."
227,5323,2,25,149,176,1.1647727272727273,0.03027020679028024,653,"Funny, we were just talking about how wine lowers blood pressure."
2172,5323,5,19,152,176,1.1647727272727273,0.033333025874221545,653,I've been experimenting with papier-mâché recently...
1618,5329,4,20,146,170,1.1647058823529413,0.03305336175158311,653,I thought you didn't drink . . . wine.
1763,5329,2,24,144,170,1.1647058823529413,0.030875515129831634,653,Insect redirection works but the fluid has to be red.
4534,5331,2,23,139,164,1.1646341463414633,0.03151783876056436,653,He usually drinks Gimlets but we are out of lime
3391,5331,3,21,140,164,1.1646341463414633,0.03268318924499519,653,We me in tap dance class.
3441,5331,3,21,140,164,1.1646341463414633,0.03268318924499519,653,We thought you would prefer the blood.
4585,5331,2,23,139,164,1.1646341463414633,0.03151783876056436,653,Meet Legs from InHuman Resources.
4080,5335,4,18,136,158,1.1645569620253164,0.034614425738624895,653,"We met online several months before our first date, but when he walked into the restaurant  that night it was love at first sight."
2974,5335,3,20,135,158,1.1645569620253164,0.033429520100224736,653,"I bug your pardon, I don't believe we've met."
1093,5337,4,17,131,152,1.1644736842105263,0.035477226195741125,653,"He’s only had two drinks, and just look at the way he staggers."
1205,5337,3,19,130,152,1.1644736842105263,0.034227112101419016,653,Your arms are so short...may I hold that for you?
1501,5339,2,27,160,189,1.164021164021164,0.029015975326361854,653,You're not invited to many parties because you get drunk and can't fly yourself home.
5090,5340,8,14,161,183,1.1639344262295082,0.03512079814258816,653,So this is what they mean by Insects and Wine Tasting?
1564,5341,2,25,150,177,1.1638418079096045,0.03011309553045346,653,"With better programming, he will have olives on his bill"
289,5342,3,22,146,171,1.1637426900584795,0.03180998186004049,653,"Wine tastes better than blood. Right, Skeet?"
1007,5342,5,18,148,171,1.1637426900584795,0.0339038912979751,653,"Fred got caught in the transporter with a mosquito and a hummingbird, but he still likes red."
5727,5342,3,22,146,171,1.1637426900584795,0.03180998186004049,653,"Suck, malaria, kill."
2874,5345,5,17,143,165,1.1636363636363636,0.034699543535541666,653,"No, I ordered 'a Spider drink', not a spider AND drink."
1880,5345,2,23,140,165,1.1636363636363636,0.03134212551108777,653,Your English is great--still a little stilted--but great.
547,5347,3,20,136,159,1.1635220125786163,0.03323472458075441,653,"...and after they finished sucking the last drop of blood from his body, the mosquitoes posted humiliating pictures of my husband on facebook. truly barbaric. anyways, i'm so glad you could make it. todd, mary... others"
2035,5347,4,18,137,159,1.1635220125786163,0.0344116028958055,653,"Sorry maam, could you hold your glass a little closer, please?"
4290,5347,3,20,136,159,1.1635220125786163,0.03323472458075441,653,Can we switch glasses?
5335,5347,2,22,135,159,1.1635220125786163,0.0320146126332741,653,Do you find it hard to get enough protein on a vegan diet?
4232,5351,4,17,132,153,1.1633986928104576,0.03526097642631427,653,"Best Bloody Mary I've ever had what's your secret Nosferatu?
Fred Trenk, Montville, New Jersey"
5988,5351,4,17,132,153,1.1633986928104576,0.03526097642631427,653,Here’s another reason to stop the proliferation of straws.
2314,5353,1,30,165,196,1.163265306122449,0.027438867021897226,653,Here's to growing long legs
5289,5353,2,20,125,147,1.163265306122449,0.03349715079817141,653,I admit you used to bug me but now I quite like to catch a buzz with you.
2758,5355,1,29,160,190,1.1631578947368422,0.02789471057096433,653,I hear you stop and veer your flight when stripes on our body confuse you.
291,5355,4,23,163,190,1.1631578947368422,0.030744093017172628,653,"Carl's a lightweight, but don't worry, he'll sleep over."
4554,5357,4,21,153,178,1.1629213483146068,0.032006514414832384,653,Cheers to grasshoppers!
4719,5357,2,25,151,178,1.1629213483146068,0.0299575870331582,653,"Oh, I thought GMO, had something to do with the General Motors Organization."
1213,5357,4,21,153,178,1.1629213483146068,0.032006514414832384,653,Un-invited guest but we try to distract him from our pool.
1724,5357,4,21,153,178,1.1629213483146068,0.032006514414832384,653,"I'm sorry, we only have red or white, no green"
709,5361,2,24,146,172,1.1627906976744187,0.030545307195829943,653,"Usually white, as a matter of fact."
991,5361,6,16,150,172,1.1627906976744187,0.03471330603248599,653,She's got a real drinking problem
2553,5361,5,18,149,172,1.1627906976744187,0.03371964056304094,653,I already have the West Nile virus.
3027,5361,5,18,149,172,1.1627906976744187,0.03371964056304094,653,So ... do they serve it cold?
4527,5361,3,22,147,172,1.1627906976744187,0.03163882500492034,653,Wait!  YOU are the one who teaches them the backstroke?
5157,5361,4,20,148,172,1.1627906976744187,0.032695790305425014,653,RU related to Charlotte?
6063,5361,5,18,149,172,1.1627906976744187,0.03371964056304094,653,"No, Thomas, he didn't mean that in an anti-semetic way;  just stop."
3357,5368,4,19,143,166,1.1626506024096386,0.033429088678534426,653,"It's a silky vintage, but I prefer vertical wines."
5962,5368,3,21,142,166,1.1626506024096386,0.03231848727508041,653,"Jim here was at Harvard Law when I was a Harvard undergraduate. Have I mentioned I went to Harvard? Oh, here I go again, talking about the Crimson glory days!"
1945,5368,2,23,141,166,1.1626506024096386,0.03116833761402348,653,And this is Andy Phil.  He's in scifi.
5237,5368,2,23,141,166,1.1626506024096386,0.03116833761402348,653,We've found that cocktails are an excellent way to break down communications barriers.
947,5372,4,18,138,160,1.1625,0.034211123094634394,653,No cocktail named after any of us!!
5033,5372,4,18,138,160,1.1625,0.034211123094634394,653,The beak gives him a bit of a drinking problem.
3641,5374,2,21,131,154,1.1623376623376624,0.03253536755316917,653,They haven't had a hit since the 'Grasshopper'
4412,5375,2,20,126,148,1.162162162162162,0.03328833244884829,653,He didn't listen when I told him alcohol would stunt his growth.
546,5376,3,23,153,179,1.1620111731843576,0.03083875298237478,653,Glad to see you get a leg-up on that cocktail.
4729,5376,3,23,153,179,1.1620111731843576,0.03083875298237478,653,He’s my food tester
4194,5378,3,17,122,142,1.1619718309859155,0.035529478129694106,653,"Well, this is the new happy."
1599,5379,6,16,151,173,1.1618497109826589,0.03452489360467244,653,"Rinos, elephants, lions and tigers but not us."
2527,5380,4,19,144,167,1.1616766467065869,0.03324258230812478,653,She gets it right every time
4717,5380,5,17,145,167,1.1616766467065869,0.03431055443162018,653,"Before deregulation, I used to look like you."
3143,5380,4,19,144,167,1.1616766467065869,0.03324258230812478,653,"I think this is a magic potion, not wine."
2169,5380,2,23,142,167,1.1616766467065869,0.03099644406584422,653,She likes blood but prefers natural wine
1460,5380,3,21,143,167,1.1616766467065869,0.03213914142630027,653,I just came for your blood.
1693,5380,2,23,142,167,1.1616766467065869,0.03099644406584422,653,"And the Smiths here just returned from a trip through sub-Saharan Africa. Why, didn't you say that's where you're from?"
2534,5386,2,22,137,161,1.1614906832298137,0.03164808080246297,653,He's been acting a bit peculiar after he switched from Moscow Mules to Jungle Birds.
4361,5386,7,12,142,161,1.1614906832298137,0.037280018458192864,653,Female stereotyping? I simply thought you'd like a Bloody Mary.
297,5388,5,20,161,186,1.1612903225806452,0.03196613032593325,653,He's less of an itch to have around if you give him a drink once in a awhile.
864,5388,6,13,136,155,1.1612903225806452,0.03716365258050648,653,What sort of monster are you​?
4825,5388,2,26,158,186,1.1612903225806452,0.02911126193951662,653,I heard that bird flu is back in season
4872,5388,6,18,162,186,1.1612903225806452,0.03286268593378133,653,I'm at a party and there is a large bug here as well.
4307,5392,2,25,153,180,1.1611111111111112,0.029651282694317035,653,"Meet my new neighbor, Si  Phon."
387,5392,5,19,156,180,1.1611111111111112,0.032640746080790956,653,A collection of bloodsuckers discussing the free market.
1790,5394,2,20,127,149,1.1610738255033557,0.033082072983284624,653,I'm practically starving - have you seen any bites to eat?
3207,5394,2,20,127,149,1.1610738255033557,0.033082072983284624,653,"Yeah, I heard it's good for your blood pressure."
5453,5394,3,18,128,149,1.1610738255033557,0.034425546828461204,653,"Delightful, robust, locally sourced.....Dave, Rita !?!?....what are YOU doing here?!?"
601,5397,4,20,150,174,1.160919540229885,0.032345806144280204,653,"She feels the term 
""pecking order"" is not PC."
1270,5397,3,22,149,174,1.160919540229885,0.03130192337649679,653,And allow me to introduce Malaria Toth-Holmes.
1282,5397,2,24,148,174,1.160919540229885,0.030222005873416103,653,"I’m sorry, but this is my drink."
2310,5397,2,24,148,174,1.160919540229885,0.030222005873416103,653,Turns out human blood was dwarfing her growth.
4238,5397,2,24,148,174,1.160919540229885,0.030222005873416103,653,"No, this is MY blood orange margarita!"
2827,5402,5,22,172,199,1.1608040201005025,0.030583330732509725,653,What’s the buzz?  Tell me what’s a-happening.
4252,5403,4,19,145,168,1.1607142857142858,0.033058128055638535,653,I think I have a sulfite allergy.
2350,5403,7,13,148,168,1.1607142857142858,0.03614827559970366,653,Our tarantula of 5 years decided it was time to publicly announce it was transitioning into a flamingo. Right now its identifying as a Taran-mingo
1768,5403,3,21,144,168,1.1607142857142858,0.031961755757675195,653,Kafka told me that turning into a mosquito just 'didn't flow' and I never even got a royalty
2912,5403,3,21,144,168,1.1607142857142858,0.031961755757675195,653,Next question?
1241,5403,3,21,144,168,1.1607142857142858,0.031961755757675195,653,"no sharon, I am not bloody thirsty for your crap today!"
1478,5403,3,21,144,168,1.1607142857142858,0.031961755757675195,653,A pesky uninvited guest is a total buzz kill.
1476,5409,2,22,138,162,1.1604938271604939,0.03146790898406791,653,"I knew we were a match immediately. I said it had a great body, great nose. He said, “Piercing!”"
1784,5409,3,20,139,162,1.1604938271604939,0.03266359643289618,653,"I heard you just received your phlebommelier certification, what do you think of this vintage?"
3753,5409,4,18,140,162,1.1604938271604939,0.03381703369653575,653,And for you we were able to provide a Bloody Mary in light of the winter clothing situation.
735,5412,5,20,162,187,1.160427807486631,0.031806425764228506,653,Bed bugs were viewed as unemployable until Allan created BugIn and 500 billion bugs could get jobs for the first time as housesitters.
2717,5412,5,20,162,187,1.160427807486631,0.031806425764228506,653,"As soon as I laid eyes on Buzz, I was smitten with the love bug!"
5444,5414,2,21,133,156,1.1602564102564104,0.032150384422441086,653,What do you bring to the party
1355,5414,3,19,134,156,1.1602564102564104,0.03341197696110685,653,"Okay, flower nectar over wine. what's that about?"
3875,5414,2,21,133,156,1.1602564102564104,0.032150384422441086,653,This is our new Accoutraments bird.
1222,5414,3,19,134,156,1.1602564102564104,0.03341197696110685,653,"If you can’t beat them, then you let them join us."
4274,5418,3,23,155,181,1.160220994475138,0.030523160484681688,653,Can I get you a napkin?
2317,5419,4,20,151,175,1.16,0.032173585020488595,653,His flight was delayed due to the snowstorm.
2379,5419,4,20,151,175,1.16,0.032173585020488595,653,"Glad to meet you, I'm Louise Bourgeois"
2471,5419,2,24,149,175,1.16,0.030062878822345478,653,"Joan and Mark, this is Bugzy.  He moved in next door and works in real estate.  We were just talking about your place."
2934,5419,5,18,152,175,1.16,0.03317862290786641,653,She prefers a California sang-froid.
3436,5419,3,22,150,175,1.16,0.03113612256012007,653,I advise steering clear of the red wine.
5909,5419,2,20,128,150,1.16,0.0328783262962813,653,Our new VP is making a big push for organic farming.
2894,5425,3,21,145,169,1.1597633136094674,0.03178629869309073,653,"I switched to Merlot after all the hubbub around Zica, West Nile and Malaria. It's got fruity undertones and a soft finish, 
unlike blood."
5832,5425,4,19,146,169,1.1597633136094674,0.0328756925819224,653,"John, I think you've had too much to drink!"
1968,5425,2,23,144,169,1.1597633136094674,0.03065821923190738,653,This is our bloody red connoisseur.
2167,5425,4,19,146,169,1.1597633136094674,0.0328756925819224,653,"This is the blood-sucking friend I made in Central Park
the other day; he just loves mergers and acquisitions."
1349,5425,2,23,144,169,1.1597633136094674,0.03065821923190738,653,Mr. Beak is a guest lecturer from the sub basement.
1580,5425,3,21,145,169,1.1597633136094674,0.03178629869309073,653,You simply have no leg to stand on.
5207,5431,2,19,123,144,1.1597222222222223,0.033656929349029446,653,It's organic nicotinoid free.
4343,5432,4,22,162,188,1.1595744680851063,0.03073638550920031,653,And meet Marvin. He's the winemaker at Malaria Vineyards where they make Mosquito Merlot.
5082,5432,3,24,161,188,1.1595744680851063,0.029796578674995612,653,"Thank you, Ichi, but an Old Fashioned should be served in a cocktail glass."
3054,5434,7,12,144,163,1.1595092024539877,0.0368476666714099,653,vaping is like mining your lungs with a diamond pick axe
5267,5434,1,24,138,163,1.1595092024539877,0.03005508886850526,653,One glass of red wine is equivalent to 100 mosquito bites.
5595,5436,2,25,155,182,1.1593406593406594,0.029351107125632596,653,"This is my boyfriend, Franz."
5223,5436,4,21,157,182,1.1593406593406594,0.03135144375129377,653,"It's the bouquet, not the taste, that is the most important element of the wine."
5115,5436,2,25,155,182,1.1593406593406594,0.029351107125632596,653,"You certainly get your point across, the fact that it’s ill  received I suppose is irrelevant right muffy darling?"
4503,5436,3,23,156,182,1.1593406593406594,0.030367750285384146,653,This is my mosquito sister.  She drinks bloody Marys.
3151,5440,2,21,134,157,1.1592356687898089,0.031961252340322946,653,The caterers' specialty is a unique serving staff.
5077,5440,4,17,136,157,1.1592356687898089,0.03442150905782623,653,Always been right handed
2361,5442,3,22,151,176,1.1590909090909092,0.03097205199405667,653,This whole spider-verse thing is really starting to bug me.
3262,5442,1,26,149,176,1.1590909090909092,0.028799268651346337,653,"Ahh, you do have a point there Bugsy!"
5143,5442,0,28,148,176,1.1590909090909092,0.027648920592264627,653,"Yes, that's right.  Hold your arm still while I disinfect it."
1939,5445,4,19,147,170,1.1588235294117648,0.032695243257013805,653,I appreciate your generosity but we seem to have ceased reproducing.
2282,5445,3,21,146,170,1.1588235294117648,0.03161273932073949,653,"No, not a social climber—a social classhopper!"
4525,5447,5,20,164,189,1.1587301587301588,0.031491720319294585,653,The refrigerator salesman said the Crispr was for vegetables but Edward just had to give it a try.
677,5447,2,26,161,189,1.1587301587301588,0.02868565107643787,653,Charlie has just arrived for a spring break from Harvard
2662,5449,1,23,134,158,1.1582278481012658,0.03047919035680627,653,"I would reccommend cutting down on AA meetings and focusing on more extreme diets""."
5621,5449,3,19,136,158,1.1582278481012658,0.03301866676553321,653,Hand me your glass and we'll drink to getting a birds-eye view of what's happening in the world.
2612,5451,2,24,151,177,1.1581920903954803,0.029749543826552816,653,"""And how is it you could know the 'grassroots' take in the matter?"""
5110,5451,4,20,153,177,1.1581920903954803,0.03183454143950465,653,"And then I said, ‘Boy, I am I going to put a flea in his ear’!"
1259,5451,4,20,153,177,1.1581920903954803,0.03183454143950465,653,"He's a winner, he never admits being wrong, he can turn every state into a red state!"
1263,5454,3,21,147,171,1.1578947368421053,0.03144104737608739,653,"Since the accident, he's on a pure liquid diet."
1772,5454,3,21,147,171,1.1578947368421053,0.03144104737608739,653,"I like your outfit honey, now go put some proper clothes on!"
3185,5454,4,16,132,152,1.1578947368421053,0.03505866114063326,653,And this is my hedge fund... I mean husband
4676,5457,3,23,158,184,1.1576086956521738,0.030061584363131708,653,"Storky,  these are my human friends."
5156,5458,5,16,144,165,1.1575757575757575,0.034336187517090576,653,"So you are experiencing the empty nes….er,  a loss with the kids gone, now?"
5542,5458,2,22,141,165,1.1575757575757575,0.03093936462157285,653,"Women: What do you think of the party?
Mosquito: I love the people, but the drinks suck."
4566,5460,2,19,125,146,1.1575342465753424,0.03323007238001543,653,"Sorry Cyril, but we're all out of Bloody Mary mix."
4909,5461,3,22,153,178,1.1573033707865168,0.03064899566047467,653,Our longest standing member Benjamin Siegel.
2349,5461,7,14,157,178,1.1573033707865168,0.034543897048119,653,"There already is such a thing as term limits, they’re called elections."
4681,5461,3,22,153,178,1.1573033707865168,0.03064899566047467,653,"No carbs for you,huh."
740,5461,3,22,153,178,1.1573033707865168,0.03064899566047467,653,We'd love to sample your homemade bug juice.
729,5465,1,23,135,159,1.1572327044025157,0.030303235134660246,653,Sorry for the mixup.  Here’s your Bloody Mary and your mosquito growth hormone chaser.
882,5466,2,23,147,172,1.1569767441860466,0.030164350974828738,653,"No, thanks. That hard stuff is bad for me."
948,5466,3,21,148,172,1.1569767441860466,0.031271193225347244,653,I asked for a straw for you...
1633,5466,5,17,150,172,1.1569767441860466,0.033374937269539655,653,You have a very pointed viewpoint.
2797,5466,4,19,149,172,1.1569767441860466,0.03234017596954839,653,"Don't be self-conscious. Red wine, white wine; there is no ”right wine.”"
4141,5466,1,25,146,172,1.1569767441860466,0.029015316881404195,653,"We know you like your nectar sweet, but we prefer our drinks more dry."
5663,5471,4,16,133,153,1.1568627450980393,0.03484405163288779,653,How's the egri bikaver?
2120,5471,3,18,132,153,1.1568627450980393,0.033587328297884106,653,He is family too.
2232,5471,4,16,133,153,1.1568627450980393,0.03484405163288779,653,"Guys, I’d like you to meet Anoph Stevens the Ist.
She just flew in, and you’ll like this, she didn’t go through border control. ICE doesn’t know he’s here. I know you like free borders."
3161,5471,3,18,132,153,1.1568627450980393,0.033587328297884106,653,Are you able to recommend a therapist for my friend here? Gregor needs one desperately.
5438,5475,1,24,141,166,1.1566265060240963,0.02955660582533674,653,"Yes, he's just out of prison but that extortion conviction was totally bogus!"
4953,5475,5,16,145,166,1.1566265060240963,0.034141914832438225,653,"Why, Mr. Mantis, shouldn't you be praying?"
2714,5475,2,22,142,166,1.1566265060240963,0.03076706515158886,653,So your doctor says this will help you lose weight?
1118,5475,5,16,145,166,1.1566265060240963,0.034141914832438225,653,"Up until last week, Dr. Doudna’s team had gone nearly 3 and 1/2 years without an injury at her CRISPR labs."
941,5479,2,27,169,198,1.1565656565656566,0.027800492267474643,653,And now Ulysses will sing 'La Cucaracha' for you
3882,5479,2,27,169,198,1.1565656565656566,0.027800492267474643,653,I just met your leader !
3049,5481,3,22,154,179,1.1564245810055866,0.03048995824152407,653,"Warm Sangria, no fruit? I'll take it back to the host."
3133,5481,5,18,156,179,1.1564245810055866,0.03248351814144572,653,"Oh, no! We were talking about actual sites in Paris!"
3400,5481,3,22,154,179,1.1564245810055866,0.03048995824152407,653,"Any ""Bloody"" Mary for you?"
4512,5481,4,20,155,179,1.1564245810055866,0.031502511839657445,653,I decided to remove the wino from the equation...
2180,5485,3,19,138,160,1.15625,0.032634428081803654,653,Do you want me to top up the blood in your glass?
487,5485,3,19,138,160,1.15625,0.032634428081803654,653,Sharon here was originally part of the Mexican caravan of killer mosquitoes. Then she survived having her proboscis and wings duct-taped in the back of a 1977 AMC Pacer.
2932,5485,1,23,136,160,1.15625,0.030129274664749222,653,Have you been cutting back on alcohol?
4771,5485,4,17,139,160,1.15625,0.033817484359834823,653,Will you please hold my wine while I drink your martini?
57,5489,5,17,151,173,1.1560693641618498,0.0331938620289307,653,I’m Mary.  And you are?
2945,5489,6,15,152,173,1.1560693641618498,0.03419131193039215,653,"Steve? How about a hey-and-howdy for my boring, sweater-vested neighbor Cody and his even drearier ladylove Yvonne?"
5213,5489,3,21,149,173,1.1560693641618498,0.03110314784944298,653,"Greetings wastes of space"" isn't exactly a nice way to introduce yourself Lord Zyxcer"
519,5492,3,23,160,186,1.1559139784946237,0.029761472856674017,653,I'd say a B-positive grape stomper.
230,5493,3,18,133,154,1.155844155844156,0.03338405884446694,653,Go easy with your sharp comments !
5047,5493,3,18,133,154,1.155844155844156,0.03338405884446694,653,"Mike tends to prefer mesquite flavored cocktails, but gladly takes a full-bodied Malbec without a quibble."
2593,5495,5,16,146,167,1.155688622754491,0.0339498136890268,653,I love O +ve.
1004,5495,5,16,146,167,1.155688622754491,0.0339498136890268,653,"Pete, its a bit of a faux pas to ask a couple when they expect to start a family.  This is particularly true when you ate their first child."
3001,5495,2,22,143,167,1.155688622754491,0.030596654209920898,653,"Oh, sorry dear! ...Usually I have to hold the wine glass 
in order for him for him to suck it up"
767,5495,3,20,144,167,1.155688622754491,0.03175374175958151,653,"Yes, I ordered the stinger. Creme de Menthe and cognac, right? But the other waiter already brought it."
662,5499,2,19,127,148,1.1554054054054055,0.03281380085501337,653,"Susan, I already told you--guns don't kill people, people kill people."
3438,5500,2,21,138,161,1.15527950310559,0.031226240919874332,653,"Yes, I'm a 1982 from Napa Valley."
1363,5500,7,11,143,161,1.15527950310559,0.03692257953813641,653,"Fuck, I don't know what this is."
2532,5500,2,21,138,161,1.15527950310559,0.031226240919874332,653,Drink up. It’ll be worth it for your next victim.
910,5500,2,21,138,161,1.15527950310559,0.031226240919874332,653,This type O is delicious. Itancial-planning.com
769,5500,4,17,140,161,1.15527950310559,0.033620791559563615,653,"Que Syrah, Syrah."
5042,5505,1,25,148,174,1.1551724137931034,0.028709043575684823,653,"Yeah we know. You love Bloody Marys. Yuk, yuk, yuk..."
4658,5506,5,12,125,142,1.1549295774647887,0.037788975342889636,653,The mite I caught was yea big!
2489,5507,3,18,134,155,1.1548387096774193,0.03318321445118037,653,Mary's the bloody chaser.
701,5508,6,14,148,168,1.1547619047619047,0.03479961705902452,653,I miss the old help.
604,5509,4,20,157,181,1.1546961325966851,0.031177282878540675,653,He says I'm so sweet I give him a toothache.
3328,5509,4,20,157,181,1.1546961325966851,0.031177282878540675,653,'I'm sure my friend here won't mind  me mentioning his drink problem!'
3686,5509,5,18,158,181,1.1546961325966851,0.03214670001560936,653,This is NOT a bloddy mary!
5815,5512,1,21,127,149,1.1543624161073827,0.031187909060613684,653,"Woman: Do you know what's good for you? B-positive!
Mosquito: Yeah..yeah..I'm trying to."
3226,5512,2,19,128,149,1.1543624161073827,0.032609513843973724,653,"Feeling a little tipsy, are we?"
584,5514,2,21,139,162,1.154320987654321,0.03104768706925454,653,"Meet my new neighbor, Mo S. Quito."
1432,5514,3,19,140,162,1.154320987654321,0.03225895392680739,653,"Ah, msy I introduce Mr Kafka"
2340,5514,1,23,138,162,1.154320987654321,0.0297872059154401,653,Always the same point!
4572,5514,3,19,140,162,1.154320987654321,0.03225895392680739,653,"Can you please put this glass of blood on the floor, so I can dip my beak in it?"
3135,5518,2,23,150,175,1.1542857142857144,0.02968597868554134,653,Is someone expecting?
5950,5518,3,21,151,175,1.1542857142857144,0.030772370326482886,653,I just want the olives
2889,5520,2,25,161,188,1.1542553191489362,0.028485591761626385,653,You sound a little berzzzzzerk.
3310,5521,3,18,135,156,1.1538461538461537,0.03298475241629253,653,"Sorry, but I think your wine sucks compared to a Bloody Mary."
4348,5521,2,20,134,156,1.1538461538461537,0.031706165110674034,653,"And I said to the manager, I don't care if my coupon is expired, I still want half-off on my cold-cuts."
2548,5521,4,18,147,169,1.1538461538461537,0.032505932874173714,653,Mine didn't come with an Olive.
2942,5521,4,16,136,156,1.1538461538461537,0.034215594074966875,653,He's in the kitchen if you'd like to compliment him yourself.
734,5521,3,22,157,182,1.1538461538461537,0.030022509765113094,653,Not fresh enough?  You have to siphon your own drink?
531,5521,3,24,168,195,1.1538461538461537,0.02880316648920382,653,I'm puzzled that your small talk doesn't include worms.
1575,5521,3,18,135,156,1.1538461538461537,0.03298475241629253,653,She's housebroken and only drinks on weekends.
2748,5528,2,25,162,189,1.1534391534391535,0.028346225760536276,653,"Some may argue tannic is far more palatable than copper"""
5145,5528,5,19,165,189,1.1534391534391535,0.031182854036422337,653,He thinks he's perpetual. Crabgrass is perpetual.
2108,5530,5,17,154,176,1.1534090909090908,0.03266216015546509,653,You have amazing taste.
5165,5530,4,19,153,176,1.1534090909090908,0.03165251397734761,653,"A round of mefloquine, on me."
5198,5530,5,17,154,176,1.1534090909090908,0.03266216015546509,653,"Wait!  What!?  You’re surprised..., YOU ARE SURPRISED that we’re offended by what you just suggested to us!?  And, no, I don’t see why the fact that it’s an outdoor party would make any damn difference.  Get away!  Shoo!"
3469,5533,2,21,140,163,1.1533742331288344,0.030871143488000692,653,"Did you say you found a bug ""in"" your drink or one ""holding"" a drink because I have both?"
6011,5533,2,21,140,163,1.1533742331288344,0.030871143488000692,653,Naturally we discourage Bloody Marys.
5840,5535,3,22,158,183,1.1530054644808743,0.029869834609386966,653,It stays steady after any liquor.
1764,5535,3,22,158,183,1.1530054644808743,0.029869834609386966,653,Of course we have to keep the venal Ms Quito happy with a Hemato Cocktail.
4096,5537,2,22,146,170,1.1529411764705881,0.030096450947178086,653,Mutant spider-bird?...Well I'm actually mutant spider-bird-Cherokee
3263,5538,4,16,137,157,1.1528662420382165,0.034011081159549546,653,"Cocktail Party - the year 2039
“This is Laura, ex-male, and zwee identifies as ‘Humanoid Trans-Species’...(*said discreetly* Daddy Long Legs and Pelican)...Laura is 25 years old and, as I’m sure you know, zwee is currently the Secretary of State...”"
4408,5538,3,18,136,157,1.1528662420382165,0.03278863102225159,653,"So a cop pulls me over and he comes over and asks me to roll down the window... I say,""what seems to be the officer problem?"""
2969,5540,2,18,124,144,1.1527777777777777,0.03315723361604233,653,"You've heard of tiny houses and adapting, right?"
350,5541,4,19,154,177,1.152542372881356,0.03148510988890365,653,"It's a Umbee, not that there's anything wrong with that."
1592,5541,4,19,154,177,1.152542372881356,0.03148510988890365,653,A splash more tonic?
2552,5543,0,25,139,164,1.1524390243902438,0.02815397717691932,653,Our nests in Jamaica Bay have proved to be eco-friendly.
2646,5543,3,19,142,164,1.1524390243902438,0.03189195083622516,653,I didn't even know that you liked red wine!
5565,5543,0,25,139,164,1.1524390243902438,0.02815397717691932,653,"Don’t say, you lost all that weight on the all-gmo diet?"
754,5546,2,19,130,151,1.1523178807947019,0.0322084057568909,653,I would have expected a white wine to go with you.
4011,5546,3,17,131,151,1.1523178807947019,0.0335511791469551,653,No.  I don't find a Stinger racist.
5972,5548,3,22,159,184,1.1521739130434783,0.02971869100411886,653,"Additionally, Joyce swears that gluten-free means no red wine headache either."
3206,5548,4,20,160,184,1.1521739130434783,0.0307017446774751,653,"I've been called deadlier than a pack of lions,'too."
1660,5550,2,22,147,171,1.152046783625731,0.029933295653964274,653,Please forgive me; from now on I’ will make sure that your librations are served in champagne flutes.
3495,5550,1,24,146,171,1.152046783625731,0.028761132437775002,653,The honey diet is really working out.
3509,5550,1,24,146,171,1.152046783625731,0.028761132437775002,653,"Okay, Ron, which is mine?"
3684,5550,3,20,148,171,1.152046783625731,0.031061256225594608,653,Let me know when you'd like a refill.
3593,5554,2,20,136,158,1.1518987341772151,0.031333623342595616,653,Good point but I think....
5210,5554,2,20,136,158,1.1518987341772151,0.031333623342595616,653,We were surprised he prefers gin and vermouth to birdseed.
5526,5554,4,16,138,158,1.1518987341772151,0.03380898197140144,653,What firm did you say you're with?
671,5557,2,18,125,145,1.1517241379310346,0.03294462217923337,653,"Thin, maroon and tremendous bone structure; your vino-inspired, tremendous olfactory organ has left us speechless, my friend."
285,5558,4,17,144,165,1.1515151515151516,0.03285622401420452,653,The mosquito martini at the Bug Bar at its new location in Swamp City
3291,5559,0,28,157,185,1.1513513513513514,0.02642093617670743,653,"Yes, always red.  My grandmother was a robin, but that's enough about her diet"
5755,5560,2,19,131,152,1.1513157894736843,0.03201149532800048,653,How clever!  You named it a Stinger because it makes you stinging drunk!
5655,5561,2,22,148,172,1.1511627906976745,0.029771882743676783,653,"Hey! Who spiked the red wine?"""
3511,5561,5,16,151,172,1.1511627906976745,0.033020650661613186,653,Did you arrive by foot?
3541,5563,4,21,167,192,1.1510416666666667,0.029824508375008232,653,"I don't feel odd, I just feel multi-legged!"
1420,5564,4,16,139,159,1.150943396226415,0.03360925437379378,653,"Oh! Jane's an old college friend, she's crashing on my couch at the moment."
2281,5564,4,16,139,159,1.150943396226415,0.03360925437379378,653,it's a mesquite flavored tomato juice cocktail
3019,5564,4,16,139,159,1.150943396226415,0.03360925437379378,653,You guys heard this one? Two Jews walk into a bar...
950,5567,2,23,154,179,1.1508379888268156,0.029071034530953527,653,"Yes, I’m spearheading her run in 2020. It’s beakcome quite a crowded field."
2820,5567,1,25,153,179,1.1508379888268156,0.027970597956819165,653,Ahhh... pure nectar !
2840,5567,3,21,155,179,1.1508379888268156,0.030131308423926233,653,"I’m more of a martini gal, but that Bloody Mary you’ve got looks especially bloody!"
3631,5570,1,23,142,166,1.1506024096385543,0.02912559185203818,653,"Sorry, we are all out of tomato juice."
3407,5571,1,21,131,153,1.1503267973856208,0.0304354955082142,653,It's a new cocktail called 'Bucket O'Blood.
5696,5572,3,20,150,173,1.1502890173410405,0.030726126063396336,653,I’m just drinking responsibly
3198,5572,1,24,148,173,1.1502890173410405,0.028454668379939797,653,"Meet Dr. Manie Feets from 
our new mixed cloning lab."
1404,5572,4,18,151,173,1.1502890173410405,0.03180107164844312,653,"Frankly, my dear, I don’t give a damn."
2838,5572,2,22,149,173,1.1502890173410405,0.029612184784950174,653,"Ralph and Abigail, meet Pasquato, our giant misquito-in-residence, who just happens to be doing vital research on cholesterol reduction methodologies."
1059,5576,4,16,140,160,1.15,0.033411857195580465,653,Chill out....its a costume.  I am the Masked Stinger.
1942,5576,2,23,155,180,1.15,0.028921220507697673,653,"She just flew in from Brazil, and boy are her wings tired."
2077,5576,4,16,140,160,1.15,0.033411857195580465,653,This is one of my husband's more practical robotic inventions
2132,5576,1,25,154,180,1.15,0.02782739206652474,653,Glad you like A+
4406,5576,3,21,156,180,1.15,0.02997516041801379,653,"Yes, open bar closes at 10 p.m. for us."
4662,5576,2,23,155,180,1.15,0.028921220507697673,653,Please stop buying me Bloody Marys.  I’m a bird and it’s about time you realized it.
5720,5576,5,17,158,180,1.15,0.03197900459594134,653,"Oh, I volunteered.  She boasts I taste quite sophisticated! Charming, isn’t it"
3237,5583,2,24,161,187,1.1497326203208555,0.028275063775847847,653,"Mr. Michael Cohen? Someone is gifting you this tasty Russian cocktail, Sir."
3803,5584,1,23,143,167,1.1497005988023952,0.028964704052902655,653,He used to just mimic what we said.
791,5585,4,14,129,147,1.1496598639455782,0.03527616659982261,653,I'd like you to meet Bernard. He works for Volkswagen.
687,5586,2,22,150,174,1.1494252873563218,0.029454174910601878,653,Nancy tells me you’re an exterminator Jim. How’d get into that line of work?
1444,5586,6,14,154,174,1.1494252873563218,0.03366469206580455,653,You think so too? We can't believe the board approved them for our building. They just seem so odd and out of place.
49,5588,3,17,134,154,1.1493506493506493,0.03293944452411188,653,"It's an unusual request, but he's hoping you might switch to this '84 Bordeaux. No reason."
1008,5588,3,17,134,154,1.1493506493506493,0.03293944452411188,653,And this is my cousin Anna-- Anna Feliz
3200,5590,3,21,157,181,1.149171270718232,0.02982060938915105,653,The varietal? It’s French.
3646,5591,3,18,140,161,1.1490683229813665,0.03202675042154518,653,"The Buzz Word is ""Designated Flyer""."
4853,5592,3,22,163,188,1.148936170212766,0.029128984869544752,653,She says that there is no way that she would work for an individual who was speciesist.
272,5593,3,19,146,168,1.1488095238095237,0.031182247285799783,653,"Aren't you going to introduce me to your friends? I'm Ellen's older brother, Matt."
2326,5593,1,23,144,168,1.1488095238095237,0.028805564513359982,653,I still say: Stronger together.
61,5593,8,9,151,168,1.1488095238095237,0.03645219531031468,653,"Nice legs, you fuckin' nerd."
5761,5596,4,21,170,195,1.1487179487179486,0.029394802951899626,653,I'll take two more of your diet drinks.
2228,5597,2,18,128,148,1.1486486486486487,0.03232269846814508,653,"Every so often, he bugs out!"
3660,5598,3,20,152,175,1.1485714285714286,0.030398093696789284,653,Gotta pace myself no one ever said I have a hollow leg.
4241,5598,3,20,152,175,1.1485714285714286,0.030398093696789284,653,I'd like you to meet Bill.
5313,5598,3,20,152,175,1.1485714285714286,0.030398093696789284,653,She's always been a red drinker.
5906,5601,4,15,136,155,1.1483870967741936,0.033995919303524184,653,"Have you met my cousin, Gregor?"
3652,5602,5,17,160,182,1.1483516483516483,0.031647967975062224,653,"Red, of  course, French, Italian, Spanish or California?"
3203,5603,3,22,164,189,1.1481481481481481,0.028985167345287676,653,"Meet Birdie, our new Server, her AI is about genius."
3711,5603,3,18,141,162,1.1481481481481481,0.03184173902300353,653,"This is our friend, the mosquito."
3760,5603,4,16,142,162,1.1481481481481481,0.03302389407853943,653,"She wanted to dress up, but nothing fit."
4706,5603,4,20,165,189,1.1481481481481481,0.029940394392261677,653,"So, Mr. Beaky, tell us about the delivery business of yours. Is it like Amazon?"
5288,5603,3,22,164,189,1.1481481481481481,0.028985167345287676,653,Remember Aesop's fable with the stork and the shallow bowl?  Sam here is the modern version on his New York City tour.
4888,5608,1,23,145,169,1.1479289940828403,0.028648145281848867,653,"Look, this time I really did mean the legs of the wine."
5981,5608,3,19,147,169,1.1479289940828403,0.03100969178110758,653,You might want to try someone else. This year I did not get a flu shot.
1299,5610,3,15,124,142,1.147887323943662,0.03454570253648118,653,"So, you've never even heard of 'Kardashian'?"
2643,5611,4,18,154,176,1.1477272727272727,0.03129203194556359,653,"See, guys? Some of my best friends are mosquitoes!"
3038,5611,2,22,152,176,1.1477272727272727,0.029143114682752123,653,Mary?
2354,5613,2,18,129,149,1.1476510067114094,0.03212053150249488,653,Then one day he stopped bobbing up and down and coming to our parties.
2168,5614,3,21,159,183,1.1475409836065573,0.029516202200764598,653,Do you like Primus?
2260,5615,1,21,134,156,1.1474358974358974,0.029894337192063417,653,"It has a hint of prune, and of course, no GMO or gluten content."
646,5616,1,22,140,163,1.147239263803681,0.029168497471485567,653,"WE all decided,in 2020 You can be Bernie SANDERS VICE,BUT DONT ACT LIKE YOU KNOW WHATS GOING ON ,THATS ANNOYING."
1364,5616,5,14,144,163,1.147239263803681,0.033967082490254916,653,"This is Roger, are new HOA president"""
4812,5616,2,20,141,163,1.147239263803681,0.030439145960144652,653,"Bill Gates thought he'd take this murder mystery dinner to the next level huh? Guy never takes a day off, trying to save the world."
3936,5619,2,25,170,197,1.1472081218274113,0.02727808973720672,653,She is bred for wine not blood and  her species along with malaria will soon be extinct
6034,5620,3,19,148,170,1.1470588235294117,0.030839021197083684,653,"So it's agreed: No itchy bumps, you, can have a drink of blood."
5672,5620,4,17,149,170,1.1470588235294117,0.03194775223186217,653,"Herb and Sherry Robinson, meet my friend, about whom you've heard so much, Needledick the Bugfucker."
3314,5620,5,15,150,170,1.1470588235294117,0.03301927493060276,653,Everyone meet our new business partner. He made us these drinks and has great taste.
1223,5620,1,23,146,170,1.1470588235294117,0.028492418989015677,653,No real need for a Diet Coke.
1554,5620,3,19,148,170,1.1470588235294117,0.030839021197083684,653,They started out making self-driving cars.
1670,5620,2,21,147,170,1.1470588235294117,0.029688913488369675,653,"It’s 2019, what should they expect at a drinks reception?"
4025,5626,3,20,154,177,1.1468926553672316,0.030076938108331324,653,This is Mike.
3336,5627,3,21,160,184,1.1467391304347827,0.02936629919380195,653,"Let me introduce myself.  I'm Artie O'Ficialintelligence and yes, we do enjoy a nice glass of wine"
4209,5627,4,19,161,184,1.1467391304347827,0.03036076513499731,653,I want you two to meet my new canasta partner.
4521,5627,1,25,158,184,1.1467391304347827,0.027268781891656657,653,"I would, but I'm diabetic."
3612,5630,0,23,134,157,1.1464968152866242,0.028310944970314667,653,Be careful!  It would be easy for a cop to claim you flunked the field sobriety walk-a-straight-line test.
5498,5631,2,20,142,164,1.146341463414634,0.030266290893235768,653,Keep away from his beak if he offers a snack with your drink.
3379,5632,3,20,155,178,1.146067415730337,0.029918872505185858,653,Our family's stork  may be able to help you.
954,5632,1,24,153,178,1.146067415730337,0.027716042066715473,653,"Granted we all habor parasites, but don't you think that malaria is a bit different?"
717,5634,4,19,162,185,1.145945945945946,0.030206622694795227,653,Your diet is doing wonders!
3919,5634,3,21,161,185,1.145945945945946,0.029217899446148155,653,"I prefer to my blood, blue"
1691,5636,4,20,168,192,1.1458333333333333,0.029501321195801507,653,So you just get us drunk tonight and then in nine months deliver us a baby?
1392,5637,5,19,175,199,1.1457286432160805,0.029707586865872698,653,This tweet trumps all the rest.
1733,5638,2,19,137,158,1.1455696202531647,0.030878389120956445,653,You don’t say!
1009,5639,3,18,144,165,1.1454545454545455,0.03129922045947296,653,"This is Jean-Charles, my new business partner for the blood clinic. We're getting married."
2325,5639,3,18,144,165,1.1454545454545455,0.03129922045947296,653,He's had one too many glasses of insecticide.
2875,5639,6,12,147,165,1.1454545454545455,0.0346607947311204,653,"Everyone; this is Gronk from Onk, and we have to envy him: he has cocktails on his planet, but not dopey dictators."
4463,5642,4,17,151,172,1.1453488372093024,0.03159818825198822,653,"Okay, have yourself a drink! Don't bug out!"
2837,5642,2,21,149,172,1.1453488372093024,0.029367440964431727,653,"No, really !! It’s Okay !!
Uh....I mean, it’s O-negative !!!"
1594,5642,2,21,149,172,1.1453488372093024,0.029367440964431727,653,"Since the lab accident Terrance has developed a real knack for 
re-tweeting, but with a spin."
765,5642,3,19,150,172,1.1453488372093024,0.03050321367993436,653,Who invited him?
1238,5646,5,16,158,179,1.1452513966480447,0.03180164561917103,653,I love blueberry-hibiscus tea too!
3654,5646,2,22,155,179,1.1452513966480447,0.028688544197531397,653,Red or white?
5272,5646,4,18,157,179,1.1452513966480447,0.03079892799188738,653,He’s with me
1063,5649,3,17,139,159,1.1446540880503144,0.03196765888622657,653,"My son, the precocious avant garde sculptor, just turned eleven, but when it comes to mocking his parents already exhibits the skills of  a college freshman..."
5679,5649,4,15,140,159,1.1446540880503144,0.03318949699176154,653,I feel like I'm living in a rom-com...When Grolorkabeerk Met Sally.
1873,5651,2,20,144,166,1.144578313253012,0.02992635507497198,653,"Oh no, I wouldn't say he's nosy."
5787,5651,2,20,144,166,1.144578313253012,0.02992635507497198,653,We have a lot of  pest friends.
5792,5651,1,22,143,166,1.144578313253012,0.02868043545599539,653,Did you need ice?
5947,5654,4,17,152,173,1.1445086705202312,0.031426241555757455,653,"Contest #647  |  January 21, 2019

He is the world's first consent-centered mosquito."
5173,5654,2,21,150,173,1.1445086705202312,0.029209279143269505,653,"Jim, I don't think you have a leg to stand on""."
4077,5654,5,15,153,173,1.1445086705202312,0.032478023237975946,653,"I get the feeling that no matter what I say, a gaggle of lame brains will win the day."
2844,5657,5,17,165,187,1.1443850267379678,0.030849437231994344,653,It's called a Chlorpyrifos Smash!
5106,5657,3,21,163,187,1.1443850267379678,0.0289255209978237,653,How about I CAN take a sip of your drink but you can't take a sip of mine.
2246,5659,1,20,132,153,1.1437908496732025,0.029932702659059077,653,"It's my new homemade wine, 'Repellant Red.'"
868,5660,2,19,139,160,1.14375,0.03051816012613271,653,"I've discovered he likes his drinks very sweet, with bugs already in them."
1545,5660,5,13,142,160,1.14375,0.03416441356277099,653,Straight up in a tall tumbler
5862,5660,3,17,140,160,1.14375,0.03178009518056128,653,She got big by constantly seeking fresh blood.
5910,5660,1,21,138,160,1.14375,0.029201742161778954,653,I thought you said Mardi Gras was next week!
1490,5664,4,16,147,167,1.1437125748502994,0.03209206093853914,653,"I hear there's a bug going around. If I say it, it ain't  insectophobia."
1036,5665,2,21,151,174,1.1436781609195403,0.029052797537384222,653,"Honey, tell them how silly the mosquito looked wearing your toupee!"
1528,5665,2,21,151,174,1.1436781609195403,0.029052797537384222,653,Now this in and of itself lacks meaning
3926,5667,3,20,158,181,1.143646408839779,0.029454417640552125,653,And she's able to hold that glass of your blood as if it were sangre.
5319,5668,3,21,164,188,1.1436170212765957,0.028781499005275383,653,Not enough creme de menthe
1190,5669,2,19,140,161,1.1428571428571428,0.030341153991807396,653,Ready on tap.  Just lift the beak.
1302,5669,3,18,147,168,1.1428571428571428,0.030774752980239267,653,And the nice thing about having one is they only drink blood.
1884,5669,1,22,145,168,1.1428571428571428,0.02836394581392585,653,I'm sure you will enjoy the Miami night life. It has an exhilarating biting edge to it.
2908,5669,4,19,166,189,1.1428571428571428,0.029605295486625705,653,At the RNC... not even Mr Mosquito will wear the MAGA hat
4028,5669,1,19,127,147,1.1428571428571428,0.03052670308362059,653,"Say, do you ever drink anything other than red wine?"
4193,5669,3,19,153,175,1.1428571428571428,0.03001289893936515,653,"Yes, he’s a bloodsucker, but he’s also a great guy. I’m sure you will come to love our new neighbor as much as I do as you get to know him better."
5682,5669,2,20,146,168,1.1428571428571428,0.02959390852126555,653,I would have thought that you would have ordered a Vodka Stinger.
4748,5676,3,19,154,176,1.1420454545454546,0.02985292064958649,653,"So, it's a Bloody Mary. Is that enough for you?"
4835,5677,2,20,147,169,1.1420118343195267,0.029430417562324257,653,"Sharks have become much more inventive. That's what they call ""man lure."""
1381,5677,4,16,149,169,1.1420118343195267,0.03173380270566602,653,I'm looking for the corn chips.
1350,5679,2,19,141,162,1.1419753086419753,0.030166173149757215,653,"Honestly, Green Book deserved the Oscar and if you disagree you're part of the problem"
3691,5679,3,17,142,162,1.1419753086419753,0.03141145075609624,653,His super power is divorce law...
5093,5679,4,15,143,162,1.1419753086419753,0.032609208434185966,653,Do you have a rose stem flower vase?
2938,5682,2,18,135,155,1.1419354838709677,0.030958314442667462,653,"1.So you're a Tiger mom?
2.Wine? I thought your drink was a Stinger
3.So if we had just offered you a wine, we could have avoided this whole bloodsucking thing?"
3320,5683,2,17,129,148,1.1418918918918919,0.03181425790986645,653,My favorite drink is the blood sucker. I drink it often at the end of summer.
3728,5684,3,14,124,141,1.1418439716312057,0.034255077916842507,653,"Marvin, tell them what you rage-tweeted to @ReallyaWizard."
2502,5685,2,24,172,198,1.1414141414141414,0.026811828042224223,653,A human Bloody Mary?
4082,5686,2,20,148,170,1.1411764705882352,0.029268708830400423,653,So the whole family decided to fly up from the West Nile.  We figured we better come before he promises a net in his next campaign.
221,5686,4,16,150,170,1.1411764705882352,0.03155763941024923,653,Do you believe me now Bill?  I warned you against drinks with carbonation....
3000,5686,3,18,149,170,1.1411764705882352,0.030434699947149757,653,"You were saying, Mr. Mosquito, that you don't drink wine."
1080,5689,4,15,144,163,1.1411042944785277,0.032420237084101196,653,"Well he's from Mars, so I thought ""Martini,"" but he went straight for the red wine."
2025,5689,4,15,144,163,1.1411042944785277,0.032420237084101196,653,Leaving the Left Wing Radicals ---  Who can blame you now?
71,5689,2,19,142,163,1.1411042944785277,0.02999318336741649,653,"Oh Raymond, you look pretty fly today!"
2016,5692,4,14,138,156,1.141025641025641,0.03335241548354619,653,... and this is Margot.
4090,5693,3,20,162,185,1.1405405405405404,0.02885696824873327,653,Let's get out of here! This dinner party is for the birds.....
5982,5694,2,20,149,171,1.1403508771929824,0.02910875361868274,653,I think surely there's way to New Yorker-ize this situation to generate some mild amusement -- don't you?
2488,5695,2,19,143,164,1.1402439024390243,0.029822151170401632,653,You’ve heard of a party animal.  So what’s strange about an insect drinking a martini?
4739,5696,3,15,132,150,1.14,0.03281021284774139,653,Pink elephant? Who said anything about a pink elephant?
1499,5697,2,15,119,136,1.1397058823529411,0.03328884959515664,653,Please meet Mr. Samsa's grandson.
4896,5698,6,13,160,179,1.1396648044692737,0.03242949595514815,653,It stings not be included...
247,5699,4,15,146,165,1.1393939393939394,0.032048754545549715,653,Can't you tell it's male? He's enjoying a nectar of the gods.
1091,5699,2,19,144,165,1.1393939393939394,0.02965304382194367,653,I drink like a bird.
2966,5701,3,15,133,151,1.1390728476821192,0.032605387086334224,653,"You guys know my husband Jack. He tried to turn himself into a pickle after watching Rick and Morty with our son Bobby, but something went wrong."
4123,5702,4,18,165,187,1.13903743315508,0.02955646809838229,653,Can you help us improve our therapy sessions?
2608,5703,1,23,156,180,1.1388888888888888,0.027022634475276693,653,Holly here has become quite the social butterfly.
1795,5703,2,21,157,180,1.1388888888888888,0.028147753381312705,653,But I thought you said you were a connoisseur of blood red wine?
956,5705,4,16,153,173,1.138728323699422,0.031040628896080887,653,"Where the hell do get a big long beer keg, at this party?"
494,5706,3,17,146,166,1.1385542168674698,0.030699079461962847,653,It seems kind of obvious now. Mixing in a bit of human blood did the trick.
1493,5706,2,19,145,166,1.1385542168674698,0.029485829302974085,653,I don't drink Chianti and I ate earlier.
4611,5706,1,21,144,166,1.1385542168674698,0.02822046738727659,653,I’m afraid you may be lost. Your species doesn’t appear in Bliss cartoons.
405,5709,1,20,138,159,1.1383647798742138,0.028881971065663422,653,They come in all shapes and sizes.
2092,5709,4,14,141,159,1.1383647798742138,0.032756720536980546,653,Why didn't you just ask for a martini instead of wine?
3758,5709,2,18,139,159,1.1383647798742138,0.030228790060765367,653,sometimes even the most seemingly fun situations can be totally void of comedy
4362,5709,3,16,140,159,1.1383647798742138,0.03151810978529383,653,"So, what is in your drink?"
1256,5713,3,19,159,181,1.138121546961326,0.02907778423633319,653,He swings up and down until the glass is empty.
1475,5713,1,23,157,181,1.138121546961326,0.02688387672350622,653,"This is Quito, you guys, from Napa. He's a red wine expert"
14,5713,6,13,162,181,1.138121546961326,0.03208862101602137,653,"This is Susan, she’s the new member of the school board"
2602,5716,5,14,155,174,1.1379310344827587,0.03192995663171835,653,He’s gigantic—and Merlot?
3810,5716,3,14,128,145,1.1379310344827587,0.03336304660620688,653,"Brundlefly project"""
4260,5716,4,16,154,174,1.1379310344827587,0.030872015846849645,653,..And what's your favorite vintage? 2005 Napa Cab or 2016 DC Swampaign?
4841,5716,2,16,127,145,1.1379310344827587,0.03189525730002668,653,"Excuse me, where did you get that wine from?"
5314,5716,5,14,155,174,1.1379310344827587,0.03192995663171835,653,"No thank you.  I prefer martinis  shaken, not stirred."
5669,5716,4,20,179,203,1.1379310344827587,0.027995308235306923,653,I need a straw.
1076,5722,2,22,165,189,1.1375661375661377,0.027269899675760233,653,"Listen Eddy, even if you don't agree.  Chuck should be allowed to express his opinion"
5129,5723,4,14,142,160,1.1375,0.03256283234478329,653,I'm the mosquito from France and I drink red wine only.
4672,5723,3,16,141,160,1.1375,0.031332438432289424,653,We feel there's nothing alien about being nosy . . .
5196,5725,1,23,158,182,1.1373626373626373,0.026746523934672434,653,"Zeluszilla, how charming you brought your own Zima. Cheers!"
2931,5726,4,13,136,153,1.1372549019607843,0.03351193577116516,653,"Ah, sheer nectar!"
1520,5727,4,16,155,175,1.1371428571428572,0.03070521498930257,653,Is that the red wine or the blood?
1595,5727,1,22,152,175,1.1371428571428572,0.02730871459010698,653,It appears I'm sill allergic to reds.
4659,5729,4,19,174,197,1.1370558375634519,0.028471313168093666,653,"At first I was annoyed, then amused, and twenty years later that’s how I met Marv."
1384,5730,1,21,146,168,1.1369047619047619,0.027907740430069244,653,Storks only guarantee good delivery if a woman doesn't drink.
3323,5730,1,21,146,168,1.1369047619047619,0.027907740430069244,653,"You look great, Mossi, even though blood wasn't on the Keto diet."
4417,5730,2,19,147,168,1.1369047619047619,0.029156954150628175,653,The biggest adjustment is the way the spiders kill him.
3382,5733,2,18,141,161,1.1366459627329193,0.029876680297789046,653,You said you prefer a bloody bouquet?
3681,5733,4,14,143,161,1.1366459627329193,0.032371214507983574,653,You're holding yours.
2183,5733,1,20,140,161,1.1366459627329193,0.028547789302562486,653,"Now you understand, why there aren’t many storks at cocktail parties"
3371,5733,3,16,142,161,1.1366459627329193,0.031148928989117607,653,I think blood tastes better
4926,5737,0,25,158,183,1.1366120218579234,0.025457266211771412,653,"I know I am always bugging you, but they really do have a stunning apartment for sale”"
3447,5738,4,16,156,176,1.1363636363636365,0.03054019744494765,653,I agree. 2020 does need change.
102,5738,4,16,156,176,1.1363636363636365,0.03054019744494765,653,Hi Mary!
1688,5740,1,21,147,169,1.136094674556213,0.027753939407239223,653,I have something to tell you!
5037,5740,3,17,149,169,1.136094674556213,0.030185524823830346,653,I didn't expect this when I asked for Bloody Mary!
5740,5740,2,19,148,169,1.136094674556213,0.028995232897071066,653,"I told you, it's better oxidized!"
275,5743,2,21,161,184,1.1358695652173914,0.027574851623816034,653,I'd like you to meet Mr. Egret.
2130,5744,3,21,175,199,1.135678391959799,0.02728640832376709,653,Look what the stork brought?
306,5745,1,22,154,177,1.1355932203389831,0.027021365070210444,653,"Come to think of it, maybe I'll take the non-alcoholic wine instead."
1117,5745,3,18,156,177,1.1355932203389831,0.029301140609763663,653,Another sissy. Martinis sting!
4587,5747,4,13,138,155,1.135483870967742,0.03310166305128308,653,Tell us about your recital at Juilliard.
2420,5748,2,19,149,170,1.1352941176470588,0.02883528319702229,653,My pet mosquito prefers red wine with his blood diet.
3022,5748,5,13,152,170,1.1352941176470588,0.03225390658316151,653,How I lost weight? I’m on a strict red wine diet!
2336,5748,0,23,147,170,1.1352941176470588,0.026310573321459956,653,"Charmed as well, Oliver. Who knew were this social."
4946,5751,0,25,160,185,1.135135135135135,0.02520283265514361,653,„At last it accepts banked human blood.“
1065,5752,2,18,143,163,1.1349693251533743,0.02953262307080364,653,"Of course,you know that our Pleiadian friends are vegan."
3571,5752,2,18,143,163,1.1349693251533743,0.02953262307080364,653,Have you met our new ee designer?
4300,5752,1,20,142,163,1.1349693251533743,0.028221188199706138,653,"Jesus Joanna, I told you we should’ve moved in with the in-laws."
1749,5755,1,19,136,156,1.1346153846153846,0.028884039086324472,653,She asked for the blood
4753,5755,0,21,135,156,1.1346153846153846,0.027414863267970668,653,I'll trade my poison for yours.
3544,5757,0,23,148,171,1.1345029239766082,0.02616822134466232,653,"Yes, despite your dim view of our planet, I assure you that wine is an Earth invention."
4342,5758,3,19,164,186,1.1344086021505377,0.02834164106089999,653,He told me he just wants to be someone's pet!!
4615,5758,2,21,163,186,1.1344086021505377,0.027296995791791675,653,"Luckily, he dislikes gin."
5404,5760,3,16,145,164,1.1341463414634145,0.030611003513919093,653,If Ted spots an opening he comes crawling back.”
3952,5760,3,16,145,164,1.1341463414634145,0.030611003513919093,653,"Want a refill, Phil?"
3868,5760,4,14,146,164,1.1341463414634145,0.03180959344626088,653,"As a blood-sucking parasite, I am rewarded at premium rate"
116,5760,3,16,145,164,1.1341463414634145,0.030611003513919093,653,It's a 1988 Marlo
4182,5764,1,24,169,194,1.134020618556701,0.025588247252506736,653,"Meet my friend, Amos."
3199,5765,1,19,137,157,1.1337579617834395,0.028712279931863094,653,Are you working on a blood sample cocktail?
763,5766,2,19,151,172,1.1337209302325582,0.02852058423609758,653,You'll have to excuse Harold. He's had a bit too much to drink.
2649,5766,1,21,150,172,1.1337209302325582,0.027302459031449636,653,Is your wine like my wine?
3124,5766,2,19,151,172,1.1337209302325582,0.02852058423609758,653,"So how has your week been, the US government?"
4117,5766,4,15,153,172,1.1337209302325582,0.030812702529590643,653,"And then I said ""that's no ladybird, that's my wife"""" - Chris Knight, London, U"
4471,5766,5,13,154,172,1.1337209302325582,0.031897054616083186,653,Will you bring them a baby?
826,5771,1,23,163,187,1.1336898395721926,0.026080113704186107,653,I had no idea humans had any interest in Xhehhayhhahghhabhhiygbngy politics.
3809,5771,1,23,163,187,1.1336898395721926,0.026080113704186107,653,Distasteful appearance. I concur but he is a superb bartender!
3208,5773,2,18,145,165,1.1333333333333333,0.02919634747849879,653,A toast to three unabashedly boring folks.
1662,5773,5,14,161,180,1.1333333333333333,0.03091808524204144,653,If one's effect is to go more than skin deep one must be the buzz.
2454,5775,3,17,153,173,1.1329479768786128,0.029526780635448693,653,Your corporations primary PR problem is that the public fails to understand the great benefits of your services.
3087,5775,2,19,152,173,1.1329479768786128,0.028365779375300423,653,So you say you're related to a dung beetle?
1210,5777,1,19,138,158,1.1329113924050633,0.028542535252009008,653,You are very welcome but we can't imagine why you would want to spike our drinks!
1959,5778,1,22,158,181,1.132596685082873,0.02646428704088381,653,S̵͖̽c̴͎͐r̵̺̂å̵̦w̷̝̎k̸̡͝ȃ̶̟b̵̳̐ I know you’d agree; you’re one of the good ones.
2345,5778,2,20,159,181,1.132596685082873,0.02759974352756425,653,Are these humans uninvited guests?
3565,5778,2,20,159,181,1.132596685082873,0.02759974352756425,653,you said a martini not a mosquito cocktail
2536,5781,3,16,147,166,1.1325301204819278,0.0302625346892747,653,He made our Pink Flamingo cocktail.
5257,5781,1,20,145,166,1.1325301204819278,0.027744950992279423,653,It’s not supposed to have a fishy taste.
1686,5783,5,10,136,151,1.1324503311258278,0.034749811171995375,653,AGGHHH THAT GIANT FUCKING MOSQUITO IS COMING RIGHT AT ME!!!!!
3129,5784,1,19,139,159,1.1320754716981132,0.02837477015197548,653,"So, I hear you make some pretty great red wine. What's your secret?"
3493,5785,1,24,172,197,1.131979695431472,0.02522483992882682,653,Who wants h’ordeuvres?
3561,5786,2,20,160,182,1.1318681318681318,0.02745734508536489,653,So how come you crawled back in here?
832,5786,3,18,161,182,1.1318681318681318,0.028541523558350906,653,Need a refill?
3927,5788,2,18,147,167,1.1317365269461077,0.028867594520319294,653,The things they can do with cosmetic surgery! Isn't she such a trendsetter?
5079,5789,1,23,166,190,1.131578947368421,0.025695844450986143,653,"A sommelier he is not, but he is gangly and doesnt charge much!"
553,5790,1,21,153,175,1.1314285714285715,0.026865316856945275,653,Beware; two of those drinks will take you sky high
3356,5790,3,17,155,175,1.1314285714285715,0.029208014992594882,653,"It wasn't until my dear friend here, sucked my blood. Now I feel so light headed and itchy!"
4730,5790,3,17,155,175,1.1314285714285715,0.029208014992594882,653,Tell us more about this human blood cocktail of yours.
5277,5790,3,17,155,175,1.1314285714285715,0.029208014992594882,653,"After a hard day of labors, he too enjoys a drink"
1762,5794,0,18,119,137,1.1313868613138687,0.02896808004815244,653,It helps with my dance moves!
2668,5795,2,17,141,160,1.13125,0.02956959996581565,653,"How's life? 
Life on 8 legs is a bit more cumbersome. I envy you all."
585,5796,1,22,160,183,1.1311475409836065,0.02619420551079425,653,Um... yeah... i got nothing.
4420,5797,1,20,147,168,1.130952380952381,0.027436220735803696,653,"No, zz..ank you. But, I will take a few olives on your way back around."
4397,5797,3,16,149,168,1.130952380952381,0.029921868376208874,653,Do You Think a Beautiful Wall Would Make for a Better Relationship
1037,5797,2,18,148,168,1.130952380952381,0.028705961187416397,653,I was just telling Ben how you stopped drinking martinis because they never fixed your olives on a toothpick.
259,5800,2,19,155,176,1.1306818181818181,0.027911221840050043,653,"I'm his only Bloody Mary now, but it beats dieting."
5548,5800,3,17,156,176,1.1306818181818181,0.02905118533794364,653,"Drink up, Mary’s leaving soon."
510,5802,1,25,181,207,1.1304347826086956,0.024443652842566575,653,He's well house party-trained.
1400,5802,1,22,161,184,1.1304347826086956,0.026061205314978235,653,"Nothing much, what’s up with you?” “Kevin you legit tell that joke everything time."
3913,5802,1,16,121,138,1.1304347826086956,0.030556194937104857,653,"The gene vector made her prefer merlot to blood, but Brearly tuition almost killed us."
1445,5805,3,16,150,169,1.1301775147928994,0.0297543802312731,653,Lets drink to me being free.
2718,5805,2,18,149,169,1.1301775147928994,0.028546116457628515,653,Let me introduce Miss Davis. She sings on the Opry...
3294,5805,3,16,150,169,1.1301775147928994,0.0297543802312731,653,"This wine tastes a little off.""
""It's not wine, dummy.""
""Then what is it?""
""Blood."
3417,5805,1,20,148,169,1.1301775147928994,0.02728439822825132,653,"What's the buzz, cuz?"
5065,5809,2,16,136,154,1.12987012987013,0.030138883881871126,653,Let me introduce our new manager of corkscrews.
1898,5809,2,16,136,154,1.12987012987013,0.030138883881871126,653,"And here we have an excellent  example of  ""anopheles gigantica"""
576,5809,3,14,137,154,1.12987012987013,0.03151562722632258,653,"Meet Mr. Bird.  He’s pissmed-off that The New Yorker won’t keep him logged-in, too."
801,5809,1,18,135,154,1.12987012987013,0.028696164967139715,653,Really? I always found Pam to be such a sweetheart
4,5813,3,18,164,185,1.1297297297297297,0.028104266211270955,653,Looks like a cold duck.
70,5813,1,22,162,185,1.1297297297297297,0.025929538486309373,653,"Slim, I think you confused red wine with blood again."
325,5813,2,20,163,185,1.1297297297297297,0.027038775354913776,653,Rufus here is my domesticated exotic bird that loves buttery chardonnay...
5798,5816,4,13,145,162,1.1296296296296295,0.031741238806962224,653,I can get you five more of these at half price if you have a membership.
3616,5817,2,16,137,155,1.1290322580645162,0.02995552829928984,653,"Yes Spidey dear, I'm sure it's organic."
3671,5817,2,20,164,186,1.1290322580645162,0.026902055662173324,653,"It's a '72, velvety, full-bodied red, and he blew a .25!"
4778,5817,0,24,162,186,1.1290322580645162,0.024647014450336003,653,"Legs for miles, huh?"
1287,5820,2,17,144,163,1.1288343558282208,0.029056770941986526,653,I don't think you've met before
3702,5821,0,22,149,171,1.128654970760234,0.025679342723276884,653,sport drinking the spectator
3127,5822,2,19,158,179,1.1284916201117319,0.0274709133599663,653,"-I want to introduce you to my robot pet.
- I know how your dog feels..."
1442,5822,2,19,158,179,1.1284916201117319,0.0274709133599663,653,"Fresh from the runways of Paris fashion week, this is MOs-skee-toh darlings."
1641,5822,5,13,161,179,1.1284916201117319,0.03070770549462142,653,A bird and a hand?
3408,5825,2,15,131,148,1.1283783783783783,0.030741892064240453,653,"I'd like to introduce you to Nick, he recently joined our quality control team."
1433,5826,3,18,166,187,1.1283422459893049,0.02782008976480456,653,He's the Upper West Side Stork
5937,5826,4,16,167,187,1.1283422459893049,0.028835020388225725,653,Isn't that a coincidence?  These two doctors research infectious diseases of the blood.  May I present to you the 'Skeeters.  They flew in from Egypt last night.
5167,5828,4,13,147,164,1.1280487804878048,0.031372761632399646,653,I'd like you to meet our new neighbor.....he's a retired obstetrician
3214,5828,1,19,144,164,1.1280487804878048,0.0275644712479971,653,"You might prefer the Champagne Flute glass, it holds the bubbles and the bugs better."
5430,5828,3,15,146,164,1.1280487804878048,0.0301568147083894,653,Is that a red?
5398,5831,1,20,151,172,1.127906976744186,0.026838774540518754,653,"Ironically, he prefers wine to creme de menthe."
6048,5832,2,19,159,180,1.1277777777777778,0.02732719597213167,653,It's mosquito wine.
5847,5832,2,19,159,180,1.1277777777777778,0.02732719597213167,653,And the tube worm appetizer?
2231,5834,1,18,138,157,1.127388535031847,0.02818204894162055,653,"Well, something has to drink the Friexenet."
5150,5834,1,18,138,157,1.127388535031847,0.02818204894162055,653,Let me get you another glass.
1137,5836,3,15,147,165,1.1272727272727272,0.029983533746176128,653,His doctor prescribed grass.
2621,5836,3,15,147,165,1.1272727272727272,0.029983533746176128,653,This is the latest in dieting-regurgitated drinks.
84,5838,3,16,154,173,1.1271676300578035,0.029102675579081777,653,May I have your declining number?
141,5838,3,16,154,173,1.1271676300578035,0.029102675579081777,653,Here's my friend Gil Spider-Heron. He's looking for The Bottle.
5380,5838,1,20,152,173,1.1271676300578035,0.026693427198655195,653,Sorry. Crashing like usual.
569,5841,2,19,160,181,1.12707182320442,0.027184965459457016,653,Did someone order a vodka martini with Grey Goose?
4973,5841,1,21,159,181,1.12707182320442,0.026031423180971822,653,"As your hosts, we do not accept tips. More pesticider?"
2951,5843,4,14,156,174,1.1264367816091954,0.03007000823317319,653,"Always and only white wine, that's how!"
2630,5844,2,13,120,135,1.125925925925926,0.03228814032252351,653,"Oh! That's Spanish, right?"
1813,5845,3,13,135,151,1.1258278145695364,0.031594332296361764,653,"Mom, Dad, I want you to meet my fiancé, Pete."
3721,5845,1,17,133,151,1.1258278145695364,0.02866359000111159,653,She’s not contagious!
5070,5847,3,14,142,159,1.1257861635220126,0.030574649634705534,653,plotless cartoon
5810,5848,0,21,146,167,1.125748502994012,0.02573448965423089,653,"First hired as mixer, she became their star bartender."
4076,5849,3,16,156,175,1.1257142857142857,0.028787361367881254,653,"Harriet, these are the Pemberton Smiths. Now, I'm gonna go say hello to a couple new guests; I'll be right back. 
Rememer, Harriet -- you promised not to bite anyone tonite."
1054,5850,2,19,162,183,1.1256830601092895,0.026904874349843934,653,A little bird just told me...
2093,5850,2,19,162,183,1.1256830601092895,0.026904874349843934,653,"Take that stinger and go back to the bar, you six-legged freak."
5164,5852,1,22,169,192,1.125,0.025043592012181485,653,Meet my fourth cousin once removed.
3292,5852,2,17,149,168,1.125,0.028240257056547893,653,"Sorry to bug you, but are you free Friday night?"
2957,5852,2,15,135,152,1.125,0.029976899436494817,653,Let’s drink to the soldiers!
3190,5852,4,12,144,160,1.125,0.031660045650094025,653,"It's not that we're self-absorbed, virtue-signaling, sanctimonious liberals, but all the serious thinkers know for a fact that Trump is a big, bad meanie."
2337,5852,0,25,175,200,1.125,0.023444042219248146,653,"He's too old to drink, but he likes to hold the glass for style."
511,5852,2,15,135,152,1.125,0.029976899436494817,653,"A tall beaker for my beak, please!"
2821,5852,1,20,155,176,1.125,0.026266615026208934,653,"Smells Like Teen Spirit"" played backwards is ""Yesterday"
6023,5859,0,22,155,177,1.1242937853107344,0.02486838539782346,653,So..why so down...you need to relax...maybe a beak-ectomy might help you
5060,5860,4,16,174,194,1.1237113402061856,0.027845238280254113,653,"they/them/their? Greg Stroupe Madison, WI"
1479,5861,0,22,156,178,1.1235955056179776,0.024738137784964257,653,It's not just about babies.
4337,5862,1,18,143,162,1.123456790123457,0.027364674388686814,653,Do you have a cocktail suction machine?
1182,5863,2,15,137,154,1.1233766233766234,0.02960843129289957,653,This unit comes with a kid.
3390,5863,4,11,139,154,1.1233766233766234,0.032348478778353444,653,And this is my friend Sam who just happily informed me that his web in the Hamptons is finally being Scotchgarded​.
5732,5863,1,17,136,154,1.1233766233766234,0.028138528138528147,653,"It's not a fancy bloody Mary, it's a blood meal!"
2477,5866,2,19,166,187,1.1229946524064172,0.02636156193030557,653,So who was asking about the tinny quality?
5537,5867,1,20,158,179,1.1229050279329609,0.02585314689724356,653,"Brian, Sue, meet Hybird Webweaver, she is of the amalgamation persuasion”"
1990,5867,3,16,160,179,1.1229050279329609,0.028176703174186402,653,It takes a stork to spot a pregnant woman before she even knows it
2382,5869,4,13,154,171,1.1228070175438596,0.030147585964896095,653,"and then I said, ""dude, you're buggin'!"""
3409,5869,2,17,152,171,1.1228070175438596,0.027771892990971894,653,"Congratulaions on your election as a member of our mosquito abatement committee.






""Thank you for speaking to our group on the latest trends in mosquito abatement."""
5622,5869,1,19,151,171,1.1228070175438596,0.026504312681101365,653,"thanks, but the Martini is back."
2304,5872,3,14,146,163,1.1226993865030674,0.029861208062453314,653,Okurrrrrrrr!
1023,5873,1,20,159,180,1.1222222222222222,0.025718182786833042,653,I like a glass of merlot with my meal”
2213,5873,2,18,160,180,1.1222222222222222,0.026897921337674845,653,And what's the name of your webseries?
4110,5873,2,18,160,180,1.1222222222222222,0.026897921337674845,653,"I keep promising myself that I’ll never fly coach again, and then these last minute deals come up that I just can’t turn down."
645,5876,0,21,151,172,1.122093023255814,0.02503638485945632,653,He's in charge of Grounds Security.
1663,5877,2,16,146,164,1.1219512195121952,0.028400009016040492,653,"With a judge who would really like cocktails, I think you should  win a lawsuit against your parents"
5408,5877,2,16,146,164,1.1219512195121952,0.028400009016040492,653,I picked this up at an antique shop. I hate to drink alone.
1261,5879,2,15,139,156,1.1217948717948718,0.02924886616389331,653,"We should get a picture with him and post it on Facebook. After all, he is a new neighbor."
1167,5880,4,14,163,181,1.1215469613259668,0.028960911640233587,653,How is that  house Malaria-Stinger on the rocks?
2989,5880,1,20,160,181,1.1215469613259668,0.025584611398618427,653,Weve been asked to provide a holistic environment
356,5880,1,20,160,181,1.1215469613259668,0.025584611398618427,653,Fill 'er up.
3763,5883,2,17,154,173,1.1213872832369942,0.027468142010608557,653,"Buzzy, I’d like you to meet my friends Moss and Keto."
5759,5883,2,17,154,173,1.1213872832369942,0.027468142010608557,653,Now I’ll give you the birds eye view.
1997,5885,1,18,146,165,1.121212121212121,0.02689647667158412,653,You all ready?
5392,5885,4,12,149,165,1.121212121212121,0.03074329109524941,653,"Sorry you have to drink red, next time you come I’ll make sure the barman knows how to make a Human, straight up, without ice."
5639,5885,3,14,148,165,1.121212121212121,0.029516776879595964,653,And how have you been enjoying your visit to our century?
2491,5888,3,17,170,190,1.1210526315789473,0.027019279745469072,653,"So you agree, wine IS better than water?"
4883,5889,3,13,141,157,1.1210191082802548,0.030444363317797117,653,Meet Jeff; a lot of people say he's synonymous with malaria.
2799,5889,3,13,141,157,1.1210191082802548,0.030444363317797117,653,Careful- she's quite the sponge !
4294,5889,2,15,140,157,1.1210191082802548,0.02907232258519989,653,Hand me over your olive or else.
242,5889,1,17,139,157,1.1210191082802548,0.02763223883744885,653,"Aunt Etta, hope you enjoy your Grasshopper cockatiel."
1473,5889,1,17,139,157,1.1210191082802548,0.02763223883744885,653,"Sure, we can switch glasses."
1108,5894,4,14,164,182,1.120879120879121,0.02880908801618101,653,I never expected to find myself in one of Aesop’s fables.
1100,5895,2,17,155,174,1.1206896551724137,0.02731873185450184,653,Let's toast to me. I'm the stork that brought you.
3324,5896,1,18,147,166,1.1204819277108433,0.026743928858149073,653,Et tu Brute!
58,5897,0,19,139,158,1.120253164556962,0.02595836217280005,653,What? You're tired of  honey?
2102,5897,2,15,141,158,1.120253164556962,0.028897887065686165,653,"Guys, meet my new friend Rob."
1788,5899,1,20,162,183,1.1202185792349726,0.02532156208728603,653,"So, this Halloween, you're Mosquito Man."
4206,5900,2,16,149,167,1.1197604790419162,0.027916614488826756,653,You didn256417-6483-4127-b78d-e7d229832896.becef273-3216-4387-85fa-cb609ccc83f2.15513
1988,5901,1,15,126,142,1.119718309859155,0.029108545111038938,653,"What ho, apothecary?"
4558,5902,3,16,165,184,1.1195652173913044,0.027448717393034398,653,He was a handsome dog when he was younger.
5768,5903,0,19,140,159,1.119496855345912,0.025805670668681408,653,"Medical science? Oh, yeah -that straw problem. Well, yes...I guess we could try that."
4024,5904,2,17,157,176,1.1193181818181819,0.02702471102349085,653,I'd like to introduce you to Mr. Red Bump.
704,5905,1,16,134,151,1.119205298013245,0.02807613791714728,653,Thank you but I cannot bob unless you lower the liquid.
530,5906,2,16,150,168,1.119047619047619,0.027759101356513195,653,"This is my acting teacher, Samsa Adler."
3264,5906,3,14,151,168,1.119047619047619,0.029014715362224126,653,"Oh, meet my husband Eric"
2098,5908,3,16,166,185,1.1189189189189188,0.02730759192041446,653,Look at you guys! Like three legs on a bird!
3978,5909,1,15,127,143,1.118881118881119,0.028916393863853085,653,"Feed him?  Easy, we just don't flush the toilet very often."
1508,5910,3,13,144,160,1.11875,0.0299000891334571,653,Please tell us about your thesis on humans being linked to strange creatures.
1513,5910,0,19,141,160,1.11875,0.025654751481643822,653,"Have some bug juice, Bugdeira, my dear."
907,5912,1,16,135,152,1.118421052631579,0.027901838537781165,653,"Twiggy, you look even better!"
2604,5913,1,18,150,169,1.1183431952662721,0.026296433187324237,653,And what is the vintage on him?
1396,5914,3,13,145,161,1.1180124223602483,0.029722946867094164,653,How about a little poka martinis right about there?
5310,5915,2,17,159,178,1.1179775280898876,0.026736920987414967,653,"If you replaced the malaria with a shot of cabernet,you'd steal the vape shot business and make a few more friends!"
5401,5916,3,17,175,195,1.117948717948718,0.026360510986024963,653,"My son's going to Princeton, and yours?"
987,5917,2,14,137,153,1.1176470588235294,0.02923926019918924,653,"My daughter needs to warn you, that wine come with birth control."
3363,5917,1,16,136,153,1.1176470588235294,0.027729677693590093,653,She's related to my aunt.
3373,5917,1,18,151,170,1.1176470588235294,0.02615055796705863,653,Why did you skimp on the mint leaves and lime juice?
185,5920,3,12,139,154,1.1168831168831168,0.030484378602330397,653,"Actually every time I have flown there the leg room was fine.
Frank Buckley Andover, MA"
726,5921,3,15,162,180,1.1166666666666667,0.027603425510938442,653,"So, do y’all come here often?"
5984,5921,2,17,161,180,1.1166666666666667,0.026455166858425572,653,"I hated when I ex kept told me to ""bug off""!"
3492,5923,0,19,144,163,1.116564417177914,0.025212327210507056,653,Hand it over and keep em coming We will end up lit for half the cost...
3856,5924,2,14,139,155,1.1161290322580646,0.028880579433714592,653,Thanks I could use it I take a 54 long
5101,5924,3,12,140,155,1.1161290322580646,0.030296452745964708,653,Our guest last week was a giant fly.
3549,5926,1,19,161,181,1.1160220994475138,0.025123107517915216,653,"The drinks are getting more and more exotic, ever since Colombia started offering its MS in Mixology.”"
5445,5926,1,19,161,181,1.1160220994475138,0.025123107517915216,653,Have you met Polly? She works in hedge funds - don't you?
817,5926,3,15,163,181,1.1160220994475138,0.02745806329235177,653,"Daddy, I'd like you to meet Janet Gaynor and Warner Baxter."
2272,5929,1,18,154,173,1.115606936416185,0.025722430071449812,653,No worry. Next time you can win an Oscar for the best insect actor.
3058,5929,1,18,154,173,1.115606936416185,0.025722430071449812,653,"Cheers, Lenny!"
5261,5931,1,19,162,182,1.1153846153846154,0.02499281851616897,653,Ooga booga!!! Where the pregnant bitches at?!?!?!
5824,5931,2,17,163,182,1.1153846153846154,0.02617926174049312,653,"Please, let me hold your drink. You’re clearly off kilter."
3394,5933,1,20,170,191,1.1151832460732984,0.024321018642729387,653,You're not overstaying your welcome.
418,5934,1,17,147,165,1.1151515151515152,0.02636665205203642,653,"Don't worry, he's Toxorhynchites."
5166,5934,2,15,148,165,1.1151515151515152,0.027732835600431258,653,"“Haven’t you had enough?”—ElizabethSabagh, Manhattan”"
1611,5936,2,14,141,157,1.1146496815286624,0.028530554815487538,653,And that’s how I came to host this political fundraiser...
5203,5937,2,18,172,192,1.1145833333333333,0.025303118031989244,653,Warning:”It Has a Life Altering Drug.”
847,5938,3,14,158,175,1.1142857142857143,0.027906885822879313,653,"Now, now. You both have a thing for nectar."
783,5939,0,21,163,184,1.1141304347826086,0.023504990591924426,653,I'd have invited more guests if I had known I would receive such capable service.
4822,5940,0,19,148,167,1.1137724550898203,0.02464547217056251,653,He’s far too refined for a long neck.
4770,5941,0,18,141,159,1.1132075471698113,0.025206940780345334,653,"Hmmm...Are we really birds of a feather, I wonder?"
5757,5941,4,10,145,159,1.1132075471698113,0.03088423298551979,653,These blood-infused cocktails are delicious!
1401,5943,2,15,151,168,1.1130952380952381,0.027261675960902797,653,He knows that I’m not driving.
2902,5943,4,11,153,168,1.1130952380952381,0.029761904761904764,653,It’s a “no red wine on white couch” household
3062,5943,3,13,152,168,1.1130952380952381,0.02853918316327532,653,We still have a no host bar the open blood bar is in the second class majority.
3246,5943,2,15,151,168,1.1130952380952381,0.027261675960902797,653,This is our best attempt at inoculating our kids and god help us that  it doesn't hurt.
3484,5943,1,17,150,168,1.1130952380952381,0.025921284242250684,653,"In Minnesota, we server pesky mosquitoes hemoglobin cocktails, during our soirees purely for the benefit of our invited quests."
4804,5943,3,13,152,168,1.1130952380952381,0.02853918316327532,653,The keynote address was inspiring. Pass me the Polysporin.
5891,5949,1,20,174,195,1.1128205128205129,0.023849663915572708,653,Must you put your nose into each of our arms?
1006,5950,1,14,127,142,1.1126760563380282,0.028442385425839274,653,Very civilized for the world’s deadliest animals.
3960,5951,2,16,160,178,1.1123595505617978,0.026276108035865504,653,"Don't blame me ! This is what happens when you minimize global warming! I have a ""Chernobyl Like"" appetite for blood wine..."
1132,5952,2,12,129,143,1.1118881118881119,0.0299461006747373,653,"""I'm normally a six fisted drinker, but they seemed to have run out of nectar."
5286,5952,0,16,127,143,1.1118881118881119,0.026453408724442896,653,Ambrosia...is that a region or a varietal?
4609,5954,1,15,136,152,1.111842105263158,0.02729424453440698,653,She’s Alexa on steroids
186,5955,2,15,153,170,1.111764705882353,0.026956327617387293,653,The escargot are exquisite
523,5956,1,16,145,162,1.1111111111111112,0.02627034687463669,653,Definitely more civilized!
1931,5956,0,19,152,171,1.1111111111111112,0.024103384202072906,653,Is this better than camp bug juice or Navy bug juice?
5001,5956,2,15,154,171,1.1111111111111112,0.02680619385891149,653,"'""IT'S A NEW DRINK CALLED ""THE STORK"""
5194,5956,2,16,162,180,1.1111111111111112,0.025998243851411824,653,"I've always preferred red.
Paul Dyer, San Francisco, CA"
5684,5956,2,14,146,162,1.1111111111111112,0.0276913770155126,653,I must admit this B Negative afterbirth is growing on me.
2914,5961,0,21,169,190,1.1105263157894736,0.022807017543859654,653,I think I will get legless before you
4145,5962,1,18,162,181,1.1104972375690607,0.024646086213475648,653,He says that of particular interest to you two and little Jeremy would be how CRISPR could turn off the gene for homely.
2855,5963,1,17,154,172,1.1104651162790697,0.025350234590799554,653,Drink up!!!!
1951,5964,0,18,145,163,1.1104294478527608,0.02462493778894131,653,"Sorry, but we have an insects prohibition."
2590,5965,2,13,139,154,1.1103896103896105,0.028488934932806156,653,Its a straw..  his lips didn't fall off.
4039,5965,1,15,138,154,1.1103896103896105,0.026958059570044143,653,"Huffy

Of course, our Co-op diversity, equity and inclusion guidelines would be meaningless without admitting arachnid"
4368,5967,1,18,163,182,1.10989010989011,0.024517812290021555,653,Fred and I  play  Pickleball on Thursday’s.
1822,5968,3,11,141,155,1.1096774193548387,0.029756365733644152,653,"They usually get antsy when dinner is served past seven, but let me tell what my cats did to register their annoyance last night."
1864,5969,3,16,182,201,1.109452736318408,0.0252312882250865,653,"Instead of a Cabernet,I would think your  loyalty would have for ""Grey Goose"" on the rocks!"
3704,5970,1,18,164,183,1.1092896174863387,0.02439086015368476,653,"Meet New York's preeminent, long-legged, high-flying aerial stork!   She personally delivers all tweets to and fro the Tower!"
479,5971,2,15,157,174,1.1091954022988506,0.026365623107859934,653,How’s your drink?
237,5972,1,14,132,147,1.1088435374149659,0.02752359684438582,653,Jeers to that!
3078,5973,4,13,176,193,1.1088082901554404,0.02685026219523618,653,But have you tried Bumble?
5005,5974,1,18,166,185,1.1081081081081081,0.024140840809738,653,We’re gonna have one more back at my place — joining?
4315,5974,3,14,168,185,1.1081081081081081,0.026462974287900797,653,i never drink and drive
896,5974,1,18,166,185,1.1081081081081081,0.024140840809738,653,I’d expect a bird brain to be smarter than that.
2911,5977,1,17,158,176,1.1079545454545454,0.0248036861239712,653,So you were the inspiration behind Coravin?
3159,5977,1,17,158,176,1.1079545454545454,0.0248036861239712,653,Why are you looking at me like I’ve got a chicken on my head?
180,5979,1,16,150,167,1.1077844311377245,0.02552378945198689,653,"everyone chirps away about our wines, but with her...crickets!"
3256,5980,1,17,159,177,1.1073446327683616,0.02467069452310729,653,You don't have to wonder where to put the cocktail sticks and you can hold a drink in both hands.
5083,5981,2,13,144,159,1.1069182389937107,0.027632759162182306,653,"I'm sorry, we're out of beer."
1230,5982,4,10,155,169,1.106508875739645,0.029124324357054962,653,"You think you're fucking special phil? We sip blood 'cause it makes us horny. You're not nearly as quirky as us, phil"
877,5983,0,17,143,160,1.10625,0.02443846559481447,653,"Yes, my name is Mary...but it’s kist creepy that you want to toast me with a Bloody Mary!"
2229,5984,4,11,164,179,1.106145251396648,0.028001923532720904,653,So Jussie Smollet hired you?
3942,5984,1,17,161,179,1.106145251396648,0.024408925122149913,653,"Even evil an dictator 
Needs love"
4850,5986,1,13,128,142,1.1056338028169015,0.02774757155837601,653,I consider myself to be “Q” - as in “questioning”
349,5987,1,17,162,180,1.1055555555555556,0.024280103282481296,653,Care for some blood? I heard it's good for your heart.
256,5988,2,13,147,162,1.1049382716049383,0.02714323506561655,653,Hopefully this will help your cafard.
3108,5989,3,12,157,172,1.1046511627906976,0.027421660649791266,653,"This is my husband's Mama Longlegs. We live in the cellar, of course, but she enjoys these dinner parties we have."
4470,5989,1,16,155,172,1.1046511627906976,0.02481831099780174,653,"I am here to alert you, storks are about to be extinct unless you start making babies again."
4807,5991,2,12,139,153,1.1045751633986929,0.028072156725371743,653,"What goes around comes around, Pencil Dick, and a vampire, oh, excuse me, mosquito ambush, can drive one to the brink of insanity."
4469,5992,2,15,165,182,1.1043956043956045,0.025258353922090936,653,May I present: 5 Ways.
3434,5993,1,15,147,163,1.1042944785276074,0.02554191410387892,653,Just a wee bit of alcohol will make him his bites much more enjoyable!
1331,5994,1,17,165,183,1.1038251366120218,0.02390163442939483,653,What type of drink do you enjoy?
5574,5994,2,15,166,183,1.1038251366120218,0.025126427696223384,653,"No, I said 3 or 4 olives.



Note: please underline the word ""or."""
5864,5994,0,19,164,183,1.1038251366120218,0.02261059238541359,653,You are millions now? I'm shorting Wine Bottle Cork Companies
3439,5997,1,16,157,174,1.103448275862069,0.02454687422936687,653,Maybe a bloody mary was too soon...
2021,5997,0,15,130,145,1.103448275862069,0.025378623179102996,653,"Oh, I'm sorry darling.  I knew you wanted it stirred, not shaken."
596,5999,3,12,160,175,1.1028571428571428,0.026969892249807385,653,And now on to the 1981 Utica vintage.
5916,6000,1,16,159,176,1.1022727272727273,0.02428128649128342,653,So I said ‘why don’t we all wear shoes inside? So the carpet gets dirty no one dies.’
3635,6001,1,15,151,167,1.1017964071856288,0.02495899608127395,653,Let's ask this grasshopper what to call this drink.
4111,6002,0,15,133,148,1.1013513513513513,0.02489149991935836,653,EVEN BEFORE WE START HE WOULD FINISH IT BY HIS BEAK
3714,6003,2,13,153,168,1.1011904761904763,0.02621428137626359,653,"No, the drink may be red, but that's NOT cranberry juice in my cosmopolitan."
2401,6004,1,15,153,169,1.1005917159763314,0.024677363612840234,653,hey are you holding?
4724,6005,1,13,136,150,1.1,0.02633462177914388,653,Was blood sucking a part of your internship description?
2250,6005,3,11,156,170,1.1,0.0272283916440369,653,"Yes, but occasionally she flops over."
3317,6005,1,14,145,160,1.1,0.02539003915023202,653,Sparrow me your wine puns.
4015,6005,2,13,155,170,1.1,0.025918558355872742,653,This is my dear friend Sucker. She’ll be drinking blood instead of wine tonight. Care to donate?
5717,6009,0,17,154,171,1.0994152046783625,0.022949025579355076,653,"You  really  amuse me  with your jokes at
this  party!"""
4775,6010,0,16,145,161,1.0993788819875776,0.023651469272869277,653,"Darling, you remember all that mid-century modern on Central Park West."
3300,6011,1,15,156,172,1.0988372093023255,0.02426658983219932,653,I can tell you're not very impressed with the business I'm running
3924,6011,1,15,156,172,1.0988372093023255,0.02426658983219932,653,My Bobby also thought there was nothing wrong with giving me a diamond.
5559,6013,0,15,137,152,1.0986842105263157,0.024270227737522687,653,"Now don't you find wine a friendlier social lubricant, Dracula?"
2312,6014,0,19,174,193,1.0984455958549222,0.02150024957603346,653,I hope you can handle this exotic mesquite consisting of larvae.
3083,6015,0,17,156,173,1.0982658959537572,0.02269741682440856,653,Susan really sucked the fun out of the party when she started mentioning her foot fungus.
2121,6016,1,15,158,174,1.0977011494252873,0.024000227323083857,653,"Yes, she's a mosquito and yes, it's Egri Bikaver."
314,6017,2,11,141,154,1.0974025974025974,0.027283234502899437,653,He prefers to be called 'Jimmo.'
2107,6017,1,13,140,154,1.0974025974025974,0.025680585022864803,653,They're here for a few drinks and a quick blood transfusion before having to drive home.
5581,6019,1,15,159,175,1.0971428571428572,0.023869219090408584,653,"He is known as the cock-tail, and he is invited to all the best parties."
336,6019,3,11,161,175,1.0971428571428572,0.02647834039303644,653,but this time it's with no planes and all trains!
167,6021,1,16,169,186,1.096774193548387,0.023034831109323934,653,"Now don't stare, it's rude. Even if tank tops went out of fashion in the 80s!"
3293,6022,0,16,150,166,1.0963855421686748,0.022975002150496207,653,Have you heard of that disease called malaria? Ive heard its killing millions.
4418,6023,0,15,141,156,1.0961538461538463,0.023679075290313056,653,Suggest this for replacement.
3655,6024,2,11,144,157,1.0955414012738853,0.026781517368934606,653,He's like that when the wine's gone sour!
4293,6024,2,11,144,157,1.0955414012738853,0.026781517368934606,653,Our sex-ed counsellor helps young kids adjust to their new reality.
3872,6026,2,13,165,180,1.0944444444444446,0.02453442611299716,653,Please hold your applause
4922,6027,2,12,156,170,1.0941176470588236,0.025371666550002153,653,"I’d like to introduce you to my friend Belle, I met her in fourth grade."
5250,6028,1,13,147,161,1.093167701863354,0.024610699075973855,653,I expected you to be more of tiki drink kind of gal.
2200,6029,0,14,137,151,1.0927152317880795,0.023681091976872213,653,The Bloody Mary use to be his drink of choice— now he prefers bulls blood wine. As Don Ho use to say it’s  “suck ‘em up time”!
3290,6029,0,14,137,151,1.0927152317880795,0.023681091976872213,653,Harold's just a tippler.
3267,6031,0,15,147,162,1.0925925925925926,0.02284422054607264,653,How was your the Twilight casting?
3297,6032,1,14,158,173,1.092485549132948,0.023562468428964534,653,"Stop bugging me about your problems. It's not my fault that you don't have great taste."""
3928,6033,2,13,170,185,1.0918918918918918,0.023896219652593854,653,I prefer my nectar fermented to perfection.
5451,6034,1,16,179,196,1.0918367346938775,0.02190970168989036,653,want a drink
5021,6035,0,15,151,166,1.0903614457831325,0.022319478501987774,653,"May I introduce you to Mr. Blood Sucker




Susan Elwood
Monterey California"
1548,6036,1,12,142,155,1.0903225806451613,0.02484597198497164,653,Georgina: “what did you think of the preforma
1859,6037,2,12,164,178,1.0898876404494382,0.024272437072688613,653,"Edward, this is my lover, Laura."
3422,6038,1,12,143,156,1.0897435897435896,0.02469297806208136,653,Blood of Christ
4177,6039,1,15,174,190,1.0894736842105264,0.02206225676860332,653,I am the light I am the way.
930,6040,1,12,144,157,1.089171974522293,0.02454185161463634,653,"True, sometimes a proboscis is just a proboscis, but I can't think of a ton of proboscides that wrinkled my cervix last night."
1407,6041,2,11,156,169,1.0887573964497042,0.024946151540013395,653,"Stork Swizzlesticks, at your service."
1573,6041,1,13,155,169,1.0887573964497042,0.02349187303138315,653,Don't you love it when we can get together and discuss the meaning of life? How about those Mets!
1537,6043,0,15,155,170,1.088235294117647,0.021818214391386783,653,"When I said you should wet your beak more often if you wanted to hang out with us, I didn't mean in my drink."
2916,6043,2,11,157,170,1.088235294117647,0.024804470721566968,653,STIR OR SHAKED!!
125,6045,0,14,146,160,1.0875,0.02240897029507458,653,It was the last one!
3325,6046,0,14,148,162,1.0864197530864197,0.02214455324179954,653,Hey! Order your own.
5391,6047,0,14,149,163,1.0858895705521472,0.022014662933817517,653,Some things in life are just not fair!!
1111,6048,0,13,139,152,1.0855263157894737,0.022758677130888624,653,And then the Blackman says to the rabbit.....
5748,6049,1,12,153,166,1.0843373493975903,0.023260416847311397,653,"Wow, now that’s what I call excellent service albeit I am still trying to finish my martini.

Perhaps a bit later I will be ready for a shot of red wine, so please hang in there until I am finished with my martini."
2478,6050,1,13,164,178,1.0842696629213484,0.02234857923272055,653,"Yo, check this freak out. I bring him to parties to show him off like a  pet, even though he has the I.Q. of a 30-year-old PhD candidate. He is like a slave to me."
3709,6051,0,12,131,143,1.083916083916084,0.023267303840409183,653,"Renwald's,meet the King of the Bird Flew"
3748,6052,2,9,147,158,1.0822784810126582,0.025341638688300073,653,No DEET on arrival! We
3827,6053,3,8,160,171,1.0818713450292399,0.025466950577353077,653,"At the Forest Preserve Swamp Sale. And we got a free bin of rodents, which he just loves... watch!  C'mon Little Teddy... Franklin named him, carry a big stick and all that ..., show them how you gobble these up."
4380,6054,1,10,137,148,1.0810810810810811,0.024469952820890022,653,May I please have a glass of wine? I am very thirsty
5458,6054,1,13,171,185,1.0810810810810811,0.021533309659815796,653,"And for the next round, a tall glass of water."
3372,6056,1,11,149,161,1.0807453416149069,0.023271212322154324,653,"Like you, Marcy: Frankie prefers Pinot Noir to the hard stuff."
5117,6057,0,14,160,174,1.0804597701149425,0.020680055945742404,653,"you wanted a birdie, you got a mulligan"
3414,6058,0,13,153,166,1.0783132530120483,0.020915455705337472,653,"When life gives you lemons, make a bird"
154,6059,0,14,165,179,1.0782122905027933,0.02012532756619453,653,It's a socially friendly showing I bring out from time to time. I call it the Stephen King of creeps.
5808,6060,1,11,161,173,1.0751445086705202,0.02170876271591363,653,Do you a shower or a tub?
5524,6061,2,9,168,179,1.0726256983240223,0.022448139356600096,653,"Don't be silly, of course I'll take a peak."
5370,6062,0,12,154,166,1.072289156626506,0.02016048256708616,653,"Jim, Sally... I want you to meet...

Jim: We know who this is...
Sally: We know who YOU are!"
3305,6063,1,9,145,155,1.070967741935484,0.022625486626970788,653,"There is always room for our exterminating company to grow.
Hey, I...uh... got to go I'll bug you later!"
255,6064,2,8,160,170,1.0705882352941176,0.022965751204433525,653,Bill's our psychic for the evening.
5362,6065,1,8,147,156,1.064102564102564,0.021674116895884707,653,"I as your point, but I’m not unsympathetic to the Joneses’ concerns."
5285,6066,0,10,151,161,1.062111801242236,0.019081064794168493,653,Dowse is less predictable when it's holding.
4707,6067,1,8,153,162,1.0617283950617284,0.020890676590998008,653,"Bob, Judy, this is my brother, Greg.  He hasn't been himself since he quit his dreary job in sales.  Would you like to hear me play something on my violin?"
1472,6068,0,10,158,168,1.0595238095238095,0.01830884829501072,653,"Don’t stick your beak into it, your
Too big for your britches anyway!"
1202,6069,1,7,150,158,1.0569620253164558,0.0205614785516965,653,This is my new boyfriend
2628,6070,0,10,171,181,1.0552486187845305,0.017028767964002683,653,It's important that we be late.
1160,6071,0,9,159,168,1.0535714285714286,0.017424178021187717,653,We just hit ‘delete’ to get rid of his poop.
1218,6072,0,10,179,189,1.052910052910053,0.016326225347631333,653,"I'm dumb lit, this martini got me mad crunk, daves a fuckin praying mantis, got damn... dj blow my speakers up tonight...."
