target_id,rank,funny,somewhat_funny,unfunny,count,score,precision,contest,caption
385,1,53,43,70,166,1.8975903614457832,0.06653666664478528,656,How do you respond to allegations that you're bipolar?
2117,2,34,44,62,140,1.8,0.068157365822999,656,The poles show you’re in trouble.
4906,3,25,44,52,121,1.7768595041322315,0.06991494567612866,656,I'm sure voters have noticed that you're completely in the dark half the time.
1941,4,35,43,69,147,1.7687074829931972,0.06692803151566025,656,I guarantee in twelve hours we'll see a completely different side of my opponent.
4425,5,36,53,74,163,1.7668711656441718,0.0618888675622726,656,"Ask yourself, are you better off now than you were four billion years ago?"
5120,6,31,46,73,150,1.72,0.0642422707508882,656,"Oh, sure. But in 12 hours, you'll take the opposite position."
2732,7,32,40,75,147,1.7074829931972788,0.0663286213348088,656,I guarantee in twelve hours my opponent will be on the other side of the issue.
5113,8,27,36,65,128,1.703125,0.07046612155083692,656,That wasn’t your position this morning.
4891,9,28,43,71,142,1.6971830985915493,0.06553029848817939,656,"My opponent, on the other hand, tends to be all over the map."
4439,10,24,42,64,130,1.6923076923076923,0.06718299207469838,656,"There you go again; constantly changing your position"""
4873,11,30,51,81,162,1.6851851851851851,0.06033430765730498,656,"Ask yourself, are you better off than you were 4.54 billion years ago?"
1740,12,26,43,70,139,1.683453237410072,0.06541094339081946,656,Spin. Spin. Spin. That's all we ever get from you.
3375,12,30,35,74,139,1.683453237410072,0.06852480699351321,656,Spin and more spin!  That's all we get from you.
3534,14,23,46,67,136,1.6764705882352942,0.06423875751793785,656,"Everything doesn’t revolve around you, you know!"
18,15,33,39,84,156,1.6730769230769231,0.06441404884706381,656,"Wait, if you're here, then where are we?"
4856,16,32,42,86,160,1.6625,0.06262565984035817,656,"And finally, can you really trust my opponent whose position changes EVERY SINGLE DAY?"
5151,17,29,35,77,141,1.6595744680851063,0.06739454762101901,656,Twelve hours from now my opponent will do a complete about-face.
3672,18,22,40,67,129,1.6511627906976745,0.06662834665763986,656,And yet just a few hours ago you held a totally different position!
4979,19,26,48,80,154,1.6493506493506493,0.06078767941477272,656,Don't be fooled by her 4.5 billion years of experience.
1417,20,24,35,69,128,1.6484375,0.06890403623445876,656,Please let me finish. Not everything revolves around you!
1663,21,28,38,79,145,1.6482758620689655,0.0653102194061919,656,I know for a fact Russia is behind this.
4710,22,30,45,87,162,1.6481481481481481,0.06096646550840762,656,"No offense, but half the time , you’re in the dark!"
5131,23,24,45,75,144,1.6458333333333333,0.06269394926371502,656,We've had enough of your spin.
1430,24,32,36,88,156,1.641025641025641,0.06427602667677129,656,Clearly Russia is behind you!
197,25,28,43,85,156,1.6346153846153846,0.06174103341973509,656,"In the past 12 hours, my opponent has made a complete about-face."
4487,26,22,40,71,133,1.631578947368421,0.06533793553742236,656,Spin! All we get from you is spin!
2220,27,26,42,81,149,1.6308724832214765,0.06270187299058422,656,Make no mistake—in just half a day his position will have changed 180 degrees!
1340,28,28,43,86,157,1.6305732484076434,0.06147954240157222,656,My opponent changes his position every day
227,29,26,34,77,137,1.6277372262773722,0.06715025101890053,656,And can we trust a candidate that does a 180 twice a day?
5103,30,30,32,85,147,1.6258503401360545,0.0663286213348088,656,My opponent’s position changes every day!
5183,31,23,36,73,132,1.621212121212121,0.06675650582448084,656,"All my opponent ever does is spin, spin, spin.”"
3875,32,28,32,82,142,1.619718309859155,0.06684552550404414,656,"Folks, we need stability—not a revolution every 24 hours."
177,33,21,42,74,137,1.6131386861313868,0.06323212260523063,656,"With all due respect, I am the one with the degree in global studies."
1545,34,29,32,86,147,1.6122448979591837,0.0657912278165731,656,Wait... If you're here then where am I?
2926,34,22,46,79,147,1.6122448979591837,0.06063142697317415,656,I don't care how many millions of years it took. Your 5 minutes are up.
5022,36,30,26,85,141,1.6099290780141844,0.06883974727585845,656,"Oh, I get it - the whole world's right and I'm wrong."
1835,37,23,35,75,133,1.6090225563909775,0.06651376844548071,656,Really? You held the exact opposite position just six months ago!
2371,38,28,33,86,147,1.6054421768707483,0.06515704570282578,656,You are bipolar and tempestuous.
3294,39,25,39,84,148,1.6013513513513513,0.06268188453688887,656,"I've got many, many continents. More continents than you can even imagine. The best continents."
61,40,27,30,83,140,1.6,0.06709352892674363,656,Even your own poles show you losing.
3801,41,26,49,94,169,1.5976331360946745,0.05712142863842085,656,"Spin, spin and more spin!  Stop that!"
1944,42,25,30,79,134,1.5970149253731343,0.06792977536065668,656,Please let me finish. Your last turn felt like it took all day.
3135,43,22,27,70,119,1.596638655462185,0.07192326828359707,656,If you're here then what am I standing on?
841,44,26,41,89,156,1.5961538461538463,0.06085878796261412,656,"And another thing, you think the sun rises and sets around you!"
3968,45,30,27,89,146,1.595890410958904,0.0670441919722497,656,You're in trouble at the poles!
4035,46,24,33,79,136,1.5955882352941178,0.06632155483054006,656,"Just as we seemed to finding some common ground, you rotate right back to the same position you held 24 hours ago!"
3000,47,27,39,91,157,1.5923566878980893,0.061259184909781356,656,"Unfortunately, Wind and Fire will be unable to join us tonight."
239,48,24,42,86,152,1.5921052631578947,0.06075169821204878,656,"Just in the last day, my opponent has rotated 360 degrees."
2233,48,21,48,83,152,1.5921052631578947,0.05856068398188176,656,"Yes, but can you act locally?"
419,50,25,36,85,146,1.5890410958904109,0.06349246149481827,656,"Rest assured, by the time this debate is over, my opponent will have changed positions yet again."
403,51,28,37,93,158,1.5886075949367089,0.061643058916025846,656,The only thing we have to fear is sphere itself.
3999,52,26,35,87,148,1.587837837837838,0.0635479285400941,656,"Yes, ladies and gentlemen, it is me against the world."
2915,53,25,33,84,142,1.5845070422535212,0.06495886509997925,656,"First you spend millions of years making fossil fuels, now you say we can't use them?"
3081,54,23,46,89,158,1.5822784810126582,0.058340614823778,656,"There you go again, thinking everything revolves around you!"
1028,55,26,30,85,141,1.5815602836879432,0.06612446307456206,656,"Unlike my opponent, I don’t believe everything revolves around me."
1578,55,20,42,79,141,1.5815602836879432,0.061355862648461,656,Are you better off than you were four billion years ago?
2132,57,24,27,78,129,1.5813953488372092,0.06934221187137538,656,My opponent believes the sun rises and sets on her.
162,58,23,40,86,149,1.5771812080536913,0.061113977110237735,656,Not quite. But you're getting warmer.
3704,58,26,34,89,149,1.5771812080536913,0.06330088753668685,656,"Look, if you are who you say you are then what am I standing on?"
625,60,22,32,78,132,1.5757575757575757,0.06640117049510202,656,Don't be intimidated by the gravity of my opponent.
407,61,24,33,84,141,1.574468085106383,0.06463524227846836,656,Nothing but spin.
4803,62,24,42,91,157,1.5732484076433122,0.059396924014618914,656,Enough with the spin.
3785,63,18,39,74,131,1.5725190839694656,0.06321819010170394,656,Are we really considering electing someone who will be over five billion years old at the time they take office?
2936,64,21,42,84,147,1.5714285714285714,0.06028540822211101,656,This debate doesn't revolve around you.
4329,65,19,51,86,156,1.5705128205128205,0.05614598975901848,656,"There you go again, promising the moon."
4555,66,19,39,77,135,1.5703703703703704,0.06268432475956667,656,"It’s always about you, isn’t it?"
2974,67,18,40,76,134,1.5671641791044777,0.06217521261429326,656,It's all spin.
3551,68,29,31,98,158,1.5632911392405062,0.06248988908220954,656,My opponent relies too heavily on poles.
2343,69,25,36,92,153,1.5620915032679739,0.061395076887901225,656,"I knew Venus. Venus was a friend of mine. And you, sir, are no Venus."
2268,70,17,40,75,132,1.5606060606060606,0.062020844993368074,656,My opponent here is a master of spin.
683,71,23,40,91,154,1.5584415584415585,0.059698911374240445,656,My opponent spins everything.
4769,72,23,26,80,129,1.558139534883721,0.06864815989945158,656,The earth has an announcement to make: it's bi-polar.
4603,73,21,33,81,135,1.5555555555555556,0.06453187869838803,656,She keeps going around and around and never gets to her point.
3221,74,27,32,96,155,1.5548387096774194,0.0621779919251046,656,"Half of each and every day, my opponent is operating in the dark."
2033,75,23,31,85,139,1.5539568345323742,0.06471923262104219,656,"Sure, my opponent claims she can provide clean air, clean water, enough food for everyone - but how is she going to pay for it?"
3575,76,22,44,93,159,1.5534591194968554,0.0575816251837694,656,My opponent has been spinning in circles. If we follow her we'll just end up in the same spot next year!
450,77,21,31,80,132,1.553030303030303,0.06569473732755836,656,It appears my opponent is getting heated.
2697,78,19,30,74,123,1.5528455284552845,0.06751748040523978,656,You can spin all you want
4214,79,22,40,90,152,1.5526315789473684,0.05961818920563723,656,Save the Earth? Now who's the narcissist?
3921,80,21,32,81,134,1.5522388059701493,0.06492933943979436,656,"So, if you are here, what are we all standing on?"
1618,81,16,33,69,118,1.5508474576271187,0.06657692528650852,656,"As always, my opponent is going around in circles."
981,82,19,38,81,138,1.5507246376811594,0.061773623098775717,656,"Yeah, and I guess you think the sun revolves around you!"
2341,83,21,45,92,158,1.5506329113924051,0.05717662282831427,656,Is my opponent going to reach a point or continue to go around in circles?
5158,84,22,27,80,129,1.550387596899225,0.0678086900655849,656,And the moon is gonna pay for it.
427,85,24,40,96,160,1.55,0.05868045864182637,656,I don't think you understand the gravity of the situation!
3840,86,27,40,104,171,1.5497076023391814,0.05756421621080339,656,It is common knowledge that my opponent is a master of spin
3807,87,22,40,91,153,1.5490196078431373,0.059337281781073475,656,I'm afraid your time's almost up.
851,88,22,29,82,133,1.5488721804511278,0.06619751080456611,656,It is almost impossible to overstate the gravity of my opponent’s position.
3073,89,20,40,86,146,1.547945205479452,0.059981253393859145,656,Can you be a bit more Pacific?
5205,90,20,35,82,137,1.5474452554744527,0.06299625051007775,656,That wasn’t your position six months ago!
1421,91,23,35,90,148,1.5472972972972974,0.06164269306821302,656,A stay-at-home mom for 4 1/2 billion years with no managerial expertise...
2813,92,20,31,79,130,1.5461538461538462,0.06562532422526123,656,"Well, I'm just warming up, too."
160,93,24,41,98,163,1.5460122699386503,0.05786112570664214,656,No!  I say that you have been given too much latitude already!
3022,94,20,38,85,143,1.5454545454545454,0.06095797236204261,656,"As you can see, my opponent is completely off his axis!"
1460,95,24,37,95,156,1.544871794871795,0.059875075848415366,656,What makes you an expert on climate change?
930,96,24,32,91,147,1.5442176870748299,0.06273314915340282,656,Could you be more Pacific?!
1884,97,16,42,78,136,1.5441176470588236,0.059836056939871096,656,I think you need a latitude adjustment.
5210,98,21,34,85,140,1.542857142857143,0.06279825326960226,656,"Yes, my opponent may be worldly, but he also has a dark side."
2472,99,22,40,93,155,1.5419354838709678,0.05878158907225988,656,"You just have to put a spin on everything, don't you?"
65,100,15,55,87,157,1.5414012738853504,0.05307038970329157,656,My opponent is only showing half of the picture!
1668,101,23,40,96,159,1.5408805031446542,0.058333228722446395,656,"Furthermore, Fox just broke the story that you weren't even born in our solar system!"
2142,102,15,44,78,137,1.5401459854014599,0.05862181899346354,656,"If elected, I will build a great, great wall and Mars will pay for it."
558,103,22,31,86,139,1.539568345323741,0.06398488887718053,656,"Our next auction item, one used and abused planet. A real fixer upper, but with lots of potential."
4095,104,23,40,97,160,1.5375,0.05806598664477721,656,As you can see the world is very big. Huge. Really huge. And there is a lot of water. Very wet water.
1220,105,20,44,93,157,1.535031847133758,0.056814466363256565,656,You don't look so hot to me.
4879,106,25,36,100,161,1.5341614906832297,0.0591286731821732,656,"I've seen Jupiter, sir. And you're no Jupiter."
1520,107,19,41,88,148,1.5337837837837838,0.058647767482490946,656,My opponent seems to think the world of himself
5052,107,19,41,88,148,1.5337837837837838,0.058647767482490946,656,There you go again... Spin. Spin. Spin.
548,109,24,42,103,169,1.532544378698225,0.0563241327398305,656,You too have faults.
1983,110,24,34,96,154,1.5324675324675325,0.0605332605069842,656,I will concede that my opponent speaks with exceptional gravity.
3867,111,24,35,97,156,1.5320512820512822,0.05992818406420638,656,The Flat Earth Society welcomes a very controversial speaker tonight...
1395,112,19,37,85,141,1.5319148936170213,0.06085609405243916,656,And yet my opponent refuses to share her earth certificate!
4680,113,17,36,79,132,1.5303030303030303,0.06219014697801132,656,I will concede that my opponent may have more gravitas.
2928,114,21,38,92,151,1.5298013245033113,0.05928786140080091,656,In case you haven't heard--you are not the center of the universe.
3543,115,19,34,83,136,1.5294117647058822,0.06257124607658106,656,"In general, we at the Flat Earth Society do not lend much credibility to physical evidence."
4801,115,23,35,95,153,1.5294117647058822,0.06014174828927335,656,You're constantly shifting your position.
202,117,25,33,99,157,1.5286624203821657,0.06032230756514276,656,My opponent is a known environmental extremist.
3981,118,22,30,88,140,1.5285714285714285,0.06366896106074522,656,"If you're here, then where are we?"
3191,119,19,48,96,163,1.5276073619631902,0.054567133186610765,656,"Please, stop saying ""I think I 'm speaking for all of us..."""
488,120,22,24,83,129,1.5271317829457365,0.06791246305401254,656,You think everything revolves around you.
2799,121,20,38,90,148,1.527027027027027,0.05944984795872324,656,My opponent is a disaster waiting to happen.
3887,122,25,39,105,169,1.5266272189349113,0.05696432568771779,656,"Proving, once again, it's me against the world."
4788,123,19,42,91,152,1.5263157894736843,0.0575036698641361,656,"My opponent, clearly, thinks the world of himself."
4107,124,22,38,96,156,1.5256410256410255,0.058552089842065246,656,Are you better off now than you were four billion years ago?
3800,125,16,40,81,137,1.5255474452554745,0.05958952547962931,656,Could you be a bit more Pacific?
3823,125,17,38,82,137,1.5255474452554745,0.0604834998478359,656,That's your best argument?  You have 4.5 billion years of life experience over me?
1115,127,19,46,95,160,1.525,0.05533630741420133,656,No doubt my opponent will defend globalism.
4513,128,19,47,96,162,1.5246913580246915,0.054826560983488426,656,Can I finish my point? You had 4.5 billion years to make yours.
1107,129,21,34,90,145,1.5241379310344827,0.06118463250568177,656,"Wait... if you're here, then what planet am I on?"
2668,130,24,40,104,168,1.5238095238095237,0.05660808602077645,656,And what makes YOU an expert on climate change?
636,131,17,34,79,130,1.523076923076923,0.06293874942778135,656,"OK, so maybe when I said I would ""take on the world"" I overpromised."
5228,131,17,34,79,130,1.523076923076923,0.06293874942778135,656,"It isn't fair. You've been warming up for a while.
 I'm just getting started."
3570,133,27,26,100,153,1.522875816993464,0.06295455093429399,656,Point to where the orange man hurt you.
2867,134,22,38,97,157,1.5222929936305734,0.0582742081041054,656,"I knew Jupiter; I was a friend of Jupiter, and sir, you are no Jupiter."
4204,134,22,38,97,157,1.5222929936305734,0.0582742081041054,656,I'm for the voters while my opponent is for self-preservation.
3075,136,18,35,83,136,1.5220588235294117,0.061717353982876644,656,"Well, it looks like the whole world is against me."
4040,136,18,35,83,136,1.5220588235294117,0.061717353982876644,656,I catch your continental drift.
62,138,24,37,102,163,1.521472392638037,0.05794939597261658,656,"And you, sir, are no Mars."
1814,138,22,41,100,163,1.521472392638037,0.05662730586486743,656,"I knew planet Earth, you sir are no planet Earth."
1933,140,21,32,89,142,1.5211267605633803,0.062189843637033976,656,"I would ask my opponent to please refrain from finishing every argument with ""the world has spoken""."
852,141,20,47,100,167,1.5209580838323353,0.054279603926753524,656,"When I said I’m willing to take on the whole world, it was a metaphor!"
3333,142,21,37,94,152,1.519736842105263,0.05901656780161054,656,My opponent is all over the map.
4602,143,19,28,80,127,1.5196850393700787,0.06599814196820633,656,"And now, someone who needs no introduction."
888,144,22,25,86,133,1.518796992481203,0.06631386234386343,656,"Global warming, world peace, global poverty""...For my opponent it's always, ""Me, me, me!"
1338,145,15,40,80,135,1.5185185185185186,0.05934212006774855,656,I would suggest to you that you are taking these climate change debates far too personally
2949,145,15,40,80,135,1.5185185185185186,0.05934212006774855,656,Do you even understand the gravity of this situation?
4378,147,18,35,84,137,1.5182481751824817,0.0613836013938197,656,I give facts and all you get from her is spin.
3502,148,15,45,85,145,1.5172413793103448,0.056310109029498345,656,"Oh, believe me. I'm just warming up, too!"
1265,149,19,40,92,151,1.5165562913907285,0.0578147338979986,656,My opponant can spin as much as he likes but we all know that in 24 hours he will return to exactly the same position. Just admit it sir; you are a globalist!
2589,150,22,36,97,155,1.5161290322580645,0.058864295953100845,656,You're clearly out of your orbit.
3131,150,19,42,94,155,1.5161290322580645,0.056689009484820974,656,Stop spinning and give me a straight answer!
4709,150,21,38,96,155,1.5161290322580645,0.05814824294415843,656,"No, I'm the one who's just warming up."
312,153,16,36,80,132,1.5151515151515151,0.06129609491645071,656,It's me against the world.
3826,154,21,27,86,134,1.5149253731343284,0.06507428196581304,656,"So after Atlas shrugged, what happened?"
27,155,18,34,84,136,1.5147058823529411,0.06173357447620066,656,"That's not exactly what I meant, but you're getting warmer."
2141,155,17,36,83,136,1.5147058823529411,0.060844899175978386,656,Please give a not-so-warm welcome to our next guest.
3903,157,16,60,103,179,1.5139664804469273,0.049068622388034576,656,My opponent is ignoring the gravity of this situation.
3049,158,21,33,92,146,1.5136986301369864,0.060883358261236586,656,Why does it always feel like it's me against the world?
2485,159,19,40,93,152,1.513157894736842,0.057533570379128735,656,So I guess it's me against the world.
760,160,24,31,99,154,1.5129870129870129,0.06058104543955092,656,Doug mansplains climate change to Mother Earth
1684,161,21,40,99,160,1.5125,0.05676519828071648,656,"Well, I guess it's me against the world, then!"
2082,162,22,40,102,164,1.5121951219512195,0.0563808239779997,656,"You see, the whole world is against me."
3602,162,24,36,104,164,1.5121951219512195,0.057692553337607255,656,My opponent is a master at spinning.
948,164,27,32,109,168,1.5119047619047619,0.05848828369661588,656,And what makes you the expert on global warming?
2952,165,22,22,85,129,1.5116279069767442,0.06794701883045817,656,"You always have to turn everything into a global issue, don’t you?"
4441,166,18,32,83,133,1.5112781954887218,0.0627977449674652,656,Stop spinning everything.
2367,167,22,27,90,139,1.5107913669064748,0.06406689828960706,656,You thought you were too big to fail.
3537,168,23,28,94,145,1.5103448275862068,0.06275693652744228,656,You need to cool down before we continue.
1902,169,17,45,93,155,1.5096774193548388,0.05520100144162101,656,"Wait ... if you’re there, where am I?"
724,170,23,34,100,157,1.5095541401273886,0.05899273906753459,656,I can see Alaska from here!
5157,171,13,40,77,130,1.5076923076923077,0.05905855906190025,656,My five minutes are up. I'm sure my opponent could go on for ages.
4069,172,20,30,88,138,1.5072463768115942,0.06277073115461695,656,"My opponent, however, leans twenty three and a half degrees to the left but six months later will do exactly the opposire!"
705,173,19,34,89,142,1.5070422535211268,0.0605855611188528,656,Just cool down.
5193,173,22,28,92,142,1.5070422535211268,0.06301016250326122,656,All my opponent does is spin.
2347,175,17,40,89,146,1.5068493150684932,0.05770494505863186,656,Enough about your problems.
1671,176,20,35,93,148,1.5067567567567568,0.05948901553602059,656,"My opponent has 'flatly refused' and now he 'roundly condemns' - well, which is it?"
4146,176,18,39,91,148,1.5067567567567568,0.05792310111458492,656,"Oh, sure...next you'll be saying you speak for everyone."
4548,176,16,43,89,148,1.5067567567567568,0.056313660119157234,656,"May I present, the leading authority on climate change."
5124,179,14,48,88,150,1.5066666666666666,0.05413271178052048,656,"Once again, my opponent proves the master of spin."
4036,180,20,38,96,154,1.5064935064935066,0.05771793562010223,656,Let me finish...you've had 4.5 billion years; it's my turn to talk.
1245,180,18,42,94,154,1.5064935064935066,0.05622806431488672,656,What if I’m right and the whole world IS wrong?
387,182,21,38,99,158,1.5063291139240507,0.0573170157996068,656,What on earth are you talking about?
2358,183,16,51,97,164,1.5060975609756098,0.05225496547689784,656,"With all due respect, the people are getting sick of your constant spin."
4429,184,12,43,78,133,1.5037593984962405,0.05710417080920434,656,My opponent would have you believe that a crisis is looming...
2101,185,14,42,83,139,1.5035971223021583,0.05719442493556687,656,My opponent obviously thinks the world of himself.
3494,185,16,38,85,139,1.5035971223021583,0.05898924539965584,656,"There you go again, always spinning things!"
3972,185,18,34,87,139,1.5035971223021583,0.060731045618624434,656,Who cares what the world thinks!
4147,188,14,45,86,145,1.5034482758620689,0.0554709356874191,656,Must you put a spin on everything?
2030,188,16,41,88,145,1.5034482758620689,0.057171632714693735,656,The universe does not revolve around you!
2681,190,18,38,91,147,1.5034013605442176,0.058220553138394006,656,My opponent seems to think the sun rises and sets on her alone!
582,191,18,40,93,151,1.5033112582781456,0.05706134894976958,656,Is it warm in here or is it just you?
5148,192,21,35,97,153,1.5032679738562091,0.05874225168773347,656,My opponent thinks everything revolves around her.
4285,193,15,42,87,144,1.5,0.05661385170722979,656,My opponent’s arguments are just all over the map.
4755,193,20,40,100,160,1.5,0.05607721540920443,656,You're not too big to fail.
4088,193,13,27,66,106,1.5,0.06868028197434452,656,You say you want a revolution?
5159,193,19,34,91,144,1.5,0.059946881433720914,656,Too big to fail? Tell that to Venus.
5150,193,14,48,90,152,1.5,0.05362430791574204,656,I don't care for my opponent's spin.
3774,193,21,45,108,174,1.5,0.05329486686692411,656,"And now, introducing my special guest for Earth Day..."
5241,193,13,36,75,124,1.5,0.0611327636501308,656,Quit with the spin!
2090,193,17,44,95,156,1.5,0.05494564574892102,656,My opponent will promise you the moon.
1113,193,20,31,91,142,1.5,0.061407263924807755,656,I told you I’m not paranoid..the world IS against me
1091,193,15,42,87,144,1.5,0.05661385170722979,656,"Sir, could you be more pacific?"
1039,193,22,35,101,158,1.5,0.05801828246108234,656,I don't think my opponent appreciates the gravity of the situation.
454,193,20,36,96,152,1.5,0.05829576874770905,656,Please - you've had 5 billion years; you can wait another 30 seconds.
2209,193,20,35,95,150,1.5,0.05888600445991217,656,I know you’re just warming up
4440,206,20,41,102,163,1.4969325153374233,0.05529881584828104,656,"Nothing but spin, folks!"
967,207,19,42,100,161,1.4968944099378882,0.05511438106513484,656,Must you spin everything?
3232,208,19,41,99,159,1.4968553459119496,0.05563123507040627,656,"This is big, no matter how you spin it."
4257,208,20,39,100,159,1.4968553459119496,0.056342220504332345,656,Our next presenter has tremendous gravitas.
4333,210,23,32,102,157,1.4968152866242037,0.05899714726773259,656,And our next expert on climate change needs no introduction...
3112,211,17,40,92,149,1.4966442953020134,0.056841211894679534,656,Volatile. Windy. Erupting. Stormy. These are all words commonly used to describe my opponent.
553,212,18,37,92,147,1.4965986394557824,0.058220553138394006,656,"Spin, spin, spin, that’s all you do!"
1539,213,15,41,87,143,1.4965034965034965,0.05690231215465533,656,You clearly fail to understand the gravity of the situation.
2819,214,19,32,90,141,1.49645390070922,0.06091510317524538,656,71% of my opponent's surface is covered with water. He is practically all wet. He is 4.54 billion years old! He takes 24 hours to rotate on his axis! Let's not even mention the gaping hole in his ozone layer. vote for me.
3298,215,18,32,87,137,1.4963503649635037,0.06140274488450616,656,Of course my opponent promises you the world. But does he have anything else to offer?
2315,216,20,25,86,131,1.4961832061068703,0.06535871100406991,656,The earth was captured by the sun.  I like planets that were not captured by the sun!
4908,217,21,37,102,160,1.49375,0.056771689812361074,656,You're just mad because you're melting in the polls.
2256,218,19,38,97,154,1.4935064935064934,0.05697786986561231,656,And our next Earth Day speaker needs no introduction.
4605,218,17,42,95,154,1.4935064935064934,0.055468123988245924,656,"Everyday her position changes, like 180 degrees."
4775,220,18,38,94,150,1.4933333333333334,0.057343633641100934,656,I don't care how many revolutions you've started. You have to wait your turn.
3123,221,19,35,94,148,1.4932432432432432,0.05871127920670494,656,"So if YOU'RE here, then what planet am I on?"
554,221,18,37,93,148,1.4932432432432432,0.05792310111458492,656,"Are you going to answer the question, or just keep spinning?"
81,223,14,44,88,146,1.4931506849315068,0.05519457174714773,656,My opponent expects everything to revolve around him.
2362,223,14,44,88,146,1.4931506849315068,0.05519457174714773,656,This is America! Who cares what the world thinks.
3016,223,19,34,93,146,1.4931506849315068,0.05931953562527983,656,And how do you feel about Europe and Asia talking behind your back?
1693,226,15,41,88,144,1.4930555555555556,0.05661087320654603,656,Voters want the truth but you just spin.
2202,227,17,36,89,142,1.4929577464788732,0.05891375029950271,656,Looks like it’s me against the world.
3747,228,21,26,91,138,1.4927536231884058,0.06360779207363038,656,"No, only most of the stage is a world."
4663,229,15,36,83,134,1.492537313432836,0.05968746328261677,656,I believe your time is almost up
3508,230,17,30,83,130,1.4923076923076923,0.06296789448580453,656,My opponent seems to disregard the gravity of the situation!
4799,231,16,28,78,122,1.4918032786885247,0.0650637256421552,656,What my opponent fails to mention is that I WILL build a wall. And Mars will pay for it!
4851,232,14,51,96,161,1.4906832298136645,0.05146760153676508,656,Our next speaker will share a more global perspective.
4653,233,28,22,109,159,1.490566037735849,0.06173197775324226,656,"Now, my opponent would have you believe she’s actually getting hotter with age."
364,233,22,34,103,159,1.490566037735849,0.0577335959552733,656,Why is it always me against the world?!
2552,235,13,50,92,155,1.4903225806451612,0.05207688391131279,656,"And now, for a global perspective."
4806,236,17,41,95,153,1.4901960784313726,0.05573233171433291,656,My opponent is all over the place.
2210,237,17,39,93,149,1.4899328859060403,0.05683585734595167,656,I guess it really is me against the world.
3013,238,21,29,95,145,1.4896551724137932,0.06121161818710045,656,MEDICS! Something just fell on our president!
1613,239,18,32,89,139,1.4892086330935252,0.060724869684747836,656,"Some days, it feels like the whole world is against me."
1733,239,15,38,86,139,1.4892086330935252,0.05809231063199044,656,Would I be running for reelection if I cared what the world thinks?
2856,239,17,34,88,139,1.4892086330935252,0.0598602153660868,656,Stop! It's all just spin!
4587,239,21,26,92,139,1.4892086330935252,0.06324794891453432,656,... and I assert that the only reason you support the idea of global warming is your own self interest.
1509,243,12,42,81,135,1.488888888888889,0.05649292129660394,656,"I too, am just warming up!"
1489,244,14,37,82,133,1.4887218045112782,0.05905820947834279,656,"I, on the other hand, prefer to think locally."
4748,245,18,27,84,129,1.4883720930232558,0.06428297787062785,656,``You're hot? Well my feet hurt. Now answer the question.''
4111,246,15,32,80,127,1.4881889763779528,0.06211107383831618,656,What do you mean you’re just warming up?
541,247,18,43,101,162,1.4876543209876543,0.05414896673950656,656,My opponent's views on global climate change are clearly self-serving.
3660,248,26,25,107,158,1.4873417721518987,0.06072563826058378,656,"You claim to think globally, but can we afford to have a president who is bipolar?"
3190,249,17,42,97,156,1.4871794871794872,0.05493599515681199,656,"And now, straight from its world tour around the sun..."
3303,250,17,41,96,154,1.4870129870129871,0.05546067076572039,656,My opponent represents everything that is wrong with the world today.
3780,250,22,31,101,154,1.4870129870129871,0.05916331795041336,656,"Just when the debate started to get interesting, Atlas shrugged."
5067,250,15,45,94,154,1.4870129870129871,0.0539084513424046,656,Enough spin!
2075,253,23,28,101,152,1.486842105263158,0.060486901255832774,656,"And to my left, the Democratic candidates for President of the United States."
1287,254,17,39,94,150,1.4866666666666666,0.05655008404914796,656,This feels like it’s me against the world.
3393,255,18,35,93,146,1.4863013698630136,0.0585095152885187,656,What can you say when the whole world is against you?
3535,256,17,36,91,144,1.4861111111111112,0.05829261908420402,656,See you in twenty-four hours.
1570,256,20,30,94,144,1.4861111111111112,0.06074047029017308,656,"I suppose it really is ""me against the world""!"
4185,258,16,35,87,138,1.4855072463768115,0.05929476153075038,656,And of course my opponent will claim to be more worldly.
1372,259,16,33,85,134,1.4850746268656716,0.06060988302410673,656,My opponent accuses me of failing to understand the gravity of the situation.
2984,260,14,36,82,132,1.4848484848484849,0.05937920856662431,656,Get to the point. I don't have 7.5 billion years.
5188,261,21,37,105,163,1.4846625766871167,0.05596700279510841,656,I knew Jupiter. And you’re no Jupiter.
3174,262,21,35,103,159,1.4842767295597483,0.057031177469543705,656,"Despite our differences, I can certainly appreciate your uniquely global perspective.”"
3272,263,18,40,99,157,1.484076433121019,0.055414857483973325,656,"My opponent can't even give us a straight answer about their age. Are you 5,779 or 4.5 billion years old?"
4629,264,16,42,95,153,1.4836601307189543,0.05494514821435819,656,I'm afraid your time is up.
5084,264,19,36,98,153,1.4836601307189543,0.0572448010592604,656,"Respectfully, you don't speak for everyone."
3377,266,17,39,95,151,1.4834437086092715,0.05626671319879351,656,"I said ""you're flat"" not ""fat""."
4502,267,17,38,94,149,1.483221476510067,0.056825146734842534,656,I don't think you realize the gravity of this situation.
5,267,17,38,94,149,1.483221476510067,0.056825146734842534,656,What makes you think you can speak for the whole world?
1847,267,21,30,98,149,1.483221476510067,0.059932263328738085,656,So where is Carmen Sandiego?
1344,270,8,41,69,118,1.4830508474576272,0.05738652471200917,656,"I am not going to exploit, for political purposes, my opponent's age or rising core temperature."
2449,271,19,33,95,147,1.4829931972789117,0.058999313324408394,656,My turn! Your 5 billion years are up.
4114,271,19,33,95,147,1.4829931972789117,0.058999313324408394,656,You're getting a little heated.
1737,273,19,32,94,145,1.4827586206896552,0.05961518381558593,656,I feel like the whole world is against me here.
1751,274,22,25,96,143,1.4825174825174825,0.0626518813311256,656,Who in the world do you think you are?
2548,275,20,42,108,170,1.4823529411764707,0.05356976864053843,656,My opponent is clearly off his axis.
2310,276,16,35,88,139,1.4820143884892085,0.05897016840501058,656,Just more spin from my opponent.
278,276,14,39,86,139,1.4820143884892085,0.057174749082131375,656,I think we've all had about enough of your spin.
1326,276,16,35,88,139,1.4820143884892085,0.05897016840501058,656,"Yet again, it’s me against the world."
436,279,19,28,90,137,1.4817518248175183,0.06225181705806762,656,"Unlike my opponent, I am not a globalist."
2186,279,15,36,86,137,1.4817518248175183,0.05870195822294193,656,It’s always me against the world!
2777,279,17,32,88,137,1.4817518248175183,0.060502928136740367,656,"My sincere apologies to our next presenter, but, it seems, we have run out of time."
3301,282,19,39,102,160,1.48125,0.05535184415124213,656,"There you go again, always promising the moon!"
3581,283,17,30,86,133,1.481203007518797,0.06187020693514077,656,"If you're here, what are we standing on?"
108,284,17,40,97,154,1.4805194805194806,0.05544824650185659,656,I would like to urge my distinguished opponent to cool down.
3390,285,12,37,78,127,1.4803149606299213,0.05899884833270352,656,I can see Russia from here.
1424,285,15,31,81,127,1.4803149606299213,0.062095227155104245,656,The World speaks for itself. The question is whether anyone is listening.
3907,287,15,42,93,150,1.48,0.054931317701558284,656,"It's indisputable that my opponent likes to ""spin""."
317,287,17,38,95,150,1.48,0.05653689575538686,656,"Yes, but act local."
1579,289,14,43,91,148,1.4797297297297298,0.05463411416717925,656,You just keep going in circles.
348,290,14,42,90,146,1.4794520547945205,0.0551711196229757,656,And now for a global perspective on tonight's topic...
5245,291,20,41,108,169,1.4792899408284024,0.053799533321443216,656,"is it warm in here, or is that just you"
94,292,19,31,94,144,1.4791666666666667,0.059921560680137785,656,"With all due respect, those comments reflect an incredibly biased world view."
441,292,11,47,86,144,1.4791666666666667,0.05304330926085454,656,My opponent makes every issue a global issue.
1281,292,20,29,95,144,1.4791666666666667,0.06072658834043397,656,As Atlas was saying just before he shrugged...
2784,292,12,45,87,144,1.4791666666666667,0.05395106814946071,656,First let me say that I think the world of my opponent.
3897,296,16,36,90,142,1.4788732394366197,0.05803555847291817,656,I'm hot and gassy too and I don't blame YOU for it.
1023,296,16,36,90,142,1.4788732394366197,0.05803555847291817,656,"I keep telling my shrink I am not paranoid, the whole world is against me."
2990,298,21,37,107,165,1.4787878787878788,0.05544143803672577,656,I feel like the whole world is against me.
2581,299,21,36,106,163,1.478527607361963,0.055954547692518425,656,"You sir, are no sun."
531,300,14,38,86,138,1.4782608695652173,0.05746633168108196,656,"To begin - I just want to say, I think the world of my opponent."
2530,301,19,38,102,159,1.4779874213836477,0.055604227429812796,656,Being 4.6 Billion years old doesn't make you an expert in everything!
640,302,15,35,86,136,1.4779411764705883,0.059010460064524026,656,"I knew Pluto. Pluto was a friend of mine. You, sir, are no Pluto."
2723,302,11,43,82,136,1.4779411764705883,0.05519514969209008,656,Stop. You've had your turn.
3185,304,19,26,89,134,1.4776119402985075,0.06330976859467731,656,"Oh, now you’re the expert on climate change?"
578,305,14,35,83,132,1.4772727272727273,0.05936076037014754,656,I have an axis to grind with you.
2682,306,15,42,94,151,1.4768211920529801,0.054658835184008873,656,Please excuse the methane release.
4097,306,15,42,94,151,1.4768211920529801,0.054658835184008873,656,Don't you turn your Pacific at me! I'm talking to you!
1741,306,20,32,99,151,1.4768211920529801,0.058558426954840634,656,"I appreciate your global perspective, however...…."
2133,309,13,45,91,149,1.476510067114094,0.05352095241069699,656,My opponent puts a spin on everything.
327,310,17,36,94,147,1.4761904761904763,0.05738154108610372,656,"At first glance the earth seems impressive, but there's a darker side."
2587,310,13,44,90,147,1.4761904761904763,0.054036001119198276,656,Same old spin!
2624,310,19,32,96,147,1.4761904761904763,0.058983194027174515,656,Have you ever felt like the whole world’s against you?
4336,310,17,36,94,147,1.4761904761904763,0.05738154108610372,656,My opponent is just spinning around in circles!
1176,314,18,41,103,162,1.4753086419753085,0.05412273600969051,656,Next thing you’re going to say is that WE are to blame for your problems.
2456,315,15,37,89,141,1.475177304964539,0.057454938321758166,656,I'd like to ask my opponent what *really* happened to the dinosaurs?
3314,316,16,43,99,158,1.4746835443037976,0.053649649184160146,656,We keep going round and round on this issue...
1399,316,25,25,108,158,1.4746835443037976,0.06003262240927414,656,"Even from this far out, New Jersey still sucks."
4192,318,13,38,84,135,1.474074074074074,0.05742746488887747,656,I challenge my opponent to prove he originated in our solar system.
4922,319,22,37,112,171,1.4736842105263157,0.05459031484585589,656,"I’ve got moons, lots of moons; the BEST moons."
4375,320,19,33,98,150,1.4733333333333334,0.05808014725228517,656,"And believe me, this is only the half of it."
138,321,19,31,96,146,1.4726027397260273,0.05927861524816051,656,My opponent would like you to believe she can be all things to all people.
1269,321,14,41,91,146,1.4726027397260273,0.05515059083356809,656,"Excuse me, this is a no spin zone."
2573,321,19,31,96,146,1.4726027397260273,0.05927861524816051,656,My opponent is clearly a Globalist.
153,324,15,30,82,127,1.4724409448818898,0.062071449544753195,656,My opponent's argument only holds 70% water.
3869,325,19,30,95,144,1.4722222222222223,0.059901859360953255,656,"You may think the world of my opponent now, 
but he will turn on you...every single day!"
2893,326,22,31,106,159,1.471698113207547,0.05769455598960849,656,I am NOT paranoid! Why is the whole world against me?
5235,327,26,30,118,174,1.471264367816092,0.05628297816353917,656,My opponent is going to promise you the world.
3276,328,16,33,89,138,1.4710144927536233,0.059255964517961425,656,Can there remain any doubt that my opponent’s world view is extremely self-centered?
151,329,20,41,111,172,1.4709302325581395,0.05307575344024856,656,Time's up.
933,330,18,35,98,151,1.4701986754966887,0.057010085486946284,656,Do you understand the gravity of this situation?
5180,331,16,31,87,134,1.4701492537313432,0.06056841673668223,656,We all know that you're in the pocket of Big Solar.
390,332,14,34,84,132,1.4696969696969697,0.0593349232588604,656,"Who are you going to believe? Me, or the rest of the world?"
1475,333,15,39,93,147,1.469387755102041,0.05571112645046083,656,I'm really up against the world here.
4537,333,17,35,95,147,1.469387755102041,0.05735944151236431,656,Me against the world was meant to be rhetorical
794,335,19,44,112,175,1.4685714285714286,0.05175956250374808,656,And still you deny being a globalist?
4590,336,17,33,93,143,1.4685314685314685,0.058548882266995075,656,I fully grasp the gravity of the situation.
4833,337,14,38,89,141,1.4680851063829787,0.05654094596264489,656,You are not the center of the universe!
5107,338,16,41,99,156,1.4679487179487178,0.05412654947179859,656,Our next speaker is no stranger to the world stage....
4434,339,19,42,110,171,1.4678362573099415,0.05264686549400136,656,I'll let the world speak for itself.
4871,340,14,30,80,124,1.467741935483871,0.06212797367449703,656,You sir are not too big to fail.
1172,341,16,33,90,139,1.4676258992805755,0.058925631399268444,656,It's no surprise that my opponent hides his most polarizing features.
4942,342,20,32,102,154,1.4675324675324675,0.05766060939941545,656,Hey - cool down!
1938,343,15,49,105,169,1.467455621301775,0.050382799899190533,656,"I, too, am mostly made up of water"
3116,343,19,41,109,169,1.467455621301775,0.05310551796396131,656,I would remind my opponent that his time is up.
3707,345,16,39,97,152,1.4671052631578947,0.055160467420758606,656,"I always said, it’s me against the world."
4829,345,20,31,101,152,1.4671052631578947,0.05823427400628668,656,Now for a global perspective!
693,347,15,40,95,150,1.4666666666666666,0.054887859373789004,656,Our next speaker needs no introduction...
2662,347,18,27,90,135,1.4666666666666666,0.06202765124580578,656,And you come up here acting like the sun revolves around you!
3143,347,14,35,86,135,1.4666666666666666,0.05835405933623759,656,"While my opponent clearly has a global perspective, note his bias toward the western hemisphere."
556,350,20,36,107,163,1.4662576687116564,0.055235758909019474,656,So what makes you such an expert on climate change?
432,351,15,39,94,148,1.4662162162162162,0.055424236370484915,656,I believe you've had your turn.
3235,351,15,39,94,148,1.4662162162162162,0.055424236370484915,656,Now who's getting overheated!?
4005,351,15,39,94,148,1.4662162162162162,0.055424236370484915,656,I can see Russia from this podium.
1288,354,17,48,111,176,1.4659090909090908,0.05025760088067269,656,Having the whole world on your side still doesn't make you right!
3258,355,14,47,100,161,1.4658385093167703,0.051401971997224995,656,"Just back from a successful revolution around the sun, let’s  give it up for Earth."
1866,356,14,40,92,146,1.4657534246575343,0.05512418544210886,656,"AND she claims to be an expert on global warming!  But I ask, 'WHAT ARE YOUR CREDENTIALS?'"
2334,357,17,27,87,131,1.465648854961832,0.06253380523102875,656,We have still yet to see my opponent’s birth certificate.
3477,358,15,30,84,129,1.4651162790697674,0.06132274159804937,656,"Well, I really don’t like your latitude."
1964,359,15,43,99,157,1.464968152866242,0.05309978344118812,656,I’d like to thank everyone for being with us this evening.
563,360,14,44,97,155,1.4645161290322581,0.05280360919577787,656,Sometimes I feel as if it is me versus the world!
562,361,19,27,94,140,1.4642857142857142,0.061172774615289596,656,"Again, it’s me against the world."
2849,362,17,37,99,153,1.4640522875816993,0.055661688621748,656,What world are YOU living in?
3872,363,15,28,82,125,1.464,0.06277866907097172,656,"With all due respect, my esteemed colleague lacks real-world experience."
2811,364,19,32,100,151,1.4635761589403973,0.05775401474884886,656,"My opponent claims to be the Earth, but then what am I standing on!"
4732,365,19,38,107,164,1.4634146341463414,0.05428672052188843,656,"And now, who better to tell us about Earth Day than our next speaker --"
628,366,17,35,97,149,1.4630872483221478,0.056760840625897084,656,"I'm sorry, your time is up."
5038,366,15,39,95,149,1.4630872483221478,0.055139854782399265,656,Pee-ew. Did you just pass green house gas?
896,368,17,34,96,147,1.4625850340136055,0.05733180506580105,656,My opponent has Russia in his back pocket.
1484,369,11,52,97,160,1.4625,0.04927740434130385,656,Your lakes are great. I will accept that.
4231,370,17,33,95,145,1.4620689655172414,0.05791780545905344,656,My opponent does nothing but spin!
2985,370,17,33,95,145,1.4620689655172414,0.05791780545905344,656,Guess again. You’re getting warmer.
573,370,11,45,89,145,1.4620689655172414,0.052723425016918235,656,I concede-the world is getting smaller.
1780,370,22,23,100,145,1.4620689655172414,0.06191445220833254,656,"When I debate, it feels like the whole world is against me."
2862,374,19,35,104,158,1.4620253164556962,0.05581271300762538,656,"What else are you hiding besides Europe, Africa,China, and India?"
74,375,14,32,84,130,1.4615384615384615,0.059968035765045107,656,I'm sorry but you are running out of time.
319,375,18,30,95,143,1.4615384615384615,0.05935504071095189,656,My opponent continues to go in circles.
1536,375,15,48,106,169,1.4615384615384615,0.050357974669844395,656,You're all over the place.
3247,375,16,34,93,143,1.4615384615384615,0.05767178465523402,656,"Let's get this straight--contrary to what you may have thought, things don't all revolve around you!!"
4839,375,18,36,102,156,1.4615384615384615,0.055607492000942234,656,"In closing let me point out that my opponent has been involved for at least 10,000 years in wars, genocide, famine, corruption, hurricanes, murders--to name but a few."
4406,380,16,33,92,141,1.4609929078014185,0.0582745228189166,656,I know the whole world is against me...
152,381,17,30,92,139,1.460431654676259,0.059772434548448654,656,"Mars was a friend of mine. You, sir, are no Mars."
2648,382,15,33,89,137,1.4598540145985401,0.05862181899346354,656,The earth would now like to speak for itself.
1843,382,12,39,86,137,1.4598540145985401,0.05580762529650476,656,The gravity of the situation has not escaped me!
2401,382,17,29,91,137,1.4598540145985401,0.060425177500889084,656,I knew Pluto. Pluto was a friend of mine. You're no Pluto.
3835,385,14,29,81,124,1.4596774193548387,0.06208966379705272,656,"The ""Flat Earth Society"" opposes all forms of fake news and pseudo-science."
4987,386,17,40,104,161,1.4596273291925466,0.053592803369218546,656,Today I feel like the whole world is against me.
4450,387,19,30,99,148,1.4594594594594594,0.05861863494474509,656,And this is what happened when Atlas shrugged.
2048,387,20,28,100,148,1.4594594594594594,0.0593975843460197,656,"Yeah, what makes you a climate expert?"
3033,387,15,38,95,148,1.4594594594594594,0.05539340853708455,656,I think I speak for everyone present today to remind you that not everything revolves around you.
4238,387,15,38,95,148,1.4594594594594594,0.05539340853708455,656,"What you lack in a degree, you make up for in real world experience"
5140,391,17,45,110,172,1.4593023255813953,0.051071450803199976,656,"""As you can see, the whole world is against me. Sad."""
2930,392,15,32,88,135,1.4592592592592593,0.05925925925925927,656,The World view seemed to dominate tonight's debate.
68,393,20,27,99,146,1.4589041095890412,0.06001630413715217,656,You're just going round in circles
2000,393,16,35,95,146,1.4589041095890412,0.056780837587384225,656,Stop turning and pay attention!
3180,393,18,31,97,146,1.4589041095890412,0.05842097345734687,656,Oh! So now you're an expert on climate change?
4866,396,12,37,84,133,1.4586466165413534,0.05699156140991342,656,"As you can see, my opponent is in a world of his own."
1026,397,22,28,107,157,1.4585987261146496,0.05820722879983195,656,The 2020 Presidential Debate: Donald Trump vs. the size of his ego.
668,398,16,34,94,144,1.4583333333333333,0.05735950370350728,656,The whole world is wrong. I'm right.
5034,399,18,35,102,155,1.4580645161290322,0.05585809244518224,656,Undignified? Half an hour ago you mooned me!
3371,400,16,33,93,142,1.4577464788732395,0.057953683672960596,656,How can I have a meaningful debate with you when you keep turning on me?
3219,400,14,37,91,142,1.4577464788732395,0.056203640536280984,656,"My opponent will promise you the world, and, yes, technically, he can deliver on that promise."
3850,402,16,27,86,129,1.4573643410852712,0.062264821032625366,656,Do all the Democratic candidates have to be on the stage at the same time?
4612,403,11,42,87,140,1.457142857142857,0.05399880910284071,656,Let's hear from both sides!
5085,404,20,34,108,162,1.4567901234567902,0.05545108564742869,656,"It’s simple, just show us your earth certificate."
4638,405,15,33,90,138,1.4565217391304348,0.05829079788525077,656,Don't be fooled by his promises of the sun and the moon too.
883,406,14,40,95,149,1.4563758389261745,0.054277589550549565,656,You keep going around in circles.
3591,406,17,34,98,149,1.4563758389261745,0.0567286602355418,656,My opponent thinks the world of himself  . . .
460,408,13,36,87,136,1.4558823529411764,0.05703995375603474,656,"""I'm appalled my opponent would say everyone is on his side."
4338,409,15,42,101,158,1.4556962025316456,0.05281325056008488,656,You just keep going around and around...
1517,410,19,23,92,134,1.455223880597015,0.0632204157495403,656,"I studied Venus. I knew Venus. Planet, you're no Venus."
3661,411,16,34,95,145,1.4551724137931035,0.05705018153438331,656,"Accepting the award for Al Gore is...earth"""
2399,411,17,32,96,145,1.4551724137931035,0.057883578446042167,656,You're putting your spin on everything.
499,413,16,38,100,154,1.4545454545454546,0.05457656923152272,656,"It's all about you, isn't it?"
1948,413,17,31,95,143,1.4545454545454546,0.05848414508029459,656,"Well, yes, but that's a global point of view..."
2566,413,16,28,88,132,1.4545454545454546,0.061181629653322904,656,And now a word on global warming from an interested party.
4002,413,16,33,94,143,1.4545454545454546,0.05763594511703101,656,And I suppose this is when you regale all of us with your “world view”
1543,417,16,42,105,163,1.4539877300613497,0.052363985445422305,656,Look. It's too big to fail.
274,418,15,34,92,141,1.4539007092198581,0.05736106275392596,656,I can see my opponent needs a decade or two to cool down.
4155,419,13,33,84,130,1.4538461538461538,0.05892248373102251,656,My opponent obviously doesn't respect borders!
2515,420,19,35,107,161,1.453416149068323,0.05499174878748129,656,Isn't it true that you have never produced a big bang certificate to establish once and for all that you are even a planet?
4670,421,13,37,89,139,1.4532374100719425,0.056135422430193836,656,"Oh, I'm just warming up."
4490,422,17,43,110,170,1.4529411764705882,0.05147444170349547,656,I'm gonna stop you because I feel you're just going in circles.
695,423,16,40,103,159,1.4528301886792452,0.053310225972703046,656,Stop your relentless spinning and let's have a real debate!
139,424,16,34,96,146,1.452054794520548,0.05674378832559645,656,I would remind my worthy opponent that it isn't the only planet in the Solar System.
1189,425,16,43,107,166,1.4518072289156627,0.05166609234202172,656,Sometimes it feels like it’s me against the world.
3137,425,18,39,109,166,1.4518072289156627,0.053060567261855415,656,I feel like we're just going around and around here.
4550,427,17,36,102,155,1.4516129032258065,0.055068642382634675,656,"My opponent's claim of ""Real World"" experience is greatly exaggerated."
121,428,17,31,96,144,1.4513888888888888,0.05816230431534079,656,"You, sir, are a globalist!"
3026,428,11,43,90,144,1.4513888888888888,0.05291600004270663,656,"Before you begin, I just want to say, we are glad you are here, and we are sorry for not listening."
1196,430,21,32,111,164,1.451219512195122,0.0555904185252333,656,"It's obvious that my opponent does not believe, and has never believed, in 'America First.'"
140,430,18,38,108,164,1.451219512195122,0.05353358324032581,656,Fake Planet.
3858,432,18,24,91,133,1.4511278195488722,0.06266119828498068,656,"Ladies and gentlemen, she's mad as hell and she's not going to take it anymore... please welcome..."
167,433,17,35,101,153,1.4509803921568627,0.055596011090176194,656,You're not as hot as you think.
4038,434,17,30,95,142,1.4507042253521127,0.05877029127903412,656,My opponent seems to think that the universe revolves around him
2100,435,21,26,104,151,1.4503311258278146,0.05919902579731675,656,"..and now, for the council's consideration, we have Planet Earth seeking an eviction notice for 7,542,661,844 tenants on the grounds of .."
3099,435,15,38,98,151,1.4503311258278146,0.05454102429225237,656,"Excuse me, you've had your 5 trillion minutes."
4773,435,18,32,101,151,1.4503311258278146,0.056917694903252346,656,I knew Pluto. Pluto was a friend of mine. And you're no Pluto.
2844,438,13,37,90,140,1.45,0.05582696066877406,656,"Frankly, I'm surprised by your lack of gravitas."
3255,439,18,31,100,149,1.4496644295302012,0.057485431092071555,656,"Excuse me, but I believe your 4.5 billion years is up"
1995,440,16,26,87,129,1.449612403100775,0.062219564948366855,656,You've had your say for the last 4.5 billion years; it's my turn now.
3914,441,18,35,105,158,1.4493670886075949,0.055020807271440195,656,My opponent is trying to spin his way out of this question.
1108,442,14,34,90,138,1.4492753623188406,0.0573327820427774,656,"Once again, my opponent uses circular logic."
4661,442,16,30,92,138,1.4492753623188406,0.05914914151835688,656,"I don't believe my opponent understands the gravity of the situation."""
1767,444,16,34,97,147,1.4489795918367347,0.056440294115714836,656,You've changed.
3669,445,21,28,107,156,1.4487179487179487,0.05773135338942499,656,"I knew Mother Earth, and you Sir, are no Mother Earth."
1623,446,11,39,86,136,1.4485294117647058,0.055049841687737223,656,Enough of your spinning!
2798,446,12,37,87,136,1.4485294117647058,0.05603050536733155,656,My opponent's term has been one disaster after another.
3177,448,20,25,100,145,1.4482758620689655,0.06027637058449148,656,I'm not the one getting heated...
179,448,19,27,99,145,1.4482758620689655,0.059476511416070146,656,Atlas will be right back.
4141,450,12,32,81,125,1.448,0.05952066596921907,656,While Atlas is on his bathroom break...
4585,451,15,30,89,134,1.4477611940298507,0.05951885429243198,656,My opponent constantly changes his position and puts his own spin on my ideas.
4167,451,13,34,87,134,1.4477611940298507,0.05760253740084418,656,And now for a more global perspective...
1534,453,14,40,98,152,1.4473684210526316,0.05345298381038939,656,"Yes, yes....the Western Hemisphere....it's always the Western Hemisphere with you."
3046,453,18,32,102,152,1.4473684210526316,0.05661956359065703,656,Sometimes the whole world is against me!
4428,453,14,40,98,152,1.4473684210526316,0.05345298381038939,656,"Okay, I'll concede you appear more worldly."
3739,456,15,29,88,132,1.446969696969697,0.06018169145606738,656,I like planets that don’t capture greenhouse gasses!
947,457,17,29,95,141,1.446808510638298,0.059058410386457566,656,"Excuse me, your time is up!"
1248,457,17,29,95,141,1.446808510638298,0.059058410386457566,656,Enough with your world views.
2204,457,15,33,93,141,1.446808510638298,0.057317201538349745,656,"My opponent claims he's ""too big to fail"", but..."
5146,457,11,41,89,141,1.446808510638298,0.053665567189893085,656,"You make a strong argument, but the Flat Earth Society remains unconvinced."
1956,461,13,41,96,150,1.4466666666666668,0.05312318777888993,656,My opponent blames society for all of her problems.
248,462,13,32,85,130,1.4461538461538461,0.058871861358494273,656,Let me finish; you had all day on your turn.
3980,463,12,38,89,139,1.4460431654676258,0.055151341878037184,656,"Now, to give us a global perspective ..."
3651,464,17,32,99,148,1.445945945945946,0.05695253358217629,656,"Let me guess, Green party?"
4945,465,13,31,84,128,1.4453125,0.05953456465393414,656,Did Atlas call in sick again?
40,466,20,25,101,146,1.4452054794520548,0.05994078475995242,656,Fake world
1216,467,15,39,101,155,1.4451612903225806,0.05348510552576188,656,I think it’s really insensitive of you to refer to Pluto as a “dwarf.”  It prefers the term “little planet”.
2878,467,22,25,108,155,1.4451612903225806,0.05871257767319965,656,"Suddenly Carl found himself in the outer stratosphere, standing behind a podium on a stage of cosmic proportion, and wondering to himself “What the hell was in that chicken quesadilla?”"
3100,467,20,29,106,155,1.4451612903225806,0.057267725779087425,656,I demand to see your birth certificate!
4129,470,11,34,81,126,1.4444444444444444,0.058070078687743346,656,I always knew it was me against the world.
1636,470,20,28,105,153,1.4444444444444444,0.05783094058635854,656,4.5 Billion years and THIS is what you’ve accomplished? I say it’s time for new leadership!
1190,470,13,38,93,144,1.4444444444444444,0.05467444243850432,656,Cool it!
307,470,19,30,104,153,1.4444444444444444,0.05708255755567919,656,I've seen no proof my opponent was born in our solar system.  I stand with the earthers!
480,470,17,30,97,144,1.4444444444444444,0.0581188011271887,656,"My opponent is an unabashed globalist!"""
1551,470,19,26,99,144,1.4444444444444444,0.05976658965268057,656,"I'm sorry, but your time is up."
941,476,20,31,109,160,1.44375,0.05589950200045945,656,Would Atlas please return to the podium?
1799,476,23,25,112,160,1.44375,0.0579707114024241,656,And you have a clearly inflated world view!
1999,476,16,39,105,160,1.44375,0.05301215818182031,656,"Just because you're worldly, doesn't mean the sun rises and sets on you."
1315,479,16,35,100,151,1.4437086092715232,0.0553023091218428,656,And my opponent still refuses to produce his birth certificate.
1211,480,12,39,91,142,1.443661971830986,0.05430672744717518,656,"Is it hot in here, or is it just you?"
4668,480,13,37,92,142,1.443661971830986,0.055218753760736185,656,Can you explain your change in position?
4964,480,16,31,95,142,1.443661971830986,0.057868654118529095,656,"Now, there’s no need to get heated."
1526,483,17,25,91,133,1.443609022556391,0.06169691040145951,656,"Come on, you ALL can't be running as Democratic candidates for President."
4696,484,13,29,82,124,1.4435483870967742,0.06092048894765744,656,"If you're there, where am I?"
2635,485,14,38,97,149,1.4429530201342282,0.05419341644813102,656,Let me begin by saying that I think the world of my opponent.
1485,486,13,36,91,140,1.4428571428571428,0.05577762757657202,656,Stop! Do you remember what happened to Pluto?
5137,487,14,30,87,131,1.4427480916030535,0.059514877067074895,656,I served with Uranus. I knew Uranus. Uranus was a friend of mine. You're no Uranus.
1511,488,11,32,79,122,1.4426229508196722,0.05940724717733159,656,"And are you aware, Planet Earth, that 53% of American can identify you only if you are showing these two continents?"
3496,488,12,30,80,122,1.4426229508196722,0.060536798842294785,656,What do you mean you've warned Mars about us?
2937,490,16,37,103,156,1.4423076923076923,0.05398923445623158,656,And who are you to tell us that global warming is real!?
1924,490,17,35,104,156,1.4423076923076923,0.054749889708644486,656,A thought just occurred.  Shouldn't you be orbiting the Sun right now?
2325,492,11,43,93,147,1.4421768707482994,0.052100820969336936,656,I stand corrected. I guess it IS a small world after all.
5190,493,11,39,88,138,1.4420289855072463,0.05444207068830426,656,"Is it getting warmer in here, or is it you?"
3736,493,13,35,90,138,1.4420289855072463,0.05635168237439153,656,Do you really think you can intimidate The Flat Earth Society so easily?
2467,495,13,31,85,129,1.441860465116279,0.059172033491364434,656,"Excuse me, but you don't speak for everyone."
3908,496,20,32,111,163,1.4417177914110428,0.0551094285791622,656,Thank you. Now we'll hear from the Flat Earth Society.
2156,497,11,31,78,120,1.4416666666666667,0.06010708619947588,656,On every issue my opponent just goes round and round.
542,498,19,30,105,154,1.4415584415584415,0.05678406702566273,656,Who wants a candidate you can walk all over?
3960,499,17,30,98,145,1.4413793103448276,0.05779792223804426,656,"Why?  Why is it always me, against the World?"
612,500,15,30,91,136,1.4411764705882353,0.05882352941176469,656,Stop right there....you’re just going round and round and round. What’s your point?
5219,500,17,26,93,136,1.4411764705882353,0.06064711482176232,656,Why is the whole world always against me?
5061,502,13,45,103,161,1.4409937888198758,0.05049807856938595,656,There is a world of difference between me and my opponent.
2942,503,14,39,99,152,1.4407894736842106,0.05340738346462713,656,"Blah blah Carbon, blah blah conservation...clearly my opponent is not interested in fixing our district’s pot-holes or making our busses run on time."
4138,504,17,29,97,143,1.4405594405594406,0.058395751440556545,656,"Don't believe my opponent's whines about feeling too hot. Only 11,000 years ago he was complaining about the cold."
4144,504,14,35,94,143,1.4405594405594406,0.0558084636734309,656,It's quite obvious that you are living in your own little world.
3310,506,17,36,106,159,1.440251572327044,0.05397295404381147,656,I object to your characterization of humanity as a transient pestilence!
3924,507,12,31,82,125,1.44,0.05945993500642044,656,Let's see if my opponent can spin his way out of this one.
3087,508,12,38,91,141,1.4397163120567376,0.054548709748090944,656,It’s obvious my opponent has an inflated world-view.
5155,508,19,24,98,141,1.4397163120567376,0.06070240187453459,656,Stop. We're sorry!
1051,510,14,41,102,157,1.4394904458598725,0.05217589475000669,656,"Mister speaker, I don't think you understand the gravity of your situation!"
857,511,17,24,91,132,1.4393939393939394,0.062020844993368074,656,My opponent seems to believe that the whole world revolves around him. But that hasn't been true since the sixteenth century!
2857,512,11,43,94,148,1.4391891891891893,0.05183376712663901,656,"And I'm speaking tonight on behalf of the sun, who couldn't make it."
2727,512,16,33,99,148,1.4391891891891893,0.05609262635431521,656,Is it getting hotter in here or is it just you?!
1165,514,16,29,94,139,1.4388489208633093,0.05875991269185732,656,Delivering tonight's rebuttal to the presidential address...
4691,515,15,34,97,146,1.4383561643835616,0.05581246243140647,656,Our speaker this evening needs no introduction.
4765,515,19,26,101,146,1.4383561643835616,0.05910096621727433,656,My opponent claims to be a climate change expert yet holds no degrees.
296,517,13,27,81,121,1.43801652892562,0.06198347107438016,656,Just hold on a minute. You don't speak for everyone.
4744,518,13,41,99,153,1.4379084967320261,0.05231982150203932,656,I feel as though the whole world is against me.
787,519,17,22,89,128,1.4375,0.06347662164973016,656,"It's always ""climate change"" this, or ""global warming"" that. Do you care about anything other than yourself, ma'am?"
3206,519,16,31,97,144,1.4375,0.057227064127795935,656,"Is that the Yucatán Peninsula, or are you just happy to see me?"
4421,519,13,37,94,144,1.4375,0.05462198803880702,656,And now what am I bid for Lake Erie?
4958,522,20,33,114,167,1.437125748502994,0.05408425970730755,656,Don't trust him. He's got a dark side.
5211,523,17,32,102,151,1.4370860927152318,0.05604803910837387,656,Don't misunderstand the gravity of my opponent's position
3253,523,16,34,101,151,1.4370860927152318,0.05525470538463901,656,I may not be as worldly as my opponent ...
2567,525,16,27,92,135,1.4370370370370371,0.06004182014776392,656,There you go again.  All you think about is your survival.
3831,525,12,35,88,135,1.4370370370370371,0.05623866008896599,656,"In all fairness, we will hear from the dark side in about 12 hours."
5050,525,10,39,86,135,1.4370370370370371,0.05423716668093172,656,Stop spinning!
1703,528,14,34,94,142,1.4366197183098592,0.05606265735349109,656,Don't believe her - it's just spin!
2324,528,15,32,95,142,1.4366197183098592,0.05694656855686736,656,"No, it's not warm in here...it's just you."
2916,528,11,40,91,142,1.4366197183098592,0.0533230830591575,656,I will stop my emissions when she agrees to stop her eruptions!
5110,528,16,30,96,142,1.4366197183098592,0.057816968022104384,656,"Until that last comment, I was warming up to you."
689,532,13,29,84,126,1.4365079365079365,0.060154332460611755,656,"My opponent engages in nightly dalliances with a celestial body!"""
5102,533,18,36,111,165,1.4363636363636363,0.053198445294365064,656,Our next speaker needs no warm up.
2246,534,15,35,99,149,1.436241610738255,0.054974020257111816,656,"So explain to me again, if you’re here what am I standing on?"
2010,535,11,39,90,140,1.4357142857142857,0.05384564964970519,656,I'm not interested in your world view!
3486,536,16,39,108,163,1.4355828220858895,0.052244052505411656,656,. . .now if we zoom in you can see my house. . .
1890,537,13,41,100,154,1.4350649350649352,0.05205669396678919,656,"Now, I may not be as worldly as my distinguished opponent..."
24,538,13,34,91,138,1.434782608695652,0.05629383864931595,656,"You see, my opponent IS a globalist!"
1772,538,14,32,92,138,1.434782608695652,0.05722571793059668,656,"I understand the whole world is against me, but..."
2969,538,13,44,104,161,1.434782608695652,0.05045030816935545,656,The earth comes to us tonight by way of a generous contribution from The John D. and Catherine T. MacArthur Foundation...and viewers like you.
3403,538,13,44,104,161,1.434782608695652,0.05045030816935545,656,I don't care how you spin it....
3878,538,18,24,96,138,1.434782608695652,0.060810598450107334,656,"As you can plainly see, it’s flat."
5234,538,13,34,91,138,1.434782608695652,0.05629383864931595,656,I'd like to motion to limit the scope of this debate.
442,544,12,29,81,122,1.4344262295081966,0.06046796789468957,656,All the stage’s a world.
2496,545,7,52,93,152,1.4342105263157894,0.04729623483818983,656,Your argument has as many holes as your ozone layer.
3963,546,13,30,86,129,1.434108527131783,0.059108527131782954,656,Tonight’s celebrated speaker is now the hottest he’s ever been.
2495,547,15,29,92,136,1.4338235294117647,0.05876563054702675,656,"... and unlike my opponent, I am not a globalist!"
4050,548,16,40,110,166,1.4337349397590362,0.05154462768517881,656,I don't CARE what the whole world is saying!
1575,549,11,40,92,143,1.4335664335664335,0.05303684177240043,656,My esteemed opponent keeps going in circles.
2272,549,14,34,95,143,1.4335664335664335,0.055752899062822235,656,...and now for a more global view...
4582,549,18,26,99,143,1.4335664335664335,0.05918072303434105,656,Can you not stop spinning for even a minute?
2406,552,13,39,98,150,1.4333333333333333,0.05302202207345211,656,Could you be any more Pacific?
4325,552,18,29,103,150,1.4333333333333333,0.05708556838485993,656,Wow...it IS a small world!
652,554,18,35,111,164,1.4329268292682926,0.053412010373000945,656,My able opponent has a different world view than I do.
825,555,13,32,89,134,1.4328358208955223,0.057486109717585984,656,Why do you think it's always about you?
3482,556,14,33,94,141,1.4326241134751774,0.05631810481533082,656,Introducing our first challenger in today’s flat earth debate.
1655,557,15,34,99,148,1.4324324324324325,0.055213705197201125,656,There's no need to get overheated...
2911,557,15,34,99,148,1.4324324324324325,0.055213705197201125,656,You think you're the center of the universe!
3688,559,16,35,104,155,1.4322580645161291,0.054168007227641285,656,"Hey, you need to cool down."
3943,559,15,37,103,155,1.4322580645161291,0.0533890047336755,656,"I want you to know that I will not make age an issue in this campaign."""
1425,561,17,26,96,139,1.4316546762589928,0.059583897327998556,656,"I have a planet, too...and it's bigger than you. So big. Really big."
2356,561,17,26,96,139,1.4316546762589928,0.059583897327998556,656,"Don't believe my opponent. She has changed the climate of this debate, and given it her own spin."
4281,563,9,45,92,146,1.4315068493150684,0.05041868561268955,656,That's clearly just spin.
3378,564,14,38,101,153,1.4313725490196079,0.05308240917615779,656,"You've made several billion good points, but now it's my turn."
482,564,15,36,102,153,1.4313725490196079,0.053886375605996586,656,Sorry but I don’t share your worldview.
959,566,17,38,112,167,1.4311377245508983,0.051999235478116516,656,You ever get that feeling that the whole World is against you?
174,567,11,28,77,116,1.4310344827586208,0.06149577078745172,656,"I know Jupiter. Jupiter is a friend of mine. You, Sir, are no Jupiter.”"
3351,568,14,25,84,123,1.4308943089430894,0.06225717944551251,656,You're on thin ice.
1320,569,13,33,91,137,1.4306569343065694,0.0565537589858253,656,I knew Jupiter. Jupiter was a friend of mine.
3228,569,9,41,87,137,1.4306569343065694,0.05262089725198266,656,I'd like to hear what the rest of the world thinks.
1397,571,11,40,93,144,1.4305555555555556,0.05275323520477669,656,Our next guest needs no introduction...
3557,571,15,32,97,144,1.4305555555555556,0.056315221859377235,656,We still haven't seen a birth certificate!
4424,571,18,26,100,144,1.4305555555555556,0.05884538643297511,656,Let me guess. America first.
3080,574,14,37,100,151,1.4304635761589404,0.05357830091467724,656,"And now, a rebuttal from the Western Hemisphere"
4547,574,15,35,101,151,1.4304635761589404,0.05439608947023909,656,Your response is all spin and 71% watered down
704,576,12,44,102,158,1.4303797468354431,0.05028908496928419,656,"Seriously? When they said I’d be debating ‘Big Blue’, I thought they meant somebody from IBM!"
1021,577,15,44,113,172,1.430232558139535,0.0495329713988459,656,You look much smaller in person.
2475,578,12,34,89,135,1.4296296296296296,0.05617309261530845,656,"Once again, it's me versus the world."
4183,578,13,32,90,135,1.4296296296296296,0.05714870649001221,656,Sometimes it feels like it's just me against the world.
502,580,13,35,94,142,1.4295774647887325,0.05510398024545581,656,"As usual, you're playing the science, evidence, and human race cards."
1768,580,16,29,97,142,1.4295774647887325,0.0577591464747595,656,"Mind you, I think the world of my opponent...."
1090,582,12,40,97,149,1.429530201342282,0.05238293466829453,656,Everyone should know there is another side of you that is VERY different.
1126,583,15,40,108,163,1.4294478527607362,0.05146444741152521,656,You clearly don't understand the gravity of the situation.
4894,584,14,35,98,147,1.4285714285714286,0.05460782657914247,656,"Now, for a global view."
4308,584,14,29,90,133,1.4285714285714286,0.058738266073418616,656,But can you prove your other side isn’t flat?
2026,584,16,37,108,161,1.4285714285714286,0.05265784148389184,656,Stop! You don’t have the latitude to discuss this topic.
1329,584,19,31,111,161,1.4285714285714286,0.054824880523363345,656,Sometimes it feels like the whole world is against me.
914,584,16,31,100,147,1.4285714285714286,0.05628845924280398,656,I don't care what the rest of the world thinks!
1572,584,18,27,102,147,1.4285714285714286,0.05792034671995594,656,"I know Pluto. I served with Pluto. I was friends with Pluto. You, sir, are no Pluto."
22,590,16,33,103,152,1.4276315789473684,0.054910470625043145,656,You simply don't understand the gravity of the situation!
2168,590,16,33,103,152,1.4276315789473684,0.054910470625043145,656,I think your time's up.
2659,592,16,30,99,145,1.4275862068965517,0.05685299621616657,656,"And now, we introduce the Democratic candidates for the 2020 election."
285,592,11,40,94,145,1.4275862068965517,0.052472240048337136,656,"As you can see, my opponent is a huge globalist."
3462,594,14,31,93,138,1.4275362318840579,0.057162053734250554,656,I have to say I didn't think I would be addressing the entire world tonight.
232,595,17,36,111,164,1.4268292682926829,0.052657191912164523,656,It's always been me against the world.
1262,596,19,29,109,157,1.4267515923566878,0.05585425673803096,656,"I believe you're trying to change the tropic, sir."
4572,597,10,38,88,136,1.4264705882352942,0.053862118147822456,656,I believe in America First unlike my opponent who is a global elitist.
3868,598,13,29,87,129,1.426356589147287,0.05903700082065044,656,Our next guest here is an expert on Global Warming.
265,599,12,28,82,122,1.4262295081967213,0.060389864647853383,656,"Yeah, well - that's just Earth's opinion, and as you can see she is only offering one side of the story."
1820,600,15,42,112,169,1.4260355029585798,0.050121521734016024,656,That's your 4 billion opinions.
78,601,13,37,98,148,1.4256756756756757,0.05346189249276105,656,What proof do we have that your policies will be good for the planet?
310,602,10,40,91,141,1.425531914893617,0.05252879998709513,656,My opponent would have you believe he represents the global perspective.
892,602,14,32,95,141,1.425531914893617,0.056254273779501575,656,"Yes, I agree it's a little warm in here, but it isn't always about YOU!"
2873,604,10,34,83,127,1.4251968503937007,0.0564762068014436,656,"As for my opponent, can you trust what doesn't stop spinning?"
997,605,20,25,108,153,1.4248366013071896,0.057684964062620116,656,"Thank you, President Trump.  And now for the opposing view on climate."
218,605,14,37,102,153,1.4248366013071896,0.05302413796444739,656,"As you can see, the entire world has taken a different position than the U.S. on global warming"
663,607,13,36,97,146,1.4246575342465753,0.05397353787353871,656,"And I represent all of you who feel like, ""it's me against the world!"""
4134,607,15,32,99,146,1.4246575342465753,0.05569640395183013,656,Go ahead!  Try to deny you're a globalist!
4485,607,13,36,97,146,1.4246575342465753,0.05397353787353871,656,And now for a world view.
606,610,9,41,89,139,1.4244604316546763,0.05204444703647652,656,"Yes, you finally have our attention."
3340,611,18,34,113,165,1.4242424242424243,0.053101525395913875,656,Enough already with the global perspective!
3154,612,14,25,86,125,1.424,0.06144916598294886,656,"My opponent, here, is notorious for putting a spin on the position."
1860,613,14,36,101,151,1.423841059602649,0.053518238596682255,656,"and furthermore, my opponent is unabashedly a staunch globalist!"
4048,613,14,36,101,151,1.423841059602649,0.053518238596682255,656,"While my opponent is heating up, I have remained cool and calm."
1621,615,17,41,119,177,1.423728813559322,0.04978779409558434,656,"Okay, I'm willing to concede that it's round."
113,615,14,22,82,118,1.423728813559322,0.06414932111292496,656,Point well taken Mother.
475,617,19,23,102,144,1.4236111111111112,0.05960555815726609,656,A surprise speaker at the flat-Earth convention
1048,617,13,35,96,144,1.4236111111111112,0.054498366769001876,656,You're obviously a big globalist!
664,619,9,40,88,137,1.4233576642335766,0.05254639502397573,656,There she goes again - blaming the rest of us for her made up problems.
686,620,18,33,112,163,1.4233128834355828,0.053574569115551626,656,"Stop right there. I've got a Masters in Oceanography, a Doctorate in Environmental Management and Social Sustainability and I belong to 8 political action groups. What the hell could you possible have to tell me that I don't already know?"
2793,620,12,45,106,163,1.4233128834355828,0.04915070990009641,656,"Once my opponent turns on you, you’re gonna see a whole different side."
1135,622,14,27,89,130,1.4230769230769231,0.059680509564434485,656,"Sure, my opponent has more than 4.5 billion years of experience, but does anyone really believe she stands a chance against the incumbent in 2020?"
1337,622,13,29,88,130,1.4230769230769231,0.05867284412310087,656,"Look, there are only two.  Seven continents is only a theory."
3084,622,15,36,105,156,1.4230769230769231,0.05306055776760074,656,I will deal in specifics.  My opponent offers only global generalities.
3818,625,17,40,118,175,1.4228571428571428,0.050191283180869635,656,What’s the world view on this.
566,626,17,29,103,149,1.4228187919463087,0.056486722942895466,656,"And, yes, I say that 7 trillion people can be wrong!"
294,626,18,27,104,149,1.4228187919463087,0.05728389468598166,656,"I am not for political purposes going to exploit my opponent's advanced age and vast experience."""
4880,628,12,36,94,142,1.4225352112676057,0.05412182809821581,656,"Though the world is against me, I stand by my convictions!"
2809,629,14,37,103,154,1.422077922077922,0.052750883992870964,656,"Cool down, lady."
4081,630,14,26,88,128,1.421875,0.060356322814930974,656,I think we all need to be concerned about my opponent’s health and longevity.
254,631,15,32,100,147,1.4217687074829932,0.055391600763086093,656,"Atlas shrugged, but Dave pontificated."
1473,632,16,27,97,140,1.4214285714285715,0.05829705369010763,656,Let’s not forget that what you’ve heard from my opponent on climate change is nothing more than one planet’s opinion.
1634,632,13,33,94,140,1.4214285714285715,0.055589762548430344,656,My opponent can’t hide the fact that he’s a globalist.
3659,632,12,35,93,140,1.4214285714285715,0.05465754090033744,656,I was right all along! The whole world really is against me!
5068,635,12,43,104,159,1.421383647798742,0.04998498922733558,656,"Relax, you don’t need to get so heated."
2706,636,13,38,101,152,1.4210526315789473,0.05241328029213941,656,"Hang on, ladies and gentlemen, I feel the world closing in on me."
2123,636,13,22,79,114,1.4210526315789473,0.06461851898026931,656,The whole world is against me!
4667,638,16,29,100,145,1.4206896551724137,0.056789054377175296,656,"I knew Pangea.  You, Sir, are no Pangea."
2988,639,14,30,94,138,1.4202898550724639,0.05709160544735722,656,"And I'm just getting warmed up."""
3005,639,10,38,90,138,1.4202898550724639,0.05325697439179891,656,Can we at least agree it’s a global issue?
4030,639,14,30,94,138,1.4202898550724639,0.05709160544735722,656,"My opponent may look like America now, but spin him around and you’ll see Iran and China!"
2361,642,16,31,103,150,1.42,0.05537749241945384,656,"Sir, I served with Mars. I knew Mars. Mars was a friend of mine. Sir, you're no Mars!"
5132,642,17,29,104,150,1.42,0.05617964155527911,656,"Look, I really don't think you can be objective in this climate change debate!"
795,644,14,27,90,131,1.4198473282442747,0.05931117466546743,656,"And finally, our guest speaker to tell us how it all ends."
2080,644,13,29,89,131,1.4198473282442747,0.058312739843890765,656,"Now, see, my opponent is getting a little heated."
2785,646,16,36,110,162,1.4197530864197532,0.052342119724529595,656,I humbly submit that what the planet is saying is just one opinion.
2500,647,17,26,100,143,1.4195804195804196,0.05821856153647125,656,"And so my opponent wants you to 
believe, in six days with one day of rest...."
3432,647,13,34,96,143,1.4195804195804196,0.0547305096122606,656,You don’t have a point.
1929,649,11,30,83,124,1.4193548387096775,0.05849853815136657,656,"Clear enough, but there is a dark side we have to take into account."
5130,649,12,41,102,155,1.4193548387096775,0.05085854253021713,656,My opponent continuously changes her position!
2782,651,12,38,98,148,1.4189189189189189,0.05252715659496144,656,It seems my esteemed opponent is going around in circles.
4998,651,15,32,101,148,1.4189189189189189,0.05508981911409135,656,Welcome our next guest on her farewell world tour.
2089,653,18,31,111,160,1.41875,0.05427616532734705,656,My opponent is obviously a Globalist....
1700,654,14,31,96,141,1.4184397163120568,0.056183975880801644,656,You and who else?
277,654,10,39,92,141,1.4184397163120568,0.05245350946695204,656,Globalist!
3967,654,15,29,97,141,1.4184397163120568,0.05707850968944634,656,"My opponent is wet, dry, hot, cold...what are we to believe"
268,657,10,44,99,153,1.4183006535947713,0.04960662168271359,656,Hot or cold. Day or night. My opponent can't seem to make up her mind.
2051,658,18,33,114,165,1.4181818181818182,0.05304666625382815,656,And our next speaker needs no introduction...
1755,659,14,33,99,146,1.417808219178082,0.054773850612478754,656,"Come on. Everyone knows you were born in a galaxy far, far, away."
926,660,16,34,108,158,1.4177215189873418,0.05328459207343426,656,I think it's time we rotate and let Uganda have a turn to speak.
1469,660,16,34,108,158,1.4177215189873418,0.05328459207343426,656,Oh great. Now I've got the weight of the world against me.
1581,660,15,36,107,158,1.4177215189873418,0.05252258654473183,656,"By now, it should be clear that my opponent relies on circular reasoning."
1447,663,17,37,116,170,1.4176470588235295,0.05121124559144339,656,Who are you to tell me about global warming?
1119,664,11,36,92,139,1.4172661870503598,0.05393423917812347,656,Are you really going to play the climate change card?
919,665,17,29,105,151,1.4172185430463575,0.05587562338495141,656,You know you don’t stand a chance of making it through the next four years.
259,666,12,31,89,132,1.4166666666666667,0.05695007438378465,656,Allow me to address the elephant in the room.
1895,666,15,35,106,156,1.4166666666666667,0.052998067394055284,656,And up there on the left is where Hawaii used to be.
2537,666,15,30,99,144,1.4166666666666667,0.05618332187193684,656,Our next speaker will help illustrate the gravity of the situation.
2626,666,15,30,99,144,1.4166666666666667,0.05618332187193684,656,"Unlike my opponent, I will never take certain latitudes."
4165,670,18,31,112,161,1.4161490683229814,0.054000665836690484,656,"My opponent may have produced diamonds and sunsets, but how many barbecues in Iowa has he attended?"
183,670,13,41,107,161,1.4161490683229814,0.05027795891881388,656,"Please, one continent at a time."
4394,672,17,28,104,149,1.4161073825503356,0.05642203112215597,656,"Atlas shrugged, and then left"
3173,673,17,23,97,137,1.416058394160584,0.060093615037831484,656,"Before we get started, are you okay with the temperature in here?"
3176,673,12,33,92,137,1.416058394160584,0.05544845835130325,656,"Given how we're treating the world, it seemed only fair to give it a chance to talk back."
4733,673,15,27,95,137,1.416058394160584,0.05827999789296098,656,It’s not such a small world after all.
951,676,14,36,104,154,1.4155844155844155,0.05268553837405883,656,I'm glad you finally came around!
5045,676,18,28,108,154,1.4155844155844155,0.0558148340950583,656,"First of all,my opponent thinks the world of himself."
3121,678,13,33,96,142,1.4154929577464788,0.05496337603052371,656,"I fear my opponent's ego hinders his judgement, as he obviously thinks the world of himself."
4692,678,13,33,96,142,1.4154929577464788,0.05496337603052371,656,Is it hot in here? Or is it just me?
3569,680,11,44,104,159,1.4150943396226414,0.04911597027586713,656,"Unlike my opponent, I'm not a master of spin."
3222,680,16,34,109,159,1.4150943396226414,0.05301354558638672,656,My opponent denies it but he is obviously a blatant globalist.
3171,682,7,49,96,152,1.4144736842105263,0.04708668295485696,656,"You may THINK globally, but do you act locally?"
4000,682,10,43,99,152,1.4144736842105263,0.04978524720148777,656,"And now, the World's view"
1778,684,14,30,96,140,1.4142857142857144,0.05643185622765291,656,...and that's where our ancestors lived before that planet became uninhabitable...
3281,684,14,30,96,140,1.4142857142857144,0.05643185622765291,656,"If you can’t stand the heat, get out of the solar system!”"
4887,686,18,29,110,157,1.414012738853503,0.055000323657430496,656,You do not revolve around you.
171,687,15,30,100,145,1.4137931034482758,0.05586845429661948,656,My opponent seems to think he revolves around himself.
199,687,15,30,100,145,1.4137931034482758,0.05586845429661948,656,"Uh, is it getting warmer in here or is it just me?"
217,687,14,32,99,145,1.4137931034482758,0.05500453385749608,656,"Don't let yourselves be fooled by my opponent's down-home Earthy charm, she's a globalist!"
2547,687,12,36,97,145,1.4137931034482758,0.05323464908923867,656,Seriously?.... What do you know about climate change?
1159,691,14,39,109,162,1.4135802469135803,0.05079315822082219,656,You don’t have a leg to stand on.
3676,692,11,40,99,150,1.4133333333333333,0.051105599028391284,656,My opponent claims to know something about world opinion.
4307,692,14,34,102,150,1.4133333333333333,0.05366785469803721,656,I know about Jupiter - and you're no Jupiter.
3401,694,9,39,90,138,1.4130434782608696,0.05216994589804855,656,My opponent keeps changing position.
1706,695,14,36,105,155,1.4129032258064516,0.05241315099765135,656,Our next speaker means the world to me.
4826,695,16,32,107,155,1.4129032258064516,0.053988079782720085,656,My opponent continues to deny the gravity of the situation.
4543,697,14,24,88,126,1.4126984126984128,0.060965607030642806,656,I will not make age an issue in this campaign!
2346,698,16,27,100,143,1.4125874125874125,0.05729435137571423,656,"Cool it, Mother."
2742,698,13,33,97,143,1.4125874125874125,0.05465494973783437,656,It is very 'inconvenient' for you to appear for Mr. Gore at this debate.
4492,700,11,39,98,148,1.412162162162162,0.051569460646572446,656,There is no planet B.
934,700,13,35,100,148,1.412162162162162,0.053322289880432305,656,"Hold on, just cool down!"
1477,700,13,35,100,148,1.412162162162162,0.053322289880432305,656,It appears you don't understand the gravity of your situation
1331,703,15,33,105,153,1.411764705882353,0.05369828995148687,656,"Sit down dear, men are talking."
3639,703,21,21,111,153,1.411764705882353,0.058305250327453186,656,My opponent is clearly too old to be running.
1085,705,14,44,117,175,1.4114285714285715,0.04807531818537847,656,"And may I present our next speaker, who is no stranger to globalist thinking"".."
123,706,15,28,98,141,1.4113475177304964,0.057002925666411686,656,The audience is tiring of your so-called world view.
1587,706,14,30,97,141,1.4113475177304964,0.056107186811822404,656,"If you truly are older than 4000 years, why do you not produce your birth certificate?"
3631,706,16,26,99,141,1.4113475177304964,0.05788480506250474,656,It's me against the world! But I will prevail in this election!
4939,706,9,40,92,141,1.4113475177304964,0.051394851872226914,656,"I tell it to you straight,while all my opponent does is spin."
1133,710,15,37,111,163,1.4110429447852761,0.051288082633883236,656,"My opponent perhaps, has a different world view."
4158,711,12,36,98,146,1.4109589041095891,0.05294468452929616,656,My opponent has a history.
1143,711,12,36,98,146,1.4109589041095891,0.05294468452929616,656,I'm not as worldly as my opponent....
2428,711,12,36,98,146,1.4109589041095891,0.05294468452929616,656,You aren’t the center of everything anymore!
842,714,9,35,85,129,1.4108527131782946,0.05459994025961553,656,"That's not the right answer, but you're getting warmer."
5080,714,13,27,89,129,1.4108527131782946,0.05886976813598464,656,Who made you an authority on global warming!
1727,716,13,36,102,151,1.4105960264900663,0.05254790576126456,656,Sigh... Sometimes I feel like the world is against me.
3385,716,18,26,107,151,1.4105960264900663,0.056593140075874036,656,Once again its me against the world.
3683,718,12,31,91,134,1.4104477611940298,0.05626767886841378,656,We should have opening remarks from Australia in but a few hours.
3090,718,13,29,92,134,1.4104477611940298,0.057256200850850966,656,"And now, for a global point of view..."
3827,720,16,32,108,156,1.4102564102564104,0.05370614749627105,656,"So, you think you can be all things to all people?"
423,721,12,35,97,144,1.4097222222222223,0.05344866104193851,656,You’re not the center of the universe so please wait for your turn to speak
1775,722,17,34,115,166,1.4096385542168675,0.05202878493647681,656,Hot and bothered are we?
2328,723,14,33,102,149,1.4093959731543624,0.053883656789081566,656,It gives me great pleasure to introduce the definitive expert on climate change.
4974,723,17,27,105,149,1.4093959731543624,0.056351864509217,656,You do Not speak for the entire planet!
3805,725,8,38,86,132,1.4090909090909092,0.0526364209671456,656,I believe my opponent is going around in circles.
4053,725,16,31,107,154,1.4090909090909092,0.05420414962422673,656,"Senator, I served with Earth. I knew Earth. Earth was a friend of mine. Senator, you're no Earth."
4988,725,16,40,120,176,1.4090909090909092,0.04919661538928782,656,My opponent and I are a world apart.
3267,728,12,34,96,142,1.408450704225352,0.053965632020418146,656,Look! Nobody cares what you think!
2918,729,13,34,100,147,1.4081632653061225,0.05353508403214995,656,Don't you turn away when I'm talking to you!
1024,729,12,36,99,147,1.4081632653061225,0.052657547058458806,656,Either admit you're beholden to a powerful star or denounce the geocentric model once and for all.
874,731,14,23,88,125,1.408,0.06127252712794831,656,"My opponent says I'm a nationalist.  Well, I say he's a globalist!"
3218,731,12,27,86,125,1.408,0.059129164246724555,656,"My opponent is, obviously, an unabashed globalist"
816,733,14,34,104,152,1.4078947368421053,0.05309788205042729,656,"My opponent may be more worldly than I, but I speak for the common man."
983,733,13,36,103,152,1.4078947368421053,0.052270897280421856,656,It doesn’t matter that the whole world is against me.  Literally.
3687,733,14,34,104,152,1.4078947368421053,0.05309788205042729,656,And now a few words about climate change from a victim.
4230,733,12,38,102,152,1.4078947368421053,0.051430616628227746,656,"I asked for something specific, not Pacific."
1370,737,11,42,104,157,1.4076433121019107,0.04945845386343036,656,"And now, straight from an engagement at the Globe Theater, ..."
2276,737,12,40,105,157,1.4076433121019107,0.05027721129785518,656,My opponent is simply trying to put his usual spin on things.
5099,739,11,33,91,135,1.4074074074074074,0.05493480360811603,656,"As for the flip -flopping accusation, my opponent changes position by the minute."
4619,739,12,31,92,135,1.4074074074074074,0.0559320209448561,656,We've invited a special guest to talk about climate change...
4741,739,11,33,91,135,1.4074074074074074,0.05493480360811603,656,No one told me it was me versus the entire world!
3732,739,13,40,109,162,1.4074074074074074,0.049963989452123415,656,"My opponent seems stable on the outside, however on the inside she is toxic, unpredictable, and frankly dangerous."
467,739,14,38,110,162,1.4074074074074074,0.050725550544803606,656,"Even if 'parasite' is technically correct, I still object to your characterization of my existence."
204,744,10,37,93,140,1.4071428571428573,0.05257640509981442,656,Please stop. Your gravitational pull is influencing my position.
233,744,11,35,94,140,1.4071428571428573,0.05354487180056181,656,"Sorry to cut you off, Earth, but if we're going to debate the climate change issue, we can't resort to anecdotal evidence."
440,744,13,31,96,140,1.4071428571428573,0.05543106657801395,656,Sometimes I feel like the entire world is against me!
984,744,14,29,97,140,1.4071428571428573,0.0563504930315168,656,Apparently Atlas shrugged.
3677,744,13,31,96,140,1.4071428571428573,0.05543106657801395,656,Do you ever get the feeling that the whole world is against you?
2789,749,12,35,98,145,1.4068965517241379,0.05315392933228443,656,I feel like the whole world is watching.
1163,749,16,27,102,145,1.4068965517241379,0.05664346357624677,656,And our Geography Bee winner is......
486,749,15,29,101,145,1.4068965517241379,0.055791545285110794,656,Is it getting hot in here or is it just me?
457,749,11,37,97,145,1.4068965517241379,0.052245141045349476,656,Can somebody from tech get up here to raise the microphone please?
92,753,15,33,107,155,1.4064516129032258,0.05313527739356114,656,My opponent doesn’t speak for everyone.
3617,753,17,29,109,155,1.4064516129032258,0.05468941455906653,656,My worthy opponent actually embodies everything that’s wrong with the world.
4296,753,16,31,108,155,1.4064516129032258,0.05391794584599884,656,"And you are nothing but a Globalist, sir!"
15,756,13,39,108,160,1.40625,0.05038911092686594,656,My opponent's stance is all over the map!
1404,756,10,32,86,128,1.40625,0.055942950235953436,656,"So what you are saying is its just water weight?"""
1673,758,11,32,90,133,1.406015037593985,0.05549913735857893,656,You've exceeded your four billion year time allotment. May I please have my fifteen minutes?
1456,759,17,22,99,138,1.4057971014492754,0.05965243771053355,656,To say our next speaker is 'worldly' would be an understatement
2312,759,12,32,94,138,1.4057971014492754,0.0550407186619516,656,Stop trying to spin this!
163,759,12,32,94,138,1.4057971014492754,0.0550407186619516,656,"I refuse to debate a ""Globalist"""
819,759,14,28,96,138,1.4057971014492754,0.056930253437149726,656,I disagree! Seven billion people can be wrong.
1078,763,17,24,102,143,1.4055944055944056,0.05807049028206795,656,"Mother Earth, please do not interrupt when men are speaking."
4366,763,14,30,99,143,1.4055944055944056,0.05546803289175795,656,"We're happy to have one of the hottest new speakers for you tonight, a leading authority in the debate on global warming."
143,765,15,30,103,148,1.4054054054054055,0.05494304814964365,656,I admit you do have the weight of the world on your side.
2906,765,10,40,98,148,1.4054054054054055,0.05058750066160501,656,Would you care to put your spin on this?
3413,765,20,20,108,148,1.4054054054054055,0.058977808171889835,656,Any last questions for Earth?
4055,765,15,30,103,148,1.4054054054054055,0.05494304814964365,656,"My opponent, on the other hand, can't go anywhere without everyone."
1952,769,15,32,106,153,1.4052287581699345,0.05362496737175651,656,And now speaking in favor of globalism....
872,770,12,25,84,121,1.4049586776859504,0.06050580237263843,656,"We have proof that you've been tilting on your axis from the very beginning, so why should we assume you're being upright now? Have you no shame?"
4499,771,15,25,96,136,1.4044117647058822,0.05846500216606158,656,I always knew it would be me against the world!
255,771,11,33,92,136,1.4044117647058822,0.054611597951195606,656,But my opponent here understands nothing on the local level.
3166,773,11,35,95,141,1.4042553191489362,0.05324212382282164,656,My debate opponent claims to be down to earth and well-rounded but can he serve in office under the current climate? I think not!
3656,774,10,39,97,146,1.404109589041096,0.05104368179726711,656,You see! Spoken like a true globalist.
4531,774,13,33,100,146,1.404109589041096,0.053748277975106694,656,How dare you pretend to speak for Mars!
4624,774,12,35,99,146,1.404109589041096,0.05286212324528574,656,What on earth am I debating?
2392,777,16,29,106,151,1.403973509933775,0.054936292982986856,656,Apparently you are not too big to fail
4930,777,13,35,103,151,1.403973509933775,0.0524699497280197,656,"Admittedly, the Green Party's candidate is strong this year."
4122,779,16,31,109,156,1.4038461538461537,0.053634524449187586,656,World. The stage is yours.
5232,779,15,33,108,156,1.4038461538461537,0.05285782086836071,656,"Here to explain how she just keeps getting hotter every year, ladies  and gentlemen, I present Mother Earth."
866,781,14,39,113,166,1.4036144578313252,0.04981082552752486,656,"As I have said over and over, ""It is me against the world!"""
2375,782,9,28,77,114,1.4035087719298245,0.05939102311027388,656,"I would like to present our guest speaker, an expert on global warming, and..."
2543,783,11,32,91,134,1.4029850746268657,0.05516667899803839,656,...and here to tell us their thoughts on global warming ...
1550,783,11,32,91,134,1.4029850746268657,0.05516667899803839,656,Who you gonna believe; me or the World?
2286,783,10,34,90,134,1.4029850746268657,0.05414001866492625,656,I think the world of our next speaker...
921,786,14,28,97,139,1.4028776978417266,0.0565945475010009,656,Is it warming in here or is it just me?
570,787,16,26,102,144,1.4027777777777777,0.05688720662698201,656,"And, yes, I say 7 billion people can be wrong."
1770,787,15,28,101,144,1.4027777777777777,0.056027039728115645,656,You don't look that hot to me.
2342,787,13,32,99,144,1.4027777777777777,0.05426581784554301,656,"Oh please, stop it! You are not!
The air conditioning is on ""high"" and frankly,
I'm very comfortable."
3277,787,12,34,98,144,1.4027777777777777,0.053363413396451294,656,Our next speaker is a Globalist.
2047,791,11,38,100,149,1.4026845637583893,0.05121369594718821,656,"When the organizer said “you against the world,” I thought it was just a figure of speech."
4790,791,17,26,106,149,1.4026845637583893,0.05627620262574823,656,I'm not going to stand here debating whether climate change is real with the whole world watching..
735,791,15,30,104,149,1.4026845637583893,0.05464084130794347,656,...and now for the global viewpoint ...
1112,794,9,44,101,154,1.4025974025974026,0.04833136242785805,656,Some days I feel like it’s me against the world.
4521,794,13,36,105,154,1.4025974025974026,0.051724755634293976,656,Let's hear your thoughts on some local issues.
2437,796,15,34,110,159,1.4025157232704402,0.0521181751791993,656,My opponent would have you believe that it's own well-being is more important than a strong business environment!
3654,796,15,34,110,159,1.4025157232704402,0.0521181751791993,656,"Wait a minute, you've had 5 billion 
years to make your point, it's my turn!"
4184,796,18,28,113,159,1.4025157232704402,0.05436118718083454,656,"And for all you climate skeptics out there, please welcome our next guest."
2094,799,11,31,90,132,1.4015151515151516,0.055737073693004506,656,I didn't know this was a global debate!
4574,799,13,27,92,132,1.4015151515151516,0.05777492731165725,656,Can you state unequivocally that you are not flat?
2009,799,15,23,94,132,1.4015151515151516,0.05974330981687526,656,It seems clear that my opponent is uncomfortable on the world stage.
672,799,13,27,92,132,1.4015151515151516,0.05777492731165725,656,"And the title of tonight's debate is, 'Me Against the World'."
521,799,11,31,90,132,1.4015151515151516,0.055737073693004506,656,"I can’t promise you the world like my opponent here, but…"
1463,799,10,33,89,132,1.4015151515151516,0.05468967875984903,656,My opponent seems to believe he's somewhat of an authority on the subject of global warming.
2865,805,8,39,90,137,1.4014598540145986,0.051240362135167236,656,Now let's hear from the  rest of the world!
4862,805,14,27,96,137,1.4014598540145986,0.05718066065968222,656,Why thank you.  You're pretty hot yourself!
3735,807,11,35,96,142,1.4014084507042253,0.052942447265858505,656,What do you know about world affairs?
4722,807,7,43,92,142,1.4014084507042253,0.0490238945722392,656,"Regrettably, my opponent can't seem to keep his cool."
4828,807,12,33,97,142,1.4014084507042253,0.05387757273082423,656,......  AND  my opponent would have you believe that climate change has affected him personally!
2694,810,13,33,101,147,1.401360544217687,0.05345212978459162,656,"Excuse me sir, I am not finished denying reality!"
2903,810,16,27,104,147,1.401360544217687,0.05600619661122764,656,Excuse me.  It's not your turn.
3553,810,14,31,102,147,1.401360544217687,0.054316831080470626,656,It’s just me against the world!
3637,810,13,33,101,147,1.401360544217687,0.05345212978459162,656,My opponent is too old to be President of the United States
4781,810,18,23,106,147,1.401360544217687,0.057646075140347516,656,And now for the opposing view on climate change...
2619,815,14,33,105,152,1.4013157894736843,0.05301954861952767,656,Your arguments are all circular!
451,816,12,39,106,157,1.4012738853503184,0.05019956304874157,656,"But that's enough from me, let's here from the rest of the world."
4482,817,15,26,99,140,1.4,0.05716854509971449,656,"No, Mars will not pay for your border wall."
4245,817,14,30,101,145,1.4,0.054842162933723196,656,"And finally, I promise to stay cool under pressure, something my opponent will never do”"
4609,817,10,40,100,150,1.4,0.050055897166700655,656,"At times like this, I feel like it's just me against the world."
4228,817,13,24,88,125,1.4,0.06010743070375286,656,"To most of the world, it is not a debate."
5092,817,13,32,100,145,1.4,0.05396181422669197,656,There’s another side to her we haven’t seen!
5116,817,7,46,97,150,1.4,0.047298376984040214,656,My opponent is a spin artist
5202,817,11,32,92,135,1.4,0.05483781807082024,656,“And I say that there are NO planets with intelligent life.
5075,817,16,26,103,145,1.4,0.056561769035940665,656,"Global warming, real or a hoax? Our next speaker brings a special perspective to the debate."
4191,817,10,38,97,145,1.4,0.05123007976567024,656,My opponent thinks the world of himself.
3768,817,18,30,117,165,1.4,0.05285632955738962,656,"Wait a second. If you're here, then where's..."
3899,817,12,38,105,155,1.4,0.050634846945340393,656,My opponent is hiding behind a global warming agenda!
3603,817,17,24,104,145,1.4,0.05740225742153459,656,"If my opponent claims to be a centrist, why is she spinning left?"
2165,817,13,32,100,145,1.4,0.05396181422669197,656,Today more than ever it's us against the world!
1646,817,17,18,95,130,1.4,0.06235298750409436,656,"While you are obviously well-rounded on this topic, and I do think the world of you, I must respectfully disagree."
1302,817,16,28,106,150,1.4,0.05515891217963932,656,"Whaddayamean, “Earth Day’s not enough?”"
925,817,13,32,100,145,1.4,0.05396181422669197,656,"My opponent, an aging, bloated, ball of gas, cannot be taken seriously."
506,817,14,24,92,130,1.4,0.05941475656396446,656,Our host needs no introduction.
308,817,12,30,93,135,1.4,0.055836767548649545,656,"As usual, my opponent is hiding behind his global policy experience."
4910,835,18,33,122,173,1.3988439306358382,0.051027804503441354,656,"No no no...listen, I'll tell you exactly what the world needs!"
4970,836,13,37,108,158,1.3987341772151898,0.050746164560350665,656,As a flat Earther...
3172,836,18,27,113,158,1.3987341772151898,0.05457381691803705,656,My opponent would have you believe she is an expert on the results of climate change.
1381,838,12,37,104,153,1.3986928104575163,0.05108040607225886,656,"I, too, am only just warming up!"
3433,838,14,33,106,153,1.3986928104575163,0.052737145433914674,656,my opponent of course doesn't have my world view
3806,838,12,37,104,153,1.3986928104575163,0.05108040607225886,656,"Guys, I think the world is trying to tell us something!"
128,841,15,29,104,148,1.3986486486486487,0.05486102455772697,656,"What is your response to recent accusations that you are, in fact, flat?"
1486,841,15,29,104,148,1.3986486486486487,0.05486102455772697,656,"Let me finish, I waited  while the 7.53 billion of you spoke."
3740,841,12,35,101,148,1.3986486486486487,0.052287149716271755,656,"And furthermore, I assert that your so-called ""global perspective"" is nothing more than narcissism."
4581,844,12,33,98,143,1.3986013986013985,0.05357307050718142,656,"Now folks, my opponent seems to think this election is ALL about her..."
3330,844,8,41,94,143,1.3986013986013985,0.049760442709136855,656,I want to thank Earth for stepping in after that unfortunate Pluto situation.
3130,844,16,25,102,143,1.3986013986013985,0.057131830957230595,656,My opponent will not stop spinning.
2171,844,11,35,97,143,1.3986013986013985,0.0526458054105728,656,"There you again, saying you speak for the entire world!"
826,844,14,29,100,143,1.3986013986013985,0.0553810436525577,656,The world does not revolve around you.
56,844,10,37,96,143,1.3986013986013985,0.051701912644392195,656,Every 24 hours you flip-flop.
2245,844,12,33,98,143,1.3986013986013985,0.05357307050718142,656,"I knew Planet Earth, sir,
 and you are no Planet Earth!"
730,851,12,31,95,138,1.3985507246376812,0.05494662891612316,656,"And now, on the world stage, is someone who needs no introduction."
1611,851,10,35,93,138,1.3985507246376812,0.05298640376221197,656,"My opponent would rather sow division, while I look for common ground. We are both, for example, mostly water."
231,853,14,25,94,133,1.3984962406015038,0.0584019057530378,656,If you are who you say you are...then where are we now!!
4632,854,11,29,88,128,1.3984375,0.056926534960666214,656,"Hey, if you're here, where am I?"
1604,855,9,31,83,123,1.3983739837398375,0.05624985364161092,656,Let it be noted that my opponent refused to shake my hand.
2850,856,10,27,81,118,1.3983050847457628,0.05913548615998228,656,"Despite her denials,it's clear that my opponent is an unapologetic Globalist."
4760,856,10,27,81,118,1.3983050847457628,0.05913548615998228,656,Some will no doubt say that my opponent appears more worldly than myself.
2999,858,14,36,111,161,1.3975155279503106,0.050831214356126524,656,And now Mother Earth will explain why we're screwed.
82,859,14,34,108,156,1.3974358974358974,0.05199055648446042,656,"My opponent promises the moon, but does he deliver?"
428,859,18,26,112,156,1.3974358974358974,0.055080576497700526,656,If you think you've got problems let's hear from our next speaker....
2712,861,17,24,105,146,1.3972602739726028,0.0570735315804628,656,"Who knows more about the environment, me or my opponent?"
2933,861,12,34,100,146,1.3972602739726028,0.052773302441843466,656,"And last but not least in our Global Warming Conference,
a few angry words from Mother Earth."
4472,863,10,36,95,141,1.3971631205673758,0.0521856950746744,656,"First, let me begin by saying that we are worlds apart on that issue."
17,863,8,40,93,141,1.3971631205673758,0.050206698011714124,656,This election is not about you!
3260,865,9,36,91,136,1.3970588235294117,0.05247617133753975,656,Clearly my opponent doesn't comprehend the gravity of this situation.
1170,866,10,30,86,126,1.3968253968253967,0.05643298042740056,656,"I’ll admit my opponent is striking to behold, but look more closely and she’s a hot mess."
639,867,12,41,111,164,1.396341463414634,0.048637659372642195,656,You only seem concerned with global problems
4407,868,12,39,108,159,1.3962264150943395,0.04969364623970024,656,Please give our next guest a warm welcome.
890,869,15,31,108,154,1.396103896103896,0.05326041549618417,656,"Oh sure, you CLAIM to be speaking for the whole world..."
2768,869,15,31,108,154,1.396103896103896,0.05326041549618417,656,"And, finally, my opponent is only 70% water!"
3625,869,17,27,110,154,1.396103896103896,0.054830983344030984,656,And what makes you such an expert on global warming?
4128,872,9,41,99,149,1.395973154362416,0.04931858542516466,656,Our next speaker brings a global perspective to the issue.
4505,872,13,33,103,149,1.395973154362416,0.05286872189308233,656,Are you saying it's not a small world after all?
1692,874,11,35,98,144,1.3958333333333333,0.05235216169843261,656,Further proof of a globalist conspiracy!
3994,874,12,33,99,144,1.3958333333333333,0.05327169916216237,656,She constantly pivots.
4189,876,12,31,96,139,1.39568345323741,0.05462520046559745,656,"When I signed up for this Businessman vs. Earth debate, I was expecting a park ranger."
1602,876,12,31,96,139,1.39568345323741,0.05462520046559745,656,My opponent is a well known globalist!
4931,878,12,29,93,134,1.3955223880597014,0.05607385745906729,656,But I say all politics are local!
76,879,8,52,112,172,1.3953488372093024,0.044067425076449264,656,"Oh, spare me your tilted worldview!"
1093,879,15,38,119,172,1.3953488372093024,0.04917249378360765,656,Why do I feel the whole world’s against me
1276,879,15,21,93,129,1.3953488372093024,0.06069945644715437,656,"My opponent would have you believe he is a globalist, but in reality he is a world unto himself."
1688,879,12,27,90,129,1.3953488372093024,0.05762856860929945,656,But how can we be sure he actually thinks locally?
483,883,12,36,104,152,1.394736842105263,0.051263144296138416,656,"With all due respect to my fellow candidate, the science is still inconclusive."
608,883,14,32,106,152,1.394736842105263,0.05293568469953006,656,You're getting warmer
5253,885,18,22,107,147,1.3945578231292517,0.057563538838092614,656,"Last but not least, we have a special guest tonight, for all of you climate change skeptics."
3524,886,16,24,102,142,1.3943661971830985,0.05737728888053283,656,"Well, you look flat from here."
4937,886,15,26,101,142,1.3943661971830985,0.05650011644601337,656,Please disregard my opponent’s obtrusive attempt to make my hands look smaller.
2771,886,12,32,98,142,1.3943661971830985,0.05378282993495165,656,How come it’s always about you!?
373,886,11,34,97,142,1.3943661971830985,0.05284602799591361,656,"If I were a little younger, I'd take you outside and circumnavigate you."
1972,886,14,28,100,142,1.3943661971830985,0.055609109303656576,656,Thank you Mr.  Trump.....now we'll hear from the opposition.
2302,886,13,30,99,142,1.3943661971830985,0.054703591442235106,656,"The whole world may be against me, but I'm telling you, I'm right."
835,892,12,30,95,137,1.3941605839416058,0.0551722236541447,656,I don't care HOW you roll as long as it's not this way!
2483,892,9,36,92,137,1.3941605839416058,0.052172288066325394,656,Our next guest will now share her unique global perspective.
295,894,12,28,92,132,1.393939393939394,0.0566608586077705,656,He's trying to spin.
2376,894,15,35,115,165,1.393939393939394,0.05064037057600019,656,"And now, the Earth speaks for itself."
3804,896,13,37,110,160,1.39375,0.050232850103888685,656,Every disaster we've ever had is on you!
2369,897,12,26,89,127,1.3937007874015748,0.05826028455796867,656,"And now, ladies and gentlemen, our expert on pollution."""
3955,898,13,35,107,155,1.3935483870967742,0.0513714503051614,656,I don't think you appreciate the gravity of the situation.
2733,899,12,35,103,150,1.3933333333333333,0.05172346592858914,656,The oil and gas industry has gotten whatever they want out of my opponent for years.
5175,899,12,35,103,150,1.3933333333333333,0.05172346592858914,656,you don't seem to understand the gravity of this situation.
567,901,14,29,102,145,1.393103448275862,0.05475174879914738,656,"That's a compelling global perspective, but I don't share your point of view."
742,901,11,35,99,145,1.393103448275862,0.05206147975927938,656,"My opponent promises you the world, but don’t believe him."
3456,903,19,28,121,168,1.3928571428571428,0.05275130241339856,656,So you continue to refuse to acknowledge your ties to the Sun...
4079,903,11,33,96,140,1.3928571428571428,0.05335258486291774,656,Now maybe you can explain what happened to Atlas your biggest supporter
3244,903,9,37,94,140,1.3928571428571428,0.05139015923031591,656,You think you’re so hot!!!
2806,903,12,31,97,140,1.3928571428571428,0.05430721162491817,656,Is this your good side?
2514,903,12,31,97,140,1.3928571428571428,0.05430721162491817,656,The representative of the Flat Earth Society yields.
2379,903,12,31,97,140,1.3928571428571428,0.05430721162491817,656,I strongly disgree with my opponent's world view.
50,903,12,31,97,140,1.3928571428571428,0.05430721162491817,656,Vague?! I couldn't be more Pacific.
1450,910,12,29,94,135,1.3925925925925926,0.055734004907893625,656,"Clearly, my opponent has a globalist bias."
2424,910,12,29,94,135,1.3925925925925926,0.055734004907893625,656,For millennia my opponent has been circling around solar power.
3616,910,16,21,98,135,1.3925925925925926,0.05956939298941433,656,I don't like your Earth tones!
3822,910,12,29,94,135,1.3925925925925926,0.055734004907893625,656,My opponent here thinks the world of himself.
2293,914,13,30,100,143,1.3916083916083917,0.05438966354318881,656,"‘“And now, taking the yes side in today’s climate action debate...”"
2243,914,11,34,98,143,1.3916083916083917,0.05254759164664174,656,"Don't you turn your back on me, China!"
1177,914,6,44,93,143,1.3916083916083917,0.04763175523392495,656,And I suppose you're an expert on global affairs?
1160,914,10,36,97,143,1.3916083916083917,0.05160190240313507,656,Think you can just roll in here and change the world?”
257,914,15,26,102,143,1.3916083916083917,0.05617135936418446,656,"My opponent's argument on global warming is clearly biased"""
2534,919,11,43,112,166,1.391566265060241,0.04740363402569546,656,The speaker on global  warming needs no introduction.
1153,920,11,32,95,138,1.391304347826087,0.05387235149745557,656,I feel like it’s me against the world in this debate!
2824,920,15,33,113,161,1.391304347826087,0.051509747798668876,656,I think the world of my opponent.
3675,920,11,32,95,138,1.391304347826087,0.05387235149745557,656,The country deserves better than your constant spin.
4060,920,13,28,97,138,1.391304347826087,0.05580146325554012,656,"As you can see here, the World Wide Web has made the world a much smaller place."
5242,924,15,29,107,151,1.390728476821192,0.05395894926768713,656,Your mama's so fat that she invented gravity.
3523,924,11,37,103,151,1.390728476821192,0.0505803056838393,656,You have no concept of the gravity of our situation.
3036,924,17,25,109,151,1.390728476821192,0.055571293376832046,656,And at that moment of the debate the tide changed.
95,924,18,23,110,151,1.390728476821192,0.05636017093945412,656,"Mother Earth, you ignorant slut."
3463,928,13,24,91,128,1.390625,0.05893825070914086,656,You can see it's flat. Anything else is fake news.
3808,928,11,28,89,128,1.390625,0.05681244937975795,656,Now introducing our guest speaker on how to survive long term abuse
837,930,13,38,113,164,1.3902439024390243,0.04931992618713591,656,What on earth are you doing here?
2639,931,15,25,101,141,1.3900709219858156,0.05673758865248227,656,"Ladies and Gentlemen, I'm afraid that Atlas had a prior engagement....."
4405,931,15,25,101,141,1.3900709219858156,0.05673758865248227,656,"I've walked the earth.  I've worked on earth.  You , sir, are no planet earth."
4933,933,15,30,109,154,1.3896103896103895,0.053174968847348666,656,My opponent just wants to make this climate change debate about herself.
4855,933,11,38,105,154,1.3896103896103895,0.04988033240288244,656,I think you are forgetting who put you on the map.
4671,933,15,30,109,154,1.3896103896103895,0.053174968847348666,656,"And you, sir, are talking from Uranus!"
2227,933,6,48,100,154,1.3896103896103895,0.045427253620530184,656,"You raise some good points, but I still say the science isn't settled."
388,933,14,32,108,154,1.3896103896103895,0.05237074444852667,656,"No, YOU are a globalist!"
2578,938,14,39,119,172,1.3895348837209303,0.04840062803226184,656,Whoa! Atlas has shrugged!
2320,939,9,26,78,113,1.3893805309734513,0.05954105489900844,656,The Flat Earth Society debate did not go as planned.
4352,940,10,31,90,131,1.3893129770992367,0.05480175030097521,656,And now speaking AGAINST the Flat Earth theory.....
2516,941,13,32,104,149,1.389261744966443,0.052776535734208846,656,Our guest tonight at the Planetary Society needs no introduction...
3766,942,12,32,100,144,1.3888888888888888,0.05317348487814355,656,My opponent would have you believe that she speaks for the whole world...
3694,942,12,25,89,126,1.3888888888888888,0.058523876253293056,656,"I may flip flop, but my opponent here shifts tectonically!"
3161,942,13,30,101,144,1.3888888888888888,0.054079058712326517,656,"Unlike my opponent, I will not try to be all things to all people."
3163,942,14,28,102,144,1.3888888888888888,0.05496971610201708,656,"See, I'm coming at this from a global perspective..."
1891,942,8,40,96,144,1.3888888888888888,0.0493854138950538,656,"I think the world of my opponent, really."
1812,942,15,33,114,162,1.3888888888888888,0.05124775445302227,656,Climate change seems to be the only issue my opponent wants to discuss.
1355,942,14,35,113,162,1.3888888888888888,0.050494069952576985,656,My opponent likes to brag about her sphere of influence.
4215,949,17,27,113,157,1.3885350318471337,0.05395487611509274,656,Hey ! Chill already.
4326,949,12,37,108,157,1.3885350318471337,0.05002831268346424,656,"As you can observe, the U.S.'s self-importance is vastly exaggerated here."
4655,949,13,35,109,157,1.3885350318471337,0.0508378932223059,656,You are too polarizing!
165,952,14,26,99,139,1.3884892086330936,0.056402037192727184,656,"I served with Uranus, I knew Uranus, Uranus was a friend of mine. Earth, you are no Uranus."
2975,952,12,30,97,139,1.3884892086330936,0.05452211450759367,656,"That's a circular argument, and you know it!"
4401,952,14,26,99,139,1.3884892086330936,0.056402037192727184,656,All this guy ever does is spin.
2264,955,11,37,104,152,1.388157894736842,0.05031215049456608,656,"As you can see, my opponent is just another global elite."
1474,955,16,27,109,152,1.388157894736842,0.05447021540338579,656,What makes you think you can speak for all of humanity?
2231,955,13,33,106,152,1.388157894736842,0.05201527889831235,656,Thank you for inviting me to speak on the World's stage.
2695,958,8,36,90,134,1.3880597014925373,0.05180010411960731,656,This clearly proves that the U.S.A is moving to the left.
3623,958,7,38,89,134,1.3880597014925373,0.05070532453468877,656,You have no earthly idea what you’re talking about!
4335,958,12,28,94,134,1.3880597014925373,0.05596547318962245,656,I guess we should stop asking for the Moon
2656,961,9,39,99,147,1.3877551020408163,0.04964601147424796,656,‘And our next speaker is a genuine global heavyweight...’
802,961,11,35,101,147,1.3877551020408163,0.05148885680933561,656,"Even as a young man shouting in the street, Buddy always knew he would take on the world someday"
1771,961,12,33,102,147,1.3877551020408163,0.05238597460816988,656,"Hold on folks, she's just getting warmed up."
2396,961,14,29,104,147,1.3877551020408163,0.054135628341037335,656,"Well, that's just one opinion!"
4740,961,15,27,105,147,1.3877551020408163,0.0549895827952393,656,And then we'll extend the wall from Sishmaref to Santiago and the Eskimos will pay for it.
1007,966,11,28,90,129,1.3875968992248062,0.056451595595463214,656,Somebody your size asking the rest of us to cut back? That's a laugh.
966,967,14,34,112,160,1.3875,0.05092501269748487,656,"No, I don't think you revolve around me."
2645,968,10,35,97,142,1.3873239436619718,0.05178715144675474,656,Wait.  We have an earth-shaking announcement.
3562,968,12,31,99,142,1.3873239436619718,0.05368136824544624,656,Six days! And you think you're so special?
4233,968,9,37,96,142,1.3873239436619718,0.05081357037349438,656,Is it me or is it getting suddenly warmer in here?
2504,971,17,38,131,186,1.3870967741935485,0.04765010765577179,656,You look bigger on TV
1203,972,14,30,106,150,1.3866666666666667,0.05333333333333333,656,"if you’re over there, where am I?"
1418,972,12,34,104,150,1.3866666666666667,0.05162822413388333,656,Admit it.. you've never gotten over being third!
4026,974,15,16,88,119,1.3865546218487395,0.06438963666170096,656,My opponent would have you believe he’s not really a Globalist...
2804,975,12,39,112,163,1.3865030674846626,0.04870912088602549,656,"I'm not as worldly as my opponent, but who is?"
2332,976,9,33,90,132,1.3863636363636365,0.053392569830958164,656,"Please, what do YOU know about climate change?"
2556,977,8,40,97,145,1.3862068965517242,0.04911692096372759,656,And that's where the wall will go.
3041,977,15,26,104,145,1.3862068965517242,0.05552449918052616,656,I never called you flat. I said you were fat.
508,979,12,37,109,158,1.3860759493670887,0.049771455051978476,656,What on earth would you know about climate change?
3497,979,13,35,110,158,1.3860759493670887,0.05057492850291102,656,Just cool it!
4064,981,13,28,99,140,1.3857142857142857,0.05514226605075418,656,Ladies and gentlemen let's give a nice global warming welcome to our guest.
4223,981,13,28,99,140,1.3857142857142857,0.05514226605075418,656,You’re the one that squeezed plants into coal in the first place!
4916,981,11,32,97,140,1.3857142857142857,0.053245841709701064,656,Is threatening me with my extinction really the best you can do?
5229,981,10,34,96,140,1.3857142857142857,0.052271835020933924,656,"Hello, world!"
2173,985,11,30,94,135,1.385185185185185,0.05462084515856414,656,Our next speaker is very down-to-earth.
2360,985,13,26,96,135,1.385185185185185,0.05660877462781655,656,"Joining us tonight for the debate on flat-Earth theory, is Round Earth."
4469,987,13,36,112,161,1.3850931677018634,0.04989282908902224,656,"As you can see, my opponent has a completely different world view..."
4423,987,13,36,112,161,1.3850931677018634,0.04989282908902224,656,"... and now, representing the flat-earth deniers ..."
4249,987,11,40,110,161,1.3850931677018634,0.048311643435105724,656,Let's give our next speaker a warming welcome...
1349,987,10,42,109,161,1.3850931677018634,0.04750131724329336,656,Stop circling around the issue.
4606,991,12,26,92,130,1.3846153846153846,0.05714809912591036,656,Who on earth do you think you are?
4481,991,13,29,101,143,1.3846153846153846,0.05428826114589186,656,My opponent knows nothing about the environment.
4339,991,16,23,104,143,1.3846153846153846,0.05694466144392429,656,"I'm not kidding, I really do have the whole world against me!"
2934,991,10,40,106,156,1.3846153846153846,0.04851946857258052,656,"Well I'll tell ya, good people, it's me against the world."
5185,991,18,19,106,143,1.3846153846153846,0.058648790093592106,656,Reports that my opponent is heating up in the poles are ‘fake news.’
2290,991,10,30,90,130,1.3846153846153846,0.055021669049122354,656,My opponent plays the victim card after every environmental disaster.
1483,991,14,32,110,156,1.3846153846153846,0.051816896610283394,656,I'm a little confused about where you and I stand.
398,991,12,36,108,156,1.3846153846153846,0.05019526673346018,656,No one's listening to you.
297,991,15,30,111,156,1.3846153846153846,0.052608970340233714,656,Let's not forget my opponent's infamous 'grab Saturn by the rings' line.
2675,991,16,33,120,169,1.3846153846153846,0.050357974669844395,656,"And now, it is my honor to introduce someone who means the world to me..."
2253,1001,11,36,104,151,1.3841059602649006,0.05048193972714664,656,"Sure, we used to think you were flat, but that doesn’t make us “stupid.”"
2703,1001,12,34,105,151,1.3841059602649006,0.05134906483438445,656,Is Atlas still in the green room?
1563,1003,13,27,98,138,1.3840579710144927,0.05569489637183892,656,Our keynote speaker today on global warming.....
2222,1003,12,29,97,138,1.3840579710144927,0.05473696154403239,656,And my opponent is the worst kind of globalist!
1242,1005,11,26,88,125,1.384,0.057679872936194,656,I’m sick and tired of my opponent’s non-stop spinning.
2595,1006,13,40,119,172,1.3837209302325582,0.04761210032398657,656,Stop! You are clearly ignoring the gravity of the situation!
2453,1007,12,37,110,159,1.3836477987421383,0.04951700650760131,656,It may appear that it's me against the world....
5012,1007,15,31,113,159,1.3836477987421383,0.05187261725779657,656,"Excuse me, but your attitude has completely changed the climate in this room"
3078,1009,11,34,101,146,1.3835616438356164,0.051670510546558066,656,My opponent is tempermental and unpredictable at her core.
2728,1009,12,32,102,146,1.3835616438356164,0.05257675314653358,656,But what gives my opponent the right to think he's speaking for everyone on this issue?
1569,1009,14,28,104,146,1.3835616438356164,0.054343919567976046,656,You're calling ME a globalist?
411,1009,10,36,100,146,1.3835616438356164,0.050748087144762484,656,"And  now we'll hear from the ""earth is round"" perspective"
2128,1009,15,26,105,146,1.3835616438356164,0.05520629407323237,656,"There she goes, playing the mother card again!"
1869,1014,10,31,92,133,1.3834586466165413,0.05413185730941147,656,And now to update us on the real news about global warming is Mother Earth!
4042,1015,13,38,116,167,1.3832335329341316,0.048598069705050075,656,"We all want to save him, but my opponent hasn’t said anything about how much it would cost."
2038,1016,16,27,111,154,1.3831168831168832,0.05387776923898438,656,Please welcome our guest speaker on global warming...
4130,1016,13,33,108,154,1.3831168831168832,0.051460341086106386,656,And I challenge my opponent to provide evidence that he is actually getting warmer.
2571,1018,15,24,102,141,1.3829787234042554,0.05663618090627169,656,One thing I'll say about my opponent. He's very down to Earth
654,1018,11,32,98,141,1.3829787234042554,0.052937590588097806,656,Enough of your global perspective.
1610,1018,10,34,97,141,1.3829787234042554,0.05197183251223053,656,What does this guy know about global warming?
2001,1018,13,28,100,141,1.3829787234042554,0.05481808773078917,656,Please hold on until I can get the other half's opinion.
3504,1018,13,28,100,141,1.3829787234042554,0.05481808773078917,656,My good friend here has an outsize view of his own importance
4992,1018,13,28,100,141,1.3829787234042554,0.05481808773078917,656,"So, what's your worldview?"
49,1024,12,25,91,128,1.3828125,0.0577645976262898,656,"Is it me, or is it getting warmer in here?"
1218,1024,11,27,90,128,1.3828125,0.05668965728300157,656,Behind my opponent's sunny personality is a dark past.
4103,1026,18,21,110,149,1.3825503355704698,0.05681979067217596,656,The USA now defers to “The Paris Climate” representative.
4751,1027,12,28,96,136,1.3823529411764706,0.05528577325439877,656,"No, that podium does not make your look flat."
5044,1028,14,32,111,157,1.3821656050955413,0.0515440441747169,656,*I* am getting heated?
60,1028,13,34,110,157,1.3821656050955413,0.050745730584523654,656,What on Earth is going on...?
4684,1030,12,31,101,144,1.3819444444444444,0.053068734455489354,656,How can you possibly expect us to believe that you're warming when you won't even admit you're flat?
2550,1030,11,33,100,144,1.3819444444444444,0.05214561802857595,656,"No matter how cheerful you sound today, we know that you have a dark side as well."
1110,1030,12,31,101,144,1.3819444444444444,0.053068734455489354,656,All the world's on stage.
1353,1033,14,35,116,165,1.3818181818181818,0.04973895437794237,656,"Don't turn this around on me, YOU were the one with oil in the first place."
2041,1033,12,39,114,165,1.3818181818181818,0.048230114271026255,656,Sometimes it feels as though the whole world’s against me.
2380,1033,16,31,118,165,1.3818181818181818,0.051203351869050666,656,...because we’re Americans and we don’t care if the whole world disagrees!
3844,1036,14,22,95,131,1.381679389312977,0.05881788654573585,656,"Hold on, global issues will get their turn."
1885,1037,14,30,108,152,1.381578947368421,0.052751258144464776,656,"You say you're warming. Well, you don't look so hot to me!"
3215,1037,12,34,106,152,1.381578947368421,0.05107267845279518,656,No - let me tell *you* the gravity of the situation
4771,1037,16,26,110,152,1.381578947368421,0.05437804692433624,656,I know my opponent thinks the world of itself...
3932,1040,10,25,83,118,1.38135593220339,0.058864984629132894,656,"And how do you propose to pay for this ""universal "" health care?"
5152,1041,12,29,98,139,1.381294964028777,0.05441194088754569,656,My opponent denies that he is a globalist...….
206,1041,11,31,97,139,1.381294964028777,0.053445251394248806,656,"As is typical, my opponent remains conspicuously silent on the issue of climate change."
1939,1041,12,29,98,139,1.381294964028777,0.05441194088754569,656,This has been blown way out of proportion.
4259,1044,8,40,99,147,1.380952380952381,0.04858766979657162,656,Your Western Hemisphere bias is so blatant and obvious.
276,1045,14,31,110,155,1.3806451612903226,0.051998975000319275,656,"""And now, taking the position that climate change is real..."""
1586,1045,12,35,108,155,1.3806451612903226,0.05036188082231521,656,"Ok, let's talk about the millions of elephants in the room..."
1711,1045,13,33,109,155,1.3806451612903226,0.0511869731525752,656,Wait. I’m just warming up.
3641,1045,9,41,105,155,1.3806451612903226,0.04780122904567369,656,The American people are tired of my opponent’s globalist policies.
4376,1045,10,39,106,155,1.3806451612903226,0.04866975116885572,656,Well of course YOU’D be a globalist!
2872,1050,8,35,91,134,1.3805970149253732,0.05167465545861075,656,Of course my opponent is out of touch...He's four-and-a-half billion years old!
854,1050,11,29,94,134,1.3805970149253732,0.05483550463584951,656,Where in the world is Carmen Sandiego!
749,1050,8,35,91,134,1.3805970149253732,0.05167465545861075,656,"In conclusion, it is clear my opponent is too worldly to understand the plight of the common man."
656,1050,11,29,94,134,1.3805970149253732,0.05483550463584951,656,And once again you are exaggerating your own importance in this debate on the future of Humankind!
169,1050,12,27,95,134,1.3805970149253732,0.05584938154807376,656,This debate is going nowhere — the Earth can’t demand we be replaced by a more intelligent species.
798,1055,15,32,116,163,1.3803680981595092,0.05090158064783768,656,My opponent tries to make it sound as if it's me against the world.
753,1056,16,22,104,142,1.380281690140845,0.057180790738737254,656,Oh . So now she’s going to pull the old Earth card.
792,1056,10,34,98,142,1.380281690140845,0.051674965934241146,656,My opponent is obviously a globalist of the worst kind!
2019,1056,13,28,101,142,1.380281690140845,0.05449745376534689,656,What could YOU possibly know about climate change???
3556,1056,11,32,99,142,1.380281690140845,0.052632615602609276,656,Please stop with your spin.
1577,1060,14,37,120,171,1.3801169590643274,0.04846895589565221,656,"As a matter of fact, I am right and the whole world is wrong!"
4960,1061,10,37,103,150,1.38,0.049760050641262696,656,"Unlike my opponent would have you believe, not all problems have global implications."
4451,1061,10,37,103,150,1.38,0.049760050641262696,656,This debate is pointless. It feels like there’s an ocean between us.
3727,1061,15,27,108,150,1.38,0.05406930675425666,656,"Ladies and Gentlemen, please give a rousing apology to the world's most prominent authority on climate change."
2964,1061,14,29,107,150,1.38,0.05323536864034032,656,Let me finish ! You had more the 4 billion years to develop your arguments
824,1065,8,36,93,137,1.3795620437956204,0.050895150285631574,656,It's not always about You!
2393,1066,12,31,102,145,1.3793103448275863,0.05276725945350817,656,"What do you mean, ""I'll be fine, it's you guys that are screwed""?  
Is that a threat or a promise?"
5218,1066,14,27,104,145,1.3793103448275863,0.054552310230272565,656,"And now, it's just 'me' against the world!"
4512,1068,10,27,87,124,1.3790322580645162,0.056787804140671895,656,There she goes with the overheated rhetoric again.
2289,1069,13,38,118,169,1.378698224852071,0.04812756073534185,656,"As a Flat Earther, I refuse to believe your ""science"" and my own eyes."
4227,1070,12,29,99,140,1.3785714285714286,0.054090496610040256,656,Paper covers rock!
3870,1070,10,33,97,140,1.3785714285714286,0.052155843178719304,656,Round is just an alternative fact.
2769,1070,9,35,96,140,1.3785714285714286,0.0511610892648344,656,"My opponent refuses to debate, claiming that he already represents the entire world."
54,1070,15,23,102,140,1.3785714285714286,0.05686920601061,656,"Hold on just a minute, this has nothing to do with you"
976,1070,14,25,101,140,1.3785714285714286,0.055958302952809354,656,How on earth did you get in here?
1728,1070,12,29,99,140,1.3785714285714286,0.054090496610040256,656,"Not only is my opponent a liberal, she is also under the delusion that she is not flat."
800,1076,15,26,107,148,1.3783783783783783,0.05458008432082376,656,Perhaps my opponent would like to comment on the deadly magma it has been covering up for ages.
2451,1076,11,34,103,148,1.3783783783783783,0.051100596386336745,656,"My opponent, as usual, is trying to put a positive spin on the issue."
4723,1078,12,35,109,156,1.3782051282051282,0.05009746391434592,656,"Unlike you, I can't speak for everybody."
2134,1079,8,38,97,143,1.3776223776223777,0.049427128708019234,656,And my opponent here is going to promise you the world!
2737,1079,15,24,104,143,1.3776223776223777,0.05596867379164746,656,There's another side of her that most of you have never seen!
3573,1079,9,36,98,143,1.3776223776223777,0.05041363018627635,656,SO WHO ARE YOU GOING TO BELIEVE THE WORLD OR ME?
3589,1079,10,34,99,143,1.3776223776223777,0.051381194661064174,656,There are two Americas!
4637,1083,13,31,107,151,1.3774834437086092,0.052100871643257225,656,Stop complaining about your issues. The world doesn't revolve around you.
2135,1083,11,35,105,151,1.3774834437086092,0.05037757819195025,656,"You know, we've had hours of debate about climate change. I think I'll let the world speak for itself."
3092,1083,9,39,103,151,1.3774834437086092,0.048593208815481174,656,"Clearly, my esteemed colleague has no legs to stand on."
4347,1086,10,40,109,159,1.3773584905660377,0.04778281718635245,656,"And with all due respect, what in the world would you know about it?"
2161,1087,14,35,118,167,1.377245508982036,0.04924710288057705,656,"Please proceed, Mother Earth, you have five minutes to rebut Mr. Trump."
1976,1088,7,35,88,130,1.376923076923077,0.05153040636950571,656,Don't feign nationalist priorities when you are so obviously a globalist!
5094,1089,9,34,95,138,1.3768115942028984,0.05163455240521215,656,I want to thank you again for the chance to co-host this Flat Earth Society conference.
2344,1089,12,28,98,138,1.3768115942028984,0.05462130143522385,656,"Of course I can hear you, but I don't believe you!"
4545,1089,7,38,93,138,1.3768115942028984,0.04954345523368963,656,Don't stand there and play the victim to me.
4549,1092,13,29,104,146,1.3767123287671232,0.05336163815809851,656,"Hold on, you’re telling me you’ve never seen ‘An Inconvenient Truth’"
3111,1093,12,34,108,154,1.3766233766233766,0.05052808477117192,656,What on Earth did you just say?
72,1093,10,38,106,154,1.3766233766233766,0.048819283843533665,656,Do you ever feel like the world is closing in on you?
321,1095,14,33,115,162,1.376543209876543,0.05031564511918069,656,I'll show you exactly what on Earth I am talking about.
5121,1096,15,34,121,170,1.3764705882352941,0.04932749348384304,656,"My opponent is a flip-flopper. Take the magnetic poles, for example."
2904,1097,12,23,90,125,1.376,0.058655912992913666,656,Can we please have a debate where you don't completely take over the stage!?
3430,1098,13,24,96,133,1.3759398496240602,0.05708166670160755,656,We will pick up with our lecture about Asia in about 16 hours.
3203,1099,13,27,101,141,1.375886524822695,0.05470655539199117,656,What more evidence do you need that my opponent doesn't have a point?!
5114,1099,10,33,98,141,1.375886524822695,0.05185417856909744,656,And now let's hear from my opponent... a supposed expert on global warming.
4616,1101,12,32,105,149,1.3758389261744965,0.051704582710914736,656,And you misled the people indicating that you were a small world after all.
5170,1101,12,32,105,149,1.3758389261744965,0.051704582710914736,656,That's a circular argument!
736,1101,11,34,104,149,1.3758389261744965,0.050819968041534797,656,We have nothing to fear but hemisphere itself!
714,1101,11,34,104,149,1.3758389261744965,0.050819968041534797,656,I’d like to speak for the eastern hemisphere...
3162,1101,11,34,104,149,1.3758389261744965,0.050819968041534797,656,I'd say your connection to South America raises questions of collusion.
4236,1106,10,39,108,157,1.375796178343949,0.048169169422016364,656,You can't just roll in here and say that.
1441,1107,11,40,114,165,1.3757575757575757,0.0473632275643799,656,My opponent naively perceives herself as an expert on global climate change.
2336,1107,9,44,112,165,1.3757575757575757,0.04577614734007717,656,My opponent has a limited world view.
2377,1109,10,28,90,128,1.375,0.05545978183850711,656,Don't worry - I have asked them to turn the AC up!
3791,1109,10,43,115,168,1.375,0.04600329453495233,656,I don’t understand where you’re coming from!
2345,1109,10,43,115,168,1.375,0.04600329453495233,656,"Madame speaker, be assured that my opponent will soon reveal another side."
2536,1109,10,31,95,136,1.375,0.053154827907232416,656,"As we all know now, my opponent takes a world view."
3369,1109,14,35,119,168,1.375,0.049004562091589224,656,All this stage is a world.
2416,1109,11,32,101,144,1.375,0.052032317672405126,656,You need to see the big picture!
2162,1109,12,27,97,136,1.375,0.05516611871062502,656,"Unlike my opponent, I can promise I will never change my position."
501,1109,14,29,109,152,1.375,0.05265063701656668,656,"In last night's debate, Mr. President repeatedly insisted the whole world was against him."
1375,1109,8,41,103,152,1.375,0.04742635684728697,656,I too am a globalist.
1018,1109,14,23,99,136,1.375,0.057106615880667,656,...and the United Nations will pay for the fence.
418,1109,10,34,100,144,1.375,0.051090478420513785,656,I find my challenger's Earth First campaign to be nothing more than thinly veiled self-serving platform.
323,1109,11,35,106,152,1.375,0.05010663080898807,656,To kick off our Global forum today I'd like to introduce our first speaker...
282,1109,9,42,109,160,1.375,0.046707641490284064,656,And here to give us the big picture is...
1524,1109,8,38,98,144,1.375,0.04915268854281311,656,"Well, one thing my distinguished opponent and I agree on is that it is too warm in here."
670,1123,14,30,111,155,1.3741935483870968,0.051900122489589265,656,There you globe again . . .
1658,1123,12,34,109,155,1.3741935483870968,0.05025980852840191,656,Sometimes I feel like it's me versus the world up here!
3186,1123,12,34,109,155,1.3741935483870968,0.05025980852840191,656,"My opponent yet again advocates turning his back on Europe."""
773,1126,14,27,106,147,1.3741496598639455,0.053930312870663036,656,...and my opponent continues to insist that global warming is real.
3900,1126,10,35,102,147,1.3741496598639455,0.05035600069371465,656,Your isthmus is showing!
3915,1126,12,31,104,147,1.3741496598639455,0.052173774313312785,656,Why on earth would you say that?
4747,1126,16,23,108,147,1.3741496598639455,0.05563141708206532,656,I know you collided with other planets.
4876,1126,8,39,100,147,1.3741496598639455,0.048470103008290424,656,"Folks, are you hearing this spin?"
299,1131,12,28,99,139,1.3741007194244603,0.05429463645903287,656,Why is it always all about you?!?
3771,1131,11,30,98,139,1.3741007194244603,0.053325820515611654,656,The climate of these debates sure is changing.
4431,1133,13,23,95,131,1.3740458015267176,0.05768674173297476,656,Our next speaker has a first-hand experience of climate change.
1750,1133,14,21,96,131,1.3740458015267176,0.05869582594923793,656,I told Atlas not to shrug
4032,1135,11,24,88,123,1.3739837398373984,0.05818157634653926,656,... He'll never bring jobs to Smallville.  My  opponent only thinks globally.
1564,1136,14,31,113,158,1.3734177215189873,0.05117673365721463,656,You think I'm angry now?  I'm just getting warmed up.
2818,1136,11,37,110,158,1.3734177215189873,0.04875634422894257,656,Larry’s worst fears are confirmed that it’s always been him against the world.
1935,1138,11,34,105,150,1.3733333333333333,0.05054217603683485,656,"Certainly a speaker that should need no introduction, however ..."
4595,1138,13,30,107,150,1.3733333333333333,0.0522827167978516,656,And YOU need to stop circling around the issue here!
5109,1138,13,30,107,150,1.3733333333333333,0.0522827167978516,656,"From where I’m standing, you still look pretty flat."
4558,1141,14,25,103,142,1.3732394366197183,0.05529513708775518,656,"Back off, I'm warming you."
699,1141,12,29,101,142,1.3732394366197183,0.05345813262563093,656,"I may  have the whole world against me in this debate, but..."
5249,1143,8,31,87,126,1.373015873015873,0.05372963119011379,656,One more globalist?
732,1144,18,24,119,161,1.3726708074534162,0.053466681283620726,656,"Yes, but can you *prove* you're round?"
3204,1144,12,36,113,161,1.3726708074534162,0.048916740469572464,656,Small wonder you call yourself a Globalist.
3756,1146,11,35,107,153,1.3725490196078431,0.049838363557016194,656,"Like I've been saying all along, it's me against the world!"
5003,1146,10,37,106,153,1.3725490196078431,0.04896798106963177,656,"At times like this, I feel that the whole world is against me."
5246,1146,10,37,106,153,1.3725490196078431,0.04896798106963177,656,"Unlike my opponent, I promise to keep my cool."
5153,1149,8,38,99,145,1.3724137931034484,0.048880991206815896,656,"With all due respect, I think you are taking a very one-sided view of the world."
3692,1149,8,38,99,145,1.3724137931034484,0.048880991206815896,656,"Folks, sometimes it's easy to feel like it's you versus the whole world."
3311,1151,10,31,96,137,1.3722627737226278,0.052836359645692395,656,I implore you to take into account the gravity of the situation.
3722,1151,11,29,97,137,1.3722627737226278,0.05384257708881259,656,"You're only half right."""
1468,1151,10,31,96,137,1.3722627737226278,0.052836359645692395,656,How does my opponent KNOW she's not just having another hot flash?
198,1154,10,28,91,129,1.372093023255814,0.05510491165935244,656,The last thing we need is another polarizing President.
1996,1154,12,24,93,129,1.372093023255814,0.057260801173233164,656,Why are you even running? You won't be around for much longer!
2817,1156,13,35,116,164,1.3719512195121952,0.049048623376205545,656,And with his other face he kisses up to Russia.
2640,1157,10,38,108,156,1.3717948717948718,0.04831139405491481,656,"North America is going to speak on behalf of the world again, huh?"
610,1158,14,27,107,148,1.3716216216216217,0.053624302869047555,656,My opponent would like you to think it’s me against the world
3322,1158,14,27,107,148,1.3716216216216217,0.053624302869047555,656,My opponent would have you believe the Earth is round.
4798,1158,11,33,104,148,1.3716216216216217,0.0509880365195566,656,"On the contrary, I do think you should revolve around me!"
643,1161,15,22,103,140,1.3714285714285714,0.05675614263595042,656,"Though he scored some rhetorical points, Morris was no match for his opponent in the Flat Earth Society Debate."
4118,1162,9,41,109,159,1.371069182389937,0.046835585805270565,656,I'm not afraid to take on the world.
1154,1162,15,29,115,159,1.371069182389937,0.05168405047132925,656,"And are the allegations true that you have taken explicit, unauthorized pictures of Uranus?"
2623,1162,13,33,113,159,1.371069182389937,0.050120036725075263,656,"I understand you have serious  injuries, but a globe is not a person. Now if you were a corporation, you would have a case."
1951,1165,12,32,107,151,1.3708609271523178,0.05113795050091042,656,You're always shifting your position!
2321,1165,8,40,103,151,1.3708609271523178,0.047559321887841885,656,My opponent is well rounded but nevertheless lacks good judgment.
4648,1165,14,28,109,151,1.3708609271523178,0.05283644975710109,656,There you spin again
4954,1165,11,34,106,151,1.3708609271523178,0.050267183735345784,656,Atlas ... Atlas? We can't hear you down there.  Can't you get closer to the mike?
5064,1165,10,36,105,151,1.3708609271523178,0.04938106458889338,656,Why blame me? Who created fossil fuels to begin with?
2790,1170,6,41,96,143,1.3706293706293706,0.047261582839354895,656,I’m not going to make my opponent’s age an issue in this campaign.
1713,1170,11,31,101,143,1.3706293706293706,0.05221228297708195,656,Hold on! You'll get your turn.
3983,1172,14,32,116,162,1.3703703703703705,0.050219126376369216,656,As soon as the world stepped on stage Jon felt the temperature in the room rise dramatically
3935,1172,11,38,113,162,1.3703703703703705,0.04787396939570777,656,And what experience do you have?
1148,1174,17,23,114,154,1.37012987012987,0.05446789365183454,656,NO - the whole world is NOT a stage
1679,1174,18,21,115,154,1.37012987012987,0.05524159552991905,656,"Unfortunately, this simulation developed
 a fatal virus called Homo Sapiens."
2251,1174,10,37,107,154,1.37012987012987,0.0487090789699647,656,Enough with the circular reasoning!
3926,1177,6,35,86,127,1.3700787401574803,0.050990868713926385,656,No need to get so heated.
4273,1178,15,24,107,146,1.36986301369863,0.05499490991187379,656,Turn sideways so we can see if you’re really round
4597,1178,12,30,104,146,1.36986301369863,0.05235475319726407,656,"No really, I feel like the world is against me."
738,1180,13,25,100,138,1.3695652173913044,0.055460419541088185,656,Nobody knows more about the world than I do.
4883,1181,14,30,113,157,1.3694267515923566,0.051346895634626404,656,Mother I'm not going to get into a debate with you.
4365,1181,15,28,114,157,1.3694267515923566,0.05213600491638502,656,My opponent acts as if the moon revolves around her.
4268,1181,11,36,110,157,1.3694267515923566,0.04890322831193146,656,"Trust me, I'm just warming up."
1619,1181,13,32,112,157,1.3694267515923566,0.05054546838229031,656,"There you go again...rotating your position."""
5019,1185,12,41,123,176,1.3693181818181819,0.04593696916181256,656,"If we were on the radio and not TV, I would be winning this debate!"
4838,1186,14,20,96,130,1.3692307692307693,0.05894972392572914,656,And now  a speech about Global Warming from the only opinion that counts.
3499,1187,13,29,107,149,1.3691275167785235,0.05246421157468863,656,"Look, I didn't call you a loser, a terrible, very bad planet...maybe the worst planet in the solar system, and far from the biggest. That was fake news and this debate about climate change is over!"
4664,1187,11,33,105,149,1.3691275167785235,0.05070605538808242,656,"My opponent acts like the world revolves around him... oh."""
2470,1189,12,38,118,168,1.369047619047619,0.047431552750122945,656,"Next, you'll deny you're a globalist."
5091,1189,14,34,120,168,1.369047619047619,0.04891139126161839,656,"Maybe it's time you took some responsibility for your own 
well-being."
3546,1191,9,27,86,122,1.3688524590163935,0.056065288542404404,656,What credentials does my esteemed opponent have regarding climate change?
4235,1192,7,38,96,141,1.3687943262411348,0.04870287842148597,656,This candidate claims to represent all of you . . .
2545,1192,11,30,100,141,1.3687943262411348,0.05269951476923594,656,"Unlike my opponent, I speak for more than just half of the world."
302,1194,11,34,107,152,1.368421052631579,0.049994954892136505,656,"Like you, I am just warming up..."
435,1194,9,31,93,133,1.368421052631579,0.05280218418878774,656,"No, YOU'RE polarizing the issue!"
2540,1194,9,38,105,152,1.368421052631579,0.04822052222016484,656,"Now, if you could please rotate, so that I may debate Eurasia."
2678,1194,12,32,108,152,1.368421052631579,0.05085896076806368,656,It only looks round!
3279,1194,10,29,94,133,1.368421052631579,0.053870138496753574,656,"Welcome to the climate change conference. 
The first to speak is Mother Earth."
409,1199,13,41,128,182,1.3681318681318682,0.04554567488637074,656,"Yeah?!  Well, I'm freezing!"
4881,1200,11,38,114,163,1.3680981595092025,0.04763358277080807,656,"And what would YOU know about ""climate change""?"
4008,1200,13,34,116,163,1.3680981595092025,0.049197956580139424,656,"Did it get warmer all of the sudden, or is it just me?"
1567,1202,14,25,105,144,1.3680555555555556,0.05464667873417526,656,"Please, the whole world is always against me."
2196,1202,13,27,104,144,1.3680555555555556,0.05375066882887194,656,Stop orbiting the question.
2390,1202,11,31,102,144,1.3680555555555556,0.051912274129543495,656,"No, Mr. President, I AM the real world."
862,1205,13,31,111,155,1.367741935483871,0.05098062656312006,656,"Well, size isn't everything!"
3547,1205,12,33,110,155,1.367741935483871,0.05015213957755869,656,Our expert on Climate Change will now speak
538,1207,11,28,97,136,1.3676470588235294,0.05404027338008891,656,"I have recently uncovered a sibling of my opponent that he refuses to acknowledge.  Pluto, come on out here…."
2254,1207,11,28,97,136,1.3676470588235294,0.05404027338008891,656,And now I let her tell you more about the gravity of the situation.
4985,1209,10,34,103,147,1.3673469387755102,0.050236262834107495,656,You're getting too heated.
4761,1209,12,30,105,147,1.3673469387755102,0.05205821763918388,656,And now we'll hear the anti flat-earth perspective.
4927,1209,9,36,102,147,1.3673469387755102,0.04930004202251735,656,My opponent is a master of spin: in the last debate he was flat as a pancake.
1834,1209,12,30,105,147,1.3673469387755102,0.05205821763918388,656,What on earth is your point?!?
4149,1209,10,34,103,147,1.3673469387755102,0.050236262834107495,656,I object to my opponent's description of me as small and insignificant!
4674,1214,13,32,113,158,1.3670886075949367,0.050278936833781984,656,Small world.
4727,1214,15,28,115,158,1.3670886075949367,0.05185771687321313,656,"Atlas, your rebuttal. Atlas?"
4797,1214,9,40,109,158,1.3670886075949367,0.046962419750281696,656,Have you ever felt that the whole World was against you?
655,1217,9,33,97,139,1.3669064748201438,0.05120168393636622,656,Just admit that you're nothing but a shameless globalist!
1043,1217,9,33,97,139,1.3669064748201438,0.05120168393636622,656,Even my opponent is warming to me!
4023,1217,14,23,102,139,1.3669064748201438,0.056061881084174335,656,"As you can see, the blue wave is coming"
2415,1220,10,35,105,150,1.3666666666666667,0.049531737202582964,656,Our final climate change panelist has dire warnings.....
130,1220,11,33,106,150,1.3666666666666667,0.050426961527725585,656,And to all my detractors who say I have no world view.....
4816,1222,15,29,117,161,1.3664596273291925,0.051143326335997275,656,"No,  I don't think you look flat."
258,1223,9,34,99,142,1.3661971830985915,0.050448862499004606,656,I believe we can find some common ground.
543,1223,7,38,97,142,1.3661971830985915,0.04842837479938162,656,I'm not sure you're grasping the gravity of what I'm saying.
2618,1223,11,30,101,142,1.3661971830985915,0.052391487564083974,656,"Sure, my opponent has a lot of experience in world affairs..."
2691,1223,13,26,103,142,1.3661971830985915,0.05426461287903617,656,And now it's my pleasure to introduce EVERYBODY'S mother!
2317,1227,15,26,112,153,1.3660130718954249,0.05307181916923423,656,My hands are not small!
3445,1227,12,32,109,153,1.3660130718954249,0.05058280393488865,656,"Next thing you know, he’ ll be mooning me!"
273,1227,9,38,106,153,1.3660130718954249,0.04796480082204944,656,My opponent will literally turn its back on you.  Wait for it.  Wait for it.
1234,1227,11,34,108,153,1.3660130718954249,0.049725453662182735,656,"I refuse to sugarcoat facts while my opponent wraps himself in the earth’s mantle, concealing his molten core."
4702,1227,9,38,106,153,1.3660130718954249,0.04796480082204944,656,While I think the world of my opponent...
4754,1232,13,34,117,164,1.3658536585365855,0.04894853591610554,656,"Excuse me, but did my opponent just say, “Earth to Mr. Johnson?”"
247,1232,5,35,83,123,1.3658536585365855,0.05067621197044074,656,"Fine, you can have Florida, but New York stays afloat!"
4784,1232,15,30,119,164,1.3658536585365855,0.05045386572409241,656,Where’s Waldo?
313,1235,13,23,98,134,1.3656716417910448,0.056594172162516575,656,And a round of applause for Earth stepping in last minute for Pluto at this year's planet summit.
2058,1236,12,29,104,145,1.3655172413793104,0.05253514888288017,656,Would you stop spinning for a moment and pay attention!
3724,1236,12,29,104,145,1.3655172413793104,0.05253514888288017,656,"""I would ask the audience to hold their applause until I've had a chance to introduce everyone."""
4736,1236,13,27,105,145,1.3655172413793104,0.053439005499348616,656,”...And our next guest is hotter than ever...
2255,1239,17,23,116,156,1.3653846153846154,0.05387125729375664,656,Our next speaker is the hottest thing right now.
2309,1239,9,39,108,156,1.3653846153846154,0.047332953371829536,656,...a planet that needs no introduction...
2773,1239,9,39,108,156,1.3653846153846154,0.047332953371829536,656,It is a small world after all.
4850,1239,11,35,110,156,1.3653846153846154,0.04904930628232548,656,And unlike my opponent I promise to think locally and act purely for personal gain.
2081,1243,10,30,97,137,1.364963503649635,0.05270272805985026,656,And please welcome our guest speaker to this annual meeting of the Flat Earth Society
463,1244,12,30,106,148,1.364864864864865,0.0517648172887719,656,My opponent thinks the world revolves around him
2304,1244,15,24,109,148,1.364864864864865,0.05436342795493715,656,Let's stop talking about revolution.
2423,1244,8,38,102,148,1.364864864864865,0.04808203048448556,656,I know our audience will appreciate the gravity of your situation
2698,1244,15,24,109,148,1.364864864864865,0.05436342795493715,656,Looks like we're going to need a bigger wall!
1461,1248,8,42,109,159,1.3647798742138364,0.04586333912777466,656,Our core values are fundamentally different
3429,1249,9,44,117,170,1.3647058823529412,0.04469342343842804,656,He has a dark side that will chill you.
1654,1250,12,27,101,140,1.3642857142857143,0.05384564964970519,656,"Now listen--hey, don't you turn your back on me!"
1137,1250,7,37,96,140,1.3642857142857143,0.0488413694689733,656,It seems my opponent is overly focused on global issues.
3696,1250,10,31,99,140,1.3642857142857143,0.05190187029733303,656,My opponent’s argument is at least two-thirds under water
28,1250,15,21,104,140,1.3642857142857143,0.05663637307380496,656,George faced an unexpected challenge to his claim to be the World's best debater.
757,1250,9,33,98,140,1.3642857142857143,0.0509021533674399,656,And what so-called proof do have that the world is not flat?
774,1255,10,35,106,151,1.3642384105960266,0.04926250243801632,656,"Atlas, get back here !"
3742,1255,13,29,109,151,1.3642384105960266,0.05188154593598016,656,It's not fair I only get 15 minutes. You've had four and a half billion years.
5161,1257,14,28,112,154,1.3636363636363635,0.051969268225002675,656,"Ladies and gentlemen, when I speak the world listens."
5020,1257,8,36,99,143,1.3636363636363635,0.04916865703850783,656,My opponent likes to tout his worldliness as a strength
4630,1257,11,30,102,143,1.3636363636363635,0.05208681218589799,656,"And now, for the right hemisphere point of view."
3667,1257,11,30,102,143,1.3636363636363635,0.05208681218589799,656,"And unlike my opponent, I do not try to be all things to all people."
3320,1257,10,32,101,143,1.3636363636363635,0.0511326016104156,656,I am afraid that my esteemed opponent and I are worlds apart!
3304,1257,12,28,103,143,1.3636363636363635,0.05302385368801995,656,My opponent continues to hide his Russia connections!
2194,1257,8,40,106,154,1.3636363636363635,0.04681356868366891,656,"Hold on, I didn't interrupt you on the climate change questions."
1292,1257,16,24,114,154,1.3636363636363635,0.053577697930104286,656,"And we at Fox News demand this is a flat disc and not a globe, and if it's not a globe then how can there be 'global warming' eh?"
1277,1257,9,30,93,132,1.3636363636363635,0.05298484552470894,656,Really?  Do you know how many times I shovelled my driveway last winter?
344,1257,12,32,110,154,1.3636363636363635,0.050309442097831336,656,Our next speaker is internationally known...
11,1257,14,28,112,154,1.3636363636363635,0.051969268225002675,656,Warming Schwarming— you’re only having hot flashes!
2430,1257,11,30,102,143,1.3636363636363635,0.05208681218589799,656,Can you believe SHE is running as a #MeToo candidate?
314,1269,11,35,111,157,1.3630573248407643,0.04879142502000183,656,"I know Neptune. You sir, you're no Neptune."
5088,1269,8,41,108,157,1.3630573248407643,0.04621282509756506,656,"That's right China, I'm speaking to you.  Don't you dare turn your back on me."
4822,1271,11,31,104,146,1.3630136986301369,0.05132181661148059,656,Clearly my opponent is too worldly.
3422,1271,9,35,102,146,1.3630136986301369,0.04944676165051988,656,Why is every one on your side!?
4865,1271,14,25,107,146,1.3630136986301369,0.05401248739107584,656,"Unlike my opponent, I will not forget the good people in Hawaii."
5039,1274,9,31,95,135,1.362962962962963,0.052158926470433443,656,Let's see who revolves around who.
3103,1274,12,25,98,135,1.362962962962963,0.05524697791815144,656,"....while my opponent, though very worldly, has a decidedly western view of things."
1565,1276,8,29,87,124,1.3629032258064515,0.05411796303756525,656,Whoa!... Who do you think you are? My Mother?...
5105,1276,10,25,89,124,1.3629032258064515,0.05648906629125922,656,Can you be more Pacific in your response?
529,1278,13,36,122,171,1.3625730994152048,0.047475109925925935,656,My opponent clearly thinks he's the center of the universe.
3257,1278,11,40,120,171,1.3625730994152048,0.046003121233998294,656,You are clearly biased when it comes to climate change.
2644,1280,11,32,106,149,1.3624161073825503,0.050585870209866476,656,"I know Atlas, Atlas is a friend of mine, and , you sir, are no Atlas"
4907,1280,14,26,109,149,1.3624161073825503,0.05320727797577198,656,"See, I told you it was all just spin."
1519,1282,11,28,99,138,1.3623188405797102,0.0533863612121362,656,"""It's obvious that my opponent has a globalist agenda!"
3110,1282,8,34,96,138,1.3623188405797102,0.05032637474606823,656,...But my opponent is all spin!
2677,1284,11,24,92,127,1.3622047244094488,0.05664150761389335,656,Sheer hubris -- My opponent believes that he represents the whole world!
3485,1285,16,23,113,152,1.361842105263158,0.054068800414110434,656,Cool down!
1984,1285,12,31,109,152,1.361842105263158,0.05074329192374302,656,"My opponent happens to be all wet, or at least seventy-one percent."
980,1287,11,29,101,141,1.3617021276595744,0.052569822094079094,656,What makes you think you’re a Global Expert? Fake News!
2378,1287,11,29,101,141,1.3617021276595744,0.052569822094079094,656,Our next speaker literally means the world to me!
4467,1289,8,40,107,155,1.3612903225806452,0.04656969583754549,656,"I'll give you that point.  However, ice caps aren't everything."
2331,1290,12,28,104,144,1.3611111111111112,0.05271486455947329,656,My opponent is not healthy enough to survive her term in office.
3208,1290,10,32,102,144,1.3611111111111112,0.05083902783564432,656,"And I remind my opponent, all politics is local."
3533,1290,12,28,104,144,1.3611111111111112,0.05271486455947329,656,My opponent is just spinning as usual.
3832,1290,14,24,106,144,1.3611111111111112,0.05452620599100772,656,Many of you scoffed when I promised you the world...
3571,1290,11,30,103,144,1.3611111111111112,0.05178544050598117,656,And our next speaker deserves our undivided attention!
1584,1295,12,33,113,158,1.360759493670886,0.049359645678359224,656,My opponent is a unapologetic globalist!
21,1295,14,29,115,158,1.360759493670886,0.050966910163949136,656,"Global warming!, what makes you an expert?"
4504,1297,12,29,106,147,1.3605442176870748,0.051936301271262184,656,The Flat Earth Society begs to differ.
447,1298,10,29,97,136,1.3602941176470589,0.052882895783139136,656,I'm not sure you fully comprehend the gravity of this predicament.
4120,1298,9,31,96,136,1.3602941176470589,0.0518427256665457,656,"As you can see, my opponent is a globalist."
2660,1300,13,32,116,161,1.360248447204969,0.049494961026426164,656,I challenge you to think out of your hemisphere
379,1301,14,26,110,150,1.36,0.05290656996455043,656,"Earth, please, wait your turn."
129,1302,8,34,97,139,1.3597122302158273,0.050030950950679824,656,"I believe you are not seeing the big picture, Sir"
2185,1302,9,32,98,139,1.3597122302158273,0.05106231944971402,656,Our next presenter will provide a worldview on this topic...
3882,1302,6,38,95,139,1.3597122302158273,0.047901641140139506,656,"You are on a roll, but I'll have to stop you here."
44,1305,13,29,111,153,1.3594771241830066,0.051310968990878336,656,My opponent is older than dirt!
1371,1305,9,37,107,153,1.3594771241830066,0.04784159582163687,656,"Now take my opponent here, who pretends to speak for the whole world."
280,1307,9,42,116,167,1.3592814371257484,0.04512250508407338,656,Enough about you.
3847,1308,9,38,109,156,1.358974358974359,0.047212381096072564,656,"I don't care if you're representing seven billion constituents, I deserve equal time."
2438,1309,7,33,91,131,1.3587786259541985,0.05090917648278907,656,I told you we're trying to turn the heat down. Just be patient.
4208,1310,9,30,95,134,1.3582089552238805,0.052330906193994005,656,Nobody cares about your inflated world view!
4962,1311,12,29,107,148,1.3581081081081081,0.051641678388543166,656,What makes you think you're the expert on climate change?
5027,1311,12,29,107,148,1.3581081081081081,0.051641678388543166,656,And we can't ignore my opponent's blatant conflict of interest with regards to the issue of climate-change!
1,1311,10,33,105,148,1.3581081081081081,0.04982976640594712,656,I knew Atlas would be a noshow.
1527,1311,10,33,105,148,1.3581081081081081,0.04982976640594712,656,Let's talk about your global presence...
5024,1315,8,28,87,123,1.3577235772357723,0.054309278283659695,656,You have been accused of warming! How do you respond?
4662,1316,12,25,100,137,1.3576642335766422,0.054565328583678976,656,I have 7.7 billion constituents and counting.  What's your base?
4364,1316,16,17,104,137,1.3576642335766422,0.058367318863109974,656,And making her final appearance ...
2435,1316,14,21,102,137,1.3576642335766422,0.05649831411074497,656,"Accept it, you're flat. But here you are, being bipolar"
1339,1316,8,33,96,137,1.3576642335766422,0.050477779820647356,656,"Sure, but can you prove you aren't flat?"
1084,1316,10,29,98,137,1.3576642335766422,0.0525613039177426,656,What do you mean that humans are a virus that will soon run its course?
884,1316,11,27,99,137,1.3576642335766422,0.05357268778481325,656,"Welcome to the first International meeting of the Flat Earth Society, I would now like to introduce to you our guest speaker..."
158,1322,12,30,109,151,1.3576158940397351,0.05090299033265068,656,She's had her 4.5 billion years.
3089,1322,8,38,105,151,1.3576158940397351,0.047306590891795626,656,Size matters? Is that all you've got?
4837,1324,9,32,99,140,1.3571428571428572,0.050761344927936734,656,That question came out of the blue.
4533,1324,8,34,98,140,1.3571428571428572,0.049738709432133044,656,My opponent has the gall to assert that her health is more important than corporate profits
3600,1324,13,29,112,154,1.3571428571428572,0.051030108091233976,656,The next speaker is here to warm up the crowd.
2273,1324,11,28,101,140,1.3571428571428572,0.05274717039548742,656,Excuse me but I also know a thing or two about climate change.
2143,1324,14,32,122,168,1.3571428571428572,0.048711450497690836,656,There you rotate again.
394,1324,12,31,111,154,1.3571428571428572,0.05019152810962632,656,My opponent lacks a solid core.
331,1324,12,36,120,168,1.3571428571428572,0.04722534712132417,656,"While I appreciate the global perspective, we still need a wall."
243,1331,11,34,112,157,1.356687898089172,0.04867402231782082,656,"You may have more real world experience, but I'm a man of the people."
2508,1331,11,34,112,157,1.356687898089172,0.04867402231782082,656,"And now, here to refute the ""flat earth""  propoents, I present...."
4417,1331,16,24,117,157,1.356687898089172,0.05270158475070987,656,Our new head of global marketing needs no introduction.
4825,1331,18,20,119,157,1.356687898089172,0.05422891912893405,656,"Yes, ma'am, it does seem to be getting warmer in here."
4969,1331,13,30,114,157,1.356687898089172,0.050323742738909376,656,"Oh let me guess, your position on day light saving has changed... again."
2004,1336,12,27,104,143,1.3566433566433567,0.05289379743701177,656,"Only one of the candidates could truly be described as ""well-rounded""."
4250,1336,9,33,101,143,1.3566433566433567,0.05002274121426201,656,It only *looks* like it’s me against the world
877,1336,10,31,102,143,1.3566433566433567,0.050997722447463895,656,"Going once, going twice..."
4220,1339,10,26,93,129,1.3565891472868217,0.05480591373015222,656,Let me stop you right there.
4089,1340,12,33,115,160,1.35625,0.048844248517174955,656,Don't let my opponent fool you. He is a globalist.
3107,1341,11,30,105,146,1.356164383561644,0.0511924190879219,656,You're flat wrong!
1059,1342,9,29,94,132,1.356060606060606,0.05283165596524971,656,What goes around comes around!
1122,1342,11,25,96,132,1.356060606060606,0.05497731090221102,656,"Unfortunately, our guest speaker, Atlas, was hospitalized with a neck injury."
1327,1342,8,31,93,132,1.356060606060606,0.05172546230848569,656,I think it’s fair to point out that my opponent is a Globalist.
3146,1342,9,29,94,132,1.356060606060606,0.05283165596524971,656,"As usual, my opponent continues to go round in circles."
1765,1346,14,35,128,177,1.3559322033898304,0.04691848349043137,656,Stop whining!  You’ll still be here when the rest of us are gone.
3091,1347,13,32,118,163,1.3558282208588956,0.04898498765704616,656,"Unlike my opponent, I have a global view."
2468,1348,8,37,104,149,1.3557046979865772,0.04768714315883814,656,"Sure, but next to Neptune you don't act so tough."
1637,1348,9,35,105,149,1.3557046979865772,0.048628781027481326,656,"Let me remind my friend, all politics is local."
1178,1350,12,24,99,135,1.3555555555555556,0.05510597525954264,656,And now let’s hear from the America’s with their side of the story.
4560,1350,9,30,96,135,1.3555555555555556,0.052009552495332005,656,"""Your oceans are as dirty as your politics! """
1986,1352,9,36,107,152,1.355263157894737,0.04797021006936673,656,"If you want to recover from climate change, you first have to admit you have a problem!"
527,1353,10,29,99,138,1.355072463768116,0.05224336268908296,656,"No, you don't speak for the whole world!"
1254,1354,11,33,111,155,1.3548387096774193,0.04907347285520419,656,"Oh, so you think you can speak for everybody?"
3576,1354,13,29,113,155,1.3548387096774193,0.05075214378913674,656,There's a whole other side to you.
2797,1356,11,28,102,141,1.3546099290780143,0.052432956925393674,656,It was ever thus -- one man against the world!
2214,1356,12,26,103,141,1.3546099290780143,0.053390374549481354,656,This is why I feel the world is always against me!
3796,1356,12,26,103,141,1.3546099290780143,0.053390374549481354,656,Of course you can take a bathroom break.  You are 70% water.
5196,1359,9,21,80,110,1.3545454545454545,0.06000606535420692,656,"And in a minute, the Eastern Hemisphere’s rebuttal.”"
4248,1360,16,24,118,158,1.3544303797468353,0.052415605885193284,656,As for my opponent’s more heated perspective . . .
412,1361,11,23,93,127,1.3543307086614174,0.056484918904357195,656,"It may be me against the world, but that doesn't mean I'm wrong!"
3767,1361,11,23,93,127,1.3543307086614174,0.056484918904357195,656,I am really a much more down-to-earth candidate than my opponent
1129,1363,12,27,105,144,1.3541666666666667,0.05258355359596866,656,My opponent has shown he is not capable of carrying the weight of the World on his shoulders.
5096,1363,15,21,108,144,1.3541666666666667,0.05528476643846295,656,"And now, to kick off our Flat Earth debate..."
5119,1363,9,33,102,144,1.3541666666666667,0.0497358504240635,656,And now to explain the effects of global warming ....
1451,1366,14,29,118,161,1.3540372670807452,0.05016273044284242,656,"Don't think you're going to win this debate by ""going global"" on me again!"
1694,1366,10,37,114,161,1.3540372670807452,0.04696531187238183,656,Stop playing the victim card!
2112,1366,10,37,114,161,1.3540372670807452,0.04696531187238183,656,I can see my house from here!
3621,1366,12,33,116,161,1.3540372670807452,0.04859032848598247,656,Let me tell you what the world needs...
67,1370,14,35,129,178,1.353932584269663,0.0466969845533415,656,Don't everybody talk at once!
1075,1371,13,20,97,130,1.353846153846154,0.057643589049967504,656,You're here to tell me the whole world thinks I have small hands!?!?
3852,1371,7,32,91,130,1.353846153846154,0.05106094253243229,656,"Again, we see my opponent going global when I'm trying to talk specifics..."
4024,1373,13,26,108,147,1.3537414965986394,0.052699665882470895,656,This is not about you!
471,1374,8,31,94,133,1.3533834586466165,0.051404835705884916,656,You are so bipolar about climate change!
2055,1375,9,35,106,150,1.3533333333333333,0.04836167494288357,656,I'm detecting a change in the climate of this debate.
4370,1375,13,27,110,150,1.3533333333333333,0.051930659900804595,656,"You are fake news, the world is flat."
4286,1377,7,34,95,136,1.3529411764705883,0.04953972434414954,656,"Is it getting warmer up here, or is it just you?"
3873,1377,14,26,113,153,1.3529411764705883,0.052023542138572236,656,"Chill, Dude!"
3580,1377,11,32,110,153,1.3529411764705883,0.04948182495247411,656,Who in the world are you?
2954,1377,7,34,95,136,1.3529411764705883,0.04953972434414954,656,It's my turn.
1696,1377,9,30,97,136,1.3529411764705883,0.051691867946917915,656,Be prepared for a heated debate!
583,1377,8,32,96,136,1.3529411764705883,0.05062723328375709,656,Our next speaker brings a truly global perspective . . .
565,1377,7,34,95,136,1.3529411764705883,0.04953972434414954,656,That's just your perspective on global warming!
448,1377,16,28,126,170,1.3529411764705883,0.04965019628722245,656,I promise my turn won't take all day.
329,1377,15,24,114,153,1.3529411764705883,0.05284362069965782,656,Why is nobody asking 'Girthy Earthy' over here about her  controversial 'Pangaea Years'?
1130,1377,12,30,111,153,1.3529411764705883,0.05034332440982412,656,Oh spare me. I took off my Jacket and I'm fine.
271,1387,13,29,114,156,1.3525641025641026,0.05047703552040902,656,I personally would like to extend you a warm welcome.
371,1387,11,33,112,156,1.3525641025641026,0.04881091213090623,656,"And more than Utopian, my opponent's demands for a Green New Deal are completely self-interested!"
4804,1389,9,31,99,139,1.3525179856115108,0.05091520788082779,656,I've cut taxes for my constituents and eliminated plastic straws. What on earth have you done?
512,1389,11,27,101,139,1.3525179856115108,0.052923409023404124,656,"Is that all you do? Just spin, spin, spin?"
4540,1389,10,29,100,139,1.3525179856115108,0.05192901701460582,656,I think we should take a break to cool off
2688,1392,13,30,116,159,1.3522012578616351,0.049789273945358044,656,But where is your birth certificate?
3492,1392,12,32,115,159,1.3522012578616351,0.048983265551674905,656,"I hear you,  but what does the Eastern Hemisphere have to say?"
1299,1394,12,26,104,142,1.352112676056338,0.05307183836865408,656,Earth: #MeToo
4679,1394,12,26,104,142,1.352112676056338,0.05307183836865408,656,Why doesn't he show his birth certificate?
4703,1394,12,26,104,142,1.352112676056338,0.05307183836865408,656,"Who will voters believe - a climate denier like me, or my hysterical opponent"
4956,1394,10,30,102,142,1.352112676056338,0.05115505631014838,656,Our guest may be unfamiliar to some of you....
3331,1398,7,30,88,125,1.352,0.052370885780358485,656,I never back down...even when I learned this debate actually was me vs the world!
2815,1398,7,30,88,125,1.352,0.052370885780358485,656,You don't understand the global implications.
3765,1400,11,35,116,162,1.3518518518518519,0.047539104226508755,656,Stop lying! We all know you're flat!
453,1400,16,25,121,162,1.3518518518518519,0.051413739517433395,656,"I know there have been reports that my opponent is just warming up, but frankly I haven't seen evidence to support that claim."
1022,1402,9,33,103,145,1.3517241379310345,0.04945201095241139,656,"Let's give a warm Mars style welcome to our dear old friend, Earth."
462,1403,6,33,89,128,1.3515625,0.05033089786866263,656,I firmly disagree that my opponent speaks for everyone.
692,1404,13,32,120,165,1.3515151515151516,0.04848484848484849,656,"Well, I have a different world view!"
3902,1404,17,24,124,165,1.3515151515151516,0.05144336548699238,656,You can't handle the heat!
918,1406,13,26,109,148,1.3513513513513513,0.05239691888242544,656,"....""The rest of the world--you have 2 minutes for your rebuttle."""
1845,1406,7,38,103,148,1.3513513513513513,0.04683871398990437,656,Where is Atlas when you need him.
3608,1406,13,26,109,148,1.3513513513513513,0.05239691888242544,656,"This is so fake, folks. He's actually very, very flat!"
823,1409,11,24,96,131,1.3511450381679388,0.05517671830900627,656,The Earth needs no introduction although some people have apparently forgotten about it.
3275,1410,14,25,112,151,1.3509933774834437,0.0524866643394534,656,I categorically OBJECT to the tactics of my opponent in this flat earth debate!!!
1003,1410,10,33,108,151,1.3509933774834437,0.049006622516556284,656,"Clearly you cannot believe what you see in front of you, my opponent is flat, and anything else is fake news!"
83,1410,12,29,110,151,1.3509933774834437,0.05077646592646386,656,You've already warmed up.
1505,1413,9,42,120,171,1.3508771929824561,0.0442602959987142,656,"Well, I got the popular vote!"
122,1414,8,31,95,134,1.3507462686567164,0.05108788747126068,656,America First!
3168,1414,11,25,98,134,1.3507462686567164,0.05428291442229625,656,… while my opponent just stands there getting hot under the collar.
3316,1414,10,27,97,134,1.3507462686567164,0.05323921437760225,656,My opponent clearly has a planet-sized ego.
3394,1414,9,29,96,134,1.3507462686567164,0.05217464036205944,656,You're missing the big picture.
4199,1414,9,29,96,134,1.3507462686567164,0.05217464036205944,656,Has anybody seen Atlas?
1472,1419,8,38,108,154,1.3506493506493507,0.0465538192612392,656,I'm not going to debate it with half the world
1607,1419,18,18,118,154,1.3506493506493507,0.05491887167490124,656,Pictured above: The first 2020 presidential debate.
5154,1421,14,20,103,137,1.3503649635036497,0.05635946328861177,656,My opponent’s presence belies the gravity of the situation!
4083,1421,8,32,97,137,1.3503649635036497,0.050322319704537946,656,And here to present the other side of the global warming debate ...
4556,1421,8,32,97,137,1.3503649635036497,0.050322319704537946,656,Shame! My opponent voted against Pluto staying in the Solar System!
3837,1424,8,39,110,157,1.3503184713375795,0.04595889105150767,656,And why should we believe your claims on climate change?
1205,1425,13,30,117,160,1.35,0.04952605565436485,656,Don’t all talk at once!
4561,1425,8,33,99,140,1.35,0.04958719623887276,656,"well, it doesn't feel warm in here to me!"
4884,1425,8,40,112,160,1.35,0.04538445138671343,656,"While my opponent *claims* to be thinking globally, I believe we can all see a distinctly North American bias."
2282,1428,14,29,120,163,1.3496932515337423,0.049639877343251565,656,"Oh great, another critic on climate change"
2598,1429,10,30,103,143,1.3496503496503496,0.05085571432569405,656,I think the world of my opponent but his argument doesn't hold water.
624,1429,10,30,103,143,1.3496503496503496,0.05085571432569405,656,My opponent seems to have been crushed by the weight of the world.
912,1429,13,24,106,143,1.3496503496503496,0.05368223959835514,656,"Meanwhile at the UN Climate Change Tribunal: ""The Court will now hear victim impact statements"""
3183,1429,10,30,103,143,1.3496503496503496,0.05085571432569405,656,"Ok ok, it's not a hoax"
1670,1433,10,23,90,123,1.3495934959349594,0.05653806997923605,656,Call me a dwarf planet again and I’ll kick your Australia.
4176,1434,10,38,118,166,1.3493975903614457,0.04591169666256938,656,"When we promise our students the world, we deliver!"
4384,1434,12,34,120,166,1.3493975903614457,0.047475494633456454,656,". . . . and I have been authorized to speak on behalf of the other seven planets about their experiences with ignoring climate change."""
3939,1436,9,33,104,146,1.3493150684931507,0.04917118041892739,656,"Why, my opponent seems to be warming up to me!"
4437,1436,13,25,108,146,1.3493150684931507,0.05287436268125557,656,"Speak English,please"
1422,1436,7,37,102,146,1.3493150684931507,0.04721078649219463,656,Typical globalist!
3599,1436,13,25,108,146,1.3493150684931507,0.05287436268125557,656,"But if you're here, what planet are we on? None of this adds up!"
970,1440,15,22,112,149,1.348993288590604,0.05381018032565167,656,"The world will try to tell you otherwise, but I’m here to tell you..."
5256,1440,9,34,106,149,1.348993288590604,0.048490897880694286,656,Is it really a matter of such gravity?
203,1440,12,28,109,149,1.348993288590604,0.051219638245281814,656,"As I was saying, I've always felt like it's me against the world"
876,1443,9,27,93,129,1.3488372093023255,0.053523118138145254,656,"And as you can see, my opponent wants totally open borders!"
1434,1443,11,23,95,129,1.3488372093023255,0.05574022100104517,656,"Hey, don’t get heated with me."
2663,1443,9,27,93,129,1.3488372093023255,0.053523118138145254,656,"Of course my opponent backs the Green New Deal, she’s a globalist."
559,1446,11,24,97,132,1.3484848484848484,0.054821697488138504,656,And now the keynote speaker's firsthand account of global warming.
864,1446,8,30,94,132,1.3484848484848484,0.051560035419588056,656,Atlas has left the building!
942,1446,7,32,93,132,1.3484848484848484,0.05042595394700275,656,Being in the majority doesn't make you right!
620,1449,12,30,113,155,1.3483870967741935,0.04979518031056258,656,"As you can see, my visual aid has crushed my debate opponent and his flat earth premise."
4615,1449,10,34,111,155,1.3483870967741935,0.04808311159896675,656,And now--Our next World expert really needs No introduction!
3225,1451,10,27,98,135,1.348148148148148,0.05290720990545556,656,I have here a sworn statement from a Mr. Atlas that says you have lied about your weight.
3147,1451,7,33,95,135,1.348148148148148,0.04967391570471675,656,"It's just you and me against....oh, wait..."
588,1451,10,27,98,135,1.348148148148148,0.05290720990545556,656,You'll get your turn when I'm finished
4729,1454,10,35,113,158,1.3481012658227849,0.04745155444598154,656,"What would my opponent know about climate change?!"""
1985,1455,14,20,104,138,1.3478260869565217,0.056007145719387044,656,...and pay no heed to my opponent who is clearly a globalist.
2513,1455,11,34,116,161,1.3478260869565217,0.047663472840973525,656,Here to speak tonight is Mother Earth... and she is a little disappointed in you.
2724,1455,12,24,102,138,1.3478260869565217,0.05408537072109854,656,I DON'T THINK YOU UNDERSTAND THE GRAVITY OF YOUR WORLDVIEW
4488,1455,12,32,117,161,1.3478260869565217,0.04847108823633957,656,"Oh, sure... my opponent looks cool and international on the surface. But underneath, seethes a core of molten magma."
3811,1459,11,43,133,187,1.3475935828877006,0.04303158022922594,656,"Yeah, you and who else?"
923,1460,14,29,121,164,1.3475609756097562,0.049382322857452664,656,"Your plan is all about YOU, isn't it? You say, 'My air is dirty. My water is polluted. My animals are dying!' I say Americans are tired of narcissistic politicians!"
4892,1461,8,34,102,144,1.3472222222222223,0.04860070373662373,656,"I said “All the world IS a stage” , not on it!"
3663,1461,11,28,105,144,1.3472222222222223,0.05151119970521326,656,Yes.....sometimes I do feel my stance is 'me against the world'!
2636,1461,8,34,102,144,1.3472222222222223,0.04860070373662373,656,How on earth did you come up with that?
1779,1461,9,32,103,144,1.3472222222222223,0.04958985280095282,656,It’s not a small world after all.
3645,1461,8,34,102,144,1.3472222222222223,0.04860070373662373,656,"If I want to call you my oyster, by God, I'll call you my oyster."
1947,1466,5,32,84,121,1.3471074380165289,0.05076649917262565,656,"We'll stop there for today, and the Eastern Hemisphere will pick things up where we left off."
4266,1467,11,37,122,170,1.3470588235294119,0.04589805794744683,656,"No, no. You've had your turn."
201,1468,7,37,103,147,1.346938775510204,0.04694870100437806,656,Your time is up.
1192,1468,10,31,106,147,1.346938775510204,0.04983717895652952,656,"Now Madam Earth, isn't it true you're just perimenopausal and temperatures are expected to return to normal in some years?"
3993,1468,11,29,107,147,1.346938775510204,0.050763494427203314,656,My opponent lacks gravity.
3416,1471,17,26,130,173,1.346820809248555,0.04959533498717201,656,"And without further ado, a word from our host."
1957,1472,14,24,112,150,1.3466666666666667,0.052657915621054215,656,You're blowing this thing way out of proportion!
3627,1472,13,26,111,150,1.3466666666666667,0.05180126078524624,656,"This is what it’s come to, since none of you will listen to the scientists."
2503,1474,6,32,89,127,1.3464566929133859,0.050467075690712376,656,This is only 1/2 of the story
424,1475,10,33,110,153,1.34640522875817,0.048471885536572966,656,We could finally get rid of daylight saving time if you would stop your tilting.
1605,1475,16,21,116,153,1.34640522875817,0.05353054790961564,656,Lock her up!
3076,1475,7,39,107,153,1.34640522875817,0.04573320185001395,656,"OK, now things are going to get heated."
2130,1478,13,36,130,179,1.3463687150837989,0.045693705768639736,656,Do not be deceived by my opponent's claims of international experience!
3448,1479,7,40,109,156,1.3461538461538463,0.04515742718822927,656,"There you go again,throwing your weight around."
4686,1479,11,32,113,156,1.3461538461538463,0.04868310974060098,656,Don’t bring my sun into this.
675,1479,12,30,114,156,1.3461538461538463,0.049525328468917704,656,Stop! You’re over inflating your importance!
4468,1482,14,27,118,159,1.3459119496855345,0.05046351619076997,656,"Can you move a little more to the right, you are blocking the air-conditioner."
2705,1482,7,41,111,159,1.3459119496855345,0.04460141247803759,656,"In spite of what some may think, this is bigger than me against the world."
4041,1484,10,26,97,133,1.3458646616541354,0.05341505840645854,656,Where’s Hawaii?
9,1485,10,36,116,162,1.345679012345679,0.04660137702846762,656,Don't deny you're a globalist.
623,1485,13,30,119,162,1.345679012345679,0.04900746932105317,656,"Just who does my opponent think he is, claiming to speak for the entire world!"
2138,1485,12,32,118,162,1.345679012345679,0.04821878070993128,656,Everything my opponent says about climate change is fake news.
2145,1488,10,27,99,136,1.3455882352941178,0.052579099526672717,656,"I was going to mention the state of the planet, but it speaks for itself."
2729,1488,8,31,97,136,1.3455882352941178,0.05046480737393613,656,And here to talk about the global economy...
5060,1488,10,27,99,136,1.3455882352941178,0.052579099526672717,656,Do you have to globalize everything?
2612,1491,15,27,123,165,1.3454545454545455,0.04987385821772231,656,My turn - your turn went a full day.
4564,1492,8,32,99,139,1.3453237410071943,0.049722648775523036,656,I have to say at this point that I feel threatened
4276,1492,6,36,97,139,1.3453237410071943,0.04757954363109632,656,Our next speaker claims to be quite the expert on climate change...
1357,1492,10,28,101,139,1.3453237410071943,0.05177712458571495,656,"My opponent, here, wants you to believe in something she calls, 'scientific consensus'"
353,1492,10,28,101,139,1.3453237410071943,0.05177712458571495,656,"There you go again, always spinning in favor of the globalist agenda."
3953,1496,13,32,123,168,1.3452380952380953,0.047752521806711225,656,"As you can see, my opponent is self-inflating."
1240,1497,7,35,100,142,1.3450704225352113,0.04797963333594969,656,"I think the world of my opponent, but..."
3529,1497,10,29,103,142,1.3450704225352113,0.051007014984738266,656,Can you even name the seven continents?
4991,1497,9,31,102,142,1.3450704225352113,0.050018251236786236,656,"...In contrast, my opponent thinks the world of himself."
1518,1500,10,30,105,145,1.3448275862068966,0.050266826679700866,656,How can I debate you? You've come 180 degrees on your argument.
2402,1500,12,16,88,116,1.3448275862068966,0.06134847531656737,656,"May I just say, you are my Oyster."
3158,1502,12,27,109,148,1.3445945945945945,0.05137638371494697,656,"As you can see, my opponent is the very image of an unrepentant globalist."
1592,1502,10,31,107,148,1.3445945945945945,0.0495547724937871,656,"As you can plainly see, the Chinese are behind this!"
536,1502,10,31,107,148,1.3445945945945945,0.0495547724937871,656,"Yes, but you are using the word ""round"" as if it is a good thing."
283,1505,11,30,110,151,1.3443708609271523,0.04976444080598481,656,"Senator, I served with Neptune. I knew Neptune. Neptune was a friend of mine. Senator, you're no Neptune."
1272,1505,13,26,112,151,1.3443708609271523,0.0515082518654387,656,"Yeah? Well my opponent was once involved in a big bang, too!"
2880,1505,12,28,111,151,1.3443708609271523,0.05064385243524546,656,"Wait a second!  When I elected to take on the Global Challenge, this isn't what I had in mind."
4575,1505,12,28,111,151,1.3443708609271523,0.05064385243524546,656,We've been talking about it long enough. Now is the time to let the planet speak for itself.
415,1509,12,18,92,122,1.3442622950819672,0.059088606860205686,656,"It gives me great pleasure to introduce the English-speaking world!"""
2700,1510,13,27,114,154,1.344155844155844,0.05078107361397728,656,Could you turn around to show you’re actually round?
2962,1510,14,25,115,154,1.344155844155844,0.0516100753265464,656,"Like my opponent,I carry the weight of the world on my shoulders."
520,1510,12,29,113,154,1.344155844155844,0.04993831194148001,656,I'm just getting warmed up
2337,1510,8,37,109,154,1.344155844155844,0.04641449394607366,656,"What we need is a ""world view,"" my opponent clearly does not have that."
2260,1514,9,25,91,125,1.344,0.05460001181613957,656,Open your eyes people! The threat of globalization is real.
2989,1515,13,28,116,157,1.3439490445859872,0.050080268573137,656,I still say you are flat
3139,1516,7,30,91,128,1.34375,0.05135647667870523,656,Are you threatening me with extinction?
3666,1516,12,31,117,160,1.34375,0.04860221916278278,656,"Let me start by just saying, you've always meant the world to me."
4205,1516,14,16,98,128,1.34375,0.05914987886117214,656,"And to show my sincerity, I'd like to buy my opponent a Coke."
1231,1519,10,36,117,163,1.343558282208589,0.046363124943781746,656,"It’s pretty much has always been me against the world. This debate however, takes it to a whole new level."
3512,1519,17,22,124,163,1.343558282208589,0.051766030259478374,656,Another expert on global warming.
3364,1521,7,31,93,131,1.3435114503816794,0.050564624518149505,656,"Now, first up -- speaking for the ozone layer."
3658,1522,9,28,97,134,1.3432835820895523,0.05200985465949026,656,"You don’t intimidate me, you’re mostly water weight"
3336,1522,11,24,99,134,1.3432835820895523,0.05412454787773656,656,"I don’t care if the whole world is against me, I do not believe in global warming!"
2590,1522,8,30,96,134,1.3432835820895523,0.05091958494594446,656,I yield to my opponent who would like us all to go somewhere else.
1830,1522,9,28,97,134,1.3432835820895523,0.05200985465949026,656,. . .and you sir are no Pangea!
3912,1526,13,21,103,137,1.3430656934306568,0.05525027583903792,656,"Stop, stop, stop!  We don't want to hear from a climate-change radical."
3938,1526,10,27,100,137,1.3430656934306568,0.052254821398818804,656,I'll stop addressing you as the pale blue dot when you start addressing me as Dr. Sagan.
4099,1526,11,25,101,137,1.3430656934306568,0.05327202423766368,656,It’s me against the world in 2020.
4535,1526,9,29,99,137,1.3430656934306568,0.05121742040035477,656,I would challenge my opponent to pick a hemisphere.
4568,1526,10,27,100,137,1.3430656934306568,0.052254821398818804,656,"Now, my opponent is gonna try to use “facts” and “science” about climate change to try to scare ya, but it’s fake news, people!"
3716,1531,11,26,103,140,1.3428571428571427,0.0524540895246018,656,"America, sir, will not let globalism crush our dreams."
2357,1531,12,24,104,140,1.3428571428571427,0.053424773567828515,656,Consider this your global warning!
1294,1531,10,28,102,140,1.3428571428571427,0.0514651006502089,656,Let the World speak for itself.
1998,1531,8,32,100,140,1.3428571428571427,0.04942779318458915,656,"I understand that you are the World, but are you the Children?"
671,1535,10,29,104,143,1.3426573426573427,0.05070651734928753,656,"Well, that's your opinion."
3946,1535,12,25,106,143,1.3426573426573427,0.05261308786008161,656,"So,as you can see,""me against the world"" was NOT hyperbole as my opponent has claimed."
101,1537,9,32,105,146,1.3424657534246576,0.049022910364568545,656,That's circular reasoning...You keep going around and around and around.
2034,1537,12,26,108,146,1.3424657534246576,0.051833055808829215,656,Hi Mom !
2419,1537,10,30,106,146,1.3424657534246576,0.04997718531392182,656,"And now, our world-renowned expert on world climate change."
3530,1540,7,37,105,149,1.342281879194631,0.04643250884662824,656,"My opponent talks big, but hides half of his true self."
4980,1541,11,30,111,152,1.3421052631578947,0.049487846804475294,656,This year the Golden Globe goes to....
4596,1541,10,32,110,152,1.3421052631578947,0.04859947124817861,656,Stop right there! We booked the Eastern Hemisphere to speak tonight!
4392,1541,13,26,113,152,1.3421052631578947,0.051218392524800774,656,"I said you're incompetent, not 'incontinent.'"
1411,1541,6,40,106,152,1.3421052631578947,0.044870425701566886,656,"Is it just me, or is it hot in here?"
845,1541,5,42,105,152,1.3421052631578947,0.04388868563649586,656,I'm the only candidate prepared to take on the world!
4202,1546,11,31,113,155,1.3419354838709678,0.04881392529467828,656,"'""My opponent is trapped in circular reasoning!"""
2622,1547,10,34,114,158,1.3417721518987342,0.04731963588102146,656,"Can I speak to your Russian side, please!"
3242,1547,12,30,116,158,1.3417721518987342,0.04899386951527047,656,"From now on, we will hear the testimony of the victim of global warming."
3635,1549,12,31,118,161,1.3416149068322982,0.048346566918165496,656,My worthy opponent seems to be living in his own world.
3250,1549,13,29,119,161,1.3416149068322982,0.04914295762696268,656,I'm right and the world is wrong
5165,1549,8,39,114,161,1.3416149068322982,0.04502034569571267,656,"I apologize for my opponent's behavior, he's getting very heated."
1638,1549,9,37,115,161,1.3416149068322982,0.04587451665265008,656,"you‘ve had all the time in the world to make your point, now it’s my turn"
1922,1549,14,27,120,161,1.3416149068322982,0.04992664655149837,656,"Actually, there are five Great Lakes."
3019,1554,11,34,119,164,1.3414634146341464,0.046931126443189995,656,"Indeed, it is a small world after all."
3293,1555,9,25,92,126,1.3412698412698412,0.05423370756764775,656,"As you can see, this new technology brings the world closer."
4708,1555,11,21,94,126,1.3412698412698412,0.05652665999775139,656,Today's speaker is seeking political asylum.
3453,1557,10,24,95,129,1.3410852713178294,0.05447081132773332,656,Okay Atlas . . .who shrugged?
4197,1558,10,25,97,132,1.3409090909090908,0.0535891377110045,656,There’s an ocean of difference between my views and those of my opponent.
537,1558,9,27,96,132,1.3409090909090908,0.05249890722296105,656,Nobody does global politics better than me. No one.
2200,1558,10,25,97,132,1.3409090909090908,0.0535891377110045,656,"So, Mr. Atlas, what is your position on global expansion?  Mr. Atlas?...Mr. Atlas?..."
2387,1558,10,25,97,132,1.3409090909090908,0.0535891377110045,656,Could we please have a question on something other than climate change?
4229,1558,10,25,97,132,1.3409090909090908,0.0535891377110045,656,"Things may seem dark right now, but I’m certain you’ll turn it around!"
2482,1563,11,24,100,135,1.3407407407407408,0.05378227606452019,656,"Yeah? Well, I’m telling YOU that climate change is a HOAX!"
649,1563,7,32,96,135,1.3407407407407408,0.04950050444819818,656,"Following Carl Sagan’s Pale Blue Dot success, Ed misjudged his Ted Talk audience"
135,1565,9,29,100,138,1.3405797101449275,0.05090566298579664,656,My opponent over here seems to be getting a little heated!
611,1565,8,31,99,138,1.3405797101449275,0.049855792052945165,656,The whole world is against me in this debate!
3662,1565,8,31,99,138,1.3405797101449275,0.049855792052945165,656,And speaking of global affairs...
3,1568,9,30,102,141,1.3404255319148937,0.05015658079621688,656,"If my opponent thinks I'll get pulled into their orbit, they've got another thing coming."
544,1568,13,22,106,141,1.3404255319148937,0.05404582396024975,656,"The title is ""What goes around, comes around."""
3265,1568,10,28,103,141,1.3404255319148937,0.0511566195106865,656,I think the world is trying to tell us something.
5222,1568,11,26,104,141,1.3404255319148937,0.0521374802071875,656,"Ladies and Gentlemen, I'd like to introduce MotherEarth on her Farewell Tour"
4965,1572,7,35,102,144,1.3402777777777777,0.04743129252027798,656,Today the President will put an end to the fake news that he does not know the names of the continents.
2991,1572,7,35,102,144,1.3402777777777777,0.04743129252027798,656,"You yielded your time, it's my turn to talk about the environment."
1960,1572,12,25,107,144,1.3402777777777777,0.05230060225054453,656,Our next speaker will dispel the flat earth myth.
598,1572,9,31,104,144,1.3402777777777777,0.049436602880804544,656,I assert that my opponent is clearly out of its orbit!
410,1572,7,35,102,144,1.3402777777777777,0.04743129252027798,656,"You heard the moderator, your time is up. And if I'm voted into office, I'll make sure of it!"
1597,1577,13,24,110,147,1.3401360544217686,0.052428311603160395,656,Read my lips: No new axes!
2024,1577,12,26,109,147,1.3401360544217686,0.05153193085304032,656,"I might remind you, Sir, that a mere 97% of experts who've studied the matter agree with you"
2770,1577,6,38,103,147,1.3401360544217686,0.04578659341716974,656,All of the white space was once habitable.
3884,1577,9,32,106,147,1.3401360544217686,0.048743984419576024,656,You know what they say about planets with small polar ice caps...
4859,1577,10,30,107,147,1.3401360544217686,0.0496906830020621,656,My opponent’s plan would take ages.
4918,1577,11,28,108,147,1.3401360544217686,0.05061967934832239,656,"Even though the whole world is against me, I'm undaunted!"
5082,1577,7,36,104,147,1.3401360544217686,0.046793162928624135,656,I will not be intimidated by my opponent.
4409,1584,11,29,110,150,1.34,0.04990371041514956,656,"On this issue, I'm sure my opponent, like all Progressives, will claim to speak for the World."
1798,1584,10,31,109,150,1.34,0.048998927075866984,656,I agree we can put that whole flat earth debate to bed.
555,1586,8,36,109,153,1.3398692810457515,0.04651918932335233,656,"Oh, now you're warming up to me?"
1647,1586,9,34,110,153,1.3398692810457515,0.04743452632110287,656,"'I'm sorry,  but us flat earthers need more conclusive proof.'"
3372,1586,12,28,113,153,1.3398692810457515,0.05008025782006232,656,"The white areas are recent Facebook outages.
Next side, please."
4356,1586,10,32,111,153,1.3398692810457515,0.0483325314804936,656,Bob felt like the whole world was against him.
184,1590,11,31,114,156,1.3397435897435896,0.04854951074451131,656,"I am not now, nor have I ever been, an extraterrestrial."
2957,1590,12,29,115,156,1.3397435897435896,0.04939400752591565,656,"Senator, I lived on Mother Earth. I knew Mother Earth. Mother Earth was a friend of mine. Senator, you're no Mother Earth!"
1439,1592,10,34,115,159,1.3396226415094339,0.047070191755868004,656,Stop playing the global warming card.
828,1593,11,33,118,162,1.3395061728395061,0.047289527196614875,656,"You are a hoax.
Everyone knows you’re flat."
4312,1593,13,29,120,162,1.3395061728395061,0.048884167730282875,656,What was it like coming out as Gaia?
4483,1595,13,30,122,165,1.3393939393939394,0.048248685744287124,656,My opponent would have you believe global warming is real!
3451,1596,15,27,126,168,1.3392857142857142,0.04910835794437305,656,"Despite the evidence before me, I still maintain my opponent is flat."
309,1597,6,30,88,124,1.3387096774193548,0.05106664109221206,656,And we are supposed to just take your word that global warming is real?
1123,1597,8,26,90,124,1.3387096774193548,0.05357296444629326,656,"Closing arguments will be three minutes, except for earth, who will have eternity."
2761,1599,8,27,92,127,1.3385826771653544,0.05269925904251555,656,"I understand your position, but no need to get heated!"
3638,1600,9,28,99,136,1.338235294117647,0.05136543881344994,656,Please stop overstating what you bring to the table.
741,1601,9,29,101,139,1.3381294964028776,0.05059746964393502,656,"Unlike my opponent, I'll resist taking such a polarizing position."
3647,1601,9,29,101,139,1.3381294964028776,0.05059746964393502,656,There is literally a world of difference between us.
5016,1603,9,30,103,142,1.3380281690140845,0.04985978135521382,656,"While I appreciate your perspective...in the context of the universe, you are really not that relevant."
3287,1603,9,30,103,142,1.3380281690140845,0.04985978135521382,656,Now my opponent here claims global warming is real.
1806,1603,8,32,102,142,1.3380281690140845,0.04884780113702849,656,‘What on earth..??’
4941,1603,11,26,105,142,1.3380281690140845,0.0518244926509061,656,"So I ask  you, what qualifies my opponent  to speak on world problem.?"
1585,1607,8,33,104,145,1.3379310344827586,0.04816626859714244,656,I just think we have differing world views
3863,1607,10,29,106,145,1.3379310344827586,0.05011546978526813,656,No one wants to hear your environmental claptrap.
3989,1607,10,29,106,145,1.3379310344827586,0.05011546978526813,656,Unlike my opponent I speak for the one percent
4070,1610,8,34,106,148,1.337837837837838,0.047510223838564285,656,You expect me to debate the world?
4943,1610,9,32,107,148,1.337837837837838,0.04846803103642355,656,"Getting a little heated, are we?"
4458,1612,12,27,112,151,1.3377483443708609,0.05050510189387449,656,"Whew, someone’s got a terrible gas problem."
230,1612,14,23,114,151,1.3377483443708609,0.052224187488286965,656,My opponent claims to be decisive yet somehow can’t decide on a single language.
2912,1612,11,29,111,151,1.3377483443708609,0.049623231419971964,656,"No, all the world is not on stage!"
4728,1612,7,37,107,151,1.3377483443708609,0.04592672657133192,656,"Thanks for leaving your orbit, now do you feel the gravity of our situation ?"
763,1616,8,36,110,154,1.3376623376623376,0.04626879319877378,656,"Well, I act locally!"
992,1616,12,28,114,154,1.3376623376623376,0.04980292135372534,656,And here’s my opponent who just rolled in to give you some really bad news.
1008,1616,15,22,117,154,1.3376623376623376,0.05229701988484807,656,"Empirical evidence aside, you're flat."
3207,1619,10,20,89,119,1.3361344537815125,0.05757937113335368,656,"As a white man, I obviously know more about the environment than Mother Earth."
2238,1620,10,21,91,122,1.3360655737704918,0.05655830971429486,656,Stop turning to the audience and answer me!
1136,1621,10,22,93,125,1.336,0.0555837061295554,656,"Going, going............"
208,1621,8,26,91,125,1.336,0.053211689232420936,656,"With absolutely NO academic or scientific credentials, how can you stand there and tell us global warming is real?!"
4611,1621,7,28,90,125,1.336,0.05198510953054948,656,And just how is it our fault that you run hot and cold?
1296,1624,7,29,92,128,1.3359375,0.05116427888487294,656,"Will you please do me a favor and stop rotating, you're making me dizzy."
848,1625,13,19,102,134,1.335820895522388,0.05599913213607842,656,"I'm a politician, dammit.
I don't have to listen to you."
990,1625,8,29,97,134,1.335820895522388,0.05074247280950872,656,"On second thought, warming up before the debate is entirely optional."
1600,1625,7,31,96,134,1.335820895522388,0.04962436595252059,656,And I'll speak for the rest of us.
4882,1625,12,21,101,134,1.335820895522388,0.05498801641594215,656,"Hold it, don’t everybody speak up at once!!"
142,1629,6,34,97,137,1.3357664233576643,0.047790795106439944,656,You look fine to me.
1384,1629,11,24,102,137,1.3357664233576643,0.05310999088386854,656,Well... you're fat.
1541,1629,10,26,101,137,1.3357664233576643,0.05208962396417183,656,You think you're the center of the universe! Stop throwing your weight around.
2457,1629,12,22,103,137,1.3357664233576643,0.05411112028631799,656,Our next speaker is out of this world.
4063,1629,11,24,102,137,1.3357664233576643,0.05310999088386854,656,We've discovered this lovely blue planet in orbit around a distant star in our galaxy that supports life. But there are no signs of intelligent life.
3911,1634,5,37,98,140,1.3357142857142856,0.04602460833093375,656,"Okay, let me stop you right there."
1907,1635,12,24,107,143,1.3356643356643356,0.05246232432573511,656,"As you can see, the opposing candidate is full of hot air."
3312,1635,7,34,102,143,1.3356643356643356,0.04753767129825505,656,You are out of orbit!
3407,1635,9,30,104,143,1.3356643356643356,0.04956628193580806,656,This is not what I meant by a worldwide debate!
4800,1635,8,32,103,143,1.3356643356643356,0.048562570449889465,656,"And I ask you, who created those fossil fuels?"
734,1639,12,25,109,146,1.3356164383561644,0.051686162111617785,656,My opponent promises the world but don't be fooled by cheap parlor tricks.
2326,1639,14,21,111,146,1.3356164383561644,0.053482763357997454,656,I have a certain global perspective that the other candidates don't.
180,1639,11,27,108,146,1.3356164383561644,0.05076402311222854,656,"While my opponent might have science on its side, I have the unerring wisdom of Twitter on mine."
4280,1639,13,23,110,146,1.3356164383561644,0.052592135011976786,656,"As you can see, my opponent and I are a world apart on the issues."
2192,1643,14,23,115,152,1.3355263157894737,0.05192703321262381,656,Now my next statement may send you into orbit...
449,1643,8,35,109,152,1.3355263157894737,0.046621738747293404,656,Could you move the microphone further from D.C? Thanks.
2960,1645,11,30,114,155,1.335483870967742,0.04867530422394468,656,He’s got the whole world on his stand.
3894,1645,7,38,110,155,1.335483870967742,0.04510140262838917,656,My opponent would like you to be believe he is somehow more worldly than you or I
1546,1645,11,30,114,155,1.335483870967742,0.04867530422394468,656,Tell us again why we should care.
524,1648,14,26,121,161,1.3354037267080745,0.04980092307733052,656,My opponent likes to put the spin on just about every position.
881,1649,10,35,119,164,1.3353658536585367,0.045995919889110566,656,"Quit complaining, we’re all hot in here”."
4893,1649,13,29,122,164,1.3353658536585367,0.04837431905161235,656,I can't take this. Make the world go away.
4678,1651,14,30,129,173,1.3352601156069364,0.04729364487721584,656,You're just here for the air conditioning.
3409,1652,11,27,109,147,1.3333333333333333,0.05046917451763784,656,"So who ya gonna trust, me or this ignorant orb?"
3472,1652,7,36,107,150,1.3333333333333333,0.04601980574173563,656,"I'll gladly address all your issues, but only once you tell me how you got into this building."
3475,1652,12,29,118,159,1.3333333333333333,0.04859843322268975,656,"If Fox says you're flat, you're flat."
3607,1652,9,34,113,156,1.3333333333333333,0.04667021137429671,656,This is hardly what I had in mind when I agreed to debate a globalist!
3775,1652,7,33,101,141,1.3333333333333333,0.04792203507216295,656,Is it just me or is it getting warmer in here?
4004,1652,8,33,106,147,1.3333333333333333,0.04761904761904763,656,My opponent would have you believe that she carries the weight of the world on her shoulders....
4119,1652,7,37,109,153,1.3333333333333333,0.04543108504242546,656,"Year after year, you just can’t help yourself from circling back to the same point."
4519,1652,8,28,96,132,1.3333333333333333,0.051201916071788464,656,The problem is clearly bigger than both of us.
3387,1652,8,30,100,138,1.3333333333333333,0.0496825140124427,656,I'm sure our next guest needs no introduction
4700,1652,13,17,99,129,1.3333333333333333,0.057538886974044655,656,Do not be fooled by appearances! My opponent only seems to be down-to-earth.
4857,1652,11,31,117,159,1.3333333333333333,0.047772337349142,656,My opponent appears to be having hot flashes.
5028,1652,10,24,98,132,1.3333333333333333,0.05341307940411538,656,"I got it, it's me against the world."
5163,1652,13,21,107,141,1.3333333333333333,0.05389270990607103,656,"Ok, so maybe humans did cause it, but we didn't mean to."
5172,1652,12,26,112,150,1.3333333333333333,0.05064829526817226,656,"Despite my opponent's outlandish claims and bizarre histrionics, my belief in a flat earth is stronger than ever..."
4239,1652,7,37,109,153,1.3333333333333333,0.04543108504242546,656,"You may have the world behind you, but I have the money."
2939,1652,13,22,109,144,1.3333333333333333,0.05307191174837982,656,How do you call yourself global when you are clearly only representing the western hemisphere?
2526,1652,7,36,107,150,1.3333333333333333,0.04601980574173563,656,And you think you're better suited to deal with the problems of the world?
2539,1652,9,31,107,147,1.3333333333333333,0.04858766979657162,656,"And now, a word from our Mother."
362,1652,11,24,103,138,1.3333333333333333,0.052779842430491886,656,You do look flat!
456,1652,11,28,111,150,1.3333333333333333,0.04975705331869026,656,"Why yes, it is warm in here."
746,1652,11,29,113,153,1.3333333333333333,0.049071180301212554,656,And our keynote speaker is the late great planet earth.
812,1652,10,28,106,144,1.3333333333333333,0.050251890762960605,656,The country is frankly fed up with  your constantly revolving positions.
1114,1652,13,24,113,150,1.3333333333333333,0.05152412320636748,656,This is THE conference on climate change! You can’t just roll in here and expect a seat at the table!
1187,1652,9,27,99,135,1.3333333333333333,0.05151116061908372,656,What do you mean my time is up?
1481,1652,10,32,114,156,1.3333333333333333,0.04754809791842705,656,"A vote for me, Donald Trump, and I can make all this go away."
1805,1652,7,35,105,147,1.3333333333333333,0.04663030919937774,656,"So please, during the debate, no releasing of noxious clouds of methane from your tundra."
1817,1652,12,30,120,162,1.3333333333333333,0.04796287192241285,656,And I disagree with your world view!
2037,1652,11,34,123,168,1.3333333333333333,0.04598715019526058,656,"Next, we will hear from the Western Hemisphere."
2071,1652,10,27,104,141,1.3333333333333333,0.050994831240418585,656,My worthy opponent's global ambitions won't fix the potholes in our city.
2175,1652,9,27,99,135,1.3333333333333333,0.05151116061908372,656,You don’t speak for all of us!
2224,1652,7,32,99,138,1.3333333333333333,0.04860623083308938,656,Here with an opposing viewpoint is a globalist.
2284,1652,14,26,122,162,1.3333333333333333,0.049535841117809135,656,"My very, very brilliant scientists, and they’re like really smart,  are telling me that the Trump Administration is a hoax, okay?"
5206,1652,10,30,110,150,1.3333333333333333,0.04884955369648744,656,My opponent’s world view is inflated.
2791,1652,10,29,108,147,1.3333333333333333,0.04953735576689809,656,I don't believe in global warming and won't be bullied by someone much larger than me.
5239,1652,9,30,105,144,1.3333333333333333,0.04927603299909022,656,"Hey, I can see my house from here!"
2505,1687,14,31,133,178,1.3314606741573034,0.04626733093706166,656,Is my opponent getting HOTTER or is it just me?!
3516,1688,8,42,125,175,1.3314285714285714,0.042413688211347764,656,"And yet, my opponent claims that I blow things out of proportion."
2653,1689,11,32,120,163,1.3312883435582823,0.04691111256737629,656,"Well, that’s not what Mars said!"
2966,1690,6,41,113,160,1.33125,0.04318480380729099,656,Ok! I admit it! Climate change is real!
4949,1691,8,35,111,154,1.3311688311688312,0.0461166565918486,656,"You may have all the facts in the world, but I have public opinion on my side."
1660,1692,10,30,111,151,1.3311258278145695,0.0485751544924298,656,Cut the global positioning
1675,1692,9,32,110,151,1.3311258278145695,0.0476575850543528,656,I take issue with your heated argument.
1923,1692,12,26,113,151,1.3311258278145695,0.05036016357662599,656,"I cede 2,000,000,000,000,000 minutes to the gentlewoman from the Solar System"
3200,1692,10,30,111,151,1.3311258278145695,0.0485751544924298,656,Before I present our keynote speaker; Would event staff please lower the thermostat?
4322,1696,12,25,111,148,1.3310810810810811,0.05108540008648356,656,I thought you were bigger.
3271,1696,7,35,106,148,1.3310810810810811,0.046368898900124,656,What the liberal candidate WON'T tell you is that he's been involved in every bad thing that has ever happened!
1785,1696,14,21,113,148,1.3310810810810811,0.05285428486613516,656,"Oops, we seem to have lost Atlas."
1816,1696,11,27,110,148,1.3310810810810811,0.050177579043222675,656,"Earth, you ignorant slut!"
1904,1696,10,29,109,148,1.3310810810810811,0.049253028082358805,656,"You may have the world on your side, but I know I’m right!"
2,1701,6,36,103,145,1.3310344827586207,0.04596264143248784,656,"Once again, my opponent and I are worlds apart on this issue."
3657,1701,9,30,106,145,1.3310344827586207,0.048988985795692164,656,"You take one position, then do an about face and it's the very opposite."
4538,1703,9,29,104,142,1.3309859154929577,0.04969372883209497,656,I'm here to remind you that America is not the world.
4552,1703,9,29,104,142,1.3309859154929577,0.04969372883209497,656,I can tell from that last comment that you’re getting a bit heated.
3184,1703,8,31,103,142,1.3309859154929577,0.04867829664615167,656,"Only a closeted socialist would believe my opponent ""supports life as we know it"""
4507,1703,8,31,103,142,1.3309859154929577,0.04867829664615167,656,"Sooo...trying to intimidate me on a global scale, eh?"
1478,1703,10,27,105,142,1.3309859154929577,0.05068882328585695,656,But Europe and Asia are on the other side of your position.
200,1703,12,23,107,142,1.3309859154929577,0.05262259066065568,656,My opponent is full of hot air.
2465,1703,13,21,108,142,1.3309859154929577,0.05356330057703663,656,You what ? You just rolled over a guy with yellow hair and a long red tie ?
236,1710,8,30,101,139,1.330935251798561,0.04938205275878442,656,"You made your point, but what does the other half of the world have to say?"
281,1710,6,34,99,139,1.330935251798561,0.047223493152886764,656,"Nobody has ever been more round than I am, that I can tell you."
572,1710,7,32,100,139,1.330935251798561,0.048314829194731256,656,You get your climate under control.  Then we'll talk.
3890,1710,8,30,101,139,1.330935251798561,0.04938205275878442,656,The whole world is listening.
4186,1710,10,26,103,139,1.330935251798561,0.05145013084319604,656,"Theory yes,but what does my opponent know for a fact about climate change?"
5070,1715,8,29,99,136,1.3308823529411764,0.0501144083869741,656,"So what?  MY earth is much, much bigger!"
2106,1715,8,29,99,136,1.3308823529411764,0.0501144083869741,656,"And this is the planet earth, a bleak and forbidding place that once supported a primitive life-form inexplicably bent on self destruction."
221,1717,9,26,98,133,1.330827067669173,0.05198476356261508,656,I'm sure it is hard to hear that you only have twelve years left.  May I suggest a bucket list?
1103,1718,5,33,92,130,1.3307692307692307,0.04808616488393792,656,"And last, but not least. Mother Earth."
1630,1718,8,27,95,130,1.3307692307692307,0.05167263305054093,656,"I apologize, no reason to get hot."
3047,1718,7,29,94,130,1.3307692307692307,0.050505449428739774,656,"And I repeat, it's just us against the world."
4172,1718,8,27,95,130,1.3307692307692307,0.05167263305054093,656,"Trumps Ted Talk on Global Warming... ""We've got a Earth, a big big Earth, the biggest Earth that Earth has ever seen"""
4952,1718,9,25,96,130,1.3307692307692307,0.05281402835187558,656,The Democratic field is crowded.
5195,1723,7,28,92,127,1.330708661417323,0.05129874090732825,656,"Indeed, my opponent’s life revolves around me."
3517,1724,8,25,91,124,1.3306451612903225,0.053370251196385866,656,The time for action has come....the world has spoken.
5043,1725,9,22,90,121,1.3305785123966942,0.05553202455316476,656,Global warming? What planet are you from?
3318,1726,9,21,88,118,1.3305084745762712,0.05652433071846167,656,"So as you can plainly see, its round on this side, but its flat on the other!"
1722,1727,9,37,121,167,1.3293413173652695,0.04449584014529403,656,What possible impact could you have on me?
4491,1727,7,41,119,167,1.3293413173652695,0.04284378667263339,656,"Sorry, I think we have more pressing matters to discuss than your personal health."
547,1727,9,37,121,167,1.3293413173652695,0.04449584014529403,656,Absolutely! But I could give you a better answer if your question was a little more Pacific.
2593,1730,11,31,119,161,1.329192546583851,0.04726724398238232,656,"On the other hand, look at my opponent.  She's all over the place!"
3142,1730,7,39,115,161,1.329192546583851,0.04385924472079835,656,Now we get to hear from the small world after all!
2414,1732,7,38,113,158,1.3291139240506329,0.04439297184170536,656,That's quite the spin you put on it!
2436,1732,11,30,117,158,1.3291139240506329,0.047887770560679006,656,"Not buying it, still flat."
2716,1732,11,30,117,158,1.3291139240506329,0.047887770560679006,656,"Who would ever elect everyone's mother and an obvious globalist?"""
3436,1732,12,28,118,158,1.3291139240506329,0.04872231751831683,656,"Sir, I lived on the earth in 1950. The earth in 1950 was my home. You are no earth of 1950."
3859,1732,14,24,120,158,1.3291139240506329,0.05034993082937233,656,"And now for the  ""climate change isn't real"" rebuttal....."
4685,1732,13,26,119,158,1.3291139240506329,0.04954280855421027,656,I just want to say that I think the world of our next speaker.
4457,1738,13,25,117,155,1.3290322580645162,0.05022753207733995,656,I believe my opponent is involved in a global conspiracy!
3933,1738,10,31,114,155,1.3290322580645162,0.04765966257639778,656,"Do not listen to my opponent. Clearly, he is a globe-alist."
438,1738,9,33,113,155,1.3290322580645162,0.046772387755327584,656,"You're always throwing shade."""
913,1738,9,33,113,155,1.3290322580645162,0.046772387755327584,656,Don't go all global on me!
3085,1738,13,25,117,155,1.3290322580645162,0.05022753207733995,656,Flat?!  Do I look flat to you?
408,1743,8,34,110,152,1.3289473684210527,0.04646469535822661,656,I know an occident waiting to happen when I see one.
3302,1744,10,29,110,149,1.3288590604026846,0.04897179046732671,656,"Sure, my opponent seems American. But he hides an insidious socialist secret behind his back."
384,1744,13,23,113,149,1.3288590604026846,0.0516751432148704,656,Enough with your global elitist spin!
439,1744,9,31,109,149,1.3288590604026846,0.04803687687608914,656,Will you please cool off!!
3106,1744,12,25,112,149,1.3288590604026846,0.050790015797498644,656,Hold It!! Atlas is still in make-up.
4102,1748,9,30,107,146,1.3287671232876712,0.04870509236037227,656,It's true - the internet does make the world smaller
4001,1748,5,38,103,146,1.3287671232876712,0.04465750526702259,656,My opponent is spinning lies!
3948,1748,9,30,107,146,1.3287671232876712,0.04870509236037227,656,Perry makes the best of his magnificent opportunity to address the world at large.
1480,1751,6,35,102,143,1.3286713286713288,0.046312059261884586,656,My opponent presents the Western viewpoint...
1603,1751,9,29,105,143,1.3286713286713288,0.04939925102463513,656,"We both read 'Atlas Shrugged', but one of us took it too literally."
3220,1751,11,25,107,143,1.3286713286713288,0.0513543777517943,656,"Yes, I do stand by my position that the earth is flat."
4978,1751,13,21,109,143,1.3286713286713288,0.05323775189424376,656,My opponent would have you believe he is round
507,1755,6,34,100,140,1.3285714285714285,0.046944520340676074,656,We get it. Your platform is climate change.
769,1755,6,34,100,140,1.3285714285714285,0.046944520340676074,656,My most worldly opponet yet
1089,1755,12,22,106,140,1.3285714285714285,0.053107791589643384,656,She needs no introduction.
1980,1755,11,24,105,140,1.3285714285714285,0.052131205670022523,656,All my stage is a world!
3439,1755,8,30,102,140,1.3285714285714285,0.04908500622240732,656,It's getting a little warm in here.
2731,1760,7,31,99,137,1.3284671532846715,0.04871633554988583,656,"Now, I know my opponent claims to have something in common with every single one of you...."
1955,1760,7,31,99,137,1.3284671532846715,0.04871633554988583,656,My opponent thinks he is so worldly!
1181,1762,10,24,100,134,1.328358208955224,0.05272947178584024,656,"Well, that’s one opinion."
2921,1762,8,28,98,134,1.328358208955224,0.05055645847511103,656,Well of course 'Big Earth' is against climate change.
1308,1764,12,19,100,131,1.3282442748091603,0.0557263974000444,656,Let me ask you this: What has my opponent ever done for you?
2403,1764,7,29,95,131,1.3282442748091603,0.050181991856702655,656,Don't blame us! You're the one who turned dinosaurs into oil!
729,1766,6,27,86,119,1.3277310924369747,0.05217017132857963,656,I object!  You are only showing one side.
3668,1767,11,33,124,168,1.3273809523809523,0.045855477562270736,656,"Wait, one at a time."
4654,1767,10,35,123,168,1.3273809523809523,0.04507148569810188,656,And although my opponent will say she has the entire world on her side . . .
3585,1769,12,29,121,162,1.3271604938271604,0.04782698199287786,656,You just think you're getting warmer.
2221,1770,10,32,117,159,1.3270440251572326,0.046787453303574665,656,"I am sick and tired of people speaking for the Earth-
Let the Earth speak for herself!"
1561,1770,11,30,118,159,1.3270440251572326,0.047630633866600894,656,"And now, we finally will listen to the Earth!"
2753,1772,7,37,112,156,1.3269230769230769,0.044706062837867086,656,Oh you think your so worldly!
3212,1772,9,33,114,156,1.3269230769230769,0.046519437081083706,656,"this is just a debate,you need to cool down."
4355,1772,11,29,116,156,1.3269230769230769,0.04826472830358097,656,"I say, release those so-called evolutionary records, Madame!"
4498,1772,9,33,114,156,1.3269230769230769,0.046519437081083706,656,There it  is !  My half world view.
1853,1776,8,34,111,153,1.326797385620915,0.04621004801952416,656,"No sir, it only ""feels"" like the weight of the whole world is on your shoulders."
3402,1776,12,26,115,153,1.326797385620915,0.04979323032289373,656,"So, can you tell us all a little more about this 'round-earth theory' of yours?"
4706,1776,7,36,110,153,1.326797385620915,0.045269959420803814,656,"It’s easy for your to say, “think locally, act globally,” but what about the rest of us?"
253,1779,8,33,109,150,1.3266666666666667,0.04681981899960586,656,Hold it right there...how can you claim to speak for the whole world when I stand here in opposition ?
2569,1779,8,33,109,150,1.3266666666666667,0.04681981899960586,656,Global domination on a world stage.
3596,1779,11,27,112,150,1.3266666666666667,0.049603949711638694,656,It is with great pleasure that I introduce someone you've all been dreading to hear speak.
5136,1779,12,25,113,150,1.3266666666666667,0.050497893872989946,656,Fake news! the world is flat.
3986,1783,9,30,108,147,1.3265306122448979,0.04842430550585128,656,Excuse me. Excuuuse me! Let me finish before you overheat.
581,1784,10,27,107,144,1.3263888888888888,0.050087201650166446,656,And arguing that climate change is real....
4381,1784,7,33,104,144,1.3263888888888888,0.04708877231112683,656,"Oh, and what evidence can you submit that PROVES you're not actually flat?"
1760,1786,12,22,107,141,1.326241134751773,0.05278126173890389,656,A vote for me is a vote against the world.
3864,1787,8,29,101,138,1.326086956521739,0.0495008871330691,656,"Thank you, Ms. Terra, your five minutes are up. The spokesman from OPEC will now read a rebuttal."
5237,1787,8,29,101,138,1.326086956521739,0.0495008871330691,656,You shouldn't allow yourself to get so heated!
2092,1787,9,27,102,138,1.326086956521739,0.05055812842419942,656,I yield my time.
119,1790,10,24,101,135,1.325925925925926,0.0523939130624497,656,"That's quite the costume, Donald."
1681,1790,11,22,102,135,1.325925925925926,0.0534385670233501,656,"OK,OK, we'll listen!"
5238,1790,5,34,96,135,1.325925925925926,0.04682232937849013,656,"You wouldn’t know it from my opponent, but there’s a whole other side to this story."
322,1793,10,23,99,132,1.3257575757575757,0.05322820875194869,656,"With all due respects,my opponent's personal experience with the enviornmental impact of human activity is anecdotal and , therefore,not relevant to our debate."
3797,1793,7,29,96,132,1.3257575757575757,0.04986242015716074,656,Please try to resist my opponent's natural gravity and focus on the issues.
3970,1793,6,31,95,132,1.3257575757575757,0.048688813118880785,656,Your perspective is way off.
3783,1796,11,20,98,129,1.3255813953488371,0.05520705245443456,656,Nobody cares what YOU have to say.
827,1797,6,29,91,126,1.3253968253968254,0.050179822770240114,656,I don't think you have the authority to talk about global warming.
1040,1798,15,24,127,166,1.3253012048192772,0.04924910228553742,656,"Sorry, but we don't care for your opinion on climate change"
2507,1799,14,12,97,123,1.3252032520325203,0.06053642537949794,656,"Ladies and Gentlemen, may I introduce the Democratic Nominee for President, The World."
324,1800,11,31,121,163,1.3251533742331287,0.04677223394249063,656,While my opponent may have a world view....
3877,1800,12,29,122,163,1.3251533742331287,0.04757501686820514,656,You think you have problems? Welcome to MY world!
3595,1802,10,31,116,157,1.3248407643312101,0.04714324714345959,656,Do you know who I am?
3987,1802,13,25,119,157,1.3248407643312101,0.04967357147632564,656,I've come here to say: I'll be fine. You'll be dead. Keep up the good work.
4805,1802,12,27,118,157,1.3248407643312101,0.04884469659938042,656,"I  mean, it's flat.  Look how flat it is."
4262,1805,7,36,111,154,1.3246753246753247,0.04502507283575765,656,Adios to my opponent!... crushed by carrying the weight of the world on his shoulder.
3138,1805,7,36,111,154,1.3246753246753247,0.04502507283575765,656,"They say that the whole world is against me, but I know it's not true. Some of the smaller countries are neutral."
1465,1807,9,31,111,151,1.3245033112582782,0.04749780417759235,656,Don't be fooled. My opponent is simply putting its own spin on the same old argument.
3505,1807,11,27,113,151,1.3245033112582782,0.04932181913913976,656,"When the world talks, people, listen"
472,1807,10,29,112,151,1.3245033112582782,0.04841840169236755,656,Who are you to say the earth isn't flat?!
504,1807,8,33,110,151,1.3245033112582782,0.04655900751672395,656,And now to speak to us about global warming.
4331,1811,10,28,110,148,1.3243243243243243,0.049091972001957924,656,And ask yourself: who exactly will my opponent represent?
1146,1811,11,26,111,148,1.3243243243243243,0.05001949998148977,656,I am pointing to the only country on the planet that is not fighting climate change.
701,1813,8,31,106,145,1.3241379310344827,0.047829076486352144,656,That's it? Hardly earth shattering news.
1829,1813,8,31,106,145,1.3241379310344827,0.047829076486352144,656,"OK, you made your point: you are round."
4260,1813,10,27,108,145,1.3241379310344827,0.049791479579978114,656,Why should voters believe you about global warming?
4269,1813,5,37,103,145,1.3241379310344827,0.04472431369734189,656,Clearly my opponent has taken his view of globalization too far.
4462,1813,7,33,105,145,1.3241379310344827,0.0468170387457846,656,"Ma’am, please calm down. I’m afraid you’re getting a little heated."
5243,1813,7,33,105,145,1.3241379310344827,0.0468170387457846,656,"You fit into a two-dimensional cartoon, that proves you're flat."
3478,1819,8,30,104,142,1.323943661971831,0.04850094845735905,656,"No, no -- you're confusing weather with climate."
4341,1819,11,24,107,142,1.323943661971831,0.05149769280137255,656,"When we at the EPA were invited to this debate on climate change, we weren’t told we would be debating the entire world!"
1940,1821,5,35,99,139,1.3237410071942446,0.045910689410651954,656,So you just expect us to take your word for it that you're getting warmer?
2929,1821,12,21,106,139,1.3237410071942446,0.05326952509689321,656,You don’t seem warm to me!
4867,1823,8,28,100,136,1.3235294117647058,0.049926256011680284,656,"I can tell you right now that you are most certainly not warming at all, and what's more, you're flat..."
2978,1823,11,22,103,136,1.3235294117647058,0.05309829022637882,656,And now Gaia will speak to the pro side for human extinction.
3165,1823,8,28,100,136,1.3235294117647058,0.049926256011680284,656,Bet you can't spin that one.
148,1826,13,28,126,167,1.3233532934131738,0.04749664311578435,656,"My opponent refers to herself as a so-called expert on climate change, but I don't buy it."
3697,1827,10,23,100,133,1.3233082706766917,0.052883231334244635,656,How dare you speak for the world!
597,1828,7,28,95,130,1.323076923076923,0.05030068754013894,656,"Apparently, my opponent considers herself the ""change"" candidate."
4643,1829,14,24,123,161,1.3229813664596273,0.049533918105284194,656,We don't care what the world has to say. We're America!
1950,1830,9,33,116,158,1.3227848101265822,0.04602123762796011,656,Hold it right there. Prove that you're getting warmer.
809,1830,9,33,116,158,1.3227848101265822,0.04602123762796011,656,"Easy, big fella! Some boundaries! Please!"
1009,1830,12,27,119,158,1.3227848101265822,0.04857809463183497,656,My opponent will try tonight to convince you that he is flat.
4018,1833,8,34,113,155,1.3225806451612903,0.04570857566673902,656,I don't think the Earth should have a say in this!
1801,1833,9,32,114,155,1.3225806451612903,0.046616103119451975,656,Enough with the 'think global' already!
552,1835,9,31,112,152,1.3223684210526316,0.047232556596034904,656,My opponent here is so old that when he went to school they didn’t even have history.
1212,1835,10,29,113,152,1.3223684210526316,0.048146160577332814,656,There’s a world of difference between us!
3109,1835,10,29,113,152,1.3223684210526316,0.048146160577332814,656,"Round, schmound. The real question in this election is, ""Where's Atlantis? What have you done with it?"""
4203,1835,13,23,116,152,1.3223684210526316,0.05078846232718948,656,Going twice at $14.99.
4475,1839,8,23,90,121,1.322314049586777,0.0540569998538909,656,"As a fossil fuel CEO, I know hot, and as yet, you, Madam, are no Venus."
2313,1840,11,26,112,149,1.3221476510067114,0.04973032333068207,656,Do I hear a second for ordering the rotating base?
2965,1840,10,28,111,149,1.3221476510067114,0.048809940965001956,656,My opponent would like you to think he has the weight of the world on his shoulders.
3622,1842,12,33,132,177,1.3220338983050848,0.04484324256041679,656,... and I say the earth is flat!
3507,1843,6,35,105,146,1.321917808219178,0.04552214419776124,656,I refuse to go there.
3286,1843,11,25,110,146,1.321917808219178,0.05044434724336882,656,"Please don't mansplain ozone depletion to me, sir"
3072,1843,12,23,111,146,1.321917808219178,0.05137222479218836,656,There's no need to get so heated.
497,1843,6,35,105,146,1.321917808219178,0.04552214419776124,656,I feel like it’s me versus the world up here!
927,1843,10,27,109,146,1.321917808219178,0.0494990793603276,656,Stop the World. I want to get off.
89,1843,10,27,109,146,1.321917808219178,0.0494990793603276,656,Is it not now completely obvious that my opponent is full of hot air?
1109,1843,10,27,109,146,1.321917808219178,0.0494990793603276,656,"Yeah, yeah sure, cry me a river."
3349,1850,8,30,105,143,1.3216783216783217,0.04821383494163514,656,"It's okay, I've got the electoral college votes."
3698,1850,10,26,107,143,1.3216783216783217,0.050215137082938524,656,Easy for you to criticize. You just keep turning.
3424,1850,8,30,105,143,1.3216783216783217,0.04821383494163514,656,Isn't that sort of a global response?
3346,1850,9,28,106,143,1.3216783216783217,0.04922465780499416,656,"I don’t have to listen to you anymore, Mom."
1661,1850,11,24,108,143,1.3216783216783217,0.05118645375973846,656,Just look at the size of his lands.
1687,1850,9,28,106,143,1.3216783216783217,0.04922465780499416,656,Global inflation is a looming problem.
1405,1850,6,34,103,143,1.3216783216783217,0.046125782023724735,656,"Indeed, my opponent holds a more global view."
737,1850,6,34,103,143,1.3216783216783217,0.046125782023724735,656,"As anyone can see, my opponent's reasoning is completely circular."
191,1850,4,38,101,143,1.3216783216783217,0.04393861234519244,656,I dare my opponent to not put spin on his comments.
2803,1859,10,25,105,140,1.3214285714285714,0.0509598083805325,656,You are full of hot air and it’s actually killing me.
2982,1859,11,23,106,140,1.3214285714285714,0.05195841599875229,656,If global warming is real then why aren't you sweating?
4870,1861,9,34,119,162,1.3209876543209877,0.04520936054380973,656,And I think I speak for the entire world when I say....
996,1862,10,23,101,134,1.3208955223880596,0.052542522517490864,656,So maybe I shouldn't have told Atlas to shrug...
4225,1862,10,23,101,134,1.3208955223880596,0.052542522517490864,656,"You can say ""round, round"" all you want but you look flat to me"
3270,1864,12,35,137,184,1.3206521739130435,0.043624649614925494,656,"I can't speak for the World, but...."
4420,1865,9,32,115,156,1.3205128205128205,0.046362454761498015,656,"My opponent makes a compelling argument, but we still maintain that Earth is flat!"
3469,1866,6,29,93,128,1.3203125,0.0495223167973229,656,My opponent simply continues circling the point in a roundabout way.
3510,1866,7,27,94,128,1.3203125,0.05074929907927204,656,"No I don't accept coal money, but you're getting warm!"
5095,1866,12,17,99,128,1.3203125,0.05648582864181389,656,Excuse me!  You’ve been getting hotter and hotter throughout this whole climate change debate!
1175,1869,16,17,120,153,1.3202614379084967,0.052992326659935585,656,"...political chaos, pestilence, overcrowding and you've got a fever...is that what we need in a sophomore class president?"
3949,1869,10,29,114,153,1.3202614379084967,0.04787682960264073,656,Doesn't feel that warm to me...
4301,1869,12,25,116,153,1.3202614379084967,0.049640602703948954,656,what makes you think you are getting warmer??
5214,1869,12,25,116,153,1.3202614379084967,0.049640602703948954,656,"Excuse me, please don’t Earth-splain to me"
3031,1873,10,20,95,125,1.32,0.05518298007830476,656,You don't speak for everybody
2443,1873,10,28,112,150,1.32,0.04853099288798357,656,Don’t you go mansplaining climate change to me.
178,1873,12,24,114,150,1.32,0.05034111826250448,656,Isolationist vs Globalist
3630,1876,10,35,127,172,1.319767441860465,0.044181662118652695,656,"You, sir, are not seeing the larger picture!"""
339,1877,7,33,107,147,1.3197278911564625,0.04628234241322265,656,"I should know better than Earth here, I've studied climate change for ten years!"
3305,1877,13,21,113,147,1.3197278911564625,0.05197290621033335,656,My opponent is nothing but a single-issue candidate.
3718,1877,11,25,111,147,1.3197278911564625,0.050147851995045616,656,"Need I point out, globalism is out of control!"
4019,1877,7,33,107,147,1.3197278911564625,0.04628234241322265,656,And I will make the Earth great again.
4148,1877,13,21,113,147,1.3197278911564625,0.05197290621033335,656,"Now that your Antarctic ice-cap is gone, what have you done with the penguins?!"
4819,1877,9,29,109,147,1.3197278911564625,0.04825381994708703,656,My opponent has accused me of not being 'down to earth!
4827,1877,9,29,109,147,1.3197278911564625,0.04825381994708703,656,My opponent simply has no worldview whatsoever
1155,1884,12,22,110,144,1.3194444444444444,0.05182449929758505,656,"Look at my opponent, Alice, who is carrying the world on her shoulders. ALICE? Alice?"
1788,1884,10,26,108,144,1.3194444444444444,0.049915213444351805,656,Nor will I allow the age and experience of my opponent keep me from the truth!
3757,1884,14,18,112,144,1.3194444444444444,0.05366590092130745,656,Isn’t it curious how my opponent’s solutions always seem to benefit mostly her?
4718,1884,8,30,106,144,1.3194444444444444,0.047929931555813904,656,"My opponent here, thinks he holds a world view."
3152,1888,10,25,106,141,1.3191489361702127,0.05064842857122588,656,"All right Earth, calm down. You're getting a little heated there."""
1790,1889,11,30,122,163,1.3190184049079754,0.04662795930378374,656,Make the Americas Great Again!
4493,1889,6,40,117,163,1.3190184049079754,0.042372925065903344,656,And I say you DO have room for 3 billion more people!
4731,1891,7,30,101,138,1.318840579710145,0.04822624144096608,656,I concede that my opponent's arguments are supported by the weight of world opinion...
4847,1891,7,30,101,138,1.318840579710145,0.04822624144096608,656,Don't get me wrong. I think the world of you!
3231,1891,10,24,104,138,1.318840579710145,0.0514113794009978,656,Who in the world asked for your opinion?
2914,1891,12,20,106,138,1.318840579710145,0.05342942052378383,656,Would you stop going in circles? Things are getting heated.
2012,1891,4,36,98,138,1.318840579710145,0.04481529644140901,656,Even now you can't stop spinning. . .
154,1891,6,32,100,138,1.318840579710145,0.04711670447649494,656,The world has finally decided to join us in our discussion.
335,1897,9,33,118,160,1.31875,0.04553307164257147,656,"I get it - you're a big picture guy. But, you have to consider the details."
1510,1897,12,27,121,160,1.31875,0.04805319624969103,656,"Break into ""We Are the World"" and I'm outta here."
1739,1897,6,39,115,160,1.31875,0.04286503886156844,656,Wait! It's not my fault. I belong to the Sierra Club
2592,1897,11,29,120,160,1.31875,0.04722809881426588,656,you act like you're sooooo worldly
3234,1897,8,35,117,160,1.31875,0.04466144042690841,656,The era of what goes around comes around is over!
4500,1902,8,27,100,135,1.3185185185185184,0.05004348783418763,656,"The world will little note nor long remember what I'm saying here.  Nevertheless, I persist."
3613,1902,6,31,98,135,1.3185185185185184,0.04778319825611717,656,"Unlike my opponent here, I am NOT a globalist!"
1513,1902,8,27,100,135,1.3185185185185184,0.05004348783418763,656,...my opponent here has connections to radical environmentalists and vegan activists!
343,1902,8,27,100,135,1.3185185185185184,0.05004348783418763,656,"Ladies and gentlemen, I have earth-shattering information!"
3426,1902,8,27,100,135,1.3185185185185184,0.05004348783418763,656,"Yes, yes, I get your not-so-subtle point, Mr Atlas."
245,1907,10,30,117,157,1.3184713375796178,0.04698853377262087,656,"I said it once and I'll say it again, it's not just about you!"
1685,1907,10,30,117,157,1.3184713375796178,0.04698853377262087,656,Just because you’re more worldly does not mean you get to dominate this debate!
2125,1907,11,28,118,157,1.3184713375796178,0.04784957286568857,656,And now I’d like to introduce the world’s biggest Flat Earth skeptic.”
3483,1907,13,24,120,157,1.3184713375796178,0.04952676304873006,656,Let's give a great big welcome - to everyone!
4244,1911,11,20,101,132,1.3181818181818181,0.05411387592979287,656,Now you’re dying? You’ve been fine for a bazillion years!
3188,1911,9,31,114,154,1.3181818181818181,0.04671043225372382,656,"The world may disagree with me, but I stand firmly by my belief!"
3243,1911,8,33,113,154,1.3181818181818181,0.045792816505496894,656,"I wonder, where on earth is my opponent tonight?"
382,1911,9,31,114,154,1.3181818181818181,0.04671043225372382,656,"Release the hot air, Sir!"
1255,1911,9,31,114,154,1.3181818181818181,0.04671043225372382,656,"I offer all speakers a bottle of water, but you’re right—it was uniquely insensitive in your case."
264,1911,8,26,98,132,1.3181818181818181,0.05080679388756212,656,"I, on the other hand, firmly reject globalism!"
1905,1917,9,30,112,151,1.3178807947019868,0.047331306980677175,656,"Moreover, my opponent is not even a U.S. citizen!"
4750,1917,11,26,114,151,1.3178807947019868,0.04916149979404823,656,Think of your ice caps before you let this debate get any more heated!
173,1919,6,29,94,129,1.317829457364341,0.04919962122010118,656,I would warn you about being swayed by my honourable opponent’s easily discredited  “One World” philosophy.
3925,1920,10,34,126,170,1.3176470588235294,0.044482192678532165,656,You're talking in circles.
1013,1921,10,27,111,148,1.3175675675675675,0.04892403821418605,656,I don't believe this fake news. The earth is flat!
1102,1921,10,27,111,148,1.3175675675675675,0.04892403821418605,656,"Flat-earthers: ""Fake news"""
2488,1921,11,25,112,148,1.3175675675675675,0.04985469063729482,656,Is that all you have to offer?
3363,1921,9,29,110,148,1.3175675675675675,0.047975335869860275,656,"Sorry, but you are flat-out wrong!"
2158,1925,9,22,95,126,1.3174603174603174,0.05363106615799874,656,No one's looking for a revolution.
908,1926,10,33,124,167,1.3173652694610778,0.045017067328523216,656,"I am calling into question, my opponent's qualifications on climate change."
2709,1926,10,33,124,167,1.3173652694610778,0.045017067328523216,656,"the whole world is ganging up on me, not fair"
585,1928,8,30,107,145,1.3172413793103448,0.047649189260170415,656,"Yes, my opponent may be more worldly..."
2137,1928,10,26,109,145,1.3172413793103448,0.04961870734287214,656,"With that, I conclude, that Earth is in fact, flat."
2611,1930,9,21,93,123,1.3170731707317074,0.0545382433536534,656,We will no longer comply with the Paris Climate Accords despite the opposition!
3054,1930,7,38,119,164,1.3170731707317074,0.04303683889174222,656,The whole world is watching!
3487,1930,12,28,124,164,1.3170731707317074,0.04718318553499707,656,Wrong!
4567,1933,10,25,107,142,1.3169014084507042,0.05034068164352512,656,I think I know more about global warming than you do genius
4278,1933,13,19,110,142,1.3169014084507042,0.05323396087964793,656,Mr Atlas will be back in a moment!
2902,1933,8,29,105,142,1.3169014084507042,0.04831567019715917,656,"OK, you do feel a bit warmer, but still. . ."
2718,1933,11,23,108,142,1.3169014084507042,0.05132323400957692,656,"I'm sorry, but ""The World is Not Enough""."
613,1933,7,31,104,142,1.3169014084507042,0.04727064486267993,656,Obviously my opponent is feeling the heat!
723,1933,7,31,104,142,1.3169014084507042,0.04727064486267993,656,"Stop embarrassing me, mother!"
33,1933,10,25,107,142,1.3169014084507042,0.05034068164352512,656,"Well, ""Mother"" Earth, a little contraception wouldn't hurt, you know."
1542,1933,7,31,104,142,1.3169014084507042,0.04727064486267993,656,Don't be so smug. We all have a dark side!
1787,1941,14,29,137,180,1.3166666666666667,0.045584009523852095,656,Our next speaker will be Donald Trump's ego.
1548,1942,10,24,105,139,1.316546762589928,0.05109169093298822,656,My opponent  claims to be affected by Climate Change
188,1943,12,26,120,158,1.3164556962025316,0.0484281740602216,656,My opponent is a globalist.
3723,1943,11,28,119,158,1.3164556962025316,0.04758846906261719,656,"If my opponent is actually warming, burning, or on fire, wouldn't we all have seen smoke?"
4402,1945,6,31,99,136,1.3161764705882353,0.047488338073464136,656,"""I see a world of differences between my opponent and myself."""
1883,1946,9,31,115,155,1.3161290322580645,0.04645347480325674,656,My opponent promises everything in the world.  But can he really deliver?
2491,1946,10,29,116,155,1.3161290322580645,0.047346726411212244,656,My opponent can't seem to stop talking in circles.
906,1948,12,18,103,133,1.3157894736842106,0.054808040345096835,656,"I said I'd debate the Democrats, not the entire Western Hemisphere!"
2868,1948,6,30,97,133,1.3157894736842106,0.04817047111201311,656,There was absolutely no collusion with either continent!
3579,1948,10,22,101,133,1.3157894736842106,0.05268850874113132,656,"First, I would like to address my opponent's claim that the earth is round..."
4195,1951,10,27,112,149,1.3154362416107384,0.048641296477702066,656,Your circular logic has no place in this debate!
2596,1951,14,19,116,149,1.3154362416107384,0.05223748280019368,656,"And contrary to the President's twitter assertion,  the world is round."
2560,1951,11,25,113,149,1.3154362416107384,0.04956481054739255,656,My first visual aid: The earth is flat.
3473,1951,11,25,113,149,1.3154362416107384,0.04956481054739255,656,You don’t feel warmer to me.
518,1951,10,27,112,149,1.3154362416107384,0.048641296477702066,656,I think it's fairly obvious that I speak for everyone here...
51,1951,11,25,113,149,1.3154362416107384,0.04956481054739255,656,Look who is finally warming up?
2166,1951,9,29,111,149,1.3154362416107384,0.04769990567563531,656,"Well, what the hell do YOU know?"
26,1958,12,22,112,146,1.3150684931506849,0.05120505763127899,656,"Whoa! Whoa! Whoa! You’re getting a bit heated there, buddy."
1369,1958,8,30,108,146,1.3150684931506849,0.04737155984200183,656,You don’t get a say in the matter!
859,1960,9,22,96,127,1.31496062992126,0.05326578423083279,656,Just because you represent the entire world doesn’t make you right.
1487,1960,7,26,94,127,1.31496062992126,0.050865263351523825,656,"I assure you, you are not sick, there is no Climate change, now get back into your orbit where you belong."
4299,1962,7,31,105,143,1.3146853146853146,0.04699120125228247,656,Where's Atlas you asked?
2083,1962,8,29,106,143,1.3146853146853146,0.04802776333926085,656,Could you just be a little less global?
244,1962,8,29,106,143,1.3146853146853146,0.04802776333926085,656,Just stop! I'm getting off.
1881,1962,8,29,106,143,1.3146853146853146,0.04802776333926085,656,Global warming? At her age? It's clearly hot flashes.
772,1966,14,22,123,159,1.3144654088050314,0.049789273945358044,656,We’ll take a five minute break as Atlas goes to the bathroom.
1183,1966,13,24,122,159,1.3144654088050314,0.048983265551674905,656,"I served with Planet Earth. I knew Planet Earth. Planet Earth was a friend of mine. Senator, you're no Planet Earth!"
1466,1966,11,28,120,159,1.3144654088050314,0.047330088868561035,656,Are you okay? You feel hot.
3093,1966,7,36,116,159,1.3144654088050314,0.04383709991212755,656,Stop looking at my notes!
4633,1970,9,26,105,140,1.3142857142857143,0.049753466503940344,656,I have no response to my opponent's heated argument.
288,1970,7,30,103,140,1.3142857142857143,0.04764302239909952,656,It's just me against you now.
3059,1970,11,22,107,140,1.3142857142857143,0.051777961286596924,656,"When they said it'd be ""me v. the world,"" I didn't think it would come to this."
3291,1970,10,24,106,140,1.3142857142857143,0.05077580479005254,656,"Please don't interrupt,ma'am,I'm not done explaining the way the world works."
5223,1970,8,28,104,140,1.3142857142857143,0.04870967569425921,656,"I'm here to tell you: I'm burning up on the inside, too!"
3521,1975,17,15,124,156,1.314102564102564,0.052877878860115135,656,"Now for an opposing view in our climate change debate,  from Planet Earth!"
2751,1975,12,25,119,156,1.314102564102564,0.04881091213090623,656,"Without further ado, I give you Mother Earth"
1644,1975,9,31,116,156,1.314102564102564,0.046199201131996555,656,... and I intend to prove you are flat in this debate...
2701,1975,8,33,115,156,1.314102564102564,0.045295178543592024,656,"Yes, it’s your fault."
1015,1975,8,33,115,156,1.314102564102564,0.045295178543592024,656,My opponent is resorting to her usual scare tactics.
718,1980,5,28,88,121,1.3140495867768596,0.049838662361774665,656,"As you can see, my opponent is constantly getting hot and bothered."
1854,1981,8,27,102,137,1.313868613138686,0.04941893451080853,656,You see. Flat!
3653,1981,8,27,102,137,1.313868613138686,0.04941893451080853,656,You may say you are warming but the GOP is not impressed
635,1983,10,28,115,153,1.3137254901960784,0.04771218268551839,656,"You’re spinning my words again...all day long with you — spin, spin, spin!"
696,1983,9,30,114,153,1.3137254901960784,0.04680227627595454,656,Not exactly the correct answer but you're getting hotter....
1068,1983,10,28,115,153,1.3137254901960784,0.04771218268551839,656,My opponent wants you to believe he's not flat.
4346,1983,11,26,116,153,1.3137254901960784,0.048605058261684916,656,You don't have a leg to stand on in this climate change debate.
5036,1983,10,28,115,153,1.3137254901960784,0.04771218268551839,656,You have one minute for the rebuttal; and please don't stop spinning.
1081,1988,7,28,99,134,1.3134328358208955,0.04902587203968554,656,"You’ve heard from the rest of the world, now it’s my turn."
4743,1989,9,29,112,150,1.3133333333333332,0.047427483010045526,656,"In spite of mountains of evidence, my opponent  insists she’s only 2000 years old."
4408,1990,14,29,139,182,1.3131868131868132,0.04514843456956258,656,"Shakespeare was right, all the world is a stage."
73,1991,11,19,101,131,1.3129770992366412,0.05427574652342558,656,Please give a nice round of applause for our next speaker at this flat earth fact finding symposium.
416,1992,11,24,112,147,1.3129251700680271,0.049976903703384916,656,"Sorry, but I think your argument still falls flat."
1030,1992,5,36,106,147,1.3129251700680271,0.044029116991873576,656,"No, I don't think it's warm in here!"
5216,1994,9,33,121,163,1.312883435582822,0.04481903525092777,656,He wasn't even born in America!
4938,1995,9,22,97,128,1.3125,0.0529052599977835,656,"We can fit the whole world on this stage, but we can’t fit all the people running for President!"
4542,1995,6,28,94,128,1.3125,0.04929373233225594,656,My opponent shows a clear north-south bias
4464,1995,10,20,98,128,1.3125,0.05405550879879,656,I can safely say I speak on behalf of the world...
2941,1995,9,27,108,144,1.3125,0.04874966379658141,656,All my opponent cares about is herself!
1389,1995,10,25,109,144,1.3125,0.0497358504240635,656,Shouldn't that be 'I am the world'?
1975,1995,13,19,112,144,1.3125,0.05258355359596866,656,I alone know the truth and the whole world is lying.
817,1995,6,33,105,144,1.3125,0.045663491203634755,656,And I happen to think that politics are local.
12,1995,10,25,109,144,1.3125,0.0497358504240635,656,Climate change? You're being shrill and hysterical. That's exactly why you can't be trusted to regulate yourself.
2783,1995,10,25,109,144,1.3125,0.0497358504240635,656,Sorry.
134,2004,5,39,113,157,1.3121019108280254,0.042243841578285826,656,"Hold on there, this is a CPAC meeting, we do not care what you have to say."
1490,2004,11,27,119,157,1.3121019108280254,0.04769169796998167,656,I am from the Trump Administration and I say the world is flat!
2119,2004,7,35,115,157,1.3121019108280254,0.04413457585552992,656,"Just wait a minute, you'll get your turn."
4774,2004,9,31,117,157,1.3121019108280254,0.04594757252133935,656,"Here on Mars Today, we ask “ Earth , is there life on you “”"
3229,2008,6,32,103,141,1.3120567375886525,0.04627431508275273,656,My opponent thinks he’s the world authority on everything!
2807,2008,8,28,105,141,1.3120567375886525,0.048414321037946136,656,Our next speaker will discuss the benefits of gravity and why you all don't fly off into space.
105,2008,5,34,102,141,1.3120567375886525,0.04516630507119393,656,"With all due respect Sen. Earth, how is your distribution of resources for billions greater than my need to support my business?"
1014,2008,10,24,107,141,1.3120567375886525,0.050463657484894515,656,Oh yeah? You and what atmosphere?
2042,2008,8,28,105,141,1.3120567375886525,0.048414321037946136,656,My opponent here does not believe that American jobs should be our #1 priority in 2020.  Sad!
3538,2013,10,19,96,125,1.312,0.05496743904202477,656,You claim you're feeling warmer but have you ever considered it's just a hot flash?
4780,2014,8,37,125,170,1.311764705882353,0.04273802964748733,656,Of course I believe you're warming up --- especially since you dripped ice water all over half of the chairs in the Green Room!
4448,2015,8,32,114,154,1.3116883116883118,0.045620974131008275,656,"Our next speaker wants to weigh in on the debate around the use of the word ""globalist""."
1826,2015,11,26,117,154,1.3116883116883118,0.04833136242785805,656,There was NO ROTATION!
2366,2015,11,26,117,154,1.3116883116883118,0.04833136242785805,656,"Yes, you Edith Perkins of 345 Glenn street in Boise, Idaho... your chance to rebut me."
1095,2015,8,32,114,154,1.3116883116883118,0.045620974131008275,656,"And see that up there?  That used to be the United States, but their Congress allowed a narcissistic sociopath to be president.  The country is now just a blip in history."
998,2015,7,34,113,154,1.3116883116883118,0.0446809897253688,656,"If earth isn’t going to use all of its allotted time, I’ll continue.."
3077,2020,8,27,103,138,1.3115942028985508,0.049112212093043395,656,It's quite obvious my opponent has no plan to fight inflation.
3593,2020,9,25,104,138,1.3115942028985508,0.05017764342283398,656,And on this side we have the opposing view on global warming.
2295,2022,6,26,90,122,1.3114754098360655,0.05084566947610128,656,Feels like you are on a different planet on this issue.
2959,2023,11,25,115,151,1.3112582781456954,0.04899468860124077,656,My opponent here would like you to believe he’s God’s gift to the world.
4479,2023,9,29,113,151,1.3112582781456954,0.04715802232527832,656,Stop! As the President of the Flat Earth Society I refute your lame hypothesis.
1147,2025,9,24,102,135,1.3111111111111111,0.05093559886023872,656,"Turns out you aren’t flat, but you’re still not warming!"
1797,2025,9,24,102,135,1.3111111111111111,0.05093559886023872,656,"As you can clearly see, my opponent is a globalist of the worst kind."
4255,2027,8,21,90,119,1.3109243697478992,0.054361017591074236,656,As you can see North American is barely connected to South America
287,2028,10,26,112,148,1.3108108108108107,0.0487491556409747,656,"My opponent will promise you the world, but does it look like he can deliver?"
2726,2028,10,26,112,148,1.3108108108108107,0.0487491556409747,656,My opponent appears to have the weight of the world on his shoulders
739,2030,6,29,97,132,1.3106060606060606,0.04825497060422663,656,You haven’t got a leg to stand on!
3782,2030,9,23,100,132,1.3106060606060606,0.05172546230848569,656,"I'm sorry, but we're not concerned with your opinion here."
1856,2032,8,34,119,161,1.31055900621118,0.04426419206451489,656,"Mars, if you're listening, I hope you're able to find the 30,000 emails that are missing!"
2359,2032,10,30,121,161,1.31055900621118,0.04598476054335667,656,Apparently you're unaware of how I destroyed Jupiter in last night's debate or you wouldn't even be here.
2649,2032,13,24,124,161,1.31055900621118,0.04845118633107179,656,My opponent says she's just getting warmed up. I say that's a hoax.
3391,2035,11,23,111,145,1.3103448275862069,0.05039807188136495,656,"See, look! You're flat!"
5247,2035,8,29,108,145,1.3103448275862069,0.04746166165991397,656,You created the swamp!
5062,2037,5,39,114,158,1.3101265822784811,0.04202207673371664,656,"Okay, I’ll concede that you’re round!"
3421,2037,11,27,120,158,1.3101265822784811,0.04743004178276733,656,"You say you have a world of evidence, but I have my opinions..."
2147,2037,11,27,120,158,1.3101265822784811,0.04743004178276733,656,"And now let's hear from my opponent, Mother Earth."
2152,2040,7,26,96,129,1.310077519379845,0.05019155362972818,656,"Cool down, you are getting a little too heated."
1409,2041,8,37,126,171,1.3099415204678362,0.04252646413566294,656,"Why madam, you are nothing but a climate change alarmist!"
3601,2041,9,35,127,171,1.3099415204678362,0.043327815563287166,656,"You may in fact speak for the Americas, but I answer to Bezos."
4898,2041,11,31,129,171,1.3099415204678362,0.044887620795660756,656,. . . and that is why I don't call my opponent Mother Earth. I call her Fatty McEarthface.
2953,2044,11,22,109,142,1.3098591549295775,0.05114130310212722,656,My opponent claims to care about the Earth...
431,2044,6,32,104,142,1.3098591549295775,0.045999807376209914,656,"I pledge to act in the best interests of the little man, whereas my opponent’s policies are clearly self-serving."
831,2044,12,20,110,142,1.3098591549295775,0.05210876129645277,656,"Yeah, your ego is big, but my ego is bigger. I have the best ego."
2296,2044,9,26,107,142,1.3098591549295775,0.04914928932598675,656,"...Thank you for your input, Earth, but I’m afraid we’ll have to leave it there."
3789,2044,9,26,107,142,1.3098591549295775,0.04914928932598675,656,I knew Europe.  Europe was a friend of mine. America - you are no Europe.
3830,2044,11,22,109,142,1.3098591549295775,0.05114130310212722,656,We’ll get to you later.
4393,2044,10,24,108,142,1.3098591549295775,0.05015518679176264,656,Global warming? Hah! You don't look so hot to me!
4621,2051,10,28,117,155,1.3096774193548386,0.04718088798079555,656,"Atlas, come back here!"
1380,2052,8,23,95,126,1.3095238095238095,0.05220750504253616,656,"My fellow citizens, don't let my opponent continue to polarize us!"
3940,2053,9,25,105,139,1.3093525179856116,0.04986575750541569,656,Make the world go away!
1588,2053,10,23,106,139,1.3093525179856116,0.05090047333909807,656,Our guest speaker will argue for the colonization of Mars
376,2055,10,27,115,152,1.3092105263157894,0.047811600749434566,656,Don't fall for my opponent's circular reasoning.
911,2055,7,33,112,152,1.3092105263157894,0.0449948223577036,656,You’re flat out wrong!
205,2055,7,33,112,152,1.3092105263157894,0.0449948223577036,656,Let everyone note how you consistently change your position on the issues as you rotate.
260,2055,10,27,115,152,1.3092105263157894,0.047811600749434566,656,Not your turn!
3500,2055,9,29,114,152,1.3092105263157894,0.046891478868581825,656,"I’d like to teach the world to sing, in perfect harmony..."
4477,2060,10,35,133,178,1.3089887640449438,0.04290801212505469,656,I dare you to speak with one voice.
4665,2061,9,20,94,123,1.3089430894308942,0.054309278283659695,656,"My opponent has a world of ideas, but, will it be around long enough to deliver?"
391,2062,8,26,102,136,1.3088235294117647,0.0495235533875104,656,So you're saying that Al Gore doesn't deserve all the credit for the documentary either?
871,2062,9,24,103,136,1.3088235294117647,0.050611409800550226,656,"OK earth (if that is your real name), tell us what you know about global warming"
3117,2062,7,28,101,136,1.3088235294117647,0.04841125776358175,656,"So every 60,000,000 years or so you change. Very unreliable. So what's it's going to be this time?"""
4314,2062,8,26,102,136,1.3088235294117647,0.0495235533875104,656,- People are not gonna buy this: a revolution every year it's not a real revolution!
4426,2062,9,24,103,136,1.3088235294117647,0.050611409800550226,656,I feel like we're just spinning in circles
4912,2062,7,28,101,136,1.3088235294117647,0.04841125776358175,656,"My opponent here claims to be his own man, but in reality he's still being pushed around by the sun."
186,2068,10,26,113,149,1.308724832214765,0.048465786072753994,656,I will not feel your forehead because I absolutely do not believe global warming is real.
2647,2068,10,26,113,149,1.308724832214765,0.048465786072753994,656,That’s unfair! Of course you can promise them the world!
2574,2070,6,25,89,120,1.3083333333333333,0.05130759840928513,656,"Although you did not precisely  guess my position on climate change, you are getting warm."
3239,2071,11,19,103,133,1.3082706766917294,0.05355918564359992,656,"And, next up on ‘Hot or Not’...."
743,2071,7,27,99,133,1.3082706766917294,0.04912129579514996,656,"... and the people will not by your ""too big to fail"" argument."
2022,2073,8,29,109,146,1.3082191780821917,0.047183366256693095,656,My opponent is living proof that the polar regions are disappearing.
2778,2073,9,27,110,146,1.3082191780821917,0.048174094310145625,656,My opponent continues to argue that climate change is real.
3849,2073,6,33,107,146,1.3082191780821917,0.04513671929520491,656,"We all think the world of you, but you can't keep hiding your dark side."
3962,2073,8,29,109,146,1.3082191780821917,0.047183366256693095,656,The stage is set for world domination.
4438,2073,7,31,108,146,1.3082191780821917,0.04617138442827639,656,Your globalist view holds no weight here!!
5018,2073,12,21,113,146,1.3082191780821917,0.0510310032869381,656,"Ma’am, your personal problems are of no concern to the american people"
5171,2073,9,27,110,146,1.3082191780821917,0.048174094310145625,656,Hold your ozone. Your chance to speak will be after the 2020 election.
422,2080,10,29,120,159,1.3081761006289307,0.04631959390413101,656,Is it hot in here or is that just you warming?
5231,2081,6,32,105,143,1.3076923076923077,0.04572836480626379,656,"She’s well rounded, but her foreign policy is superficial at best."
4210,2081,10,20,100,130,1.3076923076923077,0.0533282874545292,656,I think I know a little bit more about globalization than you.
680,2081,6,32,105,143,1.3076923076923077,0.04572836480626379,656,"I still have the floor, or crust, if you prefer."
1217,2081,14,20,122,156,1.3076923076923077,0.05032186281531149,656,Oh fuck.
2489,2085,9,29,115,153,1.3071895424836601,0.04662780867057975,656,"I now yield to my opponent from the North, South, East and West."
1116,2086,9,25,106,140,1.3071428571428572,0.0495575786783754,656,And now Miss World will say a few words.
3836,2086,7,29,104,140,1.3071428571428572,0.047438420701218044,656,"No, this isn’t what ‘America First’ means.”"
4388,2086,9,25,106,140,1.3071428571428572,0.0495575786783754,656,No borders? Are you kidding me?
1446,2089,5,29,93,127,1.3070866141732282,0.048100802145669815,656,"Sure, you think globally, but you sure aren't acting very locally."
2717,2090,7,36,120,163,1.3067484662576687,0.04292855213042614,656,Around and around we go again.
3839,2090,12,26,125,163,1.3067484662576687,0.04713345306901847,656,"I’m sorry, but the correct spelling is P-A-N-G-E-A"
1821,2092,8,30,112,150,1.3066666666666666,0.04629123511982281,656,Well what about the European view.
2056,2092,11,24,115,150,1.3066666666666666,0.04910534415679868,656,The planet wishes to be heard.
2095,2092,9,28,113,150,1.3066666666666666,0.04724789844566308,656,Your policies seem to be very self-serving.
2638,2092,10,26,114,150,1.3066666666666666,0.04818557217824302,656,"I would ask my opponent to present evidence for this 'global warming'"""
3686,2092,8,30,112,150,1.3066666666666666,0.04629123511982281,656,My opponent freely admits that she longs to return to the Stone Age.
110,2097,10,22,105,137,1.3065693430656935,0.051347288033218454,656,Let earth speak for itself.
4209,2097,10,22,105,137,1.3065693430656935,0.051347288033218454,656,"Wait, wait! I promise no more denial about climate change!"
5271,2099,8,22,94,124,1.3064516129032258,0.052697270097662195,656,#MeToo
1073,2099,3,32,89,124,1.3064516129032258,0.04605812151986294,656,And our next speaker is Mother Earth who comes to tell us about  having too many hot flashes.
3977,2101,13,23,124,160,1.30625,0.04856176366172368,656,"Wait a minute, you'll get your turn."
87,2101,11,27,122,160,1.30625,0.04691494629150278,656,You need to wait your turn
19,2103,6,33,108,147,1.3061224489795917,0.0448776226593899,656,My opponent is clearly trying to give this debate a hostile climate.
619,2103,4,37,106,147,1.3061224489795917,0.04275073210282462,656,"If my opponent didn't want us to use fossil fuels, why did she provide them to us?."
2565,2103,5,35,107,147,1.3061224489795917,0.04382708130189635,656,The question is why is my opponent getting so heated in his argument.
3690,2103,11,23,113,147,1.3061224489795917,0.04979900416811918,656,"Yes, and in this election, it truly is me against the world."
4315,2103,6,33,108,147,1.3061224489795917,0.0448776226593899,656,"And needing no introduction, it's A Small World."
4443,2103,7,31,109,147,1.3061224489795917,0.045904128089684255,656,"In closing, remember to sign up and support MEFA on your way out. Make Earth Flat Again"
4779,2103,12,21,114,147,1.3061224489795917,0.05072601675917304,656,"Global warming is a hoax, despite what this so called ‘expert’ may have you believe!"
4232,2110,11,19,104,134,1.3059701492537314,0.05320774446831927,656,Why should we trust you? You keep changing your climate!
3745,2110,9,23,102,134,1.3059701492537314,0.05105509152021827,656,"I think the world of my esteemed opponent,but he lacks the necessary gravitas"
2725,2110,5,31,98,134,1.3059701492537314,0.046451468949880066,656,I can also have a global perspective!
2866,2110,8,25,101,134,1.3059701492537314,0.049943983816910474,656,There's a world of difference between you and me.
4812,2114,7,38,125,170,1.3058823529411765,0.04175664070609713,656,I concede that the world does in fact revolve around my opponent.
1412,2115,11,26,120,157,1.305732484076433,0.047527827259940675,656,Where on Earth did that idea come from?
1844,2115,13,22,122,157,1.305732484076433,0.04921598316306375,656,"I’m not going to exploit, for political purposes, my opponent’s youth and inexperience."
2517,2115,10,28,119,157,1.305732484076433,0.046660851328738664,656,It seems to be getting a little warm in here.
3590,2115,13,22,122,157,1.305732484076433,0.04921598316306375,656,What in the world do you mean?
4853,2115,10,28,119,157,1.305732484076433,0.046660851328738664,656,"Forgotten for so long........here she is
Mother Earth!"
372,2120,7,30,107,144,1.3055555555555556,0.04651592555671656,656,"And with her first try at slam poetry, here’s Earth with Get the #*%€ off of me!"
2086,2121,9,22,100,131,1.3053435114503817,0.051851372774513585,656,How’s the weather ?
5135,2122,9,29,116,154,1.3051948051948052,0.04636696853343518,656,"if there are no labels,how do we know where we are?"
1531,2122,12,23,119,154,1.3051948051948052,0.0490361405949878,656,Behold!  Atlas Shrugged!!!!
5106,2122,7,33,114,154,1.3051948051948052,0.04449866172519505,656,"I'm sorry for getting so heated, but you started it."
2353,2125,8,20,90,118,1.305084745762712,0.05450643057840294,656,"Joining us tonight for our discussion on flat earth theory, is Round Earth."
291,2126,9,25,107,141,1.3049645390070923,0.049253045114226846,656,You and your ‘global perspective’ vastly underestimate the size of my ego!
2307,2127,6,38,120,164,1.3048780487804879,0.04182186558316698,656,I heard you the first time ‘round
1141,2128,10,19,99,128,1.3046875,0.053837245789534555,656,"My opponent has been touting the same circular argument for less than 10,000 years!"
2805,2128,10,19,99,128,1.3046875,0.053837245789534555,656,"You'll be able to see my unbelievably tremendous wall from this far away, I promise"
4177,2130,9,28,114,151,1.304635761589404,0.046977875101902516,656,"Frank attempted to debate global warming, but the evidence was too overwhelming”.."
1139,2130,8,30,113,151,1.304635761589404,0.04602847519024936,656,"In this debate, it is me against the world. Literally."
1566,2130,8,30,113,151,1.304635761589404,0.04602847519024936,656,Try to see it from my point of view
3419,2130,7,32,112,151,1.304635761589404,0.04505907575160468,656,Do you need some ice in your water?
4634,2130,9,28,114,151,1.304635761589404,0.046977875101902516,656,You need to chill!
3083,2135,6,30,102,138,1.3043478260869565,0.046691779280993786,656,"So..extinction, yes or no?"
3454,2135,12,25,124,161,1.3043478260869565,0.04748608676657739,656,"Talk about a Me vs. The World moment, am I right?"
4840,2135,12,25,124,161,1.3043478260869565,0.04748608676657739,656,Why do you keep insisting that your self-interest trumps mine?
5276,2135,5,32,101,138,1.3043478260869565,0.045544875997504314,656,"Contrary to my opponent, I'm here to talk about good clean coal!"
2420,2139,12,28,131,171,1.304093567251462,0.04550187758250946,656,"Hyperbole aside, I think we can BOTH speak to the global issues facing this election"
3712,2140,9,27,112,148,1.304054054054054,0.0476114380507279,656,My opponent is clearly melting under this heat
4849,2140,7,31,110,148,1.304054054054054,0.0456398039713563,656,"Let me just say, it means the world to be here."
2802,2140,10,25,113,148,1.304054054054054,0.04856724921812574,656,There is no debating this; you are full of hot air
846,2140,6,33,109,148,1.304054054054054,0.04462132946458001,656,"If you look very ,very carefully, you can see Fullerton, Nebraska."
991,2140,7,31,110,148,1.304054054054054,0.0456398039713563,656,"My opponent will tell you he is getting warmer, but I say that is fake news."
156,2140,9,27,112,148,1.304054054054054,0.0476114380507279,656,"Yes, my opponent is definitely more worldly than I."
2630,2140,7,31,110,148,1.304054054054054,0.0456398039713563,656,I served for 30 years on the Committee on Energy and Natural Resources-what experience do you have?!
3985,2147,7,24,94,125,1.304,0.05108373896942915,656,My opponent surely cannot shrug off the fact that he is a Globalist.
476,2148,10,28,120,158,1.3037974683544304,0.04640495011598184,656,I don't see your point.
1462,2148,11,26,121,158,1.3037974683544304,0.047265685759864,656,My opponent is inflating his view.
2582,2150,9,23,103,135,1.3037037037037038,0.05072615220833686,656,How did you get in here?
3918,2150,10,21,104,135,1.3037037037037038,0.05180444804625277,656,Welcome to this evening's first presidential 2020 debate
4399,2152,8,28,109,145,1.303448275862069,0.0472664027470163,656,"Sheer, unmitigated, hemispherism!"
2605,2152,8,28,109,145,1.303448275862069,0.0472664027470163,656,"Earth, I studied Pluto. I knew Pluto. Pluto was a friend of mine. Earth, you are no Pluto."
3124,2152,5,34,106,145,1.303448275862069,0.04412206371877985,656,Sure. I know it doesn't look like much now. But a border here and a wall there... it'll be great!
595,2152,11,22,112,145,1.303448275862069,0.050214232548971914,656,Who said you could have a say?
1440,2152,11,22,112,145,1.303448275862069,0.050214232548971914,656,"And standing in for Sisyphus, let me introduce the ball."
2870,2157,7,33,115,155,1.303225806451613,0.04425446616235717,656,"I’m a middle-aged American man—
I have plenty of perspective!"
57,2158,8,24,100,132,1.303030303030303,0.05037379814547864,656,Warming shwarming...what makes you an expert.
2932,2158,8,24,100,132,1.303030303030303,0.05037379814547864,656,"No, no - I act locally!"
4385,2158,10,20,102,132,1.303030303030303,0.05261977177458386,656,"Surely, my opponent exaggerates."
2632,2161,7,29,106,142,1.3028169014084507,0.04686712581054992,656,My opponent is full of hot air about global warming.
560,2161,12,19,111,142,1.3028169014084507,0.051922808919367465,656,I have no earthly idea what you're talking about.
3216,2161,9,25,108,142,1.3028169014084507,0.048952096211255416,656,"You,re not giving us the whole picture!"
5051,2164,6,34,112,152,1.3026315789473684,0.043823326425791564,656,"I don’t care what you say, I believe you are only 5,000 years old."
722,2164,11,24,117,152,1.3026315789473684,0.048540455475045374,656,...and all you’ll hear from this one is NIMBY !
2159,2166,4,28,87,119,1.3025210084033614,0.048557927893470035,656,So let's start from the beginning.
1392,2167,7,35,120,162,1.3024691358024691,0.04297921719166919,656,And here’s Atlas! Wait... Where’d he go?
470,2168,7,25,97,129,1.302325581395349,0.049957165715698616,656,Even your delivery is flat.
3355,2168,8,23,98,129,1.302325581395349,0.05115508222409113,656,"We’re sorry, Mr. Atlas had a scheduling conflict but in his place..."
3586,2170,6,30,103,139,1.3021582733812949,0.04640633284341042,656,...and my opponent is obviously blowing things way out of proportion.
972,2170,10,22,107,139,1.3021582733812949,0.050701137918143825,656,My opponent is completely exagerrating the problem of global warming.
994,2170,7,28,104,139,1.3021582733812949,0.04751644076031689,656,I'm warming up to you.
3357,2170,8,26,105,139,1.3021582733812949,0.048601199132161516,656,"And now we bring you the presidential debates, Trump vs. the Democratic candidates."
4622,2174,7,31,111,149,1.3020134228187918,0.04537836777761066,656,Will you ever stop playing that rising seas victim card?!
2721,2174,9,27,113,149,1.3020134228187918,0.04733482550189134,656,"And now, I present the Flat Earth Society's keynote speaker!"
58,2174,9,27,113,149,1.3020134228187918,0.04733482550189134,656,The voters have heard enough of your global view.
2181,2174,11,23,115,149,1.3020134228187918,0.049213566711110386,656,Where on earth did you get that idea?
2580,2174,5,35,109,149,1.3020134228187918,0.04333366842335972,656,"Rolling along now to our next speaker, who needs no introduction."
2461,2179,5,38,116,159,1.3018867924528301,0.04161640976525041,656,Pick a language and stop spinning!
513,2179,10,28,121,159,1.3018867924528301,0.04615173930903655,656,"Sure, you speak for millions, but let’s not forget the little guy!"
3118,2181,9,20,97,126,1.3015873015873016,0.05317815671613557,656,"Yes, but what have you done for us lately?"
4739,2182,10,21,105,136,1.3014705882352942,0.05147058823529411,656,"Flat, I say!"
2762,2182,6,29,101,136,1.3014705882352942,0.047047758775446924,656,"Hey, I'm a victim too...my air conditioning costs have doubled!"
4216,2184,11,22,113,146,1.3013698630136987,0.04991240604455193,656,I’m sorry ladies and gentlemen but ICE just took Atlas away.”
3760,2184,8,28,110,146,1.3013698630136987,0.04698753391366206,656,And now...may I introduce the elephant in the room...
3356,2184,8,28,110,146,1.3013698630136987,0.04698753391366206,656,"OK, Defend yourself!"
2492,2187,9,29,118,156,1.3012820512820513,0.04585360943628251,656,Welcome to the Flat Earther Debate Finals
3758,2188,7,36,123,166,1.3012048192771084,0.042270257866670345,656,And for our next TED talk...
4021,2188,9,32,125,166,1.3012048192771084,0.04396377372758592,656,The discussion is getting quite heated from your side.
367,2190,9,22,102,133,1.300751879699248,0.051171024324946184,656,All the World's a Stage - Well!
1559,2190,9,22,102,133,1.300751879699248,0.051171024324946184,656,Wait a minute! I thought I was debating Ocasio-Cortez.
1803,2190,11,18,104,133,1.300751879699248,0.05335087687723347,656,Our next speaker has the audacity to think she can change the world.
5048,2190,7,26,100,133,1.300751879699248,0.04889408345964512,656,"When this next speaker turns around, he really makes my day."
4875,2194,8,27,108,143,1.3006993006993006,0.04763175523392495,656,It's obvious that my opponent is full of hot air.
4460,2194,9,25,109,143,1.3006993006993006,0.048654672570104425,656,What does it profit a man if he gains the whole world and loses his soul?
4139,2194,9,25,109,143,1.3006993006993006,0.048654672570104425,656,And that’s my position even if the whole world thinks I’m crazy!
4330,2194,11,21,111,143,1.3006993006993006,0.05063855522606408,656,"Gee wiz, what are we standing on?"
1464,2194,9,25,109,143,1.3006993006993006,0.048654672570104425,656,"Sir, I object to your use of ""We Are the World"" for your campaign commercials."
1017,2194,7,29,107,143,1.3006993006993006,0.04658638267160267,656,"In the interest of hearing from the WHOLE world, we will now hear from French Polynesia."
1707,2194,9,25,109,143,1.3006993006993006,0.048654672570104425,656,Where's your birth certificate? I'm not buying that God created the heavens and the earth fake news.
55,2201,9,28,116,153,1.3006535947712419,0.04644663530572514,656,You only represent the special interests!
4282,2201,9,28,116,153,1.3006535947712419,0.04644663530572514,656,"Yes comrades, it's us against the world!"
2715,2203,9,24,107,140,1.3,0.04935347680939759,656,"One of those tiny dots in the middle might be Puerto Rico,it's hard to find and surrounded by water and far away.No collusion!"
5090,2203,6,30,104,140,1.3,0.0461241900136937,656,"""Not only does my globalist friend want no border wall, he doesn't even want borders."""
4959,2203,7,28,105,140,1.3,0.047225160956190816,656,Why am I always up against the world?
4688,2203,11,23,116,150,1.3,0.048925821586326905,656,I contend that the advanced age of my opponent renders her unfit for world leadership.
4272,2203,9,27,114,150,1.3,0.047061290894652906,656,I know more about anything than anyone! And I certainly know more about so called global warming than you!
4194,2203,7,31,112,150,1.3,0.04511977596847296,656,Please. Just speak one at a time.
3820,2203,6,33,111,150,1.3,0.04411698907260348,656,"Yes, I understand that my opponent has a world of knowledge but....."
3399,2203,11,20,109,140,1.3,0.05139373034732311,656,And I alone can fix it
2522,2203,8,26,106,140,1.3,0.048301042952061994,656,"And now in celebration of Earth Day, I give you..."
1766,2203,9,24,107,140,1.3,0.04935347680939759,656,That's fake news from the failing New York Times.  My opponent is flat and getting colder.
2191,2203,11,20,109,140,1.3,0.05139373034732311,656,"On this global issue, the world will speak"
2060,2203,5,32,103,140,1.3,0.04499628853028341,656,"I did reserve the right to say; ""I want to get off."""
2021,2203,7,28,105,140,1.3,0.047225160956190816,656,"And may I introduce to you the best scientific expert in the world, Mother Earth!"
2002,2203,6,27,97,130,1.3,0.048409404902408866,656,"In my opinion, the speaker has a clear bias on the topic of climate change."
1946,2203,7,25,98,130,1.3,0.04962591124989274,656,We know you’ll think the world of next speaker.
789,2203,7,31,112,150,1.3,0.04511977596847296,656,"Let me be the first to say, I care about your problems. But -"
360,2203,7,31,112,150,1.3,0.04511977596847296,656,Our speaker has the weight of the world on his shoulders.
2294,2203,5,32,103,140,1.3,0.04499628853028341,656,You make a very well rounded arguement
1573,2221,9,32,126,167,1.2994011976047903,0.04373692931190449,656,I think the American people have the right to know about your allegiance to foreign countries.
4264,2222,11,25,121,157,1.2993630573248407,0.0473578984943511,656,Who are you going to believe?
4372,2223,8,28,111,147,1.2993197278911566,0.046711807034701285,656,"No, you’re the one full of hot air!"
4150,2223,6,32,109,147,1.2993197278911566,0.0446723292007039,656,Tell me again why people in Australia don’t know they are upside down!
2786,2223,9,26,112,147,1.2993197278911566,0.04769885613474102,656,The whole world is watching but hasn't yet said a word.
1271,2223,9,26,112,147,1.2993197278911566,0.04769885613474102,656,A whimper? That's your closing argument?
4075,2223,7,30,110,147,1.2993197278911566,0.04570344578181841,656,"OK, I admit you're not flat, but you're still small."
2455,2228,6,29,102,137,1.2992700729927007,0.046754894150832636,656,Your scare tactics aren't working.
3560,2228,7,27,103,137,1.2992700729927007,0.04788906278067403,656,You were flatter in your profile picture.
3648,2228,6,29,102,137,1.2992700729927007,0.046754894150832636,656,Seems the world shrugged Atlas
4476,2228,4,33,100,137,1.2992700729927007,0.04439972649852715,656,"Excuse me, but the Americas are not the only continents on the planet!"
4598,2232,5,28,94,127,1.2992125984251968,0.04784437211676261,656,"Well, there’s really no room for debate."
235,2233,7,35,122,164,1.298780487804878,0.04253303022289477,656,"Somehow the continents separated from one another, if you catch my drift."
5041,2234,10,26,118,154,1.2987012987012987,0.047095297818761254,656,Who do you think you are?
4846,2234,8,30,116,154,1.2987012987012987,0.04525706796723126,656,My opponent has no plans for the future.
3937,2234,8,30,116,154,1.2987012987012987,0.04525706796723126,656,You're so US-centric!
2087,2234,13,20,121,154,1.2987012987012987,0.0497253897934311,656,"So, what's your stance on climate change?"
452,2234,9,28,117,154,1.2987012987012987,0.04618532925956254,656,No wonder Atlas got tired of carrying you on his back.
2285,2234,9,28,117,154,1.2987012987012987,0.04618532925956254,656,The debate pitted Harry against the world.
1198,2240,9,25,110,144,1.2986111111111112,0.048360715970460114,656,What about your affairs?
4373,2240,8,27,109,144,1.2986111111111112,0.0473458947750533,656,"Let me guess, it’s gonna be ‘uge."
3646,2242,6,28,100,134,1.2985074626865671,0.0474106200003679,656,The voters should note:  my opponent is only showing his best face to the audience!
3283,2242,10,20,104,134,1.2985074626865671,0.051929281637198454,656,I only need $275 trillion to build a wall around it to keep out global warming!
3738,2242,9,22,103,134,1.2985074626865671,0.0508372839628695,656,"Behold, my opponent’s distorted view of the world ."
237,2245,2,33,89,124,1.2983870967741935,0.04432055275485471,656,"""The people need someone who won't  just turn the other hemisphere when things get rough."
2099,2246,8,32,121,161,1.2981366459627328,0.043919675850096124,656,"Ahh, what do YOU know?"
3965,2246,9,30,122,161,1.2981366459627328,0.04479483986275999,656,My opponent clearly can't see the gravity of the situation.
1374,2248,9,27,115,151,1.2980132450331126,0.046790786046770054,656,Don't believe my opponent's hot-headed ideas about climate change.
3315,2248,8,29,114,151,1.2980132450331126,0.04583751125578329,656,"I hear you, I hear you...but buying plastic water bottles is just too convenient"
3930,2248,12,21,118,151,1.2980132450331126,0.049540673402026614,656,"Frankly, that argument falls flat."
5178,2251,8,26,107,141,1.297872340425532,0.04800443331758258,656,Im not the sun. Stop rotating.
4078,2251,10,22,109,141,1.297872340425532,0.05007054886187757,656,"Alrighty, everyone. The next speaker will be on overpopulation, pollution, and politics."
2600,2251,8,26,107,141,1.297872340425532,0.04800443331758258,656,"In conclusion, all the evidence clearly establishes that the earth is flat."
2440,2251,7,28,106,141,1.297872340425532,0.046937282575246236,656,It's a costume! Don't be fooled. It's all flat underneath.
2297,2251,11,20,110,141,1.297872340425532,0.05107227218289184,656,Mother Earth waits for her turn to speak at an Anti-Climate Change Conference
1279,2251,6,30,105,141,1.297872340425532,0.0458452982644327,656,"In conclusion, my learned opponent's claim that she is feeling 'warmer' is patently false."
793,2251,6,30,105,141,1.297872340425532,0.0458452982644327,656,He's a down-to-guy kind of earth.
150,2251,8,26,107,141,1.297872340425532,0.04800443331758258,656,Are you better off than you were four years ago?
34,2251,9,24,108,141,1.297872340425532,0.04904837143816246,656,There you go again.
907,2260,7,25,99,131,1.297709923664122,0.04929884957494196,656,My opponent is clearly orbiting around the issue here.
1725,2260,5,29,97,131,1.297709923664122,0.04685613028430916,656,We get it !    You have a World-view of politics
4057,2260,10,19,102,131,1.297709923664122,0.05275126544170914,656,"...Now, the whole world may not like my opinion, but hear me out!"
700,2263,12,26,130,168,1.2976190476190477,0.045904032474590635,656,"Nevertheless, your world-view is reductive."
604,2264,10,27,121,158,1.2974683544303798,0.04623143187427464,656,"Not only is there no global warming, but as you can plainly see, the world is flat!"
1851,2265,13,18,117,148,1.2972972972972974,0.051149194206531925,656,Donald embarrasses himself once again on the world stage.
212,2266,8,25,105,138,1.2971014492753623,0.04868895819752371,656,I won’t debate global warming with your Down Under in my face.
1144,2266,9,23,106,138,1.2971014492753623,0.0497634521828742,656,Ha! You think you know more about climate change?
4137,2266,9,23,106,138,1.2971014492753623,0.0497634521828742,656,"Yeah, like, that's like your world view, man."
5089,2269,11,27,127,165,1.2969696969696969,0.0456732849668507,656,"And really, instead of blaming others, it's time you took responsibility for your situation"""
270,2270,8,30,117,155,1.2967741935483872,0.04500541656027989,656,Objection! the question is out of orbit and without spin.
2113,2270,10,26,119,155,1.2967741935483872,0.04683013859564227,656,"Despite my Mother's naivete, it is money that makes the world go 'round."
2114,2270,7,32,116,155,1.2967741935483872,0.0440647289700384,656,My opponent occupies an alternate universe.
3888,2270,9,28,118,155,1.2967741935483872,0.045926840739655604,656,"Folks, I know some of you won't believe how fast our next speaker was able to warm up!"
2812,2274,9,17,92,118,1.2966101694915255,0.05556046600131087,656,Those dots in the middle are called islands.  They're underwater now.
657,2275,7,29,109,145,1.296551724137931,0.04603444688390985,656,"My opponent is somewhere out there trying to prove that he has a world view."""
2025,2275,9,25,111,145,1.296551724137931,0.04807016934787697,656,"Your evidence for whether you speak for the whole world is flimsy at best, sir!"
3410,2275,11,21,113,145,1.296551724137931,0.050023115280434356,656,The Flat Earth Debating Society has an invited guest speaker!
4932,2275,12,19,114,145,1.296551724137931,0.05097153620377408,656,The poles show a 30 percent loss.
5169,2275,9,25,111,145,1.296551724137931,0.04807016934787697,656,"Please help me welcome our next guest, a personal favorite of mine, and I think you'll agree, one of the top hemispheres of all time!"
5184,2280,6,28,101,135,1.2962962962962963,0.047110040282513234,656,And my ancestors lived in the upper left tip of earth back when it was habitable.
5126,2280,10,20,105,135,1.2962962962962963,0.05159059190854659,656,Looks flat to me.
2847,2280,7,26,102,135,1.2962962962962963,0.04826918494167436,656,Just because you’re the whole world it doesn’t make you right.
2894,2280,7,34,121,162,1.2962962962962963,0.04279987767613371,656,Who invited you?
1393,2280,6,36,120,162,1.2962962962962963,0.041894490007523454,656,But what are your domestic positions?
965,2280,8,24,103,135,1.2962962962962963,0.049401138999491764,656,Nobody listens to you!
935,2280,9,30,123,162,1.2962962962962963,0.04455549350299086,656,And if there is someone who knows a thing or two about global warming it is Earth.
1705,2280,10,20,105,135,1.2962962962962963,0.05159059190854659,656,I'd like to start off by saying my opponent is a flat out liar.
1875,2288,9,27,116,152,1.2960526315789473,0.04652326367761186,656,"As my esteemed colleague just found out, never turn your back on the Americas.”"
2003,2288,5,35,112,152,1.2960526315789473,0.04261291541603195,656,"We'll have to put your issues on hold for the moment. Now, how about we discuss gerrymandering?"
2180,2288,9,27,116,152,1.2960526315789473,0.04652326367761186,656,There can be no debate here sir... You are indeed round!
35,2291,9,24,109,142,1.295774647887324,0.048746890712609126,656,"Our extinction may well be at hand, but there was no collusion!"
974,2291,11,20,111,142,1.295774647887324,0.05075470023437386,656,"Ladies and gentlemen, I'm not going to buy into all this global warming stuff based on a single opinion."
5192,2293,8,18,89,115,1.2956521739130435,0.05520078190046145,656,"And now, a rebuttal to the Flat Earth argument."
4897,2294,7,25,100,132,1.2954545454545454,0.04897590645272065,656,Stop treating the space program like a personal affront!
1074,2294,7,25,100,132,1.2954545454545454,0.04897590645272065,656,Nice of the Earth to show up this evening. Especially with the ALLEGED reports that she’s dying. Fake news!
4383,2294,10,19,103,132,1.2954545454545454,0.05239867055448489,656,Up next is Mother Earth. She’s here to testify about women’s rights.
1077,2297,8,28,113,149,1.2953020134228188,0.04616958199434513,656,You’re just another globalist!
5026,2297,9,26,114,149,1.2953020134228188,0.047141542434457555,656,I  will lower my temper when you lower your temperature
395,2299,9,18,95,122,1.2950819672131149,0.0542072532920215,656,At least we saved a life size model of our planet since it's too late to save the real thing.
5009,2300,8,25,106,139,1.2949640287769784,0.0483846427436701,656,When I said Global Warming is not real it was not for debate!
589,2300,4,33,102,139,1.2949640287769784,0.04386360672825866,656,"well, we put a wall there, a beautiful barrier there, a fence..."
1859,2300,8,25,106,139,1.2949640287769784,0.0483846427436701,656,Apparently my opponent cannot carry the weight of the world on his shoulders after all.
2374,2300,7,27,105,139,1.2949640287769784,0.047294917685490004,656,This just proves that it's a world wide conspiracy.
5262,2304,10,26,120,156,1.294871794871795,0.046567851825606826,656,"Nonetheless, the entire planet is still only entitled to a 90 second rebuttal."
535,2304,11,24,121,156,1.294871794871795,0.047447632286453094,656,"Mother Earth, you can't just argue that I'm a man and therefore I wouldn't understand."
1047,2306,5,41,127,173,1.2947976878612717,0.039303195273753706,656,How about a big round of applause for our next speaker?
3620,2306,7,37,129,173,1.2947976878612717,0.04097765035941169,656,Your arguments for globalism are a bit too self-centered.
45,2308,8,27,111,146,1.2945205479452055,0.046783966888104454,656,"You might represent the entire planet, but I can run circles around you in this debate."
2167,2308,10,23,113,146,1.2945205479452055,0.04876152356485978,656,My opponent will have you believe that the world is not flat.
3464,2308,6,31,109,146,1.2945205479452055,0.044719044435320085,656,"I served with Carl Sagan. I knew Carl Sagan. Carl Sagan was a friend of mine. Earth, you are no Carl Sagan."
3691,2308,11,21,114,146,1.2945205479452055,0.04972081547657818,656,"Yes, but do you have any actual proof that climate change is real?"
4541,2308,6,31,109,146,1.2945205479452055,0.044719044435320085,656,Just keep your center of gravity
5074,2313,8,24,104,136,1.2941176470588236,0.04908492380527736,656,"Global perspective? My socks are Chinese and my call girls are Brazilian, sir."
4955,2313,3,34,99,136,1.2941176470588236,0.043181795187343615,656,My opponent's world view is clearly 'America First'.
4905,2313,8,24,104,136,1.2941176470588236,0.04908492380527736,656,"My opponent, Atlas, couldn’t even bother to show up!"
3941,2313,8,24,104,136,1.2941176470588236,0.04908492380527736,656,For the last time - No! It's not getting warmer in here!
2794,2313,9,27,117,153,1.2941176470588236,0.046258677391591126,656,"To make the case against eating more sardines, I now turn to my opponent, the Pacific Ocean."
1981,2313,6,28,102,136,1.2941176470588236,0.046813083867895386,656,"I don't care what you say, I still think you're flat!"
48,2313,10,25,118,153,1.2941176470588236,0.04717906893978311,656,The time has come to change up the Miss World competition
3619,2313,9,17,93,119,1.2941176470588236,0.05514794900292792,656,"And my opponent - I call him ""whiny world"" - can't even tolerate a few extra degrees of heat....  Hey ""genius globe"" - ever hear of air conditioning?"
2271,2321,10,27,123,160,1.29375,0.0457268990032435,656,Atlas shrugged.
3749,2322,8,26,109,143,1.2937062937062938,0.04742161944054853,656,"Folk, it's you and me against my opponent here."
3893,2322,5,32,106,143,1.2937062937062938,0.044196502368916084,656,"Closer, closer...okay...stop! Stop!"
2426,2322,8,26,109,143,1.2937062937062938,0.04742161944054853,656,"My opponent may well believe that she's warming, but has she considered whether it might just be psychosomatic?"
1532,2322,10,22,111,143,1.2937062937062938,0.049454990676809155,656,About time you stopped spinning.
1204,2322,8,26,109,143,1.2937062937062938,0.04742161944054853,656,"I know the world revolves around you, but please wait your turn."
337,2322,8,26,109,143,1.2937062937062938,0.04742161944054853,656,"As you can clearly see, ladies and gentlemen, we need LOTS of walls!"
2149,2328,8,28,114,150,1.2933333333333332,0.04590298754409703,656,"I served with Planet Earth. I knew Planet Earth. Planet Earth was a friend of mine. Globe, you’re no Planet Earth."
2746,2328,10,24,116,150,1.2933333333333332,0.047812709426463984,656,"And,I am happy to present our next speaker:  The World at Large."
3300,2328,7,30,113,150,1.2933333333333332,0.04491768924221895,656,Just cause you're hot doesn't mean Global Warming is real.
1633,2331,8,23,102,133,1.2932330827067668,0.04981391081365883,656,"Look, I regret it happened, OK? But, who needs all that coral, anyway?"
2105,2332,7,32,118,157,1.2929936305732483,0.043583131406531896,656,Even at this distance I don't feel you're any warmer.
4889,2333,9,23,108,140,1.292857142857143,0.049141058548792416,656,"My next guest is here to present her earth-shattering paper, ‘The reports of my flatness have been greatly exaggerated’"
3810,2333,7,27,106,140,1.292857142857143,0.04700312531585776,656,My opponent has a one-sided view of the world!
2909,2333,5,31,104,140,1.292857142857143,0.04476319854099585,656,"Obviously, my opponent is guilty of self-aggrandizing"
2303,2333,8,25,107,140,1.292857142857143,0.048083975629902284,656,"You've made your point , but continuing to blame us will not solve the problem, will it."
1599,2337,8,32,124,164,1.2926829268292683,0.04322722151193844,656,My opponent has his head in the clouds!
3685,2337,8,32,124,164,1.2926829268292683,0.04322722151193844,656,"Well I’ve been around the block a couple of times too, y’know."
433,2339,8,27,112,147,1.2925170068027212,0.04650779467361549,656,Nobody cares if you're more respected on the world stage...I had a reality TV show
1718,2339,6,31,110,147,1.2925170068027212,0.04445895911030836,656,"Okay,Okay, Climate change is real!!"
4756,2339,12,19,116,147,1.2925170068027212,0.05035600069371464,656,I didn’t realize my opponent would be speaking for herself.
5197,2339,7,29,111,147,1.2925170068027212,0.04549491186152165,656,"So, you deny you’re getting warmer?"
5215,2343,6,26,98,130,1.2923076923076924,0.04815765434045453,656,"And I say if Earth Day were a real holiday, we’d get the following Monday off!"
2190,2343,11,16,103,130,1.2923076923076924,0.05399502378422493,656,"First you whined about the ozone layer, now it's climate change - what's next, disappearing rain forests?"
503,2345,5,35,114,154,1.2922077922077921,0.042144899699633746,656,"Although my opponent is more worldly, I can see she's heating up right now!"
1415,2345,11,23,120,154,1.2922077922077921,0.047806769370392244,656,What are you hiding? Show us your birth certificate!
4113,2345,7,31,116,154,1.2922077922077921,0.0441130076773214,656,My opponent would like you to think he carries the world on his shoulders.
4382,2345,7,31,116,154,1.2922077922077921,0.0441130076773214,656,"Cool down, Earth. Climate change's a hoax."
2223,2349,8,24,105,137,1.2919708029197081,0.048772594637979616,656,Before we continue our debate on Climate Change... can you please provide a long form birth certificate?
806,2350,13,21,127,161,1.2919254658385093,0.047971063638881054,656,And now Earth's response...
861,2350,8,31,122,161,1.2919254658385093,0.04373813197750449,656,"Hold it right there. Asia and Australia won the coin toss fair and square."""
5000,2352,9,24,111,144,1.2916666666666667,0.0481545604679525,656,I will not cave into the intimidation of globalists!
4666,2352,8,26,110,144,1.2916666666666667,0.04713530096155743,656,"Who are you going to believe? Me, or her?"
3713,2352,13,16,115,144,1.2916666666666667,0.052032317672405126,656,"That may be your opinion, but I still say you are flat!"
3353,2352,6,30,108,144,1.2916666666666667,0.04502761821911528,656,"Moving South America east
we can stop global warming."
3240,2352,8,26,110,144,1.2916666666666667,0.04713530096155743,656,"now, we will hear from ""Mother Earth"" as she gives her point of view on the so-called ""Climate Change"" matter"
917,2352,7,28,109,144,1.2916666666666667,0.0460935082154906,656,I'm not impressed with your world view!
3088,2352,9,24,111,144,1.2916666666666667,0.0481545604679525,656,It's about time you stood up for yourself!
1498,2352,10,29,129,168,1.2916666666666667,0.04415845456308731,656,I didn't mean it.
750,2352,12,18,114,144,1.2916666666666667,0.051090478420513785,656,Don't be such a hot head!
369,2352,9,31,128,168,1.2916666666666667,0.043343778215224095,656,So turn on the air conditioner like everybody else!
3210,2352,8,26,110,144,1.2916666666666667,0.04713530096155743,656,So that's your take on the world view?
4631,2363,10,24,117,151,1.2913907284768211,0.04753472435742082,656,Here.s the latest Banana Republic. Let’s welcome the United States of America
4179,2363,6,32,113,151,1.2913907284768211,0.043661758287244556,656,"And now, mother earth on her story on ""How I survived in spite  of your abuse."
1215,2363,8,28,115,151,1.2913907284768211,0.04563934243867754,656,Earth: To the climate change deniers. Haha! So funny! You guys are killing me! No. I mean it. Literally. You ARE killing me.
3150,2363,8,28,115,151,1.2913907284768211,0.04563934243867754,656,"I’m sorry, madam, but you’ve had your turn and you’re out of time."
3193,2363,11,22,118,151,1.2913907284768211,0.048454620424542884,656,"Flat, flat, flat—end of debate!"
5233,2368,5,27,95,127,1.2913385826771653,0.047576218749342036,656,What would you know about global warming?
2628,2369,10,26,122,158,1.2911392405063291,0.046051719860048704,656,This man is a phony! The real Earth is flat!
4787,2369,8,30,120,158,1.2911392405063291,0.044266348300955535,656,I understand you've prepared a eulogy for the human race.
354,2371,5,29,100,134,1.291044776119403,0.04596211091468952,656,The plan speaks for itself.  Protect our Northern border.  Move the Great Lakes!
491,2371,10,19,105,134,1.291044776119403,0.05170705844374113,656,"Yeah, and what about Asia?"
3703,2371,8,23,103,134,1.291044776119403,0.049489172468696274,656,Enough with the earthsplaining.
5225,2371,5,29,100,134,1.291044776119403,0.04596211091468952,656,"I'd like to introduce today's speaker on the topic, ""What to do when people call you flat."""
3763,2375,6,29,106,141,1.2907801418439717,0.04561746485189126,656,From where I stand your climate seems fine.
116,2375,9,23,109,141,1.2907801418439717,0.04883548369059827,656,My opponent is not a scientist and has no basis for discussing climate change
549,2375,9,23,109,141,1.2907801418439717,0.04883548369059827,656,"While my opponent may better portray the populous at large, I would like to point out that I am rich."
2111,2375,7,27,107,141,1.2907801418439717,0.04671477520129208,656,The last thing we'd want is world dominance!
2480,2375,7,27,107,141,1.2907801418439717,0.04671477520129208,656,My opponent thinks she knows so much about global warming!
2531,2375,8,25,108,141,1.2907801418439717,0.04778689511467523,656,My opponent is just another globalist.
3885,2375,10,21,110,141,1.2907801418439717,0.049862025529338536,656,I'll admit that my opponent has delivered on some of her promises...
1413,2382,10,30,132,172,1.2906976744186047,0.04342578573955151,656,I'm just saying that my comments regarding my opponent getting hotter were taken out of context.
5224,2383,7,29,112,148,1.2905405405405406,0.04522967310855908,656,“There you go again blaming everyone but yourself.”
4925,2383,7,29,112,148,1.2905405405405406,0.04522967310855908,656,And presenting the case against climate change ...
3928,2383,8,27,113,148,1.2905405405405406,0.046234748759610964,656,"Oh, sure! You’ve ‘changed’..."
2961,2383,10,23,115,148,1.2905405405405406,0.04818204353884149,656,There is no such thing as global warming even if the whole world disagrees.
978,2387,8,29,118,155,1.2903225806451613,0.04481282764116549,656,Did it ever occur to you that it could just be global hot flashes?
4127,2387,9,27,119,155,1.2903225806451613,0.04573813181316198,656,You're not so hot.
3843,2389,7,33,122,162,1.2901234567901234,0.042614230097606544,656,It still looks pretty flat to me!
2178,2390,7,24,100,131,1.2900763358778626,0.04905274118029801,656,"My opponent may be heated, but I'm not convinced it's global warming..."
3370,2390,7,24,100,131,1.2900763358778626,0.04905274118029801,656,And now a word from our next speaker on climate change: The Planet
1152,2392,6,37,126,169,1.2899408284023668,0.04059681708050928,656,"Listen to him, he just goes round and round..."
3628,2393,5,30,103,138,1.289855072463768,0.04507114226758212,656,"Let’s keep it real, no one cares that much about you."
3515,2393,6,28,104,138,1.289855072463768,0.04622979978435579,656,And now the Americas will have their say.
2846,2393,8,24,106,138,1.289855072463768,0.04846408395601442,656,So you think you can be a star
2501,2393,7,26,105,138,1.289855072463768,0.04736011941389737,656,"I'm sorry to say, but my debate opponent hasn't been able to withstand the pressures of the world."
744,2393,10,20,108,138,1.289855072463768,0.05059980710723713,656,And that's what it looked like before it burned up.
2696,2393,6,28,104,138,1.289855072463768,0.04622979978435579,656,"So, our presentation for today: the earth is not flat. Any questions?"
1909,2399,8,26,111,145,1.289655172413793,0.046852300510778884,656,My opponent always complains about carrying the weight of the world.
3567,2399,5,32,108,145,1.289655172413793,0.04367816091954022,656,And now I turn the podium over to the Pacific Ocean which will present thoughts of it’s global dominance of Earth’s surface area.
4658,2399,5,32,108,145,1.289655172413793,0.04367816091954022,656,I will not tolerate your circular arguments!
4735,2399,6,30,109,145,1.289655172413793,0.04476122408878334,656,You haven't much time. Better make it bruef.
4832,2403,8,28,116,152,1.2894736842105263,0.04537860074596002,656,"I, for one, am not aligned with your world view."
4351,2403,8,28,116,152,1.2894736842105263,0.04537860074596002,656,"There she goes again, always complaining about how warm it feels in here."
727,2403,5,34,113,152,1.2894736842105263,0.04240049856356897,656,"""You're entire argument is an ad hominem."""
2454,2403,9,26,117,152,1.2894736842105263,0.046328779191793075,656,I don't care which side you're on!
3626,2403,7,30,115,152,1.2894736842105263,0.04440809644558711,656,No collusion!  I swear!
703,2408,8,30,121,159,1.2893081761006289,0.0440251572327044,656,"I know you're on a roll, but....."
1793,2408,10,26,123,159,1.2893081761006289,0.04579778882396355,656,And it makes a certain amount of sense that the world would finally ask for equal time...
4400,2408,12,22,125,159,1.2893081761006289,0.047504320361040596,656,Climate Change? Ha! Show me the evidence.
1443,2411,11,26,129,166,1.2891566265060241,0.04526522461680426,656,"And now, live on our stage here at the EPA, and speaking for herself, a very angry WORLD"
4116,2411,8,32,126,166,1.2891566265060241,0.042777126004751545,656,"And finally, where in the world is my opponent?"
1145,2413,9,19,100,128,1.2890625,0.05220570843178142,656,Here's what's happened because I didn't get my fence.
1529,2414,8,23,104,135,1.288888888888889,0.049168505367048546,656,"Excuse me Mr. President, but I can speak for myself."
5250,2414,8,23,104,135,1.288888888888889,0.049168505367048546,656,Who on earth are you?
4772,2416,8,25,109,142,1.2887323943661972,0.047493340716311595,656,Is it warm in here?
1034,2416,6,29,107,142,1.2887323943661972,0.04534134063590939,656,"When the earth was flat we had none of the problems we have now. If you ventured astray, you just fell off."
1316,2416,7,27,108,142,1.2887323943661972,0.04642981037575552,656,It's now the planet's turn.
4571,2416,8,25,109,142,1.2887323943661972,0.047493340716311595,656,"Meanwhile, my opponent has referred to our entire species as ‘A basket of deplorables’!"
4738,2416,6,29,107,142,1.2887323943661972,0.04534134063590939,656,My opponent's is a very one sided globalist perspective.
5268,2421,11,21,117,149,1.2885906040268456,0.04883487580237039,656,.....and that’s how far my inaugural crowd extended.
2411,2421,8,27,114,149,1.2885906040268456,0.045964779232922755,656,I know worlds. I have the best worlds!
224,2421,8,27,114,149,1.2885906040268456,0.045964779232922755,656,yeah? well you're fat
425,2421,13,17,119,149,1.2885906040268456,0.050658015533253484,656,"Ok fine maybe you're not flat, but vaccines will definitely still give you autism"""
2608,2425,8,29,119,156,1.2884615384615385,0.04456351624034515,656,Okay! Okay! Hold your water!
2979,2425,6,33,117,156,1.2884615384615385,0.042667095141641895,656,I guess this really is the world stage
1841,2427,7,37,133,177,1.2881355932203389,0.040184907723380486,656,"Excuse me, I'm talking!"
3916,2428,8,20,97,125,1.288,0.0518260116531358,656,"I beg your pardon, but the galaxy doesn't care."
4601,2429,7,24,101,132,1.2878787878787878,0.04872928782388635,656,Name the missing lake
4724,2429,7,24,101,132,1.2878787878787878,0.04872928782388635,656,I will not uphold the world view.”
1662,2431,6,28,105,139,1.2877697841726619,0.04594335443748851,656,I'm not too old to debate you; I'm just warming up.
2287,2431,4,32,103,139,1.2877697841726619,0.043614939961646976,656,How did you fit through the door anyway?
2748,2431,8,24,107,139,1.2877697841726619,0.04815932563978985,656,See — it's flat!
2816,2431,9,22,108,139,1.2877697841726619,0.049229920380137036,656,To my left on this side of the dais we have the current champion.
4506,2431,6,28,105,139,1.2877697841726619,0.04594335443748851,656,How does it make you feel when people say they want to change you?
4077,2436,6,30,110,146,1.2876712328767124,0.044497832219482995,656,I  suppose you have something to say about global warming !!
3136,2436,7,28,111,146,1.2876712328767124,0.04554701289352375,656,"It’s ‘All the world’s a stage’ not, ‘All the stage’s a world’!"
1977,2436,5,32,109,146,1.2876712328767124,0.0434233089589416,656,We've brought the world into the classroom to speak to you directly.
2686,2436,6,30,110,146,1.2876712328767124,0.044497832219482995,656,You are too subjective about climate change.
340,2436,9,24,113,146,1.2876712328767124,0.04757601292775532,656,My colleague and I are a universe apart on this point.
252,2436,6,30,110,146,1.2876712328767124,0.044497832219482995,656,I’ll say it again: ‘flat’.
1914,2436,4,34,108,146,1.2876712328767124,0.042321512846945075,656,You’re just pandering to your base!
1521,2443,7,30,116,153,1.2875816993464053,0.044157443605784004,656,I would like to address my comments to North America. No offense to you South America.
2006,2443,6,32,115,153,1.2875816993464053,0.04317268249474997,656,"Don't be fooled by my opponent that ""Size matters""."
4304,2443,10,24,119,153,1.2875816993464053,0.04698805977920887,656,"I mention ""Hot Topic's"" and you come rolling in !"
2124,2446,11,24,125,160,1.2875,0.04640156620106641,656,And you really expect us to believe you’re not flat?
702,2446,8,30,122,160,1.2875,0.043786485235837044,656,"Atlas Shrugged, ladies and gentlemen"""
1086,2446,11,24,125,160,1.2875,0.04640156620106641,656,Western hemisphere...you ignorant slut!
1226,2449,8,19,95,122,1.2868852459016393,0.05267471067979411,656,You’re only in it for yourself.
4968,2450,4,29,96,129,1.2868217054263567,0.04563531720665355,656,what your saying makes a world of difference
190,2451,8,23,105,136,1.286764705882353,0.048851837083322476,656,"He's just a puppet for a special interest group, his 7.5 billion constituents."
220,2451,9,21,106,136,1.286764705882353,0.04995432361957391,656,"I don't care what you say, climate change is a hoax."
1783,2451,10,19,107,136,1.286764705882353,0.05103299824782743,656,"Offering her rebuttal in the climate change debate, we welcome to the stage... Mother Earth!"
2685,2451,7,25,104,136,1.286764705882353,0.04772388840551284,656,"I 'd like to introduce the ultimate expert on global warming, The Earth!"
3160,2451,6,27,103,136,1.286764705882353,0.04656862745098039,656,Says you...
3334,2451,7,25,104,136,1.286764705882353,0.04772388840551284,656,Just be patient. Atlas has a bit of a bladder problem.
2115,2457,6,29,108,143,1.2867132867132867,0.04506840355452776,656,"Planet, I served with Jupiter. I knew Jupiter. Jupiter was a friend of mine. Planet, you’re no Jupiter!"
856,2457,10,21,112,143,1.2867132867132867,0.04924564167428332,656,My opponent will selfishly ask you to make him better.
2518,2457,7,27,109,143,1.2867132867132867,0.046148174993094856,656,I am not adjusting the thermostat to accommodate your menopause.
93,2457,8,25,110,143,1.2867132867132867,0.047203253186966256,656,And here's a shout-out to my family in Des Moines
661,2457,9,23,111,143,1.2867132867132867,0.04823525855297528,656,"Yeah, Atlas, just walk away and leave her to the rest of us ..."
5073,2457,8,25,110,143,1.2867132867132867,0.047203253186966256,656,Hypochondriac!
3945,2463,9,25,116,150,1.2866666666666666,0.046666666666666676,656,"Ask yourself, why hasn't Earth released its long form brith certificate?"
3519,2463,10,23,117,150,1.2866666666666666,0.0476157876800411,656,"And now, our special guest would like to discuss 
Armageddon and why it should happen now."
4628,2463,7,29,114,150,1.2866666666666666,0.04470801785532241,656,I will not make age an issue. I am not going to exploit my opponent's age and uncountable antiquations.
1953,2463,8,27,115,150,1.2866666666666666,0.045697837138805625,656,And what exactly have YOU done for us lately?
1366,2463,5,33,112,150,1.2866666666666666,0.042659535198193106,656,Your presentation here today means the world to us.
2910,2463,11,21,118,150,1.2866666666666666,0.04854635614547944,656,"Another self-centered remark from my opponent, always thinking globally!"
1363,2469,6,33,118,157,1.286624203821656,0.042434254624546065,656,Is my opponent prepared tonight to admit that they have another hidden side to their identity?
4858,2469,7,31,119,157,1.286624203821656,0.04338577281631521,656,Look. there are still so many places to build Border Walls
2670,2471,9,29,126,164,1.2865853658536586,0.043905244560963654,656,My opponent has no experience in government and is deluded by all the fake science supporting the global warming hoax.  And he's fat.
5259,2472,7,26,107,140,1.2857142857142858,0.046772188798323865,656,"Still alive, this year’s life achievement award goes to..."
5181,2472,9,20,104,133,1.2857142857142858,0.050708613406591115,656,There you go again. Blowing even hotter air than last time we met.
4811,2472,10,20,110,140,1.2857142857142858,0.04995960782214444,656,"Just you wait, my opponent will come around."
4786,2472,7,30,117,154,1.2857142857142858,0.0439094972056236,656,...my intelligence is not up for debate sir. Nor my ability see. The Flat Earth Society rejects your claims of roundness...
4222,2472,11,26,131,168,1.2857142857142858,0.04479053134576749,656,"My fellow citizens, clearly my opponent is not the actual planet Earth; for if that were the case, I then ask you: where are we holding this debate?"
4049,2472,7,26,107,140,1.2857142857142858,0.046772188798323865,656,STOP! I DON'T ACTUALLY CONSIDER MYSELF THE CENTER OF UNIVERSE.
3706,2472,6,24,96,126,1.2857142857142858,0.048934219347295735,656,"My client, the former planet known as Pluto is requesting damages from the defendant...."
3673,2472,7,26,107,140,1.2857142857142858,0.046772188798323865,656,This is a tad bigger than that proverbial  elephant in the room.
5031,2472,8,24,108,140,1.2857142857142858,0.04785825496092456,656,"You seem a little arrogant, do you think the world of  yourself?"
2568,2472,6,28,106,140,1.2857142857142858,0.04566029699933242,656,"That may be so, but what about the Eastern Hemisphere?"
2352,2472,11,20,116,147,1.2857142857142858,0.04922282969318586,656,I'm feeling anything but global warming from you.
2040,2472,5,26,95,126,1.2857142857142858,0.04761904761904762,656,Things are really heating up in this debate.
1861,2472,7,26,107,140,1.2857142857142858,0.046772188798323865,656,I propose we vote U.S. off the planet
1789,2472,9,26,119,154,1.2857142857142858,0.045801842981455405,656,And just why is it we should allow you to make your problems ours?
510,2472,11,24,126,161,1.2857142857142858,0.04614702017641418,656,What planet are you on?!
63,2472,9,28,124,161,1.2857142857142858,0.04443273532044575,656,I STILL say that my opponent is FLAT!
3128,2472,8,22,103,133,1.2857142857142858,0.049572596331706964,656,I challenge my opponent to produce her long-form Hawaiian birth certificate!
4589,2489,13,21,131,165,1.284848484848485,0.04693570999339344,656,While Mr. Blue Planet would shackle your economic freedom
345,2490,8,29,121,158,1.2848101265822784,0.04407283644001138,656,My next guest needs no subduction.
4652,2490,8,29,121,158,1.2848101265822784,0.04407283644001138,656,"My opponent has a long history of 
only circling the larger issues."
2591,2492,8,27,116,151,1.2847682119205297,0.04543387446247395,656,And your questions about it's health...I'm going to let earth speak for itself.
1747,2492,2,39,110,151,1.2847682119205297,0.03917187287032024,656,"Quit changing the clima... er,uh,subject!"
546,2492,10,23,118,151,1.2847682119205297,0.04733748398650847,656,Excuse me! I have the floor.
487,2492,2,39,110,151,1.2847682119205297,0.03917187287032024,656,"Before long, things will completely turn for you"
1060,2492,9,25,117,151,1.2847682119205297,0.04639544341228343,656,Enough with the hemispherics!
2860,2497,7,27,110,144,1.2847222222222223,0.04586981430588673,656,"I know this is a debate, but you have to stop getting so heated!"
3105,2497,8,25,111,144,1.2847222222222223,0.046916574486865814,656,If we elect this guy we are in for a world of hurt!
5133,2497,5,31,108,144,1.2847222222222223,0.043701140376497465,656,I pledge to bring back the borders
4647,2500,9,21,107,137,1.2846715328467153,0.04963251073309929,656,This is not my middle finger.
785,2501,6,25,99,130,1.2846153846153847,0.04789500465636723,656,"Let me guess.  Location, Location, Location."""
1552,2501,10,17,103,130,1.2846153846153847,0.05264003997472734,656,Care to spin around and show us your poorer side?
4562,2501,6,25,99,130,1.2846153846153847,0.04789500465636723,656,This was meant to be a tempered debate. Stop getting so heated.
808,2504,10,26,126,162,1.2839506172839505,0.04505203715563248,656,I can fix this and upper Mongolia will pay for it!
3845,2505,6,32,117,155,1.2838709677419355,0.04269398785603557,656,"Not now, Mother. I'm trying to sell these fine folks a border wall."
1807,2505,9,26,120,155,1.2838709677419355,0.045542706778752565,656,My opponent claims to have the whole world in his hands. Maybe he underestimated.
429,2505,6,32,117,155,1.2838709677419355,0.04269398785603557,656,How can you not recognize the global dimensions of the problem?
659,2505,11,22,122,155,1.2838709677419355,0.047346726411212244,656,I’m gonna build a wall!
1717,2509,9,24,115,148,1.2837837837837838,0.047010794061335605,656,Stop Right There!  YOU don't believe in global warming?
2788,2509,5,32,111,148,1.2837837837837838,0.04292202354093255,656,And we've had it up to here with those volcanoes.
3040,2509,6,30,112,148,1.2837837837837838,0.0439798677602105,656,No! I will not be intimidated by globalization anymore.
3636,2509,11,20,117,148,1.2837837837837838,0.04892721211137803,656,"Now that we've seen the satellite photo of the Great Wall of China, here's what The Trump wall looks like from the same distance."
4583,2509,6,30,112,148,1.2837837837837838,0.0439798677602105,656,Globalism isn't as big as you think
3465,2514,4,32,105,141,1.2836879432624113,0.04309016151897889,656,My oponent thinks she knows something about climate change.
2854,2514,12,16,113,141,1.2836879432624113,0.05164590013235741,656,"And now, to give an opposing view on the question of global warming..."
1970,2514,6,28,107,141,1.2836879432624113,0.045380571447692516,656,Even more evidence that Atlas dropped the ball.
2306,2514,10,20,111,141,1.2836879432624113,0.04964539007092198,656,".......and my opponent's presents a view that only shows a New World perspective""."
4368,2518,9,20,105,134,1.2835820895522387,0.05037391363379276,656,No no no! Only from there to there will be great again.
3259,2519,5,22,86,113,1.2831858407079646,0.051015333440031146,656,"Yeah, when you can't think of anything better to say it's always, ""Global Warming this and Global Warming that"""
3857,2520,8,31,127,166,1.283132530120482,0.04259421234526494,656,"If you're going to be like that, we'll just move to Planet B."
821,2521,9,27,123,159,1.2830188679245282,0.04473032666294518,656,"I, Donald tRump, call this global warming garbage FAKE News!  I’ll say it right to your face!"
1128,2521,6,33,120,159,1.2830188679245282,0.04197579821365831,656,We present to you the finest speaker on the planet to talk to you on climate change.
1246,2521,8,29,122,159,1.2830188679245282,0.04383138860991945,656,"I don’t care if the earth rolled over him, my two minutes aren’t up yet!"
4252,2524,7,29,116,152,1.2828947368421053,0.04419782199744824,656,And just what have you ever done for the people?
4012,2524,9,25,118,152,1.2828947368421053,0.046127261145655206,656,Just goes to show you can't always trust your Global Positioning System
2039,2524,5,33,114,152,1.2828947368421053,0.04218021713833118,656,I’mBlue; I’m hot; and I won’t be ignored
3956,2524,5,33,114,152,1.2828947368421053,0.04218021713833118,656,"As you can see,there is no wall there anywhere!  If God wanted a wall there, he would have put a wall!"
132,2528,8,25,112,145,1.282758620689655,0.04663324775885241,656,I deny that!
352,2528,7,27,111,145,1.282758620689655,0.045594674644364834,656,"‘The Americas this, the Americas that’ - I’ve had it with your Western Hemisphere-centrism!"
443,2528,10,21,114,145,1.282758620689655,0.04864391717126167,656,We warned you the camera would add ten pounds!
609,2528,6,29,110,145,1.282758620689655,0.04453188650071384,656,"My title for this lecture is ""The Rise of Globalism"""
3252,2528,5,31,109,145,1.282758620689655,0.04344310618152703,656,"Excuse me sir! I will continue to oppose your unabashedly globalist views, and I dispute that you have the weight of the world behind them!"
4821,2528,7,27,111,145,1.282758620689655,0.045594674644364834,656,"No, you're NOT warming.  And what do you mean, ""This isn't a debate""?"
5078,2528,7,27,111,145,1.282758620689655,0.045594674644364834,656,I begin my argument with an extraterrestrial world view.
3954,2535,7,25,106,138,1.2826086956521738,0.04712077169601795,656,"Well if you can warm up, so can I."
4359,2535,8,23,107,138,1.2826086956521738,0.04823021509412167,656,"If I even mention climate change, you get all heated."
2562,2537,6,23,95,124,1.282258064516129,0.049333990581217756,656,this debate makes a world of difference.
3689,2538,7,32,124,163,1.2822085889570551,0.04219710304169643,656,"''HERE IT IS FOLKS!  LOVE IT OR LEAVE IT!"""
2575,2538,11,24,128,163,1.2822085889570551,0.04564599602667542,656,Is anybody listening?
3011,2538,7,32,124,163,1.2822085889570551,0.04219710304169643,656,This debate is getting very heated
466,2541,8,28,120,156,1.2820512820512822,0.04436377910170186,656,I don't care if the world is against me. I shall prevail!
4650,2542,9,24,116,149,1.2818791946308725,0.04673304602196192,656,What on earth are you saying ?!
5087,2542,7,28,114,149,1.2818791946308725,0.04475028656172384,656,"Our next speaker needs no introduction.  Ladies and Gentlemen, Everybody."
3982,2542,8,26,115,149,1.2818791946308725,0.045752408340147585,656,"Oh yeah ... well, you're fat."
5251,2542,9,24,116,149,1.2818791946308725,0.04673304602196192,656,"You may have all the time in the world, but I need 30 seconds for a rebuttal."
2417,2542,7,28,114,149,1.2818791946308725,0.04475028656172384,656,My opponent seems to think global warming is the only issue of interest here.
3905,2542,8,26,115,149,1.2818791946308725,0.045752408340147585,656,Our guest lecturer will be discussing global warming.
601,2542,14,14,121,149,1.2818791946308725,0.05135612133258152,656,"Where not here to talk about your personal issues, ma'am."
214,2549,8,24,110,142,1.2816901408450705,0.04726692437588792,656,"Tonight, we are here to debate our world view."
1454,2549,6,28,108,142,1.2816901408450705,0.045104122851706306,656,"Contrary to popular belief, the world is not getting smaller."
2994,2549,5,30,107,142,1.2816901408450705,0.043982857767029745,656,And now for an opposing view
3380,2549,10,20,112,142,1.2816901408450705,0.04933500158802065,656,"Stop hovering, you creep."
3652,2549,7,26,109,142,1.2816901408450705,0.04619818198900105,656,My opponent’s lying! Promising the world? Just look at him!
571,2554,7,35,132,174,1.2816091954022988,0.04042871601361234,656,"How long we have endured, the spin from the other side."
1777,2555,8,22,105,135,1.2814814814814814,0.04892639732390831,656,There he goes. Throwing his weight around again.
987,2556,8,29,123,160,1.28125,0.043592483737047834,656,"And now, the most recent addition to the Democratic Party's
primary, Gaia!"
3352,2556,6,33,121,160,1.28125,0.04175011298143113,656,You never hear Mars complaining like this!
1138,2558,7,29,117,153,1.2810457516339868,0.043946910637508094,656,"I still say you're flat, and you don't feel any warmer than you did the last time we met."
632,2558,8,27,118,153,1.2810457516339868,0.04491469989420642,656,"Get a load of ol' ""Low Energy Earth,"" over there."
3684,2560,3,28,90,121,1.28099173553719,0.045791389015520885,656,Give it up. The whole world is against you.
2869,2561,4,33,109,146,1.2808219178082192,0.0420800131797113,656,It's always on a macro level with you.
3164,2561,5,31,110,146,1.2808219178082192,0.04318797078463212,656,"As you can see, our distinguished guest is having hot flashes."
5162,2563,7,34,130,171,1.280701754385965,0.04085696891379272,656,I think we'd all like to hear from your better half.
1301,2564,7,25,107,139,1.2805755395683454,0.046824706304139325,656,"My opponent, who takes a broader view..."
2481,2564,8,23,108,139,1.2805755395683454,0.04792512425674259,656,"I realize I may be alone with my opinion on this issue."""
3149,2564,10,19,110,139,1.2805755395683454,0.05005343508826184,656,"I know that you're a big advocate for No More Humans, but you'll have to wait to speak like everyone else"
4163,2567,8,21,103,132,1.2803030303030303,0.049651100455820406,656,I prefer to remind my esteemed opponent that props are not permitted in formal debate.
715,2567,8,21,103,132,1.2803030303030303,0.049651100455820406,656,"With all due respect, you're in no condition for the job."
386,2567,8,21,103,132,1.2803030303030303,0.049651100455820406,656,Raymond's worldly opinion of himself before the debate was short lived.
1283,2570,12,20,125,157,1.2802547770700636,0.047675336245684034,656,"As a representative of the oil industry, let me repeat: we won’t be intimidated!"
185,2571,5,32,113,150,1.28,0.042431679524773294,656,"I've found my opponent lacks perspective."""
2884,2571,9,31,135,175,1.28,0.041830057310279646,656,Do you have proof of these outlandish claims?
2924,2571,7,21,97,125,1.28,0.05028948456749697,656,That's the planet we escaped from.
4471,2571,5,32,113,150,1.28,0.042431679524773294,656,I will prove that global warming is a hoax despite my opponent's hot-headed arguments to the contrary!
748,2575,10,27,131,168,1.2797619047619047,0.043811162582012286,656,"We're giving each of the seven and a half billion speakers five minutes, then we'll open the cocktail party."
938,2575,8,31,129,168,1.2797619047619047,0.04215265078174906,656,Don't turn your back on me!
4981,2577,5,30,108,143,1.2797202797202798,0.04371860360477925,656,"My opponent says he's ""warming."" I say, that's HIS problem."
4757,2577,9,22,112,143,1.2797202797202798,0.04801342027089882,656,Neither charm nor gravity will make me take your side!
4363,2577,7,26,110,143,1.2797202797202798,0.045916254351056195,656,I'd rather talk about unemployment.
3634,2577,8,24,111,143,1.2797202797202798,0.04697654169764333,656,"Before I begin my talk, I want to thank my staff  for this terrific visual aid."
3256,2577,10,20,113,143,1.2797202797202798,0.04902837527748082,656,I'm a proud nationalist!  Can my opponent say the same?
2029,2577,8,24,111,143,1.2797202797202798,0.04697654169764333,656,Our next speaker has a real earthy sense of humor.
2572,2577,9,22,112,143,1.2797202797202798,0.04801342027089882,656,Why should you be the one determine the correct thermostat setting?!
5142,2577,7,26,110,143,1.2797202797202798,0.045916254351056195,656,"And now, a representative of the Earth has asked to say a few words about global warming, pollution, and basic lack of respect."
1062,2577,7,26,110,143,1.2797202797202798,0.045916254351056195,656,Please hold your applause as this tends to start rolling.
147,2577,7,26,110,143,1.2797202797202798,0.045916254351056195,656,Does my opponent agree that there are two sides to every story?
2996,2577,10,20,113,143,1.2797202797202798,0.04902837527748082,656,"Vote for ME!  
I am the only candidate willing to take on the WORLD!"
5209,2588,10,25,126,161,1.279503105590062,0.04511130138613028,656,Stop right there - talk to the hand!
4841,2588,7,31,123,161,1.279503105590062,0.04245126921650158,656,"That ""Atlas Shrugged"" story is getting pretty old!"
3604,2590,6,26,104,136,1.2794117647058822,0.04631423463827765,656,"I'd like to point out that my party's constituants own, or otherwise directly control, ninety-eight percent of my opponent."
4091,2590,8,22,106,136,1.2794117647058822,0.048609394707985344,656,"Clearly, my opponent cannot carry the weight of the world on his shoulders"
1019,2592,8,27,119,154,1.2792207792207793,0.04465939650873419,656,Where's my wall?!?
3682,2592,10,23,121,154,1.2792207792207793,0.04652124860933515,656,"Fake news!
You can't prove it!"
1161,2594,6,24,99,129,1.2790697674418605,0.04794308866997281,656,"And you cast out poor Pluto, who was so small, weak and frail"
3861,2594,5,26,98,129,1.2790697674418605,0.046662787317188016,656,"Your argument is flat sir, and so are you!"
5025,2596,3,35,109,147,1.2789115646258504,0.04070746206327573,656,My opponent considers himself worldly!
4544,2596,10,21,116,147,1.2789115646258504,0.04805635429828093,656,"My opponent, Mother Earth, is a bully, just like all climate alarmists!"
4919,2596,9,23,115,147,1.2789115646258504,0.04707680138163968,656,"Well, from here you look pretty darn flat to me!"
2226,2596,6,29,112,147,1.2789115646258504,0.04400751467624242,656,"Uh, woah there! When we promised you a global presence, this wasn't exactly what he had in mind."
1125,2596,8,25,114,147,1.2789115646258504,0.04607642855312028,656,How can we believe that you speak on behalf of everyone?
3974,2596,10,21,116,147,1.2789115646258504,0.04805635429828093,656,Hold on Atlas!
195,2602,6,34,125,165,1.2787878787878788,0.04085910279778148,656,Please tell us how Climate Change is affecting you.
1992,2603,7,25,108,140,1.2785714285714285,0.046532218880272584,656,"Sir, do you mind? I’m just as interested in climate change as you."
3777,2603,7,25,108,140,1.2785714285714285,0.046532218880272584,656,I think it's just the stage lights. You're not actually warming.
3927,2603,9,21,110,140,1.2785714285714285,0.04869083322104082,656,I can see our debate from here!
4484,2603,10,19,111,140,1.2785714285714285,0.049735019480020515,656,"Mother Earth, may I call you 'Mom'? You've heard all sides of the climate change debate. We'd like to hear from you. Speak up, Mom."
4300,2607,7,30,121,158,1.2784810126582278,0.04294396683813463,656,Hah! You call me a gas bag?
3503,2608,7,23,103,133,1.2781954887218046,0.04815268618576098,656,Ask not what the world can do for you!
4131,2609,6,30,115,151,1.2781456953642385,0.043224288402862826,656,My opponent recently confided that she IS feeling a bit warmer.
5122,2609,12,18,121,151,1.2781456953642385,0.04897081204592357,656,"You may have the science, but we've got Trump!"""
4013,2609,10,22,119,151,1.2781456953642385,0.04713321536810394,656,My opponent cannot prove it is round!
2676,2609,4,34,113,151,1.2781456953642385,0.04113075086152401,656,I shall defend the use of fossil fuels even though the whole world oppose me.
401,2609,9,24,118,151,1.2781456953642385,0.04618700867327866,656,"Yes, but can you really prove it was HUMAN activity that caused your warming?"
3325,2609,7,28,116,151,1.2781456953642385,0.04423391604509388,656,He's not letting me get a world in edgewise.
4470,2615,10,25,127,162,1.2777777777777777,0.044865158504847125,656,"My colleague here appears to be getting hot under the collar, despite my reasonable argument in this debate that there is no scientific  evidence of climate change."
262,2615,10,20,114,144,1.2777777777777777,0.04872544551705718,656,The victim card is the only thing my opponent knows to play.
1525,2615,8,19,99,126,1.2777777777777777,0.051193859861100074,656,"I am an expert on global warming, so please wait your turn before weighing in on the issue."
1731,2615,6,28,110,144,1.2777777777777777,0.04456084214122663,656,"As my worthy opponent knows, This problem is bigger than both of us!"
1796,2615,8,29,125,162,1.2777777777777777,0.04312215179535924,656,I don't think you're big enough to matter.
2604,2615,11,23,128,162,1.2777777777777777,0.045711745577767894,656,My opponent would like to build a wall to keep Pluto out...
2739,2615,12,21,129,162,1.2777777777777777,0.046542936304750995,656,"Yes ever since the Panama Canal, South America has been drifting east."
4256,2615,8,24,112,144,1.2777777777777777,0.04668960105404107,656,"No. I said, ‘Please be more SPECIFIC. ‘"
4657,2615,9,22,113,144,1.2777777777777777,0.047718381612441664,656,My opponent makes unsubstantiated claims of global warming. We all know she is just having hot flashes!
4984,2615,7,26,111,144,1.2777777777777777,0.04563763523080941,656,What in the world are you doing here?!!
5104,2615,8,24,112,144,1.2777777777777777,0.04668960105404107,656,"Yes, we think life is possible on Planet Earth, but understandably, very low intelligence."
3324,2626,8,32,133,173,1.277456647398844,0.04127052029033314,656,"See ladies and gents!
The ""Lie-entists"" were wrong again. 
It's perfectly flat, like ""Plate-O"" said.
And, right at the geometric center.....
Mar-El-Lago!"
3043,2627,7,29,119,155,1.2774193548387096,0.043453246784730684,656,Man V. World
4324,2627,8,27,120,155,1.2774193548387096,0.04440688951836282,656,_I move to recess until Mr.Atlas resolves his egregious theatrics.
638,2627,7,29,119,155,1.2774193548387096,0.043453246784730684,656,What're you gonna do? Flatten me?
1540,2627,8,27,120,155,1.2774193548387096,0.04440688951836282,656,My opponent continues to duck questions on domestic issues.
4824,2627,8,27,120,155,1.2774193548387096,0.04440688951836282,656,My opponent is not taking the bigger picture into account!
4495,2632,8,22,107,137,1.2773722627737227,0.048296359303278774,656,This is what it looked like before it went flat.
3466,2632,7,24,106,137,1.2773722627737227,0.04717198442927356,656,Just stopped in to issue a global warning
5014,2632,6,26,105,137,1.2773722627737227,0.04602014676247625,656,That’s my opponent...always spinning.
758,2632,8,22,107,137,1.2773722627737227,0.048296359303278774,656,The earth speaks and no one listens.
1001,2632,5,28,104,137,1.2773722627737227,0.04483872992273619,656,"You say 'global warming,'  but what do you really know about it."
1429,2637,7,19,93,119,1.2773109243697478,0.0519171956767333,656,I ask you - who are you going to believe?
4842,2638,5,31,112,148,1.277027027027027,0.042686216361804814,656,And yet my opponent promised to drain the swamps!
4168,2638,10,21,117,148,1.277027027027027,0.04776773371296766,656,And my opponent just fell into the Pacific!
4461,2640,4,28,98,130,1.2769230769230768,0.04504736077316696,656,If we can just capture what the earth is trying to tell us.....
899,2641,7,30,122,159,1.2767295597484276,0.0427089520879537,656,My opponent is NOT being transparent concerning global warming - he's only showing half of the story!
1702,2641,9,26,124,159,1.2767295597484276,0.04453400476322718,656,Just water weight?  Talk about spinning the truth!
2146,2641,11,22,126,159,1.2767295597484276,0.046287153423505714,656,I have been wrongfully accused by the Fake News of “trashing” my opponent
3157,2641,8,28,123,159,1.2767295597484276,0.04363102204110205,656,It’s a hoax! Last summer my opponent didn’t even have ice on her forehead!
3418,2641,8,28,123,159,1.2767295597484276,0.04363102204110205,656,As Tupac once said: “it’s Me Against the World.”
4334,2641,10,24,125,159,1.2767295597484276,0.045419038696907145,656,Welcome to tonight's discussion on climate change.
5189,2647,8,23,110,141,1.2765957446808511,0.047326051117318114,656,"Hold on now, that's a lot to put on my shoulders."
3964,2647,3,33,105,141,1.2765957446808511,0.041631352384836305,656,I'm not here to chit chat about the weather.
3799,2647,7,25,109,141,1.2765957446808511,0.046243248066774996,656,My friend Atlas here apparently got tired!
484,2647,5,29,107,141,1.2765957446808511,0.04399776979095477,656,The only thing getting heated is this debate!
106,2651,9,29,132,170,1.276470588235294,0.04254596922322716,656,And yet you stand there silent!
3449,2652,9,24,119,152,1.2763157894736843,0.04591861693702519,656,My opponent would have you believe she  feels the pain of global warming more then I do?
5255,2652,9,24,119,152,1.2763157894736843,0.04591861693702519,656,I'm warning you!
2620,2654,6,25,103,134,1.2761194029850746,0.04664936533718852,656,"And now we will from a source that has a vested interest in Global Warming,"
3917,2654,7,23,104,134,1.2761194029850746,0.04783705819755782,656,I'd just like to point out that you are letting Easter Island speak for an awful lot of people.
5030,2656,8,29,126,163,1.2760736196319018,0.04289065089772153,656,Just because you’re my mother!
4362,2656,7,31,125,163,1.2760736196319018,0.04199842345125934,656,We are worlds apart on this issue.  Let’s just agree to disagree.
1945,2656,7,31,125,163,1.2760736196319018,0.04199842345125934,656,And what would you know about global warming?
1209,2656,7,31,125,163,1.2760736196319018,0.04199842345125934,656,My opponent claims to be from the Western Hemisphere.....I ask you where’s the proof?
2745,2656,6,33,124,163,1.2760736196319018,0.041086825264947884,656,"Stop the World, I wanna get...no, right, I’m already off."
3509,2661,10,20,115,145,1.2758620689655173,0.048426148121703205,656,Global inflation is getting out of hand.
4345,2661,6,28,111,145,1.2758620689655173,0.04429390544367285,656,This Pacific point my opponent raises is a good one.
4528,2661,5,30,110,145,1.2758620689655173,0.04319912752406008,656,"I know the whole world says I'm wrong, but I say I'm right"
4563,2661,5,30,110,145,1.2758620689655173,0.04319912752406008,656,"No, I’m not mansplaining."
4814,2661,9,22,114,145,1.2758620689655173,0.04742685295581093,656,"And I am indeed ready to take on the world.""
John Canning
Sea Cliff, NY"
2881,2666,13,17,126,156,1.2756410256410255,0.04861499286137278,656,We knew something would render Trump non-existent.  And it was there all  this time.
1124,2666,7,29,120,156,1.2756410256410255,0.04321041095938075,656,"You seem very worldly, what's your opinion on global warming?"
3708,2666,5,33,118,156,1.2756410256410255,0.04125183200054257,656,It's about time you weighed in on global warming!
5128,2666,7,29,120,156,1.2756410256410255,0.04321041095938075,656,You need to chill out.
2225,2670,6,34,127,167,1.2754491017964071,0.04043686001457097,656,"Earth, you're no Jack Kennedy."
3295,2671,6,26,106,138,1.2753623188405796,0.04572964298740044,656,"I know a thing or two about the world too, you know."
1497,2671,6,26,106,138,1.2753623188405796,0.04572964298740044,656,Bah to your preponderance of proof!  You'll never convince me you're not flat!
4224,2671,6,26,106,138,1.2753623188405796,0.04572964298740044,656,"I told you that unlike myself, Senator Atlas would crumble under the additional weight of his presidential candidacy."
517,2671,6,26,106,138,1.2753623188405796,0.04572964298740044,656,"I did say I was ready to take on the whole world, but could I go to the bathroom first?"
592,2671,8,22,108,138,1.2753623188405796,0.047987220104410026,656,The president indicated you were flat.
4591,2676,11,19,119,149,1.2751677852348993,0.048428093945673795,656,Your World View and mine are definitely different.
5244,2676,6,29,114,149,1.2751677852348993,0.04349490401616014,656,It's starting to feel warm in here.
1838,2676,8,25,116,149,1.2751677852348993,0.04553236341888473,656,I don't care what the world says. I have all the answers.
3411,2676,9,23,117,149,1.2751677852348993,0.04651764009573785,656,I’m the best president ever! The world’s all wrong and I’m always right!
1714,2680,6,32,122,160,1.275,0.04154069006188522,656,"Damn you, Atlas!"
1286,2681,5,37,129,171,1.2748538011695907,0.03894103546434098,656,"No, it’s not caused by CO2 emissions. It’s the house lights.”"
469,2682,6,24,101,131,1.2748091603053435,0.047303613388792874,656,Can you be more specific?
710,2682,9,18,104,131,1.2748091603053435,0.05089156389742101,656,My view is quite different
2913,2682,7,22,102,131,1.2748091603053435,0.048529080474831635,656,"Sure, I may not be the most worldly candidate."
4135,2682,6,24,101,131,1.2748091603053435,0.047303613388792874,656,Unlike my opponent I have a world view.
4687,2686,10,19,113,142,1.2746478873239437,0.04910991404690957,656,Mother Earth wouldn't even be in the presidential arena if she weren't a woman.
2557,2686,10,19,113,142,1.2746478873239437,0.04910991404690957,656,"From day one, my opponent has done everything in his power to conceal his ties to Russia."
822,2686,8,23,111,142,1.2746478873239437,0.04703194038056216,656,"Mother Earth, do you believe Climate Change is a hoax?"
1508,2686,8,23,111,142,1.2746478873239437,0.04703194038056216,656,And I say you're not warming. I guess it's my word against yours.
2418,2686,6,27,109,142,1.2746478873239437,0.044857810626764444,656,What on earth would you have me do?!
2014,2691,8,26,119,153,1.2745098039215685,0.04470144637887213,656,Whoa... easy there big fella.... let me introduce you first !
4972,2691,5,32,116,153,1.2745098039215685,0.04171596064274043,656,your position simply does not hold water
1214,2693,8,21,106,135,1.2740740740740741,0.04867467349299314,656,"Alright, let's put a pin in it."
2997,2694,9,22,115,146,1.273972602739726,0.04713877435539064,656,All I said was we deserve better than Uranus.
366,2694,7,26,113,146,1.273972602739726,0.04509010340583965,656,...and my ever-vacationing opponent is even now somewhere in the Pacific.
2400,2694,6,28,112,146,1.273972602739726,0.04403003649623462,656,My opponent brings a behemothic ego to the debate.
2946,2694,6,28,112,146,1.273972602739726,0.04403003649623462,656,My opponent here seems to think science is a thing!
3479,2698,8,27,122,157,1.2738853503184713,0.04391009121393259,656,My response to you is that you are full of hot air!
2474,2698,7,29,121,157,1.2738853503184713,0.042970184931970835,656,"While my opponent may be more worldly, my spin is that politics is local."
2801,2698,8,27,122,157,1.2738853503184713,0.04391009121393259,656,Don’t even go there! I was eco-friendly before they invented the word.
1191,2701,6,34,128,168,1.2738095238095237,0.04022886918152851,656,Addressing the Elephant in the Room...
4105,2701,10,26,132,168,1.2738095238095237,0.043629186485005446,656,Atlas I knew you would never hold up
1284,2703,6,23,99,128,1.2734375,0.047984531102717234,656,"So, why is it still snowing then?"
1432,2704,4,30,105,139,1.2733812949640289,0.043087198354569624,656,Don't give us that face. Everyone knows you've been warming up to China.
2821,2704,7,24,108,139,1.2733812949640289,0.04657574374835,656,Liar! Liar! Liar! Liar!
3241,2704,5,28,106,139,1.2733812949640289,0.04428059480857658,656,"Give me a podium, and I will move the world!"
3750,2704,6,26,107,139,1.2733812949640289,0.04544266157650377,656,"My next guest is here to discuss global warming. 
Let's give a warm welcome to Earth."
3379,2708,9,23,118,150,1.2733333333333334,0.04624288243598217,656,Oh yeah?!  Well I‘ve got Wisconsin
75,2708,11,19,120,150,1.2733333333333334,0.04813912227299142,656,I’ll concede my opponent has the weight of the world on his shoulders.
1352,2710,7,30,124,161,1.2732919254658386,0.042246299444459,656,...and I still have more Twitter followers!
2043,2710,7,30,124,161,1.2732919254658386,0.042246299444459,656,You say we have to think globally...I say we must act locally.
3192,2710,7,30,124,161,1.2732919254658386,0.042246299444459,656,My opponent is obviously a member of the globalist left.
4525,2713,9,29,134,172,1.2732558139534884,0.04211084210412022,656,Will you stop your whining. What did you think? You would live forever?
4395,2714,8,26,120,154,1.2727272727272727,0.044445987734701146,656,And in closing I ask: Do mothers always know best?
4410,2714,3,30,99,132,1.2727272727272727,0.04314025173536369,656,Wait one revolution now!
3459,2714,11,17,115,143,1.2727272727272727,0.049801950106351925,656,My opponent clearly knows nothing of worldly affairs.
5217,2714,8,23,112,143,1.2727272727272727,0.04674136354105388,656,You shift positions so much you’re practically spinning
4592,2714,5,32,117,154,1.2727272727272727,0.04148250850951955,656,"What do you mean, EVERYBODY says so?"
3230,2714,6,27,110,143,1.2727272727272727,0.04458440257755946,656,and now for the majority opinion...
2951,2714,10,19,114,143,1.2727272727272727,0.048803085744203015,656,"I’d like to ask my opponent if they have ever been to Hell, and if they in fact own a hand basket."
2796,2714,7,25,111,143,1.2727272727272727,0.04567561723105038,656,See this pin?    Lighten up.
2585,2714,7,25,111,143,1.2727272727272727,0.04567561723105038,656,It's been said that I'm at odds with the world.
1774,2714,7,28,119,154,1.2727272727272727,0.04348060933208722,656,I knew the world and you are no world!
1504,2714,7,25,111,143,1.2727272727272727,0.04567561723105038,656,"Your answer to my question is still wrong, but you are getting a little warmer."
1382,2714,9,21,113,143,1.2727272727272727,0.047783345654281016,656,What is your opinion on global warming?
1319,2714,9,21,113,143,1.2727272727272727,0.047783345654281016,656,"Plainly, my opponent thinks it speaks for everyone."
2795,2727,6,31,121,158,1.2721518987341771,0.041778503740146015,656,Want a Coke? Then show me you can sing in perfect harmony!
3455,2727,7,29,122,158,1.2721518987341771,0.04273252894281875,656,World debating championship
43,2729,9,22,116,147,1.272108843537415,0.04685408714485814,656,That’s just your opinion
1763,2729,7,26,114,147,1.272108843537415,0.044821083899732446,656,"There you go, getting all hot and steamy again!"
406,2731,6,22,97,125,1.272,0.04869390900506499,656,"Thanks Al, I’ll take this one"
3728,2731,7,20,98,125,1.272,0.050001290305931756,656,It’s obvious that my opponent is not well- rounded.
1974,2733,5,37,131,173,1.2716763005780347,0.038554684547086514,656,Accepting the award for best known solar system in the galaxy...
2259,2734,9,23,119,151,1.271523178807947,0.04597126930241102,656,And my opponent would have us all return to the Cenozoic Era.
1470,2734,7,27,117,151,1.271523178807947,0.04400860324724808,656,easy...I was just kidding about global warming being fake news...
1306,2734,6,29,116,151,1.271523178807947,0.04299368487374794,656,"How can you, of all people, deny global warming?"
5144,2734,10,21,120,151,1.271523178807947,0.04692182671236649,656,"...additionally, my opponent has done nothing to stop global warming."
306,2734,6,29,116,151,1.271523178807947,0.04299368487374794,656,This is a science convention.  There is no need for your worldview.
107,2734,7,27,117,151,1.271523178807947,0.04400860324724808,656,What would you like to say to all these people putting trash into you?
1225,2734,7,27,117,151,1.271523178807947,0.04400860324724808,656,"Yes, I Donald J. Trump, know better. My gut says so..."
969,2741,5,28,107,140,1.2714285714285714,0.04400651304553963,656,"I think the world of my esteemed opponent, however..."
2767,2741,8,22,110,140,1.2714285714285714,0.04738035414793428,656,We will secure our borders from climate change too
4886,2741,2,34,104,140,1.2714285714285714,0.04035156033749905,656,Oh ... just cool it!
10,2744,8,19,102,129,1.2713178294573644,0.0501354004661881,656,"What? YOU?!
YOU  have NO Say in this!
Shut up and SIT Down!"
1651,2744,7,21,101,129,1.2713178294573644,0.048912517302806054,656,I've invited my next guest to talk about it's next revolution
3098,2746,10,25,131,166,1.2710843373493976,0.043906204925201774,656,"And NOW, with a medley of tunes from South Pacific.."
5072,2747,6,30,119,155,1.270967741935484,0.04225491438448457,656,"Ok, so maybe my opponent IS round after all. But there's still no consensus on his ‘global warming’ claim!"
3246,2747,9,24,122,155,1.270967741935484,0.04513135640908927,656,Is it getting hot in here?
550,2747,11,20,124,155,1.270967741935484,0.04695118414318207,656,Your perspective is too broad.
2179,2747,7,28,120,155,1.270967741935484,0.043234997053330476,656,Enough with the climate change!
4834,2751,6,27,111,144,1.2708333333333333,0.04431419701966919,656,My opponent can't even sit still.
16,2751,6,27,111,144,1.2708333333333333,0.04431419701966919,656,"And arguing the ""against"" position in today's debate, please welcome Senator Mitch McConnell."
193,2751,6,27,111,144,1.2708333333333333,0.04431419701966919,656,Please shut off your phones and GPS devices.
358,2751,5,29,110,144,1.2708333333333333,0.04320443218435998,656,"And now let me introduce my very dear,old friend without whom I certainly would not be here tonight."
2274,2751,10,19,115,144,1.2708333333333333,0.048499983979362775,656,"I know the Earth and you are not her, ma'am."
3328,2751,7,25,112,144,1.2708333333333333,0.045396840800028745,656,Do not be dissuaded by my opponent's OverHeated rhetoric!
3753,2751,6,27,111,144,1.2708333333333333,0.04431419701966919,656,You think you’re so great.
4497,2751,7,25,112,144,1.2708333333333333,0.045396840800028745,656,If you can wait a minute I believe that I have the lever that works with that fulcrum.
4746,2751,7,25,112,144,1.2708333333333333,0.045396840800028745,656,We are the last two candidates and the choice is clear.
5174,2760,7,22,104,133,1.2706766917293233,0.047885119642438766,656,"As parliamentarian of the Flat Earth Society, you, sir, are very much out of order."
2763,2760,2,32,99,133,1.2706766917293233,0.04151359837940993,656,"Since three quarters of you is water, I’d hardly say that you represent the ‘entire planet.’"
334,2760,7,22,104,133,1.2706766917293233,0.047885119642438766,656,You want a whole day?? How would we pay for it?
682,2763,10,26,134,170,1.2705882352941176,0.04317415544570702,656,"I don't care what the World says, global warming is a hoax!"
14,2764,9,25,125,159,1.270440251572327,0.04433116664262766,656,"Okay, you win, global warming is a real thing!"
5007,2765,10,20,118,148,1.2702702702702702,0.04754942909114843,656,"I know you're passionate, Mom, but you have to sit in the audience!"
3053,2765,7,26,115,148,1.2702702702702702,0.04455515926155409,656,It's like I have the weight of the world going against me!
5013,2765,6,28,114,148,1.2702702702702702,0.04351130374357006,656,And I suppose you are going to take a world view on this issue
1925,2765,7,26,115,148,1.2702702702702702,0.04455515926155409,656,"Oh yeh, keep blabbering about YOUR molten core!"
1065,2765,9,22,117,148,1.2702702702702702,0.04657273390662092,656,"If you cant stand the heat you need to stay out of politics!"""
2665,2765,6,28,114,148,1.2702702702702702,0.04351130374357006,656,"Wait, wait, let me finish."
4159,2771,8,31,135,174,1.2701149425287357,0.04087955545242741,656,There- right there is where the wall will be if you vote for me.
3368,2772,10,17,110,137,1.27007299270073,0.0502288126809714,656,COME DOWN HERE AND DEBATE ME LIKE A MAN.
4813,2772,9,19,109,137,1.27007299270073,0.049148666476155164,656,"My opponent, Mr. World, will try to say that it's all gloom and doom ahead."
3237,2774,5,24,97,126,1.2698412698412698,0.047022721171518796,656,"The new dwarf planet, with an orbital eccentricity of 0.0167, will now take questions."
4396,2774,5,24,97,126,1.2698412698412698,0.047022721171518796,656,The Flat Earth Society vehemently objects to your characterization of our position as being 'anti-Pythagorus.'
2139,2776,10,21,121,152,1.269736842105263,0.04664632503179592,656,"As you can see, it is a disk, and therefore flat."
3290,2776,11,19,122,152,1.269736842105263,0.04757118891422231,656,"I would now like to address all the ""fake news"" being generated my opponent."
5186,2778,4,23,88,115,1.2695652173913043,0.048346794407005136,656,"Even though you think you're round, my supporters and I know you are fat. . .I mean flat."
3754,2779,8,26,122,156,1.2692307692307692,0.04394348751296154,656,"Believe me, you're no Jack Kennedy"
4874,2779,6,23,101,130,1.2692307692307692,0.047336274701534606,656,"Thank you for stopping by on your global health tour, and we appreciate your tip on retaining water."
2493,2779,8,26,122,156,1.2692307692307692,0.04394348751296154,656,The planet has something to say.
3201,2779,6,23,101,130,1.2692307692307692,0.047336274701534606,656,Our next guest is a world-renowned geologist
607,2783,8,23,114,145,1.2689655172413794,0.04617056958251709,656,"'Mother, I promise you'll have the last word'"
690,2783,7,25,113,145,1.2689655172413794,0.04512134810664488,656,"You think you're the whole world, but you're not. Tierra del Fuego is missing."
1482,2783,3,33,109,145,1.2689655172413794,0.040654572836384816,656,"No need to get overheated, it's a long campaign."
1628,2783,7,25,113,145,1.2689655172413794,0.04512134810664488,656,What do you mean another universe has adopted you?
102,2787,9,25,126,160,1.26875,0.04408563974896443,656,Whoa! Back up there! If you can't stand the heat ...
2281,2787,3,37,120,160,1.26875,0.038364638912257804,656,"I understand we’re on a global stage, but it’s just your opinion."
2506,2787,5,33,122,160,1.26875,0.040361841177905165,656,"Look, lady, I have just as much experience and knowledge about climate change."
4121,2790,7,22,105,134,1.2686567164179106,0.04756933183724331,656,"Okay, what on Earth happened to the other speaker?"
4610,2791,6,28,115,149,1.2684563758389262,0.04325634329846062,656,"If you’re down here, then who’s up there?”"
2452,2791,6,28,115,149,1.2684563758389262,0.04325634329846062,656,"Our next speaker for Earth Day, is the Earth y'all!"
332,2791,6,28,115,149,1.2684563758389262,0.04325634329846062,656,Oh stop it and just cool down will you.
641,2791,4,32,113,149,1.2684563758389262,0.04110622571362967,656,My opponent just told you a world of lies!
2335,2791,7,26,116,149,1.2684563758389262,0.04429227875286486,656,"And now, here to discuss the climate crisis, we have the Western Hemisphere.  The East will appear tomorrow and for many days thereafter."
357,2796,9,26,129,164,1.2682926829268293,0.04333262820711154,656,You're way too down to Earth.
2940,2797,7,23,108,138,1.2681159420289856,0.04661373023981427,656,Mind if I smoke?
4422,2797,8,21,109,138,1.2681159420289856,0.047734959617319994,656,...and the world has spoken!
5017,2797,7,23,108,138,1.2681159420289856,0.04661373023981427,656,"Contrary to what some may claim or believe, the world is in fact round. I present to you Exhibit A."
2314,2800,11,19,123,153,1.2679738562091503,0.04729211561296106,656,"And I say, cargo shorts are a timeless classic!"
1715,2800,7,27,119,153,1.2679738562091503,0.04350341309745316,656,There is no debate. Make Earth Great Again!
4152,2802,4,26,97,127,1.2677165354330708,0.04534143118089715,656,"Meanwhile he just spins around, gravitating toward any hot, shiny thing in the sky."
2835,2802,5,24,98,127,1.2677165354330708,0.04669935501144436,656,"You DON'T represent the global community!  Can you even spell, 'Herzegovina'?  I CAN!!"""
878,2802,7,20,100,127,1.2677165354330708,0.049303128829625766,656,"I said wall, not ball!"
414,2802,6,22,99,127,1.2677165354330708,0.04801889352575499,656,My opponent claims to know a whole world about climate change.
114,2806,7,24,111,142,1.267605633802817,0.04570832658874256,656,"Again, I'll restate my position. The evidence isn't yet conclusive."""
873,2806,6,26,110,142,1.267605633802817,0.044602253291466165,656,Me against the World  and I still say you're flat.
1127,2806,6,26,110,142,1.267605633802817,0.044602253291466165,656,"When it comes to climate change, it’s me against the world.!"
2599,2806,2,34,106,142,1.267605633802817,0.039872302607297704,656,"Earth, heal thyself!"
2710,2806,7,24,111,142,1.267605633802817,0.04570832658874256,656,"Now for someone who speaks for a lot of us, I'm sure..."
4909,2806,9,20,113,142,1.267605633802817,0.047843822603103554,656,"From now on, America first!"
5182,2806,8,22,112,142,1.267605633802817,0.046788259642886874,656,"And no booing, just because our next speaker believes in climate change."
1259,2813,6,23,102,131,1.2671755725190839,0.04701847749746068,656,"That’s weather, not climate!"
1912,2813,7,21,103,131,1.2671755725190839,0.04825118691053638,656,It's hard being the down-to-earth candidate
5201,2815,7,25,114,146,1.2671232876712328,0.044849083934353454,656,Not being able to speak about climate change made The World even hotter under the collar.
4835,2815,8,23,115,146,1.2671232876712328,0.045890234702387844,656,"My opponent may lead you to believe that she's big and mighty, but when you go to the polls, you must remember: It's a small world, after all."
4160,2815,9,21,116,146,1.2671232876712328,0.046908282342565076,656,"Oh, so I suppose you think this make you an expect on climate change."""
3787,2815,6,27,113,146,1.2671232876712328,0.04378318191339136,656,"And to prove the earth is flat, I brought the impostor herself."
1072,2815,7,25,114,146,1.2671232876712328,0.044849083934353454,656,Ned surprised everyone with his earthy sense of humor.
1467,2815,6,27,113,146,1.2671232876712328,0.04378318191339136,656,THEY say the earth is flat and I believe they are correct.
1379,2815,7,25,114,146,1.2671232876712328,0.044849083934353454,656,There’s more to debate than which candidate has the most gravitas!
796,2815,5,29,112,146,1.2671232876712328,0.04269067470972507,656,"Hang on, I'm going to get Jupiter."
3024,2815,4,31,111,146,1.2671232876712328,0.04156946470526171,656,"and, ladies and gentleman, here to answer your questions about global warming, is, er , the globe."
4243,2824,4,32,114,150,1.2666666666666666,0.040870468891880944,656,No rolling over just to make a point.
5115,2824,6,28,116,150,1.2666666666666666,0.043004257285391624,656,See?  It's always all about him!
5071,2824,6,24,105,135,1.2666666666666666,0.04607298269767254,656,"Yes sir, I do believe I am more important than you and all of your inhabitants."
4316,2824,4,24,92,120,1.2666666666666666,0.04694196508350526,656,Wait a minute! You're not the only one to have a global approach.
2758,2824,7,26,117,150,1.2666666666666666,0.044032392659054245,656,I'm pleased to introduce our newest democratic candidate with a can-do attitude and getting warmer every day...
725,2824,6,24,105,135,1.2666666666666666,0.04607298269767254,656,Now let's draw lines.
2228,2824,6,24,105,135,1.2666666666666666,0.04607298269767254,656,Do you have anything you'd like to say before we decide?
1515,2824,8,24,118,150,1.2666666666666666,0.04503706320236822,656,I see that my time has expired.
284,2824,7,22,106,135,1.2666666666666666,0.04725757139521219,656,"Ask yourself, how can you trust my opponent who has killed billions of innocents throughout history?"
2316,2824,7,30,128,165,1.2666666666666666,0.04134949496875358,656,We know you're coming to an end but can you wait so we can film it?
2602,2834,9,27,133,169,1.2662721893491125,0.04238992652320577,656,"Loser"""
5230,2835,10,21,123,154,1.2662337662337662,0.046104703077756694,656,Get Man to Mars! That’s your answer to everything!
4815,2836,9,19,111,139,1.2661870503597121,0.04851623868730769,656,Melvin joins the Flat Earth debate
3759,2836,7,23,109,139,1.2661870503597121,0.04631734650488074,656,"Oh, it's always about you, isn't it, Mr Global Warming."
3610,2836,8,21,110,139,1.2661870503597121,0.047429537229541886,656,The Earth is really flat I tell you......FAKE NEWS!!
1818,2836,8,21,110,139,1.2661870503597121,0.047429537229541886,656,"No, no!  Flat, flat, flat!"
2625,2836,6,25,108,139,1.2661870503597121,0.045177784061393216,656,"There you go again Mother Earth. I may be sleazy, but that's not where I was coming from when I said you were hot."
1837,2841,6,30,122,158,1.2658227848101267,0.04155499762800144,656,"The world has its way of doing things, and I have my way. The world makes Hurricanes to destroy and kill, while I make Hurricanes with lots of rum."
3170,2841,6,30,122,158,1.2658227848101267,0.04155499762800144,656,It's just the world against me!
3159,2843,10,18,115,143,1.2657342657342658,0.04856966142903945,656,My opponent will try and tell you she isn't flat and that she has a fever.
3919,2843,7,24,112,143,1.2657342657342658,0.0454261251111397,656,My opponent—now in its 4.5 billionth year—is Exhibit A for term limits.
3541,2843,5,28,110,143,1.2657342657342658,0.04320354997142997,656,Can you chill out please!
3474,2843,7,24,112,143,1.2657342657342658,0.0454261251111397,656,May I point  out that my opponent may be geographically sound but he remains geologically in constant flux.
2629,2843,5,28,110,143,1.2657342657342658,0.04320354997142997,656,Very nice! Now turn and show Europe.
1365,2843,8,22,113,143,1.2657342657342658,0.046497590247801576,656,I don't doubt that you may have been molested. But the statute of limitations. . .
1863,2843,6,26,111,143,1.2657342657342658,0.04432876928557099,656,Some say the planet is telling us we are causing it to overheat. We are going to debate that today.
644,2843,7,24,112,143,1.2657342657342658,0.0454261251111397,656,"So stop getting so overheated, already!"
2394,2843,4,30,109,143,1.2657342657342658,0.042048230330113914,656,I heard I was competing against a world class debater!
1096,2843,7,24,112,143,1.2657342657342658,0.0454261251111397,656,This position calls for someone with more stability than you and your incessant climate change can offer.
1614,2853,4,26,98,128,1.265625,0.04503440149389559,656,"Taking on the world? No, you're taking on Mortie Applebaum."
2067,2853,8,18,102,128,1.265625,0.050201825685579946,656,"My opponent has abandonded the simple modesty of cloud cover, is no longer spinning about any meaningful axis, has deserted his loving moon and solar siblings, and his butt is permanently parked on top of Australia.  He is a small shadow of his past."
3693,2853,5,24,99,128,1.265625,0.04638026319434138,656,"With that, I am done ... and the only thing standing between you and lunch is The World."
2466,2856,7,29,126,162,1.2654320987654322,0.04180683566182501,656,"Sisyphus, I know you can hear me. Back off!"
863,2857,9,21,117,147,1.2653061224489797,0.04662351128270054,656,"Apparently, the 800lb gorilla in the room has something to say....."""
1169,2857,11,17,119,147,1.2653061224489797,0.04858114577240034,656,I call on my opponent to stick to the issues.
2963,2857,6,27,114,147,1.2653061224489797,0.04352226928804891,656,We can't trust you to not rotate your view.
4734,2857,5,29,113,147,1.2653061224489797,0.04243818992211959,656,"Of course the world is round, but this proves it is not a globe."
751,2857,9,21,117,147,1.2653061224489797,0.04662351128270054,656,Debating Trump in this debate -the world.
4620,2862,6,23,103,132,1.2651515151515151,0.04670479649701895,656,"I'm just warming up, so you can stop right there."
1428,2862,8,19,105,132,1.2651515151515151,0.04911882386454116,656,"May I introduce you to Mr. Splat, who some of you knew as Atlas."
1892,2862,6,23,103,132,1.2651515151515151,0.04670479649701895,656,We invited people here to talk about the planet. Not the planet to talk about people.
3605,2862,7,21,104,132,1.2651515151515151,0.04792701155749111,656,"And, our next speaker is
Hemi Sphere.”"
5086,2866,7,26,118,151,1.2649006622516556,0.04377545226709975,656,"And my opponent just goes on and on and on."""
2018,2866,7,26,118,151,1.2649006622516556,0.04377545226709975,656,"Excuse me Mother, but my opinion on global warming is JUST as important as yours"
631,2866,5,30,116,151,1.2649006622516556,0.041709588582099735,656,"That's fine for you, but what about Africa? And Europe! And Asia! And Greenland! And Antarctica! Yeah! What about Antarctica?"
4551,2869,9,27,134,170,1.2647058823529411,0.0421689354760427,656,ATLAS! ATLAS! Oh Atlas...
141,2869,6,24,106,136,1.2647058823529411,0.04577497070560295,656,"If my opponent is scaring you, he's just warming up."
250,2869,8,29,133,170,1.2647058823529411,0.04133528123659467,656,This is a global warning!
2597,2869,7,22,107,136,1.2647058823529411,0.04694976469560254,656,I will not be intimidated into accepting man-made climate change.
2832,2869,6,24,106,136,1.2647058823529411,0.04577497070560295,656,"The Earth would like to say a couple of words to Mankind.""

""You're Screwed!"
2938,2869,7,22,107,136,1.2647058823529411,0.04694976469560254,656,"Again, my opponent Earth exaggerates. Global Warming is a myth."
3471,2869,7,22,107,136,1.2647058823529411,0.04694976469560254,656,I will not be intimidated!
3558,2869,9,27,134,170,1.2647058823529411,0.0421689354760427,656,You are a hoax!
4636,2877,6,29,120,155,1.264516129032258,0.04202401148452718,656,"It's true, I think the world of you."
1185,2877,9,23,123,155,1.264516129032258,0.044915243324909135,656,"And now, with a rebuttal . . ."
402,2877,4,33,118,155,1.264516129032258,0.0399805350155413,656,What my opponent just said is pure geocentric poppycock.
1157,2877,8,25,122,155,1.264516129032258,0.043972626739534455,656,Power Point is so passé
4433,2881,7,23,110,140,1.2642857142857142,0.04602460833093375,656,My opponent is taking a one-sided view of this global challenge.
192,2881,7,23,110,140,1.2642857142857142,0.04602460833093375,656,I am not short! I am just more down to earth than most people!
1233,2881,8,21,111,140,1.2642857142857142,0.047127905692218745,656,You are so flat!
4944,2881,8,21,111,140,1.2642857142857142,0.047127905692218745,656,How do you know global warming exists?
3733,2885,8,26,125,159,1.2641509433962264,0.04321012490620249,656,No one knows more about the planet than I do.
3002,2885,6,30,123,159,1.2641509433962264,0.04132664881900787,656,Don’t you stare at me like that!
1341,2885,6,30,123,159,1.2641509433962264,0.04132664881900787,656,"My opponent would lead you to believe that he has taken a world view, but it is clear to see that he has drawn Alaska incorrectly."
2183,2888,5,23,97,125,1.264,0.04703327579765272,656,"Quit bullying us with floods, hurricanes and tornadoes! Carbon emissions are not the problem. You are!"
459,2889,8,22,114,144,1.2638888888888888,0.046210422818557334,656,"If you listen closely to the rhetoric, you can almost feel the weight of the world upon you."
2776,2889,7,24,113,144,1.2638888888888888,0.0451472931629876,656,"No, it's not getting warm in here."
4142,2889,4,30,110,144,1.2638888888888888,0.04179596617581002,656,My opponent only tells the truth when it's convenient for her.
5149,2889,4,30,110,144,1.2638888888888888,0.04179596617581002,656,.... and you should be able to tell that I think the world of my opponent.
4823,2893,8,27,128,163,1.2638036809815951,0.04248244431051912,656,Join me in holding my opponent responsible for the mess we're in.
2808,2894,4,26,99,129,1.2635658914728682,0.044731352277456546,656,"...and now, Mother Earth is here to lecture us on climate change."
4673,2895,8,23,117,148,1.2635135135135136,0.045339404091624,656,Do you feel that Global Warming is overblown?
4530,2895,6,27,115,148,1.2635135135135136,0.043264352955627354,656,Just let me make this one Archimedean point.
3936,2895,5,29,114,148,1.2635135135135136,0.04218857159601243,656,If elected I promise to investigate why my opponent is no longer FLAT!
3384,2895,9,21,118,148,1.2635135135135136,0.04634209993883322,656,"Just answer the question Mother Earth, when will you release your taxes?"
1894,2895,8,23,117,148,1.2635135135135136,0.045339404091624,656,"No Climate Change! Who ya gonna believe, Me, your favorite 
Pres ever, or Fat fake Blue Boy over there?"
1010,2895,7,25,116,148,1.2635135135135136,0.044314025996588666,656,"So, you think you know more about climate change? Think again."
780,2895,7,25,116,148,1.2635135135135136,0.044314025996588666,656,"the world owes me, and I demand an answer"
397,2895,9,21,118,148,1.2635135135135136,0.04634209993883322,656,"Until today, folks, we've had to guess what our planet really needs......"
2365,2895,6,27,115,148,1.2635135135135136,0.043264352955627354,656,"You say ""turtles all the way down"" but you have no legs to stand on."
2340,2904,7,26,119,152,1.263157894736842,0.04352140984370994,656,...and I expect all of you to pay for your share of the Wall!
4976,2904,10,20,122,152,1.263157894736842,0.04642766677323125,656,"And now, from the other side of the aisle, let's hear from someone speaking on the effects of climate change."
4444,2904,5,30,117,152,1.263157894736842,0.0414709098441645,656,"With all due respect, senator, where I come from it is not a crime to think locally."""
3913,2904,8,24,120,152,1.263157894736842,0.04451125128015218,656,Henderson never stood a chance at the Globalization debate.
3447,2904,6,33,132,171,1.263157894736842,0.03941343871821076,656,If your temperature goes up a mere 2.8 degrees centigrade you call it a disaster! Even I can handle that! What a wimp!
2122,2904,3,29,101,133,1.263157894736842,0.042552872559928706,656,The people deserve a leader who can stay cool under pressure!
1601,2904,5,25,103,133,1.263157894736842,0.045150739708304057,656,"Even the Earth, the 2018 Debate World Champion, can not negate Climate Change"
1748,2904,10,25,136,171,1.263157894736842,0.042762330970279996,656,So who are you going to believe? Me or them?
1635,2904,7,26,119,152,1.263157894736842,0.04352140984370994,656,What proof does my opponent here really have about global warming?
1343,2904,5,30,117,152,1.263157894736842,0.0414709098441645,656,The people can't trust you on climate change—you're a biased party!
887,2904,9,17,107,133,1.263157894736842,0.04994270679907134,656,"As an atheist I challenged God to be here for a debate, He couldn't make it but sent proof He exists."
136,2904,5,25,103,133,1.263157894736842,0.045150739708304057,656,I'm just the man to take on the world.
1864,2904,10,20,122,152,1.263157894736842,0.04642766677323125,656,Another one of my opponent’s dirty tricks - he’s trying to convince you that all of America is against me!!
599,2917,6,29,121,156,1.2628205128205128,0.041788173028505786,656,We couldn't decide who to invite to speak so we invited the whole world
1990,2917,10,21,125,156,1.2628205128205128,0.045575249300640226,656,I still choose to BELIEVE the Earth is flat.
2603,2917,9,23,124,156,1.2628205128205128,0.04465859786062159,656,"If you're truly who you say you are, then where does that leave us?"
2842,2917,9,23,124,156,1.2628205128205128,0.04465859786062159,656,Global warming is not real — my opponent is just a hypochondriac
2864,2917,6,29,121,156,1.2628205128205128,0.041788173028505786,656,I do think the world of you.
3615,2917,7,27,122,156,1.2628205128205128,0.04276639324281545,656,"In a word, this next speaker is worldly."
5134,2923,6,24,107,137,1.2627737226277371,0.045480679010271745,656,The world may not agree with me about climate change....
509,2923,6,24,107,137,1.2627737226277371,0.045480679010271745,656,Speak for yourself!
3373,2923,8,20,109,137,1.2627737226277371,0.04778259701132749,656,Can we stick to one topic?
5269,2923,7,22,108,137,1.2627737226277371,0.04664583979511086,656,"Yeah well, speaking for myself."
1609,2927,5,21,92,118,1.2627118644067796,0.04878350073281292,656,And who is this 'source' that will back these outrageous claims?
759,2928,11,20,129,160,1.2625,0.04563278020163594,656,Fake views!
1066,2928,12,18,130,160,1.2625,0.046486202051061076,656,Her argument that climate change is real is totally biased.
580,2930,5,27,109,141,1.2624113475177305,0.0434637466358263,656,See...he just talks in big circles
651,2930,8,21,112,141,1.2624113475177305,0.04682999721764306,656,"That may very well be true, but tell me this - how many Twitter followers do YOU have?"
1118,2930,6,25,110,141,1.2624113475177305,0.04461406049909625,656,Being 'down to earth' doesn't make him right.
4044,2930,6,25,110,141,1.2624113475177305,0.04461406049909625,656,Our tax cuts should be trickling down to you any day now
4344,2930,8,21,112,141,1.2624113475177305,0.04682999721764306,656,And you see Dora the Explora now is approaching the Orinoco
4810,2930,5,27,109,141,1.2624113475177305,0.0434637466358263,656,Calling us stupid doesn’t help.
5164,2930,6,25,110,141,1.2624113475177305,0.04461406049909625,656,What do you know?  You’re mostly covered by water!
4861,2937,8,22,115,145,1.2620689655172415,0.04592669660691276,656,You have things all turned around!
4796,2937,9,20,116,145,1.2620689655172415,0.04695792693290919,656,Do me a favor and show us your more civilized side.
4284,2937,6,26,113,145,1.2620689655172415,0.043791444141491366,656,"I prefer my planets red, white and blue!"
4033,2937,8,22,115,145,1.2620689655172415,0.04592669660691276,656,Global warning? Don’t be a drama queen!
3812,2937,5,28,112,145,1.2620689655172415,0.04268378075316585,656,"There you go again. Climate, Shmimate. Blah, blah, blah."
1558,2937,7,24,114,145,1.2620689655172415,0.04487177309412216,656,Quit melting down! Think about the economy.
3129,2937,8,22,115,145,1.2620689655172415,0.04592669660691276,656,Told you I wasn't flat!
1593,2937,5,28,112,145,1.2620689655172415,0.04268378075316585,656,"And here, to make Wittgenstein's point, is the world."
1064,2937,7,24,114,145,1.2620689655172415,0.04487177309412216,656,Forget the wall - build a canal!
3721,2937,6,26,113,145,1.2620689655172415,0.043791444141491366,656,I don’t believe in global bullying!
3329,2947,6,27,116,149,1.261744966442953,0.04300938393335905,656,I figured that in due course the whole world would speak against me.
3910,2947,11,17,121,149,1.261744966442953,0.04799250685433204,656,"And I told my wife, Melania, that it's mine, all mine."
3262,2947,6,27,116,149,1.261744966442953,0.04300938393335905,656,Keep your geopolitical opinions to yourself!
100,2947,6,27,116,149,1.261744966442953,0.04300938393335905,656,What in the world are you talking about?
305,2947,7,25,117,149,1.261744966442953,0.04405112743045617,656,You can debate all you want about curvature and the masts of ships disappearing below the horizon.  But I know in my heart that you are flat.
2463,2947,8,23,118,149,1.261744966442953,0.045068797958914913,656,"Fake news, anyone can say there’re round."
1387,2953,9,27,136,172,1.2616279069767442,0.04173362395913673,656,Welcome nonbelievers to the Flat Earth World Debate!
2828,2954,4,26,100,130,1.2615384615384615,0.04443221090596759,656,So you say - but what about the eastern hemisphere?
3681,2954,5,24,101,130,1.2615384615384615,0.04575458392739736,656,Earth! You're all wet
3998,2954,7,20,103,130,1.2615384615384615,0.04829081816580638,656,And then the world turned on me ...
5040,2957,8,24,121,153,1.261437908496732,0.044252809299484865,656,"Now, to present the other side of the argument..."
2652,2957,7,26,120,153,1.261437908496732,0.04327021861385808,656,"Not in my hemisphere!"""
2333,2957,7,26,120,153,1.261437908496732,0.04327021861385808,656,Heeerrr’s Earth!!!
2072,2957,10,20,123,153,1.261437908496732,0.046155278732855486,656,A world without borders
964,2957,10,20,123,153,1.261437908496732,0.046155278732855486,656,"Please, no more global perspective."
1310,2957,6,28,119,153,1.261437908496732,0.04226479039206945,656,Thank you for inviting me here today. Reminds me of that time some 65 million years ago...
691,2963,7,21,106,134,1.2611940298507462,0.04729123657563231,656,"And now it is my honor and pleasure to introduce one who needs no introduction, Mother Earth!"
889,2964,8,25,124,157,1.2611464968152866,0.04347559233033532,656,"Take the western hemisphere, for example..."
681,2964,6,29,122,157,1.2611464968152866,0.0415548853183028,656,I don’t KNOW why we can’t all just get along”..
829,2964,7,27,123,157,1.2611464968152866,0.042526083891482463,656,"Now, from our West Hemisphere correspondent..."
4028,2964,6,29,122,157,1.2611464968152866,0.0415548853183028,656,And for a global opinion...
4303,2968,6,24,108,138,1.2608695652173914,0.04519004128550317,656,A boastful earth will now put its own spin on things.
4126,2968,11,20,130,161,1.2608695652173914,0.04537776147888962,656,The last thing our planet needs is refugees from Earth.
4047,2968,8,20,110,138,1.2608695652173914,0.04747328592987294,656,I say to my followers. Sometimes it seems the whole world is against us......
614,2968,5,26,107,138,1.2608695652173914,0.04400401468716787,656,"And so we kick off ""Farewell Tour 2019!"""
932,2972,10,23,132,165,1.2606060606060605,0.04374975003368118,656,"Notice the white areas?
They will soon be under water."
1032,2973,6,25,111,142,1.2605633802816902,0.044337290981409164,656,Atlas is under there somewhere ...
1438,2973,4,29,109,142,1.2605633802816902,0.04202398279359126,656,"Despite what my opponent would have you believe, being worldly is not enough."
1556,2973,9,19,114,142,1.2605633802816902,0.04759690887201905,656,Behold! My base!
2322,2973,7,23,112,142,1.2605633802816902,0.04544981289771381,656,My opponent here promises the world; let me address you on a more human level.
2730,2973,7,23,112,142,1.2605633802816902,0.04544981289771381,656,Mother Earth is joining us today to discuss her plans for our future.
3382,2973,5,27,110,142,1.2605633802816902,0.04319612541308653,656,"My opponent, the globe, will tell you that global warming is real, and largely caused by human behaviors.  The globe is all wet in its opinion"""
269,2979,9,26,134,169,1.2603550295857988,0.04219280884726161,656,...and my opponent changes his climate as often as the rest of us change underwear!
5063,2980,6,26,114,146,1.2602739726027397,0.04352749528272793,656,Not flat?  Have you seen yourself in a mirror?
5004,2980,7,24,115,146,1.2602739726027397,0.044599508482464946,656,When are we going to start talking about MY needs?
2883,2980,6,26,114,146,1.2602739726027397,0.04352749528272793,656,Now let's hear from the perspective of the Earth
1735,2980,3,32,111,146,1.2602739726027397,0.04014004125208667,656,And now..let’s here it for someone who needs no introduction..here to tell us what’s happening everywhere..and we mean everywhere
1791,2980,10,18,118,146,1.2602739726027397,0.047671124286575675,656,Can’t get a world in edgewise
1993,2980,5,28,113,146,1.2602739726027397,0.04242840480501643,656,Climate change is a total hoax.  Let the world be my judge.
120,2986,6,20,97,123,1.2601626016260163,0.048758269408004706,656,I'm curiously attracted to you.
2280,2986,8,16,99,123,1.2601626016260163,0.05141914894582732,656,Fake News!! Don't listen to my hot-headed adversary.
4711,2988,9,27,137,173,1.260115606936416,0.041519239077797615,656,"My opponent is too round, too plump, and too worldly 
to be taken serious!"
4219,2989,6,27,117,150,1.26,0.04275731422181576,656,"We of the GOP, rebuke your histrionic claims of global warming!"
1642,2989,7,25,118,150,1.26,0.0437912477337203,656,"Uh, no. You’re flat."
293,2989,7,25,118,150,1.26,0.0437912477337203,656,Can you prove you aren't flat?
1094,2989,6,27,117,150,1.26,0.04275731422181576,656,Please wait your turn.
771,2993,5,23,99,127,1.2598425196850394,0.04638217211292898,656,"You don""t intimidate me...I'm used to being the underdog!"""
5138,2993,6,21,100,127,1.2598425196850394,0.04771048382553092,656,"I'm here to remind you that this issue is real, and it's no small matter."
393,2995,13,14,127,154,1.2597402597402598,0.048581608857935436,656,Don't you roll your sphere at me!
2308,2995,8,24,122,154,1.2597402597402598,0.04399727866706485,656,"And while you may be warming to a new reality, I'm afraid you remain the very definition of a globalist."
3803,2995,8,24,122,154,1.2597402597402598,0.04399727866706485,656,"You may have a world of ideas, but your argument is flat!"
4677,2995,7,26,121,154,1.2597402597402598,0.04302183273971188,656,Jack Kennedy was a friend of mine. . . You’re no Jack Kennedy.”
2059,2999,4,26,101,131,1.2595419847328244,0.04413690634167973,656,This is our new navigation app everyone!
144,2999,8,18,105,131,1.2595419847328244,0.0491713915788379,656,"There you go again, whining about your Doomsday Clock."
1645,3001,9,23,126,158,1.259493670886076,0.044153810223525845,656,"I don't care about 'your'
 pronoun, you are dressed as ""Mother Earth""!"
3008,3001,7,27,124,158,1.259493670886076,0.042288386669252824,656,"It's broke and I'm the only one who can fix it. It'll be great, believe me."
3649,3001,8,25,125,158,1.259493670886076,0.04323116124014815,656,When I win this election I'll be on top of my opponent.
3834,3001,10,21,127,158,1.259493670886076,0.045057569978179945,656,"My opponent is, in fact, flat!"
4313,3001,7,27,124,158,1.259493670886076,0.042288386669252824,656,"Our guest lecturer, Professor Atlas, had to step out for a moment, but he’ll be right back to finish his talk on 
Back Pain in Ancient Greece."
979,3006,5,25,105,135,1.2592592592592593,0.04456405500702562,656,Now it is time to hear from everyone!
660,3006,7,28,127,162,1.2592592592592593,0.04158831423557151,656,Today our guest psychiatrist will deliver a lecture on the continental self
4946,3006,5,25,105,135,1.2592592592592593,0.04456405500702562,656,"Stop rolling, please."
4640,3009,5,33,128,166,1.2590361445783131,0.03909408885300817,656,You can't change my mind! You're still flat to me!
1347,3009,9,25,132,166,1.2590361445783131,0.04266644095490076,656,Atlas shrugged!  Is there an altruistic doctor in the house?
421,3011,5,26,108,139,1.2589928057553956,0.043726586145981586,656,"The debate on global warming heats up"""
446,3011,7,22,110,139,1.2589928057553956,0.0460493557511131,656,"America, please take a spin and let someone else speak."
791,3011,5,26,108,139,1.2589928057553956,0.043726586145981586,656,I object to how much of the stage my opponent is using.
2098,3011,3,30,106,139,1.2589928057553956,0.04127330259224871,656,"And to think, I was expecting you to come out flat."
2252,3011,8,20,111,139,1.2589928057553956,0.047167865964530195,656,I know a guy who says you're not really warm.
4689,3011,6,24,109,139,1.2589928057553956,0.044902992667942086,656,"Earth,  I knew Uranus. Uranus was a friend of mine. Planet, you're no Uranus."
3470,3017,7,30,133,170,1.2588235294117647,0.04027911870455727,656,"And I say, your 'personal experience' with global warming is fake news! MAGA!"
4275,3018,7,23,113,143,1.2587412587412588,0.0451676312546647,656,"And I repeat, even if the whole world should disagree with me, I know in my gut what is true and what is fake news."
3851,3018,5,27,111,143,1.2587412587412588,0.04293167595934606,656,Just because you mean the world to people...
3597,3018,5,27,111,143,1.2587412587412588,0.04293167595934606,656,"Well, uh......at least I'm not 96% salt water!!"
3050,3018,4,29,110,143,1.2587412587412588,0.041768837001271146,656,It appears my opponent takes their stance on climate change rather seriously.
2588,3018,6,25,112,143,1.2587412587412588,0.044063838426966706,656,I thought the rules said no props?
1166,3018,8,21,114,143,1.2587412587412588,0.046245085894578014,656,Enough with the climate change – these dramatic temperature shifts you're experiencing are just global menopause.
1808,3018,5,27,111,143,1.2587412587412588,0.04293167595934606,656,"My fellow Americans, I assure you that my worthy opponent doesn't have a leg to stand on!"
1557,3018,7,23,113,143,1.2587412587412588,0.0451676312546647,656,And so I ask again: Do you really want a Flat-Earther as your candidate?
1121,3018,7,23,113,143,1.2587412587412588,0.0451676312546647,656,"The world will definitely have its say, just wait your turn."
2301,3018,6,25,112,143,1.2587412587412588,0.044063838426966706,656,My opponent may THINK he's ready for the world stage.....
4503,3028,6,18,92,116,1.2586206896551724,0.05066379415575519,656,And my opponent here...Lyin hot Mother Earth
2077,3029,3,32,112,147,1.2585034013605443,0.03990534342770983,656,"You can think what you want to, but I'm acting locally."
263,3029,8,22,117,147,1.2585034013605443,0.04536933143282177,656,It’s not about you.
1822,3029,7,24,116,147,1.2585034013605443,0.04433044410499038,656,I must dispute the assertions of my deluded opponent: it has been demonstrated time and again that only the Republican Party knows what’s best for the planet Earth.
832,3032,7,18,99,124,1.2580645161290323,0.04974491414544795,656,You’re taking this personally.   I have data.
1359,3032,9,22,124,155,1.2580645161290323,0.04469203812864336,656,Fake news - the earth is actually flat!
2368,3032,6,28,121,155,1.2580645161290323,0.04178536502662134,656,"Well if global warming is real, then why is it so cold in here?"""
3598,3032,6,28,121,155,1.2580645161290323,0.04178536502662134,656,"Who wants this genuine Earth rock for 25 moon rocks, do I hear 50?  50 going once, 50 going twice.  Sold! to the little man with the fashionable wave."
71,3036,7,27,125,159,1.2578616352201257,0.042053260892477094,656,"My opponent is an old, sick globalist who wasn't even born in America."
2810,3036,9,23,127,159,1.2578616352201257,0.04390557758976369,656,America is bigger and better than you!
2206,3038,4,26,102,132,1.2575757575757576,0.04384536910022607,656,I'll pause now to let the data speak for itself.
2654,3038,6,22,104,132,1.2575757575757576,0.046408374605699396,656,Stay in your orbit!
5226,3040,5,25,106,136,1.2573529411764706,0.04427622191123931,656,"While I’ll cede to your roundness of shape, I’ve yet to see any evidence of your getting warmer."
3442,3041,6,24,110,140,1.2571428571428571,0.04461946972181272,656,"The opposition candidate acts like a big shot, but can’t take the heat."
1582,3041,9,18,113,140,1.2571428571428571,0.047950201741099964,656,You can’t hide forever Mr. President.
2013,3041,7,22,111,140,1.2571428571428571,0.04575666073015567,656,"And finally, here is my irrefutable proof that the Earth is, indeed, flat."
2554,3041,4,28,108,140,1.2571428571428571,0.04225336948005622,656,Hope you had a chance to warm up before this!
2735,3041,4,28,108,140,1.2571428571428571,0.04225336948005622,656,Flat-earthers are not intimidated by your inflated ego!
3725,3046,7,23,114,144,1.2569444444444444,0.04488884633653656,656,"What do you mean ""you're just another species""?"
2987,3046,6,25,113,144,1.2569444444444444,0.04379364598089652,656,I'd like to thank my host...
4100,3046,8,21,115,144,1.2569444444444444,0.045957954943081275,656,"Claiming the debate was rigged, the Flat Earth proponent complained bitterly that his opponent should have been disqualified."
2510,3046,6,25,113,144,1.2569444444444444,0.04379364598089652,656,Four and a half billion is still too young for perpetual hot flashes.
2615,3046,6,25,113,144,1.2569444444444444,0.04379364598089652,656,"I don't care how big you are, we're in charge now."
1764,3046,9,19,116,144,1.2569444444444444,0.04700275225638798,656,My opponent just THINKS it hot in here.
131,3046,11,15,118,144,1.2569444444444444,0.04902559447804361,656,"You, sir, are nothing but fake news."
953,3046,7,23,114,144,1.2569444444444444,0.04488884633653656,656,Oh yeah? Well. look at these hands!
1819,3046,4,29,111,144,1.2569444444444444,0.04151666212558399,656,"I'd like to introduce my oyster, The World."
1035,3046,7,23,114,144,1.2569444444444444,0.04488884633653656,656,If only the planet could talk.
1208,3056,7,24,117,148,1.2567567567567568,0.04406452590931787,656,"Unlike my opponent, I promise NOT to represent the interests of all."
1514,3056,5,28,115,148,1.2567567567567568,0.04192642504314524,656,And here to debate in favor of First World Problems...
1716,3056,5,28,115,148,1.2567567567567568,0.04192642504314524,656,"Well, I'm not changing!"
1936,3056,5,28,115,148,1.2567567567567568,0.04192642504314524,656,And now the fraction of the world that remains will tell you what  really happened to the rest of it.
2970,3056,5,28,115,148,1.2567567567567568,0.04192642504314524,656,Who are you to lecture me about global warming?
2631,3061,5,29,118,152,1.256578947368421,0.041217856416234246,656,"Hey, Earth! Hovering behind people on a stage is my shtick, I made that up! Quit acting like everything revolves around you!"
1595,3061,8,23,121,152,1.256578947368421,0.04427557808511744,656,Welcome to Twitter Live! Round 1: the world vs. a man who read something online.
2471,3061,8,23,121,152,1.256578947368421,0.04427557808511744,656,"Is it just me, or is it globally warm in here?"
272,3064,7,26,123,156,1.2564102564102564,0.04253329826955489,656,My opponent is flat wrong!
1092,3064,7,26,123,156,1.2564102564102564,0.04253329826955489,656,Speaking for the Eastern Hemisphere...
3443,3064,9,22,125,156,1.2564102564102564,0.04443542993563251,656,You're really going to build a wall ?
4436,3067,7,27,126,160,1.25625,0.041820666665864606,656,Are we really going to let this inarticulate blob rule our politics?
2154,3068,8,28,136,172,1.255813953488372,0.040709815367658664,656,"Hello, Folks. Tonight's first guest is a prop comic known the world over for his many humorous and absurd creations. Let's have a big hand for God!"
1734,3069,8,18,107,133,1.255639097744361,0.04850714578165413,656,"Whoa,  I was told one guy would be taking the climate change is real side!"
2020,3069,4,26,103,133,1.255639097744361,0.043557531216445955,656,From where I stand nobody can tell me it isn't flat.
315,3069,4,26,103,133,1.255639097744361,0.043557531216445955,656,"Yeah, that’s just your opinion."
5049,3069,3,28,102,133,1.255639097744361,0.04222957919656456,656,Borders? What borders?
2874,3073,5,25,107,137,1.2554744525547445,0.04399197431622221,656,My opponent's world view is solipsistic!
70,3074,4,28,109,141,1.2553191489361701,0.04199225011621295,656,"Unlike my opponent, I will think globally but act locally."
2127,3074,5,26,110,141,1.2553191489361701,0.043181780792555385,656,Wait a minute - I’m the one whose supposed to warm up the crowd.
2460,3074,7,22,112,141,1.2553191489361701,0.04546757567326129,656,Are views are world's apart.
2464,3074,6,24,111,141,1.2553191489361701,0.04433941040440235,656,Don't blame me! I believe in climate change!
2879,3074,6,24,111,141,1.2553191489361701,0.04433941040440235,656,"Let me stop you right there.. ""Planet B"" cannot possibly be a legitimate proposal."
3057,3074,5,26,110,141,1.2553191489361701,0.043181780792555385,656,I never thought that they meant this debate would be attended by the whole world.
3565,3074,6,24,111,141,1.2553191489361701,0.04433941040440235,656,"As you can see, my opponent's global perspective remains 
uni-hemispheric."
4207,3081,6,25,114,145,1.2551724137931035,0.04352665799715286,656,"Ok, so you feel a little bit warmer...but how do we know it's caused by humans?"
3761,3081,7,23,115,145,1.2551724137931035,0.044613399299023804,656,.... and now for another perspective ....
2967,3081,4,29,112,145,1.2551724137931035,0.04126740935865803,656,"Will you vote for your fellow man, or this filthy rock?"
1080,3081,7,23,115,145,1.2551724137931035,0.044613399299023804,656,I yield the remainder of my eons to the honorable planet.
728,3081,7,23,115,145,1.2551724137931035,0.044613399299023804,656,...and I promise to focus on issues closer to home
157,3086,8,22,119,149,1.25503355704698,0.04482503464391083,656,"Socialism isn’t the solution, but you’re getting warmer."
2384,3086,5,28,116,149,1.25503355704698,0.04167972608026823,656,Mediator: “The topic of debate will be global warming.”
4327,3086,8,22,119,149,1.25503355704698,0.04482503464391083,656,"You may claim you’re getting warmer, but it’s only fair that I’m allowed to present the other side."
1044,3089,4,31,118,153,1.2549019607843137,0.03991887603166448,656,"And, as you can see, the Americas have an obesity problem."
4452,3089,6,27,120,153,1.2549019607843137,0.04201803526632825,656,The only conspiracy here is how you fit through the doorway
5111,3089,4,31,118,153,1.2549019607843137,0.03991887603166448,656,"And I say, let’s give the whole world a platform with which to speak."
2016,3092,9,22,126,157,1.2547770700636942,0.04418169044151632,656,"It’s just me against the world now, baby!"
210,3092,7,26,124,157,1.2547770700636942,0.04229306249982094,656,The world is flat.
4594,3094,7,13,86,106,1.2547169811320755,0.05536990005350171,656,And I too have personal experience with climate change
311,3095,6,29,126,161,1.2546583850931676,0.040646467672910316,656,I find your arguments on global warming to be unsubstantiated and frankly rather circular.
3896,3095,6,29,126,161,1.2546583850931676,0.040646467672910316,656,"As President,  I promise I will move heaven and you to get it done!"
4517,3095,3,35,123,161,1.2546583850931676,0.03767248438352,656,Today I'll be speaking for the world.
928,3098,7,28,130,165,1.2545454545454546,0.0409193548756596,656,"Ok, calm down. One at a time!"
2774,3099,6,20,100,126,1.253968253968254,0.04772475040753304,656,"Now, that's no reason to heat up!"
5053,3099,8,16,102,126,1.253968253968254,0.05031520699976876,656,And I'm happy to call climate change out as a hoax no matter how much evidence there is for it
4071,3101,3,27,100,130,1.2538461538461538,0.04273245867758954,656,It's taken them 4.5 billion years to show us their climate change plan. I'm only asking for 1 term.
5011,3101,6,21,103,130,1.2538461538461538,0.046731625028052344,656,Now you tell me who's responsible for all of the earthquakes?
4240,3103,6,22,106,134,1.2537313432835822,0.04579325782901285,656,Let me reconsider my position on Climate Change.
698,3103,6,22,106,134,1.2537313432835822,0.04579325782901285,656,Keep going around in circles.
2538,3105,7,21,110,138,1.2536231884057971,0.046067844452383516,656,Could we turn on the air conditioning? It's getting hot in here.
2958,3105,4,27,107,138,1.2536231884057971,0.042483958432542705,656,"Atlas(t), an admitted globalist!"
3898,3105,7,21,110,138,1.2536231884057971,0.046067844452383516,656,I look forward to the day when we are no longer opposing each other.
3984,3105,7,21,110,138,1.2536231884057971,0.046067844452383516,656,My Mother is always blowing things out of proportion.
4094,3105,5,25,108,138,1.2536231884057971,0.04371124851677211,656,"And, I’d like to introduce my co-presenter, who is quite worldly."
4293,3105,6,23,109,138,1.2536231884057971,0.044905008291859914,656,"Other than regularly occurring natural disasters, my opponent remains entirely silent on the issue of climate change."
5118,3105,5,25,108,138,1.2536231884057971,0.04371124851677211,656,Your position is one-sided.
4489,3112,5,26,111,142,1.2535211267605635,0.042914288669879404,656,"Now that you are off my shoulders, can you carry your own weight?"
2432,3112,6,24,112,142,1.2535211267605635,0.04406275403227522,656,I think the world of my opponent but clearly she is confusing her menopausal hot flashes with a global warming.
533,3112,4,28,110,142,1.2535211267605635,0.041734231167887756,656,"Please sir, you've had your turn."
2213,3112,5,26,111,142,1.2535211267605635,0.042914288669879404,656,"can i finish?!? thank you... what the world fails to recognize, is her responsibility in all of this."
2484,3116,6,25,115,146,1.2534246575342465,0.04326282001025936,656,"Dude, I have the numbers."
3238,3116,6,25,115,146,1.2534246575342465,0.04326282001025936,656,Our guest lecturer will be discussing the effects of globalization.
4321,3116,7,23,116,146,1.2534246575342465,0.04434123257792524,656,Our next speaker has the whole world in his hands.
5257,3116,5,27,114,146,1.2534246575342465,0.04215682962404238,656,A political candidate with this world view is uncommon.
2445,3120,7,24,119,150,1.2533333333333334,0.043541917540996115,656,If it is so hot in here then tell me why it snowed last week?
4817,3120,8,22,120,150,1.2533333333333334,0.044557648521436594,656,"Earth is only here because it's been riding on the back of Atlas forever."""
3544,3120,5,28,117,150,1.2533333333333334,0.041435825874730124,656,I'm sorry I said you were flat!
2318,3120,9,20,121,150,1.2533333333333334,0.04555073545369884,656,"There, right there, thanks to God and Donald Trump, is the greatest nation on the planet!"
1173,3120,8,22,120,150,1.2533333333333334,0.044557648521436594,656,Someone please quickly lower the microphone for Mr. Atlas. He is much shorter than we expected!
781,3120,6,26,118,150,1.2533333333333334,0.042501919068836526,656,"The oceans have so much to tell us. Pacific, what have you got to say?"
525,3120,6,26,118,150,1.2533333333333334,0.042501919068836526,656,"For the last time, where are you hiding Ms. San Diego?"
3338,3127,10,19,125,154,1.2532467532467533,0.04566022318123157,656,Point taken on the coming big climate change.
3522,3127,4,31,119,154,1.2532467532467533,0.03969334143175895,656,Size is relative.
4456,3127,6,27,121,154,1.2532467532467533,0.041777101738457396,656,"My opponent is a Globalist, which means he is crazy. In addition, his version of the globe is not actual size."
5220,3127,7,25,122,154,1.2532467532467533,0.042780938132409324,656,We all have that weight on our shoulders!
3489,3131,6,28,124,158,1.2531645569620253,0.04108571366290423,656,"""Studying the entire earth in one day can be...a little intimidating.
So we'll start this morning with the Western Hemisphere."""
4052,3132,9,23,130,162,1.2530864197530864,0.04317700064962713,656,And that is why the earth is flat.
594,3133,6,30,130,166,1.2530120481927711,0.039793871028663635,656,I’m leaving if California comes on inch closer.
977,3133,13,16,137,166,1.2530120481927711,0.045767757453696614,656,I'd like to add you to my LinkedIn network
1889,3135,10,13,108,131,1.251908396946565,0.051225167508797534,656,"And now, on this question of global warming, why don't we hear from Mother Earth, herself?"
662,3136,7,20,108,135,1.2518518518518518,0.046690965621885495,656,Equal time! I was promised equal time!
1274,3136,5,24,106,135,1.2518518518518518,0.04425979701350884,656,Read my lips: no blue planets.
4656,3136,7,20,108,135,1.2518518518518518,0.046690965621885495,656,This really shouldn’t be a debate
2120,3139,3,29,107,139,1.2517985611510791,0.04096317835579747,656,"The turning point was the debates. Nixon looked sweaty, nervous and untrained. Kennedy, by contrast, was tanned and calm— but also colossal and globular, with great tidal seas and continents and ice caps and everything."
4263,3139,5,25,109,139,1.2517985611510791,0.043433982204254526,656,"(These New Yorker cartoonist have it backwards, last week they had soup spinning and this week the world at a stand)"
989,3141,7,22,114,143,1.2517482517482517,0.044899980190093225,656,Fake News! Earth has a well-documented left-wing bias!
1704,3141,9,18,116,143,1.2517482517482517,0.047042473718436985,656,Now to tell us about the problems of the world  is the world !!
4997,3141,8,20,115,143,1.2517482517482517,0.04598370665040281,656,"I, on the other hand, would like to take a more down to earth approach."
4309,3144,9,19,119,147,1.251700680272109,0.046138299204933786,656,"While my opponent here is going to try to argue climate change is 'real,' let me tell you about my tax plan."
1330,3144,8,21,118,147,1.251700680272109,0.04511712195395935,656,It's a fake world!
1746,3146,7,24,120,151,1.2516556291390728,0.043285124869849506,656,I have crushing news!
2207,3146,6,26,119,151,1.2516556291390728,0.04225283202636141,656,Rumor has it that you're hoping for another meteor hit.
2917,3146,9,20,122,151,1.2516556291390728,0.04527916161436261,656,And yet my opponent has the audacity to question my membership in the Flat Earth Society!
3770,3146,4,30,117,151,1.2516556291390728,0.04010861968139528,656,Not the global warming argument again!
4614,3146,4,30,117,151,1.2516556291390728,0.04010861968139528,656,"Yes, I've heard all your ""science,"" but you're full of hot air."
4848,3151,8,23,124,155,1.2516129032258065,0.043509191192572405,656,"Hey, when do we get the non-global warming questions?"
1295,3151,8,23,124,155,1.2516129032258065,0.043509191192572405,656,Sorry!  Humans are in charge.  You have no say in the matter.
1396,3151,5,29,121,155,1.2516129032258065,0.04051775137575749,656,"My opponent denies it, but given the current climate, change is our only option."
1615,3151,10,19,126,155,1.2516129032258065,0.0453940974065414,656,I don't even wear carbon shoes. Next question.
3223,3155,4,32,123,159,1.251572327044025,0.038860197065117584,656,I told him not to carry the whole world on his shoulders.
855,3155,7,26,126,159,1.251572327044025,0.04182044241324806,656,I was told my opponent would be flat
77,3157,8,25,130,163,1.2515337423312884,0.04204818135866704,656,"My opponent is well rounded, but that argument fell flat"
1076,3157,9,23,131,163,1.2515337423312884,0.042939374909403194,656,Goodbye
3642,3157,6,29,128,163,1.2515337423312884,0.04020657696812169,656,Speaking of inflation...
3145,3160,6,29,129,164,1.25,0.039990085558669106,656,WE CAN SAVE OUR HALF IF WE FORGET  ABOUT THE OTHER HALF
3178,3160,7,25,124,156,1.25,0.04229265090918735,656,"The Climate Change ""Debate"""
3182,3160,5,26,113,144,1.25,0.04238884637277,656,"""Excuse me!We are not here to discuss personal problems."""
3417,3160,9,18,117,144,1.25,0.04674734950042286,656,Don't let the blue fool you. My candidate is in it for the green!
4093,3160,7,19,106,132,1.25,0.0473383634798584,656,"Who are you kidding?  Stop the debate!  Everyone knows the earth is flat, and that climate change isn’t real."
4124,3160,6,24,114,144,1.25,0.04351941398892446,656,"I do not believe, sir, that you are feeling any warmer”"
4453,3160,6,31,135,172,1.25,0.03878772955583102,656,"She can say all she wants about rising temperatures and seas, but I made a snowball in April, so what does that tell you?"
4494,3160,11,19,134,164,1.25,0.0444217338520893,656,Are you sure it’s not one of your hot flashes?
4554,3160,8,20,116,144,1.25,0.04569671310050197,656,"In the eye of the beholder, you are a mere blimp in the universe."
4676,3160,4,30,118,152,1.25,0.03987825669794682,656,Get outta my space!
4693,3160,10,17,121,148,1.25,0.046848658867186165,656,"Mr. Earth, in last night’s debate we heard a totally opposite opinion."
4767,3160,3,29,108,140,1.25,0.040709281890814235,656,"I disagree, the political climate takes precedence."""
4809,3160,3,26,99,128,1.25,0.042958962288966916,656,My opponent has a more globalist point of view.
5058,3160,6,21,105,132,1.25,0.046100544855210326,656,Turn around and show the voters your backside.”
3030,3160,8,20,116,144,1.25,0.04569671310050197,656,Flat-Earther Debate
2848,3160,7,25,124,156,1.25,0.04229265090918735,656,You could have just told the speaker under you that you had a comment.
2617,3160,4,28,112,144,1.25,0.041227287076512804,656,Never have I heard such a self-absorbed World View...!
1264,3160,4,32,124,160,1.25,0.038648553554096944,656,I see no point to this global debate!
880,3160,4,27,109,140,1.25,0.04195259890620108,656,Prove it.
973,3160,5,31,128,164,1.25,0.03904344047215152,656,"It doesn't matter what the world wants, it matters what we want"
1193,3160,6,28,126,160,1.25,0.04063180276860005,656,"And, your Hot Flashes are distracting!"
1227,3160,7,20,109,136,1.25,0.04638336040008698,656,Such a nasty planet.
1249,3160,7,23,118,148,1.25,0.04380651604022256,656,"….and what makes you think, we 1% will listen you you?"
2699,3160,5,26,113,144,1.25,0.04238884637277,656,"I'll take ""Scorch"" for $500 Alex"
726,3160,6,24,114,144,1.25,0.04351941398892446,656,"Yes, I'm trying to turn the heat down!"
1275,3160,5,27,116,148,1.25,0.04165517399877003,656,So I ask my opponent: why are you even here?
1502,3160,6,21,105,132,1.25,0.046100544855210326,656,"Next Up to our Podium..Someone who has be ""Round"" a long time and has a ""world"" of knowledge""."
1665,3160,5,22,101,128,1.25,0.045733307698775365,656,That is fake news! Global warming is a myth!
2108,3160,5,25,110,140,1.25,0.04316011443339083,656,"Now, my opponent may call himself a man of the world, but I have my doubts."
2109,3160,8,16,104,128,1.25,0.04960473688328407,656,OK who is the wise ass who inflated my globe?
2519,3160,8,21,119,148,1.25,0.044843500208385956,656,"That's just, like, your opinion, rest of the entire world."
2524,3160,5,30,125,160,1.25,0.03965257928590721,656,"I know they said this was a global stage, but..."
1459,3160,7,26,127,160,1.25,0.041587976007827945,656,"No, I still say that you are flat!"
4442,3193,8,29,144,181,1.2486187845303867,0.0391013835052382,656,"We originally invited Pluto,but since it’s status changed ,the little people protested”"
2298,3194,6,28,127,161,1.2484472049689441,0.0404084886504948,656,You've had your say. Don't interrupt me when I'm on a roll.
3829,3194,4,32,125,161,1.2484472049689441,0.03843912657581565,656,When they said Mother Earth was going to speak today I definitely didn’t expect this.
3809,3196,5,29,123,157,1.2484076433121019,0.040063695565756244,656,"Hold on, I asked for a WORLD view!"
275,3197,5,28,120,153,1.2483660130718954,0.04072046990626665,656,"And here's what it looked like, only 15 years ago."
1427,3197,7,24,122,153,1.2483660130718954,0.042780314320937096,656,Your argument has fallen flat
1954,3197,7,24,122,153,1.2483660130718954,0.042780314320937096,656,“Yours is the Axis of Evil!”
2266,3197,5,28,120,153,1.2483660130718954,0.04072046990626665,656,"Hold up”...I said global warming, not warning!"
3126,3197,6,26,121,153,1.2483660130718954,0.04176309353236026,656,Your platform lacks a global perspective.
3815,3197,7,24,122,153,1.2483660130718954,0.042780314320937096,656,We could debate this all day long and all night long and all day long and all night long and...
5194,3197,4,30,119,153,1.2483660130718954,0.039650439561014494,656,"I'll Make America Great Again, while my opponent is wrongly focusing on the Americas."
579,3204,6,25,118,149,1.2483221476510067,0.04248967850729419,656,My therapist told me I was paranoid when I said you were always against me.
1309,3204,3,31,115,149,1.2483221476510067,0.03915722940852179,656,No global warming here folks! Move along...
1367,3204,8,21,120,149,1.2483221476510067,0.044573110983951156,656,That's YOUR opinion!
1811,3204,5,27,117,149,1.2483221476510067,0.0414086712909991,656,I think we should let Australia speak for herself!
2323,3208,6,24,115,145,1.2482758620689656,0.043252615453394906,656,"Now my opponent, whose ego is the size of the entire planet...."
2553,3208,6,24,115,145,1.2482758620689656,0.043252615453394906,656,May I ask our U.S colleague to explain his views of the world.
2642,3208,4,28,113,145,1.2482758620689656,0.04097826085051929,656,"And without further adieu, he carries the weight of the world on his shoulders"
2669,3208,6,24,115,145,1.2482758620689656,0.043252615453394906,656,"In this political climate, there is no earthly reason for your position!"
4087,3208,6,24,115,145,1.2482758620689656,0.043252615453394906,656,Introductions are unnecessary.  Her stage presence is global.
2907,3213,6,23,112,141,1.24822695035461,0.044054893878545213,656,I rest my case
3284,3213,6,23,112,141,1.24822695035461,0.044054893878545213,656,My opponent is “warm”!  BOO HOO!
2840,3213,8,19,114,141,1.24822695035461,0.04629760166398814,656,I told you it’s NOT HOT in here!!
1882,3213,7,21,113,141,1.24822695035461,0.04519016261581274,656,And what have you ever done for us?
1414,3213,4,27,110,141,1.24822695035461,0.04169171895547657,656,I am honored to be speaking on behalf of the entire planet.
1266,3213,9,17,115,141,1.24822695035461,0.0473791625340828,656,Not now.
939,3213,5,25,111,141,1.24822695035461,0.04288958558969954,656,And take note of how my opponent is trying to flood this debate with irrelevant arguments
380,3213,6,23,112,141,1.24822695035461,0.044054893878545213,656,"Motherhood aside, what else can you say for yourself?"
847,3221,4,26,107,137,1.2481751824817517,0.04244186524511072,656,Where in the world did you get that information?
1836,3221,6,22,109,137,1.2481751824817517,0.04489984787719984,656,"And as you can plainly see, the President's proposed new walls will keep out Mexicans! Chileans! Brazilians! Venezuelans! Cubans! Germans! Canadians! Alaskans! Hawaiians!"
2398,3221,9,16,112,137,1.2481751824817517,0.04835310703835909,656,Now you're just talking out of your Tropic of Capricorn.
3140,3221,5,24,108,137,1.2481751824817517,0.043688146360768294,656,Presenting...for the first time on this stage... the World tour!
4642,3221,9,16,112,137,1.2481751824817517,0.04835310703835909,656,"Ah, I can see right through this round-earther's ruse. You're an actor paid by NASA!"
1332,3226,9,15,109,133,1.2481203007518797,0.0493821648404393,656,Make the Earth Great Again? Socialism!
2831,3227,4,24,101,129,1.248062015503876,0.044065182174039035,656,And I say to you that a prolonged fever does not prove the reality of Global Warming.
3555,3227,4,24,101,129,1.248062015503876,0.044065182174039035,656,"Let me reiterate: ""There is no such thing as global warming!!"""
4989,3229,4,23,98,125,1.248,0.04494584555059639,656,"I respect your position, but you're taking climate change too personally"
1537,3230,9,26,143,178,1.247191011235955,0.04028228155624931,656,"In this debate, the earth always wins"
1695,3231,10,22,138,170,1.2470588235294118,0.042389279379657446,656,"The man who has the whole world in his hands, seems to have disappeared."
2945,3231,6,30,134,170,1.2470588235294118,0.03896660659115111,656,"You’re just slanted, tilted spin."
3493,3231,6,30,134,170,1.2470588235294118,0.03896660659115111,656,Atlas your ride is here...
929,3234,7,27,132,166,1.2469879518072289,0.04047612486444019,656,"Contrary to what you think, we do have at least one commonality. We’re both mostly made up of water. So there!"
1033,3235,6,28,128,162,1.2469135802469136,0.04018755239832282,656,Can you name the planet where you would find these land masses?
3588,3236,5,28,121,154,1.2467532467532467,0.040487321254757055,656,Just WHO do you think you are?
1142,3236,5,28,121,154,1.2467532467532467,0.040487321254757055,656,"Just turn and roll away, why don't you - make my day!"
3566,3236,5,28,121,154,1.2467532467532467,0.040487321254757055,656,"Storms, drought, flooding, famine. It's time for the voters to say 'goodbye cruel world."""
228,3239,5,27,118,150,1.2466666666666666,0.04116498878012371,656,"Although we are in this crazy heated debate, I definitely agree with you!  If it weren't for YOU, none of us would be here."
4758,3239,8,21,121,150,1.2466666666666666,0.044305898897400074,656,What does a Mercator Globe know about accuracy?
86,3241,3,30,113,146,1.2465753424657535,0.039555446319679236,656,"Wow,wow, wow, I believe you've exceeded your time limit."
330,3241,7,22,117,146,1.2465753424657535,0.04407410326605941,656,Is this thing on?
2542,3241,5,26,115,146,1.2465753424657535,0.04187576812582842,656,My opponent is a self-promoting blowhard concerned only with its own special interests.
3574,3241,6,24,116,146,1.2465753424657535,0.04298899007208366,656,"Believe me, we hear you,
and we’re working on it!"
4697,3241,7,22,117,146,1.2465753424657535,0.04407410326605941,656,"You will observe the earth appears to be a round flat disk, but we have reason to believe otherwise."
4777,3241,4,28,114,146,1.2465753424657535,0.04073213282948226,656,"I am sad to have to say this, but: From my observations throughout this debate, I truly believe that my opponent is polluted."
301,3247,5,25,112,142,1.2464788732394365,0.04262233735759899,656,"Whoa!  Slow your roll, big guy."
3461,3247,5,25,112,142,1.2464788732394365,0.04262233735759899,656,Consider my opponents history.  Can you really trust him?
3564,3247,10,15,117,142,1.2464788732394365,0.04812602462452316,656,The Earth is flat.
3064,3250,7,20,111,138,1.2463768115942029,0.045779904562916626,656,How am I supposed to argue against the world?
2263,3250,4,26,108,138,1.2463768115942029,0.04217155550129456,656,"I guess I'm in the minority on this issue, but..."
2564,3250,7,20,111,138,1.2463768115942029,0.045779904562916626,656,"Whoa, whoa, whoa, one at a time!"
4854,3250,5,24,109,138,1.2463768115942029,0.04340767923070482,656,You seem to think we could continue to exist without economic growth!
3671,3254,3,27,104,134,1.2462686567164178,0.04162096464564211,656,"If I had a nickel for every time someone tried to convince me that they speak for planet earth, I’d be a rich man."
4794,3254,5,23,106,134,1.2462686567164178,0.04423512630593346,656,"And I repeat, I don’t see any evidence supporting my opponent’s claims of this so-called “climate change”!"
3446,3254,6,21,107,134,1.2462686567164178,0.04548590166123932,656,Voters today demand more than simple warmth!
2189,3254,5,23,106,134,1.2462686567164178,0.04423512630593346,656,My opponent's comments suggest he's from a different universe.
3415,3254,8,17,109,134,1.2462686567164178,0.047889549498862795,656,You may think you're getting warmer but my President is gonna make that part Great Again!
1063,3254,7,19,108,134,1.2462686567164178,0.04670319154586742,656,This is not what I meant by a continental presence.
1744,3260,7,18,105,130,1.2461538461538462,0.04767903329604257,656,"Your opinion notwithstanding, all experts are not in agreement."
4459,3260,3,26,101,130,1.2461538461538462,0.04238216462779693,656,Who's we?
879,3262,4,23,99,126,1.246031746031746,0.04463112720677173,656,"Yes, as his spokesperson, I can tell you, Donald Trump knows best how to fix you."
2270,3262,6,19,101,126,1.246031746031746,0.047390988275359834,656,"Now you’ve had your turn, it’s time to talk about REAL issues."
3202,3262,6,19,101,126,1.246031746031746,0.047390988275359834,656,"Okay, okay. you have a climate problem."
3457,3262,5,21,100,126,1.246031746031746,0.046031746031746035,656,"Didn't we settle this debate 2,000 years ago?"
3969,3266,9,26,144,179,1.2458100558659218,0.040080405950014136,656,"He's at a loss, not Atlas!"
3425,3267,9,11,98,118,1.2457627118644068,0.053740892625588225,656,"Re-Elect me, and I assure you, my opponent is a HUGE LOOSER!"
931,3268,8,26,137,171,1.2456140350877194,0.04050091010724952,656,And now a word from our Sponsor
1901,3268,6,30,135,171,1.2456140350877194,0.0387649947801712,656,"And now, may I introduce the world, with few choice words to offer regarding global warming"
3979,3268,8,26,137,171,1.2456140350877194,0.04050091010724952,656,"And in conclusion, I have the world on my side.  Thank you."
4778,3268,8,26,137,171,1.2456140350877194,0.04050091010724952,656,"Excuse me, but your two minutes are up"
2174,3272,6,29,132,167,1.2455089820359282,0.03935401643597681,656,I don't care what the world says. I am right.
3366,3272,6,29,132,167,1.2455089820359282,0.03935401643597681,656,I won’t make the opposing candidate’s lack of worldliness an issue in this campaign.
4291,3274,8,11,91,110,1.2454545454545454,0.05507802280908182,656,That is where the Americas used to be before the President proclaimed climate change was FAKE NEWS!
3148,3275,7,26,130,163,1.2453987730061349,0.04090547563374914,656,And what skeletons are hiding in my opponent's antipodes?
2057,3275,6,28,129,163,1.2453987730061349,0.039968957639452074,656,"I say to the world just because it is all of you against me, don't think I am wrong."
1054,3277,5,29,125,159,1.2452830188679245,0.039619419008319154,656,And my opponent insists the issue is global!
1966,3277,5,29,125,159,1.2452830188679245,0.039619419008319154,656,"Yes, I know this is billed as a World Conference...."
2036,3277,11,17,131,159,1.2452830188679245,0.045247843461946435,656,It's YOUR problem. I don't respect planets who let its inhabitants change the climate
1813,3280,8,22,125,155,1.2451612903225806,0.043266242990091804,656,I yield back the balance of my time and join with our last witness in urging the committee to run for their lives.
2594,3280,10,18,127,155,1.2451612903225806,0.04516129032258065,656,You're not the boss of me.
3838,3280,5,28,122,155,1.2451612903225806,0.04025675397735821,656,"So, what time is it over there?"
4604,3280,9,20,126,155,1.2451612903225806,0.04422391844962455,656,My research still proves you are flat.
4770,3280,5,28,122,155,1.2451612903225806,0.04025675397735821,656,"“I think you’ll find our next speaker is really on the ball ....   
           just out of this world.”"
4298,3285,1,35,115,151,1.2450331125827814,0.03635353439335788,656,Can I have some ice water?
85,3285,5,27,119,151,1.2450331125827814,0.04092408026933852,656,Let the voters choose: Flat earth or America first.
1055,3285,6,25,120,151,1.2450331125827814,0.0419890529381387,656,"Say hello to my little friend."""
3435,3285,8,21,122,151,1.2450331125827814,0.0440418097737016,656,So let’s hear your side of the story Mr. Know It All...
4254,3285,5,27,119,151,1.2450331125827814,0.04092408026933852,656,I give you WORLD PEACE!
4153,3290,6,24,117,147,1.2448979591836735,0.04272848347675213,656,"My esteemed colleague considers himself an Atlas 
among mere mortals."
4175,3290,8,20,119,147,1.2448979591836735,0.04485642897572416,656,And who do you think should pay for the wall?
181,3290,6,24,117,147,1.2448979591836735,0.04272848347675213,656,Please back up.Im feeling very warm.
445,3290,8,20,119,147,1.2448979591836735,0.04485642897572416,656,OK God.  You win!
3014,3294,6,23,114,143,1.2447552447552448,0.04350539863182021,656,"‘Stay cool, stay cool?’ What on earth...YOU stay cool!"
4869,3294,7,21,115,143,1.2447552447552448,0.04462300714153091,656,"And who, my friends, do you think is going to pay for these elitist policies that my opponent suggests?"
1535,3294,7,21,115,143,1.2447552447552448,0.04462300714153091,656,I'll be the one who decides whether your climate is changing or not!
1919,3294,7,21,115,143,1.2447552447552448,0.04462300714153091,656,Will you stop ignoring me. Now listen to your Mother Earth!
4539,3294,5,25,113,143,1.2447552447552448,0.04235831268917647,656,And what is your opinion on climate change?
4318,3299,7,20,112,139,1.2446043165467626,0.04548390934897567,656,What 'world view'?  You don't even have eyes
3460,3299,5,24,110,139,1.2446043165467626,0.04313069881830356,656,"The lone, skeptical scientist debates global warming."
4188,3299,5,24,110,139,1.2446043165467626,0.04313069881830356,656,We're debating pollution. You can't just cough.
4086,3302,5,23,107,135,1.2444444444444445,0.04394411580826142,656,As a businessman I can tell you these climate change restrictions would cause havoc.   What is your stake in all this?
1857,3303,5,22,104,131,1.2442748091603053,0.044802172391748794,656,"An now for the definitive word on global warming,I'd like to introduce....."
3095,3303,4,24,103,131,1.2442748091603053,0.043471770597983204,656,well.. someone here thinks a lot of themselves..
455,3305,5,21,101,127,1.2440944881889764,0.045708924357428474,656,You think your global perspective is so big.
2150,3306,7,27,134,168,1.244047619047619,0.04004650829293274,656,You’re not listening!!
4515,3306,5,31,132,168,1.244047619047619,0.03822500265005232,656,Make the Americas Matter Again
3134,3308,8,14,101,123,1.2439024390243902,0.050772341450393485,656,"In any discussion of geopolitical trends, it's essential to have an expansive world view."
766,3309,6,27,127,160,1.24375,0.04038618120193431,656,My opponent has a heart of iron.
4752,3310,7,23,122,152,1.243421052631579,0.04277404880485733,656,I'll ask you again for the final time- where were you when you last saw Atlantis?
532,3310,7,23,122,152,1.243421052631579,0.04277404880485733,656,"'Environmentalism,' he says? That's just the sort of corrupt, self-serving rhetoric that we need to eliminate from our politics!"
4683,3310,3,31,118,152,1.243421052631579,0.03848461703327203,656,"Look, I know what I agreed to, but I just assumed you were speaking in metaphor"
804,3313,9,18,121,148,1.2432432432432432,0.04560236220470162,656,Not all at once!
2719,3313,6,24,118,148,1.2432432432432432,0.042471042471042476,656,My opponent cannot hide his preference for big government.
2820,3313,5,26,117,148,1.2432432432432432,0.041374639396855886,656,Let's hear it for my esteemed colleague who's taking a break from carrying the world on his back.
4474,3313,4,19,88,111,1.2432432432432432,0.04825576177861831,656,"Could you put your continent closer to the mic, I don't think the planets in the back can hear you."
4016,3317,5,25,114,144,1.2430555555555556,0.04209745577362661,656,"Don't give me that half-baked, self-serving argument about the worldwide effect of climate change."
5143,3317,6,23,115,144,1.2430555555555556,0.04323564362580423,656,Bring it on!
3127,3317,6,23,115,144,1.2430555555555556,0.04323564362580423,656,Our next speaker is getting hot under the collar so it is his turn to be heard.
1419,3317,5,25,114,144,1.2430555555555556,0.04209745577362661,656,"When I refer to the earth as small,I am speaking in relative terms."
1011,3317,7,21,116,144,1.2430555555555556,0.044344627373140065,656,And it can be yours for the right bid!!
603,3317,8,19,117,144,1.2430555555555556,0.045426545917423,656,"Quick, get me that lever!"
3063,3317,7,21,116,144,1.2430555555555556,0.044344627373140065,656,I feel as if the presidential polls are tilting in your favor
1815,3324,7,29,141,177,1.2429378531073447,0.03865752145389566,656,My esteemed colleague thinks it’s getting hot in here; probably just a case of greenhouse “gas”!
4412,3325,7,20,113,140,1.2428571428571429,0.04519164236576456,656,It doesn't matter if the whole world is against me!  I could stand in the middle of Times Square and shoot somebody and I wouldn't lose any voters.
256,3325,6,22,112,140,1.2428571428571429,0.04403986395070219,656,"...and now we'll zoom in on Muskrat Ridge, Minnesota."
803,3325,5,24,111,140,1.2428571428571429,0.04285714285714285,656,"Climate, schlimate--my opponent can't even stand up straight!"
1596,3325,5,24,111,140,1.2428571428571429,0.04285714285714285,656,"With all due respect, my opponent is talking in circles to avoid the question."
3181,3325,5,24,111,140,1.2428571428571429,0.04285714285714285,656,My opponent is clearly unstable.
1348,3330,5,23,108,136,1.2426470588235294,0.04365681614360453,656,"You see, you see, she is just blowing CO2 at you!"
1494,3330,6,21,109,136,1.2426470588235294,0.044887081189025055,656,"My opponent, the globalist."
2744,3330,4,25,107,136,1.2426470588235294,0.042390861443509856,656,That’s not where Lake Huron goes.
3079,3330,4,25,107,136,1.2426470588235294,0.042390861443509856,656,"And my friend, Gaia, here, thinks she's too big to fail!"
3609,3330,5,23,108,136,1.2426470588235294,0.04365681614360453,656,"... it's not up for debate, the Earth is flat!"
4496,3330,7,19,110,136,1.2426470588235294,0.04608451496483136,656,"You claim you're too hot, but I see snow and glaciers, right there, in Alaska!"
5166,3330,7,19,110,136,1.2426470588235294,0.04608451496483136,656,"And now, in perfect harmony, the world will sing!"
3266,3337,4,32,129,165,1.2424242424242424,0.03762293488329237,656,Hold on.  We’re turning up the AC
2160,3337,7,18,107,132,1.2424242424242424,0.04702730530282264,656,"Okay folks, let's give it up for our next speaker--Mother Earth!"
5236,3337,8,16,108,132,1.2424242424242424,0.04824135015781403,656,Your only campaign promise is to get Man to Mars?
333,3337,5,22,105,132,1.2424242424242424,0.044499961820624365,656,"Unlike my opponent, I am emphatically NOT a globalist."
1873,3337,6,20,106,132,1.2424242424242424,0.04578107712844859,656,he said “flat earth” not “fat earth”
2886,3342,5,21,102,128,1.2421875,0.04539049423914243,656,That's not what your arctic face said last week on twitter!
3484,3343,6,26,125,157,1.2420382165605095,0.04081610096642558,656,Why aren't you on climate strike!
2509,3344,7,16,101,124,1.2419354838709677,0.04908147625690609,656,"No, no, Mr. Asia, you are facing the wrong way."
4253,3345,4,29,120,153,1.2418300653594772,0.039373036003404145,656,Let's stop before this gets too heated.
3527,3345,9,19,125,153,1.2418300653594772,0.044499803641733955,656,No worries. It's fake
2992,3345,7,23,123,153,1.2418300653594772,0.04252333359629594,656,"I don't care what the other 99% say, who are you to tell me it's man made?"
3003,3345,5,27,121,153,1.2418300653594772,0.04045040514173947,656,Don't believe what my opponent says he can fix; he has a world of problems of his own.
1002,3345,8,21,124,153,1.2418300653594772,0.04352278957221578,656,Your presence here will not persuade us about climate change!
875,3345,6,25,122,153,1.2418300653594772,0.041499814314480576,656,"I don't care that you showed up in person looking like this.
I *still* think you're flat!"
568,3345,8,21,124,153,1.2418300653594772,0.04352278957221578,656,I made you what you are today.
2976,3345,6,25,122,153,1.2418300653594772,0.041499814314480576,656,Hal always lost the debate on climate change to his opponent.
1761,3353,9,18,122,149,1.2416107382550337,0.04532468143195451,656,Hmmfp......I will debate the Universe only!!
3306,3353,6,24,119,149,1.2416107382550337,0.042216615001756684,656,No need to scream. Your mic is on.
3308,3353,7,22,120,149,1.2416107382550337,0.04327744567062331,656,"Yes, yes, we all know about you and your globalist philosophy!"
3821,3353,5,26,118,149,1.2416107382550337,0.04112843129319842,656,Mother Nature has something to say.
4404,3353,7,22,120,149,1.2416107382550337,0.04327744567062331,656,"And, if my worthy opponent were really in tune with what's going on, she'd realize the public is tired of hearing about climate change."
4618,3353,5,26,118,149,1.2416107382550337,0.04112843129319842,656,"Okay, my opponent does have a clear perspective about global warming!"
4996,3353,4,28,117,149,1.2416107382550337,0.04001066281720584,656,"Fake news. If you were heating up, why would you be snowing up there?"
4913,3360,5,25,115,145,1.2413793103448276,0.04183971200735931,656,"As the end is near, now a quick word from the Western Hemisphere."
3991,3360,7,21,117,145,1.2413793103448276,0.04406963106363406,656,Oh yeah?  Well who appointed you guardian of the world?
133,3360,7,21,117,145,1.2413793103448276,0.04406963106363406,656,"But unlike my adversary, I am against a bigger global presence."
849,3360,7,21,117,145,1.2413793103448276,0.04406963106363406,656,What on earth are you arguing about?
2601,3360,6,23,116,145,1.2413793103448276,0.04296913940808907,656,"Listen world, we did not cause climate change."
3778,3365,7,20,114,141,1.2411347517730495,0.044903035484589564,656,"If I may play Devil’s Advocate, some might say that you have failed to take responsibility for your own welfare and are, therefore, responsible for your own plight."
4831,3365,5,24,112,141,1.2411347517730495,0.04258695047244958,656,So who says my opinion isn’t as good as your 7.6 billion?
5021,3365,6,22,113,141,1.2411347517730495,0.04376031847617875,656,"All my opponents contentions of  malaise are anecdotal, personal and very subjective."
3854,3368,8,24,134,166,1.2409638554216869,0.04114172238779523,656,Please welcome World Peace!
814,3369,6,21,110,137,1.2408759124087592,0.04459342045456528,656,"Well, folks, our next presentation about global warming will be given by Mother Earth ."
3261,3369,4,25,108,137,1.2408759124087592,0.04211755849911165,656,"And if your promises were Earth-shattering, we wouldn’t be here!"
4067,3369,4,25,108,137,1.2408759124087592,0.04211755849911165,656,"You say that, but if anything, you look cooler to me.  Flatter, too."
4295,3372,8,23,131,162,1.2407407407407407,0.04181815622408552,656,". . . And, speaking on the effects of global warming we have ..."
1036,3372,10,19,133,162,1.2407407407407407,0.043613308315066796,656,You can't handle the truth!
1553,3374,4,24,105,133,1.2406015037593985,0.042893701954168785,656,The World on stage
1809,3374,3,26,104,133,1.2406015037593985,0.04154453635293475,656,"So, Parents, we are now on Day 3 out of  7 of your children's Science Experiment"
4034,3374,7,18,108,133,1.2406015037593985,0.04670795614230299,656,What do you know?
1699,3377,7,24,127,158,1.240506329113924,0.041567275659774174,656,"Even though you say you're hot, I still don't believe in global warming!"
1839,3377,5,28,125,158,1.240506329113924,0.03958013511357382,656,"It was a well-rounded argument, but the rebuttal was out of this world."
3412,3377,7,24,127,158,1.240506329113924,0.041567275659774174,656,See? She's full of hot air!
4108,3377,5,28,125,158,1.240506329113924,0.03958013511357382,656,How can you sit there and deny global shrinking?
4888,3381,4,29,121,154,1.2402597402597402,0.03914803890931436,656,You're a little too round for this flat earth debate sir
4187,3381,7,23,124,154,1.2402597402597402,0.04227548064677721,656,"When you know how to pay for carbon cuts, then we'll talk!"
1749,3381,7,23,124,154,1.2402597402597402,0.04227548064677721,656,Today is the first day of the end of your life.
2473,3384,9,18,123,150,1.24,0.0450503074500306,656,Our next speaker will tell us how it finally rid itself of parasites  through heat therapy.
2747,3384,7,22,121,150,1.24,0.04301812738969854,656,This next item for bids ....!
4977,3384,6,24,120,150,1.24,0.04196515013083304,656,My opponent's head must be in the clouds!
5275,3384,5,26,119,150,1.24,0.04088506288230924,656,"I think the world of my opponent, but he has really failed to grasp the vital concept of national boundaries."
707,3388,8,25,138,171,1.239766081871345,0.04028176929035214,656,"Yes, we KNOW you have problems . . . But WE didn’t make them . . ."
4903,3389,2,31,113,146,1.2397260273972603,0.038024920998767225,656,When considering the cosmos it's actually quite small.
4776,3389,5,25,116,146,1.2397260273972603,0.041585027964775624,656,These continents would not be empty if they had believed in climate change.
4072,3389,7,21,118,146,1.2397260273972603,0.043797958552999845,656,"In the old days we always said the whole world was in front of you, now ..."
3359,3389,6,23,117,146,1.2397260273972603,0.0427058293693113,656,"In my concluding two minutes, I would like to just touch on North America"
2858,3389,7,21,118,146,1.2397260273972603,0.043797958552999845,656,"On planet Earth maybe, but your so-called “facts” do not conform to alternative reality."
2607,3389,5,25,116,146,1.2397260273972603,0.041585027964775624,656,You can hear people from around the world telling me what a great job I’m doing!
1758,3389,6,23,117,146,1.2397260273972603,0.0427058293693113,656,And once again my opponent seeks to sway your votes with a transparent blend of intimidation and self-interest!
776,3389,6,23,117,146,1.2397260273972603,0.0427058293693113,656,"And the earth responded, ""I'm not flat, I'm big boned."""
485,3389,6,23,117,146,1.2397260273972603,0.0427058293693113,656,"As the final act of his two terms in office, Trump issued an executive order annexing this area to Russia."
2826,3389,4,27,115,146,1.2397260273972603,0.04043317004071793,656,"That’s, like, your opinion, world.”"
1445,3399,6,17,98,121,1.2396694214876034,0.0484253328684489,656,Just because you are round does not mean the earth isn't flat.
1045,3400,8,24,135,167,1.2395209580838322,0.04092006989506098,656,I believe climate change is another example of my opponent flip-flopping on issues.
2750,3401,3,28,111,142,1.2394366197183098,0.03988994131756429,656,"""And now, for the worldwide consensus..."""
4901,3401,7,20,115,142,1.2394366197183098,0.04461802216354853,656,I reject your global elitism!
1016,3401,4,26,112,142,1.2394366197183098,0.04112295635269635,656,People vs. Climate Change
1762,3404,5,29,129,163,1.2392638036809815,0.03875901561235038,656,"Mother Earth, what is your position on global warming?"
3862,3404,5,29,129,163,1.2392638036809815,0.03875901561235038,656,You people can’t see what I can - it’s flat dammit
465,3406,9,15,114,138,1.2391304347826086,0.047751015776407536,656,Stop trying to bowl me over with your take on global warming!
1207,3406,6,21,111,138,1.2391304347826086,0.044303498047984134,656,Wait! I'm signed up to speak on global warming not global inflation!
1978,3406,5,23,110,138,1.2391304347826086,0.04309307852185475,656,"Until there’s bipartisan support we just  don’t have the votes, sorry."
464,3409,6,26,127,159,1.2389937106918238,0.040358160363694384,656,"Please, please please...Slow your roll."
5267,3409,7,24,128,159,1.2389937106918238,0.0413327062245104,656,My opponent is spreading fake news! Everyone knows that you are flat!
3012,3411,7,18,109,134,1.2388059701492538,0.04639283801274597,656,".
  Our next speaker is Atlas, who is feeling a lot lighter these days since Trump alienated most of the weight of the world."
5079,3411,4,24,106,134,1.2388059701492538,0.042610243685934766,656,"Unlike my opponent, Mr. Atlas, I will never let you down."
3086,3411,4,24,106,134,1.2388059701492538,0.042610243685934766,656,What proofs do you have that we are destroying you?
2382,3411,5,22,107,134,1.2388059701492538,0.04390733102351806,656,"With all due respect, I believe that there is no consensus to support your claim that climate change is caused by human activity."
1676,3411,4,24,106,134,1.2388059701492538,0.042610243685934766,656,"Wait, you can't just roll all over Bernie"
1533,3416,3,31,121,155,1.238709677419355,0.03783397126210002,656,Talk about special interests.
2498,3416,6,25,124,155,1.238709677419355,0.04102159093874264,656,Another continent heard from.
3392,3416,5,27,123,155,1.238709677419355,0.03998729476451437,656,My opponent is making a circular argument
3395,3416,6,25,124,155,1.238709677419355,0.04102159093874264,656,Hold it right there! The science is still out on your round-Earth theory!
1632,3420,6,19,105,130,1.2384615384615385,0.04607924800236506,656,"The speaker to my left would like to talk about it's favorite topic, climate change?"
4073,3420,3,25,102,130,1.2384615384615385,0.042018035929025456,656,"Further more, my opponent's climate change policies are based on outrageous conspiracy theories."
5263,3420,6,19,105,130,1.2384615384615385,0.04607924800236506,656,Hot enough for ya?
3997,3423,5,26,120,151,1.2384105960264902,0.0406444870629624,656,"Please, stop spinning. This isn’t helping my macropsia"
3069,3423,7,22,122,151,1.2384105960264902,0.042761837777537365,656,What's your opinion about living on Mars?
2998,3423,4,28,119,151,1.2384105960264902,0.03954331938344031,656,Don't be fooled by my opponent's earthy appearance. She's responsible for global warming!
3052,3423,7,22,122,151,1.2384105960264902,0.042761837777537365,656,"No pressure, your only speaking on behalf of the whole world."
64,3427,6,23,118,147,1.2380952380952381,0.042445658147416666,656,"No, YOU'RE mistaken!"
1037,3427,6,23,118,147,1.2380952380952381,0.042445658147416666,656,I yield to my opponent.
1958,3427,4,27,116,147,1.2380952380952381,0.040190272148074004,656,My opponent purports to represent a world view; but I say it is a small world.
4432,3427,4,22,100,126,1.2380952380952381,0.044262666813799055,656,"My opponent cannot be trusted on global climate change, as a globe, her view of climate change is clouded by her pro-globe bias"
5207,3427,6,23,118,147,1.2380952380952381,0.042445658147416666,656,"Our guest speaker tonight, standing before his latest creation, will address ""The Challenges of Creation."""
1378,3432,8,23,133,164,1.2378048780487805,0.04135842831698483,656,"Globalization, Schmobilization"
2216,3433,4,26,113,143,1.2377622377622377,0.04086868459206661,656,My opponent is clearly a single-issue candidate.
300,3433,5,24,114,143,1.2377622377622377,0.04205641968267577,656,"My opponent chooses to hide behind global warming, but what evidence do you have?"
1289,3433,4,26,113,143,1.2377622377622377,0.04086868459206661,656,"...and yes, you may say my views are out of the mainstream, but let me remind you that world opinion is only that: opinion!!!"
3952,3433,8,18,117,143,1.2377622377622377,0.04543370560766492,656,and here on my left is the manifestation of donalds trumps ego.
4793,3437,8,13,101,122,1.2377049180327868,0.050807433483549276,656,Your comments betray your Western bias!
1097,3438,5,28,127,160,1.2375,0.03914123354624906,656,And speaking for the pro side of the Global Warming debate....
2250,3438,6,26,128,160,1.2375,0.040132935548290886,656,"As everyone can see, my opponent is all wet!"
3245,3438,7,24,129,160,1.2375,0.04110071614856033,656,I don’t care how hot you are. Nobody but me touches the thermostat.
2427,3441,4,25,110,139,1.2374100719424461,0.04158111389481739,656,"I predicted that widening the canal would allow South America to drift eastward, and I was right."
4466,3441,2,29,108,139,1.2374100719424461,0.038993078919510205,656,OK. Don't get so puffed up about it.
1053,3441,6,21,112,139,1.2374100719424461,0.044017245050598064,656,"Actually, this is more of a comment than a question."
4990,3441,5,23,111,139,1.2374100719424461,0.042816509050704825,656,"My opponent this evening is a noted ""Flat Earther""!"
1258,3445,5,18,95,118,1.2372881355932204,0.04765691481847308,656,My opponent is trying to get you to warm up to him.
818,3446,6,25,125,156,1.2371794871794872,0.04078649800021505,656,Blah blah blah....I happen to know that the other side disagrees completely.
2136,3446,2,33,121,156,1.2371794871794872,0.03650597862496466,656,"Unable to bear the burden of the world's problems, my opponent quit the race. I won't"
2986,3446,3,31,122,156,1.2371794871794872,0.037621795030343366,656,"This is your last global warning, only one person can speak at a time."
4608,3446,5,27,124,156,1.2371794871794872,0.039759595485652936,656,"Apropos of nothing, notice how the upper Northwest region of North America resembles a goblin."
4877,3446,6,25,125,156,1.2371794871794872,0.04078649800021505,656,Your points are flat!
1522,3451,6,20,109,135,1.237037037037037,0.04486624973921271,656,"Let me just stop you right there, Earth."
2859,3451,4,24,107,135,1.237037037037037,0.04233041136859312,656,"You make a valid point, sir, but in all fairness, you looked really flat!"
3531,3451,7,18,110,135,1.237037037037037,0.04608186937587219,656,"Mother Earth, what are your comments on climate change?"
3880,3451,5,22,108,135,1.237037037037037,0.04361676336166934,656,The American people reject one-worldism.
2643,3455,3,35,135,173,1.2369942196531791,0.03539725061825401,656,And here we have the Americas
2164,3456,6,24,122,152,1.236842105263158,0.0414709098441645,656,Your world view sucks!
3545,3456,5,26,121,152,1.236842105263158,0.04040665771332917,656,Don't be so roundabout
4166,3456,6,24,122,152,1.236842105263158,0.0414709098441645,656,Yes we know it’s our fault you’er warming up but you didn’t need to crush Antarctica just to prove your point !
3995,3459,4,27,117,148,1.2364864864864864,0.03995019707832988,656,"As the poet Wordsworth said so many years ago, ""The world is too much with us."""
4323,3459,5,25,118,148,1.2364864864864864,0.04108463106752489,656,"If my opponent claims to be getting warmer, let's take his temperature right now!"
3901,3459,8,19,121,148,1.2364864864864864,0.044314025996588666,656,And now that I've completed the demonstration of my shrink-ray...wait where is everybody?
4737,3459,2,31,115,148,1.2364864864864864,0.03757872962039733,656,"My friends, we finally have proof! The world is flat, there is no global warming in a  flat world, and the border walls are only from a Hollywood set."""
4584,3459,5,25,118,148,1.2364864864864864,0.04108463106752489,656,Mankind is a virus and natural disasters are the cure!
3755,3459,6,23,119,148,1.2364864864864864,0.04218857159601243,656,And I say it's fake news.
2843,3459,9,17,122,148,1.2364864864864864,0.045339404091624,656,"All together now!  He's got the whole world in his hands, he's got the whole world in his hands......"
2898,3459,5,25,118,148,1.2364864864864864,0.04108463106752489,656,"Ok, now my compatriot will give you the World View."
2950,3459,4,27,117,148,1.2364864864864864,0.03995019707832988,656,My opponent is so very naive in believing that each of us can really make a difference in this world “
2144,3459,6,23,119,148,1.2364864864864864,0.04218857159601243,656,I always knew you were round...
1969,3459,4,27,117,148,1.2364864864864864,0.03995019707832988,656,Will the gentlewoman yield?
891,3459,4,27,117,148,1.2364864864864864,0.03995019707832988,656,This presentation will be short - the speaker hasn't got long to live
650,3459,7,21,120,148,1.2364864864864864,0.043264352955627354,656,"At this scale, you can actually see how much of Miami is already below sea level."
1131,3472,9,21,135,165,1.2363636363636363,0.04202110219438708,656,What in the world?
4565,3473,5,24,115,144,1.2361111111111112,0.04179596617581002,656,Don't believe those who say the world is getting smaller!
1991,3473,6,22,116,144,1.2361111111111112,0.04294214579750938,656,"World, what ever you do--don't sneeze."
1745,3473,6,22,116,144,1.2361111111111112,0.04294214579750938,656,"It is my contention, that the world is flat."
318,3473,9,16,119,144,1.2361111111111112,0.046210422818557334,656,"You lier, we all know you’re flat!!!"
1236,3477,9,15,116,140,1.2357142857142858,0.047127905692218745,656,"...and, as absolute proof, this two-dimensional opponent proves my flat earth contention."
1402,3477,4,25,111,140,1.2357142857142858,0.041317851835987615,656,My opponent's so-called curvature would only serve to weaken our position on the international playing field.
2413,3477,4,25,111,140,1.2357142857142858,0.041317851835987615,656,"Rising oceans?  That's Fake News, Mother Earth!  Time you realized the only thing worth hearing about is rising profits!!"
4509,3477,4,25,111,140,1.2357142857142858,0.041317851835987615,656,It's hiding something. Where's its long-form birth certificate?
4860,3477,5,23,112,140,1.2357142857142858,0.04254338730354498,656,These lands used to be called 'continents' before the water covered them.
4579,3482,7,22,124,153,1.2352941176470589,0.04225814027946561,656,"Earth, are you trying to tell us something?"
3194,3482,6,24,123,153,1.2352941176470589,0.04122803788532132,656,My opponent is really turning up the heat.
950,3482,7,22,124,153,1.2352941176470589,0.04225814027946561,656,Don't you shrug your shoulders at me!
109,3482,3,26,107,136,1.2352941176470589,0.040738410567967114,656,Pay no attention to him. That's just how he rolls.
1437,3482,7,18,111,136,1.2352941176470589,0.04577497070560295,656,I'm just here for the air conditioning!
719,3487,5,29,132,166,1.2349397590361446,0.03813723484880302,656,"Pit me against the world, I’ll win!"
720,3488,6,23,120,149,1.2348993288590604,0.04193451675354549,656,Now class this is the Western Hemipshere
2381,3488,4,27,118,149,1.2348993288590604,0.03971289780687098,656,That’s only one hemisphere!
4600,3488,7,21,121,149,1.2348993288590604,0.043002307111602654,656,According to our consultants your evidence for global warning is inconclusive.
4768,3488,5,25,119,149,1.2348993288590604,0.04083881699787816,656,"I think the world of my opponent, but he can be overbearing."
4211,3492,5,21,106,132,1.2348484848484849,0.044158998786431834,656,Do I hear 230 trillion?
1323,3492,4,23,105,132,1.2348484848484849,0.042829391226308085,656,It's rigged.
4607,3492,5,21,106,132,1.2348484848484849,0.044158998786431834,656,I reject the earth's statement on global warming!
53,3495,4,26,115,145,1.2344827586206897,0.04036921684789872,656,"“It’s not global warming; they are only hot flashes."""
1677,3495,6,22,117,145,1.2344827586206897,0.04267604187525741,656,It appears Professor Higgins will be receiving his award posthumously.
2319,3495,6,22,117,145,1.2344827586206897,0.04267604187525741,656,"Shut up, your killing me....."
3282,3495,2,30,113,145,1.2344827586206897,0.03792232571568649,656,"Excuse me, could I get a glass of ice water before the debate begins? 
It’s getting a bit toasty in here."
4532,3495,5,24,116,145,1.2344827586206897,0.04153864597607507,656,Don’t you dare use that condescending tone with me!
4340,3500,5,27,126,158,1.2341772151898733,0.039311704413894956,656,"Oh no, Mother Earth! You too?"
1868,3500,5,27,126,158,1.2341772151898733,0.039311704413894956,656,At least the rest of the solar system agrees with me.
5168,3500,7,23,128,158,1.2341772151898733,0.04131175878720662,656,"Now that you're here, please settle the debate: Did Tony Soprano die in the finale?"
756,3500,8,21,129,158,1.2341772151898733,0.04227631806550555,656,"Please, one at a time."
602,3500,7,23,128,158,1.2341772151898733,0.04131175878720662,656,Such a nasty woman!
1852,3500,8,21,129,158,1.2341772151898733,0.04227631806550555,656,". ""The world would like to says a few truths about global warming """
622,3506,5,23,113,141,1.2340425531914894,0.042273651224804754,656,"Who are you going to believe, me or the world's biggest globe?"
1982,3506,7,19,115,141,1.2340425531914894,0.044606006692640324,656,"Remember, this is not a debate it’s an intervention."
4389,3506,5,23,113,141,1.2340425531914894,0.042273651224804754,656,You think you're hot! I say you're not!
5057,3506,6,21,114,141,1.2340425531914894,0.04345547963686692,656,Every time I try to debate this happens.
4923,3510,3,23,98,124,1.2338709677419355,0.04301280155099031,656,"'""It has come to my attention some of you believe we are mired in a global crisis!"""
3891,3511,6,24,124,154,1.2337662337662338,0.04098793538730796,656,"We love climate change, don't we folks?  My opponent, she resists, but she's looking hotter every day!  Should we give her a round of applause? Let's clap for her folks..."
4936,3511,5,26,123,154,1.2337662337662338,0.039939058695599196,656,Can somebody open a window? its kinda hot in here
813,3511,7,22,125,154,1.2337662337662338,0.04201063300091712,656,My opponent is obviously biased in favor of climate warming. I’d like to remind the audience that he has provided no direct evidence of ice-melt.
2673,3511,7,22,125,154,1.2337662337662338,0.04201063300091712,656,Our next speaker is Atlas. He should be lifting up shortly.
839,3515,3,26,108,137,1.2335766423357664,0.040476410607333646,656,It's just a big balloon filled with hot air!
2876,3515,5,22,110,137,1.2335766423357664,0.04304676793401593,656,Today's debate: Climate Change--fact or fiction.
4151,3515,7,18,112,137,1.2335766423357664,0.045472064429455714,656,"Put your hand down, sonny! I've got something to say about what's really going on!"
2292,3518,8,19,123,150,1.2333333333333334,0.043777622578526236,656,I've already told you...GLOBAL WARMING IS FAKE NEWS
2829,3518,4,27,119,150,1.2333333333333334,0.039478328284971595,656,Too weighty an argument.
1410,3520,6,26,131,163,1.2331288343558282,0.039471775574106145,656,Fact! It is not getting warmer in here. Ask any scient-ish.
3339,3521,5,21,107,133,1.2330827067669172,0.043861276537850824,656,I will conclusively prove you don't have a leg to stand on. Could somebody turn on the air?
3389,3521,4,23,106,133,1.2330827067669172,0.04254280683002801,656,More Fake News!
3405,3521,5,21,107,133,1.2330827067669172,0.043861276537850824,656,"I'm not 'two-faced' you moron, I'm just rotating along my axial tilt!"
2780,3524,6,22,118,146,1.2328767123287672,0.04241315101886642,656,How could you be warm?  The air conditioner is set at 72F.
2671,3524,6,22,118,146,1.2328767123287672,0.04241315101886642,656,"I'll keep this short since time is running out; ""I'm dying""."
1667,3524,5,24,117,146,1.2328767123287672,0.04128440465913986,656,Now please explain your comments about being “pro natural selection.”
1930,3524,5,24,117,146,1.2328767123287672,0.04128440465913986,656,The good news is the Panama Canal will eventually be obsolete.”
4025,3528,6,25,128,159,1.2327044025157232,0.04009677862615026,656,"...therefore, I conclude global warming is fake news."
1071,3529,4,22,103,129,1.2325581395348837,0.043345483035552405,656,"Just because you're 4.5 billion years old, doesn't mean you know any thing about climate change!"
3550,3529,6,18,105,129,1.2325581395348837,0.04605517301672924,656,I'm sick and tired of feeling like an outsider!
2707,3531,1,31,110,142,1.232394366197183,0.03694655252194804,656,"Hold on, you'll get your chance to talk."
4789,3531,8,17,117,142,1.232394366197183,0.045434332715760105,656,"Don't let this hologram fool you, the Earth is flat!"
4478,3531,7,19,116,142,1.232394366197183,0.04432142222965484,656,I still don't believe in global warming.
2627,3531,6,21,115,142,1.232394366197183,0.043179837280752885,656,"Stop the world, I wanna get off."
909,3531,3,27,112,142,1.232394366197183,0.03955790673166564,656,"I'm sorry, but the fire department will not allow anything this hot in the auditorium."
901,3531,2,29,111,142,1.232394366197183,0.03827450671300822,656,Give me a place to speak and I will conquer the world.
39,3531,6,21,115,142,1.232394366197183,0.043179837280752885,656,Global opinion seems to be against my opponent.
2339,3531,5,23,114,142,1.232394366197183,0.04200724017029981,656,"Sure, you beat me in experience, Mother Earth, but I'm a man."
1997,3539,4,28,123,155,1.232258064516129,0.038639791683679696,656,Your ideas fall flat.
4022,3539,2,32,121,155,1.232258064516129,0.03640685567630655,656,"Oh contraire, we are rapidly changing course, for example, I’m now seeing paper straws everywhere."
1342,3541,5,22,111,138,1.2318840579710144,0.042767202945480774,656,"Not that it really matters, but that little dot just off the coast of Florida is Treasure Cay, Bahamas and that's where I'm taking my Family for a vacation in April"
361,3541,2,28,108,138,1.2318840579710144,0.03888025307773796,656,"Well, I think you suck too!"
2354,3541,3,26,109,138,1.2318840579710144,0.040217665300038834,656,Our next speaker is among the most recognized speaker on the world stage!
1213,3544,7,21,123,151,1.2317880794701987,0.04248745677442501,656,"If the world is in so much danger, then why doesn't it say so?"
2759,3544,5,25,121,151,1.2317880794701987,0.04035571262730383,656,"Your point is well taken, Atlas."
4570,3546,6,29,142,177,1.231638418079096,0.037369368800347316,656,"My worthy opponent has decided that we need to play, 'Where is Waldo?'"
266,3547,3,22,96,121,1.2314049586776858,0.043535759309308836,656,Please leave the room - FAKE NEWS!
47,3548,1,29,104,134,1.2313432835820894,0.0380688870909687,656,I see some very cloudy thinking.
940,3548,5,21,108,134,1.2313432835820894,0.043567459954432904,656,"Warming, he claims? Hardly!  I served at 98.6. I know 98.6. 98.6 is a vital sign of mine. My opponent is nowhere near 98.6."
1528,3548,7,17,110,134,1.2313432835820894,0.04607130634298544,656,"As the WWW turns 30, I'd like to apologize on its behalf for Twitter."
4836,3548,7,17,110,134,1.2313432835820894,0.04607130634298544,656,I will admit that my opponent has made effective use of social media.
3097,3552,7,20,120,147,1.2312925170068028,0.04324463572890544,656,Me thinks the world is too much with us.
3045,3552,3,28,116,147,1.2312925170068028,0.03869556407217128,656,"Sorry, It's all about Me!"
2176,3552,5,24,118,147,1.2312925170068028,0.04103318899494187,656,The world is too much with us!
1041,3552,3,28,116,147,1.2312925170068028,0.03869556407217128,656,"It’s not your turn yet, Mr.Global Warming, we need to discuss some wall issue first!"
761,3552,5,24,118,147,1.2312925170068028,0.04103318899494187,656,"Ah, with a wave of my hand and 20 more years of a fossil fuel based society I can make this all disappear!"
1499,3552,7,20,120,147,1.2312925170068028,0.04324463572890544,656,Wait a minute! I have to talk about why there is no such thing as climate change.
2046,3558,6,25,129,160,1.23125,0.039871920535256525,656,"Now now, let's not get heated buddy."
3819,3558,12,13,135,160,1.23125,0.0454033937099129,656,This argument is getting way too heated.
4171,3558,5,27,128,160,1.23125,0.038873560358790825,656,"Oh, please. It's just these hot stage lights..."
4311,3561,2,32,122,156,1.2307692307692308,0.03620335205835039,656,So moved.
4524,3561,3,30,123,156,1.2307692307692308,0.03732821568464874,656,My opponent is hiding behind Antarctica!
4343,3561,5,23,115,143,1.2307692307692308,0.041744094870360064,656,"So you think you have the weight of the world to worry about, let me explain something to you."
3476,3561,3,27,113,143,1.2307692307692308,0.03931390776896328,656,Stop right there! Like you are an expert in worldly things.
4066,3561,6,21,116,143,1.2307692307692308,0.04290760437014815,656,"Donald,Donald put it down!"
2544,3561,4,25,114,143,1.2307692307692308,0.04054721199177677,656,Can we discuss world peace?
2606,3561,5,23,115,143,1.2307692307692308,0.041744094870360064,656,"You keep saying that, but you don’t look any warmer to me?”"
1832,3561,6,21,116,143,1.2307692307692308,0.04290760437014815,656,I can only speak for myself!
1786,3561,5,20,105,130,1.2307692307692308,0.04441155916843274,656,Atlas Smushed!
1624,3561,5,17,95,117,1.2307692307692308,0.04761418927616715,656,My constituents say otherwise!
799,3571,2,34,129,165,1.2303030303030302,0.03505274499347255,656,"I'd like to introduce the Earth, who has had enough bull caca about climate not being a very serious thing."
4753,3572,5,25,122,152,1.230263157894737,0.04011832744092849,656,That's really not your best angle!
3119,3572,6,23,123,152,1.230263157894737,0.04119003001210647,656,"I don't care what you think. I'm American, therefore I come first."
5213,3572,6,23,123,152,1.230263157894737,0.04119003001210647,656,You're out of orbit on this one.
1058,3572,6,23,123,152,1.230263157894737,0.04119003001210647,656,My opponent continues to attack my record protecting endangered sea turtles. To that I have one response: Dinosaurs.
3074,3572,5,25,122,152,1.230263157894737,0.04011832744092849,656,They say actions speak louder than words but apparently that's not the case. The Earth has something to say.
4720,3577,5,22,112,139,1.2302158273381294,0.04249117096905104,656,". . . and after that rollicking critique,we thought we'd let her speak for herself."
111,3578,4,23,108,135,1.2296296296296296,0.041980727817623326,656,What are your thoughts on climate change?
805,3578,3,25,107,135,1.2296296296296296,0.040642627727348404,656,"I will not be intimidated by my opponent's outmoded reliance on 
size."
3664,3578,5,21,109,135,1.2296296296296296,0.043277474829418086,656,Stop right there!  I am the president and I have declared that we are NOT warming you up !
4246,3578,6,19,110,135,1.2296296296296296,0.044536481081518545,656,Now let’s hear from the Defense.
4785,3578,5,21,109,135,1.2296296296296296,0.043277474829418086,656,"Yes, I know my opponent is worldly."
1669,3583,4,28,125,157,1.2292993630573248,0.038202948199056584,656,But the record shows that you are NOT interested in world peace!
2576,3583,3,30,124,157,1.2292993630573248,0.037118808356030146,656,I feel at a disadvantage debating the global economy.
5156,3583,3,30,124,157,1.2292993630573248,0.037118808356030146,656,"Ok, ok, I’ll refer to you as “earth”, not “the planet”."
4274,3586,3,27,114,144,1.2291666666666667,0.03907281817881992,656,It will take 12 hrs for us to hear the voice of the other side of the world. We can't wait that long.
3992,3586,7,19,118,144,1.2291666666666667,0.04376283250585489,656,"As I've told your president many times, the whole thing is America."
712,3586,5,23,116,144,1.2291666666666667,0.04148415739394154,656,He's got the whole world in his hand.
2892,3586,4,25,115,144,1.2291666666666667,0.040296528604337835,656,Our first speaker is a world-class traveler.
1403,3590,7,16,108,131,1.2290076335877862,0.04669321861106914,656,And you call yourself an oblate ellipsoid.
2064,3590,4,22,105,131,1.2290076335877862,0.04275438255865931,656,You just think you're hot stuff.
2559,3590,7,16,108,131,1.2290076335877862,0.04669321861106914,656,"All right then, I'll concede the Americas..."
3029,3590,5,20,106,131,1.2290076335877862,0.04410642855716718,656,Let's skip the debate and make this my concession speech.
3881,3594,5,17,96,118,1.228813559322034,0.04724944508372923,656,"Now, I think our audience would really like to hear you dish about your relationship with Pangaea. What really broke you up?"
378,3595,6,23,124,153,1.2287581699346406,0.04094759505275054,656,I say - You should go back where you came from!
1383,3595,7,21,125,153,1.2287581699346406,0.041984578747553784,656,I'm sorry...but I am speaking about universal principles...
2291,3595,6,23,124,153,1.2287581699346406,0.04094759505275054,656,Some people would say I’m the biggest. They would say I’m bigger and better than the entire world.
4966,3595,7,21,125,153,1.2287581699346406,0.041984578747553784,656,Ha! You've been shrugged off.
3792,3599,4,24,112,140,1.2285714285714286,0.04098336105214201,656,Here to present the American perspective is.....America
5032,3599,3,26,111,140,1.2285714285714286,0.03970970863921596,656,"See, it's really not a small world after all."
4899,3599,6,20,114,140,1.2285714285714286,0.04341872555669784,656,Just because you’re bigger than me doesn’t mean you’re right.
4712,3599,4,24,112,140,1.2285714285714286,0.04098336105214201,656,Stop asking ME questions. Let’s ask the WORLD.
3017,3599,8,16,116,140,1.2285714285714286,0.045724562051543606,656,How can it have got too warm in here if I'm still wearing my tie?
3714,3599,3,26,111,140,1.2285714285714286,0.03970970863921596,656,"Hold on, we need to get you a bigger microphone."
2096,3599,5,22,113,140,1.2285714285714286,0.042218607343789044,656,"Ma'am, please keep it cool. This doesn't need to be a heated conversation."
1908,3599,8,16,116,140,1.2285714285714286,0.045724562051543606,656,"You might contain multitudes, but I've got the NRA and the Koch Brothers I my corner!"
1423,3599,6,20,114,140,1.2285714285714286,0.04341872555669784,656,My opponent needs to accept that our momentum is irreversible and her time is done.
665,3599,5,22,113,140,1.2285714285714286,0.042218607343789044,656,"You and me against the world,"".."
561,3599,2,28,110,140,1.2285714285714286,0.038393828114589135,656,"You’re like my Ma. You complain about the heat and too cheap to turn on the A/C.  So you blame me, always me."
2215,3599,7,18,115,140,1.2285714285714286,0.04458655236600666,656,"My opponent will get nothing done if elected because he carries the weight of the world on his shoulders."""
1872,3611,7,15,105,127,1.2283464566929134,0.04767953313539357,656,"Before we begin, could you state your name and why you're running for president?"
3744,3611,5,19,103,127,1.2283464566929134,0.04498187552896535,656,"Unlike my opponent, I take global warming very seriously...."
5145,3611,5,19,103,127,1.2283464566929134,0.04498187552896535,656,"Fred 
 Fred! Come back! I told you not to get to close to the water"
3990,3614,4,26,119,149,1.2281879194630871,0.039405160524470954,656,Despite all the evidence I maintain my opponents arguments still fall flat
2658,3614,4,26,119,149,1.2281879194630871,0.039405160524470954,656,It’s your fault for having an environment to ruin!
2525,3614,4,26,119,149,1.2281879194630871,0.039405160524470954,656,"Will our next mystery guest enter and sign in, please"
869,3614,7,20,122,149,1.2281879194630871,0.042718272912899216,656,Nothing to worry about.  It's really flat.
1887,3614,6,22,121,149,1.2281879194630871,0.041643200154331726,656,But it appears my opponent here still believes all that nonsense about Climate Change.
1971,3614,5,24,120,149,1.2281879194630871,0.04053962749614911,656,This is the new plan with no borders to worry about.
1229,3620,2,27,107,136,1.2279411764705883,0.03900576987192144,656,"My opponent claims to have the weight of the world on his shoulders, but I assure you it's a hoax."
5221,3620,2,27,107,136,1.2279411764705883,0.03900576987192144,656,And let us see your positive side
3404,3622,5,26,127,158,1.2278481012658229,0.03903489238214848,656,You don’t speak for me!
3468,3623,3,22,98,123,1.2276422764227641,0.04290685281090794,656,I would like to introduce our featured speaker who will  talk on the subject of earth’s climate change.
4695,3624,3,27,115,145,1.2275862068965517,0.03883458829086472,656,"And HE claims he wants to make the world a better place, but can you see that happening?!"
5037,3624,3,27,115,145,1.2275862068965517,0.03883458829086472,656,Don't be fooled.  My opponent will tell you fake stories about global warming.
3702,3624,5,23,117,145,1.2275862068965517,0.041227371113703344,656,My opponents is a true globalist
2822,3624,5,23,117,145,1.2275862068965517,0.041227371113703344,656,Whoa! One thing at a time.
2757,3624,6,21,118,145,1.2275862068965517,0.042373123198084506,656,We need to eliminate this global threat. - David Ostrov
1005,3624,5,23,117,145,1.2275862068965517,0.041227371113703344,656,I agree that the major problem of our time is global shrinking.
292,3624,4,25,116,145,1.2275862068965517,0.040048853770538725,656,"...In conclusion, while my opponent flatly denies it, all her arguments are nothing but hot air."
2655,3631,8,22,137,167,1.2275449101796407,0.04044754205412186,656,Shape-shifting doesn't make you a climate change expert.  You need charts and photos.
3070,3632,8,19,127,154,1.2272727272727273,0.04274226900296567,656,The whole world revolves on it
4003,3632,2,31,121,154,1.2272727272727273,0.036298855802630946,656,Brag all you want. We all know you are getting smaller.
4707,3632,7,21,126,154,1.2272727272727273,0.04173750258099142,656,"As usual earth refuses to go on the record"""
3096,3635,6,25,132,163,1.2269938650306749,0.039211934610142204,656,If you can’t take the climate change get out of the kitchen
621,3635,5,27,131,163,1.2269938650306749,0.038233956816305814,656,You just stop right there!
633,3637,2,28,111,141,1.2269503546099292,0.03815501141758049,656,"Sir, although you may be a celestial orb, I submit that you lack standing!"
968,3637,5,22,114,141,1.2269503546099292,0.04194944891243331,656,"And in conclusion, let me just say, ""you don't look warm to me""."
1963,3637,5,22,114,141,1.2269503546099292,0.04194944891243331,656,My opponent as you can ladies and gentlemen is clearly an internationalist.
2084,3637,4,24,113,141,1.2269503546099292,0.040723938187055705,656,"We've already seen Pangea, you don't need to do the trick again"
3335,3637,7,18,116,141,1.2269503546099292,0.044298877065274335,656,"I told you time and again! Not yet, ya big bully."
3536,3637,6,20,115,141,1.2269503546099292,0.04314015978934907,656,This worldly candidate is throwing his polar ice cap into the ring.
4037,3637,4,24,113,141,1.2269503546099292,0.040723938187055705,656,You? Round? A Socialist Hoax!
4926,3644,3,28,119,150,1.2266666666666666,0.03801173334297594,656,So what are your thoughts on global warming?
3944,3644,8,18,124,150,1.2266666666666666,0.043500794990464095,656,My opponent wants to solve all the world's problems; but I have proven I can eat a deep-fried corn dog on a stick.
4454,3644,6,22,122,150,1.2266666666666666,0.0413926110263225,656,"Hold on there, Buddy, you think you're the whole world?"
733,3644,3,28,119,150,1.2266666666666666,0.03801173334297594,656,My opponent seems to thing getting all hot and bothered is going to sway the voters!  Not on my watch!
1111,3644,5,24,121,150,1.2266666666666666,0.040297180905907795,656,Why should Florida be the center of the world?
1712,3649,7,15,106,128,1.2265625,0.047339195991441825,656,"Now, I'm sure I'm going to be called a bigot for calling you a ""globalist"""
2063,3649,4,21,103,128,1.2265625,0.04326551731953711,656,now whats your opinion on global warming
3975,3649,5,19,104,128,1.2265625,0.04466471185388032,656,"W O A H , stop  STOP ! .. Madame Speaker , are you OK ?"
4994,3649,8,13,107,128,1.2265625,0.04862130164011586,656,When on earth do I get to talk?
1174,3653,5,21,111,137,1.2262773722627738,0.042708711037555025,656,This is what it will look like with no Starbuck’s
2422,3653,2,27,108,137,1.2262773722627738,0.03875573993129339,656,"Not all at once, please."
3344,3655,6,26,136,168,1.2261904761904763,0.03841601120320939,656,And now the planet has a few things to say on the subject of mercy.
4627,3656,7,19,120,146,1.226027397260274,0.043217926030671365,656,"After learning that a skilled debater must argue both sides, Earth proves itself flat."
4419,3656,6,21,119,146,1.226027397260274,0.04211075657243671,656,It’s hard to win a debate when everyone else is against you.
3125,3656,5,23,118,146,1.226027397260274,0.0409736806720297,656,"You may be worldly wise, but ..."
1723,3656,5,23,118,146,1.226027397260274,0.0409736806720297,656,Introducing global warning.
1278,3656,4,25,117,146,1.226027397260274,0.039804135419876915,656,Just look at my opponent's miserable record.  Nothing is certain except death and taxes.
2577,3656,5,23,118,146,1.226027397260274,0.0409736806720297,656,"We're abandoning all of this, in favor of an intelligent planet."
4090,3662,5,25,125,155,1.2258064516129032,0.039422291394586396,656,"Let's not be irrational—OK, sweetheart? You're just having a hot flash."
3327,3662,3,29,123,155,1.2258064516129032,0.03723630886214331,656,"I'm four times the size of Baja California, so don't give me your crap that i'm just a small human."""
4721,3662,5,25,125,155,1.2258064516129032,0.039422291394586396,656,I present to you the United United States of America!
777,3662,8,19,128,155,1.2258064516129032,0.0424909237424159,656,"No, that’s not Israel"
3248,3662,3,22,99,124,1.2258064516129032,0.04259899945360052,656,"Hey, hold up there, I think you're getting a little too hot..."
3309,3667,6,18,109,133,1.2255639097744362,0.044798403337642796,656,Welcome to the Flat Earth Society. I am sorry to say that our next speaker was sucked up by an unknown gravitational force.
430,3667,2,26,105,133,1.2255639097744362,0.03938543227376263,656,"Regardless of how much evidence she's presented, I'll just never believe that climate change is real."
261,3667,3,24,106,133,1.2255639097744362,0.04080604663458454,656,"I know you're out there somewhere, you bum."
4242,3670,7,25,141,173,1.2254335260115607,0.038544606208253465,656,"The big picture from here, you can't see change."
3321,3671,5,22,115,142,1.2253521126760563,0.041683633980763767,656,The gravity of it’s performance is captivatingd
3292,3671,4,24,114,142,1.2253521126760563,0.040467705902055257,656,Counterargument from Unexpected Speaker at Davos
3122,3671,4,24,114,142,1.2253521126760563,0.040467705902055257,656,I'll give you the last word.
3066,3671,3,26,113,142,1.2253521126760563,0.0392140931312735,656,This debate is out of this world!
4156,3671,2,28,112,142,1.2253521126760563,0.03791905825889068,656,How big was yo mama?!
2533,3671,5,22,115,142,1.2253521126760563,0.041683633980763767,656,"Wait, before you start, don't say anything that will get us heated up."
1583,3671,6,20,116,142,1.2253521126760563,0.04286508442438123,656,Your personal problems are not our's
870,3671,5,22,115,142,1.2253521126760563,0.041683633980763767,656,We all heard what the World is saying but let me put it this way?
2995,3671,5,22,115,142,1.2253521126760563,0.041683633980763767,656,"Atlas, up from out of in under there!"
1846,3680,8,18,125,151,1.2251655629139073,0.04323781501511786,656,And our next speaker speaks to us from down-under
3848,3680,7,20,124,151,1.2251655629139073,0.042204365017507364,656,"While I am poised and composed, note my opponent’s nervousness exhibited by sweating and spinning!"
2897,3682,9,18,133,160,1.225,0.04247640854661406,656,The next speaker will address the possibility of life on the other side.
3051,3682,2,23,95,120,1.225,0.04177856123984776,656,"Cool it, hot head!"
3715,3682,3,30,127,160,1.225,0.03650407059235067,656,Stop acting like my mother!
1237,3685,4,21,104,129,1.2248062015503876,0.042964727281773966,656,It was then that he remembered both his fear of public speaking AND his xenophobia.
316,3686,2,27,109,138,1.2246376811594204,0.03850880083399608,656,"Thank you for that uplifting speech, Atlas!"
2586,3686,6,19,113,138,1.2246376811594204,0.043658605484604755,656,"You all know her as the late, the great, the soon-to-be-retired ..."
4975,3686,6,19,113,138,1.2246376811594204,0.043658605484604755,656,"I wish to welcome you to the first Democratic Presidential debate.  Uncertain that our venue would accommodate the current
candidates plus those undecided, we have opted for an alternative  format..."
3709,3689,5,23,119,147,1.2244897959183674,0.04072303194797712,656,Still flat?
2664,3689,5,23,119,147,1.2244897959183674,0.04072303194797712,656,I believe the opposition has a distinct advantage.
2073,3689,5,23,119,147,1.2244897959183674,0.04072303194797712,656,"The point is, it's just you and me against the world!"
2235,3689,4,25,118,147,1.2244897959183674,0.039562322617869794,656,And what proof do you have that climate change is real?
1701,3693,7,21,128,156,1.2243589743589745,0.04125183200054257,656,"Hi Mom, I finally made it to the world stage."
1560,3694,5,27,133,165,1.2242424242424241,0.03781887353205983,656,I still debate it's flat.
4844,3695,5,18,102,125,1.224,0.045243427610377675,656,"No, we don't celebrate Earth Day anymore."
2923,3696,5,20,109,134,1.2238805970149254,0.043215228185430825,656,So you agree that humans should not be vaccinated.
2257,3697,4,24,115,143,1.2237762237762237,0.04021460751636528,656,"I don’t care about your so-called evidence.  I’m a very smart person, and I say global warning is a Chinese scam"
1285,3697,3,26,114,143,1.2237762237762237,0.03897077881510412,656,We'll just let it speak for itself.
1590,3697,5,22,116,143,1.2237762237762237,0.04142110227812435,656,"With all due respect, methinks the lady doth protest too much."
2172,3697,6,20,117,143,1.2237762237762237,0.04259343576391054,656,"Changing! not warming.  And, nobody likes a smartass, sir."
2261,3697,4,24,115,143,1.2237762237762237,0.04021460751636528,656,Lock Earth Up!
2476,3697,6,20,117,143,1.2237762237762237,0.04259343576391054,656,Ladies and gentlemen - your oyster
3358,3697,3,26,114,143,1.2237762237762237,0.03897077881510412,656,"As you can see, the problems is at the NORTHERN border"
4320,3697,4,24,115,143,1.2237762237762237,0.04021460751636528,656,"Globally,we want to hear what you think!"
4617,3697,5,22,116,143,1.2237762237762237,0.04142110227812435,656,"What in the World are you saying? 
Everyone knows you're round, not flat"""
1753,3706,5,24,123,152,1.2236842105263157,0.03982071228601015,656,I am not getting hot under the collar.
4162,3706,7,20,125,152,1.2236842105263157,0.041951947254526244,656,My opponent is obviously overly- awed by my power point
29,3706,7,20,125,152,1.2236842105263157,0.041951947254526244,656,My speaking prop is brought to you by Costco
2702,3709,5,26,130,161,1.2236024844720497,0.03838263072766544,656,"Speak, world. What can we do to save you?"
2684,3709,4,28,129,161,1.2236024844720497,0.037357550642721914,656,Need I state the obvious?  3/4 of the World’s population has a different view.
2407,3709,7,22,132,161,1.2236024844720497,0.04035474996430925,656,What in the world makes you an expert on if global warming exists or not?
4782,3712,4,21,105,130,1.2230769230769232,0.04266800546039562,656,You have been nothing but a drama queen.
1221,3713,6,19,114,139,1.223021582733813,0.04337349518088946,656,"Yes, that was pitch perfect but it's not that kind of flat we're debating."
1640,3713,7,17,115,139,1.223021582733813,0.04455922462029556,656,I represent something bigger than you!
3731,3713,6,19,114,139,1.223021582733813,0.04337349518088946,656,It all started out as nothing
4783,3713,6,19,114,139,1.223021582733813,0.04337349518088946,656,I STILL say you're wrong!
637,3717,6,21,121,148,1.222972972972973,0.041595485379180015,656,"Stop! You don't have standing! We've already heard what you have to say, and no one believes you"
754,3717,4,25,119,148,1.222972972972973,0.039323365537744966,656,"Fake, fake, fake news!"
910,3717,4,25,119,148,1.222972972972973,0.039323365537744966,656,God has asked the earth to speak in her stead.
2749,3717,7,19,122,148,1.222972972972973,0.042686216361804814,656,THERE IS  NO  SUCH  THING  AS  GLOBAL WARMING!
3892,3717,5,23,120,148,1.222972972972973,0.04047537202512589,656,Let's reflect on my opponent's claim to the consensus view...
117,3722,4,27,126,157,1.2229299363057324,0.037909101286717733,656,Has the globe warmed up enough to respond?
2479,3723,6,25,135,166,1.2228915662650603,0.03857303757489668,656,As anyone can plainly see the truth rolls right off of you.
3323,3723,8,21,137,166,1.2228915662650603,0.040421750679676884,656,Make America not so great this time!
5093,3725,4,24,116,144,1.2222222222222223,0.03996458762248061,656,Whoa - slow your roll.
3251,3725,3,26,115,144,1.2222222222222223,0.03873039073789255,656,Her ego is out of control.
3199,3725,6,18,111,135,1.2222222222222223,0.04419498815558842,656,"OK, Global Warming! You don't have to be so inflated about it!"
2760,3725,5,22,117,144,1.2222222222222223,0.04116179491907547,656,Have you spun off your axis completely with that crazy global warming theory?
2409,3725,2,30,121,153,1.2222222222222223,0.03618149579973173,656,"And now our keynote speaker, Mother Earth, will share with us her perspective on global warming."
2283,3725,6,20,118,144,1.2222222222222223,0.0423251516014429,656,"And I am going to call it ""Trump World""."
2278,3725,2,28,114,144,1.2222222222222223,0.03745554791462456,656,You try convincing the world!
1949,3725,3,22,101,126,1.2222222222222223,0.0419960525565808,656,I'll let you speak in a moment. Though you probably won't have a point.
1917,3725,9,20,142,171,1.2222222222222223,0.040446236214596275,656,"And God said, Let the waters under the heaven be gathered together unto one place, and let the dry land appear: and it was so.  This miracle occurred on Day Two, and absolutely nothing my opponent says will convince me otherwise."
1449,3725,5,22,117,144,1.2222222222222223,0.04116179491907547,656,Don't think you can just roll over me here...!
1555,3725,5,24,124,153,1.2222222222222223,0.03958659589207586,656,And let's not forget all those offshore deposits.
1253,3725,4,22,109,135,1.2222222222222223,0.04161826929421157,656,"Ok, ok, I'm attracted to you - everyone is. But what's that go to do with this argument?"
1200,3725,8,14,113,135,1.2222222222222223,0.046629535887671957,656,"And now, supporting this evening's resolution, ""Climate Change is Real"", a last minute added  speaker . . ."
1079,3725,6,20,118,144,1.2222222222222223,0.0423251516014429,656,"Nevertheless, she persists!

Margaret Olnek, Superior, Colorado"
290,3725,5,18,103,126,1.2222222222222223,0.044918110871933946,656,I'll get to global warming in a minute.
182,3725,5,18,103,126,1.2222222222222223,0.044918110871933946,656,"The earth, like a coin, has two sides."
25,3725,5,20,110,135,1.2222222222222223,0.042925967182569774,656,"The skeletons in my opponent's record, you just wouldn't believe!"
13,3725,5,24,124,153,1.2222222222222223,0.03958659589207586,656,"It's just a fever, not the apocalypse."
1849,3725,4,26,123,153,1.2222222222222223,0.03848505245308902,656,"I know you think you’re the world’s greatest debater, but I disagree."
3549,3744,5,29,142,176,1.2215909090909092,0.03619838669785914,656,This is america.
1622,3744,8,23,145,176,1.2215909090909092,0.038795984255241424,656,South America couldn't move to Canada so it is moving to Africa.
1151,3746,5,25,128,158,1.2215189873417722,0.03874951939947326,656,I staunchly defend pineapple on pizza.
1390,3746,5,25,128,158,1.2215189873417722,0.03874951939947326,656,Can't you think about anyone else except yourself?
1501,3746,4,27,127,158,1.2215189873417722,0.03769482190708304,656,you had your time to speak!
1915,3746,6,23,129,158,1.2215189873417722,0.03977626061828339,656,I matter as much as you!
2148,3746,5,25,128,158,1.2215189873417722,0.03874951939947326,656,"What's that, Mother, you say all the other countries are behind you?"
2680,3746,3,29,126,158,1.2215189873417722,0.036609752027612255,656,If I could finish…
4043,3752,7,19,123,149,1.221476510067114,0.04242516440739853,656,"Your voice may be big, but your audience is small."
3865,3752,7,19,123,149,1.221476510067114,0.04242516440739853,656,"Furthermore, we are much more important than you - we can think."
1069,3752,4,25,120,149,1.221476510067114,0.039087215432839176,656,"Look, don't get me wrong, you've done good by us so far; we just need to give those business and agriculture lobbyists the voice they deserve."
2005,3752,5,23,121,149,1.221476510067114,0.04023064916031539,656,I stand by my flat Earth comments. You call those Grand Tetons?
697,3756,6,19,115,140,1.2214285714285715,0.043092025076168945,656,"And now, without further ado, you all know her.....(thunderous applause drowning out name)"
1046,3756,2,27,111,140,1.2214285714285715,0.03802397840166047,656,And I suppose that is meant to be your version of the Great Lakes?
1195,3756,5,21,114,140,1.2214285714285715,0.04188254651100343,656,"Folks, don't be fooled! This is just a tired rehashing of the EarthFirst! movement, and it didn't work the first time!"
1876,3756,6,19,115,140,1.2214285714285715,0.043092025076168945,656,"Coming soon to a theatre near you: ""Honey, I Shrunk the Climate Change Deniers!"""
3959,3756,6,19,115,140,1.2214285714285715,0.043092025076168945,656,"Speak up, I can't hear you."
1304,3761,3,23,105,131,1.2213740458015268,0.04096613088549232,656,"As you can see, I'm more concerned about Global Shrinking !"
3263,3762,5,17,100,122,1.221311475409836,0.04584378067145163,656,No Collusion!
1732,3762,5,17,100,122,1.221311475409836,0.04584378067145163,656,"And on your right, discussing global warming, is The World!"
1865,3764,6,26,140,172,1.2209302325581395,0.037610461618548335,656,I am uncategorically opposed to globalism!
4557,3765,3,30,130,163,1.2208588957055215,0.03590884033010477,656,OK. So much for YOUR  position on the issues.  What about the EASTERN hemisphere?
1210,3766,7,20,127,154,1.2207792207792207,0.04145592567531924,656,"As can be seen here, the Affirmative side of the Flat Earth debate is struggling in his rebuttal."
3781,3766,7,20,127,154,1.2207792207792207,0.04145592567531924,656,Let's talk climate change
1298,3768,8,16,121,145,1.2206896551724138,0.0442789891592143,656,"As anyone can see, my opponent cannot speak for the other 5 billion people on earth."
2201,3768,7,18,120,145,1.2206896551724138,0.04318383309004413,656,"...and furthermore, my opponent doesn’t even speak English!"
5258,3770,5,20,111,136,1.2205882352941178,0.04264048480620878,656,Stop complaining!
4010,3770,4,22,110,136,1.2205882352941178,0.04134342127394495,656,"Back up, you are burning me up!"
3388,3772,4,20,103,127,1.220472440944882,0.043173374153718636,656,"And everyone on this side of the globe is technically ""American."""
279,3772,2,24,101,127,1.220472440944882,0.04017426392494601,656,You're full of hot air!
2764,3772,3,22,102,127,1.220472440944882,0.04170078966715258,656,I still say the earth is flat
767,3775,10,19,148,177,1.2203389830508475,0.04022550538423775,656,You’re no Jack Kennedy
576,3776,5,25,129,159,1.220125786163522,0.038530236867996566,656,Polls are meaningless!
479,3777,5,23,122,150,1.22,0.03998881275324226,656,One at a time please.
2157,3777,2,29,119,150,1.22,0.036478058741864876,656,And now we will hear from the representative from Fiji.
2195,3777,5,23,122,150,1.22,0.03998881275324226,656,It looks like we’re in a world of trouble.
4154,3777,6,21,123,150,1.22,0.041092464078305725,656,I can tell that you are hot and bothered with me!
1625,3781,6,19,116,141,1.2198581560283688,0.04281412736092889,656,Here's to our next world-class candidate for 2020.
1025,3781,7,17,117,141,1.2198581560283688,0.04398143499559284,656,I will never believe that you are round nor warming.
2244,3781,5,21,115,141,1.2198581560283688,0.04161408870904326,656,You stand there and tell how climate change has affected you!
3361,3781,3,25,113,141,1.2198581560283688,0.03910368440309283,656,Your argument goes round in circles. Like your shape!
3874,3781,6,19,116,141,1.2198581560283688,0.04281412736092889,656,You don't have to be silent - It's not Spring.
4297,3781,3,25,113,141,1.2198581560283688,0.03910368440309283,656,It's a small world yet there is an ocean between me and my opponent.
164,3787,6,17,109,132,1.2196969696969697,0.04475030829456082,656,My opponent would hope to distract you with her earthy comments.
1067,3787,4,21,107,132,1.2196969696969697,0.04208644972494561,656,"OK, we get it!"
146,3787,2,25,105,132,1.2196969696969697,0.039242176397882286,656,"Even if I am the only one, I will speak my truth!"
2035,3787,5,19,108,132,1.2196969696969697,0.0434388037525702,656,I knew you would drag climate change victimhood into the debate!
3909,3791,6,22,127,155,1.2193548387096773,0.04018283282430401,656,Don’t touch! - it’s still hot from global warming
4007,3791,8,18,129,155,1.2193548387096773,0.04221651827079907,656,"Now, Grandma Earth will talk about “human harassment”."
3187,3791,5,24,126,155,1.2193548387096773,0.03912637056033424,656,"Our next guest didn't believe in ""extra terrestrial life"" until we came along."
1968,3791,5,24,126,155,1.2193548387096773,0.03912637056033424,656,"As the previous speaker was saying, it's clear that global roaming is the greatest existential threat we face today."
2395,3791,4,26,125,155,1.2193548387096773,0.03804057955214688,656,I'm more important than you are. And I have the rigorous poll data to prove it!
2579,3791,7,20,128,155,1.2193548387096773,0.041212221905004565,656,And now let's hear the other side of this heating debate.
1987,3797,5,22,119,146,1.2191780821917808,0.04065262439366893,656,This World Debate is NOT fair and balanced!!!
2839,3797,3,26,117,146,1.2191780821917808,0.03825819190073683,656,As moderator I would help if you could keep your comments to 25 words or less. You have a lot of people with you
3018,3797,5,22,119,146,1.2191780821917808,0.04065262439366893,656,My opponent continues to shrug his responsibilities.
3632,3797,4,24,118,146,1.2191780821917808,0.03947356784993175,656,...and that is why you are wrong about global warming!
4196,3797,6,20,120,146,1.2191780821917808,0.04179843515470749,656,Just shrug it off.
4863,3797,7,18,121,146,1.2191780821917808,0.042913663239950134,656,The condition of our planet is debatable?
971,3803,6,18,113,137,1.218978102189781,0.04360736697635734,656,We refuse to be intimidated by your climate extortion rhetoric!
3233,3803,6,18,113,137,1.218978102189781,0.04360736697635734,656,How would you know about global warming anyway?
5212,3803,4,22,111,137,1.218978102189781,0.0410721078190437,656,"You may not be flat, but certainly flat wrong."
830,3806,5,27,137,169,1.2189349112426036,0.03701463783126026,656,"Those polar ice caps were not worth anything
 anyway"
1476,3807,4,25,122,151,1.218543046357616,0.03862314640183871,656,Well... it’s obvious this is just a round earth shill
2275,3807,3,27,121,151,1.218543046357616,0.0374626109237906,656,"And now, speaking on behalf of the Earth ..."
2447,3807,6,21,124,151,1.218543046357616,0.04084541442413053,656,Sorry folks Jimmy got a little carried away with the paper mache model.
2462,3807,4,25,122,151,1.218543046357616,0.03862314640183871,656,It seems that  that Atlas shrugged our debate
267,3811,5,16,98,119,1.218487394957983,0.04646707114081311,656,‘Someone tell me how this is possible.’
4730,3812,5,21,116,142,1.2183098591549295,0.04134899037949917,656,"Although we can certainly appreciate your fire and fury, we simply aren’t willing to negotiate a peace agreement at this time."
4518,3812,6,19,117,142,1.2183098591549295,0.04253973585097774,656,"Using this life-sized model of the earth,I shall now explain to you why climate change is no big deal."
4510,3812,3,25,114,142,1.2183098591549295,0.038858187858800394,656,And now let's hear from Mr. Atlas...Mr. Atlas is speaking for the motion
3923,3812,5,21,116,142,1.2183098591549295,0.04134899037949917,656,First to the rostrum will be South Pacific. Then we'll hear from the other side at the anti-podium.
3179,3812,2,27,113,142,1.2183098591549295,0.037550880719402255,656,"My opponent may think global, but I'm not buying the local act."
1810,3812,6,19,117,142,1.2183098591549295,0.04253973585097774,656,I must have ten billion dollars to build MY spherical wall.
383,3812,10,11,121,142,1.2183098591549295,0.047002017081601365,656,My opponent WACKY Western Hemisphere and his friends in the FAKE NEWS media have ruined our country. SAD!
149,3812,4,23,115,142,1.2183098591549295,0.040122922183421145,656,Give me one proof that you're not flat.
5023,3820,7,22,136,165,1.2181818181818183,0.03946494255056486,656,"The fact is, let's say it, is Mr Atlas is too old
































Hold him up! Hold him up!"
1049,3821,4,21,108,133,1.218045112781955,0.04180146234154655,656,"Clearly, my opponent has no grasp of detail."
4534,3822,4,26,126,156,1.2179487179487178,0.03782208994202261,656,And don’t get me started on the problems happening in your district.
3879,3822,4,26,126,156,1.2179487179487178,0.03782208994202261,656,That’s how I roll.
4080,3822,9,16,131,156,1.2179487179487178,0.04294269923137587,656,"Planet Earth, we welcome you to Jupiter"
1247,3822,4,26,126,156,1.2179487179487178,0.03782208994202261,656,"While I completely agree that climate change is an urgent matter, we first need to decide which automotive industries will receive the biggest tax breaks."
1643,3822,5,24,127,156,1.2179487179487178,0.03890017318112145,656,And now we hear from our heavyweight speaker on the topic of global warming
4416,3827,2,23,99,124,1.217741935483871,0.0405839939544974,656,My opponent is looking a little feverish.
5200,3827,6,15,103,124,1.217741935483871,0.04660023540224536,656,My opponent’s carbon-tax proposal is ludicrous.
4092,3829,5,22,120,147,1.217687074829932,0.04040265005263695,656,Hell hath no Fury like Climate Change scorned!
882,3829,4,24,119,147,1.217687074829932,0.03923246323085375,656,"So you don't care about global warming? Well, how does global rolling grab you?"
1858,3829,5,22,120,147,1.217687074829932,0.04040265005263695,656,"I may be in the minority here, but..."
2674,3829,5,22,120,147,1.217687074829932,0.04040265005263695,656,"Furthermore, regardless of your symptoms, I still say global warming is all in your imagination."
5097,3829,4,24,119,147,1.217687074829932,0.03923246323085375,656,"If you don't believe it's flat, I'm going to turn this  over and you will see for yourself!"
3577,3834,4,29,137,170,1.2176470588235293,0.03586097746800825,656,I agree with my opponent's world view
590,3835,1,28,109,138,1.2173913043478262,0.03671005737060393,656,All your comments are one-sided!
1719,3835,5,20,113,138,1.2173913043478262,0.042080570378038064,656,Recent Connection between North and South America Reaffirmed
3010,3835,3,24,111,138,1.2173913043478262,0.039486723816328735,656,"And if it's global warming, why is it so cold in here?"""
3717,3835,3,29,129,161,1.2173913043478262,0.036003420487427176,656,...but voters chose me!
4161,3835,6,23,132,161,1.2173913043478262,0.03910454630158591,656,"To answer your question, no, I never smoked pot in college"
4651,3835,5,20,113,138,1.2173913043478262,0.042080570378038064,656,You don't scare me - there is no such thing as global warming.
5277,3835,6,23,132,161,1.2173913043478262,0.03910454630158591,656,"Despite his spotty voting record, my opponent would like you to believe he carries the weight of the world on his shoulders."
4029,3842,2,34,139,175,1.217142857142857,0.03329155251589511,656,"My opponent is blind to the beauties of the free market and capitalism, and is, indeed....A SOCIALIST!"
4415,3843,6,21,125,152,1.2171052631578947,0.04060127035236401,656,STOP!!!We have addressed global warming.
4387,3843,6,21,125,152,1.2171052631578947,0.04060127035236401,656,I know a side effect of global warning is hot air but please wait your turn
1589,3843,5,23,124,152,1.2171052631578947,0.03951360244884129,656,Your hot flashes are not germane to this campaign.
1657,3843,7,19,126,152,1.2171052631578947,0.041660551244149774,656,"Liar!  That's not what I mean by ""Make America Great Again"""
23,3847,7,14,108,129,1.2170542635658914,0.0466426610331734,656,"Ms.Earth,do you believe in Climate Change."
709,3848,2,27,114,143,1.2167832167832169,0.03731860179554434,656,Stop!  In the name of love!
2888,3848,3,25,115,143,1.2167832167832169,0.03861568458818178,656,Your stale arguments are hardly you-shattering.
3153,3848,6,19,118,143,1.2167832167832169,0.04226878594107649,656,He's just a bunch of hot air
4133,3848,7,17,119,143,1.2167832167832169,0.043418237195585,656,"As far as planets go, you've got the experience.  But can you wiggle your fingers?"
4896,3848,6,19,118,143,1.2167832167832169,0.04226878594107649,656,"I stand by my statement that Mercacator is, and always will be, the gold standard of projections!"
1290,3853,7,12,101,120,1.2166666666666666,0.04905740839459444,656,"and now, lets hear the silent majority!"
4559,3854,8,18,131,157,1.21656050955414,0.041723516341573744,656,Please tell us what proof you have of climate change!
3360,3854,6,22,129,157,1.21656050955414,0.039718171927335184,656,"You might think this is a big soap bubble, and it is."
99,3854,3,28,126,157,1.21656050955414,0.03650418098334813,656,My opponent has flip-flopped on the environment.
2066,3854,3,28,126,157,1.21656050955414,0.03650418098334813,656,"Earth, you're looking extra hot today"
2348,3854,7,20,130,157,1.21656050955414,0.040733186698041,656,"And for our Global Warming segment, let me introduce our next speaker, North America."
2781,3859,4,21,109,134,1.2164179104477613,0.04152023612273858,656,Stop right there! I get the message.
2131,3859,5,19,110,134,1.2164179104477613,0.04285033090096287,656,"So, what’s the big deal?  We all know the Earth has climate..."
2074,3859,3,23,108,134,1.2164179104477613,0.04014609765660815,656,"We're citizens of the United States, not the world."
2613,3859,4,21,109,134,1.2164179104477613,0.04152023612273858,656,"Furthermore, my worldview is superior to that of my opponent."
1926,3859,4,21,109,134,1.2164179104477613,0.04152023612273858,656,"And now a word from the Earth about Globalization, as it relates to global warming, and our feckless leaders who are waiting for the whole Shithouse to burn down."""
1042,3859,3,23,108,134,1.2164179104477613,0.04014609765660815,656,"Yes, I love my country. I’m a proud nationalist. Unlike my opponent, Lil’ Globey! Isn’t that right, Globey?"
915,3859,7,15,112,134,1.2164179104477613,0.04539375022610612,656,If you’re warming at such an alarming rate how do you explain your presence on this stage?
2032,3859,5,19,110,134,1.2164179104477613,0.04285033090096287,656,That was before the Suez Canal
496,3867,6,25,140,171,1.2163742690058479,0.037552463952568615,656,My opponent has no earthly idea!
2741,3868,3,26,119,148,1.2162162162162162,0.03779710464758923,656,Got the message but you're going to have to simplify.
713,3868,4,24,120,148,1.2162162162162162,0.03899422756124355,656,Klaatu Burada Nikto
1903,3868,5,22,121,148,1.2162162162162162,0.04015567763660926,656,I presume you are aware the president’s Science Advisor states the research is not clear on whether global warming actually exists . . .
2093,3868,5,22,121,148,1.2162162162162162,0.04015567763660926,656,"Yes, well, we’ve heard all about your perspective, but what about the blinkered, local view?"
2242,3868,7,18,123,148,1.2162162162162162,0.04238320154459489,656,Does this outfit make me look fat?
2405,3868,5,22,121,148,1.2162162162162162,0.04015567763660926,656,"Welcome, just to set the record straight,round or flat??"
4682,3874,1,33,128,162,1.2160493827160495,0.033595855811090154,656,Archimedes? We will give you another fulcrum.
784,3874,5,25,132,162,1.2160493827160495,0.037886758532311306,656,What in the World do you mean by that!?
1855,3874,5,25,132,162,1.2160493827160495,0.037886758532311306,656,"The debate is over.
Time to chill!"
2661,3877,3,21,101,125,1.216,0.04186614615113729,656,Next debater: global warming; fact or fake news?
3386,3877,2,23,100,125,1.216,0.04029568135028705,656,"Although mah opponent's accomplishments are indisputable, his arrogance is without precedent."
1228,3879,1,28,110,139,1.2158273381294964,0.036478541185996534,656,Globalisation is round the corner.
1398,3879,6,18,115,139,1.2158273381294964,0.04303493975637711,656,My worthy opponent has disappeared into the South Pacific.
2935,3879,4,22,113,139,1.2158273381294964,0.04053982252951266,656,"And now, Atlas!"
4982,3879,6,18,115,139,1.2158273381294964,0.04303493975637711,656,"Don't preach to me about CO2 emissions, not 
when you flew here on on your own private jet!"
5176,3883,6,21,126,153,1.2156862745098038,0.04035998197528621,656,"I’m surprised you got through the door Larry, looks like you packed on a few extra...pounds."
3004,3883,4,25,124,153,1.2156862745098038,0.03816974614841471,656,You don't look so warm to me!
249,3883,4,25,124,153,1.2156862745098038,0.03816974614841471,656,"I don't want to be the lone desenter, but..."
2373,3886,7,22,138,167,1.215568862275449,0.039034373423517635,656,"To the best of my knowledge, this globe is actual size."
4123,3887,5,18,107,130,1.2153846153846153,0.043661591494225584,656,That's all folks!
3209,3888,5,21,118,144,1.2152777777777777,0.040828628771899675,656,You haven't been new since 1492!
4577,3889,2,30,126,158,1.2151898734177216,0.035170163916135345,656,"World Climate Conference

""Can you scooch? You're blocking my PowerPoint."""
4623,3889,5,24,129,158,1.2151898734177216,0.03845539487689824,656,"Hemispheres of the world, unite!"
1549,3891,7,15,113,135,1.2148148148148148,0.04508475549472757,656,NO! I'm tired of debating climate change with you!
2444,3891,10,9,116,135,1.2148148148148148,0.04862417234832895,656,Fuck you
5127,3893,4,24,121,149,1.2147651006711409,0.03875881132362739,656,I yield the balance of my lifetime to the gentleman from Pangea.
4725,3893,3,26,120,149,1.2147651006711409,0.03757060997180299,656,What you’ve always been lacking is proper representation
59,3895,5,23,126,154,1.2142857142857142,0.03904935806371853,656,Can I get my oponent’s mic raised a little? I feel like I’m talking to the Earth’s vagina.
1305,3895,7,16,117,140,1.2142857142857142,0.043939735293797945,656,I can't handle the truth! My existence is grotesque and incomprehensible.
3920,3895,5,20,115,140,1.2142857142857142,0.04153493098406951,656,"You're missing the point!"""
4413,3895,6,21,127,154,1.2142857142857142,0.04012150050798342,656,The Earth would like to end the climate crisis conference with a closing statement. Can I get a Mike?
1433,3899,8,21,144,173,1.2138728323699421,0.03892574871775846,656,Earth as seen by the Republican National Committee!
2267,3900,4,26,129,159,1.2138364779874213,0.03718112561180088,656,He found the other candidate's world view to be a bit polemic
3525,3900,7,20,132,159,1.2138364779874213,0.040265004525773244,656,"Go ahead, the deniers dare you to make your case."
4247,3900,6,22,131,159,1.2138364779874213,0.03926396685971161,656,"Well actually Mother Nature, the climate doesn't really work like that"""
4501,3903,5,21,119,145,1.2137931034482758,0.04057324734419032,656,And my opponent would have you believe the world is round.  Just more FAKE NEWS.
2919,3903,6,19,120,145,1.2137931034482758,0.04173696012727657,656,"Its the western version of the Euro, Trumps face is on the back."
2383,3903,4,23,118,145,1.2137931034482758,0.039375156627495723,656,My opponent makes up in size what it lacks in brains.
341,3903,4,23,118,145,1.2137931034482758,0.039375156627495723,656,The flat Earth debate continues...
500,3903,4,23,118,145,1.2137931034482758,0.039375156627495723,656,And now for the cosmology report.
957,3903,5,21,119,145,1.2137931034482758,0.04057324734419032,656,I have invited my dear friend Mother Earth here to tell you all how great she really feels.
600,3909,5,18,108,131,1.213740458015267,0.04335819969343802,656,"I think you have a pimple on your backside. Oh wait, that's just New Zealand. Never mind."
783,3910,3,26,121,150,1.2133333333333334,0.03734675373997375,656,Populism will always trump globalism!
962,3910,7,18,125,150,1.2133333333333334,0.041865521009132864,656,"Hang on, up there! Mr. Atlas is still in traffic."
4911,3912,5,19,112,136,1.213235294117647,0.04227733962905507,656,You have no standing in this court!
2943,3912,5,19,112,136,1.213235294117647,0.04227733962905507,656,Hold on there big fellah. I paid for this microphone.
1202,3912,3,23,110,136,1.213235294117647,0.03961702313858518,656,You feel cool from here!!
646,3912,2,25,109,136,1.213235294117647,0.038217483701698036,656,Can someone move this thing... it's getting warm in here.
3288,3916,6,24,139,169,1.21301775147929,0.03768976637296358,656,I firmly disagree with my worldly opponent.
1455,3917,5,23,127,155,1.2129032258064516,0.03882123291697811,656,My opponents self-serving proposals are not sustainable.
3354,3917,5,23,127,155,1.2129032258064516,0.03882123291697811,656,I beg to differ with that perspective!
4084,3917,5,23,127,155,1.2129032258064516,0.03882123291697811,656,"Sorry, but there's not point in debating the issue of global warming. The President has spoken."
1928,3920,5,20,116,141,1.2127659574468086,0.041267298590509226,656,Your argument about being a big shot doesn't hold water -- look around you -- there 's the Pacific and Atlantic oceans!
4726,3920,5,20,116,141,1.2127659574468086,0.041267298590509226,656,My opponent has morphed into a globalist.
2634,3922,5,17,105,127,1.2125984251968505,0.04419837067680215,656,"There you go again, with your American-centric arguments!"
2103,3922,1,25,101,127,1.2125984251968505,0.03812556180140144,656,"By way of introduction, I'd say that our next speaker has truly seen it all.  And, oh the secrets she can tell!"
2258,3924,6,22,132,160,1.2125,0.0390406778668338,656,I’m here in spite of the revolution.
2825,3924,8,18,134,160,1.2125,0.04100496595175276,656,"okay, okay your getting a little heated tom."
3467,3924,3,28,129,160,1.2125,0.03589325106058398,656,I know you have big problems but so do I!
1194,3927,5,21,120,146,1.2123287671232876,0.040320989011895604,656,Find Newfoundland!  Free Newfoundland!
3561,3927,4,23,119,146,1.2123287671232876,0.039131941475064144,656,Global warning.
5098,3927,8,15,123,146,1.2123287671232876,0.043694417134985196,656,Now I know how Indiana Jones felt!
952,3930,3,22,107,132,1.2121212121212122,0.040283380633923935,656,Quit the dramatics and stop whining!
3025,3930,4,20,108,132,1.2121212121212122,0.04169425831336409,656,We can’t shrug this off!
2666,3932,7,18,126,151,1.2119205298013245,0.041611332642132466,656,I flatly disagree with how you've rounded your climate figures.
2740,3933,2,32,136,170,1.2117647058823529,0.03356965971220164,656,"Don't be so upset. You know that I think the world of you"""
426,3934,6,17,114,137,1.2116788321167884,0.0432555798021186,656,"Please, let me finish."
1052,3934,5,19,113,137,1.2116788321167884,0.04199646386377876,656,The climate change debate just got serious.
2863,3934,8,13,116,137,1.2116788321167884,0.045669788678392206,656,My opponent has lost focus on our district's concerns.
3934,3934,2,25,110,137,1.2116788321167884,0.037969413429685094,656,Don’t let my opponent’s flat earth denial fool you.
4807,3934,5,19,113,137,1.2116788321167884,0.04199646386377876,656,Ms. Earth is not fit to hold office.
3441,3939,5,23,128,156,1.2115384615384615,0.03859571302710641,656,"But  then WE created plastic.
So what else you got?!"
3665,3939,7,19,130,156,1.2115384615384615,0.04068236762958046,656,"wait if youre here,,,, then I'm... oh no! not again!"
2355,3939,3,27,126,156,1.2115384615384615,0.0363896014294354,656,Do not argue with a Homo sapien!
4377,3942,6,25,144,175,1.2114285714285715,0.03677345675545407,656,“My opponent here is a one-worlder!”
3705,3943,5,16,102,123,1.2113821138211383,0.04508648599697628,656,"I grant you,your rhetoric is earthy,but frankly,it's hard not to conclude you're all wet when it comes to the facts of the matter."
937,3944,7,16,119,142,1.2112676056338028,0.04337083650500918,656,"World, you now have thirty seconds to counter the President's statement."
1800,3944,2,26,114,142,1.2112676056338028,0.03716959583865563,656,Don't listen to her - she's full of hot air!
2584,3944,5,20,117,142,1.2112676056338028,0.041003039124071584,656,"I""m here to tell you about climate change first hand."
3568,3944,5,20,117,142,1.2112676056338028,0.041003039124071584,656,"Isn't it obvious, the Earth is flat."
4031,3944,4,22,116,142,1.2112676056338028,0.03976630604598696,656,"I will not be bullied, Mother Earth!"
3444,3949,6,22,133,161,1.2111801242236024,0.03881987577639751,656,"My ex-wife is near the upper right, sort of"
3023,3949,5,24,132,161,1.2111801242236024,0.037806652903188076,656,And as host of “The Blue Planet” you claim climate change to be fact?
5046,3949,8,18,135,161,1.2111801242236024,0.04077085059697092,656,"Alas, let’s let the globe have a word about it’s own issues."
289,3949,5,24,132,161,1.2111801242236024,0.037806652903188076,656,How about you let me answer this one?
1617,3949,6,22,133,161,1.2111801242236024,0.03881987577639751,656,"Actually, you're flat."
2535,3954,6,15,107,128,1.2109375,0.045263260648319585,656,And I say... you're not global enough!
2899,3955,6,19,122,147,1.2108843537414966,0.041218162985870825,656,We are the one hundred percent.
2948,3955,3,25,119,147,1.2108843537414966,0.03767456807427461,656,Our next speaker is the renowned world ...
1943,3957,3,26,123,152,1.2105263157894737,0.03690677986137281,656,You just think you're putting your best face forward.
5081,3957,6,16,111,133,1.2105263157894737,0.0440755678609802,656,"You, madam have been around too long to appreciate modern ideas."
4820,3957,4,28,139,171,1.2105263157894737,0.0353959628705424,656,We like to think of it as an open floor plan.
898,3957,4,24,124,152,1.2105263157894737,0.03806900019013514,656,"Your right, but, my wife drives a Prius!"
3285,3957,3,30,138,171,1.2105263157894737,0.0344103870644957,656,I know I speak for everyone here when I say we're all very tired of your speaking so elliptically.
3381,3957,2,28,122,152,1.2105263157894737,0.03570675039814121,656,"Usually somebody warms up the crowd for me, not the other way around"
437,3963,4,21,113,138,1.210144927536232,0.04043152736189783,656,I feel the earth moving over my feet.
584,3963,1,27,110,138,1.210144927536232,0.036295300472993834,656,"Quit repeating that fake news.  No, it's not hot in here."
2102,3963,6,17,115,138,1.210144927536232,0.04296837733042621,656,"I’m telling you, climate change is not real!"
1350,3966,7,20,135,162,1.2098765432098766,0.03958230146772413,656,Let me finish Mother Earth!
103,3967,3,24,116,143,1.2097902097902098,0.03824829183559793,656,All your answers are flat.
222,3967,6,18,119,143,1.2097902097902098,0.04193341146460269,656,How about another billion so we can keep using fossil fuels?
1547,3967,3,24,116,143,1.2097902097902098,0.03824829183559793,656,Why so negative? It's like night and day when you let your darker side out.
2370,3967,5,20,118,143,1.2097902097902098,0.040742090530802876,656,You need a route canal.
4287,3967,4,22,117,143,1.2097902097902098,0.03951486915808532,656,I was told this was going to be a Town Hall meeting.
4522,3967,3,24,116,143,1.2097902097902098,0.03824829183559793,656,My opponent has an inflated view of himself if he pretends he's a globalist at heart!
2478,3973,7,17,124,148,1.2094594594594594,0.042070623235642805,656,"My opponent, the incumbent, has stated that he feels the weight of the world in his shoulders. I say it is time for a change."
1140,3973,4,23,121,148,1.2094594594594594,0.038654253962063526,656,The earth is flat. Don’t get so overheated.
678,3973,4,23,121,148,1.2094594594594594,0.038654253962063526,656,"It seems that my opponent, Atlas, is too scared to show up to this debate."
986,3973,8,15,125,148,1.2094594594594594,0.04314934533446183,656,"Is that your only talking point, Global Warming?"
2720,3977,6,20,127,153,1.2091503267973855,0.04005241961175708,656,"You may have won this debate, but I'm patient enough to know that I will be the winner in just 12 years."
444,3978,3,22,109,134,1.208955223880597,0.03974250368588389,656,"While my esteemed colleague will attempt to convince you otherwise, I will prove beyond a shadow of a doubt that the earth is flat."
2610,3978,5,18,111,134,1.208955223880597,0.04247244165915812,656,"Atlas, speak into the microphone."
3929,3978,3,22,109,134,1.208955223880597,0.03974250368588389,656,Poppycock. It's nothing but a heated discussion.
4360,3978,3,22,109,134,1.208955223880597,0.03974250368588389,656,You're only appealing to your base!
1627,3982,4,25,129,158,1.2088607594936709,0.037080636355738494,656,Who can point out to us where we are today?
3367,3983,5,19,115,139,1.20863309352518,0.04144559659609479,656,"my opponent, or ""Fat Orb"" as some have called her..."
905,3983,2,25,112,139,1.20863309352518,0.03748258573711648,656,"Now, right there is the area we’ll be discussing today."
326,3985,5,20,119,144,1.2083333333333333,0.04048439222695598,656,"Current astromological views are truly wide-ranging,  however today I share Dr. H. Penny's well-known Buddhistic belief about the sky's impermanence."
645,3985,3,24,117,144,1.2083333333333333,0.03800968060554863,656,„See? If there was a problem she would speak now!“
2212,3985,3,24,117,144,1.2083333333333333,0.03800968060554863,656,Stop lying to the populace! You're the exact same temperature you've always been.
2690,3985,5,20,119,144,1.2083333333333333,0.04048439222695598,656,Now stop rotating and listen! I find it hard to believe that you still do NOT believe in global warming.
4190,3985,4,22,118,144,1.2083333333333333,0.039266536858512446,656,Please state your opinions on how we’re doing.
4198,3985,6,18,120,144,1.2083333333333333,0.041666666666666664,656,Better watch your back!
4701,3985,5,20,119,144,1.2083333333333333,0.04048439222695598,656,What evidence do you have there's global warming ?
4878,3985,5,20,119,144,1.2083333333333333,0.04048439222695598,656,Our rebuttal to your argument is to look at the evidence.
5187,3993,5,21,123,149,1.2080536912751678,0.03958240180065663,656,"Yo Earth, I’m really happy for you, I’ll let you finish, but Mars has some of the best videos of all time!"
4136,3993,6,19,124,149,1.2080536912751678,0.04071193011729891,656,My opponent here is full of hot air.
1150,3993,6,19,124,149,1.2080536912751678,0.04071193011729891,656,She’s turning her stance yet again!
534,3993,5,21,123,149,1.2080536912751678,0.03958240180065663,656,What evidence do you have to keep denying the Arctic is going bald?
2065,3993,5,21,123,149,1.2080536912751678,0.03958240180065663,656,"My young Democratic opponent professes to be a geography professor,really?"
4625,3998,6,14,105,125,1.208,0.045855312423091786,656,"So, let me introduce to you the most worldly individual I have ever met!"
1361,3999,6,20,128,154,1.2077922077922079,0.03981465917961695,656,We are in the midst of a global warning!
3951,3999,4,24,126,154,1.2077922077922079,0.03762236316264341,656,My opponent is reportedly in hiding somewhere up there in the Hudson Bay area.
5065,3999,6,20,128,154,1.2077922077922079,0.03981465917961695,656,"Now now, don't blow your cool!"
2861,4002,4,19,107,130,1.2076923076923076,0.041864924409159,656,"Since the other speaker didn't show, let's have a contest. Now, everyone write one cartoon caption about this massive ball on stage and I'll collect them, read them aloud,  and we'll somehow declare a winner. Tie breaker: Where is Columbus, IN?"
3113,4003,3,27,129,159,1.2075471698113207,0.035774185513929364,656,Let's give a very warm welcome to our own Blue Marble.
982,4003,7,19,133,159,1.2075471698113207,0.03997797309500652,656,You're nothing but a Chinese hoax!
677,4005,5,18,112,135,1.2074074074074075,0.042185062153688856,656,"To introduce our next speaker, Atlas... oh, darn!"
2927,4005,6,16,113,135,1.2074074074074075,0.0434757149271192,656,Today’s Keynote: Expanding Your Horizons
2895,4007,4,26,134,164,1.2073170731707317,0.03615891918307185,656,You're getting warmer? Not getting warmer! Fake news!
478,4008,5,19,116,140,1.207142857142857,0.041175468119551355,656,Your thoughts on Flat Earth theory.
3058,4008,5,19,116,140,1.207142857142857,0.041175468119551355,656,"You seem a bit heated, take a chill pill."
4573,4008,2,25,113,140,1.207142857142857,0.03724371633051361,656,I can assure you that pollution will subside in 15 years. By then we will be dumping our garbage on Mars.
5066,4008,6,17,117,140,1.207142857142857,0.042405118768646284,656,"The whole world’s against me!”
- Griff Urang-Schuberth
Portland O"
3931,4012,5,20,120,145,1.206896551724138,0.04022988505747127,656,"I would remind you, good sir, that my name is Archimedes."
1261,4012,6,18,121,145,1.206896551724138,0.041403249780064086,656,I don't give a shit if you're on a roll!
564,4012,4,22,119,145,1.206896551724138,0.03902125332590335,656,You are only a  part of what I'll own if  i'm elected!
1132,4012,4,22,119,145,1.206896551724138,0.03902125332590335,656,I challenge my opponent to release their measurements to the public so we all may know whether they are flat or round.
1356,4016,4,23,123,150,1.2066666666666668,0.038187886698918753,656,"How dare you, sir? My mother was a planet!"
1407,4016,8,15,127,150,1.2066666666666668,0.04261756122751931,656,"If I told you once, I told you a thousand times: Covfefe!"
1620,4016,5,21,124,150,1.2066666666666668,0.03934209131632978,656,Ahem
1831,4016,4,23,123,150,1.2066666666666668,0.038187886698918753,656,You say that now but as soon as you turn your back I’m sure we’ll hear another story!
2391,4016,6,19,125,150,1.2066666666666668,0.04046338601446259,656,"Fellow members, that is why we have adopted the song, ""You and Me Against the World"" as our theme"
4357,4021,5,15,101,121,1.2066115702479339,0.04532915336612764,656,You will not replace me!
4935,4022,5,22,128,155,1.206451612903226,0.03850665935534664,656,So you're saying you are not flat you are at least 36d?
20,4022,4,24,127,155,1.206451612903226,0.03740288269836071,656,The world sure loves to argue.
3021,4024,7,12,107,126,1.2063492063492063,0.04689395035604231,656,"As you can see, the organisers could not find a single person to stand against me"
2277,4024,5,16,105,126,1.2063492063492063,0.04410299679190414,656,"Is this thing “On”?
I can’t hear you !"
196,4026,6,21,133,160,1.20625,0.03874695666685832,656,You're ALL against me!
740,4026,4,25,131,160,1.20625,0.03666188683825316,656,"You want to talk about conflicts of interest?  Let’s talk about your Green New Deal, shall we?"
2299,4026,4,25,131,160,1.20625,0.03666188683825316,656,Feels pretty cool to me.
2450,4026,6,21,133,160,1.20625,0.03874695666685832,656,"Stop World, I wanna get off!"
3348,4026,5,23,132,160,1.20625,0.0377188321497649,656,Not fair! I too would like a warm-up.
3480,4026,5,23,132,160,1.20625,0.0377188321497649,656,"Oh, sorry! I’m mean climate change not global warming."
1004,4032,3,21,107,131,1.2061068702290076,0.04013710684745936,656,Another year's wear on your ozone layer and you're toast!
4017,4033,3,28,134,165,1.206060606060606,0.034918307890562376,656,I think your take on a global economy is slightly exaggerated
3578,4033,6,22,137,165,1.206060606060606,0.0379607391387771,656,"It was six days, God rested on the seventh."
2208,4033,7,20,138,165,1.206060606060606,0.03892207016552016,656,"Now, this may be an unpopular opinion..."
490,4036,2,24,110,136,1.2058823529411764,0.03780129082593793,656,And now...proof that the world is flat.
3802,4036,3,22,111,136,1.2058823529411764,0.03921568627450981,656,"Once again, I challenge my opponent to disavow that he aspires to higher office."
238,4038,5,19,117,141,1.2056737588652482,0.04090878787839137,656,While my opponent supports unrealistic policies like the Green New Deal.
1934,4038,5,19,117,141,1.2056737588652482,0.04090878787839137,656,But what have you done for us lately?!
3592,4038,4,21,116,141,1.2056737588652482,0.03965112612632209,656,"And now, before she becomes extinct, we'll hear from our all plastic Mother Earth"
3548,4041,3,24,119,146,1.2054794520547945,0.03754110733114273,656,It is my pleasure to introduce the Earth to speak on the issue of man made climate change.
2609,4041,4,22,120,146,1.2054794520547945,0.038778964026104916,656,Now you're flat!
2085,4041,6,18,122,146,1.2054794520547945,0.04114309995025971,656,"... we're going to Canada and the USA, Mexico and Honduras... and Haiti and Aruba! We're going to Panama and Colombia and Brazil! And we're going to Argentina and Chile and Peru and Bolivia! and We're going to New York to take back the UN! YEAAAAH!"
1318,4041,6,18,122,146,1.2054794520547945,0.04114309995025971,656,My opponent thinks climate change isn't a hoax...but I know better!
1201,4041,5,20,121,146,1.2054794520547945,0.03997851125576714,656,Looks like my opponent has shrugged his duties.
241,4041,4,22,120,146,1.2054794520547945,0.038778964026104916,656,No need to say it; I can already feel you warming.
747,4047,5,21,125,151,1.205298013245033,0.03910463779532971,656,"Let's here from everyone, but please keep it under 24 hours."
2486,4047,6,19,126,151,1.205298013245033,0.040217818412421134,656,I challenge you to a debate on climate change.
3846,4047,2,27,122,151,1.205298013245033,0.0355566032524519,656,Is it my turn to speak yet?
4353,4047,4,23,124,151,1.205298013245033,0.03795882606658663,656,My opponent would have you believe that what you see is what you get. I think not.
4386,4047,5,21,125,151,1.205298013245033,0.03910463779532971,656,"Atlas, the world takes a stand!"
4206,4052,6,20,130,156,1.205128205128205,0.03934739418450387,656,I have no earthly idea where he is.
5076,4052,2,28,126,156,1.205128205128205,0.034890765043999246,656,I'm going to build a wall along your Mexican border!
3942,4052,2,28,126,156,1.205128205128205,0.034890765043999246,656,"If this is just about the tweeting,I can stop."
3048,4055,3,27,131,161,1.204968944099379,0.03537511102451714,656,Whoa! This five minutes per person rule isn’t working.
4553,4056,5,24,137,166,1.2048192771084338,0.036771967640765964,656,"It’s not global warming, you just have a fever."
745,4057,3,20,104,127,1.204724409448819,0.04083031282442006,656,"These days, it seems like the whole world has to have their say."
4578,4057,6,14,107,127,1.204724409448819,0.045189241819249895,656,My base believes me not you!
2028,4059,1,25,106,132,1.2045454545454546,0.036846921497327996,656,let me finish!
4337,4059,1,25,106,132,1.2045454545454546,0.036846921497327996,656,"And now, let me welcome to our stage all of America"
1083,4061,3,22,112,137,1.2043795620437956,0.03895738405999657,656,Admit it -- you have nationalist tendencies!
4234,4061,3,22,112,137,1.2043795620437956,0.03895738405999657,656,"Well, I was banking on winning by default, so I didn't prepare any remarks. I am thoroughly stunned that my opponent made it through the door."
5054,4063,6,17,119,142,1.204225352112676,0.04185625519236066,656,And let's see what's behind curtain number 2!
4397,4063,6,17,119,142,1.204225352112676,0.04185625519236066,656,Is there something wrong with the Mic? You sound like you're under water.
2239,4063,6,17,119,142,1.204225352112676,0.04185625519236066,656,"Wait, I’m getting off  now."
434,4063,3,23,116,142,1.204225352112676,0.03810873569310427,656,"'Colleagues, I want to talk to you today about the New World Order.'"
2787,4063,5,19,118,142,1.204225352112676,0.04064549148258601,656,"Please, let me speak. You’ve held sway for far too long."
2852,4068,3,24,120,147,1.2040816326530612,0.03731104416148252,656,All together now:
4566,4068,5,20,122,147,1.2040816326530612,0.039730214404797834,656,‘During the debate he coukdnt’t get a world in edgewise’
2062,4070,3,25,124,152,1.2039473684210527,0.036559533553919624,656,"I've upped my carbon usage, World.  Up yours!"
46,4071,5,22,130,157,1.2038216560509554,0.038059725002335024,656,"If you don't disgorge the hydrocarbons at cost, my species will peel you like a grape."
2736,4071,6,20,131,157,1.2038216560509554,0.03911779626437911,656,And now a word from the shrinking earth society.
3526,4071,4,24,129,157,1.2038216560509554,0.036971385555930394,656,Really?
298,4074,4,25,133,162,1.2037037037037037,0.03625232662060062,656,Moderator . . . moderator:  He is allowed to inflate himself like that?  Was that in the rules?  I didn't see that in the rules!
539,4075,4,17,102,123,1.2032520325203253,0.04313354160628968,656,"As you can see, my opponent doesn't stand a chance!"
3743,4075,3,19,101,123,1.2032520325203253,0.04155986513665221,656,"Most voters may think the world of you, but in this country...."
3552,4077,4,18,106,128,1.203125,0.04203159988365334,656,A victim of global warming
175,4078,6,15,112,133,1.2030075187969924,0.043694967987333036,656,As a small boy growing up in Liechenstein..........
374,4078,7,13,113,133,1.2030075187969924,0.044979677566283245,656,I sense you are drifting away from this debate.
2350,4078,4,19,110,133,1.2030075187969924,0.04100497401911831,656,That's a preposterous opening statement but what should we expect from a flat-earther?
3347,4081,3,22,113,138,1.2028985507246377,0.038702400924038254,656,Everybody knows you're flat. Fake News!
3337,4081,3,22,113,138,1.2028985507246377,0.038702400924038254,656,This is the End of the World as we know it!
4015,4081,5,18,115,138,1.2028985507246377,0.04134548201289941,656,Get me the whoever is responsible for this. It's a small world.   I said it is a SMALL world.
2203,4081,5,18,115,138,1.2028985507246377,0.04134548201289941,656,"Global warming, as you can see, is not caused by humans. It is that pregnant duck at the top of screen that is sucking up all of our air."
1500,4081,2,24,112,138,1.2028985507246377,0.037310713132932764,656,"So do you want to vote for me or Global Domination?"""
1206,4081,3,22,113,138,1.2028985507246377,0.038702400924038254,656,"Tomorrow, The World !"
731,4081,4,20,114,138,1.2028985507246377,0.04004575333393034,656,"He's old, but he still as wits about him."
495,4081,3,22,113,138,1.2028985507246377,0.038702400924038254,656,You seem to be hiding the rest of the world behind your back!
1606,4089,2,25,116,143,1.2027972027972027,0.03654464039496917,656,Your mamma's so flat....
4349,4089,5,19,119,143,1.2027972027972027,0.04038551609570216,656,'It's a compelling argument but I still you're flat!'
4950,4089,3,23,117,143,1.2027972027972027,0.03786824260296677,656,The earth is flat.  Don't believe my opponents crazy idea otherwise.
1312,4092,7,16,125,148,1.2027027027027026,0.041748266623702936,656,"I would like to ask  my  opponent  in this  debate  'Why  she  did not  speak  up  before !"""
1523,4092,6,18,124,148,1.2027027027027026,0.040632365212064064,656,"First, a shout-out to the Greelcruffs of Kalaxon 5 for hosting this event..."
2439,4092,6,18,124,148,1.2027027027027026,0.040632365212064064,656,Climate change is fake news!
1979,4095,2,27,124,153,1.2026143790849673,0.03514121730160341,656,"Simply put the world is a teenager, she's moody and climate change is temporary"
1167,4095,5,21,127,153,1.2026143790849673,0.03863810411310346,656,And this balloon represents his inflated view of America....
2887,4097,3,26,129,158,1.2025316455696202,0.03564575011131952,656,"Mr. Atlas, will you please step out?"
3629,4097,4,24,130,158,1.2025316455696202,0.036759286664489056,656,"I served with Jack Kennedy. I knew Jack Kennedy. Jack Kennedy was a friend of mine,... you’re no Jack Kennedy."
3297,4099,5,13,96,114,1.2017543859649122,0.04692008381368906,656,Due to space limitations I will gain be representing Jupiter.
4486,4099,6,11,97,114,1.2017543859649122,0.04854636608654232,656,I would like to point out that this candidate has ignored New zealand!
3440,4101,3,19,102,124,1.2016129032258065,0.04125591726495557,656,"If elected, I promise to save the planet by shrinking it."
815,4102,3,20,106,129,1.2015503875968991,0.04025693425938176,656,"Hold on, hold on! What about my needs?"
1580,4102,4,18,107,129,1.2015503875968991,0.04173421602201168,656,"But all she offers is a noun , a verb and ""Climate Change"""
4995,4104,3,21,110,134,1.2014925373134329,0.03932412201634623,656,"And where is ""the planet"" Pluto, today?"
3988,4104,3,21,110,134,1.2014925373134329,0.03932412201634623,656,Despite repeated denials it's obvious my opponent is flat.
3769,4104,6,15,113,134,1.2014925373134329,0.043394113935632216,656,"Despite appearances, I am quite certain the earth is flat!"
1088,4104,3,21,110,134,1.2014925373134329,0.03932412201634623,656,See for yourself; there’s no evidence of global warming whatsoever.
2197,4108,6,16,117,139,1.2014388489208634,0.04232313362673217,656,This proves there is no such thing as global warming.
2442,4108,2,24,113,139,1.2014388489208634,0.03707006854276073,656,"When in debate, I simply prefer to roll over."
3431,4108,3,22,114,139,1.2014388489208634,0.03845067484869792,656,This world's too big for the both of us.
3996,4108,9,10,120,139,1.2014388489208634,0.045869825415540494,656,JUST BECAUSE YOU ARE BIGGER..!!!!!!!
4061,4108,4,20,115,139,1.2014388489208634,0.03978339868432061,656,"Our guest speaker tonight, on the topic of Climate Change, is Gaia."
4795,4113,7,15,122,144,1.2013888888888888,0.042480240288721084,656,"In a sinister move, Presidential Hopeful raises Carbon levels in order to melt his opponent during a nationally televised debate.”"
4529,4113,3,23,118,144,1.2013888888888888,0.03763071121420765,656,"My opponent uses a lot of big words, but what does he have to back them up?"
3793,4113,5,19,120,144,1.2013888888888888,0.040128800389960424,656,"We are the world, we are the children ..."
1362,4113,6,17,121,144,1.2013888888888888,0.041321250197233685,656,"And now speaking about global warming, The World!"
591,4113,6,17,121,144,1.2013888888888888,0.041321250197233685,656,"Hey, hey - no need to get so hot-headed. I was just saying that climate change isn't our top priority right now."
420,4113,3,23,118,144,1.2013888888888888,0.03763071121420765,656,Global warming is no excuse for all that hot air.
2446,4113,5,19,120,144,1.2013888888888888,0.040128800389960424,656,I can now say with absolute certainty: Earth is as flat as a pancake!
4271,4120,4,22,123,149,1.2013422818791946,0.03806953476017015,656,I’m for open borders—but all you say is “Build the Canal.”
673,4120,9,12,128,149,1.2013422818791946,0.04362067267582914,656,At the top you see the land mass that is causing the system collapse.
2027,4120,6,18,125,149,1.2013422818791946,0.04038166564160291,656,You don't scare me
3817,4120,4,22,123,149,1.2013422818791946,0.03806953476017015,656,"I don't care what you say, global warming does't exist!"
1171,4124,5,21,128,154,1.2012987012987013,0.038408927942357264,656,How do you go to the bathroom?
2637,4125,4,24,131,159,1.20125786163522,0.03654956753748931,656,May I submit to you that I do have a very worldly view of things
2692,4126,4,25,135,164,1.201219512195122,0.03585166336909664,656,"No, I did not say that your hot flashes were caused by global warming."
4455,4127,5,24,140,169,1.2011834319526626,0.03617749368552708,656,Uhh...How do you raise the microphone again?
5069,4128,3,18,99,120,1.2,0.04200840252084029,656,What America needs right now is an outsider.
5001,4128,6,18,126,150,1.2,0.04013400372543907,656,I'm letting you know at the onset that I won't be bullied during this debate.
4904,4128,4,19,112,135,1.2,0.040450749421987744,656,"...and in the upper left the former 48 States, as they appeared pre-climate change."
4463,4128,5,18,117,140,1.2,0.04080384481007503,656,Don't forget without me you are nothing.
4109,4128,1,24,105,130,1.2,0.036872356337726016,656,"No, we will not listen to your conplaints!"
4020,4128,6,19,130,155,1.2,0.039264285582820475,656,Xenophobic nightmare comes true.
3772,4128,3,24,123,150,1.2,0.03663716527236559,656,"the old Al Gore in my space act will not do, Sir!"
3559,4128,5,17,113,135,1.2,0.04179499310101612,656,This isn’t fair! I can’t debate CLIMATE SCIENCE with Mother Earth !!
3450,4128,3,22,115,140,1.2,0.03820214529901523,656,"Uh, oh... looks like spaceship earth just squashed our next speaker."
3428,4128,3,26,131,160,1.2,0.03524398338411641,656,And now for the opposing viewpoint...
3326,4128,9,12,129,150,1.2,0.043349678555584276,656,So-you're feeling warmer. Could it be menopause?
3289,4128,5,20,125,150,1.2,0.03900324084509622,656,"Is it true what Beyoncé’ says, do girls run the World?"
3027,4128,5,17,113,135,1.2,0.04179499310101612,656,"In conclusion, it's cold outside."
2743,4128,3,25,127,155,1.2,0.03592106040535498,656,Imma let you finish.
3217,4128,3,22,115,140,1.2,0.03820214529901523,656,"Now, tell them about the hurt you felt when you learned you were oval and not a circle."
2616,4128,4,20,116,140,1.2,0.03952440800778525,656,Why can't we just all get along?
187,4128,4,16,100,120,1.2,0.04364357804719847,656,Global warming is REAL!! I feel it in my core!
396,4128,5,18,117,140,1.2,0.04080384481007503,656,My opponent's arguments are giving a whole new meaning to the flat earth theory!
400,4128,3,24,123,150,1.2,0.03663716527236559,656,Stop generalizing!
574,4128,2,27,126,155,1.2,0.03473521844013346,656,"You may be a world renowned expert, but I think I know my constituents!"
2693,4128,3,20,107,130,1.2,0.03997614076733735,656,"ok, Gaia, speak into the mike"
1006,4128,3,25,127,155,1.2,0.03592106040535498,656,"Now just minute, I think your anti-flat earth bias is showing!"
1106,4128,4,22,124,150,1.2,0.03783870158723217,656,"I'm happy to introduce the globe, who will testify that it has a fever."
788,4128,5,19,121,145,1.2,0.03987528450276242,656,Everything gets so blown out of proportion these days.
1757,4128,5,20,125,150,1.2,0.03900324084509622,656,"As you can see, the world is HUGE, the biggest you will ever see. And , as you can also see, absolutely flat."
1906,4128,2,22,106,130,1.2,0.03845557496999762,656,"""The opposition has been overcome by the weight of the world."""
1918,4128,2,22,106,130,1.2,0.03845557496999762,656,"Some things will go on, with us or without us."
2279,4128,2,25,118,145,1.2,0.03609268613358064,656,Hold on you mean there’s no one left to represent your planet?
2477,4128,6,18,126,150,1.2,0.04013400372543907,656,Be specific.
1436,4128,5,22,133,160,1.2,0.03740816848206271,656,And another thing...
365,4158,5,22,134,161,1.1987577639751552,0.03719584288574697,656,"This... all of the world, is a LIAR!"
1038,4158,6,20,135,161,1.1987577639751552,0.038225259705252077,656,The SCIENTISTS??  And now even YOU say you're too hot.  Why don't you just turn down the air conditioning?
3141,4158,6,20,135,161,1.1987577639751552,0.038225259705252077,656,"When you're hot, you're not!"
3922,4161,5,21,130,156,1.1987179487179487,0.03795852487682835,656,"And by 2019, construction was begun on the Great Wall of Canada."
5139,4161,5,21,130,156,1.1987179487179487,0.03795852487682835,656,"""So you're committed to saving the world, are you? And just why should we believe that you're any different from the rest?"""
4675,4163,4,22,125,151,1.1986754966887416,0.037610608091738745,656,This is where we were coming from before landing on Mar...
1913,4163,4,22,125,151,1.1986754966887416,0.037610608091738745,656,And I say global warming is a hoax!
786,4163,3,24,124,151,1.1986754966887416,0.03641782009236429,656,I agree...the Dolphins should take over the world.
569,4163,1,28,122,151,1.1986754966887416,0.03390659491571969,656,Give us 22 minutes and we'll give you the world.
405,4163,6,18,127,151,1.1986754966887416,0.03988932542086251,656,I'm not flat!
685,4168,6,17,123,146,1.1986301369863013,0.040799593176557146,656,"On second thought, if we build a Second Tiny wall just South of the Banana Republics, Americans could once again enjoy their restful evenings. We would in essence be left with only one Sh_t hole country at our Southern boarder instead of eight."""
1360,4168,4,21,121,146,1.1986301369863013,0.038414322599695114,656,"Hold it right there, tubby."
1571,4168,3,23,120,146,1.1986301369863013,0.03716432253524724,656,I say to all of you in the audience. Will you elect a flat candidate who continues to use this stage in order to circumvent the major issues?
2050,4168,4,21,121,146,1.1986301369863013,0.038414322599695114,656,"Folks, please welcome Gaia here - she is in town just to soak up a little atmosphere..."
3376,4168,5,19,122,146,1.1986301369863013,0.03962490999463604,656,"Sir, you speak roundly!"
2549,4173,7,14,120,141,1.198581560283688,0.04296491129322258,656,But the emails...
3542,4173,3,22,116,141,1.198581560283688,0.037956753181214165,656,"And now, we will listen to my opponent's view from the world-at-large."
1471,4173,5,18,118,141,1.198581560283688,0.04053824561136123,656,Mr. Earth wait your turn
303,4176,7,13,116,136,1.1985294117647058,0.04405860246431504,656,To achieve world peace we must not tolerate the image of North America spitting on South America
626,4176,3,21,112,136,1.1985294117647058,0.03879987891236252,656,"And as final proof that what I'm saying is inarguable, please note that my opponent stands mute!"
988,4176,3,21,112,136,1.1985294117647058,0.03879987891236252,656,"It's not only warming, it's deflating!"
2838,4176,1,25,110,136,1.1985294117647058,0.0358826654509767,656,"Your argument is flat, and your logic is confined in a circle."
4983,4176,2,23,111,136,1.1985294117647058,0.03736974901896393,656,"People of Earth, you are making it really warm in here."
1334,4181,5,16,110,131,1.1984732824427482,0.04255471739751835,656,"You claim to be well rounded, but as everyone can see, you just fall flat."
5047,4181,4,18,109,131,1.1984732824427482,0.0411517212360109,656,"I can see your ice cap, need I say more?"
4302,4183,3,19,104,126,1.1984126984126984,0.040660953962280574,656,"As you can see, Gandalph has turned himself into an giant inflatable globe. I am sure what point he is making, but I think any prick would be able to pop a hole in his argument."
4818,4183,3,19,104,126,1.1984126984126984,0.040660953962280574,656,"please let me speak, for I am your home."
2330,4185,2,30,140,172,1.197674418604651,0.032611038993784126,656,"Ladies and gentlemen, speaking sui generis tonight....!"
375,4186,4,24,134,162,1.1975308641975309,0.035934303230654274,656,"And do not refer to my opponent as ""Homey""!"
1267,4187,6,19,132,157,1.197452229299363,0.03880407455006589,656,"Trump Tower” here, “Trump Tower” there, “Trump Tower” everywhere"
1862,4187,3,25,129,157,1.197452229299363,0.035507439357164994,656,Speaking for myself...
3037,4187,6,19,132,157,1.197452229299363,0.03880407455006589,656,How can we trust my opponent after Krakatoa?
3055,4187,3,25,129,157,1.197452229299363,0.035507439357164994,656,"Whoa, let's not let your problems get too big."
3784,4187,4,23,130,157,1.197452229299363,0.036639289936226345,656,Wait! Don't take my spotlight
1442,4192,6,18,128,152,1.1973684210526316,0.03964757793433007,656,oh shit i live there
4953,4193,5,19,123,147,1.1972789115646258,0.039377619808549695,656,Earth to the rebuttal!
5191,4194,3,22,117,142,1.1971830985915493,0.037714440802195465,656,Look people. I know that check-in was a nightmare. Please be patient.
2792,4194,3,22,117,142,1.1971830985915493,0.037714440802195465,656,I was told this will be the most watched debate ever.
2766,4194,5,18,119,142,1.1971830985915493,0.040276038617972326,656,"If you look closely, the other speaker is now swimming near the Panama Canal."
481,4194,5,18,119,142,1.1971830985915493,0.040276038617972326,656,"For a little help in finally solving the mystery, please join me in welcoming Easter Island to the stage."
1180,4194,4,20,118,142,1.1971830985915493,0.03901626796464972,656,Now let’s see if those heads on Easter Island can talk.
145,4194,2,24,116,142,1.1971830985915493,0.03636604080945931,656,Can we really take the word of someone on NASA's payroll?
1656,4194,3,22,117,142,1.1971830985915493,0.037714440802195465,656,The flat earth society won't debate me
3226,4201,6,15,116,137,1.197080291970803,0.042515645162158215,656,"My response to that is
if Earth doesn't Love it here 
then he can Leave"
2078,4201,3,21,113,137,1.197080291970803,0.03854287823563807,656,"Based on the facts before us, my opponent cannot disprove my assertion that black is land and white is water."
2079,4201,4,19,114,137,1.197080291970803,0.03991109707390912,656,City Arts and Lectures is proud to welcome the Pacific Gyre.
3015,4204,3,20,109,132,1.196969696969697,0.03942595542365462,656,Welcome to our world.
4117,4204,7,12,113,132,1.196969696969697,0.04491155358127495,656,Another rude inter-eruption.
902,4204,6,14,112,132,1.196969696969697,0.043604899083472246,656,OMG! The globe is only two-dimensional.
920,4207,3,19,105,127,1.1968503937007875,0.04036976028104919,656,I am ashamed because I know what my opponent is. He is a racist. He is a con man. And he is a cheat.
3554,4207,1,23,103,127,1.1968503937007875,0.03714496993192504,656,Now don't you get heated with me!
4379,4207,6,13,108,127,1.1968503937007875,0.04477354884312856,656,"Right but if I go, you’re coming with me."
5208,4207,3,19,105,127,1.1968503937007875,0.04036976028104919,656,Time and again my opponent’s inaccurate projections have distorted reality and that should shake us all to our cores.
687,4211,6,12,104,122,1.1967213114754098,0.046031133268198215,656,She doesn’t even go here!
1426,4212,4,26,143,173,1.1965317919075145,0.03445166999391793,656,My opponent has water on the brain.
3606,4213,4,23,131,158,1.1962025316455696,0.03642809946540482,656,Oh! Great Mother tell us if we are exceptional?
1260,4213,4,23,131,158,1.1962025316455696,0.03642809946540482,656,"“I will not debate this any further! Obviously the Earth is flat!” 
-Dr. Flat Earther 

“Mother Earth, your rebuttle?”
-Debate Coordinator

“Now I know you didn’t just call your Momma Flat!”"
2650,4215,4,22,127,153,1.196078431372549,0.03716245114557449,656,I tried to friend you on Facebook.
3299,4215,4,22,127,153,1.196078431372549,0.03716245114557449,656,"Atlas shrugged, then stumbled."
5179,4215,3,24,126,153,1.196078431372549,0.035986781783617534,656,Global Warming Show & Tell
3249,4218,3,23,122,148,1.195945945945946,0.03670915961563207,656,"Guys, I think Earth wants no-deal Universexit..."
4659,4218,3,23,122,148,1.195945945945946,0.03670915961563207,656,I must say my opponent looks unusually discomforting today.
3396,4220,3,22,118,143,1.1958041958041958,0.03747515183027524,656,"I knew Jack Kennedy. Jack Kennedy was a friend of mine. Senator, you're no Jack Kennedy."
765,4220,5,18,120,143,1.1958041958041958,0.04001716028382389,656,What in the World  is This!
1056,4220,4,20,119,143,1.1958041958041958,0.03876699705860279,656,"Wee man, Americans, all of us, refuse to bow down to dictators!"
2973,4223,4,19,115,138,1.1956521739130435,0.03964656033431293,656,"If being wordly, were all  you require, take my opponent."
1649,4223,2,23,113,138,1.1956521739130435,0.036881929189622444,656,We now want to kick-off the planetary session of the conference...
551,4223,2,23,113,138,1.1956521739130435,0.036881929189622444,656,"As you can see, ladies and gentlemen, my opponent is full of nothing but hot air."
1291,4223,3,21,114,138,1.1956521739130435,0.038289205052407654,656,Science has not yet provided sufficient evidence!
325,4227,2,22,109,133,1.1954887218045114,0.03767364538009041,656,"And my opponent, who is pro global warming, is just a hot head."
2349,4227,3,20,110,133,1.1954887218045114,0.03915641355866945,656,"I've seen global warming, and you sir- are no global warming."
2983,4227,4,18,111,133,1.1954887218045114,0.04058504514387409,656,My opponent is making heated arguments using constantly changing half truths.
3730,4227,3,20,110,133,1.1954887218045114,0.03915641355866945,656,What I have here today is a revolution in the world of earth science!
4808,4227,3,20,110,133,1.1954887218045114,0.03915641355866945,656,"Please, there's no need for ad hominem attacks."
166,4232,3,27,139,169,1.1952662721893492,0.033862494503726616,656,"Like I said before, you are as flat as your affect!"
706,4233,2,20,101,123,1.1951219512195121,0.039418904154143626,656,Gaia Rights Debate
4967,4233,3,26,135,164,1.1951219512195121,0.03446655186847409,656,My name is Scott Pilgrim.
522,4233,6,12,105,123,1.1951219512195121,0.04568336776128458,656,"Sure, you’re worldly, but I figured out how to keep subscribers signed-into The New Yorker websites!"
2896,4233,5,22,137,164,1.1951219512195121,0.03657289427809463,656,I think all of you can see that I am perfectly comfortable standing here; that there is not a single degree of excessive heat coming off of my opponent...clearly she's lying!!
2851,4237,5,20,129,154,1.1948051948051948,0.03807381854944091,656,To my left is the... competition.
4261,4237,3,24,127,154,1.1948051948051948,0.03577500221227837,656,How unfair of you to call me anti-globalist!
694,4239,2,25,122,149,1.1946308724832215,0.0352208604441925,656,"At the Global Convention, there was no getting around the fact that the Earth is indeed round."
2833,4239,3,23,123,149,1.1946308724832215,0.036485664746534203,656,"And so, in conclusion, I challenge you, the world, to commit to be a cleaner and more empathetic place."
2528,4241,3,22,119,144,1.1944444444444444,0.03723883125713291,656,My world view?  I see the big picture as if it's standing right in front of me.
4082,4241,4,20,120,144,1.1944444444444444,0.03852084696008535,656,Stop orbiting around and firm up your position already!
3007,4243,5,17,117,139,1.1942446043165467,0.04068757635880725,656,It was Stew against the World.
2885,4243,4,19,116,139,1.1942446043165467,0.03938545994905301,656,"Okay, I admit it - global warming is real and we need to cut greenhouse gas emissions!"
2529,4243,3,21,115,139,1.1942446043165467,0.038038796522013495,656,Planet Podium gets heated.
2153,4243,6,15,118,139,1.1942446043165467,0.041949294207520145,656,"As you can see, there’s a world of difference between our opinions here.”



Sasha Smith, New York Cit"
1759,4243,7,13,119,139,1.1942446043165467,0.04317415545282149,656,I don’t care what you say. Global warming is a myth!!
2218,4248,4,18,112,134,1.1940298507462686,0.040307442576898195,656,My opponent's foreign policy promises are grossly inflated.
2329,4248,5,16,113,134,1.1940298507462686,0.04167626156127722,656,And I submit that the real crisis is that you're full of sh*thole countries!
3278,4248,4,18,112,134,1.1940298507462686,0.040307442576898195,656,Just give it up. We all know you’re flat.
4317,4248,2,22,110,134,1.1940298507462686,0.03741989077779156,656,I’m King of the world!!
1554,4252,3,26,136,165,1.1939393939393939,0.03427743175816525,656,"It's time to meet our first panelist on ""Planetary Wait, Wait, Don't Tell Me!"""
2511,4253,5,15,109,129,1.193798449612403,0.0427346454868216,656,"To answer your question, no, not conjoined twins."
3650,4253,5,15,109,129,1.193798449612403,0.0427346454868216,656,This really is a global movement.
1743,4253,3,19,107,129,1.193798449612403,0.039799520887428,656,"Oh, but before they claimed that the science around climate change spoke for itself."
1672,4256,4,16,104,124,1.1935483870967742,0.04235002596262145,656,My opponent seems needlessly hot under the collar.
956,4257,3,23,124,150,1.1933333333333334,0.03626483085233813,656,Will the distinguished planet yield to a spec?
3038,4257,5,19,126,150,1.1933333333333334,0.038653704531062046,656,"Sure,North America is a major world power. But weren't you made in China ?"
1738,4259,5,18,122,145,1.193103448275862,0.03950914308574072,656,"Except for the commies, not so many s-hole countries in this hemisphere."
1825,4259,1,26,118,145,1.193103448275862,0.03431953707318072,656,My  opponent is blue with envy. Even if some think he is deep he is changing and can not be trusted.
3764,4259,2,24,119,145,1.193103448275862,0.03568775792243683,656,"No, no, I said, “Africa.”"
5100,4259,4,20,121,145,1.193103448275862,0.038277760472061405,656,Shape up or we'll move out.
4843,4263,3,21,116,140,1.1928571428571428,0.037791591330285236,656,I’m afraid you’re not as big as you used to be.
4306,4263,4,19,117,140,1.1928571428571428,0.03912773055256461,656,You expect people to believe that Natural Order is an argument.
1802,4263,4,19,117,140,1.1928571428571428,0.03912773055256461,656,You're on sitting on the axis of evil!
1650,4263,4,19,117,140,1.1928571428571428,0.03912773055256461,656,Don’t believe Mother. She’s full of hot air!
858,4263,5,17,118,140,1.1928571428571428,0.040419725643711456,656,Hold you comments.
377,4268,4,24,138,166,1.1927710843373494,0.035144995287064905,656,"I don't care what you say, you're not changing!"
2184,4269,4,18,113,135,1.1925925925925926,0.04003356289026648,656,And I’m against globe-alization too!
4961,4269,5,16,114,135,1.1925925925925926,0.041391357518236395,656,"Yes, I know the routine; ' HE has, you & me sister, in HIS hands ...Blah, blah,  the WHOLE world in HIS hands....' So, pray tell, how is HE able to 'wash his hands?"
1512,4271,6,19,136,161,1.1925465838509317,0.03791491777560574,656,Weather as we knew it has left the building........
3506,4271,5,21,135,161,1.1925465838509317,0.036876838779620856,656,Our speaker is the world famous bubble gum champ.
3906,4271,4,23,134,161,1.1925465838509317,0.0358086789315852,656,That's the classic 'appeal to the masses' fallacy!
2621,4274,3,19,108,130,1.1923076923076923,0.039520310737412155,656,"Did the dinosaurs vote for that idea, World?"
3876,4275,5,19,127,151,1.1920529801324504,0.03841820736036572,656,"Wait, you were supposed to come in later!"
1232,4275,3,23,125,151,1.1920529801324504,0.0360466117032233,656,The potentially deleterious consequences of climate change will never be a concept that any right-thinking person will ever warm-up to and embrace.
2076,4275,2,25,124,151,1.1920529801324504,0.03480025854117183,656,Ther are two sides on this issue!
349,4278,3,22,121,146,1.1917808219178083,0.0367748816705752,656,I refuse to yield my time to my blue and green colleague.
1652,4278,3,22,121,146,1.1917808219178083,0.0367748816705752,656,Your comments mean the world to me!
2007,4278,3,22,121,146,1.1917808219178083,0.0367748816705752,656,"My opponent is perfectly comfortable with 3rd place. I say, you deserve better."
2977,4278,3,22,121,146,1.1917808219178083,0.0367748816705752,656,"I mean,aren't people only supposed to be 70% water?"
3236,4278,3,22,121,146,1.1917808219178083,0.0367748816705752,656,"But I like my pickup truck, Mr. Earth"
3904,4278,6,16,124,146,1.1917808219178083,0.040445170981879774,656,This proves that his beach ball is bigger than any other president's!
1729,4284,5,13,102,120,1.1916666666666667,0.04474614568527821,656,"...and on this side, we have the perfect example of  'the Haves versus the Have-nots.'"""
4516,4284,3,17,100,120,1.1916666666666667,0.041498259106500054,656,Remember planets are for people!
2827,4286,8,16,143,167,1.1916167664670658,0.03886245164225251,656,...and here we see a crazy chicken and a tornado.
530,4287,4,19,118,141,1.1914893617021276,0.038873308388507555,656,You can feel the heat
3699,4287,6,15,120,141,1.1914893617021276,0.04139768532485178,656,During this debate on climate policy I
350,4287,2,23,116,141,1.1914893617021276,0.03617319255858647,656,"You know, you can be kind of a bully!"
3587,4290,4,23,135,162,1.191358024691358,0.03560679388789338,656,"Obviously,my opponent doesn't even belong in this universe!"
516,4291,2,22,112,136,1.1911764705882353,0.03692232009759421,656,"No, YOU'RE the puppet."
629,4291,5,16,115,136,1.1911764705882353,0.04111027982159845,656,and now- to speak its own case - May I introduce Earth
2968,4291,3,20,113,136,1.1911764705882353,0.03836913060342712,656,"You may say that I'm a dreamer 
But I'm not the only one 
I hope someday you'll join us 
And the world will be as one…"
5006,4294,2,26,129,157,1.1910828025477707,0.03397282776631841,656,"When I said you were his oyster, I didn't mean it literally."
2502,4295,3,19,109,131,1.1908396946564885,0.03924493424609721,656,"If  I am elected, I will represent more than just the Americas!"
3065,4295,4,17,110,131,1.1908396946564885,0.04071369150638141,656,Act like the whole world is about to judge your speech.
5240,4297,5,19,128,152,1.1907894736842106,0.03818552862914048,656,"Ladies and gentlemen, my opponent is a flat-earther in globalist clothing."
4193,4297,5,19,128,152,1.1907894736842106,0.03818552862914048,656,"Atlas, I finally get to debate my opponent"
3790,4297,5,19,128,152,1.1907894736842106,0.03818552862914048,656,Stop following me around the stage.
3082,4297,6,17,129,152,1.1907894736842106,0.039309960219104566,656,"Harvard, harder to get to than the North Pole."
3056,4297,5,19,128,152,1.1907894736842106,0.03818552862914048,656,I speak for the world.
3197,4297,3,23,126,152,1.1907894736842106,0.03583096210270602,656,"Mr. Earth, I'm not sure you're seeing things correctly, but clearly you are flatter than the postcard I sent to my friend across your Atlantic Ocean."
194,4303,5,23,145,173,1.1907514450867052,0.03512178144586343,656,Trump: There's no global warming as you can see.
528,4303,5,23,145,173,1.1907514450867052,0.03512178144586343,656,I've set up this debate to discuss the merits of scaleability
4218,4305,6,16,125,147,1.1904761904761905,0.040190272148074004,656,"Unfortunately, Mr. Trump is unable to join us for this evening's Meteorological Society "" Climate Futures"" debate ...so let's move straight on to the weather forecast now and have a look at the chart for the next couple of days..."
6,4305,3,22,122,147,1.1904761904761905,0.036547148931067024,656,"You and me against the world,
Sometimes it seems like you and me against the world."
4599,4305,3,22,122,147,1.1904761904761905,0.036547148931067024,656,Do you think you can unilaterally decide on the future of the Earth?
960,4308,2,27,134,163,1.1901840490797546,0.03319917017555807,656,Make North America great again!
115,4309,5,20,133,158,1.1898734177215189,0.03718713583173612,656,My opponent can't even control his own warming.
172,4310,2,22,113,137,1.1897810218978102,0.03667837817927331,656,"Now time to welcome Christopher Columbus to the stage, and let him tell us what he thought would happen next."
900,4310,6,14,117,137,1.1897810218978102,0.042126859053161,656,Protect it? Please! Don't be swayed by my opponents leftist liberal agenda.
1377,4310,3,20,114,137,1.1897810218978102,0.038113588558643594,656,"My opponent claims his climate is changing, yet he says nothing to defend himself here ... on the world stage."
2641,4310,5,16,116,137,1.1897810218978102,0.04083295295137394,656,My opponent in this climate change debate can't even speak up for itself. Why on earth should we believe it?
3094,4310,5,16,116,137,1.1897810218978102,0.04083295295137394,656,"If I hear you conflate climate and weather one more time, I’m going to roll over you."
3133,4310,3,20,114,137,1.1897810218978102,0.038113588558643594,656,"Today's hypothetical is God doing a make over."""
4391,4310,3,20,114,137,1.1897810218978102,0.038113588558643594,656,Nonsense! My argument represents the greater good.
2830,4317,4,21,128,153,1.1895424836601307,0.03680529426371062,656,I really hate these debate competitions where I’m supposed to defend the use of fossil fuels.
1364,4317,4,21,128,153,1.1895424836601307,0.03680529426371062,656,See there the earth is round.
3343,4319,1,23,108,132,1.1893939393939394,0.03588312136617136,656,I've got the world on a podium.
286,4320,4,20,124,148,1.1891891891891893,0.03756633080907703,656,I'm entitled to my opinion!
1224,4320,3,22,123,148,1.1891891891891893,0.036322177069935874,656,Cool your rhetoric! Your stormy outbursts will convince no one.
1629,4320,3,22,123,148,1.1891891891891893,0.036322177069935874,656,"Furthermore, warmer temperatures decrease my steak grilling time and shorten the time it takes for my bathtub to fill up with hot water."
2236,4320,3,22,123,148,1.1891891891891893,0.036322177069935874,656,The dream of a post-border continent...of course we'll call it America.
3583,4320,3,22,123,148,1.1891891891891893,0.036322177069935874,656,"Watch out world, I'm coming for you!"
3816,4320,6,16,126,148,1.1891891891891893,0.03993853448953128,656,"As you can clearly see in this debate, denial of global warming just got the better of my esteemed colleague."
3828,4326,3,25,136,164,1.1890243902439024,0.03413070653789578,656,I am *paying* for this microphone!
2408,4326,4,23,137,164,1.1890243902439024,0.03520968372285099,656,"We made Americas great again, tomorrow the world."
381,4326,4,23,137,164,1.1890243902439024,0.03520968372285099,656,Stop parroting liberal talking points!
833,4326,2,27,135,164,1.1890243902439024,0.03301648724029747,656,"Hey, there's no need to be snippy."
3039,4330,5,14,108,127,1.188976377952756,0.04291043311261409,656,now will you please stop interrupting!
4649,4331,4,19,120,143,1.1888111888111887,0.03837413849424774,656,"And Mexico, no South America will pay for the wall !"
3227,4332,3,24,132,159,1.1886792452830188,0.03475185422054712,656,And now for our TWED talk!
4112,4332,4,22,133,159,1.1886792452830188,0.035879003158758,656,"And finally, we are pleased that Gaia has accepted the position of head of the EPA."
1680,4334,3,17,102,122,1.1885245901639345,0.04087507645872571,656,"Excuse me, I’m speaking now. You’ll get your turn."
4173,4335,3,20,115,138,1.1884057971014492,0.03786137927756817,656,The World can speak for herself!
3001,4336,2,25,127,154,1.1883116883116882,0.03418752804837275,656,Mother does NOT always know best!
4580,4336,3,23,128,154,1.1883116883116882,0.035407195764164776,656,Keep your cool! You're not THAT big Ms. Earth.
801,4338,3,19,111,133,1.1879699248120301,0.03870537646987594,656,"as you already know …
my opponent refutes my explanation
as to who is responsible for global warming"
3501,4338,2,21,110,133,1.1879699248120301,0.03720463682287573,656,"Now it's your turn, Mother Nature."
3978,4338,2,21,110,133,1.1879699248120301,0.03720463682287573,656,"Now, those running on the Democratic side are…"
5204,4341,3,22,124,149,1.1879194630872483,0.03609991716469566,656,And now welcome our special gue... STOP!
3062,4341,2,24,123,149,1.1879194630872483,0.03482110420033638,656,"Don't worry, you've only got the weight of the world on your shoulders."
4283,4341,2,24,123,149,1.1879194630872483,0.03482110420033638,656,"Before we blame this all on climate change, let's just see where you are in your cycle."
2711,4341,2,24,123,149,1.1879194630872483,0.03482110420033638,656,So you want me to explain why I'm thinking of turning off the magnetic field..
1435,4341,3,22,124,149,1.1879194630872483,0.03609991716469566,656,"My opponent wants you to think she looks out all of us. But did you know that billions on Earth are terribly poor — and what's more, they're mostly people of color? So, I ask you this: Who's really looking out for you? Earth? Or me, Pete Buttigieg?"
2889,4341,2,24,123,149,1.1879194630872483,0.03482110420033638,656,"I just rolled in from orbit and boy, is my ozone layer depleted!"
3307,4347,5,21,139,165,1.187878787878788,0.03605436355564635,656,"Now, let's hear from planet Earth herself and her opinions on whether Pluto should be a planet or not. Ms. Earth, can you tell us what you think?"
5033,4348,4,19,121,144,1.1875,0.03812927087673324,656,I object! My opponent is lurking again.
4145,4348,4,19,121,144,1.1875,0.03812927087673324,656,That explains the gaping hole in the wall...
3860,4348,5,14,109,128,1.1875,0.04259946674465696,656,My opponent calls it Climate Change. I call it a flip-flop.
2490,4348,4,19,121,144,1.1875,0.03812927087673324,656,"First my opponent went on about the global economy. Then he ranted about global warming. I say ""America First!"""
2229,4348,4,22,134,160,1.1875,0.035673550443681125,656,And we're building a moat around our hemisphere to keep the hot air n.
2151,4348,4,16,108,128,1.1875,0.041130075016539196,656,"Go West People, Go West!"
1848,4348,5,20,135,160,1.1875,0.03675892481369823,656,You appear to be as healthy as can be but our industry is polluted from all the regulations!
936,4348,3,21,120,144,1.1875,0.03683362866276143,656,Sure! Lord it OVER us!
820,4348,3,21,120,144,1.1875,0.03683362866276143,656,"And here at long last, before you,  is proof of the Southeast Passage!!"
716,4348,3,21,120,144,1.1875,0.03683362866276143,656,God thought it would be better for it to come straight from the horse's mouth.
137,4348,1,28,131,160,1.1875,0.032198651286258685,656,Welcome. Be my guest.
5125,4348,5,14,109,128,1.1875,0.04259946674465696,656,"Um, actually, Global Warming is fake news; you have no evidence to prove it otherwise."
1888,4348,4,19,121,144,1.1875,0.03812927087673324,656,I’m Donald Trump!!!
3189,4361,3,20,116,139,1.1870503597122302,0.03761243918790917,656,I have it in good authority that my opponent feels indebted to China.
2363,4361,6,14,119,139,1.1870503597122302,0.041563070451184216,656,"And if we look to my left, I can show you the world. Shinning, shimmering, splendid”"
4646,4361,1,24,114,139,1.1870503597122302,0.03472991149648299,656,"Who speaks for Earth?
(And thank you, Carl Sagan, for asking us this question a while ago.)"
2311,4361,3,20,116,139,1.1870503597122302,0.03761243918790917,656,"Man needs to take into account, Mother nature has an opinion too."
4717,4361,6,14,119,139,1.1870503597122302,0.041563070451184216,656,"You win, there is global warming plus global shrinkage."
1937,4361,4,18,117,139,1.1870503597122302,0.03897383732992529,656,Your natural resources?
886,4361,2,22,115,139,1.1870503597122302,0.03619987799853548,656,"And I resent, Sir, the implication that I have just flooded you with a bunch of hot air!"""
2265,4361,5,16,118,139,1.1870503597122302,0.04028925924827596,656,"It is my pleasure to introduce the talk
“The minor challenge society is facing today”"
1784,4361,2,22,115,139,1.1870503597122302,0.03619987799853548,656,It's just not economically feasible!
1300,4370,0,23,100,123,1.1869918699186992,0.035300340232304474,656,There you go again...trying to get the last word.
5059,4370,2,19,102,123,1.1869918699186992,0.03889311074169898,656,Look at you. You ought to sweat off a few pounds.
189,4372,4,23,139,166,1.1867469879518073,0.034821216236140776,656,You’ve no rights because you’re not registered.
492,4373,3,22,125,150,1.1866666666666668,0.03588032141130668,656,"I dont care what you look like, I still say your flat!"
2017,4373,4,20,126,150,1.1866666666666668,0.03710637308053225,656,"And you, my friend, or a radical environmentalist!"
4181,4373,1,26,123,150,1.1866666666666668,0.033293040524300606,656,"Your issues are too big, I can't hear any more."
4951,4373,6,16,128,150,1.1866666666666668,0.03944431315687471,656,Will you just listen to me mother?  Can't you see the world's changing?
5203,4377,3,19,112,134,1.1865671641791045,0.03844104722195697,656,You haven't changed at all.
1257,4377,3,19,112,134,1.1865671641791045,0.03844104722195697,656,"I tell you, I am as diwn to earth as my opponent."
627,4377,3,19,112,134,1.1865671641791045,0.03844104722195697,656,"And now, back by popular demand, put your hands together for GOD!"
924,4380,5,17,123,145,1.186206896551724,0.039131136851837243,656,The next speaker will be satellited in once we have a lnk
1311,4380,5,17,123,145,1.186206896551724,0.039131136851837243,656,My opponent's campaign is a one-issue wonder.
1804,4380,3,21,121,145,1.186206896551724,0.03660157086917392,656,I will destroy you mother!
4180,4380,2,23,120,145,1.186206896551724,0.03526881837371553,656,I’ll agree with one thing my opponent just said: Voters have a critical choice to make next Tuesday.
4613,4380,3,21,121,145,1.186206896551724,0.03660157086917392,656,"I know you're upset about the receding hair line, we're working on new treatments."
473,4385,4,16,109,129,1.186046511627907,0.04083586725911914,656,Stop trying to pull me off my tangent
3701,4385,2,20,107,129,1.186046511627907,0.03775341034646929,656,"I don't care how loud you yell sir, I'm always going to be round."
2755,4387,5,19,132,156,1.185897435897436,0.03728202397651635,656,You had the whole world . Apparently you still have it on your shoulders.
356,4387,6,17,133,156,1.185897435897436,0.03837528237973413,656,"Yes, it's the first World End, and is only available until Doomsday!"
336,4387,6,17,133,156,1.185897435897436,0.03837528237973413,656,"Look! You can see..... "" We are the WORLD!!"""
850,4387,3,23,130,156,1.185897435897436,0.03499318990757995,656,"I knew you'd say, ""Proof is staring you in the face"", that does not change my argument, climate change is a hoax!"""
37,4391,4,18,118,140,1.1857142857142857,0.03871751104384216,656,"My opponent in today's debate is an old friend I haven't seen for 30 years...all I can say is ,it's a small world....."
1516,4391,4,18,118,140,1.1857142857142857,0.03871751104384216,656,AI Maps 4.0 will roll out this Spring
1726,4391,4,18,118,140,1.1857142857142857,0.03871751104384216,656,"And in 2020, I'll be making America even greater.  ALL of it."
2651,4391,5,16,119,140,1.1857142857142857,0.0400227508343548,656,Enough hperglobe!
1134,4395,4,23,140,167,1.18562874251497,0.034630137310511254,656,"Look I hate to break it to you but if you’re round then that would make me wrong, which is simply impossible."
1792,4396,4,20,127,151,1.185430463576159,0.036880540415818286,656,I am not a resource. I am the World.
3779,4396,4,20,127,151,1.185430463576159,0.036880540415818286,656,'My opponent is an enemy of the People '
4369,4398,3,19,113,135,1.1851851851851851,0.0381802555851705,656,"However, my opponent..."
3957,4398,2,21,112,135,1.1851851851851851,0.03670386351646649,656,on the other side of the coi
4411,4398,3,19,113,135,1.1851851851851851,0.0381802555851705,656,"Stop. I'll go first. Then, it's your turn.

garygcampbell@comcast.net"
1061,4401,6,15,125,146,1.1849315068493151,0.04007954379306014,656,I am the Donald and you are not even a grain of sand  in the Universe.
170,4402,4,14,101,119,1.184873949579832,0.04297441721268875,656,We will now hear from the world champion speaker.
1162,4403,4,21,132,157,1.1847133757961783,0.03594420164812587,656,What the hell is going on with Global Waming?
1874,4403,4,21,132,157,1.1847133757961783,0.03594420164812587,656,I feel hot
4792,4403,4,21,132,157,1.1847133757961783,0.03594420164812587,656,This is not the way New Zealand wanted to get on the map.
3644,4406,3,18,109,130,1.1846153846153846,0.03904741607075517,656,And my oponit claims to have the weight of the world on his shoulders! But”
844,4406,5,14,111,130,1.1846153846153846,0.04199073553245282,656,My opponent only cares about himself when it comes to his policies.
5254,4408,4,18,119,141,1.1843971631205674,0.03846449550338009,656,"And, now, a word from the world. World take it away."
4920,4408,2,22,117,141,1.1843971631205674,0.03573350205538369,656,.....and that's why you are on a stage now.
834,4410,4,20,128,152,1.1842105263157894,0.03665740687128959,656,"If you're so round, why are you standing still?"
2140,4410,7,14,131,152,1.1842105263157894,0.0400647052372696,656,You are a cheap recreation of my Mother!
2521,4410,3,22,127,152,1.1842105263157894,0.03544893655367666,656,And that little spot in the muddle is Brexit.
3342,4410,4,20,128,152,1.1842105263157894,0.03665740687128959,656,A whole new world -a new fantastic point of view...
4,4414,3,24,136,163,1.1840490797546013,0.033973921729726284,656,"They're coming by the millions, folks!"
1351,4415,1,23,112,136,1.1838235294117647,0.03493256167503407,656,As promised; the worldly viewpoint!
4864,4415,5,15,116,136,1.1838235294117647,0.04069414838370024,656,But what about Newfoundland?
1345,4417,3,21,123,147,1.183673469387755,0.036145998903366075,656,"Before you continue, what we’re the dinosaurs really like?"
1898,4417,1,25,121,147,1.183673469387755,0.03346875134347016,656,"I'd like to introduce our keynote speaker, who has a World of comments to share."
42,4419,5,19,134,158,1.1835443037974684,0.03684594642609804,656,"Tonight, Earth is on fire!"
1709,4420,5,14,112,131,1.183206106870229,0.04169278734323597,656,Holy fucking shit it's the entire Earth and I'm supposed to debate it wtf lol.
209,4421,3,20,119,142,1.1830985915492958,0.036884621567083394,656,"I'm sorry, where exactly is your mouth? Or your eyes? It's a small thing, but I like to look people in the eyes when I speak to them."
1391,4421,4,18,120,142,1.1830985915492958,0.03821472790710408,656,"Bye, bye, Miss American Pie"
2837,4421,4,18,120,142,1.1830985915492958,0.03821472790710408,656,At least Pluto is not Flat
3211,4421,3,20,119,142,1.1830985915492958,0.036884621567083394,656,And regardless of the terraqueous knowledge of my opponent...
3365,4421,2,22,118,142,1.1830985915492958,0.03550472063373978,656,You don't seem to be going around the sun right now.
3374,4421,6,14,122,142,1.1830985915492958,0.04074488520965659,656,It's ideas like those that let the terra-rists win.
4101,4421,1,24,117,142,1.1830985915492958,0.03406897513006314,656,"When I said. “What the hell is going on with Global Waming? Please come back fast, we need you!” I was just being rhetorical."
4948,4421,2,22,118,142,1.1830985915492958,0.03550472063373978,656,They're weren't kidding when they said his speech was out of this world
4289,4429,3,22,128,153,1.1830065359477124,0.035237057163125494,656,I want to point out that my opponent's fake sunny smile is proof that there is no such thing as climate change.
4929,4430,4,22,138,164,1.1829268292682926,0.03487445425454379,656,Whoa! The small globe!
669,4430,3,24,137,164,1.1829268292682926,0.03378477261230318,656,"World, shmorld, after taxes we got what?"
1149,4430,7,16,141,164,1.1829268292682926,0.03795625978430931,656,My worthy opponent is clearly full of hot air!
3966,4433,4,15,107,126,1.1825396825396826,0.04125152218573835,656,A flat earth is not really up for debate.
1376,4434,2,21,114,137,1.1824817518248176,0.03621618527997308,656,This is the Southland. You can’t express those views.
2922,4434,4,17,116,137,1.1824817518248176,0.03906784470821097,656,Clearly we are in agreement.  You seem to be warming up to my belief that fossil fuel consumption is harmless.
3034,4434,5,15,117,137,1.1824817518248176,0.040418296563569614,656,WAAA  WAAA WAAA!   All my opponent does is complain!
3102,4434,3,19,115,137,1.1824817518248176,0.03766900958598611,656,Hello. I'm Donald Trump.
1406,4438,4,19,125,148,1.1824324324324325,0.037179916867222204,656,"'""You're no ball of fire either."""
2981,4438,1,25,122,148,1.1824324324324325,0.03326500004782579,656,"Let’s give a rousing welcome to our keynote speaker, The Global Economy!"
3434,4438,4,19,125,148,1.1824324324324325,0.037179916867222204,656,"While you do have a very compelling case supporting Flat Earth, I must remind you that your word is ""loquacious""."
161,4441,4,21,134,159,1.1823899371069182,0.03552840843694508,656,I'm sure we can all agree ...
3398,4441,3,23,133,159,1.1823899371069182,0.03438977042904448,656,"Now, direct your eyes to the big blue ball to my left."
3518,4443,2,22,119,143,1.1818181818181819,0.03527880488763162,656,"They're All against me, every last one of them!"
3614,4443,6,14,123,143,1.1818181818181819,0.04047920823407643,656,Indiana Jones and The Temple Doomed By Global Warming
4267,4443,2,26,137,165,1.1818181818181819,0.032479144792760865,656,You're damn right I'll go up against you!
5083,4443,5,18,131,154,1.1818181818181819,0.03737247558646991,656,My opponent is racist.
4526,4443,4,18,121,143,1.1818181818181819,0.03796814700217342,656,And how does your agenda help us?
4742,4443,5,12,104,121,1.1818181818181819,0.043913262867240725,656,"Mother knows best.”
Lynne Ruffini, West Hurley, N"
4342,4443,5,18,131,154,1.1818181818181819,0.03737247558646991,656,Introducing.......World B. Free!!!!!!
2772,4443,4,18,121,143,1.1818181818181819,0.03796814700217342,656,"You're not real, so therefore I win!"
3420,4443,5,14,113,132,1.1818181818181819,0.04139899935510188,656,"Here we have a contemporary, three dimensional interpretation of a Michelangelo, two dimensional rendering found on the ceiling of the Sistine Chapel"
2262,4443,2,20,110,132,1.1818181818181819,0.03697155507402858,656,This appears to make my colleague's argument moot
159,4443,5,18,131,154,1.1818181818181819,0.03737247558646991,656,It's high time the voice of Earth is heard now.
207,4443,6,14,123,143,1.1818181818181819,0.04047920823407643,656,"You may be the entire planet earth, but you're not God. So shut up."
658,4443,2,22,119,143,1.1818181818181819,0.03527880488763162,656,My Opponent maintains he's the salt of the earth!
2441,4443,2,18,101,121,1.1818181818181819,0.03892494720807615,656,Help me welcome our guest speaker - the creator of the Flat Earth Society!
944,4443,1,22,109,132,1.1818181818181819,0.03537280683785209,656,Thank you Earth for your introduction. As you can see the Western Hemisphere matters and we are going to be great again!
1488,4443,3,18,111,132,1.1818181818181819,0.038503977789260437,656,"My opponent isn't who they say they are. In fact, I have it on good authority they're nothing more than a Van der Grinten projection."
2187,4443,1,24,118,143,1.1818181818181819,0.033854113753871116,656,This would be a lot easier if I was flat.
674,4443,1,26,127,154,1.1818181818181819,0.032514184291887634,656,Your five minutes are up!  Moderator--!
3332,4461,4,23,144,171,1.1812865497076024,0.03388608618971974,656,Please wait until I call on you.
3719,4461,5,21,145,171,1.1812865497076024,0.034886477134579215,656,Let me get my lever.
1219,4463,5,19,136,160,1.18125,0.036419847161892345,656,"i am for peace, where my opponent is obviously for world"
1027,4464,3,21,125,149,1.1812080536912752,0.03570147920174733,656,You come here and accuse me of taking money from Big Oil when you’re no stranger to Big Earth
1070,4464,6,15,128,149,1.1812080536912752,0.03932784995260243,656,"I don't care what you say, I'm right!"
155,4466,4,17,117,138,1.181159420289855,0.03880624707241912,656,Your lectern was only meant for Al Gore.
1222,4466,3,19,116,138,1.181159420289855,0.03741842178725129,656,“Lord save us ... America First!”
1659,4466,3,19,116,138,1.181159420289855,0.03741842178725129,656,"Hold on a minute, now.  That's just YOUR opinion!"
1879,4466,3,19,116,138,1.181159420289855,0.03741842178725129,656,"Excuse me, Globe Guy, but it’s not like you have a say in this any more!"
3028,4466,3,19,116,138,1.181159420289855,0.03741842178725129,656,Man has debate with the earth
4014,4466,2,21,115,138,1.181159420289855,0.03597710058150387,656,The last thing the world needs is more north-centric rhetoric.
4511,4472,6,11,110,127,1.1811023622047243,0.04389674804321629,656,"Get real- with the Wall nearly done and 2% of the world's population behind me, why do I need to listen to a bunch of losers like you?"
1223,4472,5,13,109,127,1.1811023622047243,0.0424492651504915,656,You don't intimidate me...there is no such thing as climate change.
1239,4474,4,22,140,166,1.180722891566265,0.03448802155817515,656,Today the world is recursive.
4403,4474,5,20,141,166,1.180722891566265,0.035530873633010183,656,"All our problems are  here, join my campaign to find a new planet."
1674,4476,3,22,130,155,1.1806451612903226,0.03482070629799701,656,"According to science, she's not qualified to lead the universe. She can't manage her own house!"
3406,4476,2,24,129,155,1.1806451612903226,0.03359604748374419,656,I don't see Nations! I see Dictators!
3674,4478,1,24,119,144,1.1805555555555556,0.033641896103576555,656,World domination is so seventeen century.
3035,4478,3,20,121,144,1.1805555555555556,0.036414658692538,656,Please lower your weather.
4445,4478,4,18,122,144,1.1805555555555556,0.03772469303810345,656,Our next speaker has a world of experience in Human Lack-of-Change Studies.
1458,4478,2,22,120,144,1.1805555555555556,0.035055702397312434,656,"And I see that you have  5,972,000,000,000,000,000,000 tons of weight on your shoulders."
885,4478,4,18,122,144,1.1805555555555556,0.03772469303810345,656,It's all about us
1710,4478,3,20,121,144,1.1805555555555556,0.036414658692538,656,"Lord, God, what a majority!"
4110,4478,2,22,120,144,1.1805555555555556,0.035055702397312434,656,Where in the world are we?
69,4485,2,20,111,133,1.1804511278195489,0.03671797782959866,656,I  see right through all those phony warm feelings you're projecting.
4140,4485,1,22,110,133,1.1804511278195489,0.03513244553603055,656,But the A.C.'s on!
5108,4487,6,17,138,161,1.1801242236024845,0.037267080745341616,656,I was thinking much flatter.
5008,4488,5,17,128,150,1.18,0.03792138341240353,656,And no matter what my opponent thinks...
399,4488,5,17,128,150,1.18,0.03792138341240353,656,"No matter what the entire world says, I still think it's a Chinese hoax."
2841,4488,0,27,123,150,1.18,0.03147386259812476,656,"Look, the earth has come to take revenge on us for taking its polar ice cap, I really want to say I told you so!"
3195,4488,5,17,128,150,1.18,0.03792138341240353,656,What do you mean Nancy Pelosi sent you to refute the emergency need for a beautiful border wall?
4973,4488,3,21,126,150,1.18,0.03548324115247314,656,"All those running against the GOP incumbent in the 2020 Presidential election, shout, ""Facts are not fake news."""
1870,4493,0,25,114,139,1.1798561151079137,0.03269400212756783,656,You say you feel bloated?
1538,4493,3,19,117,139,1.1798561151079137,0.03717110462151141,656,"Love, sweet love, is what you say you need.  What I say is that you need to cool down...."
605,4493,3,19,117,139,1.1798561151079137,0.03717110462151141,656,'Turn around. Show everyone the old earth'.
347,4496,2,19,107,128,1.1796875,0.03750589479587144,656,I did see your Instagram Story yesterday. I agree with you—the whole wide world is officially out of my hands.
4669,4497,3,22,131,156,1.1794871794871795,0.03461615046789343,656,Just another Davos-style globalist.
4714,4497,5,18,133,156,1.1794871794871795,0.03692836098574405,656,Man: It's not all about you.
1104,4499,3,20,122,145,1.1793103448275861,0.03618408330734987,656,Morphing is impressive. But I offer stability!
3400,4499,3,20,122,145,1.1793103448275861,0.03618408330734987,656,You've never done one single thing for the American public!
3423,4499,3,20,122,145,1.1793103448275861,0.03618408330734987,656,"Weltanschauung, Schweltanschauung"
3710,4499,3,20,122,145,1.1793103448275861,0.03618408330734987,656,At the very least we can save this Earth.
647,4503,3,18,113,134,1.1791044776119404,0.037975277188599596,656,"I should at least be King of the Western Hemisphere, if not the whole world!"
3020,4503,3,18,113,134,1.1791044776119404,0.037975277188599596,656,And that is why I think the earth is flat
97,4503,2,20,112,134,1.1791044776119404,0.036467805348237306,656,I just don't see any proof of climate change
176,4506,2,23,126,151,1.1788079470198676,0.033992717977783936,656,"Have you no sense of decency, sir?"
3437,4506,5,17,129,151,1.1788079470198676,0.037688267906190794,656,As you can see the world is very very bigly.
4480,4506,5,17,129,151,1.1788079470198676,0.037688267906190794,656,"My opponent is worthy, but easily influenced by fake science."
223,4509,5,15,120,140,1.1785714285714286,0.03961253388755271,656,Your points are falling a bit flat
1324,4509,1,23,116,140,1.1785714285714286,0.03403017997773859,656,"Holy guacamole, it is about to burst!"
1452,4509,3,19,118,140,1.1785714285714286,0.03692699547966089,656,"But can my opponent promise ""Free Pizza Fridays""?"
1927,4509,4,17,119,140,1.1785714285714286,0.03829331427382206,656,"Some say he’s got the whole world 
on his stand but l know better!"
4009,4509,4,22,142,168,1.1785714285714286,0.034109959657480426,656,You and whose army?!
4200,4509,4,17,119,140,1.1785714285714286,0.03829331427382206,656,"Yeah, don’t flat-earth yourself."
4639,4515,2,24,131,157,1.178343949044586,0.033206337429014965,656,I’ve changed my mind. There is such a thing as climate change!
3729,4515,3,22,132,157,1.178343949044586,0.03441395302457576,656,"Frank lost his job and reputation shortly after his misguided attempt at a “Heavenly Body” joke. 
#earthtoo"
4390,4515,4,20,133,157,1.178343949044586,0.035580605392626675,656,I think you're being more than a little hysterical
1368,4518,2,19,108,129,1.178294573643411,0.037240075291813245,656,Does anyone know what this sphere is trying to tell us?
8,4519,1,24,121,146,1.178082191780822,0.033225203861583306,656,"They come in peace, they’re only looking for water, air and shelter."
498,4519,5,16,125,146,1.178082191780822,0.0384942517371362,656,"Just cool off, you hoaxer!!"
1931,4519,5,16,125,146,1.178082191780822,0.0384942517371362,656,"Yeah, but Columbus was a moron, and anyway that don't prove you ain't flat..."
2614,4519,6,14,126,146,1.178082191780822,0.03970240204435462,656,"I do not identify this as the earth. The earth should be flat, not like a ball. Every politician knows that."
4763,4523,4,16,115,135,1.1777777777777778,0.039154506304142495,656,I suppose you're going to argue that the environment is more important than the environment.
2431,4523,4,16,115,135,1.1777777777777778,0.039154506304142495,656,And now a rebuttal from Terra Cotta
4569,4523,3,18,114,135,1.1777777777777778,0.037716270287603874,656,"And the Lord Sayeth, ""America shall have dominion over all the beasts of the earth and the birds of the air."""
4924,4523,2,20,113,135,1.1777777777777778,0.03622097078895108,656,The real Inconvenient Truth is that my opponent brought globe for his demonstration that is much too large.
1307,4527,4,19,129,152,1.1776315789473684,0.03627618305886853,656,I strongly disbelieve my opponent's plan to raise temperatures and wash away my ignorance.
1317,4527,4,19,129,152,1.1776315789473684,0.03627618305886853,656,"I knew America. America was a friend of mine. Believe me, Senator, you're no American!"
2182,4527,7,13,132,152,1.1776315789473684,0.03971620053004276,656,"America is now GREAT! Promise Made, Promise Kept"
3071,4527,4,19,129,152,1.1776315789473684,0.03627618305886853,656,And if I am elected that's what you'll get.
3584,4531,5,12,107,124,1.1774193548387097,0.042920505897355694,656,"I am telling you, and you can believe me. It's fake news!  Your atmosphere is not heating up!"
3414,4532,1,23,117,141,1.177304964539007,0.03381169612215245,656,My opponent would have you believe the world is his oyster!
1994,4532,4,17,120,141,1.177304964539007,0.038041847516096454,656,"Yes an SUV. What are you driving at?"""
4096,4532,3,19,119,141,1.177304964539007,0.03668603330757109,656,May I call you Ted?
5029,4535,4,20,134,158,1.1772151898734178,0.035372708698403484,656,Please....stop globalizing the solution to climate change!
4270,4535,8,12,138,158,1.1772151898734178,0.03967028032414064,656,I've been upstaged by a prop!
593,4535,4,20,134,158,1.1772151898734178,0.035372708698403484,656,"No, no, no. It's not DAIS ex machina."""
1408,4535,4,20,134,158,1.1772151898734178,0.035372708698403484,656,Are you sure climate change is real?
370,4539,1,24,122,147,1.1768707482993197,0.033020637887874266,656,"And now we shall hear from Halliwell, our correspondent who is sheltering near that sqiggly line by the Bering Sea."
4251,4539,5,16,126,147,1.1768707482993197,0.03825067799378633,656,When Xi speaks America listens
4890,4539,2,22,123,147,1.1768707482993197,0.034402768589717754,656,"Think global, vote local politician."
1313,4542,4,21,139,164,1.1768292682926829,0.034529365645152806,656,Don't  judge me!
4125,4543,4,16,116,136,1.1764705882352942,0.03888751576638827,656,"Your head is so big, it won't fit in the continent of Europe!"
3319,4543,2,20,114,136,1.1764705882352942,0.03597740900528858,656,You're such a loser.
3883,4543,4,16,116,136,1.1764705882352942,0.03888751576638827,656,"Unlike my opponent, I will NOT play into partisan politics!"
2177,4543,0,24,112,136,1.1764705882352942,0.03281019711898334,656,"Ok we are going to hear from Earth
With her statement that we all agree that it should be Earth first."
2389,4543,2,20,114,136,1.1764705882352942,0.03597740900528858,656,And if you'll look here at our 3D map.
1666,4548,3,19,120,142,1.176056338028169,0.03644815855946875,656,"Digital, schmigital! I like tangible."
1850,4548,2,21,119,142,1.176056338028169,0.03505107903487607,656,My sixty seconds isn't up yet!
1878,4548,3,19,120,142,1.176056338028169,0.03644815855946875,656,Before the Lorax...
2126,4548,5,15,122,142,1.176056338028169,0.03909281908624994,656,Apparently there is life on other planets too!
2217,4548,6,13,123,142,1.176056338028169,0.040350199813350536,656,I couldn't disagree more with the Senator from Everywhere. . .
2980,4548,5,15,122,142,1.176056338028169,0.03909281908624994,656,Give me a break! That's just a hoax invented by the Chinese.
1574,4554,4,21,140,165,1.1757575757575758,0.034336187517090576,656,You heard what I said...climate change is a hoax!
1444,4555,2,22,124,148,1.1756756756756757,0.0341904191217123,656,My opponent is a liar
4174,4555,3,20,125,148,1.1756756756756757,0.03550934275758402,656,I promise to build a wall to keep out all who do not support social justice in the world.
1270,4555,8,10,130,148,1.1756756756756757,0.041479594258644316,656,"Me: *insert unfunny caption here*
New Yorker: The Finalists"
3345,4558,1,21,109,131,1.1755725190839694,0.03508385396764527,656,Your rebuttal?
4132,4559,2,23,129,154,1.1753246753246753,0.03338818619304481,656,"I'll concede that heat causes expansion, but there's no evidence..."
4508,4560,5,14,118,137,1.1751824817518248,0.039989546480466716,656,"And now our sponsor, Earth, Inc. -- working today for a better tomorrow."
346,4561,4,20,136,160,1.175,0.034964042625668434,656,"The world speaks, yet we acquiesce."
4593,4561,4,20,136,160,1.175,0.034964042625668434,656,"Okay, is this, like, some kind of Ayn Rand thing? And if it is, should we call an ambulance?"
3341,4563,6,13,124,143,1.1748251748251748,0.04008594788987306,656,"We didn't come here because of global warming, it was a hoax created by opposition. We came here to escape from Facebook, Google."
4694,4563,4,17,122,143,1.1748251748251748,0.037548596588295395,656,"Welcome, Mr. Trump!"
3213,4563,4,17,122,143,1.1748251748251748,0.037548596588295395,656,Stop! In the name of the Flat Earth Society!
1492,4563,2,21,120,143,1.1748251748251748,0.03482687171239298,656,I don't care what her record says; I'm here to tell you that she's been flip-flopping for years.
1057,4563,1,23,119,143,1.1748251748251748,0.03338289887100794,656,This is God’s view. See how easy it is to see the borders?
1243,4568,5,16,128,149,1.174496644295302,0.03777258223653269,656,"And if you let them get the Senate and the White House, they'll eliminate all the borders."
3044,4568,3,20,126,149,1.174496644295302,0.035289921021181316,656,"What my opponent said is wrong, there’s no such thing called “Global Warming”."
3067,4568,3,20,126,149,1.174496644295302,0.035289921021181316,656,I should have brought back up!
5261,4568,4,18,127,149,1.174496644295302,0.03655233572903953,656,The atmosphere in the room heats up as the Green Party candidate is asked about their views on Pluto's legitimacy
779,4572,2,19,111,132,1.1742424242424243,0.03646445850262836,656,"There my opponent goes again, vastly exaggerating the situation.""

Krishna Winston
Middletown C"
810,4572,6,11,115,132,1.1742424242424243,0.042335545560505485,656,Or am I taking you out of context?
4895,4574,3,21,131,155,1.1741935483870967,0.034430414814951536,656,". . . and furthermore, if you don't mend your ways, you'll be obsolete in just a few decades."
3068,4574,5,17,133,155,1.1741935483870967,0.03678352654997047,656,"Wait, you're not our next contestant. We must have you mixed up with Pangea."
4258,4576,3,18,117,138,1.173913043478261,0.03695978853147891,656,"There you go again, avoiding specifics!"
84,4576,4,20,137,161,1.173913043478261,0.03476319333902042,656,May our best ever G.P.S. salesman R.I. P.
2388,4576,0,24,114,138,1.173913043478261,0.032383119057630215,656,My main rebuttal? The world is not a podium.
5260,4579,2,25,140,167,1.1736526946107784,0.03176054346079685,656,Ladies and gentleman...This is your world...
2667,4580,3,19,122,144,1.1736111111111112,0.035981440425318194,656,"My opponent can say what he will, but if I lose, you lose"
4626,4580,7,11,126,144,1.1736111111111112,0.04102638716218028,656,"Okay, well hang on a minute Bill, let me finish."
4715,4580,3,19,122,144,1.1736111111111112,0.035981440425318194,656,Today I invited someone of MY caliber.
5056,4580,2,21,121,144,1.1736111111111112,0.0346054758377287,656,"Is it getting hotter and hot in here could we mayb-""
""I told you already we are not stopping this debate to get rid of C02!"
4054,4584,1,24,125,150,1.1733333333333333,0.03242153379839421,656,"This is your central conceit, Mr. Trump."
4265,4585,3,16,108,127,1.1732283464566928,0.038879584242416866,656,"Whoa! You need to do something about that cough,"
1795,4585,3,16,108,127,1.1732283464566928,0.038879584242416866,656,The snowstorm was a little bigger than we anticipated.
4374,4587,3,21,132,156,1.1730769230769231,0.03422721424649391,656,I hereby announce my intention to quit if  you don’t treat me with respect  it’s your call.
2240,4587,5,17,134,156,1.1730769230769231,0.036564028319551724,656,The crushing silence from the United States.
946,4589,2,19,112,133,1.1729323308270676,0.03621295680475787,656,It’s about time someone paid attention to me!
4473,4589,3,17,113,133,1.1729323308270676,0.03775313771193071,656,"As I filibuster, I feel like I carry the wait of the world."
1394,4591,3,22,137,162,1.1728395061728396,0.033436975879986404,656,"Woah, slow your roll! I let you speak about climate change, but I wanna talk to you about global warming!"
3313,4592,5,14,120,139,1.1726618705035972,0.039452061813184315,656,"Given your history of peaceful debate, I look forward to being slaughtered at the end of this one"
5265,4593,2,25,141,168,1.1726190476190477,0.03158784309356021,656,"Help me, help you!"
4058,4594,6,13,126,145,1.1724137931034482,0.03956761948978966,656,My opponent doesn't know the first thing about global warming!
2704,4594,4,22,148,174,1.1724137931034482,0.03302340110427059,656,Ok keep this image in your brain. Now imagine it just a blue ball of water...
4447,4596,2,22,127,151,1.1721854304635762,0.033568603806216984,656,"No, it is not yet your turn to speak"
3741,4596,5,16,130,151,1.1721854304635762,0.037306190153249645,656,"I can show you, The World!"
251,4596,4,18,129,151,1.1721854304635762,0.03610334614685831,656,Stop the earth I'm getting off.
1708,4596,3,20,128,151,1.1721854304635762,0.03485902153316006,656,My opponent demonstrates an extreme lack of focus!
1507,4600,0,27,130,157,1.1719745222929936,0.03021284388695904,656,And I say that 70 percent of the Earth's surface is covered by Dihydrogen Oxide!
2523,4600,2,23,132,157,1.1719745222929936,0.032804490095015536,656,I hope the next time I get a chance to have the floor I won't be interrupted.
853,4602,2,18,108,128,1.171875,0.03697029924919195,656,"And on my right, your left, the representative from the Eastern Hemisphere"
66,4603,4,20,139,163,1.1717791411042944,0.03436826902782694,656,And here we see the famous Macondo projection.”
2901,4603,4,20,139,163,1.1717791411042944,0.03436826902782694,656,My world is bigger than yours!
4868,4603,6,16,141,163,1.1717791411042944,0.036505597379675216,656,You were saying?
4999,4606,3,17,114,134,1.171641791044776,0.037492556255163983,656,Are you going to freeze us or to cook us?
4523,4607,0,24,116,140,1.1714285714285715,0.0319668011607333,656,"Forget voting red or blue, let's talk green!"
514,4607,5,14,121,140,1.1714285714285715,0.03918865895949872,656,"this bitch right here looking so fat, he's looking so fat that he makes jupiter look like a WHITE DWARF!!! haha but for real, without this guy i wouldn't have a career... so let's hear it for global warming! i love you man, i fucking love you!"
3296,4607,1,22,117,140,1.1714285714285715,0.03353582113753393,656,I'll stop the world and melt with you.
4045,4607,5,14,121,140,1.1714285714285715,0.03918865895949872,656,"My worthy opponent is Earth, a planet in the Sol System. As you can see it is, of course, flat."
2091,4611,3,19,124,146,1.1712328767123288,0.03552639320533475,656,"Caps off to you, my friend."
5101,4611,4,17,125,146,1.1712328767123288,0.03683202309770149,656,"Really? I‘m sweltering over here, and now you tell me the mike was off the entire time?"
922,4611,2,21,123,146,1.1712328767123288,0.034170913111746,656,Is this the world on your shoulders?
1920,4611,1,23,122,146,1.1712328767123288,0.03275939547062696,656,My opponent seems to believe it’s a living breathing organism!
2687,4615,1,30,156,187,1.1711229946524064,0.028637059841064714,656,"And on the Seventh Day, we dug the Panama Canal..."
4427,4616,4,18,130,152,1.1710526315789473,0.03588292292060451,656,With my opponent's all consuming hot air indeed he will blow up our world.
2714,4616,2,22,128,152,1.1710526315789473,0.033366261490384144,656,And who in the world can argue with a matzoh ball?
3841,4618,4,19,135,158,1.1708860759493671,0.034999266269688516,656,"If every vote counted, he wouldn't be your president."
413,4618,4,19,135,158,1.1708860759493671,0.034999266269688516,656,Don't say it!
3813,4618,5,17,136,158,1.1708860759493671,0.03613273162245008,656,My opponent clearly lacks foresight on this matter...
1100,4621,3,15,105,123,1.170731707317073,0.039501284398971506,656,"In a couple hundred years, this will look like Rodinia again..."
1273,4621,2,17,104,123,1.170731707317073,0.03777659920961158,656,"And now, for a sketchy view of the world...here’s Bob from our art department."
2247,4621,5,18,141,164,1.170731707317073,0.03525176767005603,656,"No, sorry, I can’t hear you."
775,4624,2,18,109,129,1.1705426356589148,0.03670677698619343,656,"Oh, yeah ? Well, I have dominion!"
2232,4624,2,18,109,129,1.1705426356589148,0.03670677698619343,656,"I don't care what you science-types say, there are NINE!  Nine planets in the solar system!"
41,4626,3,17,115,135,1.1703703703703703,0.03723551022547329,656,"Yes, of course, there are lots of other women complaining about this sudden heat from time to time. However, this isn't a reason to change everything right now."
4546,4627,5,14,122,141,1.1702127659574468,0.03892872296886829,656,"We needed a roof, but we just built a wall!"
3678,4627,2,20,119,141,1.1702127659574468,0.03480652387420695,656,With all this green earth talk the world has got above itself.
3695,4627,4,16,121,141,1.1702127659574468,0.037604897944193055,656,It's me or the Earth
226,4627,3,18,120,141,1.1702127659574468,0.03623273694877958,656,"My opponent is obviously exaggerated."""
1230,4627,4,16,121,141,1.1702127659574468,0.037604897944193055,656,"At the latest debate on climate change: “Upon further reflection, Mother Earth makes a valid point and I will stop driving my car immediately.”"
1297,4632,4,17,126,147,1.1700680272108843,0.03659914869499552,656,"Well, the debate is nearly over. Man has summarily destroyed the Earth."
2646,4632,3,19,125,147,1.1700680272108843,0.03530311211611292,656,"The Midwest ""Rules"
4749,4632,3,19,125,147,1.1700680272108843,0.03530311211611292,656,"It really is a National emergency,we really are being over run!"
711,4635,2,22,129,153,1.1699346405228759,0.03316631230422294,656,"Despite what it says, the world’s roundness is a flat-out lie!"
955,4636,4,20,141,165,1.1696969696969697,0.033982129150040376,656,But do you have a Twitter?
4698,4636,4,20,141,165,1.1696969696969697,0.033982129150040376,656,"These so-called ""scientist"" also claim that my opponent is *not* flat."
2972,4638,2,17,105,124,1.1693548387096775,0.037495998901067105,656,"I am the only person here to speak for the planet.  If it's just me,
clearly we are doomed."
2908,4639,2,18,110,130,1.1692307692307693,0.036446939955723866,656,Clarify for the folks what you meant by 'the bubble bursting.'
3042,4639,1,20,109,130,1.1692307692307693,0.034772386282210736,656,I present to you.....the world!
2520,4639,4,14,112,130,1.1692307692307693,0.0395840953021522,656,They said I was paranoid!!
1373,4639,2,18,110,130,1.1692307692307693,0.036446939955723866,656,"You and your oceans ... you’re all wet, you’re always splashing and flooding with your waves and your tides and your deep blue sea.  And I intend to put a stop to it!"
2031,4639,4,14,112,130,1.1692307692307693,0.0395840953021522,656,Just another liberal fake!  Moses parted a red sea.
843,4639,2,18,110,130,1.1692307692307693,0.036446939955723866,656,"My friends, manmade global warming is the greatest hoax ever perpetrated on the American people!"
2199,4639,3,16,111,130,1.1692307692307693,0.03804786480885628,656,"...and our specials today are Arctic avocado, Tundra tomatoes, and  your all-time favourite — Frigid Framboise."
489,4646,3,17,116,136,1.1691176470588236,0.036981929077634895,656,Once and for all the world has come to make it case.
1495,4646,4,15,117,136,1.1691176470588236,0.03842649528875689,656,You have no proof your stormy misbehavior is due to your alleged fever!
2836,4648,3,18,121,142,1.1690140845070423,0.03599663546847113,656,You think you are a World Leader ?
1794,4648,2,20,120,142,1.1690140845070423,0.034581319295003014,656,I WILL NOT BE IGNORED!!!
1886,4648,3,18,121,142,1.1690140845070423,0.03599663546847113,656,And the biggest loser is!? you guessed it. Us!
1020,4648,0,24,118,142,1.1690140845070423,0.03156085237202657,656,As you can see the earth is huge.  And some say it's growing.
1754,4648,3,18,121,142,1.1690140845070423,0.03599663546847113,656,Vote for me because I know more than anyone in the whole world!
52,4653,2,21,125,148,1.1689189189189189,0.03374699228494797,656,"I´m hot too. But you need to check your temper, Sharon!"
1158,4653,3,19,126,148,1.1689189189189189,0.03508259043510859,656,"But you wouldn't even know about this ""warming"", without us telling you!"
1448,4653,0,25,123,148,1.1689189189189189,0.030903109254019543,656,"Clearly, ladies and gentlemen, the ocean's carbon graphite level is a serious concern."
3280,4653,1,23,124,148,1.1689189189189189,0.032356310434335726,656,My opponent would have you believe I am a solipsist!
4104,4653,5,15,128,148,1.1689189189189189,0.03761177313491139,656,Elect me and I'll take that weight off your shoulders.
5002,4653,1,23,124,148,1.1689189189189189,0.032356310434335726,656,"Cheer up Greta Thunberg,
there is HOPE"
1594,4659,7,12,135,154,1.1688311688311688,0.03887606385668806,656,Wall?Wall? We don't need no stinking walls.
1401,4659,3,20,131,154,1.1688311688311688,0.034231835908914245,656,"Granted, my opinion may not coincide with most !"
389,4659,7,12,135,154,1.1688311688311688,0.03887606385668806,656,These globalists don’t care about your or me!
618,4659,1,24,129,154,1.1688311688311688,0.031655232016960515,656,"As you can see, and as my former colleague can attest, here we have an example of “global growing”!"
104,4663,4,19,137,160,1.16875,0.03459318265444106,656,Don't get blown out of shape over climate control.
762,4663,2,23,135,160,1.16875,0.032240589041780954,656,I accuse my learned opponent of being biased on this matter.
4217,4665,2,16,101,119,1.1680672268907564,0.03833771426240422,656,He's got the whole world behind that stand.  He's got the whole world behind that stand.  He's got the whole world behind that stand.  HE'S GOT THE WHOLE WORLD BEHIND THAT STAND!!!
3132,4666,3,15,107,125,1.168,0.03891429789479905,656,"I agreed to debate WENDELL WILLKIE, not his book."
4292,4666,3,15,107,125,1.168,0.03891429789479905,656,You have corrupted our youth with threats and false promise!
3498,4668,5,12,114,131,1.16793893129771,0.04076870259957984,656,What is this? A world for ants?
4213,4668,5,12,114,131,1.16793893129771,0.04076870259957984,656,Sorry about abuse but we legally have eminent domain here.
2211,4670,4,16,123,143,1.167832167832168,0.03711502744295631,656,"As you can see students, Upper Middlewestern nomenclature notwithstanding, cartographic rendering proves there’s really just one Great Lake plus a Great Pond."
954,4670,4,16,123,143,1.167832167832168,0.03711502744295631,656,Whatever...
2765,4670,4,16,123,143,1.167832167832168,0.03711502744295631,656,It's either greenhouse gasses or me. Whatta ya got to lose?
4371,4670,3,18,122,143,1.167832167832168,0.03576355974804333,656,Try and talk your way out of this Mr. Trump
790,4674,1,23,125,149,1.167785234899329,0.032158409500917966,656,My opponent is my oyster.
3214,4674,3,19,127,149,1.167785234899329,0.03486477799675684,656,"You're big now, but wait until the Blobyack Extract Corporation gets done with you."
2434,4676,1,23,126,150,1.1666666666666667,0.03196287928985961,656,"OK, you've made your point!"
2494,4676,2,23,137,162,1.1666666666666667,0.031875168679478684,656,"Debate me, coward! You won't."
1386,4676,2,21,127,150,1.1666666666666667,0.03333333333333334,656,Don’t worry about raising the mike. The U.S. always speaks loudest.
3643,4676,3,19,128,150,1.1666666666666667,0.034649625823724085,656,You raise a great point.
2875,4676,2,18,112,132,1.1666666666666667,0.035938021201469154,656,"Now would you like to say anything, Afghanistan?"
1823,4676,4,14,114,132,1.1666666666666667,0.039023867182598794,656,No puppet. You're the puppet!
1282,4676,4,19,139,162,1.1666666666666667,0.03419632802726443,656,Your climate changes far too quickly; you couldn't possibly be president!
575,4676,4,15,119,138,1.1666666666666667,0.03790690703982399,656,Make America Great Again
304,4676,1,24,131,156,1.1666666666666667,0.03128530539421092,656,"I stand here at a podium opposite the planet Earth, which is apparently also here to debate."
38,4676,1,20,111,132,1.1666666666666667,0.034291120525193015,656,The good news is that fossil fuels still have a fighting chance
1616,4676,1,22,121,144,1.1666666666666667,0.032686022523030676,656,Hello world what do you have to say for yourself.
4143,4687,2,22,133,157,1.1656050955414012,0.03238963062923131,656,Global warming?  Thats a lot of hot air.
4305,4687,4,18,135,157,1.1656050955414012,0.0348196324930958,656,"And then, God created  Trump."
477,4689,7,11,133,151,1.1655629139072847,0.03923154064728135,656,I shall now inflate this globe until it displays Earth on a  realistic 1 to 1 scale.
3114,4689,3,19,129,151,1.1655629139072847,0.03443708609271524,656,You never remember how big was the shits of dinasours. Ofcourse it is easy to accuse humanity for every trouble!
945,4691,4,16,125,145,1.1655172413793105,0.03663764931151547,656,I’m no puppet!  No puppet. You’re the puppet!
1612,4691,3,18,124,145,1.1655172413793105,0.03530625874346591,656,The world's stop going round! Guess there was not enough love.
2044,4691,1,22,122,145,1.1655172413793105,0.03248016356539033,656,This isn’t quite what I pictured when the network stressed that inevitable changes to the debate climate were quite real.
4699,4691,2,20,123,145,1.1655172413793105,0.03392265416867519,656,That concern is obviously overblown.
2891,4695,5,13,121,139,1.1654676258992807,0.03901231101879026,656,I don't care if you're a part of his 'America First' campaign - you can't stand in as a speaker at the United Nations conference! He'll need to come out from behind the side with Russia on it.
2386,4695,1,21,117,139,1.1654676258992807,0.03324007750901876,656,Climate change is real
4536,4695,1,21,117,139,1.1654676258992807,0.03324007750901876,656,I don't believe in you!
2756,4698,2,18,113,133,1.1654135338345866,0.03568879425067709,656,"My worthy opponent is certainly entitled to her opinion. However, as we all know this global warming thing is just hoax."
768,4699,3,14,104,121,1.165289256198347,0.03953431998943537,656,HELP NEEDED!  APPLY ANYWHERE!
684,4700,5,17,142,164,1.1646341463414633,0.03489733882975379,656,It seems to be no longer  moving forward.
1959,4701,2,22,134,158,1.1645569620253164,0.03220104282547201,656,You think YOU have the weight of the world on YOUR shoulders...never mind.
3748,4701,2,22,134,158,1.1645569620253164,0.03220104282547201,656,All I said was that the earth is flat. I didn't mean for it to flatten me.
3961,4701,2,22,134,158,1.1645569620253164,0.03220104282547201,656,"I found this in a box of CRACKER JACKS, now tell me the dimensions of the box!"
2061,4704,2,21,129,152,1.1644736842105263,0.032929573745531966,656,"You're wrong. But since democracy means we are EQUALLY entitled to our opinions, let's just agree to disagree and move on."
2068,4705,3,18,125,146,1.1643835616438356,0.035081923502890106,656,"I can't be the only one that thinks it's crazy that a scale model of the Earth is the Democratic nominee for president, right?"
3274,4706,3,16,115,134,1.164179104477612,0.03699222083773449,656,"My opponent, who is the size of a planet, is clearly a victim of the obesity epidemic."
4414,4706,4,14,116,134,1.164179104477612,0.03847915348785321,656,You would say that!
1942,4708,0,20,102,122,1.1639344262295082,0.033656005337216736,656,"Don't misunderstand me.  Incontinenance has nothing to do with, the Western Hemisphere, the world order or diplomacy...thus far."
4178,4708,6,8,108,122,1.1639344262295082,0.04410923572861026,656,"Yes, it is Joel Osteen on steroids.  Praise the Lord!"
1781,4710,2,15,99,116,1.1637931034482758,0.038611519043994694,656,Do you really believe a world gone crazy!
4380,4711,5,17,143,165,1.1636363636363636,0.034699543535541666,656,"The Monroe Doctrine, my friends, is a mere half measure."
30,4712,4,18,137,159,1.1635220125786163,0.0344116028958055,656,"Say the secret word and split an extra hundred bucks between you. Now, I see you two share the same last name. I hope that means you’re married. I have the same last name as my brothers, but we
we certainly never touched peninsulas."
807,4712,3,20,136,159,1.1635220125786163,0.03323472458075441,656,"She promises you the world, the slut!"
1736,4712,4,18,137,159,1.1635220125786163,0.0344116028958055,656,"The forces opposed to my policies may seem imposing, but I am in it to win it."
5015,4712,6,14,139,159,1.1635220125786163,0.03665216781663296,656,"How in the world , do you think you’re going to defeat me?"
1082,4716,5,15,133,153,1.1633986928104576,0.03646005719335331,656,"Come on now, don't turn your butt cheeks to the audience."
5129,4716,4,17,132,153,1.1633986928104576,0.03526097642631427,656,This is not the debate I signed up for
168,4718,5,14,128,147,1.163265306122449,0.03743825572782598,656,"Clearly, my opponent is controlled by the Jews."
596,4718,2,20,125,147,1.163265306122449,0.03349715079817141,656,I live there!
4051,4718,2,20,125,147,1.163265306122449,0.03349715079817141,656,"My fellow Americans, the middle section of the upper continent is all we need worry about... All the rest of my opponents concerns are nothing but unimportant nonsense. Why should we care?"
4221,4718,4,16,127,147,1.163265306122449,0.036172296468796966,656,The Last Flat Earther: Refute and Concession.
2070,4722,2,19,120,141,1.1631205673758864,0.03431795055080989,656,"Don't you think your view of global warming is biased? Greg Stroupe Madison, WI"
2779,4723,1,20,114,135,1.162962962962963,0.033593359605032916,656,Some people deny that there is such a thing as global rolling.
3895,4724,1,19,109,129,1.1627906976744187,0.034436735744024935,656,Sorry..forgot to remove Phil from the speaker list after his country disappeared into the rising sea
1742,4725,2,23,141,166,1.1626506024096386,0.03116833761402348,656,Stop trying to take over the world!
2045,4725,6,15,145,166,1.1626506024096386,0.03554634538363805,656,"No offense but I prefer to use Twitter, flush, then run to the oval office to watch Fox&friends."
1164,4727,2,21,131,154,1.1623376623376624,0.03253536755316917,656,We neo-cons don't want to hear what you have to say.
468,4728,5,14,129,148,1.162162162162162,0.037200793906807285,656,I'm sorry you are not feeling well and have a fever- if you could just stay for two more questions????
642,4728,2,20,126,148,1.162162162162162,0.03328833244884829,656,"My fellow  Americans, whatever the opposition throws at me,  you can  be assured that Senator Atlas can handle it."
2955,4728,3,18,127,148,1.162162162162162,0.03464161861954895,656,"What’s your stance on migration, immigration and migraine nations?"
4762,4728,5,14,129,148,1.162162162162162,0.037200793906807285,656,"Earth, there is no substitute."
5112,4732,4,15,123,142,1.1619718309859155,0.03690845346306802,656,"Back off or I'll call in the Space Force!"""
4759,4732,5,13,124,142,1.1619718309859155,0.03823773081528903,656,And now will here the world news
4704,4732,4,15,123,142,1.1619718309859155,0.03690845346306802,656,"Earth: PLEASE, HELP I'M DYING--
Politician: Ladies and gents, the Earth doesn't understand, this isn't... how WE work around here"
1973,4732,1,21,120,142,1.1619718309859155,0.03259698719873232,656,"Ok, you can stop there, you just bowled us over with that argument !"
2241,4736,4,14,118,136,1.161764705882353,0.03794932441939181,656,Me — I'm local!
3362,4736,1,20,115,136,1.161764705882353,0.03336695728212767,656,Okay can you explain to us why you think global warming is a problem? Mr. uh.. Earth?
1235,4738,3,21,143,167,1.1616766467065869,0.03213914142630027,656,ur big n dumb
4915,4738,1,25,141,167,1.1616766467065869,0.029809976146154306,656,"If U.S. assistance or interventions is needed, speak now or forever withhold our peace."
1961,4740,1,19,110,130,1.1615384615384616,0.034193748280183574,656,My opponent cannot resist a eurocentric approach. What a shame.
4845,4741,2,21,132,155,1.1612903225806452,0.03234174316389099,656,"Wipe that smirk off your face!
Trump! Brexit! The crisis in Venezuela! Lori Loughlin! 
It's all on you!"
4290,4741,4,12,108,124,1.1612903225806452,0.04030290629383383,656,And now someone who finally got in the game and got incorporated-I give you Earth LLC .
4277,4741,1,23,131,155,1.1612903225806452,0.03101936766469806,656,You can't say that. We're unto you.
1682,4741,3,19,133,155,1.1612903225806452,0.033612133693659854,656,"I don't care how many of you say it, these are lecterns, not podiums!"
2890,4741,1,23,131,155,1.1612903225806452,0.03101936766469806,656,Uhh so first happy earth day!
4115,4741,1,23,131,155,1.1612903225806452,0.03101936766469806,656,Don’t interrupt!
653,4747,2,20,127,149,1.1610738255033557,0.033082072983284624,656,"So, what do you have to say for yourself?"
2269,4747,6,12,131,149,1.1610738255033557,0.03817332103891656,656,"MAGA
Make
A--holes
Go
Away"
3824,4747,1,22,126,149,1.1610738255033557,0.03168167974246577,656,I believe all humans should be equator and endowed to inandesable rights.
1244,4750,1,21,121,143,1.1608391608391608,0.03238804543473721,656,Another voice heard from
2097,4750,3,17,123,143,1.1608391608391608,0.03529832290012759,656,"And in her first appearance on the global stage, is
a..... um ....ummm.... a ...a globe?"
3563,4750,0,23,120,143,1.1608391608391608,0.03083005726305202,656,So what's really going on with you?
3670,4753,2,18,117,137,1.1605839416058394,0.0347251624732724,656,Behold the Enemy!
3144,4753,1,20,116,137,1.1605839416058394,0.0331435469109658,656,"And now, for her reply."
1686,4753,4,14,119,137,1.1605839416058394,0.03768980396216881,656,Are you even registered to vote?
2657,4753,1,20,116,137,1.1605839416058394,0.0331435469109658,656,"You're not what you were, but you're not going to pin that on me or my ancestors. Mark my word it's all about the Sun!"
1031,4757,3,20,139,162,1.1604938271604939,0.03266359643289618,656,Be fruitful and increase in number; fill the earth and subdue it
4170,4757,3,20,139,162,1.1604938271604939,0.03266359643289618,656,The voters can't be fooled. You only care about your worldly possessions.
1598,4759,1,19,111,131,1.1603053435114503,0.03395412243303119,656,"'This might change the landscape of things!"""
778,4760,5,15,136,156,1.1602564102564104,0.0358020415106055,656,"MEGA, the MAGA sequel!!!"
3950,4760,5,15,136,156,1.1602564102564104,0.0358020415106055,656,"I put it to you, you are more than enough...indeed, quite too much"
3971,4762,2,20,128,150,1.16,0.0328783262962813,656,"And after we leave Mars, we're coming here."
7,4762,1,22,127,150,1.16,0.0314880752258973,656,"My opponent may seem like a down-to-earth candidate, but we've unearthed some tapes that prove otherwise."
515,4764,3,17,124,144,1.1597222222222223,0.03507012960242173,656,But I was talking to a roomful of small business owners in Iowa...
2713,4764,4,15,125,144,1.1597222222222223,0.0364285476989648,656,We propose to simply snip the immigrant umbilical cord.
3427,4764,5,13,126,144,1.1597222222222223,0.037738099906869334,656,"Hold on!  How are did you get in here, when we're on you?"
3795,4764,3,17,124,144,1.1597222222222223,0.03507012960242173,656,Global warming is a hoax and my opponent has never said one word of truth supporting his position!
1840,4768,1,24,138,163,1.1595092024539877,0.03005508886850526,656,This guy doesn’t even HAVE shoulders!
2956,4769,1,20,117,138,1.1594202898550725,0.0329230705458394,656,"Senator, you're no Gerardus Mercator."
3115,4769,4,14,120,138,1.1594202898550725,0.037433783438991376,656,That's a pretty heavy attitude for such a tiny hemisphere.
4279,4769,2,18,118,138,1.1594202898550725,0.034492246910911926,656,Annnnnd our next guest speaker has a world of trouble that we all find ourselves in...
2551,4772,3,12,98,113,1.1592920353982301,0.04086294907432108,656,"The claim that you're well-rounded fall flat in the face of reality, sir."
1730,4773,4,17,136,157,1.1592356687898089,0.03442150905782623,656,Beware of an avalanche on the ides of March!
417,4774,4,13,115,132,1.1590909090909092,0.038521041374316646,656,The Debater Projection
3408,4774,1,19,112,132,1.1590909090909092,0.033717790045464394,656,"Contrary to you, I hold that ""back to the earth"" is a flawed directive. We should be looking for a new world, not worrying about the old."
3958,4774,2,17,113,132,1.1590909090909092,0.03539138011654745,656,I say let the beauty of the South Pacific speak for itself!
4062,4777,6,12,133,151,1.1589403973509933,0.03769602508809988,656,"https://media.newyorker.com/cartoons/5c813fe7ef56b82d1232ff3c/master/w_580,c_limit/190318_a22459_654.jpg"
3513,4778,2,16,108,126,1.1587301587301588,0.03636272016070186,656,"Ms. Earth, we need evidence not your watery claims."
3490,4779,2,19,124,145,1.1586206896551725,0.03344215293327851,656,And note the umbilical cord through which the blood (i.e. in this case drugs and money) flows - both back and forth.
96,4779,1,21,123,145,1.1586206896551725,0.03197799481205415,656,It's a big world!
4986,4779,0,23,122,145,1.1586206896551725,0.030443500317583968,656,Recent snowfall covers all!
240,4782,2,18,119,139,1.158273381294964,0.034262403496756605,656,My opponent's policies are as flat as his actual shape.
225,4782,5,12,122,139,1.158273381294964,0.03855782069879593,656,It has no leader.
2558,4784,3,19,136,158,1.1582278481012658,0.03301866676553321,656,Our next speaker is full of hot air
1050,4785,0,21,112,133,1.1578947368421053,0.03173803627134353,656,"Greek mythology often leaves out the finer details behind the ""Atlas v. Hercules"" debate."
1911,4785,2,20,130,152,1.1578947368421053,0.03247819221404412,656,"I don’t care IF you’re global, you haven’t said a word all night"
2230,4785,2,14,98,114,1.1578947368421053,0.0385640150731949,656,Not again...
2925,4785,2,17,114,133,1.1578947368421053,0.03514463372218593,656,And when I snap my fingers...
5198,4785,6,12,134,152,1.1578947368421053,0.03746180017638102,656,Now do you believe me when I tell that the world is flat.
1263,4790,1,24,140,165,1.1575757575757575,0.02972094300622446,656,Your optics on the world are 'huge!'
4644,4791,2,19,125,146,1.1575342465753424,0.03323007238001543,656,"Holy shit there's a huge globe at the podium. That's insane how big it is, it must have come from a museum of oversized things."
3776,4791,1,21,124,146,1.1575342465753424,0.031776790257851774,656,The US cannot defend its global position.
2237,4793,2,16,109,127,1.1574803149606299,0.03609690752623545,656,"Okay, it's me against the world, uh, I mean it's I against the world or the world against I. Uh - what can I say? Geography was my major, not English, I know that's the world. I win."
3511,4794,5,18,155,178,1.1573033707865168,0.03265456903916234,656,As your point is...
4645,4795,1,23,135,159,1.1572327044025157,0.030303235134660246,656,"In rebuttal, I assert that your complaints are fake news!"
3889,4796,2,15,104,121,1.1570247933884297,0.037128813933096506,656,"He isn't in any condition to come to speak, but he sent this roll-up graphic to illustrate his global one-man-canoe trip."
2069,4797,3,18,132,153,1.1568627450980393,0.033587328297884106,656,"Yet again, Politicians try man-slpaining why global warming isn’t real"
1325,4798,3,15,116,134,1.1567164179104477,0.036473546049626375,656,"A few words before you, retire...please..."
3101,4798,1,19,114,134,1.1567164179104477,0.033254741920004736,656,I’m here on behalf of Kanye West
5005,4800,2,19,126,147,1.1564625850340136,0.033020637887874266,656,"Madam Nature, appeals to alternative facts of your status is as fallacious as you are spherical"""
3773,4800,2,19,126,147,1.1564625850340136,0.033020637887874266,656,It's all about inner earth not flat earth.
1893,4802,2,16,110,128,1.15625,0.035834916494356175,656,"Yeah,you THINK you're King of the World..."
1631,4802,4,17,139,160,1.15625,0.033817484359834823,656,My opponent is clearly THE GLOBE
1199,4802,5,10,113,128,1.15625,0.04066000157828891,656,"If you put them in the microwave, the warming will cause both of them to explode."
126,4805,2,18,121,141,1.1560283687943262,0.03381169612215245,656,I say that you're not the biggest globe in the world.
3167,4805,1,20,120,141,1.1560283687943262,0.032278687582723384,656,Proof as to why we need a wall and a sharp needle!
3720,4805,6,10,125,141,1.1560283687943262,0.03935097565539706,656,"Don't listen to the big guy,there's no such thing as global warming."
4957,4805,5,12,124,141,1.1560283687943262,0.038041847516096454,656,You can't believe anything my opponent says -- especially with such a high fever.
836,4809,3,11,95,109,1.1559633027522935,0.04157597045776372,656,Where's Flat?  It's his turn today -- NOT you!!
2459,4810,4,16,134,154,1.155844155844156,0.03463203463203463,656,"Your Honor, she is clearly hysterical, so not a credible witness."
2499,4810,2,20,132,154,1.155844155844156,0.03208758244410472,656,"At it appears that Atlas has failed in his main responsibility, how can voters trust him?!"
3528,4810,1,22,131,154,1.155844155844156,0.030736468718504457,656,I take it that you're about to filibuster...
2800,4813,3,15,117,135,1.1555555555555554,0.03622097078895108,656,"We're planning on going Worldwide, you see."
2708,4813,4,13,118,135,1.1555555555555554,0.037716270287603874,656,"And if you look up there, you'll spot the devil in the details."""
1496,4815,3,17,128,148,1.1554054054054055,0.034185877053393134,656,You know the answer to this geology question. I see it right there on your face.
2412,4815,4,15,129,148,1.1554054054054055,0.03550496941650487,656,STOP interrupting me!
2823,4815,2,19,127,148,1.1554054054054055,0.03281380085501337,656,I don't care what anyone tells you. Here at the White House you are a square.
2993,4815,2,19,127,148,1.1554054054054055,0.03281380085501337,656,"Even my climate-change-denying, worldly opponent has to concede that Hawaii has disappeared--likely a victim of rising seas!"""
4527,4819,4,17,140,161,1.15527950310559,0.033620791559563615,656,No Climate Change! No Climate Change! You’re the Climate!
211,4820,2,16,111,129,1.1550387596899225,0.035576666183499646,656,I am not a bully!
461,4820,2,16,111,129,1.1550387596899225,0.035576666183499646,656,You know you have won the argument when the other side responds with 'Whatever.'
1544,4820,2,16,111,129,1.1550387596899225,0.035576666183499646,656,"My opponent lacks experience, character, worldliness yes, but that's simply not enough!"
4947,4823,4,14,124,142,1.1549295774647887,0.03644333322568717,656,Can you speak with one voice? All I hear is Me! Me! Me!
2121,4823,1,20,121,142,1.1549295774647887,0.03206939622127825,656,Speaking strictly for myself...
505,4823,2,18,122,142,1.1549295774647887,0.033590717391332715,656,I think they speak for everyone on this matter.
586,4823,3,16,123,142,1.1549295774647887,0.035046061344057314,656,And I will argue that humanity is most important
494,4827,3,18,134,155,1.1548387096774193,0.03318321445118037,656,"Before beginning this year's clean water products rollout , I will, as President of the world's largest advocate for clean water, cite our association's long held statement of belief.
""Water water everywhere and nary a drop to drink."""
2163,4827,1,22,132,155,1.1548387096774193,0.03055407272672954,656,"Sure, sure, Globalism . . . but what about the other sneaky half?"
3438,4827,3,18,134,155,1.1548387096774193,0.03318321445118037,656,That's a gross generalization!
2193,4830,4,13,119,136,1.1544117647058822,0.03745538590930917,656,Our friends arguing the other side would like you to believe the world is in fact not flat.
2775,4830,3,15,118,136,1.1544117647058822,0.03597184276266143,656,Stop the world!  I'm off!
1268,4832,3,17,129,149,1.1543624161073827,0.03397168106978986,656,"The Climate Change Debate

""Is it hot in here or is it global warming? I believe I speak for my rollover of an opponent when I say - No."""
3582,4832,3,17,129,149,1.1543624161073827,0.03397168106978986,656,Stop!  Every dumb thing he said about warming I'm against!
2054,4834,3,19,140,162,1.154320987654321,0.03225895392680739,656,I knew it! Your flat!
213,4835,3,21,151,175,1.1542857142857144,0.030772370326482886,656,"As you can see, my opponent choose to spend today at the beach"
2633,4836,2,18,123,143,1.1538461538461537,0.033372581176781886,656,"It’s time we start applying term limits to the office of home planet. Vote for me and I promise to increase sunshine and natural resources while lowering hurricanes and gravity. Come live on me, a fellow human, in 2020."
3612,4836,4,14,125,143,1.1538461538461537,0.03620380210530335,656,Wacky climate changer!...Let me tell you -- Mars could have done a better job
3871,4836,5,10,115,130,1.1538461538461537,0.0400678292840366,656,"Excuse me, waiter, but there's a fly in my tornado soup.""

(oh oh...I think I'm late again"
32,4839,5,13,132,150,1.1533333333333333,0.03631414841481504,656,An eminent defeat in a flat debate.
511,4839,4,15,131,150,1.1533333333333333,0.03506040382654253,656,"So class, which is it? 
Round or flat, Pythagoras and Aristotle, or Kyrie Erving and Draymond Green"
1899,4839,4,15,131,150,1.1533333333333333,0.03506040382654253,656,"It's just downright rude to say my tie is unsustainable, miss."
2169,4839,3,17,130,150,1.1533333333333333,0.03376013118853751,656,"Slow down, you’re getting hot under the collar!"
5248,4839,4,15,131,150,1.1533333333333333,0.03506040382654253,656,I want a divorce!
3624,4844,4,13,120,137,1.1532846715328466,0.03719806304154902,656,I don't want to hear it!
2555,4844,3,15,119,137,1.1532846715328466,0.035726092524753957,656,I told you my presentation would be out of this world!
617,4844,2,17,118,137,1.1532846715328466,0.03419080987826269,656,"Sure, she’s popular - but those emails!"
3009,4847,3,16,125,144,1.1527777777777777,0.034590854834679996,656,"We humans prefer the term ""the-water-air-and-earth-polluting-challenged""."
4076,4847,2,18,124,144,1.1527777777777777,0.03315723361604233,656,He's a climate flip-flopper!
4354,4847,4,14,126,144,1.1527777777777777,0.035967378766307144,656,I say no to this monstrosity! These are God-fearing people!
1197,4850,5,10,116,131,1.1526717557251909,0.039778131660457884,656,I find your world policies rather hemispheric in nature.
1503,4851,2,19,130,151,1.1523178807947019,0.0322084057568909,656,"You're a solid 5/10, not very hot"
1776,4851,3,17,131,151,1.1523178807947019,0.0335511791469551,656,I knew President Kennedy and you are no JFK!
1880,4851,3,17,131,151,1.1523178807947019,0.0335511791469551,656,And furthermore
3006,4854,4,13,121,138,1.1521739130434783,0.03694422979009005,656,Go ahead. Try and unearth me.
3814,4854,1,19,118,138,1.1521739130434783,0.032365360285218366,656,Waldseemuller messed up. Please welcome North and South Columbia!
4056,4854,3,15,120,138,1.1521739130434783,0.035483652461182486,656,"Thus, it is obvious that the planet WAS indeed created... by Gahan Wilson."
4586,4854,1,19,118,138,1.1521739130434783,0.032365360285218366,656,"Furthermore, in the Council of Planets, you have no right to claim you have your house in order."
4201,4858,2,20,136,158,1.1518987341772151,0.031333623342595616,656,Before you!
2116,4858,7,10,141,158,1.1518987341772151,0.03721457009281298,656,What the hell kind of  a socialist is a “Gaia”?”
3264,4860,6,10,129,145,1.1517241379310346,0.03832088063947047,656,And ... said string is wrapped around this finger!
4288,4860,2,18,125,145,1.1517241379310346,0.03294462217923337,656,"And now we’ll hear from Moby Dick!
Come in Moby …"
234,4860,3,16,126,145,1.1517241379310346,0.034367623879830014,656,Nasty planet!
676,4860,3,16,126,145,1.1517241379310346,0.034367623879830014,656,Look at this big fuckin' globe!
5274,4864,2,21,142,165,1.1515151515151516,0.030523954469511446,656,My opponent leaked New Zealand.
4430,4864,2,16,114,132,1.1515151515151516,0.034823583817867154,656,Either you’ve lost a ton of weight or I’ve gained a lot for the two of us to even be comparable sizes.
493,4866,2,19,131,152,1.1513157894736843,0.03201149532800048,656,Mounting evidence suggests a high level of graphite in the oceans and larger bodies of water.
2104,4867,3,15,121,139,1.1510791366906474,0.035244456730693215,656,"Earth, humans are not dinosaurs! You must accept humans are in charge of your stewardship!"
3061,4868,3,18,138,159,1.150943396226415,0.032403248041860996,656,"Calm down, your ego's as big as the world."
865,4869,3,13,110,126,1.1507936507936507,0.03748855540487213,656,On the other hand . . .
840,4870,2,18,126,146,1.1506849315068493,0.03273469562886555,656,"I can show you the world... shining,
shimmering, splendid!"
3156,4870,3,16,127,146,1.1506849315068493,0.034147234283379825,656,"Don't blame me, your problem is global warming."
3726,4870,1,20,125,146,1.1506849315068493,0.031258390659547865,656,.....AND my opponent has no heart!
4641,4870,5,12,129,146,1.1506849315068493,0.036810056123064414,656,You're blinded by your side of the argument.
5010,4870,3,16,127,146,1.1506849315068493,0.034147234283379825,656,Please stop getting round your problems!
3886,4875,7,11,148,166,1.1506024096385543,0.035866644692502475,656,"You're my world, you're every breath I take..."
125,4876,4,15,134,153,1.1503267973856208,0.03441391176322504,656,Try to keep it positive.
519,4876,4,15,134,153,1.1503267973856208,0.03441391176322504,656,But do you deny a natural bias against my views?
999,4876,4,15,134,153,1.1503267973856208,0.03441391176322504,656,I disagree!
1769,4876,3,17,133,153,1.1503267973856208,0.03314088126229498,656,"Well, actually..."
1824,4876,3,17,133,153,1.1503267973856208,0.03314088126229498,656,Our toastmaster has been cancelled because the whole world is rolling down hill
1639,4881,4,18,151,173,1.1502890173410405,0.03180107164844312,656,I know my position may position maybe somewhat unique here...
545,4882,2,17,121,140,1.15,0.03350844718705979,656,Europe is so small it doesn't even show on that giant globe
2754,4882,7,10,143,160,1.15,0.03677228926598989,656,"The world disagrees with you, madam!"
5266,4882,2,20,138,160,1.15,0.03096965445166197,656,"My  opponent has a point, but this is how I will  proceed!"
1773,4885,3,16,128,147,1.1496598639455782,0.03392963262198528,656,"Despite what my opponent says, I promise to keep the fossil fuels industries in business!"
1252,4886,2,15,110,127,1.1496062992125984,0.035492042193323525,656,Everything bad is your fault!
1910,4886,1,17,109,127,1.1496062992125984,0.03368531849485435,656,You áre the weakest link. Goodbye!
2487,4888,2,16,116,134,1.1492537313432836,0.034338846816573274,656,Once again my opponent delves into more left wing conspiracy.  He PURPOSEFULLY left the AC off during that period.
634,4889,2,20,139,161,1.1490683229813665,0.030790793932783694,656,"OK, global warming from my point of view."
1988,4889,2,20,139,161,1.1490683229813665,0.030790793932783694,656,My opponent's projection is all wrong.
3611,4889,2,20,139,161,1.1490683229813665,0.030790793932783694,656,I’m PAYING for this microclimate!
5167,4889,3,18,140,161,1.1490683229813665,0.03202675042154518,656,And to begin my presentation on chaos theory...
5141,4893,3,15,123,141,1.148936170212766,0.034775543428482866,656,I portest. Home court advatage.
3205,4893,4,13,124,141,1.148936170212766,0.03620297699554577,656,I do not yield the floor to the gentleman.
2689,4893,2,17,122,141,1.148936170212766,0.033286953873140436,656,"I dunno where he is; I asked him a question about his biographer, he shrugged his shoulders, got real angry, started cursing  about makers and takers,  and stomped off the stage."
1877,4893,3,15,123,141,1.148936170212766,0.034775543428482866,656,"And now, with his views on the state of the union, Earthy McEartherson."
1828,4893,1,19,121,141,1.148936170212766,0.031728601853199596,656,"I know it looks like a depiction of huge male genitals at the heart of America, but God gave me this body and it helped me into the White House. Everyone knows that."
526,4893,4,13,124,141,1.148936170212766,0.03620297699554577,656,...and in rebuttal to Mr. Trump...
893,4899,1,20,127,148,1.1486486486486487,0.030867914942629242,656,I believe my opponent just contradicted themselves.
903,4899,3,16,129,148,1.1486486486486487,0.03371476678875093,656,My opponent has a world-wide view of climate change--I think it just takes you or me to make our carbon footprint smaller.
1029,4899,3,16,129,148,1.1486486486486487,0.03371476678875093,656,"Uff da, it is expanding!"
2546,4899,3,16,129,148,1.1486486486486487,0.03371476678875093,656,"As the world turns, it turns on you."
4212,4899,1,20,127,148,1.1486486486486487,0.030867914942629242,656,"Now, are you speaking from the round side of your mouth, or the flat side?"
1358,4904,4,11,113,128,1.1484375,0.0385672343282522,656,Man made! Well maybe if you'd lay off the forest fires...
958,4905,3,17,135,155,1.1483870967741936,0.032740423771392364,656,"If I want your opinion on climate change, I'll heat it out of you!"
363,4906,1,18,116,135,1.1481481481481481,0.03243996627103595,656,My naïve opponent would like you to think there are positive aspects to El Nino!
2023,4906,1,22,139,162,1.1481481481481481,0.029334857623755633,656,My opponent casts a big shadow for such a short man
2053,4906,1,22,139,162,1.1481481481481481,0.029334857623755633,656,No climate change
4106,4906,1,18,116,135,1.1481481481481481,0.03243996627103595,656,"Now I ask you, all that water—and you think it won't short out my mike?"
4361,4906,1,22,139,162,1.1481481481481481,0.029334857623755633,656,"As you can see, my challenger continues to claim falsely  that she’s only ever accepted  campaign donations from Small Plastic LLC. Please."
2129,4911,2,21,146,169,1.1479289940828403,0.029852279749201825,656,I don’t agree with you. Climate change is a hoax.
320,4912,2,17,123,142,1.147887323943662,0.03306834502771489,656,This planet is so amazing. Dang!
2052,4912,3,15,124,142,1.147887323943662,0.03454570253648118,656,"I know you can only speak using the kind of weather you give us, but I'm afraid many of us will continue to irresponsibly take as much of your finite resources as we can unless you strike the fear and wrath of your universe upon us."
1238,4914,3,16,130,149,1.1476510067114094,0.033502585953474856,656,I hate to debate with you on this but I'm right and you're dead wrong!
229,4914,2,18,129,149,1.1476510067114094,0.03212053150249488,656,The debate on the 'Greenhouse effect' has a new twist.
328,4914,3,16,130,149,1.1476510067114094,0.033502585953474856,656,....and my opponent is a big fat tub of lard.
717,4917,4,15,137,156,1.1474358974358974,0.033790684425876356,656,And now the Earth will reveal us on which planet we are
2300,4918,2,15,112,129,1.1472868217054264,0.03497780164298459,656,I'd like to request Atlas as my second.
2752,4918,4,11,114,129,1.1472868217054264,0.03828439198670235,656,"Whatever you say, my constituents, by their overwhelming approval of me, have proven me right."
4011,4918,1,17,111,129,1.1472868217054264,0.03320124360273608,656,I see  that there is a leak in the Panama Canal and the voters need an explanation of how this will affect its abilities to perform its duties.
4435,4918,1,17,111,129,1.1472868217054264,0.03320124360273608,656,"If you are so frigg'n important, meet me in person!"
1280,4922,3,18,142,163,1.147239263803681,0.03165883713628662,656,... and now you can have all the time you need.
1683,4923,3,19,148,170,1.1470588235294117,0.030839021197083684,656,"No, I will not translate that into Esperanto for you."
4802,4923,1,18,117,136,1.1470588235294117,0.03221897397089213,656,"Could you please stop blathering, and let me get a word in edgewise"
90,4923,1,18,117,136,1.1470588235294117,0.03221897397089213,656,If the earth only could talk.We all be in trouble!
1117,4926,2,17,124,143,1.1468531468531469,0.03285256524000237,656,It looks like it you vs. me.
2397,4926,3,15,125,143,1.1468531468531469,0.034318859233490664,656,Hold it right there! I'm the crazy one?
2871,4926,4,13,126,143,1.1468531468531469,0.035725021418155686,656,"I feel I'm at a significant disadvantage, and yes we can be done with platitudes."
1293,4929,2,18,130,150,1.1466666666666667,0.03192085664169662,656,Where's Nova Scotia?
2049,4929,2,18,130,150,1.1466666666666667,0.03192085664169662,656,"Oh, settle down.  I have connections."
3786,4929,2,18,130,150,1.1466666666666667,0.03192085664169662,656,"s
""And as you can surely see, my opponent has very much been sweating the outcome of this debate."
3269,4932,2,19,136,157,1.1464968152866242,0.031061684432245454,656,"Dear God: ""I sang your praises in Church every Sunday, and this is how it ends - crushed by Mother Earth - Thanks for nuthin'!"""
4074,4932,3,17,137,157,1.1464968152866242,0.03234945991970355,656,"Congratulations sir, I now have the honor of giving you the title of the best person on Earth."
3104,4934,2,15,113,130,1.146153846153846,0.03472618588143834,656,…and that is why I should be awarded the stylish space sunshade than my colleague.
2920,4935,0,20,117,137,1.145985401459854,0.030277353216513085,656,Point of Information! What's with this global warming?
764,4936,2,17,125,144,1.1458333333333333,0.032639560491693344,656,"I don’t think you are correct!!
Global warming is a plot by the democrats!!"
1336,4936,4,13,127,144,1.1458333333333333,0.03549071855205391,656,Climate Deniers Debating Against Reason
1689,4936,3,15,126,144,1.1458333333333333,0.034094955729785104,656,It's a living!
2198,4936,3,15,126,144,1.1458333333333333,0.034094955729785104,656,America First! We're Number 1! USA!
1256,4940,1,16,107,124,1.1451612903225807,0.03376370813119502,656,You too.
1591,4941,2,16,120,138,1.144927536231884,0.03340844911708536,656,"Remember, when you cast your vote, it's not about size, it's about density."
1641,4941,3,14,121,138,1.144927536231884,0.034955843505855747,656,"Wait a minute, what are you trying to say here?"
3514,4941,2,16,120,138,1.144927536231884,0.03340844911708536,656,I’ll let this speak for itself.
338,4944,1,19,125,145,1.1448275862068966,0.030917190014512097,656,"Half empty or half full?
The question unfairly favors 
my opponent!"
2814,4944,3,15,127,145,1.1448275862068966,0.033873935697221545,656,"I don't care what you think, my boss Donal Trump, says that Man Made Global Warming is Fake News, so despite the the audience wearing waders I believe him."
242,4946,4,14,134,152,1.144736842105263,0.034181020603112226,656,No. Global warming is not real.
2372,4946,3,16,133,152,1.144736842105263,0.03288166348787278,656,"If our earth was flat, would we be able to do that."
577,4948,1,21,137,159,1.1446540880503144,0.029371895118737647,656,If I may be allowed to speak...
3254,4949,2,14,109,125,1.144,0.03538543531254157,656,"Today, I’d like to talk to you about the crisis of global warping."
1842,4950,3,13,116,132,1.143939393939394,0.03588312136617136,656,"And our next speaker, a man that carries the world on his shoulders, is none other than the electrifying , space exploring, tunnel digging,  
auto producing, pot smoking King of the Nerds movement."
3794,4951,4,12,123,139,1.143884892086331,0.03618951593220081,656,You really went around the 'you know who' to make that point...
219,4952,3,16,134,153,1.1437908496732025,0.0326797385620915,656,PLEASE! global warming.!?
1335,4952,2,18,133,153,1.1437908496732025,0.03133633674316681,656,"Ha, you can't rebut that there is no proof of global warning."
3734,4952,0,22,131,153,1.1437908496732025,0.02845992579874618,656,"Fortunately for liberty, Mr. G, we do not live in a pure democracy."
4900,4952,4,14,135,153,1.1437908496732025,0.03397005482027008,656,"But,I don't want to wear a sweater!"
2170,4956,2,19,139,160,1.14375,0.03051816012613271,656,And for my next trick . . .
3196,4957,5,14,148,167,1.1437125748502994,0.033197066770659575,656,Would you just fuck off already?
4745,4958,2,19,140,161,1.1428571428571428,0.030341153991807396,656,"Even at the world stage, it's American first"
4719,4958,1,22,145,168,1.1428571428571428,0.02836394581392585,656,I still say global resources aren’t shrinking.
4520,4958,1,20,133,154,1.1428571428571428,0.029752353955188736,656,But what about our ecosystems
4085,4958,1,17,115,133,1.1428571428571428,0.03227328541285171,656,"Buddy, I've heard all this BS before. Just because you're saying it doesn't mean I'm going to change my mind about global warming."
3798,4958,2,17,128,147,1.1428571428571428,0.032016676299564326,656,"new yorker cap con 3 12

No amount of huffing and puffing will convince me that the New Green Deal is anything but a hoax!"
540,4958,3,15,129,147,1.1428571428571428,0.03344032777032302,656,when Trump Eats to much
2338,4958,1,18,121,140,1.1428571428571428,0.03136403726645289,656,Gaia suddenly realized they had forgot to put on a tie today
1416,4958,4,13,130,147,1.1428571428571428,0.03480579666524227,656,Success is not sustainable if it is defined by how big you become or by growth for growth's sake. Success is very shallow if it doesn't have emotional meaning.
523,4958,2,18,134,154,1.1428571428571428,0.031146187627034697,656,"Henceforth, they will be known as the Confused Lakes."
3175,4958,2,17,128,147,1.1428571428571428,0.032016676299564326,656,"Folks, don't let her pull the oceans over your eyes!"
838,4968,2,18,135,155,1.1419354838709677,0.030958314442667462,656,Sorry. Guest speaker Christopher Columbus is missing.
5147,4969,2,17,129,148,1.1418918918918919,0.03181425790986645,656,It’s not just menopause!”
3856,4969,2,17,129,148,1.1418918918918919,0.03181425790986645,656,Make every Who holler!  Make every Who shout!
5123,4969,2,17,129,148,1.1418918918918919,0.03181425790986645,656,"My opponent seems to be in serious need of a face lift.  And just who, I ask you, is going to be paying for that?"
2448,4972,1,18,122,141,1.1418439716312057,0.03115728033544511,656,"Show us the tax returns, and the curve!"
1916,4973,3,13,118,134,1.1417910447761195,0.035377923514297256,656,I will resist!
2679,4973,1,17,116,134,1.1417910447761195,0.03204927098882861,656,"The world would like to explain its change of heart, concerning the ""greatest country on earth,""  and why it may be most affected by climate change.  
Not so much love, Mother Nature"
5270,4973,0,19,115,134,1.1417910447761195,0.030247891170812603,656,No clouding around.
4872,4976,1,16,110,127,1.141732283464567,0.0330214306056303,656,Who do you think you are with all your constant bellyaching about your imminent death?  Right-thinking people are sick and tired of your constant whining.  So knock it off!
2583,4977,4,15,144,163,1.1411042944785277,0.032420237084101196,656,The MAGA Globalization debate
4576,4977,3,17,143,163,1.1411042944785277,0.03123029635706968,656,"The world is to much with us,  Late and soon....."
3488,4979,1,19,129,149,1.1409395973154361,0.03014586677956899,656,If you listen you will hear the world crying over global warmng
4446,4980,3,14,125,142,1.1408450704225352,0.0340276543445365,656,"And our next cotestant,Atlas!"
2541,4980,1,18,123,142,1.1408450704225352,0.03095320691717033,656,And this was before the global warming was heeded.
2877,4982,1,21,142,164,1.1402439024390243,0.028540217261665182,656,I say to my opponent: You'll come around to my ideas
4971,4982,0,23,141,164,1.1402439024390243,0.027197928271392564,656,I won! I win! I always win!
1900,4984,3,16,138,157,1.1401273885350318,0.03189609171731463,656,"If there's anything I, Ted Cruz, love – it's arousing debate. Did I say arousing? I meant a rousing. Oh boy, this is worse than the time I tweeted that porn link."
5264,4984,3,16,138,157,1.1401273885350318,0.03189609171731463,656,Omolmpnnn
88,4986,3,15,132,150,1.14,0.03281021284774139,656,"I am disappointed in you, as a species. I am dying"""
894,4986,1,19,130,150,1.14,0.0299589577570406,656,This moon view is great!
1989,4986,1,19,130,150,1.14,0.0299589577570406,656,Ok. I grant that you are not flat. But seeing you over there while I am standing over here on you has me a bit startled.
2931,4989,2,16,125,143,1.1398601398601398,0.032313528879794,656,"Take it away, Vanuatu!"
2433,4989,2,16,125,143,1.1398601398601398,0.032313528879794,656,God created the earth. Man created the walls.
355,4989,5,10,128,143,1.1398601398601398,0.03660113819792885,656,"Lets holdoff on the Golden Rule for now. 
Frank Buckley Andover, MA"
666,4989,0,20,123,143,1.1398601398601398,0.029106322958872888,656,"So, world  what do you have to say about your energy?
We're listening."
1721,4989,1,18,124,143,1.1398601398601398,0.030751765679806843,656,"And the world began with "" ladies and gentlemen of the jury"""
721,4994,2,15,119,136,1.1397058823529411,0.03328884959515664,656,"When the world gets heavy, it'shard to lift it"
4319,4994,2,15,119,136,1.1397058823529411,0.03328884959515664,656,"Its me against the world, just think and a short while ago I was just selling condos in Boca. Now, where did I put the codes?"
4914,4994,1,17,118,136,1.1397058823529411,0.03161036294469461,656,We've got a huge problem here and that is the planet is dying.
5177,4997,1,16,112,129,1.1395348837209303,0.03254429384447029,656,Other planets are willing to have something to do with us since we put the planet on the platform.
3383,4998,4,14,140,158,1.139240506329114,0.032952919428260376,656,I'm more of a Thomas Guide guy myself.
5173,4998,1,20,137,158,1.139240506329114,0.029051986740928366,656,"It's room temperature, not warming up!"
2944,4998,3,16,139,158,1.139240506329114,0.031705981198536855,656,I will not apologize!
4350,5001,2,17,132,151,1.1390728476821192,0.031221964164657206,656,I am tired.
4791,5002,1,17,119,137,1.1386861313868613,0.031395347689936605,656,If I were the King of the world  Tell  you what I wouldn't do.
1871,5003,2,18,139,159,1.1383647798742138,0.030228790060765367,656,"In closing, I implore you to not be fooled by my opponent's cooked up arguments."
342,5004,2,13,108,123,1.1382113821138211,0.03525426624238577,656,"Finally, my opponent is too exploited to achieve any of those up in the air promises about our future."
1098,5005,2,17,133,152,1.138157894736842,0.031029368734405406,656,Enough with the global histrionics about climate change.  Your time is already up.
4226,5006,3,14,128,145,1.1379310344827587,0.03336304660620688,656,"Not such a good evening,  ladies and gentlemen ."
4182,5006,3,14,128,145,1.1379310344827587,0.03336304660620688,656,"He came, he saw...and now we're here. But why?"
2234,5006,3,14,128,145,1.1379310344827587,0.03336304660620688,656,Just because Oumuamua didn't make contact doesn't mean that there isn't extraterrestrial life!
3108,5006,1,18,126,145,1.1379310344827587,0.030356580795963806,656,"Actually, I think you might still be racist."
1653,5006,1,18,126,145,1.1379310344827587,0.030356580795963806,656,I'm Little Adam...and you must Big World
124,5006,0,20,125,145,1.1379310344827587,0.028735632183908046,656,"According to world opinion, we are entering a new era of the Monroe Doctrine."
1690,5006,2,16,127,145,1.1379310344827587,0.03189525730002668,656,"And here's our main speaker, Mr. E, from the movie Men In Black 4"
1182,5013,2,15,121,138,1.1376811594202898,0.03283564079811757,656,That's why I invented the Space Force.
4681,5013,1,17,120,138,1.1376811594202898,0.03118321317353309,656,"All due respect, but if we won't listen to the scientists, there's no way we're going to accept your views on climate change, the Earth!"
2734,5015,2,18,140,160,1.1375,0.030051711197732974,656,"There he goes again!!
Denying global warming"
1354,5016,1,19,133,153,1.1372549019607843,0.029411764705882356,656,This is really Earth!
1867,5016,2,17,134,153,1.1372549019607843,0.03083911826106076,656,"Please hold your applause until all are sedated."""
667,5016,3,15,135,153,1.1372549019607843,0.03220326888881306,656,The power of crust compels you!
1241,5016,4,13,136,153,1.1372549019607843,0.03351193577116516,656,We're staging this one with a more worldly buyer in mind.
867,5020,2,16,128,146,1.1369863013698631,0.031690128440218124,656,"But first our guest will begin with the classics ""I'm Going to Wash that Man Right Out of My Hair,"" ""Bali Hai"" and ""Some Enchanted Evening."""
1105,5020,5,10,131,146,1.1369863013698631,0.03588431655230741,656,"Now, let's go to the video tape."
2527,5020,4,12,130,146,1.1369863013698631,0.03454288440672902,656,"...babies come from storks...therefore, people are really dinosaurs! Tyrannosaurians  proclaim our right to eat Canadians!"
4902,5023,3,15,136,154,1.1363636363636365,0.03200588528420813,656,Hawaiian Pizza tastes better than any other topping!
1322,5024,3,14,130,147,1.1360544217687074,0.03293413337570795,656,What is your position on Blue Dot Socialim ?
1431,5025,1,15,109,125,1.136,0.03281227150458075,656,And to my esteemed colleague representing NADTA ...
770,5026,1,20,141,162,1.1358024691358024,0.028383557212400504,656,"Well, at least I don't have a split personality!"
2683,5027,3,10,105,118,1.1355932203389831,0.037899457245759154,656,Global Warming Debate
2512,5028,2,16,130,148,1.135135135135135,0.03128763392829657,656,Relax; climate change results in a new Earth 2.0.
4660,5028,0,20,128,148,1.135135135135135,0.028196785457151402,656,Didn't you once tell me it's best to let cooler heads prevail?
3866,5030,0,22,141,163,1.1349693251533743,0.02684576505455381,656,Circular? Yes. Globular? Everyone sees the answer is no.
3746,5031,1,17,123,141,1.1347517730496455,0.030563532176288457,656,"You sir, haven't the faintest idea what you are talking about!"
4358,5031,3,13,125,141,1.1347517730496455,0.03371592716029705,656,Last bits of the States to go !!All the nationalists of Europe beware - a chance to stock upon the original European genetic pool dating 200 years back as preserved in natives-free America !!
2570,5033,3,15,138,156,1.1346153846153846,0.031618249252890404,656,"Q to Earth: What do you say to those that don't believe in climate change?
A: They're idiots!"
4766,5033,0,21,135,156,1.1346153846153846,0.027414863267970668,656,I will not accept your previous remarks as Pangea!
1333,5035,3,17,151,171,1.1345029239766082,0.029852540212793453,656,hey are you holding?
2015,5035,3,17,151,171,1.1345029239766082,0.029852540212793453,656,"Mr. President, I told you, The World is a Vampire."
616,5037,0,20,129,149,1.1342281879194631,0.028021586935321606,656,It’s very big but it’s great again
4690,5037,3,14,132,149,1.1342281879194631,0.03251604986887861,656,"You are a round object, aren't you? Please. Turn around. Let's other sides of you also use the podium."
3572,5039,3,16,145,164,1.1341463414634145,0.030611003513919093,656,...and I think he world of my honorable opponent!
4367,5040,1,15,111,127,1.1338582677165354,0.03232870160449925,656,And that's not a dog whistle!
474,5041,0,21,136,157,1.1337579617834395,0.02725317782493559,656,"If I get rolled here, well, I am the last of the Nationalists."
4059,5041,0,21,136,157,1.1337579617834395,0.02725317782493559,656,Let’s chalk up that last argument to Global Weirding!
4169,5041,1,19,137,157,1.1337579617834395,0.028712279931863094,656,Americus Vespucci's legacy speaks for itself!
118,5044,1,16,118,135,1.1333333333333333,0.031191556737668314,656,"So, you are just getting started, 
that is your warm-up pitch?"
557,5044,3,12,120,135,1.1333333333333333,0.0345547370232544,656,This year we're addressing the issue of equal time head on...
1099,5044,2,14,119,135,1.1333333333333333,0.03291612874006791,656,"Hey,  don’t do me any favors. I’ve been here through the Stone Age the Ice Age and the Space Age. Hmmp. Earth Day”

Thomas L. View, Washington, D"
1457,5044,4,12,134,150,1.1333333333333333,0.03366723148351161,656,"Hey, fossil fuel got us this far. Think about what those earnings mean to your grandchildren!"
3452,5044,4,10,121,135,1.1333333333333333,0.03611908318686691,656,I'm telling you CO2 is the greatest thing since Chicxulub!
4164,5044,1,16,118,135,1.1333333333333333,0.031191556737668314,656,"Here's another episode of ""HERBIE vs.THE WORLD!"""
3640,5050,2,15,126,143,1.132867132867133,0.0317545034892833,656,"No, sir!  Your global warming problem is not caused by bird farts."
963,5050,0,19,124,143,1.132867132867133,0.028484423451631158,656,"My opponent can only get electoral votes from the top half."""
1530,5050,1,17,125,143,1.132867132867133,0.030163810031416292,656,"Entering the race for library trustee, Earth says 'I just need a win from you people...'"
1782,5053,3,16,147,166,1.1325301204819278,0.0302625346892747,656,I'm called to go my own way.  I really cannot be distracted by what you all think.
1120,5054,1,18,132,151,1.1324503311258278,0.029229240385051532,656,It's just you and me now
1608,5054,2,16,133,151,1.1324503311258278,0.03070258481362244,656,"Ladies and Gentlemen, let's welcome, Pamela Geller!"
2410,5054,2,16,133,151,1.1324503311258278,0.03070258481362244,656,Let it snow - Let it snow - Let it not snow.
1321,5057,2,14,120,136,1.1323529411764706,0.03268790747574543,656,Hail Hydra!
3151,5057,1,16,119,136,1.1323529411764706,0.030976875782900634,656,"I'll prove the hemispheres won't bury us...
won't bury us.. won't..."
2971,5059,2,15,127,144,1.1319444444444444,0.03154671148648733,656,My oopponen
1385,5059,1,17,126,144,1.1319444444444444,0.029967814543048924,656,I said before: I refuse to debate on a costume.
3397,5061,4,12,136,152,1.131578947368421,0.03324577420990442,656,And…the winner is…
2248,5062,2,14,121,137,1.1313868613138687,0.032462810654466094,656,I pledge allegiance to America...and the Bully Pulpit!
2834,5062,3,12,122,137,1.1313868613138687,0.034076036778702606,656,And I promise to remain the Yang to your Ying
2853,5062,1,16,120,137,1.1313868613138687,0.030765107973675997,656,Objection! How can a planet check its temperature?
1000,5065,3,15,142,160,1.13125,0.03087033518346736,656,"""Who is John Galt?"", you ask; why he is our very next speaker!"
3788,5066,2,15,128,145,1.1310344827586207,0.03134160506766892,656,"In conclusion might I point out that climate change has been proven by many to be fake news.  And now I must leave quickly, I have a plane to catch."
4068,5066,2,15,128,145,1.1310344827586207,0.03134160506766892,656,Don’t get your knickers in a bunch!
4418,5068,4,12,137,153,1.130718954248366,0.03303896134509485,656,"In line with our rich history of intervention in Latin America, Mr Maduro is next!"
4635,5069,3,12,123,138,1.1304347826086956,0.033841603015051513,656,"Despite the size of these lakes in North America,they are still aneurysms in streams."
4993,5069,2,14,122,138,1.1304347826086956,0.03224077498806981,656,So why exactly is the United States called America?
897,5069,2,11,102,115,1.1304347826086956,0.03605601864620562,656,She trying to decide whether to leave the cold air up there or let it go lower.
2118,5072,0,19,127,146,1.13013698630137,0.027940990910990393,656,well I might have some trouble pulling a win this time
5055,5073,2,13,116,131,1.1297709923664123,0.033220108953149606,656,"The very fact that you stand there, sir, signifies flat earth. Have you ever tried to hold a ball on another ball?"
3842,5074,3,12,124,139,1.129496402877698,0.03361035814992439,656,Your plan to implement your environmental platform is unworldly!
4672,5074,2,14,123,139,1.129496402877698,0.03202173887237975,656,For example...
2249,5076,2,11,103,116,1.1293103448275863,0.03576152148412504,656,World renowned scientist gives lecture.
3495,5077,2,15,130,147,1.129251700680272,0.030939244806785185,656,Our next speaker...
4514,5078,2,14,124,140,1.1285714285714286,0.03180564233210799,656,"Well, of course our launch of Starbucks Delivers includes all points in the Atlantic and Pacific Oceans 24/7."
3120,5078,0,18,122,140,1.1285714285714286,0.02839100277060259,656,"I say intergalactic, and you say..."
31,5078,0,18,122,140,1.1285714285714286,0.02839100277060259,656,the Voice of America will be debating for the Affirmative
1921,5078,1,16,123,140,1.1285714285714286,0.030146707303438162,656,So I’ve heard the chef here uses only the most seasonal ingredients.
458,5082,1,17,130,148,1.1283783783783783,0.029208479322487425,656,My parents lived on that land.
630,5082,2,15,131,148,1.1283783783783783,0.030741892064240453,656,I am World and hear Al Gore!
2088,5082,1,17,130,148,1.1283783783783783,0.029208479322487425,656,"Oh, yeah! Who made you the host of this debate?"
3855,5082,1,17,130,148,1.1283783783783783,0.029208479322487425,656,It is my great pleasure to speak for our world today!!
3520,5086,2,16,138,156,1.1282051282051282,0.029774377266374354,656,"Bullying tactics, again  from you!"
1967,5086,2,16,138,156,1.1282051282051282,0.029774377266374354,656,Progress isn’t the only thing that can’t be stopped.
2011,5086,2,16,138,156,1.1282051282051282,0.029774377266374354,656,Just because you are bigger than me does not imply I'm trying to kill you!
2722,5086,2,16,138,156,1.1282051282051282,0.029774377266374354,656,"In case you've been watching FOX News, let me point out that you are not looking at America after the state of emergency is overturned."
4027,5086,0,15,102,117,1.1282051282051282,0.03104065372509629,656,Be careful where you are rolling!
4157,5091,1,17,131,149,1.1275167785234899,0.029024578180982575,656,Who voted for it? You might never know-that one.
1756,5092,1,18,138,157,1.127388535031847,0.02818204894162055,656,"I'm sorry, but it's personal now.  You Sapiens really suck!"
708,5093,2,13,119,134,1.126865671641791,0.03251622143116169,656,Who Are You Going Tp Believe Them Or Me
860,5093,3,11,120,134,1.126865671641791,0.03419832608176,656,Can we here it from you!
2947,5093,1,15,118,134,1.126865671641791,0.030742215364646233,656,"The next speaker is the Earth herself, against sexual harassment"
36,5096,2,14,126,142,1.1267605633802817,0.03138203590531418,656,That is not my base! Tell the prop dept of APAC to damn well come up with something fresh!
1420,5096,3,12,127,142,1.1267605633802817,0.03293512256587904,656,Aaaaahhhhhhh!!
1479,5096,0,18,124,142,1.1267605633802817,0.028018778271515266,656,...and for that point exactly
2205,5096,0,18,124,142,1.1267605633802817,0.028018778271515266,656,The nations have spoken: we need to turn down the AC.
3751,5100,2,15,133,150,1.1266666666666667,0.03035460325636959,656,I still say it's wrong for schoolchildren to go on strike against global warming!
80,5100,1,17,132,150,1.1266666666666667,0.02884296240400122,656,I have the sad news to report that my co-speaker has been lost somewhere over the ocean.
2429,5100,1,17,132,150,1.1266666666666667,0.02884296240400122,656,"Yes, but, the air is better over here!"
679,5103,2,12,113,127,1.125984251968504,0.03352424888977445,656,"I'm tired of hearing about your world view! We need to take care of ourselves!    Peter Giessner, Peapack NJ"
5199,5104,3,12,128,143,1.1258741258741258,0.03271600722345283,656,Where is your REAL cartographer's map?
4046,5105,3,13,135,151,1.1258278145695364,0.031594332296361764,656,Don't get all hot under the collar.
961,5105,3,13,135,151,1.1258278145695364,0.031594332296361764,656,"I say, you can go to hell in a handbasket as long as I always have my beer."
985,5105,4,11,136,151,1.1258278145695364,0.03296213060473306,656,"Don’t worry, the microphone maintains inertia."
1346,5105,2,15,134,151,1.1258278145695364,0.030164575457022034,656,"Drill baby, drill!"
3711,5109,1,18,140,159,1.1257861635220126,0.027849348439146354,656,You had your chance to talk already. Now let us get back to work!
5035,5110,2,14,128,144,1.125,0.030969506520290797,656,last night's coverage of Me vs. The World
5077,5110,1,16,127,144,1.125,0.029359585095590793,656,How big could this world really be?
3737,5110,2,14,128,144,1.125,0.030969506520290797,656,"As a Republican or Democrat in Washington DC, the world is our enemy."
3481,5110,2,16,142,160,1.125,0.02907104721477233,656,My obituary will be ready soon.
3539,5110,4,9,123,136,1.125,0.03529752162234253,656,"This time, sir, I'm here to speak for myself!"
404,5110,2,13,121,136,1.125,0.032063220501572544,656,"Sorry, this is two party system."
949,5116,2,15,136,153,1.1241830065359477,0.029791532075021988,656,How do we know you’re not wearing 3D makeup?
392,5117,1,15,121,137,1.1240875912408759,0.030108675841575592,656,"Twitter Dude: ""Well, actually..."""
993,5117,3,11,123,137,1.1240875912408759,0.03348457517790285,656,"You still insist you are round. Another lie, you are flat. Lie number 50457. You should run for President."
2532,5117,2,13,122,137,1.1240875912408759,0.0318413970781568,656,My opponent weighs in heavily with visuals that average out to less then a 2% rise in global climate change.
5042,5117,0,17,120,137,1.1240875912408759,0.02826995143217092,656,"All I hear is blah, blah, blah...."
615,5121,2,12,115,129,1.124031007751938,0.033031125095076184,656,"I beg to differ, you are using MY time!"
2110,5121,2,12,115,129,1.124031007751938,0.033031125095076184,656,I never called you a MILF!
4716,5123,2,15,137,154,1.1233766233766234,0.02960843129289957,656,"Uphill, wheel left.
Downhill, wheel right."
1012,5124,2,16,145,163,1.1226993865030674,0.028564862767221484,656,"By Jove! That giant globe centerpiece just fell and crushed my opponent. This is quite unfortunate for her and her family, my condolences... *phew* what a relief, my speech wasn't nearly as good as hers, but I'm bound to win now!"
752,5125,2,14,131,147,1.1224489795918366,0.030370555240784372,656,Eureka!
1314,5125,1,16,130,147,1.1224489795918366,0.02879553204089103,656,"Is that Earth? She looks awful. Did she catch that humanity bug that’s going around?”

“No, didn’t you hear? Her and Pangea split up.”

“Oh that’s much juicier."
2155,5127,0,16,115,131,1.1221374045801527,0.028718776889342296,656,Global warming Ha!
1184,5128,2,11,110,123,1.1219512195121952,0.03382687901738569,656,"Unlike you, I am beholden to no one."
5160,5128,2,16,146,164,1.1219512195121952,0.028400009016040492,656,"But actually, you see, global warming is false propaganda by feminists."
1827,5130,2,15,139,156,1.1217948717948718,0.02924886616389331,656,I’d like an opportunity tomrespond to my opponent
3350,5131,1,16,131,148,1.1216216216216217,0.028612270367330384,656,You should be more dispassionate about climate change.
3618,5131,2,14,132,148,1.1216216216216217,0.03017599507771777,656,"On behalf of planet earth I am saying good bye as he departs our solar system for a kinder gentler space in the unknown.


Susan Elwood
Monterey California"
2219,5133,2,13,125,140,1.1214285714285714,0.031193882221734227,656,However; speaking economically...
1965,5134,0,18,131,149,1.1208053691275168,0.026788893412256726,656,Where’s Helen Reddy when I need need her MOST?
2469,5134,1,16,132,149,1.1208053691275168,0.028431312523702748,656,Respect you? You first need to learn to hold your temper like an adult and not blame me for yourself being hot headed.
1186,5136,2,13,126,141,1.1205673758865249,0.030983829663298712,656,"The top land formation is not only the center of the earth,it is the center of the universe"
4348,5137,1,16,133,150,1.12,0.02825261564577235,656,"The 'Everyone is on my side' argument won't work with me, fella.  American beer still beats European beer in my book."
5252,5138,1,18,148,167,1.1197604790419162,0.026593091163402787,656,"No, no, I didn’t mean that--don’t cry!"
995,5139,2,13,127,142,1.119718309859155,0.030776574197730895,656,"Firstly, I'd like to start by acknowledging the traditional owners of  the land, paying respect to Elders; past, present and emerging..."
359,5140,3,10,121,134,1.1194029850746268,0.03357429553316007,656,"And are you going to call my tax plan ""oblate spheroid"" as well?"
2425,5140,0,16,118,134,1.1194029850746268,0.02811709033036365,656,I've decided to give it a rest.
1720,5142,0,17,126,143,1.118881118881119,0.027159984864685495,656,The New World is not automatically preferable to the Old
1648,5142,2,13,128,143,1.118881118881119,0.030572060616337517,656,My opponent chose not to be here tonight.
4310,5144,2,12,121,135,1.1185185185185185,0.03163475192294538,656,There is no such thing as global warming. I must be right no one will  debate me.
3947,5145,1,16,135,152,1.118421052631579,0.027901838537781165,656,"Tweet, tweet!"
4705,5146,0,17,127,144,1.1180555555555556,0.026983346503309306,656,"‘“... one nation under God,indivisible, with liberty and justice for all”"
127,5147,0,16,120,136,1.1176470588235294,0.027729677693590107,656,Don’t believe climate change is real? I’m gray!
2188,5147,1,14,121,136,1.1176470588235294,0.029628828644818663,656,Nothing appealing about this universe.
2905,5147,3,10,123,136,1.1176470588235294,0.0331018490512434,656,"If this is to scale, I must be at least 6'5""!"
3655,5147,1,14,121,136,1.1176470588235294,0.029628828644818663,656,I told you not to feed the Mercator map table food…it makes it bloated.
5272,5147,1,14,121,136,1.1176470588235294,0.029628828644818663,656,you have one leg to stand on
4713,5152,0,17,128,145,1.1172413793103448,0.026808974229173797,656,Earth stop you have already been through enough!
3491,5152,2,13,130,145,1.1172413793103448,0.030171045398636062,656,Saved by the World!
1250,5152,1,15,129,145,1.1172413793103448,0.02853956096077043,656,Damn it globe! I am sick of warming ya!!!
916,5152,0,17,128,145,1.1172413793103448,0.026808974229173797,656,"GAIA, who would have been speaking for Earth is home sick tonight. So, Earth has requested a ""TIME OUT"" --- for a decade or two in order to properly prepare either a victory speech or a funeral oration."
4921,5156,2,11,115,128,1.1171875,0.03256786854803076,656,"No puppet. No puppet. You're the puppet! No, you're the puppet."
2458,5157,3,11,132,146,1.1164383561643836,0.031510956582628,656,Your mine all mine
2497,5157,4,9,133,146,1.1164383561643836,0.03297595633248303,656,"As you can see, Buddhism is now the sole religion in the Americas."
4006,5157,0,17,129,146,1.1164383561643836,0.02663682509015639,656,We are taking this precious planet to outer space for safekeeping
4885,5157,1,15,130,146,1.1164383561643836,0.028354783761706692,656,"My fellow Americans, this election isn’t about me against my opponent; it’s about you and me against my opponent."
3273,5161,0,18,137,155,1.1161290322580646,0.025816922886051894,656,Unfortunately no one can speak for this plant for they have all perished
3976,5162,1,14,123,138,1.1159420289855073,0.029222557595695114,656,"And now for our next speaker, Global WarNing."
811,5163,3,13,148,164,1.1158536585365855,0.02920384819944156,656,The president of the United States is now the earth. How do you feel about this country mr. president?
1303,5164,0,17,130,147,1.1156462585034013,0.026466857201419166,656,"Tyrannize, T-y-r-a-n-n-i-z-e, Tyrannize"
79,5165,1,16,139,156,1.1153846153846154,0.027225642412240313,656,"Superman, where are you?"
975,5165,1,13,116,130,1.1153846153846154,0.030174636572158135,656,"Now, that's a bunch of babble."
2561,5165,0,18,138,156,1.1153846153846154,0.025661695556225158,656,You are flat-ah!
4332,5165,2,14,140,156,1.1153846153846154,0.028704504710898093,656,I say we just go with Make Them Great Again!
0,5169,2,12,125,139,1.1151079136690647,0.03076736699358617,656,"Hey, all you 50-something liberals -- how about submitting a caption for this picture?  I know you motherfuckers are competitive."
4830,5169,0,16,123,139,1.1151079136690647,0.027168033469638378,656,This is the world 50 years ago - one man called climate change was so strong - he flooded Florida and made America smaller.
2855,5171,2,12,126,140,1.1142857142857143,0.030557872723352274,656,Great!  You blew the pollution INTO  the earth and voila! Just watch out for some guy with a giant pin!
1491,5172,1,15,133,149,1.1140939597315436,0.02781446090885912,656,Tantrum Trump speaks to his followers: “It’s me against them... It’s us against them.... It’s me against the world.... It’s us against the world........”
3060,5173,2,13,136,151,1.1125827814569536,0.029028487732057854,656,You'll never beat the whole globe.
755,5174,3,12,145,160,1.1125,0.02939042649930961,656,"Let me remind you, global warming is not real. It’s colder than ever!"
1400,5175,2,11,121,134,1.1119402985074627,0.03117503511839128,656,While I may not speak on behalf of two continents.....
688,5176,2,9,106,117,1.1111111111111112,0.03385484561237766,656,"Here you see Turtle Island: head in Baffin Bay, right foreleg in Labrador, right hind leg in Florida, left hind leg in Baja California, left foreleg in Alaska, tuchis in Texas, and tail in Mexico. My opponent wants to fence off its tail."
797,5176,1,14,129,144,1.1111111111111112,0.02806764069990781,656,"I know we are known as the ""Globe Theatre"" but this is beyond the pale!"
1664,5176,3,11,139,153,1.1111111111111112,0.03012923025259114,656,....MEAN WHILE BACK AT THE RANCH...
1697,5179,0,17,137,154,1.1103896103896105,0.025334848291600924,656,"This monstrosity, and I know this is hard to believe, is a terrible debater"
3032,5180,3,12,149,164,1.1097560975609757,0.028703590171422037,656,"I know that you can defend the current geopolitical economic policies, but I like nachos."
1087,5181,2,11,124,137,1.1094890510948905,0.030522204920593786,656,Baja California.  Definitely.
3540,5181,1,13,123,137,1.1094890510948905,0.028709977120488003,656,"I’ll probably will do it. Maybe, definitely."
4588,5181,1,13,123,137,1.1094890510948905,0.028709977120488003,656,The quarter-less globe
4465,5184,3,11,142,156,1.108974358974359,0.029573362744420253,656,Quit spraying spit when you talk!
112,5185,2,13,142,157,1.10828025477707,0.02796900163789992,656,Force Push!
1388,5186,0,16,134,150,1.1066666666666667,0.025288786926634704,656,Congratulations to those of you who had 'Esperanto' in the sweepstake.
1576,5186,4,8,138,150,1.1066666666666667,0.031582662627977265,656,"I didn't aware when saying ""Make our planet great again"""
3155,5186,0,16,134,150,1.1066666666666667,0.025288786926634704,656,And this is his hair brain...
868,5189,1,13,127,141,1.1063829787234043,0.027934878061619952,656,"Trump: Mexico will pay for the wall
The World: Ummmm I don't thin-
Trump: NO, NO, QUIET I SAIDDDD MEXICO WILL PAY FOR THE WALL
Mexico: No thank you 
The World: We told yo-
Trump: I SAID MEXICO WILL PAY OKAY? MEXICO WILL PAYYYYY!
The World: okay buddy"
1568,5189,1,13,127,141,1.1063829787234043,0.027934878061619952,656,Last time you used a spoon to remove the fly.
4934,5189,0,15,126,141,1.1063829787234043,0.02605840151896999,656,I challenge you to show that climate change is nothing but a hoax.
1493,5192,0,12,101,113,1.1061946902654867,0.029111451174891154,656,But we were told that we were winning!
3700,5193,1,12,119,132,1.106060606060606,0.028972646886143236,656,And then the northern blob introduced itself to the southern blob and the rest is history.
2845,5193,2,10,120,132,1.106060606060606,0.030904282690156035,656,As you can see Casper the ghost is surrounded by tectonic plates.
1626,5195,3,10,138,151,1.1059602649006623,0.029940806769423345,656,"If you truly don't usually moon me, then please show us all what you're hiding behind China!!"
1698,5195,3,10,138,151,1.1059602649006623,0.029940806769423345,656,"As our guest speaker tonight, we have, uh, well..."
2738,5197,1,11,111,123,1.1056910569105691,0.0301336667012711,656,"I said a contour drawing, not shapes."
4852,5198,2,11,129,142,1.1056338028169015,0.029492674484594368,656,"Most all the stage's a world, as I like it for a global warming debate."
3198,5199,2,10,121,133,1.105263157894737,0.030681404576354532,656,Live:  Horton and Whoville debate post WWII views on immigration
4963,5200,0,13,111,124,1.1048387096774193,0.0276222419261944,656,"Ladies and gentlemen,we are honored to have Mr World with us tonight. Mr. World is a specially-designed electronic globe that is able to answer any questions you may have on climate change."
3752,5201,3,10,140,153,1.1045751633986929,0.02956425705508829,656,"As we're behind schedule, our next speaker has promised to keep his remarks short."
3825,5201,0,16,137,153,1.1045751633986929,0.024820301351974477,656,"-WHITE MALE PLATFORM-""Hold ON!  I am NOT done talking."""
2305,5201,2,12,139,153,1.1045751633986929,0.028072156725371743,656,"If elected, I will fix our worldly problems"
895,5204,1,12,121,134,1.1044776119402986,0.028560371840774455,656,"As you see, my opponent has no defense on that issue."
4449,5205,3,7,115,125,1.104,0.03374286065468205,656,"He's got the whole world in his hands !
Ann Haskell
Climax, New York"
1724,5206,0,16,138,154,1.103896103896104,0.024667952204354145,656,"...for example, Jesus ..."
1691,5207,0,15,130,145,1.103448275862069,0.025378623179102996,656,That's not an argument My opponent should show up
1962,5208,1,14,140,155,1.103225806451613,0.02617045339275437,656,"Next speaker please, Mr Earth what say you!"
351,5209,1,12,123,136,1.1029411764705883,0.02815962081636289,656,"It's OK, the dog is merely chasing his own tail-unablr to make a deal."
4328,5209,2,10,124,136,1.1029411764705883,0.03003159513570627,656,"And now we will hear from the mother of all speakers on climate change.
Drew Bridges, Wake Forest, NC"
782,5211,1,12,124,137,1.102189781021898,0.027963417517958618,656,Get  a good look while oyu can.
3680,5211,2,10,125,137,1.102189781021898,0.0298210483759282,656,Where is the Mexican ambassador? I told him to deliver the check for the wall here an hour ago. Typical lazy...peasant. I call 'em mendacious (not sure what it means but it sounds insulting)
2900,5213,3,9,135,147,1.1020408163265305,0.030119034924750553,656,"No sir, this is our ""Creamed Tornado Soup"", not Creamed Tomato."
1168,5214,1,13,134,148,1.1013513513513513,0.026674246598407465,656,"Listen up, you 7.5 billion people out there, I represent the top 5% of greatest wealth -- and that's 70%, so you're outvoted."
1179,5215,2,12,144,158,1.1012658227848102,0.027220205077070198,656,"Don't take Ath too seriously."""
4065,5216,0,13,116,129,1.1007751937984496,0.02660761670105812,656,you're shouting again.  stop.  this is such old news.
1896,5217,1,12,126,139,1.1007194244604317,0.027579070935448376,656,Ahhh! The Giant Ball!
3224,5218,1,16,162,179,1.100558659217877,0.023893466695731086,656,North America's going to crush my face and I won't be able to do anything about it.
1833,5219,1,14,145,160,1.1,0.02539003915023202,656,And now please welcome Mr Galapogos.
1932,5219,2,11,137,150,1.1,0.02798209718487045,656,"As you can see, 'World Table' is a comment platform — aimed at tipping the table on its edge."
1453,5221,1,13,137,151,1.099337748344371,0.026168020331545166,656,as you can see my opponent is a no show!  he still thinks that Leif Erickson was the first one here.   What a foolish thought.
4294,5222,1,13,138,152,1.0986842105263157,0.026003506113058905,656,"Indy, I already told you, “I don’t have it”."
1156,5222,1,13,138,152,1.0986842105263157,0.026003506113058905,656,Sure My opponent is larger but without me his face would be where his butt is!
4237,5224,0,13,119,132,1.0984848484848484,0.026033680930226354,656,You canC%22]/div[1]/form[1]/a[1]%22%2C%22href%22:%22https://account.newyorker.com/?retURL=https%253A%252F%252Fwww.newyorker.com%252Fcartoons%252Fcontest%2523thisweek%253Freload%253Dtrue%22}
4940,5225,2,12,149,163,1.098159509202454,0.02641829907985836,656,"I said, 'cars.' Massachusetts, I told you to stifle!"
215,5226,1,13,139,153,1.0980392156862746,0.025841040300410557,656,No wall stop our next speaker.
1101,5227,0,13,120,133,1.0977443609022557,0.02584780642677926,656,what a bimbo bear you are!
3594,5228,1,14,149,164,1.0975609756097562,0.024798321930048165,656,My tower doeth protest?
3633,5229,2,9,123,134,1.0970149253731343,0.02971718521272144,656,Your incontinence makes you sound like ET or maybe Joe Lieberman!
5227,5230,3,9,143,155,1.096774193548387,0.02861733949340029,656,"No, No, No, it doesn't exist."
2107,5230,3,9,143,155,1.096774193548387,0.02861733949340029,656,"Order, orrr der!"
3833,5232,1,13,142,156,1.0961538461538463,0.025365559180572123,656,We are testing this as a potential backdrop for the Oval Office with the lectern replacing the ResoluteDesk.
1752,5233,2,8,115,125,1.096,0.030950532852779267,656,"Trump lectures the world: there's no debating it, I've made America great again, better than all of you and that other hemisphere hiding behind you!"
2008,5234,0,14,132,146,1.095890410958904,0.02445198532875182,656,"My opponent's ideas make quite a splash, but they just don't water!"
368,5235,1,12,134,147,1.0952380952380953,0.02614150673126402,656,"This is America, whooot."
2672,5236,1,11,125,137,1.094890510948905,0.027181963368189652,656,Here you can see projected evolution of our planet next century without carbon capture.
4917,5237,3,7,129,139,1.0935251798561152,0.03044877953991357,656,...But she changes her mind every second.
2327,5238,1,12,138,151,1.0927152317880795,0.025477329883008413,656,"There’s my opponent, running around the world, counting his money, a beautiful girl on each arm."
3973,5238,1,12,138,151,1.0927152317880795,0.025477329883008413,656,Elect her and she
4764,5240,2,11,149,162,1.0925925925925926,0.02598501269117757,656,Global warming is Wavey af
4039,5241,0,14,138,152,1.0921052631578947,0.023532685970443497,656,I needed a platform like Dukakis to not be upstaged by you!
5273,5242,0,13,130,143,1.0909090909090908,0.0241247678379216,656,look at this fucking fattie bro
648,5243,0,14,142,156,1.0897435897435896,0.022957137879876032,656,The polar bears are on the Hudson Bay.
91,5244,1,12,146,159,1.0880503144654088,0.024245066435393862,656,"Baton Rouge, Louisiana; Indianapolis, Indiana
And Columbus is the capital of O-hi-o"
587,5245,3,8,149,160,1.0875,0.0271663579872111,656,AAukkeueue6we6
3268,5246,1,9,116,126,1.0873015873015872,0.0276482239616546,656,"The world. She a big. She a beautiful. Me, the man beside, fella so small? I hold her back, I reject the lady. Too large. She a big, and I am object."
1678,5247,1,10,128,139,1.0863309352517985,0.02599698896708881,656,This is a congress of the World Health Organization...  Organization
4098,5247,0,12,127,139,1.0863309352517985,0.02390771885395228,656,Technology... Entertainment... Duluth
4398,5249,0,13,138,151,1.086092715231788,0.022902803265947794,656,"You can call yourself Gaia, but let the people know your real name is Goliath, Mister Big Shot!"
904,5250,1,9,119,129,1.0852713178294573,0.027027762947638267,656,Revenge of the nerds
1251,5251,1,10,130,141,1.0851063829787233,0.025641440192185932,656,"I don't need your opinion, stay away!"
5117,5252,0,12,130,142,1.0845070422535212,0.023424180096928756,656,"Geez Mother, I packed my own lunch!"
1897,5253,1,10,132,143,1.083916083916084,0.025295463708765155,656,Just believe in Jesus
2421,5254,1,10,135,146,1.082191780821918,0.024793620164403795,656,And what about Pete Davidson and Kate Beckinsale?
943,5255,1,10,138,149,1.080536912751678,0.02431126104715795,656,Y
4928,5256,0,11,127,138,1.0797101449275361,0.023139759085480303,656,What an irony ! We are all witnessing my debate opponent being
3762,5257,1,10,142,153,1.0784313725490196,0.023696517034478917,656,"And as president, I will remove all coastal  entry restrictions.""
Gaye Fontoura, Ossining, N"
2385,5258,1,8,119,128,1.078125,0.026270321623998942,656,"We have to face the fact that if my opponents are that critical of Israeli policy, they may be anti-semites."
3853,5259,1,8,120,129,1.0775193798449612,0.0260729148199103,656,The World is a Vampire!
2364,5260,2,8,145,155,1.0774193548387097,0.02512721527973397,656,Stop in the name of the law!
2404,5261,1,8,121,130,1.0769230769230769,0.025878447610542976,656,"As you must already know, a thorn brought a lion to its knees. That's Mr.Thorn to you! And don't forget it!"
3169,5261,2,7,134,143,1.0769230769230769,0.026401283730497816,656,I have a pet peeve!
1562,5263,1,9,134,144,1.0763888888888888,0.024300351868311865,656,I’m just tryna stick my dick in your great lakes
1328,5264,0,10,121,131,1.0763358778625953,0.02328893953617374,656,"There has been allot of misconceptions about your financial situations"""
2563,5265,0,10,122,132,1.0757575757575757,0.023119068741795593,656,"excuse me waiter,there's an elephant nose in my soup."
2351,5266,0,11,136,147,1.0748299319727892,0.02177569545839644,656,The world's mine oyster
2882,5267,0,11,139,150,1.0733333333333333,0.021355972327761878,656,"Mother knows best, and you know it, buddy, please realize!"
1506,5268,1,9,143,153,1.0718954248366013,0.02291264419786975,656,"And on another note, ""MoM! I'lL bE HoMe ArOUnD SiX!"""
1188,5269,0,10,130,140,1.0714285714285714,0.021844204837443242,656,And now find the next power point.
3679,5270,0,10,131,141,1.070921985815603,0.02169464347048011,656,And the next step is Melancholia!
3317,5271,1,8,136,145,1.0689655172413792,0.02327408819691563,656,Our side of the world is clean the other side is dirty!
2288,5272,1,7,126,134,1.0671641791044777,0.02415154617383065,656,Not fair!  I was only scheduled to d
3458,5273,0,10,139,149,1.0671140939597314,0.020567915244658584,656,For your next conference or congress: a podium scaled exactly to  1/6 of 2 gazzlions  dimension of  the  planet  earth's surface.
216,5274,3,4,146,153,1.065359477124183,0.02568832703224239,656,"I told you that I didn’t want carrot soup”

For cartoon of the week in 3/11/19 issu"
246,5275,0,9,138,147,1.0612244897959184,0.019841158902911955,656,So how’s the California vacation Dad?
98,5276,1,7,140,148,1.0608108108108107,0.02191920377123694,656,Mr. Worldwide...
3532,5277,2,4,139,145,1.0551724137931036,0.02352814883960774,656,Penis
4241,5278,0,5,112,117,1.0427350427350428,0.018779289504360728,656,Message strong with 2nd grade athetic.
