target_id,rank,funny,somewhat_funny,unfunny,count,score,precision,contest,caption
1628,1,5922,4554,3685,14161,2.1579690699809335,0.006793245619463936,661,I am pleased to announce that Dopey will be leaving us to pursue a career as White House Chief of Staff.
2953,2,3585,4485,3451,11521,2.0116309348146864,0.0072802028762282735,661,"To be honest, finding out that you're all gay is a bit of a relief."
257,3,3403,4730,3453,11586,1.9956844467460728,0.007146835549159723,661,"Remember guys , when the prince comes you’re just my sisters kids."
58,4,2713,2936,3403,9052,1.9237737516570923,0.008602757757002498,661,"Grouchy, you'll be Press Secretary, Dopey you'll be Attorney General..."
2470,5,2223,3379,3176,8778,1.8914331282752335,0.008290564751103376,661,Don't tell me.  Let me guess. Creepy is behind me.
2261,6,2206,2906,3515,8627,1.8482670685058538,0.008614470348389473,661,"So, which one of you is ‘Wealthy’?"
2991,7,1520,1712,2479,5711,1.832078445105936,0.0108486642974368,661,"I would prefer, ""Hello, Snow White"". Not ""Hi, Ho"""
1339,8,1878,2389,3310,7577,1.8110069948528442,0.00925544841249873,661,This shot is for the USC application!  Pretend you know how to skate!
2150,9,1578,2207,2877,6662,1.8050135094566195,0.009730634004474046,661,I am now Snow Caucasian and you are the seven little persons.
3008,10,543,1110,1087,2740,1.8014598540145985,0.014240826507125938,661,OK. 10 more minutes. Then off to work you go.
2593,11,1230,2861,2952,7043,1.7555019167968196,0.008708098410142008,661,"Yes, they do make you look taller!"
2094,12,1377,2259,3073,6709,1.7472052466835595,0.009452695308132461,661,Good news ! The boss called and you're all hired. The company is downsizing.
1595,13,1141,1404,2563,5108,1.721613155833986,0.011261160988321904,661,Is Gropey still in the Snow White House?
2719,14,1238,2550,3207,6995,1.7185132237312366,0.008917849345532167,661,It doesn't matter if you're whistling or not.  OSHA says you have to wear a helmet.
1082,15,1107,1896,2784,5787,1.7102125453602903,0.010084265895330128,661,"How are all my little adjectives."""
1848,16,1051,2002,2802,5855,1.700939368061486,0.009855747778388525,661,"Global warming has forced some changes to ""Disney on Ice""."
1278,17,1358,2047,3448,6853,1.695024077046549,0.009422064778343535,661,"Hurry, we need to go meet the other Democratic candidates!"
3278,18,1404,2137,3606,7147,1.6918986987547222,0.009209346576690387,661,"We’ve hired a lobbyist to represent our interests in Washington, D.C. His name?  Sleazy."
2573,19,1064,1323,2648,5035,1.6854021847070506,0.011260165489255217,661,"Unlike Sleeping Beauty, I'm not afraid of small pricks on spinning wheels"
1365,20,1046,1890,2886,5822,1.6839574029543112,0.00994302931434111,661,"Well, this is a Grimm scene."
615,21,1034,950,2443,4427,1.6817257736616218,0.012432458667000936,661,"Oh, good - you're all here except Trumpy - that piece of shit."
2513,22,938,1428,2501,4867,1.6788576124922951,0.01113625773114595,661,"Scene eliminated by censors for; exploiting  ""people of short stature"", rollerskating without helmets, woman showing too much cleavage, sexual innuendo of 7 men frolicking together, ""Happy"" leering at woman, all characters too ""handsy""..."
88,23,611,1344,1923,3878,1.6616812790097988,0.011790559496742802,661,Amusing but what I said is that you guys needed to start dating
3233,24,657,802,1784,3243,1.6524822695035462,0.01396136320561041,661,A day in the life of Nancy Pelosi.
122,25,667,1579,2274,4520,1.6444690265486726,0.01077091971942628,661,"Now that the mine is closing, I am training you for Amazon home delivery"
1195,26,578,1091,1833,3502,1.6416333523700744,0.012647722731043878,661,I'd be a great referee for your roller derby; I'm the fairest of them all.
1908,27,347,631,1096,2074,1.6388621022179364,0.01651405882817865,661,If you're Happy and you know it clap your hands.
2874,28,849,1742,2885,5476,1.6281957633308985,0.009964743299256281,661,"Grumpy, you need to try these mushrooms that Happy just found!"
1249,29,1047,2042,3684,6773,1.610659973423889,0.00898679158568601,661,"""Really? All of you are running for the Democratic presidential nomination?"
816,30,403,713,1455,2571,1.5908206923376118,0.014698636689167252,661,"Hi to all of you too, but stop calling me ""ho""."
1584,31,221,431,830,1482,1.5890688259109311,0.019100508145117826,661,"C'mon Grumpy... Jazz hands, Jazz hands!"
2686,32,196,472,820,1488,1.5806451612903225,0.018463821987270507,661,"Grumpy, when it's your birthday we'll stay home and complain about the weather."
1068,33,348,766,1469,2583,1.5660085172280294,0.014124282352107359,661,"Against all odds, Coach White and her team advance to the roller derby world finals in what many are calling a true Cinderella story."
1438,34,388,656,1493,2537,1.5644461962948364,0.014749749586472809,661,"She relied on a spellchecker and, instead of a seven-foot-tall nice man, she got seven foot-tall ice men."
1266,35,350,859,1566,2775,1.5618018018018018,0.013404483177909996,661,"I mean, it's not like mining jobs are ever coming back."
967,36,358,890,1713,2961,1.5423843296183721,0.012866436641297777,661,We don't use that term anymore. You are persons of special stature.
3005,37,263,574,1198,2035,1.5405405405405406,0.015785451946056784,661,"Hi guys!  I'm Snow White's sister, Off White!"
2189,38,251,470,1086,1807,1.537908135030437,0.017072114254288808,661,"Ha ha! I fooled all of you, i'm olive oyl!"
1114,39,234,617,1198,2049,1.529526598340654,0.015269906953698346,661,Workplace morale hasn't been this high since we introduced whistling.
562,40,202,343,907,1452,1.5144628099173554,0.01907632285169964,661,"The caption contest will be over before Disney's attorneys can get the ""Cease and Desist"" letter to me."
945,41,146,267,700,1113,1.5022461814914645,0.021464982208602303,661,Get ready to start taking elfies
2266,42,138,321,734,1193,1.5004191114836547,0.0200951879804321,661,"Why, yes, . . I dated Pinocchio once, . . why do you ask?"
189,43,168,340,850,1358,1.4977908689248896,0.01914567742345886,661,"Jazz hands, Grumpy! Jazz hands!"
2548,44,201,307,937,1445,1.4906574394463667,0.01912405572422776,661,"Boys, Dopey has a new friend. Please say hello to Trumpy."
1416,45,165,382,905,1452,1.4903581267217632,0.018134571648412555,661,There is nothing like skating around the truth in a fairy tale.
1031,46,134,226,673,1033,1.4782187802516942,0.022207707541480756,661,"We have Sneezy, Grumpy and Happy. What we need is Gretzky."
121,47,108,283,654,1045,1.477511961722488,0.020903739713993598,661,"He might not be Prince Charming, but his minivan holds 9."
1468,48,137,277,740,1154,1.477469670710572,0.020550266106738883,661,So you ALL got jobs at the Amazon warehouse?!
833,49,133,300,755,1188,1.4764309764309764,0.01996944222071165,661,"Come on, Grumpy, jazz hands!"
511,50,110,237,631,978,1.467280163599182,0.022023489078688393,661,What the hell was in that apple!
3054,51,105,233,613,951,1.465825446898002,0.022234451437606714,661,Everyone be careful! Doc never went to medical school.
206,52,117,202,629,948,1.459915611814346,0.022867985415899482,661,Let’s keep Clumsy in our prayers.
2484,53,98,212,586,896,1.4553571428571428,0.022836729586767263,661,"Quit skating around the issue, your mining jobs aren’t coming back."
1447,54,88,221,564,873,1.4547537227949598,0.02270564634744764,661,"I told you to get ONE pair of roller skates, size SEVEN!"
2286,55,106,180,581,867,1.4521337946943482,0.023841038335896698,661,"When you greet me, please don’t keep saying, ‘hi, ho’."
1721,56,82,204,532,818,1.449877750611247,0.023416215852187977,661,"Don't worry, you'll only have to see him every other weekend...and I got to keep the castle!"""
421,57,91,190,547,828,1.4492753623188406,0.02376918875857561,661,Who will survive this weeks game of gnomes?
712,58,79,204,527,810,1.4469135802469135,0.0233806455523278,661,"Why yes, they do make you look taller."
3100,58,93,176,541,810,1.4469135802469135,0.024277227184888426,661,Do you think Popeye will recognize me in this dress?
1345,60,81,171,497,749,1.444592790387183,0.024885256078671886,661,"Grumpy, less ""Lollipop Guild"" and more Fosse!"
1593,61,93,161,529,783,1.4431673052362708,0.02488638987335535,661,"And where is the other one,what's his name.....Gropey?"
71,62,91,161,522,774,1.4431524547803618,0.02496855656425484,661,"Come on, Grumpy, let’s see those jazz hands!"
227,63,85,157,501,743,1.440107671601615,0.025307144576555234,661,Let's see the von Trapps beat this!
888,64,85,160,505,750,1.44,0.025131607306403885,661,Can anyone explain why I’m missing seven adderall?
2957,65,81,159,492,732,1.4385245901639345,0.02528989918012325,661,Which of you is the acting Secretary of Education and which is Interior?
1007,66,82,149,486,717,1.4365411436541144,0.025748672375178763,661,"Thanks for understanding that ""Snow White on Ice"" sounded a bit too morbid."
3267,67,79,153,481,713,1.4361851332398317,0.025624956584253348,661,"I said ""lets go to the Royal Ball"",not Rollerball"
5,68,84,134,478,696,1.4339080459770115,0.026471408872776558,661,I fired Gropey.
1572,69,64,167,451,682,1.432551319648094,0.025219563298083822,661,Jazz hands boys !
1732,70,66,162,452,680,1.4323529411764706,0.025442809542671738,661,I  am so pleased to see you all have decided to correct the old campaign slogan to Make America Skate Again.
3085,71,55,106,340,501,1.4311377245508983,0.030489961143415227,661,Grumpy wins! I didn't say 'Simon says'.
1302,72,59,167,437,663,1.4298642533936652,0.025279700037813466,661,I promise you.  This is your ticket out of the mines.
1662,73,69,148,449,666,1.4294294294294294,0.02607758815870949,661,"""Ok, when we get to the border, make sure to say you're applying for political asylum and not a work visa for Disneyland."""
2955,74,62,158,437,657,1.4292237442922375,0.025713222715792457,661,"Due to Climate Change, Disney on Ice had to make some sacrifices."
3361,75,75,138,458,671,1.4292101341281669,0.02644441480258443,661,We can finally say you’re gay instead of Happy.
1733,76,67,147,441,655,1.4290076335877862,0.026217749566441993,661,"Roller skating on grass, let me guess......Dopey’s idea?"
976,77,66,152,444,662,1.4290030211480362,0.025927724499278833,661,This'll give us the edge over Frozen
1213,78,61,132,401,594,1.4276094276094276,0.027551785073485387,661,"I appreciate the interest guys, but size matters."
1597,79,73,126,441,640,1.425,0.027192583910292712,661,"Ok, time for Mommy to look for Drinky!"
3092,80,57,151,416,624,1.4246794871794872,0.026180602772704738,661,"'We're late, we're late, so off to work we skate'."
1310,81,71,118,426,615,1.4227642276422765,0.027811866342710857,661,"Hey, guys, let's call our band Snow and the Rolling Gnomes."
3417,82,55,136,392,583,1.4219554030874786,0.027263140725646926,661,Of course I’m qualified to judge; I’m the fairest of them all.
1534,83,73,96,405,574,1.421602787456446,0.02948686452203381,661,"Well, with names like yours, you could all be candidates for the 2020 election."
1623,84,57,140,406,603,1.4212271973466004,0.026814533791874158,661,You really nailed that short program!
1989,85,51,149,397,597,1.4204355108877722,0.026372517327381616,661,"Grumpy, can’t you do jazz hands with us just once?!"
568,85,68,115,414,597,1.4204355108877722,0.028125891103398235,661,Someday my skates will come.
533,85,59,133,405,597,1.4204355108877722,0.027211711400153472,661,They DO make you look taller!
1602,88,60,125,400,585,1.4188034188034189,0.027713533374007848,661,They were on sale at Fairest of the Mall.
1008,89,59,126,399,584,1.417808219178082,0.027637053013837364,661,"Geppetto and I are having a relationship, but there are no strings attached."
3098,90,65,113,404,582,1.4175257731958764,0.028337943992470933,661,"C’mon Grumpy, we need jazz hands!"
243,91,59,124,397,580,1.4172413793103449,0.027772804088076992,661,I got you all jobs at Amazon!
3296,92,55,119,375,549,1.4171220400728597,0.028448171034153476,661,I'm glad you're all happy but now I can't tell who's who
1575,93,61,119,398,578,1.4169550173010381,0.028055904676014022,661,"...and it's going to be called ""Game of Dwarfs"" ..."
377,94,57,130,399,586,1.416382252559727,0.02734856740758964,661,"Sorry, Boys, I'm looking for a high roller."
2106,95,54,115,368,537,1.415270018621974,0.028779208028068173,661,All I did was ask who you thought was the fairest of them all and I'm starting to feel like you're all skating around the question...
392,96,48,135,375,558,1.413978494623656,0.027284106400183042,661,You traded the diamond mine for magic what?
3260,96,56,119,383,558,1.413978494623656,0.028211726635077802,661,"Okay, who's going to tell me what Doc meant by 'rhinoplasty?'"
805,98,52,122,374,548,1.4124087591240877,0.028106249066692523,661,"I know, but when I find Prince Charming you're going to need some marketable skill."
1501,98,59,108,381,548,1.4124087591240877,0.028925177436220223,661,Would it be an aggressive act of cultural appropriation for an unwoke cisgendered white woman to join you seven other-enabled individuals in recreation?
3509,100,49,127,370,546,1.4120879120879122,0.027818502333601967,661,We start with roller disco then work up to Disney on Ice.
3077,101,56,114,379,549,1.4116575591985427,0.028534871070699158,661,"Good news! Goldilocks, Little Red Riding Hood AND two out of the three little pigs are out! We could take this!"
1493,102,59,111,387,557,1.4111310592459605,0.028573756116666512,661,"Jazz hands, Grumpy...  Show me your jazz hands!"
165,103,60,97,374,531,1.408662900188324,0.02970440011757879,661,Guess who's pregnant again.
324,104,53,110,366,529,1.4083175803402646,0.028932143893965194,661,Disney on Ice felt a lot more magical before global warming.
2532,105,58,95,366,519,1.4065510597302504,0.02995408453143975,661,"I know you all will miss Clumsy and Risky, but I'm glad the remaining seven of you like your new skates."
2624,106,49,110,353,512,1.40625,0.029096545800062035,661,Al Together Now! Papa was a rolling gnome...
2007,107,43,124,350,517,1.4061895551257253,0.028103625191559765,661,It's a place called Disney something and they've offered us a job.
452,108,53,103,360,516,1.4050387596899225,0.029441688936486854,661,I see someone is still Grumpy
1384,109,55,96,358,509,1.4047151277013752,0.029994448723836394,661,"Oh, Trumpy, why can't you play well with others?"
1457,110,57,94,363,514,1.404669260700389,0.030032533802115152,661,"This season, on The Bachelorette."
3542,111,48,111,353,512,1.404296875,0.028952383874663912,661,That’s the best part about a sequel! None of this has to make sense.
200,112,61,78,358,497,1.4024144869215291,0.03130076214737818,661,"I don't care if the sex tape gets leaked, that was awesome!"
3388,113,45,113,347,505,1.401980198019802,0.028819702950905905,661,"Like it or not, Grumpy, this is how we roll."
2115,114,45,107,339,491,1.4012219959266803,0.02940020459852895,661,"Come on,Grumpy,everybody else is doing jazz hands."
2102,115,57,82,350,489,1.4008179959100204,0.03114257813657816,661,"Who has the apple, we are almost at the White House!"
1022,116,44,109,339,492,1.4004065040650406,0.029210344824679126,661,"OK, now skate AND whistle."
1062,117,57,79,347,483,1.3995859213250517,0.03142341865038067,661,Good news. We can go home. Donald has made America white again.
1239,117,47,99,337,483,1.3995859213250517,0.030025369288172787,661,"Yes, you do look much taller."
2597,119,47,98,336,481,1.3991683991683992,0.03011295345929265,661,I take one  little nap and inline skates are back in vogue?
1484,120,43,111,340,494,1.3987854251012146,0.028973117520416477,661,"Come on grumpy, show me the jazz hands."
1968,120,52,93,349,494,1.3987854251012146,0.030221693564419703,661,Someone’s not doing their jazz hands...
1614,122,43,105,331,479,1.3987473903966596,0.029617103889554238,661,"Quickly now! All of you hide under my skirt, and when the prince arrives, we'll give him the scare of his life."
1164,123,54,82,341,477,1.39832285115304,0.0312914213464026,661,First one back to the cottage gets a Happy ending.
2417,123,53,84,340,477,1.39832285115304,0.031150353047912832,661,"The White House called.
He wants you all to be in his Cabinet!"
2310,125,50,86,333,469,1.396588486140725,0.03109558172802568,661,Wait! You're all running for President??
2299,126,48,89,330,467,1.3961456102783727,0.03089445265828641,661,"This, but on ICE!"
2622,127,51,81,331,463,1.3952483801295896,0.03153124863643089,661,"No, Grumpy, Damnit!  Jazz Hands!  JAZZ HANDS!"
2273,128,47,87,325,459,1.3943355119825709,0.031122663511483514,661,"No, no no! I said ""online dating"" not ""inline skating."""
151,129,49,83,328,460,1.3934782608695653,0.03137018405099403,661,Remember Clumsy’s last words: watch this!”
2458,130,44,91,320,455,1.3934065934065933,0.03084865853891663,661,Disco while you work...
716,131,43,92,318,453,1.3929359823399559,0.030785540319753217,661,And you won't ever have to go back to the mines if you can do it while carrying a food tray over your head.
2004,131,40,98,315,453,1.3929359823399559,0.030305879333490587,661,This and climate change are why I don’t want children.
2019,131,46,86,321,453,1.3929359823399559,0.03125784163025672,661,"C'mon, Grumpy, let me see your jazz hands"
2118,134,42,91,314,447,1.3914988814317673,0.030910944350187406,661,Are we ready for Disney on Pavement?
341,135,36,101,306,443,1.3905191873589164,0.03010322243268956,661,"Ok, recess is over. Back to the mines."
2391,136,44,84,313,441,1.3900226757369614,0.03153106236888812,661,I asked for a password with eight characters
861,137,44,83,312,439,1.3895216400911161,0.03163180415216797,661,But...you call each other that!
1661,137,47,77,315,439,1.3895216400911161,0.0321212578022417,661,You're all skating in circles.  Are you politicians?
2255,139,46,78,313,437,1.3890160183066362,0.03206247025847507,661,"Now remember children, 
when the prince comes, I'm your skate coach, not your mother."
813,140,32,83,263,378,1.3888888888888888,0.032855543088961714,661,"Oh, I'm ok for now. Someday my skates will come."
2589,141,44,81,310,435,1.3885057471264368,0.03183583618794133,661,I'm actually Olive Oil.  I have always wanted to be a princess.
1188,142,35,98,300,433,1.3879907621247114,0.03039541678499743,661,"Careful!  Careful!  Remember, there used to be eight little dwarfs."
2959,142,50,68,315,433,1.3879907621247114,0.0329281208217403,661,I think I took too many mushrooms.
534,142,43,82,308,433,1.3879907621247114,0.031771327385495395,661,"I know you guys wanted Hamilton, but Starlight Express was much more in our budget."
672,145,47,73,311,431,1.3874709976798143,0.03254459092814926,661,Do you remember when Bob Mankoff was the cartoon editor and bought funny cartoons ?
3081,146,45,78,311,434,1.3870967741935485,0.032044503316823875,661,Snow White and the Seventies Dwarfs
1505,147,43,80,306,429,1.386946386946387,0.031978566165835526,661,"As referee, I'll be the fairest one of all."
2859,147,47,72,310,429,1.386946386946387,0.032652700210714605,661,"Good news, Dopey. The President is nominating you for the board of the Fed !"
3124,147,49,68,312,429,1.386946386946387,0.03298460094596935,661,Let's skate along the edge of the murky Forest of Copyright Infringement!
3446,150,41,87,310,438,1.3858447488584476,0.031155592058191812,661,"Grumpy, you've been traded."
1113,151,42,78,301,421,1.3847980997624703,0.03222884920301329,661,I’m telling you! The evil queen is never going to see this coming!
1397,151,33,96,292,421,1.3847980997624703,0.030608826861870574,661,"If you don't get those hands out it's Elf on the Shelf for you, buster!"
2666,151,40,82,299,421,1.3847980997624703,0.03187596030862605,661,"So I was like, I don't care if you brought me back to life. I made plans with my friends."
1984,154,39,83,297,419,1.3842482100238664,0.03180228396815402,661,"Grumpy ... once more ... Jazz Hands, Jazz Hands!"
1860,155,40,80,298,418,1.3827751196172249,0.03202389272999754,661,"That's it!  The next guy who says ""Hi Ho!"" to me is going down."
2974,155,36,88,294,418,1.3827751196172249,0.03129909596563734,661,Nothing feels better than rolling a seven!
116,157,51,62,316,429,1.3822843822843822,0.033275445997420716,661,I'm pregnant!
2347,158,35,89,292,416,1.3822115384615385,0.031216118368855423,661,Seven dwarves in a roller derby... How can we NOT get a reality show out of this??
518,158,44,71,301,416,1.3822115384615385,0.03284370948433259,661,"Speaking of rolling, guess what Mr. Disney's doing right now."
2883,160,33,91,287,411,1.3819951338199514,0.031104026606388092,661,"Doc, stay close...we might need you."
692,161,34,90,290,414,1.3816425120772946,0.03113054263424282,661,Which one of you unfriended me?
2132,162,44,68,297,409,1.3814180929095354,0.033251022965104404,661,"Grumpy is retiring, he will be replaced by Snitty."
2611,163,48,56,296,400,1.38,0.034525062633899546,661,Trump in drag with his cabinet.
3453,163,36,80,284,400,1.38,0.032273890531280276,661,"Look everyone, Grumpy was almost enjoying himself for a second."
2338,165,33,76,265,374,1.3796791443850267,0.033234622920914496,661,Which of you is the dwarf formerly known as Prince?
1003,166,38,77,288,403,1.379652605459057,0.032480461504133924,661,You guys are going to dwarf the competition!
1759,166,38,77,288,403,1.379652605459057,0.032480461504133924,661,Maybe changing your names would be a more effective way to break out of the stereotypes?
750,168,38,75,285,398,1.379396984924623,0.03277315693023778,661,I'm in the wrong story. Where's Popeye?
2368,168,40,71,287,398,1.379396984924623,0.03315713059844456,661,You're late! You're late! So it's off to work you skate!!
2527,168,40,71,287,398,1.379396984924623,0.03315713059844456,661,This week on the bachelorette...
2675,171,38,73,283,394,1.3781725888324874,0.03300287144972925,661,"Wait, where's Grabby?"
3079,172,43,62,287,392,1.3775510204081634,0.03409007184971256,661,"Jared, Ivanka, Donnie, Eric, and all the rest -- you may be skating now but wait 'til New York's Second District weighs in."
2954,172,34,80,278,392,1.3775510204081634,0.03232173756249615,661,"Not quite the high rollers you wanted to be, eh?"
2395,174,37,66,268,371,1.3773584905660377,0.03426526002937321,661,"At first I thought it was weird that you all lived together, but now I totally get it!"
420,175,35,77,278,390,1.376923076923077,0.03263647440245105,661,Just five more minutes then I have to go to sleep.
1209,175,39,69,282,390,1.376923076923077,0.03343458759772762,661,And when we get to the Border...
2971,177,35,76,277,388,1.3762886597938144,0.03275103309960617,661,Okay Biden. Get in line like everyone else.
509,178,39,67,280,386,1.3756476683937824,0.03367565063088624,661,"I  used to be Snow White, but I drifted..."
2455,178,34,77,275,386,1.3756476683937824,0.03266128017519937,661,I'm really craving an apple
2770,178,36,73,277,386,1.3756476683937824,0.03307076218920765,661,"So, you whistle, I'll hum.  That's fair.  I try to be fair.  You know, they say I'm the fairest one of all."
1701,181,33,78,273,384,1.375,0.03256846574273202,661,Be open minded. 'Cats' ran on Broadway for ever.
751,182,44,55,283,382,1.37434554973822,0.0349193841465721,661,Oh my! It’s the Trump administration’s Department of Transportation!
1142,182,36,71,275,382,1.37434554973822,0.0333080994194294,661,Let's go visit Clumsy in the hospital.
1186,182,37,69,276,382,1.37434554973822,0.03351374680209231,661,"Actually, you all seem pretty dopey."
2076,185,26,93,269,388,1.3737113402061856,0.030839745529109272,661,Those Keebler elves are in for a big surprise.
1292,186,37,67,274,378,1.373015873015873,0.033758473826132826,661,Looks like everybody is here except Trumpy.
1524,187,33,66,255,354,1.3728813559322033,0.03450506093751473,661,"So, Six for Happy Meals?"
1059,188,37,66,273,376,1.372340425531915,0.033882602957267034,661,"If you don't participate, it's just as easy to make it Snow White and the 6 dwarfs."
32,189,40,59,275,374,1.3716577540106951,0.034634514980127214,661,"If you can think of an easier way to evade Disney's lawyers, I'd love to hear it!"
140,189,32,75,267,374,1.3716577540106951,0.03293715123930622,661,One of these is not like the other
1692,191,30,86,277,393,1.3715012722646311,0.031386328457137874,661,"Okay, now try to whistle"
77,192,38,62,272,372,1.3709677419354838,0.03434609609707346,661,"For the big finish,  I’ll jump, and you’ll catch me."
1203,192,34,70,268,372,1.3709677419354838,0.033491616012610186,661,"I'm telling you, if we did this on ice we could sell tickets!"
329,194,32,73,265,370,1.3702702702702703,0.03317618118205373,661,"Grumpy, jazz hands!"
2746,194,34,69,267,370,1.3702702702702703,0.033614826908637443,661,"So the plan is we’re going to roll in there, break her mirror, and steal all the apples."
523,196,26,82,255,363,1.3691460055096418,0.03223394803015783,661,Seriously? You're Grumpy even when roller skating?
1559,196,30,74,259,363,1.3691460055096418,0.033164852273304686,661,Do you have to whistle while you skate too?
2649,196,28,78,257,363,1.3691460055096418,0.03270271266975447,661,You DO look taller.
2657,196,29,76,258,363,1.3691460055096418,0.03293459307681395,661,"After I marry the Prince, I promise to put all of you on my health insurance policy."
2113,200,32,71,263,366,1.3688524590163935,0.03341985754017722,661,"I know Roller Derby can be linked to cuts and bruising, sprained and broken bones, torn ligaments, jeering fans, cheating opponents, and dubious officiating. But do you know what it DOESN'T have? Black Lung!"
328,201,31,71,259,361,1.368421052631579,0.03351749679744351,661,And a woman has volunteered to sell apples at every one of our shows!
946,202,35,62,262,359,1.3676880222841226,0.034555421155279625,661,"By the way, Doc isn't a real doctor, so don't fall for his 'Please disrobe' trick."
3321,202,34,64,261,359,1.3676880222841226,0.03432951489777158,661,Surprise. I'm really Pinnochio in drag.
419,204,30,71,256,357,1.3669467787114846,0.03353532713840004,661,"Com'on, Grumpy. Show me that you washed your hands like everyone else."
1111,205,32,68,260,360,1.3666666666666667,0.03379439718854366,661,We’ve agreed that Bernie is going to be grumpy. Who wants to be happy?”
2917,205,30,72,258,360,1.3666666666666667,0.03333333333333334,661,Cinderella booked all the ice time.
3527,207,24,81,247,352,1.3664772727272727,0.03240305803449081,661,"Okay, i'm glad he gave you skates, but was he … um … charming?"
41,208,31,68,256,355,1.3661971830985915,0.033896848074110066,661,You  guys should focus on this and forget all about the basketball team.
942,208,31,68,256,355,1.3661971830985915,0.033896848074110066,661,"Enjoy yourselves today fellas, because come Monday it’s hi ho and off to work you go."
1308,208,32,66,257,355,1.3661971830985915,0.0341307926450908,661,"If you think it's fun now, just wait until you try doing it while you work!"
2236,208,39,52,264,355,1.3661971830985915,0.035725535505327026,661,"Okay, which one of you is ""Horny?"""
3487,212,27,74,249,350,1.3657142857142857,0.033267736559197666,661,"As it turns out, it's not a coincidence we have the same nose."
3188,213,27,75,251,353,1.3654390934844192,0.03306621570833103,661,"Roller derby against Santa's elves is a big deal guys. Remember, they play dirty."
1724,213,32,65,256,353,1.3654390934844192,0.034261547430666194,661,Finally! A way to satisfy seven men at once.
186,213,28,73,252,353,1.3654390934844192,0.033308713927209195,661,"Just roll with it, Grumpy."
566,213,35,59,259,353,1.3654390934844192,0.03495913384207533,661,In this fairy tale we are all gonna start working at Amazon.
1110,217,32,64,255,351,1.3646723646723646,0.03439362953691166,661,"If I smile more, can I count on the short white male vote?"
1735,217,35,58,258,351,1.3646723646723646,0.035096464231634095,661,"OK, who wants to announce for President next?"
1821,217,38,52,261,351,1.3646723646723646,0.03578549776658724,661,The winner is the next Atty. General !
2251,217,27,74,250,351,1.3646723646723646,0.03318918003389419,661,"Come on, boys, I mean it! Off to work you go."
2539,217,31,66,254,351,1.3646723646723646,0.03415613761013247,661,"Alright guys, twenty minutes is up! Back to the mine!"
2981,217,27,74,250,351,1.3646723646723646,0.03318918003389419,661,"Very good - but Grumpy, we need more jazz hands!"
1773,223,27,74,252,353,1.3626062322946175,0.033033103955669295,661,"I think ""Bay City Bombers"" is way cooler than ""The Seven Dwarfs""."
3334,224,29,67,249,345,1.3623188405797102,0.03406388664212653,661,"Oh, and there's a really, really good reason we have the same nose."
2209,225,34,59,258,351,1.3618233618233617,0.03483181675235593,661,...and I have a brand new key.
2461,225,32,63,256,351,1.3618233618233617,0.034361248896244596,661,"Sorry, guys. It's not how I roll."
2449,227,33,58,252,343,1.3615160349854227,0.03517882539067535,661,Are we ready for One Day Shipping?
2547,228,28,69,249,346,1.361271676300578,0.03373400482746084,661,Snow White on Ice: The Global Warming Version
2571,228,33,59,254,346,1.361271676300578,0.03495362962597333,661,"Grumpy often wished that Snow White would stop Googling, ‘Fun activities for minors.’"
1412,230,34,58,257,349,1.3610315186246418,0.03496838342354129,661,But you can't ALL run for president.
2416,231,36,57,265,358,1.3603351955307263,0.03477059919165238,661,Special brownies! We love special brownies!
310,232,32,58,249,339,1.359882005899705,0.035215209370522305,661,"Who let my dwarves out, who - who - who-who?"
3069,232,32,58,249,339,1.359882005899705,0.035215209370522305,661,". . .and then Prince Charming said, ""Wow, that's some schnoz you got there, Snow White."""
3284,232,33,56,250,339,1.359882005899705,0.0354621730802565,661,You guys are going to crush the Munchkins in roller derby.
2196,235,26,66,238,330,1.3575757575757577,0.0343100069031609,661,"Great new guys! I really stuck it to Disney. We got lifetime residuals, 2 1/2 points of future features and 30% on all merch!"
146,236,25,69,239,333,1.3573573573573574,0.03382285650917114,661,"OK, we've got the theme, now all we need is a good story."
210,236,30,59,244,333,1.3573573573573574,0.03513456304155203,661,I don't know what the Hell was in that apple but holy crap!
215,236,30,59,244,333,1.3573573573573574,0.03513456304155203,661,Shouldn't you be off to work?
331,236,32,55,246,333,1.3573573573573574,0.03564573297315009,661,"The Prince says you guys creep him out, so you can't come to the castle, but let's follow each other on Facebook and Twitter."
1774,236,27,65,241,333,1.3573573573573574,0.03435354976581468,661,That looks a little too risky for me. I'll just go snack on an apple.
3166,236,34,51,248,333,1.3573573573573574,0.03614967549322462,661,"Can we all stop saying 'hi ho' , he kissed me while I was asleep"
3337,236,37,45,251,333,1.3573573573573574,0.03689268459835815,661,"Her nose grew when she re-named them Healthy, Wealthy,Wise, Charming, Clever, Strong and Speedy."
3373,236,34,51,248,333,1.3573573573573574,0.03614967549322462,661,"Jazz hands, Grumpy! Fingers of joy!"
3376,244,26,65,237,328,1.3567073170731707,0.03444642129476984,661,"Grumpy, nobody knows the rules of roller derby, so I don't think anyone is cheating."
2952,244,21,75,232,328,1.3567073170731707,0.03306540583017047,661,"Jazz hands, people, jazz hands!"
1010,244,27,63,238,328,1.3567073170731707,0.034716032542290214,661,You guys looked so much taller in your photo on the dating website!
1366,244,31,55,242,328,1.3567073170731707,0.035774164103717004,661,Disney on Ice has been done. But Disney on Grass...it will be huge!
1617,244,26,65,237,328,1.3567073170731707,0.03444642129476984,661,"Doc, Happy, Sneezy, Dopey ... Hey, where is Grabby?"
3460,249,31,61,253,345,1.3565217391304347,0.03448643707050598,661,You can't wake me up and not let me try!
232,250,26,64,236,326,1.3558282208588956,0.03458428725272955,661,Has anyone seen Gropey?
409,250,27,62,237,326,1.3558282208588956,0.03485612935298599,661,Weren't you listening? I said it was 'Disney on Ice'.
559,250,24,68,234,326,1.3558282208588956,0.034034089783535455,661,How can you still be grumpy?
892,250,29,58,239,326,1.3558282208588956,0.03539355041328364,661,You've all been granted Green Cards
1012,250,27,62,237,326,1.3558282208588956,0.03485612935298599,661,Free Range Dwarfs!
1720,250,33,50,243,326,1.3558282208588956,0.036444625469728306,661,"Grumpy, Dopey, where is Sneaky?"
3377,250,34,48,244,326,1.3558282208588956,0.03670269137708499,661,"See guys, there are fun things to do beside cocaine!"
1338,257,27,61,236,324,1.3549382716049383,0.03499773374448491,661,Be careful -- the seven helmets haven't been delivered yet.
2224,257,30,55,239,324,1.3549382716049383,0.035807460701929056,661,...and if we win we get to have burgers and fries at the White House!
968,259,29,56,237,322,1.3540372670807452,0.035687249317743024,661,We're ready to take on the Keebler elves in roller derby!
2245,260,30,55,241,326,1.352760736196319,0.03562063701538763,661,"This was Dopey's idea, right?"
575,261,27,57,231,315,1.3523809523809525,0.0356753402051551,661,Snow White meets the cheapskates.
2848,261,31,49,235,315,1.3523809523809525,0.036791459719581476,661,"If I got equal pay, we could do a figure eight."
3034,261,28,55,232,315,1.3523809523809525,0.03595761812383523,661,"Look, I know at least ONE of you is happy about this."
213,264,28,56,234,318,1.3522012578616351,0.03571072706642099,661,Looking good everybody. We're going to crush Cinderella's team at roller derby this week!
669,264,27,58,233,318,1.3522012578616351,0.03543184921407313,661,They’ll knock about twenty minutes off your commute!
870,264,27,58,233,318,1.3522012578616351,0.03543184921407313,661,"If this doesn't cheer you up, Grumpy, just to hell with you."
1151,264,32,48,238,318,1.3522012578616351,0.036805113546174606,661,"I know, but CNN says it’s not a witch hunt."
1226,264,32,48,238,318,1.3522012578616351,0.036805113546174606,661,"Now all together, ""Ooh see that girl, Watch that scene, Dig in the Dancing Queen..."""
2071,264,29,54,235,318,1.3522012578616351,0.035987443872773334,661,And he told me that he was kissing me while I was sleeping just to save my life!
2890,264,32,48,238,318,1.3522012578616351,0.036805113546174606,661,"There, there, Grumpy.  Why so Grimm?"
3358,271,21,71,229,321,1.35202492211838,0.033491813263713026,661,...and there was a guy on Craigslist selling 7 pairs!
3128,271,26,61,234,321,1.35202492211838,0.03491494781055161,661,"Let me get this straight. You are Oakley, Brody, Wylie, Dudley, Reefer, Keefer and Bro?"
3211,271,32,49,240,321,1.35202492211838,0.03654963762501735,661,See? Isn’t this better than getting a silly pay increase?
1836,271,32,49,240,321,1.35202492211838,0.03654963762501735,661,I just discovered I'm not a giant.
2091,271,29,55,237,321,1.35202492211838,0.03574163951984874,661,"Fellas!
I've been offered a part in Game of Thrones.
I'm leaving."
325,276,31,52,241,324,1.3518518518518519,0.036034475704427554,661,"No, Happy, my face is up here!"
3184,276,31,52,241,324,1.3518518518518519,0.036034475704427554,661,Whoa!  What was in that apple???
3494,278,33,44,236,313,1.351437699680511,0.03750178896297297,661,Are you guys out of your mines!
205,279,27,54,228,309,1.3495145631067962,0.036132485960376666,661,Okay guys listen up! you're all now officially Little People.
1678,279,30,48,231,309,1.3495145631067962,0.03699459817380042,661,"Trippy, Fally, Spilly, Ouchy, Hurty, Weepy - and Doc."
2731,279,25,58,226,309,1.3495145631067962,0.035546130217423894,661,And then you'll all debate each other on the same stage!
3074,279,28,52,229,309,1.3495145631067962,0.03642212412529226,661,"Since I`m the fairest in the land, I have  decided to enter the Democratic primary and you will all get cabinet positions."
3362,279,32,44,233,309,1.3495145631067962,0.03755834743813574,661,Joe Biden?  Where?
2858,284,19,71,222,312,1.3493589743589745,0.03350395442364255,661,See? No one can be sleepy or grumpy with roller skates on!
3457,284,26,57,229,312,1.3493589743589745,0.035592095479820396,661,"Now if you all group up in a triangle, I’ll get the bowling ball"
3269,284,25,59,228,312,1.3493589743589745,0.035301352717686175,661,"For a change today, we’re off to see the wizard"
2949,284,29,51,232,312,1.3493589743589745,0.036450411952173294,661,"Ok Grumpy, now let’s see your jazz hands"
2777,284,25,59,228,312,1.3493589743589745,0.035301352717686175,661,The Queen is cool now... Doc botched my nose job.
2570,284,21,67,224,312,1.3493589743589745,0.03411361129979998,661,I see a spin-off opportunity here.
2588,284,29,51,232,312,1.3493589743589745,0.036450411952173294,661,"Isn't this much better than the whole 'off to work we go' thing?"""
1171,284,31,47,234,312,1.3493589743589745,0.037011566372898375,661,"Okay now, have we all signed our liability waivers?"
777,284,25,59,228,312,1.3493589743589745,0.035301352717686175,661,"After Snow White goes off to marry the Prince, her younger sister Schnozola White comes to the rescue of the poor, abandoned, Seven Little Dwarfs."
707,284,29,51,232,312,1.3493589743589745,0.036450411952173294,661,You just wait until your fathers get home.
285,284,27,55,230,312,1.3493589743589745,0.035880482404655786,661,"Yes I'm the fairest of them all, but I still need to see your papers."
1573,295,24,57,220,301,1.3488372093023255,0.03589885092156837,661,I'm glad you boys have found a hobby since they closed the mine.
2108,296,21,65,221,307,1.3485342019543973,0.0344833923090117,661,"This should help with your productivity. Now, off to work you go!"
2564,296,33,41,233,307,1.3485342019543973,0.038007645660899626,661,Who´s got one this big?
177,296,26,55,226,307,1.3485342019543973,0.03599379119999142,661,The Seven Dwarfs on a roll.
192,299,22,62,221,305,1.3475409836065573,0.03493502160978327,661,"Finally, we can convince them that Disney on Concrete is viable"
1413,299,27,52,226,305,1.3475409836065573,0.03644595081870752,661,I'm so glad I'm awake for this.
2671,301,27,49,222,298,1.3456375838926173,0.03703580477914505,661,"See, Grumpy, now everyone has a pair. They don't call me 'fairest of the land' for nothing."
3339,301,35,33,230,298,1.3456375838926173,0.039400882476254014,661,You all have different fathers. Who's  the fairest in the land now?
3165,301,27,49,222,298,1.3456375838926173,0.03703580477914505,661,"Don’t give me that look, Grumpy, it’s actually called a ‘short program’."
3067,301,26,51,221,298,1.3456375838926173,0.03672946361717475,661,"Ok everyone, jazz hands!"
2882,301,19,65,214,298,1.3456375838926173,0.03450901521878459,661,"I saw that smile, Grumpy!"
2434,301,25,53,220,298,1.3456375838926173,0.036420545843957146,661,"I knew you would love hating this, Grumpy!"
860,301,27,49,222,298,1.3456375838926173,0.03703580477914505,661,Shouldn't all of you be hi-hoing it to work by now?
1349,301,30,43,225,298,1.3456375838926173,0.03793999011254066,661,"1,2,3,4,5,6...Where's Sneaky?"
950,301,27,49,222,298,1.3456375838926173,0.03703580477914505,661,"Hey, would you guys like to be in a movie?"
772,301,36,31,231,298,1.3456375838926173,0.03968660829475304,661,Which one of you gave me herpes?
129,301,24,55,219,298,1.3456375838926173,0.03610898532966836,661,"Now, you may call me Coach White.  I want blockers over here, and jammers and pivots over there."
1629,301,28,47,223,298,1.3456375838926173,0.0373396327468887,661,"No, I’m not Pinocchio, he’s my brother. Why do you ask?"
95,313,30,46,231,307,1.3452768729641693,0.03711404845506992,661,Jazz hands!
235,313,29,48,230,307,1.3452768729641693,0.03682611655826614,661,"Come on Grumpy, everyone likes jazz hands."
2056,313,26,54,227,307,1.3452768729641693,0.035948486266826035,661,"Well, gosh, now you all look dopey."
1700,316,28,46,222,296,1.3445945945945945,0.03750879441103636,661,The day Crashy and Burny didn't return to the castle.
551,316,30,42,224,296,1.3445945945945945,0.038114540251119176,661,Next you learn to Ice Skate and then advance to FROZEN!
282,316,27,48,221,296,1.3445945945945945,0.0372022230246661,661,"You are all so cute, I could just eat you up,and I will call you meals on wheels. """
1603,319,20,64,218,302,1.3443708609271523,0.034498298007864706,661,"Why yes, this was Dopey's idea. How could you tell?"
1613,319,25,54,223,302,1.3443708609271523,0.036057470045868914,661,Now let's see your figure sevens
1853,319,28,48,226,302,1.3443708609271523,0.036961416294702634,661,"Hi, I’m frumpy."
2891,319,24,56,222,302,1.3443708609271523,0.035751075927514066,661,"......and if you elect me, I will make sure to lower all the tables and chairs in the kingdom !!!"
3150,319,30,44,228,302,1.3443708609271523,0.0375519603586554,661,Huddle up.  We have a roller derby match with the Emerald City Munchkins.  Ready. Hi Ho!
3312,319,25,54,223,302,1.3443708609271523,0.036057470045868914,661,And you thought whistling was fun.
1233,325,28,44,219,291,1.3436426116838487,0.037965148703456214,661,I see no reason why you all shouldn't be Democratic primary contenders!
671,326,27,47,220,294,1.3435374149659864,0.03737061542408479,661,"Now everyone, whistle while you twerk!"
1663,326,29,43,222,294,1.3435374149659864,0.03798681157204297,661,I know you like to “whistle while you work” but I am less fond of “farting while you skate.
1803,326,28,45,221,294,1.3435374149659864,0.03767997313285097,661,"Now, now that's enough--it's off to work you go!"
2799,326,32,37,225,294,1.3435374149659864,0.03889280508991963,661,"How did you guys get my eBay password, and where are your pickaxes?"
3176,330,25,50,217,292,1.3424657534246576,0.03690872171152677,661,The Skaters ... Walt’s
3115,330,26,48,218,292,1.3424657534246576,0.03722621258686885,661,"Remember, no name-calling!"
2735,330,22,56,214,292,1.3424657534246576,0.03593942463127994,661,"Guys, I forgot my glass skates....wait, what story is this?"
2123,330,26,48,218,292,1.3424657534246576,0.03722621258686885,661,Things aren't as grim as they seem.
2010,330,25,50,217,292,1.3424657534246576,0.03690872171152677,661,"Good news, guys - I've found your skate key!"
37,330,28,44,220,292,1.3424657534246576,0.0378532063890287,661,I kissed the wrong frog!
1639,330,26,48,218,292,1.3424657534246576,0.03722621258686885,661,I don't know.  Why do you call him Gropey?
1495,330,26,48,218,292,1.3424657534246576,0.03722621258686885,661,I was offered a job at Apple.
1075,330,25,50,217,292,1.3424657534246576,0.03690872171152677,661,"Yes, but can you skate AND whistle at the same time?"
1704,330,27,46,219,292,1.3424657534246576,0.037541018483074985,661,"There now, doesn't that beat marching?"
2504,340,27,47,221,295,1.3423728813559321,0.03726192175226737,661,"And now, jazz hands everyone!"
695,340,24,53,218,295,1.3423728813559321,0.03632176480037047,661,"But Grumpy, everybody loves jazz hands!"
3343,342,24,51,215,290,1.3413793103448275,0.036752078687657445,661,And I also hate it when they repeatedly play 'It's a Small World After All'  over the loudspeaker.
3293,342,21,57,212,290,1.3413793103448275,0.03576485405446349,661,Roller skates?  What happened to Disney on Ice?!
3546,342,25,49,216,290,1.3413793103448275,0.037075312387616216,661,"Great, now you guys are seven times more annoying!"
3096,342,27,45,218,290,1.3413793103448275,0.037713469612201636,661,Who wants growth hormone?
2948,342,23,53,214,290,1.3413793103448275,0.03642597681721385,661,I can’t believe they had seven pairs in your size and not a single pair in mine!
2881,342,30,39,221,290,1.3413793103448275,0.03865095461327116,661,Snow White no longer heard complaints to walk slower because they have shorter legs and she lived happily ever after.
1347,342,27,45,218,290,1.3413793103448275,0.037713469612201636,661,"In the last Roller Derby, you boys dwarfed the competition."
908,342,22,55,213,290,1.3413793103448275,0.036096929042685015,661,"Be careful. None of you want to be re-named ""Injury."""
1799,350,27,44,217,288,1.3402777777777777,0.03788800715479314,661,"Snow white on ice, on a budget."
1850,350,24,50,214,288,1.3402777777777777,0.036917625526938405,661,"You realize, of course, that we are all on thin ice..."
2067,350,24,50,214,288,1.3402777777777777,0.036917625526938405,661,"Remember, you're the only set of male septuplets in the world and I'm your Mom. If I can swing this network deal we'll be set for life."
3103,350,27,44,217,288,1.3402777777777777,0.03788800715479314,661,Watch out you could be meals on wheels for the giant.
1792,354,23,54,217,294,1.3401360544217686,0.036055801649020294,661,"Jazz-hands"", Grumpy"
765,355,21,54,208,283,1.3392226148409894,0.0363474430805064,661,"Here's hoping this will dispel some of the awkward, sexual tension."
791,355,28,40,215,283,1.3392226148409894,0.03868542393591783,661,You guys not only rock - you roll!
545,355,23,50,210,283,1.3392226148409894,0.03703050314587505,661,Do you think anyone has noticed we have the same nose?
1176,358,19,59,208,286,1.3391608391608392,0.03539243140459169,661,"If you can whistle, too, I'll call my agent."
2937,358,26,45,215,286,1.3391608391608392,0.03774098921893326,661,"No, the winner does not get to peek under my dress!"
3427,360,26,46,217,289,1.3391003460207613,0.03745562639445619,661,"Skates never fit me. Of course, I'm no Cinderella!"
654,361,24,47,210,281,1.3380782918149465,0.0375404479840703,661,"You can skate around it as much as you want. I’m Snow White, not Sleeping Beauty."
2743,361,26,43,212,281,1.3380782918149465,0.03821156991958216,661,You see? It's simply impossible to be Grumpy on roller skates!
2503,363,32,33,222,287,1.3379790940766552,0.03952275354758687,661,"Without the DNA test , I never would have known I had siblings"
3219,363,25,47,215,287,1.3379790940766552,0.037302639341102777,661,"We prefer the term ""little people"""
3179,363,30,37,220,287,1.3379790940766552,0.038901366196246394,661,It's my treat for all of you beating the #*@! out of that man who kissed me when I was passed out.
3070,363,22,53,212,287,1.3379790940766552,0.036309630509537616,661,Have you all been making weird videos for dwarves.com again?!
1980,363,25,47,215,287,1.3379790940766552,0.037302639341102777,661,Keep practicing Grumpy... it’s Disney On Ice or we’re back in the Vault!
2250,363,26,45,216,287,1.3379790940766552,0.037627819227757583,661,Doesn't skating around in circles like that make you feel Disney?
1612,363,30,37,220,287,1.3379790940766552,0.038901366196246394,661,Good news - insurance will cover our nose jobs!
1870,363,21,55,211,287,1.3379790940766552,0.03597253660384169,661,"Trust me, this is all the rage in Middle Earth."
1523,363,26,45,216,287,1.3379790940766552,0.037627819227757583,661,"Grumpy, jazz hands or it’s the old heigh-ho!"
1357,363,29,39,219,287,1.3379790940766552,0.038586920243912276,661,That’s not what I meant when I said ‘Roll me one.’
608,363,29,39,219,287,1.3379790940766552,0.038586920243912276,661,Only one in seven dwarfs is happy!
336,363,19,59,209,287,1.3379790940766552,0.035288689883104206,661,"Come on Grumpy, put both hands in and shake them all about."
105,375,21,56,213,290,1.3379310344827586,0.03571132028670476,661,So what happened to ‘it’s off to work we go’?
785,375,25,48,217,290,1.3379310344827586,0.037023673503879466,661,"OK, break's over. Back to the mines."
2329,375,28,42,220,290,1.3379310344827586,0.03797818982058726,661,"I'm excited also, but first we have to have a DNA test."
1465,378,26,42,211,279,1.3369175627240144,0.03839327199413458,661,Jazz hands! Our first Airbnb guest is here!
2374,378,25,44,210,279,1.3369175627240144,0.03805597865593604,661,Are we ready to roll?
25,378,22,50,207,279,1.3369175627240144,0.03702566734844141,661,This is ridiculous. How can you still be grumpy?
459,378,25,44,210,279,1.3369175627240144,0.03805597865593604,661,Come on now. EVERYONE  has to do jazz hands!
1699,382,23,49,210,282,1.3368794326241136,0.03708757779366171,661,"And by getting to work sooner, we will be able raise production goals."
362,383,23,51,214,288,1.3368055555555556,0.0365350195006355,661,"Five more minutes, then back to the mines."
412,383,25,47,216,288,1.3368055555555556,0.03719141017746012,661,Pretty smooth moves for a bunch of octogenarians.
1099,383,27,43,218,288,1.3368055555555556,0.0378364154230333,661,I knew those apples were laced with something.
2792,383,24,49,215,288,1.3368055555555556,0.03686467578115872,661,It’s OK.  You can still whistle.
2141,387,18,57,202,277,1.3357400722021662,0.03576202417819501,661,"Not exactly 'Disney on Ice', but not bad for a group of non-union, vertically-challenged gem miners."
3532,387,23,47,207,277,1.3357400722021662,0.03754628342195595,661,"Don’t be Bashful, Dopey."
3391,387,26,41,210,277,1.3357400722021662,0.03857724736278974,661,I think I took too much of what Trippy gave me.
3253,387,23,47,207,277,1.3357400722021662,0.03754628342195595,661,I just love how this keeps you from whistling!
3044,387,27,39,211,277,1.3357400722021662,0.038914832894230394,661,"The app is working! There are seven of you less than a minute away!"""
2762,387,30,33,214,277,1.3357400722021662,0.03991046021375724,661,The paternity test came back and yes.. all of you are mine!
2507,387,22,49,206,277,1.3357400722021662,0.03719627929922341,661,"That's great guys, but this is not how the story goes!"
1928,387,22,49,206,277,1.3357400722021662,0.03719627929922341,661,You’ll work a lot faster once you get the hang of it.
3473,387,23,47,207,277,1.3357400722021662,0.03754628342195595,661,I’ll referee the match. I’m told I’m very fair.
1746,387,21,51,205,277,1.3357400722021662,0.036842950324449154,661,Obviously none of you have been watching MSNBC except Grumpy.
1247,387,21,51,205,277,1.3357400722021662,0.036842950324449154,661,Snow White and the seven micro-influencers.
1169,387,20,53,204,277,1.3357400722021662,0.03648619990508494,661,We’ve agreed on Grumpy Bernie and Sleepy Joe. Who wants to be Happy?”
887,387,25,43,209,277,1.3357400722021662,0.03823668145895849,661,Don’t worry. You’ll each get your chance to hide under my dress.
349,387,26,41,210,277,1.3357400722021662,0.03857724736278974,661,"For example, *my* roller derby name is ""Snow Fight"""
302,387,19,55,203,277,1.3357400722021662,0.036125926679018386,661,"Now remember to be careful everyone, Uncle Walt's family plan doesn't cover this sort of activity."
144,387,25,43,209,277,1.3357400722021662,0.03823668145895849,661,"Because Disney owns ESPN, we can cross-sell your talent, and use the money to sue the Evil Queen."
1861,387,23,47,207,277,1.3357400722021662,0.03754628342195595,661,"Save for Grumpy, everyone's thrilled that I applied for that zero emission transportation grant."
17,387,24,45,208,277,1.3357400722021662,0.03789305482404199,661,I got you all identical roller skates because I'm the fairest.
3002,405,23,48,209,280,1.3357142857142856,0.03725798456040041,661,Snow White  and the Seven Cheapskates
2940,405,24,46,210,280,1.3357142857142856,0.037599987393719954,661,6 out of 7 dwarves are not Happy.
2850,405,22,50,208,280,1.3357142857142856,0.0369128131547593,661,I think I may have done the micro-dosing wrong
2960,405,27,40,213,280,1.3357142857142856,0.03860782262084321,661,"Sorry I slept in so long.  So it’s the weekend, is it?"
1684,405,24,46,210,280,1.3357142857142856,0.037599987393719954,661,When the Disney lawyers call my name is Pale Sleet.
1531,405,21,52,207,280,1.3357142857142856,0.03656438344199594,661,People are saying living with 7 men who greet me with “hi-ho” is misogynistic.
2219,405,29,36,215,280,1.3357142857142856,0.0392653440648649,661,not only do they give you mobility but a few extra inches never hurt!
3384,412,23,46,206,275,1.3345454545454545,0.03772245554107021,661,"Doc, Medicare doesn’t cover rollerblading accidents."
3225,412,25,42,208,275,1.3345454545454545,0.038419646700339066,661,Did anyone bring a snack? Maybe something healthy like an apple.
2886,412,25,42,208,275,1.3345454545454545,0.038419646700339066,661,Guess what?! I'm running for President!
2837,412,26,40,209,275,1.3345454545454545,0.03876354025168886,661,All you men are just alike. It was not THAT big.
2382,412,18,56,201,275,1.3345454545454545,0.03592032364443392,661,"Come on Grumpy, where are your jazz hands?"
2238,412,24,44,207,275,1.3345454545454545,0.03807264703581098,661,I haven't been on a speed date before - do we take turns or all go at the same time?
1488,412,27,38,210,275,1.3345454545454545,0.03910440963765763,661,"After he kissed me, he told me he had just got out of a long term relationship and was only looking for somehing casual."
1050,412,22,48,205,275,1.3345454545454545,0.03736898248256956,661,And to think that the doctor told me I was going to have triplets!
894,412,26,40,209,275,1.3345454545454545,0.03876354025168886,661,"And after the skating, the Evil Queen has invited you all for candied apples."
579,412,22,48,205,275,1.3345454545454545,0.03736898248256956,661,Enough fooling around.  It's off to work you go.
1499,412,25,42,208,275,1.3345454545454545,0.038419646700339066,661,Now isn't this better than just whistling on your way to the mines?
2013,423,26,44,217,287,1.3344947735191637,0.037574759466173814,661,"Wow, this from just a little nibble of the apple. I'm glad I didn't take a whole bite!"
3154,423,27,42,218,287,1.3344947735191637,0.0378976045016731,661,Celebrate! Marijuana is legal now!
1771,423,27,42,218,287,1.3344947735191637,0.0378976045016731,661,"This is better than whistling while you work, right guys?"
2697,423,29,38,220,287,1.3344947735191637,0.03853518110784043,661,Ivanka White and her seven Roller Trolls.
577,423,22,52,213,287,1.3344947735191637,0.03625464159032826,661,"Okay, then. Now skate your little asses over there and take the castle"
1512,423,21,54,212,287,1.3344947735191637,0.03591703159809766,661,"Show me those jazz hands, Grumpy, or it’s back to the mines!"
107,423,21,54,212,287,1.3344947735191637,0.03591703159809766,661,"Alright boys, from the top"
228,430,24,47,214,285,1.3333333333333333,0.03708779433886349,661,This would be so much better on ice.
427,430,22,51,212,285,1.3333333333333333,0.036415452296608364,661,I am now reminded why I never had children!
961,430,18,59,208,285,1.3333333333333333,0.03503207844327836,661,"Have fun. But, just remember, we don’t have insurance."
1919,430,22,50,210,282,1.3333333333333333,0.03668906529900166,661,I thought this was Disney on ice!
2044,430,21,52,209,282,1.3333333333333333,0.036343477704462494,661,Forget about the wicked queen. It's fake news.
3132,430,20,54,208,282,1.3333333333333333,0.0359945722407576,661,Disney on Ice...On a Budget.
3257,430,26,42,214,282,1.3333333333333333,0.03804003254405795,661,I just have to look at your faces to know that Disney has had a stock split.
2278,430,23,49,213,285,1.3333333333333333,0.0367531607816824,661,"Next, let's try seven dwarfs a'swimming!"
661,438,25,43,212,280,1.332142857142857,0.037882832389256375,661,That's great. Now get back to to the whistling and the working.
934,438,21,51,208,280,1.332142857142857,0.03650619722475945,661,"Break’s over, back to the mines."
1833,438,22,49,209,280,1.332142857142857,0.036855177035497996,661,"Remember what I've told you:  college is not for everyone, especially if your  counting on a skating scholarship."
2582,438,23,47,210,280,1.332142857142857,0.03720088322638003,661,Careful on the ice - don’t forget what happened to Clumsy.
2962,442,20,52,205,277,1.332129963898917,0.036426617871094726,661,Isn't this better than a silly old pay raise?
2121,442,24,44,209,277,1.332129963898917,0.03783568831025529,661,"Tomorrow, I'll call you 'Achy' and 'Painful' and 'Sore' and . . ."
853,442,19,54,204,277,1.332129963898917,0.03606574946442607,661,This is lovely but I wished for one great seven foot prince.
94,442,25,42,210,277,1.332129963898917,0.03817983125953803,661,"Smile, or Disney HR will right-size your ass straight out the door."
1558,442,26,40,211,277,1.332129963898917,0.03852089978314117,661,Who wants to hide under my dress?
323,447,24,43,207,274,1.332116788321168,0.038134027616132174,661,"Sorry Grumpy but that's how we roll."""
593,447,23,45,206,274,1.332116788321168,0.037781831734489874,661,Who's Grumpy now?
682,447,28,35,211,274,1.332116788321168,0.03951142966644503,661,Where is Trumpy?
1087,447,26,39,209,274,1.332116788321168,0.03882883681308496,661,"OK, here’s the plan: We gain admittance to the castle as a novelty act, and once in the  throne room we assassinate the queen."
1652,447,23,45,206,274,1.332116788321168,0.037781831734489874,661,Alright everyone- you've had five minutes. BACK TO THE MINES!
2384,447,24,43,207,274,1.332116788321168,0.038134027616132174,661,So which one of you is the prince?
2683,447,19,53,202,274,1.332116788321168,0.036338929499296,661,"OK, now can you try whistling while you roller skate?"
664,454,25,40,206,271,1.3321033210332103,0.038792541771266495,661,Same old trick. Six of you distract while one sneaks up behind me to cop a feel.
2232,454,22,46,203,271,1.3321033210332103,0.03772082285776989,661,"Grumpy, admit it. This beats working in the mine!"
2831,454,21,48,202,271,1.3321033210332103,0.0373567513362425,661,Has anyone seen Risky?
3223,454,19,52,200,271,1.3321033210332103,0.03661775057344533,661,Did I mention you're all independent contractors now?
2610,458,27,35,206,268,1.3320895522388059,0.03981693214658556,661,"You are all fair skaters, but I am the fairest."
3429,458,22,45,201,268,1.3320895522388059,0.03802153864308286,661,So we sell the mine and grab that offer from Six Flags!
1370,458,24,41,203,268,1.3320895522388059,0.038749679672208714,661,You fellows are doing quite well for only three wheels per skate!
1697,458,29,31,208,268,1.3320895522388059,0.04051281722464066,661,"Hi-Ho, Hi-Ho, our roller skating show!
It beats confines of darkened mines, Hi-Ho, Hi-Ho, Hi-Ho-Hi-Ho!"
678,458,22,45,201,268,1.3320895522388059,0.03802153864308286,661,"And here I thought living with seven little guys couldn't get any weirder, you break out the in-line skates!"
584,458,20,49,199,268,1.3320895522388059,0.03727917819475238,661,Good news! The plastic surgeon will give us a group rate!
43,458,24,41,203,268,1.3320895522388059,0.038749679672208714,661,"The lesser-known Disney on Rollerskates reviewed poorly, critics stated ""without the ice it is just dwarves rolling around"""
2300,465,22,46,204,272,1.3308823529411764,0.037601715795410454,661,and tomorrow we are going to play mini-golf
2568,465,23,44,205,272,1.3308823529411764,0.03796079102213545,661,"Grumpy, mining is a dead end career path!
Trust me, the future is Dwarf Derby.
Go High-Ho Rollers!"
2609,465,26,38,208,272,1.3308823529411764,0.039018194830469755,661,Stop celebrating that you temporarily lost your coal mining jobs!! Trump will  save you!!
2714,465,21,48,203,272,1.3308823529411764,0.03723917838099279,661,"It was at that moment, Snow White's edible finally kicked in."
2821,465,29,32,211,272,1.3308823529411764,0.0400476890797803,661,I guess you guys race short track.
3175,470,21,46,199,266,1.330827067669173,0.03783156592595882,661,Faster!  The object is to confuse the hell out of her when she does that mirror thing.
1381,470,20,48,198,266,1.330827067669173,0.03745470012656111,661,"Actually, I'm Olive, just filling in for Snow."
3393,470,20,48,198,266,1.330827067669173,0.03745470012656111,661,It was a great deal. Pay for six and get the seventh pair free.
1215,470,22,44,200,266,1.330827067669173,0.038204714358959946,661,Everything about this scares me.
995,470,25,38,203,266,1.330827067669173,0.039302908998805355,661,So everyone skates in a circle and the last one to fall gets to be the Presidential Candidate!
1378,470,24,40,202,266,1.330827067669173,0.03894028552705827,661,The one in the rear is definitely not Bashful
93,476,23,42,202,267,1.3295880149812733,0.03844947859657688,661,"Who's a Democrat who wants to run for president?"""
2851,477,19,49,196,264,1.3295454545454546,0.037247739200705794,661,Just be thankful I didn't choose curling.
2512,477,21,45,198,264,1.3295454545454546,0.038013213483390415,661,Snack time! Who wants apples?
2210,477,22,43,199,264,1.3295454545454546,0.03839022741817017,661,"C'mon, Grumpy, show us your best jazz hands."
2500,477,24,39,201,264,1.3295454545454546,0.03913336025680448,661,"Alright, which one of you little shits took my phone?"
1128,477,21,45,198,264,1.3295454545454546,0.038013213483390415,661,Okay! Okay! Midget Football might have flopped but dwarf roller derby could be the next big thing.
30,477,20,47,197,264,1.3295454545454546,0.03763242268906966,661,"Keep practicing, m’lads. If we pull this off, the name Lady Gaga will echo through the ages."
1783,477,23,41,200,264,1.3295454545454546,0.03876357469460001,661,Who wants to be president?
769,484,26,35,204,265,1.3283018867924528,0.039731398020889576,661,How the fuck are you roller skating on snow?
552,485,23,40,199,262,1.3282442748091603,0.03895534775323206,661,"You are correct, Pinocchio was my father."
3281,485,23,40,199,262,1.3282442748091603,0.03895534775323206,661,Great news!  They green lighted ‘Disney on Asphalt’!
3399,485,20,46,196,262,1.3282442748091603,0.0378123885813556,661,Great news! Doc says Sleepy has been cleared from his last concussion and can skate again!
560,488,20,45,195,260,1.3269230769230769,0.037994641592554015,661,"Mirror, mirror on the wall, who's the luckiest personal injury lawyer of all?"
2307,489,19,46,192,257,1.3268482490272373,0.037908112243727275,661,"Yeah, but your center of gravity is way lower..."
1138,489,19,46,192,257,1.3268482490272373,0.037908112243727275,661,Safety Regs?  With this labor Secretary? Those waivers were preapproved.
354,491,18,47,190,255,1.3254901960784313,0.03768512305537536,661,This will make you whistle again while you work.
365,491,25,33,197,255,1.3254901960784313,0.04045142706512998,661,Grumpy I swear to God if you don't stop complaining I will beat your ass
601,491,17,49,189,255,1.3254901960784313,0.037273180794899274,661,"Slip Sliding Along"" is not your song. Now off to work you go."
614,491,21,41,193,255,1.3254901960784313,0.03889478087208346,661,So where is this Gropey you sang of?
804,491,25,33,197,255,1.3254901960784313,0.04045142706512998,661,"You said, ""Watch out for Trumpy?"""
3206,491,25,33,197,255,1.3254901960784313,0.04045142706512998,661,"What do you mean, here comes the goose?"
2526,497,24,37,201,262,1.3244274809160306,0.03926432663893471,661,Snow White before she discovered plastic surgery
1108,498,17,50,192,259,1.3243243243243243,0.03685358566222413,661,"The first one who can skate without humming ""Heigh-Ho, Heigh-Ho"" wins the game"
1696,498,27,30,202,259,1.3243243243243243,0.04071227580284492,661,"You turn that frown upside down or it's back to the mine, capice?"
2744,498,25,34,200,259,1.3243243243243243,0.0399703499618168,661,Let’s rob a bank!
2805,498,24,36,199,259,1.3243243243243243,0.039594173985344185,661,Stop skating around the issue.  Who did I get my nose from?
3264,498,17,50,192,259,1.3243243243243243,0.03685358566222413,661,They make you look so much taller.
2371,503,18,46,189,253,1.3241106719367588,0.03786753406912501,661,"God bless you, whichever one of you sneezed."
2020,503,21,40,192,253,1.3241106719367588,0.03909039429626295,661,"Snow White and the seven ""little people"" doesn't sound quite right"
1937,503,21,40,192,253,1.3241106719367588,0.03909039429626295,661,And I thought only one dwarf was Happy!
1551,503,23,36,194,253,1.3241106719367588,0.0398848106352692,661,"Not only is she promising to reopen the mines, she's also going to make the land fair again!"
346,503,24,34,195,253,1.3241106719367588,0.04027614326121942,661,"Hey, who wants to put skid marks on the Evil Queen's floors!"
693,503,22,38,193,253,1.3241106719367588,0.03948960018567287,661,Contestants meet the new Bachelorettee
655,503,19,44,190,253,1.3241106719367588,0.03827949494263647,661,"Keep practicing, guys. Our first derby against the Poison Apples is this weekend."
1424,503,19,44,190,253,1.3241106719367588,0.03827949494263647,661,We’re in luck!  The Queen was kind enough to pack apples…
1579,511,19,37,176,232,1.3232758620689655,0.04069534592239952,661,These sequels keep getting worse and worse
1026,512,16,50,188,254,1.3228346456692914,0.03690585657827493,661,"Come on Grumpy, even Bashful is getting into it."
1410,512,24,34,196,254,1.3228346456692914,0.040137550808336815,661,"See, I told you it's impossible to be Grumpy on roller skates!"
1618,512,23,36,195,254,1.3228346456692914,0.03974796086596603,661,Dopey's idea?
2155,515,22,37,192,251,1.3227091633466135,0.03969215358327732,661,You are my favorite seven vertically-challenged Americans.
1659,515,25,31,195,251,1.3227091633466135,0.04087890147691047,661,"Yes, John proposed.  And yes I will, in fact, be ""Snow White Snow""...
 not a word to Daenerys or you'll be wolf snacks."
821,515,27,27,197,251,1.3227091633466135,0.04165128576501897,661,I'm Snow White who are you seven dipshits?
374,515,18,45,188,251,1.3227091633466135,0.038052293179752485,661,If only I could remember your names.
1329,515,20,41,190,251,1.3227091633466135,0.038880869796831405,661,Just pretend it's ice.
78,520,18,44,188,250,1.32,0.03810785792118687,661,I can see you're all going nowhere fast...
28,520,19,42,189,250,1.32,0.038527098896719306,661,Let me guess. It was Dopey’s idea to rollerblade on the grass.
34,520,16,48,186,250,1.32,0.037255225233903976,661,"And remember, whatever you do, don't mention your height on your dating profile."
209,520,23,34,193,250,1.32,0.04016032128385541,661,"I'd put you on Instagram, but Disney will sue me."
313,520,18,44,188,250,1.32,0.03810785792118687,661,"Smile, Grumpy. You're not fooling anyone."
576,520,24,32,194,250,1.32,0.04055835203356658,661,Aren't we a little short?
719,520,18,44,188,250,1.32,0.03810785792118687,661,"Ok, off you all go to your Wizard of Oz auditions!”"
1070,520,16,48,186,250,1.32,0.037255225233903976,661,"Enough fun already, get whistlin’ , and it’s off to work you go."
1160,520,19,42,189,250,1.32,0.038527098896719306,661,"Good start, but the marketing plan specifically says ‘on ice’."
2313,520,22,36,192,250,1.32,0.039758305944371734,661,Snow White and the Seven Carhops
2441,520,24,32,194,250,1.32,0.04055835203356658,661,"And they lived happily ever after, but Snow White did have to keep the dwarfs in-line sometimes."
3365,520,22,36,192,250,1.32,0.039758305944371734,661,Your mining days are over. It's this or bake cookies.
846,532,18,43,186,247,1.319838056680162,0.038429042520978174,661,"No no guys your MINERS,not minors."
185,533,24,30,190,244,1.319672131147541,0.041286072701796496,661,"""King or no king, you're still going to have to wear a hospital gown.""
[Sorry but my April 29 issue arrived too late for that week's contest, so I'm applying my caption for that cartoon to this one.]"
224,533,19,40,185,244,1.319672131147541,0.039190342969020804,661,"When you guys said you were getting out your blades, I thought you were talking about pickaxes!"
951,533,21,36,187,244,1.319672131147541,0.04004179952091186,661,Next week is roller derby against Cinderella's mice.
1394,533,16,46,182,244,1.319672131147541,0.037877287280959675,661,We need to change out of these costumes before Disney sues us.
1969,533,15,48,181,244,1.319672131147541,0.03742936719131971,661,"Faster, boys! We have to up the ante if we want that Pixar sequel."
2793,533,18,42,184,244,1.319672131147541,0.03875760078497854,661,"Don't go anywhere Doc, we may need you."
2928,533,24,30,190,244,1.319672131147541,0.041286072701796496,661,Who wants to go get a nose job with me?
3001,533,18,42,184,244,1.319672131147541,0.03875760078497854,661,"We know which one of you won't be rolling merrily along, don't we, fellas?"
1480,541,20,37,185,242,1.3181818181818181,0.03982489707726098,661,Never believe a mirror
2388,541,21,35,186,242,1.3181818181818181,0.04025313408939814,661,"Oh Grumpy, if you want to be part of the derby dwarves you have to do jazz hands."
3122,541,24,29,189,242,1.3181818181818181,0.041511347056352864,661,"Because all of you have a propensity to model your personalities after your names, from now on I'll be calling you Wealthy, Handsome, Buff, Thoughtful, Yielding, Considerate, and Talkative."
3541,544,17,43,183,243,1.316872427983539,0.03837515918294747,661,"On skates, you’re all Dopey."
2862,544,18,41,184,243,1.316872427983539,0.038815756817776895,661,"Lookin' good, dwarfs! Now try it with jazz hands!"
2496,544,23,31,189,243,1.316872427983539,0.040947694104039284,661,C'mon guys!  It's not 'Snow White and the Seven Dorks!'
985,544,23,31,189,243,1.316872427983539,0.040947694104039284,661,"Look alive boys, we face the Smurfs in 2 days and by the looks of things, they're going to kick our asses.  That means you, Grumpy."
1843,544,20,37,186,243,1.316872427983539,0.039682278757365554,661,Good News! No more Holidays on Ice
1307,544,20,37,186,243,1.316872427983539,0.039682278757365554,661,One of you has to be sleepy
1852,544,24,29,190,243,1.316872427983539,0.04136089684059341,661,I feel like the “bachelorette “ on growth hormones
2904,551,20,36,184,240,1.3166666666666667,0.040034271696563824,661,"Big surprise guys!  Grumpy hates Jazz Hands."""
2879,551,15,46,179,240,1.3166666666666667,0.0377942507908351,661,...and we’ll put on ice skates and people will pay $100 a ticket!
2829,551,23,30,187,240,1.3166666666666667,0.04132003655291876,661,"Hey, where'd you little bastards get roller skates?"
2595,551,25,26,189,240,1.3166666666666667,0.042155431769916,661,Be Happy!  At least you have health care.
2399,551,19,38,183,240,1.3166666666666667,0.03959640648831079,661,I'm happy without a prince in my life.
2254,551,21,34,185,240,1.3166666666666667,0.04046739939458726,661,They'll never serve us margaritas if you two don't put the beards back on.
1952,551,20,36,184,240,1.3166666666666667,0.040034271696563824,661,"Prince! Shmince! What say we party!"""
1787,551,25,26,189,240,1.3166666666666667,0.042155431769916,661,Are you all running for the Democratic nomination!
1509,551,20,36,184,240,1.3166666666666667,0.040034271696563824,661,That's not what I meant when I instructed you to get in line
1348,551,17,42,181,240,1.3166666666666667,0.03870581868161478,661,"Between your skates and my nose, I think we've got a sequel."
1204,551,20,36,184,240,1.3166666666666667,0.040034271696563824,661,"All right, Couples Skate on my next song, and don't pretend I'm so innocent that I don't know what's up between you guys."
1016,551,26,24,190,240,1.3166666666666667,0.04256698170172268,661,"Female Caucasian and the Seven Little People"""
831,551,15,46,179,240,1.3166666666666667,0.0377942507908351,661,This is the freakiest Tinder date ever.
824,551,22,32,186,240,1.3166666666666667,0.04089594010715234,661,You are so tall with your skates on!
800,551,17,42,181,240,1.3166666666666667,0.03870581868161478,661,"I know you’re ‘Grumpy,’ but right now I need your hands to be ‘Jazzy.’"
433,551,22,32,186,240,1.3166666666666667,0.04089594010715234,661,"Now you can whistle, and skate, while you work!"
11,551,17,42,181,240,1.3166666666666667,0.03870581868161478,661,"This was fun, but now it’s off to work you roll."
1273,551,16,44,180,240,1.3166666666666667,0.03825275017991896,661,We are totally starting a delivery company!
3218,551,19,38,183,240,1.3166666666666667,0.03959640648831079,661,Doc says exercise is the best thing you can do for black lung.
2045,570,21,33,184,238,1.315126050420168,0.04068465800069006,661,Yes! The DNA analysis confirms it: we are related to Pinocchio.
1541,570,16,43,179,238,1.315126050420168,0.03844418411564966,661,"I must say, you’ve adjusted to retirement from the mines very well."
3207,572,18,38,179,235,1.3148936170212766,0.039706568830612333,661,Who's Happy?
3061,573,19,35,178,232,1.3146551724137931,0.04052899119140156,661,Does Mr. Disney know about this?
2865,574,20,36,186,242,1.3140495867768596,0.03974564878820569,661,Just 10 more minutes of skating and you will get your phones back.
2713,575,19,36,181,236,1.3135593220338984,0.04001365845276861,661,I notice that you don’t whistle while you skate.
3201,576,23,27,183,233,1.3133047210300428,0.04217010736057657,661,Good news for one lucky dwarf—the Prince has ED.
2716,576,24,25,184,233,1.3133047210300428,0.04260653263116473,661,"Hiho hiho, it’s roller skating we go."
2627,576,16,41,176,233,1.3133047210300428,0.0389785489528138,661,"Remember, if someone comes, form a single line and start singing 'hi-ho, hi-ho, it's off to work we go!'"
2192,576,24,25,184,233,1.3133047210300428,0.04260653263116473,661,Last one to the castle is a rotten apple!
2179,576,24,25,184,233,1.3133047210300428,0.04260653263116473,661,"I know, I know...but it’s off to work we go!"
1760,576,18,37,178,233,1.3133047210300428,0.03991647046724951,661,"You guys keep skating, I’m just going to nip out for a little Martini!"
1643,576,18,37,178,233,1.3133047210300428,0.03991647046724951,661,I’m sending you to a magical place called Madison Square Garden.
441,576,20,33,180,233,1.3133047210300428,0.040832853814773994,661,Don’t forget to whistle while you skate!
1483,576,20,33,180,233,1.3133047210300428,0.040832853814773994,661,"Well, look who's a little Grumpy today!"
510,576,22,29,182,233,1.3133047210300428,0.041729117972401523,661,Princess Olive Oil! You're back! Skate with us!
808,576,16,41,176,233,1.3133047210300428,0.0389785489528138,661,"They said I'm supposed to call you ""little people"" now."
1549,576,20,33,180,233,1.3133047210300428,0.040832853814773994,661,Cheap skates!
1382,576,16,41,176,233,1.3133047210300428,0.0389785489528138,661,"The legalese is complicated, but what it comes down to is that he’s a very nice man named Walt, and now he owns what we say and do and look like."
994,576,22,29,182,233,1.3133047210300428,0.041729117972401523,661,AH!  Little meals on wheels!
385,590,18,39,183,240,1.3125,0.0390709980296036,661,"Good job, the Oompa-Loompas have nothing on those jazz hands."
425,590,21,33,186,240,1.3125,0.040387441086178505,661,You may call me by my new name- Global Warming White.
746,590,20,35,185,240,1.3125,0.03995344658477901,661,Jeff Bezos showed me how to make you whistle while you work 70% more efficiently.
1762,590,17,41,182,240,1.3125,0.038622213602311016,661,"Grumpy, let me see those jazz hands!"
2348,590,18,39,183,240,1.3125,0.0390709980296036,661,Forget EVERYTHING you learned in The Lollipop League. That was then. This is now.
3425,590,24,27,189,240,1.3125,0.041662308000755204,661,"Come on, Grumpy, show us those jazz hands!"
3497,590,20,35,185,240,1.3125,0.03995344658477901,661,"C'mon, Grumpy. Be a skater, not a hater."
2333,597,19,36,182,237,1.3122362869198312,0.0398664263825159,661,"Come on, Grumpy. How ‘bout a little Boogie Nights."
2324,597,19,36,182,237,1.3122362869198312,0.0398664263825159,661,"Let's start a roller derby team! It's perfect, we already have the insufferable nicknames!"
2137,597,19,36,182,237,1.3122362869198312,0.0398664263825159,661,"Come on, Grumpy, show us your triple-axle!"
1688,597,19,36,182,237,1.3122362869198312,0.0398664263825159,661,Keep it up. We'll crush Cinderella and her rats in the Prince Charming Roller Derby Death Match.
194,597,22,30,185,237,1.3122362869198312,0.04118986610647515,661,The Dwarves were elated with Snow Whites generous gift. Her true agenda however was preventing climate change.
635,597,18,38,181,237,1.3122362869198312,0.039415406210350834,661,Wait here—I need a minute with Sleazy.
280,597,19,36,182,237,1.3122362869198312,0.0398664263825159,661,"Grumpy, for this to work you're going to have to show us your jazz hands."
2699,597,18,38,181,237,1.3122362869198312,0.039415406210350834,661,"We don't say ""Dwarfs"" anymore,it's ""Differently Mobiled."""
788,597,23,28,186,237,1.3122362869198312,0.04162166233651591,661,Which one of you little bastards just grabbed my ass!
3168,597,17,40,180,237,1.3122362869198312,0.03895916504420194,661,I have great news...you little people....will no longer be called dwarfs.
3277,607,20,29,172,221,1.3122171945701357,0.04241210660659459,661,How am I not the fairest? You all got the same gift!
0,608,20,32,179,231,1.3116883116883118,0.04105663539050158,661,7 dwarves and not a single one of you had the decency of getting me a pair of skates
3385,608,18,36,177,231,1.3116883116883118,0.040129294508872385,661,And then we'll storm the Yellow Brick Road!
2911,608,25,22,184,231,1.3116883116883118,0.04328816107332943,661,Pelosi and the 2020 Presidential Candidates
2165,608,18,36,177,231,1.3116883116883118,0.040129294508872385,661,"Grumpy, remember your jazz hands!"
2043,608,20,32,179,231,1.3116883116883118,0.04105663539050158,661,Amusing idea but you'll need to do a lot more than that to catch Joe Biden.
1817,608,16,40,175,231,1.3116883116883118,0.039180010795953644,661,"Trademark, smademark. You're ""My Seven Roll Aides""."
1536,608,21,30,180,231,1.3116883116883118,0.04151253817213507,661,Why do I always have to be the goalie?
2363,608,15,42,174,231,1.3116883116883118,0.03869663719325826,661,"This next skate is ""Couples Only"""
850,608,16,40,175,231,1.3116883116883118,0.039180010795953644,661,"Boys, they laughed when you formed a roller derby team. Now let's kick some butt."
691,608,20,32,179,231,1.3116883116883118,0.04105663539050158,661,Has anyone seen Sleazy ?
283,608,17,38,176,231,1.3116883116883118,0.03965749313654898,661,I think I preferred the whistling!
106,608,20,32,179,231,1.3116883116883118,0.04105663539050158,661,It’s 2 more inches but guess what? You’re still dwarfs.
1229,608,22,28,181,231,1.3116883116883118,0.04196348819387346,661,"I told you there were healthy alternatives to caffeine, Sleepy."
70,608,20,32,179,231,1.3116883116883118,0.04105663539050158,661,That nice old woman gave me a mushroom.
1078,622,18,39,184,241,1.3112033195020747,0.03893014078630465,661,Play time is over... it's off to work you go.
1938,622,15,45,181,241,1.3112033195020747,0.03757421219144156,661,"1,2,3,4, no wait.. 1,2,3,4,5.  ..Hold still so I can see who's missing."
2538,624,23,28,187,238,1.3109243697478992,0.04146717053208841,661,"Aside from Grumpy, all of you are going to need new names if this roller derby venture is going to pan-out."
3503,624,21,32,185,238,1.3109243697478992,0.040603100746263755,661,"The budget cuts at the mining plant hit hard, but Coach White was determined to train the seven dwarves into Pro-roller skating glory."
3498,624,16,42,180,238,1.3109243697478992,0.03835786341672461,661,And  what’s even more exciting is they add three inches to your height!
3493,624,23,28,187,238,1.3109243697478992,0.04146717053208841,661,Put on your helmets boys and don't’ forget - Dopey used to be called ‘Richard’.”
3290,624,17,40,181,238,1.3109243697478992,0.03881730164191129,661,The happy moments before Doc and Grumpy invent the roller derby.
2968,624,21,32,185,238,1.3109243697478992,0.040603100746263755,661,Who’s horney?
2800,624,23,28,187,238,1.3109243697478992,0.04146717053208841,661,"Whistle while you work
you little bastards."
2780,624,15,44,179,238,1.3109243697478992,0.0378928550657386,661,"Hey guys, you’re making me dizzy, or is that name taken?"
2156,624,21,32,185,238,1.3109243697478992,0.040603100746263755,661,"...now stop making jazz hands.  Uh oh, Simon didn't say!  Grumpy's out!"
1729,624,20,34,184,238,1.3109243697478992,0.04016409552508578,661,Good thing none of you are named Clumsy.
1582,624,24,26,188,238,1.3109243697478992,0.04189252263591118,661,DwarfDash small parcel delivery service is a great fit for our brand-and today's labor laws.
1363,624,18,38,182,238,1.3109243697478992,0.039271365237564096,661,"Let’s see a Figure
 7"
1083,624,15,44,179,238,1.3109243697478992,0.0378928550657386,661,Oh Grumpy stop. It's almost like Ice Skating.
841,624,23,28,187,238,1.3109243697478992,0.04146717053208841,661,And I'm tripping too!
21,624,17,40,181,238,1.3109243697478992,0.03881730164191129,661,Anybody seen Grabby?
1855,624,17,40,181,238,1.3109243697478992,0.03881730164191129,661,Just two more and we'll have a minyan!
2193,640,23,25,181,229,1.3100436681222707,0.042652716045692124,661,You can't all be called Speedy ...
2268,640,17,37,175,229,1.3100436681222707,0.039867555274895536,661,"Yes, Walt Disney made me look a lot prettier."
2328,640,19,33,177,229,1.3100436681222707,0.04081706388782411,661,Is there a mnemonic for your names?
2356,640,19,33,177,229,1.3100436681222707,0.04081706388782411,661,"Remember everyone, Sneezy has to skate backwards."
2530,640,20,31,178,229,1.3100436681222707,0.04128362962283775,661,And all this time I thought you were working!
2750,640,14,43,172,229,1.3100436681222707,0.03839929494610617,661,"Sure, you can whistle while you play!"
2920,640,20,31,178,229,1.3100436681222707,0.04128362962283775,661,This is the best Sonic drive-in ever.
2824,640,12,47,170,229,1.3100436681222707,0.037388435532022354,661,I don't hear you whistling now.
2901,640,25,21,183,229,1.3100436681222707,0.04354153105829314,661,"OK, he's happy. Who's next?"
2923,640,20,31,178,229,1.3100436681222707,0.04128362962283775,661,"Be careful now, he only has a doctorate in economics."
2946,640,20,31,178,229,1.3100436681222707,0.04128362962283775,661,Come on Grumpy. Jazz hands while you skate!
3050,640,17,37,175,229,1.3100436681222707,0.039867555274895536,661,"Remember, only one of you can partner with me on Skating with the Stars."
3360,640,18,35,176,229,1.3100436681222707,0.04034510297433609,661,"After play time, our group therapy session will focus on evil stepmothers."
2754,640,21,29,179,229,1.3100436681222707,0.04174498107855097,661,"Remember, when we do the ice show, everyone is Happy!"
2088,640,20,31,178,229,1.3100436681222707,0.04128362962283775,661,"Jammer, Blocker, Pivot, Passer, Waller, Goater, Bridger, and Whip-It. All present; now, time for practice!"
2101,640,19,33,177,229,1.3100436681222707,0.04081706388782411,661,I guess this was Dopey's idea ?
1624,640,14,43,172,229,1.3100436681222707,0.03839929494610617,661,"Grumpy, if you can't whistle while you work, at least smile while you skate."
80,640,16,39,174,229,1.3100436681222707,0.03938421756470375,661,I applaud your effort to go green!
437,640,18,35,176,229,1.3100436681222707,0.04034510297433609,661,"If I had one more of you, I would have been the original Octmom."
1838,640,21,29,179,229,1.3100436681222707,0.04174498107855097,661,"In response to criticisms claiming a lack of diversity on the show, The Bachelorette now casts white men under 6'"
619,640,18,35,176,229,1.3100436681222707,0.04034510297433609,661,"I warned you not to have the Vente Frappucino last night, didn't I, Sleepy?"
761,640,21,29,179,229,1.3100436681222707,0.04174498107855097,661,"Hey guys, guess what? Just got my Ancestry.com results."
786,640,19,33,177,229,1.3100436681222707,0.04081706388782411,661,I think we can really get on 'Dancing With The Stars'!
536,640,22,27,180,229,1.3100436681222707,0.04220128926539461,661,"Grumpy, where's Grabby?"
996,640,17,37,175,229,1.3100436681222707,0.039867555274895536,661,"c'mon, Bashful... jazz hands!"
1072,640,15,41,173,229,1.3100436681222707,0.038894873990938536,661,"Grumpy, again, seriously, no jazz hands?"
1183,640,17,37,175,229,1.3100436681222707,0.039867555274895536,661,I don’t know what to call any of you these days.
1263,640,21,29,179,229,1.3100436681222707,0.04174498107855097,661,"I may not be the fairest of them all, but I am a woman who knows how to organize an awesome dwarf roller derby."
1409,640,18,35,176,229,1.3100436681222707,0.04034510297433609,661,"Remember, Dopey, the name of the game is Crack the Whip, not Break the Wind."
1611,640,22,27,180,229,1.3100436681222707,0.04220128926539461,661,...……...Ya do the Hokey Pokey and you turn...…...
865,640,21,29,179,229,1.3100436681222707,0.04174498107855097,661,"Cheer up, Grumpy! These roller skates make you at least three inches taller."
2839,671,20,30,177,227,1.3083700440528634,0.041513907133910836,661,"Yes, you can all run for president."
2751,671,17,36,174,227,1.3083700440528634,0.040080543669282986,661,I told you the extra two inches would make all the difference
1982,671,14,42,171,227,1.3083700440528634,0.03859398238233038,661,Global warming be damned - Snow White & The 7 Dwarfs On Ice is now On Wheels!
2342,671,15,40,172,227,1.3083700440528634,0.03909578380115754,661,"Ok, if I have this right I think we're off  to see the wizard."
2304,671,19,32,176,227,1.3083700440528634,0.041041681868848275,661,She only drew skates on you so nobody would notice that she gave all of us the same nose.
2276,671,16,38,173,227,1.3083700440528634,0.03959122561788251,661,Don't say you're off to see the wizard. That's a different movie.
2233,671,19,32,176,227,1.3083700440528634,0.041041681868848275,661,"Say, which one of you guys is my Attorney General?"
2000,671,20,30,177,227,1.3083700440528634,0.041513907133910836,661,I'm telling you: Disney on Ice is begging for disruption.
1570,671,16,38,173,227,1.3083700440528634,0.03959122561788251,661,"Remember, the judges like to see personality!"
2698,671,16,38,173,227,1.3083700440528634,0.03959122561788251,661,It's just the gimmick we need to make Snow White Part II!
1377,671,18,34,175,227,1.3083700440528634,0.04056395956664641,661,"Have your fun now, because those hardwood floors don't polish themselves."
1271,671,17,36,174,227,1.3083700440528634,0.040080543669282986,661,You all look dopey.
939,671,17,36,174,227,1.3083700440528634,0.040080543669282986,661,"All I’m saying is, can we reconsider the ‘Hi-ho’ refrain?"
898,671,22,26,179,227,1.3083700440528634,0.042442598357327534,661,"To hell with the prince, roller derby is the future."
875,671,16,38,173,227,1.3083700440528634,0.03959122561788251,661,"Now, now Grumpy; you'll like this next part where we get hook-ended sticks and smash each other trying to hit a little black round thingy into that net over there."
466,671,17,36,174,227,1.3083700440528634,0.040080543669282986,661,"Given the way you guys skate, I'm glad Doc is around."
384,671,18,34,175,227,1.3083700440528634,0.04056395956664641,661,You can't all be Happy.
187,671,21,28,178,227,1.3083700440528634,0.041980820864082655,661,"Skating is all well and good, but remember it's off to work you go!"
2973,671,15,40,172,227,1.3083700440528634,0.03909578380115754,661,"Perfect, let's go over the pocket picking again."
1405,671,13,44,170,227,1.3083700440528634,0.038085569986917665,661,"Have fun, but stay out from under the skirt."
3395,671,19,32,176,227,1.3083700440528634,0.041041681868848275,661,Which one of you is snitty?
203,692,15,39,170,224,1.3080357142857142,0.03945129735451231,661,What was in that apple?
1830,693,18,35,178,231,1.3073593073593073,0.04003985619697226,661,"Aww, Grumpy, Beauty isn’t everything."
829,694,18,33,174,225,1.3066666666666666,0.04078592972450258,661,We're going to kick Hobbiton's butt in the roller derby tournament!
1926,695,17,34,171,222,1.3063063063063063,0.04067506747284599,661,"The spell had been broken, but she was never quite 'right'  again."
1967,695,14,40,168,222,1.3063063063063063,0.0391429032390199,661,See? I told you it would be easy with your low centers of gravity!
2016,695,20,28,174,222,1.3063063063063063,0.04215157593568564,661,"Heigh-ho, people. It’s back to work you go!"
2040,695,17,34,171,222,1.3063063063063063,0.04067506747284599,661,"I know, but if we're going to compete with Game of Thrones then we need something new."
2097,695,18,32,172,222,1.3063063063063063,0.04117312060759633,661,"Just remember, Grumpy, you're skating on thin ice."
2139,695,18,32,172,222,1.3063063063063063,0.04117312060759633,661,"Hey Grumpy, the word from Hollywood is ""it's second billing or six dwarfs. Get used to it."""
2565,695,17,34,171,222,1.3063063063063063,0.04067506747284599,661,Septuplets! Wait til I tell the Prince
2752,695,18,32,172,222,1.3063063063063063,0.04117312060759633,661,Dopey? Fess up! This was your idea wasn't it?
2846,695,17,34,171,222,1.3063063063063063,0.04067506747284599,661,I need a few of you to fill some cabinet post to help out a friend.
3026,695,20,28,174,222,1.3063063063063063,0.04215157593568564,661,"Oh, come on Grumpy; show us a smile!"
3195,695,18,32,172,222,1.3063063063063063,0.04117312060759633,661,So where's what's-his-name?
3214,695,14,40,168,222,1.3063063063063063,0.0391429032390199,661,It’s wonderful you’re trying to offset the carbon footprint of all that mining.
3220,695,19,30,173,222,1.3063063063063063,0.04166522059481712,661,You're kidding.  We gave up the dental plan for this?
3249,695,20,28,174,222,1.3063063063063063,0.04215157593568564,661,"God, I'm looking more and more like the dwarfs.  This is no fairy tale."
3311,695,23,22,177,222,1.3063063063063063,0.0435780861649886,661,Olive and the Seven Oyls
3369,695,17,34,171,222,1.3063063063063063,0.04067506747284599,661,Off to work you roll.
3444,695,19,30,173,222,1.3063063063063063,0.04166522059481712,661,"And then I thought, ""Why settle for 'fairest of them all' when we could be charging 70% markup on rentals?"""
1903,695,16,36,170,222,1.3063063063063063,0.04017083976311018,661,Does this dress make me look pale?
1822,695,19,30,173,222,1.3063063063063063,0.04166522059481712,661,Wicked stepmother - dwarfs ...I think I am ready for a reality show on TLC
2726,695,17,34,171,222,1.3063063063063063,0.04067506747284599,661,I meant bring me my hair rollers but this is nice too
1741,695,13,42,167,222,1.3063063063063063,0.038618675887867715,661,"For goodness sakes roll with it, Grumpy!"
1769,695,20,28,174,222,1.3063063063063063,0.04215157593568564,661,You make me feel like my stepmother never tried to kill me.
204,695,15,38,169,222,1.3063063063063063,0.039660201974099606,661,At least you don't have as far to fall.
252,695,15,38,169,222,1.3063063063063063,0.039660201974099606,661,Oh come on Grumpy! Everyone else is having fun!
340,695,16,36,170,222,1.3063063063063063,0.04017083976311018,661,The roller skates don't make you that much taller.
353,695,17,34,171,222,1.3063063063063063,0.04067506747284599,661,Where are your helmets?
543,695,18,32,172,222,1.3063063063063063,0.04117312060759633,661,Snow White Express - coming soon to a castle near you!
787,695,20,28,174,222,1.3063063063063063,0.04215157593568564,661,"Put some jazz in those hands, Grumpy, if you want to make it to Broadway."
890,695,14,40,168,222,1.3063063063063063,0.0391429032390199,661,...these are not my dwarves...
1198,695,14,40,168,222,1.3063063063063063,0.0391429032390199,661,We are skating at the very edge of appropriateness
974,695,17,34,171,222,1.3063063063063063,0.04067506747284599,661,"Hey guys, I think we need more racial and gender diversity to keep this fairy tale rolling! The white privileged male dominated castle is clearly over the hill."
1260,695,18,32,172,222,1.3063063063063063,0.04117312060759633,661,Goody!  7more Democrats running for President!
1453,695,18,32,172,222,1.3063063063063063,0.04117312060759633,661,"You guys have fun, I'm going home to take a nice long nap."
1478,695,17,34,171,222,1.3063063063063063,0.04067506747284599,661,"Sure, I can play goalie!"
1514,695,17,34,171,222,1.3063063063063063,0.04067506747284599,661,"Now remember the deal, boys. No more whistling."
1555,695,16,36,170,222,1.3063063063063063,0.04017083976311018,661,Play time’s over. Back to the mines.
1638,695,20,28,174,222,1.3063063063063063,0.04215157593568564,661,I'll take these over glass slippers anyday!
1664,695,15,38,169,222,1.3063063063063063,0.039660201974099606,661,"Looks like you need a break, anyone want apple slices?"
1250,695,21,26,175,222,1.3063063063063063,0.042632383237498836,661,Good News!  Prince says he's taking us all to Disneyland!!
2828,734,21,27,178,226,1.3053097345132743,0.04205480067664676,661,Is everyone happy now?
3183,734,18,33,175,226,1.3053097345132743,0.040627726488907834,661,It’s okay.  Everyone feels dopey the first time they try it.
2929,734,13,43,170,226,1.3053097345132743,0.03813076613225242,661,"Big news, we have our first roller-derby match set for next week against the Lollipop Guild!"
2685,734,18,33,175,226,1.3053097345132743,0.040627726488907834,661,"Like it? I call it ""Happy Hour!"""
4,734,16,37,173,226,1.3053097345132743,0.039647817419468545,661,It's not copyright infringement if you're on skates!
963,734,27,15,184,226,1.3053097345132743,0.04477269771347779,661,i’m gonna fuck every single one of you
502,734,14,41,171,226,1.3053097345132743,0.03864306784660767,661,"OK you can skate to the Farmer's Market but remember, No apples."
157,734,16,37,173,226,1.3053097345132743,0.039647817419468545,661,I LOVE diversity!
1867,734,19,31,176,226,1.3053097345132743,0.041108922710556384,661,Are those all your names or are you describing PMS ?
2296,743,16,35,169,220,1.3045454545454545,0.04038920614633398,661,"Hi ho, hi ho, it's off to work we roll!"
3286,743,18,31,171,220,1.3045454545454545,0.04140422652292012,661,You've been such happy dwarves since the mine closed!
2983,743,18,31,171,220,1.3045454545454545,0.04140422652292012,661,"Fake it till you make it, Happy!"
2941,743,19,29,172,220,1.3045454545454545,0.041902517518359106,661,I bet this was Happy's idea.
2667,743,26,15,179,220,1.3045454545454545,0.04523713051556389,661,You're so cute I could just fuck all of you!
2656,743,19,29,172,220,1.3045454545454545,0.041902517518359106,661,Rare photo of the seven dwarfs preparing for a roller derby match.
2537,743,20,27,173,220,1.3045454545454545,0.042394952232447464,661,Just whistle while you Skate.
2510,743,16,35,169,220,1.3045454545454545,0.04038920614633398,661,"Okay, from the top. 5, 6, 7, 8!"
2487,743,21,25,174,220,1.3045454545454545,0.042881732418439115,661,"OK guys, let's roll."
2433,743,18,31,171,220,1.3045454545454545,0.04140422652292012,661,Just look busy.  I’ll get the part and you’ll all get free housekeeping.
2093,743,18,31,171,220,1.3045454545454545,0.04140422652292012,661,"If I put on skates, we can do figure eights."
1132,743,18,31,171,220,1.3045454545454545,0.04140422652292012,661,"Now Grumpy, that's 5 in the box for giving Dopey the stink-eye"
1658,743,12,43,165,220,1.3045454545454545,0.038278505345306024,661,Whistle while you skate!
1708,743,18,31,171,220,1.3045454545454545,0.04140422652292012,661,"Now that Dopey has been disqualified for using performance enhancing drugs, this year's competition is sure to be the fairest of them all."
59,743,17,33,170,220,1.3045454545454545,0.04089986520205381,661,What will Amazon think of next!
195,743,19,29,172,220,1.3045454545454545,0.041902517518359106,661,Good thing there is a Doc among you.
208,743,17,33,170,220,1.3045454545454545,0.04089986520205381,661,Hey! I bet we could turn this into a TED talk—how the little elves found their moxie and learned to skate through life.
330,743,18,31,171,220,1.3045454545454545,0.04140422652292012,661,"I dunno guys, I just don't feel like I blend in."
8,743,19,29,172,220,1.3045454545454545,0.041902517518359106,661,"Mostly I'm just wondering how you're skating on snow, rather than ice."
637,743,20,27,173,220,1.3045454545454545,0.042394952232447464,661,Now repeat after me; 'Wheelies while you work!...'la la la la la-la-la!'
1153,743,15,37,168,220,1.3045454545454545,0.03987200738257295,661,Now try this....whistle while you skate.
1325,743,19,29,172,220,1.3045454545454545,0.041902517518359106,661,I'm not SAYING you're not good; I'm SAYING The Roller Derby is only for girls !
440,743,17,33,170,220,1.3045454545454545,0.04089986520205381,661,How merrily you roll along!
1951,766,18,34,179,231,1.303030303030303,0.03994817807892259,661,Stay still so I can count you!
3300,766,19,32,180,231,1.303030303030303,0.04041658629485792,661,"Come on Grumpy,wheelie while you work!"
3407,768,17,32,169,218,1.3027522935779816,0.04112791359637076,661,"Look, now you can walk as fast as I do"
1491,768,20,26,172,218,1.3027522935779816,0.04264198731564327,661,Could you guys fix my nose?
3205,768,19,28,171,218,1.3027522935779816,0.04214334048318706,661,"That's right, just for you boys I'm going commando today."
3066,768,17,32,169,218,1.3027522935779816,0.04112791359637076,661,"Grumpy, tomorrow we’ll do spin the bottle, I promise."
2892,768,18,30,170,218,1.3027522935779816,0.04163872250605422,661,But how can you still be grumpy when everyone is having so much fun?!
2662,768,18,30,170,218,1.3027522935779816,0.04163872250605422,661,"So there was an eighth one and his name was ""Speedy""? What happened to him?"
2265,768,19,28,171,218,1.3027522935779816,0.04214334048318706,661,Who are all these kids and why are they calling me Mom?
1526,768,20,26,172,218,1.3027522935779816,0.04264198731564327,661,Now all we need is a ball about this big and some hockey sticks!
1464,768,18,30,170,218,1.3027522935779816,0.04163872250605422,661,"Well it does seem to make you guys less shy, less confused, less agitated, less manic, less lethargic, with clearer sinuses, and a career track in medicine."
2451,768,15,36,167,218,1.3027522935779816,0.04008677346082176,661,"And because of your stature, our big beautiful wall would not have to be tall!"
1214,768,16,34,168,218,1.3027522935779816,0.04061068014260401,661,I hope they'll give you just as much enjoyment as a bonus!
874,768,17,32,169,218,1.3027522935779816,0.04112791359637076,661,Isn’t this better than work?
851,768,15,36,167,218,1.3027522935779816,0.04008677346082176,661,"You know how good it feels to be around a bunch of men, and not worry about sexual harassment?"
830,768,15,36,167,218,1.3027522935779816,0.04008677346082176,661,"Lighten up, Grumpy. This was your idea."
471,768,12,42,164,218,1.3027522935779816,0.03847227054726952,661,"Okay, you merry band of pranksters, don't tell me where Happy is. Let him surprise me."
326,768,14,38,166,218,1.3027522935779816,0.03955592839706327,661,Skatey would have been proud!
303,768,16,34,168,218,1.3027522935779816,0.04061068014260401,661,"Wake up Sleepy, I said “Jazz Hands”!"
297,768,20,26,172,218,1.3027522935779816,0.04264198731564327,661,"I rescued you from Santa’s workshop to have fun.  So, have fun"
1380,768,16,34,168,218,1.3027522935779816,0.04061068014260401,661,I love this off-Broadway version!
1529,787,17,31,167,215,1.302325581395349,0.041528301300912986,661,"Nope. You don't want to see Snow fall, do you?"
405,787,12,41,162,215,1.302325581395349,0.03882339183146332,661,Good Bye Prince Charming!  Let's Roll!!
1999,789,21,25,176,222,1.3018018018018018,0.042538599103237505,661,"For copyright reasons, our show will be called slush beige."""
2373,790,17,31,168,216,1.3009259259259258,0.041359283451518576,661,I see someone's got their grumpy skates on.
2376,790,15,35,166,216,1.3009259259259258,0.04030456157001189,661,Focus on the goal: Disney on ice!
2316,790,18,29,169,216,1.3009259259259258,0.04187668384386648,661,Just when I thought you guys couldn't get any more embarrassing.
2478,790,17,31,168,216,1.3009259259259258,0.041359283451518576,661,This is way better than whistling!
2648,790,18,29,169,216,1.3009259259259258,0.04187668384386648,661,"Okay guys, let's show those wicked queens at the rink how we roll!"
2655,790,19,27,170,216,1.3009259259259258,0.04238776913090895,661,I only wish they came in my size.
2809,790,17,31,168,216,1.3009259259259258,0.041359283451518576,661,No grumpy faces please. Child Protective Services will be here in 5 minutes
2812,790,20,25,171,216,1.3009259259259258,0.04289276505462579,661,You call that work?
3324,790,19,27,170,216,1.3009259259259258,0.04238776913090895,661,"Sneezy, have you taken your zinc and echinacea?"
2979,790,14,37,165,216,1.3009259259259258,0.039766711722429224,661,"It's official everyone! We're now Snow White
and the 7 Vertical Challenges."
3078,790,18,29,169,216,1.3009259259259258,0.04187668384386648,661,"When I asked for wheels, I meant a stagecoach to get me outta here."
3091,790,18,29,169,216,1.3009259259259258,0.04187668384386648,661,Smile Grumpy. I just got us a movie deal with Disney.
3116,790,18,29,169,216,1.3009259259259258,0.04187668384386648,661,"Oh my dears, if only Uncle Walt could see you now!"
3333,790,15,35,166,216,1.3009259259259258,0.04030456157001189,661,"You can choose your snack after play time, but no apples."
3421,790,17,31,168,216,1.3009259259259258,0.041359283451518576,661,We will be the fairest roller derby team of them all.
2288,790,19,27,170,216,1.3009259259259258,0.04238776913090895,661,Who is hoping for a rose from this bachelorette?
2966,790,18,29,169,216,1.3009259259259258,0.04187668384386648,661,"I know this is fun, but Mr. Disney prefers to see you working."
2169,790,17,31,168,216,1.3009259259259258,0.041359283451518576,661,"This isn't what I meant by ""Roll Play"""
1656,790,17,31,168,216,1.3009259259259258,0.041359283451518576,661,I am glad we are all about embracing diversity!
1902,790,17,31,168,216,1.3009259259259258,0.041359283451518576,661,"Guess what, all of you have always creeped me out."
15,790,15,35,166,216,1.3009259259259258,0.04030456157001189,661,Free those “jazz hands” Grumpy!
153,790,19,27,170,216,1.3009259259259258,0.04238776913090895,661,I just can't make you all Happy.
480,790,16,33,167,216,1.3009259259259258,0.040835327909629536,661,"Wow, the skates really add stature"
660,790,21,23,172,216,1.3009259259259258,0.043391884220063744,661,7 rollers rolling
745,790,19,27,170,216,1.3009259259259258,0.04238776913090895,661,I AM related to Pinnochio!
881,790,21,23,172,216,1.3009259259259258,0.043391884220063744,661,Why we no longer hear about Clumsy.
1086,790,19,27,170,216,1.3009259259259258,0.04238776913090895,661,I'll teach you to whistle if you agree to get back to work.
1337,790,15,35,166,216,1.3009259259259258,0.04030456157001189,661,Great news!  Netflix wants to do a sequel!
202,790,14,37,165,216,1.3009259259259258,0.039766711722429224,661,"I only count six, did we lose 'Clumsy'?"
1581,790,19,27,170,216,1.3009259259259258,0.04238776913090895,661,There was mixed emotion when Mrs. White enacted the inline skate policy to improve production at the newly opened dwarf  ale distillery.
1615,790,21,23,172,216,1.3009259259259258,0.043391884220063744,661,Oh! Where's Pushy?
2124,790,19,27,170,216,1.3009259259259258,0.04238776913090895,661,"Why are you so grumpy today, Happy?"
1668,790,20,25,171,216,1.3009259259259258,0.04289276505462579,661,This is how we roll
1765,790,17,31,168,216,1.3009259259259258,0.041359283451518576,661,Where's Bashful?
1782,790,16,33,167,216,1.3009259259259258,0.040835327909629536,661,And then a handsome plastic surgeon will fix my nose and awaken me with a kiss!
1831,790,17,31,168,216,1.3009259259259258,0.041359283451518576,661,Okay!  Let's try it again with music.
1552,790,18,29,169,216,1.3009259259259258,0.04187668384386648,661,"This is supposed to be fun, you don't have to whistle while doing it."
1971,827,21,22,170,213,1.300469483568075,0.04383559936531935,661,"I think I'll call you Grifty, Shifty, Greedy, Fibber, Bully, Dummy and Cur."
2030,827,17,30,166,213,1.300469483568075,0.04176596893551498,661,Now you'll be able to get to the bottom of the mine in half the time!
2410,827,18,28,167,213,1.300469483568075,0.04229287249373112,661,Get with the program Grumpy or you'll find out the hard way that 'fairest in all the land' has it's limits.
2515,827,18,28,167,213,1.300469483568075,0.04229287249373112,661,Charming!
2761,827,17,30,166,213,1.300469483568075,0.04176596893551498,661,Keep practicing guys. We really need to up our game if we want Disney to do a reboot.
2816,827,16,32,165,213,1.300469483568075,0.04123233268290561,661,"Grumpy--as a carhop, you'll need a better attitude if you want to make good tips!"
2773,827,19,26,168,213,1.300469483568075,0.04281329193626197,661,"Now that the field is set, the race for Democratic presidential candidate can begin!"
2794,827,14,36,163,213,1.300469483568075,0.04014378473906782,661,"Hey everyone, Sleepy kicked his Ambien!"
3246,827,19,26,168,213,1.300469483568075,0.04281329193626197,661,Wrong skates - tonight is Disney on Ice!
3299,827,21,22,170,213,1.300469483568075,0.04383559936531935,661,Someone lift me!
1875,827,15,34,164,213,1.300469483568075,0.040691698856464696,661,"When I said you're going to be without Snow this winter, I meant ""I'll"" be in Florida!"
2764,827,16,32,165,213,1.300469483568075,0.04123233268290561,661,"See, what did I tell ya? The skates make you taller!"
1745,827,15,34,164,213,1.300469483568075,0.040691698856464696,661,Ten minutes more then back in the mines to greet the next tour.
2341,827,17,30,166,213,1.300469483568075,0.04176596893551498,661,"A new P.C. versioned Hollywood sequel has been released, “The Leucistic Princess and the Seven Gentlemen of Short Stature.”"
1560,827,15,34,164,213,1.300469483568075,0.040691698856464696,661,If you guys are going to make it in Roller Derby you've got to start knocking each other down.
1107,827,17,30,166,213,1.300469483568075,0.04176596893551498,661,... and Grumpy has his small hands too!
1071,827,16,32,165,213,1.300469483568075,0.04123233268290561,661,You can't all be called Wheely.
1725,827,12,40,161,213,1.300469483568075,0.039024884982270254,661,Just think how easy this would be if we had a sidewalk!
1035,827,15,34,164,213,1.300469483568075,0.040691698856464696,661,Which one of you is Whimsey?
986,827,15,34,164,213,1.300469483568075,0.040691698856464696,661,"See, Grumpy? Isn't ""It's Home from Work We Go"" 
even more fun now?"
604,827,19,26,168,213,1.300469483568075,0.04281329193626197,661,"Money is tight until they reopen the mine, but an old woman brought us apples for dessert"
351,827,18,28,167,213,1.300469483568075,0.04229287249373112,661,"If I slept with all of you at once, it would amount to a threesome"
314,827,17,30,166,213,1.300469483568075,0.04176596893551498,661,Was I asleep long enough for roller derby to come back?
261,827,18,28,167,213,1.300469483568075,0.04229287249373112,661,These live action Disney remakes need a lot of filler.
245,827,19,26,168,213,1.300469483568075,0.04281329193626197,661,I thought you were supposed to be working !
198,827,23,18,172,213,1.300469483568075,0.044834602451833766,661,"alright, let's rob some tourists"
110,827,18,28,167,213,1.300469483568075,0.04229287249373112,661,"You know, even in retirement you can still sing the hi-ho part."
3480,854,16,33,168,217,1.2995391705069124,0.04067036035291468,661,Snow white stands stunned as the small devilish men sacrifice her to Satan so they can be free
2916,854,16,33,168,217,1.2995391705069124,0.04067036035291468,661,You better behave yourselves if you want to live happily ever after
2704,854,18,29,170,217,1.2995391705069124,0.04170631854110536,661,"Yes, you should be whistling, since this qualifies as “work” under the new benefits plan."
1001,854,19,27,171,217,1.2995391705069124,0.04221476523398248,661,Your buddies BJ and Squi are coming over!
1287,854,17,31,169,217,1.2995391705069124,0.04119159633643786,661,We women have our training wheels on the inside.
2489,854,22,21,174,217,1.2995391705069124,0.04370462900293946,661,I'm starting to think giving all these guys meth was a bad idea.
2885,860,17,29,165,211,1.2985781990521328,0.04200718186108812,661,Hey fellas! Looking for seven brides?
2204,860,20,23,168,211,1.2985781990521328,0.04358913788999653,661,"Dopey? Dopey?!! Hey, if she thinks she's gonna' get kissed by a handsome prince, THERE's your dopey!"
2205,860,16,31,164,211,1.2985781990521328,0.04146645378957547,661,Popeye said I would be perfect for this roll.
2225,860,17,29,165,211,1.2985781990521328,0.04200718186108812,661,I am not Pinnochio in drag.
2421,860,19,25,167,211,1.2985781990521328,0.043068276073759876,661,Today we’re all going to read the Mueller Report.
2472,860,19,25,167,211,1.2985781990521328,0.043068276073759876,661,With this increase in efficiency we can downsize the workforce even further!
2477,860,20,23,168,211,1.2985781990521328,0.04358913788999653,661,"It's Spring, time to mark the hiking trail with subpoenas."
2786,860,19,25,167,211,1.2985781990521328,0.043068276073759876,661,"Good.  Now, when the prince arrives, circle round my bier and do the 'Hokey Pokey'."
2926,860,15,33,163,211,1.2985781990521328,0.040918580765411015,661,"You guys are always singing, `Hi ho, hi ho, it's off to work we go.' But I never see any of you ever doing a lick of work."
3522,860,21,21,169,211,1.2985781990521328,0.04410384881187428,661,And where might our seventh roller-skating little person be—where’s Handsy?
3041,860,11,41,159,211,1.2985781990521328,0.03864950322766557,661,"Before trying Disney, Snow White and the seven dwarves rehearse for the Ed Sullivan show."
3107,860,15,33,163,211,1.2985781990521328,0.040918580765411015,661,"Lean in boys, we gotta get ready for Iowa."
3160,860,19,25,167,211,1.2985781990521328,0.043068276073759876,661,"C'mon Grumpy, smile! Some day your princess will come"
3353,860,16,31,164,211,1.2985781990521328,0.04146645378957547,661,What Rumors?
3359,860,19,25,167,211,1.2985781990521328,0.043068276073759876,661,"OK boys, that's your vacation, it's back to the salt-mines we go."
3408,860,16,31,164,211,1.2985781990521328,0.04146645378957547,661,It's definitely better than digging.
3518,860,15,33,163,211,1.2985781990521328,0.040918580765411015,661,"What do you mean, this isn't in the Diamond Mining Union contract, Grumpy?"
2084,860,16,31,164,211,1.2985781990521328,0.04146645378957547,661,Enough of this fabled wasteland. Time for the Big Apple! City dwarfs on wheels!
3032,860,13,37,161,211,1.2985781990521328,0.03980021577580199,661,"Remember, when the interview team shows up, we're just friends."
2080,860,16,31,164,211,1.2985781990521328,0.04146645378957547,661,This is how we lost Clutzy.
22,860,16,31,164,211,1.2985781990521328,0.04146645378957547,661,"Guys, can you believe it - after being called a snowflake, they're now charging me with interfering with 'miners'?"
1911,860,18,27,166,211,1.2985781990521328,0.042541037433730555,661,"So, the remake is to be called ""Snow but no ice."""
161,860,17,29,165,211,1.2985781990521328,0.04200718186108812,661,...and they rolled happily ever after.
316,860,14,35,162,211,1.2985781990521328,0.04036327184245513,661,"All right, who’s going with me to see about rhinoplasty?"
439,860,20,23,168,211,1.2985781990521328,0.04358913788999653,661,"'Hi guys! Remember, I'm called ""Snow White"" because my crack is 100% pure!'"
1990,860,17,29,165,211,1.2985781990521328,0.04200718186108812,661,We finally got rid of Sneezy!
457,860,17,29,165,211,1.2985781990521328,0.04200718186108812,661,"Now that your coal mine is closed, it’s time to get behind the Green New Deal."
478,860,21,21,169,211,1.2985781990521328,0.04410384881187428,661,"So, only one of you is grumpy that I'm a white supremacist."
550,860,18,27,166,211,1.2985781990521328,0.042541037433730555,661,"Great, now we appeal to a modern audience."
686,860,19,25,167,211,1.2985781990521328,0.043068276073759876,661,"Ok, which of you wants to sleep with me tonight?"""
823,860,20,23,168,211,1.2985781990521328,0.04358913788999653,661,"I'm told I got my good looks from my father...er, which one of you is it?"
443,860,17,29,165,211,1.2985781990521328,0.04200718186108812,661,Guess what? One of you is going to be a father!
1202,860,16,31,164,211,1.2985781990521328,0.04146645378957547,661,I like the way you seven roll.
1415,860,16,31,164,211,1.2985781990521328,0.04146645378957547,661,"When I said you dwarves were cheapskates, I had no idea."
1420,860,19,25,167,211,1.2985781990521328,0.043068276073759876,661,"Hi, I’m horny, the eighth dwarf!!"
1586,860,19,25,167,211,1.2985781990521328,0.043068276073759876,661,"I know!  We have the same nose, right?!"
1636,860,14,35,162,211,1.2985781990521328,0.04036327184245513,661,Didn't you say you were going to work?
1713,860,19,25,167,211,1.2985781990521328,0.043068276073759876,661,"Predictably, Grumpy found Snow White's vision of 'Pippin and the Seven Rollerblading Dwarves' misguided and uncompelling"
1723,860,14,35,162,211,1.2985781990521328,0.04036327184245513,661,"I'm telling you it was this big and I'm now much more a High Ho than Snow White, if you get my drift."
1889,860,21,21,169,211,1.2985781990521328,0.04410384881187428,661,"For heaven's sake, Grumpy, one day off delving doesn't make you socialists."
1131,860,15,33,163,211,1.2985781990521328,0.040918580765411015,661,Just whistle while you work out.
2447,901,18,28,169,215,1.2976744186046512,0.041944902644324066,661,We are going to up the tempo on “Heigh ho. Heigh ho.”
2404,901,17,30,168,215,1.2976744186046512,0.04142349631204262,661,They call themselves the hi-ho rollers.
468,901,18,28,169,215,1.2976744186046512,0.041944902644324066,661,How silly. The man at the skate counter asked me if I was Mrs. Claus!
2692,904,10,42,157,209,1.2966507177033493,0.038251624481199335,661,Lineup dwarfs for a race to the castle. The winner gets a shiny apple given to me by the lovey old lady.
1693,904,17,28,164,209,1.2966507177033493,0.042252019479885716,661,You're home early!
1879,904,18,26,165,209,1.2966507177033493,0.042792987452182345,661,So it’s 6 to 1 in favor of a nose job.
2326,904,14,34,161,209,1.2966507177033493,0.040585875317241366,661,We started a mini Meals on Wheels program.
2422,904,20,22,167,209,1.2966507177033493,0.04385490879013001,661,"The baby is due in July, you have seven daddy guesses!"
2505,904,18,26,165,209,1.2966507177033493,0.042792987452182345,661,"There was a buy one, get six free deal...I've never felt so seen..."
2509,904,20,22,167,209,1.2966507177033493,0.04385490879013001,661,Think Fosse !
2592,904,17,28,164,209,1.2966507177033493,0.042252019479885716,661,Bashful on skates you aren't.
2737,904,17,28,164,209,1.2966507177033493,0.042252019479885716,661,"It looks like most of you guys are having a good time, but you all can’t be happy."
1578,904,15,32,162,209,1.2966507177033493,0.041148753325230346,661,"Please Grumpy, we all know that I am the fairest judge of all"
3126,904,14,34,161,209,1.2966507177033493,0.040585875317241366,661,"But Grumpy, if you smile, too, we'll ALL be happy!"
3129,904,14,34,161,209,1.2966507177033493,0.040585875317241366,661,You will like Roller Derby so much more than Disneyland.
3193,904,15,32,162,209,1.2966507177033493,0.041148753325230346,661,"I know you can do jazz hands, Grumpy!"
3289,904,19,24,166,209,1.2966507177033493,0.04332720161788237,661,"The mines jobs aren't coming back, but I do have a great college-for-all plan you should check out."
3325,904,16,30,163,209,1.2966507177033493,0.04170403487882975,661,"Okay, I give up. You guys can all read the Mueller Report back at the castle."
3341,904,19,24,166,209,1.2966507177033493,0.04332720161788237,661,Now you can go off to work much faster.
3366,904,15,32,162,209,1.2966507177033493,0.041148753325230346,661,You need helmets.
3513,904,16,30,163,209,1.2966507177033493,0.04170403487882975,661,"Joy.joy, the unemployment checks have arrived."
2922,904,19,24,166,209,1.2966507177033493,0.04332720161788237,661,"Go and tell the Prince, I am waiting for a Princess!"
1576,904,17,28,164,209,1.2966507177033493,0.042252019479885716,661,"...then she offered me an apple. I was like thanks but no thanks, who eats food given to them by strangers?"
152,904,20,22,167,209,1.2966507177033493,0.04385490879013001,661,Who is the fairest skater of them all?
1281,904,17,28,164,209,1.2966507177033493,0.042252019479885716,661,And one size fits all!  How wonderful.
89,904,15,32,162,209,1.2966507177033493,0.041148753325230346,661,"Skating around issues, that's what I love!"
1423,904,23,16,170,209,1.2966507177033493,0.04540124337342098,661,Did somebody give Grumpy a yellow snow cone?
182,904,16,30,163,209,1.2966507177033493,0.04170403487882975,661,Who wants a candy apple?
219,904,18,26,165,209,1.2966507177033493,0.042792987452182345,661,"Hey, you old white men, don't you realize you're skating on thin ice?"
248,904,16,30,163,209,1.2966507177033493,0.04170403487882975,661,Has anyone seen Clumsy?
291,904,14,34,161,209,1.2966507177033493,0.040585875317241366,661,"You see, you get around faster. Plus you added 3 inches to your height."
305,904,18,26,165,209,1.2966507177033493,0.042792987452182345,661,Who's up for a healthy snack and a nap?
355,904,16,30,163,209,1.2966507177033493,0.04170403487882975,661,"The song is not as catchy if we change it to ""Whistle while you roll and fall."""
454,904,14,34,161,209,1.2966507177033493,0.040585875317241366,661,Okay! Who's ready to try it on ice?
448,904,15,32,162,209,1.2966507177033493,0.041148753325230346,661,It's true !!  We all have big noses!!
465,904,13,36,160,209,1.2966507177033493,0.04001508028622045,661,"Grumpys all smiles, so who's next?"
639,904,16,30,163,209,1.2966507177033493,0.04170403487882975,661,I think we should all get inline.
640,904,16,30,163,209,1.2966507177033493,0.04170403487882975,661,"That's good, dearies!  Strikes just the right note of middle aged whimsy for this magazine."
740,904,16,30,163,209,1.2966507177033493,0.04170403487882975,661,"C'mon, boys, whistle while you skate."
798,904,19,24,166,209,1.2966507177033493,0.04332720161788237,661,"Don't try and fool me, Grumpy, I saw you crack a smile."
975,904,18,26,165,209,1.2966507177033493,0.042792987452182345,661,"No, I am fairly certain the RZA would take issue with calling yourselves “The 28 wheels of  death”."
984,904,16,30,163,209,1.2966507177033493,0.04170403487882975,661,"Once upon a time, there was a place called America, where everyone was accepted..."
1002,904,18,26,165,209,1.2966507177033493,0.042792987452182345,661,OK who took my skates?
456,904,16,30,163,209,1.2966507177033493,0.04170403487882975,661,I'm so glad they fit.  They were a special order.
2630,945,15,32,163,210,1.2952380952380953,0.04097669457921625,661,We have to be at the castle by three for water aerobics.
3512,945,17,28,165,210,1.2952380952380953,0.042074058894769915,661,Hey. I have exciting news. I've made arrangements for all of us to spend a week at Disney World.
3093,945,18,26,166,210,1.2952380952380953,0.04261214496480628,661,"Hey guys, new script. I'm  Snow White, Tubby you're Doc, Snuffy you're  Dopey, Gassy you're Grumpy, Cheeky you're Bashful, Ralph you're Sneezy, Morbid you're Happy, and Dormant you're Sleepy"
2522,945,16,30,164,210,1.2952380952380953,0.041529001496056574,661,"Oh stop, they'll make your work in the mine more fun."
3316,945,17,28,165,210,1.2952380952380953,0.042074058894769915,661,"Hey guys, the Queen's Fairest in the Land trade deal with China was good to us this year!"
1897,945,16,30,164,210,1.2952380952380953,0.041529001496056574,661,"Whistling and working is second nature to you, let’s try adding another discipline."
1606,945,14,34,162,210,1.2952380952380953,0.0404168409455424,661,Whistle while you wheel!
393,945,20,22,168,210,1.2952380952380953,0.043668430607749824,661,No whistling while you skate; this isn't work!
193,945,19,24,167,210,1.2952380952380953,0.04314352054622761,661,"If you learn to do it on ice, we've really got something."
2109,945,13,36,161,210,1.2952380952380953,0.03984912251726724,661,Aren't you glad I told you about Labor Day?
2742,955,13,34,157,204,1.2941176470588236,0.040627069838263766,661,Someone has squeaky wheels?
2529,955,10,40,154,204,1.2941176470588236,0.03880300585289877,661,Now try whistling while you skate.
2411,955,19,22,163,204,1.2941176470588236,0.0440491757526664,661,"OK, boys, let's see those Jazz Hands! I want to see some energy in those fingers!"
2392,955,17,26,161,204,1.2941176470588236,0.04293878810827396,661,"And remember, NEVER let stumpy get behind you!"
2379,955,13,34,157,204,1.2941176470588236,0.040627069838263766,661,"Happy, live up to your name, dear."
2270,955,19,22,163,204,1.2941176470588236,0.0440491757526664,661,Goodness me! Wouldn’t your little cheapskate father be proud to see you all now.
2309,955,13,34,157,204,1.2941176470588236,0.040627069838263766,661,"That's new, I thought you whistled to work."
2227,955,20,20,164,204,1.2941176470588236,0.04459400256346491,661,Next we’ll learn how to greet people in Iowa.
2177,955,17,26,161,204,1.2941176470588236,0.04293878810827396,661,This is play not work so enough with the whistling.
2075,955,18,24,162,204,1.2941176470588236,0.04349752526694216,661,"Oh! How about: 
""They see me rollin', They hatin' ""?"
2006,955,17,26,161,204,1.2941176470588236,0.04293878810827396,661,"Hey Grumpy, you can get out of character for this fun event."
2330,955,17,26,161,204,1.2941176470588236,0.04293878810827396,661,Hi ho! The Amazon drones have arrived!
2876,955,15,30,159,204,1.2941176470588236,0.041798913429958985,661,"Yes, it's fun. But isn't mining for diamonds more fulfilling?"
2943,955,16,28,160,204,1.2941176470588236,0.04237268393748769,661,"Hey, there are only seven of you here. Where's Clumsy?"
2999,955,14,32,158,204,1.2941176470588236,0.04121715642525796,661,We're going to Disneyland for Spring Break!
3004,955,13,34,157,204,1.2941176470588236,0.040627069838263766,661,"O.K. guys, you convinced me--there's no need for a prince in this relationship."
3075,955,17,26,161,204,1.2941176470588236,0.04293878810827396,661,And I made you each the cutest little silk hot pants for your roller derby premiere.
3215,955,17,26,161,204,1.2941176470588236,0.04293878810827396,661,A lovely little old lady gave me a lovely big red apple about this big that I traded for seven cute little pairs of tiny roller skates and a lovely little bow for my lovely hair.
3405,955,19,22,163,204,1.2941176470588236,0.0440491757526664,661,Now let's all learn to whistle!
3422,955,14,32,158,204,1.2941176470588236,0.04121715642525796,661,You do the hokey pokey and turn yourself around!
3447,955,20,20,164,204,1.2941176470588236,0.04459400256346491,661,"OK, boys, I’ve booked us in Vegas next. Let’s practice:
“ Heigh Ho, Heigh Ho, on roller blades we go...”"
3483,955,15,30,159,204,1.2941176470588236,0.041798913429958985,661,"Delightful, but there was no mention of this in the four-page summary"
3490,955,18,24,162,204,1.2941176470588236,0.04349752526694216,661,"Come on, Grumpy, do something captionable!"
3502,955,16,28,160,204,1.2941176470588236,0.04237268393748769,661,"I’m the fairest of them all, except when I play roller derby."
3534,955,17,26,161,204,1.2941176470588236,0.04293878810827396,661,"For the last time, it's nap time . . . Hey, how about some nice apples?"
1958,955,20,20,164,204,1.2941176470588236,0.04459400256346491,661,Off you go!  Tell Pinocchio I have his nose.
2878,955,12,36,156,204,1.2941176470588236,0.04002828529305421,661,I preferred whistling.
1894,955,12,36,156,204,1.2941176470588236,0.04002828529305421,661,"Now focus! Our performance of ""Game of Thrones"" on ice is next week."
1776,955,17,26,161,204,1.2941176470588236,0.04293878810827396,661,And that's how you do jazz hands
86,955,16,28,160,204,1.2941176470588236,0.04237268393748769,661,"This is just SO Dopey!"""
1835,955,15,30,159,204,1.2941176470588236,0.041798913429958985,661,"Ho Hi time is over, gentlemen! Time to Hi Ho!"
155,955,19,22,163,204,1.2941176470588236,0.0440491757526664,661,Remember that your post-workout smoothie should contain no apples whatsoever!
345,955,13,34,157,204,1.2941176470588236,0.040627069838263766,661,"I ask , ""Am I the Fairest?"" and everybody just starts Skating around as an answer!"
648,955,15,30,159,204,1.2941176470588236,0.041798913429958985,661,"After the diamond mine played out, Snow and the dwarfs decided to open a roller disco."
662,955,17,26,161,204,1.2941176470588236,0.04293878810827396,661,"Who really cares about that stupid apple. I see a cable TV show, “Little People on Skates” with years of residuals."
677,955,15,30,159,204,1.2941176470588236,0.041798913429958985,661,My grandfather’s name was Pinocchio.
732,955,19,22,163,204,1.2941176470588236,0.0440491757526664,661,"Speaking of animated fantasies, my dwarfs, do any of you happen to have that huntsman's cell number?"
879,955,18,24,162,204,1.2941176470588236,0.04349752526694216,661,"I gave a pair to each of you, for I am the fairest one of all."
955,955,18,24,162,204,1.2941176470588236,0.04349752526694216,661,Disney Off Ice.
956,955,12,36,156,204,1.2941176470588236,0.04002828529305421,661,I have to say I'm surprised you went with the Roller Derby over Disney on Ice.
980,955,17,26,161,204,1.2941176470588236,0.04293878810827396,661,You’ve all been granted asylum!
1049,955,14,32,158,204,1.2941176470588236,0.04121715642525796,661,"This isn’t what I meant when I said, “get in line.”"
1115,955,17,26,161,204,1.2941176470588236,0.04293878810827396,661,Which one of you is Happy?
284,955,17,26,161,204,1.2941176470588236,0.04293878810827396,661,"I just spoke with my agent, and he wants to know if we want a remake, a reboot, or a reimagining?"""
1212,955,15,30,159,204,1.2941176470588236,0.041798913429958985,661,"Olive Oyl and the Seven Dwarfs, who obviously did not eat their spinach."
1222,955,18,24,162,204,1.2941176470588236,0.04349752526694216,661,And  then we will roll right into the White House
1296,955,15,30,159,204,1.2941176470588236,0.041798913429958985,661,And at Christmastime we'll go to Rockefeller Center.
1350,955,21,18,165,204,1.2941176470588236,0.04513225282180513,661,You’re snowing me again.
1354,955,15,30,159,204,1.2941176470588236,0.041798913429958985,661,Pinocchio told us if I tell you you are handsome and you tell me I am beautiful we will see changes
1439,955,12,36,156,204,1.2941176470588236,0.04002828529305421,661,I told you someday we’d be rolling in the green.
1460,955,16,28,160,204,1.2941176470588236,0.04237268393748769,661,C’mon Grumpy - ‘spirit fingers’ !
1471,955,21,18,165,204,1.2941176470588236,0.04513225282180513,661,You guys do look a lot happier skating instead of vaping.
1515,955,13,34,157,204,1.2941176470588236,0.040627069838263766,661,I guess nothing can cheer Grumpy up after all.
1583,955,17,26,161,204,1.2941176470588236,0.04293878810827396,661,It's OK.  They'll never notice there is nothing to be skating on.
1646,955,18,24,162,204,1.2941176470588236,0.04349752526694216,661,"Why are you guys so energetic""
""Well we are HIGH HOE"
1719,955,15,30,159,204,1.2941176470588236,0.041798913429958985,661,AT&T approved our family plan!
1181,955,16,28,160,204,1.2941176470588236,0.04237268393748769,661,Nobody can be Mopey while skating!
211,1012,15,32,164,211,1.2938388625592416,0.040806026643824184,661,"I’ve scheduled all of us to get nose jobs, my treat!"
3275,1013,14,30,155,199,1.2914572864321607,0.04187604690117252,661,"1, 2, 3, 4, 5, 6, 7... Where the f*ck is Tonya?"
2340,1013,16,26,157,199,1.2914572864321607,0.04307111553612918,661,"Elbows always up in roller derby little ones! Do your best and crush the appetites outta those lazy, flat-footed, fool-of-a-Took hobbits!! And remember...THEY! SHALL! NOT! PASS!"
3022,1013,17,24,158,199,1.2914572864321607,0.04365638370565389,661,"Ok, we've trained for this and we're ready...we'll have 60 seconds in the Giant's treasure room..."
60,1013,19,20,160,199,1.2914572864321607,0.04480399008696291,661,No more up skirting for you boys
1100,1013,16,26,157,199,1.2914572864321607,0.04307111553612918,661,"OK Grumpy, you've gotta work on those Jazz Hands."
2638,1018,11,37,155,203,1.29064039408867,0.03946065465231959,661,"Cheer up Grumpy, we'll go bowling next week."
2442,1018,16,27,160,203,1.29064039408867,0.0424383083639861,661,Who wants a roll in the hay?
2228,1018,18,23,162,203,1.29064039408867,0.04357243070198894,661,C’mon Grumpy jazz hands! The evil queen will never look for me on Broadway!
2222,1018,16,27,160,203,1.29064039408867,0.0424383083639861,661,I don't see Gropey. Where is Gropey?
2198,1018,17,25,161,203,1.29064039408867,0.04300910795445775,661,It's great to finally see Grumpy coming out of his shell!
1970,1018,18,23,162,203,1.29064039408867,0.04357243070198894,661,"Try the jazz hands, Grumpy! They’ll break your fall."
1874,1018,17,25,161,203,1.29064039408867,0.04300910795445775,661,"See, I promised you’d see the upside to the Green New Deal!"
1823,1018,9,41,153,203,1.29064039408867,0.038204666797483994,661,"No, Disney wants it on ice!"
891,1018,15,29,159,203,1.29064039408867,0.04185972606880442,661,I wonder what was mixed in those apples.
548,1018,16,27,160,203,1.29064039408867,0.0424383083639861,661,Next thing we do is look for a buffalo herd.
397,1018,16,27,160,203,1.29064039408867,0.0424383083639861,661,It's off to therapy we roll!
333,1018,16,27,160,203,1.29064039408867,0.0424383083639861,661,Good luck storming the castle.
154,1018,16,27,160,203,1.29064039408867,0.0424383083639861,661,"I have an idea - let's build an oval wooden track,....."""
9,1018,13,33,157,203,1.29064039408867,0.0406778805503985,661,"No, no, no, it's called in-line skating for a reason!"
1165,1018,13,33,157,203,1.29064039408867,0.0406778805503985,661,Who's ready for a nice red apple and a nap?
1941,1033,16,29,165,210,1.2904761904761906,0.0414151999015815,661,"Well you know, it's hard work and rewarding being a single mother"
2112,1033,14,33,163,210,1.2904761904761906,0.040299898878852776,661,"No hug again today, Grumpy?"
1878,1033,11,39,160,210,1.2904761904761906,0.03856651980387218,661,Which One of You is Nosey
3024,1033,21,19,170,210,1.2904761904761906,0.04408016692338457,661,"For Pete's sake, Grumpy! Putting on miniature rollerblades didn't make you smile - I think you'll still be miserable with jazz-hands."
3145,1033,15,31,164,210,1.2904761904761906,0.04086135480214597,661,Anyone know what pre-nup means?
2681,1033,17,27,166,210,1.2904761904761906,0.04196173553976353,661,"...and when you're taller, you can all have yo-yo's!"
1871,1033,18,25,167,210,1.2904761904761906,0.042501243700980705,661,And we didn't even use fertility drugs.
372,1033,17,27,166,210,1.2904761904761906,0.04196173553976353,661,"Now, just whistle while you skate! C’mon, Dopey, Hipster, Depressive, Pothead, Showoff, Klutzypants. ... Hey, where’s Grabby?"
1046,1033,16,29,165,210,1.2904761904761906,0.0414151999015815,661,Now you are 2 inches taller
936,1033,22,17,171,210,1.2904761904761906,0.04459405322029547,661,Who wants to work on dwarf #8?
776,1033,16,29,165,210,1.2904761904761906,0.0414151999015815,661,"... and when Cindy falls for the group-roller-hug, Grumpy grabs the glass slipper and we all meet back here."
620,1033,17,27,166,210,1.2904761904761906,0.04196173553976353,661,Why do we get drawn with such ugly noses?
572,1033,21,19,170,210,1.2904761904761906,0.04408016692338457,661,"Between the legs. Remember, you have the advantage."
1268,1033,14,33,163,210,1.2904761904761906,0.040299898878852776,661,"Perhaps a laxative, Grumpy."
234,1033,12,37,161,210,1.2904761904761906,0.03915284046405271,661,Where is Handsy?
3147,1048,18,20,155,193,1.2901554404145077,0.04521325385405633,661,"Great news, guys! We got the audition for live action Frozen."
1996,1049,17,23,157,197,1.2893401015228427,0.043927772330763434,661,"I'm going to be a naughty Princess now, you guys deserve this."
2195,1049,16,25,156,197,1.2893401015228427,0.04333418758035871,661,You guys forgot to take your Ritalin AGAIN???
2241,1049,16,25,156,197,1.2893401015228427,0.04333418758035871,661,That little fucker Dopey better not grab my ass again.
2386,1049,16,25,156,197,1.2893401015228427,0.04333418758035871,661,Shall we try it with some synchronizrd whistling.   This should end with a high production show stopper.
2464,1049,17,23,157,197,1.2893401015228427,0.043927772330763434,661,Grumpy show hands
2985,1049,17,23,157,197,1.2893401015228427,0.043927772330763434,661,"Team, for home games, we wear white!"
3021,1049,15,27,155,197,1.2893401015228427,0.042732358284513675,661,"You're the 7 Dwarves, so why do I look like Olive Oyl?"
3062,1049,16,25,156,197,1.2893401015228427,0.04333418758035871,661,"Rather than ""fairest"" I thought I'd go for ""fiercest""."
3371,1049,20,17,160,197,1.2893401015228427,0.04566225233192507,661,"Great news! The Studio green-lit ""Snow White and the Seven Dorks.'"
3288,1049,18,21,158,197,1.2893401015228427,0.044513442358876894,661,"Actually, I’d say you’re all Dopey."
3352,1049,17,23,157,197,1.2893401015228427,0.043927772330763434,661,"Hey Dopey, where's Tardy?"
1986,1049,17,23,157,197,1.2893401015228427,0.043927772330763434,661,"Now if we form a line, we should roll up to the castle before my apple kicks in!"
3420,1049,15,27,155,197,1.2893401015228427,0.042732358284513675,661,"Snow White, are these small hands? He’s been talking about my hands, as if they were small. These are not small hands. I can guarantee you there’s no problem. I guarantee it."
3435,1049,17,23,157,197,1.2893401015228427,0.043927772330763434,661,"Okay, who farted?"
3455,1049,13,31,153,197,1.2893401015228427,0.04150252651548703,661,My stepmother never taught me how.
3485,1049,15,27,155,197,1.2893401015228427,0.042732358284513675,661,"The Sequel:
Snow White and Dopey’s
Seven Little Kids"
3517,1049,13,31,153,197,1.2893401015228427,0.04150252651548703,661,"Don't worry, Bashful, Walt says doing jazz hands is just good, clean, American fun."
3226,1049,16,25,156,197,1.2893401015228427,0.04333418758035871,661,"And the good news is, kids skate free EVERY Saturday"
1965,1049,18,21,158,197,1.2893401015228427,0.044513442358876894,661,With a little more practice I will get you a spot on Disney’s Got Talent
1550,1049,14,29,154,197,1.2893401015228427,0.0421219310557146,661,"They said, “Hi Ho.” 
She said, “Hi” back."
1755,1049,16,25,156,197,1.2893401015228427,0.04333418758035871,661,We are ready to rumble!
10,1049,16,25,156,197,1.2893401015228427,0.04333418758035871,661,Little people on roller skates! It's like a fairy tale!
42,1049,14,29,154,197,1.2893401015228427,0.0421219310557146,661,"Ah, all my little social media followers..."
62,1049,18,21,158,197,1.2893401015228427,0.044513442358876894,661,"Oh, Dasher, and Dancer, and Prancer and Vixen!
Comet, and Cupid, and Dunder and oops."
162,1049,15,27,155,197,1.2893401015228427,0.042732358284513675,661,Uh-oh - what happened to Crashy?
178,1049,16,25,156,197,1.2893401015228427,0.04333418758035871,661,"Grumpy, I know you don’t believe me, but I swear Pinocchio had nothing to do with that spell!!"
309,1049,19,19,159,197,1.2893401015228427,0.04509150606633944,661,Great news! I've signed you all up for the climactic Game of Thrones battle!
337,1049,17,23,157,197,1.2893401015228427,0.043927772330763434,661,"OK,my little Dem's,please line up for the debate!"
407,1049,18,21,158,197,1.2893401015228427,0.044513442358876894,661,"While she talked, the dwarves politely nodded.  They then went right back to roller skating."
1914,1049,12,33,152,197,1.2893401015228427,0.040873736536742436,661,"When we reverse global warming, you'll be able to ski again."
501,1049,16,25,156,197,1.2893401015228427,0.04333418758035871,661,I love it! Dwarf roller derby is so much more dignified than tossing!
739,1049,20,17,160,197,1.2893401015228427,0.04566225233192507,661,"...And your Derby Team Name will be ""the White Walkers."""
880,1049,18,21,158,197,1.2893401015228427,0.044513442358876894,661,"Hey guys, I've got an idea for a song! Start whistling!!"
962,1049,16,25,156,197,1.2893401015228427,0.04333418758035871,661,Good work guys! You're on a roll!
1140,1049,16,25,156,197,1.2893401015228427,0.04333418758035871,661,Snow White fulfills her dream of coaching her very own roller derby team.
1322,1049,14,29,154,197,1.2893401015228427,0.0421219310557146,661,Grumpy  where are your jazz hands ?
1406,1049,14,29,154,197,1.2893401015228427,0.0421219310557146,661,I'll be Sansa. Who wants to be Tyrion?
1591,1049,17,23,157,197,1.2893401015228427,0.043927772330763434,661,"Remember, only one of you will get to become ""Rolley"""
688,1049,17,23,157,197,1.2893401015228427,0.043927772330763434,661,Great news! Disney green lit Dwarf Roller Derby!
109,1088,17,25,162,204,1.2892156862745099,0.04282146691023716,661,"Sorry guys, they disqualified you from the limbo competition."
1689,1089,19,23,169,211,1.2890995260663507,0.04285166979157066,661,How's my little grumpy trumpy today?
1858,1089,17,27,167,211,1.2890995260663507,0.04178507542018732,661,"From now on, you are 'Little People' and we'll never use the 'D' word again. Nice skates."
906,1089,14,33,164,211,1.2890995260663507,0.04013206839658458,661,Anyone want an apple?
1006,1089,17,27,167,211,1.2890995260663507,0.04178507542018732,661,I warned you that your mining operations were like a poison apple to the environment.
1585,1093,21,15,162,198,1.2878787878787878,0.04601510475298984,661,I prefer Uber.
3380,1094,13,26,142,181,1.287292817679558,0.04399507948680658,661,"I can be the judge of your skating contest; besides, I'm the 'fairest of them all'."
2064,1095,12,32,151,195,1.2871794871794873,0.04110486666948538,661,Excellent-now you can do the work of 14 dwarves.
2352,1095,14,28,153,195,1.2871794871794873,0.042371526431397126,661,I’m so glad I woke up before the end of the ‘70s!
2383,1095,15,26,154,195,1.2871794871794873,0.04299086352042481,661,"I know, let’s play a game where I’m a princess and you go off to work. Ho ho!"
2587,1095,13,30,152,195,1.2871794871794873,0.04174300130586417,661,"Enough Boys!, Hi, Ho - it's off to work you go!"
2684,1095,16,24,155,195,1.2871794871794873,0.043601404109695825,661,Me too. Me too
3090,1095,13,30,152,195,1.2871794871794873,0.04174300130586417,661,This is no Fairy Tale!  You're all registered for Roller Kingdom.  Load up the mini-mini van.
1978,1095,17,22,156,195,1.2871794871794873,0.04420351269347503,661,"Let's get jiggy, boys."
3204,1095,13,30,152,195,1.2871794871794873,0.04174300130586417,661,"Alright, let’s roll."
3240,1095,18,20,157,195,1.2871794871794873,0.04479752926833594,661,I heard you taking about  cheapskates  and me  so I  bought  them for you .
3241,1095,17,22,156,195,1.2871794871794873,0.04420351269347503,661,Thank you for following protocol.
3268,1095,12,32,151,195,1.2871794871794873,0.04110486666948538,661,Good morning my pretties … just kidding
3489,1095,16,24,155,195,1.2871794871794873,0.043601404109695825,661,"Don’t be bashful, enjoy yourelves! Well except you, bashful. You can be you"
3084,1095,11,34,150,195,1.2871794871794873,0.04045666780409581,661,"‘Don’t be hating when your skating’, Grumpy."
1851,1095,18,20,157,195,1.2871794871794873,0.04479752926833594,661,"If Jamaica made it to Winter Olympics 1998, Trump won 2016, let's think Tokyo 2020!"
2703,1095,14,28,153,195,1.2871794871794873,0.042371526431397126,661,"Hey guys! My name is Snow, and I'm your new Roller Derby coach."
1743,1095,12,32,151,195,1.2871794871794873,0.04110486666948538,661,We might all be related. Who nose?
65,1095,16,24,155,195,1.2871794871794873,0.043601404109695825,661,Now you can all be happy!
254,1095,14,28,153,195,1.2871794871794873,0.042371526431397126,661,"If this is the world I live in, I wish I stayed in my coma."
507,1095,18,20,157,195,1.2871794871794873,0.04479752926833594,661,"Grumpy, I know ‘this is the 80’s and you’re down with the ladies’."
508,1095,17,22,156,195,1.2871794871794873,0.04420351269347503,661,"Sorry, I want to be with other millennials in an urban setting."
649,1095,16,24,155,195,1.2871794871794873,0.043601404109695825,661,No way you’re still grumpy.
1819,1095,15,26,154,195,1.2871794871794873,0.04299086352042481,661,"In spite of their small shoes, Snow White asked the Seven Dwarves to reduce their carbon footprints"
653,1095,13,30,152,195,1.2871794871794873,0.04174300130586417,661,"I'm sure you'd rather be a Jammer, but Blockers are just naturally grumpy, Grumpy"
807,1095,14,28,153,195,1.2871794871794873,0.042371526431397126,661,Okay! When he gets here...act casual!!!!
992,1095,16,24,155,195,1.2871794871794873,0.043601404109695825,661,So now you're all Happy!
999,1095,14,28,153,195,1.2871794871794873,0.042371526431397126,661,I see you've all become heigh ho-ly rollers.
1039,1095,14,28,153,195,1.2871794871794873,0.042371526431397126,661,No one is going to believe this.  You all need to stay still so I can get a photo for Instagram.
1166,1095,14,28,153,195,1.2871794871794873,0.042371526431397126,661,You're all  wrong. Some day my Prince will come THIS much!
1660,1095,14,28,153,195,1.2871794871794873,0.042371526431397126,661,"Okay, you little creeps, now go throughout the kingdom and find me a Prince!"
741,1095,16,24,155,195,1.2871794871794873,0.043601404109695825,661,It was obvious to Snow White that Happy won the activity coin toss.
3403,1125,16,23,153,192,1.2864583333333333,0.04407671936366513,661,Now YOU can bring me Meals on Wheels!
3017,1125,17,21,154,192,1.2864583333333333,0.04469110327210889,661,It's really OK to whistle while you skate.
2360,1125,16,23,153,192,1.2864583333333333,0.04407671936366513,661,Has anyone seen Handsy?
1121,1125,16,23,153,192,1.2864583333333333,0.04407671936366513,661,Your combined talent dwarfs the competition.
2246,1125,13,29,150,192,1.2864583333333333,0.0421799078284705,661,"I promise electric scooters for next Christmas, okay...?"
544,1125,16,23,153,192,1.2864583333333333,0.04407671936366513,661,"What type of song SHOULD we sing, Grumpy?"
2277,1125,15,25,152,192,1.2864583333333333,0.043453649651649336,661,And which one of you is Bashful?
1711,1132,13,29,151,193,1.2849740932642486,0.041987032059216646,661,"Enough work, already!  Let's whistle while we skate!"
3222,1132,16,23,154,193,1.2849740932642486,0.04387286131069276,661,"Grumpy, it’s called the 'hokey pokey.' It's a Happy dance. Don't be Bashful."
3125,1132,15,25,153,193,1.2849740932642486,0.043253388230735754,661,What happened to Clumsy?
2986,1132,18,19,156,193,1.2849740932642486,0.045086280528386306,661,"C’mere guys, I’ve GOT to read you this story I just found in an old fairytale book that you NOT gonna BELIEVE!"
2956,1132,12,31,150,193,1.2849740932642486,0.04133930931925634,661,Yes I guarantee your co-workers will find this less annoying than whistling while you work.
2725,1132,14,27,152,193,1.2849740932642486,0.04262491322325734,661,"“I hope you fall on your ass, Grumpy.”"
2598,1132,15,25,153,193,1.2849740932642486,0.043253388230735754,661,"Ms. White, may I join your group? 'Seven dwarfs' has a nice ring to it."
2073,1132,13,29,151,193,1.2849740932642486,0.041987032059216646,661,We'll show those tap dancing penguins who's boss!
2068,1132,14,27,152,193,1.2849740932642486,0.04262491322325734,661,"This was recess. Now it's back to Hi Ho, Hi Ho for you..."
1987,1132,13,29,151,193,1.2849740932642486,0.041987032059216646,661,Let's get the band back together!  With a name that's socially acceptable.
1915,1132,17,21,155,193,1.2849740932642486,0.04448370854296901,661,I know where we can get a disco ball!
1633,1132,12,31,150,193,1.2849740932642486,0.04133930931925634,661,"I'm sure that after he sees our version of Starlight Express, Andrew Lloyd Webber will finally agree to write a musical version of Snow White."
1313,1132,14,27,152,193,1.2849740932642486,0.04262491322325734,661,"I'll say 'Go,' and the winner gets a shovel AND a pick!"""
1208,1132,16,23,154,193,1.2849740932642486,0.04387286131069276,661,There... now will you stop that confounded whistling?
27,1132,12,31,150,193,1.2849740932642486,0.04133930931925634,661,If we want to compete with those 21. century Disney movies we need to step up our game!
56,1132,19,17,157,193,1.2849740932642486,0.04568090474183801,661,It's working...I see Walt's face.
190,1132,15,25,153,193,1.2849740932642486,0.043253388230735754,661,"Sure, you’ve got some sick moves. But I feel slightly like you’re stealing my spotlight."
266,1132,18,19,156,193,1.2849740932642486,0.045086280528386306,661,"I just said “It’s crazy it took Marvel 12 years to make a woman-led superhero movie” to myself, alone in this acre-wide field, and a bunch of you rollerskated in singing “Triggered much?” and I have to say I love it, it’s great and very fun."
300,1132,12,31,150,193,1.2849740932642486,0.04133930931925634,661,Last one to the castle eats the poison apple!
108,1132,15,25,153,193,1.2849740932642486,0.043253388230735754,661,Let's show Queen Elsa what we've got.
633,1132,14,27,152,193,1.2849740932642486,0.04262491322325734,661,"You guys are really getting better. Now, let's try it on ice."
947,1132,16,23,154,193,1.2849740932642486,0.04387286131069276,661,Fair's fair
1077,1132,15,25,153,193,1.2849740932642486,0.043253388230735754,661,"Come on Grumpy...Happy was right.
Tomorrow, Sunrise Yoga!"
1187,1132,16,23,154,193,1.2849740932642486,0.04387286131069276,661,It’s really the same thing except for the whole climate change thing.
306,1132,17,21,155,193,1.2849740932642486,0.04448370854296901,661,Skaters gonna Skate
3162,1157,9,36,145,190,1.2842105263157895,0.03971936909405019,661,The commute to the mine will be faster.
111,1157,16,22,152,190,1.2842105263157895,0.044356418126215665,661,"Okay, now whistle while you... Grumpy! don't forget the jazz hands!"
339,1157,17,20,153,190,1.2842105263157895,0.044979846837495695,661,"Stop pretending, you're 65."
515,1157,18,18,154,190,1.2842105263157895,0.04559475204518026,661,I know it was terrible musical but we’re ready for a “Starlight Express” revival!
2896,1157,12,30,148,190,1.2842105263157895,0.04176975770626498,661,"With global warming, the seven dwarf switched from ice skates to rollerblades."
3158,1157,17,20,153,190,1.2842105263157895,0.044979846837495695,661,You are on a roll!
2576,1163,15,24,152,191,1.2827225130890052,0.043520023008705444,661,There! Now you guys don't look like a bunch of idiots.
1294,1163,11,32,148,191,1.2827225130890052,0.040908996549783715,661,"I never intended us to be famous, it was Walt’s idea."
2175,1163,13,28,150,191,1.2827225130890052,0.04223469190954556,661,Spoiler Alert:  One of you gets impeached.
1358,1166,13,20,130,163,1.2822085889570551,0.047276185097204375,661,Your're doing great! Has anyone seen Clumsy?
2766,1167,14,25,149,188,1.2819148936170213,0.043347560459497496,661,Remember to whistle while you skate!
2758,1167,13,27,148,188,1.2819148936170213,0.04268631753097022,661,I knew you guys would love my new wellness incentive program.
2673,1167,12,29,147,188,1.2819148936170213,0.042014668996909164,661,"Look, this isn't ""Frozen"" and there is no ice"
2658,1167,14,25,149,188,1.2819148936170213,0.043347560459497496,661,Thank God it's Friday!
2651,1167,15,23,150,188,1.2819148936170213,0.04399886693114684,661,"I thought I ordered glass slippers, but enjoy."
2603,1167,16,21,151,188,1.2819148936170213,0.04464067186613282,661,Now you can get to the mine faster and get me more gems!
2545,1167,11,31,146,188,1.2819148936170213,0.04133210758580869,661,"Roll with it, Grumpy!"
2490,1167,17,19,152,188,1.2819148936170213,0.04527337935359716,661,"It sure beats a pay raise, doesn't it?!?"
2485,1167,14,25,149,188,1.2819148936170213,0.043347560459497496,661,"Turns out that unless I was asleep, that perv wasn't interested."
2471,1167,17,19,152,188,1.2819148936170213,0.04527337935359716,661,Note to self. Change withholding to single-7.
2419,1167,17,19,152,188,1.2819148936170213,0.04527337935359716,661,Let’s go find the prince and tickle him until he cries.
2408,1167,16,21,151,188,1.2819148936170213,0.04464067186613282,661,How cute! I guess they'll call me Slow White now.
2380,1167,10,33,145,188,1.2819148936170213,0.04063808341998782,661,OMG! No one's even gonna remember Elsa's stupid talking snowman once I post this!
2353,1167,18,17,153,188,1.2819148936170213,0.04589736562733958,661,"Wait wait, don't tell me. Doc, Grumpy Sleepy, Donald....oh darn!"
2501,1167,13,27,148,188,1.2819148936170213,0.04268631753097022,661,See? It feels good to unionize
2767,1167,16,21,151,188,1.2819148936170213,0.04464067186613282,661,"Fellas, my life is saturated with psycho-poetic metaphor, and I can't help but suspect that the roller skates mean my Prince will buy me a Porsche."
3270,1167,16,21,151,188,1.2819148936170213,0.04464067186613282,661,Anybody see a prince today?
2852,1167,15,23,150,188,1.2819148936170213,0.04399886693114684,661,Just roll with it
3505,1167,14,25,149,188,1.2819148936170213,0.043347560459497496,661,"O.K., now let's show that evil queen you are hell-on-wheels!"
3430,1167,16,21,151,188,1.2819148936170213,0.04464067186613282,661,"Heigh-ho, heigh-ho, Disney on ice paychecks let's go!"
3406,1167,10,33,145,188,1.2819148936170213,0.04063808341998782,661,Now you all look Dopey.
3346,1167,13,27,148,188,1.2819148936170213,0.04268631753097022,661,So there’s this guy named Andrew Lloyd Weber...
3313,1167,16,21,151,188,1.2819148936170213,0.04464067186613282,661,May I roll with you guys for a few days?
2258,1167,15,23,150,188,1.2819148936170213,0.04399886693114684,661,"I just can't decide! Do I wanna feel Grumpy, Happy, Sleepy, Bashful, Sneezy, or Dopey?"
2832,1167,14,25,149,188,1.2819148936170213,0.043347560459497496,661,"Don't have too much fun, these are rentals."
3242,1167,16,21,151,188,1.2819148936170213,0.04464067186613282,661,"Now, which one of you is at sixes and sevens?"
3164,1167,18,17,153,188,1.2819148936170213,0.04589736562733958,661,"So, no more of that annoying whistling, OK?"
3073,1167,16,21,151,188,1.2819148936170213,0.04464067186613282,661,I going to have a baby!
3010,1167,12,29,147,188,1.2819148936170213,0.042014668996909164,661,And what else did your new tech company give you?
2951,1167,13,27,148,188,1.2819148936170213,0.04268631753097022,661,This will make a great sequel!
2877,1167,17,19,152,188,1.2819148936170213,0.04527337935359716,661,"I've never seen you so grumpy, Happy.....I mean happy, Grumpy."
2855,1167,13,27,148,188,1.2819148936170213,0.04268631753097022,661,Yes . . . you’re correct - there IS no height requirement - but I AM NOT going to endorse ANY of you for the democratic primaries!!
3229,1167,15,23,150,188,1.2819148936170213,0.04399886693114684,661,"OK, how about this one... The Dwarfs of Anarchy?"
2234,1167,15,23,150,188,1.2819148936170213,0.04399886693114684,661,I've told you guys before I'm not related to White Boy Rick.
1983,1167,14,25,149,188,1.2819148936170213,0.043347560459497496,661,We have news!  There will be another little guy to skate around with you in seven months or so!
729,1167,14,25,149,188,1.2819148936170213,0.043347560459497496,661,Where’s Sleepy? We can’t retake the Troller Derby pennant from the Smurfs if Sleepy keeps showing up late for practice!
972,1167,13,27,148,188,1.2819148936170213,0.04268631753097022,661,"Day 73 with the girl:
Another perfect day.  Two hours skating around the castle, and then lunch in the park.  Nearly smiled.  Must...not...crack.

 - Grumpy"
969,1167,13,27,148,188,1.2819148936170213,0.04268631753097022,661,"Smile Grumpy,
Some day your Dream will Come...."
928,1167,13,27,148,188,1.2819148936170213,0.04268631753097022,661,Little people can still question those in power
923,1167,14,25,149,188,1.2819148936170213,0.043347560459497496,661,"Free skate is over, my little ones. It is time to return for debauchery and impropriety."
866,1167,15,23,150,188,1.2819148936170213,0.04399886693114684,661,This will be my first time babysitting for septuplets.
812,1167,12,29,147,188,1.2819148936170213,0.042014668996909164,661,Your derby championship is tomorrow versus the Oompa Loompas.
981,1167,15,23,150,188,1.2819148936170213,0.04399886693114684,661,Just when I thought you little guys couldn’t get any cuter.
2002,1167,12,29,147,188,1.2819148936170213,0.042014668996909164,661,Just because there're 7 of you doesn't mean I'm Snow White.
658,1167,17,19,152,188,1.2819148936170213,0.04527337935359716,661,Snow White and her West Wing cabinet.
638,1167,15,23,150,188,1.2819148936170213,0.04399886693114684,661,"I can't get ""Boogie Oogie Oogie out of my head""."
561,1167,14,25,149,188,1.2819148936170213,0.043347560459497496,661,Do you have a pair for me in XXXL?
403,1167,13,27,148,188,1.2819148936170213,0.04268631753097022,661,These Disney remakes are getting stranger and stranger
242,1167,13,27,148,188,1.2819148936170213,0.04268631753097022,661,"Let's take it again from the top.  Get in line and this time sing ""Heigh Ho, it's off to work we go"" with more feeling."
167,1167,12,29,147,188,1.2819148936170213,0.042014668996909164,661,Let's whistle while we roll.
701,1167,16,21,151,188,1.2819148936170213,0.04464067186613282,661,"The synchronized skating is great, but how about if you try whistling?"
1094,1167,15,23,150,188,1.2819148936170213,0.04399886693114684,661,"Is she tall, or are we just short?"
964,1167,12,29,147,188,1.2819148936170213,0.042014668996909164,661,"Let's go guys, it's off to work you roll."
1134,1167,15,23,150,188,1.2819148936170213,0.04399886693114684,661,I'm thinking bigger; I'm thinking lights and music and yes! Ice skates!  Perfect!
1962,1167,14,25,149,188,1.2819148936170213,0.043347560459497496,661,Limbo or conga line?
1950,1167,17,19,152,188,1.2819148936170213,0.04527337935359716,661,"You walked, I was blonde....that was before."
1864,1167,14,25,149,188,1.2819148936170213,0.043347560459497496,661,I'm just glad I could get you all children's price tickets
1123,1167,17,19,152,188,1.2819148936170213,0.04527337935359716,661,"Now, Grumpy, let's remember to whistle while you triple lutz."
1707,1167,17,19,152,188,1.2819148936170213,0.04527337935359716,661,"Great, now I won't have to find some horses for the carriage."
1557,1167,14,25,149,188,1.2819148936170213,0.043347560459497496,661,You look ready for the lift—don't be Bashful!
1519,1167,10,33,145,188,1.2819148936170213,0.04063808341998782,661,I am glad you like the skates because I traded the cottage for them.
1712,1167,14,25,149,188,1.2819148936170213,0.043347560459497496,661,They promised me a hoverboard for the remake.
1330,1167,17,19,152,188,1.2819148936170213,0.04527337935359716,661,Oh my.... it's a group of disgruntled Sonic employees
1283,1167,13,27,148,188,1.2819148936170213,0.04268631753097022,661,"Great job, but remember, the real show is on ice."
1237,1167,15,23,150,188,1.2819148936170213,0.04399886693114684,661,"Your cute, but Seven Dwarves a' skating doesn't quite cut it..."
1236,1167,16,21,151,188,1.2819148936170213,0.04464067186613282,661,"Heigh-Ho Heigh-Ho, it's off to work we Roll"
1162,1167,16,21,151,188,1.2819148936170213,0.04464067186613282,661,I don't hear any singing...
1155,1167,20,13,155,188,1.2819148936170213,0.04712055558245938,661,"Winter is coming, Snow White"
1389,1167,15,23,150,188,1.2819148936170213,0.04399886693114684,661,Such a great thrift store day.
2788,1236,15,22,149,186,1.2795698924731183,0.04427804594655279,661,"I know you're all having fun, but we have to go now for your measles vaccine, one grumpy dwarf is enough"""
2366,1236,17,18,151,186,1.2795698924731183,0.04557181837913252,661,Everybody rotate.
2390,1236,14,24,148,186,1.2795698924731183,0.04361677101846536,661,Do those come in adult sizes?!
2486,1236,17,18,151,186,1.2795698924731183,0.04557181837913252,661,Miners on skates... rock and roll!
2508,1236,16,20,150,186,1.2795698924731183,0.044929589266015334,661,Seven dwarfs ... seven days in a week.  Who needs Prince Charming!
2553,1236,14,24,148,186,1.2795698924731183,0.04361677101846536,661,"If this doesn't change your attitude, Grumpy, then you're a lost cause."
2554,1236,18,16,152,186,1.2795698924731183,0.046205121676589495,661,It's lucky that they rent child sizes.
2782,1236,17,18,151,186,1.2795698924731183,0.04557181837913252,661,"I said a short stroll, not a short roll!"
2830,1236,18,16,152,186,1.2795698924731183,0.046205121676589495,661,Next stop- Disney on Ice!
2325,1236,11,30,145,186,1.2795698924731183,0.04156987849120851,661,"Come now, Grumpy, admit it: Seven Dwarves Roller Derby is a much better second career than Disney on Ice!"
2872,1236,12,28,146,186,1.2795698924731183,0.042263192455630226,661,"so much fun, yes? Now let's get back to that ol' whistling and working.  Keeping Snow happy ever after ain't cheap."
2906,1236,15,22,149,186,1.2795698924731183,0.04427804594655279,661,"Don't y'all have to ""heigh ho"" it to the diamond mine?  Though I love a diversion, I have bad apples to eat, princes to meet, and queens to beat."
3236,1236,14,24,148,186,1.2795698924731183,0.04361677101846536,661,Okay. You got free style skating down. Tomorrow Disney will send over a choreographer.
3345,1236,12,28,146,186,1.2795698924731183,0.042263192455630226,661,"I know it's 'Game of Thrones' last season, but this could get us into the final episode!"
3347,1236,11,30,145,186,1.2795698924731183,0.04156987849120851,661,Next we transfer this to ice skating and I think we have a show
3381,1236,15,22,149,186,1.2795698924731183,0.04427804594655279,661,Walt's going to LOVE this!
3400,1236,14,24,148,186,1.2795698924731183,0.04361677101846536,661,You’re all just skating the issue. I will be announcing my candidacy in the morning!
3468,1236,12,28,146,186,1.2795698924731183,0.042263192455630226,661,And if you master this the Prince will arrange a meeting with the Royal Stilt Maker.
2856,1236,11,30,145,186,1.2795698924731183,0.04156987849120851,661,"Remember, it's Sleepy's turn to do the hip whip."
1992,1236,14,24,148,186,1.2795698924731183,0.04361677101846536,661,I love this because I start taking normal human steps when we walk together.
1219,1236,16,20,150,186,1.2795698924731183,0.044929589266015334,661,"I’m glad to see Grumpy back, after the wheelie incident."
1264,1236,18,16,152,186,1.2795698924731183,0.046205121676589495,661,I think one theme is enough for our restaurants
39,1236,15,22,149,186,1.2795698924731183,0.04427804594655279,661,Whistle while you twerk!
233,1236,11,30,145,186,1.2795698924731183,0.04156987849120851,661,"Not judging, but if I did, I would be the fairest of them all."
244,1236,12,28,146,186,1.2795698924731183,0.042263192455630226,661,Wait! Let me get my leotards on!
275,1236,15,22,149,186,1.2795698924731183,0.04427804594655279,661,Please stop. This is only slightly better than getting murdered.
307,1236,16,20,150,186,1.2795698924731183,0.044929589266015334,661,Ok.....I was just informed that someone has X-Ray vision........
359,1236,15,22,149,186,1.2795698924731183,0.04427804594655279,661,We cut our commute in half!
361,1236,14,24,148,186,1.2795698924731183,0.04361677101846536,661,UNION.
369,1236,16,20,150,186,1.2795698924731183,0.044929589266015334,661,Where's a poisoned apple when you need one?
506,1236,16,20,150,186,1.2795698924731183,0.044929589266015334,661,We'll destroy those faeries in roller derby!!
250,1236,16,20,150,186,1.2795698924731183,0.044929589266015334,661,Dwarves... Roll out!
706,1236,13,26,147,186,1.2795698924731183,0.042945314940158956,661,So you're telling me Andrew Lloyd Webber signed on?
828,1236,14,24,148,186,1.2795698924731183,0.04361677101846536,661,Snow White and the Derby Dwarves
885,1236,15,22,149,186,1.2795698924731183,0.04427804594655279,661,"I know, I know, with the sun behind me you can see right through my skirt, Pervy."
982,1236,14,24,148,186,1.2795698924731183,0.04361677101846536,661,"Before we film, Walt told me he just wants you be yourselves."
1045,1236,17,18,151,186,1.2795698924731183,0.04557181837913252,661,"It worked---the cocaine factory had been collectivized. The dwarves celebrated their implementing communism in the Alps by covering the mountains with the drug. Snow White, being the addict she was, was ecstatic to find an unlimited supply of it."
1154,1236,15,22,149,186,1.2795698924731183,0.04427804594655279,661,The scene moments before Snow White's fatal Instagram post that tipped off Maleficent.
1218,1236,11,30,145,186,1.2795698924731183,0.04156987849120851,661,Dear lord... Candidates PLEASE line up.
1949,1236,17,18,151,186,1.2795698924731183,0.04557181837913252,661,Who gets tossed first?
681,1236,14,24,148,186,1.2795698924731183,0.04361677101846536,661,I'm thinking this might work better on ice.
1936,1277,14,23,146,183,1.278688524590164,0.04410443994324914,661,"Thankfully the skating competition groups are by height, not age."
2035,1277,18,15,150,183,1.278688524590164,0.046748246857140074,661,The President has honored Sleepy by naming his opponent after him.
2314,1277,12,27,144,183,1.278688524590164,0.04272122589478738,661,I want to see more jazz hands guys. Really sell that excitement!
2322,1277,16,19,148,183,1.278688524590164,0.045445572979795165,661,"These White House briefings are so much when the Staff gets involved. Maybe next week we can invite the Attorney General"""
2552,1277,17,17,149,183,1.278688524590164,0.04610151129669175,661,"Every girl dreams of a guy that will smooch a random unconscious woman that they find in a coffin in the woods, but I never thought it would come true for me.

Those rollerblades look fresh by the way."
2574,1277,10,31,142,183,1.278688524590164,0.04129170208648746,661,Now you can wheelie whistle while you work!
3135,1277,14,23,146,183,1.278688524590164,0.04410443994324914,661,I've dumped the prince.  Could you use a manager?
2826,1277,14,23,146,183,1.278688524590164,0.04410443994324914,661,"Okay guys, let's get smart.
Let's follow the yellow brick road!"
3109,1277,13,25,145,183,1.278688524590164,0.04341834154283833,661,Who says you can't teach an old dwarf new tricks!
3261,1277,10,31,142,183,1.278688524590164,0.04129170208648746,661,"Looks fun, do you have any in my size?"
3306,1277,15,21,147,183,1.278688524590164,0.044780027502054745,661,Whistle while you work-out!
1924,1277,18,15,150,183,1.278688524590164,0.046748246857140074,661,No broadway appearance if you don't swing.
2602,1277,12,27,144,183,1.278688524590164,0.04272122589478738,661,"Heigh-Ho, Heigh-Ho, It's off to Venice Beach we go!"
1734,1277,12,27,144,183,1.278688524590164,0.04272122589478738,661,"All right all right, It's off to work you go."
1946,1277,14,23,146,183,1.278688524590164,0.04410443994324914,661,"It's roller skating, Grumpy, not roller hating."
1635,1277,13,25,145,183,1.278688524590164,0.04341834154283833,661,"Hi ho hi ho
tis off to the mines you go,
the union contract says, you know,
you're only off on the weekends."
1648,1277,12,27,144,183,1.278688524590164,0.04272122589478738,661,Disney is ok with you being gay Happy.
49,1277,16,19,148,183,1.278688524590164,0.045445572979795165,661,Tomorrow you'll have singing lessons and I get a nose job. We should be ready for a screen test.
142,1277,14,23,146,183,1.278688524590164,0.04410443994324914,661,And then we had no more ice so we had to switch to roller skates.
218,1277,12,27,144,183,1.278688524590164,0.04272122589478738,661,"You're so much like children, I won't have to freeze my eggs after all."
319,1277,12,27,144,183,1.278688524590164,0.04272122589478738,661,"'I'm not sure if Walt Disney's liability insurance covers rollerblading."""
744,1277,16,19,148,183,1.278688524590164,0.045445572979795165,661,Disney Reboot: Snow White and the Skating Dwarfs
855,1277,12,27,144,183,1.278688524590164,0.04272122589478738,661,Oh come on...nobody is Grumpy when they're skating.
45,1277,14,23,146,183,1.278688524590164,0.04410443994324914,661,"Tardy”, the 7th dwarf arrives late again"
1005,1277,13,25,145,183,1.278688524590164,0.04341834154283833,661,"Heigh Ho, how great, it's off to work we skate!"
1043,1277,14,23,146,183,1.278688524590164,0.04410443994324914,661,Come on guys. you all can't run for President!
1048,1277,15,21,147,183,1.278688524590164,0.044780027502054745,661,Isn't it more fun to whistle while you skate?
1472,1277,17,17,149,183,1.278688524590164,0.04610151129669175,661,"Remember, whistle while you block your opponent in the roller derby rink!"
931,1277,15,21,147,183,1.278688524590164,0.044780027502054745,661,I feel a sneezey coming on!
1520,1277,14,23,146,183,1.278688524590164,0.04410443994324914,661,"With these, I don't have to wait for you every 10 yards anymore!"
3295,1307,17,16,147,180,1.2777777777777777,0.046647745269929076,661,Day 1 of social media addiction class
68,1308,16,19,149,184,1.2771739130434783,0.04522328202852131,661,Sorry guys. No more sticks and balls for roller hockey. They’re made in China and can’t be imported because of Trump’s trade sanctions. You’ll have to play roller disco instead.
1840,1308,16,19,149,184,1.2771739130434783,0.04522328202852131,661,"Walt hates the idea, but the animation department loves it."
2479,1310,15,20,146,181,1.276243093922652,0.04507270073856507,661,Why can’t you be more like happy?
2369,1310,12,26,143,181,1.276243093922652,0.04298123182568344,661,The first rule of roller derby is you can’t be Bashful.
2291,1310,15,20,146,181,1.276243093922652,0.04507270073856507,661,"I’d like to try it, but I’m afraid I might fall and hit my head and fall into a coma, only to be awakened much later by the kiss of a prince."
2283,1310,14,22,145,181,1.276243093922652,0.044386495667750235,661,"Now,if we had that wall,you couldn't just skate in here all willy-nilly,free to do as you please,could ya?"
1865,1310,12,26,143,181,1.276243093922652,0.04298123182568344,661,"Great news from the Wicked Queen's administration. First, my problematic classification as the 'fairest in the land' has been reassessed. Second, infrastructure spending will include a roller rink."
1963,1310,11,28,142,181,1.276243093922652,0.042261080618556233,661,Is anyone happy?
1930,1310,13,24,144,181,1.276243093922652,0.04368951411332216,661,Ooh. Look at my cool Grumpy. Hand behind your back!
2483,1310,12,26,143,181,1.276243093922652,0.04298123182568344,661,All righty then....time for the high jump contest
1766,1310,14,22,145,181,1.276243093922652,0.044386495667750235,661,Has anyone seen Donald?  He promised.
2066,1310,12,26,143,181,1.276243093922652,0.04298123182568344,661,Everyone Happy?
2506,1310,14,22,145,181,1.276243093922652,0.044386495667750235,661,"Fun time is over guys. Everyone back to work.  Oh and it's okay to whistle."""
3118,1310,16,18,147,181,1.276243093922652,0.04574861425303807,661,"Heigh Ho, Heigh Ho, 
It’s off to work you go ..."
2806,1310,16,18,147,181,1.276243093922652,0.04574861425303807,661,You guys won't believe the crazy dream I am having. You are the Von Trapp family skating on the hills of the Sound of Music!
2825,1310,16,18,147,181,1.276243093922652,0.04574861425303807,661,1326 Bohemian Roller Skating Team and Coach Ms Snow White
2889,1310,14,22,145,181,1.276243093922652,0.044386495667750235,661,"I'm not saying I don't want to skate with you, it's just that this hole 'the queen asked a hunter to bring back my heart and liver to eat it' situation got me a little upset"
2921,1310,16,18,147,181,1.276243093922652,0.04574861425303807,661,I'm going to tickle that grump right out of you.
2932,1310,16,18,147,181,1.276243093922652,0.04574861425303807,661,And then we do more cocaine!
3037,1310,16,18,147,181,1.276243093922652,0.04574861425303807,661,Ruth trying to get votes at the Supreme  Clourt
3095,1310,12,26,143,181,1.276243093922652,0.04298123182568344,661,"If the wicked witch chases you on roller skates, you'll be ready."
3323,1310,15,20,146,181,1.276243093922652,0.04507270073856507,661,High Ho it's off to work we roll
3327,1310,11,28,142,181,1.276243093922652,0.042261080618556233,661,"According to the Little People of America website, we can't call you Dwarfs.  How about the Seven Vertically Challenged?"
3504,1310,18,14,149,181,1.276243093922652,0.047071333255850584,661,"Ah, come on Grumpy. You can move really fast and you're a little bit taller!"
1764,1310,11,28,142,181,1.276243093922652,0.042261080618556233,661,"I'll put in a good word with them at the castle, just don't get your hopes up that synchronized rollerblading will become an Olympic sport."
2583,1310,14,22,145,181,1.276243093922652,0.044386495667750235,661,It's Sleepy's turn tonight.
1717,1310,17,16,148,181,1.276243093922652,0.04641468582548321,661,"Sleepy and Sneezy, stay away from the cliff."
40,1310,16,18,147,181,1.276243093922652,0.04574861425303807,661,The first one to get to the castle gets to go apple-tasting with me!
1516,1310,15,20,146,181,1.276243093922652,0.04507270073856507,661,"Disney's new roller derby team, Snow Fight and the Seven Dwarves."
61,1310,15,20,146,181,1.276243093922652,0.04507270073856507,661,I’m not sure this is covered by your workers comp!
123,1310,16,18,147,181,1.276243093922652,0.04574861425303807,661,"See, elves, it's important to train in the off-season."
130,1310,14,22,145,181,1.276243093922652,0.044386495667750235,661,Forget about Snow White. I'm now ROLLER GIRL!
166,1310,11,28,142,181,1.276243093922652,0.042261080618556233,661,"Alright, boys, union break’s over. Back to the mine."
308,1310,13,24,144,181,1.276243093922652,0.04368951411332216,661,"Now, isn't this better than toiling in a cave whole day?"
334,1310,13,24,144,181,1.276243093922652,0.04368951411332216,661,"Instead of a poison apple,the mean Queen gave us disco."
424,1310,13,24,144,181,1.276243093922652,0.04368951411332216,661,Oh God! I'll never be able to remember your roller derby names!
488,1310,12,26,143,181,1.276243093922652,0.04298123182568344,661,It appears you all enjoyed the apple slices.
595,1310,11,28,142,181,1.276243093922652,0.042261080618556233,661,Now you don't have to run to keep up with my walk.
632,1310,14,22,145,181,1.276243093922652,0.044386495667750235,661,Great rollerblading guys.  You're ready to spread out and find me a prince or a knight ... a burly blacksmith would be fine too.
1546,1310,15,20,146,181,1.276243093922652,0.04507270073856507,661,One of you will grow up to be a Trump
710,1310,12,26,143,181,1.276243093922652,0.04298123182568344,661,"Don't take it personally.  It's just that I'm attracted to taller elves, that's all."
868,1310,14,22,145,181,1.276243093922652,0.044386495667750235,661,"Is he behind me again? Oh, hi seventh wheely."
919,1310,18,14,149,181,1.276243093922652,0.047071333255850584,661,"Dance damn-it, hi-ho!"
1023,1310,14,22,145,181,1.276243093922652,0.044386495667750235,661,Line up so I can give you your growth hormone.
1052,1310,15,20,146,181,1.276243093922652,0.04507270073856507,661,Cersei will never see this coming.
1063,1310,16,18,147,181,1.276243093922652,0.04574861425303807,661,There's no way Cinderella and her silly mice are going to win now!
1109,1310,12,26,143,181,1.276243093922652,0.04298123182568344,661,You can't be Grumpy rollerskating.
1170,1310,16,18,147,181,1.276243093922652,0.04574861425303807,661,"Doc, come quickly. Bashful is sneezy and Dopey's getting grumpy. At least Sleepy is happy."
1251,1310,14,22,145,181,1.276243093922652,0.044386495667750235,661,"Okay, once more, from the top:  “Hi ho, hi ho...”"
1372,1310,14,22,145,181,1.276243093922652,0.044386495667750235,661,"Guys, the Evil Queen is near - let's roll."
1432,1310,16,18,147,181,1.276243093922652,0.04574861425303807,661,"Okay gang, who wants ice cream?"
1433,1310,17,16,148,181,1.276243093922652,0.04641468582548321,661,I kissed a girl and I liked it.
738,1310,11,28,142,181,1.276243093922652,0.042261080618556233,661,"Oh, Grumpy... Don't be a skater hater."
1085,1361,14,23,148,185,1.2756756756756757,0.04367804323957258,661,Snow white and the seven dorks.
2934,1361,15,21,149,185,1.2756756756756757,0.044345528160328246,661,"See, I told you that if I pretended to be asleep long enough he would leave!"
1000,1361,14,23,148,185,1.2756756756756757,0.04367804323957258,661,"It's great that you guys picked up a new hobby, but would you quit calling me a HO?!"
1813,1361,14,23,148,185,1.2756756756756757,0.04367804323957258,661,Don't worry! Universal healthcare has you all covered!
524,1361,16,19,150,185,1.2756756756756757,0.04500311405224042,661,"Speedy! Crab-Walk! Freestyle! Axel! Foxtrot! ! Clumsy! Toe-Stop! Long time, no see!"
262,1361,14,23,148,185,1.2756756756756757,0.04367804323957258,661,"This is how we'll prove to the Queen who's the fastest one of all."""
112,1361,14,23,148,185,1.2756756756756757,0.04367804323957258,661,Last one home cleans the dishes!
702,1361,15,21,149,185,1.2756756756756757,0.044345528160328246,661,"Here's an idea:  What if you all entered the Democratic primaries as a team!  Let's retake the White House!"""
2049,1369,13,23,143,179,1.2737430167597765,0.04396494863972544,661,"To keep up with our changing climate, ""Disney on Ice""  is now on wheels, and I'll be Bombcyclone White."
2122,1369,12,25,142,179,1.2737430167597765,0.043245184821617086,661,And they thought flying monkeys were impressive...
2171,1369,13,23,143,179,1.2737430167597765,0.04396494863972544,661,Shaun White's great grandmother organizing the first x-games.
2181,1369,17,15,147,179,1.2737430167597765,0.04673328046954547,661,"Skating on thin ice can lead to a shortage of shorties, if you catch my warning."
2216,1369,15,19,145,179,1.2737430167597765,0.04537023370194877,661,Anyone want a bite of my apple?
2318,1369,15,19,145,179,1.2737430167597765,0.04537023370194877,661,"1, 2, 3, 4, 5, 6...where's the impish one?"
2364,1369,17,15,147,179,1.2737430167597765,0.04673328046954547,661,"Dopey,don't even think about getting into my skirt because I will crush you to death between my legs! #MeToo"
2469,1369,16,17,146,179,1.2737430167597765,0.046056799767323436,661,Uber have made some drastic cut-backs.
2664,1369,15,19,145,179,1.2737430167597765,0.04537023370194877,661,Who would've thought? Dopey is a natural!
2797,1369,15,19,145,179,1.2737430167597765,0.04537023370194877,661,"What part of  ""Hi-ho, hi-ho"" don't you little twerps get?"
2819,1369,14,21,144,179,1.2737430167597765,0.044673117280211956,661,Has anybody seen Doc?
2947,1369,16,17,146,179,1.2737430167597765,0.046056799767323436,661,"Now, don't you all turn grumpy on me."
1882,1369,14,21,144,179,1.2737430167597765,0.044673117280211956,661,Oh. everone's having so much fun...arms waving; smiling. Hi Grumpy!
3189,1369,14,21,144,179,1.2737430167597765,0.044673117280211956,661,Bear in mind the the Bay Area Bombers are notorious for throwing elbows.
3200,1369,16,17,146,179,1.2737430167597765,0.046056799767323436,661,"Doc, did you forget to give Grumpy his Happy pill?"
3245,1369,13,23,143,179,1.2737430167597765,0.04396494863972544,661,"What I wouldn't give for a nice, long nap."
3308,1369,15,19,145,179,1.2737430167597765,0.04537023370194877,661,"Instead of ice skating, let’ me talk to you about a new sport called roller derby!"
3363,1369,13,23,143,179,1.2737430167597765,0.04396494863972544,661,"Cmon, Dopey and Grumpy, arms out, arms out!"
3456,1369,15,19,145,179,1.2737430167597765,0.04537023370194877,661,"Big wheel keep on turnin', proud Mary keep on burnin' ..."
3464,1369,11,27,141,179,1.2737430167597765,0.04251323689885239,661,Who's whistling now?
3496,1369,17,15,147,179,1.2737430167597765,0.04673328046954547,661,Is ‘Bashful’ a roller derby nickname?
3526,1369,13,23,143,179,1.2737430167597765,0.04396494863972544,661,I'm going to have to get you dwarves inline.
3540,1369,19,11,149,179,1.2737430167597765,0.04805768305610406,661,"Heigh-ho, Heigh-ho
Our work was all for show . . ."
2914,1369,11,27,141,179,1.2737430167597765,0.04251323689885239,661,"Wow, these skates have made almost everyone Happy!"
1738,1369,12,25,142,179,1.2737430167597765,0.043245184821617086,661,"I know that many of you like to whistle while you work, but today, we do the hustle!"
2629,1369,10,29,140,179,1.2737430167597765,0.041768464335908605,661,"Of course, we’ll expect a real uptick in productivity down at the mine, too."
1610,1369,15,19,145,179,1.2737430167597765,0.04537023370194877,661,"Put your helmet on, Sneezy."
1709,1369,13,23,143,179,1.2737430167597765,0.04396494863972544,661,now it's off to work you go!
57,1369,15,19,145,179,1.2737430167597765,0.04537023370194877,661,Who's your Daddy?
67,1369,12,25,142,179,1.2737430167597765,0.043245184821617086,661,"Okay Fairy Tale Rollers, let’s kick some Queen’s ass."
221,1369,15,19,145,179,1.2737430167597765,0.04537023370194877,661,You saved me... And now offer same day shipping?
258,1369,17,15,147,179,1.2737430167597765,0.04673328046954547,661,I had a dream that I woke up and it was 1985.
505,1369,15,19,145,179,1.2737430167597765,0.04537023370194877,661,"We owe, we owe. It's off to work we go. For pennies, because we did not join the union."
516,1369,11,27,141,179,1.2737430167597765,0.04251323689885239,661,"Okay, which one of you kissed me, then ran away screaming as I was waking up?"
537,1369,16,17,146,179,1.2737430167597765,0.046056799767323436,661,I  like the 'Rolling Runts.'
714,1369,13,23,143,179,1.2737430167597765,0.04396494863972544,661,"You do the Hokey
Pokey and turn yourself around—that’s what it’s all about."
752,1369,15,19,145,179,1.2737430167597765,0.04537023370194877,661,Have any of you fellas seen my vibrator?
779,1369,13,23,143,179,1.2737430167597765,0.04396494863972544,661,Yes! Dwarf rolling is better then tossing.
900,1369,12,25,142,179,1.2737430167597765,0.043245184821617086,661,Not exactly the franchise I was looking for.
36,1369,14,21,144,179,1.2737430167597765,0.044673117280211956,661,Now its time to skate away singing the Brexit song.
965,1369,12,25,142,179,1.2737430167597765,0.043245184821617086,661,"Grumpy, if you can't live happily ever after, I'm going to have to deport you."
926,1369,10,29,140,179,1.2737430167597765,0.041768464335908605,661,Enjoy yourselves! Pretend that my nose and Grumpy's prostate aren't enlarged and troublesome.
1496,1369,10,29,140,179,1.2737430167597765,0.041768464335908605,661,"I wasn't dead, you see. Just concussed."
1411,1369,15,19,145,179,1.2737430167597765,0.04537023370194877,661,"Nicknames? Yes, Sneezy, Nosey, Snouty, Beaky, Shnozzy, Snooty and Honker.
Oh you mean OUR names?
 Never mind."
1300,1369,14,21,144,179,1.2737430167597765,0.044673117280211956,661,What fun...you're adjectives on wheels!
1297,1369,16,17,146,179,1.2737430167597765,0.046056799767323436,661,"Time was, this actually led to sex."
1527,1369,16,17,146,179,1.2737430167597765,0.046056799767323436,661,"Surprise, I got a group discount with the plastic surgeon!"
1080,1369,14,21,144,179,1.2737430167597765,0.044673117280211956,661,"Grumpy, it's either jazz hands or tickle-tickle-tickle."
1074,1369,15,19,145,179,1.2737430167597765,0.04537023370194877,661,Tomorrow we try doing lifts!
1025,1369,17,15,147,179,1.2737430167597765,0.04673328046954547,661,"Happy, Can I steal you for a sec?"
1228,1369,15,19,145,179,1.2737430167597765,0.04537023370194877,661,"Fantastic! Now, just for kicks, let's try one where you trade in your skates for mining tools and switch jazz hands to whistling."
1847,1420,13,22,141,176,1.2727272727272727,0.04446985368380243,661,It's called Disney on Ice. You'll be perfect for it!
2378,1420,14,20,142,176,1.2727272727272727,0.04519405880858525,661,"Is that creepy kid still behind me?  If he looks up my skirt one more time, I'm calling the White House counsel!"
1893,1420,16,16,144,176,1.2727272727272727,0.04660872323357497,661,God I’m ugly
1935,1420,15,18,143,176,1.2727272727272727,0.04590684062891855,661,"Hi ho and off you go, indeed. But should Dopey be the one planning your commute?"
2051,1420,15,18,143,176,1.2727272727272727,0.04590684062891855,661,This is not what I meant by work-life balance!
2133,1420,15,18,143,176,1.2727272727272727,0.04590684062891855,661,President White playing with her sycophant cabinet on the Capitol lawn.
2185,1420,13,22,141,176,1.2727272727272727,0.04446985368380243,661,"C'mon now, guys! Get inline!"
2200,1420,14,20,142,176,1.2727272727272727,0.04519405880858525,661,"Okay, Once I turn on ‘It’s Raining Men’, and you start to feel the music,  I think you’re going to change your mind!"
2244,1420,12,24,140,176,1.2727272727272727,0.04373365776748764,661,"Sleepy, Grumpy: you guys are doing great...I just need a little bit more energy."
2331,1420,16,16,144,176,1.2727272727272727,0.04660872323357497,661,"High ho rollers, off to work you go!"
2679,1420,13,22,141,176,1.2727272727272727,0.04446985368380243,661,Of course one of you can change your name to Elsa. But only one.
3086,1420,14,20,142,176,1.2727272727272727,0.04519405880858525,661,"Great idea! I really think the skates will put the ""Heigh-Ho"" number over the top!"
2804,1420,13,22,141,176,1.2727272727272727,0.04446985368380243,661,The queen stopped by; she brought me the most delicious brownies.
2915,1420,14,20,142,176,1.2727272727272727,0.04519405880858525,661,"Now that the beautiful mine is closed, we're about ready to apply for those Amazon jobs."
2969,1420,13,22,141,176,1.2727272727272727,0.04446985368380243,661,come let me tell you about our creator Cyrano.
3156,1420,16,16,144,176,1.2727272727272727,0.04660872323357497,661,"Dopey, was it your idea to roller-skate on the grass?"""
3252,1420,13,22,141,176,1.2727272727272727,0.04446985368380243,661,"Yes, celebrate! We finally have a presidential candidate we can relate to."
3315,1420,19,10,147,176,1.2727272727272727,0.04865365635046544,661,Now you can be my advance team with the Wicked Witch.
3364,1420,17,14,145,176,1.2727272727272727,0.047300191822011214,661,"Our shtick is whistling, not rollerblading!"
3414,1420,16,16,144,176,1.2727272727272727,0.04660872323357497,661,Nobody can be grumpy on rollerblades!
3477,1420,15,18,143,176,1.2727272727272727,0.04590684062891855,661,"Hi guys! Can you whistle,too?"
1778,1420,11,26,139,176,1.2727272727272727,0.042984854969962,661,Ladies' choice!
2739,1420,16,16,144,176,1.2727272727272727,0.04660872323357497,661,What else should we do with our share of the Endgame profits?
1698,1420,9,30,137,176,1.2727272727272727,0.04144668414865702,661,This is not AT ALL what we talked about.
429,1420,13,22,141,176,1.2727272727272727,0.04446985368380243,661,"Hi ho, hi ho, let's roller skate on snow!"
1666,1420,13,22,141,176,1.2727272727272727,0.04446985368380243,661,"Guys, I think I am starting to feel it"
69,1420,12,24,140,176,1.2727272727272727,0.04373365776748764,661,I can make you all stars.
1679,1420,14,20,142,176,1.2727272727272727,0.04519405880858525,661,Group date falls just short of expectations.
225,1420,11,26,139,176,1.2727272727272727,0.042984854969962,661,"Grumpy, Dopey, I'm very disappointed. I thought we had _all_ agreed to grow hipster beards?"
276,1420,8,32,136,176,1.2727272727272727,0.04065578140908709,661,"With a bit more practice, we'll be able to beat the team from Frozen."
350,1420,13,22,141,176,1.2727272727272727,0.04446985368380243,661,Someday my lutz will come.
386,1420,12,24,140,176,1.2727272727272727,0.04373365776748764,661,I can’t hear any whistling
442,1420,14,20,142,176,1.2727272727272727,0.04519405880858525,661,"I'll just call you all ""Skatey"" from now on."
485,1420,15,18,143,176,1.2727272727272727,0.04590684062891855,661,Any body else want an apple?
588,1420,17,14,145,176,1.2727272727272727,0.047300191822011214,661,When it snows we'll go ice skating!
717,1420,12,24,140,176,1.2727272727272727,0.04373365776748764,661,Can you whistle at the same time?
148,1420,15,18,143,176,1.2727272727272727,0.04590684062891855,661,"Don’t let you their name get to you, The Seven Deadly Sins are just not that good a roller derby team."
773,1420,15,18,143,176,1.2727272727272727,0.04590684062891855,661,"They were all skater boys. She said, ""see you later, boys"""
737,1420,14,20,142,176,1.2727272727272727,0.04519405880858525,661,I’ll have a hamburger and fries.
1634,1420,11,26,139,176,1.2727272727272727,0.042984854969962,661,"See, isn't this much better than 'Heigh-Ho, it's off to work we go'?"
1408,1420,10,28,138,176,1.2727272727272727,0.04222277456365938,661,I hear it’s a bouncy castle.
1402,1420,13,22,141,176,1.2727272727272727,0.04446985368380243,661,Great news guys.  We have been invited to the kingdom's short-form synchronized rollerskating competition.
1248,1420,16,16,144,176,1.2727272727272727,0.04660872323357497,661,Scenes before the Battle for Winterfell.
1616,1420,12,24,140,176,1.2727272727272727,0.04373365776748764,661,"And best of all, you can stop that infernal whistling."
1018,1420,15,18,143,176,1.2727272727272727,0.04590684062891855,661,...and they call it roller derby!
943,1420,12,24,140,176,1.2727272727272727,0.04373365776748764,661,Are you just skating around the subject?
869,1420,17,14,145,176,1.2727272727272727,0.047300191822011214,661,"Smile Grumpy, it's all skate!"
1235,1420,14,20,142,176,1.2727272727272727,0.04519405880858525,661,"I appreciate the offer, but one at a time, please!"
2427,1468,14,20,143,177,1.271186440677966,0.04496440798677872,661,"I hope none of you are named, ""Clumsy."""
2759,1468,15,18,144,177,1.271186440677966,0.0456727415532423,661,"Come on Grumpy - let's see your ""spirit fingers"""
2462,1468,15,18,144,177,1.271186440677966,0.0456727415532423,661,I was thinking of starting a pint-sized roller derby team. Any takers?
2488,1468,15,18,144,177,1.271186440677966,0.0456727415532423,661,"Grumpy, you look so Trumpy."
2561,1468,11,26,140,177,1.271186440677966,0.04276907737417492,661,"Altogether now, start whistling."
2579,1468,14,20,143,177,1.271186440677966,0.04496440798677872,661,"Well, they didn't tell me to bring my skates!"
2614,1468,12,24,141,177,1.271186440677966,0.04351316254681952,661,"No more NoDoz for you, Sleepy!"
2701,1468,16,16,145,177,1.271186440677966,0.04637025616035609,661,Nose White and the Seven Schnozolas.
2870,1468,14,20,143,177,1.271186440677966,0.04496440798677872,661,Skates put an end to the inappropriate touching.
3146,1468,13,22,142,177,1.271186440677966,0.04424473584748488,661,"Dopey... Grumpy... hey, has anyone seen Handsy?"
3016,1468,13,22,142,177,1.271186440677966,0.04424473584748488,661,"Speedy, Spinny, Whizzy, Whirly, Zippy, Breezy and ...  Grumpy."
3068,1468,16,16,145,177,1.271186440677966,0.04637025616035609,661,"'Gather 'round, boys. It""s time for the big vote on whether or not, I should get a nose job."""
3087,1468,14,20,143,177,1.271186440677966,0.04496440798677872,661,I have two words for you Grouchy: 'Roller Derby'
3139,1468,12,24,141,177,1.271186440677966,0.04351316254681952,661,"Grumpy!  Simon says, “ Wave your hands”....... like this."
3238,1468,13,22,142,177,1.271186440677966,0.04424473584748488,661,Any ideas on how to adapt to climate change?
3285,1468,15,18,144,177,1.271186440677966,0.0456727415532423,661,Some day my prince will come and we're going to kick his butt in roller derby.
3500,1468,10,28,139,177,1.271186440677966,0.04201181552909116,661,An early rehearsal before the company settled on ice shows.
3516,1468,13,22,142,177,1.271186440677966,0.04424473584748488,661,"You put both hands in. You put both hands out. You put both hands in, and you shake 'em all about."
2357,1468,12,24,141,177,1.271186440677966,0.04351316254681952,661,"Ok, lets take it from the top, and a 1 and a 2 and a 3 and a 4 and a 5 and a 6 and a 7"
2913,1468,13,22,142,177,1.271186440677966,0.04424473584748488,661,"Ready for your new nicknames from Donald Trump?  Bashful, Doc, Dopey, Grumpy, Happy, Sleepy, and Sneezy!"
2168,1468,16,16,145,177,1.271186440677966,0.04637025616035609,661,After this I thought we’d bob for apples!
1414,1468,16,16,145,177,1.271186440677966,0.04637025616035609,661,Am I dreaming?
2069,1468,15,18,144,177,1.271186440677966,0.0456727415532423,661,"We'll make the big time yet boys. When I'm done training you, 
they'll change that song from seven swans a swimmin' 
to seven dwarfs a skatin'!"
2096,1468,15,18,144,177,1.271186440677966,0.0456727415532423,661,Excellent! Now all we need are some guns and ski masks.
184,1468,11,26,140,177,1.271186440677966,0.04276907737417492,661,"Remember the choreography. High low, high low. Grumpy - show me those hands!"
230,1468,13,22,142,177,1.271186440677966,0.04424473584748488,661,Rumpy made a grab for it.
371,1468,17,14,146,177,1.271186440677966,0.04705743290666011,661,"I feel all these emotions, Period!"
394,1468,10,28,139,177,1.271186440677966,0.04201181552909116,661,"See boys, skating while you work really is the new whistling."
722,1468,13,22,142,177,1.271186440677966,0.04424473584748488,661,"Thing is, Disney On Ice is done on ice."
949,1468,14,20,143,177,1.271186440677966,0.04496440798677872,661,"When you guys asked if I’d like to see Disney on Ice, this wasn’t what I was expecting."
1047,1468,14,20,143,177,1.271186440677966,0.04496440798677872,661,We are Fam-i-ly!!!
1156,1468,15,18,144,177,1.271186440677966,0.0456727415532423,661,"Alright, which one of you has my JUUL?!"
721,1468,14,20,143,177,1.271186440677966,0.04496440798677872,661,"See guys! Cinderella was wrong, this is so much better than chasing after a ball."
1562,1468,13,22,142,177,1.271186440677966,0.04424473584748488,661,You see? Now you're all Happy.
1644,1468,10,28,139,177,1.271186440677966,0.04201181552909116,661,It would never work...trust me!
1651,1468,9,30,138,177,1.271186440677966,0.04124065116681124,661,"Remember, it's one foot on the second ""ho"" and the other on ""go."""
1777,1468,16,16,145,177,1.271186440677966,0.04637025616035609,661,I don’t recall skates in the old animated version.
2001,1468,13,22,142,177,1.271186440677966,0.04424473584748488,661,I said “I could use a DRINK !”
1807,1468,12,24,141,177,1.271186440677966,0.04351316254681952,661,"Smile, Grumpy, or you'll never make it to Rockefeller Center!"
1907,1468,13,22,142,177,1.271186440677966,0.04424473584748488,661,"Yes I do feel Dopey,  why do you ask?"
1961,1468,15,18,144,177,1.271186440677966,0.0456727415532423,661,"From now on fellas, it's ""Hi-Ho on Wheels!"""
1995,1468,14,20,143,177,1.271186440677966,0.04496440798677872,661,I don't know why they left the skates out of the movie.
2836,1510,14,21,146,181,1.270718232044199,0.04422957805459471,661,"Are you guys getting rich, Doc, or just skating by?"
2604,1510,13,23,145,181,1.270718232044199,0.043530084087702516,661,"...Sleepy, Happy... oh no, who was the last to see Cuncussy?"
2281,1512,15,17,142,174,1.2701149425287357,0.04621929716444246,661,"Hi Ho, Hi Ho! It's off to skate you go!"
2293,1512,14,19,141,174,1.2701149425287357,0.045494864131237496,661,"Oh Grumpy, we get it...’jazz hands’ is just a step too far."
2768,1512,8,31,135,174,1.2701149425287357,0.04087955545242741,661,"OK everyone, Disney On Ice is only one month away!"
2453,1512,13,21,140,174,1.2701149425287357,0.04475870746865331,661,This ought to win back the Pixar audience.
2540,1512,16,15,143,174,1.2701149425287357,0.046932549455898066,661,Little did they know that Snow White's proposed exercise and entertainment regimen was actually part of a cruel plot training them to be the underpaid and overworked travelling cast of a children's ice-rink show.
2569,1512,13,21,140,174,1.2701149425287357,0.04475870746865331,661,"Mirror mirror on the wall,whose the fastest of them all?"
2640,1512,15,17,142,174,1.2701149425287357,0.04621929716444246,661,Don't go to far far away.
2644,1512,12,23,139,174,1.2701149425287357,0.0440102388792563,661,Surprise! We're going into the grocery delivery business!
2652,1512,15,17,142,174,1.2701149425287357,0.04621929716444246,661,Tighten the skating routine a little and the Disney Channel might be interested in us.
2835,1512,11,25,138,174,1.2701149425287357,0.043248819153289306,661,I preferred Disney on crack.
3514,1512,14,19,141,174,1.2701149425287357,0.045494864131237496,661,"Don't forget, tomorrow it's right back to the mines!"
3007,1512,13,21,140,174,1.2701149425287357,0.04475870746865331,661,Act small. The TV sitcom people are almost here.
3057,1512,13,21,140,174,1.2701149425287357,0.04475870746865331,661,"Hey guys, who's up for Roller Derby?"
3131,1512,12,23,139,174,1.2701149425287357,0.0440102388792563,661,We NEED more of whatever was in that apple!
3186,1512,13,21,140,174,1.2701149425287357,0.04475870746865331,661,Now we need a little rink.
3199,1512,12,23,139,174,1.2701149425287357,0.0440102388792563,661,Stop following me !
3247,1512,14,19,141,174,1.2701149425287357,0.045494864131237496,661,"Okay we had our fun, how bout we hi- ho, hi - ho off to work now."
3413,1512,13,21,140,174,1.2701149425287357,0.04475870746865331,661,"Are you ready to rehearse our new group number, “Whistle While You Twerk” ?"
3482,1512,13,21,140,174,1.2701149425287357,0.04475870746865331,661,"What do you think, boys? “Snow White and the Rolling Dwarves.” I like it!"
3506,1512,17,13,144,174,1.2701149425287357,0.047635123244152484,661,"Come on, dwarves, why don't we paint the rink? And all that jazz"
2202,1512,14,19,141,174,1.2701149425287357,0.045494864131237496,661,Yes yes hi ho hi ho. Now off to work you roll.
3521,1512,14,19,141,174,1.2701149425287357,0.045494864131237496,661,"That's enough of the  hi-ho,  hi-ho,  now it's off to work you go."""
2975,1512,14,19,141,174,1.2701149425287357,0.045494864131237496,661,"You can skate with us, but I wouldn't audition for Sleeping Beauty if I were you."
2187,1512,16,15,143,174,1.2701149425287357,0.046932549455898066,661,"...five, six...hey, where's Rolly?"
2337,1512,15,17,142,174,1.2701149425287357,0.04621929716444246,661,They never know which one of you is my dad
2059,1512,13,21,140,174,1.2701149425287357,0.04475870746865331,661,Hi I'm Snow's cousin Olive
2148,1512,12,23,139,174,1.2701149425287357,0.0440102388792563,661,I'm so happy that 6/7ths of you are enjoying your new skates!
75,1512,16,15,143,174,1.2701149425287357,0.046932549455898066,661,I heard from Disney: Good news and bad news. They want a higher concept than roller skates. But Snow White and the Seven Skateboarders is a go!
87,1512,15,17,142,174,1.2701149425287357,0.04621929716444246,661,Just wait 'til  everyone at the ball sees us roll up on these in-line skates...
399,1512,13,21,140,174,1.2701149425287357,0.04475870746865331,661,Now you can whistle on your way to work.
422,1512,15,17,142,174,1.2701149425287357,0.04621929716444246,661,Roller Derby! I see it now. Snow White and the Seven Smashers!
470,1512,12,23,139,174,1.2701149425287357,0.0440102388792563,661,This is not what I meant when I suggested rolling over your assets.
473,1512,15,17,142,174,1.2701149425287357,0.04621929716444246,661,We're going to have a baby.
481,1512,11,25,138,174,1.2701149425287357,0.043248819153289306,661,Heigh ho heigh ho its off to work we go with a bucket and spade and our rollerblades heigh ho heigh ho.
825,1512,14,19,141,174,1.2701149425287357,0.045494864131237496,661,Skates were a great idea. No one would have believed us about flying monkeys.
859,1512,12,23,139,174,1.2701149425287357,0.0440102388792563,661,"After Disney On Ice, the idea well kind of ran dry"
920,1512,16,15,143,174,1.2701149425287357,0.046932549455898066,661,"So, I got eight tickets to Avengers Endgame!"
842,1512,13,21,140,174,1.2701149425287357,0.04475870746865331,661,"Tomorrow, I'll teach you roller derby."
1149,1512,15,17,142,174,1.2701149425287357,0.04621929716444246,661,The final tryouts for Disney on Ice
1975,1512,13,21,140,174,1.2701149425287357,0.04475870746865331,661,"Hey boys, I know you’re having fun but the gems won’t mine themselves"
1873,1512,14,19,141,174,1.2701149425287357,0.045494864131237496,661,That’s the fourth Rihanna song in a row.
1130,1512,14,19,141,174,1.2701149425287357,0.045494864131237496,661,"This is fun. Later, we are going to get health insurance for everyone."
1791,1512,13,21,140,174,1.2701149425287357,0.04475870746865331,661,Now promise me you won't tell your mothers I let you skate under my dress.
1535,1512,15,17,142,174,1.2701149425287357,0.04621929716444246,661,After this we’ll play “Let’s storm that bitch at the castle!”
1842,1512,16,15,143,174,1.2701149425287357,0.046932549455898066,661,"I know you're good skaters, but none of you passed the height requirement to get in the skating rank without a chaperone."
1316,1512,9,29,136,174,1.2701149425287357,0.04168427547701131,661,"So, for the roller derby, we're going to pick new names like 'Crusher' and 'Axe Man' and put on that game face we talked about..."
1230,1512,17,13,144,174,1.2701149425287357,0.047635123244152484,661,"Statistically speaking, one of you will be physically abused by an intimate partner. And all of you will contract HPV."
1205,1512,13,21,140,174,1.2701149425287357,0.04475870746865331,661,I'd like to see a little more hip-checking on the part of Grumpy...
1506,1512,15,17,142,174,1.2701149425287357,0.04621929716444246,661,Are you ready to rumble.?
1088,1561,12,20,131,163,1.2699386503067485,0.046101808913185875,661,"Okay, you can all stay out until 11. Now am I the fairest of them all?"
1669,1561,12,20,131,163,1.2699386503067485,0.046101808913185875,661,I can't tell who's Dopey and who's Happy
3239,1563,18,12,148,178,1.2696629213483146,0.047490232192795905,661,"Hokey and Pokey got turned around, so we'll be a little late getting started.""  
Bill Hight, Augusta, G"
2482,1563,10,28,140,178,1.2696629213483146,0.04180289914796783,661,"No, I didn't say you were all cheapskates...
I meant it was all that I could afford!"
3173,1563,10,28,140,178,1.2696629213483146,0.04180289914796783,661,We're busy...let's keep this short
1306,1563,16,16,146,178,1.2696629213483146,0.046134176155948024,661,"and when we get this new concrete stuff, those wheels will actually roll you along"
156,1563,14,20,144,178,1.2696629213483146,0.04473703460725151,661,"Dopey, you were supposed to get ice skates."
1064,1563,16,16,146,178,1.2696629213483146,0.046134176155948024,661,"If you think you're having fun now, wait until we pave over the forest!"
1032,1563,16,16,146,178,1.2696629213483146,0.046134176155948024,661,"Snow invited some of the other princesses, but her birthday party still turned into a mini-sausage fest."
665,1563,14,20,144,178,1.2696629213483146,0.04473703460725151,661,"If you think this is fun, tomorrow I've planned nose jobs for all of us !"
1139,1563,11,26,141,178,1.2696629213483146,0.04255540329081587,661,Okay fellas...I give up.  Who took my skates?
2028,1572,14,18,139,171,1.2690058479532165,0.04604246069589824,661,I think Hide and Seek works better for Dopey when the rest of you hide out in the open like this.
3404,1572,10,26,135,171,1.2690058479532165,0.0429500918336122,661,This is just like a fairy tale.
2134,1572,13,20,138,171,1.2690058479532165,0.045289167991131515,661,Snow White’s plans for Roller Derby Domination were nearly complete
2206,1572,16,14,141,171,1.2690058479532165,0.04751323064307605,661,Hey  HO !  MOVE IT
2223,1572,16,14,141,171,1.2690058479532165,0.04751323064307605,661,Hey Grumpy. Who's got the brand new key?
2240,1572,10,26,135,171,1.2690058479532165,0.0429500918336122,661,A dinky rink!
2414,1572,9,28,134,171,1.2690058479532165,0.0421415583351081,661,Yes. Yes. I know. Reunion expectations are rarely realized.
2435,1572,14,18,139,171,1.2690058479532165,0.04604246069589824,661,"Sorry my sweets, but I just can’t keep all your pronouns straight."
2585,1572,13,20,138,171,1.2690058479532165,0.045289167991131515,661,"Hey guys, circle up!  It's time for the Hokey Pokey . . ."
2665,1572,14,18,139,171,1.2690058479532165,0.04604246069589824,661,"Despite her heritage, Snow White III never learned how to skate."
2910,1572,14,18,139,171,1.2690058479532165,0.04604246069589824,661,Give me some hi ho now and you'll get some later.
3169,1572,9,28,134,171,1.2690058479532165,0.0421415583351081,661,"If you want to be a boy band, you'll need better choreography."
3182,1572,15,16,140,171,1.2690058479532165,0.04678362573099415,661,"Hey guys, I got it! My roller derby nickname can be ‘Roll Miners’ Daughter!’"
3258,1572,13,20,138,171,1.2690058479532165,0.045289167991131515,661,"Waving hands are happy hands- that means you, Grumpy!"
3280,1572,12,22,137,171,1.2690058479532165,0.044523132052052765,661,Forget the castle. Will you guys let me be Queen of the roller derby?
3332,1572,14,18,139,171,1.2690058479532165,0.04604246069589824,661,"Now that the coal mine is tapped out, you’re all almost ready for your next career: car hops."
1722,1572,11,24,136,171,1.2690058479532165,0.043743683408237644,661,Never. Eat. The apple.
2457,1572,17,12,142,171,1.2690058479532165,0.04823180004671756,661,Viagra let's get those guys up.
1716,1572,11,24,136,171,1.2690058479532165,0.043743683408237644,661,"Not so fast, boys.  Since I'm the fairest, I still headline."
1269,1572,15,16,140,171,1.2690058479532165,0.04678362573099415,661,"""What happened to Clueless?"""
1517,1572,11,24,136,171,1.2690058479532165,0.043743683408237644,661,"... then our production of ""Starlight Express"" moves to Broadway. Now THAT'S a fairytale ending."
124,1572,15,16,140,171,1.2690058479532165,0.04678362573099415,661,I have some good news Grumpy! The doctor gave me some medication for you.
229,1572,9,28,134,171,1.2690058479532165,0.0421415583351081,661,Who is the fastest one of all?
241,1572,10,26,135,171,1.2690058479532165,0.0429500918336122,661,"More animated, boys. It’s a live show. We can’t fix it in post."
270,1572,15,16,140,171,1.2690058479532165,0.04678362573099415,661,"So the dwarfs went roller skating without safety helmets, and the Seven Dwarfs soon became the Three Dwarfs."
290,1572,16,14,141,171,1.2690058479532165,0.04751323064307605,661,No way! Roller skating is still a thing?!
357,1572,11,24,136,171,1.2690058479532165,0.043743683408237644,661,"Next, you'll all want headphones."
474,1572,12,22,137,171,1.2690058479532165,0.044523132052052765,661,"OK, guys, it's time for SNOW shoes."
476,1572,13,20,138,171,1.2690058479532165,0.045289167991131515,661,and you must be skatey!
1577,1572,12,22,137,171,1.2690058479532165,0.044523132052052765,661,"C’mon “Jazzy”, use your hands!"
774,1572,9,28,134,171,1.2690058479532165,0.0421415583351081,661,"Now remember we have to practice for Mr Disney "" it's a small world after all"" and not "" Heigh -ho"
784,1572,11,24,136,171,1.2690058479532165,0.043743683408237644,661,"Thanks, Dopey, this totally makes up for being poisoned."
896,1572,13,20,138,171,1.2690058479532165,0.045289167991131515,661,"I don't expect ICE to come, but if they do you'll be ready."
987,1572,11,24,136,171,1.2690058479532165,0.043743683408237644,661,Now they'll have to give us a sequel.
1147,1572,11,24,136,171,1.2690058479532165,0.043743683408237644,661,Anyone else down for a nap?
1179,1572,14,18,139,171,1.2690058479532165,0.04604246069589824,661,"Now with the closing of the mine you have an opportunity to learn a practical skill, like roller derby!"""
1319,1572,14,18,139,171,1.2690058479532165,0.04604246069589824,661,Clumsy? He's at the ER. Skating didn't go well for him.
756,1572,14,18,139,171,1.2690058479532165,0.04604246069589824,661,Just dressing like a King does not give you the office!!
2869,1610,13,19,137,169,1.2662721893491125,0.0455924926186486,661,Wow! now you all speedy enough to follow me
2734,1610,12,21,136,169,1.2662721893491125,0.04481331281044553,661,"Snow White and the Six Dwarfs' Derby Musical can happen! Grumpy, roller skate with jazz hands or die!"
2700,1610,10,25,134,169,1.2662721893491125,0.04321282504971724,661,I'm not your mother!
2535,1610,12,21,136,169,1.2662721893491125,0.04481331281044553,661,You're not defined by who you were meant to be!
2524,1610,16,13,140,169,1.2662721893491125,0.047853970760905355,661,Who wants an apple?
2465,1610,13,19,137,169,1.2662721893491125,0.0455924926186486,661,Is this Xanadu?
2280,1610,12,21,136,169,1.2662721893491125,0.04481331281044553,661,"Snowwhite calls out to her roller derby team: ""Basher, Physcho, Thrasher, Angry, Crusher, Knockout, and Smashface"""
2354,1610,14,17,138,169,1.2662721893491125,0.04635857807694508,661,The fairest one of all?  White wine.
2884,1610,14,17,138,169,1.2662721893491125,0.04635857807694508,661,I am counting on you
2264,1610,12,21,136,169,1.2662721893491125,0.04481331281044553,661,"But for couple's skate, how will I choose?"
2203,1610,12,21,136,169,1.2662721893491125,0.04481331281044553,661,Snow White and the Seven Ubers
2188,1610,15,15,139,169,1.2662721893491125,0.04711220796620446,661,See Grumpy? Just because we live in a feudal society doesn't mean we have to feud
2375,1610,12,21,136,169,1.2662721893491125,0.04481331281044553,661,"Very funny, which one of you raided the Munckin's dressing room?"
2903,1610,11,23,135,169,1.2662721893491125,0.044020343330239436,661,Roller skate therapy resulted in a fleeting grin from Grumpy.
3114,1610,9,27,133,169,1.2662721893491125,0.04238992652320577,661,Disney On Ice has nothing against us.
3042,1610,12,21,136,169,1.2662721893491125,0.04481331281044553,661,Look out for Clumsy !
3535,1610,11,23,135,169,1.2662721893491125,0.044020343330239436,661,At this rate we could make a cameo in Frozen 2!
3342,1610,12,21,136,169,1.2662721893491125,0.04481331281044553,661,"That's nice. But frankly, it's only this much fun for me."
3319,1610,14,17,138,169,1.2662721893491125,0.04635857807694508,661,I was okay with you guys whistling while you work but now you're just skating!
3307,1610,12,21,136,169,1.2662721893491125,0.04481331281044553,661,and now we  are going to deliver meals on wheels
3276,1610,14,17,138,169,1.2662721893491125,0.04635857807694508,661,"Since I'm no longer the fairest ,we can start a franchise."
3265,1610,13,19,137,169,1.2662721893491125,0.0455924926186486,661,Ok boys. Time for apple snacks from the Queen!
3009,1610,15,15,139,169,1.2662721893491125,0.04711220796620446,661,I bought Apple the stock not the fruit.
3244,1610,15,15,139,169,1.2662721893491125,0.04711220796620446,661,"I guess there never was a ""Clumsy."""
3221,1610,13,19,137,169,1.2662721893491125,0.0455924926186486,661,"Mirror, mirror on the wall, who's the FASTEST ones of all?"
3212,1610,14,17,138,169,1.2662721893491125,0.04635857807694508,661,"Who is the best gift giver of them all, huh?"
3202,1610,11,23,135,169,1.2662721893491125,0.044020343330239436,661,Grumpy brings hating to skating!
3121,1610,12,21,136,169,1.2662721893491125,0.04481331281044553,661,"If you whistle, it's deductible!"
2105,1610,13,19,137,169,1.2662721893491125,0.0455924926186486,661,"Okay, end of play time! Hiho hiho, it's off to work you go."
3097,1610,11,23,135,169,1.2662721893491125,0.044020343330239436,661,Come on Grumpy. We're doing this for you.
3230,1610,15,15,139,169,1.2662721893491125,0.04711220796620446,661,"Done!  The queen backs off, and I agree to be your roller derby muscle."
2065,1610,11,23,135,169,1.2662721893491125,0.044020343330239436,661,Now I'm confused...which one of you is Skatey?
2312,1610,15,15,139,169,1.2662721893491125,0.04711220796620446,661,Who took my apple?
2039,1610,10,25,134,169,1.2662721893491125,0.04321282504971724,661,And next weekend we can do a group spin class!
933,1610,15,15,139,169,1.2662721893491125,0.04711220796620446,661,"Okay, okay, that looks like fun but it's time to heigh-ho heigh-ho and go to work already -- Momma needs a new dress."
571,1610,11,23,135,169,1.2662721893491125,0.044020343330239436,661,"You've grasped the wheeling, now let's move to the dealing!"
553,1610,8,29,132,169,1.2662721893491125,0.041550733958717244,661,"''Guess what? Netflix just called."""
486,1610,11,23,135,169,1.2662721893491125,0.044020343330239436,661,''My ambition has awakened me! Only three more players for this land's first roller derby team!''
464,1610,14,17,138,169,1.2662721893491125,0.04635857807694508,661,I just love it when you all rock’n roll!
434,1610,13,19,137,169,1.2662721893491125,0.0455924926186486,661,Look guys! I have a big nose too!
993,1610,14,17,138,169,1.2662721893491125,0.04635857807694508,661,has anyone seen Patriarch-y?
367,1610,12,21,136,169,1.2662721893491125,0.04481331281044553,661,A bit more practice and you'll be ready for skating with the stars
289,1610,12,21,136,169,1.2662721893491125,0.04481331281044553,661,A magical attempt at more Instagram followers.
2053,1610,12,21,136,169,1.2662721893491125,0.04481331281044553,661,...and we'll call it...ROLLER DERBY!
179,1610,11,23,135,169,1.2662721893491125,0.044020343330239436,661,That magic apple was STRONG!
131,1610,15,15,139,169,1.2662721893491125,0.04711220796620446,661,"Take that, oppressive patriarchy!"
55,1610,15,15,139,169,1.2662721893491125,0.04711220796620446,661,Ice skating on top of Walt just seemed disrespectful.
33,1610,12,21,136,169,1.2662721893491125,0.04481331281044553,661,"It's almost the end of the month so tomorrow, back in the mine! Yaayyyy!!!"
352,1610,12,21,136,169,1.2662721893491125,0.04481331281044553,661,I realize not everyone will enjoy this.
1011,1610,12,21,136,169,1.2662721893491125,0.04481331281044553,661,I just got the call! Disney on Ice is suing us!
265,1610,12,21,136,169,1.2662721893491125,0.04481331281044553,661,"We'll call it 'Blood Diamond, the Musical.'"
1168,1610,20,5,144,169,1.2662721893491125,0.050712641719046034,661,You dwarves are so damn stupid.
1120,1610,13,19,137,169,1.2662721893491125,0.0455924926186486,661,This will increase efficiency tenfold!
1993,1610,10,25,134,169,1.2662721893491125,0.04321282504971724,661,"I know y’all are dreaming of becoming a NBA player, but this is just as much fun!"
1981,1610,15,15,139,169,1.2662721893491125,0.04711220796620446,661,"Dopey, Grumpy, Doc, Bashful, Sneezy, Sleepy...I think we should all thank Happy for planning this wonderful day!"
1942,1610,11,23,135,169,1.2662721893491125,0.044020343330239436,661,And the mines are accessible on wheels right?
1886,1610,9,27,133,169,1.2662721893491125,0.04238992652320577,661,This is only the beginning. In winter it will be Disney On Ice!
1809,1610,11,23,135,169,1.2662721893491125,0.044020343330239436,661,I feel like a Disco Queen
1691,1610,13,19,137,169,1.2662721893491125,0.0455924926186486,661,Fifty bucks says you can’t name every Democrat who is running for President.
2163,1610,13,19,137,169,1.2662721893491125,0.0455924926186486,661,Disney's moving off the ice and into skates!
1511,1610,14,17,138,169,1.2662721893491125,0.04635857807694508,661,Sleepy finally woke up!
1510,1610,13,19,137,169,1.2662721893491125,0.0455924926186486,661,And if you kill the prince...kites.
1431,1610,12,21,136,169,1.2662721893491125,0.04481331281044553,661,Iger said for the live-action version we gotta make it jazzier than last time.
1379,1610,10,25,134,169,1.2662721893491125,0.04321282504971724,661,"Okay, now let's try it naked."
1674,1610,12,21,136,169,1.2662721893491125,0.04481331281044553,661,Excellent. Let your emotions guide you.
1314,1610,14,17,138,169,1.2662721893491125,0.04635857807694508,661,What did I tell you guys about leaving the yard?!
1275,1610,13,19,137,169,1.2662721893491125,0.0455924926186486,661,"...it’s very strange indeed, we all have five fingers."
3083,1677,12,21,137,170,1.2647058823529411,0.04457645176553969,661,See Grumpy? Isn’t this much better than going to the well and wishing for it all to end?
2803,1677,12,21,137,170,1.2647058823529411,0.04457645176553969,661,"Okay then, Snow White and the seven bad-ass skate dudes it is."
2138,1677,15,15,140,170,1.2647058823529411,0.04686044157739361,661,I could just put you all in a little pie!
1929,1677,12,21,137,170,1.2647058823529411,0.04457645176553969,661,"Look, you guys have saved my life numerous times. I taught you all how to rollerskate. Can we call ourselves even?"
590,1677,17,11,142,170,1.2647058823529411,0.04832316497681909,661,"On Dasher, Dancer, Prancer, Vixen, Comet, Cupid, Donner, and Blitzen.  Oh, sorry, wrong group.  Let's try again."
2003,1677,13,19,138,170,1.2647058823529411,0.045350564453816494,661,"Our Roller Derby team name has to comply with the new standards. What do you think of ""A Person of No Colour and Seven Vertically-Challenged Individuals""?"
872,1683,13,17,133,163,1.2638036809815951,0.046727506725600186,661,"Mr. Grumpy Skates, I need you to be more of a team player."
2041,1684,14,16,137,167,1.2634730538922156,0.046680126213140716,661,They’ll never guess I am sent by the mining company’s HR to take their mind off of their lung diseases...
2131,1684,12,20,135,167,1.2634730538922156,0.04510814172063958,661,"Ok everyone, in and out, it's a smash and grab job."""
2144,1684,12,20,135,167,1.2634730538922156,0.04510814172063958,661,Coal mining jobs are back. Off to work!
2361,1684,16,12,139,167,1.2634730538922156,0.0482008705010624,661,You're darn right you skate better than Tyrion.
2437,1684,11,22,134,167,1.2634730538922156,0.04430123680662409,661,"Hey guys, I finally came up with a name for our roller derby team!"
2492,1684,13,18,136,167,1.2634730538922156,0.045900864004744246,661,"Finally, a Disney movie for the #metoo era."
2605,1684,16,12,139,167,1.2634730538922156,0.0482008705010624,661,Ohmygodyou’llneverbelievewhatmystepmomdidtome...
2961,1684,13,18,136,167,1.2634730538922156,0.045900864004744246,661,"Great, but who is starting dinner?"
3053,1684,14,16,137,167,1.2634730538922156,0.046680126213140716,661,"I see Grumpy, Happy, Sleepy, Bashful, Sneezy, and Dopey, but where is Pinchy?"
3089,1684,16,12,139,167,1.2634730538922156,0.0482008705010624,661,You guys are so 'Happy' - not a 'Bashful' or 'Sleepy' one in the mix!
3302,1684,15,14,138,167,1.2634730538922156,0.047446591554794186,661,"Now Grumpy, we don't want to waste what the Night King left us."
3382,1684,15,14,138,167,1.2634730538922156,0.047446591554794186,661,"No, I don’t think “Dancing with the Dwarfs” will work... let’s stick with “Little People’s Icecapdes” and see what the networks think..."
1816,1684,13,18,136,167,1.2634730538922156,0.045900864004744246,661,"So if my stepmother comes, Doc, you're the jammer and, Grumpy, you give her a booty block into the crowd."
3525,1684,12,20,135,167,1.2634730538922156,0.04510814172063958,661,Some day my prince will roll in.
2863,1684,10,24,133,167,1.2634730538922156,0.04347935965149285,661,"No no no! I clearly said, ""Snow White and the Seven Dwarfs ON ICE!"
3454,1684,14,16,137,167,1.2634730538922156,0.046680126213140716,661,"naturally, dopey's the fastest"
1710,1684,11,22,134,167,1.2634730538922156,0.04430123680662409,661,#metoo
1547,1684,13,18,136,167,1.2634730538922156,0.045900864004744246,661,Who plays the fairest of them all?
389,1684,12,20,135,167,1.2634730538922156,0.04510814172063958,661,"Great news, we got the reality show! I'll be called, Sister wife, and the seven the little people."
453,1684,11,22,134,167,1.2634730538922156,0.04430123680662409,661,ready for the roll call
570,1684,11,22,134,167,1.2634730538922156,0.04430123680662409,661,"If we bring the jazz hands, then the audience will whistle for us."
628,1684,12,20,135,167,1.2634730538922156,0.04510814172063958,661,Who got kissed and brought disco back?!
676,1684,15,14,138,167,1.2634730538922156,0.047446591554794186,661,"Hi Ho, Hi Ho, it's off to work you roll, you'll get there quick....."
725,1684,9,26,132,167,1.2634730538922156,0.042641644536897776,661,This was a better idea in theory.
796,1684,12,20,135,167,1.2634730538922156,0.04510814172063958,661,So is it off to work you go or not?
1567,1684,13,18,136,167,1.2634730538922156,0.045900864004744246,661,Excellent. Now the next step is training in assault operations.
902,1684,14,16,137,167,1.2634730538922156,0.046680126213140716,661,"Hi Ho, Hi Ho, it´s home from work we roll."
944,1684,13,18,136,167,1.2634730538922156,0.045900864004744246,661,I love the 80s!
1069,1684,14,16,137,167,1.2634730538922156,0.046680126213140716,661,'But why do you call him Goose?'
1242,1684,11,22,134,167,1.2634730538922156,0.04430123680662409,661,Now off you go to your waiter jobs at Sonic ... and bring me back some apple slices
1376,1684,14,16,137,167,1.2634730538922156,0.046680126213140716,661,"You're doing it! You're doing it! You're doing it! You're doing it! You're doing it! You're doing it! You're doing it! """
1421,1684,13,18,136,167,1.2634730538922156,0.045900864004744246,661,"And remember, CHILDREN, no talking to the mining inspectors."
1537,1684,12,20,135,167,1.2634730538922156,0.04510814172063958,661,"Be very careful, my little friends and don't get hurt.  I haven't been working in several years any my health insurance lapsed long ago."
862,1684,11,22,134,167,1.2634730538922156,0.04430123680662409,661,Welcome to the opening rehearsal of “Snow White Express”!
3452,1718,12,21,138,171,1.263157894736842,0.04434203253370975,661,And they said the Green New Deal wasn’t practical!
3181,1718,13,19,139,171,1.263157894736842,0.04511114384301264,661,Has anyone seen Hokey Pokey?
3113,1718,11,23,137,171,1.263157894736842,0.04355934342498944,661,Are you going to change your name now that the climate's changed?
2989,1718,10,25,136,171,1.263157894736842,0.042762330970279996,661,"Now do that on ice, and you'll never need to work again!"
2814,1718,15,15,141,171,1.263157894736842,0.046611309765268165,661,I finally got hitched. His name is Pinocchio.
2678,1718,12,21,138,171,1.263157894736842,0.04434203253370975,661,"Okay, Queen Grimhilde's roller derby team is gonna have their butts kicked, but where is our chief jammer sleazy?"
2558,1718,15,15,141,171,1.263157894736842,0.046611309765268165,661,"I prefer snow shoes."""
2055,1718,14,17,140,171,1.263157894736842,0.04586736038218659,661,Hi ho hi ho it's of to work you roll !
2823,1718,16,13,142,171,1.263157894736842,0.047343570288247025,661,"Time for our group hug!""  ""Bashful..."
1304,1718,11,23,137,171,1.263157894736842,0.04355934342498944,661,Democrats rolling for President.
1489,1718,14,17,140,171,1.263157894736842,0.04586736038218659,661,"Seriously, I want the evil queen at my wedding - I have a pair of red shoes that she will just die for."
180,1718,12,21,138,171,1.263157894736842,0.04434203253370975,661,So next activity I've got 6 for mini-putt and 1 nap.
462,1718,15,15,141,171,1.263157894736842,0.046611309765268165,661,"If you think these are fun, wait 'til I get you the ones with knives on the bottom!"
479,1718,15,15,141,171,1.263157894736842,0.046611309765268165,661,'Sorry Snow but it's not our fault that you have big feet'
2145,1718,13,19,139,171,1.263157894736842,0.04511114384301264,661,"Heigh-ho, heigh-ho, roller skating from work they go."
618,1718,16,13,142,171,1.263157894736842,0.047343570288247025,661,"Hurry,lets all go to the Plastic Surgeon for our nose jobs"
626,1718,14,17,140,171,1.263157894736842,0.04586736038218659,661,7 men and not one brought me skates. Chivalry is dead.
858,1718,15,15,141,171,1.263157894736842,0.046611309765268165,661,"Yes, the president has been impeached! Get over it Grumpy."
567,1718,10,25,136,171,1.263157894736842,0.042762330970279996,661,"Not true, Grumpy. 'Jazz Hands' are fun for everyone!"
3515,1737,11,21,132,164,1.2621951219512195,0.044830641186582636,661,"On Dasher, on Dancer, on Prancer....(Sorry,wrong crew.)"
3431,1737,11,21,132,164,1.2621951219512195,0.044830641186582636,661,"So, are you boys going to teach me how you roll?"
3378,1737,14,15,135,164,1.2621951219512195,0.04726771082315948,661,Good job!  Let's try Couples Only.
2930,1737,14,15,135,164,1.2621951219512195,0.04726771082315948,661,I love that you whistle while you skate!
2912,1737,12,19,133,164,1.2621951219512195,0.0456574538086319,661,"Come on, Dopey ... use your jazz-hands!"
2577,1737,10,23,131,164,1.2621951219512195,0.04398829037497232,661,"And not only do we cut the expense of the ice, we can now perform the show year round!"
2559,1737,13,17,134,164,1.2621951219512195,0.04646955764126221,661,Alright guys the group date is over! Let's head back to the castle for the rose ceremony.
1991,1737,8,27,129,164,1.2621951219512195,0.0422532400170497,661,Fairest of them all is not what it used to be.
1687,1737,12,19,133,164,1.2621951219512195,0.0456574538086319,661,Is this their idea of professional development?
1189,1737,13,17,134,164,1.2621951219512195,0.04646955764126221,661,This will really be something when someone invents disco music.
1137,1737,11,21,132,164,1.2621951219512195,0.044830641186582636,661,"From now on, I can call you all ""Clumsy."""
803,1737,8,27,129,164,1.2621951219512195,0.0422532400170497,661,The prince is a big fan of jazz hands.
343,1737,15,13,136,164,1.2621951219512195,0.04805260851971581,661,Don't forget to stop for bread on the way home
1979,1737,11,21,132,164,1.2621951219512195,0.044830641186582636,661,"Come on, guys. I know ONE of you is my father...just tell me who?!"
1564,1737,16,11,137,164,1.2621951219512195,0.04882489001151257,661,"Ok troops, you’ll be lining up behind the Dothraki, don’t forget your swords...."
2017,1752,13,19,140,172,1.2616279069767442,0.04487419294850927,661,Keep this up and I'll have to change both my names.
3530,1752,13,19,140,172,1.2616279069767442,0.04487419294850927,661,Trolling the Queen is a slippery slope.
3492,1752,13,19,140,172,1.2616279069767442,0.04487419294850927,661,"Even though it's the Seven Skating Dwarfs Sequel, you all can't be Happy..."
2409,1752,12,21,139,172,1.2616279069767442,0.04411001855333647,661,"I'm not off to work, and I'm not a ""high Ho!"""
1036,1752,12,21,139,172,1.2616279069767442,0.04411001855333647,661,"Guys,guys I said roller coaster!"
538,1752,14,17,141,172,1.2616279069767442,0.045625570120102515,661,"I can’t go roller skating, guys. Mr. Disney has me scheduled for a nose job this afternoon."
395,1752,13,19,140,172,1.2616279069767442,0.04487419294850927,661,Which one of you wants to be eaten first?
96,1752,13,19,140,172,1.2616279069767442,0.04487419294850927,661,Mr. Disney! His beard is gone!  Grumpy's off his antidepressants again.
1705,1752,10,25,137,172,1.2616279069767442,0.04254050804547336,661,Disney on Ice adapts to the times.
3272,1761,11,22,136,169,1.2603550295857988,0.04383055868558978,661,"I said ""razorblades"" NOT ""rollerblades""!"
2580,1761,14,16,139,169,1.2603550295857988,0.04617840414192534,661,"Grumpy, relax and enjoy!"
2269,1761,14,16,139,169,1.2603550295857988,0.04617840414192534,661,Nose white and the seven snorts
3048,1761,13,18,138,169,1.2603550295857988,0.045409279128392925,661,Now that I have given you all roller skates go out there and find me the best plastic surgeon in New York who can give me a good nose job.
959,1761,16,12,141,169,1.2603550295857988,0.0476794480396361,661,I'm glad you dwarves haven't soured on life because of your size and still know how to have fun!
85,1761,13,18,138,169,1.2603550295857988,0.045409279128392925,661,Seven little boogie dwarves!
1042,1761,12,20,137,169,1.2603550295857988,0.04462690055141198,661,"This is confusing you all look Happy."""
2334,1768,11,20,131,162,1.2592592592592593,0.04512552299267837,661,"Have you seen my friends? They look just like you,but without the skates."
2493,1768,13,16,133,162,1.2592592592592593,0.04679396646540872,661,Whoever knocks the evil queen down first gets a non-poisoned apple.
2543,1768,12,18,132,162,1.2592592592592593,0.04596731514309129,661,The Border Patrol is busy rounding up a sled full of elves so let’s get ready to skate across!”
2429,1768,11,20,131,162,1.2592592592592593,0.04512552299267837,661,"As Speaker of the House, I am totally against you all running for president!"
2413,1768,13,16,133,162,1.2592592592592593,0.04679396646540872,661,Has anyone seen Slippy?
2405,1768,15,12,135,162,1.2592592592592593,0.04840493538647529,661,"Dang it dopey, I said I wanted Real love, not Wheel love!"
2365,1768,15,12,135,162,1.2592592592592593,0.04840493538647529,661,Wow!  Great skating.  Let's see if you can all whistle at the same time.  We might make it big on America's Got Talent!
2327,1768,10,22,130,162,1.2592592592592593,0.044267726271644194,661,"Don't be so grumpy, Bernie.  You made the final seven....in the year of the Woman!!"
2104,1768,11,20,131,162,1.2592592592592593,0.04512552299267837,661,You're all Happy now.
2237,1768,14,14,134,162,1.2592592592592593,0.04760626569756676,661,"Well, what a coincidence, I'm from Southern California too."
2159,1768,14,14,134,162,1.2592592592592593,0.04760626569756676,661,Which one of you is the doctor?
2143,1768,15,12,135,162,1.2592592592592593,0.04840493538647529,661,You can please most of the dwarfs all the time
2549,1768,14,14,134,162,1.2592592592592593,0.04760626569756676,661,"Sorry guys,but I  just don't think America's Got Talent will find it worthy."
2037,1768,12,18,132,162,1.2592592592592593,0.04596731514309129,661,And off to work you roll
1955,1768,13,16,133,162,1.2592592592592593,0.04679396646540872,661,"STOP CALLING US ""LITTLE PEOPLE."" WE'RE MEN GODDAMMIT!"
1948,1768,13,16,133,162,1.2592592592592593,0.04679396646540872,661,Where can I get a pair?
1921,1768,15,12,135,162,1.2592592592592593,0.04840493538647529,661,"You guys look great, but Grumpy at a roller derby sounds like a bad idea..."
1876,1768,12,18,132,162,1.2592592592592593,0.04596731514309129,661,I have good news...I am pregnant again and this one we will name drunky.
2259,1768,12,18,132,162,1.2592592592592593,0.04596731514309129,661,Good news! Limbo skate is next!!
2550,1768,13,16,133,162,1.2592592592592593,0.04679396646540872,661,First one back to the cottage gets a juicy red apple!
2822,1768,12,18,132,162,1.2592592592592593,0.04596731514309129,661,"Smile and show your beautiful fingers! Here at the Awkward Hands Meet-up Group, we don't have to be shamed by our phobia of touching our fingers together."
2653,1768,11,20,131,162,1.2592592592592593,0.04512552299267837,661,Hi ho.  Hi ho.  Off to work the 6 of you skate.  Doc and I will ambush the Queen.
1859,1768,12,18,132,162,1.2592592592592593,0.04596731514309129,661,O.K.  Who has the hankie?
3486,1768,14,14,134,162,1.2592592592592593,0.04760626569756676,661,"Skating around in a circle is Dopey - that’s funny, Doc!"
3475,1768,12,18,132,162,1.2592592592592593,0.04596731514309129,661,What  could be more adorable than seven singing and dancing dwarfs on rollerblades.
3471,1768,12,18,132,162,1.2592592592592593,0.04596731514309129,661,"Ok boys, what’s our roller derby name?"
3335,1768,10,22,130,162,1.2592592592592593,0.044267726271644194,661,How do you like them apples?
3314,1768,12,18,132,162,1.2592592592592593,0.04596731514309129,661,"Since there are too many of you to carpool,  I hope these in-line skates will solve the problem of getting to work."
3259,1768,13,16,133,162,1.2592592592592593,0.04679396646540872,661,"You guys gotta keep it down, I need my beauty sleep."
3157,1768,15,12,135,162,1.2592592592592593,0.04840493538647529,661,"Don’t be mad, she will bring more apples!"
3138,1768,10,22,130,162,1.2592592592592593,0.044267726271644194,661,That's not exactly what I meant by rinky dink.
3064,1768,10,22,130,162,1.2592592592592593,0.044267726271644194,661,"Guess what, guys, we got that gig on The Tonight Show!"
3063,1768,8,26,128,162,1.2592592592592593,0.04250022490597157,661,"I thought you'd like to play while you work,too."
3040,1768,13,16,133,162,1.2592592592592593,0.04679396646540872,661,I think we're ready for Walt's defrosting.
3018,1768,11,20,131,162,1.2592592592592593,0.04512552299267837,661,I guess we're all a little nosey
2972,1768,12,18,132,162,1.2592592592592593,0.04596731514309129,661,"No need for introductions, our names define who we are"
2936,1768,14,14,134,162,1.2592592592592593,0.04760626569756676,661,Charming! That's what it's all about.
2833,1768,14,14,134,162,1.2592592592592593,0.04760626569756676,661,"Come along lovelies, we're going to thr White House to join the others."
2781,1768,11,20,131,162,1.2592592592592593,0.04512552299267837,661,"Oh me, oh my, I won’t be able to outrun any of you!"
2728,1768,11,20,131,162,1.2592592592592593,0.04512552299267837,661,Beats driving a taxi in rush hour traffic!
2677,1768,12,18,132,162,1.2592592592592593,0.04596731514309129,661,"No, not dwarfs.  That'll never work  .  .  .  I got it!  We'll be Snow White and the Seven Skates!"
2637,1768,11,20,131,162,1.2592592592592593,0.04512552299267837,661,And the first one to the castle gets the magic apple!
1856,1768,12,18,132,162,1.2592592592592593,0.04596731514309129,661,"Unfortunately, the new Disney on Ice show was promptly shut down for ignoring child labor laws."
304,1768,16,10,136,162,1.2592592592592593,0.049190639413107584,661,Where's Licky?
1810,1768,12,18,132,162,1.2592592592592593,0.04596731514309129,661,"Ok, let’s play a game. Let’s see how far I can toss you?"
811,1768,10,22,130,162,1.2592592592592593,0.044267726271644194,661,You'll be thrilled to know I'll be announcing a friends with benefits plan if we win our lawsuit against Disney.
793,1768,11,20,131,162,1.2592592592592593,0.04512552299267837,661,"Once we move this to ice, we'll make a fortune!"
778,1768,10,22,130,162,1.2592592592592593,0.044267726271644194,661,I was crippled by anxiety - and then : poof! Midget spinners are such a boon.
582,1768,13,16,133,162,1.2592592592592593,0.04679396646540872,661,"Okay dwarves, since you have your skates on, let's skate on over to the White House and protest about family separations. I have enough tiny signs for each of you."
555,1768,12,18,132,162,1.2592592592592593,0.04596731514309129,661,"That's it! You got it! Broadway, here we come!!!!!"
463,1768,13,16,133,162,1.2592592592592593,0.04679396646540872,661,"Um, Grumpy? Jazz hands, please."
449,1768,12,18,132,162,1.2592592592592593,0.04596731514309129,661,Just think of the disco ball as a bunch of tiny magic mirrors.
432,1768,15,12,135,162,1.2592592592592593,0.04840493538647529,661,Roller derby was never quite the same after they started the Cosplay League.
814,1768,11,20,131,162,1.2592592592592593,0.04512552299267837,661,"If we move in together, we are totally getting our own reality TV show!"
381,1768,8,26,128,162,1.2592592592592593,0.04250022490597157,661,"Just remember, cobblestone streets can be dicey!"
286,1768,12,18,132,162,1.2592592592592593,0.04596731514309129,661,"I loved the ice too, but this way the margins are much better"
222,1768,10,22,130,162,1.2592592592592593,0.044267726271644194,661,"♫ We rollin', Grumpy hatin'  ♫"
216,1768,14,14,134,162,1.2592592592592593,0.04760626569756676,661,"Now no more whistling, okay?"
181,1768,9,24,129,162,1.2592592592592593,0.043392975850472526,661,Disney will be pleased.  It's a good gimmick for a sequel.
82,1768,12,18,132,162,1.2592592592592593,0.04596731514309129,661,Your personalities dwarf your skating.
66,1768,12,18,132,162,1.2592592592592593,0.04596731514309129,661,There's a Sonic drive-in right next to the palace.
50,1768,11,20,131,162,1.2592592592592593,0.04512552299267837,661,Why are you six?
47,1768,11,20,131,162,1.2592592592592593,0.04512552299267837,661,‘Disney on Ice’ has to get its start somewhere!
1845,1768,13,16,133,162,1.2592592592592593,0.04679396646540872,661,Hi ho Hi ho - where did Grumpy go?
817,1768,11,20,131,162,1.2592592592592593,0.04512552299267837,661,"Very nice to meet you all!  Now, which one said his name is Horny?"
320,1768,12,18,132,162,1.2592592592592593,0.04596731514309129,661,"Aha! I think I see which one of you little imps hid my stocking cap and skates!"""
849,1768,12,18,132,162,1.2592592592592593,0.04596731514309129,661,"Excellent practice, I’ll tell coach Grimm."
843,1768,10,22,130,162,1.2592592592592593,0.044267726271644194,661,"Heigh-ho, heigh-ho, to roller derby we go."
1767,1768,17,8,137,162,1.2592592592592593,0.049963989452123415,661,"So, in this new concept of the story, my Prince Charming will be a fish riding a bicycle and the evil Queen will be Donald Trump."
1694,1768,11,20,131,162,1.2592592592592593,0.04512552299267837,661,"Come on, Grumpy. Admit you're having fun rollerskating on the grass too."
1641,1768,10,22,130,162,1.2592592592592593,0.044267726271644194,661,Something must be right. Even Grumpy's smiling!
1539,1768,14,14,134,162,1.2592592592592593,0.04760626569756676,661,Which one of you stole my roller blades?
1477,1768,12,18,132,162,1.2592592592592593,0.04596731514309129,661,It’s easier than herding cats
1462,1768,14,14,134,162,1.2592592592592593,0.04760626569756676,661,"No, no, silly boy-my name is Snow White, not Frumpy."
1458,1768,9,24,129,162,1.2592592592592593,0.043392975850472526,661,"So...we got the job on Little People Game of Thrones 
Summer is coming…"
1362,1768,10,22,130,162,1.2592592592592593,0.044267726271644194,661,How can you still be Grumpy while you’re having fun?
1521,1768,16,10,136,162,1.2592592592592593,0.049190639413107584,661,Eight was too many and we are better off without Pervy.
1279,1768,14,14,134,162,1.2592592592592593,0.04760626569756676,661,Enough playtime! Everyone back to the diamond mine.
1270,1768,13,16,133,162,1.2592592592592593,0.04679396646540872,661,"You're slippery little bastards, aren't ye?"
1241,1768,15,12,135,162,1.2592592592592593,0.04840493538647529,661,"I know. ""Disney on Ice."" What the hell does that even mean? Here's the weird part. The ghost was frozen when he said it."
1053,1768,13,16,133,162,1.2592592592592593,0.04679396646540872,661,"She may be clever, but the Wicked Queen is no match for our enchanted roller derby team."
1041,1768,10,22,130,162,1.2592592592592593,0.044267726271644194,661,Greater mobility for the working class creates more fairness in the land.
1020,1768,9,24,129,162,1.2592592592592593,0.043392975850472526,661,Our miner league roller derby team is gonna be huge!
997,1768,12,18,132,162,1.2592592592592593,0.04596731514309129,661,Last one to the castle gets beheaded
991,1768,11,20,131,162,1.2592592592592593,0.04512552299267837,661,They may be vertically challenged but they’re vertically mobile.
1320,1768,12,18,132,162,1.2592592592592593,0.04596731514309129,661,"Look, it's the roller derby for the democratic presidential candidates"
924,1768,15,12,135,162,1.2592592592592593,0.04840493538647529,661,hello seven small people”
2689,1855,11,21,134,166,1.2590361445783131,0.044344829281592696,661,Synchronized skating is harder than it looks.
2212,1856,12,17,130,159,1.2578616352201257,0.04654604420561196,661,Lets’s play a game...Simon says everyone stop moving!
2114,1856,12,17,130,159,1.2578616352201257,0.04654604420561196,661,"Great, we have a hockey team"
2085,1856,12,17,130,159,1.2578616352201257,0.04654604420561196,661,"Trust me, Disney on Field will be the next big thing."
2046,1856,11,19,129,159,1.2578616352201257,0.045682849465535476,661,Right! Now we turn that mirror into a mirror ball!
1596,1856,12,17,130,159,1.2578616352201257,0.04654604420561196,661,Grumpy Blick. White! This is your final warning. Dance with a smile or it's curtains for you.
1912,1856,12,17,130,159,1.2578616352201257,0.04654604420561196,661,Come on Grumpy.  Things would be much better if you would just smile a little.
1800,1856,12,17,130,159,1.2578616352201257,0.04654604420561196,661,So you all have decided.........we are going roller skating before the ball!
1768,1856,11,19,129,159,1.2578616352201257,0.045682849465535476,661,"We're millennial dwarfs, so it's off to work YOU go Snow White."
2311,1856,12,17,130,159,1.2578616352201257,0.04654604420561196,661,you remind me of your father.
1966,1856,10,21,128,159,1.2578616352201257,0.044803027123072464,661,Doc!  More brownies!
2516,1856,13,15,131,159,1.2578616352201257,0.047393519885009505,661,"No, it's still not time for couples skate, but thanks for asking again."
3537,1856,15,11,133,159,1.2578616352201257,0.04904455850439279,661,"Talk about being woke."""
2563,1856,12,17,130,159,1.2578616352201257,0.04654604420561196,661,"I said fairest in the land, not fastest"
2566,1856,14,13,132,159,1.2578616352201257,0.048226105202377675,661,You have no idea just how disturbing this appears to me.
2623,1856,9,23,127,159,1.2578616352201257,0.04390557758976369,661,"OK, you guys distract the guard while I sneak in and crack the safe."
2688,1856,9,23,127,159,1.2578616352201257,0.04390557758976369,661,"So, you're all named ""Dorky?"""
2717,1856,15,11,133,159,1.2578616352201257,0.04904455850439279,661,"Okay fellas, line up.  You will all get your turn."
2776,1856,13,15,131,159,1.2578616352201257,0.047393519885009505,661,Go home Snow White. It's time for us to move on.
3112,1856,11,19,129,159,1.2578616352201257,0.045682849465535476,661,I made a pie this big with all your apples.
3159,1856,12,17,130,159,1.2578616352201257,0.04654604420561196,661,If Mr. Disney could see you now!
3198,1856,11,19,129,159,1.2578616352201257,0.045682849465535476,661,"FANTASTIC! I say we're ready to give our ""Snow White Sidewalk Capades""  performance!"
1538,1856,11,19,129,159,1.2578616352201257,0.045682849465535476,661,They told Bob Fosse to come up with a family friendly show
2534,1856,12,17,130,159,1.2578616352201257,0.04654604420561196,661,"Sorry, love's first kiss belongs to a skateboarder"
1418,1856,12,17,130,159,1.2578616352201257,0.04654604420561196,661,"Good jazz hands, fellas!"
1718,1856,12,17,130,159,1.2578616352201257,0.04654604420561196,661,"But I tell you, skating IS a form of working."
1385,1856,10,21,128,159,1.2578616352201257,0.044803027123072464,661,"But I only meant it metaphorically !"""
118,1856,11,19,129,159,1.2578616352201257,0.045682849465535476,661,Are we in the wrong fairytale? My tits are 'Frozen'!
160,1856,11,19,129,159,1.2578616352201257,0.045682849465535476,661,I am so glad you are all here for my coming out party!
214,1856,9,23,127,159,1.2578616352201257,0.04390557758976369,661,You guys have finally gone viral.
231,1856,13,15,131,159,1.2578616352201257,0.047393519885009505,661,OK guys who has the growth hormone?
263,1856,10,21,128,159,1.2578616352201257,0.044803027123072464,661,I knew I'd get you guys inline someday.
368,1856,14,13,132,159,1.2578616352201257,0.048226105202377675,661,"Grumpy you're not kids  
you're 80 year old little people that never grew"
416,1856,12,17,130,159,1.2578616352201257,0.04654604420561196,661,"I'm sorry guys,  I distinctly told them ice skates."
451,1856,14,13,132,159,1.2578616352201257,0.048226105202377675,661,"For fuck's sake, could you stand still? I'm trying to talk here!"
458,1856,14,13,132,159,1.2578616352201257,0.048226105202377675,661,"He was a skater boy. She said, ""See you later boy."" He wasn't good enough for her."
503,1856,11,19,129,159,1.2578616352201257,0.045682849465535476,661,Dwarves on Ice! No more mining for you!
504,1856,13,15,131,159,1.2578616352201257,0.047393519885009505,661,"Hi Ho, Hi Ho, it's off to measles shots we go..."
569,1856,14,13,132,159,1.2578616352201257,0.048226105202377675,661,"Good fun, but how are we going to heigh-ho while gliding?"
598,1856,12,17,130,159,1.2578616352201257,0.04654604420561196,661,Who wants to go to the Castle for apple cider after we're done here?
617,1856,12,17,130,159,1.2578616352201257,0.04654604420561196,661,"Yes, fellows, Sleepy and I are having an affair."
667,1856,15,11,133,159,1.2578616352201257,0.04904455850439279,661,"You listen to one Jethro Tull, wait till you hear Stairway to Heaven"
775,1856,12,17,130,159,1.2578616352201257,0.04654604420561196,661,The Brothers Grimm will be judging the performance--skate well and it becomes part of the tale!!
852,1856,12,17,130,159,1.2578616352201257,0.04654604420561196,661,"Heigh ho, heigh ho, it's off to improved productivity you go!"
966,1856,13,15,131,159,1.2578616352201257,0.047393519885009505,661,"Dopey, put your helmet on!"
1158,1856,14,13,132,159,1.2578616352201257,0.048226105202377675,661,I hear they're going to give you hockey sticks and call you the Anaheim Mighty Dwarfs!
1190,1856,11,19,129,159,1.2578616352201257,0.045682849465535476,661,This is going to make a great sequel.
1221,1856,12,17,130,159,1.2578616352201257,0.04654604420561196,661,"Glide-ho, Glide-ho. It’s round and round we go."
1387,1856,11,19,129,159,1.2578616352201257,0.045682849465535476,661,"You've all been cast in ""The Avengers:  Short Game"""
1344,1856,11,19,129,159,1.2578616352201257,0.045682849465535476,661,You're making history! This is Humanity's first Roller Derby!!
3550,1905,13,16,134,163,1.2576687116564418,0.04653319199966194,661,Roller dwarfy is definitely my new favourite extreme sport!
3508,1905,11,20,132,163,1.2576687116564418,0.04487602069702193,661,"My great grandfather, Pinocchio, invented the roller skate."
400,1905,13,16,134,163,1.2576687116564418,0.04653319199966194,661,Snow White and the Six Dwarves fail to understand depression.
3294,1905,13,16,134,163,1.2576687116564418,0.04653319199966194,661,My emotions are on a roll today
2905,1909,11,19,130,160,1.25625,0.04542503240705933,661,And  for a snack I have some beautiful looking apples.
2867,1909,11,19,130,160,1.25625,0.04542503240705933,661,Get over it Grumpy; Big Wheels don’t come in your size.
2860,1909,12,17,131,160,1.25625,0.04628228517892832,661,So how do you like the new agile corporate retraining program?
2838,1909,13,15,132,160,1.25625,0.047123945861789904,661,"Now, who wants to be my intern?"
2753,1909,13,15,132,160,1.25625,0.047123945861789904,661,"You won't all find it fun at first, but it's called play!"
2723,1909,13,15,132,160,1.25625,0.047123945861789904,661,With Doc we're a shoo-in for the dwarf roller derby finals.
2694,1909,12,17,131,160,1.25625,0.04628228517892832,661,The evil queen won't know what hit her at next week's roller derby.
2672,1909,15,11,134,160,1.25625,0.048763705539954835,661,Skate away if anyone invites you to a tossing.
2639,1909,8,25,127,160,1.25625,0.04275025745628459,661,And just think how much we'd save by splitting the utilities eight ways!
2636,1909,9,23,128,160,1.25625,0.04366006029290242,661,"I'm so proud of you, learning new skills at your age!"
2572,1909,15,11,134,160,1.25625,0.048763705539954835,661,The skatin' dwarves.
2057,1909,8,25,127,160,1.25625,0.04275025745628459,661,I said work out with weights....not skates!
2480,1909,10,21,129,160,1.25625,0.044551287489601604,661,Time to find a plastic surgeon for Snow White's nose. Let's roll!
2385,1909,13,15,132,160,1.25625,0.047123945861789904,661,"Trust us, dear Grumpy, there's more to life than 24/7 Disney Channel."
2302,1909,9,23,128,160,1.25625,0.04366006029290242,661,"Remember now they have to be back by midnight.
Wait... wrong fairy tale."
2287,1909,11,19,130,160,1.25625,0.04542503240705933,661,"My Darlings, your secret of success is clearly to roll with the punches"
2275,1909,11,19,130,160,1.25625,0.04542503240705933,661,"Break a leg,Grumpy!"
2263,1909,12,17,131,160,1.25625,0.04628228517892832,661,Tomorrow it’s snow shoes you lovable bunch of  losers.
2098,1909,11,19,130,160,1.25625,0.04542503240705933,661,Next we'll try synchronized swimming.
2063,1909,14,13,133,160,1.25625,0.04795083550665373,661,"Never say ""can't,"" my friends."
2494,1909,15,11,134,160,1.25625,0.048763705539954835,661,We’re going to Disneyland !
2924,1909,13,15,132,160,1.25625,0.047123945861789904,661,Now keep skating while I go wait for more princes.
3282,1909,10,21,129,160,1.25625,0.044551287489601604,661,There was a family discount for nose jobs.
2967,1909,11,19,130,160,1.25625,0.04542503240705933,661,Happy days are here again.
2052,1909,10,21,129,160,1.25625,0.044551287489601604,661,If you guys learn to do that on ice we could all extend our careers!
3548,1909,12,17,131,160,1.25625,0.04628228517892832,661,"Now all together, 'someday my prince will come'."
3545,1909,11,19,130,160,1.25625,0.04542503240705933,661,"These skates will help us improve the productivity at work, even better than the whistling did."
3544,1909,9,23,128,160,1.25625,0.04366006029290242,661,I just knew you'd all love off road 4-wheeling!
3472,1909,12,17,131,160,1.25625,0.04628228517892832,661,Make life long friends with meetup.com
3448,1909,12,17,131,160,1.25625,0.04628228517892832,661,"Yes, I think a song about skating would be very nice!"
3426,1909,14,13,133,160,1.25625,0.04795083550665373,661,"That's right, boys.  Shake it like a Polaroid and Grumpy will take it from there."
3402,1909,12,17,131,160,1.25625,0.04628228517892832,661,This is the most moving tribute I've ever received.
3351,1909,11,19,130,160,1.25625,0.04542503240705933,661,"I think you are ready for ""All Dwarfs Skate"" at the rink!"
2945,1909,10,21,129,160,1.25625,0.044551287489601604,661,My plastic surgeon says she can make me 'the fairest in all the land.'
3254,1909,12,17,131,160,1.25625,0.04628228517892832,661,"""Okay everyone, practice what I taught you and I will get you out of those dirty mines."""
3194,1909,13,15,132,160,1.25625,0.047123945861789904,661,It started when we replaced Bashful with Flashy.
3187,1909,13,15,132,160,1.25625,0.047123945861789904,661,Why aren't you building my wall?
3161,1909,9,23,128,160,1.25625,0.04366006029290242,661,I think i've been catfished
3119,1909,14,13,133,160,1.25625,0.04795083550665373,661,Some days it's as if my multiple personality disorder puts on skates and really messes with me.
3106,1909,13,15,132,160,1.25625,0.047123945861789904,661,Did you ever hear the story about Pinnochio?
3080,1909,12,17,131,160,1.25625,0.04628228517892832,661,So you’re ALL running for the nomination?
3020,1909,11,19,130,160,1.25625,0.04542503240705933,661,"Ok, now are going to play a tickling game my Uncle taught me and trust me you don’t want to get caught."
2997,1909,12,17,131,160,1.25625,0.04628228517892832,661,After a little more practice is off to tour we go.
2992,1909,13,15,132,160,1.25625,0.047123945861789904,661,Let's try it now. Hum while you skate!
3196,1909,14,13,133,160,1.25625,0.04795083550665373,661,I wasn't expecting this arrangement to last forever.
2014,1909,12,17,131,160,1.25625,0.04628228517892832,661,"Hell yeah, dude."
269,1909,11,19,130,160,1.25625,0.04542503240705933,661,"And when she gets here, you boys push her off the cliff."
1899,1909,11,19,130,160,1.25625,0.04542503240705933,661,"And then children, it’s high ho high ho, it’s off to work you go!"
1051,1909,13,15,132,160,1.25625,0.047123945861789904,661,I can't wait to see your productivity stats!
1029,1909,16,9,135,160,1.25625,0.04956324575921839,661,Now we're both the fairest and fastest in the land!
1024,1909,11,19,130,160,1.25625,0.04542503240705933,661,HOLY FUCK! SHIT! WOW!
1988,1909,13,15,132,160,1.25625,0.047123945861789904,661,I wish you had mentioned that you're actually 7 skating dwarfs on your Hinge profile.
810,1909,12,17,131,160,1.25625,0.04628228517892832,661,"Heigh Ho, Heigh Ho, our commute to work ain't slow."
768,1909,9,23,128,160,1.25625,0.04366006029290242,661,"I have accepted an offer to be an adjunct professor at a New York City University. Sorry, I can't bring you all along, since I'll be moving into a studio apartment in the lower east side."
728,1909,12,17,131,160,1.25625,0.04628228517892832,661,"Remember, the hardest part about rollerblading is challenging gender norms."
689,1909,9,23,128,160,1.25625,0.04366006029290242,661,"Come on, let’s do the Hokey-Pokey!"
603,1909,13,15,132,160,1.25625,0.047123945861789904,661,"I may be a dwarf, but I'm huge."
1098,1909,11,19,130,160,1.25625,0.04542503240705933,661,The snow is a little ironic.
594,1909,13,15,132,160,1.25625,0.047123945861789904,661,Skate your way to regularity and social ostracism!
554,1909,13,15,132,160,1.25625,0.047123945861789904,661,"That's it, you've all got it! Now, try it down the steep hill over there."
549,1909,11,19,130,160,1.25625,0.04542503240705933,661,"Y'all are on a roll, eh?"
404,1909,15,11,134,160,1.25625,0.048763705539954835,661,"Heaven's yes, we sure showed that bitch how we roll!"
344,1909,13,15,132,160,1.25625,0.047123945861789904,661,Let's build a ramp and do some sick jumps.
299,1909,11,19,130,160,1.25625,0.04542503240705933,661,It's time you knew the truth about the nose thing.
277,1909,13,15,132,160,1.25625,0.047123945861789904,661,"Now that I brought you here, would you please stop singing that ridiculous song?"
73,1909,11,19,130,160,1.25625,0.04542503240705933,661,‘Cool! I’ve never seen skates with six wheels!’
16,1909,15,11,134,160,1.25625,0.048763705539954835,661,Will you little shits stop following me?!!!
13,1909,10,21,129,160,1.25625,0.044551287489601604,661,"Off to work we go, my ass!"
586,1909,11,19,130,160,1.25625,0.04542503240705933,661,"So,have you little guys voted to see who gets to play ""DOC"" today?"
1145,1909,11,19,130,160,1.25625,0.04542503240705933,661,Great news! The Roller Derby Association just awarded us the Brooklyn franchise. We will be named AOC and The Seven Little Pelosies.
988,1909,11,19,130,160,1.25625,0.04542503240705933,661,"Heigh-ho, heigh-ho, it's to the rink we go!"
1163,1909,13,15,132,160,1.25625,0.047123945861789904,661,The royalties just keep rolling in.
1834,1909,12,17,131,160,1.25625,0.04628228517892832,661,I'm pregnant! Which of you is it?
1827,1909,12,17,131,160,1.25625,0.04628228517892832,661,The bad news: all your roller skates are under recall. The good news is we've been given an upgrade to scooters for everybody.
1805,1909,11,19,130,160,1.25625,0.04542503240705933,661,"If you can find two more, we can have a team."
1797,1909,11,19,130,160,1.25625,0.04542503240705933,661,"Well, a deal’s a deal so...hi-ho, hi-ho, it’s off to Venice Beach we go!"
1161,1909,11,19,130,160,1.25625,0.04542503240705933,661,"Hi ho, hi ho, it's off to the ER you'll go."
1751,1909,7,27,126,160,1.25625,0.041820666665864606,661,"Gandalf called, he'll be here to pick you guys up in an hour."
1715,1909,13,15,132,160,1.25625,0.047123945861789904,661,Simon Cowell will plotz!
1587,1909,12,17,131,160,1.25625,0.04628228517892832,661,Roller skates made it much easier for the cast to traverse between theme parks.
1574,1909,11,19,130,160,1.25625,0.04542503240705933,661,Cool! Now it's fair when we play tag!
1530,1909,11,19,130,160,1.25625,0.04542503240705933,661,I guess outside mines everything feels like a fairytale.
1796,1909,14,13,133,160,1.25625,0.04795083550665373,661,"I got rid of my good looks, you guys got skates, and we lived happily every after."
1396,1909,11,19,130,160,1.25625,0.04542503240705933,661,"Dopey: “Sure, working in the mines is fun!”
Grumpy: “Notice how Snow’s nose keeps growing when she says that?”"
1375,1909,10,21,129,160,1.25625,0.044551287489601604,661,I hear Octomom and group are one step ahead of us.
1334,1909,11,19,130,160,1.25625,0.04542503240705933,661,"If you strike gold, we can get ice skates next year."
1333,1909,11,19,130,160,1.25625,0.04542503240705933,661,OK! Next we’re gonna learn to “crack the whip! “
1327,1909,13,15,132,160,1.25625,0.047123945861789904,661,"Now when you go to the mines, you can rock and roll."
1246,1909,11,19,130,160,1.25625,0.04542503240705933,661,Smile everyone!  This won't be our ticket outta here unless you smile!
1244,1909,10,21,129,160,1.25625,0.044551287489601604,661,"I may be fairest in the land, but you guys are now the fastest."
1225,1909,9,23,128,160,1.25625,0.04366006029290242,661,Who wants to go with me to help the three little pigs?
1174,1909,11,19,130,160,1.25625,0.04542503240705933,661,"Okay, five more minutes and then it's nap time."
1444,1909,9,23,128,160,1.25625,0.04366006029290242,661,"Hey, you ought to see the Queen’s nose!"
3049,2002,12,18,134,164,1.2560975609756098,0.045459687774912876,661,"Well, I guess diamonds for skates makes more sense than a cow for beans."
1450,2002,13,16,135,164,1.2560975609756098,0.04627526241610953,661,Last one home is a poison apple!
3424,2004,11,18,128,157,1.2547770700636942,0.04599282992952476,661,Ladies and Gentlemen - the Rolling Dwarfs!
3379,2004,16,8,133,157,1.2547770700636942,0.050235813834024076,661,Looking for love in all the wrong places.
2765,2004,9,22,126,157,1.2547770700636942,0.04418169044151632,661,Hmmm — Roller Derby for the Dwarves —-Who Knew??!!
2720,2004,13,14,130,157,1.2547770700636942,0.04773530181723378,661,"Okay, so listen... Grumpy wants to call you the Dwarfs of Anarchy."
2428,2004,10,20,127,157,1.2547770700636942,0.04509635337361639,661,Remember to thank them for their service when you bring their food out.
2358,2004,10,20,127,157,1.2547770700636942,0.04509635337361639,661,"Come on Grumpy, give us a smile!"
2111,2004,10,20,127,157,1.2547770700636942,0.04509635337361639,661,My name is not entitled!
2110,2004,13,14,130,157,1.2547770700636942,0.04773530181723378,661,"Not bad, but I 'd say your skating is fare, boys, just fare."
2021,2004,14,12,131,157,1.2547770700636942,0.04858310773211724,661,Where’s Transgendy
2525,2004,13,14,130,157,1.2547770700636942,0.04773530181723378,661,"No Dopey!  You can't compete in your bathrobe.

Janet E Battaglia
Wyckoff NJ"
1533,2004,11,18,128,157,1.2547770700636942,0.04599282992952476,661,I know that I look like Popeye. Carry on.
1518,2004,13,14,130,157,1.2547770700636942,0.04773530181723378,661,"Great! Then the big finale: ""It's off! ...To! ...Work! ...We! ...Roooooollllllll!"
1076,2004,12,16,129,157,1.2547770700636942,0.046872163618231835,661,I am NOT Snow White! Please give me back my Ruby Slippers. I want to go home.
1067,2004,11,18,128,157,1.2547770700636942,0.04599282992952476,661,At last you can quit singing that stupid 'Hi Ho' song on your way to work.
1607,2004,14,12,131,157,1.2547770700636942,0.04858310773211724,661,Tomorrow I'll teach you how to dunk a basketball.
840,2004,14,12,131,157,1.2547770700636942,0.04858310773211724,661,"Trust me, my uncle is a climate scientist"
563,2004,15,10,132,157,1.2547770700636942,0.04941637050855331,661,"Whoa, winter is so much better here than in Westeros!"
97,2004,15,10,132,157,1.2547770700636942,0.04941637050855331,661,Oh splendid! Another gadget I get to pick up the floor and put away for you...
44,2004,13,14,130,157,1.2547770700636942,0.04773530181723378,661,Did we lose Dizzy and Clumsy?
3320,2023,11,19,131,161,1.2546583850931676,0.04517005747227823,661,Why can’t we close our hands??
3015,2023,10,21,130,161,1.2546583850931676,0.04430230626610902,661,"O.K. guys,where's the prince?"
2274,2023,12,17,132,161,1.2546583850931676,0.046021449820727214,661,Now you can whistle and wheel while you work.
91,2023,15,11,135,161,1.2546583850931676,0.048486009304335394,661,Alright - you gotta let me go. I am going to college and not coming back to this dump!
3349,2027,13,14,131,158,1.2531645569620253,0.047459619180670716,661,Grumpy...You need to be tickled...... and often ...and by someone who knows how!
3304,2027,9,22,127,158,1.2531645569620253,0.043930773182821375,661,Chapter 7: Snow White and the seven dwarfs: At the Skate Park
3102,2027,12,16,130,158,1.2531645569620253,0.04660246557523368,661,"Great move honey, but I don’t think we should name it after you."
3071,2027,11,18,129,158,1.2531645569620253,0.04572924821826172,661,Now we get to figure out your roller derby names!
2990,2027,10,20,128,158,1.2531645569620253,0.044839028619317184,661,"The 70's disco mix is up next, so hurry and change into your hot pants!"
2787,2027,14,12,132,158,1.2531645569620253,0.048301564238208014,661,Now let's form a little line and head straight to the gold mine.
2783,2027,14,12,132,158,1.2531645569620253,0.048301564238208014,661,"Sorry Snow White, we don't have a pair of rollerblades your size."
2730,2027,12,16,130,158,1.2531645569620253,0.04660246557523368,661,"Let’s turn that frown upside down Grumpy, you made the cut for roller derby."
3367,2027,12,16,130,158,1.2531645569620253,0.04660246557523368,661,"OK, Donald. If we stop calling you Grumpy, will you play nice?"
2005,2027,13,14,131,158,1.2531645569620253,0.047459619180670716,661,"The forgotten homely twin of snow white playing THE HOKEY POKEY with the dwarfs.  Now, put both hands out....."
1240,2027,13,14,131,158,1.2531645569620253,0.047459619180670716,661,"Now, when I run back up that mountain to Prince Charming, you won't be able to follow me."""
1210,2027,13,14,131,158,1.2531645569620253,0.047459619180670716,661,Alrighty then.  Follow the yellow brick road!
916,2027,17,6,135,158,1.2531645569620253,0.05074365056938728,661,You just cannot be grumpier in face of Snow White.
883,2027,13,14,131,158,1.2531645569620253,0.047459619180670716,661,Come on Waltz Disney would be proud.
847,2027,12,16,130,158,1.2531645569620253,0.04660246557523368,661,"How could you still be grumpy?""
Leonard, rightfully disdainful of his nick name and resentful for having been ghettoized with others who simply share his physical stature, was not grateful for the pointless break in routine"
612,2027,9,22,127,158,1.2531645569620253,0.043930773182821375,661,"yes dears, it looks like you have the roller skating under control, now let's try to learn pole vaulting."
2632,2027,11,18,129,158,1.2531645569620253,0.04572924821826172,661,"I am Pinocchio's sister filling in for Snow White. Now, can YOU come up with some harmless white lies?"
2468,2044,11,17,127,155,1.2516129032258065,0.04630778832891874,661,You all can’t play shortstop
2262,2044,11,17,127,155,1.2516129032258065,0.04630778832891874,661,You see? You’re not gonna get this type of fun s*** with Prince Chraming...
2166,2044,13,13,129,155,1.2516129032258065,0.04808311159896675,661,that's good now push her onto the ice
2058,2044,13,13,129,155,1.2516129032258065,0.04808311159896675,661,Is it true that you're always grumpy when you wake up?
2027,2044,12,15,128,155,1.2516129032258065,0.04720379688623911,661,We should really be more responsible with our tax returns...
1706,2044,10,19,126,155,1.2516129032258065,0.0453940974065414,661,"If it snows, you guys better hope my prince will come."
1730,2044,14,11,130,155,1.2516129032258065,0.04894663217832321,661,Sneezy!  Use your special power to skate backwards!
2511,2044,16,7,132,155,1.2516129032258065,0.05062950881376209,661,So glad they didn't pressure me to buy them Pelotons!
1675,2044,15,9,131,155,1.2516129032258065,0.04979518031056258,661,On the bright side—you finally got a roll.
1672,2044,13,13,129,155,1.2516129032258065,0.04808311159896675,661,"Since it didn't work out between me and the Prince, I'm gonna try speed-dating-on-wheels."
1592,2044,12,15,128,155,1.2516129032258065,0.04720379688623911,661,"Hi, ho."
1744,2044,12,15,128,155,1.2516129032258065,0.04720379688623911,661,"Try and skate forward, Dopey."
2709,2044,12,15,128,155,1.2516129032258065,0.04720379688623911,661,Can I shake my groove thing too ?
2880,2044,13,13,129,155,1.2516129032258065,0.04808311159896675,661,Winterfell is just over there. Let’s go say ‘Hi’.
2748,2044,12,15,128,155,1.2516129032258065,0.04720379688623911,661,"I know you all were getting tired of whistling, but I don’t know if roller skates will really help your productivity..."
2775,2044,9,21,125,155,1.2516129032258065,0.04446163400948276,661,"Be nice guys, six dwarves is only policy, not law."
3046,2044,10,19,126,155,1.2516129032258065,0.0453940974065414,661,"C'mon, Grumpy, give me my iPhone."
3088,2044,12,15,128,155,1.2516129032258065,0.04720379688623911,661,Come to mama.
3149,2044,12,15,128,155,1.2516129032258065,0.04720379688623911,661,Sorry guys. That's not what I meant by rollercoaster.
3178,2044,14,11,130,155,1.2516129032258065,0.04894663217832321,661,Retirement from the mine has allowed for an interesting choice of hobby.
3216,2044,11,17,127,155,1.2516129032258065,0.04630778832891874,661,"I would let you try these blades, but Grumpy here doesn't seem to enjoy it."
3234,2044,14,11,130,155,1.2516129032258065,0.04894663217832321,661,"Watch out now, Sneezy."
3273,2044,12,15,128,155,1.2516129032258065,0.04720379688623911,661,Hard too be grumpy or Sleepy on rollerblades
3279,2044,13,13,129,155,1.2516129032258065,0.04808311159896675,661,"Grumpy, I know this isn't easy for you, but it isn't often we get to compete in the roller derby."
3450,2044,11,17,127,155,1.2516129032258065,0.04630778832891874,661,"Learning everyones names is a bit much, but I will give it a try"
3520,2044,10,19,126,155,1.2516129032258065,0.0453940974065414,661,"It feels like just Yesterday, I laid down. How long have I been asleep."
1525,2044,14,11,130,155,1.2516129032258065,0.04894663217832321,661,"Mirror, mirror, on the wall, 'Who is the stablest of them all?'"
2712,2044,13,13,129,155,1.2516129032258065,0.04808311159896675,661,Whistle while you role
1428,2044,10,19,126,155,1.2516129032258065,0.0453940974065414,661,"Now everyone say, ""Hello Instagram!"""
1391,2044,13,13,129,155,1.2516129032258065,0.04808311159896675,661,Well...i need to pee.
641,2044,11,17,127,155,1.2516129032258065,0.04630778832891874,661,It's a great diversion for the celibate.
1355,2044,12,15,128,155,1.2516129032258065,0.04720379688623911,661,"Ok guys, who is going to play Horny with my tonight?"
20,2044,8,23,124,155,1.2516129032258065,0.043509191192572405,661,Snow White just got whiter.
53,2044,13,13,129,155,1.2516129032258065,0.04808311159896675,661,"In this group, each of you has a distinct roll."
114,2044,13,13,129,155,1.2516129032258065,0.04808311159896675,661,"Wonderful effort, but we need to shorten up the routine."
128,2044,10,19,126,155,1.2516129032258065,0.0453940974065414,661,"Why didn't you little shits stop me from eating that apple? You're useless I say, useless!"
287,2044,11,17,127,155,1.2516129032258065,0.04630778832891874,661,"Once Hungry, Sniffly, Blinky, Dizzy, Vapid, Wobbly, Snarky and Brad show up we'll have a full roller derby team!"
298,2044,12,15,128,155,1.2516129032258065,0.04720379688623911,661,"Grumpy, if you're hiding what I think your hiding, it doesn't auger well!"
402,2044,13,13,129,155,1.2516129032258065,0.04808311159896675,661,Me next!
715,2044,11,17,127,155,1.2516129032258065,0.04630778832891874,661,Is this your first winter of  discontent?
733,2044,12,15,128,155,1.2516129032258065,0.04720379688623911,661,"Sneezy will be our jammer, and we wamt to get the other roller derby team sick by the second half."
762,2044,12,15,128,155,1.2516129032258065,0.04720379688623911,661,Isn't  this fun Grumpy
763,2044,9,21,125,155,1.2516129032258065,0.04446163400948276,661,"“Who nose, maybe I could be your mother?”"
780,2044,13,13,129,155,1.2516129032258065,0.04808311159896675,661,Next we’ll
789,2044,12,15,128,155,1.2516129032258065,0.04720379688623911,661,I’m in 7th Heaven!
766,2044,10,19,126,155,1.2516129032258065,0.0453940974065414,661,Fabulous! Once I finish the costumes and we do a few more rehearsals we will be able to mount our production of Starlight Express!
802,2044,13,13,129,155,1.2516129032258065,0.04808311159896675,661,"When Snow White gets sad, the dwarfs cheer her up with a production of “Starlight Express”."
1286,2044,12,15,128,155,1.2516129032258065,0.04720379688623911,661,"If I hit her right, she goes down like a bowling pin then they tie her down and she writes a book about it"
1285,2044,12,15,128,155,1.2516129032258065,0.04720379688623911,661,"So if you just shave off the beards and pretend that you're my septuplets, we'll make a killing on the internet and can forget about Prince Charming"
1254,2044,13,13,129,155,1.2516129032258065,0.04808311159896675,661,"Seven, in the hay?"
1191,2044,8,23,124,155,1.2516129032258065,0.043509191192572405,661,Something's different...you're all taller!
1141,2044,13,13,129,155,1.2516129032258065,0.04808311159896675,661,Unionization gone bad.
794,2044,13,13,129,155,1.2516129032258065,0.04808311159896675,661,Snow White encounters the Seven Dwarfs at the Roller Skates Capades.
1015,2044,14,11,130,155,1.2516129032258065,0.04894663217832321,661,Feels on wheels
1033,2044,14,11,130,155,1.2516129032258065,0.04894663217832321,661,I'm looking for Tyrion Lannister.
935,2044,10,19,126,155,1.2516129032258065,0.0453940974065414,661,"OK, guys, it's time to go off to work on the cartoon caption."
912,2044,13,13,129,155,1.2516129032258065,0.04808311159896675,661,"I swear the king has bad hearing, I wanted Steven the helper, not Seven!"
873,2044,14,11,130,155,1.2516129032258065,0.04894663217832321,661,"Come on Grumpy, playing your imaginary accordion while roller skating builds character."
854,2044,13,13,129,155,1.2516129032258065,0.04808311159896675,661,Oh! What cute miniature hipsters!
990,2044,12,15,128,155,1.2516129032258065,0.04720379688623911,661,Are we having fun? The next part is called the Iditarod.
2844,2104,12,16,131,159,1.251572327044025,0.04633580562739615,661,"Feeling snubbed in the roller-skating competition, Grumpy wondered if she was truly “the fairest of them all.”"
2420,2104,10,20,129,159,1.251572327044025,0.044584570103790626,661,"I may sound judgmental of your wild lifestyle, Grumpy, but I’m actually the fairest in all the land."
2687,2104,12,16,131,159,1.251572327044025,0.04633580562739615,661,"Hiho hiho, it's off to the Otolaryngologist we go."
2584,2104,15,10,134,159,1.251572327044025,0.048845075195354755,661,How lovely! Reminds me of our Congress skating aimlessly about!
2423,2104,14,12,133,159,1.251572327044025,0.048023222246532486,661,"Ok, whoever finds Prince Charming first, doesn't get the apple."
2418,2104,15,10,134,159,1.251572327044025,0.048845075195354755,661,My father too had this nose.
2152,2104,12,16,131,159,1.251572327044025,0.04633580562739615,661,Poor Sneezy! I see Doc's already tried out his new finger.
2292,2104,14,12,133,159,1.251572327044025,0.048023222246532486,661,There you go Grumpy you've got it!
2239,2104,10,20,129,159,1.251572327044025,0.044584570103790626,661,"OK little people, show them that closer to the ground is better!"
2218,2104,13,14,132,159,1.251572327044025,0.04718705732549811,661,"No Dopey, there's no need for PEDs in roller skating!"
2201,2104,10,20,129,159,1.251572327044025,0.044584570103790626,661,"If you’re going to stay with us, you just need to know one thing - this is how we roll."
2194,2104,10,20,129,159,1.251572327044025,0.044584570103790626,661,"Going undercover as a roller derby team is a great idea, Grumpy!"
2895,2104,17,6,136,159,1.251572327044025,0.050448630929291596,661,I’m here!  Let’s go to Dizzyland!!
2345,2104,11,18,130,159,1.251572327044025,0.04546861980794918,661,It's never too early to practice for Disney on Ice.
2931,2104,11,18,130,159,1.251572327044025,0.04546861980794918,661,That prince will not here soon enough!
3476,2104,12,16,131,159,1.251572327044025,0.04633580562739615,661,"Hurry up and get Trumpy, or you guys will be late for your Town Hall."
2942,2104,12,16,131,159,1.251572327044025,0.04633580562739615,661,One more and we can do figure eights!
2993,2104,13,14,132,159,1.251572327044025,0.04718705732549811,661,"Sleepy, Grumpy, Sneezy and Bashful, don't you feel better now that you are up and out of bed?"
3011,2104,13,14,132,159,1.251572327044025,0.04718705732549811,661,"He'd always just been good ol' ""Sleepy"", but something changed the day Snow White showed up, and from that day forward they all called him ""Creepy""."
3023,2104,13,14,132,159,1.251572327044025,0.04718705732549811,661,Grimm brothers had no skates in the story.
3027,2104,15,10,134,159,1.251572327044025,0.048845075195354755,661,Stop whistling!  You are only supposed to whistle while you work.
3060,2104,14,12,133,159,1.251572327044025,0.048023222246532486,661,No...they didn't have any in my size. But you guys have fun!
3153,2104,14,12,133,159,1.251572327044025,0.048023222246532486,661,"Ok, this is great, but now I have to time you with the cooler backpacks on."
3170,2104,12,16,131,159,1.251572327044025,0.04633580562739615,661,Ok guys. Remind me again of how roller skates are going to help me to escape
3190,2104,10,20,129,159,1.251572327044025,0.044584570103790626,661,Snopiccio and her little people
3309,2104,16,8,135,159,1.251572327044025,0.04965332684463216,661,I am not going to be sucked into your pain!
3330,2104,14,12,133,159,1.251572327044025,0.048023222246532486,661,Now you can skate to the mine for your dangerous and unsafe jobs!
3357,2104,13,14,132,159,1.251572327044025,0.04718705732549811,661,Avril Lavigne
3401,2104,13,14,132,159,1.251572327044025,0.04718705732549811,661,"Guys, I don't know how to skate."
3465,2104,11,18,130,159,1.251572327044025,0.04546861980794918,661,"All I wanna do after waking up from a year long coma, is watch little old men in rollerskates!"
3549,2104,12,16,131,159,1.251572327044025,0.04633580562739615,661,"I need seven refs for my roller derby game.
Can you whistle while you work?"
2092,2104,12,16,131,159,1.251572327044025,0.04633580562739615,661,Wait... where's Clumsy?
897,2104,11,18,130,159,1.251572327044025,0.04546861980794918,661,I wish you would have let me sleep through the roller disco era.
1872,2104,12,16,131,159,1.251572327044025,0.04633580562739615,661,This is a fun first date!
1920,2104,13,14,132,159,1.251572327044025,0.04718705732549811,661,"I heard what you just said, you little pervert!"
19,2104,12,16,131,159,1.251572327044025,0.04633580562739615,661,This would be a lot easier if I had my shotgun...
83,2104,13,14,132,159,1.251572327044025,0.04718705732549811,661,That will be $5.95 each for the skate rentals.
117,2104,15,10,134,159,1.251572327044025,0.048845075195354755,661,Next lets invent Roller Derby
137,2104,15,10,134,159,1.251572327044025,0.048845075195354755,661,"Yes, I would love for you to get me an apple from the picnic basket."
460,2104,12,16,131,159,1.251572327044025,0.04633580562739615,661,"I'm thinking reality TV along the lines of little people, big forest."
492,2104,11,18,130,159,1.251572327044025,0.04546861980794918,661,How thoughtful of you to want to keep up with me!
520,2104,12,16,131,159,1.251572327044025,0.04633580562739615,661,"The NYT ad I posted asked for a little fast, agreeable help!
And here I thought that was just a fantasy!"
531,2104,13,14,132,159,1.251572327044025,0.04718705732549811,661,"Nobody likes a grumpy skater, Grumpy!"
574,2104,9,22,128,159,1.251572327044025,0.04368263265234609,661,This will help you with your new jobs in Washington DC
602,2104,13,14,132,159,1.251572327044025,0.04718705732549811,661,Please be careful! There are only seven of you left.
663,2104,12,16,131,159,1.251572327044025,0.04633580562739615,661,"Oh, I LOVE dwarf roller derby!"
685,2104,9,22,128,159,1.251572327044025,0.04368263265234609,661,"OK now when you see the queen, skate in circles around her and sing “Heigh-Ho” over and over again."
709,2104,12,16,131,159,1.251572327044025,0.04633580562739615,661,Seven dwarfs a skating...Merry Christmas!
895,2104,15,10,134,159,1.251572327044025,0.048845075195354755,661,"Thank you all so much for getting me out of the castle today. Now that I’m away from Prince Charming, I can finally let out my fart!"
35,2104,12,16,131,159,1.251572327044025,0.04633580562739615,661,"I promise, Grumpy, just a little longer and you can have your screen time."
904,2104,10,20,129,159,1.251572327044025,0.044584570103790626,661,I suppose next thing you'll be looking for paved roads
901,2104,9,22,128,159,1.251572327044025,0.04368263265234609,661,Just act like rollerskating on snow is fun and easy!
1770,2104,14,12,133,159,1.251572327044025,0.048023222246532486,661,"Sorry Grumpy but yes, I did use heavy starch on purpose."
1600,2104,13,14,132,159,1.251572327044025,0.04718705732549811,661,"Oh, you're just so cute! You must be Squeezy, not Sneezy. I'd just love to hug you and give you a kiss!"
1571,2104,13,14,132,159,1.251572327044025,0.04718705732549811,661,is Everybody hungry? We have lots of tweets waiting for us back at the White House!
1445,2104,10,20,129,159,1.251572327044025,0.044584570103790626,661,"Just remember, there are no stupid questions, Dopey!"
1231,2104,12,16,131,159,1.251572327044025,0.04633580562739615,661,"Oh, Grumpy, have fun and smile!"
1839,2104,12,16,131,159,1.251572327044025,0.04633580562739615,661,"I've never had a date, who split up to skate, for now I see seven, shall I wait for eight?"
1093,2104,11,18,130,159,1.251572327044025,0.04546861980794918,661,Who wants ice cream? Grumpy's treat!
921,2104,12,16,131,159,1.251572327044025,0.04633580562739615,661,See?  Isn't this fun?
1125,2104,10,20,129,159,1.251572327044025,0.044584570103790626,661,"By any chance, could you tell me how to find the lollipop guild?"
1857,2104,11,18,130,159,1.251572327044025,0.04546861980794918,661,I would love to be 'Big Momma' on your roller derby team.
1055,2104,14,12,133,159,1.251572327044025,0.048023222246532486,661,Has anyone seen my skateboard?
1091,2104,15,10,134,159,1.251572327044025,0.048845075195354755,661,"hey doc have you seen my viagra it was sitting on my dresser?
I need it for my date tonight"
978,2104,10,20,129,159,1.251572327044025,0.044584570103790626,661,"You guys don't whistle on your breaks, too?"
2705,2169,13,14,133,160,1.25,0.046917564532222046,661,"I hate to tell you, but rollerblading has been out of fashion since 1400 AD."
2344,2169,10,20,130,160,1.25,0.04433293138324429,661,It’s not roller dancing without jazz hands!
2676,2169,12,15,129,156,1.25,0.04692795809131639,661,"Oh, fun!  Now you can skate while you work!"
2621,2169,7,26,127,160,1.25,0.041587976007827945,661,"Dopey, you're certain 
Uncle Walt told you roller skates, right?"
2591,2169,13,12,127,152,1.25,0.04872905436116554,661,"We could call it, 'Snow White Rolls a Natural.'"
2551,2169,12,15,129,156,1.25,0.04692795809131639,661,Great news.As of Monday we are the wait staff for the Sleeping Beauty restaurant on Avenue B.
2544,2169,12,16,132,160,1.25,0.04607213376254634,661,Be careful that you don't fall down Bruisey!
2463,2169,12,16,132,160,1.25,0.04607213376254634,661,Snow White and the Shreddin’ Dwarves
2440,2169,10,18,124,152,1.25,0.04596852849190844,661,"And remember, the winning skater gets to peek up my dress"
2377,2169,13,14,133,160,1.25,0.046917564532222046,661,"HiHo!HiHo!
This should make the commute to work go faster."
2349,2169,16,8,136,160,1.25,0.04936706309108325,661,Listen up! I have just met my future wife. Her name is Cinderella and  she looks adorable in those funky slippers.
2562,2169,12,16,132,160,1.25,0.04607213376254634,661,You can tell how many there are by counting the wheels and dividing by six
2180,2169,13,12,127,152,1.25,0.04872905436116554,661,"Forget the mines! We're enrolling in the Ice Capades!"""
2231,2169,11,18,131,160,1.25,0.04521089644358652,661,I feel like I've known you all my life..
2230,2169,13,13,130,156,1.25,0.04780111124816179,661,Now if we can only find the hay
2217,2169,11,18,131,160,1.25,0.04521089644358652,661,"Good. Next, we'll practice with weapons and then that witch will be sorry."
2199,2169,10,19,127,156,1.25,0.045131001304455486,661,"You've got the gig economy under your belts! With this additional in-demand skill, you can attract an expanded market and raise your current rates."
2190,2169,14,12,134,160,1.25,0.04774802837643119,661,You’ve gone from dopey to dope!
2103,2169,11,17,128,156,1.25,0.046038247845476866,661,I was told this was a drag race...
2083,2169,8,23,125,156,1.25,0.04325946493965428,661,i know you're grumpy; i meant to submit a caption for last week!
2074,2169,11,16,125,152,1.25,0.04690675844110392,661,I don't think premature ejaculation is something to be grumpy about.
2072,2169,10,20,130,160,1.25,0.04433293138324429,661,My plan is to challenge the evil Queen to a winner takes all  roller derby match.
2024,2169,14,12,134,160,1.25,0.04774802837643119,661,"Doc, Grumpy, Happy, Sleepy, Bashful, Sneezy, and Dopey! Where are your helmets?"
2023,2169,12,16,132,160,1.25,0.04607213376254634,661,Ive had it up to here with midgets
2757,2169,13,14,133,160,1.25,0.046917564532222046,661,"''WHICH ONE OF YOU TOOK MY ZANAX ? """
2260,2169,11,16,125,152,1.25,0.04690675844110392,661,In a roller kingdom far far away...
2772,2169,11,18,131,160,1.25,0.04521089644358652,661,You really think Prince Charming will just skate on over here?
3250,2169,12,15,129,156,1.25,0.04692795809131639,661,"Let's see now...here's Deucy, Loosy, Pucey, Gluesy, Shmoosy...and Floosy? So, where's Goosey?"
2796,2169,14,12,134,160,1.25,0.04774802837643119,661,This is what you call 'working'?
1964,2169,12,15,129,156,1.25,0.04692795809131639,661,And for the lucky winner I’ll pay all your therapy bills!
3523,2169,14,11,131,156,1.25,0.048658598649138386,661,I can't wait for you to meet the new Prince Charming.    He's  a puppy and I rescue him!
3501,2169,13,12,127,152,1.25,0.04872905436116554,661,Let the woods time roll.
3484,2169,13,13,130,156,1.25,0.04780111124816179,661,Cute!  Great promo for our IPO.
3461,2169,14,12,134,160,1.25,0.04774802837643119,661,"Grumpy, you may be a natural, but how about putting some life into those Heigh-Ho's"
3458,2169,15,10,135,160,1.25,0.04856429311786321,661,I give up! Which one of you is Nosy?
3439,2169,10,20,130,160,1.25,0.04433293138324429,661,OMG you guys. Bashful  just skated out his girlfriend's name!
3437,2169,12,14,126,152,1.25,0.04782658636357763,661,Hey guys - what's this I hear about you registering my name as Snowy McSnowface for our mixed Roller Derby team?
3432,2169,12,16,132,160,1.25,0.04607213376254634,661,Possibly Snow White wasn't
3416,2169,12,15,129,156,1.25,0.04692795809131639,661,"Buck up, Grumpy.  You’ll be back in the mines tomorrow."
3372,2169,11,18,131,160,1.25,0.04521089644358652,661,"Now let's form a conga line!  Except for you, Handsy."
3329,2169,12,15,129,156,1.25,0.04692795809131639,661,Dwarf-Dash wants you to deliver my apple pies!
3227,2169,12,15,129,156,1.25,0.04692795809131639,661,"I knew you'd be happy, your electric bikes are arriving tomorrow."
3224,2169,13,14,133,160,1.25,0.046917564532222046,661,"Grumpy, doesn’t it feel much better when you try to be Happy?"
3177,2169,14,10,128,152,1.25,0.04961510974163115,661,I'll show you mine if you'll show me yours.
3151,2169,12,16,132,160,1.25,0.04607213376254634,661,"No one ever grew a beard whilst frowning, Jim"
3133,2169,12,15,129,156,1.25,0.04692795809131639,661,"Snow, leave me bum alone!"
3117,2169,10,19,127,156,1.25,0.045131001304455486,661,"We're bring reclassified as Peter Pan Sexual """
3104,2169,12,14,126,152,1.25,0.04782658636357763,661,When hearts are high the time will fly so whistle while you roll.”
3059,2169,12,16,132,160,1.25,0.04607213376254634,661,"Hi Doozey, Creepy, Nasty, Junkie, Crazy, Sleazy.  Hey, where’s Sneaky?"
3030,2169,15,10,135,160,1.25,0.04856429311786321,661,And one more makes seven
3013,2169,12,16,132,160,1.25,0.04607213376254634,661,"This isn't work, so no whistling"
2898,2169,10,19,127,156,1.25,0.045131001304455486,661,It's down time. Stop the whistling.
2818,2169,11,17,128,156,1.25,0.046038247845476866,661,Is taking the SATs for some rich kid against the rules? Maybe. But the money’s great and there’s no black lung.
2813,2169,10,19,127,156,1.25,0.045131001304455486,661,"Because, Grumpy, you'll need your ""on ice"" skills after the fairytale is over."
2784,2169,10,20,130,160,1.25,0.04433293138324429,661,This is such a better sport than the dwarf tossing that Prince  Charming is in to.
1953,2169,13,14,133,160,1.25,0.046917564532222046,661,"Before you skate with me to the throne, I'll need for you to pledge your loyalty."
3056,2169,14,12,134,160,1.25,0.04774802837643119,661,Know what's great after roller skating? Cleaning up YOUR OWN mess.
1927,2169,12,15,129,156,1.25,0.04692795809131639,661,I said Why aren't there 8 dwarves. Not why can't you skate dwarves
940,2169,10,19,127,156,1.25,0.045131001304455486,661,"Gumpy, get your hands out of your gluteus maximus!"
910,2169,14,12,134,160,1.25,0.04774802837643119,661,actually can i have 5 more of these little blonde bitches
837,2169,9,21,126,156,1.25,0.04420513876014835,661,Shouldn't you be skating off to work?
799,2169,11,16,125,152,1.25,0.04690675844110392,661,I’m just so touched that I was invited to your septouple date night
792,2169,12,16,132,160,1.25,0.04607213376254634,661,"We don't know where your parents are, but if you're good Melania Trump will adopt you."
1947,2169,13,12,127,152,1.25,0.04872905436116554,661,"Thanks for asking. Yes, I WOULD like a short roll in the hay."""
767,2169,12,16,132,160,1.25,0.04607213376254634,661,"Remember, when our new movie comes out...no spoiler alerts."
720,2169,12,16,132,160,1.25,0.04607213376254634,661,"Fellows, now that we're away from the castle, it's time to pick 'shrooms..."
703,2169,14,12,134,160,1.25,0.04774802837643119,661,"OK, but no complaining during Couples' Skate."
609,2169,11,16,125,152,1.25,0.04690675844110392,661,"Heigh-ho, heigh-ho, it's home from work we roll"
519,2169,12,14,126,152,1.25,0.04782658636357763,661,"After they were lied to about coal coming back the seven dwarfs took jobs at the roller rink, where they could put their energy skills to work."
514,2169,13,14,133,160,1.25,0.046917564532222046,661,You guys are much more lively after a night at The Roxy.
491,2169,8,24,128,160,1.25,0.04252265396972455,661,"Ready? And,  five, six, seven eight!"
477,2169,14,12,134,160,1.25,0.04774802837643119,661,Me too; me too; me too; me too; me too; me too; me too!
414,2169,8,24,128,160,1.25,0.04252265396972455,661,"A good roller derby team focuses on speed, not size."
375,2169,10,20,130,160,1.25,0.04433293138324429,661,We should have named you 'Cranky'
363,2169,11,18,131,160,1.25,0.04521089644358652,661,How tall was our father?
342,2169,16,8,136,160,1.25,0.04936706309108325,661,"Off those skates and back to work boys.  I told you I'd protect you now so long as you wash my carriages, sew my fields, and rub my feet.  Henceforth, you may call me Snow Arya White.  #HeighHoNoMo!"
296,2169,13,12,127,152,1.25,0.04872905436116554,661,"In this remake, we sing jai ho and whistle while you twerk."
238,2169,13,13,130,156,1.25,0.04780111124816179,661,I thought you hipster types would prefer skateboarding.
104,2169,14,10,128,152,1.25,0.04961510974163115,661,"Heigh-ho, it's off to skate you go!"
101,2169,13,14,133,160,1.25,0.046917564532222046,661,"C'mon Grumpy, don't look so Grimm!"
72,2169,11,17,128,156,1.25,0.046038247845476866,661,"Disney wants a sequel, skate dwarfs skate."
52,2169,9,22,129,160,1.25,0.04343722427630694,661,"No, I don't feel bad about celebrating the Evil Queen's death."
24,2169,14,12,134,160,1.25,0.04774802837643119,661,OMG you guys are crazy!
954,2169,14,10,128,152,1.25,0.04961510974163115,661,Next we go to skateboarding.
1009,2169,13,13,130,156,1.25,0.04780111124816179,661,Rollerblades? Seriously?  I guess I can call you all Dopey from now on!
119,2169,12,16,132,160,1.25,0.04607213376254634,661,"So who decided to skate on the side of a hill, that must be Dopey...!"
1197,2169,11,17,128,156,1.25,0.046038247845476866,661,The most believable theory on the origin of Roller Disco.
1896,2169,13,14,133,160,1.25,0.046917564532222046,661,Time to eat. Which one of you is 'Delicious'?
1890,2169,13,14,133,160,1.25,0.046917564532222046,661,"I can be the jammer if the other teams are pixies, elves, and dwarfs."
1887,2169,15,10,135,160,1.25,0.04856429311786321,661,Who wants to go apple picking?
1881,2169,13,13,130,156,1.25,0.04780111124816179,661,I'm afraid Dopey was banned from today's race.
1868,2169,11,18,131,160,1.25,0.04521089644358652,661,"Did you hurt yourself again, Scabby?"
1793,2169,14,11,131,156,1.25,0.048658598649138386,661,"I'm so glad I found you Stitches and Jelly Roll and Lord of the Rink, Intoxiskate, Nutcracker, Blockingjay and Dollface Smasher. Let's win the first Dwarf Derby!"
1780,2169,12,16,132,160,1.25,0.04607213376254634,661,"All the dwarves were accounted for, except Clumsy."
1152,2169,11,18,131,160,1.25,0.04521089644358652,661,"SMILE, Grumpy"
1728,2169,11,18,131,160,1.25,0.04521089644358652,661,"I can't wait for Disney on asphalt
Frank Buckley Andover, MA"
1650,2169,11,18,131,160,1.25,0.04521089644358652,661,Where's  Pokey?
1626,2169,12,14,126,152,1.25,0.04782658636357763,661,I can't remember...which one of you is Skatey?
1589,2169,11,16,125,152,1.25,0.04690675844110392,661,"Well, they don't make you much taller, but you sure are cuter!"
1749,2169,13,12,127,152,1.25,0.04872905436116554,661,"""Mr. Disney forgot to mention the baby-sitting part."""
1540,2169,10,20,130,160,1.25,0.04433293138324429,661,Have fun guys ‘cause it’s back to the salt mines tomorrow!
1211,2169,14,12,134,160,1.25,0.04774802837643119,661,"Wait, has anyone seen Sinky?"
1554,2169,12,15,129,156,1.25,0.04692795809131639,661,Here I though it was hard to keep track of 7 little men before
1303,2169,11,18,131,160,1.25,0.04521089644358652,661,... Every time I turn around there’s another one of you clowns.
1341,2169,12,14,126,152,1.25,0.04782658636357763,661,"Next we’ll learn snowboarding so we can meet my cousin, Shaun."
1361,2169,12,14,126,152,1.25,0.04782658636357763,661,"Hey guys, I think we should open up a Carhop
diner."
1252,2169,12,15,129,156,1.25,0.04692795809131639,661,"Sorry, but roller skating while you work is NOT more productive than whistling."
1443,2169,16,8,136,160,1.25,0.04936706309108325,661,You guys are just going to love roller derby!
1446,2169,12,15,129,156,1.25,0.04692795809131639,661,And now you may go to the ball! Just return them by midnight or you feet will turn into rutabagas.
1452,2169,12,14,126,152,1.25,0.04782658636357763,661,"Hey, let's play 'Skating on Thin Ice."""
1455,2169,13,14,133,160,1.25,0.046917564532222046,661,Don’t even think about it.
1522,2169,14,12,134,160,1.25,0.04774802837643119,661,Have you been smoking the apple?
1369,2169,13,13,130,156,1.25,0.04780111124816179,661,"You are nice guys, but you are all too short for me!"
3499,2282,11,18,132,161,1.2484472049689441,0.04495603088331022,661,"Sleeping Beauty?"" We'll  see about that"
3298,2282,14,12,135,161,1.2484472049689441,0.04747593040098874,661,Cheer up Grumpy! You're the fairest skater of them all!
2996,2282,12,16,133,161,1.2484472049689441,0.04581140103002676,661,"The Prince agreed! If you win Kingdom's Got Talent, casual Friday at the mine will be reinstated."
2659,2282,11,18,132,161,1.2484472049689441,0.04495603088331022,661,Your daddies would be so proud.
2541,2282,14,12,135,161,1.2484472049689441,0.04747593040098874,661,7 midget spinners
2497,2282,12,16,133,161,1.2484472049689441,0.04581140103002676,661,"Hi ho, hi ho, off to work we roll"
2294,2282,13,14,134,161,1.2484472049689441,0.04665109018969152,661,"I take it back, Doc.  The curly toes are just fine..."
1931,2282,11,18,132,161,1.2484472049689441,0.04495603088331022,661,It's couples time.  All single skaters off the ice.
1288,2282,14,12,135,161,1.2484472049689441,0.04747593040098874,661,Pickup the pace guys! You all have to focus on training if we're going to win that roller derby match on Saturday.
1277,2282,9,22,130,161,1.2484472049689441,0.0431945043920584,661,"If you like those, wait until you see the skateboard for only $50 more!"
845,2282,14,12,135,161,1.2484472049689441,0.04747593040098874,661,"And then, after ice cream we can go reclaim our -- your! -- mountain full of gold Gandalf was telling us about."""
1122,2282,12,16,133,161,1.2484472049689441,0.04581140103002676,661,It’s fun and games until someone gets hurt.
764,2282,13,14,134,161,1.2484472049689441,0.04665109018969152,661,"They mostly accept what they refer to as her ""snowy white thing"", but Grumpy furtively tries to warn them."
727,2282,11,18,132,161,1.2484472049689441,0.04495603088331022,661,See...isn't this alot more fun than wondering why there isn't a girl dwarf?
704,2282,8,24,129,161,1.2484472049689441,0.042286232489106394,661,Someday my Prince will bring us a skate key.
557,2282,11,18,132,161,1.2484472049689441,0.04495603088331022,661,"You guys keep skating, I'm going to go eat an apple."
436,2282,10,20,131,161,1.2484472049689441,0.04408406697695152,661,"Little ones, no more skating under the skirt. Snow no do."
396,2282,8,24,129,161,1.2484472049689441,0.042286232489106394,661,That’s what I call a perfect Uber Eats team! Just don’t forget to take with you those shiny apples for the frequent customers!
273,2282,10,20,131,161,1.2484472049689441,0.04408406697695152,661,"I saw you crack a smile, Grumpy!"
98,2282,13,14,134,161,1.2484472049689441,0.04665109018969152,661,"""Hey Minions, eat our dust!"""
1127,2282,13,14,134,161,1.2484472049689441,0.04665109018969152,661,"Quick, enjoy your rollers skates before the wicked witch comes here and turn them into rotten smelly rats"
3443,2303,13,12,128,153,1.2483660130718954,0.04843708460912154,661,Don’t worry. I am 86% sure the Prince won’t be taking the throne anytime soon.
2842,2303,14,10,129,153,1.2483660130718954,0.04931683766662967,661,"No, Grumpy, you can't have a jet pack."
522,2305,9,22,131,162,1.2469135802469136,0.042954430226375025,661,"The mine, guys, what about ""it's off to work we go?"""
2444,2305,11,18,133,162,1.2469135802469136,0.044703976873154944,661,"Listen up you little twerps, we're gonna synchronize or it's another night in the moat. And a 1,2,3,4."
2454,2305,11,18,133,162,1.2469135802469136,0.044703976873154944,661,"Okay, but next time I’m Starlight Express and you’re Ben Brantley."
2473,2308,13,11,126,150,1.2466666666666666,0.04909623173087232,661,I had no idea roller skates worked on snow!
1846,2308,12,13,125,150,1.2466666666666666,0.04817628578002396,661,"Okay, now let's play Dump the Trump!"
1785,2308,14,9,127,150,1.2466666666666666,0.049999254282283946,661,21 wheels and now everyone is Happy!
2158,2308,12,13,125,150,1.2466666666666666,0.04817628578002396,661,Elf roller derby is going to be such a hit!
2211,2308,13,11,126,150,1.2466666666666666,0.04909623173087232,661,I can tell which of you are fans of Joe Thornton and the San Jose Sharks!
2339,2308,12,13,125,150,1.2466666666666666,0.04817628578002396,661,I'll have to start calling you Sporty instead of Sleepy!
2446,2308,10,17,123,150,1.2466666666666666,0.04628156862437344,661,I admire your spirit! 10 out of 10 people would not learn how to roller skate on the snow.
2499,2308,9,19,122,150,1.2466666666666666,0.04530450458530159,661,Practice is over. Your SAT tutor just arrived.
3243,2308,12,13,125,150,1.2466666666666666,0.04817628578002396,661,"since i'm getting married, you will have to skate on your own dime"
2710,2308,10,17,123,150,1.2466666666666666,0.04628156862437344,661,"You six are so cute.
Why, if there were any more of you, I'd be knocked off my feet!"
2779,2308,11,15,124,150,1.2466666666666666,0.04723842771457961,661,Ok now if I could just get them to do my taxes...
2861,2308,10,17,123,150,1.2466666666666666,0.04628156862437344,661,"Hey, I got my period so we can cancel paternity tests."
2893,2308,13,11,126,150,1.2466666666666666,0.04909623173087232,661,Now you all identify as rollers!
2980,2308,10,17,123,150,1.2466666666666666,0.04628156862437344,661,"If Disney HR asks, you are droids from the Planet Tatooine."
3127,2308,9,19,122,150,1.2466666666666666,0.04530450458530159,661,Finally we have updated our brand
3519,2308,11,15,124,150,1.2466666666666666,0.04723842771457961,661,"Global warming is here, but we are ready for something other than Disney on Ice."
1543,2308,12,13,125,150,1.2466666666666666,0.04817628578002396,661,Our roller derby team is Go Fight and the 7 Adorables
2607,2308,13,11,126,150,1.2466666666666666,0.04909623173087232,661,"♫ ♪ Happy Birthday, dear Happy ♪ ♫"
1503,2308,12,13,125,150,1.2466666666666666,0.04817628578002396,661,"Remember, don't worry about falling and breaking your necks. The prince will be happy to bring you back to life with a kiss."
2403,2308,10,17,123,150,1.2466666666666666,0.04628156862437344,661,Glass slippers are for chumps!
1321,2308,13,11,126,150,1.2466666666666666,0.04909623173087232,661,"Sorry guys. I'm feeling a little Grumpy today. The rest can come back tomorrow, unless you're Bashful, who has a private appointment on Friday..."
6,2308,11,15,124,150,1.2466666666666666,0.04723842771457961,661,It's just an expression that means 'hurry up'.
7,2308,11,15,124,150,1.2466666666666666,0.04723842771457961,661,C'mon Grumpy! How about a ginger ale?
81,2308,10,17,123,150,1.2466666666666666,0.04628156862437344,661,"If it helps Grumpy's attitude, well all the better."
294,2308,11,15,124,150,1.2466666666666666,0.04723842771457961,661,I really think we have a shot at winning the roller derby this year!
295,2308,13,11,126,150,1.2466666666666666,0.04909623173087232,661,It's all about the vitality curve.
455,2308,13,11,126,150,1.2466666666666666,0.04909623173087232,661,Where's little plump Trump?
482,2308,11,15,124,150,1.2466666666666666,0.04723842771457961,661,I always wanted to be a roller derby queen.
500,2308,12,13,125,150,1.2466666666666666,0.04817628578002396,661,"Height-ho, height-ho, it's off to work we go"" is just more elevated.
-Victoria Rodriguez, Chicago IL"
565,2308,13,11,126,150,1.2466666666666666,0.04909623173087232,661,"Stay with us, and you shall have everything that you want."""
1393,2308,11,15,124,150,1.2466666666666666,0.04723842771457961,661,Don't worry about falling one of you is a Doc.
757,2308,9,19,122,150,1.2466666666666666,0.04530450458530159,661,"Please, guys, make me some skates too -- I'll start cooking again, really I will"
815,2308,9,19,122,150,1.2466666666666666,0.04530450458530159,661,Maybe if we get the jazz hands just right we’ll finally get a show on Broadway!
625,2308,12,13,125,150,1.2466666666666666,0.04817628578002396,661,"Long ago, far away"" is over!  I've just ordered us all e-bikes!"
876,2308,11,15,124,150,1.2466666666666666,0.04723842771457961,661,I may have been poisoned but you guys are siiick
1066,2308,9,19,122,150,1.2466666666666666,0.04530450458530159,661,I wouldn't say that I have a 'type' per se
1193,2308,11,15,124,150,1.2466666666666666,0.04723842771457961,661,' How cute! Where's Snoopy?'
1272,2308,10,17,123,150,1.2466666666666666,0.04628156862437344,661,Stop practicing! If I told you once I told you a hundred times...you're way too short for the Olympic trials!
1298,2308,12,13,125,150,1.2466666666666666,0.04817628578002396,661,"Okay, everybody line up for your growth hormone!"
1305,2308,9,19,122,150,1.2466666666666666,0.04530450458530159,661,I think we'll get a Vegas show for sure now.
2682,2348,11,15,125,151,1.2450331125827814,0.046952972966518035,661,Who wants join me in some warm apple cider?
1932,2349,9,18,120,147,1.2448979591836735,0.0458834085543973,661,"OR:


Seven grown men with mental disabilities living with an attractive young girl?
Only in a porn film or fairy tale."
1973,2349,11,14,122,147,1.2448979591836735,0.0478713181435486,661,"Wait till Disney sees this routine for our big comeback musical....""Seven Wheels for Seven Brothers."""
2026,2349,10,16,121,147,1.2448979591836735,0.046887899725678604,661,"Mirror, mirror on the wall, who's got the dopest skate tricks of all?"
2213,2349,8,20,119,147,1.2448979591836735,0.04485642897572416,661,Best field trip ever!
2279,2349,11,14,122,147,1.2448979591836735,0.0478713181435486,661,Happy hour at Happy’s place!
2319,2349,11,14,122,147,1.2448979591836735,0.0478713181435486,661,"Hiho, anyone have an apple?"
2897,2349,8,20,119,147,1.2448979591836735,0.04485642897572416,661,So cute. But as usual Sleepy is late.
2634,2349,10,16,121,147,1.2448979591836735,0.046887899725678604,661,"Come on Grumpy, we all have the nose."
2696,2349,11,14,122,147,1.2448979591836735,0.0478713181435486,661,"Why yes, Lusty Dwarf, I am wearing a corset."
2721,2349,10,16,121,147,1.2448979591836735,0.046887899725678604,661,"You know how to whistle while you skate don't you. guys? You just put your lips together, and blow."
1925,2349,11,14,122,147,1.2448979591836735,0.0478713181435486,661,Now Rock n' Roll
2938,2349,12,12,123,147,1.2448979591836735,0.048834936888629214,661,"Let's see, Happy, Sleepy.Sneezy. Where's Rapey?"
3136,2349,8,20,119,147,1.2448979591836735,0.04485642897572416,661,"No, I’m her sister— Snow Black."
3412,2349,10,16,121,147,1.2448979591836735,0.046887899725678604,661,"Grumpy, by a nose!"
2367,2349,9,18,120,147,1.2448979591836735,0.0458834085543973,661,"If you get laid off, at least you'll be able to keep the skates."
1804,2349,13,10,124,147,1.2448979591836735,0.049779905795731993,661,I have the liver donor; I just need a lung now.
1403,2349,11,14,122,147,1.2448979591836735,0.0478713181435486,661,"Thanks for coming out to audition for the newly-created part of Dwarf #8 - “Wheelie”; you should know that I’ve insisted they cancel the part of, and the audition for “Feelie”."
1436,2349,8,20,119,147,1.2448979591836735,0.04485642897572416,661,"Oh, no, Gropey, dear, I said I'd love to SKATE with all of you, not MATE with you."
272,2349,11,14,122,147,1.2448979591836735,0.0478713181435486,661,I didn't want you all to keep feeling like a third wheel!
279,2349,8,20,119,147,1.2448979591836735,0.04485642897572416,661,"C'mon Grumpy, admit it's, like, awesome!"
322,2349,11,14,122,147,1.2448979591836735,0.0478713181435486,661,God is dead.
426,2349,11,14,122,147,1.2448979591836735,0.0478713181435486,661,Just wait your turn.  I promise everybody will get their nose job.
1451,2349,12,12,123,147,1.2448979591836735,0.048834936888629214,661,Being the seven dwarves with schnauzel white ain't that bad is it ?
832,2349,8,20,119,147,1.2448979591836735,0.04485642897572416,661,"With a smile and a song...
Skate counter clockwise"
438,2349,9,18,120,147,1.2448979591836735,0.0458834085543973,661,All I said was your feet look like cashews!
1105,2349,9,18,120,147,1.2448979591836735,0.0458834085543973,661,I'm so glad you like your new hobby.  Now I won't feel guilty to go live happily ever after with my one true love.
1177,2349,10,16,121,147,1.2448979591836735,0.046887899725678604,661,"We couldn't find any heels to make us taller,so we put on roller skates instead!"
1295,2349,13,10,124,147,1.2448979591836735,0.049779905795731993,661,"Drop that attitude, you're on thin ice!"
1383,2349,9,18,120,147,1.2448979591836735,0.0458834085543973,661,Do you have an extra pair? My pumpkin is in the shop.
1395,2349,11,14,122,147,1.2448979591836735,0.0478713181435486,661,Do they come in my size?
938,2349,10,16,121,147,1.2448979591836735,0.046887899725678604,661,get back here you little rascal
1034,2349,11,14,122,147,1.2448979591836735,0.0478713181435486,661,I just heard that Jon Snow might be available.
700,2381,11,14,123,148,1.2432432432432432,0.04757554797754061,661,Come here grumpy
2756,2381,10,16,122,148,1.2432432432432432,0.04659940023225657,661,"Wow, marriage really changed her!"
3318,2381,11,14,123,148,1.2432432432432432,0.04757554797754061,661,I finally understand Happy!
2467,2384,12,11,122,145,1.2413793103448276,0.04920426389196321,661,Stop messing around and get in formation! The talent show is tomorrow.
2849,2384,9,17,119,145,1.2413793103448276,0.04619202597105775,661,"Hey, Eurovision, here we come!"
1435,2384,10,15,120,145,1.2413793103448276,0.04721746185389364,661,"So, Grumpy, you want to re-skate your short program? Do you have the money for the ice time?"
90,2384,11,13,121,145,1.2413793103448276,0.048221096467593184,661,The shoe may not fit but the skate could!
540,2384,12,11,122,145,1.2413793103448276,0.04920426389196321,661,I love how off-brand we all are!
1824,2389,8,19,119,146,1.2397260273972603,0.04486350950048216,661,"So I have this idea for a Little League roller derby, we'll  call ourselves, the Snow White Walkers."
2521,2389,8,19,119,146,1.2397260273972603,0.04486350950048216,661,"Apparently it's called Roller Derby and my stepmother is going to show us how to play this afternoon."""
2519,2389,10,15,121,146,1.2397260273972603,0.04692207483987653,661,I know it should be 'off to work you go' but for today I'll let you skate
2443,2389,13,9,124,146,1.2397260273972603,0.0498507877685765,661,I hope none of you get disney-DIZZY-while you're skating/
2432,2389,11,13,122,146,1.2397260273972603,0.04791820550238224,661,"Grumpy, you are killing my Uber rating so we are roller skating everywhere from now on."
3539,2389,10,15,121,146,1.2397260273972603,0.04692207483987653,661,The costume department got a great deal on size 2
2424,2389,10,15,121,146,1.2397260273972603,0.04692207483987653,661,Wonderful! You're finally ready for the ice skates!
2362,2389,11,13,122,146,1.2397260273972603,0.04791820550238224,661,Disney On Blades!
2350,2389,10,15,121,146,1.2397260273972603,0.04692207483987653,661,"Well, Grumpy, Santo and Johnny’s “Sleepwalk” just isn’t everyone’s favorite..."
2303,2389,10,15,121,146,1.2397260273972603,0.04692207483987653,661,"After the figure skating finals and that all-important, unrehearsed interview, the judges will break for dinner before announcing this year’s Baddest Dwarf!"
2284,2389,8,19,119,146,1.2397260273972603,0.04486350950048216,661,"Okay, for the seventh time, counter-clockwise everyone."
2183,2389,9,17,120,146,1.2397260273972603,0.0459043330851175,661,Doesn't look like we're Heigh-Hoing off to work!
1779,2389,9,17,120,146,1.2397260273972603,0.0459043330851175,661,Now we are definitely going to beat Cinderella's musical.
2176,2389,9,17,120,146,1.2397260273972603,0.0459043330851175,661,"Damn, I forgot my skates!"
2142,2389,11,13,122,146,1.2397260273972603,0.04791820550238224,661,"On balance, you're better than the ones I had to toss out."
2119,2389,11,13,122,146,1.2397260273972603,0.04791820550238224,661,Health insurance is overrated.
2062,2389,10,15,121,146,1.2397260273972603,0.04692207483987653,661,"Listen to me, I was asleep. What's your excuse? Stop skating around the issues."
2061,2389,12,11,123,146,1.2397260273972603,0.04889404595508635,661,"Wait until I get my hands on you, you little monsters."
2029,2389,12,11,123,146,1.2397260273972603,0.04889404595508635,661,"Hi-ho, Hi-ho, it’s off to Rollerama you go! This will make work much more efficient!"
2008,2389,10,15,121,146,1.2397260273972603,0.04692207483987653,661,Just give give it a try Grumpy; jazz fingers make everything more fun.
1977,2389,12,11,123,146,1.2397260273972603,0.04889404595508635,661,"Remember the rules, no fruits or vegetables on the rink."
1976,2389,12,11,123,146,1.2397260273972603,0.04889404595508635,661,"Dopey, did you go back to the dispensary?"
1880,2389,11,13,122,146,1.2397260273972603,0.04791820550238224,661,"If you teach me how to skate, I'll clean up that hovel you call a home!"
1844,2389,9,17,120,146,1.2397260273972603,0.0459043330851175,661,"The first one of you I snack on will be renamed MUNCHY.




Calder Lowe, Columbia, CA"
1837,2389,10,15,121,146,1.2397260273972603,0.04692207483987653,661,Just keep skating. No one can hurt you if you avoid talking to them.
2523,2389,11,13,122,146,1.2397260273972603,0.04791820550238224,661,There’s just something about elves and roller skating.
2149,2389,11,13,122,146,1.2397260273972603,0.04791820550238224,661,"Celebrate, kids!  The king has licensed your nicknames!"
2531,2389,9,17,120,146,1.2397260273972603,0.0459043330851175,661,"Hey, guys, if you're trying to tell me something about yourselves, I already knew."
2555,2389,11,13,122,146,1.2397260273972603,0.04791820550238224,661,The plan is to mesmerize her with our hips and our hands!
1726,2389,11,13,122,146,1.2397260273972603,0.04791820550238224,661,"Don't forget, this party never would have been possible without the queen's support of beautiful, clean coal!"
3495,2389,9,17,120,146,1.2397260273972603,0.0459043330851175,661,I'd like to get you interested in the roller derby.
3488,2389,9,17,120,146,1.2397260273972603,0.0459043330851175,661,"Once we master this, Disney on Ice will be a cinch."
3467,2389,10,15,121,146,1.2397260273972603,0.04692207483987653,661,"Well Grumpy, I guess group hugs are just not your thing..."
3466,2389,10,15,121,146,1.2397260273972603,0.04692207483987653,661,It's amazing what a couple of extra inches will do!
3442,2389,9,17,120,146,1.2397260273972603,0.0459043330851175,661,I can't believe how cute you all are.
3383,2389,9,17,120,146,1.2397260273972603,0.0459043330851175,661,I may not be Cinderella but I’m the prettiest girl in this dump.
3336,2389,12,11,123,146,1.2397260273972603,0.04889404595508635,661,"Grumpy - Don't be so Grimm!  You almost scored the winning goal, had you not been tripped by Rapunzel's hair."
3326,2389,9,17,120,146,1.2397260273972603,0.0459043330851175,661,"Oh, Rollie, Rollie, Rollie, Rollie, Rollie, Rollie, and Rollie! 
You're so much more fun than my other dwarves!"
3235,2389,10,15,121,146,1.2397260273972603,0.04692207483987653,661,"Wait, guys.  I have to get into my roller rags."
3185,2389,13,9,124,146,1.2397260273972603,0.0498507877685765,661,"Remind me again, which of you is called Klutzy?"""
3141,2389,10,15,121,146,1.2397260273972603,0.04692207483987653,661,"Tight, neon, and great with skates. It's called spandex."
3140,2389,10,15,121,146,1.2397260273972603,0.04692207483987653,661,Hurry we only have 2 minutes left...
3019,2389,13,9,124,146,1.2397260273972603,0.0498507877685765,661,If only I had wheels on my shoes
3006,2389,10,15,121,146,1.2397260273972603,0.04692207483987653,661,I'll kill the first one of you who starts to whistle!
2873,2389,11,13,122,146,1.2397260273972603,0.04791820550238224,661,"Hands up, Grumps."
2857,2389,10,15,121,146,1.2397260273972603,0.04692207483987653,661,"Grumpy, sorry for calling you a dwarf when you prefer 'altitude-challenged'."
2841,2389,11,13,122,146,1.2397260273972603,0.04791820550238224,661,Are you for real?
2834,2389,10,15,121,146,1.2397260273972603,0.04692207483987653,661,"We may have to change that to ' no work we go' """
2715,2389,10,15,121,146,1.2397260273972603,0.04692207483987653,661,"Hurry up, we need to be back on set in half an hour."
2690,2389,8,19,119,146,1.2397260273972603,0.04486350950048216,661,"wait, wait, don't tell me, I know who you are."
2642,2389,10,15,121,146,1.2397260273972603,0.04692207483987653,661,"This year, we are making Disney on Ice."
2601,2389,12,11,123,146,1.2397260273972603,0.04889404595508635,661,Roller derby really is the fairest game of all
2600,2389,8,19,119,146,1.2397260273972603,0.04486350950048216,661,"Don't you dare, Dopey!"
2556,2389,10,15,121,146,1.2397260273972603,0.04692207483987653,661,Jazz hands choreography before the big apple.
2542,2389,10,15,121,146,1.2397260273972603,0.04692207483987653,661,Hi Ho! Hi Ho! We roller skate in snow!
1667,2389,10,15,121,146,1.2397260273972603,0.04692207483987653,661,Who wants to play game of thrones?
2431,2389,12,11,123,146,1.2397260273972603,0.04889404595508635,661,Good news! They don't need us at Kings' Landing after all!
1561,2389,13,9,124,146,1.2397260273972603,0.0498507877685765,661,"Heigh-ho, heigh-ho, it's off to Broadway we go."
597,2389,13,9,124,146,1.2397260273972603,0.0498507877685765,661,"Hey, dwarfs, watch me Nae Nae!"
539,2389,10,15,121,146,1.2397260273972603,0.04692207483987653,661,Dwarf Roller Derby is a sure fire hit!
528,2389,13,9,124,146,1.2397260273972603,0.0498507877685765,661,"Someday - let it go.
Someday - can't hold it back anymore.
Someday - turn away and slam the door...""

....All right boys. Looks like the inline skates will work nicely..."
517,2389,11,13,122,146,1.2397260273972603,0.04791820550238224,661,"Which one is ""Rollie""?"
513,2389,12,11,123,146,1.2397260273972603,0.04889404595508635,661,You're the only one not enjoying yourself.
467,2389,10,15,121,146,1.2397260273972603,0.04692207483987653,661,We're the Bladescapades!
446,2389,10,15,121,146,1.2397260273972603,0.04692207483987653,661,We are going to do a commercial like the Brady Bunch.
444,2389,11,13,122,146,1.2397260273972603,0.04791820550238224,661,"Let’s all sing together: it’s 
Roller Derby time."
413,2389,11,13,122,146,1.2397260273972603,0.04791820550238224,661,Let's take a selfie!
391,2389,11,13,122,146,1.2397260273972603,0.04791820550238224,661,WHERE'S GRABBY??
360,2389,9,17,120,146,1.2397260273972603,0.0459043330851175,661,"I can't call you dwarfs anymore, and I'm not waiting for any damn prince."
338,2389,9,17,120,146,1.2397260273972603,0.0459043330851175,661,Who knew I was the only one that didn't own a pair of skates.
321,2389,11,13,122,146,1.2397260273972603,0.04791820550238224,661,the roller derby team was shaping up nicely.
253,2389,10,15,121,146,1.2397260273972603,0.04692207483987653,661,"Ever since I got married, you guys have changed."
247,2389,10,15,121,146,1.2397260273972603,0.04692207483987653,661,"You guys can wear these, and I'll skate by on my fair looks! Get it?!"
201,2389,10,15,121,146,1.2397260273972603,0.04692207483987653,661,Even Grumpy is cracking a smile.
199,2389,14,7,125,146,1.2397260273972603,0.05078951025986781,661,"Global warming, Munchkins; global warming!”"
175,2389,7,21,118,146,1.2397260273972603,0.043797958552999845,661,Now Grumpy the vote was 4 to 3 - don't be like that.
174,2389,10,15,121,146,1.2397260273972603,0.04692207483987653,661,I know...but whom is fair and balanced?
84,2389,9,17,120,146,1.2397260273972603,0.0459043330851175,661,"While I go put my dentures in, use your grass skates to capture the aardvarks. Burp! I'm Snow White."
63,2389,10,15,121,146,1.2397260273972603,0.04692207483987653,661,This is great! I have colorful roller derby pseudonyms for each one of you.
54,2389,9,17,120,146,1.2397260273972603,0.0459043330851175,661,"I'm not exactly Snow White, but you could say I'm Extra-Virgin."
46,2389,11,13,122,146,1.2397260273972603,0.04791820550238224,661,"The North Pole!
Your Ancestry.com search led us here!!!"
2,2389,11,13,122,146,1.2397260273972603,0.04791820550238224,661,"Wow, the Philadelphia Flyers."
1631,2389,13,9,124,146,1.2397260273972603,0.0498507877685765,661,They’ve been doing this for three straight weeks.
624,2389,11,13,122,146,1.2397260273972603,0.04791820550238224,661,We need to practice for the live show on ice
629,2389,11,13,122,146,1.2397260273972603,0.04791820550238224,661,"Ok, get ready, Tonya Harding will be here any minute to help with the knee whacking practice."
48,2389,11,13,122,146,1.2397260273972603,0.04791820550238224,661,"Slippery, Funky, Reckless, Twister, Goofy, Clumsy and Eddy: have you seen my rollerblades?"
679,2389,11,13,122,146,1.2397260273972603,0.04791820550238224,661,"Grumpy, eating all those Hi-Ho's before the Bouncy Castle  was bound to make you Gassy."
668,2389,11,13,122,146,1.2397260273972603,0.04791820550238224,661,"not dwarves on skates, little mini rolla tinies"
1498,2389,10,15,121,146,1.2397260273972603,0.04692207483987653,661,"Who needs Disneyland, right guys?"
1481,2389,8,19,119,146,1.2397260273972603,0.04486350950048216,661,Now for the bad news.
1440,2389,11,13,122,146,1.2397260273972603,0.04791820550238224,661,Anyone here see the Prince?
1419,2389,9,17,120,146,1.2397260273972603,0.0459043330851175,661,But things were going okay outside of Winterfell.
1407,2389,9,17,120,146,1.2397260273972603,0.0459043330851175,661,"I'm telling you, this is how we'll  finally get on Netflix!"
1284,2389,13,9,124,146,1.2397260273972603,0.0498507877685765,661,"From now on, Sneezy will be known as ""Sneaky Little Slimeball"""
1276,2389,8,19,119,146,1.2397260273972603,0.04486350950048216,661,"Disney, bowing to politically correctness, tweaks a classic."
1274,2389,13,9,124,146,1.2397260273972603,0.0498507877685765,661,"OK, now. I'm going to grab Sneezy and throw him off to you for the catch. They love this kind of stuff at the Palace."
1265,2389,10,15,121,146,1.2397260273972603,0.04692207483987653,661,"Hey, guys. I have a great idea for updating our group by adding a ninth member.  We'll call her Deluded."
1258,2389,11,13,122,146,1.2397260273972603,0.04791820550238224,661,Republican MarCom for the 2020 Presidential Race
1255,2389,9,17,120,146,1.2397260273972603,0.0459043330851175,661,I'm absolutely dwarfed! You're giving me a nose job?!!
1497,2389,7,21,118,146,1.2397260273972603,0.043797958552999845,661,Ok time for the septuple Axel!
1200,2389,9,17,120,146,1.2397260273972603,0.0459043330851175,661,The day that Dopey and Mopey became Happy.
783,2389,9,17,120,146,1.2397260273972603,0.0459043330851175,661,"Hey, little guys... Where'd you get those adorable scooter shoes?"
1206,2389,9,17,120,146,1.2397260273972603,0.0459043330851175,661,Mr. Disney said that if I give you seven adorable names we have a contract
809,2389,10,15,121,146,1.2397260273972603,0.04692207483987653,661,Dresses? Yes! Great updraft!!
838,2389,11,13,122,146,1.2397260273972603,0.04791820550238224,661,"I want to rename you all ""Wheely"""
929,2389,11,13,122,146,1.2397260273972603,0.04791820550238224,661,"hey grumpy, you should be having fun."
1542,2389,12,11,123,146,1.2397260273972603,0.04889404595508635,661,"I love your little imaginations but, I'm just too tired today."
1040,2389,9,17,120,146,1.2397260273972603,0.0459043330851175,661,So I'm guessing the eighth one of you is named skaty?
1044,2389,10,15,121,146,1.2397260273972603,0.04692207483987653,661,Those blind mice just got lucky last season on Fairy Tale Character’s Got Talent.
1073,2389,9,17,120,146,1.2397260273972603,0.0459043330851175,661,Have you boys seen Happy?
1150,2389,14,7,125,146,1.2397260273972603,0.05078951025986781,661,Where’s other midget?
948,2389,10,15,121,146,1.2397260273972603,0.04692207483987653,661,"♫Whistle while you skate♫ Everybody now! ♫Whistle while you skate♫ You too, Grumpy!"
1172,2389,11,13,122,146,1.2397260273972603,0.04791820550238224,661,Shake shake shake shake shake shake shake your bootie !
2536,2502,11,12,119,142,1.2394366197183098,0.048890984703267054,661,All those diamonds and only now did you retire!
2459,2502,9,16,117,142,1.2394366197183098,0.04680329201585077,661,Are you the Durante Roller Derby Dwarfs I've heard so much about?
2407,2502,10,14,118,142,1.2394366197183098,0.04785852342465286,661,Everyone Ready? We are going to roll another Seven.  And no Follies
2402,2502,10,14,118,142,1.2394366197183098,0.04785852342465286,661,"Grumpy, you really are impossible.  Why can't you enjoy roller-skating on this desolate sand dune while doing Jazz Hands like the rest of us?"
2343,2502,12,10,120,142,1.2394366197183098,0.04990208919596593,661,'The Rollerblading Dwarves'. That's a band I'd pay big money to see.
2289,2502,8,18,116,142,1.2394366197183098,0.0457237140076564,661,You are the next generation drones
2235,2502,9,16,117,142,1.2394366197183098,0.04680329201585077,661,"Before we get started, would you mind taking your skates off?"
2174,2502,11,12,119,142,1.2394366197183098,0.048890984703267054,661,"The Grimm Seven, perfect name for a roller derby team"
2140,2502,11,12,119,142,1.2394366197183098,0.048890984703267054,661,The first one to find an apple wins!
2117,2502,11,12,119,142,1.2394366197183098,0.048890984703267054,661,"Now, boys, this is how to slide into a DM."
2015,2502,12,10,120,142,1.2394366197183098,0.04990208919596593,661,"How about some yodeling to celebrate the cutting of the forest? Grumpy, will you lead?"
1956,2502,10,14,118,142,1.2394366197183098,0.04785852342465286,661,Grumpy be happy we’re outside the castle
1923,2502,8,18,116,142,1.2394366197183098,0.0457237140076564,661,"Don't be so Grumpy, all the cool kids in Brooklyn are doing it!'"
1898,2502,11,12,119,142,1.2394366197183098,0.048890984703267054,661,If Dwarf Roller Derby is going to find an audience you need to be more like Grumpy.
1820,2502,9,16,117,142,1.2394366197183098,0.04680329201585077,661,Stop whistling for a minute. Sneezy tells me you’ll all need treatment too.
1814,2502,13,8,121,142,1.2394366197183098,0.05089310981841438,661,Now it will be so much easier for you to live up to your expectations.
1798,2502,10,14,118,142,1.2394366197183098,0.04785852342465286,661,You dear little fellows all look alike.  If only there was some way to tell you apart. I've got it.  I'll give you zany names!!!
1784,2502,10,14,118,142,1.2394366197183098,0.04785852342465286,661,"Hey, the roller skating championship is coming soon. Winner gets to be president!"
1727,2502,12,10,120,142,1.2394366197183098,0.04990208919596593,661,Remind me which one of you is Wobbly?
2546,2502,9,16,117,142,1.2394366197183098,0.04680329201585077,661,"If any of you run over my toes one more time, I swear I will willingly bite that poisoned apple again!"
1673,2502,9,16,117,142,1.2394366197183098,0.04680329201585077,661,And we'll sell root beer floats and cheeseburgers!
2099,2502,12,10,120,142,1.2394366197183098,0.04990208919596593,661,...we can stay at the YMCA!
1892,2502,10,14,118,142,1.2394366197183098,0.04785852342465286,661,You can't all be Jamie again tonight. On of you has to play Tyrion.
3210,2502,11,12,119,142,1.2394366197183098,0.048890984703267054,661,"On the count of three I want you to start body-slamming each other, remember to tuck and roll. Ready: one, two...."
2661,2502,8,18,116,142,1.2394366197183098,0.0457237140076564,661,Good news! The queen let me stay if I got a nose job.
1653,2502,11,12,119,142,1.2394366197183098,0.048890984703267054,661,"For me, climate change has been liberating! Since the wishing well froze, I've gotten out more. and with this revolving series of short relationships, I don't miss the old fairy tale a'tall."
3533,2502,10,14,118,142,1.2394366197183098,0.04785852342465286,661,You got cast in Xanadu--now you can afford a maid.
3463,2502,9,16,117,142,1.2394366197183098,0.04680329201585077,661,"My bodice is loose in enough now, thank you."
3445,2502,11,12,119,142,1.2394366197183098,0.048890984703267054,661,"You've had a long break fellas, do I have to hum a few bars to get you started?"
3436,2502,12,10,120,142,1.2394366197183098,0.04990208919596593,661,"Okay, let’s have a race. We’ll call it the Kentucky Dwarfy."
3434,2502,9,16,117,142,1.2394366197183098,0.04680329201585077,661,It was buy one get one free!
3370,2502,10,14,118,142,1.2394366197183098,0.04785852342465286,661,"Awesome! Now, hopefully, you'll be reckoned tall enough to
ride on everything at the fair!"
3322,2502,14,6,122,142,1.2394366197183098,0.05186519784842464,661,Who wants to help me make a tinder account?
3303,2502,9,16,117,142,1.2394366197183098,0.04680329201585077,661,Doc. I'm so glad you were able to buy the roller blades for a song.
3256,2502,11,12,119,142,1.2394366197183098,0.048890984703267054,661,Inside that distant roller disco lies the magic mirror ball.
2567,2502,8,18,116,142,1.2394366197183098,0.0457237140076564,661,"Aw, com'on, I picked this outfit just for you!"""
3255,2502,11,12,119,142,1.2394366197183098,0.048890984703267054,661,Roller skating while you work didn’t quite role off the tongue like whistle in the sequel
3143,2502,12,10,120,142,1.2394366197183098,0.04990208919596593,661,I love all of you.. except for Grumpy.
3094,2502,11,12,119,142,1.2394366197183098,0.048890984703267054,661,"Heigh ho, heigh ho, it's off to roller derby we go."
3043,2502,11,12,119,142,1.2394366197183098,0.048890984703267054,661,Did she say her name was Snose White?
3025,2502,11,12,119,142,1.2394366197183098,0.048890984703267054,661,"Lighten up, Grumpy. You can go off to work tomorrow."
2933,2502,10,14,118,142,1.2394366197183098,0.04785852342465286,661,Is dwarf a political incorrect word now?
2854,2502,10,14,118,142,1.2394366197183098,0.04785852342465286,661,"The group skate was your damn idea, Grumpy!"
2847,2502,9,16,117,142,1.2394366197183098,0.04680329201585077,661,What a nice way to relax out doors after being in the mine all day.
2760,2502,12,10,120,142,1.2394366197183098,0.04990208919596593,661,"Hey guys, I’m thinking the IPO will be for WD7"
2736,2502,10,14,118,142,1.2394366197183098,0.04785852342465286,661,Snow White and the 6 dwarfs has a better ring
2680,2502,9,16,117,142,1.2394366197183098,0.04680329201585077,661,Do you know the story about Pinnochio?
3231,2502,10,14,118,142,1.2394366197183098,0.04785852342465286,661,Welcome to your first roller derby practice!
1621,2502,12,10,120,142,1.2394366197183098,0.04990208919596593,661,Saturdays are for the boys!
2619,2502,11,12,119,142,1.2394366197183098,0.048890984703267054,661,"SNOW White, SNOW White...get it?"
1553,2502,8,18,116,142,1.2394366197183098,0.0457237140076564,661,"Under Coach White's guidance, the Mighty Dwarves are undefeated in the Youth Roller Hockey League."
724,2502,12,10,120,142,1.2394366197183098,0.04990208919596593,661,Congrats you guys your 1.5 inches taller and much faster
642,2502,7,20,115,142,1.2394366197183098,0.04461802216354853,661,Are you all Happy now?
622,2502,8,18,116,142,1.2394366197183098,0.0457237140076564,661,A little fentanyl goes a long way
589,2502,12,10,120,142,1.2394366197183098,0.04990208919596593,661,Not what I had in mind...
583,2502,12,10,120,142,1.2394366197183098,0.04990208919596593,661,Wait till we get to the ice skates...they don't call me Snow White for nothing!
573,2502,9,16,117,142,1.2394366197183098,0.04680329201585077,661,Remember what happened when Sleepy and Dopey didn't wear their helmets?
445,2502,12,10,120,142,1.2394366197183098,0.04990208919596593,661,"Hey, let’s see how far I can toss one of you guys."
428,2502,11,12,119,142,1.2394366197183098,0.048890984703267054,661,The last one to fall down gets to fist me.
364,2502,12,10,120,142,1.2394366197183098,0.04990208919596593,661,Don't forget to install the new app
335,2502,9,16,117,142,1.2394366197183098,0.04680329201585077,661,The people in the Frozen castle will love your show.
759,2502,8,18,116,142,1.2394366197183098,0.0457237140076564,661,"The hell with “Into the Woods”, this is OUR year in the rink!"
315,2502,10,14,118,142,1.2394366197183098,0.04785852342465286,661,Tomorrow we pick up your competition costumes from Cinderella’s animal friends.
255,2502,10,14,118,142,1.2394366197183098,0.04785852342465286,661,"I have an idea, let's play the quiet game!"
237,2502,11,12,119,142,1.2394366197183098,0.048890984703267054,661,"I don’t really have anything funny to say for this one, but I’ll be back next week with a real zinger"
212,2502,11,12,119,142,1.2394366197183098,0.048890984703267054,661,Have I told you guys about Crossfit?
173,2502,12,10,120,142,1.2394366197183098,0.04990208919596593,661,"Oooh,a roller party! Next,can we go bobbing for apples?"
168,2502,9,16,117,142,1.2394366197183098,0.04680329201585077,661,And to think! We never took your name literally...
139,2502,10,14,118,142,1.2394366197183098,0.04785852342465286,661,Now we just need to invent hamburgers and shakes...
134,2502,10,14,118,142,1.2394366197183098,0.04785852342465286,661,"We had the best rhinoplasties in the land."""
127,2502,10,14,118,142,1.2394366197183098,0.04785852342465286,661,No more celery juice for you guys.
14,2502,11,12,119,142,1.2394366197183098,0.048890984703267054,661,Whole Foods is coming to town-no more uncertified apples!
1569,2502,11,12,119,142,1.2394366197183098,0.048890984703267054,661,"I would call you 'little people', but I still think of you as subhuman."
281,2502,12,10,120,142,1.2394366197183098,0.04990208919596593,661,"Grumpy, we need your jazz hands to make the finals on America’s Got Talent!"
826,2502,11,12,119,142,1.2394366197183098,0.048890984703267054,661,"Don't worry guys, Clumsy didn't fall that hard. He'll be fine..."
163,2502,10,14,118,142,1.2394366197183098,0.04785852342465286,661,"I do not think it's a good idea to use the ax while you skate, okay?"
884,2502,11,12,119,142,1.2394366197183098,0.048890984703267054,661,"With Dopey's help, we'll be a shoe-in!"
1532,2502,10,14,118,142,1.2394366197183098,0.04785852342465286,661,"Aww look at you, you shaved!"
839,2502,11,12,119,142,1.2394366197183098,0.048890984703267054,661,"Oh, my seven, sweet, precious, little men on skates!! It's almost more than I can take---sort of like the latest pop-up album from Beyonce!!"
1404,2502,9,16,117,142,1.2394366197183098,0.04680329201585077,661,"Come on Grumpy, you can do the jazz hands too!"
1399,2502,9,16,117,142,1.2394366197183098,0.04680329201585077,661,"That was 30 minutes without a single whistle. A new record, boys!"
1360,2502,12,10,120,142,1.2394366197183098,0.04990208919596593,661,"Oh goodie, we have enough for a roller derby team!"
1351,2502,12,10,120,142,1.2394366197183098,0.04990208919596593,661,"Grumpy,  I've told you before, no staying under my gown to get warm."
1332,2502,9,16,117,142,1.2394366197183098,0.04680329201585077,661,Disney ruins everything.
1290,2502,9,16,117,142,1.2394366197183098,0.04680329201585077,661,You all go out and play while dopey and I share some spins!
1282,2502,9,16,117,142,1.2394366197183098,0.04680329201585077,661,Grumpy's wheels are about to come off.
1185,2502,9,16,117,142,1.2394366197183098,0.04680329201585077,661,This isn't going to end well for Sleepy or Sneezy.
1119,2502,11,12,119,142,1.2394366197183098,0.048890984703267054,661,Walt Disney just called. Saw us on Germany's got Talent!
1417,2502,9,16,117,142,1.2394366197183098,0.04680329201585077,661,"Until my prince comes for me, let's play house."
1112,2502,10,14,118,142,1.2394366197183098,0.04785852342465286,661,You guys don't even know how stupid you look right now right now.
1092,2502,11,12,119,142,1.2394366197183098,0.048890984703267054,661,Are you guys a little far from home?
1090,2502,9,16,117,142,1.2394366197183098,0.04680329201585077,661,I feel like the Princess of Central Park.
1060,2502,10,14,118,142,1.2394366197183098,0.04785852342465286,661,This is great as the Queen won't dare harm me. This is even more annoying than your singing.
1058,2502,9,16,117,142,1.2394366197183098,0.04680329201585077,661,"Graceful? All this time I've been calling you ""Doc""."
914,2502,8,18,116,142,1.2394366197183098,0.0457237140076564,661,"Hi, Ho. You see going to work can be fun."
1038,2502,11,12,119,142,1.2394366197183098,0.048890984703267054,661,Where's Goosy?
1028,2502,7,20,115,142,1.2394366197183098,0.04461802216354853,661,"Certainly, it was a great deal blokes, buying six, and getting the seventh pair free."
1019,2502,12,10,120,142,1.2394366197183098,0.04990208919596593,661,"Let’s go home, boys! I made a special apple pi!"
971,2502,12,10,120,142,1.2394366197183098,0.04990208919596593,661,"Alright everyone, let's line up in size order..."
1118,2502,12,10,120,142,1.2394366197183098,0.04990208919596593,661,"I love it. We can turn the mine into a roller rink, and I can teach you pop-the-whip, and ladies' choice and..."
1312,2602,12,12,127,151,1.2384105960264902,0.04764531324133761,661,All those names just give ideas to animators.
1326,2603,10,15,122,147,1.2380952380952381,0.046630309199377724,661,"Hi ho, Hi ho,
It's off to work we...skate?"
2129,2604,11,12,120,143,1.2377622377622377,0.04857675137308555,661,I see that you are very excited about your new electric powered skates  !!!
1916,2604,9,16,118,143,1.2377622377622377,0.04650499609164051,661,You see guys? Even Grumpy is getting into it now....
223,2604,13,8,122,143,1.2377622377622377,0.05056369138464516,661,When do I get my funny hat?
1463,2604,11,12,120,143,1.2377622377622377,0.04857675137308555,661,"Hi Ho Hi HO, You're Late.
It's Off To Work You Skate."
2808,2608,13,7,120,140,1.2357142857142858,0.05130437785033452,661,"Heigh-ho, Heigh-ho,
It’s home to see Snow we go"
2608,2608,8,17,115,140,1.2357142857142858,0.04602460833093375,661,"You guys, this isn’t how wind energy works."
2520,2608,9,15,116,140,1.2357142857142858,0.047127905692218745,661,Why aren't you singing?
2466,2608,12,9,119,140,1.2357142857142858,0.05029278540398302,661,There is no way you will keep grumpy!
2412,2608,12,9,119,140,1.2357142857142858,0.05029278540398302,661,Have fun but remember you can't skate on your job responsibilities in the mine.
2295,2608,11,11,118,140,1.2357142857142858,0.049260423676337574,661,I suppose Dopey said you could skate on dirt?
1954,2608,12,9,119,140,1.2357142857142858,0.05029278540398302,661,"Oh my God bros, you skipped a page and you're into Pinocchio..."
2120,2608,9,15,116,140,1.2357142857142858,0.047127905692218745,661,Whistle whilst you pick a pocket or two!
2079,2608,7,19,114,140,1.2357142857142858,0.044894205072559736,661,"Stay-low, Stay-low
It's home from work we roll"
2070,2608,10,13,117,140,1.2357142857142858,0.04820595832315205,661,Do I see someone who needs a real good tickle?
2864,2608,10,13,117,140,1.2357142857142858,0.04820595832315205,661,I love Uber!
2031,2608,11,11,118,140,1.2357142857142858,0.049260423676337574,661,"Is it one little, two little, three little roller-skates ... or...
do I multiply times two for a prince or times seven for a dwarf?"
1985,2608,9,15,116,140,1.2357142857142858,0.047127905692218745,661,I swipe right on everything!
2253,2608,12,9,119,140,1.2357142857142858,0.05029278540398302,661,"Seven Sleepers? no, Skeeters?  no, Skaters!"
2875,2608,11,11,118,140,1.2357142857142858,0.049260423676337574,661,"Hey guys, look at how grumpy Stan is!"
3474,2608,10,13,117,140,1.2357142857142858,0.04820595832315205,661,Roller blading is the only way to make 5/7 Happy.
2907,2608,11,11,118,140,1.2357142857142858,0.049260423676337574,661,"It beats working in the mines, fellas, but why bother if Instagram doesn't exist?"
1939,2608,9,15,116,140,1.2357142857142858,0.047127905692218745,661,it'll never make the half time show at the Super Bowl.
3536,2608,11,11,118,140,1.2357142857142858,0.049260423676337574,661,"WHEN THE DOCTORS WERE DISCUSSING
MY PREGNANCY AND USING THE WORD SEPTUPLETS, IT WAS MUSIC TO MY EARS.
THEN BIRTH , NOT A GROUP OF SEVEN NOTES
TO BE PERFORMED IN THE TIME OF FOUR OR
SIX. THIS IS WHAT THEY WERE TALKING ABOUT."
3524,2608,9,15,116,140,1.2357142857142858,0.047127905692218745,661,"I agree!  Since they closed the mine, you may as well sing, “Heigh ho!  Heigh ho!  It’s off to skate we go!”"
3469,2608,8,17,115,140,1.2357142857142858,0.04602460833093375,661,Enough playing now. Go find me an apple!
3438,2608,10,13,117,140,1.2357142857142858,0.04820595832315205,661,"You know, I think we could make a traveling show of this!"
3419,2608,9,15,116,140,1.2357142857142858,0.047127905692218745,661,Skates never fit me. I’m no Cinderella!
2887,2608,12,9,119,140,1.2357142857142858,0.05029278540398302,661,"That’s very good Grumpy, keep moaning!"
3251,2608,11,11,118,140,1.2357142857142858,0.049260423676337574,661,"Disney called, hi-ho!  Retirement’s fine, but they contest your claim to that diamond mine, hi-ho, hi-hop!"
3155,2608,12,9,119,140,1.2357142857142858,0.05029278540398302,661,Hmm … let’ see. Who stole my shaver?
3123,2608,11,11,118,140,1.2357142857142858,0.049260423676337574,661,How does S&W plus 7 sound for the Reality TV show ?
3058,2608,11,11,118,140,1.2357142857142858,0.049260423676337574,661,Which one of you is called Lendy?
2978,2608,11,11,118,140,1.2357142857142858,0.049260423676337574,661,"Oh, wow, the wheel will change everything."
2976,2608,10,13,117,140,1.2357142857142858,0.04820595832315205,661,"Roller derby history will be made."""
2965,2608,12,9,119,140,1.2357142857142858,0.05029278540398302,661,Aren’t we supposed to go sledding?
3172,2608,9,15,116,140,1.2357142857142858,0.047127905692218745,661,"Roll me a joint, why don't you, Dopey."
1933,2608,11,11,118,140,1.2357142857142858,0.049260423676337574,661,What's up Snowy?
1736,2608,10,13,117,140,1.2357142857142858,0.04820595832315205,661,Whistling while working is already hard enough...
1900,2608,11,11,118,140,1.2357142857142858,0.049260423676337574,661,"See, it's fun to break character Grumpy."
18,2608,11,11,118,140,1.2357142857142858,0.049260423676337574,661,Who’s skatin’ like a spoodlebug?
246,2608,12,9,119,140,1.2357142857142858,0.05029278540398302,661,"Skates, Skatey, Skater, Wheelie, Wheels, Rollie,"
259,2608,9,15,116,140,1.2357142857142858,0.047127905692218745,661,"The cougar, Snow White, (Rollerderby name: Poison Apple), chillin' with her seven boyfriends."
387,2608,13,7,120,140,1.2357142857142858,0.05130437785033452,661,"So, I fuck birds now :)"
423,2608,9,15,116,140,1.2357142857142858,0.047127905692218745,661,"I'm thinking a burger stand!"""
447,2608,10,13,117,140,1.2357142857142858,0.04820595832315205,661,"I asked for one Hand to the Queen, not seven!"
547,2608,13,7,120,140,1.2357142857142858,0.05130437785033452,661,Hey you horny little bastards....you won't have to look at my ugly face if you take turns eating my snatch underneath the skirt.
644,2608,10,13,117,140,1.2357142857142858,0.04820595832315205,661,"Disco dwarfing doesn’t make Grumpy Happy, Doc or Dopey?"
651,2608,12,9,119,140,1.2357142857142858,0.05029278540398302,661,Good news! My cousin Snow knows some fellas who can help finance your upstart.
674,2608,10,13,117,140,1.2357142857142858,0.04820595832315205,661,"You're going to slay when the Disney scout arrives.""

Marja Mills, Chicag"
705,2608,11,11,118,140,1.2357142857142858,0.049260423676337574,661,"It's not going to be that kind of a Snow Ball, Grumpy."
760,2608,9,15,116,140,1.2357142857142858,0.047127905692218745,661,"Hi ho, hi ho, it's skate to work we go."
844,2608,10,13,117,140,1.2357142857142858,0.04820595832315205,661,"I'm really glad you invited your cousins Bouncy, Rocky, Skaty, and Rolly."
903,2608,11,11,118,140,1.2357142857142858,0.049260423676337574,661,Oh yeah. I think we’re gonna win this derby.
1,2608,10,13,117,140,1.2357142857142858,0.04820595832315205,661,Snow White waits in anticipation as it’s her turn next to try crack.
952,2608,10,13,117,140,1.2357142857142858,0.04820595832315205,661,But I can't marry ALL of you!
1257,2608,10,13,117,140,1.2357142857142858,0.04820595832315205,661,"Now that we're all here, are you ready to bounce, rock, skate and roll?"
1317,2608,9,15,116,140,1.2357142857142858,0.047127905692218745,661,"Get lost, creeps. You're scaring off the suitors."
1609,2608,8,17,115,140,1.2357142857142858,0.04602460833093375,661,Forget Disney on Ice! Let’s bring back roller disco.
1630,2608,12,9,119,140,1.2357142857142858,0.05029278540398302,661,"Come on, it's easy! 
Put your left foot in, you put left foot out, you put your left foot in and shake it all about. You do the hokey pokey and you turn yourself around...."
1676,2608,9,15,116,140,1.2357142857142858,0.047127905692218745,661,Only in New York!
1683,2608,10,13,117,140,1.2357142857142858,0.04820595832315205,661,You guys finally found a dwarf-friendly way to travel!
1754,2608,10,13,117,140,1.2357142857142858,0.04820595832315205,661,"Find me some Kotex and be quick about it you little shits"""
1756,2608,11,11,118,140,1.2357142857142858,0.049260423676337574,661,Joe Biden told us to stay away from you.
1758,2608,9,15,116,140,1.2357142857142858,0.047127905692218745,661,I'm so glad that you all love roller-blading!  Thank you for being my friends.
1802,2608,9,15,116,140,1.2357142857142858,0.047127905692218745,661,Who wants to play Crack the Whip?
1806,2608,10,13,117,140,1.2357142857142858,0.04820595832315205,661,"Hey, it's Rolly, Rolly, Rolly, Rolly, Rolly, Rolly, and Rolly!"
1812,2608,14,5,121,140,1.2357142857142858,0.052296406277379165,661,"....And now for a song!
Hi Ho Hi Ho Hi Ho...."
1863,2608,13,7,120,140,1.2357142857142858,0.05130437785033452,661,I'm hungry. Which one of you is 'Meaty'?
1891,2608,11,11,118,140,1.2357142857142858,0.049260423676337574,661,Snow White is cheering them on at skate practice.
960,2608,11,11,118,140,1.2357142857142858,0.049260423676337574,661,'' Seeing you guys have fun puts a lump in my throat.''
1913,2608,10,13,117,140,1.2357142857142858,0.04820595832315205,661,Are you sure the Disco Queen will never find me here?
1740,2675,12,11,126,149,1.2348993288590604,0.047986164930702846,661,Don't you just love it when there's a height-based children's discount on the GroupOn
220,2675,8,19,122,149,1.2348993288590604,0.04404421799155704,661,"Oh no, not again"
2606,2677,10,12,115,137,1.2335766423357664,0.04888491857765436,661,Oy vey.
2599,2677,9,14,114,137,1.2335766423357664,0.04777439750942048,661,Another Disney child star gone off the deep end.
2596,2677,10,12,115,137,1.2335766423357664,0.04888491857765436,661,"Actually,you all look like you're a little Wobbly."
2474,2677,9,14,114,137,1.2335766423357664,0.04777439750942048,661,"Cool, I will go and put on mine!"
2438,2677,9,14,114,137,1.2335766423357664,0.04777439750942048,661,"Hey guys, what happened to the roller blades?"
2415,2677,7,18,112,137,1.2335766423357664,0.045472064429455714,661,You're skating crazy sevens!
2400,2677,9,14,114,137,1.2335766423357664,0.04777439750942048,661,"On top of the free 
skates, I'm pregnant. One of you is going to be a father."
1794,2677,12,8,117,137,1.2335766423357664,0.05103351524493925,661,"Play nice, Children!"
2257,2677,11,10,116,137,1.2335766423357664,0.0499707661668267,661,"Oh my little friends, do you know how to break-dance?"
2247,2677,10,12,115,137,1.2335766423357664,0.04888491857765436,661,"How about a reach-around for you, Mr. Grumpy?"
2242,2677,9,14,114,137,1.2335766423357664,0.04777439750942048,661,Do you really want to create a roller-derby team?
2229,2677,8,16,113,137,1.2335766423357664,0.046637440436116846,661,Come on Grumpy! Whistle while you work it!
2173,2677,10,12,115,137,1.2335766423357664,0.04888491857765436,661,"Good news guys, Hollywood just optioned my ""Hockey Book for Dwarves"" and they want us to star in the movie!"
1945,2677,12,8,117,137,1.2335766423357664,0.05103351524493925,661,One...two...three...four......
1841,2677,9,14,114,137,1.2335766423357664,0.04777439750942048,661,"Don’t be grumpy. Those wheels will cut your work to home commute time in half. Heigh-ho, Heigh-ho!"
2615,2677,10,12,115,137,1.2335766423357664,0.04888491857765436,661,"Hi-Ho-Hi-Ho, it's off to Roller Derby we go."
2355,2677,9,14,114,137,1.2335766423357664,0.04777439750942048,661,"Listen, that Disney on Ice thing has totally run its course."
2643,2677,10,12,115,137,1.2335766423357664,0.04888491857765436,661,Now get your slippers and we'll go skiing
2724,2677,9,14,114,137,1.2335766423357664,0.04777439750942048,661,The Ed Sullivan Show presents Snow White and her Seven Dwarfs on roller skates.
3441,2677,8,16,113,137,1.2335766423357664,0.046637440436116846,661,Anyone hungry for some apples? I just got some from a nice granny.
3423,2677,10,12,115,137,1.2335766423357664,0.04888491857765436,661,Now I shall call each of you ‘Happy.’”
3418,2677,10,12,115,137,1.2335766423357664,0.04888491857765436,661,"Now, now, Grumpy, let inertia be your friend."
3397,2677,11,10,116,137,1.2335766423357664,0.0499707661668267,661,I just know you'l all be dwarf stars.
3510,2677,10,12,115,137,1.2335766423357664,0.04888491857765436,661,"Silly boys!  I said ""online"" sensation!"
3389,2677,10,12,115,137,1.2335766423357664,0.04888491857765436,661,Do you like them? They will make it easier in case you need to chase anyone.
2702,2677,11,10,116,137,1.2335766423357664,0.0499707661668267,661,We're all going to maury povich show
3386,2677,10,12,115,137,1.2335766423357664,0.04888491857765436,661,So this is how you're replacing the mine cart?
3110,2677,9,14,114,137,1.2335766423357664,0.04777439750942048,661,"But darlings, I dwarf you."
3099,2677,8,16,113,137,1.2335766423357664,0.046637440436116846,661,We can just be the Skating Eight; never again defined by our differences
3065,2677,11,10,116,137,1.2335766423357664,0.0499707661668267,661,Pay attention and you won't fall.
3038,2677,10,12,115,137,1.2335766423357664,0.04888491857765436,661,"I'd love to be the whip, and my roller derby name can be 'Fairest Makes Them Fall'.""
- Miriam Salzer, Pacifica, C"
2790,2677,11,10,116,137,1.2335766423357664,0.0499707661668267,661,Hi Ho! Hi Ho! It's of to play we go.
2738,2677,6,20,111,137,1.2335766423357664,0.044276025527601244,661,"Cute, but how many times have I told you that you can’t skake on snow."
3355,2677,10,12,115,137,1.2335766423357664,0.04888491857765436,661,"From here on out, you'll be known as the Seven Skating Dwarves."
1786,2677,11,10,116,137,1.2335766423357664,0.0499707661668267,661,"OKAY YOU ALL, WHICH ONE OF YOU IS MY FATHER?"
430,2677,10,12,115,137,1.2335766423357664,0.04888491857765436,661,"I'm SnowWhite, aren't you supposed to be 7 Knights or something like that?"
1753,2677,12,8,117,137,1.2335766423357664,0.05103351524493925,661,Will any of them finally make a move?
781,2677,9,14,114,137,1.2335766423357664,0.04777439750942048,661,Now lets pretend we're medieval fairy tale actors.
736,2677,6,20,111,137,1.2335766423357664,0.044276025527601244,661,Remember to wear a helmet unless you all want to be Dopey.
675,2677,12,8,117,137,1.2335766423357664,0.05103351524493925,661,"I'm Ice White. I'm better than that Snow White, eh ?"
659,2677,12,8,117,137,1.2335766423357664,0.05103351524493925,661,Where can I get some rollerskate so that  I  can join you?
623,2677,10,12,115,137,1.2335766423357664,0.04888491857765436,661,Good news!...I signed us up for a roller derby against Santa and his elves!
585,2677,12,8,117,137,1.2335766423357664,0.05103351524493925,661,I think my 'Skate to Sublimate' program is working!
857,2677,12,8,117,137,1.2335766423357664,0.05103351524493925,661,"Oh, ice skating on grass? Ok, I can take a break from work."
521,2677,9,14,114,137,1.2335766423357664,0.04777439750942048,661,"Okay, now everyone line up for our new streaming service."
496,2677,10,12,115,137,1.2335766423357664,0.04888491857765436,661,I knew you would be happy about opening the mine - the Trump tariffs have increased metal prices!
484,2677,11,10,116,137,1.2335766423357664,0.0499707661668267,661,"Heigh-Ho, Heigh-Ho.... it's off to twerk we go."
274,2677,13,6,118,137,1.2335766423357664,0.052074580029139186,661,First one to fall gets a bite of my apple!
92,2677,7,18,112,137,1.2335766423357664,0.045472064429455714,661,Grumpy no more.
79,2677,9,14,114,137,1.2335766423357664,0.04777439750942048,661,Is anyone missing a pair of size 12 skates?
26,2677,11,10,116,137,1.2335766423357664,0.0499707661668267,661,Guys! This doesn't seem like work to me.
497,2677,10,12,115,137,1.2335766423357664,0.04888491857765436,661,I love a fake nose skating party!
863,2677,10,12,115,137,1.2335766423357664,0.04888491857765436,661,Who's next?
1757,2677,11,10,116,137,1.2335766423357664,0.0499707661668267,661,Sleepy if you fall on anyone one more time your in big trouble!
1013,2677,12,8,117,137,1.2335766423357664,0.05103351524493925,661,"You're faster, three inches taller and still grumpy."
922,2677,12,8,117,137,1.2335766423357664,0.05103351524493925,661,"Wait, there’s only seven of you.  Where’s Crashy?"
1619,2677,10,12,115,137,1.2335766423357664,0.04888491857765436,661,"That's enough blading for today boys, let's all go back to sleep."
1588,2677,12,8,117,137,1.2335766423357664,0.05103351524493925,661,"Grumpy, the kids' skates were the only ones that fit."
1544,2677,10,12,115,137,1.2335766423357664,0.04888491857765436,661,Who wants to get squeezed first?
1528,2677,11,10,116,137,1.2335766423357664,0.0499707661668267,661,"Good thinking! I thought you would get out those ludicrous long bows when I said, 'storm the castle.'"
1494,2677,11,10,116,137,1.2335766423357664,0.0499707661668267,661,"Heigh, ho! Who is the next candidate for President?"
1475,2677,8,16,113,137,1.2335766423357664,0.046637440436116846,661,Hey boys ... ready for the little people roller derby?
1466,2677,10,12,115,137,1.2335766423357664,0.04888491857765436,661,"Welcome to Sarah Lawrence, my name is Larry Ray, Talia’s daddy, and I’ll be sleeping in your bedroom."
1430,2677,9,14,114,137,1.2335766423357664,0.04777439750942048,661,Bob Iger said for the live-action version we gotta make it jazzier than last time.
1353,2677,11,10,116,137,1.2335766423357664,0.0499707661668267,661,Are you ready? Midget Roller Derby! Make TV Great Again!
1352,2677,9,14,114,137,1.2335766423357664,0.04777439750942048,661,Dwarfing the computing that’s our goal.
1328,2677,11,10,116,137,1.2335766423357664,0.0499707661668267,661,"OK, we've got a Derby team!  Our name will be 'Snow White-Fright and the seven nut-punchin' dwarves."
1159,2677,11,10,116,137,1.2335766423357664,0.0499707661668267,661,I said it was snow. Don't rub it in.
1148,2677,11,10,116,137,1.2335766423357664,0.0499707661668267,661,Such a nice day to come out and roller skate on the Evil Queen's grave.
1014,2677,11,10,116,137,1.2335766423357664,0.0499707661668267,661,Who wants to join my tiny wheels team?
145,2747,12,11,129,152,1.230263157894737,0.047111026595079514,661,The Evil Queen has a Segway so you better skate fast to chase her down!
3331,2748,11,9,115,135,1.2296296296296296,0.05036158997383002,661,"Heigh-Hos, Heigh-Hos, there's a reason we have the same nose."
2866,2748,11,9,115,135,1.2296296296296296,0.05036158997383002,661,This is more inline with a 21st century fairytale.
2871,2748,9,13,113,135,1.2296296296296296,0.04811624575613822,661,This will help with our scene transitions.
731,2751,12,10,127,149,1.2281879194630871,0.04773179703821094,661,motorboat me with your dick nose
2476,2752,8,14,110,132,1.2272727272727273,0.04760139486721281,661,"The Roller Dwarfs ... what ya think? It sounds better than the Wicked Witchettes, no?"
2396,2752,11,8,113,132,1.2272727272727273,0.051116279758175974,661,Snow White and her skating scavengers seeking solace in the snow!
2381,2752,8,14,110,132,1.2272727272727273,0.04760139486721281,661,"Ah, come on Grumpy...you always get so short-tempered when it's time for your bath."
2370,2752,8,14,110,132,1.2272727272727273,0.04760139486721281,661,"Why Grumpy, that kiss jumpstarted everyone."
2170,2752,10,10,112,132,1.2272727272727273,0.04997212858496402,661,Do you lads know where I can find a honey crisp apple?
2011,2752,12,6,114,132,1.2272727272727273,0.05223537572680073,661,"Rolly, Skatey, Wheely, Spinny, Perambulatory, Flash! Has anyone seen Doc?"
1998,2752,10,10,112,132,1.2272727272727273,0.04997212858496402,661,"Oh, my!  This is exactly what a Figure 8 looked like in my dreams!"
1959,2752,10,10,112,132,1.2272727272727273,0.04997212858496402,661,(Alt. Grimm) Schnoz Weiss und ihr sieben onkel dwarfen.
1775,2752,13,4,115,132,1.2272727272727273,0.053330993787140096,661,"Ring around a rosie. . . . . . .
Asses, Asses, we all fall down"
1682,2752,8,14,110,132,1.2272727272727273,0.04760139486721281,661,"The mirror likes me, it really, really likes me!"
1637,2752,9,12,111,132,1.2272727272727273,0.048801159968880306,661,"I'd always wondered who the dwarves in fantasy tales had sex with, since I'd never seen a female dwarf in any story. Then I saw the roller blades here and it all made sense."
1604,2752,10,10,112,132,1.2272727272727273,0.04997212858496402,661,I feel like Beth Lawler!  Head and shoulders above the rest of the contestants!
1565,2752,10,10,112,132,1.2272727272727273,0.04997212858496402,661,"The Princess has no Prince, and no skates!"
1866,2752,8,14,110,132,1.2272727272727273,0.04760139486721281,661,Which one of you gave me this nose?
2495,2752,11,8,113,132,1.2272727272727273,0.051116279758175974,661,"Clap clap clap clap your hands
Slide to the left
Slide to the right
Take it back now y'all
One hop this time
Right foot let's stomp
Left foot let's stomp
Cha cha real smooth...""
*lyrics by DJ Casper"
3052,2752,7,16,109,132,1.2272727272727273,0.0463705981447337,661,It’s a Roller Dwarfy!”
2641,2752,9,12,111,132,1.2272727272727273,0.048801159968880306,661,Can you whistle while you work?
3547,2752,10,10,112,132,1.2272727272727273,0.04997212858496402,661,"Heigh-Ho, Heigh-Ho it's to ""Disney on Ice"" we shall go."
3317,2752,9,12,111,132,1.2272727272727273,0.048801159968880306,661,See they made you three inches taller.
3263,2752,9,12,111,132,1.2272727272727273,0.048801159968880306,661,Trust me—there's a reason it's not called 'height dating'!
3248,2752,10,10,112,132,1.2272727272727273,0.04997212858496402,661,Imma gonna getcha!”
3120,2752,10,10,112,132,1.2272727272727273,0.04997212858496402,661,"Rethinking history: ""Grumpy, you weren't born that way, your skates are too tight!"""
1548,2752,8,14,110,132,1.2272727272727273,0.04760139486721281,661,Snow White and the Seven Dwarfs... on ice!
2578,2752,10,10,112,132,1.2272727272727273,0.04997212858496402,661,After this I will teach you the wonders of ice skating on concrete!
2950,2752,10,10,112,132,1.2272727272727273,0.04997212858496402,661,"Oh, Grumpy, think how much faster you can get through ""High Ho'!"
2894,2752,9,12,111,132,1.2272727272727273,0.048801159968880306,661,Rolling round and round. Don't you all get kinda Dizzilylandish?
2827,2752,11,8,113,132,1.2272727272727273,0.051116279758175974,661,You're nothing like your cousins.
2811,2752,12,6,114,132,1.2272727272727273,0.05223537572680073,661,"You guys are charming, but I don't know if you are Prince Charming charming. Maybe try, ""Shooting the Duck?"""
2745,2752,11,8,113,132,1.2272727272727273,0.051116279758175974,661,"For this derby we're gonna need the help of Snitty, my dearies."
2695,2752,8,14,110,132,1.2272727272727273,0.04760139486721281,661,"Oh no, it just says ""Adoption Center"", It's really an ice cream store."
2670,2752,10,10,112,132,1.2272727272727273,0.04997212858496402,661,It's similar to KETO but works in reverse!
2918,2752,11,8,113,132,1.2272727272727273,0.051116279758175974,661,"C'mon Grumpy... yeah you had to tatoo his name on your butt, but the kingdom got a rink!"
1504,2752,9,12,111,132,1.2272727272727273,0.048801159968880306,661,"I'm in a less diverse version of an Enid Blyton story, in the one time that I don't actually want to be here."
1598,2752,7,16,109,132,1.2272727272727273,0.0463705981447337,661,Who says you guys are Grimm?
1467,2752,11,8,113,132,1.2272727272727273,0.051116279758175974,661,What in hell happened to number 7?
753,2752,11,8,113,132,1.2272727272727273,0.051116279758175974,661,See? Deforestation can be  a fun economic opportunity!
748,2752,10,10,112,132,1.2272727272727273,0.04997212858496402,661,Snow white and the Seven Derby Dwarves
718,2752,9,12,111,132,1.2272727272727273,0.048801159968880306,661,"I know it's lots of fun,but my insurance won't cover a damn thing if you break leg or even a toe!"
713,2752,8,14,110,132,1.2272727272727273,0.04760139486721281,661,I need some diversity in my life!
643,2752,9,12,111,132,1.2272727272727273,0.048801159968880306,661,"You boys can try all you want...but we aren't changing any of your names to ""Speedy""."
627,2752,12,6,114,132,1.2272727272727273,0.05223537572680073,661,"Yes, now go, roller skate, tell the world, I'm available!"
754,2752,8,14,110,132,1.2272727272727273,0.04760139486721281,661,Memo to Employees: Skate don't whistle while you work!
613,2752,7,16,109,132,1.2272727272727273,0.0463705981447337,661,Yes! I'll buy all of us a nose job!
406,2752,10,10,112,132,1.2272727272727273,0.04997212858496402,661,"It'll be great. With the skates, now you can be your own bosses."
382,2752,9,12,111,132,1.2272727272727273,0.048801159968880306,661,I'm not a Dwarfist! Some of my best friends are dwarfs.
376,2752,7,16,109,132,1.2272727272727273,0.0463705981447337,661,"""Just remember, guys.  No mention of the brand 'Snow White"" is too small."
1502,2752,9,12,111,132,1.2272727272727273,0.048801159968880306,661,"I recently met seven other dwarves, but only one of them was Dopey!"
159,2752,11,8,113,132,1.2272727272727273,0.051116279758175974,661,"Great response time, guys! Now let's try it without skates and with a REAL apple."
158,2752,9,12,111,132,1.2272727272727273,0.048801159968880306,661,Do you watch Game of Thrones?
606,2752,7,16,109,132,1.2272727272727273,0.0463705981447337,661,Let's hurry...each of you count as a vote on the election!
806,2752,9,12,111,132,1.2272727272727273,0.048801159968880306,661,"Now all you little Demies skate and play nice with each other, until Nancy decides how to start cutting heads."
288,2752,9,12,111,132,1.2272727272727273,0.048801159968880306,661,Little did they know... they had changed the mining game forever.
822,2752,12,6,114,132,1.2272727272727273,0.05223537572680073,661,Seriously? You haven't seen Breaking Bad? Bashful you gotta check it out!
819,2752,7,16,109,132,1.2272727272727273,0.0463705981447337,661,Good news!!  We've been accepted as an event in the X - Games!
1441,2752,9,12,111,132,1.2272727272727273,0.048801159968880306,661,You're too cute when you're angry at Victoria.
1400,2752,9,12,111,132,1.2272727272727273,0.048801159968880306,661,"Aw, Grumpy!
Don't be like that!"
1390,2752,9,12,111,132,1.2272727272727273,0.048801159968880306,661,"Silly dwarfs, it's whistle while you work."
1243,2752,11,8,113,132,1.2272727272727273,0.051116279758175974,661,"Come on, bros, whistle while
you play!!!"
1199,2752,11,8,113,132,1.2272727272727273,0.051116279758175974,661,We love our rhinoplasty doc.
1173,2752,9,12,111,132,1.2272727272727273,0.048801159968880306,661,Snow White devises plans to open a 50's-style mining company.
1401,2752,8,14,110,132,1.2272727272727273,0.04760139486721281,661,Stop rollerblading - I'll suck the dick of the next dwarf that walks me to the diamond mines!
1054,2752,12,6,114,132,1.2272727272727273,0.05223537572680073,661,Has anybody seen Sleepy's crash helmet?
957,2752,9,12,111,132,1.2272727272727273,0.048801159968880306,661,"What? No. ""Poison apples."" Why would I have said ""boys in Axels""?!"
917,2752,13,4,115,132,1.2272727272727273,0.053330993787140096,661,"Then stop whistling, and be mindful of your play."
911,2752,7,16,109,132,1.2272727272727273,0.0463705981447337,661,"You know what really turns me on? That 'hard to get' act of yours."""
882,2752,8,14,110,132,1.2272727272727273,0.04760139486721281,661,"Next, Lord Disney wants you to ice skate!"
1079,2752,8,14,110,132,1.2272727272727273,0.04760139486721281,661,"Oh hey, we may be down to just 6!!!"
878,2752,8,14,110,132,1.2272727272727273,0.04760139486721281,661,Children of the Nose
2785,2820,11,9,117,137,1.2262773722627738,0.049679847425530846,661,"From now on, we'll be called 
""Snow White and the Rolling Dwarves."""
2741,2820,10,11,116,137,1.2262773722627738,0.04858749873443013,661,"Heigh Ho, Heigh Ho!  
It's off to work we go!
 Just follow Betsy to the schools, 
make the teachers look like fools
and public schools eat crow!"
2633,2820,9,13,115,137,1.2262773722627738,0.04747002028978368,661,Princess Snow White and her seven-hundred acres of private land.
2625,2820,9,13,115,137,1.2262773722627738,0.04747002028978368,661,Our story needs a more P.C. title.
2618,2820,9,13,115,137,1.2262773722627738,0.04747002028978368,661,Who wants to make a TikTok?
2267,2820,11,9,117,137,1.2262773722627738,0.049679847425530846,661,When you are on summer break but still have to go to practice to learn the dance for your best friend's Quinceañera.
2308,2820,9,13,115,137,1.2262773722627738,0.04747002028978368,661,"Great news, Broadway called. They love your idea of Dwarfs on Skates. They just want to know if you'll do the show naked."
2147,2820,10,11,116,137,1.2262773722627738,0.04858749873443013,661,"Snow way, man."
2125,2820,12,7,118,137,1.2262773722627738,0.05074868911784618,661,Good news! We got awarded the Bronx Roller derby franchise named AOC and the Seven Little Pelosies.
2798,2820,10,11,116,137,1.2262773722627738,0.04858749873443013,661,"Okay, the first rule of Roller Derby is when someone says, 'I'm not feeling this,' we all have to stop.'"
2116,2820,8,15,114,137,1.2262773722627738,0.04632559356723558,661,"Perfect, boys.  We're sure to get a Disney contract now."
2460,2820,10,11,116,137,1.2262773722627738,0.04858749873443013,661,WHO WANTS A TICKLE?
2902,2820,11,9,117,137,1.2262773722627738,0.049679847425530846,661,So we all agree.....trump is going to skate.
3148,2820,8,15,114,137,1.2262773722627738,0.04632559356723558,661,"Hi ho!  Hi ho!  
Now skate to work!
Let's go!"
2995,2820,8,15,114,137,1.2262773722627738,0.04632559356723558,661,I knew you would have loved the Roller Dwarfy
3014,2820,11,9,117,137,1.2262773722627738,0.049679847425530846,661,"It's okay, Grumpy; 'Snow White way to roller skate!"
3029,2820,11,9,117,137,1.2262773722627738,0.049679847425530846,661,"All together guys, No-one knows like the nose knows."
3031,2820,10,11,116,137,1.2262773722627738,0.04858749873443013,661,"But, I thought it was you!"
3082,2820,11,9,117,137,1.2262773722627738,0.049679847425530846,661,All of that strength conditioning worked!
3144,2820,9,13,115,137,1.2262773722627738,0.04747002028978368,661,"I just thought of a name for out roller derby team, how about 'Eight is Enough'?"
3203,2820,9,13,115,137,1.2262773722627738,0.04747002028978368,661,Let’s play slipping booty again!
3344,2820,10,11,116,137,1.2262773722627738,0.04858749873443013,661,You'll be ready to work at Sonic in no time!
3392,2820,10,11,116,137,1.2262773722627738,0.04858749873443013,661,"Now,now boys - let's all get IN LINE"
3398,2820,9,13,115,137,1.2262773722627738,0.04747002028978368,661,I’m afraid there’s been a disqualification.   Grumpy is the winner of the Derby.
3462,2820,9,13,115,137,1.2262773722627738,0.04747002028978368,661,"I said on ""Ho""
you put your hands out."
3511,2820,9,13,115,137,1.2262773722627738,0.04747002028978368,661,The fish I caught was this big. How big were yours?
1895,2820,10,11,116,137,1.2262773722627738,0.04858749873443013,661,"It took new roller blades to wake you up, Sleepy!?"
2925,2820,10,11,116,137,1.2262773722627738,0.04858749873443013,661,We’re on Britain’s Got Talent Thea weekend.  I think we’re going to win!
1808,2820,9,13,115,137,1.2262773722627738,0.04747002028978368,661,So... We trade in the mine for a roller rink...
1677,2820,9,13,115,137,1.2262773722627738,0.04747002028978368,661,They'll do until the tandem bike arrives.
379,2820,10,11,116,137,1.2262773722627738,0.04858749873443013,661,No ice skates in your size. Sorry!
1702,2820,10,11,116,137,1.2262773722627738,0.04858749873443013,661,"Go have fun, just watch out for Sleepy and Dopey."
103,2820,12,7,118,137,1.2262773722627738,0.05074868911784618,661,"C’mon, Grumpy, smile!"
120,2820,11,9,117,137,1.2262773722627738,0.049679847425530846,661,If I had a pair of those the wicked old witch would never catch me.
301,2820,8,15,114,137,1.2262773722627738,0.04632559356723558,661,"¡And instead of an apple, the witch gave a cool watch this huge!"
472,2820,8,15,114,137,1.2262773722627738,0.04632559356723558,661,"I’m sorry, I meant to say ‘ ... you skaters of short stature’."
525,2820,10,11,116,137,1.2262773722627738,0.04858749873443013,661,"I thought this would make you happy, Grumpy."
527,2820,11,9,117,137,1.2262773722627738,0.049679847425530846,661,"Disney wanted you to dance, but roller skating looks more fun."
530,2820,11,9,117,137,1.2262773722627738,0.049679847425530846,661,Time to grab your picks and shovels . It's off to work you go!
666,2820,10,11,116,137,1.2262773722627738,0.04858749873443013,661,"Happy, Happy, Happy, Happy, Happy, Happy and you too Happy, let's go!"
983,2820,11,9,117,137,1.2262773722627738,0.049679847425530846,661,"Those are not spirit fingers, THESE are spirit fingers!""
Sajda Waite- NYC
sajda3@gmail.co"
1027,2820,10,11,116,137,1.2262773722627738,0.04858749873443013,661,Poisoned apples ARE a good source of energy!
1037,2820,10,11,116,137,1.2262773722627738,0.04858749873443013,661,How’s free college tuition sound to you little guys!
1136,2820,9,13,115,137,1.2262773722627738,0.04747002028978368,661,"Hi ho, hi ho, with rollerblades we go..."
711,2820,11,9,117,137,1.2262773722627738,0.049679847425530846,661,"Now where IS that magic mirror?”  
Jacqueline Moran, Canad"
1178,2820,10,11,116,137,1.2262773722627738,0.04858749873443013,661,That mirror is all about flattery.
1657,2820,11,9,117,137,1.2262773722627738,0.049679847425530846,661,I don't think this is going to work out. You guys are just too predictable.
1625,2820,10,11,116,137,1.2262773722627738,0.04858749873443013,661,I just know you'll win the roller rink limbo competition. I know because I gave the rest of that poison apple to your cross-town rivals.
1580,2820,11,9,117,137,1.2262773722627738,0.049679847425530846,661,It was a magical trip to Central Park indeed.
1146,2820,9,13,115,137,1.2262773722627738,0.04747002028978368,661,"Street skating is cool, unfortunately, I wore my parkour shoes today."
1392,2820,10,11,116,137,1.2262773722627738,0.04858749873443013,661,yeet
1280,2820,11,9,117,137,1.2262773722627738,0.049679847425530846,661,"There's my boy Donald, and my other boy Donald and my other boy Donald and my other boy Donald and my other boy Donald and my other boy Donald and my other boy Donald! But don't ask me who's your daddy, now.  My nose is already too longer than his..."
1461,2820,8,15,114,137,1.2262773722627738,0.04632559356723558,661,Today the Smurfs; Tomorrow the Munchkins!
1261,2820,9,13,115,137,1.2262773722627738,0.04747002028978368,661,"Isn't technology wonderful; battery powered ""Dwarves""!"
1259,2820,9,13,115,137,1.2262773722627738,0.04747002028978368,661,"Okay,you can call your team the  Snow White-Outs..."
1223,2820,9,13,115,137,1.2262773722627738,0.04747002028978368,661,Play to win
1194,2820,10,11,116,137,1.2262773722627738,0.04858749873443013,661,"i told this would not be ""boring as hell"""
1267,2820,9,13,115,137,1.2262773722627738,0.04747002028978368,661,"Yes! You can all be ""Roll-y""!"
2025,2878,10,9,111,130,1.2230769230769232,0.05035992649150246,661,"Doc, you're a genius -- Grumpy's over the bump, Dopey's on the slope, and Sleepy's leaping."
2590,2878,10,9,111,130,1.2230769230769232,0.05035992649150246,661,Don't forget your shoes. No skating in the mine.
2047,2878,9,11,110,130,1.2230769230769232,0.049161586750761696,661,"Snow White and the Seven Little People.""  Produced by Mark Burnett, Mondays at 9pm."
2081,2878,10,9,111,130,1.2230769230769232,0.05035992649150246,661,Where's Shy?
2107,2878,8,13,109,130,1.2230769230769232,0.04793329769039268,661,"If one more twerp calls me,'Princes Olive Oil,'you're all going down."
2160,2878,12,5,113,130,1.2230769230769232,0.05267488362572108,661,I should rename you all Rollie.
2351,2878,9,11,110,130,1.2230769230769232,0.049161586750761696,661,Don't we already have roller derby names?
2560,2878,4,21,105,130,1.2230769230769232,0.04266800546039562,661,"No ,no ! I said Snow White on ice"
2674,2878,10,9,111,130,1.2230769230769232,0.05035992649150246,661,Has anyone seen Cliff?
2249,2878,8,13,109,130,1.2230769230769232,0.04793329769039268,661,Let's head to the rink. We're a sure bet to win the Limbo competition!
2722,2878,9,11,110,130,1.2230769230769232,0.049161586750761696,661,"Skate if you want, but whistling kept our noses smaller."
2727,2878,9,11,110,130,1.2230769230769232,0.049161586750761696,661,"Oh, I'm so glad you like them! I got them on discount they said winter was coming..."
2845,2878,9,11,110,130,1.2230769230769232,0.049161586750761696,661,"We told you Snowy,...
Skaters gonna skate!
See me rollin!"
3134,2878,7,15,108,130,1.2230769230769232,0.04667269483433478,661,Susan still thinks I hangout with leprechauns...
3174,2878,10,9,111,130,1.2230769230769232,0.05035992649150246,661,Dig ! fuckers.
3301,2878,9,11,110,130,1.2230769230769232,0.049161586750761696,661,Snack time! Apples from the queen.
3409,2878,10,9,111,130,1.2230769230769232,0.05035992649150246,661,Great roller derby costumes.
3411,2878,10,9,111,130,1.2230769230769232,0.05035992649150246,661,So many men...and all for me.
1918,2878,10,9,111,130,1.2230769230769232,0.05035992649150246,661,Off you go then.
2693,2878,9,11,110,130,1.2230769230769232,0.049161586750761696,661,"I didn’t ask for complete crap, I asked for complete turns!"
1888,2878,8,13,109,130,1.2230769230769232,0.04793329769039268,661,"If they're going to discriminate, to hell with the Ice Capedes."
1731,2878,10,9,111,130,1.2230769230769232,0.05035992649150246,661,"Bounce, Rock, Skate, Roll"
1781,2878,7,15,108,130,1.2230769230769232,0.04667269483433478,661,You cheerful Little People skating must not mistake motion for action.
1828,2878,9,11,110,130,1.2230769230769232,0.049161586750761696,661,"TINKER, TAILOR, SOLDIER, SAILOR............."
76,2878,7,15,108,130,1.2230769230769232,0.04667269483433478,661,Where the hell is Grumpy?
268,2878,9,11,110,130,1.2230769230769232,0.049161586750761696,661,"After you fellas are finished up here, let's go buy some apples from that sweet old peddler I saw down by our cottage."
271,2878,10,9,111,130,1.2230769230769232,0.05035992649150246,661,Careful. This story has holes.
358,2878,7,15,108,130,1.2230769230769232,0.04667269483433478,661,Feels like I'm getting mixed reactions to the gift I got you guys.
410,2878,11,7,112,130,1.2230769230769232,0.05153040636950571,661,hey are you holding?
450,2878,8,13,109,130,1.2230769230769232,0.04793329769039268,661,"Nice form, Grumpy!"
535,2878,9,11,110,130,1.2230769230769232,0.049161586750761696,661,"I don't think there's a market for Disney on Ice, so we're going with Disney on rollerblades."
871,2878,8,13,109,130,1.2230769230769232,0.04793329769039268,661,Is that seven teeny-weenies I see or are you just happy to see me?
431,2878,10,9,111,130,1.2230769230769232,0.05035992649150246,661,And now I'll teach you in-line skating with jazz hands
1157,2878,9,11,110,130,1.2230769230769232,0.049161586750761696,661,"So, I have: DocDanger, CreepySleepy, Bashin'Bashful, GrindingGrumpy, Not-So-Happy, and Rope-A-Dopey. As soon as Squeezin'Sneezin gets here, we're off to the rink!"
1175,2878,10,9,111,130,1.2230769230769232,0.05035992649150246,661,"Remember boys, when you roll into the palace, you must bow to the King.  Then pull the cord on your vests."
1227,2878,8,13,109,130,1.2230769230769232,0.04793329769039268,661,Let's play together let's play nock nock
1311,2878,7,15,108,130,1.2230769230769232,0.04667269483433478,661,"The all-powerful’s day at the office...  Dopey, Drippy, Snotty, Sneezey....? Nope. Sloppy, Floppy, Flitey, Bumpy...? Nope. Trumpy, Trumpy, Trumpy, Trumpy! Got it!"
1482,2878,12,5,113,130,1.2230769230769232,0.05267488362572108,661,Just pretend we're not grim.
1568,2878,8,13,109,130,1.2230769230769232,0.04793329769039268,661,"Hi ho, hi ho it's off to the rink we go!"
1665,2878,10,9,111,130,1.2230769230769232,0.05035992649150246,661,So it was always ‘Whistle while you roll’”
1056,2878,9,11,110,130,1.2230769230769232,0.049161586750761696,661,Try grumbling while you play.
1737,2878,10,9,111,130,1.2230769230769232,0.05035992649150246,661,"We'll call our team ""Badazz Apples"""
2317,2920,9,10,108,127,1.220472440944882,0.049888496876348006,661,Global warming does have its upside.
2335,2920,8,12,107,127,1.220472440944882,0.048619725869532664,661,"Okay, so the Queen has a faulty mirror."
2401,2920,9,10,108,127,1.220472440944882,0.049888496876348006,661,"Now, which one of you is going to take me home?"
2517,2920,9,10,108,127,1.220472440944882,0.049888496876348006,661,Can't skate around the issue: you're grumpy!
2481,2920,10,8,109,127,1.220472440944882,0.05112579092331253,661,Everyone warm up for our Disney on Skates audition.
2498,2920,8,12,107,127,1.220472440944882,0.048619725869532664,661,"Well, yes, they do use BIG sticks in ice hockey."
2298,2920,10,8,109,127,1.220472440944882,0.05112579092331253,661,"Well, if he’s not the Prince of Disco, who needs him?"
2406,2920,8,12,107,127,1.220472440944882,0.048619725869532664,661,"Hurry, hurry, we must update our
 work permits right away. 
The PC Kingdom has renamed us, 
Snow Beige and the Seven Little People.”
(Chorus)
Hi ho, hi ho it’s off to work we go........
(Fade to beige"
2215,2920,9,10,108,127,1.220472440944882,0.049888496876348006,661,Snow way am I getting on those skates!
1695,2920,11,6,110,127,1.220472440944882,0.05233384062427624,661,And how could I forget Rollie?
2100,2920,9,10,108,127,1.220472440944882,0.049888496876348006,661,¨I thought this was an uber not a lyft¨
1906,2920,11,6,110,127,1.220472440944882,0.05233384062427624,661,"You're the Fairest of Them All, so you'll have to referee."
1904,2920,8,12,107,127,1.220472440944882,0.048619725869532664,661,"Snow White and the Seven Xanadudes, by the Brothers Gibb"
1901,2920,10,8,109,127,1.220472440944882,0.05112579092331253,661,Who taught you to rollerblade?
1883,2920,9,10,108,127,1.220472440944882,0.049888496876348006,661,The Queen is not jealous of the Roller Derby Snow White.
1854,2920,11,6,110,127,1.220472440944882,0.05233384062427624,661,"You guys are so talented, you can sing and skate at the same time!"
1750,2920,11,6,110,127,1.220472440944882,0.05233384062427624,661,"Fun, right? Wait until you hear about Portland Cement."
1714,2920,12,4,111,127,1.220472440944882,0.053514626518738104,661,We're totally ready for the 2022 Winter Olympics!
2575,2920,5,18,104,127,1.220472440944882,0.04459736105163467,661,Little does Snow White know the Seven Dwarves are recruiting her for their new roller derby team.
2182,2920,9,10,108,127,1.220472440944882,0.049888496876348006,661,"I grabbed it, when the Prince slipped it off of her."
2612,2920,9,10,108,127,1.220472440944882,0.049888496876348006,661,We'll be the best fantasy roller derby team yet
1685,2920,8,12,107,127,1.220472440944882,0.048619725869532664,661,"After this, let's go apple picking!"
2708,2920,11,6,110,127,1.220472440944882,0.05233384062427624,661,"Now remember boys, skates off at the door. We wouldn't want you scuffing up the dirt floor!"
3528,2920,7,14,106,127,1.220472440944882,0.04731694587223084,661,"Another birthday, huh? And the skating rink rather than that tired old bouncy castle ... good call."
3479,2920,9,10,108,127,1.220472440944882,0.049888496876348006,661,"And if 'on ice' goes well, we might get 'live action'!"
3410,2920,10,8,109,127,1.220472440944882,0.05112579092331253,661,"It’s not the whistling while you work, I just don’t like your friends."
3356,2920,8,12,107,127,1.220472440944882,0.048619725869532664,661,But I thought there were seven of you.
3328,2920,8,12,107,127,1.220472440944882,0.048619725869532664,661,"No more ""Hi Ho and off to work you go."" You boys can skate with me for a living."
3310,2920,8,12,107,127,1.220472440944882,0.048619725869532664,661,I guess Grumpy didn't have his vape today.
3292,2920,10,8,109,127,1.220472440944882,0.05112579092331253,661,Just for a change of pace let’s go to the cliffs over there and watch the sun set.
3217,2920,11,6,110,127,1.220472440944882,0.05233384062427624,661,I hear the front of the line calling at Studio 54.
3213,2920,9,10,108,127,1.220472440944882,0.049888496876348006,661,"Seriously, guys! Why hasn’t the psychoanalytic world addressed the role and difficulties of stepparents in our society when almost half of our children now come from divorced families?"
3208,2920,7,14,106,127,1.220472440944882,0.04731694587223084,661,"Hmmm, what could go wrong?"
3076,2920,8,12,107,127,1.220472440944882,0.048619725869532664,661,"No More Whistle, No More Work, Just
Hum a Merry Tune"
3538,2920,9,10,108,127,1.220472440944882,0.049888496876348006,661,"No, I don’t see a family resemblance."
3045,2920,8,12,107,127,1.220472440944882,0.048619725869532664,661,You little dears constantly amaze me. How can you do that on bare ground and not topple over?
3039,2920,7,14,106,127,1.220472440944882,0.04731694587223084,661,"Snow White, we can put balls on your feet. too !"
2987,2920,7,14,106,127,1.220472440944882,0.04731694587223084,661,"Come on, vogue.  Let your body move to the music."
2963,2920,9,10,108,127,1.220472440944882,0.049888496876348006,661,"Hey Sleepy, get over here, you might fall... asleep!"
2958,2920,9,10,108,127,1.220472440944882,0.049888496876348006,661,I have to go get saved by the prince but I’ll teach you to ice skate later.
2927,2920,9,10,108,127,1.220472440944882,0.049888496876348006,661,'I'm glad to see you all have learned to master skate'
2733,2920,8,12,107,127,1.220472440944882,0.048619725869532664,661,"Come on Dopey....try to remember.  The skate key, the skate key?"
2663,2920,11,6,110,127,1.220472440944882,0.05233384062427624,661,I just love playing with all seven of you roller-dwarves!
1645,2920,6,16,105,127,1.220472440944882,0.04597726600965679,661,Snow White and the Seven Dweebs.
495,2920,8,12,107,127,1.220472440944882,0.048619725869532664,661,"''Seriously, dwarf roller derby is huge!'"
1490,2920,10,8,109,127,1.220472440944882,0.05112579092331253,661,When you live like this you’re supposed to party.
690,2920,11,6,110,127,1.220472440944882,0.05233384062427624,661,Such a fun group of  little protectors!
683,2920,11,6,110,127,1.220472440944882,0.05233384062427624,661,Roller Derby's not until 9:00 p.m.!
670,2920,9,10,108,127,1.220472440944882,0.049888496876348006,661,Who's ready for our annual Roller Derby Death Match against the Smurfs?
605,2920,6,16,105,127,1.220472440944882,0.04597726600965679,661,"Grumpy, stop having so much fun. It doesn’t suit you."
600,2920,11,6,110,127,1.220472440944882,0.05233384062427624,661,"Hi ho, hi ho..you guys are great on snow!"
546,2920,10,8,109,127,1.220472440944882,0.05112579092331253,661,Hi-ho! Hi-ho! It's off to work you don't go!
532,2920,10,8,109,127,1.220472440944882,0.05112579092331253,661,Don’t skate around the fact that I’m not as pretty as Snow White!
529,2920,8,12,107,127,1.220472440944882,0.048619725869532664,661,"See, there are better things than the $15/hr. Minimum wage that you requested!"
490,2920,10,8,109,127,1.220472440944882,0.05112579092331253,661,I'm really happy you're getting some fresh air!
489,2920,8,12,107,127,1.220472440944882,0.048619725869532664,661,I just love Venice Beach!
483,2920,8,12,107,127,1.220472440944882,0.048619725869532664,661,Keep it going everybody! I promised myself I’d get all of you on ‘Dancing With the Stars’ if I ever woke up.
475,2920,12,4,111,127,1.220472440944882,0.053514626518738104,661,Heigh-ho! Heigh-ho! To the roller derby you go!
388,2920,9,10,108,127,1.220472440944882,0.049888496876348006,661,I know a roller disco that serves some killer apples!
383,2920,7,14,106,127,1.220472440944882,0.04731694587223084,661,"OK, but ALL of you can't change your name to Blades."
260,2920,10,8,109,127,1.220472440944882,0.05112579092331253,661,"OK, now let's try uphill!"
226,2920,10,8,109,127,1.220472440944882,0.05112579092331253,661,"Hi, Ho, guys!  Do all of you think that I'm still "" the fairest of them all? """
143,2920,11,6,110,127,1.220472440944882,0.05233384062427624,661,Roller-derby this year is getting poisonous
100,2920,9,10,108,127,1.220472440944882,0.049888496876348006,661,"So tell me, who's the raddest one of all?"
1640,2920,8,12,107,127,1.220472440944882,0.048619725869532664,661,"Okay guys, you remember this one, ""hi ho, hi ho,"" it's off to work..."
735,2920,7,14,106,127,1.220472440944882,0.04731694587223084,661,All right! It's settled; you're all going to become truck drivers!
818,2920,8,12,107,127,1.220472440944882,0.048619725869532664,661,"Would you rather go back to the tossing game, Grumpy?"
197,2920,7,14,106,127,1.220472440944882,0.04731694587223084,661,"Grumpy, just try and enjoy your day off."
909,2920,8,12,107,127,1.220472440944882,0.048619725869532664,661,"Forget about mining, guys. Roller Derby here we come!"
820,2920,10,8,109,127,1.220472440944882,0.05112579092331253,661,Play nice you guys have
1476,2920,9,10,108,127,1.220472440944882,0.049888496876348006,661,I wish I learned to skate!
1474,2920,10,8,109,127,1.220472440944882,0.05112579092331253,661,"My last night at the castle. 
Excited to share my new line of skates. #SK8"
1469,2920,9,10,108,127,1.220472440944882,0.049888496876348006,661,"Seven dwarfs really can’t be too productive mining diamonds. These help, though."
1454,2920,7,14,106,127,1.220472440944882,0.04731694587223084,661,"I’m a tall princess, and you’re not."
1449,2920,9,10,108,127,1.220472440944882,0.049888496876348006,661,"""Heigh-Ho, Heigh-Ho it's off to roller disco we go!"""
1448,2920,10,8,109,127,1.220472440944882,0.05112579092331253,661,Why do you think I'm lying about loving to watch your skating? Endlessly.
1426,2920,7,14,106,127,1.220472440944882,0.04731694587223084,661,Good news guys. Hurry up and get changed. We’ve booked the Ice Capades.
1367,2920,8,12,107,127,1.220472440944882,0.048619725869532664,661,I think we might be related. We have the same nose.
1485,2920,8,12,107,127,1.220472440944882,0.048619725869532664,661,"Who’s been telling fibs?  Oh, wait. Wrong fairy tale!"
1217,2920,8,12,107,127,1.220472440944882,0.048619725869532664,661,Too bad Shlumpy fell down and his his head
1309,2920,9,10,108,127,1.220472440944882,0.049888496876348006,661,OK........which one of you here are Happy?
1004,2920,10,8,109,127,1.220472440944882,0.05112579092331253,661,Mr. Iger thinks the Xanadu reboot has real franchise potential.
1084,2920,10,8,109,127,1.220472440944882,0.05112579092331253,661,You little rascals! How did you ever manage to swipe those skates?
953,2920,11,6,110,127,1.220472440944882,0.05233384062427624,661,I can't believe Jeff's dick fell right into a National Enquirer honeypot. Spending 35 billion on the weirdest shit I can think of is THE BEST.
1182,2920,11,6,110,127,1.220472440944882,0.05233384062427624,661,Your service is positively streaming!
1184,2920,9,10,108,127,1.220472440944882,0.049888496876348006,661,"Thanks for the tip, Grumpy, that strange, old woman *does* have a magic apple!"
1196,2920,9,10,108,127,1.220472440944882,0.049888496876348006,661,"Forget that heigh-ho stuff, my new cover is I’m coaching you guys in the dwarf roller derby olympics."
1180,2920,7,14,106,127,1.220472440944882,0.04731694587223084,661,Our first derby match is Saturday. Show em that 7 dwarfs can slam 8 tiny reindeer!
932,2920,11,6,110,127,1.220472440944882,0.05233384062427624,661,"Note this is for previous week: 

“Ah, about that throne you sit on...”"
102,3009,10,7,106,123,1.2195121951219512,0.05231745918428781,661,As you can see our friend is impressed with the great diversity of. Hey--flip around! Stop staring! What is going on here... Everythings off-track!!
2944,3009,8,11,104,123,1.2195121951219512,0.04970469286546306,661,They said skating would help them in repressing their emotions.
2191,3011,10,7,108,125,1.216,0.051536394906900505,661,Happy give me a pair of skates!
1910,3011,9,9,107,125,1.216,0.05026895405650971,661,"Now I remember - you were on ""Roller 
Darby and the Little People."""
2178,3011,6,15,104,125,1.216,0.046258739366112606,661,"OK boys, let's all sing 
Hey Ho, Hey Ho skating's the way we go!"
2135,3011,9,9,107,125,1.216,0.05026895405650971,661,I'll be the pitcher and all of you can play shortstop.
2128,3011,7,13,105,125,1.216,0.047633005634816414,661,"Alright Grumpy, you can be the jammer.  Now let's  show Grimhilde what we're made of!"
2018,3011,9,9,107,125,1.216,0.05026895405650971,661,The Snow White remake needs to be bigger and better than the original
1680,3011,7,13,105,125,1.216,0.047633005634816414,661,"Sorry, but there aren't any my size."
1818,3011,9,9,107,125,1.216,0.05026895405650971,661,Cool.   Have an extra pair?   We can speed pick some apples.
1811,3011,7,13,105,125,1.216,0.047633005634816414,661,"Thank goodness your ""coach"" wasn't a pumpkin, like Cinderella!"
1739,3011,10,7,108,125,1.216,0.051536394906900505,661,"Ok, now sing a song while you skate: 
A-one, a-two...And a-one, two, three, four
'Roll, roll, roll. We roll our merry way
Roll, roll, roll. It's a roller-dwarf-by day.'"""
2197,3011,11,5,109,125,1.216,0.05277340483675955,661,It's home from work you skate.  Diamond mine workforce production's great!  Heigh-ho!!!
1508,3011,11,5,109,125,1.216,0.05277340483675955,661,"♪♫♬Just hum while you skate♬♫♪
♪hmm hmm hmm hmm hmm  hmm  hmm♪
♪purse your lips and stick your hands out...♪"
1487,3011,8,11,106,125,1.216,0.04896871944283379,661,I just love midgets.
1473,3011,10,7,108,125,1.216,0.051536394906900505,661,Stackables!!
1434,3011,10,7,108,125,1.216,0.051536394906900505,661,"Decisions,decisions!"
1825,3011,9,9,107,125,1.216,0.05026895405650971,661,"Yes, we are in Disney remake, Snow White and the Roller Blading Dwarfs."
2214,3011,7,13,105,125,1.216,0.047633005634816414,661,I found them in your size at Walmart.
2691,3011,8,11,106,125,1.216,0.04896871944283379,661,"Heigh-ho, Heigh-ho, it’s off to skate we go."
2321,3011,10,7,108,125,1.216,0.051536394906900505,661,I’m so glad you have a hobby!
3481,3011,11,5,109,125,1.216,0.05277340483675955,661,"Guys, avici is dead !"
3415,3011,9,9,107,125,1.216,0.05026895405650971,661,"ring-a-round the rose,pockets full of posey..."
3396,3011,10,7,108,125,1.216,0.051536394906900505,661,"Guys, how did I get here? Am not even dressed for this."
3348,3011,8,11,106,125,1.216,0.04896871944283379,661,Last one over the drawbridge is a rotten egg!
3340,3011,9,9,107,125,1.216,0.05026895405650971,661,"We're the Snow Balls, our first roller derby match's at 8 against the Wicked Switches!"
3297,3011,10,7,108,125,1.216,0.051536394906900505,661,You'd think this would be too on the nose for me but I'm having a great time.
3111,3011,10,7,108,125,1.216,0.051536394906900505,661,You guys want to skate over to the Castle and meet my famous Medicare doctors.
3047,3011,10,7,108,125,1.216,0.051536394906900505,661,"Sleepy-Skates. Always needing to go to the bathroom in the middle of the night, but hate getting out of bed? Don't move a muscle wtih Sleepy-Skates, roll right to the toilet without taking a step."
3028,3011,9,9,107,125,1.216,0.05026895405650971,661,Charming is so kind & generous - public transportation for the working class with a minimum of infrastructure and a tax cut to boot!
1427,3011,8,11,106,125,1.216,0.04896871944283379,661,"Whistling while you work"" is great, but now you can ""sing while you skate"
2970,3011,10,7,108,125,1.216,0.051536394906900505,661,"Hi Ho, Hi Ho, it’s off to the derby we go!"
2789,3011,9,9,107,125,1.216,0.05026895405650971,661,Anyone ready for a peanut butter and apple snack?
2729,3011,10,7,108,125,1.216,0.051536394906900505,661,"Off to work you go, look out roller derby."
2707,3011,10,7,108,125,1.216,0.051536394906900505,661,OMG there are only 6
2654,3011,9,9,107,125,1.216,0.05026895405650971,661,"They 're better than glass or red-hot iron ones. Don't be so grumpy, Grumpy."
2626,3011,9,9,107,125,1.216,0.05026895405650971,661,"Cheer up, Grumpy.  We were fortunate to negotiate even dwarf-sized  wages to make these skates for export."
2502,3011,8,11,106,125,1.216,0.04896871944283379,661,Do you Whistle While You Wheel?
2248,3011,8,11,106,125,1.216,0.04896871944283379,661,The best part is you don't have to whistle to be merry.
3012,3011,11,5,109,125,1.216,0.05277340483675955,661,"Heigh-ho, Heigh-ho, it's off to skating you go. If this keeps you out of the mine, it'll protect me from my evil step-mother, and the day my prince will come may be sooner. I would love that, although it will make for a less interesting fairy tale."
1909,3011,6,15,104,125,1.216,0.046258739366112606,661,"Merrily we roll along. Oh excuse me, that's from another show."
1336,3011,8,11,106,125,1.216,0.04896871944283379,661,"I roll, I roll, it’s off to work I roll."
611,3011,8,11,106,125,1.216,0.04896871944283379,661,"Looking good, miners, but this isn't what I meant by  ""roll with the punches""."
610,3011,8,11,106,125,1.216,0.04896871944283379,661,Do these seven dwarfs make me look fat?
580,3011,7,13,105,125,1.216,0.047633005634816414,661,"Besides your sheepish demeanour, Grumpy, your reluctance to do jazz hands really clinches it:  you stole my beauty while I was sleeping."
558,3011,11,5,109,125,1.216,0.05277340483675955,661,You’re sweet but dumb. Roller skates are for the summer!
499,3011,10,7,108,125,1.216,0.051536394906900505,661,Have you seen your little friend Greedy around today?
332,3011,10,7,108,125,1.216,0.051536394906900505,661,"Heigh-ho, heigh-ho, it’s off to home you go!"
312,3011,8,11,106,125,1.216,0.04896871944283379,661,"Two of you can't skate yet, you are not old enough. Only bearded guys get to do this."
680,3011,6,15,104,125,1.216,0.046258739366112606,661,"We’ll call them organic in-line skates, get a patent, have an IPO and sell out to Nike!"
311,3011,10,7,108,125,1.216,0.051536394906900505,661,"This entire time the one thing to wake me up from my deep enchanted sleep was the sound of roller disco!"""
170,3011,7,13,105,125,1.216,0.047633005634816414,661,I've always believed in the nuclear family
164,3011,8,11,106,125,1.216,0.04896871944283379,661,I see windmills in your future.
147,3011,7,13,105,125,1.216,0.047633005634816414,661,Seven more of you and we can enter the roller derby.
132,3011,9,9,107,125,1.216,0.05026895405650971,661,Whose *dopey* idea was this?
99,3011,8,11,106,125,1.216,0.04896871944283379,661,Now do you see the benefits of the workers controlling the means of production?
3,3011,6,15,104,125,1.216,0.046258739366112606,661,"Oh, come on, Grumpy, be Happy!"
1373,3011,7,13,105,125,1.216,0.047633005634816414,661,I need to tell the prince about this place!
267,3011,10,7,108,125,1.216,0.051536394906900505,661,I only asked where are the wharves.
694,3011,6,15,104,125,1.216,0.046258739366112606,661,See. Now our hikes aren’t that bad.
1342,3011,8,11,106,125,1.216,0.04896871944283379,661,Together they are happy.
742,3011,7,13,105,125,1.216,0.047633005634816414,661,"Hey Guys - what happened after ""Hi Ho"" this time??"
696,3011,8,11,106,125,1.216,0.04896871944283379,661,Why it’s Ice White!
1323,3011,7,13,105,125,1.216,0.047633005634816414,661,Grumpy! You shaved your beard!
1238,3011,9,9,107,125,1.216,0.05026895405650971,661,Free skate is over.  Get your pads for roller derby.
1144,3011,10,7,108,125,1.216,0.051536394906900505,661,None of you is allowed to spoil the Avengers: Endgame.
1129,3011,8,11,106,125,1.216,0.04896871944283379,661,"Hi Ho, Hi Ho, it's off to work at my new chain of drive-in restaurants we go."
1117,3011,10,7,108,125,1.216,0.051536394906900505,661,Maybe if we strap some jet packs on we can get Grumpy to smile.
1116,3011,8,11,106,125,1.216,0.04896871944283379,661,"Dopey, lend me your rollers... then I’ll be the fairest... and the fastest in the land!"
1106,3011,11,5,109,125,1.216,0.05277340483675955,661,The 7 days of the week and me talking to Saturday
1124,3011,9,9,107,125,1.216,0.05026895405650971,661,"If Sleepy doesn't get here on time, we'll have even teams for roller derby."
1096,3011,7,13,105,125,1.216,0.047633005634816414,661,cocaine and the seven symptoms enjoy a day out of the house
1057,3011,8,11,106,125,1.216,0.04896871944283379,661,What happened to that work ethic of yours when I was sleeping? I hope playing hooky is not the way you roll.
979,3011,10,7,108,125,1.216,0.051536394906900505,661,This VR game is wonderful...but I don’t know what to do with my hands.
973,3011,10,7,108,125,1.216,0.051536394906900505,661,"OK back to the real world"" OK back to the real world; I know Sonny , and you guys are no Sonny Corleone."
930,3011,10,7,108,125,1.216,0.051536394906900505,661,"Hi ho, hi ho it's off to fun we go."
925,3011,11,5,109,125,1.216,0.05277340483675955,661,Heigh Ho Heigh Ho it's off to the rink we go !
770,3011,9,9,107,125,1.216,0.05026895405650971,661,"Six.  Okay, who's missing?  Donnie?"
1102,3011,6,15,104,125,1.216,0.046258739366112606,661,Roller Derby against Cinderella's seven midgets is next week so I expect more from my dwarfs.
867,3011,9,9,107,125,1.216,0.05026895405650971,661,"Rollerblading and looking so young still, where is this fountain of youth?"
2323,3089,6,14,102,122,1.2131147540983607,0.04689160274978323,661,"Remember, you're the new fairytale"
2332,3089,9,8,105,122,1.2131147540983607,0.05104185928328974,661,"In other news, tiny toy workers toil no more-take to picket line."
2346,3089,8,10,104,122,1.2131147540983607,0.04969696572439066,661,This should translate into efficiencies in our mining operation!
2491,3089,8,10,104,122,1.2131147540983607,0.04969696572439066,661,"No, they don’t have dwarf
 roller derby"
2452,3089,8,10,104,122,1.2131147540983607,0.04969696572439066,661,Don't worry. There is an escape clause in your contract.
2514,3089,7,12,103,122,1.2131147540983607,0.048314650007294575,661,High Ho...High Ho...to Roller Derby we will go!
2272,3089,7,12,103,122,1.2131147540983607,0.048314650007294575,661,Lovely BLADES are so last year
2445,3089,8,10,104,122,1.2131147540983607,0.04969696572439066,661,No sense mining. We're aiming for Olympic gold.
2252,3089,6,14,102,122,1.2131147540983607,0.04689160274978323,661,"Oh, little people are so precious!"
1994,3089,8,10,104,122,1.2131147540983607,0.04969696572439066,661,Best gift ever!
2154,3089,8,10,104,122,1.2131147540983607,0.04969696572439066,661,"So it's Plaguy, Plaguy, Plaguy, Plaguy, Plaguy, Plaguy, and Plaguy ?"
2095,3089,7,12,103,122,1.2131147540983607,0.048314650007294575,661,Grumpy...your new name is Gropey.
2078,3089,9,8,105,122,1.2131147540983607,0.05104185928328974,661,"With your gemstones from the mine, you can go on tour as the Rock and Rolling Seven Dwarves."
2042,3089,9,8,105,122,1.2131147540983607,0.05104185928328974,661,Did you tweet?
2034,3089,8,10,104,122,1.2131147540983607,0.04969696572439066,661,"I don’t hate the queen, she just thinks she’s right.  Are we in Canada yet?"
2032,3089,10,6,106,122,1.2131147540983607,0.05235221481445692,661,"Ho, ho, hi, ho, it's off to Interskate you go!"""
2594,3089,9,8,105,122,1.2131147540983607,0.05104185928328974,661,"As Game of Thrones nears its end, HBO & Disney join forces on crossover spin-off 'Snow White Walker and The Seven Imps'"
1943,3089,8,10,104,122,1.2131147540983607,0.04969696572439066,661,Boys—the road beckons!
1869,3089,7,12,103,122,1.2131147540983607,0.048314650007294575,661,"Okay Guys, i found a new one his name is punchy and were getting msrried"
2208,3089,7,12,103,122,1.2131147540983607,0.048314650007294575,661,"I'm going to write a fairy tale called ""Snow White and the Fourteen Rollerskates."""
2645,3089,6,14,102,122,1.2131147540983607,0.04689160274978323,661,Which one of you is Rolly?
2899,3089,9,8,105,122,1.2131147540983607,0.05104185928328974,661,Can you see me?
2650,3089,8,10,104,122,1.2131147540983607,0.04969696572439066,661,"wait, is roller skating good exercise for weight loss?"
3394,3089,8,10,104,122,1.2131147540983607,0.04969696572439066,661,"Hi ho hi ho we’re skating off to mine for gold
""Our life has been so much better since Skating with the Stars"""
1862,3089,7,12,103,122,1.2131147540983607,0.048314650007294575,661,You guys are gonna ace the short track race
3338,3089,8,10,104,122,1.2131147540983607,0.04969696572439066,661,"After the kiss, instead of a Prince Snow White awakens & finds herself in the middle of a Jam shouting, ""Roller Derby...Dwarves...Who knew!"""
3274,3089,6,14,102,122,1.2131147540983607,0.04689160274978323,661,Skating helps you grow.
3228,3089,8,10,104,122,1.2131147540983607,0.04969696572439066,661,No more baby steps for me!
3209,3089,9,8,105,122,1.2131147540983607,0.05104185928328974,661,OK who's turn is it to brush my hair?
3191,3089,7,12,103,122,1.2131147540983607,0.048314650007294575,661,"But remember what Roger Miller said,
""You can't roller skate in a buffalo herd."""
3180,3089,7,12,103,122,1.2131147540983607,0.048314650007294575,661,Now don’t worry about falling because you don’t have much to fall from.
3167,3089,7,12,103,122,1.2131147540983607,0.048314650007294575,661,This is not what I meant when I asked for some axles...
3003,3089,7,12,103,122,1.2131147540983607,0.048314650007294575,661,"Awww, Dopey Grumpy"
2988,3089,6,14,102,122,1.2131147540983607,0.04689160274978323,661,You are well ahead of me
2977,3089,8,10,104,122,1.2131147540983607,0.04969696572439066,661,Who’d like to come underneath my dress?
2919,3089,10,6,106,122,1.2131147540983607,0.05235221481445692,661,Screw it – let's do something wicked.
2802,3089,8,10,104,122,1.2131147540983607,0.04969696572439066,661,"Wonderful! Even Grumpy is less grumpy. Okay, now, we're off to the castle for bagels."
2763,3089,8,10,104,122,1.2131147540983607,0.04969696572439066,661,"Rest easy boys, the Queen is now the fairest."
2747,3089,8,10,104,122,1.2131147540983607,0.04969696572439066,661,"I said 'whistle while you WORK.' """
2740,3089,8,10,104,122,1.2131147540983607,0.04969696572439066,661,"Let me see: one, two, three…!"
2706,3089,9,8,105,122,1.2131147540983607,0.05104185928328974,661,"Let’s change the name of our story to“Me and 7 Rollers”,or “Refugees from The Grim Brothers Tales”?s"
2660,3089,6,14,102,122,1.2131147540983607,0.04689160274978323,661,"Wow! Boys, we could sell tickets here! But first, let's try it again, only this time on ice."
2646,3089,7,12,103,122,1.2131147540983607,0.048314650007294575,661,We are going to have a kickass roller derby team!
3237,3089,10,6,106,122,1.2131147540983607,0.05235221481445692,661,I hope someday my prince will come on roller blades.
1849,3089,8,10,104,122,1.2131147540983607,0.04969696572439066,661,You guys are rolling off the script!
1801,3089,8,10,104,122,1.2131147540983607,0.04969696572439066,661,Keep your eyes on my nose when you turn!
889,3089,9,8,105,122,1.2131147540983607,0.05104185928328974,661,"With all your ""Ho-Ho-Ho""-ing, I thought you were heading off to work."
797,3089,7,12,103,122,1.2131147540983607,0.048314650007294575,661,"Yes, you can keep skating but don't pay attention to my nose."
591,3089,7,12,103,122,1.2131147540983607,0.048314650007294575,661,"There's only a catch if you fall, Grumpy."
587,3089,8,10,104,122,1.2131147540983607,0.04969696572439066,661,roller derby here we come!
556,3089,9,8,105,122,1.2131147540983607,0.05104185928328974,661,"No, I don't think so!  No more Dopey than usual!"
541,3089,6,14,102,122,1.2131147540983607,0.04689160274978323,661,My brother Pinnochio skates with you on Tuesdays ??
417,3089,11,4,107,122,1.2131147540983607,0.053630563980466714,661,"Given your short legs, I figure these skates will help you keep up with me."
398,3089,10,6,106,122,1.2131147540983607,0.05235221481445692,661, 
893,3089,10,6,106,122,1.2131147540983607,0.05235221481445692,661,Can someone please hand me roller skates?
348,3089,11,4,107,122,1.2131147540983607,0.053630563980466714,661,"But Grumpy, I could change you!"
292,3089,9,8,105,122,1.2131147540983607,0.05104185928328974,661,"I said driller states, not roller skates."
256,3089,7,12,103,122,1.2131147540983607,0.048314650007294575,661,Remember. The key to roller derby is to elbow your opponent on the turns!
207,3089,11,4,107,122,1.2131147540983607,0.053630563980466714,661,"alright you little monsters, which one of you is going to be the first to ravage me? there's only so much pussy to go around. personally, i feel that Sleepy slings the best dick, but Doc's sperm has the best motility, so you two can fight it out."
138,3089,7,12,103,122,1.2131147540983607,0.048314650007294575,661,"Just a reminder, all of you, upskirting is now illegal."
74,3089,10,6,106,122,1.2131147540983607,0.05235221481445692,661,"One, two, three, four, five, six, seven, eigh...hold on, where’s  “Absentee”"
38,3089,10,6,106,122,1.2131147540983607,0.05235221481445692,661,Amazing! You make we weally pwoud.
23,3089,6,14,102,122,1.2131147540983607,0.04689160274978323,661,I've always thought you're cutest when you're animated!
1829,3089,8,10,104,122,1.2131147540983607,0.04969696572439066,661,Snow White and the Seven Rollerblader Dorks
318,3089,8,10,104,122,1.2131147540983607,0.04969696572439066,661,"Thanks for the roller skates, Doc. Guess I'll just go clean the house again."
927,3089,7,12,103,122,1.2131147540983607,0.048314650007294575,661,Everyone ready? Who’s going to be the first to be tossed?
356,3089,10,6,106,122,1.2131147540983607,0.05235221481445692,661,"Ok, children. Listen carefully. Daddy died this morning, so I'm in charge now."
977,3089,8,10,104,122,1.2131147540983607,0.04969696572439066,661,As Snow White watched Grumpy take Dopey down the sport of Roller Derby was born.
1671,3089,8,10,104,122,1.2131147540983607,0.04969696572439066,661,"Ok, guys, time for basketball practice."
1655,3089,8,10,104,122,1.2131147540983607,0.04969696572439066,661,"Good news, everyone! The doctor said it was benign and noncontagious!"
1594,3089,7,12,103,122,1.2131147540983607,0.048314650007294575,661,I don't see Happy anywhere.
1486,3089,6,14,102,122,1.2131147540983607,0.04689160274978323,661,Has anyone seen Finito?
1479,3089,7,12,103,122,1.2131147540983607,0.048314650007294575,661,Merrily we roll along.
1459,3089,10,6,106,122,1.2131147540983607,0.05235221481445692,661,Why the f*ck do I have so many kids?
1456,3089,11,4,107,122,1.2131147540983607,0.053630563980466714,661,They see me rollin'...
1429,3089,8,10,104,122,1.2131147540983607,0.04969696572439066,661,Snow White just loves rolling dwarfs.
1681,3089,8,10,104,122,1.2131147540983607,0.04969696572439066,661,"Mirror Mirror on the wall, will the miners stand a chance against the Oilers at all?"
958,3089,7,12,103,122,1.2131147540983607,0.048314650007294575,661,What fun!  Who wants to bob for apples?
1374,3089,8,10,104,122,1.2131147540983607,0.04969696572439066,661,You've got to pick a pocket or two!
1340,3089,10,6,106,122,1.2131147540983607,0.05235221481445692,661,You're even better than last winter with ice skates!
1293,3089,6,14,102,122,1.2131147540983607,0.04689160274978323,661,Who is the gnarliest one of all?
1232,3089,9,8,105,122,1.2131147540983607,0.05104185928328974,661,It came this way
1220,3089,10,6,106,122,1.2131147540983607,0.05235221481445692,661,Where’s Dopey?
1101,3089,8,10,104,122,1.2131147540983607,0.04969696572439066,661,"And in the morning, I'm making waffles!"
1021,3089,8,10,104,122,1.2131147540983607,0.04969696572439066,661,"[Narrator]: ""And so, Snow White believed her evil stepmother was, indeed, not the boss of her, and decided to skate around the hillside with 7 little men."""
1017,3089,8,10,104,122,1.2131147540983607,0.04969696572439066,661,"This is the way we go round the mulberry bush, mulberry bush…"
1386,3089,10,6,106,122,1.2131147540983607,0.05235221481445692,661,"Game of Snow White
Episode VII:  Snow W. takes the dwarfs out to skate before unintentionally poisoning them with Wicked Queen Apple Pie."
1761,3089,9,8,105,122,1.2131147540983607,0.05104185928328974,661,Ooh!  Has anyone done a check-in on Facebook yet?
3354,3177,11,4,108,123,1.2113821138211383,0.053220967179339745,661,Not even Grumpy can complain about this!
1359,3178,6,13,101,120,1.2083333333333333,0.04718375980718878,661,"We don’t have a dragon or magical ice-making powers, but hear me out, Snow White 2: The Seven Dwarfs’ Olympic Dream."
3035,3178,5,15,100,120,1.2083333333333333,0.04567549854280213,661,"If you get good at this, we can possibly recreate Xanadu!"
1492,3180,8,9,104,121,1.2066115702479339,0.04967851935581201,661,"I know my nose was a giveaway -- yes, I'm actually Popeye's sister  dressed up as Snow white!  Looks like you all are truly roller bladers who like to dress up as dwarves."
1513,3180,8,9,104,121,1.2066115702479339,0.04967851935581201,661,Hi guys. Is this the way to the roller derby?
1642,3180,9,7,105,121,1.2066115702479339,0.051046021708040526,661,Disney on ice my patootie; just wait till they see this.
1649,3180,8,9,104,121,1.2066115702479339,0.04967851935581201,661,"I was awakened by my true love, the Roller Derby!"
1670,3180,7,11,103,121,1.2066115702479339,0.04827229265897605,661,Don't you boys think Victoria Roberts has a creative imagination?
1690,3180,9,7,105,121,1.2066115702479339,0.051046021708040526,661,"I sure ain’t the fairest in the land, Roller Bros."
1826,3180,8,9,104,121,1.2066115702479339,0.04967851935581201,661,"We roll, we roll, it's off to skate we go!"
1832,3180,8,9,104,121,1.2066115702479339,0.04967851935581201,661,Back to the castle now. I need to take a nap.
1877,3180,5,15,101,121,1.2066115702479339,0.04532915336612764,661,Who is ready for some apple pie?
1885,3180,6,13,102,121,1.2066115702479339,0.046823852807323284,661,lanister skaters! Is one of  you named Tyrion?
1972,3180,10,5,106,121,1.2066115702479339,0.05237783289760756,661,"Whose this eighth you’re all talking about, Derby?"
2033,3180,9,7,105,121,1.2066115702479339,0.051046021708040526,661,I think stepmother fed me a poison mushroom!
2036,3180,9,7,105,121,1.2066115702479339,0.051046021708040526,661,I just told someone there were eight dwarfs!
2436,3180,9,7,105,121,1.2066115702479339,0.051046021708040526,661,How come your rentals are half off?
2617,3180,8,9,104,121,1.2066115702479339,0.04967851935581201,661,"Rolly, Rolly, Rolly, Rolly, Rolly, Rolly and Rolly!"
2843,3180,8,9,104,121,1.2066115702479339,0.04967851935581201,661,Which one of you is ‘Skatey’?
2853,3180,7,11,103,121,1.2066115702479339,0.04827229265897605,661,"NO, NO!   What I said was, ""I *ate way* too much"" !"
3291,3180,9,7,105,121,1.2066115702479339,0.051046021708040526,661,"Snow White was pleased with the results of her Psychology class experiment: The 7 C's Model of Resilience – competence, confidence, connection, character, contribution, coping."
1299,3180,9,7,105,121,1.2066115702479339,0.051046021708040526,661,Lucky number 7!
1253,3180,9,7,105,121,1.2066115702479339,0.051046021708040526,661,''Now I want to see everyones skates washed.''
835,3180,10,5,106,121,1.2066115702479339,0.05237783289760756,661,"Skatey, Speedy, Rollie, Pollie, Wheelie, Crashy, Doc"
970,3180,8,9,104,121,1.2066115702479339,0.04967851935581201,661,It's all fun and games until someone gets hurt.
31,3180,7,11,103,121,1.2066115702479339,0.04827229265897605,661,My wicked Inlines will be here next week.
126,3180,9,7,105,121,1.2066115702479339,0.051046021708040526,661,"Fairyland Dwarf Roller Derby Finals, here we come!"
135,3180,10,5,106,121,1.2066115702479339,0.05237783289760756,661,"Frankly, this makes you all seem a little Dopey."
169,3180,8,9,104,121,1.2066115702479339,0.04967851935581201,661,Which one of you will will be “Rolley?”
278,3180,8,9,104,121,1.2066115702479339,0.04967851935581201,661,Now you can get to the mines faster so you can work longer days!
293,3180,9,7,105,121,1.2066115702479339,0.051046021708040526,661,"1, 2, 3, 4, 5,6,7....Mamame el riel"
347,3180,8,9,104,121,1.2066115702479339,0.04967851935581201,661,"""I know at least one you will enjoy this."
418,3180,10,5,106,121,1.2066115702479339,0.05237783289760756,661,You're all under arrest!
264,3180,9,7,105,121,1.2066115702479339,0.051046021708040526,661,"I just said “It’s crazy it took Marvel 12 years to make a woman-led superhero movie” to myself, alone in this acre-side field, and a bunch of you rollerskate men shot out and started singing “Triggered much?” and I love it, it’s great and very fun."
526,3180,10,5,106,121,1.2066115702479339,0.05237783289760756,661,"Now, you wash the stones. You tidy up the house. You clean the curling sheet. And I'll use the broom."
493,3180,8,9,104,121,1.2066115702479339,0.04967851935581201,661,"It's about time we finally have some real snow in this story, don't you think?"
941,3180,7,11,103,121,1.2066115702479339,0.04827229265897605,661,Why so serious Grumpy?
905,3180,8,9,104,121,1.2066115702479339,0.04967851935581201,661,"Alright. Alright. One at a time, there's only so much coochie to go around."
795,3180,9,7,105,121,1.2066115702479339,0.051046021708040526,661,I see only seven of you. Has anyone seen Snotty?
1061,3180,9,7,105,121,1.2066115702479339,0.051046021708040526,661,"After recess we'll pick back up with ""Online Dating for Another in Emergency Situations"""
723,3180,4,17,100,121,1.2066115702479339,0.04378345689935829,661,"This should reduce our health insurance premiums, and spare me having to listen to that infernal whistling!"""
596,3180,5,15,101,121,1.2066115702479339,0.04532915336612764,661,I prefer my ice skates. After all I am Snow White
592,3180,6,13,102,121,1.2066115702479339,0.046823852807323284,661,"Come on; he meant Dopey, and he got Sleepy right, and he's promised to call Beto Mr. Bashful."
3440,3220,8,8,101,117,1.205128205128205,0.050838042480866666,661,"My, how tall you've become!""

Thomas Arnold
Eugene, O"
2518,3220,6,12,99,117,1.205128205128205,0.04785166800259878,661,"Hurry and line up now, it's tossing time!"
2226,3220,7,10,100,117,1.205128205128205,0.049367442175574275,661,I love how you honor Skatey's memory.
2153,3220,7,10,100,117,1.205128205128205,0.049367442175574275,661,I've arranged for all of to get free nose jobs !! A courtesy of Walt Disney
2146,3220,8,8,101,117,1.205128205128205,0.050838042480866666,661,Maybe now you’ll be able to stop that psychotic witch from poisoning me.
1940,3220,8,8,101,117,1.205128205128205,0.050838042480866666,661,Who knew we would make it big selling skates on the Internet?
1599,3220,8,8,101,117,1.205128205128205,0.050838042480866666,661,Looks like each of you is Happy today
1442,3220,10,4,103,117,1.205128205128205,0.053658466209367844,661,Skate or scat!
1356,3220,8,8,101,117,1.205128205128205,0.050838042480866666,661,I cannot. Disney will sue over content.
2668,3220,10,4,103,117,1.205128205128205,0.053658466209367844,661,Let me explain it to you.
1291,3220,8,8,101,117,1.205128205128205,0.050838042480866666,661,"And if ya'll make your production quota I'll pay for an Uber to take y'all over town where your roller skates work a lot better on pavement than they do on this soft sod out here in the sticks"""
998,3220,4,16,97,117,1.205128205128205,0.044666068754430015,661,Just don't touch the dress
834,3220,8,8,101,117,1.205128205128205,0.050838042480866666,661,"Thats right, I've been here before."
636,3220,8,8,101,117,1.205128205128205,0.050838042480866666,661,Yea!  We finally found a girlfriend for Pinochio!
435,3220,9,6,102,117,1.205128205128205,0.05226728211428385,661,Hi ho! Hi ho! It's fun to skate you know!
327,3220,10,4,103,117,1.205128205128205,0.053658466209367844,661,"Well!  If it’s not Doc, Grumpy, Happy, Sleepy, Dopey, and Clumsy!"
176,3220,7,10,100,117,1.205128205128205,0.049367442175574275,661,Remember the rules: the first one to get caught surrenders his backend royalties to me!
125,3220,8,8,101,117,1.205128205128205,0.050838042480866666,661,My Prince (Your Father)  ran away to join Stars on Ice
12,3220,9,6,102,117,1.205128205128205,0.05226728211428385,661,"Mirror, mirror, on the wall, who is the fastest skater of them all?"
1030,3220,10,4,103,117,1.205128205128205,0.053658466209367844,661,"I told you the birds are already on vacation for winter, so you guys really need to chip in."
631,3240,9,7,106,122,1.2049180327868851,0.05065420089227225,661,I prefer to 'ice-skate'
2305,3241,8,8,102,118,1.2033898305084745,0.05043533794490747,661,The roller skates are a hit!  Now let's add snow... .
2285,3241,9,6,103,118,1.2033898305084745,0.05185159462602125,661,Oh! You will make such lovely rims for those at the mine tomorrow!
2136,3241,7,10,101,118,1.2033898305084745,0.04897814575882605,661,You all look taller- you’re my big boys now.
2162,3241,9,6,103,118,1.2033898305084745,0.05185159462602125,661,"RETREAT:  MY FAIR WEATHER FRIENDS:
YOU ARE ALL EQUAL IN MY EYES!!!!!!!"
2315,3241,8,8,102,118,1.2033898305084745,0.05043533794490747,661,Hi-Ho. Hi-Ho. Around and round we roll.
2221,3241,8,8,102,118,1.2033898305084745,0.05043533794490747,661,You're so cute!
2397,3241,7,10,101,118,1.2033898305084745,0.04897814575882605,661,"Duck, Duck, Grumpy."
2801,3241,10,4,104,118,1.2033898305084745,0.05323018332586737,661,"(singing) ""Someday my skates will come.
Someday I'll roll again.
And away with my dwarfs I'll go
To star in my own TV show."""
2533,3241,9,6,103,118,1.2033898305084745,0.05185159462602125,661,I'm more of a rollerderby gall
2647,3241,8,8,102,118,1.2033898305084745,0.05043533794490747,661,WHO is hiding my skates?
2771,3241,9,6,103,118,1.2033898305084745,0.05185159462602125,661,Gift from Robin Murdoch- big fan!
2817,3241,8,8,102,118,1.2033898305084745,0.05043533794490747,661,"As the boss, please skate faster.  Thank you!"
3266,3241,9,6,103,118,1.2033898305084745,0.05185159462602125,661,Was your cousin Rolly up for a visit?
3428,3241,7,10,101,118,1.2033898305084745,0.04897814575882605,661,"Come on Grumpy, we are all supposed to be having fun."
2086,3241,5,14,99,118,1.2033898305084745,0.045925261661577774,661,"The giants play dirty, so stay low."
2450,3241,8,8,102,118,1.2033898305084745,0.05043533794490747,661,"I’ll be resting for some time, but you will be in good hands with Melissandra"
1934,3241,8,8,102,118,1.2033898305084745,0.05043533794490747,661,"Where's Butty?"""
113,3241,10,4,104,118,1.2033898305084745,0.05323018332586737,661,"Snowed 'em white"" and seven  young vibrant men"
1331,3241,5,14,99,118,1.2033898305084745,0.045925261661577774,661,Scenes from Snowlight Express
29,3241,10,4,104,118,1.2033898305084745,0.05323018332586737,661,"Good job, guys! I hope you all remembered to bring condoms."
133,3241,7,10,101,118,1.2033898305084745,0.04897814575882605,661,"One, Two, Three, Four, Five, Six, Seven.  We took a lot of losses last night, but I have a new strategy for attacking the castle tonight."
183,3241,9,6,103,118,1.2033898305084745,0.05185159462602125,661,"I'm glad you're all having fun, but where's Bruisy?"
251,3241,8,8,102,118,1.2033898305084745,0.05043533794490747,661,Let’s sing that one about basic income!
599,3241,8,8,102,118,1.2033898305084745,0.05043533794490747,661,"Fun you Say!? I want to teach you about gender equality, racial prejudice, colour balance and disabled advancement all rolled into one, like, how to be perfect like me."
621,3241,10,4,104,118,1.2033898305084745,0.05323018332586737,661,We have to find another for you guys..
650,3241,9,6,103,118,1.2033898305084745,0.05185159462602125,661,There's a kiss ass in every group...
373,3241,9,6,103,118,1.2033898305084745,0.05185159462602125,661,"Guys, is one of you behind me about to try to push me over, because you know, like, it would take all 7 of you bozos. So cute!"
836,3241,8,8,102,118,1.2033898305084745,0.05043533794490747,661,It would please me greatly if you could whistle for me.
848,3241,10,4,104,118,1.2033898305084745,0.05323018332586737,661,Only one  each time !
886,3241,7,10,101,118,1.2033898305084745,0.04897814575882605,661,"First Draft: Princess Cocaine, and the Midget Clan; M.D., Surly, Pleasant, Slumber, Doobie, Destroyer of Confidence, and Allergy Prone."
913,3241,8,8,102,118,1.2033898305084745,0.05043533794490747,661,There’s a treatment for this you know.
1089,3241,9,6,103,118,1.2033898305084745,0.05185159462602125,661,Have you seen my big bag of gummies?
1318,3241,6,12,100,118,1.2033898305084745,0.047476248907517934,661,"Doc, Grumpy, Happy, Sleepy, Bashful, Sneezy, Dopey,  HEEL"
755,3241,7,10,101,118,1.2033898305084745,0.04897814575882605,661,'Snow White and the 42 Wheels.' I like it!
1790,3241,10,4,104,118,1.2033898305084745,0.05323018332586737,661,"Good news, Guys!  Disney’s buying us bikes!"
2301,3276,7,9,98,114,1.2017543859649122,0.05011990677698401,661,"This is the way we roll, magnificent seven!"
1647,3276,8,7,99,114,1.2017543859649122,0.051645526916263985,661,"Heigh Ho, Heigh Ho, it's off to play we go..."
1752,3276,6,11,97,114,1.2017543859649122,0.04854636608654232,661,"If you're serious about this roller derby team I need a pair of skates, too."
1960,3276,8,7,99,114,1.2017543859649122,0.051645526916263985,661,Can y'all invite Bashful to your bash full of fun? He loves roller skating... and I need to take a nap.
2054,3276,7,9,98,114,1.2017543859649122,0.05011990677698401,661,"We're all having such a politically incorrect time, aren't we?"
2087,3276,6,11,97,114,1.2017543859649122,0.04854636608654232,661,"OK, guys, once you get the hang of the roller skates, we can transition you to Disney on Ice!"
2282,3276,7,9,98,114,1.2017543859649122,0.05011990677698401,661,Keep practicing and one day you can try out for Disney on Ice.
3449,3276,8,7,99,114,1.2017543859649122,0.051645526916263985,661,How are my little guys enjoying their blade runners?
2425,3276,8,7,99,114,1.2017543859649122,0.051645526916263985,661,Diverse Derby Dwarfs.
2426,3276,6,11,97,114,1.2017543859649122,0.04854636608654232,661,"Guys, I meant ""meals on wheels"" not ""wheels for meals""..."
3152,3276,8,7,99,114,1.2017543859649122,0.051645526916263985,661,Love's first Kiss FM New York!
3283,3276,7,9,98,114,1.2017543859649122,0.05011990677698401,661,Doesn’t six feel better than seven?
3390,3276,8,7,99,114,1.2017543859649122,0.051645526916263985,661,Who nose? The Prince nose.
3433,3276,6,11,97,114,1.2017543859649122,0.04854636608654232,661,Soon I'll teach you to swim
1566,3276,9,5,100,114,1.2017543859649122,0.0531273549650604,661,"Doc, maybe you should change your name to Graceful!"
3451,3276,9,5,100,114,1.2017543859649122,0.0531273549650604,661,"Hi, Ho, Hi, Ho, it's off to work for
Snow White and the seven dwarfs!"
2387,3276,8,7,99,114,1.2017543859649122,0.051645526916263985,661,Which one of you is Clumsy again?
1556,3276,8,7,99,114,1.2017543859649122,0.051645526916263985,661,"You know, I think it has potential...Linda Blair's Roller Boogie meets Disney's Snow White. Let's run with it."
2372,3276,9,5,100,114,1.2017543859649122,0.0531273549650604,661,How whant to see me do a flep backward.
1364,3276,6,11,97,114,1.2017543859649122,0.04854636608654232,661,"Whistle while you skate
Or it’s in the oven you bake
I love my dwarves but when they roll
I dream of casserole 

I know I shouldn’t do it
But then I just say screw it
They're hard to catch but when I do
I serve them like fondue."
1500,3276,8,7,99,114,1.2017543859649122,0.051645526916263985,661,I’m sorry
149,3276,8,7,99,114,1.2017543859649122,0.051645526916263985,661,Su casa mi casa.
171,3276,5,13,96,114,1.2017543859649122,0.04692008381368906,661,It’s been 82 years! We’ll finally get our sequel!
366,3276,9,5,100,114,1.2017543859649122,0.0531273549650604,661,Good news! I just read that Sketo will not stunt your growth.
408,3276,9,5,100,114,1.2017543859649122,0.0531273549650604,661,Who wants to try ice-skating ?
498,3276,9,5,100,114,1.2017543859649122,0.0531273549650604,661,I'm all in boys - just check out my face.
581,3276,9,5,100,114,1.2017543859649122,0.0531273549650604,661,"Oh Grumpy, come back to me. We can work this out."
607,3276,10,3,101,114,1.2017543859649122,0.05456895858185777,661,I'll blow the first one back to the castle!
240,3276,10,3,101,114,1.2017543859649122,0.05456895858185777,661,"Alright, but only hand stuff guys. No, and I emphasize this for you Grumpy, NO penetration."
630,3276,8,7,99,114,1.2017543859649122,0.051645526916263985,661,It's called the Church of Latter Day Aint's
647,3276,8,7,99,114,1.2017543859649122,0.051645526916263985,661,"Thank heavens, we don't have to whistle any more."
684,3276,7,9,98,114,1.2017543859649122,0.05011990677698401,661,"No, you’re not going to trick me into calling you that again, big guy."
790,3276,8,7,99,114,1.2017543859649122,0.051645526916263985,661,"Now, how are you going to get any work done?"
856,3276,8,7,99,114,1.2017543859649122,0.051645526916263985,661,Who wants cupcakes!
1234,3276,8,7,99,114,1.2017543859649122,0.051645526916263985,661,Great idea! Let’s make applesauce!
877,3276,9,5,100,114,1.2017543859649122,0.0531273549650604,661,"It's too much, guys. Nobody will believe."
989,3276,7,9,98,114,1.2017543859649122,0.05011990677698401,661,"Bashful, Dopey, Grumpy, Happy, Sleepy, and Sneezy - has anyone seen Doc?"
616,3276,8,7,99,114,1.2017543859649122,0.051645526916263985,661,"From now on, you can just call me Queeny."
3350,3314,7,10,102,119,1.2016806722689075,0.048594886869689824,661,Wow! Can you do this in ice?
2998,3314,8,8,103,119,1.2016806722689075,0.05003891368900012,661,Think of it this way: we're one step closer to being on ice!
899,3314,8,8,103,119,1.2016806722689075,0.05003891368900012,661,It will be a fancy drive-up diner called ``Snow White's Seven Course Meals''--and you ALL get to work there!
172,3314,6,12,101,119,1.2016806722689075,0.04710661499811573,661,Show us your most epic pirouette Grumpy!
2126,3314,7,10,102,119,1.2016806722689075,0.048594886869689824,661,"I knew we shouldn't have changed it from ""Gay"" to ""Happy."""
3137,3319,8,6,98,112,1.1964285714285714,0.052048273730341064,661,Who would have thought Pinochio would transgender
3055,3319,6,10,96,112,1.1964285714285714,0.048859722436360505,661,"So darlings, what dating sites have you've chosen, the Little Women of Atlanta, or the short but stacked babes of Dallas? Anywhere but the New York's, Big Apple babes, never!"
3000,3319,7,8,97,112,1.1964285714285714,0.050479180237334983,661,"Grumpy, don't the skates cure your personality?"
2557,3319,7,8,97,112,1.1964285714285714,0.050479180237334983,661,Who of my 'little sweeties' get to cuddle with me tonight?
2022,3319,8,6,98,112,1.1964285714285714,0.052048273730341064,661,I love that you guys were never bothered by negative comments about inline skating.
2394,3319,7,8,97,112,1.1964285714285714,0.050479180237334983,661,"Hey, everybody! It's JAM Time!"
2048,3319,9,4,99,112,1.1964285714285714,0.05357142857142856,661,Let's roll out to take down the Wicked Queen!
1686,3319,8,6,98,112,1.1964285714285714,0.052048273730341064,661,"Okay, who wants to learn to do a Triple Salchow?"
907,3319,7,8,97,112,1.1964285714285714,0.050479180237334983,661,"Yeah, a roller dance party IS fairer than anything else!"
1422,3319,8,6,98,112,1.1964285714285714,0.052048273730341064,661,"I dig, dig, dig watching you skate!"
1315,3319,9,4,99,112,1.1964285714285714,0.05357142857142856,661,"Oh, I thought you said, “Skate-y.”"
1262,3319,9,4,99,112,1.1964285714285714,0.05357142857142856,661,A Princess Revenge: Dance! Dance my little beauties - next is the Bathing Suit Contest!
494,3319,10,2,100,112,1.1964285714285714,0.05505245789298452,661,"don't runaway Grumpy, you'll get some in time."
415,3319,8,6,98,112,1.1964285714285714,0.052048273730341064,661,You guys see Endgame yet? I'm dying to talk about it.
141,3319,9,4,99,112,1.1964285714285714,0.05357142857142856,661,So now you whistle while you skaye?
1654,3319,8,6,98,112,1.1964285714285714,0.052048273730341064,661,"Then as we begin to ride off on his white horse, you'll grab the horse's tail and play Crack the Whip."
2050,3335,4,14,95,113,1.1946902654867257,0.045077554815128755,661,"I know that’s just the way you guys roll, but since the rodent bought out Star Wars, you’ll just have to familiarize yourselves with, “ Hi Ho, Hi Ho, it’s off to work we go!”"
2167,3335,6,10,97,113,1.1946902654867257,0.048456594741078086,661,"Look Mom, jazz hands!"
2256,3335,7,8,98,113,1.1946902654867257,0.0500606570751538,661,I get to be Joan Weston.
2306,3335,7,8,98,113,1.1946902654867257,0.0500606570751538,661,Remember if you win the roller derby you can be my cottage guards. Otherwise it's back to the mines. Now: SKATE!
2581,3335,6,10,97,113,1.1946902654867257,0.048456594741078086,661,"No time to sing, it’s off to work now."
2635,3335,8,6,99,113,1.1946902654867257,0.051614893196549536,661,How do you guys feel about ice skates?
3531,3335,7,8,98,113,1.1946902654867257,0.0500606570751538,661,What happened with Klutzy?
2820,3335,6,10,97,113,1.1946902654867257,0.048456594741078086,661,All together now: 'Whistle while you skate . . .'
2815,3335,8,6,99,113,1.1946902654867257,0.051614893196549536,661,"So when I opened my eyes, this woman in red told me she'd brought me back to fulfill my purpose. Let's findvTyrion and go kick Cersei's ass!"
3130,3335,7,8,98,113,1.1946902654867257,0.0500606570751538,661,The sleeper agent was finally done biding his time...
3305,3335,6,10,97,113,1.1946902654867257,0.048456594741078086,661,This is certainly a new take on the musical.
3374,3335,7,8,98,113,1.1946902654867257,0.0500606570751538,661,Anyone grumpy?
3470,3335,7,8,98,113,1.1946902654867257,0.0500606570751538,661,Hi Ho! Hi Ho! I am not pure as snow....
2038,3335,7,8,98,113,1.1946902654867257,0.0500606570751538,661,It certainly is a an environmental solution!_
2711,3335,8,6,99,113,1.1946902654867257,0.051614893196549536,661,"I'm sorry about having to reschedule, I forgot to take my PrEP today. - Armaan Ahmed, Gramercy"
2009,3335,6,10,97,113,1.1946902654867257,0.048456594741078086,661,Well I guess I did say “on your skates”...
1135,3335,6,10,97,113,1.1946902654867257,0.048456594741078086,661,"Keep Up with the choreography Dopey
--or should I call you Crashful"
1957,3335,7,8,98,113,1.1946902654867257,0.0500606570751538,661,Is this it?  Class enrollment was capped at 15!
1974,3335,7,8,98,113,1.1946902654867257,0.0500606570751538,661,"Well sure, but they'll never get rid of horses."
196,3335,7,8,98,113,1.1946902654867257,0.0500606570751538,661,Which one of you is Twirly?
656,3335,8,6,99,113,1.1946902654867257,0.051614893196549536,661,"I have no freakin' idea what to write for this caption""

- Snow Whit"
657,3335,10,2,101,113,1.1946902654867257,0.05459077601098335,661,Who the fuck is Victoria Roberts?
697,3335,7,8,98,113,1.1946902654867257,0.0500606570751538,661,It’s confirmed guys; the new streaming deal means more residuals!
937,3335,7,8,98,113,1.1946902654867257,0.0500606570751538,661,Why couldn't the Evil Queen have left out more poisoned apples so I wouldn't have to think of these new fangled ways to claim on the life insurance
730,3335,8,6,99,113,1.1946902654867257,0.051614893196549536,661,"No, Gazy.  Just no."
1224,3335,7,8,98,113,1.1946902654867257,0.0500606570751538,661,I'm posting you as #Snowy'sSevenRollers!
1245,3335,7,8,98,113,1.1946902654867257,0.0500606570751538,661,Skate! Skate! Before I crush you all like bugs.
1301,3335,8,6,99,113,1.1946902654867257,0.051614893196549536,661,We can’t work and clean all the time!
1605,3335,8,6,99,113,1.1946902654867257,0.051614893196549536,661,What a great way to get the lead out.
1789,3335,8,6,99,113,1.1946902654867257,0.051614893196549536,661,"After the session is over, let’s go for pizza. I’m treating!"
1884,3335,8,6,99,113,1.1946902654867257,0.051614893196549536,661,Get your ice skates. We just got booked at Santa’s Tolland.
1103,3335,7,8,98,113,1.1946902654867257,0.0500606570751538,661,It’s really snowy and white out here isn’t it
188,3367,7,8,99,114,1.1929824561403508,0.04964896645416495,661,Selling the mine to open a roller disco seems like a dopey idea
2290,3368,4,13,92,109,1.1926605504587156,0.046041140838475915,661,how do you like these apples Grumpy
2791,3368,8,5,96,109,1.1926605504587156,0.05290902863348005,661,Okay good hide.  I'll seek!
2586,3368,9,3,97,109,1.1926605504587156,0.05449091645628583,661,Im peaking not tweaking im peaking not tweaking im peaking not tweaking Im peaking not tweaking im peaking not tweaking im peaking not tweaking Im peaking not tweaking im peaking not tweaking im peaking not tweaking Im peaking not tweaking im peaking
2090,3368,6,9,94,109,1.1926605504587156,0.04959411235543382,661,"Sneezy I hope you have brakes on those, otherwise you'll need Doc when you shoot backwards"
249,3368,6,9,94,109,1.1926605504587156,0.04959411235543382,661,Who doesn’t have a partner?
1097,3368,7,7,95,109,1.1926605504587156,0.05127836430338728,661,Rollerblading on snow.
469,3368,7,7,95,109,1.1926605504587156,0.05127836430338728,661,Did you say you saw the Emperor's new clothes?
461,3368,6,9,94,109,1.1926605504587156,0.04959411235543382,661,Next stop:  Hell!
1371,3368,7,7,95,109,1.1926605504587156,0.05127836430338728,661,"C'mon! Why do we have to go? We saved you from that evil Queen Something-Or-Other who wanted your heart and stuff, remember?"
1703,3377,8,5,97,110,1.190909090909091,0.05245507954797526,661,Come on Grumpy the work song is still paying royalties. Let’s all take it from the top “roller skate while you play each and every day.”
2089,3377,7,7,96,110,1.190909090909091,0.050840237007626,661,Snow White & the Seven Dwarfs stunt doubles!
2389,3377,6,9,95,110,1.190909090909091,0.04917239090789421,661,Maybe I stood up too fast . . .
2669,3380,7,7,97,111,1.1891891891891893,0.05040948377666219,661,"Skaters turn me on!"""
3368,3380,6,9,96,111,1.1891891891891893,0.04875772647313864,661,Snow White and the seven rollerbladers?  I don't think so!
3287,3380,6,9,96,111,1.1891891891891893,0.04875772647313864,661,"Avengers, we're really scraping the bottom of the barrel!"
3232,3380,7,7,97,111,1.1891891891891893,0.05040948377666219,661,"What fun! And yes,I would love to join you. But are there skates for me that can be quickly detached from my slippers? It's essential that I be able to do that later tonight."
2732,3380,6,9,96,111,1.1891891891891893,0.04875772647313864,661,We’ll need to split into two booths at MacDonalds.
2456,3380,8,5,98,111,1.1891891891891893,0.05200880904644647,661,"♪♫♪You tickle Me, I tickle You...♪♫♪"
1065,3380,5,11,95,111,1.1891891891891893,0.04704801512316158,661,"WEEEEEEEEEEEEEE   WEEEEEEEEE WEEEEEE, We are FAMILYYYYYYYYY"
1622,3380,8,5,98,111,1.1891891891891893,0.05200880904644647,661,Ha! The ducks if they can take us in the derby.
1545,3380,9,3,99,111,1.1891891891891893,0.053560399384525656,661,"Guys, ditch the skates. I've got a better name for us than ""Pallor Girl and the 42 Little Wheels""."
1425,3380,5,11,95,111,1.1891891891891893,0.04704801512316158,661,How can I get any sleep around here with all this rollerblading?
1207,3380,8,5,98,111,1.1891891891891893,0.05200880904644647,661,"Thats weeeely good, men."
771,3380,9,3,99,111,1.1891891891891893,0.053560399384525656,661,That apple was a time machine...
2151,3380,7,7,97,111,1.1891891891891893,0.05040948377666219,661,dwarf roller derby what a wonderful idea.
2475,3393,7,6,93,106,1.1886792452830188,0.052112959669636555,661,"Skating free has vastly improved our moods. Good idea, Muller."
2448,3393,8,4,94,106,1.1886792452830188,0.053809433047062726,661,I have no idea why my nose grows sometimes.
2398,3393,5,10,91,106,1.1886792452830188,0.048542471371932065,661,"Such a great idea, Dopey!"
1772,3393,7,6,93,106,1.1886792452830188,0.052112959669636555,661,"You're the only one who could have my gloves, you bashful little shit."
2320,3393,8,4,94,106,1.1886792452830188,0.053809433047062726,661,There's not enough to give you one. We're short.
2271,3393,7,6,93,106,1.1886792452830188,0.052112959669636555,661,Goosey was one of the original Seven Dwarfs. Snow White replaced him with Sleepy after he got too fresh.
2220,3393,7,6,93,106,1.1886792452830188,0.052112959669636555,661,And you must be Rolly!
2186,3393,6,8,92,106,1.1886792452830188,0.05035936900132889,661,"Ahh...I see, it's 1991 and the prince is heavy into rollerblading now."
2082,3393,7,6,93,106,1.1886792452830188,0.052112959669636555,661,If you all make the the NHL we’ll be filthy rich!
2157,3393,7,6,93,106,1.1886792452830188,0.052112959669636555,661,"Hi Ho,Hi Ho its of f to vacation we go."
2077,3393,8,4,94,106,1.1886792452830188,0.053809433047062726,661,"Hi-ho, hi-ho, it's off to the skate park we go."
2060,3393,8,4,94,106,1.1886792452830188,0.053809433047062726,661,My nose is almost as long as yours
1997,3393,7,6,93,106,1.1886792452830188,0.052112959669636555,661,Roller Dwarfby is better than baseball!
1922,3393,6,8,92,106,1.1886792452830188,0.05035936900132889,661,"Your hayfever passed!” 
Claire Gottsegen, New York, N"
1795,3393,7,6,93,106,1.1886792452830188,0.052112959669636555,661,"Hey,the Ed department coming over..so grab an iPad and bring up home schooling.com"
1788,3393,7,6,93,106,1.1886792452830188,0.052112959669636555,661,Snow White and the skating dwarves.
2528,3393,8,4,94,106,1.1886792452830188,0.053809433047062726,661,Stop skating around shitheads:)
2161,3393,7,6,93,106,1.1886792452830188,0.052112959669636555,661,"Well, the Night King had his own contribution."
2613,3393,6,8,92,106,1.1886792452830188,0.05035936900132889,661,More magic fingers or next time I'll glue those skates to your head
3375,3393,9,2,95,106,1.1886792452830188,0.05545403145095483,661,"Watch out for the queen of Roller Kingdom, guys, I hear she's wicked fast!"
2631,3393,6,8,92,106,1.1886792452830188,0.05035936900132889,661,"Brooklyn has surely changed since the financial crisis,"
3529,3393,8,4,94,106,1.1886792452830188,0.053809433047062726,661,I just knew roller skating would be a kick!
1763,3393,6,8,92,106,1.1886792452830188,0.05035936900132889,661,"Com Dancer, come Prance, come Donner and Blitzen.....oh, this is the Snow White reading, you say? Never mind."
3262,3393,5,10,91,106,1.1886792452830188,0.048542471371932065,661,Happy Day ! Snow White finds her ring.
3142,3393,8,4,94,106,1.1886792452830188,0.053809433047062726,661,Wow! You love my Global Warming contingency!
3108,3393,7,6,93,106,1.1886792452830188,0.052112959669636555,661,Whistle while you flex on 'em with those jazz hands!
3105,3393,7,6,93,106,1.1886792452830188,0.052112959669636555,661,Snow White and The Seven Scaters
3101,3393,6,8,92,106,1.1886792452830188,0.05035936900132889,661,So which one of you has my rollerblades?
3051,3393,6,8,92,106,1.1886792452830188,0.05035936900132889,661,I SAID I FEEL LIKE YOUR SPECIES MIGHT HAVE A LOWER TOLERANCE TO MDMA??
3033,3393,9,2,95,106,1.1886792452830188,0.05545403145095483,661,Greet her while you skate “all but Grumpy”
2984,3393,7,6,93,106,1.1886792452830188,0.052112959669636555,661,I bought you these little skates ‘cuz I knew you were going to be disappointed in my looks.
2964,3393,5,10,91,106,1.1886792452830188,0.048542471371932065,661,"Hi ho, hi ho it's down the hill we roll"" doesn't cut it. Get back to your jobs at the mine"
2908,3393,8,4,94,106,1.1886792452830188,0.053809433047062726,661,"I'm sure it's fun, now back to the diamond mine, I'm waiting for a new necklace."
2900,3393,7,6,93,106,1.1886792452830188,0.052112959669636555,661,Great! Now you're ready for the roller derby against Santa's reindeer!
2888,3393,5,10,91,106,1.1886792452830188,0.048542471371932065,661,Maybe when you guys are bigger you can do roller derby...but for now what say we stick with free skate!
2807,3393,6,8,92,106,1.1886792452830188,0.05035936900132889,661,I’ve been invited to compete on Dancing With the Stars and you’re all going with me!
2795,3393,6,8,92,106,1.1886792452830188,0.05035936900132889,661,Happy Fathers Day!
2778,3393,6,8,92,106,1.1886792452830188,0.05035936900132889,661,"You know, the bigger they are the harder they fall. Oh little ones! Isn’t it a wonder being small?"
2749,3393,6,8,92,106,1.1886792452830188,0.05035936900132889,661,"We’re going to be streaming and making money, so skate all you want."
2718,3393,5,10,91,106,1.1886792452830188,0.048542471371932065,661,"Gosh, you are all so...diverse"
2616,3393,8,4,94,106,1.1886792452830188,0.053809433047062726,661,Stop roller skating!
1748,3393,7,6,93,106,1.1886792452830188,0.052112959669636555,661,"I don't know whether Dopie was no dope or Bashful hasn't been so shy, but I think I'm pregnant, fellas."
2359,3393,7,6,93,106,1.1886792452830188,0.052112959669636555,661,Forget about happily ever after
1742,3393,8,4,94,106,1.1886792452830188,0.053809433047062726,661,I'd better get my skates on.
782,3393,5,10,91,106,1.1886792452830188,0.048542471371932065,661,I  will go to the ball with a skate on four wheels.
758,3393,5,10,91,106,1.1886792452830188,0.048542471371932065,661,"Keep on going, you’re on a roll and ignore bashful!"
708,3393,7,6,93,106,1.1886792452830188,0.052112959669636555,661,AND I THOUGHT LIFE WAS GOING TO GET EASIER!
698,3393,6,8,92,106,1.1886792452830188,0.05035936900132889,661,This is awesome guys. I'm sure I'll win the Tina Turner singing contest now!
687,3393,8,4,94,106,1.1886792452830188,0.053809433047062726,661,So you think you can skate by another snow day?
673,3393,6,8,92,106,1.1886792452830188,0.05035936900132889,661,"It’s not a buffalo herd, but it’ll do!"
652,3393,7,6,93,106,1.1886792452830188,0.052112959669636555,661,I did not know you guys had roller derby.
646,3393,8,4,94,106,1.1886792452830188,0.053809433047062726,661,"Whistling may help the day go faster, but we disagree as to its length."
827,3393,8,4,94,106,1.1886792452830188,0.053809433047062726,661,Wow! A Dwarf roller derby!!!
578,3393,8,4,94,106,1.1886792452830188,0.053809433047062726,661,Just a little more inclusiveness will make you even happier.
401,3393,8,4,94,106,1.1886792452830188,0.053809433047062726,661,"Walt Disney presents :
Snow White on Skates!
A tale of Disco & Love!"
380,3393,8,4,94,106,1.1886792452830188,0.053809433047062726,661,"Yes, we should patent your sliding chaites Doc"
370,3393,6,8,92,106,1.1886792452830188,0.05035936900132889,661,"It's so easy, even Dopey can do it!"
217,3393,6,8,92,106,1.1886792452830188,0.05035936900132889,661,"Boys, go play by the White Castle drive through and pickup a sack of sliders, they're just your size. Besides, I really need a break from cooking to catchup on my beauty sleep."
191,3393,5,10,91,106,1.1886792452830188,0.048542471371932065,661,"Okay troupe, it's time for soup and guts."
136,3393,6,8,92,106,1.1886792452830188,0.05035936900132889,661,The performance won't kill unless we ALL use our jazz hands.
115,3393,5,10,91,106,1.1886792452830188,0.048542471371932065,661,You’ll see your parents soon
1747,3393,6,8,92,106,1.1886792452830188,0.05035936900132889,661,"As fast as you can, go out and find me an apple and a Prince, in that order."""
564,3393,7,6,93,106,1.1886792452830188,0.052112959669636555,661,Can't any of you find me a prince charming?
864,3393,9,2,95,106,1.1886792452830188,0.05545403145095483,661,Hey!...the skates aint gonna make it in the mines!!!
734,3393,6,8,92,106,1.1886792452830188,0.05035936900132889,661,Let me strap on my wheels and we can avoid the queen!
918,3393,6,8,92,106,1.1886792452830188,0.05035936900132889,661,You make me feel like a cotton princess
1627,3393,5,10,91,106,1.1886792452830188,0.048542471371932065,661,"Queen: ""Hey, Magic Mirror? Play 'Snow White Learns to Skate.'""
Magic Mirror: ""Okay. Playing 'Snow White Learns to Skate.'"""
1608,3393,6,8,92,106,1.1886792452830188,0.05035936900132889,661,"Now that you've all got the hang of it, you'll find you'll glide right into your whistling, while you roll right along with your working!"
1590,3393,8,4,94,106,1.1886792452830188,0.053809433047062726,661,"Nice move, Rollerblady. Slow down, Rollerblady. Watch your form, Rollerblady..."
1470,3393,9,2,95,106,1.1886792452830188,0.05545403145095483,661,"Don't worry dear Grumpy, I'm getting plenty of reiki warmth from the others."
1398,3393,8,4,94,106,1.1886792452830188,0.053809433047062726,661,"Okay, gang!  You're almost ready for the upcoming 'Starlight Express' revival on Broadway!"
915,3393,7,6,93,106,1.1886792452830188,0.052112959669636555,661,"Hey guys, where's Rollicky?"
1368,3393,8,4,94,106,1.1886792452830188,0.053809433047062726,661,"Now team, other than Dopey, who wants to be a jammer?"
1346,3393,7,6,93,106,1.1886792452830188,0.052112959669636555,661,"Hey, any of you guys ever hear of roller derby?"
1343,3393,5,10,91,106,1.1886792452830188,0.048542471371932065,661,If call me Khaleesi I will call you dragons
1388,3393,6,8,92,106,1.1886792452830188,0.05035936900132889,661,You've been where? In a Roller what?
1289,3393,7,6,93,106,1.1886792452830188,0.052112959669636555,661,My prince lost his skate key...anyone else up  for a  roll in the hay?
1201,3393,8,4,94,106,1.1886792452830188,0.053809433047062726,661,"Hey Snow White, we just came from work in diamond mines and now we are ""rolling"" in dough."
1192,3393,6,8,92,106,1.1886792452830188,0.05035936900132889,661,Where is the 7th
1167,3393,7,6,93,106,1.1886792452830188,0.052112959669636555,661,I appear to be a bit overdressed for winter frolicking.
1133,3393,8,4,94,106,1.1886792452830188,0.053809433047062726,661,"I don't care what you thought about it, Grumpy, but it felt great in my ass."
1126,3393,9,2,95,106,1.1886792452830188,0.05545403145095483,661,Count off!
1095,3393,7,6,93,106,1.1886792452830188,0.052112959669636555,661,"I get it, you are all jumping with joy because you know my password with eight characters"
1335,3393,8,4,94,106,1.1886792452830188,0.053809433047062726,661,I can tell you all loved that white snow!
1081,3393,8,4,94,106,1.1886792452830188,0.053809433047062726,661,"Guys, time to celebrate.   Grumpy is dead!"
2868,3478,6,7,91,104,1.1826923076923077,0.05069425234908626,661,Which one of you is Creaky?
2939,3478,7,5,92,104,1.1826923076923077,0.05250346387257651,661,The first one to find my mittens gets to be the kitten!
2994,3478,6,7,91,104,1.1826923076923077,0.05069425234908626,661,Next time we'll meet on the old wharf
3543,3478,7,5,92,104,1.1826923076923077,0.05250346387257651,661,Grumpy's right.  Skitchin' while you work is way more rad.
3478,3478,7,5,92,104,1.1826923076923077,0.05250346387257651,661,"They're all happy
Who is Who?"
3507,3478,6,7,91,104,1.1826923076923077,0.05069425234908626,661,Hi Ho! Hi Ho! It’s off to the nose surgeon we all go!
2628,3478,6,7,91,104,1.1826923076923077,0.05069425234908626,661,I think Grumpy's going to need a new nickname.
3036,3478,7,5,92,104,1.1826923076923077,0.05250346387257651,661,Skating dwarves are the new yoga pants!
2207,3478,6,7,91,104,1.1826923076923077,0.05069425234908626,661,we got a gig Castle’s roller rink. Sure pays off to have been in a movie!
3163,3478,6,7,91,104,1.1826923076923077,0.05069425234908626,661,So grateful to be with all of you ! #blessed
1905,3478,7,5,92,104,1.1826923076923077,0.05250346387257651,661,Thinking of changing my derby name from Snow Blight to True Love’s Kiss. Unnerve the competition with problematic tropes.
1632,3478,8,3,93,104,1.1826923076923077,0.054252375210722854,661,"Mom, -m, -m, -m, -m, -m!"
1507,3478,7,5,92,104,1.1826923076923077,0.05250346387257651,661,"Team builds help with morale,Grumpy. I don’t think your workplace would mine."
1256,3478,6,7,91,104,1.1826923076923077,0.05069425234908626,661,I think starting a door to door massage group is a great idea!!!
645,3478,6,7,91,104,1.1826923076923077,0.05069425234908626,661,No Poopy can't come along!
487,3478,8,3,93,104,1.1826923076923077,0.054252375210722854,661,It seems that rollerblading brings out the true feelings in all of you!
411,3478,8,3,93,104,1.1826923076923077,0.054252375210722854,661,"How do you do"", that"
317,3478,7,5,92,104,1.1826923076923077,0.05250346387257651,661,I'm renaming you 'Sleepy Joe'.
2127,3478,6,7,91,104,1.1826923076923077,0.05069425234908626,661,OK. Now we're ready to take on the Munchkins' roller derby team.
3459,3497,5,9,91,105,1.180952380952381,0.048382163752825266,661,You can't all be Rolly.
2909,3497,8,3,94,105,1.180952380952381,0.053761364555373295,661,Didn't I tell you that 'Heaven's Gate' was a great movie!
1563,3497,7,5,93,105,1.180952380952381,0.05203012719286361,661,It helped for sleepy and grumpy but isn't working out for dopey.
2840,3497,5,9,91,105,1.180952380952381,0.048382163752825266,661,"Happy, don't be grumpy because roller blades and jazz hands cramp your style."
2774,3501,8,3,95,106,1.179245283018868,0.0532791219505056,661,Invito is not a fairytale.
3192,3501,6,7,93,106,1.179245283018868,0.04979232668978751,661,Have your pick.
3171,3501,8,3,95,106,1.179245283018868,0.0532791219505056,661,"Come! I'll make it easy for you. Do, a dwarf, a Happy Dwarf, Re, a Really Grumpy Dwarf...."
2810,3501,5,9,92,106,1.179245283018868,0.047953949554394006,661,"I don't mine, but I dig, dig, dig it boys!"
3387,3501,7,5,94,106,1.179245283018868,0.051565204513311945,661,And they lived crappily ever after...
2755,3501,7,5,94,106,1.179245283018868,0.051565204513311945,661,I would say that it is an incredible coincidence!
2164,3501,8,3,95,106,1.179245283018868,0.0532791219505056,661,"I don't care what Dopey told you, there's no such thing as an 'm-word pass.'"
2393,3501,7,5,94,106,1.179245283018868,0.051565204513311945,661,I remembered all your names and now I’ll name the Ten Commandments.
2297,3501,7,5,94,106,1.179245283018868,0.051565204513311945,661,"Lying the ""the weeds"" or snow drift doesn't ensure success but it can surely alter it."
2130,3501,8,3,95,106,1.179245283018868,0.0532791219505056,661,"So, this guy, Walt Disner or something said he's making a movie.  He asked me to find grumpy and doc and for sure they will call sleepy, bashful and sneezy.  Does any of  that make sense?"
2012,3501,8,3,95,106,1.179245283018868,0.0532791219505056,661,We just invented Stroller Derby!
747,3501,5,9,92,106,1.179245283018868,0.047953949554394006,661,"Someday, I’ll tell you about my stint as Rolller Girl."
2430,3501,7,5,94,106,1.179245283018868,0.051565204513311945,661,Good news: you will all get an injection of growth hormones.
1815,3514,5,8,88,101,1.1782178217821782,0.04954453862652198,661,You're going to start daily skate therapy to treat each of your individual issues.
3271,3515,5,8,90,103,1.174757281553398,0.04863877989010869,661,Now we’ll be known as Snow White and the seven dwarf  flashes.
3197,3515,5,8,90,103,1.174757281553398,0.04863877989010869,661,Beautiful! Now go clean your own house.
2935,3515,5,8,90,103,1.174757281553398,0.04863877989010869,661,"The Winterfell roller derby team and their coach Arya
 celebrate their victory over the dead, previously
coached by the Night King"
2769,3515,6,6,91,103,1.174757281553398,0.05055787098264724,661,"There are safer ways to stand taller."" -Markell West ""I see you're ready to challenge the Queen's roller-derby team.""  Tom Potte"
2336,3515,6,6,91,103,1.174757281553398,0.05055787098264724,661,"But I'm singing, ""Let's Go Fly a Kite!"""
2172,3515,5,8,90,103,1.174757281553398,0.04863877989010869,661,BACK IN TIME ...DREAMING....
1104,3515,5,8,90,103,1.174757281553398,0.04863877989010869,661,This whole smiling bit is not tricking my brain into thinking I'm happy. God I wish I was dead. Have you guys seen my mom?
699,3515,4,10,89,103,1.174757281553398,0.0466407922327535,661,"Tyrion!
Tyrion!
Ironman lives!"
390,3515,6,6,91,103,1.174757281553398,0.05055787098264724,661,Critics were harshly divided over the live-action reboot.
150,3515,6,6,91,103,1.174757281553398,0.05055787098264724,661,I wish I had a low center of gravity.
51,3515,7,4,92,103,1.174757281553398,0.052406733607405505,661,Did anyone see Wheelie?
1437,3515,5,8,90,103,1.174757281553398,0.04863877989010869,661,"Hi ho, hi ho, it’s off to skate we go...."
64,3527,6,5,87,98,1.1734693877551021,0.052349611688199224,661,Which one of you is Steve Rubell?”
512,3527,5,7,86,98,1.1734693877551021,0.05029998417674144,661,"Hey little guys, roller skates on ice could be the next great sport for America!"
634,3527,7,3,88,98,1.1734693877551021,0.054321959460516975,661,"If the world was really backwards, we would be filing eTax this month."
2184,3527,6,5,87,98,1.1734693877551021,0.052349611688199224,661,afsafasfda
3491,3531,6,4,85,95,1.168421052631579,0.05323284771559816,661,"Okay guys, the season starts in two weeks. Who wants to try out for jammer?"
3072,3531,4,8,83,95,1.168421052631579,0.04884473097935025,661,"Sorry, I only date men over 6 foot."
2439,3531,5,6,84,95,1.168421052631579,0.051085926733089426,661,"Sorry Doc, we have to change your name too Sick."
2243,3531,6,4,85,95,1.168421052631579,0.05323284771559816,661,"Snow White and The-wait,this isn’t right"
1944,3531,7,2,86,95,1.168421052631579,0.055296475851952326,661,It appears that have a failing kidndom.
1917,3531,6,4,85,95,1.168421052631579,0.05323284771559816,661,Where is Our Lead Jammer Dopey?!?
801,3531,5,6,84,95,1.168421052631579,0.051085926733089426,661,"Come, guys, let us make the story real for the people of the world!"
749,3531,5,6,84,95,1.168421052631579,0.051085926733089426,661,Once you get comfy with those we'll try it on ice!
743,3531,6,4,85,95,1.168421052631579,0.05323284771559816,661,"Doc, I am happy to see you are not bashful, sleepy or grumpy about skating."
542,3531,7,2,86,95,1.168421052631579,0.055296475851952326,661,Grumpy has a coming out party to announce he’s actually gay
378,3531,5,6,84,95,1.168421052631579,0.051085926733089426,661,Sleeping Derby
236,3531,4,8,83,95,1.168421052631579,0.04884473097935025,661,"It isn’t a scheme, it’s called multi-level marketing.”"
1216,3531,6,4,85,95,1.168421052631579,0.05323284771559816,661,We've done it - Heptacycling will surely be a team sport in the next Olympics.
726,3544,5,5,84,94,1.1595744680851063,0.05085224600868276,661,"Yes, I know you can all skate, but I'm looking for your Poppa Wheelie right now."
1143,3544,5,5,84,94,1.1595744680851063,0.05085224600868276,661,"okay now hoist me up, it is just up that hill."
1324,3544,6,3,85,94,1.1595744680851063,0.053054043423030085,661,"Sings, ""When the Moon hits your eye like a big pizza pie, that's amore."""
1601,3544,4,7,83,94,1.1595744680851063,0.04855069849881071,661,Why so grumpy?  We're now in a video game!
1620,3544,5,5,84,94,1.1595744680851063,0.05085224600868276,661,"I know how to defeat the Evil Queen! 
Who's coming with me to find infinity stones?"
2982,3544,4,7,83,94,1.1595744680851063,0.04855069849881071,661,And they whistle too!
2620,3550,5,3,79,87,1.1494252873563218,0.0530510832792138,661,"C’mon Sleepy Joe, try to keep
up!"
239,3551,4,1,70,75,1.12,0.05355808499627735,661,"Let's see: Sappy, Weepy, Sleazy, Shlock, Wrathful, Lumpy and Mopey. Yes, that's all of you."
