target_id,rank,funny,somewhat_funny,unfunny,count,score,precision,contest,caption
3024,1,4183,4322,2519,11024,2.150943396226415,0.007285985437140733,662,Did you see the rock he gave her.
1332,2,3410,4361,2438,10209,2.0952101087275934,0.007431524740431655,662,She's lucky. All the men I date are gatherers.
2772,3,3369,4674,2384,10427,2.0944662894408745,0.0072155223674946044,662,They met at the opera
3241,4,2901,3735,2756,9392,2.01543867120954,0.008007043352119825,662,Now I know why she calls him Hun.
3103,5,2718,3333,3129,9180,1.9552287581699346,0.008316930338927515,662,I hear that they met on a Viking cruise.
4487,6,2493,3732,2928,9153,1.9524745984922975,0.008029162914267456,662,It's progress. Her first husband was such a Neanderthal.
3794,7,2448,2772,3020,8240,1.9305825242718446,0.00894192023568224,662,"So, is this your first Minnesota wedding?"
161,8,2082,2780,2757,7619,1.9114056962856019,0.009074194402356971,662,“It’s about time they settled down and razed a village.”
755,9,2383,3407,3183,8973,1.9108436420372228,0.008261473899901617,662,They met clubbing.
15,10,2202,2533,3163,7898,1.8783236262344898,0.009172973411571464,662,They're registered at Blood Bath and Beyond.
3740,11,2132,3110,3158,8400,1.877857142857143,0.008555951921129864,662,...of course he 'takes' that woman. He's a viking. That's what they do.
211,12,1941,1905,2797,6643,1.8711425560740629,0.010241202279366058,662,Who knew there was a black rabbi in Norway?
4446,13,1147,2027,1899,5073,1.8517642420658387,0.010679403107456686,662,I love that no one wears the pants in their relationship.
785,14,1342,2351,2252,5945,1.8469301934398654,0.00988758539159006,662,Kind of encouraging people can still find love in their middle ages.
2936,15,1283,2135,2176,5594,1.8403646764390418,0.010295627042873503,662,Don’t even think of objecting.
2007,16,1646,2480,2750,6876,1.8394415357766143,0.009446855512465598,662,He’s made a fortune in hostile takeovers.
3628,17,1170,1820,1989,4979,1.835509138381201,0.01104619312540326,662,I’m leaving before she tosses the sword.
121,18,1164,1737,2008,4909,1.8280708902016705,0.011208555783628631,662,They met on Ancestry.com.
2234,19,974,1640,2041,4655,1.7707841031149303,0.011308377427742012,662,She did describe him as horny.
4394,20,853,1754,1907,4514,1.7665042091271599,0.011108621274716946,662,It's a mixed marriage: he's a plunderer and she's a pillager.
1231,21,1173,2359,2622,6154,1.7645433864153397,0.009550538468300169,662,I give it two harvests.
4778,22,1147,1973,2474,5594,1.7627815516624956,0.010279728637448252,662,Tonight we’re gonna party like it’s 999.
4304,23,914,1860,2155,4929,1.7482247920470684,0.010652902191435354,662,Doesn't she look ravaging!
1775,24,1413,2261,3284,6958,1.7311008910606496,0.00930797679102643,662,Let's hope tonight's the annual bath.
3999,25,397,703,948,2048,1.73095703125,0.016895815154045712,662,I could have done without the reading from Beowulf.
2360,26,996,2019,2492,5507,1.7283457417831851,0.010081214594179242,662,"So I said to her, ""Marge, you're never going to meet a real man online.  Why don't you try one of those Viking Cruises?"""
2011,27,897,1721,2288,4906,1.716469629025683,0.010768773368936798,662,I shaved my legs for this?
376,28,846,1513,2158,4517,1.709541731237547,0.011339408659218375,662,Her last husband’s funeral boat isn’t even cold yet.
25,29,657,1795,1943,4395,1.7073947667804323,0.010730737629347405,662,Suddenly these bridesmaids’ dresses don’t seem so bad.
335,30,657,1382,1813,3852,1.699896157840083,0.011963362895975523,662,I guess this means that the reception dinner meal is all paleo.
1014,31,669,1255,1793,3717,1.6976055959106806,0.012395089833554664,662,"The invitation said nine thirty, but I thought A.M., not A.D."
2574,32,879,1762,2413,5054,1.6964780371982588,0.01052020826690668,662,If there is anyone who has a reason to object to this union my advice is to keep your mouth shut.
4592,33,614,1090,1626,3330,1.696096096096096,0.013203073295531356,662,They met on Plundr.
1510,34,674,1402,1897,3973,1.6921721620941355,0.011792517181965898,662,They plan to invade England for their honeymoon.
927,35,598,1150,1667,3415,1.68696925329429,0.012867470527972753,662,Now he wants to be called Erik the Wed.
3711,36,549,1081,1549,3179,1.685435671594841,0.013286375248354949,662,They're registered at Sacks.
1840,37,463,883,1330,2676,1.6760089686098654,0.014534004046521033,662,Did you see the size of her rock?
1047,38,481,945,1412,2838,1.6719520789288231,0.014042128930518767,662,The pre-nup is set in stone.
1858,39,537,1040,1578,3155,1.6700475435816164,0.013342660677049676,662,"Blind date, parking lot, Vikings vs Raiders."
2220,40,459,1018,1478,2955,1.655160744500846,0.013477645699311688,662,"When she said she was marrying Norman, I assumed that was the guy's name."
1851,41,104,241,342,687,1.653566229985444,0.027774158468746504,662,"Wow, that's quite a rock he got her."
3731,42,415,820,1313,2548,1.6475667189952905,0.01474784454958946,662,A black minister marrying a Viking couple under a chuppah. Now that's diversity
993,43,466,1000,1526,2992,1.6457219251336899,0.013439842646298047,662,It's always the wife who converts.
4518,44,371,800,1243,2414,1.6387738193869097,0.014933413205932245,662,"I hear they met at the opera."""
4591,45,350,647,1177,2174,1.6195952161913523,0.016020064857523678,662,I heard she has a Hun in the oven.
478,46,224,512,823,1559,1.6157793457344451,0.01833854428607503,662,"It's her first marriage, and his first consensual one."
1433,47,369,630,1224,2223,1.6153846153846154,0.015997724244665334,662,Are you as sick of Game of Thrones as me?
2520,48,89,149,295,533,1.6135084427767354,0.03276352265219474,662,The third usher objected to the marriage.
4390,49,153,391,597,1141,1.6108676599474145,0.021065773435689168,662,She met him clubbing
4792,50,331,603,1153,2087,1.6061332055582176,0.016325098870639217,662,There's no way this is staying in Vegas.
3076,51,67,140,246,453,1.6048565121412803,0.034397817491474685,662,She's from Green Bay but she was always a Vikings fan.
2561,52,200,430,743,1373,1.604515659140568,0.019662037477448185,662,They go way back.
2444,53,297,836,1253,2386,1.5993294216261527,0.014320176604474709,662,So glad we got to pick the dresses.
1792,54,203,318,693,1214,1.5963756177924218,0.02177497469324086,662,I hear they registered at Blood Bath and Beyond.
1983,55,170,363,646,1179,1.5962680237489397,0.021193434664282793,662,I teared up when they exchanged weapons.
1771,56,264,578,1025,1867,1.5923942153186932,0.016761838942061208,662,These Unitarian weddings are always interesting.
51,57,152,323,589,1064,1.5892857142857142,0.0222814956603133,662,"If anyone sees any reason why these two should not be wed, speak now and rest in peace."
4535,58,257,679,1113,2049,1.5822352367008297,0.01553240439942986,662,"I""m surprised she went with the sleeveless bearskin"
3753,59,285,383,975,1643,1.5800365185636032,0.018964042356864816,662,They met at a rally for the President
1953,60,255,532,1013,1800,1.5788888888888888,0.017117289474910348,662,I hear he has a long ship.
1026,61,207,438,843,1488,1.5725806451612903,0.018753306929174228,662,It's the same dress her mother wore.
2051,62,227,426,901,1554,1.5662805662805663,0.018608311893556984,662,"And still, somehow, our dresses are worse."
88,63,142,387,665,1194,1.5619765494137354,0.02014230291968009,662,We’re not losing a hunter. We’re gaining a gatherer.
1443,64,60,180,297,537,1.558659217877095,0.029612635441903595,662,"They met on a Viking cruise, I assume."""
3440,65,213,452,913,1578,1.556400506970849,0.01810245203876932,662,I think the've taken this paleo thing a little too far.
333,66,58,149,271,478,1.5543933054393306,0.03204161316141361,662,Remember to go for the handle when you catch the sword.
1263,67,182,406,806,1394,1.552367288378766,0.019103690853499087,662,"When she said she was marrying a Viking, I thought she meant a football player."
227,68,137,401,685,1223,1.5519215044971382,0.01963962153766056,662,I wouldn't object if I were you.
1175,69,174,410,791,1375,1.5512727272727274,0.019085001322874558,662,I hear the entire banquet is forest to table.
4470,70,114,315,564,993,1.5468277945619335,0.021937742012536777,662,The matching fanny packs is a nice touch.
2985,71,75,185,354,614,1.5456026058631922,0.028336709933623132,662,"No, I like the outfits. I did think the Goat Sacrifice was a bit much, though."
26,72,159,351,717,1227,1.5452322738386308,0.020338143624751812,662,"I told her marriage is a barbaric relic of the Middle Ages, and she was like, that's the perfect theme!"""
2576,73,151,325,685,1161,1.5400516795865633,0.020937436539569833,662,They’ve been insufferable over their viking heritage ever since they had their DNA tested.
4651,74,131,294,611,1036,1.5366795366795367,0.022013398741217428,662,Don't ask me. She an assistant manager at Starbucks and he's a CPA.
225,75,109,225,495,829,1.53437876960193,0.024861586176228696,662,When Sue said she was marrying a Minnesota Viking I thought she meant a football player.
4567,76,152,258,645,1055,1.5327014218009478,0.022573562557701432,662,"They hired a tribute band for the reception, The Pillage Veople."
2620,77,104,240,497,841,1.5326991676575505,0.02430597070459464,662,"After what happened to the third groomsman, I'll bet everyone else holds their peace."
1974,78,63,196,348,607,1.5304777594728172,0.027450806882292136,662,At least he's better than that Neanderthal she dated in college.
255,79,115,271,559,945,1.53015873015873,0.02284056508801124,662,"When they said they were having a traditional Scandinavian wedding, I thought that meant there would be a Lutheran minister."
173,80,112,259,553,924,1.5227272727272727,0.02308558933605748,662,They registered at Sack Fifth Avenue.
3671,81,103,267,535,905,1.5226519337016575,0.02297341670981556,662,Wait til you see her cut the cake.
3596,82,105,229,507,841,1.521997621878716,0.02437843600864438,662,"When she told me her new guy was an international trader who specialised in foreign takeovers, that's not what I envisaged."
3677,83,110,234,529,873,1.520045819014891,0.023984005255067962,662,This is what happens when you use Ancestry.com as a dating site.
3803,84,96,181,446,723,1.515905947441217,0.026715572943294807,662,"I just know, when he drags her down the isle by her hair, I'm going to cry."
4789,85,96,249,510,855,1.5157894736842106,0.02356693829989063,662,"After what happened to the third groomsman, I'll hold my peace."
344,86,92,252,503,847,1.5147579693034239,0.0234953722742979,662,It must be true love... She used to be a Packers fan.
2137,87,96,209,476,781,1.5134443021766966,0.02520830955573012,662,But they don't look Jewish.
2684,88,99,261,536,896,1.5122767857142858,0.022936186027447167,662,To pillage and to burn...
3071,89,116,190,518,824,1.5121359223300972,0.025410508571566896,662,Would you believe they met at a Trump rally?
380,90,97,230,501,828,1.5120772946859904,0.02419573687707243,662,"If she throws that sword, I'm not catching it."
4227,91,94,243,507,844,1.5106635071090047,0.023678228128090565,662,"Before we start, may I remind you this is a civil ceremony."
3255,92,69,198,393,660,1.509090909090909,0.0263917109021786,662,Not holding out hope for vegan options at the reception.
489,93,75,148,363,586,1.5085324232081911,0.0294072464469155,662,Reform Judaism has just gone too far.
3986,94,84,205,445,734,1.508174386920981,0.025558322496227914,662,This is a marriage made in Valhalla.
50,95,78,214,437,729,1.5075445816186557,0.025244269528050152,662,Do you believe Lois wore those sandals with that sword?
430,96,90,214,473,777,1.507078507078507,0.024912478924882103,662,I used to date him and let's just say the spear is not to scale.
589,97,86,149,399,634,1.5063091482649842,0.02869608606617574,662,"It's a nice ceremony, but their funerals are better."
2575,98,78,158,385,621,1.5056360708534622,0.02843146723812889,662,10 to 1 they're not wearing underwear.
3555,99,75,223,441,739,1.5047361299052775,0.024774171493506608,662,"Oh don't worry, it's all synthetic fur."
1703,100,98,166,454,718,1.5041782729805013,0.027006973721730054,662,Before Trump this would have been funny.
3277,101,100,173,467,740,1.5040540540540541,0.026532943113263697,662,I hadn’t realized they’re both from Minnesota.
4025,102,101,170,470,741,1.5020242914979758,0.026574741376738393,662,We're just waiting for Siegfried to get here with the ring.
218,103,76,140,366,582,1.5017182130584192,0.029661470125794957,662,"You think this looks silly, my other friends were Dolphin fans."
2654,104,51,111,263,425,1.5011764705882353,0.03399495717031699,662,Where did he drag her in from?
1830,105,85,185,439,709,1.5007052186177716,0.026301538931286412,662,"Well, the wedding invitation did say ‘dress to kill’."
1079,106,72,185,401,658,1.5,0.02671357132909013,662,I think I’ll skip the bouquet toss.
3371,107,47,97,239,383,1.4986945169712793,0.036012981411432124,662,Some people just take their genetic profiles too seriously.
730,108,45,96,232,373,1.4986595174262736,0.03634086928767661,662,Stop whining. I still have the uniform from your Trek wedding.
2926,109,42,101,229,372,1.4973118279569892,0.03581169775848296,662,I can't tell if I'm overdressed or underdressed.
4810,110,76,202,435,713,1.4964936886395512,0.025505326511766388,662,She's taking her ancestry results very seriously.
1131,111,76,181,414,671,1.496274217585693,0.02666860441969974,662,They met while clubbing.
4875,112,63,147,341,551,1.4954627949183303,0.02950052541554285,662,There’s no reception - we’re going to raid the Miller wedding.
3973,113,76,167,401,644,1.4953416149068324,0.027492488559017057,662,So nice Linda's turning over a new Leif.
3300,114,63,188,383,634,1.4952681388012619,0.026624644412746847,662,You won’t believe the size of the rock he gave her!
2762,115,35,75,183,293,1.4948805460750854,0.04091762695070335,662,"Marriage is a dated, barbaric ritual."
1685,116,86,177,443,706,1.4943342776203965,0.026460031732955767,662,Looks like they both said yes to the dress!
3514,117,71,194,415,680,1.4941176470588236,0.025993907956721397,662,apparently he has a several boats and loves to travel.
2122,118,72,177,401,650,1.4938461538461538,0.026953723731295728,662,"If she throws that sword, it's all yours."
1894,119,95,135,431,661,1.491679273827534,0.028534244001647297,662,Her arse will be Thor in the morning.
2285,120,57,202,384,643,1.4914463452566096,0.025796374013826732,662,"It won’t last.  He does the pillaging, she does the plundering, but neither one cooks."
810,121,64,182,385,631,1.491283676703645,0.026808451658491692,662,I'm just grateful they didn't go with the Adam and Eve theme.
4888,122,38,80,200,318,1.490566037735849,0.03927195124672306,662,Do you know when the fat lady is going to sing?
941,123,68,156,372,596,1.4899328859060403,0.028346196302769387,662,Can't wait to hear him try to pronounce Æthelflæd.
402,124,71,174,400,645,1.489922480620155,0.02701660066965381,662,It’s time they settle down and raze a village.
223,125,67,122,334,523,1.4894837476099427,0.031137550404026812,662,With the power vested in me by Odin and the state of Nevada...
2046,126,66,190,402,658,1.4893617021276595,0.02618557846534231,662,Truly a match made in Valhalla.
3482,127,64,170,377,611,1.4877250409165304,0.027441202729103418,662,"I hear the ring came from a grandmother, not his... but someones!"
2025,128,75,152,393,620,1.4870967741935484,0.028186116686853193,662,She met him on a Viking cruise.
4488,129,69,195,422,686,1.4854227405247813,0.025657874938722208,662,Just the gown cost an arm and a leg.
1416,130,55,156,337,548,1.4854014598540146,0.028698674387112787,662,"Psst...we’re all letting her sister catch the bridal sword, ok?"
4865,131,66,149,364,579,1.4853195164075994,0.028750319932412522,662,I'm starting to think the other groomsman isn't in the bathroom.
818,132,66,155,372,593,1.4839797639123102,0.02824663088683313,662,I bet she kills him first.
236,133,70,173,404,647,1.4837712519319939,0.02686164342470692,662,In high school he was voted 'Most Likely to Invade Ireland.'
2476,134,62,186,396,644,1.4813664596273293,0.02622428015027034,662,Thank god this is the last season of Game of Thrones
3914,135,73,166,410,649,1.4807395993836672,0.027062756176384678,662,"...in sickness and in helath, until you are set ablaze on a ship and pushed out to sea."
3810,136,57,141,333,531,1.4802259887005649,0.029597879004002493,662,"Poor thing, everyone
 knows big feet, small sword!"""
2036,137,40,75,208,323,1.479876160990712,0.039297916499991564,662,...in pillage and in famine...
4058,138,63,169,383,615,1.4796747967479675,0.027206082109244197,662,They’re a perfect match.  He sacks and she pillages.
700,139,62,163,374,599,1.4791318864774625,0.027631600831614832,662,She says he’s great in the sacking
1236,140,64,145,361,570,1.4789473684210526,0.0288660377858798,662,'Apparently he now wants to be known as Erik the Wed.'
1826,140,70,133,367,570,1.4789473684210526,0.029499957457040024,662,Delta always mixes up my luggage too.
1209,142,60,135,340,535,1.4766355140186915,0.029785536991743123,662,"Whatever you do, DON'T object!"
1324,143,65,155,378,598,1.4765886287625418,0.02796393981045878,662,May the Norse be with you.
4606,144,32,75,185,292,1.476027397260274,0.04012880449508846,662,She’s only marrying him for his vessel.
481,145,41,105,247,393,1.4758269720101782,0.03418389136865974,662,"it's a little ironic to call him the ""groom"""
3864,146,65,160,385,610,1.4754098360655739,0.02755827019340308,662,"When she said she was going Viking, I thought she meant appliances."
1969,147,47,107,269,423,1.475177304964539,0.03342977558724768,662,I'm telling you I can sense people who haven't been vaccinated.
729,148,44,116,270,430,1.4744186046511627,0.0325310235648803,662,I heard that before the DNA tests they were both Irish.
3968,149,35,58,177,270,1.474074074074074,0.04348170172865664,662,She said she would only marry a guy hung like a Norse
761,150,71,150,395,616,1.474025974025974,0.02793269583728907,662,She said he was horny.
2568,151,39,79,214,332,1.4728915662650603,0.03824728301692798,662,It'll never last. She's from Green Bay.
103,152,61,124,336,521,1.472168905950096,0.03048929501236358,662,The reception will be Kosher Paleo
4857,153,50,105,280,435,1.471264367816092,0.033223836624913294,662,Apparently his DNA test kit said he’s one percent Scandinavian.
4172,154,54,124,316,494,1.4696356275303644,0.03080072332156579,662,There is no gift list. They're going to raid Paris
3084,155,57,160,367,584,1.4691780821917808,0.027604642288467228,662,"Well I can tell you one thing.
They didn’t meet online."
1683,156,59,116,324,499,1.468937875751503,0.03122364238896617,662,This is officially the most Reform temple I've ever seen.
1060,157,49,122,300,471,1.4670912951167727,0.031181860442050305,662,"I hate to ask in this environment,but what happened to the best man?"
2418,158,36,69,197,302,1.466887417218543,0.040236598969569694,662,I now pronounce you Anglo & Saxon
1141,159,44,115,276,435,1.4666666666666666,0.03224287652058455,662,"Forever hold your peace would appear to be the prudent option, Margaret."
3679,159,38,92,230,360,1.4666666666666666,0.035795768567719856,662,OMG! She’s wearing flats.
961,161,53,110,301,464,1.4655172413793103,0.03210603434060118,662,Are you going to tell Rachel about that ancestry kit mix up now or at the reception?
4120,162,36,149,291,476,1.4642857142857142,0.02901850567437773,662,"I didn't want to be a bridesmaid, but I was afraid to say no."
4287,163,52,137,331,520,1.4634615384615384,0.029402034874738553,662,"Always the bridesmaid, never the warrior queen."
491,164,51,150,343,544,1.463235294117647,0.028341132814526875,662,I heard they met on Plundr.
4071,165,37,145,291,473,1.4630021141649048,0.02929537475075566,662,I love the way he calls her Hun.
87,166,31,98,217,346,1.4624277456647399,0.03521277259824632,662,"“If anyone knows why these two should not be married, think carefully before speaking.”"
3167,166,51,138,330,519,1.4624277456647399,0.02931390875258018,662,They meet at the Metropolitan Opera
43,168,50,83,263,396,1.4621212121212122,0.035617178686769696,662,Did you take this woman?
1972,169,56,130,338,524,1.4618320610687023,0.029730583311468356,662,"When she went paleo, 
I never imagined she'd take it this far."
546,170,53,111,306,470,1.4617021276595745,0.03179308060147362,662,"'Plunder, pillage, and sack'? Did they write their own vows?"
1222,171,53,110,305,468,1.4615384615384615,0.03189303712464592,662,I'd never marry a man with a spear that small.
902,172,47,135,315,497,1.460764587525151,0.029702672820871263,662,"Surprisingly, he's a vegan."
23,173,45,121,292,458,1.460698689956332,0.0312035022036796,662,"It's the final season of Game of Thrones, Jan, let them have their moment."""
433,174,63,111,341,515,1.4601941747572815,0.030972426875518575,662,I think they're registered at IKEA.
3194,175,49,133,320,502,1.4601593625498008,0.029757229521739034,662,I thought what happened in Reykjavik stayed in Reykjavik.
3588,176,56,118,326,500,1.46,0.030768382908003912,662,When she throws that thing it's all yours.
2159,177,47,145,328,520,1.4596153846153845,0.028755105556868377,662,I think they're going to love the NordicTrack I got them.
672,178,43,121,287,451,1.458980044345898,0.031234052807693514,662,"An open bar reception back at the boat, then looting and pillaging until dawn."
1158,179,36,123,266,425,1.4588235294117646,0.03138757501797346,662,Why did she laugh after saying ''til death do us part'?
1614,180,51,117,310,478,1.4581589958158996,0.0311094116987564,662,It was a much bigger wedding before the bachelorette party.
2094,181,54,124,329,507,1.457593688362919,0.03019107321056981,662,I  remember when she was a Democrat.
463,182,52,106,301,459,1.457516339869281,0.032196675196512904,662,They registered at IKEA.
2734,183,44,106,275,425,1.4564705882352942,0.032764310348967644,662,"Ughhh...always the wenchmaid, never the wench."
3100,184,50,130,324,504,1.4563492063492063,0.02979410146922638,662,She's wearing her grandmother's pelt!
4786,185,38,99,247,384,1.4557291666666667,0.034122982920623254,662,She slayed the dress herself.
4750,186,45,113,289,447,1.45413870246085,0.03173739724689503,662,I hear they met clubbing.
3847,187,42,103,267,412,1.453883495145631,0.033153655511648054,662,Finally ! They have been living together for ages
4128,188,59,105,328,492,1.4532520325203253,0.031514779318599175,662,She says he has a huge hammer.
4460,189,38,108,261,407,1.452088452088452,0.03271148208006102,662,The bride wore hide.
82,190,48,96,281,425,1.4517647058823528,0.03341970486072157,662,I hope I catch the sword.
365,191,49,119,313,481,1.4511434511434511,0.030664693370933922,662,"It's a very modern marriage, neither wears the pants."
2167,192,34,73,206,313,1.450479233226837,0.03859720038606544,662,It was sack and pillage at first sight.
107,193,49,92,281,422,1.4502369668246446,0.03375724180881533,662,Trust me.  She'll be Thor in the morning.
1854,194,44,100,274,418,1.4497607655502391,0.033141016018117656,662,The rabbi has agreed to say a blessing over the Val-challah
4520,194,39,110,269,418,1.4497607655502391,0.03226385858926151,662,They said no gifts; they’ve already pillaged more than they need to get started.
306,196,37,64,206,307,1.4495114006514658,0.03995476390701139,662,Did you get invited to the consummation?
3832,197,25,110,221,356,1.449438202247191,0.03305535020129548,662,No worries. It’s fake fur.
1762,198,45,123,306,474,1.4493670886075949,0.03040632952652767,662,Did you take this woman to be your wife?
1305,199,36,112,262,410,1.448780487804878,0.03215892373380233,662,"I'm okay with the costumes, but ""Do you take this wench?"" is over the top."
435,200,38,111,268,417,1.4484412470023982,0.03213537664020349,662,Bold choice going with the matching fanny packs.
1600,201,32,106,242,380,1.4473684210526316,0.033116527672597804,662,I only pray there will be utensils at the reception.
768,202,48,112,305,465,1.4473118279569892,0.031268979389282865,662,She’s always gone for horny old men
3207,203,36,108,259,403,1.446650124069479,0.03254594304779968,662,I think I'll hold my peace.
6,204,36,141,300,477,1.4465408805031446,0.028919096027728804,662,"So far, this has been a surprisingly civil ceremony."
4513,205,46,114,303,463,1.4449244060475162,0.03105890168118872,662,Don't you think the matching purses are a little much?
2484,205,37,132,294,463,1.4449244060475162,0.029673325755885226,662,The third groomsman? We lost him in the combat at the rehearsal dinner.
1609,207,29,87,210,326,1.4447852760736197,0.03615630361855981,662,YOU tell him the horns aren't authentic.
3541,208,41,114,286,441,1.4444444444444444,0.03136495668050621,662,Their choice of Wagner for the Wedding processional is making more sense!
4817,209,34,108,255,397,1.4433249370277077,0.03249213471251531,662,She said he was a barbarian. I thought she was kidding.
4764,210,37,94,248,379,1.4432717678100264,0.03419646657476414,662,I hear the mother-in-law is a real dragon.
800,211,23,67,165,255,1.4431372549019608,0.04100887099549845,662,"Always a wench-maid, never the wench."
2088,212,48,104,300,452,1.4424778761061947,0.031904812202412626,662,"I still think it's weird that they call each other ""Hun."""
159,213,42,107,283,432,1.4421296296296295,0.03199098860492248,662,You should see their funerals.
2324,214,47,94,286,427,1.440281030444965,0.03309447849418797,662,"Valhalla my ass, she’s Jewish and he’s Episcopal they’re going to Miami."
2146,215,40,81,245,366,1.4398907103825136,0.035691452039625295,662,"Well. I think they got the ""for worse part"" nailed."
908,216,39,88,251,378,1.439153439153439,0.034650467723842344,662,I heard they met on a Viking Cruise.
1466,216,35,96,247,378,1.439153439153439,0.03383070981088884,662,"At the reception, they're going to sacrifice the flower girl."
230,218,45,102,291,438,1.4383561643835616,0.03214951802669031,662,They met on a Viking river cruise.
2595,218,33,94,238,365,1.4383561643835616,0.03425109107665795,662,Don't object. It won't go well.
4806,220,34,99,248,381,1.4383202099737533,0.03342994614787892,662,This is the third 'Game of Thrones' wedding I've been in this year.
4777,221,36,118,280,434,1.4377880184331797,0.030847471247382404,662,"For the honeymoon, they found a lovely little town to pillage."
4669,222,47,91,285,423,1.4373522458628842,0.03331230509750824,662,"This is what Stockholm syndrome is, right?"
3718,223,44,93,277,414,1.4371980676328502,0.03332343167657113,662,"If anyone objects, well, good luck with that."
2541,224,33,114,265,412,1.4368932038834952,0.03143802875767418,662,Think they ever fight?
320,225,32,94,236,362,1.4364640883977902,0.03422100115132254,662,"There were three groomsmen, weren't there!"
591,226,36,86,241,363,1.4352617079889807,0.03502785241363451,662,I now pronounce you man and wife......you may drag the bride!
3506,227,55,71,290,416,1.4350961538461537,0.03506312956147261,662,He's the President's Chief of Staff
2254,228,40,104,279,423,1.4349881796690307,0.032102426372011904,662,The funny thing is—they’re Jewish.
4736,228,40,104,279,423,1.4349881796690307,0.032102426372011904,662,Do you promise to loot and to skirmish until death you impart?
1279,230,39,69,230,338,1.4349112426035502,0.037603770741452484,662,You may smite the bride.
252,231,38,81,242,361,1.4349030470914128,0.03560152550225165,662,"I thought I had fully prepared myself for a true Minnesota wedding, but I was wrong."
3027,232,32,87,229,348,1.4339080459770115,0.03518333619476357,662,I can think of a lot of reasons and I'm keeping them to myself.
2279,233,36,82,237,355,1.4338028169014085,0.03559164324400673,662,"It's been like this since they got their DNA results. On the up side, wait till you see the smorgasbord at the reception."
2022,234,29,87,220,336,1.431547619047619,0.03532084578190684,662,I feel like it was only yesterday when he raided her village.
3181,235,38,97,266,401,1.43142144638404,0.032970561358680116,662,They wrote their own battle cries.
4004,236,32,102,251,385,1.431168831168831,0.03273536713616217,662,They're honeymooning on a Viking River Cruise!
4007,237,31,115,265,411,1.4306569343065694,0.03107987823487277,662,Someone took their DNA test too seriously.
2616,238,21,69,168,258,1.430232558139535,0.03984030386658184,662,She’s always had a thing for vintage.
531,239,30,69,201,300,1.43,0.03858275213799303,662,I understand the condo association still hasn’t decided.
846,240,40,85,259,384,1.4296875,0.03440617034637264,662,It's his fifth ring cycle.
3701,241,32,81,225,338,1.4289940828402368,0.03589910325762045,662,The Wagner music is a nice touch.
3592,242,30,88,227,345,1.4289855072463769,0.034894774767814885,662,"They both come from old, old money"
4631,243,33,105,261,399,1.4285714285714286,0.03210815160583627,662,"When she said she was marrying a Viking, I thought she was talking about a football player."
3434,243,35,101,263,399,1.4285714285714286,0.03249803069700023,662,"It all started when she said, ""I'm turning over a new Leif."""
2165,243,32,107,260,399,1.4285714285714286,0.03191142584911343,662,"I'm so glad they finally got married, they've been engaged since the Stone Age!"
876,246,36,97,262,395,1.4278481012658228,0.032923252722841016,662,"Oh they're rather progressive, Erik plans to be a stay at home dad, while Astrid pillages."
1464,246,37,95,263,395,1.4278481012658228,0.03311784356795061,662,I thought she said he was really into Biking?
2026,248,42,82,264,388,1.4278350515463918,0.03452471928629096,662,It Takes a Pillage to Raise a Child.
1819,249,30,94,236,360,1.4277777777777778,0.03385412822693022,662,She had to convert. She used to be a Bears fan”
3182,250,15,32,98,145,1.4275862068965517,0.056004265356688884,662,I forget. Which episode is this?
1086,251,36,89,252,377,1.427055702917772,0.03403926713573739,662,I understand they plan to sack Rome on their honeymoon...
3337,252,20,52,144,216,1.4259259259259258,0.044705663588723944,662,Apparently they wrote their vows in norse code.
2330,253,17,46,125,188,1.425531914893617,0.04769026448763316,662,"They've got that no ""man put asunder"" covered."
3946,254,38,88,260,386,1.4248704663212435,0.03385403138836355,662,I heard that the third groomsman died during the bachelor raid.
314,255,31,90,237,358,1.4245810055865922,0.0341973319852874,662,"Something gold, something runic, something forged, something looted."
1459,256,27,106,244,377,1.4244031830238726,0.032103605365800765,662,"You know, Bridget, it could have been you holding that sword"
122,257,33,99,257,389,1.424164524421594,0.03266176199991764,662,I told her the shoes don't go with the sword.
660,258,30,99,246,375,1.424,0.03287571800317977,662,Tsk... you know he’s just marrying her for her fjord.
4370,259,33,94,251,378,1.4232804232804233,0.03332650473981324,662,"I heard he’s already building a
man cave."
498,260,27,105,244,376,1.422872340425532,0.032152484420550805,662,It's her second marriage.  She says she's turning over a new Leif.
437,261,30,88,232,350,1.4228571428571428,0.03450333446036326,662,I see two good reasons I'll forever hold my peace.
627,262,36,67,226,329,1.4224924012158056,0.03756447940010664,662,"Oddly enough, they met at a Mensa conference."
47,263,34,84,242,360,1.4222222222222223,0.03472291859406926,662,They met on ePillage.
3368,264,21,54,153,228,1.4210526315789473,0.04342078915671596,662,I can't wait to see them cut the cake.
2725,265,24,69,185,278,1.420863309352518,0.038771721742118154,662,"Just my luck, Magnus had to go off and impale the one cute groomsman."
1888,266,21,100,217,338,1.4201183431952662,0.033039822925055765,662,"I like theme weddings, but I’m nervous about the pillaging."
750,267,34,87,248,369,1.4200542005420054,0.03409906093183929,662,"When she said she was going to take a Viking, I thought she meant a river cruise."
3567,268,33,86,243,362,1.419889502762431,0.03434801321318819,662,Trump said he wants more Norwegians.
2608,268,32,88,242,362,1.419889502762431,0.03412450270934714,662,She converted for him.
441,270,27,77,208,312,1.419871794871795,0.036602338311080125,662,I'm skipping the bouquet toss.
1313,271,32,90,245,367,1.4196185286103542,0.033791620361587345,662,It was love at first smite.
3802,272,21,57,158,236,1.4194915254237288,0.04235033659171007,662,Love is a battlefield.
845,273,35,81,244,360,1.4194444444444445,0.03492751136136888,662,That sword is to long for those shoes.
2232,273,34,83,243,360,1.4194444444444445,0.03470527286718236,662,"You got them a trebuchet, too? It was still on the registry!"
3399,275,28,52,178,258,1.4186046511627908,0.04232673818732146,662,I'm just glad they aren't fans of 'Naked and Afraid'
625,276,22,95,216,333,1.4174174174174174,0.03362229293022581,662,"When she throws the bouquet, I'm ducking!"
917,277,25,53,169,247,1.417004048582996,0.042557508764251434,662,They've really adopted the paleo lifestyle.
1388,278,23,55,165,243,1.4156378600823045,0.04225969695905107,662,She takes ONE class about Viking history in college...
1530,279,27,93,234,354,1.4152542372881356,0.03346642343311223,662,Apparently no one is going to wear the pants in this relationship.
2306,280,26,94,232,352,1.4147727272727273,0.03335313876193326,662,That little belted purse goes perfectly with his outfit
3379,281,33,77,235,345,1.4144927536231884,0.035519109606216716,662,I heard they booked The Pillage People for the party!
4775,281,28,87,230,345,1.4144927536231884,0.03431248973383866,662,"It's a good job they didn't pick the 'Star Wars' package. Otherwise, we'd all be in gold bikinis."
4826,281,31,81,233,345,1.4144927536231884,0.03504144787284018,662,I hear they're going on a Viking cruise for a honeymoon.
2641,284,36,61,224,321,1.4143302180685358,0.038200120822959135,662,I just assumed Viking referred to the cruise line.
3865,285,33,79,238,350,1.4142857142857144,0.035151106060761377,662,Did you see the Rock on her finger?
3493,286,20,42,136,198,1.4141414141414141,0.04750893612200232,662,Their wedding registry is at IKEA.
2255,287,20,75,183,278,1.4136690647482015,0.037350513685634856,662,"Well, I guess we can forget about anyone speaking out against the marriage."
3442,288,31,48,187,266,1.413533834586466,0.042364381132035486,662,I thought it was just a diet
3259,289,32,79,235,346,1.4132947976878614,0.03519936207252589,662,I heard someone smote the best man at the bachelor party.
1520,289,25,93,228,346,1.4132947976878614,0.03349197950330762,662,At first glance they seem somewhat suited for one another.
4545,291,17,65,159,241,1.4107883817427387,0.03995414691358679,662,If anyone knows a reason why these two should not be joined together... you better leave right now.
86,292,17,50,138,205,1.4097560975609755,0.04470544647090055,662,Are you having mutton or fowl?
2368,293,33,74,235,342,1.409356725146199,0.03570678294911428,662,It’s about time.  They’ve known each other for ages.
248,294,31,75,229,335,1.408955223880597,0.035746340024830195,662,I hear they're planning to pillage a village for their honeymoon.
3724,294,28,81,226,335,1.408955223880597,0.034988237024425536,662,I got them a nice set of daggers.
4819,294,24,89,222,335,1.408955223880597,0.033951110977691455,662,His first wife gets the cave.  He gets the paintings.
184,297,25,68,196,289,1.4083044982698962,0.03794194741391216,662,"Technically, it is a yarmulke."
3669,298,28,73,215,316,1.4082278481012658,0.03646233377276455,662,Apparently it's possible to pillage two continents but impossible to find a bridesmaid's dress in anything but fuschia.
932,299,30,75,226,331,1.4078549848942599,0.03579309982454251,662,I pronounce you hun and hon.
2720,299,33,69,229,331,1.4078549848942599,0.03655237282783689,662,"Who knew a ""destination wedding"" meant the twelfth century?"
343,301,23,69,190,282,1.4078014184397163,0.037946393586776546,662,I hope nobody objects...
1481,302,29,76,224,329,1.4072948328267476,0.035685685167747776,662,Love his purse.
2565,302,28,78,223,329,1.4072948328267476,0.03542505477631556,662,"He's a pillager and she's a plunderer, but somehow it works"
339,304,18,62,161,241,1.4066390041493777,0.040345451923294896,662,I bet the battle to catch the bouquet later is going to be epic.
2995,305,24,65,189,278,1.4064748201438848,0.038655887751976724,662,I now pronounce you viking and viqueen.
2260,306,21,55,163,239,1.405857740585774,0.04185155100715179,662,The other groomsman was cute. I wish they hadn't offered him as a sacrifice to Odin.
771,307,30,72,225,327,1.4036697247706422,0.03607280966256971,662,She claims it is a match made in Valhalla.
3183,307,24,84,219,327,1.4036697247706422,0.034477229477638656,662,What do you give to the couple that has pillaged everything?
4895,309,16,66,161,243,1.4032921810699588,0.03922465705785581,662,It's refreshing to see a relationship work from two different sides of the fjord.
748,309,24,50,169,243,1.4032921810699588,0.04255178963884229,662,Ride of the Valkyries is just too long for a wedding processional.
2154,311,23,76,204,303,1.4026402640264026,0.03604340022481098,662,He should have no trouble breaking the glass.
284,312,23,81,212,316,1.4018987341772151,0.03500320900922193,662,The invitation did say traditional dress.
393,312,29,69,218,316,1.4018987341772151,0.036684863252812776,662,It takes a pillage...
1321,312,30,67,219,316,1.4018987341772151,0.036957700375338416,662,No objections...not surprising!
2585,312,29,69,218,316,1.4018987341772151,0.036684863252812776,662,I thought she said she was marrying a villager.
3062,312,25,77,214,316,1.4018987341772151,0.035572594665763534,662,Don't worry. We'll hear the whole saga at the reception.
9,317,22,82,210,314,1.4012738853503184,0.03486077021163293,662,Their 23andMe results came back 90% Neanderthal.
1475,317,26,74,214,314,1.4012738853503184,0.03600932830099378,662,She studied animal husbandry
2262,319,32,61,219,312,1.4006410256410255,0.03783769702576979,662,Have you seen their kitchen? All Viking appliances.
1545,319,29,67,216,312,1.4006410256410255,0.037011566372898375,662,The honeymoon is on a Viking Cruise ship.
378,321,22,80,208,310,1.4,0.0351573202140175,662,"I thought they said it would be a ""low key"" ceremony, not a ""Loki"" ceremony."
4231,321,26,72,212,310,1.4,0.03632565469841102,662,Did you hear the story about the ring?
1857,323,26,71,211,308,1.3993506493506493,0.03648661693183407,662,"How romantic! They first met pillaging this very church."""
1991,323,27,69,212,308,1.3993506493506493,0.036775327355170244,662,Blame it on ancestry.com
2919,325,24,73,206,303,1.3993399339933994,0.0363155501281697,662,They booked the Pillage People for the reception.
126,325,24,73,206,303,1.3993399339933994,0.0363155501281697,662,And were you taken by this man...
1160,325,15,91,197,303,1.3993399339933994,0.0334979218541762,662,"It's not the best way to get Norwegian citizenship, but it is a way."
2212,325,25,71,207,303,1.3993399339933994,0.03661523824033371,662,"'When they said 'Paleo', I thought they meant the catering.'"
2785,325,24,73,206,303,1.3993399339933994,0.0363155501281697,662,They're leaving immediately on their honeymoon Viking cruise.
3965,325,24,73,206,303,1.3993399339933994,0.0363155501281697,662,"No, actually they’re both from Minnesota."
3942,331,29,64,214,307,1.3973941368078175,0.03741644802206138,662,"The invites said paleo, but I thought they meant the buffet."
2332,332,22,77,206,305,1.3967213114754098,0.03552222282463916,662,You really have to hand it to Match.com!
330,333,23,74,206,303,1.396039603960396,0.035982308823315184,662,I've already forgotten. Is this Game of Thrones or Lord of the Rings?
4581,333,21,78,204,303,1.396039603960396,0.035369670166497814,662,I'd hate to see their first fight.
1347,335,28,62,209,299,1.394648829431438,0.03781765242269038,662,This wedding isn't over until the fat lady sings.
3291,335,23,72,204,299,1.394648829431438,0.03630349719254818,662,"Remember, when she throws her sword over her head, we duck."
215,335,30,58,211,299,1.394648829431438,0.03840660366792469,662,Did you see the size of his club
1490,338,28,61,208,297,1.393939393939394,0.03799463584090867,662,"When I heard he was a big Vikings fan, I didn't expect this!"
1248,338,25,67,205,297,1.393939393939394,0.0370856075106394,662,Heck no I'm not going to object to this marriage!! You object!
1240,340,18,58,163,239,1.393305439330544,0.04044104983438484,662,The matching purses are a little much.
4155,340,19,56,164,239,1.393305439330544,0.0408734512786103,662,They are a match made in Valhalla
1338,342,24,68,203,295,1.3932203389830509,0.036945904949217526,662,They met on plunder.com.
1522,342,23,70,202,295,1.3932203389830509,0.03663249678946815,662,I should have suspected at the bachelorette party when she sacrificed a goat.
261,344,22,71,200,293,1.3924914675767919,0.03648102170900343,662,I am so glad we ordered the bridesmaid dresses before they picked a theme.
1335,344,32,51,210,293,1.3924914675767919,0.039555403731162654,662,I can't wait for the after-ceremony pillaging.
3549,344,26,63,204,293,1.3924914675767919,0.03774083932153309,662,Viking weddings can't hold a candle to Viking funerals.
4887,344,22,71,200,293,1.3924914675767919,0.03648102170900343,662,I hope the stone carver is getting all this.
4419,348,23,62,191,276,1.391304347826087,0.03836911266608051,662,She's seen the size of his longboat.
508,348,17,74,185,276,1.391304347826087,0.03625032468797984,662,I can see why she's marrying him - he carries a long spear.
2923,350,24,61,194,279,1.3906810035842294,0.03840771279404122,662,"She's from Greenland; he's from Iceland, but somehow they make it work."
1822,351,22,68,197,287,1.3902439024390243,0.036987226276306434,662,I didn’t know what post-Feminist meant either…
4522,351,24,64,199,287,1.3902439024390243,0.03764022666859914,662,She'll make a wonderful battle ax.
1784,353,21,52,168,241,1.3900414937759336,0.04144187625609581,662,"All I'm saying is, 'knight in shining armor' is a bit of an exaggeration..."
3177,354,22,46,163,231,1.3896103896103895,0.043152425716201204,662,"If you take this woman to be your lawfully wedded wife, say, ""Yabba Dabba Do!"""
1620,355,25,61,199,285,1.3894736842105264,0.03814457901829848,662,Her sword still has blood on it from her last husband.
3774,355,24,63,198,285,1.3894736842105264,0.037819297283339076,662,Are you going to the pillage after?
3096,355,19,73,193,285,1.3894736842105264,0.03614901021628932,662,I prefer their funerals.
1129,355,30,51,204,285,1.3894736842105264,0.03973106109672136,662,"Well, at least he is NOT from a s#*thole country."
816,355,23,65,197,285,1.3894736842105264,0.03749119343963247,662,"Do you believe she said ""Yes"" to that dress?"
686,355,25,61,199,285,1.3894736842105264,0.03814457901829848,662,I hate destination weddings in Minnesota.
424,355,27,57,201,285,1.3894736842105264,0.03878695955393374,662,Minnesota is weird.
918,355,25,61,199,285,1.3894736842105264,0.03814457901829848,662,Now do you believe me that they’re addicted to Game of Thrones?
652,363,18,55,161,234,1.3888888888888888,0.0409909691108048,662,"I thought she said they met on a cruise..."""
4572,363,17,71,182,270,1.3888888888888888,0.0367641051965841,662,I think he’s reading from Beowulf.
802,365,25,60,198,283,1.3886925795053005,0.03832897462295537,662,And to think I complained about the bridesmaid dresses.
1130,365,24,62,197,283,1.3886925795053005,0.03800065161644142,662,These Minnesota Vikings fans can get carried away.
2566,365,23,64,196,283,1.3886925795053005,0.03766946709075066,662,Word has it that she's trading up. Her last husband was just a corporate raider.
1528,368,23,50,174,247,1.388663967611336,0.04150810997775824,662,I thought the 'until severed head or fatal impalement do us part' bit was sweet.
1615,369,24,44,169,237,1.3881856540084387,0.0431802095676423,662,She will !
628,370,23,63,195,281,1.387900355871886,0.03785002063605819,662,They met in the East Pillage.
3202,370,21,67,193,281,1.387900355871886,0.03717237174670998,662,Congratulations on turning over a new Leif
3375,370,20,69,192,281,1.387900355871886,0.036828871837708915,662,"I'm not sure 'Ride of the Valkyries' is appropriate wedding music."""
2770,373,23,61,192,276,1.3876811594202898,0.038331147776733805,662,His best man spoke. He's no longer with us.
3857,373,18,71,187,276,1.3876811594202898,0.03657218320276294,662,I heard that they made their own weapons for the ceremony.
1349,375,20,51,164,235,1.3872340425531915,0.041730546150812495,662,"All the sudden she's all ""pillage this"" and ""plunder that."""
3546,376,18,41,140,199,1.3869346733668342,0.04595346540204089,662,His uncle Hagar was a famous comic.
2457,377,23,60,191,274,1.3868613138686132,0.03852038370910032,662,"Don't you think she's taking her ""3% Viking"" ancestry too far?"
1910,378,19,67,186,272,1.3860294117647058,0.037284019477214055,662,She was originally booty.
2131,378,18,69,185,272,1.3860294117647058,0.036918362424542314,662,I love the belt pouches... it's so 1990
3455,380,27,53,198,278,1.3848920863309353,0.03944537751065096,662,"It's funny, they don't LOOK Jewish."
2298,381,19,68,189,276,1.3840579710144927,0.036889939763622356,662,Do you think that broadsword makes her look fat?
2543,381,20,66,190,276,1.3840579710144927,0.03724537712115097,662,It's about time....I hear they've been dating for centuries!
2551,381,22,62,192,276,1.3840579710144927,0.037946265154332325,662,They met on a singles crusade.
3907,381,25,56,195,276,1.3840579710144927,0.03897397109048685,662,I just love their matching fanny packs.
2406,385,15,69,174,258,1.3837209302325582,0.03704861921325537,662,"Well, it started with the paleolithic diet..."
2691,386,29,47,198,274,1.3832116788321167,0.04051135237065709,662,A Chuppah with Wagner playing. It's meshuggah.
2417,386,21,63,190,274,1.3832116788321167,0.0377792488911908,662,"And, the reception is also Paleo."
1036,388,26,38,171,235,1.3829787234042554,0.04422082391121977,662,"I'm happy that with the fourth try, the president found a woman who fits better to him."
1071,389,18,45,149,212,1.3820754716981132,0.043860243707734566,662,Don't you think she's taking Opera too far?
1028,390,22,54,181,257,1.3813229571984436,0.03987881962470077,662,Imagine if they had met at a Redskins game.
2536,390,18,62,177,257,1.3813229571984436,0.03832394713387597,662,"If you ask me, Eric's gone way overboard after getting the results of his DNA test."
4496,392,18,52,161,231,1.380952380952381,0.041266462867313246,662,And now you may drag the bride away.
1750,393,17,44,144,205,1.3804878048780487,0.04436758740925886,662,I knew the wedding was supposed to be Paleo but assumed that meant the food.
4594,394,14,67,169,250,1.38,0.03736286840892936,662,Maybe always a bridesmaid is not so bad after all.
707,395,15,49,144,208,1.3798076923076923,0.04283349283240855,662,I'm not sure...I just know they're going on a Viking cruise for the honeymoon.
4085,396,11,75,170,256,1.37890625,0.035495031616476366,662,"If you can look past all the pillaging, he’s actually a pretty great catch."
1923,397,19,62,183,264,1.378787878787879,0.0379737259383045,662,Definitely going to hold my peace.
901,397,22,56,186,264,1.378787878787879,0.03909500412191422,662,Apparently the black tie really was optional.
90,397,19,62,183,264,1.378787878787879,0.0379737259383045,662,"Well, at least the bridesmaid dress only cost me a goat."
678,397,19,62,183,264,1.378787878787879,0.0379737259383045,662,She wore that same dress to her last wedding
4436,401,21,36,149,206,1.3786407766990292,0.04628414015175604,662,I wore spanks for this?
663,402,18,48,156,222,1.3783783783783783,0.04240348867852627,662,"I planned the bachelorette party, booked the caterer, found the venue, and she still chose her sister for the blood sacrifice."
1727,403,21,57,184,262,1.3778625954198473,0.038921662059164364,662,I hear she’s the hunter/gatherer; he mostly just shops.
74,403,21,57,184,262,1.3778625954198473,0.038921662059164364,662,Actually she's the one who's the Vikings fan.
351,403,21,57,184,262,1.3778625954198473,0.038921662059164364,662,That's one bouquet I don't care to catch.
687,403,21,57,184,262,1.3778625954198473,0.038921662059164364,662,Wow! A heterosexual  wedding. Now that's different.
792,403,20,59,183,262,1.3778625954198473,0.0385441086894637,662,They're sacking Paris for the honeymoon.
1144,403,15,69,178,262,1.3778625954198473,0.03659796443454435,662,"It's the second time around for both of them, so it's less formal."
1503,403,16,67,179,262,1.3778625954198473,0.036995384354467475,662,It's good to see that they have all of the tools for conflict resolution.
3282,403,24,51,187,262,1.3778625954198473,0.04003296349004912,662,Where’s the best man? Ten bucks says Siegfried forgot the Ring...
3374,411,20,58,182,260,1.376923076923077,0.038739712788289915,662,I heard he proposed using Norse code.
3548,411,21,56,183,260,1.376923076923077,0.039121162771819845,662,Global warming brought them together. They were frozen in the same glacier.
3867,411,16,66,178,260,1.376923076923077,0.0371747929129279,662,That dress has been in her family for ages.
3280,411,20,58,182,260,1.376923076923077,0.038739712788289915,662,Did he just say you'll need to make some sacrifices?
4206,411,16,66,178,260,1.376923076923077,0.0371747929129279,662,That's one bouquet I'm not planning to catch.
4195,411,22,54,184,260,1.376923076923077,0.03949892917939995,662,"Should anyone here object to this union, speak now and forever rest in peace"
3931,411,22,54,184,260,1.376923076923077,0.03949892917939995,662,"When she said she was dating the school norse, I think I misunderstood."
2433,411,19,60,181,260,1.376923076923077,0.03835446932521898,662,The part where they exchange weapons gets me every time.
187,411,18,62,180,260,1.376923076923077,0.03796531690265648,662,She got tired of dating AngloSaxons.
2268,411,19,60,181,260,1.376923076923077,0.03835446932521898,662,One suggestion--don't offer any objections.
2145,411,19,60,181,260,1.376923076923077,0.03835446932521898,662,"If anyone can show just cause why this couple cannot lawfully be joined together in matrimony, I think that’s something best kept to yourself."
883,411,23,52,185,260,1.376923076923077,0.03987311670811905,662,Someone should explain to them what a Viking Cruise honeymoon actually is.
573,411,21,56,183,260,1.376923076923077,0.039121162771819845,662,We hunt and gather here today
420,411,17,64,179,260,1.376923076923077,0.03757213405995332,662,What do you get for someone who has pillaged everything?
262,411,18,62,180,260,1.376923076923077,0.03796531690265648,662,I have always found the institution of marriage to be barbaric.
147,411,20,58,182,260,1.376923076923077,0.038739712788289915,662,The sword adds 10 pounds.
2302,411,22,54,184,260,1.376923076923077,0.03949892917939995,662,I knew them long before they moved to Minnesota.
4706,428,22,53,183,258,1.375968992248062,0.03970508718716879,662,I guess they really did meet on Ancestry!
3904,428,18,61,179,258,1.375968992248062,0.03815548738077487,662,It's a classic 'Boy pillages girl's father's village; girl's father trades girl for return of livestock' story.
2674,428,26,45,187,258,1.375968992248062,0.041196440135245656,662,"If anyone knows why these two should not be married, you better have a gun."
819,428,19,59,180,258,1.375968992248062,0.038548727606543924,662,He’s going to read the vows in Norse code.
1622,428,17,63,178,258,1.375968992248062,0.03775815189393437,662,.......... as long as you both might live!
2002,428,18,61,179,258,1.375968992248062,0.03815548738077487,662,He’s known as The Plunder From Down Under.
2671,434,13,70,173,256,1.375,0.03629603230084955,662,He travels a lot for work.  I give them two invasions.
4118,434,16,64,176,256,1.375,0.037540827448129005,662,I'm not looking forward to the lutefisk.
2172,434,20,56,180,256,1.375,0.03913901819282184,662,"Always a Norsemaid, never a bride."
910,434,21,45,166,232,1.375,0.04240647885844235,662,He had her at “IKEA.”
1280,434,20,56,180,256,1.375,0.03913901819282184,662,"What attracted her to him wasn't the pillaging and plundering, it was that he always tidied up afterwards!"
1743,434,15,66,175,256,1.375,0.037130532861625286,662,Is that a fanny pack?
2696,440,17,61,176,254,1.374015748031496,0.03813779033025632,662,Still better than her last husband.
286,441,17,52,161,230,1.373913043478261,0.04083881225853954,662,Are we underdressed or overdressed?
2003,441,9,68,153,230,1.373913043478261,0.036932781438781655,662,"OK, so maybe these bridesmaid dresses aren't so bad after all."
4443,443,20,54,178,252,1.373015873015873,0.03954951459220499,662,She knew from the first time they pillaged together.
1992,444,20,53,177,250,1.372,0.039759114031808825,662,"This is nice, but the funerals are really something."
4448,444,18,57,175,250,1.372,0.03894265168785926,662,"Uggs, I knew it."""
3126,446,11,66,160,237,1.371308016877637,0.037181721503726665,662,He's really not that horrible.
2841,447,21,50,177,248,1.3709677419354838,0.04037804726287483,662,I always cry when they exchange cows
2836,447,13,66,169,248,1.3709677419354838,0.03700253772105835,662,I hope they don’t take that section about ‘until death do us part’ too seriously.
3192,447,24,44,180,248,1.3709677419354838,0.04157326411739498,662,Does this mean we are going to have another paleo banquet again
1232,447,20,52,176,248,1.3709677419354838,0.03997170046285719,662,"Here I am, always a bridesmaid, never a Valkyrie!"
919,447,23,46,179,248,1.3709677419354838,0.041178713269165,662,"When she said ""vintage"" dress, I didn't see this coming!"
1369,447,17,58,173,248,1.3709677419354838,0.038727086764700616,662,I doubt anyone is going to object to this wedding.
486,453,18,51,166,235,1.3702127659574468,0.0406331704862687,662,"No, not the app. They actually met starting a fire."
530,454,20,51,175,246,1.3699186991869918,0.04018734094493834,662,My Star Trek wedding was much classier.
938,454,20,51,175,246,1.3699186991869918,0.04018734094493834,662,"How seriously do you think they take the whole ""until death do you part"" thing?"
1895,454,18,55,173,246,1.3699186991869918,0.03935294603464696,662,I know they're Wagner fans but this is ridiculous.
2064,454,18,55,173,246,1.3699186991869918,0.03935294603464696,662,She's turning over a new Lief.
3287,454,20,51,175,246,1.3699186991869918,0.04018734094493834,662,Love conquers all.
4244,454,20,51,175,246,1.3699186991869918,0.04018734094493834,662,Today it takes a pillage to raise a child.
4808,454,18,55,173,246,1.3699186991869918,0.03935294603464696,662,Wish I could find a man who'd give up late capitalist modernity for me.
4129,461,13,59,158,230,1.3695652173913044,0.038872215116509075,662,"They said it wouldn't last, but here they are renewing their vows a thousand years later."
586,462,15,52,155,222,1.3693693693693694,0.040810275826247286,662,Did he just skip the part about anyone objecting?
4725,463,17,56,171,244,1.3688524590163935,0.0391338625318623,662,I always said they were a match made in Valhalla.
4580,463,16,58,170,244,1.3688524590163935,0.03870048879847626,662,"She met him at Ikea"""
3433,463,21,48,175,244,1.3688524590163935,0.040821374919881546,662,Well they can't win a Superbowl but they sure know how to stage a wedding.
2844,463,19,52,173,244,1.3688524590163935,0.03998652177304392,662,It won't be long until their first fight.
733,463,21,48,175,244,1.3688524590163935,0.040821374919881546,662,"Do you, Kellyanne Conway and you George Conway agree to reaffirm your marriage vows until November 2020?"
3110,463,13,64,167,244,1.3688524590163935,0.037370225353559994,662,Did you choose the tilapia or the reindeer for dinner?
1479,469,9,34,98,141,1.3687943262411348,0.05074056179946652,662,I can tell you right now it's gonna be for worse.
1382,470,9,55,134,198,1.3686868686868687,0.040533620340875424,662,"It's about time they tied the knot, they've been together for eons.”"
2668,471,22,45,175,242,1.3677685950413223,0.04146352881044084,662,They’re the last couple who didn’t meet online
204,471,15,59,168,242,1.3677685950413223,0.038460077792196457,662,"After paying for this wedding, he's going to be ""Erik IN the Red."""
1155,471,21,47,174,242,1.3677685950413223,0.041047921318985464,662,She did say she wanted a traditional wedding.
2337,471,17,55,170,242,1.3677685950413223,0.03934161076253838,662,I like an old fashioned wedding.
3385,471,15,59,168,242,1.3677685950413223,0.038460077792196457,662,Her first three husbands are in Valhalla.  Just sayin'....
4137,471,19,51,172,242,1.3677685950413223,0.04020381935836878,662,Honestly? I prefer the funerals.
4179,471,17,55,170,242,1.3677685950413223,0.03934161076253838,662,Both outfits from one bison hide. Hard to believe.
4223,471,23,43,176,242,1.3677685950413223,0.04187501162052249,662,"Do you ever feel like you're the only one who isn't into ''Game of Thrones""?"
4609,471,14,61,167,242,1.3677685950413223,0.038011645675729,662,"To be fair to them, 'traditional' is a pretty vague word."
4711,471,14,61,167,242,1.3677685950413223,0.038011645675729,662,He just kicked the door down and the rest is history!
79,481,12,49,138,199,1.3668341708542713,0.04221576833456085,662,What a shame about Carl impaling himself in rehearsal.  Now you don’t have an escort.
3959,482,16,56,168,240,1.3666666666666667,0.03910909297020471,662,Are you going to the after-raid?
4538,482,11,66,163,240,1.3666666666666667,0.036812818902093924,662,I hear they met pillaging.
370,482,14,60,166,240,1.3666666666666667,0.038207147838835276,662,She won't admit it but I'm guessing early middle age.
2817,482,22,44,174,240,1.3666666666666667,0.04169803561167621,662,By the power vested in me by the state of Minnesota...
3257,486,13,44,134,191,1.3664921465968587,0.044027581518499774,662,"She was hoping for a big church wedding, but then he went and leveled the church."
1183,487,18,38,146,202,1.3663366336633664,0.04518353540891243,662,"If you tell me one more time that Vikings did not have horns on their helmets, I'll scream!"
624,488,18,51,169,238,1.365546218487395,0.04020950854435097,662,Are you SURE we know them?
4418,488,10,67,161,238,1.365546218487395,0.036512283008242635,662,"At least we've got ""something old"" checked off the list."
4477,490,15,42,140,197,1.365482233502538,0.04427357174870099,662,"We're hoping the marriage lasts, and the renunciation of all technology is just a phase."
45,491,15,56,165,236,1.3644067796610169,0.03907075538350743,662,"Before we proceed with the vows, I´d like to emphasize this is a CIVIL union"""
1170,491,16,54,166,236,1.3644067796610169,0.0395295579651958,662,I've got to be at an Avengers themed bris by noon.
1866,491,17,52,167,236,1.3644067796610169,0.039983096173379,662,And to think she was such a Packers fan!
2027,491,16,54,166,236,1.3644067796610169,0.0395295579651958,662,The broadsword was her grandmother’s
2469,491,19,48,169,236,1.3644067796610169,0.040875078385019324,662,They’re UGGS
3850,491,14,58,164,236,1.3644067796610169,0.03860650074212859,662,She vows to take him for better or Norse.
4834,497,10,65,159,234,1.3632478632478633,0.03687171465331632,662,I introduced them.  He was the one who ransacked our home.
4724,497,19,47,168,234,1.3632478632478633,0.04110553858689641,662,She’s always liked the horny type.
4690,497,19,47,168,234,1.3632478632478633,0.04110553858689641,662,They registered at Pillage & Plunder
4700,497,18,49,167,234,1.3632478632478633,0.04065689194223918,662,I hear they're sacking Paris for their honeymoon...
3845,497,17,51,166,234,1.3632478632478633,0.04020323895268883,662,"Yeah, like anyone else is gonna object!"
3098,497,14,57,163,234,1.3632478632478633,0.0388104767033239,662,"I can't remember whether I requested the chicken, the fish or the free range boar."
1711,497,17,51,166,234,1.3632478632478633,0.04020323895268883,662,I hope he remembered Der Ring.
3920,497,18,49,167,234,1.3632478632478633,0.04065689194223918,662,She said she was going to turn over a new Leif.
3449,505,13,47,141,201,1.36318407960199,0.04246378679277739,662,These Viking cruises take their weddings very seriously.
1705,506,18,35,143,196,1.3622448979591837,0.04611562954637905,662,It's not over till the fat lady sings.
4667,507,16,52,164,232,1.3620689655172413,0.03996243171977776,662,The difference is she WILL get to wear the dress again.
4198,507,13,58,161,232,1.3620689655172413,0.038536202984325876,662,They've taken a viking to each other.
3826,507,19,46,167,232,1.3620689655172413,0.04133948424287163,662,Ana and Bob took their ancestry DNA results a bit too far
2586,507,18,48,166,232,1.3620689655172413,0.04088562038945218,662,She caught the goat head at the last wedding...
1909,507,16,52,164,232,1.3620689655172413,0.03996243171977776,662,"Okay, now with THAT GUY dead, does ANYONE ELSE object?"
1591,507,21,42,169,232,1.3620689655172413,0.042232581772123766,662,They're from Minnesota
767,507,10,64,158,232,1.3620689655172413,0.03705512018521103,662,"This guy's not bad, but he's no Odin."
1928,507,16,52,164,232,1.3620689655172413,0.03996243171977776,662,I think that I'll forever hold my peace
1298,515,14,44,141,199,1.3618090452261307,0.043322071823773296,662,She was a Packers fan before they met.
1859,515,13,46,140,199,1.3618090452261307,0.04273222510442767,662,It's so rare to have a perfect spring day like this here in Minnesota.
1570,517,15,39,137,191,1.361256544502618,0.0451790773876506,662,Tuxedos and Spats for the men and we're in these shmattes.
2527,518,18,47,165,230,1.3608695652173912,0.041117812481512084,662,The matching fanny packs are where I draw the line.
3092,518,20,43,167,230,1.3608695652173912,0.04203116776554807,662,Silly question. Of course this will be in The Times!
2633,518,12,59,159,230,1.3608695652173912,0.038247102136661576,662,"Did he just say, 'For better or Norse'?"
2379,518,11,61,158,230,1.3608695652173912,0.03774743092737298,662,"I tell you, Ruth, it's not true love. She just got carried away."
2721,518,14,55,161,230,1.3608695652173912,0.03922735502583725,662,I really hope this is the last Game of Thrones-themed wedding I attend.
1203,518,13,57,160,230,1.3608695652173912,0.03874032914273768,662,How they met is a real saga.
1076,518,15,53,162,230,1.3608695652173912,0.039708407957994324,662,I think it's sweet they've decided neither of them will wear the pants in the family.
313,518,14,55,161,230,1.3608695652173912,0.03922735502583725,662,"She sank his ship, he ravaged her village. They were meant for each other."
36,518,18,47,165,230,1.3608695652173912,0.041117812481512084,662,Wait until you see the buffet.
1571,518,22,39,169,230,1.3608695652173912,0.04292509317644522,662,"'....through black plague, pestilence and fiery catapults.....'"
1732,528,13,44,137,194,1.3608247422680413,0.043467030337752885,662,I bet it will be one helluva raw bar.
4864,529,15,52,161,228,1.3596491228070176,0.03992727853359752,662,"The food at the reception is paleo, too."
4678,529,17,48,163,228,1.3596491228070176,0.04088365561475649,662,I hear her last husband was an Anglo-Saxon
4645,529,15,52,161,228,1.3596491228070176,0.03992727853359752,662,They're pillaging France on their honeymoon.
2583,529,17,48,163,228,1.3596491228070176,0.04088365561475649,662,"I hope the dinner isn’t Paleo, too!”"
598,529,16,50,162,228,1.3596491228070176,0.040408296595658956,662,"Fanny packs are so slimming, don't you think?"
690,534,17,47,162,226,1.3584070796460177,0.04111738874013913,662,"For their honeymoon, they're sacking Rome."
1676,534,19,43,164,226,1.3584070796460177,0.04206307632993229,662,"Don't laugh, they could've been Packer fans."
2187,534,15,51,160,226,1.3584070796460177,0.040149432415387015,662,History Channel dating app
3191,534,18,45,163,226,1.3584070796460177,0.0415929203539823,662,"Glacier aside, it was still a long engagement."
4056,534,13,55,158,226,1.3584070796460177,0.03915755597260559,662,"Long spear, short honeymoon."
3912,539,14,52,158,224,1.3571428571428572,0.03987603193118772,662,I'm more familiar with Viking funerals.
2116,539,13,54,157,224,1.3571428571428572,0.03937079483167287,662,I heard his family is a bunch of barbarians.
1581,539,15,50,159,224,1.3571428571428572,0.040374947176145336,662,They're going pillaging in Britain for their Honeymoon.
1444,539,18,39,153,210,1.3571428571428572,0.04380362923086999,662,After the ceremony they're sacking this church.
1741,539,16,48,160,224,1.3571428571428572,0.04086777209949118,662,"She told me that all the food for the reception was ""locally sourced"""
3218,544,13,50,150,213,1.3568075117370892,0.04072234789334056,662,"I'm afraid there will be some putting asunder."""
2829,545,19,41,162,222,1.3558558558558558,0.042564491227838265,662,Do you solemnly swear to take this hrdlghdrgh as your hrdlgfhhtf?
3068,545,15,49,158,222,1.3558558558558558,0.04060390285300568,662,The reception is paleo.
2435,547,12,41,130,183,1.355191256830601,0.04448595091756656,662,And we had to buy dresses.
955,548,13,52,155,220,1.3545454545454545,0.03980688505351886,662,"I don't know, but remember, they're both from Minnesota."
278,548,11,56,153,220,1.3545454545454545,0.03875004641073148,662,What time do we storm the reception?
488,548,12,54,154,220,1.3545454545454545,0.03928202002505667,662,Apparently she liked the way he pillages.
1161,548,15,48,157,220,1.3545454545454545,0.04083638204462148,662,"I’m okay with the ‘for better’ part, but I don’t even want to think about ‘for worse.’"
2039,548,16,46,158,220,1.3545454545454545,0.041341517859282736,662,That other groomsman really should've held his peace.
2253,548,12,54,154,220,1.3545454545454545,0.03928202002505667,662,"""Pagan or not, they should have checked their weapons at the door like we did. This is America, not Vinland"
2773,548,14,50,156,220,1.3545454545454545,0.040324919070956276,662,Notice she's not wearing white?
3193,548,18,42,160,220,1.3545454545454545,0.04233371115009424,662,I wondered why they registered at IKEA.
3286,548,10,58,152,220,1.3545454545454545,0.038210667311874225,662,His dad owns a cruise line.
3754,557,14,49,155,218,1.353211009174312,0.04055452943643143,662,"I never noticed before, but Hjalmar has really tiny hands."
2609,557,12,53,153,218,1.353211009174312,0.039498278285503646,662,I hear the reception is strictly paleo.
4185,557,17,43,158,218,1.353211009174312,0.0420892345291207,662,And the damn dinner is going to be paleo too.
1782,557,14,49,155,218,1.353211009174312,0.04055452943643143,662,"I don't mean to question his commitment to her, but Lars once threw a spear at me too."
1496,557,10,57,151,218,1.353211009174312,0.03841299411953973,662,I love how she challenges gender norms by being the one with the sword.
2364,557,15,47,156,218,1.353211009174312,0.04107247001284475,662,"They’re going on a cruise, just as soon as they get 40 oarsmen lined up”"
1748,563,16,44,156,216,1.3518518518518519,0.04183023688553101,662,"No, the weirdest part is that they're Packer fans."
4275,563,17,42,157,216,1.3518518518518519,0.04234188281165268,662,It was so romantic; he proposed in the glow of a burning village.
4447,565,13,46,146,205,1.351219512195122,0.041697653266666974,662,All this time I thought she was an Packers fan
4698,566,15,45,154,214,1.3504672897196262,0.0415558272860437,662,They haven’t been themselves since Comic Con
4188,566,14,47,153,214,1.3504672897196262,0.0410245025862412,662,She recently found out that she was 1% Viking on ancestry.com...
4145,566,13,49,152,214,1.3504672897196262,0.04048620559486315,662,They met at my son's bar mitzvah.
4124,566,14,47,153,214,1.3504672897196262,0.0410245025862412,662,"So they call each other, 'Hun'"
3970,566,13,49,152,214,1.3504672897196262,0.04048620559486315,662,Viking burials are a blast too
3537,566,15,45,154,214,1.3504672897196262,0.0415558272860437,662,I thought you said they met while HIKING.
2702,566,15,45,154,214,1.3504672897196262,0.0415558272860437,662,I heard they fight a lot.
2410,566,17,41,156,214,1.3504672897196262,0.0425985999697814,662,Hopefully the reception has fewer blood sacrifices than the rehearsal dinner.
4479,566,11,53,150,214,1.3504672897196262,0.039387547594532495,662,They’ll make a beautiful horde
2333,566,18,39,157,214,1.3504672897196262,0.04311052874141586,662,"If you think this is elaborate, you should see their funerals."
2161,566,18,39,157,214,1.3504672897196262,0.04311052874141586,662,I’m afraid this relationship isn’t going to work....neither one wants to wear the pants.
1943,566,18,39,157,214,1.3504672897196262,0.04311052874141586,662,They dated for ages!
1912,566,18,39,157,214,1.3504672897196262,0.04311052874141586,662,The even registered at Nordstrom
1864,566,14,47,153,214,1.3504672897196262,0.0410245025862412,662,For their honeymoon they're going to North America.
1124,566,15,45,154,214,1.3504672897196262,0.0415558272860437,662,It’s refreshing to see a couple who aren’t afraid of the inevitable conflicts.
41,566,11,53,150,214,1.3504672897196262,0.039387547594532495,662,I like how they added 'pillage' to their vows.
2354,566,17,41,156,214,1.3504672897196262,0.0425985999697814,662,The nose ring belonged  to her grandmother.
532,583,17,42,158,217,1.3502304147465438,0.042177485381046764,662,They told their vegan friends not to bother coming to the reception.
3249,584,13,45,145,203,1.3497536945812807,0.041951460957225545,662,I never thought I'd look back fondly on that zip-line wedding in Costa Rica.
3049,585,11,42,130,183,1.349726775956284,0.04370458631165573,662,"In my opinion, 5 goats was too high a price, although she did agree to throw in the sword."
3168,586,10,43,128,181,1.3480662983425415,0.043295713661960375,662,"You think this is something, you should have seen her grandfather's funeral!"
3478,587,13,47,150,210,1.3476190476190477,0.040956831584021525,662,The Valkyries are planning a big reception.
4048,587,13,47,150,210,1.3476190476190477,0.040956831584021525,662,"I hope they don't take the ""till death do us part"" thing too seriously."
3341,587,14,45,151,210,1.3476190476190477,0.04150940279048834,662,Is this your first paleo wedding?
2755,587,10,53,147,210,1.3476190476190477,0.03925247321556451,662,When he finds out she's  turning vegetarian. fur's  gonna fly.
2409,587,13,47,150,210,1.3476190476190477,0.040956831584021525,662,I’m not telling them that you forgot the rings.
1145,587,15,43,152,210,1.3476190476190477,0.042054714202382826,662,"If anyone dare show cause why this couple cannot be lawfully
joined together in matrimony, let them speak and,
and run like hell."
2060,587,7,59,144,210,1.3476190476190477,0.03747067191384903,662,I guess no one wears the pants in this family.
1430,587,16,41,153,210,1.3476190476190477,0.04259304465831479,662,Finally a bride's maid gig with comfortable shoes!
626,587,15,43,152,210,1.3476190476190477,0.042054714202382826,662,"Viking themes are so last year.  Aztec would have been just right.  Well, what can you expect? They’re from Minnesota."
2214,587,15,43,152,210,1.3476190476190477,0.042054714202382826,662,We'll it's better than a Viking funeral...
762,597,11,44,135,190,1.3473684210526315,0.0425691516342343,662,Well here's another dress I will never wear again.
1244,597,15,36,139,190,1.3473684210526315,0.045109997129306315,662,No one is looking at your dress.
2812,599,13,41,139,193,1.3471502590673574,0.043382503109666314,662,I still don’t think they’re right for each other.
2394,600,18,34,150,202,1.3465346534653466,0.04486941856503229,662,Can you believe he voted for Trump?
3790,600,14,42,146,202,1.3465346534653466,0.04261725112590026,662,They were on NordicTracks when they first met.
2163,600,12,46,144,202,1.3465346534653466,0.041445298636999084,662,"When I went out with him, he was pretty horny too."
3444,600,12,46,144,202,1.3465346534653466,0.041445298636999084,662,"...to hunt and to gather, in sickness and in health..."
46,600,14,42,146,202,1.3465346534653466,0.04261725112590026,662,Actually they didn't meet on the internet.
327,600,13,44,145,202,1.3465346534653466,0.04203535935755804,662,'Til death do us part' suddenly sounds ominous.
14,600,14,42,146,202,1.3465346534653466,0.04261725112590026,662,"Finally!
They’ve been dating for ever."
4683,607,13,46,149,208,1.3461538461538463,0.04119772993058664,662,I humbly suggest that everyone simply opt to hold their peace.
4240,607,11,50,147,208,1.3461538461538463,0.04005434663826441,662,"For their honeymoon, they’re going to pillage The Hamptons."
3900,607,17,38,153,208,1.3461538461538463,0.043394210271235197,662,You try telling her that the sword toss isn’t going to be a big hit.
2839,607,11,50,147,208,1.3461538461538463,0.04005434663826441,662,"I'm going to pass on catching the ""bouquet"""
2704,607,16,40,152,208,1.3461538461538463,0.04285564550507341,662,It's the new black.
2199,607,14,44,150,208,1.3461538461538463,0.04175768294387524,662,"Weary and disgruntled, we are gathered here today..."
2156,607,17,38,153,208,1.3461538461538463,0.043394210271235197,662,"She changed him, he’s become such a better listener."
2049,607,13,46,149,208,1.3461538461538463,0.04119772993058664,662,A marriage made in Valhalla.
1502,607,21,30,157,208,1.3461538461538463,0.04548474490084335,662,"I never really noticed that it was ""For better, for Norse""."
1355,607,12,48,148,208,1.3461538461538463,0.040630060522055575,662,"Can you count her sword as something borrowed, if she took it off a dead body?"
710,607,14,44,150,208,1.3461538461538463,0.04175768294387524,662,I doubt anyone will object.
325,607,12,48,148,208,1.3461538461538463,0.040630060522055575,662,We had to buy these dresses----and SHE shows up in buckskins??
3015,619,16,39,151,206,1.3446601941747574,0.043122590455211475,662,"I would ask at this time if anyone present objects, but it would appear that all the objectors are no longer with us."
2448,619,16,39,151,206,1.3446601941747574,0.043122590455211475,662,"She said, “For better or Norse.”"
2315,619,14,43,149,206,1.3446601941747574,0.04200997993063096,662,My bet is that death will do them part pretty darn soon.
2109,619,16,39,151,206,1.3446601941747574,0.043122590455211475,662,They are way too into Game of Thrones.
1202,619,12,47,147,206,1.3446601941747574,0.04086708969300525,662,You should see Bob's man cave.
944,619,12,47,147,206,1.3446601941747574,0.04086708969300525,662,Do you think something from Ikea would be too on the nose?
4773,625,17,27,133,177,1.344632768361582,0.04873113963914423,662,Dearly behemoth...
324,626,15,38,145,198,1.3434343434343434,0.04374605691871688,662,"Don’t tell Bridezilla, but I’m wearing underwear."
667,627,17,36,151,204,1.3431372549019607,0.04394694214029723,662,"You may now drag the bride, by her hair, to the wedding suite."
1137,627,12,46,146,204,1.3431372549019607,0.041107880300223734,662,Are they really rowing to Scotland for their honeymoon?
1593,627,11,48,145,204,1.3431372549019607,0.04051620222375859,662,"I'll give it three raids, tops"
2460,627,14,42,148,204,1.3431372549019607,0.04226639543490273,662,The third groomsman is in Valhalla - after unsuccessfully challenging the groom for the bride.
2544,627,18,34,152,204,1.3431372549019607,0.044493020841741615,662,"I, Hallgerd The Nearsighted, take you Olaf The Ugly..."""
4497,627,15,40,149,204,1.3431372549019607,0.04283390436559091,662,"What do you mean obey"""
2534,633,11,31,113,155,1.3419354838709678,0.04881392529467828,662,"On who would wear the pants, they just skirted the issue."
3877,634,15,39,148,202,1.3415841584158417,0.04310228910938849,662,They wanted to get married after Act 1 because he kills her in Act 2.
3635,634,13,43,146,202,1.3415841584158417,0.04194389123640415,662,It's quite a saga.
2749,634,15,39,148,202,1.3415841584158417,0.04310228910938849,662,"I'm surprised as anyone. She's a pillager, he's more of a plunderer."
1603,634,11,47,144,202,1.3415841584158417,0.040752579030452686,662,"She told me he was almost always horny, but I didn't realize she meant it this way"
1239,634,14,41,147,202,1.3415841584158417,0.04252703456932196,662,"I know a reason they shouldn't be wed, but I'm not going to risk an injury."
2111,634,17,35,150,202,1.3415841584158417,0.04423035881481541,662,You may now smash your bride over the head and drag her to your tent.
957,634,14,41,147,202,1.3415841584158417,0.04252703456932196,662,"If so, please respond by saying ‘you betcha.’"
1189,634,15,39,148,202,1.3415841584158417,0.04310228910938849,662,In their world it takes a pillage to raise a child.....
856,634,11,47,144,202,1.3415841584158417,0.040752579030452686,662,I heard it was love at first fight.
793,634,15,39,148,202,1.3415841584158417,0.04310228910938849,662,"So you're saying ""ring bear"" wasn't a typo?"
217,634,13,43,146,202,1.3415841584158417,0.04194389123640415,662,"Yes, I tied the cans on...but I don't think they'll have the intended effect behind the boat."
4680,645,12,34,124,170,1.3411764705882352,0.046533792333692085,662,I can’t believe I dated him in high school.
2286,646,11,35,122,168,1.3392857142857142,0.04611384631836537,662,They met when the glacier melted
4350,647,12,42,141,195,1.3384615384615384,0.04229146830442124,662,This is why I steer clear of those genealogy websites!
4334,647,7,52,136,195,1.3384615384615384,0.03904136038636241,662,My husband is also a bit of weekend warrior.
3836,647,17,32,146,195,1.3384615384615384,0.045309036205484474,662,Two Norsemen of the apocalypse.
2833,647,9,48,138,195,1.3384615384615384,0.04037281274605775,662,He went to Jårøjd.
2683,647,12,42,141,195,1.3384615384615384,0.04229146830442124,662,Only a Green Bay Packers fan would object to this union.
2225,647,21,24,150,195,1.3384615384615384,0.04758551395425643,662,They met at Harvard Law School
4652,647,15,36,144,195,1.3384615384615384,0.044126778419226215,662,The third groomsman left early to go discover America.
1494,647,11,44,140,195,1.3384615384615384,0.041661735408389536,662,The third groomsman is conquering the reception venue.
1002,647,11,44,140,195,1.3384615384615384,0.041661735408389536,662,"When I wore calfskin on my wedding day, it meant something."
349,647,12,42,141,195,1.3384615384615384,0.04229146830442124,662,The prenup gives her half of whatever he pillages and plunders.
322,647,15,36,144,195,1.3384615384615384,0.044126778419226215,662,"When they said it was a destination wedding, I thought, 'Minnesota?'"
308,647,16,34,145,195,1.3384615384615384,0.044721814227116234,662,It will never work. He's a Viking and she is a Packer.
2169,647,10,46,139,195,1.3384615384615384,0.041022336636684295,662,"I’ve heard he’s not much with the spear, if you know what I mean."
1853,660,10,30,108,148,1.337837837837838,0.04940727371455494,662,They found out through 23andMe that he’s 51% Scandinavian and she’s 75% cosplay.
878,661,13,30,123,166,1.3373493975903614,0.04800071259318768,662,She made him wear the helmet to cover his bald spot.
2647,662,11,42,137,190,1.3368421052631578,0.04236206842962527,662,I'm only here for the grog.
4294,663,11,43,139,193,1.3367875647668395,0.04191703973642963,662,"They wanted to get married in Norway, but then decided they could have a traditional wedding right here in Minnesota."
4110,663,13,39,141,193,1.3367875647668395,0.043185448389040544,662,"Me? No, I’m taken. I hope YOU catch the sword this time!"
1451,663,11,43,139,193,1.3367875647668395,0.04191703973642963,662,Are you wearing bear skin? I thought only the mother of the bride could wear bear skin.
1363,663,14,37,142,193,1.3367875647668395,0.043805882238701875,662,"Tinder? No, they met on Tundra."
1256,663,10,45,138,193,1.3367875647668395,0.04126821845096888,662,Always the wenchmaid never the wench.
1195,663,11,43,139,193,1.3367875647668395,0.04191703973642963,662,"He had her at 'lusty wench'"""
924,663,15,35,143,193,1.3367875647668395,0.04441765060040376,662,"After we plunder the reception line, let's pillage the buffet."
689,663,12,41,140,193,1.3367875647668395,0.04255597004433047,662,I can't believe she's carrying on her wedding day.
1269,663,10,45,138,193,1.3367875647668395,0.04126821845096888,662,"They met at a football game in Minnesota."""
1308,672,9,42,128,179,1.335195530726257,0.0426244474164503,662,"They were unfrozen on different continents, but matched on ""actualvikingsonly.com""."
1628,673,9,46,136,191,1.3350785340314135,0.040848999714552525,662,They agreed that nobody would wear the pants in their family.
4722,673,7,50,134,191,1.3350785340314135,0.039476797941265386,662,I so admire them for living off the grid.
3736,673,9,46,136,191,1.3350785340314135,0.040848999714552525,662,I told that other groomsman NOT to object!
3649,673,12,40,139,191,1.3350785340314135,0.04282494110510298,662,"Well, they say love conquers all."
2902,673,13,38,140,191,1.3350785340314135,0.04346363056220163,662,"Hmm... 'Crush your enemies, see them driven before you, and hear the lamentation of their women' don't seem like wedding vows to me, but maybe I'm old-fashioned."
2124,673,7,50,134,191,1.3350785340314135,0.039476797941265386,662,She's holding their prenup.
1544,673,15,34,142,191,1.3350785340314135,0.04471364873985979,662,"Always a brudepike, never a skaldmaer"
469,673,11,42,138,191,1.3350785340314135,0.04217658093852002,662,I heard she had to make sacrifices.
703,673,9,46,136,191,1.3350785340314135,0.040848999714552525,662,They really are cut from the same loincloth.
72,673,11,42,138,191,1.3350785340314135,0.04217658093852002,662,Who wears  fanny-pack to a wedding?
200,673,14,36,141,191,1.3350785340314135,0.04409306955338397,662,"This is nothing, wait till they release the dragons."
1521,673,13,38,140,191,1.3350785340314135,0.04346363056220163,662,Minnesota football fans sometimes take it too far.
294,673,14,36,141,191,1.3350785340314135,0.04409306955338397,662,You may drag the bride.
242,673,14,36,141,191,1.3350785340314135,0.04409306955338397,662,This is my first Orthodox Hun wedding.
812,687,11,27,109,147,1.3333333333333333,0.05046917451763784,662,"Just wait. I GUARANTEE he'll be here shortly shouting, 'Elaine!!'"
1234,687,12,39,138,189,1.3333333333333333,0.04309849859200244,662,I guess fur is back in.
1550,687,8,43,126,177,1.3333333333333333,0.04214542615431087,662,'I hope their marriage can endure season seven.'
4382,687,8,25,90,123,1.3333333333333333,0.053737638535487776,662,"I couldn't find severed heads, so i got us bouquets."
4793,691,11,41,138,190,1.331578947368421,0.04225294346308444,662,They never should have done those DNA tests.
3166,691,12,39,139,190,1.331578947368421,0.04290694610236795,662,I’m starting to regret the time machine.
2074,691,12,39,139,190,1.331578947368421,0.04290694610236795,662,Expectations are a little lower when it's a second marriage.
1891,691,14,35,141,190,1.331578947368421,0.04418592093535342,662,"Yeah, this is pretty lame – but his funeral should be worth seeing!"
4721,691,11,41,138,190,1.331578947368421,0.04225294346308444,662,He's upgrading. His last wife was a battle axe.
923,691,11,41,138,190,1.331578947368421,0.04225294346308444,662,"Always a bridesmaid, never a battle-axe."
1229,691,10,43,137,190,1.331578947368421,0.0415886575734023,662,"But do nomads ever really settle down?"""
115,691,12,39,139,190,1.331578947368421,0.04290694610236795,662,"Do you, Sigurðr the Fearless, take Freya Gunhilda Roðrhurthrindiorðrgregunthalðr to be your lawfully wedded... what do you guys call it again?"
2191,691,15,33,142,190,1.331578947368421,0.0448117216969199,662,"Do you take this sea roving, plundering, rapist pirate to be your lawful wedded husband “"
675,691,11,41,138,190,1.331578947368421,0.04225294346308444,662,I hear he's taking her on a Viking cruise for their honeymoon.
288,691,12,39,139,190,1.331578947368421,0.04290694610236795,662,I hear the reception is at all of our homes.
321,702,15,32,140,187,1.3315508021390374,0.04532159133352869,662,It's not just viking funerals anymore. My nephew's having a viking Bar Mitzvah next month.
529,702,15,32,140,187,1.3315508021390374,0.04532159133352869,662,You think this is hot? You should see their funerals.
3398,702,14,34,139,187,1.3315508021390374,0.04468272188145854,662,He needs to speed it up. We only have the costumes until 5
4072,702,15,32,140,187,1.3315508021390374,0.04532159133352869,662,"She says they’re a match made in Valhalla, but he’s just horny."
2419,706,9,35,116,160,1.33125,0.045834226692265556,662,A real Viking wouldn’t  wear horns.
3417,707,11,40,137,188,1.3297872340425532,0.04251762081400774,662,It's a match made in heathen.
3589,707,11,40,137,188,1.3297872340425532,0.04251762081400774,662,They met on a blind pillage.
3605,707,8,46,134,188,1.3297872340425532,0.04046084773430752,662,I hear their fights are epic.
3676,707,13,36,139,188,1.3297872340425532,0.04383522175777939,662,We’ll skip the ‘speak now’ portion of the ceremony
3387,707,15,32,141,188,1.3297872340425532,0.04511435750870942,662,"Frankly, I find the funerals much more exciting."
4005,707,11,40,137,188,1.3297872340425532,0.04251762081400774,662,Has anyone seen the Ring Bear?
4205,707,7,48,133,188,1.3297872340425532,0.03975161513629154,662,Well I suppose that explains the longship that's been moored at the marina since Tuesday.
4569,707,9,44,135,188,1.3297872340425532,0.04115786064427782,662,Now I know why she said he is so horny.
3748,707,12,38,138,188,1.3297872340425532,0.04318144709384714,662,Not the kind of storybook wedding I'd envisioned.
4020,707,12,38,138,188,1.3297872340425532,0.04318144709384714,662,Do you think we're overdressed?
2415,707,11,40,137,188,1.3297872340425532,0.04251762081400774,662,I'm fine with themed weddings but the Viking appliances on the registry was a bit overboard
2336,707,9,44,135,188,1.3297872340425532,0.04115786064427782,662,You get the sword this time.
2230,707,16,30,142,188,1.3297872340425532,0.04574051318971643,662,Honeymoon's on Viking Cruises
1764,707,12,38,138,188,1.3297872340425532,0.04318144709384714,662,She hasn't told him yet that she wants to move to Green Bay.
1755,707,12,38,138,188,1.3297872340425532,0.04318144709384714,662,"If anyone has objections, speak your last words now or forever hold your peace."
1595,707,13,36,139,188,1.3297872340425532,0.04383522175777939,662,I understand they've been dating since 1066.
1513,707,14,34,140,188,1.3297872340425532,0.04447938803523123,662,You didn't get the 'it's a themed wedding' email either?
1360,707,15,32,141,188,1.3297872340425532,0.04511435750870942,662,I always thought she meant he was a big football fan
963,707,11,40,137,188,1.3297872340425532,0.04251762081400774,662,"He's a viking and she's a barbarian,
but I think they'll make it work."
425,707,19,24,145,188,1.3297872340425532,0.047569553573305154,662,"I used to date Thor, but he made me tho thor I could barely pith."
3273,707,12,38,138,188,1.3297872340425532,0.04318144709384714,662,I thought she said she took a LIKING to him.
2303,728,9,43,133,185,1.3297297297297297,0.041592310401826475,662,She said she wanted an old-fashioned wedding.
2845,728,9,43,133,185,1.3297297297297297,0.041592310401826475,662,I thought they said 'HIKING' outfits!
2284,730,15,22,121,158,1.3291139240506329,0.05114431727578368,662,I plan to repurpose this dress as mulch.”
3155,731,8,45,133,186,1.3279569892473118,0.040698144444553,662,"Do you think she'll change her last name to ""the Red""?"
4345,731,9,43,134,186,1.3279569892473118,0.04140605752782436,662,"In this case it’s “for better, for Norse”"
4266,731,15,31,140,186,1.3279569892473118,0.04542243314271375,662,This is my first same-sect wedding.
2592,731,9,43,134,186,1.3279569892473118,0.04140605752782436,662,They met at IKEA...
3355,731,12,37,137,186,1.3279569892473118,0.043460666312205805,662,One of the groomsmen blabbed about dating her.
2105,731,12,37,137,186,1.3279569892473118,0.043460666312205805,662,"Theme or no theme, it’s still a Jewish wedding. He agreed to the Huppa."
1458,731,10,41,135,186,1.3279569892473118,0.04210206929315114,662,I offered to read their vows but they said they would be runed.
1809,731,11,39,136,186,1.3279569892473118,0.042786760540301484,662,Speak Norse or forever hold your peace.
1438,731,12,37,137,186,1.3279569892473118,0.043460666312205805,662,Do you think they'll call each other Hun?
1078,731,10,41,135,186,1.3279569892473118,0.04210206929315114,662,"The sexism of hideous wear-one-time bridesmaid dresses, that’s what’s barbarian."
374,731,8,45,133,186,1.3279569892473118,0.040698144444553,662,I love the part where they exchange edged weapons.
1935,731,12,37,137,186,1.3279569892473118,0.043460666312205805,662,"They're giving each other practical gifts. He's paying off her student loans, and she's made a down payment on a boat for his funeral."
388,743,8,44,131,183,1.3278688524590163,0.04112448015873024,662,I'm just hoping they have utensils at the reception.
1539,743,14,32,137,183,1.3278688524590163,0.04529368952280718,662,She advertised for a horny old man.
3505,743,14,32,137,183,1.3278688524590163,0.04529368952280718,662,I brought my own cutlery for the reception.
2795,746,11,36,130,177,1.3276836158192091,0.04424883466965751,662,I think they've taken the Paleo Diet a little too far.
4495,746,7,44,126,177,1.3276836158192091,0.04124504852793339,662,"Oh yes, they DO take the 'til death do us part' very seriously."
4199,746,12,34,131,177,1.3276836158192091,0.0449684412117038,662,"Their honeymoon?  On a Viking cruise, of course."
3313,746,9,40,128,177,1.3276836158192091,0.04277331760393543,662,I thought you said it was a Viking Cruise wedding?
4529,746,11,36,130,177,1.3276836158192091,0.04424883466965751,662,The reception will include a Viking raid on the coast of Brittany.
2758,746,11,36,130,177,1.3276836158192091,0.04424883466965751,662,Turns our Hagar really wasn't all that horrible.
3196,746,9,40,128,177,1.3276836158192091,0.04277331760393543,662,"Their weddings are fun, but their funerals are brutal."
2250,746,10,38,129,177,1.3276836158192091,0.04351733027467228,662,I hear they're going to pillage Saxony for their honeymoon.
1738,746,15,28,134,177,1.3276836158192091,0.04706128675646033,662,I think the ministers glasses make him look ridiculous.
884,746,12,34,131,177,1.3276836158192091,0.0449684412117038,662,They're Orthodox.
679,746,8,42,127,177,1.3276836158192091,0.0420161321810963,662,The mother-in-law is the real battle-axe.
78,746,9,40,128,177,1.3276836158192091,0.04277331760393543,662,They met in Minnesota.
2259,746,11,36,130,177,1.3276836158192091,0.04424883466965751,662,"Viking, I thought you said a vegan wedding."
4761,759,6,25,82,113,1.3274336283185841,0.05398540953930765,662,Plunderful Wedding.
939,760,10,29,111,150,1.3266666666666667,0.048693596790356376,662,They did that ancestry thing
1979,761,8,30,103,141,1.326241134751773,0.04879132197815311,662,He met her on a trip to England....
4687,762,15,30,139,184,1.326086956521739,0.04573610043380064,662,His pillaging days are over.
4055,762,6,48,130,184,1.326086956521739,0.03946165356022883,662,"If she tosses the sword, you can have it."
3232,762,12,36,136,184,1.326086956521739,0.0437447287014444,662,The matching coin purses really bring it all together.
3117,762,11,38,135,184,1.326086956521739,0.04306047791096143,662,"How embarrassing — I bought her a djöfull hamar, but I see she already has one."
2856,762,11,38,135,184,1.326086956521739,0.04306047791096143,662,"They're both Visigoths, but they call each other 'Hun.'"
2719,762,13,34,137,184,1.326086956521739,0.04441844009423956,662,"When she told me her fiancé was horny, this isn't what I had in mind."
2451,762,13,34,137,184,1.326086956521739,0.04441844009423956,662,"When she tosses the sword, I am outta here."
3618,762,10,40,134,184,1.326086956521739,0.04236517705236014,662,"It’s his second pillage, her first."
1787,762,9,42,133,184,1.326086956521739,0.041658272833078984,662,The reception's got five different types of mead!
1658,762,13,34,137,184,1.326086956521739,0.04441844009423956,662,"I see that you're Bjorn again."""
1411,762,12,36,136,184,1.326086956521739,0.0437447287014444,662,I saw what they did to the other groomsman.
1393,762,9,42,133,184,1.326086956521739,0.041658272833078984,662,Actually the sword is borrowed.  I have no idea what's blue.
109,762,12,36,136,184,1.326086956521739,0.0437447287014444,662,"My cousin Beatrice said, ""Oh no, you don't need to bring a shield"".  Well, guess who is conveniently not here."
7,762,12,36,136,184,1.326086956521739,0.0437447287014444,662,I heard he had a “big spear” but this isn’t what I imagined.
1995,762,13,34,137,184,1.326086956521739,0.04441844009423956,662,Do I have time to change my shoes before we storm the castle?
2533,777,13,33,135,181,1.3259668508287292,0.04492950477193931,662,You throw the offal and I'll tie the flagons to the barge.
2560,777,12,35,134,181,1.3259668508287292,0.044241078703470646,662,Did you know that they met on the Plundr app?
2611,777,14,31,136,181,1.3259668508287292,0.04560754053067049,662,"He better guard his loot, she’s from the wrong side of the fjord."
4489,777,11,37,133,181,1.3259668508287292,0.043541769493690194,662,I lost three fingers trying to catch the sword at her last wedding.
2799,777,9,41,131,181,1.3259668508287292,0.04210832438166571,662,I  bet they are registered at IKEA
2988,777,12,35,134,181,1.3259668508287292,0.044241078703470646,662,For their honeymoon they plan to sack Shelter Island.
3004,777,12,35,134,181,1.3259668508287292,0.044241078703470646,662,They're taking this Viking heritage thing too far - it was only three percent!
3227,777,15,29,137,181,1.3259668508287292,0.04627564270176899,662,She’s still not letting him buy the boat.
4151,777,12,35,134,181,1.3259668508287292,0.044241078703470646,662,This is nothing! Wait 'til you see the dinner menu!
3861,777,11,37,133,181,1.3259668508287292,0.043541769493690194,662,"They've been together for, like, a thousand years."
4000,777,10,39,132,181,1.3259668508287292,0.04283104407362277,662,I'm glad they finally caved in!
4173,777,12,35,134,181,1.3259668508287292,0.044241078703470646,662,She's only marrying him for his loot.
4232,777,8,43,130,181,1.3259668508287292,0.04137298186046721,662,It's not a real Game of Thrones themed wedding unless we're all murdered afterwards
4379,777,8,43,130,181,1.3259668508287292,0.04137298186046721,662,It's more a hammer throw than a bouquet toss.
4391,777,12,35,134,181,1.3259668508287292,0.044241078703470646,662,I always bawl at the 'blood oath' part.
4404,777,6,47,128,181,1.3259668508287292,0.039861622139803606,662,This will set marriage back a thousand years
2432,777,12,35,134,181,1.3259668508287292,0.044241078703470646,662,I heard there'll be a paleo smorgasbord at the reception.
3293,777,7,45,129,181,1.3259668508287292,0.04062433105691114,662,You weren’t kidding about them being old fashioned
2218,777,11,37,133,181,1.3259668508287292,0.043541769493690194,662,I can't wait until they cut the cake.
1566,777,8,43,130,181,1.3259668508287292,0.04137298186046721,662,I think we're overdressed.
2098,777,8,43,130,181,1.3259668508287292,0.04137298186046721,662,These Minnesota weddings are getting out of hand.
96,777,10,39,132,181,1.3259668508287292,0.04283104407362277,662,He's bigger than he looks in the comic strip.
2198,777,11,37,133,181,1.3259668508287292,0.043541769493690194,662,"If anyone has any objections to marriage, please forever hold your peace.”"
633,777,12,35,134,181,1.3259668508287292,0.044241078703470646,662,Sorry you missed the bachelorette party.  We ended up invading England.
654,777,10,39,132,181,1.3259668508287292,0.04283104407362277,662,"Wait, we don’t get to put them in a boat and light it on fire?"
774,777,11,37,133,181,1.3259668508287292,0.043541769493690194,662,No one commits to a diet like Brittany and Todd!
798,777,9,41,131,181,1.3259668508287292,0.04210832438166571,662,"He could be more refined, but he has loads of plunder."
886,777,12,35,134,181,1.3259668508287292,0.044241078703470646,662,"Dearly beloved, we are hunted/gathered here today..."
1077,777,11,37,133,181,1.3259668508287292,0.043541769493690194,662,Do you think the buffet will be kosher?
614,777,14,31,136,181,1.3259668508287292,0.04560754053067049,662,I understand Minnesota picked up his option.
1243,777,11,37,133,181,1.3259668508287292,0.043541769493690194,662,So that's what black tie optional means
1345,777,8,43,130,181,1.3259668508287292,0.04137298186046721,662,"The ""until death do you part"" may come a little sooner than it usually does."
1377,777,9,41,131,181,1.3259668508287292,0.04210832438166571,662,It won't last.  She's paleo but he's actually vegan.
1437,777,8,43,130,181,1.3259668508287292,0.04137298186046721,662,Why are bridesmaid's dresses always so hideous?
1769,777,12,35,134,181,1.3259668508287292,0.044241078703470646,662,She took a liking to the Viking.
1924,777,16,27,138,181,1.3259668508287292,0.0469342354967759,662,You're  not losing a daughter you're gaining a Hun
2056,777,13,33,135,181,1.3259668508287292,0.04492950477193931,662,Well at least it's not a shotgun wedding.
1238,777,10,39,132,181,1.3259668508287292,0.04283104407362277,662,Which one has to kill the goat?
4510,815,10,34,122,166,1.3253012048192772,0.045391379416056615,662,"I know they're excited about their honeymoon, but I think they misunderstand what really happens on a Viking River Cruise."
4356,816,8,42,129,179,1.324022346368715,0.04162549323409649,662,Good thing she let us pick our own bridesmaid dresses
4291,816,7,44,128,179,1.324022346368715,0.040864544391733246,662,Neanderthal . . .on his mother's side.
4152,816,10,38,131,179,1.324022346368715,0.043107111759633866,662,Did you see the size of that rock?!?!
3792,816,10,38,131,179,1.324022346368715,0.043107111759633866,662,"And do you, Siglinde, promise to cleave unto Thorgod, and I mean that in the best possible way."
2155,816,11,36,132,179,1.324022346368715,0.04382914307735711,662,At least it isn't a shotgun wedding
844,816,6,46,127,179,1.324022346368715,0.04008915426528803,662,They said it was love at first pillage.
1541,816,10,38,131,179,1.324022346368715,0.043107111759633866,662,"And do you, Brunhilde the Conqueror, take this man, Lars the Impaler, to live, love, loot and pillage with 'til the fires of Valhalla bear you away?"
1035,816,10,38,131,179,1.324022346368715,0.043107111759633866,662,I'm here for the ale and mead.
618,816,15,28,136,179,1.324022346368715,0.046605542346881274,662,She should've run him through while she had a chance.
1584,816,12,34,133,179,1.324022346368715,0.044539471051341824,662,"If you ask me, they're both compensating for something."
4881,826,8,40,125,173,1.323699421965318,0.042549810435835014,662,The reception pillage is always quite nice.
4242,826,10,36,127,173,1.323699421965318,0.044101168220092225,662,I wonder if she's told him she's originally from Green Bay.
4358,826,13,30,130,173,1.323699421965318,0.046330908082552615,662,"If you think Viking weddings are something,you should see their funerals."
2446,826,10,36,127,173,1.323699421965318,0.044101168220092225,662,I'm not looking forward to the reception.
3321,826,10,36,127,173,1.323699421965318,0.044101168220092225,662,What airline did you say lost their luggage?
155,831,11,35,131,177,1.3220338983050848,0.04412159412288499,662,Why give a nice present? Ninety percent of receptions get pillaged in the first hour.
4696,831,11,35,131,177,1.3220338983050848,0.04412159412288499,662,I hear her first husband was a real barbarian.
4586,831,7,43,127,177,1.3220338983050848,0.04110851160518336,662,"I told her, ""he's not that bad, it's not like he has horns.""  And now this."
4577,831,9,39,129,177,1.3220338983050848,0.04264167441798044,662,That’s it! I’m giving this longship single’s cruise a shot!
4540,831,8,41,128,177,1.3220338983050848,0.04188210908945813,662,"In about five years, those two will be ancient history."
4478,831,10,37,130,177,1.3220338983050848,0.043387944553260685,662,I hope the Nibelung don’t expect their ring back.
4355,831,14,29,134,177,1.3220338983050848,0.04625277369096828,662,Do you promise to love and cherish until it's time to send your flaming corpse into sea...
4193,831,9,39,129,177,1.3220338983050848,0.04264167441798044,662,I just wonder why they waited so long.
3715,831,9,39,129,177,1.3220338983050848,0.04264167441798044,662,He doesn't have any friends. They found these two guys selling popcorn in the theater.
3650,831,13,31,133,177,1.3220338983050848,0.04555346022773848,662,His ex was a real battle-axe.
3557,831,10,37,130,177,1.3220338983050848,0.043387944553260685,662,I heard they booked a Viking cruise for their honeymoon.
3529,831,13,31,133,177,1.3220338983050848,0.04555346022773848,662,"She said it makes “‘Til death do us part,” seem more achievable."
4187,831,12,33,132,177,1.3220338983050848,0.04484324256041679,662,I give it six months or at best till Gotterdammerung.
2882,831,9,39,129,177,1.3220338983050848,0.04264167441798044,662,"If there’s anyone who objects to this marriage, run!"
362,831,9,39,129,177,1.3220338983050848,0.04264167441798044,662,"You gotta be careful
when she tosses her sword."
3197,831,14,29,134,177,1.3220338983050848,0.04625277369096828,662,as a couple they are very combatable
1285,831,11,35,131,177,1.3220338983050848,0.04412159412288499,662,Be careful during the Hora.
1612,831,6,45,126,177,1.3220338983050848,0.04032007429315723,662,He converted.
1643,831,10,37,130,177,1.3220338983050848,0.043387944553260685,662,You may now plunder the church.
1963,831,11,35,131,177,1.3220338983050848,0.04412159412288499,662,I give it three raids.
1059,831,8,41,128,177,1.3220338983050848,0.04188210908945813,662,"Frankly, I think they're taking taking this genetic heritage stuff way too seriously....."
2497,831,14,29,134,177,1.3220338983050848,0.04625277369096828,662,You should see the cave she'll be living in.
2506,831,8,41,128,177,1.3220338983050848,0.04188210908945813,662,They're definitely a Viking River Cruise  honeymoon.
2569,831,7,43,127,177,1.3220338983050848,0.04110851160518336,662,They needed a way to justify serving pickled fish at the reception.
2004,831,13,31,133,177,1.3220338983050848,0.04555346022773848,662,Pillager? He hardly knows her!
4098,831,12,33,132,177,1.3220338983050848,0.04484324256041679,662,Does “Arrrgh” mean “I do “  ?
123,857,10,28,112,150,1.32,0.04853099288798357,662,She settled.
2427,857,13,30,132,175,1.32,0.0458741048690538,662,"And I promise to love, honour, obey and beat off all contenders with sword and club."
4504,857,12,32,131,175,1.32,0.04515254203857359,662,She tells me they're honeymooning in Minnesota.
33,860,12,31,129,172,1.319767441860465,0.04569483755935121,662,They met on one of those Viking Ocean cruises.
201,860,9,37,126,172,1.319767441860465,0.04340529704497411,662,Count me out when she throws what is obviously not the bouquet.
448,860,10,35,127,172,1.319767441860465,0.044181662118652695,662,"I wish their registry had been more specific than ""English Countryside"""
741,860,11,33,128,172,1.319767441860465,0.044944618405000865,662,Why are all the good ones taken.
2679,860,14,27,131,172,1.319767441860465,0.047159485701014574,662,"Do you, Thor, promise to give up rape and pillage and promise to barbeque and do dishes?"
4531,865,11,31,124,166,1.319277108433735,0.04604802216302452,662,There was a mixup at the baggage carousel
3886,865,10,33,123,166,1.319277108433735,0.04524821537915737,662,We all know she wears the horns in this relationship.
4026,865,7,39,120,166,1.319277108433735,0.04275912703289512,662,"One thing for sure, she's definitely not marrying a Renaissance man."
1307,865,8,37,121,166,1.319277108433735,0.04360461322776577,662,I hear the post wedding dinner is going to be a smorgasbord.
946,865,9,35,122,166,1.319277108433735,0.04443401450320272,662,I think they'll be disappointed by their Viking Cruise honeymoon.
3547,865,12,29,125,166,1.319277108433735,0.046834172302435126,662,How long until death does them part?
527,865,9,35,122,166,1.319277108433735,0.04443401450320272,662,Notice the Norse trollop is not wearing white.
4664,872,11,29,120,160,1.31875,0.04722809881426588,662,When do they stomp on the glass?
3169,873,7,21,82,110,1.3181818181818181,0.056195503757018844,662,To halve and to hold...
4783,874,7,40,123,170,1.3176470588235294,0.04206928253093018,662,"No heels, great idea.  No underwear, bad idea."
4289,874,9,36,125,170,1.3176470588235294,0.04369269757311607,662,They did say that it was black tie 'optional.'
3600,874,11,32,127,170,1.3176470588235294,0.045257917647239784,662,She warned Reginald not to insist he was the best man...
2396,874,13,28,129,170,1.3176470588235294,0.04677078573546625,662,And it’s an exact replica of the Kushner’s huppah
2266,874,8,38,124,170,1.3176470588235294,0.04288867189528611,662,"Honeymooning on a Viking Cruise, what else?"
1487,874,7,40,123,170,1.3176470588235294,0.04206928253093018,662,Stand back when he stomps on the wine glass.
1171,874,12,30,128,170,1.3176470588235294,0.046020568814809495,662,I hear she’s already been pillaged.
753,874,11,32,127,170,1.3176470588235294,0.045257917647239784,662,"I swear she said ""I love biking""."
311,874,10,34,126,170,1.3176470588235294,0.044482192678532165,662,"For their honeymoon, they're going to pillage a small town in Hawaii."
264,874,6,42,122,170,1.3176470588235294,0.04123361357427881,662,I can't wait for the cake cutting.
234,874,9,36,125,170,1.3176470588235294,0.04369269757311607,662,"If anyone knows any reason these two should not be joined in matrimony, unsheathe your weapon, let cry a blood-curdling scream and charge full-speed towards the podium, or forever hold your peace."
177,874,6,42,122,170,1.3176470588235294,0.04123361357427881,662,They met while pillaging.
4849,874,10,34,126,170,1.3176470588235294,0.044482192678532165,662,That summer in Norway really made an impact.
1107,874,7,40,123,170,1.3176470588235294,0.04206928253093018,662,This is going to be one epic wedding.
2397,888,12,27,122,161,1.3167701863354038,0.047794819173068055,662,Can you believe I almost wore the same outfit as the bride?
4745,889,9,25,102,136,1.3161764705882353,0.05081279010840222,662,It was war at first sight
3360,890,8,38,125,171,1.3157894736842106,0.042677569081251455,662,Her tunic is stunning.
4146,891,9,35,124,168,1.3154761904761905,0.04398515133648947,662,They met on a longship cruise.
4022,891,9,35,124,168,1.3154761904761905,0.04398515133648947,662,What do you think of  these time traveler destination weddings?
4017,891,10,33,125,168,1.3154761904761905,0.044788162917489625,662,They met in a Paleo cooking class.
4011,891,9,35,124,168,1.3154761904761905,0.04398515133648947,662,"I’m her sis, and though you may not believe this, he’s a catch."
3243,891,8,37,123,168,1.3154761904761905,0.04316720443420177,662,"I hereby pronounce you Goth and Visigoth, you may now smash your mouths together."
3497,891,11,31,126,168,1.3154761904761905,0.04557702861040093,662,You think this is embarrassing?  Try being a JETS fan.
1961,891,11,31,126,168,1.3154761904761905,0.04557702861040093,662,Longest dating couple ever.
1677,891,9,35,124,168,1.3154761904761905,0.04398515133648947,662,Theme weddings are even worse than Destination weddings
1354,891,12,29,127,168,1.3154761904761905,0.046352470661044774,662,Did you know she was left handed?
787,891,10,33,125,168,1.3154761904761905,0.044788162917489625,662,"So, I guess he's not so horrible after all."
148,891,8,37,123,168,1.3154761904761905,0.04316720443420177,662,"Do you take each other to have and to hold, to maim and slaughter, in sickness and in famine, until death do everyone depart?"""
2562,891,7,39,122,168,1.3154761904761905,0.04233345649996533,662,Their vows just seem so arcane.
2048,903,6,38,115,159,1.3144654088050314,0.04291945750828924,662,The bouquet toss is gonna be a doozy.
2061,903,8,34,117,159,1.3144654088050314,0.04473592320055395,662,She had us spend hundreds of dollars on these dresses and she wore that?
2071,905,12,29,128,169,1.3136094674556213,0.04611517695745683,662,Die hard Minnesota Vikings fans
4876,905,11,31,127,169,1.3136094674556213,0.045344979520150534,662,It all started on a paleo diet dating site
612,905,7,39,123,169,1.3136094674556213,0.042123599741049296,662,I can't believe she didn't understand which way to swipe on Tinder.
1672,905,7,39,123,169,1.3136094674556213,0.042123599741049296,662,"I, too, was surprised  Vera Wang does bear skin."
158,909,11,30,125,166,1.3132530120481927,0.04590211475770398,662,"This is so wrong, she is supposed to have the spear."
894,909,10,32,124,166,1.3132530120481927,0.04509972049915211,662,"If anyone knows why these two should not be joined in Holy Matrimony, speak now but keep in mind: her sword and his spear were sharpened moments before this ceremony."
1154,909,10,32,124,166,1.3132530120481927,0.04509972049915211,662,These 23 and Me-inspired weddings are getting out of hand.
2197,909,13,26,127,166,1.3132530120481927,0.04746622841015487,662,It has been my experience these blood weddings don't last.
2357,909,9,34,123,166,1.3132530120481927,0.04428278942178166,662,Even Ragnar can't pull off a man purse.
3616,909,9,34,123,166,1.3132530120481927,0.04428278942178166,662,I’ve heard they fight all the time.
4340,915,12,26,122,160,1.3125,0.04790213752928165,662,"It's about time, they have been dating for centuries."
2888,915,7,36,117,160,1.3125,0.04360657082215849,662,I'm so glad she talked him out of Star Wars garb.
1742,915,11,28,121,160,1.3125,0.04707439248331258,662,"They hold the record for ""longest engagement ever""."
1435,915,9,32,119,160,1.3125,0.04537362365152733,662,The Bride insisted we had to wear these ridiculous clothes.
970,915,8,34,118,160,1.3125,0.044498869323491605,662,"That’s just great.  These bridesmaid dresses were crazy expensive, and she gets away with showing up in the same animal skin tunic she wore at her first wedding."
165,915,6,38,116,160,1.3125,0.042695628191498324,662,I guess animal skins don't come in white.
385,921,10,29,118,157,1.3121019108280254,0.046827756063384525,662,I think they went too far with the paleo diet.
2634,922,10,32,125,167,1.311377245508982,0.04486807539822258,662,"Did he say ""broadsword"" or ""broad's sword""?"
1454,922,7,38,122,167,1.311377245508982,0.04238761127101202,662,"I thought she said he was striking, not Viking."
1306,922,11,30,126,167,1.311377245508982,0.0456649653107643,662,Well . . . she finally caved!
140,922,11,30,126,167,1.311377245508982,0.0456649653107643,662,Did she just vow 'For Better or Norse'?
93,922,12,28,127,167,1.311377245508982,0.046448185365265106,662,"I won't cry at this wedding, I just hope they don't kill each other."
1720,927,6,39,119,164,1.3109756097560976,0.04199331758118013,662,At my wedding Ralph was a Klingon and I was a Vulcan.
3713,928,10,29,119,158,1.3101265822784811,0.046572343815097034,662,They're really taking the battle of the sexes seriously.
3998,928,9,31,118,158,1.3101265822784811,0.04569855088893038,662,"Theme wedding? or Met Gala
wannabes?"
3798,928,13,23,122,158,1.3101265822784811,0.04910051093096639,662,Is there anyone left to contest this union?
3769,928,13,23,122,158,1.3101265822784811,0.04910051093096639,662,"Do you promise to rape, pillage and plunder together as long as you shall live?"
2724,928,7,35,116,158,1.3101265822784811,0.04389881824356169,662,This is the third theme wedding I have been in this year!
1831,928,9,31,118,158,1.3101265822784811,0.04569855088893038,662,Not sure having the wedding on a Viking River Cruise was a good idea.
2256,928,10,29,119,158,1.3101265822784811,0.046572343815097034,662,I love these genderfluid weddings where no one will wear the pants in the family.
67,928,8,33,117,158,1.3101265822784811,0.044807721413442934,662,"I'm not really into cosplay, but he did get her a Viking range."
153,928,7,35,116,158,1.3101265822784811,0.04389881824356169,662,I won’t be running to catch her bouquet
207,928,4,41,113,158,1.3101265822784811,0.04105154416012779,662,At least SHE can wear it again!
500,928,9,31,118,158,1.3101265822784811,0.04569855088893038,662,"They'll be pillaging this fall near New Brunswick."""
2430,928,11,27,120,158,1.3101265822784811,0.04743004178276733,662,I never thought she would find the right man.
994,928,9,31,118,158,1.3101265822784811,0.04569855088893038,662,What happens in Valhalla stays in Valhalla.
605,928,9,31,118,158,1.3101265822784811,0.04569855088893038,662,And then he says I yabba-dabba-do.
1480,928,12,25,121,158,1.3101265822784811,0.04827250271737009,662,"I'm glad she picked Game of Thrones for the theme, she was considering Naked and Afraid."
1505,928,9,31,118,158,1.3101265822784811,0.04569855088893038,662,He's Reform.
2080,928,9,31,118,158,1.3101265822784811,0.04569855088893038,662,"I know Viking Funerals get all the fanfare, but this is lovely, too."
3153,945,9,30,116,155,1.3096774193548386,0.04628443593795871,662,You may now toot his horns.
2240,946,9,29,114,152,1.3092105263157894,0.046891478868581825,662,I now pronounce you very strange.
4381,947,13,25,127,165,1.309090909090909,0.047570837845440646,662,Cummerbunds AND vests on the groomsmen? Tacky...
4639,947,6,39,120,165,1.309090909090909,0.04178056729228878,662,This was a long time coming.
4611,947,12,27,126,165,1.309090909090909,0.04678754944758079,662,They're gonna kill on the dance floor.
4571,947,10,31,124,165,1.309090909090909,0.045180251474455466,662,"I wonder what will happen to his 'man cave' now that they are married."""
4339,947,11,29,125,165,1.309090909090909,0.04599092250979998,662,It’s stunning.  She’s not registered at Amazon.
1207,947,9,33,123,165,1.309090909090909,0.044354766297294866,662,Which bridesmaid will catch the sword?
3088,947,10,31,124,165,1.309090909090909,0.045180251474455466,662,"They are hardcore Vikings fans, that's why."
58,947,8,35,122,165,1.309090909090909,0.04351362388126566,662,"Well, they seem prepared for anyone who can't hold their peace."
185,947,12,27,126,165,1.309090909090909,0.04678754944758079,662,They’ve decided to go on a Viking Cruise for their honeymoon.
399,947,10,31,124,165,1.309090909090909,0.045180251474455466,662,The funerals  are more exciting.
3332,947,7,37,121,165,1.309090909090909,0.04265589798929173,662,This is the second marriage for each of them. They know what to expect.
1876,947,10,31,124,165,1.309090909090909,0.045180251474455466,662,All I know is that she met him on Tinder and told me he was horny
1462,947,6,39,120,165,1.309090909090909,0.04178056729228878,662,I never thought she'd fall in love with a corporate raider!
2688,947,8,35,122,165,1.309090909090909,0.04351362388126566,662,What's with the purse?
2820,947,8,35,122,165,1.309090909090909,0.04351362388126566,662,When she texted me about the ring and the white Norse I thought it was a typo.
2753,947,9,33,123,165,1.309090909090909,0.044354766297294866,662,You don't think it's Stockholm syndrome?
2077,947,8,35,122,165,1.309090909090909,0.04351362388126566,662,This is the third time she's forsaken all others.
772,964,10,30,122,162,1.308641975308642,0.045740212713391765,662,I can't wait to see the bride slice the cake with her sword.
1092,964,7,36,119,162,1.308641975308642,0.04315232729253137,662,I hate these time travel destination weddings.
29,964,11,28,123,162,1.308641975308642,0.046570895365752325,662,She looks fat in that bearskin.
3522,964,14,22,126,162,1.308641975308642,0.048978485107978066,662,"And do you promise to love, honor and obey until one of you is cremated on a burning ship?"
1844,964,8,34,120,162,1.308641975308642,0.0440318587713859,662,You should have seen them before marriage counseling!
1151,964,13,24,125,162,1.308641975308642,0.04818932213022822,662,"They both smiled when he said ""till death do us part""."
427,970,14,21,124,159,1.3081761006289307,0.04963819862810941,662,I got them a stove.
1283,970,11,27,121,159,1.3081761006289307,0.04717113816035839,662,I hear that after this they're going pillaging in Hawaii.
3738,970,8,33,118,159,1.3081761006289307,0.04456772136472309,662,I didn't realize Jane was Vikish
3925,970,12,25,122,159,1.3081761006289307,0.04800758035189471,662,and now you enter the Game of Marriage
4032,970,8,33,118,159,1.3081761006289307,0.04456772136472309,662,He needs a green card.
4516,970,6,37,116,159,1.3081761006289307,0.04274410831732929,662,"Well, that’s what happens when you tell Alexa to order “striking” wedding clothes."
4648,970,9,31,119,159,1.3081761006289307,0.045452098780404,662,I think Viking Cruises has taken it a bit too far.
382,970,5,39,115,159,1.3081761006289307,0.04180247959085168,662,Good luck pronouncing them Tryggvi and Cnut.
4565,978,10,29,121,160,1.30625,0.04606946747394995,662,Check out the size of that rock on her finger!
4703,978,6,37,117,160,1.30625,0.04251976510434061,662,Word is all the mead you can drink at the reception.
4650,978,8,33,119,160,1.30625,0.04433016048843966,662,They're sacking England for the honeymoon.
3687,978,7,35,118,160,1.30625,0.04343439623995663,662,Is this your first Norwegian wedding?
1478,978,12,25,123,160,1.30625,0.04774545567628241,662,"She's born again, he's going to Valhalla."
2327,978,10,29,121,160,1.30625,0.04606946747394995,662,These destination weddings are getting out of hand.
3113,978,9,31,120,160,1.30625,0.045208179360952755,662,Do you know if Hagar has a brother?
764,978,10,29,121,160,1.30625,0.04606946747394995,662,I hope she doesn't regret converting.
139,978,11,27,122,160,1.30625,0.04691494629150278,662,I think I'm going to skip the bouquet toss.
4228,987,7,33,115,155,1.303225806451613,0.04425446616235717,662,At least she has the decency not to wear white.
4215,987,13,21,121,155,1.303225806451613,0.04961028984679953,662,“They met at work. He is the Commissioner for the Department of Housing and Urban Development”
3897,987,9,29,117,155,1.303225806451613,0.0461089160188999,662,"Do you promise to rape, pillage and slay?"
3761,987,6,35,114,155,1.303225806451613,0.0432974663779977,662,I've never seen a Viking chuppah.
3450,987,6,35,114,155,1.303225806451613,0.0432974663779977,662,"She's no Rhine maiden, I can tell you that for sure."
3346,987,9,29,117,155,1.303225806451613,0.0461089160188999,662,Turning my dress into a rug. You?
3229,987,11,25,119,155,1.303225806451613,0.04789161197496605,662,They agreed that nobody will wear the pants in their relationship.
3226,987,8,31,116,155,1.303225806451613,0.04519120440834244,662,Their honeymoon cruise includes a raiding party.
2945,987,8,31,116,155,1.303225806451613,0.04519120440834244,662,Themed weddings are soooo 1000 years ago.
2731,987,6,35,114,155,1.303225806451613,0.0432974663779977,662,You're sure this is the right wedding?
2021,987,9,29,117,155,1.303225806451613,0.0461089160188999,662,"What Thor has joined together, let no Norseman put asunder."
3361,987,12,23,120,155,1.303225806451613,0.048758524158572375,662,That hat makes him look horny.
1714,987,6,35,114,155,1.303225806451613,0.0432974663779977,662,I can't believe I got dragged into this.
1661,987,6,35,114,155,1.303225806451613,0.0432974663779977,662,"On the bright side, Astrid's Ikea gown only cost $14.95 and it will still fit in 20 years."
1295,987,10,27,118,155,1.303225806451613,0.04700871533023784,662,They are honeymooning in Stonehenge.
555,987,7,33,115,155,1.303225806451613,0.04425446616235717,662,"On their first date she asked him, ""What's in YOUR wallet; and he said, ""A condom.""  She decided that qualified him as a feminist,  and she proposed."
521,987,8,31,116,155,1.303225806451613,0.04519120440834244,662,Finally...they've been engaged for 1100 years.
510,987,7,33,115,155,1.303225806451613,0.04425446616235717,662,"So romantic, getting married at half-time."
445,987,8,31,116,155,1.303225806451613,0.04519120440834244,662,Is that Fred or Barney?
357,987,9,29,117,155,1.303225806451613,0.0461089160188999,662,She really holds the sword in their relationship
329,987,13,21,121,155,1.303225806451613,0.04961028984679953,662,He raided Jared.
186,987,9,29,117,155,1.303225806451613,0.0461089160188999,662,"Instead of a limo, they rented a yak."
104,987,11,25,119,155,1.303225806451613,0.04789161197496605,662,“For their honeymoon they’re invading Europe.”
1731,987,7,33,115,155,1.303225806451613,0.04425446616235717,662,Do you take this raper and pillager to be your lawfully wedded husband?
3250,1011,7,34,118,159,1.3018867924528301,0.04348733785309519,662,"Oh sure, they get to wear comfortable clothes."
3124,1012,6,35,115,156,1.3012820512820513,0.04306291374859299,662,It took ages and ages for them to find each other.
3094,1012,11,25,120,156,1.3012820512820513,0.047623308056168476,662,"Well, Love is a Battlefield."
2264,1012,13,21,122,156,1.3012820512820513,0.049329559516483684,662,They met at Walmart.
1684,1012,9,29,118,156,1.3012820512820513,0.04585360943628251,662,"After the fat lady sang, I thought, '""Really, there's more?"""
2512,1016,9,28,116,153,1.3006535947712419,0.04644663530572514,662,"Oh, she married a Norse, not a nurse!"
4692,1016,4,38,111,153,1.3006535947712419,0.04156071908900895,662,I thought she was marrying the one with the hammer.
4249,1016,9,28,116,153,1.3006535947712419,0.04644663530572514,662,They met on NobleSavages.com.
4903,1016,8,30,115,153,1.3006535947712419,0.04551143393936879,662,The bridal registry suggested all Viking appliances.
3949,1016,7,32,114,153,1.3006535947712419,0.044556607896158625,662,"A little jazz, a little Ring Cycle--not your everyday theme wedding, is it?!"
3936,1016,10,26,117,153,1.3006535947712419,0.04736337449156824,662,”You May now fight to the death.
3933,1016,9,28,116,153,1.3006535947712419,0.04644663530572514,662,They’re going to plunder Europe for the Honeymoon.
3919,1016,13,20,120,153,1.3006535947712419,0.050012870136046474,662,They're rented.  All his groomsmen were slain by the Irish.
3639,1016,10,26,117,153,1.3006535947712419,0.04736337449156824,662,I heard it's an open mead bar.
3111,1016,8,30,115,153,1.3006535947712419,0.04551143393936879,662,The gall of her -- dressed like that and making us wear these awful bridesmaid's dresses.
3010,1016,9,28,116,153,1.3006535947712419,0.04644663530572514,662,I am okay with the theme so long as we get cake and don’t have to eat roadkill.
2780,1016,11,24,118,153,1.3006535947712419,0.04826270356324893,662,"They've taken this ""23 & me"" thing a bit too far,don't you think?"
2464,1016,8,30,115,153,1.3006535947712419,0.04551143393936879,662,Not only the good ones are gone.
459,1016,8,30,115,153,1.3006535947712419,0.04551143393936879,662,They’re not wearing underwear.
2251,1016,9,28,116,153,1.3006535947712419,0.04644663530572514,662,Is that a Vera Wang?
2287,1016,3,40,110,153,1.3006535947712419,0.04051288756914285,662,"Quick, the nose ring."
457,1016,8,30,115,153,1.3006535947712419,0.04551143393936879,662,You thinking what I'm thinking?  How is he going to get the ring on her left hand?
744,1016,9,28,116,153,1.3006535947712419,0.04644663530572514,662,I can never remember longship reception etiquette. Do bridesmaids row on the left or right?
841,1016,6,34,113,153,1.3006535947712419,0.04358086730672671,662,"Can you believe she said ""yes to the dress"" ?"
1414,1016,8,30,115,153,1.3006535947712419,0.04551143393936879,662,I always cry when they lock horns.
1,1016,8,30,115,153,1.3006535947712419,0.04551143393936879,662,Can't wait 'til they break the glass.
1518,1016,9,28,116,153,1.3006535947712419,0.04644663530572514,662,"If he doesn't hold her, she'll halve him."
1549,1016,5,36,112,153,1.3006535947712419,0.04258277448923469,662,The prenup is brutal.
1592,1016,6,34,113,153,1.3006535947712419,0.04358086730672671,662,Her wedding dress still looks better than what we are wearing.
2082,1016,5,36,112,153,1.3006535947712419,0.04258277448923469,662,"I give it five winters, tops."
2121,1016,7,32,114,153,1.3006535947712419,0.044556607896158625,662,They're invading England right after the ceremony
1507,1016,8,30,115,153,1.3006535947712419,0.04551143393936879,662,I'm not staying for the reception. You?
2929,1043,4,38,112,154,1.2987012987012987,0.04133609136936066,662,Let me guess...they're going on a Viking cruise for their honeymoon!
4148,1044,5,35,111,151,1.2980132450331126,0.042850633319385184,662,Did you remember to put the “Just Married” sign on the back of their longboat?
1669,1044,6,33,112,151,1.2980132450331126,0.04386886135544158,662,"He killed the best man, so you’ll  be going stag to the reception."
973,1044,11,23,117,151,1.2980132450331126,0.048641320915202485,662,Only true opera buffs could interpret The Ring this literally.
2709,1047,6,33,113,152,1.2960526315789473,0.04362337602701755,662,Who knew Pillage.com had a dating app?
4428,1047,6,33,113,152,1.2960526315789473,0.04362337602701755,662,I am not looking forward to the garter toss.
4366,1047,9,27,116,152,1.2960526315789473,0.04652326367761186,662,They wanted to be ready for any objectors.
4462,1047,11,23,118,152,1.2960526315789473,0.04836001255891019,662,"And do you promise to love, honor, and not bludgeon each other to death?"
3297,1047,11,23,118,152,1.2960526315789473,0.04836001255891019,662,You may now head butt the bride.
2764,1047,9,27,116,152,1.2960526315789473,0.04652326367761186,662,"Brenda always preferred pillaging to partying"""
2001,1047,9,27,116,152,1.2960526315789473,0.04652326367761186,662,I give it two raids.
3345,1047,12,21,119,152,1.2960526315789473,0.04925270744272468,662,I HAVE to find out where she bought those shoes.
1230,1047,12,21,119,152,1.2960526315789473,0.04925270744272468,662,"I'm confuced,
Is she a coverted Hun or is he  converted Visigoth?"
1010,1047,5,35,112,152,1.2960526315789473,0.04261291541603195,662,Their funerals should be fun
830,1047,9,27,116,152,1.2960526315789473,0.04652326367761186,662,So  quaint. He’s still horny.
570,1047,8,29,115,152,1.2960526315789473,0.04557713996595138,662,It does take nerve to wear LL Bean duck boot knockoffs.
280,1047,11,23,118,152,1.2960526315789473,0.04836001255891019,662,"I'm just glad there is an open bar."""
279,1047,8,29,115,152,1.2960526315789473,0.04557713996595138,662,I just love her gown's plundering neckline.
1836,1047,8,29,115,152,1.2960526315789473,0.04557713996595138,662,I heard The Pillage People are playing the reception.
2943,1062,12,20,117,149,1.2953020134228188,0.04994406058583319,662,This wasn't her wedding day fantasy when we were teenagers.
3377,1062,6,32,111,149,1.2953020134228188,0.04416153143175798,662,"They really ran with this Minnesota football thing, huh?"
3524,1062,8,28,113,149,1.2953020134228188,0.04616958199434513,662,"On the other hand, they're both adept at writing code"""
3870,1062,8,28,113,149,1.2953020134228188,0.04616958199434513,662,I'll bet their limo is out back eating hay.
4109,1062,11,22,116,149,1.2953020134228188,0.049027690810746656,662,I hear they're spending their honeymoon on a Viking cruise
4165,1062,7,30,112,149,1.2953020134228188,0.045176715019635424,662,I can’t believe they went with spats.
4626,1062,7,30,112,149,1.2953020134228188,0.045176715019635424,662,I'm outta here when she turns around and throws the sword.
4329,1062,5,34,110,149,1.2953020134228188,0.04312245513454612,662,They wanted it to be both traditional AND progressive.
2782,1062,9,26,114,149,1.2953020134228188,0.047141542434457555,662,I'm gonna pillage one of those groomsmen.
4636,1062,9,26,114,149,1.2953020134228188,0.047141542434457555,662,She's always had a thing for the 'bad boy' type.
4780,1062,8,28,113,149,1.2953020134228188,0.04616958199434513,662,They're going to rediscover America for their honeymoon!
4891,1062,7,30,112,149,1.2953020134228188,0.045176715019635424,662,If only we didn't have to hold these thistle bouquets.
4171,1062,9,26,114,149,1.2953020134228188,0.047141542434457555,662,Do you think he’s good in the ransack?
2741,1062,9,26,114,149,1.2953020134228188,0.047141542434457555,662,"How about that, a vow to never again use deodorant."
2572,1062,7,30,112,149,1.2953020134228188,0.045176715019635424,662,I gave 10 pelts
655,1062,8,28,113,149,1.2953020134228188,0.04616958199434513,662,She always said she wanted a Viking in the kitchen.
171,1062,8,28,113,149,1.2953020134228188,0.04616958199434513,662,It’s a match made in Valhalla.
377,1062,9,26,114,149,1.2953020134228188,0.047141542434457555,662,"God, everything these days is Scandinavian chic."
523,1062,8,28,113,149,1.2953020134228188,0.04616958199434513,662,You may wrestle the bride.
2563,1062,9,26,114,149,1.2953020134228188,0.047141542434457555,662,Just be happy they aren't Bears fans Monica.
714,1062,10,24,115,149,1.2953020134228188,0.04809386389828714,662,I don't think they will have a Vegan option at the reception.
757,1062,6,32,111,149,1.2953020134228188,0.04416153143175798,662,At least we know it’s not a shotgun wedding
885,1062,5,34,110,149,1.2953020134228188,0.04312245513454612,662,That hemline. She always had a great eye for fashion.
1257,1062,9,26,114,149,1.2953020134228188,0.047141542434457555,662,"If I see a sacrificial fertility goat, I'm walking out."
1511,1062,4,36,109,149,1.2953020134228188,0.04205771528820531,662,I still think the mace would have gone better with that dress than the sword.
1631,1062,12,20,117,149,1.2953020134228188,0.04994406058583319,662,"And do you, Ivanka, take this Great American to be your husband?"
2126,1062,8,28,113,149,1.2953020134228188,0.04616958199434513,662,At least we know why the gift registry specified Viking.
2515,1062,10,24,115,149,1.2953020134228188,0.04809386389828714,662,I hope they don't already have a toaster.
2539,1062,8,28,113,149,1.2953020134228188,0.04616958199434513,662,They're gonna explore America for their honeymoon.
921,1062,6,32,111,149,1.2953020134228188,0.04416153143175798,662,They met on a cruise.  He rowed. She mended the sail.
2553,1092,6,31,110,147,1.2925170068027212,0.04445895911030836,662,I wonder where they’re raiding on their honeymoon.
2450,1092,7,29,111,147,1.2925170068027212,0.04549491186152165,662,They met at MOMA. Go figure.
3306,1092,7,29,111,147,1.2925170068027212,0.04549491186152165,662,It's a pity that Helga slayed the groomsman at the rehearsal.
2356,1092,8,27,112,147,1.2925170068027212,0.04650779467361549,662,I now pronounce you goth and visigoth. You may pillage and burn.
4086,1092,8,27,112,147,1.2925170068027212,0.04650779467361549,662,I can't believe they're wearing fanny packs at the altar.
4371,1092,4,35,108,147,1.2925170068027212,0.04231102840798087,662,Are you staying after the ceremony for the for the looting and pillaging?
4809,1092,12,19,116,147,1.2925170068027212,0.05035600069371464,662,I think she went for the guy with the biggest horns.
3336,1092,9,25,113,147,1.2925170068027212,0.04749908341766955,662,I do.. All though I probably shouldn't.
1569,1092,7,29,111,147,1.2925170068027212,0.04549491186152165,662,I wish they'd converted to Christianity before they burnt down the church.
404,1092,9,25,113,147,1.2925170068027212,0.04749908341766955,662,I hear they’re going to pillage in Hawaii.
1396,1092,10,23,114,147,1.2925170068027212,0.04847010300829041,662,I heard we're eating mutton
1339,1092,12,19,116,147,1.2925170068027212,0.05035600069371464,662,Check that sword.  She''l be wearing the codpiece in that marriage.
1251,1092,4,35,108,147,1.2925170068027212,0.04231102840798087,662,"This isn't what I thought when they said, ""Traditional Attire""."
696,1092,7,29,111,147,1.2925170068027212,0.04549491186152165,662,I thought she said they were going hiking on their honeymoon.
683,1092,10,23,114,147,1.2925170068027212,0.04847010300829041,662,The honeymoon will be with a Viking crew not on a Viking cruise.
1498,1092,6,31,110,147,1.2925170068027212,0.04445895911030836,662,"I love the part where they promise to burn, pillage and loot till death do they part."
258,1092,8,27,112,147,1.2925170068027212,0.04650779467361549,662,"The reception buffet is 'Norvegan.'"""
66,1092,3,37,107,147,1.2925170068027212,0.04119508665879235,662,It’s so cute when she calls him Hunny.
80,1110,6,30,108,144,1.2916666666666667,0.04502761821911528,662,They plan to pillage and plunder for a whole year before starting a family.
1978,1110,8,26,110,144,1.2916666666666667,0.04713530096155743,662,And for their honeymoon they're going to loot the Saxons
2478,1110,10,22,112,144,1.2916666666666667,0.04915268854281311,662,"She says they met on that new Pillage & Plunder theme dating site.  He gets to be Thor tonight but we all know who going to really be ""Thor"" tomorrow."
451,1113,10,23,115,148,1.2905405405405406,0.04818204353884149,662,You may now club the bride.
2081,1114,7,24,100,131,1.2900763358778626,0.04905274118029801,662,She made us wear these fancy bridesmaid dresses and she shows up in that?
926,1115,8,23,104,135,1.288888888888889,0.049168505367048546,662,"I suggestes Mediterranean but no, they had to go Paleo."
1533,1115,4,31,100,135,1.288888888888889,0.04444444444444443,662,Isn't this carrying their paleo diet a little too far?
3001,1117,7,27,108,142,1.2887323943661972,0.04642981037575552,662,If anyone objects to this man Hägar taking this woman Helga to be his lawfully wedded wife speak now at your own peril.
4871,1117,8,25,109,142,1.2887323943661972,0.047493340716311595,662,They had the best man at the rehearsal dinner.
3095,1117,11,19,112,142,1.2887323943661972,0.05054985435188512,662,Are you going to the skull bashing?
3586,1117,9,23,110,142,1.2887323943661972,0.048533571198323196,662,She’s gonna introduce me to his brother. I heard he looks just like Thor.
3613,1117,4,33,105,142,1.2887323943661972,0.04308197916678708,662,When did they change it to a themed wedding?
3651,1117,7,27,108,142,1.2887323943661972,0.04642981037575552,662,Getting married is all about the cutlery.
3663,1117,7,27,108,142,1.2887323943661972,0.04642981037575552,662,"Apparently, the groom is from Minnesota"
3789,1117,6,29,107,142,1.2887323943661972,0.04534134063590939,662,They met at a Halloween party in Minnesota. The rest is history.
4758,1117,6,29,107,142,1.2887323943661972,0.04534134063590939,662,I hear the honeymoon is on one of those “riverboat” cruises.
4101,1117,7,27,108,142,1.2887323943661972,0.04642981037575552,662,"And do you, take Bob, house of Humdrum, rightful heir to the framed jerseys, elder man of the golden beerbong, doer of many things, loudest snorer in the seven kingdoms, loudest belcher in the great hall to love and to cherish until death do you part"
4127,1117,5,31,106,142,1.2887323943661972,0.044226090148175225,662,They met on a Viking river tour.
4219,1117,6,29,107,142,1.2887323943661972,0.04534134063590939,662,"No wonder there was so much Viking cutlery on the gift registry."""
4288,1117,8,25,109,142,1.2887323943661972,0.047493340716311595,662,They're very old-fashioned.
4292,1117,8,25,109,142,1.2887323943661972,0.047493340716311595,662,I can't believe they made us wear these ridiculous outfits.
4861,1117,9,23,110,142,1.2887323943661972,0.048533571198323196,662,I was thinking Vikingmatch.com was way too niche...
2928,1117,7,27,108,142,1.2887323943661972,0.04642981037575552,662,"Personally, I prefer a Viking Funeral."
3901,1117,9,23,110,142,1.2887323943661972,0.048533571198323196,662,"I now pronounce you man and wife. You may club the bride."""
2588,1117,5,31,106,142,1.2887323943661972,0.044226090148175225,662,"It won’t last, they are always competing,"
2293,1117,7,27,108,142,1.2887323943661972,0.04642981037575552,662,"Well, she did say we should all go retro, but I didn't realize how far back her idea of retro extended."
2353,1117,6,29,107,142,1.2887323943661972,0.04534134063590939,662,Kick that Starbucks cup away
2481,1117,9,23,110,142,1.2887323943661972,0.048533571198323196,662,"So charming their vow to love, honor, and plunder."
40,1117,7,27,108,142,1.2887323943661972,0.04642981037575552,662,Norseman? I thought you said he was a horse man.
130,1117,10,21,111,142,1.2887323943661972,0.049551969225548984,662,She stepped on his spear at yoga and the rest is history.
281,1117,7,27,108,142,1.2887323943661972,0.04642981037575552,662,Valhalla is the ultimate 'fuck you' destination wedding.
348,1117,8,25,109,142,1.2887323943661972,0.047493340716311595,662,Paleo isn’t for everyone.
949,1117,6,29,107,142,1.2887323943661972,0.04534134063590939,662,....in famine and in pillage....
989,1117,6,29,107,142,1.2887323943661972,0.04534134063590939,662,I give it six months before one of them wants to be pushed out to sea.
549,1117,6,29,107,142,1.2887323943661972,0.04534134063590939,662,"So when did ""something sharp"" replace old, new, borrowed and blue?"
1096,1117,5,31,106,142,1.2887323943661972,0.044226090148175225,662,"Actually, I thought the dragon ring bearer was a nice touch."
1172,1117,5,31,106,142,1.2887323943661972,0.044226090148175225,662,Animal skins make me look fat!
1467,1117,8,25,109,142,1.2887323943661972,0.047493340716311595,662,Ancestry analysis does have consequences.
1729,1117,8,25,109,142,1.2887323943661972,0.047493340716311595,662,They've written their own battle cries.
1999,1117,5,31,106,142,1.2887323943661972,0.044226090148175225,662,The reception should be fun.
2160,1117,5,31,106,142,1.2887323943661972,0.044226090148175225,662,It’s my first paleo wedding.
2194,1117,7,27,108,142,1.2887323943661972,0.04642981037575552,662,Only in Minnesota.
1049,1117,5,31,106,142,1.2887323943661972,0.044226090148175225,662,"See, I told you she would wear vintage"
3416,1153,9,23,111,143,1.2867132867132867,0.04823525855297528,662,"You think this is bad, I had to sit through her Mom's funeral"
39,1154,9,22,109,140,1.2857142857142858,0.0489202155639534,662,If any of you has a reason why these two should not be married it shall be settled by joust in the reception tent.
2153,1154,6,28,106,140,1.2857142857142858,0.04566029699933242,662,"He's the new general manager for the Minnesota Vikings, I hear."
3858,1156,7,26,108,141,1.2836879432624113,0.046483474348555785,662,How do you “speak now” in Old Norse?
4062,1156,4,32,105,141,1.2836879432624113,0.04309016151897889,662,"When he says “speak now or forever your peace,” hold your peace."
3885,1156,12,16,113,141,1.2836879432624113,0.05164590013235741,662,Fucking Tinder!
2546,1156,2,36,103,141,1.2836879432624113,0.040670969677944147,662,"Always the bridesmaid, never the sacrifice."
2185,1156,9,22,110,141,1.2836879432624113,0.048614273960435536,662,"If anyone has reason for these two not to wed; please don’t speak, you’ll regret it."
1211,1156,9,22,110,141,1.2836879432624113,0.048614273960435536,662,"It was love on first invasion...""
""Brenda...""
""They're r-a-i-d-iant""
""Stop it."
1198,1156,10,20,111,141,1.2836879432624113,0.04964539007092198,662,"Honey, a black minister? I hope he doesn’t feel out of place."
629,1156,9,22,110,141,1.2836879432624113,0.048614273960435536,662,"If anyone objects to this marriage, demand ritualistic combat now."
484,1156,7,26,108,141,1.2836879432624113,0.046483474348555785,662,I wish she'd just hurry up and sing.
1688,1156,6,28,107,141,1.2836879432624113,0.045380571447692516,662,Her ex was a Packers fan.
3179,1166,5,29,104,138,1.2826086956521738,0.04481957250615243,662,His ManPurse makes the outfit.
3146,1166,8,23,107,138,1.2826086956521738,0.04823021509412167,662,It's so romantic.  They're going on a Viking cruise.
3060,1166,7,25,106,138,1.2826086956521738,0.04712077169601795,662,Well it’s a step up...the last guy was a real Neanderthal
2994,1166,7,25,106,138,1.2826086956521738,0.04712077169601795,662,I'm told they'll invade Scotland for their honeymoon.
2952,1166,10,19,109,138,1.2826086956521738,0.050375854271855605,662,I wish he hadn't eaten the flower girls.
2906,1166,7,25,106,138,1.2826086956521738,0.04712077169601795,662,The reception being at Comic-Con makes sense now.
2842,1166,5,29,104,138,1.2826086956521738,0.04481957250615243,662,When did she convert?
2811,1166,4,31,103,138,1.2826086956521738,0.04362347483680385,662,Thank God they decided against Naked and Afraid.
2804,1166,8,23,107,138,1.2826086956521738,0.04823021509412167,662,I never thought they'd get past the mortal combat phase.
2796,1166,6,27,105,138,1.2826086956521738,0.045984569177401784,662,She's just marrying him for his plunder.
2338,1166,9,21,108,138,1.2826086956521738,0.04931470542163095,662,I believe I’ll skip the bridal bouquet toss
2738,1166,7,25,106,138,1.2826086956521738,0.04712077169601795,662,"You know what, Inga? I also hope that you catch the sword."
2726,1166,4,31,103,138,1.2826086956521738,0.04362347483680385,662,So much for an open bar. Looks like mead out of a horn!
2677,1166,9,21,108,138,1.2826086956521738,0.04931470542163095,662,"Apparently, he just swiped right on ValhallaVixens and the rest is history..."
2670,1166,6,27,105,138,1.2826086956521738,0.045984569177401784,662,They met at some football game in Minnesota.
2557,1166,8,23,107,138,1.2826086956521738,0.04823021509412167,662,They couldn’t fjord a tuxedo.
2510,1166,3,33,102,138,1.2826086956521738,0.042393643792911495,662,"Stacy is keeping her maiden name, I mean she's not in the stone ages..."
2483,1166,6,27,105,138,1.2826086956521738,0.045984569177401784,662,Til death and a flaming arrow into a boat do you part.
2347,1166,4,31,103,138,1.2826086956521738,0.04362347483680385,662,"It's like Tinder, but for weirdos"
2759,1166,10,19,109,138,1.2826086956521738,0.050375854271855605,662,Fanny packs? Really?
3215,1166,8,23,107,138,1.2826086956521738,0.04823021509412167,662,"As soon as this is over, I'm going to pillage the buffet. You with me?"
3991,1166,6,27,105,138,1.2826086956521738,0.045984569177401784,662,This whole time I thought they had met through her *biking* club.
3356,1166,5,29,104,138,1.2826086956521738,0.04481957250615243,662,"...in sickness and in health, hmmm - let's skip this ""until death do us part"" bit"
2223,1166,8,23,107,138,1.2826086956521738,0.04823021509412167,662,"...In famine and in gluttony, in sacking and in restoration..."
4836,1166,8,23,107,138,1.2826086956521738,0.04823021509412167,662,She did not tell us about the Viking marriage theme just to humiliate us.  It is like middle school all over again!
4533,1166,5,29,104,138,1.2826086956521738,0.04481957250615243,662,It's my first time at one of these- when do we send them off in a flaming boat?
4437,1166,4,31,103,138,1.2826086956521738,0.04362347483680385,662,Would you believe this is my third Hägar the Horrible themed wedding this summer?
4421,1166,6,27,105,138,1.2826086956521738,0.045984569177401784,662,"Since she converted, she really dresses the part."
4284,1166,6,27,105,138,1.2826086956521738,0.045984569177401784,662,I thought you said they grew out of it when they were kids!
4208,1166,5,29,104,138,1.2826086956521738,0.04481957250615243,662,He got her at a raid.
4064,1166,8,23,107,138,1.2826086956521738,0.04823021509412167,662,For better or Thor worse . . . .
3922,1166,7,25,106,138,1.2826086956521738,0.04712077169601795,662,They met at a Vikings game and it changed their lives.
3281,1166,6,27,105,138,1.2826086956521738,0.045984569177401784,662,"I don't mind a destination wedding, but I think time travel is too much to ask."
3891,1166,6,27,105,138,1.2826086956521738,0.045984569177401784,662,Did they gird their loins?
3776,1166,6,27,105,138,1.2826086956521738,0.045984569177401784,662,Who knew this would lead to when she took up fencing at Wellsley.
3706,1166,7,25,106,138,1.2826086956521738,0.04712077169601795,662,She thinks he'll settle down and only pillage
3692,1166,2,35,101,138,1.2826086956521738,0.04112705327692792,662,"I don't care if it does look like a sack, for what I paid for this dress - I'm so wearing it again!"
3664,1166,7,25,106,138,1.2826086956521738,0.04712077169601795,662,She’s not the type to sit at home while he goes out raping and pillaging.
3653,1166,8,23,107,138,1.2826086956521738,0.04823021509412167,662,They couldn’t afford a real destination wedding.
3530,1166,5,29,104,138,1.2826086956521738,0.04481957250615243,662,Their pillaging style is totally different. I guess opposites do attract.
3525,1166,8,23,107,138,1.2826086956521738,0.04823021509412167,662,They met on Christian Mingle.
3477,1166,8,23,107,138,1.2826086956521738,0.04823021509412167,662,i hear she converted.
3423,1166,3,33,102,138,1.2826086956521738,0.042393643792911495,662,It'll never last. He travels a lot for work.
3788,1166,4,31,103,138,1.2826086956521738,0.04362347483680385,662,I got them a boulder for the man cave.
2208,1166,4,31,103,138,1.2826086956521738,0.04362347483680385,662,Don't you just love an old-fashioned wedding?
2467,1166,8,23,107,138,1.2826086956521738,0.04823021509412167,662,At least it's better than when she was dating the Phillies fan!
2120,1166,6,27,105,138,1.2826086956521738,0.045984569177401784,662,I give it one conquest.
943,1166,4,31,103,138,1.2826086956521738,0.04362347483680385,662,He’s from Minnesota.
906,1166,7,25,106,138,1.2826086956521738,0.04712077169601795,662,He was also the first in his extended family to go to college.
866,1166,3,33,102,138,1.2826086956521738,0.042393643792911495,662,You should have seen what they wore to the rehearsal dinner.
796,1166,8,23,107,138,1.2826086956521738,0.04823021509412167,662,Another Episcopalian Mixed Marriage
718,1166,6,27,105,138,1.2826086956521738,0.045984569177401784,662,Just stay out of my way when she throws it and nobody will get hurt.
698,1166,5,29,104,138,1.2826086956521738,0.04481957250615243,662,She always had a thing for guys from Minnesota.
552,1166,5,29,104,138,1.2826086956521738,0.04481957250615243,662,It's so romantic. He's sacking Paris for their honeymoon.
544,1166,7,25,106,138,1.2826086956521738,0.04712077169601795,662,Her 'something pillaged' is so last season.
535,1166,8,23,107,138,1.2826086956521738,0.04823021509412167,662,You're so much more evolved than your sister.
443,1166,4,31,103,138,1.2826086956521738,0.04362347483680385,662,Did you see the tin cans tied to the ship?
414,1166,5,29,104,138,1.2826086956521738,0.04481957250615243,662,I’m just praying that no one objects...!
406,1166,6,27,105,138,1.2826086956521738,0.045984569177401784,662,"I'm getting antsy, how long until we ""drink the blood of our ancestors""?"
391,1166,6,27,105,138,1.2826086956521738,0.045984569177401784,662,She's taking his name but keeping her own plunder.
251,1166,5,29,104,138,1.2826086956521738,0.04481957250615243,662,They met on a Norwegian cruise for single pillagers.
197,1166,6,27,105,138,1.2826086956521738,0.045984569177401784,662,Hope she doesn't slay him until after my aria.
169,1166,4,31,103,138,1.2826086956521738,0.04362347483680385,662,I give it one ár.
168,1166,4,31,103,138,1.2826086956521738,0.04362347483680385,662,"They agreed to omit ""obey"" for obvious reasons."
145,1166,7,25,106,138,1.2826086956521738,0.04712077169601795,662,These Vikings fans carry it a little too far.
81,1166,7,25,106,138,1.2826086956521738,0.04712077169601795,662,Speak now and forever rest in peace.
966,1166,4,31,103,138,1.2826086956521738,0.04362347483680385,662,"For the reception, we raid a small village."
997,1166,6,27,105,138,1.2826086956521738,0.045984569177401784,662,We're getting them a Viking range.
411,1166,7,25,106,138,1.2826086956521738,0.04712077169601795,662,You may now slay the groom.
1150,1166,9,21,108,138,1.2826086956521738,0.04931470542163095,662,Check out that rock!
2113,1166,10,19,109,138,1.2826086956521738,0.050375854271855605,662,Who would have guessed they met through JDate?
2079,1166,8,23,107,138,1.2826086956521738,0.04823021509412167,662,And I said the bride's maids' dresses were too retro!
2134,1166,6,27,105,138,1.2826086956521738,0.045984569177401784,662,"You’re the oldest, so I’ll let you catch the bride’s sword."
1990,1166,5,29,104,138,1.2826086956521738,0.04481957250615243,662,"And now, the bride and groom will exchange thrusts and parries."
1911,1166,10,19,109,138,1.2826086956521738,0.050375854271855605,662,Viking weddings are so... yesterday.
1885,1166,6,27,105,138,1.2826086956521738,0.045984569177401784,662,They're really into the Make Marriage Great Again movement.
1879,1166,8,23,107,138,1.2826086956521738,0.04823021509412167,662,You may now maraud the countryside.
1856,1166,10,19,109,138,1.2826086956521738,0.050375854271855605,662,They met last year at the Met Gala
1821,1166,8,23,107,138,1.2826086956521738,0.04823021509412167,662,"Heads up girls , I heard she’s going to catapult the bouquet."
1735,1166,8,23,107,138,1.2826086956521738,0.04823021509412167,662,I give it three pillages.
1583,1166,7,25,106,138,1.2826086956521738,0.04712077169601795,662,I'm more of a Packers fan myself
1555,1166,7,25,106,138,1.2826086956521738,0.04712077169601795,662,It was the only way he'd agree to a Viking cruise for the honeymoon.
1523,1166,10,19,109,138,1.2826086956521738,0.050375854271855605,662,You may now whack the bride.
1493,1166,4,31,103,138,1.2826086956521738,0.04362347483680385,662,Have you ever seen a groom that horny?
1436,1166,7,25,106,138,1.2826086956521738,0.04712077169601795,662,They were from the first wave of Trump supporters back in 2014.
1406,1166,6,27,105,138,1.2826086956521738,0.045984569177401784,662,"And do you Yigvildfr, agree to fight, hunt and gather with Gizurr, for as long as you both survive?"
1386,1166,9,21,108,138,1.2826086956521738,0.04931470542163095,662,They met on a Viking Cruise Ship last summer.
1273,1166,7,25,106,138,1.2826086956521738,0.04712077169601795,662,That's really clever - A yarmulkah that doubles as a coat rack.
1180,1166,8,23,107,138,1.2826086956521738,0.04823021509412167,662,"Well, at least it wasn't a destination wedding!"
1588,1166,4,31,103,138,1.2826086956521738,0.04362347483680385,662,I just love Minnesota.
1118,1166,4,31,103,138,1.2826086956521738,0.04362347483680385,662,At least they don't have tattoos.
2030,1257,6,19,85,110,1.2818181818181817,0.05345731413004237,662,They wore the same pelt. How embarrassing!
3851,1258,7,25,107,139,1.2805755395683454,0.046824706304139325,662,I wish I'D thought of walking down the aisle to the wailing of my enemies.
3806,1258,6,27,106,139,1.2805755395683454,0.04569779760462853,662,"Classic us, Helga: always the shieldwench, never the shieldmaiden."
807,1258,7,25,107,139,1.2805755395683454,0.046824706304139325,662,I now pronounce you anything you want please don't kill me.
1276,1258,9,21,109,139,1.2805755395683454,0.04900083621306406,662,"To save money on the reception, instead of catering, we’ll be pillaging the Olive Garden."
2013,1262,5,28,103,136,1.2794117647058822,0.0451228973832111,662,Nothing like a really old-fashioned wedding !
2085,1262,9,20,107,136,1.2794117647058822,0.049717257725566,662,I love these retro Jewish weddings!
2127,1262,5,28,103,136,1.2794117647058822,0.0451228973832111,662,"The weapons are a nice touch, but the matching plunder pouches are just too cute"
2196,1262,4,30,102,136,1.2794117647058822,0.043899241523996296,662,I’m planning on leaving right before she throws the sword.
2210,1262,9,20,107,136,1.2794117647058822,0.049717257725566,662,And I now pronounce you husband and wife... until one of you get a real job and stop the illusion of thinking that life could be an eternal geek fair.
2404,1262,9,20,107,136,1.2794117647058822,0.049717257725566,662,At least it's not Star Wars like the last three dudes she married.
2516,1262,5,28,103,136,1.2794117647058822,0.0451228973832111,662,"Funny thing is, she broke off her last relationship because she said she couldn’t take his toxic masculinity."
2870,1262,5,28,103,136,1.2794117647058822,0.0451228973832111,662,"I mean I get the idea of theme weddings, but I just wish they had told the rest of us."
2970,1262,2,34,100,136,1.2794117647058822,0.04134342127394495,662,"I'm going along with it - but if there are no eating utensils at the reception, I'm out of here."
3128,1262,7,24,105,136,1.2794117647058822,0.04747568632471863,662,Is Viking cuisine the same as Paleo?
3310,1262,4,30,102,136,1.2794117647058822,0.043899241523996296,662,Tossing of the sword should be fun
3369,1262,5,28,103,136,1.2794117647058822,0.0451228973832111,662,She swore to me she'd never go on another of those damned cruises.
3825,1262,6,26,104,136,1.2794117647058822,0.04631423463827765,662,"They fight out the ""obey"" bit later."
4047,1262,5,28,103,136,1.2794117647058822,0.0451228973832111,662,In sickness and health. In war and in peace.
4194,1262,7,24,105,136,1.2794117647058822,0.04747568632471863,662,I'm glad they raided until they both were ready
4212,1262,8,22,106,136,1.2794117647058822,0.048609394707985344,662,"Ever since 23andMe, he has taken this
whole Viking thing WAY too far."
4297,1262,4,30,102,136,1.2794117647058822,0.043899241523996296,662,They're going to pillage London on their honeymoon.
4635,1262,8,22,106,136,1.2794117647058822,0.048609394707985344,662,"...for richer or poorer, for better or Norse...."
4666,1262,6,26,104,136,1.2794117647058822,0.04631423463827765,662,"Well, they did say it would be an old-fashioned wedding."
4763,1262,6,26,104,136,1.2794117647058822,0.04631423463827765,662,The vow to slaughter their enemies is touching.
4878,1262,9,20,107,136,1.2794117647058822,0.049717257725566,662,They met on the Paleo Diet site
1887,1262,6,26,104,136,1.2794117647058822,0.04631423463827765,662,I now pronounce you...whatever it is you two are going for here.
3603,1262,6,26,104,136,1.2794117647058822,0.04631423463827765,662,"They're both hunters, it won't last."
1868,1262,5,28,103,136,1.2794117647058822,0.0451228973832111,662,They wrote their own vows. This could get messy.
2412,1262,6,26,104,136,1.2794117647058822,0.04631423463827765,662,"She said she was dating a guy named Thor, but this is ridiculous."
1745,1262,6,26,104,136,1.2794117647058822,0.04631423463827765,662,"If Fred knew they were going to behead him, he would have held his peace."
1823,1262,7,24,105,136,1.2794117647058822,0.04747568632471863,662,Those that live by the sword get their guy by the sword.
10,1262,8,22,106,136,1.2794117647058822,0.048609394707985344,662,She landed a great catch: Thor is a Wall Street raider.
71,1262,9,20,107,136,1.2794117647058822,0.049717257725566,662,There originally from Minnesota.
95,1262,5,28,103,136,1.2794117647058822,0.0451228973832111,662,Plundering and pillaging together sounds so romantic.
195,1262,5,28,103,136,1.2794117647058822,0.0451228973832111,662,It was love at first fight.
338,1262,7,24,105,136,1.2794117647058822,0.04747568632471863,662,They met on a Viking Cruise.
487,1262,8,22,106,136,1.2794117647058822,0.048609394707985344,662,"...for better, for Norse..."
533,1262,7,24,105,136,1.2794117647058822,0.04747568632471863,662,Gretel is the only girl around here who can really tame him.
621,1262,9,20,107,136,1.2794117647058822,0.049717257725566,662,"Remember when Bob Mankoff bought funny cartoons for the magazine ?"""
653,1262,5,28,103,136,1.2794117647058822,0.0451228973832111,662,Heads up when she tosses the bouquet.
668,1262,4,30,102,136,1.2794117647058822,0.043899241523996296,662,Now I see why they said not to play the Mendelssohn.
432,1262,7,24,105,136,1.2794117647058822,0.04747568632471863,662,"You know, I'm the one who kept telling her, 'Hägar isn't THAT horrible'."
721,1262,7,24,105,136,1.2794117647058822,0.04747568632471863,662,It started with the Paleo diet and now they live in a cave and hunt all of their food
852,1262,9,20,107,136,1.2794117647058822,0.049717257725566,662,Costumes. Another reason to hate destination weddings.
991,1262,5,28,103,136,1.2794117647058822,0.0451228973832111,662,"Apparently, in the rehearsal  nobody told the best man that human sacrifice was a sign of good fortune in Viking weddings, so I’m sorry we are short one male in the wedding party"
1024,1262,6,26,104,136,1.2794117647058822,0.04631423463827765,662,"Yes, this is an unorthodox congregation albeit with traditional overtones."
1181,1262,9,20,107,136,1.2794117647058822,0.049717257725566,662,Bridesmaid: 'Why'd they make us wear these weird outfits?!'
1233,1262,6,26,104,136,1.2794117647058822,0.04631423463827765,662,I hope the wedding planner remembered to pillage some vegan dinner options.
1277,1262,7,24,105,136,1.2794117647058822,0.04747568632471863,662,They're trying to prove a point to their parents that they can make it work.
1374,1262,7,24,105,136,1.2794117647058822,0.04747568632471863,662,Blessings on your heads . . . and any other heads you might acquire.
1383,1262,7,24,105,136,1.2794117647058822,0.04747568632471863,662,"She promised to love, honor, and cosplay."
669,1262,5,28,103,136,1.2794117647058822,0.0451228973832111,662,I now pronounce you Atilla and Hun
1715,1262,6,26,104,136,1.2794117647058822,0.04631423463827765,662,The belt bags are Gucci.
2954,1311,4,29,100,133,1.2781954887218046,0.04446254251891293,662,I think the matching fanny packs create a nice modern vibe.
3178,1311,3,31,99,133,1.2781954887218046,0.043162443405041315,662,Are you staying for the post-nuptial sacking of the town?
3200,1311,7,23,103,133,1.2781954887218046,0.04815268618576098,662,They went beserk when they first met.
3370,1311,6,25,102,133,1.2781954887218046,0.04695487216840901,662,You should have seen him before the paleo diet
4015,1311,7,23,103,133,1.2781954887218046,0.04815268618576098,662,At least he waxes his back.
4605,1311,5,27,101,133,1.2781954887218046,0.04572569139771301,662,They're from Minneapolis.
4043,1311,5,27,101,133,1.2781954887218046,0.04572569139771301,662,"He had her at “Hello, Hun.”"
4210,1311,6,25,102,133,1.2781954887218046,0.04695487216840901,662,So does this make her a Viqueen?
4315,1311,7,23,103,133,1.2781954887218046,0.04815268618576098,662,are they going to war for their honey moon?
4801,1311,7,23,103,133,1.2781954887218046,0.04815268618576098,662,"The matching purses are a nice touch, don't you think?"
2019,1311,8,21,104,133,1.2781954887218046,0.04932141881026054,662,That battle-axe of a mother in law doesn't know what she's in for.
4843,1311,7,23,103,133,1.2781954887218046,0.04815268618576098,662,I can only imagine what happened to the third groomsman!
4034,1311,7,23,103,133,1.2781954887218046,0.04815268618576098,662,I now promounce you conquered and pillaged.
1977,1311,8,21,104,133,1.2781954887218046,0.04932141881026054,662,I will NOT be trying to catch the bouquet!
3668,1311,7,23,103,133,1.2781954887218046,0.04815268618576098,662,I knew her as Kathy.
1827,1311,4,29,100,133,1.2781954887218046,0.04446254251891293,662,The other groomsman will be found in the bog in a thousand years
1816,1311,5,27,101,133,1.2781954887218046,0.04572569139771301,662,"No one wears the pants in this marriage."""
1567,1311,11,15,107,133,1.2781954887218046,0.05267224936449324,662,And do you promise never to leave a Starbucks cup on the table?
1301,1311,6,25,102,133,1.2781954887218046,0.04695487216840901,662,I just hope his pillaging can keep up with her lifestyle.
1254,1311,6,25,102,133,1.2781954887218046,0.04695487216840901,662,I don’t get it.  They don’t own a boat and neither of them like watching  football.
1184,1311,8,21,104,133,1.2781954887218046,0.04932141881026054,662,They plan to spend their honeymoon pillaging Cancun.
1102,1311,7,23,103,133,1.2781954887218046,0.04815268618576098,662,"I like his take on the yarmulke, very retro."
1015,1311,7,23,103,133,1.2781954887218046,0.04815268618576098,662,Hipsters are really getting out of control
797,1311,6,25,102,133,1.2781954887218046,0.04695487216840901,662,"Pillage, plunder, feast... should be a lively reception."
788,1311,9,19,105,133,1.2781954887218046,0.05046309067040849,662,"I take thee to be my lawfully wedded wife, in fighting or in battle, in pitched combat, or in all-out melee, in conquest and in defeat, where death will do us part."
740,1311,7,23,103,133,1.2781954887218046,0.04815268618576098,662,At least they backed off on their request for dragons.
290,1311,4,29,100,133,1.2781954887218046,0.04446254251891293,662,"Always a bridesmaid, never Brunhilde."
289,1311,4,29,100,133,1.2781954887218046,0.04446254251891293,662,Aren't the cell phone fanny packs a bit of an anachronism?
48,1311,5,27,101,133,1.2781954887218046,0.04572569139771301,662,"For their honeymoon, they're going to pillage England, Wales and Ireland."
1863,1311,5,27,101,133,1.2781954887218046,0.04572569139771301,662,I'll bet on death do us part
2957,1341,7,24,106,137,1.2773722627737227,0.04717198442927356,662,If I were the bride I'd demand a prenup in event of decapitation.
1168,1341,10,18,109,137,1.2773722627737227,0.0504700181876622,662,You really do go in with your eyes open the second time around.
992,1341,10,18,109,137,1.2773722627737227,0.0504700181876622,662,"If Trump's 4th wife is Elizabeth Warren, I'll vote for him in 2020."
3637,1344,9,18,104,131,1.2748091603053435,0.05089156389742101,662,I'm betting on death do them part.
3573,1344,5,26,100,131,1.2748091603053435,0.04604554297149816,662,I just love the matching cross-body bags!
3561,1344,8,20,103,131,1.2748091603053435,0.04972435483572397,662,The pillage vow is so romantic
3519,1344,5,26,100,131,1.2748091603053435,0.04604554297149816,662,Not looking forward to the 'no utensil' rule at the reception.
3489,1344,5,26,100,131,1.2748091603053435,0.04604554297149816,662,Their DNA tests came back 1% Scandinavian
3476,1344,6,24,101,131,1.2748091603053435,0.047303613388792874,662,"They've aged well, haven't they?"
3645,1344,5,26,100,131,1.2748091603053435,0.04604554297149816,662,I hear they wrote their own chants.
2886,1344,10,16,105,131,1.2748091603053435,0.05203259639900345,662,"I hate to be the one to say it, but I'm not sure they're ready to settle down."
3269,1344,8,20,103,131,1.2748091603053435,0.04972435483572397,662,Did you bring The Ring?
3102,1344,9,18,104,131,1.2748091603053435,0.05089156389742101,662,Take it from me they are perfect together. He's plunder and she's pillage.
2998,1344,6,24,101,131,1.2748091603053435,0.047303613388792874,662,I'm in the mood to pillage some groomsmen.
2944,1344,8,20,103,131,1.2748091603053435,0.04972435483572397,662,"And on top of everything, they’ve both gone Paleo!"
2933,1344,8,20,103,131,1.2748091603053435,0.04972435483572397,662,I hear that they're already fighting
2916,1344,4,28,99,131,1.2748091603053435,0.04475211967542748,662,"She told me she was scrapping ""obey."""
3308,1344,8,20,103,131,1.2748091603053435,0.04972435483572397,662,I understand that for their honeymoon they are going to attack Rhode Island.
3779,1344,5,26,100,131,1.2748091603053435,0.04604554297149816,662,I heard she's only in it for the pillage
4333,1344,4,28,99,131,1.2748091603053435,0.04475211967542748,662,They're going on a cruise for their honeymoon.
3971,1344,5,26,100,131,1.2748091603053435,0.04604554297149816,662,This is where marital turns martial.
2789,1344,1,34,96,131,1.2748091603053435,0.04062551881705489,662,"For their honeymoon, they'll be sacking the Hebrides."
4841,1344,4,28,99,131,1.2748091603053435,0.04475211967542748,662,Isn't this taking '23andMe' a bit too far.
4768,1344,7,22,102,131,1.2748091603053435,0.048529080474831635,662,I'll be skipping the reception.
4676,1344,8,20,103,131,1.2748091603053435,0.04972435483572397,662,They're honeymooning in Iceland.
4532,1344,7,22,102,131,1.2748091603053435,0.048529080474831635,662,How soon do you think I can leave?  I'm still in season 7.
4502,1344,9,18,104,131,1.2748091603053435,0.05089156389742101,662,Some might question their full commitment to the paleo diet.
3852,1344,8,20,103,131,1.2748091603053435,0.04972435483572397,662,"Well, it was long overdue"
4393,1344,8,20,103,131,1.2748091603053435,0.04972435483572397,662,"If it were really authentic, there'd be more pillaging."
4331,1344,6,24,101,131,1.2748091603053435,0.047303613388792874,662,I love a traditional wedding.
4326,1344,7,22,102,131,1.2748091603053435,0.048529080474831635,662,"I don’t know if it’s re-enactment, pre-enactment, or just dumb."
4293,1344,7,22,102,131,1.2748091603053435,0.048529080474831635,662,Their registry is for plundered china.
4229,1344,5,26,100,131,1.2748091603053435,0.04604554297149816,662,She's going to regret that dress in a few years
4174,1344,7,22,102,131,1.2748091603053435,0.048529080474831635,662,I'm going to duck out just before the blood sacrifice.
4122,1344,4,28,99,131,1.2748091603053435,0.04475211967542748,662,I think they're way beyond cosplay.
4388,1344,3,30,98,131,1.2748091603053435,0.04342018428504746,662,They both had second thoughts but decided to settle it after the ceremony.
2659,1344,5,26,100,131,1.2748091603053435,0.04604554297149816,662,As in all mixed marriages: She carries the sword!
1413,1344,5,26,100,131,1.2748091603053435,0.04604554297149816,662,"If anyone objects to this union, I'd keep quiet if I were you."
2471,1344,3,30,98,131,1.2748091603053435,0.04342018428504746,662,This beats that Viking funeral I went to last week.
1186,1344,5,26,100,131,1.2748091603053435,0.04604554297149816,662,Can you believe it? Those aren't even his real horns!
1075,1344,6,24,101,131,1.2748091603053435,0.047303613388792874,662,You may pillage the bride
1066,1344,9,18,104,131,1.2748091603053435,0.05089156389742101,662,It sure was a long engagement.
831,1344,7,22,102,131,1.2748091603053435,0.048529080474831635,662,He says he lost it during the bachelor pillage.
717,1344,6,24,101,131,1.2748091603053435,0.047303613388792874,662,you catch the bouquet!
680,1344,6,24,101,131,1.2748091603053435,0.047303613388792874,662,I can't really say that the Paleo Diet has worked for him.
1192,1344,4,28,99,131,1.2748091603053435,0.04475211967542748,662,"Do you promise to raid, rape and pillage together till death does you part?"
632,1344,7,22,102,131,1.2748091603053435,0.048529080474831635,662,"All I said was, 'Sometimes marriage is a battle, and you have to be prepared for that.'"
243,1344,6,24,101,131,1.2748091603053435,0.047303613388792874,662,You should have seen her bachelorette party.
239,1344,5,26,100,131,1.2748091603053435,0.04604554297149816,662,"If he didn't marry her, her dad was going to bring the hammer down."
150,1344,8,20,103,131,1.2748091603053435,0.04972435483572397,662,"Do you promise to honour, obey, loot, rape, and pillage?"
84,1344,2,32,97,131,1.2748091603053435,0.04204607700191757,662,The groomsmen tied cans to their ship.
83,1344,4,28,99,131,1.2748091603053435,0.04475211967542748,662,She's pillaging his last name.
2615,1344,3,30,98,131,1.2748091603053435,0.04342018428504746,662,I heard they met on the “PlundR” app.
398,1344,4,28,99,131,1.2748091603053435,0.04475211967542748,662,"She eviscerated a goat on their first date, and he's been smitten ever since."
1199,1344,7,22,102,131,1.2748091603053435,0.048529080474831635,662,I wonder if there's a vegan option at the buffet?
114,1344,3,30,98,131,1.2748091603053435,0.04342018428504746,662,You can catch the bouquet.
1228,1344,5,26,100,131,1.2748091603053435,0.04604554297149816,662,I heard the lutefisk is imported.
1221,1344,7,22,102,131,1.2748091603053435,0.048529080474831635,662,Do you think she's going to throw that for the bouquet toss?
2369,1344,4,28,99,131,1.2748091603053435,0.04475211967542748,662,And do you Hilde vow to plunder and pillage with reckless abandon so long as you both shall live?
2062,1344,7,22,102,131,1.2748091603053435,0.048529080474831635,662,They met online.
1917,1344,8,20,103,131,1.2748091603053435,0.04972435483572397,662,I love theme weddings!
1841,1344,5,26,100,131,1.2748091603053435,0.04604554297149816,662,Oh yeah... it’s open bar
1757,1344,3,30,98,131,1.2748091603053435,0.04342018428504746,662,I hear they etched their own vows.
2273,1344,7,22,102,131,1.2748091603053435,0.048529080474831635,662,"They were found together in a glacier melt."""
1693,1344,7,22,102,131,1.2748091603053435,0.048529080474831635,662,Siegfried always dreamed of being married by Reverend Sharpton.
1639,1344,10,16,105,131,1.2748091603053435,0.05203259639900345,662,Donald of Sweden and Melania of Slovenia…
1623,1344,7,22,102,131,1.2748091603053435,0.048529080474831635,662,It worked out well for the Flintstones.
1442,1344,7,22,102,131,1.2748091603053435,0.048529080474831635,662,I think they have a lot in common!
1331,1344,6,24,101,131,1.2748091603053435,0.047303613388792874,662,After this they're going to pillage the reception across the street.
2405,1344,8,20,103,131,1.2748091603053435,0.04972435483572397,662,"He plays for Minnesota, and she was a Green Bay cheerleader. It was part of the prenuptial agreement."
1716,1344,2,32,97,131,1.2748091603053435,0.04204607700191757,662,I hope no one noticed that I spilled my latte on her dress in the bridal suite.
4779,1412,8,20,104,132,1.2727272727272727,0.04939011464665993,662,Thank God for Tinder.
4741,1412,3,30,99,132,1.2727272727272727,0.04314025173536369,662,I would object but I'm afraid of being impaled.
3780,1412,9,18,105,132,1.2727272727272727,0.050547441535790355,662,'In peace or melee--I like that...
56,1412,8,20,104,132,1.2727272727272727,0.04939011464665993,662,Our bridesmaid dresses are so tacky.
1404,1412,3,30,99,132,1.2727272727272727,0.04314025173536369,662,I thought you were in charge of providing the sacrificial goat.
2193,1417,7,14,82,103,1.2718446601941749,0.05721197864214087,662,I am also available for Viking funerals and longship christenings.
2290,1418,6,23,100,129,1.2713178294573644,0.047658265997511384,662,"""Yes, that was his vow - 'I drink and I know things.'"
3290,1418,6,23,100,129,1.2713178294573644,0.047658265997511384,662,I thought they were kidding when they said the were going on a Viking Cruise in a long boat!
3162,1418,8,19,102,129,1.2713178294573644,0.0501354004661881,662,She was looking for a guy who was horny.
2742,1418,11,13,105,129,1.2713178294573644,0.053637025205806384,662,"They met ransacking Paris, the City of Love."
2547,1418,6,23,100,129,1.2713178294573644,0.047658265997511384,662,"Do you promise to love, honor and rarely stab each other?"
2252,1418,5,25,99,129,1.2713178294573644,0.04637010121707519,662,So...the Saga begins
20,1418,5,25,99,129,1.2713178294573644,0.04637010121707519,662,"If this is an authentic Viking Wedding then
why are the groomsmen in tuxes?"
1653,1418,7,21,101,129,1.2713178294573644,0.048912517302806054,662,And do you Hägar take Helga to be . . .
1064,1418,4,27,98,129,1.2713178294573644,0.04504511356267232,662,It's about time they stopped raiding and settled down.
1021,1418,3,29,97,129,1.2713178294573644,0.04367995220769242,662,Helga insists he’s really not that horrible.
592,1418,5,25,99,129,1.2713178294573644,0.04637010121707519,662,Pillaging starts at seven.
57,1418,5,25,99,129,1.2713178294573644,0.04637010121707519,662,I still say she could have plundered a better man.
1936,1418,6,23,100,129,1.2713178294573644,0.047658265997511384,662,"The hoopah's nice, but I think he's already smashed all the glassware."
466,1431,7,12,77,96,1.2708333333333333,0.06011532532708517,662,"Do you solemnly swear to scrub his beard once a year?"" ""I do."
3145,1432,5,25,100,130,1.2692307692307692,0.04605933475683601,662,"Always a bridesmaid, never a Valkyrie."
4013,1432,5,25,100,130,1.2692307692307692,0.04605933475683601,662,"She told you the reception's in Valhalla, right?"
3974,1432,8,19,103,130,1.2692307692307692,0.04979200810745508,662,And now I pronounce you Hun and Hunny!
4052,1432,5,25,100,130,1.2692307692307692,0.04605933475683601,662,The groom captured the guys in the suits in a raid on another wedding.
3848,1432,7,21,102,130,1.2692307692307692,0.04857966124826323,662,You may now pillage the bride.
3768,1432,7,21,102,130,1.2692307692307692,0.04857966124826323,662,They plan a week pillaging in The Bahamas.
3393,1432,9,17,104,130,1.2692307692307692,0.050975529970268434,662,Time travel gives new meaning to destination weddings.
3383,1432,7,21,102,130,1.2692307692307692,0.04857966124826323,662,I hear Columbus is already claiming he was married here first...
2986,1432,5,25,100,130,1.2692307692307692,0.04605933475683601,662,I hope to hell they don't have kids!
3859,1432,4,27,99,130,1.2692307692307692,0.04474596891190779,662,I heard they're serving mammoth at the reception.
2175,1432,6,23,101,130,1.2692307692307692,0.047336274701534606,662,Don't you just love being in these reality shows!
178,1432,4,27,99,130,1.2692307692307692,0.04474596891190779,662,Apparently the dinner and pillaging are buffet style.
1310,1432,7,21,102,130,1.2692307692307692,0.04857966124826323,662,"Yet I feel, as they say, Winter is coming."
1320,1432,4,27,99,130,1.2692307692307692,0.04474596891190779,662,I know this is terrible but I can't pronounce either of their names.
2737,1432,8,19,103,130,1.2692307692307692,0.04979200810745508,662,"Well, after all, they did meet on a Viking River Cruise."
1587,1432,6,23,101,130,1.2692307692307692,0.047336274701534606,662,"Yea, I’m just going to hold my peace."
1725,1432,6,23,101,130,1.2692307692307692,0.047336274701534606,662,Without those big horns he's shorter than she is.
2032,1432,5,25,100,130,1.2692307692307692,0.04605933475683601,662,"It's Knut's fourteenth marriage, but only his third Christian one."
1508,1432,7,21,102,130,1.2692307692307692,0.04857966124826323,662,NOTICE WHO HAS THE BIGGER SWORD?
2195,1451,5,24,98,127,1.2677165354330708,0.04669935501144436,662,They have a Viking cruise planned
2355,1451,9,16,102,127,1.2677165354330708,0.05177612641262802,662,THEY MET AT A ROCK CONCERT.
2420,1451,9,16,102,127,1.2677165354330708,0.05177612641262802,662,"Wagner's ""Ring""?"
2501,1451,4,26,97,127,1.2677165354330708,0.04534143118089715,662,At least we can't call this a shotgun wedding.
3410,1451,4,26,97,127,1.2677165354330708,0.04534143118089715,662,If a life of pillaging is what makes her happy we should support that.
3412,1451,6,22,99,127,1.2677165354330708,0.04801889352575499,662,At least it's in a church.
3498,1451,6,22,99,127,1.2677165354330708,0.04801889352575499,662,...for Bitter or Wurst...
4126,1451,4,26,97,127,1.2677165354330708,0.04534143118089715,662,...and do you both commit to pillage and plunder till death do you part?
4401,1451,2,30,95,127,1.2677165354330708,0.04249560715681411,662,Well aren't we a little overdressed
2157,1451,6,22,99,127,1.2677165354330708,0.04801889352575499,662,I imagine the “forsaking all others” part will be easy for them
4575,1451,4,26,97,127,1.2677165354330708,0.04534143118089715,662,I hear the third groomsman didn't make the cut
4660,1451,7,20,100,127,1.2677165354330708,0.049303128829625766,662,It's a marriage made in Heaven—they're both corporate raiders.
4837,1451,6,22,99,127,1.2677165354330708,0.04801889352575499,662,They couldn't afford a destination wedding.
3481,1451,6,22,99,127,1.2677165354330708,0.04801889352575499,662,Marriage is not for the weak of heart.
2005,1451,5,24,98,127,1.2677165354330708,0.04669935501144436,662,I thought you said this was a shotgun wedding.
4530,1451,6,22,99,127,1.2677165354330708,0.04801889352575499,662,Time travel sure added a whole new dimension for destination weddings
1557,1451,7,20,100,127,1.2677165354330708,0.049303128829625766,662,"It's the perfect match, booty for booty."
1340,1451,5,24,98,127,1.2677165354330708,0.04669935501144436,662,They met during the ring cycle
1219,1451,5,24,98,127,1.2677165354330708,0.04669935501144436,662,"After the reception, they're sacking Rome."
1217,1451,8,18,101,127,1.2677165354330708,0.05055475140225255,662,They're assimilated immigrants.
1045,1451,7,20,100,127,1.2677165354330708,0.049303128829625766,662,Do you promise to kill and pillage in sickness and in health till death do you part?
1008,1451,8,18,101,127,1.2677165354330708,0.05055475140225255,662,My destination wedding was at a bodega in the Bronx.
916,1451,8,18,101,127,1.2677165354330708,0.05055475140225255,662,I think the groomsmen are his friends from World of Warcraft.
728,1451,2,30,95,127,1.2677165354330708,0.04249560715681411,662,Do you think those outfits are rentals?
623,1451,5,24,98,127,1.2677165354330708,0.04669935501144436,662,They say it was a match made in Valhalla.
569,1451,7,20,100,127,1.2677165354330708,0.049303128829625766,662,I helped him pillage the ring.
543,1451,8,18,101,127,1.2677165354330708,0.05055475140225255,662,Just imagine their divorce. A bloodbath.
409,1451,7,20,100,127,1.2677165354330708,0.049303128829625766,662,Pray that they never have a marital spat.
326,1451,6,22,99,127,1.2677165354330708,0.04801889352575499,662,By the Old Gods and the New? I thought she was Episcopalian.
221,1451,4,26,97,127,1.2677165354330708,0.04534143118089715,662,They're spending their honeymoon at Comic-con ... why do you ask?
1558,1451,3,28,96,127,1.2677165354330708,0.04394156351996537,662,"When they moved in together, they started on the paleo diet; things somehow just escalated from there."
1962,1482,5,17,79,101,1.2673267326732673,0.05430221465664193,662,"Always a Viking bridesmaid, never a Viking bride."
2868,1483,5,23,96,124,1.2661290322580645,0.047365516232269395,662,The traditional first anniversary gift is a side of mutton.
2961,1483,5,23,96,124,1.2661290322580645,0.047365516232269395,662,"Yeah, the Iron Age is actually a thing now."
2966,1483,8,17,99,124,1.2661290322580645,0.051350590635686706,662,"Surprisingly, they've never even seen an episode."
2969,1483,5,23,96,124,1.2661290322580645,0.047365516232269395,662,"Honestly, I prefer viking funerals."
2976,1483,5,23,96,124,1.2661290322580645,0.047365516232269395,662,She had all but given up on internet dating...
3040,1483,5,23,96,124,1.2661290322580645,0.047365516232269395,662,I'll be happy to let you catch the sword when she tosses it.
3139,1483,6,21,97,124,1.2661290322580645,0.04873009820953448,662,"...yeah, right after they got their ancestry DNA results."
3195,1483,8,17,99,124,1.2661290322580645,0.051350590635686706,662,They are very old fashioned but rather progressive on matters of race.
2849,1483,8,17,99,124,1.2661290322580645,0.051350590635686706,662,And to think I could have been off somewhere saving money with GEICO.
3319,1483,4,25,95,124,1.2661290322580645,0.045960437164890795,662,I thought it was just going to be a one night raid...
3424,1483,6,21,97,124,1.2661290322580645,0.04873009820953448,662,...and don't ya think she reminds him of his mother?
3485,1483,4,25,95,124,1.2661290322580645,0.045960437164890795,662,Will you take this man Hägar for horrible or worse?
3624,1483,5,23,96,124,1.2661290322580645,0.047365516232269395,662,"I'm telling you, someone is going to get poisoned, stabbed, or beheaded before the champagne toast."
3665,1483,2,29,93,124,1.2661290322580645,0.04301280155099031,662,Obviously she didn't listen. I told her it's supposed to be white fur for a first marriage.
3728,1483,7,19,98,124,1.2661290322580645,0.05005749509386557,662,Matching Armani
3983,1483,4,25,95,124,1.2661290322580645,0.045960437164890795,662,Apparently it was a compromise. He wanted a blood wedding.
3770,1483,5,23,96,124,1.2661290322580645,0.047365516232269395,662,She told me it took him about a thousand years to pop the question!
2828,1483,4,25,95,124,1.2661290322580645,0.045960437164890795,662,It'll be a marriage made in Valhalla
4880,1483,5,23,96,124,1.2661290322580645,0.047365516232269395,662,So is she Mrs. the Destroyer now?
4811,1483,6,21,97,124,1.2661290322580645,0.04873009820953448,662,She may have snagged the last Neanderthal.
4718,1483,4,25,95,124,1.2661290322580645,0.045960437164890795,662,This is not what I imagined when they said it was going to be an old-school wedding
4689,1483,9,15,100,124,1.2661290322580645,0.05261191407082027,662,"I'm all for being unique, but an uneven number of bridesmaids and groomsmen- who even does that?!"
4662,1483,4,25,95,124,1.2661290322580645,0.045960437164890795,662,I bet I know who his favorite team is.
3734,1483,5,23,96,124,1.2661290322580645,0.047365516232269395,662,I think they misunderstand 'camp'.
4319,1483,5,23,96,124,1.2661290322580645,0.047365516232269395,662,Longest engagement I ever heard of.
4119,1483,4,25,95,124,1.2661290322580645,0.045960437164890795,662,It won't last the first winter.
3976,1483,7,19,98,124,1.2661290322580645,0.05005749509386557,662,Oh to be afly on the wall  for that first PTO meeting.
3833,1483,6,21,97,124,1.2661290322580645,0.04873009820953448,662,I thought the sack bride's maid dresses were to make her look better.
3787,1483,5,23,96,124,1.2661290322580645,0.047365516232269395,662,The invite says we're invading England after the reception.
3781,1483,4,25,95,124,1.2661290322580645,0.045960437164890795,662,This theme wedding fad is out of control
3777,1483,7,19,98,124,1.2661290322580645,0.05005749509386557,662,I hope he knows about the Me-Too movement
4258,1483,7,19,98,124,1.2661290322580645,0.05005749509386557,662,That dress is so last season.
2788,1483,5,23,96,124,1.2661290322580645,0.047365516232269395,662,"She knew he was the one when he called her “hun.”  The funny thing is, she’s a Visigoth."
2777,1483,8,17,99,124,1.2661290322580645,0.051350590635686706,662,ekrjgn;kjdfgregnjfd
2767,1483,5,23,96,124,1.2661290322580645,0.047365516232269395,662,They’ll be at each other’s throats before the honeymoon is over
116,1483,4,25,95,124,1.2661290322580645,0.045960437164890795,662,The prenup is written in blood.
216,1483,5,23,96,124,1.2661290322580645,0.047365516232269395,662,"Great Odin's Beard, Agnus. You know the saying, 'The family that slays together, stays together' ""."
222,1483,6,21,97,124,1.2661290322580645,0.04873009820953448,662,A bit dramatic since the other 98% indicated Western European
355,1483,5,23,96,124,1.2661290322580645,0.047365516232269395,662,They've really gone all-in since they did that 23andMe test.
490,1483,6,21,97,124,1.2661290322580645,0.04873009820953448,662,"Doris, this isn’t the Keller Wedding.”
“Shush, just stand still."
553,1483,5,23,96,124,1.2661290322580645,0.047365516232269395,662,"Well, she'll always get great Bluetooth reception."
743,1483,6,21,97,124,1.2661290322580645,0.04873009820953448,662,When they told me it was a Wagner themed wedding I thought it was just the wedding march...
880,1483,7,19,98,124,1.2661290322580645,0.05005749509386557,662,So much for the shotgun wedding
896,1483,7,19,98,124,1.2661290322580645,0.05005749509386557,662,I hope she doesn’t expect me to hold her sword while she says her vows.
959,1483,7,19,98,124,1.2661290322580645,0.05005749509386557,662,"So relieved Cheryl opted for a Viking theme, for a while there she was talking Game of Thrones."
1266,1483,5,23,96,124,1.2661290322580645,0.047365516232269395,662,Something tells me to skip the reception
1281,1483,6,21,97,124,1.2661290322580645,0.04873009820953448,662,They're on a budget so we'll just pillage a small reception afterwards.
1296,1483,7,19,98,124,1.2661290322580645,0.05005749509386557,662,I'm a Packer's fan.
1379,1483,6,21,97,124,1.2661290322580645,0.04873009820953448,662,"No, I did not think this is the 'traditional' they were talking about..."
1509,1483,5,23,96,124,1.2661290322580645,0.047365516232269395,662,"I misunderstood ""business attire"""
1284,1483,6,21,97,124,1.2661290322580645,0.04873009820953448,662,"Do you promise not to decapitate, disembowel or use sorcery to settle any marital disputes?"
1607,1483,7,19,98,124,1.2661290322580645,0.05005749509386557,662,It’s his Viking funeral.
2746,1483,5,23,96,124,1.2661290322580645,0.047365516232269395,662,Who invited the Swede?
2673,1483,4,25,95,124,1.2661290322580645,0.045960437164890795,662,You should have seen the drama over the ring!
2619,1483,7,19,98,124,1.2661290322580645,0.05005749509386557,662,Is it just me or has she had some work?
1585,1483,7,19,98,124,1.2661290322580645,0.05005749509386557,662,Nordstrom Rack.
2479,1483,6,21,97,124,1.2661290322580645,0.04873009820953448,662,"I said, ""YOU're Thor? I can hardly pith!"""
2474,1483,6,21,97,124,1.2661290322580645,0.04873009820953448,662,"It's the second marriage for her and the twenty third for him"""
2428,1483,7,19,98,124,1.2661290322580645,0.05005749509386557,662,"On second thought, I 'm going to forever hold my peace."
2558,1483,3,27,94,124,1.2661290322580645,0.044511026059015704,662,"Ahh, it's a match made in Asgard"
2342,1483,5,23,96,124,1.2661290322580645,0.047365516232269395,662,"Oh he'll get in a few jabs, but she'll be ready for close combat."
2149,1483,6,21,97,124,1.2661290322580645,0.04873009820953448,662,"I catch the bouquet, or I crush your skull with a battle axe."
1892,1483,8,17,99,124,1.2661290322580645,0.051350590635686706,662,Can you believe this bitch made me buy a $800 coral dress for this shit?
1870,1483,4,25,95,124,1.2661290322580645,0.045960437164890795,662,Aren't they taking this paleo fad a bit too far.
1829,1483,4,25,95,124,1.2661290322580645,0.045960437164890795,662,They’re both actuaries in real life.
2381,1483,7,19,98,124,1.2661290322580645,0.05005749509386557,662,It’s a relief we were allowed to pick our own bridesmaid dresses.
3404,1549,6,13,75,94,1.2659574468085106,0.058922553303312086,662,They don't know how to count!
257,1550,6,22,100,128,1.265625,0.04768815691594056,662,In sickness and dismemberment?
4457,1550,3,28,97,128,1.265625,0.0436470597159808,662,Her dad raided and pillaged for the whole thing.
2502,1552,9,17,106,132,1.2651515151515151,0.05028239531724548,662,...to plunder and pillage ‘til death do you part.
3427,1553,4,25,96,125,1.264,0.04564095500965716,662,These Ancestry.com weddings are getting popular.
1980,1553,7,19,99,125,1.264,0.049701041723359256,662,A sharp edge is key to a good marriage.
3406,1553,8,17,100,125,1.264,0.050982602978384826,662,I told you it would be casual.
4564,1553,3,27,95,125,1.264,0.04420480195780808,662,"With their lifestyle, they won't be living that long anyway."
4305,1557,7,12,80,99,1.2626262626262625,0.05847272608760407,662,"She did manage to talk him out of wearing
that stylish nosepiece."
1657,1558,6,20,96,122,1.2622950819672132,0.0491125396521135,662,Until--WHAT?! do we part?
1906,1558,4,24,94,122,1.2622950819672132,0.0462717576639643,662,"Thor looks fine, but what was she thinking with those shoes?"
3545,1558,5,22,95,122,1.2622950819672132,0.04771329536090051,662,"By the powers given to me by the almighty, I now pronounce you man and his chattel"""
3553,1558,5,22,95,122,1.2622950819672132,0.04771329536090051,662,Those shoes look so comfortable.
3571,1558,6,20,96,122,1.2622950819672132,0.0491125396521135,662,"This is nothing. I heard that last week, they had the Giants here"
4028,1558,7,18,97,122,1.2622950819672132,0.05047300811289448,662,It’s amazing they found each other.
4746,1564,8,16,99,123,1.2601626016260163,0.05141914894582732,662,I hear they're going to spend their honeymoon on a nice little pillage in Bordeaux.
4075,1564,5,22,96,123,1.2601626016260163,0.04737181455611305,662,They think marriage is primitive.
3801,1564,4,24,95,123,1.2601626016260163,0.04594353918685369,662,Til death do you part...for marriage is dark and full of terrors.
4080,1564,6,20,97,123,1.2601626016260163,0.048758269408004706,662,"I hope you like ""Smorgasbord""."
1941,1564,4,24,95,123,1.2601626016260163,0.04594353918685369,662,I’m told he provided all the meats for the reception.
1193,1564,0,32,91,123,1.2601626016260163,0.03972012975450542,662,We may want to duck when they get to 'obey'.
328,1564,7,18,98,123,1.2601626016260163,0.05010637541259965,662,For this I had to buy a new dress?
2578,1564,5,22,96,123,1.2601626016260163,0.04737181455611305,662,Brunhilde's procession to the Ride of the Valkyries was to die for!
3585,1572,3,25,92,120,1.2583333333333333,0.04505805985803134,662,They say their marriage vows are based on mutually assured destruction.
2997,1572,4,23,93,120,1.2583333333333333,0.046586315378863125,662,I hear they really bonded over scrapbooking.
3021,1572,8,15,97,120,1.2583333333333333,0.052254271310724,662,"For their honeymoon, they are going to pillage in Ireland."
3035,1572,6,19,95,120,1.2583333333333333,0.04950148306259951,662,"...in plague and in the brief time between plagues, for pillager and for pillaged, 'til a massive club wielding troll shall part you..."
3053,1572,5,21,94,120,1.2583333333333333,0.04806600464972997,662,"Till death do us part"" might be sooner than they think"
3104,1572,8,15,97,120,1.2583333333333333,0.052254271310724,662,"Nope, not ‘Game of Thrones’, it’s just that their luggage was lost”.."
3247,1572,4,23,93,120,1.2583333333333333,0.046586315378863125,662,"After the wedding, they go trick-or-treating."
3276,1572,5,21,94,120,1.2583333333333333,0.04806600464972997,662,"No, they met on that new white nationalist dating site, goodpeopleonbothsides.com!"
3302,1572,6,19,95,120,1.2583333333333333,0.04950148306259951,662,I hope this has a happier ending than the Viking funeral I went to last month.
3363,1572,5,21,94,120,1.2583333333333333,0.04806600464972997,662,Did he just say rape and pillage til death do us part?
3479,1572,6,19,95,120,1.2583333333333333,0.04950148306259951,662,I didn't realize method acting was so extreme.
3607,1572,1,29,90,120,1.2583333333333333,0.041834396294819505,662,I'm the Betty to her Wilma.
4409,1572,6,19,95,120,1.2583333333333333,0.04950148306259951,662,Typical.  She gets to carry a sword and we get flowers.
3804,1572,6,19,95,120,1.2583333333333333,0.04950148306259951,662,"If I were her, I would be concerned if my husband only had 2 friends."
3805,1572,4,23,93,120,1.2583333333333333,0.046586315378863125,662,"I just think they are so right for each other, don't you?"
3984,1572,5,21,94,120,1.2583333333333333,0.04806600464972997,662,They say it takes a pillage if they have kids.
4088,1572,5,21,94,120,1.2583333333333333,0.04806600464972997,662,Guess who wears the pants in this family?
4309,1572,4,23,93,120,1.2583333333333333,0.046586315378863125,662,I heard they're plundering in France for their honeymoon.
2918,1572,4,23,93,120,1.2583333333333333,0.046586315378863125,662,"When they said 'to sack and to pillage,' they meant downtown, right?"
4431,1572,6,19,95,120,1.2583333333333333,0.04950148306259951,662,"It really is about time,don't you think?"
4475,1572,5,21,94,120,1.2583333333333333,0.04806600464972997,662,"Do you promise to love, honor, and lose weight?"
4476,1572,2,27,91,120,1.2583333333333333,0.043476116843170015,662,Isn't it sweet - they met while plundering
4697,1572,4,23,93,120,1.2583333333333333,0.046586315378863125,662,I thought this would never happen. They've been engaged for eons.
4709,1572,3,25,92,120,1.2583333333333333,0.04505805985803134,662,"By the looks of her dress, he must not be her first conquest."
3693,1572,3,25,92,120,1.2583333333333333,0.04505805985803134,662,"You know of course Waltraute,they are brother and sister."
2784,1572,7,17,96,120,1.2583333333333333,0.050896491507821925,662,I give it a week.
2065,1572,5,21,94,120,1.2583333333333333,0.04806600464972997,662,- Sam told me they've found a lovely condo in Greenland with a huge backyard.
2587,1572,4,23,93,120,1.2583333333333333,0.046586315378863125,662,Is this ceremony binding in any state other than Minnesota?
2768,1572,3,25,92,120,1.2583333333333333,0.04505805985803134,662,Never mind. I'm going to hold my peace.
0,1572,4,23,93,120,1.2583333333333333,0.046586315378863125,662,Are you going to stay after for the pillaging?
89,1572,8,15,97,120,1.2583333333333333,0.052254271310724,662,Who knew Sammy Davis Jr.'s son ran a Temple at Burning Man?
194,1572,5,21,94,120,1.2583333333333333,0.04806600464972997,662,"Go figure, both are running for president!"
253,1572,7,17,96,120,1.2583333333333333,0.050896491507821925,662,They had been dating for ages.
536,1572,3,25,92,120,1.2583333333333333,0.04505805985803134,662,You've just got to see it. Their new place is a cavern.
656,1572,4,23,93,120,1.2583333333333333,0.046586315378863125,662,"He did pillage her village, but at least he’s taking her name"
694,1572,6,19,95,120,1.2583333333333333,0.04950148306259951,662,"And after the ceremony, they're going to invade Greenland."
815,1572,3,25,92,120,1.2583333333333333,0.04505805985803134,662,She said all she wanted was an old fashioned wedding.
837,1572,4,23,93,120,1.2583333333333333,0.046586315378863125,662,They met cute at the Sack of Rome.  She was pillaging.  He was plundering
897,1572,3,25,92,120,1.2583333333333333,0.04505805985803134,662,I heard her parents bought them a starter pillage town up north.
979,1572,3,25,92,120,1.2583333333333333,0.04505805985803134,662,So is the joke on us or them?
419,1572,2,27,91,120,1.2583333333333333,0.043476116843170015,662,"Did he just take her as his ""awful"" wedded wife?"
1218,1572,5,21,94,120,1.2583333333333333,0.04806600464972997,662,They met in online pillaging forum.
1125,1572,7,17,96,120,1.2583333333333333,0.050896491507821925,662,She does
2434,1572,6,19,95,120,1.2583333333333333,0.04950148306259951,662,"During the ceremony, would you please give those to the weapons-bearer?"
2411,1572,6,19,95,120,1.2583333333333333,0.04950148306259951,662,"They found a quaint, little village to plunder for their honeymoon."
2110,1572,6,19,95,120,1.2583333333333333,0.04950148306259951,662,Is promising to pillage and plunder one vow or two?
2408,1572,5,21,94,120,1.2583333333333333,0.04806600464972997,662,"She thought he said vicodin, but they fell in love anyway."
2000,1572,5,21,94,120,1.2583333333333333,0.04806600464972997,662,Have I told you I've never seen a single episode?
1674,1572,5,21,94,120,1.2583333333333333,0.04806600464972997,662,He brought herring.
1582,1572,5,21,94,120,1.2583333333333333,0.04806600464972997,662,What's with the ridiculous spats?
1456,1572,3,25,92,120,1.2583333333333333,0.04505805985803134,662,I heard they killed the third groomsman.
2010,1572,8,15,97,120,1.2583333333333333,0.052254271310724,662,they met at the paleo buffet on a Viking cruise
2525,1572,8,15,97,120,1.2583333333333333,0.052254271310724,662,They met at an Alice Cooper concert.
2803,1625,4,22,91,117,1.2564102564102564,0.047255733568745614,662,"Uh, there's retro and then there's retro."
2892,1625,7,16,94,117,1.2564102564102564,0.051722248637346306,662,Apparently they’re from Norway and getting married was the only way to get Visa to live here.
3515,1625,4,22,91,117,1.2564102564102564,0.047255733568745614,662,"Yeah, some people take this Ancestry DNA testing a little too serious."
2911,1625,3,24,90,117,1.2564102564102564,0.04566992597752418,662,It's about time.  They've been dating forever.
3007,1625,7,16,94,117,1.2564102564102564,0.051722248637346306,662,I'll never recommend Saks again.
3023,1625,6,18,93,117,1.2564102564102564,0.05027751771692531,662,"Saga, do you accept this stolen ring from Thor?"
3120,1625,4,22,91,117,1.2564102564102564,0.047255733568745614,662,The other groomsman is in hiding.
3159,1625,2,26,89,117,1.2564102564102564,0.04402703626710301,662,I told you it would be a double-sword ceremony!
4280,1625,8,14,95,117,1.2564102564102564,0.0531277067115757,662,"Do you Inge, promise to love cherish and above all, obey Ing until the fat lady sings?"
3962,1625,7,16,94,117,1.2564102564102564,0.051722248637346306,662,I've heard of a destination wedding but this is just ridiculous!
4096,1625,3,24,90,117,1.2564102564102564,0.04566992597752418,662,...To raid and to pillage...
4180,1625,3,24,90,117,1.2564102564102564,0.04566992597752418,662,Romance today. It takes a pillage.
4312,1625,8,14,95,117,1.2564102564102564,0.0531277067115757,662,I now pronounce you Fred and Wilma Flinstone.
4386,1625,5,20,92,117,1.2564102564102564,0.04879002532739663,662,Can you believe Thor met Brunhilda on match.com
2776,1625,4,22,91,117,1.2564102564102564,0.047255733568745614,662,It just finished tying tin cans to their ship
4760,1625,4,22,91,117,1.2564102564102564,0.047255733568745614,662,They've never taken a river cruise before. They've only raided them.
3938,1625,4,22,91,117,1.2564102564102564,0.047255733568745614,662,I hear Siegfried isn’t his real name.
2761,1625,7,16,94,117,1.2564102564102564,0.051722248637346306,662,It was such a fight to do the service in English.
1001,1625,4,22,91,117,1.2564102564102564,0.047255733568745614,662,"I give it 3 harvest moons, at best."
2714,1625,4,22,91,117,1.2564102564102564,0.047255733568745614,662,She's not Jewish.
70,1625,8,14,95,117,1.2564102564102564,0.0531277067115757,662,"You may now start your rampage."""
507,1625,2,26,89,117,1.2564102564102564,0.04402703626710301,662,"Well, I think we can rule out a shotgun wedding!"
578,1625,5,20,92,117,1.2564102564102564,0.04879002532739663,662,We apparently have to up our game in the shoe department.
611,1625,6,18,93,117,1.2564102564102564,0.05027751771692531,662,They met filming a credit card commercial
784,1625,4,22,91,117,1.2564102564102564,0.047255733568745614,662,I thought she said she was getting a Viking stove.....
823,1625,5,20,92,117,1.2564102564102564,0.04879002532739663,662,"His pillage buddies won't stop with the ""Eric the Wed"" jokes."
2729,1625,3,24,90,117,1.2564102564102564,0.04566992597752418,662,"It really seems to emphasize ""Til death do us part."""
1052,1625,5,20,92,117,1.2564102564102564,0.04879002532739663,662,"It's so romantic, they both listed raiding and pillaging as favorite things to do on their Tender profile."
887,1625,5,20,92,117,1.2564102564102564,0.04879002532739663,662,"Eh, are you sure she's from Minnesota?!"
1825,1625,5,20,92,117,1.2564102564102564,0.04879002532739663,662,"Her first husband was a Chewbacca fanboy, and things got a bit hairy."
2099,1625,3,24,90,117,1.2564102564102564,0.04566992597752418,662,"I guess he won't be asking if anyone objects, being that they killed their three objectors at last night's out-of-towners'dinner."""
2181,1625,5,20,92,117,1.2564102564102564,0.04879002532739663,662,Who still gets married in Vegas?
2377,1625,4,22,91,117,1.2564102564102564,0.047255733568745614,662,I already hear the fat lady singing.
2528,1625,6,18,93,117,1.2564102564102564,0.05027751771692531,662,I just love old fashioned weddings.
2642,1625,5,20,92,117,1.2564102564102564,0.04879002532739663,662,She's settling.
2681,1625,7,16,94,117,1.2564102564102564,0.051722248637346306,662,They’re into yoga and pillaging.
1540,1625,8,14,95,117,1.2564102564102564,0.0531277067115757,662,What is more romantic than a springtime fertility rite?
400,1662,5,21,95,121,1.256198347107438,0.04771489828013436,662,Nothing says equal marriage partnership better than a huge sword.
4262,1663,5,20,93,118,1.2542372881355932,0.04842356318497437,662,They're very dedicated.  They've only taken today off from their congressional duties.
4463,1663,4,22,92,118,1.2542372881355932,0.04690391156273635,662,I think 'till death do us part' is a perfect vow for them.
2267,1663,5,20,93,118,1.2542372881355932,0.04842356318497437,662,I always cry at beheadings.
3289,1663,7,16,95,118,1.2542372881355932,0.05132806809940961,662,"They say that those who slay together, stay together."
1474,1663,6,18,94,118,1.2542372881355932,0.04989695404704999,662,I hear they play rough in bed.
1074,1663,6,18,94,118,1.2542372881355932,0.04989695404704999,662,You can be sure that something about this wedding will end up at the Supreme Court.
1559,1663,5,20,93,118,1.2542372881355932,0.04842356318497437,662,(bridesmaid to person at her right) We need another sword here. These flowers aren’t going to keep him from bolting.
2837,1670,7,14,90,111,1.2522522522522523,0.05349147592348833,662,When in Minnesota...
4720,1670,4,20,87,111,1.2522522522522523,0.04868200391389657,662,"I'm happy for her, but I just don't see how they're compatible."
4519,1670,6,16,89,111,1.2522522522522523,0.05193782660713643,662,The couple may now exchange runes.
3283,1670,7,14,90,111,1.2522522522522523,0.05349147592348833,662,Vikings don't make that much. How can they a-fjord this wedding?
3278,1670,5,18,88,111,1.2522522522522523,0.05033624607450187,662,I do. Do I?
2867,1670,6,16,89,111,1.2522522522522523,0.05193782660713643,662,The new law prohibiting guns was signed today
2498,1670,4,20,87,111,1.2522522522522523,0.04868200391389657,662,I was hoping to wear leather.
2475,1670,2,24,85,111,1.2522522522522523,0.045192224745771406,662,And to think that this started when he asked if she liked football
2395,1670,4,20,87,111,1.2522522522522523,0.04868200391389657,662,"They're actually quite diverse; she's from Bushwick, and he's from Williamsburg."
2385,1670,5,18,88,111,1.2522522522522523,0.05033624607450187,662,Don’t let their weapons fool you.  It’s shotgun.
2301,1670,5,18,88,111,1.2522522522522523,0.05033624607450187,662,The third usher fell out of the boat
2142,1670,4,20,87,111,1.2522522522522523,0.04868200391389657,662,The only place I've seen Thor pillage and plunder is the casino buffet.
1798,1670,5,18,88,111,1.2522522522522523,0.05033624607450187,662,I told you we shouldn't have hemmed.
1409,1670,3,22,86,111,1.2522522522522523,0.04696953631102267,662,I wonder when the ring cycle is going to be over.
1091,1670,4,20,87,111,1.2522522522522523,0.04868200391389657,662,He said Ugh? What kind of vow is that?
1009,1670,6,16,89,111,1.2522522522522523,0.05193782660713643,662,His first wife's ship is still smoking.
960,1670,5,18,88,111,1.2522522522522523,0.05033624607450187,662,I give this marriage six looting and pillaging raids at most.
948,1670,4,20,87,111,1.2522522522522523,0.04868200391389657,662,I hear they're going to honeymoon in Newfoundland.
922,1670,4,20,87,111,1.2522522522522523,0.04868200391389657,662,"You have to admit, as theme weddings go this one is UNIQUE!"
3349,1689,7,15,93,115,1.2521739130434784,0.05217391304347825,662,The broadsword works perfectly.
3474,1689,6,17,92,115,1.2521739130434784,0.05069084632329303,662,They're planning to hyphenate.
3521,1689,1,27,87,115,1.2521739130434784,0.04250629829199562,662,Is she keeping her mane?
3532,1689,3,23,89,115,1.2521739130434784,0.045955369621857575,662,After the ceremony they fight over who cuts the cake.
2274,1689,6,17,92,115,1.2521739130434784,0.05069084632329303,662,This makes three Viking weddings and a funeral for me this year.
3599,1689,2,25,88,115,1.2521739130434784,0.04426444053396394,662,She says he's a real Neanderthal.
3629,1689,5,19,91,115,1.2521739130434784,0.04916306133343397,662,"I think this one is forever. Between them, they killed all of each other's former love interests, and I don't see that passion letting up."
3685,1689,8,13,94,115,1.2521739130434784,0.05361597246684191,662,Their honeymoon is booked with Time Travel
3712,1689,3,23,89,115,1.2521739130434784,0.045955369621857575,662,They're planning a honeymoon raid on Ireland.
3322,1689,5,19,91,115,1.2521739130434784,0.04916306133343397,662,Her sword and his spear are wonderfully symbolic of lasting peace and harmony.
3568,1689,3,23,89,115,1.2521739130434784,0.045955369621857575,662,Is this your first Destination Wedding in Iceland?
3264,1689,6,17,92,115,1.2521739130434784,0.05069084632329303,662,I pronounce you Eric the red and Mrs Red
2480,1689,3,23,89,115,1.2521739130434784,0.045955369621857575,662,"Call me crazy, but I find a Viking funeral more culturally appealing."
3170,1689,4,21,90,115,1.2521739130434784,0.04758625114860667,662,Do you think the Vikings will make it to the Superbowl this year?
3112,1689,5,19,91,115,1.2521739130434784,0.04916306133343397,662,"Hey...wait a minute...isn't being twins a ""reason these two may not be joined in holy matrimony?"""
3099,1689,7,15,93,115,1.2521739130434784,0.05217391304347825,662,Do you take Thor in pillage and blunder to ravage the countryside till death do you part.
2951,1689,3,23,89,115,1.2521739130434784,0.045955369621857575,662,I say it lasts until the next invasion.
2750,1689,5,19,91,115,1.2521739130434784,0.04916306133343397,662,I heard they met cute. He pillaged her village.
2743,1689,4,21,90,115,1.2521739130434784,0.04758625114860667,662,Did you agree to be one of the rowers on the honeymoon cruise?
2740,1689,3,23,89,115,1.2521739130434784,0.045955369621857575,662,Right after the reception they leave for six weeks of raiding and plundering in Europe.
2656,1689,4,21,90,115,1.2521739130434784,0.04758625114860667,662,I guess they're really committed to this paleo diet thing.
2625,1689,4,21,90,115,1.2521739130434784,0.04758625114860667,662,He's perfect for Troglodette.
3755,1689,2,25,88,115,1.2521739130434784,0.04426444053396394,662,It was either him or that Norman guy.
2470,1689,7,15,93,115,1.2521739130434784,0.05217391304347825,662,"The good news is, their first fight will likely be their last fight!"
2414,1689,5,19,91,115,1.2521739130434784,0.04916306133343397,662,"....for better for worse, for richer for poorer, in war and in peace,...."
3217,1689,4,21,90,115,1.2521739130434784,0.04758625114860667,662,I say they're evenly matched for the joust at the wedding reception.
3772,1689,5,19,91,115,1.2521739130434784,0.04916306133343397,662,How romantic!  They're giving up the she shed and the man cave to live in a hole in the wall.
4070,1689,4,21,90,115,1.2521739130434784,0.04758625114860667,662,She converted to barbarism for his family.
3793,1689,2,25,88,115,1.2521739130434784,0.04426444053396394,662,The Viking Cruise! What else?
4889,1689,4,21,90,115,1.2521739130434784,0.04758625114860667,662,He's telling them to turn in their sidearms before hitting the sack.
4867,1689,7,15,93,115,1.2521739130434784,0.05217391304347825,662,"After this, I'm definitely a Packers fan."""
4822,1689,3,23,89,115,1.2521739130434784,0.045955369621857575,662,"Anyone who objects to this marriage, speak up now  -- at your own risk!"
4751,1689,8,13,94,115,1.2521739130434784,0.05361597246684191,662,"In the interest of everyones safety, I request please just forever hold your peace."
4407,1689,4,21,90,115,1.2521739130434784,0.04758625114860667,662,She fell for him the moment he dragged her senseless.
4396,1689,1,27,87,115,1.2521739130434784,0.04250629829199562,662,At the reception is she going to throw the SWORD?
4389,1689,6,17,92,115,1.2521739130434784,0.05069084632329303,662,I'm just glad their favorite show wasn't 'The Apprentice.'
4383,1689,2,25,88,115,1.2521739130434784,0.04426444053396394,662,"Have faith! For, truly, they shall cleave only unto one another."
4362,1689,7,15,93,115,1.2521739130434784,0.05217391304347825,662,"I'm all for theme weddings, but did they have to impale the best man?"
4351,1689,3,23,89,115,1.2521739130434784,0.045955369621857575,662,Did the invitation say 'dress to impress' or 'dress to conquest?
4322,1689,5,19,91,115,1.2521739130434784,0.04916306133343397,662,This is much better than the viking funeral I attended last weekend.
3785,1689,5,19,91,115,1.2521739130434784,0.04916306133343397,662,"Cheryl, did you know Thor is trans?"
4307,1689,4,21,90,115,1.2521739130434784,0.04758625114860667,662,First she loved the man cave; then she loved the man.
4257,1689,2,25,88,115,1.2521739130434784,0.04426444053396394,662,Guess what cruise line they picked for the honeymoon?
4217,1689,6,17,92,115,1.2521739130434784,0.05069084632329303,662,I'm glad he moved on from the old battle axe.
4181,1689,4,21,90,115,1.2521739130434784,0.04758625114860667,662,I understand it's not raping and pillaging if he marries her.
4010,1689,1,27,87,115,1.2521739130434784,0.04250629829199562,662,Looks like they sacrificed the third groomsman.
3993,1689,4,21,90,115,1.2521739130434784,0.04758625114860667,662,I didn't realize they were doing the traditional ceremony or I could have worn an animal skin.
3967,1689,7,15,93,115,1.2521739130434784,0.05217391304347825,662,How many more Jonas Brothers are there?
3916,1689,6,17,92,115,1.2521739130434784,0.05069084632329303,662,That what happens when you start on a paleo diet
3888,1689,5,19,91,115,1.2521739130434784,0.04916306133343397,662,I hope he takes his hat off before he kisses the bride.
3822,1689,4,21,90,115,1.2521739130434784,0.04758625114860667,662,She gets a sword and all we bridesmaids get are these lousy flowers. Typical.
3819,1689,2,25,88,115,1.2521739130434784,0.04426444053396394,662,"Well I  think it's lovely how they promise to maraud, loot, and plunder 'till death do they part."
3817,1689,4,21,90,115,1.2521739130434784,0.04758625114860667,662,"Did she just say 'Me too""?"
4301,1689,4,21,90,115,1.2521739130434784,0.04758625114860667,662,I'm not surprised. She always was a little horny.
2407,1689,7,15,93,115,1.2521739130434784,0.05217391304347825,662,If anyone objects to this brother and sister entering into unholy matrimony speak now and run like hell.
2119,1689,5,19,91,115,1.2521739130434784,0.04916306133343397,662,Don't you think period weddings have gotten just a little bit out of hand?
2292,1689,6,17,92,115,1.2521739130434784,0.05069084632329303,662,I must have seven of these bridesmaid skins in the yurt and I’ll never wear any of them again!
1072,1689,4,21,90,115,1.2521739130434784,0.04758625114860667,662,"She's a good fighter herself, and admired his spear thrust; and of course, he owns half of Spitsbergen."
1043,1689,5,19,91,115,1.2521739130434784,0.04916306133343397,662,And they've already named their first born Thor.
1042,1689,5,19,91,115,1.2521739130434784,0.04916306133343397,662,"I can't wait, Beatrice's dad, Olaf, went all out, herring, wild boar (""save an ear for me"") and a primo grog fountain."
2308,1689,6,17,92,115,1.2521739130434784,0.05069084632329303,662,I heard she's into rough sex.
853,1689,5,19,91,115,1.2521739130434784,0.04916306133343397,662,"She told me he stepped right out of her dreams, but I know for a fact she made that costume for him."
834,1689,5,19,91,115,1.2521739130434784,0.04916306133343397,662,We're also having a  Paleo Reception!
813,1689,1,27,87,115,1.2521739130434784,0.04250629829199562,662,"She was calling her flock of goats, and Thor showed up!"
806,1689,5,19,91,115,1.2521739130434784,0.04916306133343397,662,"What did you say, hun?"
769,1689,6,17,92,115,1.2521739130434784,0.05069084632329303,662,You may now kill the bride.
731,1689,6,17,92,115,1.2521739130434784,0.05069084632329303,662,Why don't we get swords?
716,1689,6,17,92,115,1.2521739130434784,0.05069084632329303,662,This is my first time attending a bris.
1185,1689,5,19,91,115,1.2521739130434784,0.04916306133343397,662,"As soon as I saw him, I said, 'Hilda, he's the one.'"
670,1689,3,23,89,115,1.2521739130434784,0.045955369621857575,662,It's her third time. She is trying not to take herself to seriously.
361,1689,1,27,87,115,1.2521739130434784,0.04250629829199562,662,She's already giving him hun-do lists.
310,1689,4,21,90,115,1.2521739130434784,0.04758625114860667,662,"Love, honor and slay?"
295,1689,4,21,90,115,1.2521739130434784,0.04758625114860667,662,Theme weddings are getting out of hand.
274,1689,3,23,89,115,1.2521739130434784,0.045955369621857575,662,I helped her pick out these bridesmaid dresses.  You're welcome.
268,1689,5,19,91,115,1.2521739130434784,0.04916306133343397,662,This is the last wedding in Vegas I'll go to
241,1689,6,17,92,115,1.2521739130434784,0.05069084632329303,662,They met at a Cosplay Convention.
229,1689,5,19,91,115,1.2521739130434784,0.04916306133343397,662,I hear she can't even look at another guy or he goes berserk
152,1689,4,21,90,115,1.2521739130434784,0.04758625114860667,662,The reception menu is meat.  Lots of meat.
131,1689,3,23,89,115,1.2521739130434784,0.045955369621857575,662,Their museum crawl through Scandinavia has had a life changing effect on them.
113,1689,6,17,92,115,1.2521739130434784,0.05069084632329303,662,$800 each for our bridesmaid dresses! Seriously?
98,1689,6,17,92,115,1.2521739130434784,0.05069084632329303,662,I hear the reception has a blood-of-their-enemies fountain.
381,1689,5,19,91,115,1.2521739130434784,0.04916306133343397,662,How to tell when your wedding planner binged Game Of Thrones
1246,1689,3,23,89,115,1.2521739130434784,0.045955369621857575,662,Don’t try to catch the bouquet.
937,1689,5,19,91,115,1.2521739130434784,0.04916306133343397,662,These theme weddings are really starting to get out of hand.
1319,1689,3,23,89,115,1.2521739130434784,0.045955369621857575,662,Her lipstick is too bold.
2244,1689,4,21,90,115,1.2521739130434784,0.04758625114860667,662,I told them having the dragon as their ring-bearer was a bad idea.
2201,1689,2,25,88,115,1.2521739130434784,0.04426444053396394,662,Both families go way back!
1987,1689,4,21,90,115,1.2521739130434784,0.04758625114860667,662,Looks like the rumours were true - Thor really had to go back a long way to find a virgin.
1966,1689,7,15,93,115,1.2521739130434784,0.05217391304347825,662,"I heard they are going to settle in Valhalla, the one in New York"
1951,1689,4,21,90,115,1.2521739130434784,0.04758625114860667,662,Who has a location wedding in Norway?
1255,1689,6,17,92,115,1.2521739130434784,0.05069084632329303,662,"I guess ""tandem biking"" was a typo."
1898,1689,5,19,91,115,1.2521739130434784,0.04916306133343397,662,I told you to burn the church AFTER our marriage.
1871,1689,7,15,93,115,1.2521739130434784,0.05217391304347825,662,"His best man , Hagar, couldn't make it?....That man is horrible!"
1813,1689,4,21,90,115,1.2521739130434784,0.04758625114860667,662,I'm a childhood friend of the bride.  I knew her before her psychotic break.
1780,1689,6,17,92,115,1.2521739130434784,0.05069084632329303,662,"No, Margaret.  The pillaging doesn't start until after the cocktail hour."
1772,1689,4,21,90,115,1.2521739130434784,0.04758625114860667,662,"They say it won’t last.
Deep down she’s a pillager but he’s all about the plunder."
1768,1689,4,21,90,115,1.2521739130434784,0.04758625114860667,662,For worse or for worser?
1947,1689,6,17,92,115,1.2521739130434784,0.05069084632329303,662,That Paleo diet is a slippery slope.
1696,1689,7,15,93,115,1.2521739130434784,0.05217391304347825,662,Is marrying Paleo as good for you as eating Paleo?
1651,1689,7,15,93,115,1.2521739130434784,0.05217391304347825,662,"She says she’s going to keep her Starbucks name, though."
1648,1689,6,17,92,115,1.2521739130434784,0.05069084632329303,662,They met on a Viking Cruise singles cruise to Bermuda
1641,1689,4,21,90,115,1.2521739130434784,0.04758625114860667,662,They are both on a paleo diet
1633,1689,3,23,89,115,1.2521739130434784,0.045955369621857575,662,Unitarian?
1535,1689,7,15,93,115,1.2521739130434784,0.05217391304347825,662,Why do they get to wear tuxes and we're dressed  like roadkill?
1531,1689,5,19,91,115,1.2521739130434784,0.04916306133343397,662,These days her sharp sword trumps my sharp wit.
1452,1689,2,25,88,115,1.2521739130434784,0.04426444053396394,662,"When the time comes, they plan to have a Viking funeral as well."
1401,1689,5,19,91,115,1.2521739130434784,0.04916306133343397,662,"Well, they sure took the CAMP theme seriously."
1399,1689,5,19,91,115,1.2521739130434784,0.04916306133343397,662,"I  originally thought the Hagar the Horrible wedding idea was bad, but last week I went to a Garfield-themed one. There were three different kinds of lasagna at the reception."
1380,1689,5,19,91,115,1.2521739130434784,0.04916306133343397,662,‘When should we tell them about the White Walkers?
1712,1689,4,21,90,115,1.2521739130434784,0.04758625114860667,662,This promises to be an interesting wedding night.
4144,1799,3,23,90,116,1.25,0.04560931807265346,662,They plan to honeymoon in Martha's Vineyard--then pillage it.
3211,1799,7,15,94,116,1.25,0.05176784759846126,662,I never thought Putin would make it legal that Trump is his puppet and boy toy?
3055,1799,5,19,92,116,1.25,0.04878585829946003,662,It started when she went Paleo.
2648,1799,6,17,93,116,1.25,0.05029895632611329,662,She's just in it for the pelts.
879,1799,7,15,94,116,1.25,0.05176784759846126,662,Do you promise to pillage and plunder until death do you part?
1956,1799,4,21,91,116,1.25,0.047224304468501524,662,I can't wait for the buffet!
1791,1799,5,19,92,116,1.25,0.04878585829946003,662,They were engaged in battle then decided to tie the knot.
1489,1799,4,21,91,116,1.25,0.047224304468501524,662,The Minister must not know he’s going to be sacrificed during the Recessional.
2118,1799,6,17,93,116,1.25,0.05029895632611329,662,"They created,""till death do us part."""
2496,1808,6,17,94,117,1.2478632478632479,0.049912955334506286,662,She couldn't resist his stove.
3272,1808,7,15,95,117,1.2478632478632479,0.05136794064932088,662,"Funny, they both show me their DNA , and they are American Indian !"
4337,1810,5,18,90,113,1.247787610619469,0.04954115225390569,662,"Oh, yes.  She had to accept Thor as her savior."
4517,1810,5,18,90,113,1.247787610619469,0.04954115225390569,662,They booked a honeymoon cruise to Greenland.
4069,1810,4,20,89,113,1.247787610619469,0.047919703189289425,662,I can’t believe she made us buy these dresses. I feel like a fool up here.
4679,1810,7,14,92,113,1.247787610619469,0.052634412625532395,662,For this I needed to buy a fuchsia bridesmaid gown ?
1099,1810,7,14,92,113,1.247787610619469,0.052634412625532395,662,They met through 23 And Me.
512,1810,4,20,89,113,1.247787610619469,0.047919703189289425,662,Dearly beheaded...
494,1810,5,18,90,113,1.247787610619469,0.04954115225390569,662,They went with a theme wedding because he couldn’t slim down for his tux.
3364,1810,4,20,89,113,1.247787610619469,0.047919703189289425,662,"Do you take this Viking, to stab and to scold, till death do you part?”"
3834,1818,5,15,81,101,1.2475247524752475,0.05341031270994525,662,I love her shoes! They match her wedding dress perfectly.
4823,1818,4,17,80,101,1.2475247524752475,0.05152321517329776,662,"See Marge, Something good can come from climate change."
3042,1818,2,21,78,101,1.2475247524752475,0.04752475247524752,662,At least she can wear hers for other occasions.
3437,1818,2,21,78,101,1.2475247524752475,0.04752475247524752,662,God help him if he messes up a line.
4221,1822,2,24,88,114,1.2456140350877194,0.04416135941157953,662,"The honeymoon plan is plunder Jamaica, then chill in the Caymans."
3372,1823,3,22,90,115,1.2434782608695651,0.04553488256049453,662,"Honestly, we got off pretty easy as bridesmaids' dresses go."
4772,1824,4,19,88,111,1.2432432432432432,0.04825576177861831,662,It could be worse. At least they’re not diehard Washington fans.
4716,1824,2,23,86,111,1.2432432432432432,0.04473274211619977,662,These bridesmaid dresses really could have been a lot worse.
4466,1824,4,19,88,111,1.2432432432432432,0.04825576177861831,662,I don't know how they can afjord this reception and still manage to travel all the time.
3783,1824,4,19,88,111,1.2432432432432432,0.04825576177861831,662,They said no gifts - they’re going on a raid for their honeymoon.
3620,1824,2,23,86,111,1.2432432432432432,0.04473274211619977,662,That 'Until Death Do Us Part' thing seems more real than ever before.
3157,1824,5,17,89,111,1.2432432432432432,0.04992412952305652,662,Does this dress makes me look fat?
2975,1824,4,19,88,111,1.2432432432432432,0.04825576177861831,662,Weren't their  vows to rape and pillage in sickness and in health the sweetest thing ever?
2855,1824,5,17,89,111,1.2432432432432432,0.04992412952305652,662,She always said that wearing white was too old-fashioned.
2703,1824,5,17,89,111,1.2432432432432432,0.04992412952305652,662,Did you pillage this woman to be your lawfully wedded wife?
2545,1824,5,17,89,111,1.2432432432432432,0.04992412952305652,662,Is she going to throw that at us when the ceremony is over?
2509,1824,7,13,91,111,1.2432432432432432,0.05310385142562874,662,"They look happy now, but I've seen these marriages end in a Götterdämmerung."
2392,1824,8,11,92,111,1.2432432432432432,0.05462434622066808,662,Only one of you is going to be happy with these 23&Me results...
4001,1824,4,19,88,111,1.2432432432432432,0.04825576177861831,662,I'm pretty sure she'll be taking his last name.
1649,1824,4,19,88,111,1.2432432432432432,0.04825576177861831,662,"Well, what do you want?  Every Viking needs a Viqueen."
2016,1824,4,19,88,111,1.2432432432432432,0.04825576177861831,662,So I'm guessing no one else got the 'Game of Thrones' wedding theme memo
17,1824,4,19,88,111,1.2432432432432432,0.04825576177861831,662,I hear that they are taking a Viking Cruise on their honeymoon.
172,1824,7,13,91,111,1.2432432432432432,0.05310385142562874,662,"They do realize that The Game of Thrones thing is not real, right?"
240,1824,4,19,88,111,1.2432432432432432,0.04825576177861831,662,"If you think this is weird, wait till you see how they cut the cake."
644,1824,2,23,86,111,1.2432432432432432,0.04473274211619977,662,Will you take this Woden...
31,1824,2,23,86,111,1.2432432432432432,0.04473274211619977,662,Truly Goth!
801,1824,3,21,87,111,1.2432432432432432,0.04652760880417772,662,This isn't even the most barbaric wedding I've attended
1336,1824,4,19,88,111,1.2432432432432432,0.04825576177861831,662,...And with the blessings of the Gods you may now live wildly ever after!
1434,1824,4,19,88,111,1.2432432432432432,0.04825576177861831,662,Their 23 and me results finally came in. Turns out Todd is 15% Nordic.”
1554,1824,6,15,90,111,1.2432432432432432,0.05153851833759958,662,Thank god she decided against  the wool and flax dresses.
759,1824,6,15,90,111,1.2432432432432432,0.05153851833759958,662,It was love at first melee.
1634,1824,3,21,87,111,1.2432432432432432,0.04652760880417772,662,"And here I was, worried I'd never be able to wear the dress again."
1156,1850,3,21,88,112,1.2410714285714286,0.04616143075028548,662,Her last husband was a caveman.
3342,1851,3,20,85,108,1.2407407407407407,0.04719616965725907,662,They registered for plunder.
3447,1851,2,22,84,108,1.2407407407407407,0.0453255795747674,662,Maybe I'll pass on trying to catch the bouquet...
3496,1851,6,14,88,108,1.2407407407407407,0.052408865947484624,662,"Your having forsworn rape and pillage, I now pronounce you...."
3562,1851,3,20,85,108,1.2407407407407407,0.04719616965725907,662,I now pronounce you husband and wife until the fat lady sings.
3528,1851,5,16,87,108,1.2407407407407407,0.05073084824220075,662,"I told them, stop trying to be trendy. Everybody's doing their honeymoon in Iceland."
3595,1851,5,16,87,108,1.2407407407407407,0.05073084824220075,662,"If anyone knows why this couple should not marry, keep silent or bid this world farewell."
3327,1851,3,20,85,108,1.2407407407407407,0.04719616965725907,662,The Groupon for the Viking Cruise delivered big-time.
3654,1851,4,18,86,108,1.2407407407407407,0.048995394649344264,662,You may now rub noses!
3508,1851,3,20,85,108,1.2407407407407407,0.04719616965725907,662,What does a vow to 'kill the wabbit' mean?
3309,1851,4,18,86,108,1.2407407407407407,0.048995394649344264,662,Couples that rape and pillage together stay together.
2832,1851,1,24,83,108,1.2407407407407407,0.043374392183180635,662,It is my pleasure to now pronounce them confused! You may now kiss whatever is standing next to you.
2974,1851,3,20,85,108,1.2407407407407407,0.04719616965725907,662,We don't sack the church until after the ceremony.'
2931,1851,5,16,87,108,1.2407407407407407,0.05073084824220075,662,"For their honeymoon, they're going to conquer France."
2921,1851,4,18,86,108,1.2407407407407407,0.048995394649344264,662,I just wish she wouldn’t have used her sword to tailor that dress.
2884,1851,3,20,85,108,1.2407407407407407,0.04719616965725907,662,"Regardless, I still think 23andMe is a fun engagement present"
2878,1851,6,14,88,108,1.2407407407407407,0.052408865947484624,662,They're vegans.
2766,1851,3,20,85,108,1.2407407407407407,0.04719616965725907,662,They're moving to Denmark to be closer to Olin's great-great-great-great-great-great-great-great-great-great-great-grandfather.
2682,1851,3,20,85,108,1.2407407407407407,0.04719616965725907,662,I've heard they're going to invade Norway on their honeymoon.
2548,1851,5,16,87,108,1.2407407407407407,0.05073084824220075,662,"Despite the raping and pillaging, they are quite the couple."""
2507,1851,4,18,86,108,1.2407407407407407,0.048995394649344264,662,I give it till next Sunday night.
3796,1851,5,16,87,108,1.2407407407407407,0.05073084824220075,662,"I'd forget that ""I object"" nonsense if I were you."
3223,1851,2,22,84,108,1.2407407407407407,0.0453255795747674,662,Tell me again why we spent $200 on matching dresses.
3883,1851,2,22,84,108,1.2407407407407407,0.0453255795747674,662,“Throwback Thursdays are getting out of hand”.
4506,1851,6,14,88,108,1.2407407407407407,0.052408865947484624,662,I hope Kevin shows up. We need six to witness their consummation and I don't want to have to use the priest...
3906,1851,4,18,86,108,1.2407407407407407,0.048995394649344264,662,So do you think that he'll carry her down the aisle on his shoulder or drag her by the hair after they cross swords?
4856,1851,6,14,88,108,1.2407407407407407,0.052408865947484624,662,I'm having trouble following ... I don't understand Norse code.
4845,1851,8,10,90,108,1.2407407407407407,0.05561321572214498,662,You should've been there when Freyja heard from Ragnhild and Halvor that Jormungand invited his ex Oddveig to the wedding. It was a complete nightmare.
4818,1851,3,20,85,108,1.2407407407407407,0.04719616965725907,662,They see eye to eye on the important things.
4815,1851,4,18,86,108,1.2407407407407407,0.048995394649344264,662,Dearly be-hunted ...
4797,1851,3,20,85,108,1.2407407407407407,0.04719616965725907,662,What village are they raiding for their honeymoon?
4752,1851,6,14,88,108,1.2407407407407407,0.052408865947484624,662,They’re storming a castle for their honeymoon.
4693,1851,6,14,88,108,1.2407407407407407,0.052408865947484624,662,In Minnesota it isn't possible to be too rabid a fan of your NFL team.
4593,1851,4,18,86,108,1.2407407407407407,0.048995394649344264,662,I think everyone's prepared to hold their peace.
2500,1851,5,16,87,108,1.2407407407407407,0.05073084824220075,662,Of course the reception dinner is paleo
4467,1851,3,20,85,108,1.2407407407407407,0.04719616965725907,662,"I knew I should have worn my loin cloth""...."
3892,1851,5,16,87,108,1.2407407407407407,0.05073084824220075,662,You may kiss the 'brúor' or 'kván' or whatever.
4433,1851,2,22,84,108,1.2407407407407407,0.0453255795747674,662,"I know vows don't usually include so many pledges to 'spare no one,' but they wrote their own. So romantic."
4311,1851,2,22,84,108,1.2407407407407407,0.0453255795747674,662,"And if anyone has an objection, speak now and prepare for combat or forever hold your peace."
4265,1851,4,18,86,108,1.2407407407407407,0.048995394649344264,662,"Hilda says all the phallic symbols are just for show, except hers."
4255,1851,3,20,85,108,1.2407407407407407,0.04719616965725907,662,You may now cancel HBO
4247,1851,3,20,85,108,1.2407407407407407,0.04719616965725907,662,"Feels more like 'speak now, or forever hold your piece."
4233,1851,4,18,86,108,1.2407407407407407,0.048995394649344264,662,It's a crossbow wedding.
4189,1851,2,22,84,108,1.2407407407407407,0.0453255795747674,662,I hear they are going to honeymoon in Valhalla!
4111,1851,3,20,85,108,1.2407407407407407,0.04719616965725907,662,"They met a long time ago, on a Viking cruise."
4042,1851,5,16,87,108,1.2407407407407407,0.05073084824220075,662,They're taking that Paleo diet very seriously.
3987,1851,2,22,84,108,1.2407407407407407,0.0453255795747674,662,It's a compromise. She wanted a vintage dress. He wanted  a Viking stove.
3953,1851,3,20,85,108,1.2407407407407407,0.04719616965725907,662,This is a good break from the last three renaissance weddings I've been to.
4384,1851,4,18,86,108,1.2407407407407407,0.048995394649344264,662,"Sheesh, I guess www.singlevikingsmeet.com really works!"
2443,1851,4,18,86,108,1.2407407407407407,0.048995394649344264,662,Some of us would prefer that they wore Cheeseheads.
4858,1851,3,20,85,108,1.2407407407407407,0.04719616965725907,662,"Well, they clearly are an 'old-fashioned love' kind of couple..."
2366,1851,4,18,86,108,1.2407407407407407,0.048995394649344264,662,"And for their honeymoon, they're going to sack and pillage the Outer Hebrides."
1080,1851,4,18,86,108,1.2407407407407407,0.048995394649344264,662,I should have gone with the Starbucks gift card
1006,1851,6,14,88,108,1.2407407407407407,0.052408865947484624,662,"I may be wrong, but I think they still need to sacrifice a goat."
975,1851,7,12,89,108,1.2407407407407407,0.054034798939476256,662,I'm guessing the dinner will be Paleo too?
935,1851,4,18,86,108,1.2407407407407407,0.048995394649344264,662,No Game of Thrones spoilers!
859,1851,4,18,86,108,1.2407407407407407,0.048995394649344264,662,I think it's all pleather.
805,1851,3,20,85,108,1.2407407407407407,0.04719616965725907,662,Mum's Sword.
620,1851,4,18,86,108,1.2407407407407407,0.048995394649344264,662,"They met on a singles pillaging cruise."""
579,1851,2,22,84,108,1.2407407407407407,0.0453255795747674,662,They are not a cute couple.
574,1851,5,16,87,108,1.2407407407407407,0.05073084824220075,662,"When you get past the whole 'pillaging and looting' thing, they make a really cute couple."
515,1851,5,16,87,108,1.2407407407407407,0.05073084824220075,662,I now pronounce you Ooga and Booga
509,1851,6,14,88,108,1.2407407407407407,0.052408865947484624,662,This whole Game of Thrones thing has gone too far.
426,1851,3,20,85,108,1.2407407407407407,0.04719616965725907,662,They met through Ancestry.com
345,1851,5,16,87,108,1.2407407407407407,0.05073084824220075,662,BarbariansOnly.com
263,1851,5,16,87,108,1.2407407407407407,0.05073084824220075,662,Stone age indeed!  Did you see the one in her ring?
254,1851,4,18,86,108,1.2407407407407407,0.048995394649344264,662,The prenup gives her half of his pillage and plunder.
231,1851,1,24,83,108,1.2407407407407407,0.043374392183180635,662,"Do you promise to love her, until fiery death do us part?"
193,1851,5,16,87,108,1.2407407407407407,0.05073084824220075,662,The after party is going to be berserk.
151,1851,4,18,86,108,1.2407407407407407,0.048995394649344264,662,I'm feeling slightly nauseated from the yak blood.
65,1851,5,16,87,108,1.2407407407407407,0.05073084824220075,662,"The wedding is Hagar the Horrible, but for the reception they've gone with a Blondie theme."
8,1851,3,20,85,108,1.2407407407407407,0.04719616965725907,662,Will you honour and obey? Yes he will
2421,1851,4,18,86,108,1.2407407407407407,0.048995394649344264,662,They're going on a raiding cruise for their honeymoon.
1291,1851,3,20,85,108,1.2407407407407407,0.04719616965725907,662,That preacher doesn't look Norwegian!
1426,1851,3,20,85,108,1.2407407407407407,0.04719616965725907,662,I just hope the reception food isn't Paleo.
1206,1851,4,18,86,108,1.2407407407407407,0.048995394649344264,662,‘Don’t kink-shame Janet. So what if they’re into Barbarian role play? Mind your own business you nosey-ass bitch. This is why Kenneth left you.’
1565,1851,3,20,85,108,1.2407407407407407,0.04719616965725907,662,"Did he just say, ""Unite and conquer""?"
2350,1851,3,20,85,108,1.2407407407407407,0.04719616965725907,662,Let's hope she skips that tradition of 'throwing the bouquet'.
2344,1851,5,16,87,108,1.2407407407407407,0.05073084824220075,662,Luckily she has her sword to parry his spear tonight
2334,1851,3,20,85,108,1.2407407407407407,0.04719616965725907,662,I’ll never find anyone to pillage with.
2321,1851,4,18,86,108,1.2407407407407407,0.048995394649344264,662,I give it six moons.
2309,1851,6,14,88,108,1.2407407407407407,0.052408865947484624,662,Nothing like prehistoric traditions to make a modern woman feel loved.
2237,1851,3,20,85,108,1.2407407407407407,0.04719616965725907,662,Wilma wasn't sure Fred was proposing until she saw the size of the rock.
2209,1851,4,18,86,108,1.2407407407407407,0.048995394649344264,662,"You know, Janet, there's no way I'll get a second wearing out of this one, unless I'm in one of the Flintstones' wedding next year."
2096,1851,3,20,85,108,1.2407407407407407,0.04719616965725907,662,"I guess 'for better, for Norse' makes sense."
2090,1851,3,20,85,108,1.2407407407407407,0.04719616965725907,662,Lisa told me they met on an Asterix chat room but told her parents it was the Opera.
1515,1851,5,16,87,108,1.2407407407407407,0.05073084824220075,662,"So I say, ""I don't care if your dad is Odin, I am not wearing fur."""
2047,1851,4,18,86,108,1.2407407407407407,0.048995394649344264,662,Them saying their own vows is simply barbaric.
2084,1851,5,16,87,108,1.2407407407407407,0.05073084824220075,662,Do you take this bull by the horns to love and to cherish as long as you shall live?
2044,1851,5,16,87,108,1.2407407407407407,0.05073084824220075,662,Do you promise not to refer to your mother-in-law as a Battle Ax?
1671,1851,2,22,84,108,1.2407407407407407,0.0453255795747674,662,She said they will be honeymooning on a raid somewhere in Northumbria.
2045,1851,3,20,85,108,1.2407407407407407,0.04719616965725907,662,It's death to who parts?
1800,1851,3,20,85,108,1.2407407407407407,0.04719616965725907,662,"Ten bucks we hear crickets after 'speak now or forever hold your peace.'"""
1889,1851,6,14,88,108,1.2407407407407407,0.052408865947484624,662,They believe in traditional gender roles
1737,1851,4,18,86,108,1.2407407407407407,0.048995394649344264,662,Can you give me a ride to Valhalla after the service?
1958,1851,6,14,88,108,1.2407407407407407,0.052408865947484624,662,"I'm concerned that the ""something blue"" will be dragon fire."
1976,1851,4,18,86,108,1.2407407407407407,0.048995394649344264,662,"It's not really the size of the sword that matters, I've heard."
2033,1851,2,22,84,108,1.2407407407407407,0.0453255795747674,662,"I generally don't like destination weddings, but Westeros is so pretty this time of year."
2037,1851,5,16,87,108,1.2407407407407407,0.05073084824220075,662,He owns three mountains and it was love at first sight for her.
1900,1851,4,18,86,108,1.2407407407407407,0.048995394649344264,662,Told her not to get married on a Sunday especially when the Vikings are +6 at Green Bay.
37,1950,4,19,90,113,1.238938053097345,0.047494653839780694,662,Welcome to Game of Betrothed.
118,1950,5,17,91,113,1.238938053097345,0.04913013287439456,662,They plan to honeymoon in Valhalla.
3594,1950,3,21,89,113,1.238938053097345,0.045800811460775734,662,Im so glad there’s an open bar.
4053,1953,7,12,90,109,1.238532110091743,0.05358231029949613,662,They really went all in on the paleo diet
4734,1953,1,24,84,109,1.238532110091743,0.043031337246086515,662,Can you believe they were a perfect match on social media.
4044,1953,4,18,87,109,1.238532110091743,0.048594032361072494,662,I think they fired the wedding planner prematurely.
1117,1953,3,20,86,109,1.238532110091743,0.046813302765362025,662,Have you ordered tickets for their divorce yet?
2275,1953,3,20,86,109,1.238532110091743,0.046813302765362025,662,"She said she wanted something different, but Visigoth fashion is so itchy!"
1427,1953,5,16,88,109,1.238532110091743,0.05031177443120517,662,Dearly Beclubbed we are gathered here together...
3719,1953,3,20,86,109,1.238532110091743,0.046813302765362025,662,"Remember, you two - it's not the size of the boat, but the motion of the ocean."
4798,1960,4,16,81,101,1.2376237623762376,0.05102613357118861,662,"Always the bridesmaid, never the barbarian."
4701,1960,5,14,82,101,1.2376237623762376,0.05293095605791548,662,"Diamonds are out, valyrian steel is in."
4186,1960,4,16,81,101,1.2376237623762376,0.05102613357118861,662,What is her wedding planner trying to tell her?
4097,1960,3,18,80,101,1.2376237623762376,0.0490473904019835,662,We are giving them matching pelts.
4095,1960,6,12,83,101,1.2376237623762376,0.05476957103342309,662,His enemies decided on a slow painful death.
3311,1960,2,20,79,101,1.2376237623762376,0.04698538818892939,662,She wanted a man from the old school.
3246,1960,4,16,81,101,1.2376237623762376,0.05102613357118861,662,They must be preparing for “til death do us part.”
3240,1960,3,18,80,101,1.2376237623762376,0.0490473904019835,662,How do you think they afjord this?
3131,1960,4,16,81,101,1.2376237623762376,0.05102613357118861,662,I don't have cable... I've never even seen Game of Thrones
3125,1960,5,14,82,101,1.2376237623762376,0.05293095605791548,662,Will you accept this sword?
2890,1960,4,16,81,101,1.2376237623762376,0.05102613357118861,662,White was not an option.
2166,1960,5,14,82,101,1.2376237623762376,0.05293095605791548,662,"I didn't know Paleo was a fashion, too."
4132,1960,3,18,80,101,1.2376237623762376,0.0490473904019835,662,"After they get the bill for this themed wedding, they are also going to be playing a lot of Game of Loans."
1786,1960,5,14,82,101,1.2376237623762376,0.05293095605791548,662,Last week I was at a Viking funeral...
1931,1960,3,18,80,101,1.2376237623762376,0.0490473904019835,662,Vlad's final conquest!
359,1960,5,14,82,101,1.2376237623762376,0.05293095605791548,662,"They're really gung-ho on this Viking cruise honeymoon trip, huh?"
360,1960,4,16,81,101,1.2376237623762376,0.05102613357118861,662,"We are gathered here today to celebrate the union of...okay I can't pronounce either of your names, so why not we cut to the cake?"
447,1960,5,14,82,101,1.2376237623762376,0.05293095605791548,662,"Another ""conquest"" for Magnus."
453,1960,4,16,81,101,1.2376237623762376,0.05102613357118861,662,"Liv looks so cute as ""Vi"" and Ingmar so handsome as ""King""."
55,1960,5,14,82,101,1.2376237623762376,0.05293095605791548,662,I give it until the 'sack and pillage' season.
1083,1960,5,14,82,101,1.2376237623762376,0.05293095605791548,662,"He was her patient in the hospital, and he took a turn for the Norse."
1200,1960,3,18,80,101,1.2376237623762376,0.0490473904019835,662,"On the hilt of her sword she promises, “To death be the penalty of your infidelity.”"
1260,1960,3,18,80,101,1.2376237623762376,0.0490473904019835,662,I kinda wish they had never learned that they had so much Neanderthal DNA.
1390,1960,4,16,81,101,1.2376237623762376,0.05102613357118861,662,Honeymoon plans were a cruise but Comic-Con is next week.
754,1960,4,16,81,101,1.2376237623762376,0.05102613357118861,662,"Personally, I'd rather be at a Viking funeral."
2599,1985,2,22,86,110,1.2363636363636363,0.04460422328836234,662,They met at the Lohengrin opera.
4246,1986,3,19,84,106,1.2358490566037736,0.04749216002345262,662,"To be true to the theme, he should just throw her over his shoulder and head for his hut."
3065,1986,5,15,86,106,1.2358490566037736,0.05113603721767608,662,"When they said old fashion wedding, I thought they meant the 80's."
3415,1986,4,17,85,106,1.2358490566037736,0.049347743443954886,662,"The vacuum was pricey, but Aunt Carol got stuck with “blood of the enemy.”"
3464,1986,4,17,85,106,1.2358490566037736,0.049347743443954886,662,He just got a job in Minnesota.
3737,1986,5,15,86,106,1.2358490566037736,0.05113603721767608,662,Dearly Beweaponed...
3791,1986,5,15,86,106,1.2358490566037736,0.05113603721767608,662,Warning! This sermon contains Game of Thrones spoilers.
3979,1986,3,19,84,106,1.2358490566037736,0.04749216002345262,662,They'll be honeymooning along the coast of Normandy.
4057,1986,4,17,85,106,1.2358490566037736,0.049347743443954886,662,I heard they're honeymooning at Lindisfarne.
4285,1986,5,15,86,106,1.2358490566037736,0.05113603721767608,662,"The hip satchel REALLY doesn't go with her dress, it's such a primitive accessory."
4499,1986,5,15,86,106,1.2358490566037736,0.05113603721767608,662,Apparently he told her he was horny and she appreciated his honesty.
4320,1986,2,21,83,106,1.2358490566037736,0.04556106610227718,662,You still want to do mazel tov?
4325,1986,3,19,84,106,1.2358490566037736,0.04749216002345262,662,And they met on the Viking River Cruise ship.
4420,1986,4,17,85,106,1.2358490566037736,0.049347743443954886,662,"Seems like only yesterday, they were Jedi Warriors."
4492,1986,6,13,87,106,1.2358490566037736,0.05286387066461095,662,"I get it— We all love the Vikings, but really? Purple bridesmaids dresses?!"
4835,1986,3,19,84,106,1.2358490566037736,0.04749216002345262,662,"Through siege, plunder, and mayhem 'till death do you part."
4739,1986,4,17,85,106,1.2358490566037736,0.049347743443954886,662,It looks like they picked fish for dinner and we have a choice between spearfish and swordfish.
4788,1986,5,15,86,106,1.2358490566037736,0.05113603721767608,662,Getting him here has been quite the saga.
4794,1986,3,19,84,106,1.2358490566037736,0.04749216002345262,662,I heard the pre-nup covers pillage spoils.
2935,1986,1,23,82,106,1.2358490566037736,0.04354441669214217,662,How do you say vodka cranberry in Norse?
4308,1986,4,17,85,106,1.2358490566037736,0.049347743443954886,662,"When I heard it was a Scandinavian theme, I thought they meant minimalist."
2927,1986,3,19,84,106,1.2358490566037736,0.04749216002345262,662,What happens in Vegas....
551,1986,4,17,85,106,1.2358490566037736,0.049347743443954886,662,"She goes on the paleo diet, and next thing you know, she's Mrs. Zug."
2854,1986,6,13,87,106,1.2358490566037736,0.05286387066461095,662,They met on VDate.
32,1986,5,15,86,106,1.2358490566037736,0.05113603721767608,662,"The third groomsman couldn’t make it.  He died last week in the Battle of Oslo.”

Robert Van Brocklin, Portland, Ore."
174,1986,4,17,85,106,1.2358490566037736,0.049347743443954886,662,"When she tosses her sword, be careful how you catch it."
209,1986,5,15,86,106,1.2358490566037736,0.05113603721767608,662,"I still say she's taking this paleo thing way too far."""
372,1986,3,19,84,106,1.2358490566037736,0.04749216002345262,662,Now you may keep the Bride
699,1986,4,17,85,106,1.2358490566037736,0.049347743443954886,662,You know they didn't actually wear horned helmets.
875,1986,4,17,85,106,1.2358490566037736,0.049347743443954886,662,You don’t want to know where they’re registered.
877,1986,1,23,82,106,1.2358490566037736,0.04354441669214217,662,This bouquet toss will not be pretty.
1019,1986,6,13,87,106,1.2358490566037736,0.05286387066461095,662,It all started with that Paleo diet.
2900,1986,6,13,87,106,1.2358490566037736,0.05286387066461095,662,Why do you think the invitation said Red Wedding?
1029,1986,5,15,86,106,1.2358490566037736,0.05113603721767608,662,"""And may you live happily ever after and be great in the sack."""
1556,1986,4,17,85,106,1.2358490566037736,0.049347743443954886,662,"Before we begin, has anyone seen the groom's double latte coffee cup?"
1667,1986,5,15,86,106,1.2358490566037736,0.05113603721767608,662,The honeymoon is going to be a Viking River Cruise.
1708,1986,4,17,85,106,1.2358490566037736,0.049347743443954886,662,Wait till you see the paleo wedding cake.
2015,1986,3,19,84,106,1.2358490566037736,0.04749216002345262,662,I think these theme weddings have gone too far.
2390,1986,3,19,84,106,1.2358490566037736,0.04749216002345262,662,Whose cave are going to live in?
2596,1986,7,11,88,106,1.2358490566037736,0.054536990574855476,662,"She's been dreaming about this day for literally 1,000 years."
2658,1986,3,19,84,106,1.2358490566037736,0.04749216002345262,662,I’m just glad she didn’t give up her sword!
2775,1986,3,19,84,106,1.2358490566037736,0.04749216002345262,662,Her sword is mightier than his pen
1477,1986,3,19,84,106,1.2358490566037736,0.04749216002345262,662,Hurry! The Vikings game starts in ten minutes!!!
4445,2028,5,15,87,107,1.233644859813084,0.05070380909561104,662,Is the tossing of the sword still traditional?
4892,2028,6,13,88,107,1.233644859813084,0.05241385313120308,662,He’s rushing because there’s a Viking funeral next.
1004,2028,7,11,89,107,1.233644859813084,0.05406984134722872,662,"6 to 1 he's dead by sunrise, eh?"
2526,2028,7,11,89,107,1.233644859813084,0.05406984134722872,662,And to think it was a blind date.
3947,2032,4,16,83,103,1.233009708737864,0.05013570674702158,662,I guess he was sacked.
3945,2032,4,16,83,103,1.233009708737864,0.05013570674702158,662,"At the reception dance onboard the ship, expect  beer, fish and violence."
3935,2032,5,14,84,103,1.233009708737864,0.05199958173026883,662,They are really leaning into having dated wedding photos.
3911,2032,6,12,85,103,1.233009708737864,0.053798921078609646,662,"So, who wears the pants in the relationship?"
3884,2032,4,16,83,103,1.233009708737864,0.05013570674702158,662,These celebrity weddings are weird as fuck.
3856,2032,4,16,83,103,1.233009708737864,0.05013570674702158,662,"You know what they say, Carol: Always a bridesmaid, never a warrior princess."
3841,2032,4,16,83,103,1.233009708737864,0.05013570674702158,662,The reception theme is the sacking of Rome.
3775,2032,3,18,82,103,1.233009708737864,0.04819980997808791,662,Today we celebrate the Black Irish and Viking bloodlines in our DNA map...
3727,2032,3,18,82,103,1.233009708737864,0.04819980997808791,662,"So I don't think it's anything you need to worry about, but I need to ask if anyone objects to you two marrying."
2830,2032,5,14,84,103,1.233009708737864,0.05199958173026883,662,"Now cross your weapons, spit and say you bet."
3638,2032,5,14,84,103,1.233009708737864,0.05199958173026883,662,"It is just me or did he say' ""you may now stab the bride?"""
3453,2032,3,18,82,103,1.233009708737864,0.04819980997808791,662,I see we're back on the Viking Cruise itinerary.
3353,2032,4,16,83,103,1.233009708737864,0.05013570674702158,662,Oriental Trading was having a 50% off sale.
3331,2032,3,18,82,103,1.233009708737864,0.04819980997808791,662,Only second marriages can get away with this.
3208,2032,3,18,82,103,1.233009708737864,0.04819980997808791,662,You may now drag the bride to your lair by her hair.
3164,2032,3,18,82,103,1.233009708737864,0.04819980997808791,662,I am so not looking forward to the traditional tossing of the sword.
3152,2032,3,18,82,103,1.233009708737864,0.04819980997808791,662,Are you going to the reception? I hear there'll be sword fighting.
3075,2032,6,12,85,103,1.233009708737864,0.053798921078609646,662,I understand that they met on-line.
2996,2032,4,16,83,103,1.233009708737864,0.05013570674702158,662,Congratulations . . . and now back to raping and pillaging.
2987,2032,2,20,81,103,1.233009708737864,0.046182835261861316,662,He looked a lot thinner on his Facebook page.
4019,2032,5,14,84,103,1.233009708737864,0.05199958173026883,662,The bride slaughtered the thousand lambs for the reception herself.
3631,2032,1,22,80,103,1.233009708737864,0.04407365271593289,662,It's a marriage made in Valhalla.
4065,2032,1,22,80,103,1.233009708737864,0.04407365271593289,662,Iceland has become a very hot honeymoon spot.
4451,2032,4,16,83,103,1.233009708737864,0.05013570674702158,662,Their registry was all plunder and burn.
4149,2032,5,14,84,103,1.233009708737864,0.05199958173026883,662,This why I don't Internet date.
2816,2032,1,22,80,103,1.233009708737864,0.04407365271593289,662,At least she gave consent before he pillages.
4831,2032,5,14,84,103,1.233009708737864,0.05199958173026883,662,"Do you take this women to be your wife?
Yes I did, last week when I raided her father’s kingdom."
4737,2032,6,12,85,103,1.233009708737864,0.053798921078609646,662,I think she's going to hyphenate it.  She'll be Helga Pillager-Impaler.
4883,2032,3,18,82,103,1.233009708737864,0.04819980997808791,662,"Tomorrow this theme party is over, and I'm getting my money back for this dress."
4632,2032,4,16,83,103,1.233009708737864,0.05013570674702158,662,I can’t believe she’s wearing hwit.
4618,2032,3,18,82,103,1.233009708737864,0.04819980997808791,662,I think the ring purses really complete their outfits.
4582,2032,5,14,84,103,1.233009708737864,0.05199958173026883,662,"Did you know that their outfits are washable, made from Ultrasuede®️"
4579,2032,2,20,81,103,1.233009708737864,0.046182835261861316,662,"Well, I tried to put my foot down about this cosplay crap..."
4563,2032,5,14,84,103,1.233009708737864,0.05199958173026883,662,The sword is used by the rabbi at the bris.
4523,2032,5,14,84,103,1.233009708737864,0.05199958173026883,662,It's a scandal. They're completely unrelated
4521,2032,4,16,83,103,1.233009708737864,0.05013570674702158,662,"When she said it would be a 'paleo' wedding, I thought she meant the food."
4474,2032,4,16,83,103,1.233009708737864,0.05013570674702158,662,Ten to one Freydis turns Eric the Bloodaxe into Eric the Lapdog.
4435,2032,2,20,81,103,1.233009708737864,0.046182835261861316,662,I hear they're going to pillage the most adorable village for the honeymoon.
4415,2032,3,18,82,103,1.233009708737864,0.04819980997808791,662,There's a no-uxoricide clause in their prenup.
4410,2032,4,16,83,103,1.233009708737864,0.05013570674702158,662,I can’t believe she’s made us wear these ridiculous dresses
4364,2032,3,18,82,103,1.233009708737864,0.04819980997808791,662,"Am I terrible for thinking thinking more and more, 'America for Americans' """
4336,2032,6,12,85,103,1.233009708737864,0.053798921078609646,662,This is a wonderful match. They are both heavily into genealogy.
4335,2032,5,14,84,103,1.233009708737864,0.05199958173026883,662,"I wish the new bride could throw us something else, like flowers or something."
4245,2032,6,12,85,103,1.233009708737864,0.053798921078609646,662,"The other stuff was good, but the pillaging sealed the deal!"
4209,2032,4,16,83,103,1.233009708737864,0.05013570674702158,662,There's a small problem. She has a seafood allergy.
4207,2032,2,20,81,103,1.233009708737864,0.046182835261861316,662,"Amazon Prime screwed this order up, big time."
4139,2032,4,16,83,103,1.233009708737864,0.05013570674702158,662,"""Helga told me they're going to exchange weapons."""
2756,2032,3,18,82,103,1.233009708737864,0.04819980997808791,662,"When they said that their 'Love of the Vikings' brought them together, I thought they meant football."
4647,2032,5,14,84,103,1.233009708737864,0.05199958173026883,662,I'm guessing they don't have a prenup.
2564,2032,4,16,83,103,1.233009708737864,0.05013570674702158,662,Football nuts...they're Vikings fans.
1237,2032,3,18,82,103,1.233009708737864,0.04819980997808791,662,They're planning on pillaging Iceland for their honeymoon.
1235,2032,4,16,83,103,1.233009708737864,0.05013570674702158,662,"""Do you take this woman? I mean seriously, with a manpurse"""
1097,2032,5,14,84,103,1.233009708737864,0.05199958173026883,662,I’m gonna have Jourasic themed wedding
1073,2032,2,20,81,103,1.233009708737864,0.046182835261861316,662,"I tried to fix her up with my cousin, but she said he was kind of rough around the edges."
1069,2032,1,22,80,103,1.233009708737864,0.04407365271593289,662,"My Old Norse isn't so good, but I think he just said ""I ate the third groomsman."""
1065,2032,5,14,84,103,1.233009708737864,0.05199958173026883,662,This isn’t the first troth he’s plighted
1054,2032,4,16,83,103,1.233009708737864,0.05013570674702158,662,Do You Promise To Honor 'Game of Thrones' for as long as you both shall live?
1023,2032,5,14,84,103,1.233009708737864,0.05199958173026883,662,"I’m warning ya, don’t do Ancestry.com!"
905,2032,3,18,82,103,1.233009708737864,0.04819980997808791,662,"The minister is leaving out the ""till death do you part"" part."
881,2032,3,18,82,103,1.233009708737864,0.04819980997808791,662,A match made in Valhalla.
825,2032,3,18,82,103,1.233009708737864,0.04819980997808791,662,"Well, they did say it wasn’t going to be a shotgun wedding"
673,2032,4,16,83,103,1.233009708737864,0.05013570674702158,662,Shotgun? What's a shotgun?
594,2032,4,16,83,103,1.233009708737864,0.05013570674702158,662,"If anyone here knows of a reason why this couple should not be joined in holy matrimony, let him stand and grunt now."
477,2032,2,20,81,103,1.233009708737864,0.046182835261861316,662,"I introduced them at Comic Con.
It was love at first LARP."
438,2032,3,18,82,103,1.233009708737864,0.04819980997808791,662,"The Best Man forgot the rings, so we’re waiting for him to plunder the village for a new pair."
392,2032,4,16,83,103,1.233009708737864,0.05013570674702158,662,"Double or nothing, Anna, they’ll last for two years."
307,2032,4,16,83,103,1.233009708737864,0.05013570674702158,662,"Don't worry, the bride switches the sword with a bouquet before the toss."
260,2032,4,16,83,103,1.233009708737864,0.05013570674702158,662,No I didn’t meet her at a Pilates class. We met when we sacked his kingdom.
245,2032,2,20,81,103,1.233009708737864,0.046182835261861316,662,And they promise to pillage and sack till death do them part.
157,2032,3,18,82,103,1.233009708737864,0.04819980997808791,662,Let's head straight to the open bar before it's pillaged.
2602,2032,3,18,82,103,1.233009708737864,0.04819980997808791,662,THESE VIKING FANS ARE GETTING RIDICULOUS.
1245,2032,4,16,83,103,1.233009708737864,0.05013570674702158,662,They are taking this paleo diet thing too far.
1525,2032,4,16,83,103,1.233009708737864,0.05013570674702158,662,I wish our dresses had fringe on the bottom too.
777,2032,5,14,84,103,1.233009708737864,0.05199958173026883,662,It's a match made in Valhalla - they're both 9-5 Barbarians.
1560,2032,3,18,82,103,1.233009708737864,0.04819980997808791,662,He make look imposing but pleeze... a fanny pack? He probably has never pillaged in his life.
1529,2032,3,18,82,103,1.233009708737864,0.04819980997808791,662,I’m so sorry - this is the Wilkes wedding. The cosplay convention is next week.
2513,2032,3,18,82,103,1.233009708737864,0.04819980997808791,662,"What’s this about Bifrost, Asgard and Odin. I thought this was an Episcopalian wedding."
2468,2032,1,22,80,103,1.233009708737864,0.04407365271593289,662,"I didn't know this was what they meant when the invite said ""black tie optional"""
2423,2032,4,16,83,103,1.233009708737864,0.05013570674702158,662,And may you always rampage together for better or worse and richer or poorer.
2399,2032,6,12,85,103,1.233009708737864,0.053798921078609646,662,She's the pillage to his plunder.
2378,2032,3,18,82,103,1.233009708737864,0.04819980997808791,662,I don’t think they break the glass at  this one!
2349,2032,5,14,84,103,1.233009708737864,0.05199958173026883,662,I plan to avoid her bouquet toss.
2346,2032,5,14,84,103,1.233009708737864,0.05199958173026883,662,"Finding a dress wasn't a problem, wait till you see their registry"
2326,2032,7,10,86,103,1.233009708737864,0.0555399974641882,662,"Well it took a horse, two trains and a flux capacitor but here, in this state and time, you two can be married."
2304,2032,3,18,82,103,1.233009708737864,0.04819980997808791,662,Someday they hope to get a throne of their own.
2373,2032,6,12,85,103,1.233009708737864,0.053798921078609646,662,They're both workaholics.  For the honeymoon they're pillaging the South of France.
1691,2032,5,14,84,103,1.233009708737864,0.05199958173026883,662,I give it six generations.
2271,2032,4,16,83,103,1.233009708737864,0.05013570674702158,662,"Well, this IS her third marriage."
2132,2032,5,14,84,103,1.233009708737864,0.05199958173026883,662,After the ceremony we are going to pillage the Arnowitz reception.
2006,2032,3,18,82,103,1.233009708737864,0.04819980997808791,662,"As soon as the ceremony is over, we'll be hunting and gathering dinner."
1886,2032,4,16,83,103,1.233009708737864,0.05013570674702158,662,I give it a year before she realizes how horrible he is.
1564,2032,3,18,82,103,1.233009708737864,0.04819980997808791,662,Nah - he wouldn't hear of a 'best man.'
1815,2032,3,18,82,103,1.233009708737864,0.04819980997808791,662,There's heritage and there's effin' whacko.  Please tell me she did not just say 'Obey'.
1759,2032,5,14,84,103,1.233009708737864,0.05199958173026883,662,"After the wedding you better be careful.  Instead of a bouquet, she throws the sword, and instead of a garter, he throws the spear."
2299,2032,5,14,84,103,1.233009708737864,0.05199958173026883,662,I know she was a Vikings fan even when she was young. But this?
1642,2032,5,14,84,103,1.233009708737864,0.05199958173026883,662,"Did he just say 'rape and pillage'?"""
1610,2032,3,18,82,103,1.233009708737864,0.04819980997808791,662,O.K. call in the Valkaries
105,2129,4,17,87,108,1.2314814814814814,0.0485270787963912,662,"One of them dies in the last episode """
3231,2130,2,20,82,104,1.2307692307692308,0.04579145756610733,662,I miss when she was Mindy.
3186,2130,3,18,83,104,1.2307692307692308,0.04778665172843477,662,We're rowing them to Maui for the honeymoon.
2876,2130,5,14,85,104,1.2307692307692308,0.05154587353209697,662,"For me, plundering and pillaging would have been dealbreakers."
2848,2130,2,20,82,104,1.2307692307692308,0.04579145756610733,662,I didn't expect them to settle down.
2834,2130,6,12,86,104,1.2307692307692308,0.05332619971058358,662,"I must admit Ethel, I am excited for the true Viking buffet of putrefied shark, mead and puffin"
2103,2130,2,20,82,104,1.2307692307692308,0.04579145756610733,662,It seems like they dated forever. !
2646,2130,3,18,83,104,1.2307692307692308,0.04778665172843477,662,Alberich is nicer than he looks.
2529,2130,2,20,82,104,1.2307692307692308,0.04579145756610733,662,"It's going to be a ""tough go"". She's descended from Greenland and he from Norway."
2278,2130,2,20,82,104,1.2307692307692308,0.04579145756610733,662,The huge rock is making more sense.
3303,2130,4,16,84,104,1.2307692307692308,0.049701816675055514,662,Hers is by Olga Beste. His is a cheap imitation.
2663,2130,3,18,83,104,1.2307692307692308,0.04778665172843477,662,"They're a very progressive couple. She hit HIM over the head and dragged him here, but not before she made him sign a prenup."
3509,2130,3,18,83,104,1.2307692307692308,0.04778665172843477,662,"I remember she said, “wear your skins,” but I thought that was a Norse valediction."
4553,2130,4,16,84,104,1.2307692307692308,0.049701816675055514,662,They met on pillage.com..
3835,2130,6,12,86,104,1.2307692307692308,0.05332619971058358,662,I hope this one goes better then her Byzantine  marriage.
3909,2130,4,16,84,104,1.2307692307692308,0.049701816675055514,662,My gift is those matching Gucci purses.
3930,2130,6,12,86,104,1.2307692307692308,0.05332619971058358,662,They wanted an older traditional Scandinavian wedding
4083,2130,6,12,86,104,1.2307692307692308,0.05332619971058358,662,I hear they're going on a siege of Rome for their honeymoon.
4102,2130,6,12,86,104,1.2307692307692308,0.05332619971058358,662,"Place the Ring of Death on her finger and say the following: ""Achk tychkty vlogh flvngyt ushkbt..."""
4278,2130,4,16,84,104,1.2307692307692308,0.049701816675055514,662,"Right after the reception, they're going plundering."
4286,2130,6,12,86,104,1.2307692307692308,0.05332619971058358,662,They met on Game of Thrones
4341,2130,3,18,83,104,1.2307692307692308,0.04778665172843477,662,I'm worried about the lack of vegetarian options at the reception.
4416,2130,3,18,83,104,1.2307692307692308,0.04778665172843477,662,"Did he just say 'What God has joined together,go forth to pillage and plunder"
4546,2130,6,12,86,104,1.2307692307692308,0.05332619971058358,662,I'm SO envious! I hear they're honeymooning in Vinland.
2043,2130,3,18,83,104,1.2307692307692308,0.04778665172843477,662,I have a sudden taste for a Danish.
3593,2130,7,10,87,104,1.2307692307692308,0.055048978854826666,662,"And now, if there are any guests here who object to this union - and have a death wish - I invite you to speak up at this time.  For the rest of you, I recommend identifying the nearest exit - it may be behind you."
2009,2130,4,16,84,104,1.2307692307692308,0.049701816675055514,662,Their relationship goes way back.
2827,2130,5,14,85,104,1.2307692307692308,0.05154587353209697,662,"I think they met on ""Survivor: Goth Edition."""
1678,2130,0,24,80,104,1.2307692307692308,0.04151439017083583,662,"She's as horney as he is,but wouldn't be caught dead in that hat."
1908,2130,6,12,86,104,1.2307692307692308,0.05332619971058358,662,He promised he’d get circumcised after the ceremony
27,2130,5,14,85,104,1.2307692307692308,0.05154587353209697,662,They pillaged their own vows.
76,2130,4,16,84,104,1.2307692307692308,0.049701816675055514,662,Let's hope they don't have kids.
92,2130,3,18,83,104,1.2307692307692308,0.04778665172843477,662,"She dated a Great and a Good, but she chose Magnus the So-So."
94,2130,4,16,84,104,1.2307692307692308,0.049701816675055514,662,"Be man and wife, united before God in heaven until Game of Throne's series finale do you part."
127,2130,2,20,82,104,1.2307692307692308,0.04579145756610733,662,They flipped a coin between The Vikings and Game of Thrones.
291,2130,2,20,82,104,1.2307692307692308,0.04579145756610733,662,...as long as you both shall pillage.
368,2130,1,22,81,104,1.2307692307692308,0.043705275295351925,662,"Will you love, honor and  equally share the spoils from pillage until death do you part?"
503,2130,4,16,84,104,1.2307692307692308,0.049701816675055514,662,"She keeps calling him 'Hun'--it's a Baltimore thing."""
666,2130,2,20,82,104,1.2307692307692308,0.04579145756610733,662,"Speak now, or as I would highly recommend, forever hold your peace."
779,2130,5,14,85,104,1.2307692307692308,0.05154587353209697,662,"She may never see her village again, but at least she’s keeping her last name."
863,2130,2,20,82,104,1.2307692307692308,0.04579145756610733,662,Don’t you just love old-fashioned weddings?
641,2130,5,14,85,104,1.2307692307692308,0.05154587353209697,662,It was love at first pillage.
976,2130,6,12,86,104,1.2307692307692308,0.05332619971058358,662,They are so right for each other! I love their matching gowns!
1638,2130,3,18,83,104,1.2307692307692308,0.04778665172843477,662,They met on a Viking cruise ship!
1553,2130,3,18,83,104,1.2307692307692308,0.04778665172843477,662,Did you order the paleo or the keto?
864,2130,4,16,84,104,1.2307692307692308,0.049701816675055514,662,They're into paleo but I'm not sure it's working for him.
1378,2130,2,20,82,104,1.2307692307692308,0.04579145756610733,662,"When they said ""destination wedding"", I didn't think they meant Mordor."
1272,2130,4,16,84,104,1.2307692307692308,0.049701816675055514,662,Eric. Mrs. Red. I now pronounce you plunderer and plunderess.
1548,2130,5,14,85,104,1.2307692307692308,0.05154587353209697,662,Aw! They're wearing what they wore when they first met.
1197,2130,1,22,81,104,1.2307692307692308,0.043705275295351925,662,None of them would dare claim to be the best man.
1164,2130,5,14,85,104,1.2307692307692308,0.05154587353209697,662,"She's obsessed with the ""something old"" part."
1132,2130,3,18,83,104,1.2307692307692308,0.04778665172843477,662,Now you can fight the bride
1108,2130,4,16,84,104,1.2307692307692308,0.049701816675055514,662,"...to love, honor, and cherish, as long as the ratings hold up..."
1220,2130,3,18,83,104,1.2307692307692308,0.04778665172843477,662,I'm skipping the reception.
1053,2183,5,15,89,109,1.2293577981651376,0.0498605386397374,662,"Yes, he will obey."
4327,2183,1,23,85,109,1.2293577981651376,0.04250287816389273,662,Was it the best man or maid of honor that was supposed to bring the side of beef?
4844,2185,5,14,86,105,1.2285714285714286,0.051099885767817904,662,"Before him, she never even liked pillaging."
3797,2185,3,18,84,105,1.2285714285714286,0.047380354147934275,662,They are going to honeymoon in Minnesota.
4562,2185,4,16,85,105,1.2285714285714286,0.049275228485861494,662,Believe I will skip trying to catch the bouquet this time”
4411,2185,6,12,87,105,1.2285714285714286,0.05286159767387117,662,Can you believe they met on a Southwest flight to Des Moines?
4252,2185,3,18,84,105,1.2285714285714286,0.047380354147934275,662,"The bride doesn't usually carry a weapon, but since this is her second marriage she thought she would carry the sword of Damocles."
4196,2185,3,18,84,105,1.2285714285714286,0.047380354147934275,662,Do you promise to pillage and plunder till death due you part?
4023,2185,3,18,84,105,1.2285714285714286,0.047380354147934275,662,"Get a load of the gown! Next time, say No To The Dress!"
3454,2185,6,12,87,105,1.2285714285714286,0.05286159767387117,662,"Twice blessed, a marriage license AND a license for open carry, a match made in Valhalla."
4820,2185,4,16,85,105,1.2285714285714286,0.049275228485861494,662,It's outrageous... the bride going sleeveless this time of year.
2652,2185,5,14,86,105,1.2285714285714286,0.051099885767817904,662,Do you know how long this is going to take? I've got a pillaging in an hour.
539,2185,4,16,85,105,1.2285714285714286,0.049275228485861494,662,I don’t know what she sees in Hagar. I think he’s horrible.
712,2185,3,18,84,105,1.2285714285714286,0.047380354147934275,662,I was there when she said yes to that dress.
945,2185,6,12,87,105,1.2285714285714286,0.05286159767387117,662,It was the only thing they could come up with when his tux wasn't delivered.
2805,2185,4,16,85,105,1.2285714285714286,0.049275228485861494,662,Aren't they sweet?  They met at the Bar Review course.
1425,2185,4,16,85,105,1.2285714285714286,0.049275228485861494,662,"I'm not sure why my sister asked me to be a bridesmaid. I mean, I've never watched an episode of ""Game of Thrones."""
1543,2185,4,16,85,105,1.2285714285714286,0.049275228485861494,662,"The honeymoon is at a place called ""Plunder & Pillage""."
2606,2185,3,18,84,105,1.2285714285714286,0.047380354147934275,662,She said he got her rocks off.
947,2185,3,18,84,105,1.2285714285714286,0.047380354147934275,662,I think the sword emphasizes the 'keep' part of the vows.
3350,2203,4,13,75,92,1.2282608695652173,0.05377142984298545,662,"Just remember, never catch the bouquet with your knife arm."
2400,2204,3,20,91,114,1.2280701754385965,0.04498630563125218,662,Kiss the bride before I call security.
2613,2205,4,15,82,101,1.2277227722772277,0.05050475542517563,662,I dont think its healthy to binge watch Thrones while planning a wedding.
4814,2205,4,15,82,101,1.2277227722772277,0.05050475542517563,662,For better or for Norse…”
4263,2205,4,15,82,101,1.2277227722772277,0.05050475542517563,662,Jerry’s 12% Swedish result from Ancestry.com and here we stand in these ridiculous outfits.
4076,2205,7,9,85,101,1.2277227722772277,0.056078424786163546,662,They met on the set of Games of Thrones.
3560,2205,3,17,81,101,1.2277227722772277,0.0485047473818451,662,There’s someone out there for everyone.
2835,2205,4,15,82,101,1.2277227722772277,0.05050475542517563,662,I thought she said their outfits were both 'striking'.
2226,2205,4,15,82,101,1.2277227722772277,0.05050475542517563,662,"Always a bridesmaid, never a shield matron."
969,2205,5,13,83,101,1.2277227722772277,0.05242852394009396,662,"She told me that they had bonded over a shared love for the Paleo diet, but this is taking things a bit too far..."
1916,2205,3,17,81,101,1.2277227722772277,0.0485047473818451,662,You know he's pillaged and plundered half the women in Europe.
1602,2205,5,13,83,101,1.2277227722772277,0.05242852394009396,662,Is the breakfast Paleo too?
1359,2205,3,17,81,101,1.2277227722772277,0.0485047473818451,662,I thought he was supposed to give her his sword AFTER the wedding.
347,2205,3,17,81,101,1.2277227722772277,0.0485047473818451,662,You may now slaughter the bride.
334,2205,2,19,80,101,1.2277227722772277,0.04641864621675659,662,Til Thor do ye part.
24,2205,4,15,82,101,1.2277227722772277,0.05050475542517563,662,When they bring out the sacrificial lamb just tell them I had to go pee.
2063,2205,6,11,84,101,1.2277227722772277,0.054284159056921966,662,"Theme""  weddings have gone too far"
3816,2220,6,12,88,106,1.2264150943396226,0.05240491130788026,662,"I'm just glad it's only a themed wedding, I can't afford another destination wedding"
4852,2220,2,20,84,106,1.2264150943396226,0.045027732031695245,662,Someone told me they had been binging Game of Thrones.
2657,2220,5,14,87,106,1.2264150943396226,0.05066142723877443,662,"You are now Wed, begin the battle!"
911,2220,3,18,85,106,1.2264150943396226,0.046980753199957474,662,"Actually, they're Vegan."
1470,2220,5,14,87,106,1.2264150943396226,0.05066142723877443,662,It's just part of the new all-Paleo lifestyle!
1000,2220,2,20,84,106,1.2264150943396226,0.045027732031695245,662,"Sorry, but I'm so over these legacy events."
2508,2220,3,18,85,106,1.2264150943396226,0.046980753199957474,662,"At the kiss, the preacher had better duck!"
5,2227,3,15,75,93,1.2258064516129032,0.05100447838981256,662,And they're headed for a Norse divorce.
3097,2227,4,13,76,93,1.2258064516129032,0.05324669855036501,662,He had her at a Knock Knock Viking joke.
3189,2229,4,15,83,102,1.2254901960784315,0.05005697151276056,662,"Wanda, did the minister just say, ""until death duel you part""?"
3203,2229,2,19,81,102,1.2254901960784315,0.04601550038301792,662,He worships her lutefisk and caper pâté.
3233,2229,3,17,82,102,1.2254901960784315,0.04807872020202308,662,Hurry up!  The time warp is almost over.
3271,2229,3,17,82,102,1.2254901960784315,0.04807872020202308,662,"I was going to object, but I forgot my battle axe in the car."
3425,2229,5,13,84,102,1.2254901960784315,0.0519599601404218,662,"Pardon me, Brunhilda and Magnus, but I'm thinking the part in here about ""wives be submissive to your husbands"" is not applicable to you two."
4799,2229,3,17,82,102,1.2254901960784315,0.04807872020202308,662,"At the first rehearsal, he tried to put the ring in her nose."
3623,2229,3,17,82,102,1.2254901960784315,0.04807872020202308,662,I heard he slaughtered a village at the bachelor party
3829,2229,5,13,84,102,1.2254901960784315,0.0519599601404218,662,"Actually, they don't need the weapons until after they're
 married."
3997,2229,3,17,82,102,1.2254901960784315,0.04807872020202308,662,The ritual isn’t complete until she blows the Gjallarhorn
4116,2229,4,15,83,102,1.2254901960784315,0.05005697151276056,662,"No, he won’t be breaking a glass. Slaughtering a chicken together is more their thing."
4133,2229,4,15,83,102,1.2254901960784315,0.05005697151276056,662,She carries the sword in the family.  I’ll be taking her name.
4306,2229,4,15,83,102,1.2254901960784315,0.05005697151276056,662,He plunders villages; she pillages treasure ships. It won’t last.
4316,2229,4,15,83,102,1.2254901960784315,0.05005697151276056,662,I now pronounce you Fang and Claw.
4453,2229,5,13,84,102,1.2254901960784315,0.0519599601404218,662,They met on Pininterest!
4509,2229,4,15,83,102,1.2254901960784315,0.05005697151276056,662,Why did I have to buy this dress?
3118,2229,4,15,83,102,1.2254901960784315,0.05005697151276056,662,Where are they going for their honeymoon raid?
3943,2229,3,17,82,102,1.2254901960784315,0.04807872020202308,662,"""The pre-nups just keep getting crazier."""
2990,2229,2,19,81,102,1.2254901960784315,0.04601550038301792,662,"JDate, apparently."
3533,2229,4,15,83,102,1.2254901960784315,0.05005697151276056,662,Same thing she wore at her 1st wedding!
2879,2229,3,17,82,102,1.2254901960784315,0.04807872020202308,662,Oh you said for better or worse NOT for better or norse.
42,2229,1,21,80,102,1.2254901960784315,0.043855321395865086,662,Can’t wait to raid the buffet.
62,2229,3,17,82,102,1.2254901960784315,0.04807872020202308,662,Do you know how much money we could have saved on dresses?
460,2229,2,19,81,102,1.2254901960784315,0.04601550038301792,662,I heard they are going to Honeymoon along the coast of England.
475,2229,4,15,83,102,1.2254901960784315,0.05005697151276056,662,This really brings home the current affinity for Nordic socialism.
928,2229,3,17,82,102,1.2254901960784315,0.04807872020202308,662,You can almost feel the gotterdammerung!
1119,2229,3,17,82,102,1.2254901960784315,0.04807872020202308,662,If anyone knows any reason these two should not be wed... Best of luck.
1448,2229,4,15,83,102,1.2254901960784315,0.05005697151276056,662,"Before we start, the Theme Wedding thing stops as soon as the reception is over. Okay?"
1695,2229,2,19,81,102,1.2254901960784315,0.04601550038301792,662,I still don't understand why she chose Gog/Magog for her bridal collection.
2898,2229,1,21,80,102,1.2254901960784315,0.043855321395865086,662,"Hey, it's their day, but I refused to budge on the goat sacrifice."
1957,2229,4,15,83,102,1.2254901960784315,0.05005697151276056,662,"Okay, tie the cans to the back of the longboat!"
1964,2229,5,13,84,102,1.2254901960784315,0.0519599601404218,662,They have a pillage registry at Nordstrom.
2108,2229,1,21,80,102,1.2254901960784315,0.043855321395865086,662,They were found holding hands in a block of ice when it was melted.
2114,2229,3,17,82,102,1.2254901960784315,0.04807872020202308,662,"I think the sword and the spear really make the outfit, don't you?"
2383,2229,6,11,85,102,1.2254901960784315,0.05379567379036276,662,You may kiss the barbarian
2445,2229,2,19,81,102,1.2254901960784315,0.04601550038301792,662,At least it isn’t a Viking funeral.
2637,2229,6,11,85,102,1.2254901960784315,0.05379567379036276,662,"Lace-up sandals?  Fur tunics?
FANNY packs??
SO passé..."
2661,2229,2,19,81,102,1.2254901960784315,0.04601550038301792,662,"Do you, Hagar the Horrible, take Olga the Terrible, in lawfully wedded combat?"
1730,2229,4,15,83,102,1.2254901960784315,0.05005697151276056,662,I hear they’re leaving the reception in an antique fjord.
1934,2267,7,10,90,107,1.2242990654205608,0.053626074002294216,662,"Not to be a nag, but couldn't they've dressed up a little?"
4731,2267,6,12,89,107,1.2242990654205608,0.05195594354493409,662,Thjodhild told me that she and Erik are honeymooning to Greenland for 10 days on a Viking Ocean Cruise.
2639,2269,3,16,80,99,1.2222222222222223,0.048806737446717936,662,They forgot they're expected at the Met Gala right after this
2982,2269,3,16,80,99,1.2222222222222223,0.048806737446717936,662,Isn't this taking the paleo diet a bit too far?
3083,2269,5,12,82,99,1.2222222222222223,0.05286193097839597,662,Don't tell anyone but I missed every episode. On purpose.
3362,2269,2,18,79,99,1.2222222222222223,0.04664712806708402,662,She said they met at a raid and pillage. Is that a new restaurant uptown?
3747,2269,2,18,79,99,1.2222222222222223,0.04664712806708402,662,What happens if she says 'I don't!'
4765,2269,1,20,78,99,1.2222222222222223,0.044382558439335355,662,The catching of the bouquet will be especially brutal today.
4352,2269,3,16,80,99,1.2222222222222223,0.048806737446717936,662,Her first husband was an orthodontist.
4551,2269,5,12,82,99,1.2222222222222223,0.05286193097839597,662,She kept pressuring him and he finally caved in.
4573,2269,2,18,79,99,1.2222222222222223,0.04664712806708402,662,You just never know who you'll find on VikingsOnly.com!
4735,2269,2,18,79,99,1.2222222222222223,0.04664712806708402,662,Now I know why there were no steak knives on their registry.
2488,2269,3,16,80,99,1.2222222222222223,0.048806737446717936,662,"They say they want their wedding to “go viral”, whatever that means!"
3982,2269,4,14,81,99,1.2222222222222223,0.050874754873893785,662,How much longer is this going to friggin take?
2438,2269,2,18,79,99,1.2222222222222223,0.04664712806708402,662,Do you think she is wearing nylons?
4501,2269,2,18,79,99,1.2222222222222223,0.04664712806708402,662,Wait until you see the Ring Bear.
2227,2269,5,12,82,99,1.2222222222222223,0.05286193097839597,662,72nd generation Norwegians.
162,2269,3,16,80,99,1.2222222222222223,0.048806737446717936,662,They are registered at Pillaging and Beyond
196,2269,2,18,79,99,1.2222222222222223,0.04664712806708402,662,"Stick around, there's going to be pillaging after dinner."
465,2269,2,18,79,99,1.2222222222222223,0.04664712806708402,662,They took one of those new DNA ancestry tests.
524,2269,3,16,80,99,1.2222222222222223,0.048806737446717936,662,"I love a formal wedding, don't you?"
2402,2269,3,16,80,99,1.2222222222222223,0.048806737446717936,662,This seal bone bra is really uncomfortable.
781,2269,2,18,79,99,1.2222222222222223,0.04664712806708402,662,"He and I used to date.  Just think, it could have been me."
528,2269,2,18,79,99,1.2222222222222223,0.04664712806708402,662,I love these theme weddings.
1599,2269,3,16,80,99,1.2222222222222223,0.048806737446717936,662,Sooo... is the blood eagle scheduled before or after the cake?
1835,2269,3,16,80,99,1.2222222222222223,0.048806737446717936,662,What's a shotgun?
1905,2269,1,20,78,99,1.2222222222222223,0.044382558439335355,662,I’m so glad they found each other.
1950,2269,2,18,79,99,1.2222222222222223,0.04664712806708402,662,Not yet. Consummation is later
2139,2269,3,16,80,99,1.2222222222222223,0.048806737446717936,662,I can't see him forsaking the pillaging either.
1598,2269,2,18,79,99,1.2222222222222223,0.04664712806708402,662,"Do you promise to maraud, plunder, raid and pillage until you depart to Valhalla?"
2559,2297,4,14,82,100,1.22,0.05041244034376972,662,"To have and to hold, to hunt and to gather, in famine and in successful murder of goat family during fruitful harvest."
3304,2297,5,12,83,100,1.22,0.05237780391954538,662,I heard the mother-in-law is even more barbaric
3212,2297,5,12,83,100,1.22,0.05237780391954538,662,They both just got their MBA's.
2136,2297,4,14,82,100,1.22,0.05041244034376972,662,"You were right, a couple of neanderthals!"
736,2297,2,18,80,100,1.22,0.046231739501923746,662,You may spear the bride.
1670,2297,4,14,82,100,1.22,0.05041244034376972,662,I’ve heard of a shotgun wedding but this is ridiculous.”
1105,2297,4,14,82,100,1.22,0.05041244034376972,662,"Wow, they're really holding fast to their old fashioned view of marriage."
956,2297,4,14,82,100,1.22,0.05041244034376972,662,They’re actually Sunday school teachers living it up.
1850,2297,4,14,82,100,1.22,0.05041244034376972,662,You'll know the wedding has ended when the fat lady sings.
3263,2306,2,17,77,96,1.21875,0.04730250957698441,662,I think they took this role playing thing a bit too far
3262,2306,3,15,78,96,1.21875,0.04956637628367376,662,Let the battle begin.
3143,2306,0,21,75,96,1.21875,0.04241380578364351,662,I hate to think what the honeymoon will be like.
3087,2306,4,13,79,96,1.21875,0.05173126620824946,662,She was a Democrat but converted to Alt-Right when they got engaged.
3059,2306,4,13,79,96,1.21875,0.05173126620824946,662,i hear they met while  he was pillaging her town
2984,2306,4,13,79,96,1.21875,0.05173126620824946,662,I was getting so tired of those DIY barn weddings. The thatched hut idea is so fresh.
2806,2306,4,13,79,96,1.21875,0.05173126620824946,662,"Their pledge of faithfulness holds a bit of a threat, don't you think?"
2706,2306,4,13,79,96,1.21875,0.05173126620824946,662,I think we look more Scandinavian than Norwegian.
2700,2306,3,15,78,96,1.21875,0.04956637628367376,662,They met at a Game of Thrones fan club.
2535,2306,2,17,77,96,1.21875,0.04730250957698441,662,Its part of the  #Me Then movement.
2531,2306,4,13,79,96,1.21875,0.05173126620824946,662,They committed to everything paleo.
2522,2306,1,19,76,96,1.21875,0.044924705526766306,662,"Asgard is my witness, I've never seen a happier couple."
2416,2306,1,19,76,96,1.21875,0.044924705526766306,662,I thought you had Der Ring!
2973,2306,2,17,77,96,1.21875,0.04730250957698441,662,Right? She always makes things difficult.  I spent all that money on a dress I can never wear anywhere else.
3390,2306,4,13,79,96,1.21875,0.05173126620824946,662,"I told her ""do not tie your hair !"""
4168,2306,3,15,78,96,1.21875,0.04956637628367376,662,I heard they met at last year's Pillage Frolic.  It was love at first smite.
4377,2306,3,15,78,96,1.21875,0.04956637628367376,662,I hate being underdressed.
4413,2306,4,13,79,96,1.21875,0.05173126620824946,662,"I'm not catching it, are you?"
4439,2306,3,15,78,96,1.21875,0.04956637628367376,662,Do you think their children will be raised in the Viking tradition?
4444,2306,3,15,78,96,1.21875,0.04956637628367376,662,I think this is called “extreme paleo.”
4465,2306,4,13,79,96,1.21875,0.05173126620824946,662,We’re going to do some pillaging before the reception.
4595,2306,4,13,79,96,1.21875,0.05173126620824946,662,"They are going with the usual ""love, honor, and pillage"" oath."
4622,2306,1,19,76,96,1.21875,0.044924705526766306,662,"they have Viking funerals planned, too."
4641,2306,4,13,79,96,1.21875,0.05173126620824946,662,I’m planning on pillaging the best man tonight.
2413,2306,1,19,76,96,1.21875,0.044924705526766306,662,Apparently he was tossed overboard. Sorry.
4747,2306,3,15,78,96,1.21875,0.04956637628367376,662,She's finally gonna make an honest hun outta him
4757,2306,6,9,81,96,1.21875,0.05580968011677582,662,I didn't  expect such a traditional wedding .
4833,2306,3,15,78,96,1.21875,0.04956637628367376,662,We'll have a choice between rack of wild boar and yak stew at the reception.
4869,2306,3,15,78,96,1.21875,0.04956637628367376,662,I can't wait to pillage the open bar.
4886,2306,0,21,75,96,1.21875,0.04241380578364351,662,I’m undecided about trying to catch her sword.
4130,2306,2,17,77,96,1.21875,0.04730250957698441,662,I think Madison has started taking this 23andMe thing  just a little too far.
4729,2306,3,15,78,96,1.21875,0.04956637628367376,662,Maybe I should put Viking in my Tinder bio too.
2380,2306,2,17,77,96,1.21875,0.04730250957698441,662,"Before I begin, Mr.”The Red,” I
must ask you, are you here on your own free will?"
2241,2306,1,19,76,96,1.21875,0.044924705526766306,662,The couple that raids together...
19,2306,3,15,78,96,1.21875,0.04956637628367376,662,The Paleo diet has some unexpected side effects.
180,2306,3,15,78,96,1.21875,0.04956637628367376,662,I decorated their old fjord with newlywed cans.
309,2306,3,15,78,96,1.21875,0.04956637628367376,662,Let's break tradition and not catch the garter.
375,2306,3,15,78,96,1.21875,0.04956637628367376,662,Their funerals are much more exciting.
429,2306,2,17,77,96,1.21875,0.04730250957698441,662,"They're honeymooning in Vinland, wherever that is."
450,2306,4,13,79,96,1.21875,0.05173126620824946,662,"I guess they want to remind us that the Wedding Gift Registry is for IKEA."""
455,2306,1,19,76,96,1.21875,0.044924705526766306,662,I told you they took Game of Thrones too seriously.
520,2306,3,15,78,96,1.21875,0.04956637628367376,662,A little ironic that the reading is from the Lindisfarne Gospels.
557,2306,3,15,78,96,1.21875,0.04956637628367376,662,He comes from a really old fashioned family.
602,2306,2,17,77,96,1.21875,0.04730250957698441,662,This is the 4th thrones wedding I've been to this year...
727,2306,4,13,79,96,1.21875,0.05173126620824946,662,I hear they are moving to Greenland
858,2306,4,13,79,96,1.21875,0.05173126620824946,662,This all just feels a bit archaic.
964,2306,4,13,79,96,1.21875,0.05173126620824946,662,I guess I'm not surprised Janine is taking Ivan the Terrible's last name.
985,2306,4,13,79,96,1.21875,0.05173126620824946,662,Could have told me it was fancy dress.
1030,2306,4,13,79,96,1.21875,0.05173126620824946,662,They met at some Goth club downtown.
1044,2306,3,15,78,96,1.21875,0.04956637628367376,662,"He’s deaf as a post. She wanted a Village People theme. Instead, she gets Pillage People."
1055,2306,4,13,79,96,1.21875,0.05173126620824946,662,It’ll last until a Vikings game airs opposite ‘Game of Thrones.’
1973,2306,5,11,80,96,1.21875,0.053809127005767406,662,"If they don't serve ale at our reception, I'm gonna go berserk!"
1654,2306,2,17,77,96,1.21875,0.04730250957698441,662,We are gathered here today in the sight of Thor.
1608,2306,5,11,80,96,1.21875,0.053809127005767406,662,"Something better, something worse, something stylish, something Norse."
1514,2306,4,13,79,96,1.21875,0.05173126620824946,662,"Similar ceremonies. Similar vows, really, except for the ""In Death we do pyre"" part."
1429,2306,2,17,77,96,1.21875,0.04730250957698441,662,What’s in your wallet?
1375,2306,3,15,78,96,1.21875,0.04956637628367376,662,She's got it on backward.
2359,2306,4,13,79,96,1.21875,0.05173126620824946,662,"She needs to review that, ""Death do us part"" stuff."
1311,2306,2,17,77,96,1.21875,0.04730250957698441,662,"Forsaking all others, do you promise to burn, pillage and plunder, till death do you part?"
1159,2306,3,15,78,96,1.21875,0.04956637628367376,662,I think `bliss' is out of the question.
1152,2306,0,21,75,96,1.21875,0.04241380578364351,662,These things are so antiquated. Who needs a priest to tell them they're more than just siblings?
1139,2306,2,17,77,96,1.21875,0.04730250957698441,662,She swears he's not horrible.
1127,2306,4,13,79,96,1.21875,0.05173126620824946,662,I was in a Shakespeare themed wedding last summer too.
1110,2306,3,15,78,96,1.21875,0.04956637628367376,662,I heard they’re gonna have dragons at the reception.
1067,2306,3,15,78,96,1.21875,0.04956637628367376,662,"She couldn't wear white, obviously, but the caveman get-up, really?"
1188,2306,2,17,77,96,1.21875,0.04730250957698441,662,I heard they wanted a very traditional wedding
1996,2372,3,16,82,101,1.2178217821782178,0.04793551856202062,662,"She read some online blog about ""the couple that slays together, stays together."""
930,2372,5,12,84,101,1.2178217821782178,0.051902346226063996,662,"The ""until death do you part"" clause usually refers to natural causes."
383,2374,1,19,77,97,1.2164948453608246,0.04451631068052103,662,I'm sure they're gonna rune things.
1057,2374,3,15,79,97,1.2164948453608246,0.049104533204272306,662,The weather’s just perfect. I guess sacrificing Roger to the Norse Gods paid off after all.
1104,2374,4,13,80,97,1.2164948453608246,0.051244822309301524,662,I wouldn’t want to see him in the sack.
1253,2374,2,17,78,97,1.2164948453608246,0.04686660376971086,662,They built their own ship for their honeymoon.
1710,2374,2,17,78,97,1.2164948453608246,0.04686660376971086,662,This is taking 'something old' a little too far.
1960,2374,6,9,82,97,1.2164948453608246,0.055277346880224794,662,I gave them the matching fanny packs. What did you get them?
3026,2374,3,15,79,97,1.2164948453608246,0.049104533204272306,662,You OK with forever hold your piece?
2939,2381,4,13,81,98,1.2142857142857142,0.05076730825668095,662,The first husband. Literally.
4601,2381,3,15,80,98,1.2142857142857142,0.04865106526998212,662,"We heard the reception is a ""pillage and plunder"" theme"
3172,2383,4,12,78,94,1.2127659574468086,0.05211680303793997,662,"Did he say,""For better or Norse?""."
3237,2383,2,16,76,94,1.2127659574468086,0.04752472998434697,662,"Yes, I believe that they've booked a cruise to Scotland for their honeymoon."
3420,2383,4,12,78,94,1.2127659574468086,0.05211680303793997,662,"I’m all for a themed wedding, but those fanny packs are tacky."
3467,2383,5,10,79,94,1.2127659574468086,0.054267317588955866,662,I think they've raised the bar for really old fashioned weddings.
3824,2383,2,16,76,94,1.2127659574468086,0.04752472998434697,662,She  always  liked  to  be  different
3625,2383,4,12,78,94,1.2127659574468086,0.05211680303793997,662,"Yeah, he’s a superficial Democratic Socialist. Really into Nordic Models."
3760,2383,3,14,77,94,1.2127659574468086,0.049873645941421386,662,Spoiler Alert - Game of Thrones.
3108,2383,4,12,78,94,1.2127659574468086,0.05211680303793997,662,They should travel back in time.
3535,2383,0,20,74,94,1.2127659574468086,0.04243864702455471,662,Don’t cry— It’s reassuring to now know there IS a soulmate somewhere for All of Us
3085,2383,3,14,77,94,1.2127659574468086,0.049873645941421386,662,Kinsman to kinswoman will be true.
2956,2383,4,12,78,94,1.2127659574468086,0.05211680303793997,662,"I hear that at the reception, the guests will be pillaging the buffet at the Holiday Inn."
3033,2383,4,12,78,94,1.2127659574468086,0.05211680303793997,662,"Val, do you take Halla..."
3017,2383,3,14,77,94,1.2127659574468086,0.049873645941421386,662,"Given the reality of climate change, her ultimatum was a space capsule or Viking ship.”

Catherine Burgess
Somerville, M"
2965,2383,1,18,75,94,1.2127659574468086,0.04505351662944766,662,If it doesn’t work out I bet she still keeps the sword.
3840,2383,3,14,77,94,1.2127659574468086,0.049873645941421386,662,Last wedding I attended they were Tampa Bay Buccaneer fans.
2914,2383,2,16,76,94,1.2127659574468086,0.04752472998434697,662,"Well, she always did say should would kill for that dress."
2880,2383,2,16,76,94,1.2127659574468086,0.04752472998434697,662,They'll stay together for better or Norse
2871,2383,2,16,76,94,1.2127659574468086,0.04752472998434697,662,The honeymoon should be quite the bang up.
2815,2383,4,12,78,94,1.2127659574468086,0.05211680303793997,662,But isn't she his aunt?
2744,2383,4,12,78,94,1.2127659574468086,0.05211680303793997,662,I told you he's Jewish.
2769,2383,0,20,74,94,1.2127659574468086,0.04243864702455471,662,"...to love, honor and pillage!? Really?"
3034,2383,2,16,76,94,1.2127659574468086,0.04752472998434697,662,"Instead of vows, they're planning on a fight to the death."
3895,2383,3,14,77,94,1.2127659574468086,0.049873645941421386,662,"I thought you said ""rustic?"""
4842,2383,3,14,77,94,1.2127659574468086,0.049873645941421386,662,"Astrid and Lars recently found out, they're both descendants of  Viking royalty."""
3955,2383,5,10,79,94,1.2127659574468086,0.054267317588955866,662,Holly runs the Facebook Punsters Asylum Group. Bud runs NRA's local chapter. It's the Right to Bare Arms theme.
2739,2383,4,12,78,94,1.2127659574468086,0.05211680303793997,662,"And whoever catches it will never be asked, 'when are you getting married?'"
4872,2383,4,12,78,94,1.2127659574468086,0.05211680303793997,662,"Always a bridesmaid, never a kick-ass Norse Warrior Queen."
4610,2383,3,14,77,94,1.2127659574468086,0.049873645941421386,662,My GOT...
4603,2383,2,16,76,94,1.2127659574468086,0.04752472998434697,662,Seriously? He's going to share the whole story of how they met and fell in love? What a saga!
4587,2383,3,14,77,94,1.2127659574468086,0.049873645941421386,662,"They plan to honeymoon in Hastings, after the battle."
4514,2383,4,12,78,94,1.2127659574468086,0.05211680303793997,662,The honeymoon's going to be berserk.
4485,2383,4,12,78,94,1.2127659574468086,0.05211680303793997,662,"Did he just say ""WHEN death do us part"" ?"
4459,2383,2,16,76,94,1.2127659574468086,0.04752472998434697,662,"Tom Potter: ""I was amazed they chose each other. They have nothing in common!"""
4426,2383,2,16,76,94,1.2127659574468086,0.04752472998434697,662,I personally hate this Goth look.
4417,2383,2,16,76,94,1.2127659574468086,0.04752472998434697,662,This wasn't what I imagined when she said they were planning a 'traditional Viking wedding'.
4405,2383,3,14,77,94,1.2127659574468086,0.049873645941421386,662,The best ones are always taken.
4399,2383,4,12,78,94,1.2127659574468086,0.05211680303793997,662,The groomsman on the right helped him discover America.
4357,2383,4,12,78,94,1.2127659574468086,0.05211680303793997,662,She would have done anything for a fur coat...
4348,2383,2,16,76,94,1.2127659574468086,0.04752472998434697,662,"...I must say, though, that fanny-pack looks like it will come in handy"
4344,2383,4,12,78,94,1.2127659574468086,0.05211680303793997,662,They have a gift registry at IKEA
4279,2383,3,14,77,94,1.2127659574468086,0.049873645941421386,662,It took them a long time to find each other.
4237,2383,1,18,75,94,1.2127659574468086,0.04505351662944766,662,"When they said they were going for a vintage theme,I didn't think they meant this."
4134,2383,2,16,76,94,1.2127659574468086,0.04752472998434697,662,I think they've gone overboard with their Paleo diet.
4108,2383,4,12,78,94,1.2127659574468086,0.05211680303793997,662,I heard that the Bachelor party invaded Western Europe...
4018,2383,1,18,75,94,1.2127659574468086,0.04505351662944766,662,Time travel is a new twist to Destination Weddings.
3978,2383,2,16,76,94,1.2127659574468086,0.04752472998434697,662,These modern kids! Give me a good Bacchus wedding any day.
3902,2383,4,12,78,94,1.2127659574468086,0.05211680303793997,662,This is why I don’t watch Game of Thrones.
2695,2383,3,14,77,94,1.2127659574468086,0.049873645941421386,662,I don’t watch Game of Thrones. How does this end?
3809,2383,3,14,77,94,1.2127659574468086,0.049873645941421386,662,I think they carry this ‘Game of Thrones’ thing a little too far.
2676,2383,4,12,78,94,1.2127659574468086,0.05211680303793997,662,"Classic pagans, always looking for a tax break"
1022,2383,3,14,77,94,1.2127659574468086,0.049873645941421386,662,This was the only church they hadn’t pillaged.
982,2383,2,16,76,94,1.2127659574468086,0.04752472998434697,662,I love Las Vegas weddings. Last week Batman and Catwoman married without knowing each other's real names!
925,2383,4,12,78,94,1.2127659574468086,0.05211680303793997,662,That spat is going to be a doozy.
869,2383,2,16,76,94,1.2127659574468086,0.04752472998434697,662,"Her sword isn't even real, Its silicone."
839,2383,2,16,76,94,1.2127659574468086,0.04752472998434697,662,Thor has some weird friends.
783,2383,2,16,76,94,1.2127659574468086,0.04752472998434697,662,I can't wait to try the vegan seal meat alternative at the reception.
780,2383,3,14,77,94,1.2127659574468086,0.049873645941421386,662,"I think Karen's taken the ""Game of Thrones"" theme a little over the top..."
756,2383,4,12,78,94,1.2127659574468086,0.05211680303793997,662,They met on the internet
639,2383,5,10,79,94,1.2127659574468086,0.054267317588955866,662,It'll never last...he's Swedish.
587,2383,3,14,77,94,1.2127659574468086,0.049873645941421386,662,Ordering online from Viking Formals didn't strike me as wise either.
538,2383,4,12,78,94,1.2127659574468086,0.05211680303793997,662,"Dearly Beloved, we are gathered here today, in the sight of Odin..."
492,2383,2,16,76,94,1.2127659574468086,0.04752472998434697,662,I heard he comes from the other side of the tracks.
485,2383,2,16,76,94,1.2127659574468086,0.04752472998434697,662,It would have been nice to get clued into the details of this Norwegian Destination Wedding.
482,2383,2,16,76,94,1.2127659574468086,0.04752472998434697,662,"Don’t give up hope, Darlene. After all, we never thought Laura would find someone that shared her affinity for Viking culture."
467,2383,2,16,76,94,1.2127659574468086,0.04752472998434697,662,"Well, he's no Thor."
449,2383,4,12,78,94,1.2127659574468086,0.05211680303793997,662,That sword goes great with her gown.
373,2383,4,12,78,94,1.2127659574468086,0.05211680303793997,662,So...who wears the pants?
346,2383,3,14,77,94,1.2127659574468086,0.049873645941421386,662,"I'm telling you, Vikings didn't really wear horns!"
336,2383,4,12,78,94,1.2127659574468086,0.05211680303793997,662,I guess she hasn't told him she a Packers fan.
318,2383,4,12,78,94,1.2127659574468086,0.05211680303793997,662,I hate that theme weddings are normal now.
299,2383,5,10,79,94,1.2127659574468086,0.054267317588955866,662,The last time I saw Hagar he raped my sister and stole our horses.
1048,2383,2,16,76,94,1.2127659574468086,0.04752472998434697,662,Do you promise to pilfer together?
1070,2383,4,12,78,94,1.2127659574468086,0.05211680303793997,662,She told me they wrote their own vows. The Old Norse is a bit of a surprise.
132,2383,2,16,76,94,1.2127659574468086,0.04752472998434697,662,Your first Game of Thrones Prequel wedding?
1166,2383,2,16,76,94,1.2127659574468086,0.04752472998434697,662,Do you promise to always pillage and burn together?
1149,2383,3,14,77,94,1.2127659574468086,0.049873645941421386,662,"So by the power invested in me, by Mike Zimmer, I now pronounce you disappointed Vikings fans.  You may now dash your hopes.  Go Vikes."
2601,2383,3,14,77,94,1.2127659574468086,0.049873645941421386,662,This shiksah converted for this schmendrick?
2384,2383,2,16,76,94,1.2127659574468086,0.04752472998434697,662,We should be so lucky. Finding a soul mate with the same sensibilities!
2272,2383,4,12,78,94,1.2127659574468086,0.05211680303793997,662,You may now pillage together!
2211,2383,2,16,76,94,1.2127659574468086,0.04752472998434697,662,"Ok, now I understand the NordicTrack on their registry..."
2206,2383,3,14,77,94,1.2127659574468086,0.049873645941421386,662,They met on VikingMatch.com.
2200,2383,2,16,76,94,1.2127659574468086,0.04752472998434697,662,Buying him a subscription to Ancestry .com  : wasn't the smartest thing she ever did .
2029,2383,2,16,76,94,1.2127659574468086,0.04752472998434697,662,I give it 15 minutes...
1959,2383,3,14,77,94,1.2127659574468086,0.049873645941421386,662,...until death do you part... I'm guessing that's around 10 minutes.
1783,2383,3,14,77,94,1.2127659574468086,0.049873645941421386,662,"I know that this is Viking Cruise Lines, but still, its a bit much."
1776,2383,3,14,77,94,1.2127659574468086,0.049873645941421386,662,Any idea why we’re all wearing red?
1804,2383,3,14,77,94,1.2127659574468086,0.049873645941421386,662,They really believe in being prepared.
1644,2383,2,16,76,94,1.2127659574468086,0.04752472998434697,662,This is my first throwback wedding.
2690,2383,2,16,76,94,1.2127659574468086,0.04752472998434697,662,"You know, her last husband was an ogre."
1191,2383,1,18,75,94,1.2127659574468086,0.04505351662944766,662,This is my first Game of Thrones Red Wedding. What will the reception be like?
1756,2383,3,14,77,94,1.2127659574468086,0.049873645941421386,662,The costumes seem right somehow -- but the photos with the bridesmaids and groomsmen are going to look odd
1323,2383,1,18,75,94,1.2127659574468086,0.04505351662944766,662,Do you Leif  take Geisel  to  be your lawful partner in pillaging and plundering so long as one of you shall live
1327,2383,3,14,77,94,1.2127659574468086,0.049873645941421386,662,Did anyone tie tin cans to the swan from Asgard?
1224,2383,3,14,77,94,1.2127659574468086,0.049873645941421386,662,"I give it two raiding seasons, max."
1398,2383,1,18,75,94,1.2127659574468086,0.04505351662944766,662,Let's hope the bouquet is not a battle axe.
1574,2383,2,16,76,94,1.2127659574468086,0.04752472998434697,662,Kill the wabbit...Kill the wabbit...
1605,2383,5,10,79,94,1.2127659574468086,0.054267317588955866,662,"I think she killed. Something old; those clothes, something new; her third husband, something borrowed; that broad sword, something blue; the color she'll turn when they celebrate their honeymoon in Norway."
1368,2383,2,16,76,94,1.2127659574468086,0.04752472998434697,662,Don’t you find it odd.. accessorizing with fannypacks at a wedding
1561,2481,3,9,59,71,1.2112676056338028,0.05989760866882798,662,I had to get dressed up for this?
2869,2481,4,7,60,71,1.2112676056338028,0.06316753922043811,662,It was a damn long engagement.
3466,2483,2,16,77,95,1.2105263157894737,0.04707511531578504,662,I heard there's a Village Spoils clause in the pre-nup.
4616,2483,1,18,76,95,1.2105263157894737,0.04463297341944604,662,It’s going to be a marauding honeymoon.
4113,2483,4,12,79,95,1.2105263157894737,0.05161390135865942,662,Have you tried their Paleo diet?
3429,2483,2,16,77,95,1.2105263157894737,0.04707511531578504,662,Like I told her: if you’re gonna marry a caveman then forget the beautiful wedding dress.
317,2483,1,18,76,95,1.2105263157894737,0.04463297341944604,662,Spoiler alert: She’s going to say “yes.”
2699,2483,2,16,77,95,1.2105263157894737,0.04707511531578504,662,"I hear an ABBA cover band will be playing at the reception."""
2554,2483,3,14,78,95,1.2105263157894737,0.049396666362498,662,She hasn't even buried her first husband yet!
323,2483,1,18,76,95,1.2105263157894737,0.04463297341944604,662,‘And how are they going to bring up the children?’
3201,2483,4,12,79,95,1.2105263157894737,0.05161390135865942,662,I give you this spear as a symbol of my love...
3690,2492,2,15,74,91,1.2087912087912087,0.048207132238423746,662,Olaf is used to rape and plunder.  Olga's sword says otherwise!
3689,2492,2,15,74,91,1.2087912087912087,0.048207132238423746,662,"I wish they'd hurry up. The parking outside Valhalla is crazy this time of day and boy, do I need a mead."
3678,2492,3,13,75,91,1.2087912087912087,0.05067669921031872,662,...and my last Unitarian wedding took only 29 minutes.
3659,2492,4,11,76,91,1.2087912087912087,0.053031387753417904,662,His dick was bigger.
3655,2492,1,17,73,91,1.2087912087912087,0.045604027831460565,662,Looks like they are well armed for marriage.
3576,2492,2,15,74,91,1.2087912087912087,0.048207132238423746,662,"Always the bridesmaid, never the Brunhilda."
3511,2492,3,13,75,91,1.2087912087912087,0.05067669921031872,662,Leave it to Steve and Barb to turn an elegant ceremony into a barbaric affair...
3501,2492,4,11,76,91,1.2087912087912087,0.053031387753417904,662,These theme weddings are getting so old.
3435,2492,2,15,74,91,1.2087912087912087,0.048207132238423746,662,He left out the part about does anyone object to this union
3238,2492,4,11,76,91,1.2087912087912087,0.053031387753417904,662,They both swear by the paleo diet.
3180,2492,3,13,75,91,1.2087912087912087,0.05067669921031872,662,I hear they're going on a Viking cruise for their honeymoon.
3115,2492,4,11,76,91,1.2087912087912087,0.053031387753417904,662,And you thought the coffee cup on Game if Thrones was an obvious anachronism!
3081,2492,1,17,73,91,1.2087912087912087,0.045604027831460565,662,"Always a bridesmaid, never a brúðr, right?"
3031,2492,4,11,76,91,1.2087912087912087,0.053031387753417904,662,The impaled heads go on the groom’s side.
3050,2492,2,15,74,91,1.2087912087912087,0.048207132238423746,662,"Yeup, apparently they came straight from the Met ball!"
3708,2492,2,15,74,91,1.2087912087912087,0.048207132238423746,662,She met him at a mammoth hunters re-enactment.
3443,2492,3,13,75,91,1.2087912087912087,0.05067669921031872,662,‘Til a floating funeral pyre at sea do we part
3729,2492,1,17,73,91,1.2087912087912087,0.045604027831460565,662,"As cosplay weddings go, this one’s pretty tame. But I hear the batchelor party was murder."
4554,2492,2,15,74,91,1.2087912087912087,0.048207132238423746,662,"""I swear the fur isn't fake!"""
3765,2492,1,17,73,91,1.2087912087912087,0.045604027831460565,662,This explains the dragon themed cake
3000,2492,3,13,75,91,1.2087912087912087,0.05067669921031872,662,The honeymoon will be a North Sea Cruise to the British Isles.
4704,2492,2,15,74,91,1.2087912087912087,0.048207132238423746,662,"To have and to hold, for better or for worse, through plague and disease and invasion of Germanic hordes...till death do you part."
4549,2492,5,9,77,91,1.2087912087912087,0.05528587822630302,662,Star Wars theme is so 2018.
4380,2492,2,15,74,91,1.2087912087912087,0.048207132238423746,662,"To be honest, this is my first cosplay wedding."
4373,2492,4,11,76,91,1.2087912087912087,0.053031387753417904,662,It's my turn to catch the bouquet.
4197,2492,2,15,74,91,1.2087912087912087,0.048207132238423746,662,"Personally, I think this home DNA testing has gone way too far."
4191,2492,3,13,75,91,1.2087912087912087,0.05067669921031872,662,I understand they have signed up for a Pillage and Plunder Excursion at one of the Cruise Ship stops
3732,2492,3,13,75,91,1.2087912087912087,0.05067669921031872,662,"Call me progressive, but do traditional weddings seem a little barbaric?"
4177,2492,3,13,75,91,1.2087912087912087,0.05067669921031872,662,"So you’re telling me, that caves these days are mortgage free?"
4081,2492,2,15,74,91,1.2087912087912087,0.048207132238423746,662,Did you notice her shoes?
4037,2492,3,13,75,91,1.2087912087912087,0.05067669921031872,662,He didn’t have to work too hard to convert to cave man for her.
4033,2492,5,9,77,91,1.2087912087912087,0.05528587822630302,662,They both stabbed right.
4031,2492,2,15,74,91,1.2087912087912087,0.048207132238423746,662,They impaled my groomsman.
3957,2492,0,19,72,91,1.2087912087912087,0.04284305206509435,662,I would have gone with the smaller sword.
3932,2492,2,15,74,91,1.2087912087912087,0.048207132238423746,662,Looks like they are forever going to hold their pieces.
3879,2492,2,15,74,91,1.2087912087912087,0.048207132238423746,662,Paleo diet. It's a lifestyle.
4154,2492,2,15,74,91,1.2087912087912087,0.048207132238423746,662,"When I told Sarah to venture out of her comfort zone, this isn't what I meant."
2981,2492,2,15,74,91,1.2087912087912087,0.048207132238423746,662,I can't wait for the fremented whale blunder feast to start. How about you?
4713,2492,1,17,73,91,1.2087912087912087,0.045604027831460565,662,"Looks like your date didn't survive Thor's bachelor night game ""Slay."""
2924,2492,3,13,75,91,1.2087912087912087,0.05067669921031872,662,"And do you Helga, promise to Pillage and Plunder with Jeff until Valkyries collect your soul?"
1157,2492,3,13,75,91,1.2087912087912087,0.05067669921031872,662,"""Always a Norse maid, never a Norse."""
1106,2492,4,11,76,91,1.2087912087912087,0.053031387753417904,662,Can't imagine how they're going to pull off a vegan blood sacrifice.
1031,2492,1,17,73,91,1.2087912087912087,0.045604027831460565,662,The best man is really hot.
1005,2492,2,15,74,91,1.2087912087912087,0.048207132238423746,662,They've always been behind the times.
920,2492,3,13,75,91,1.2087912087912087,0.05067669921031872,662,"I heard She-Throg insisted on a pre-nup;  if Throg ever leaves her, she gets the whalebone jewelry, cask of grog, and the Volvo XC90 Hybrid SUV."
912,2492,1,17,73,91,1.2087912087912087,0.045604027831460565,662,He never did learn how to tie a bow tie
873,2492,4,11,76,91,1.2087912087912087,0.053031387753417904,662,I don't think he's Jewish (Not the right sort of horns)
1226,2492,3,13,75,91,1.2087912087912087,0.05067669921031872,662,"I think she's actually starting to believe in the ""Game of Thrones?"
791,2492,1,17,73,91,1.2087912087912087,0.045604027831460565,662,Be careful during the first dance
635,2492,2,15,74,91,1.2087912087912087,0.048207132238423746,662,"He's not pagan, but he converted."
561,2492,4,11,76,91,1.2087912087912087,0.053031387753417904,662,In the eyes of Thor I pronounce you man and wife
442,2492,0,19,72,91,1.2087912087912087,0.04284305206509435,662,I hear they’re spending the honeymoon on an ice floe.
428,2492,3,13,75,91,1.2087912087912087,0.05067669921031872,662,At least it’s not a shotgun wedding.
146,2492,2,15,74,91,1.2087912087912087,0.048207132238423746,662,They did say they wanted a vintage wedding theme.
77,2492,1,17,73,91,1.2087912087912087,0.045604027831460565,662,"I, Conan..."
2946,2492,3,13,75,91,1.2087912087912087,0.05067669921031872,662,It’s a shame their parents could not make the wedding.
640,2492,3,13,75,91,1.2087912087912087,0.05067669921031872,662,With this Ring Cycle I thee wed.
1309,2492,1,17,73,91,1.2087912087912087,0.045604027831460565,662,What you get when Feminism marries Religious Freedom.
1173,2492,2,15,74,91,1.2087912087912087,0.048207132238423746,662,"At the end of the ceremony they don't exchange rings, they exchange head-butts."
1491,2492,4,11,76,91,1.2087912087912087,0.053031387753417904,662,Vandal game in 45 minutes.
2913,2492,2,15,74,91,1.2087912087912087,0.048207132238423746,662,"Oh ...  You don't have to tell me. I know hard it must have been to lash twenty wild boars to the barbecue spits, but  finding eighty virgin rowers  for the honey moon barge was a bitch."
2808,2492,2,15,74,91,1.2087912087912087,0.048207132238423746,662,"Well, I always wondered what a Neanderthal marryng up would look like."
2665,2492,3,13,75,91,1.2087912087912087,0.05067669921031872,662,At least we know the funeral will be exciting..
2614,2492,1,17,73,91,1.2087912087912087,0.045604027831460565,662,They could have at least hinted at the theme.
2177,2492,3,13,75,91,1.2087912087912087,0.05067669921031872,662,I hear the honeymoon is on a Viking Longboat.
2170,2492,2,15,74,91,1.2087912087912087,0.048207132238423746,662,She should have married a Lannister if you want my opinion
1400,2492,3,13,75,91,1.2087912087912087,0.05067669921031872,662,I hear they met on a cruise.
1893,2492,2,15,74,91,1.2087912087912087,0.048207132238423746,662,They really got into the paleo diet when they were dating.
2102,2492,3,13,75,91,1.2087912087912087,0.05067669921031872,662,"Aren't they beautiful, matching silver 
sword and spear?"""
1808,2492,2,15,74,91,1.2087912087912087,0.048207132238423746,662,"And do you Mr. Ericksson swear not to run off to discover North America, never to return!"
1799,2492,3,13,75,91,1.2087912087912087,0.05067669921031872,662,I think they've taken this destination wedding theme a bit too far...
1681,2492,4,11,76,91,1.2087912087912087,0.053031387753417904,662,Till death club you apart....
1606,2492,4,11,76,91,1.2087912087912087,0.053031387753417904,662,I prefer her dress to ours.
1586,2492,3,13,75,91,1.2087912087912087,0.05067669921031872,662,She always did go for the barbarians!
1552,2492,1,17,73,91,1.2087912087912087,0.045604027831460565,662,They shouldn't have killed the third groomsman. It's going to ruin the symmetry of the photos after the ceremony.
1532,2492,3,13,75,91,1.2087912087912087,0.05067669921031872,662,The other Valkyries are flying in.
1861,2492,3,13,75,91,1.2087912087912087,0.05067669921031872,662,"Apparently, they're old school - very old school."
3382,2569,4,12,80,96,1.2083333333333333,0.05112048604588235,662,"I love these Viking weddings. The Viking funerals, not so much."
3958,2570,2,15,75,92,1.2065217391304348,0.047734242698569566,662,...Barb says she met him at a Paleo diet retreat...
4893,2570,2,15,75,92,1.2065217391304348,0.047734242698569566,662,This is what happens when you book a wedding at the Valhalla Inn.
4654,2570,2,15,75,92,1.2065217391304348,0.047734242698569566,662,"Oh gods, I bet they are going to go berserk tonight."
3890,2570,1,17,74,92,1.2065217391304348,0.04516266580668786,662,I''m sure the reception will be a bit of a messy affair
895,2570,2,15,75,92,1.2065217391304348,0.047734242698569566,662,"When they said ""Destination Wedding"", they didn't say the destination was 10th century Norway."
3079,2570,1,17,74,92,1.2065217391304348,0.04516266580668786,662,Dagmar finally landed a horny man.
1839,2570,2,15,75,92,1.2065217391304348,0.047734242698569566,662,I still remember when they first met at the mascot tryout in Minnesota!
1122,2570,2,15,75,92,1.2065217391304348,0.047734242698569566,662,This sure beats an Irish wedding.
3445,2570,2,15,75,92,1.2065217391304348,0.047734242698569566,662,Their new house is stone age modern.
1501,2579,4,13,85,102,1.2058823529411764,0.04894189141242656,662,The pastor agreed to do it if they promised to pay him with real money and not animal skins.
461,2580,2,15,76,93,1.2043010752688172,0.04727037156900375,662,I hear he got the ring from a dragon.
3419,2580,2,15,76,93,1.2043010752688172,0.04727037156900375,662,I think we will be noticed more than that coffee cup
3339,2582,2,14,73,89,1.202247191011236,0.04841664403947964,662,"She sings of Olaf, glad and BIG ..."
3175,2582,3,12,74,89,1.202247191011236,0.050985625768042275,662,Never before had a Viking ever married a Flintstone.
3052,2582,0,18,71,89,1.202247191011236,0.042818759793101506,662,They really are  two of a kind!
3039,2582,0,18,71,89,1.202247191011236,0.042818759793101506,662,I never knew there were Viking marriage ceremonies.  I only heard of their burials.
3018,2582,3,12,74,89,1.202247191011236,0.050985625768042275,662,The reception is at his Man Cave!
2694,2582,3,12,74,89,1.202247191011236,0.050985625768042275,662,Winter is coming.
2713,2582,2,14,73,89,1.202247191011236,0.04841664403947964,662,Let's get ready to rumble.
3494,2582,2,14,73,89,1.202247191011236,0.04841664403947964,662,I thought for sure he'd marry Brienne
2607,2582,1,16,72,89,1.202247191011236,0.0457034878880431,662,"Love, honor and cherish?  Give me a break!"
2579,2582,4,10,75,89,1.202247191011236,0.05343123290615736,662,"Well, they did meet at a Vikings game, and that's why they're taking each other for better or Norse."
2348,2582,2,14,73,89,1.202247191011236,0.04841664403947964,662,This is my third mascot wedding this year.
4688,2582,2,14,73,89,1.202247191011236,0.04841664403947964,662,I wonder what’s in their wallet
3578,2582,3,12,74,89,1.202247191011236,0.050985625768042275,662,- “Do you Anvorlaf take Slaugred to be your lawfully wedded barbarian?”
3771,2582,5,8,76,89,1.202247191011236,0.05576969844624596,662,I have to pee.
3703,2582,1,16,72,89,1.202247191011236,0.0457034878880431,662,This is a relief after her first marriage to that Neanderthal.
3756,2582,3,12,74,89,1.202247191011236,0.050985625768042275,662,"I don’t get it. 
He always preferred blondes."
3815,2582,2,14,73,89,1.202247191011236,0.04841664403947964,662,Weddings feel so medieval nowadays.
3830,2582,1,16,72,89,1.202247191011236,0.0457034878880431,662,"Did you hear? He invited his x. 
If I were him, I wouldn't close my eyes tonight."
3956,2582,3,12,74,89,1.202247191011236,0.050985625768042275,662,"He's a Wildling, she's a lawyer."
4256,2582,1,16,72,89,1.202247191011236,0.0457034878880431,662,"He went to Thor."""
4332,2582,2,14,73,89,1.202247191011236,0.04841664403947964,662,"Martha, can you catch a sword?"
4455,2582,1,16,72,89,1.202247191011236,0.0457034878880431,662,I'm not looking forward to the ten thousand year old wooly  mammoth barbecue.
4537,2582,1,16,72,89,1.202247191011236,0.0457034878880431,662,They're heading right to a raid after the ceremony.
4614,2582,3,12,74,89,1.202247191011236,0.050985625768042275,662,They'll be a striking couple!
4629,2582,1,16,72,89,1.202247191011236,0.0457034878880431,662,"And do you, Lars, take this wench as your prize?"
4670,2582,2,14,73,89,1.202247191011236,0.04841664403947964,662,I heard the cake is more paleo than he is!
2316,2582,2,14,73,89,1.202247191011236,0.04841664403947964,662,... and her sword's by Thor's of Fifth Avenue ...
3591,2582,3,12,74,89,1.202247191011236,0.050985625768042275,662,The Rains of Castamere is an interesting song choice.
2313,2582,3,12,74,89,1.202247191011236,0.050985625768042275,662,I hear the ring is genuine runestone.
3011,2582,4,10,75,89,1.202247191011236,0.05343123290615736,662,"With Viking weddings both sides start out armed for battle and give real meaning to the oath ""until death do us part"" ."
2059,2582,2,14,73,89,1.202247191011236,0.04841664403947964,662,You bet I was surprised. I was told it was a shotgun wedding.
2180,2582,1,16,72,89,1.202247191011236,0.0457034878880431,662,"I've heard of a viking funeral, but a viking wedding?"
64,2582,2,14,73,89,1.202247191011236,0.04841664403947964,662,They met on GRRRRRRR-inder.
106,2582,2,14,73,89,1.202247191011236,0.04841664403947964,662,"Well, I still think he's a barbarian."
129,2582,3,12,74,89,1.202247191011236,0.050985625768042275,662,"She claims they met on a jaunt to New England, but I'm skeptical."
167,2582,1,16,72,89,1.202247191011236,0.0457034878880431,662,He already took this wife.
588,2582,2,14,73,89,1.202247191011236,0.04841664403947964,662,She's been waiting forever for him to come around!
634,2582,2,14,73,89,1.202247191011236,0.04841664403947964,662,They're already dressed for their Viking cruise honeymoon!
682,2582,3,12,74,89,1.202247191011236,0.050985625768042275,662,"Oh, that's what she meant by saying he's good at ""swordplay""."
693,2582,3,12,74,89,1.202247191011236,0.050985625768042275,662,"Sure there were women warriors, but Betty just thought the sword accessorizes so nicely with Jim's spear."
820,2582,4,10,75,89,1.202247191011236,0.05343123290615736,662,The honeymoon is a cruise to Vinland
854,2582,3,12,74,89,1.202247191011236,0.050985625768042275,662,There are dating sites for everyone. Even marauders.
903,2582,3,12,74,89,1.202247191011236,0.050985625768042275,662,He has no idea his bride is Brunhilda.
1039,2582,2,14,73,89,1.202247191011236,0.04841664403947964,662,"I feel so out of place, is the bar open yet?"
909,2582,1,16,72,89,1.202247191011236,0.0457034878880431,662,Norse is the new white.
1341,2582,1,16,72,89,1.202247191011236,0.0457034878880431,662,"Wow, what some people will do to save money."
2057,2582,1,16,72,89,1.202247191011236,0.0457034878880431,662,... 'til rape and pillage do us part.
2053,2582,4,10,75,89,1.202247191011236,0.05343123290615736,662,That's a big rock.
2050,2582,3,12,74,89,1.202247191011236,0.050985625768042275,662,I think they are inappropriately dressed for this cartoon.
2017,2582,3,12,74,89,1.202247191011236,0.050985625768042275,662,luckily they are both Paleo so it's not a mixed marriage
1965,2582,2,14,73,89,1.202247191011236,0.04841664403947964,662,"Are they the ones that step on the glass and do the circle dance with the chair? Or are they the ones that do the blood sacrifice ritual? Can't keep it straight, I'm such a dummy! Also have you seen my dog? Freya said he was gonna be in the ceremony."
1138,2582,3,12,74,89,1.202247191011236,0.050985625768042275,662,That's cute. They're matching.
1932,2582,3,12,74,89,1.202247191011236,0.050985625768042275,662,No. I said plunder; it's not a dating app.
1814,2582,2,14,73,89,1.202247191011236,0.04841664403947964,662,"The dinner's going to have brawls, pillaging, and an open bard."
1766,2582,5,8,76,89,1.202247191011236,0.05576969844624596,662,This is the third one of these I went to this month.
1739,2582,2,14,73,89,1.202247191011236,0.04841664403947964,662,Everything's so mundane right after the Met Gala.
1721,2582,2,14,73,89,1.202247191011236,0.04841664403947964,662,"After he carries her out over his shoulder, I'm going to need a drink."
1484,2582,2,14,73,89,1.202247191011236,0.04841664403947964,662,He converted...why do you ask?
1890,2582,2,14,73,89,1.202247191011236,0.04841664403947964,662,The honeymoon is to go out on a boat and light it on fire.
2150,2641,2,14,74,90,1.2,0.04792836935744237,662,"To have and to hold, to pillage and plunder..."
3648,2641,1,16,73,90,1.2,0.045248654113974406,662,"For a year I've heard nothing but 'Thor and Brunhilde, Thor and Brunhilde!' Now I see they're just an ordinary couple!"
2447,2641,2,14,74,90,1.2,0.04792836935744237,662,"Do you take Astrid as your lawfully wed--""
""Alright, let's skip the lawful bit."
1625,2641,4,10,76,90,1.2,0.0528819853025402,662,"I'm not a bit surprised, she's always talking about how 'cutting edge' they are."
1499,2641,2,14,74,90,1.2,0.04792836935744237,662,Kids today just don't want to dress up.
1111,2641,4,11,80,95,1.2,0.0509704259596523,662,We're just waiting on the Lord Of The Rings.
117,2641,1,16,73,90,1.2,0.045248654113974406,662,you may now exchange swords
1596,2641,2,14,74,90,1.2,0.04792836935744237,662,"It's not ""Just a dumb theme wedding"". Didn't you hear they're raiding English monasteries for their honeymoon?"
3784,2649,1,15,70,86,1.197674418604651,0.046254418776187994,662,"They said they wanted an old-fashioned wedding"""
3773,2649,2,13,71,86,1.197674418604651,0.04912299937443237,662,His shoe size is exaggerated.
3710,2649,2,13,71,86,1.197674418604651,0.04912299937443237,662,I hear they met on OKCosplay
3666,2649,2,13,71,86,1.197674418604651,0.04912299937443237,662,I like the matching boots. It's very romantic
3658,2649,0,17,69,86,1.197674418604651,0.04319575725815513,662,"They met on the Set of  ""Vikings"""
3587,2649,3,11,72,86,1.197674418604651,0.051833067425708014,662,Neither of them wear the pants in the relationship.
3569,2649,1,15,70,86,1.197674418604651,0.046254418776187994,662,I drew the line at wearing matching pelts.
3520,2649,3,11,72,86,1.197674418604651,0.051833067425708014,662,She insisted on a Keto wedding.
3512,2649,2,13,71,86,1.197674418604651,0.04912299937443237,662,They both worked at Medieval Times when they met.
3503,2649,1,15,70,86,1.197674418604651,0.046254418776187994,662,"I think the """"fanny packs"" are out of place,  like the Starbucks cup."
3502,2649,2,13,71,86,1.197674418604651,0.04912299937443237,662,It started with the Paleo diet.
3461,2649,1,15,70,86,1.197674418604651,0.046254418776187994,662,The groomsmen seem nice.
3386,2649,4,9,73,86,1.197674418604651,0.05440831452981707,662,The pillaging will keep them richer.
3323,2649,3,11,72,86,1.197674418604651,0.051833067425708014,662,A 14 year engagement and this is the best they could do.
3292,2649,1,15,70,86,1.197674418604651,0.046254418776187994,662,Don't you think the 'cosplay' thing is a bit overdone?
2938,2649,1,15,70,86,1.197674418604651,0.046254418776187994,662,Glad they moved the destination wedding from Greenland to Green Bay & skipped the cheeseheads.
3285,2649,1,15,70,86,1.197674418604651,0.046254418776187994,662,Bob and Linda seem to have taken this whole role-playing thing to the next level.
3248,2649,0,17,69,86,1.197674418604651,0.04319575725815513,662,I think I'll forever hold my peace.
3221,2649,2,13,71,86,1.197674418604651,0.04912299937443237,662,His fascinator is a bit over the top.
3188,2649,2,13,71,86,1.197674418604651,0.04912299937443237,662,I think I lost my Starbucks cup.
3025,2649,4,9,73,86,1.197674418604651,0.05440831452981707,662,"""She's much prettier than the last one he pillaged."""
3014,2649,3,11,72,86,1.197674418604651,0.051833067425708014,662,She always did gravitate to the cave man type.
3009,2649,2,13,71,86,1.197674418604651,0.04912299937443237,662,“And I hear they’re taking a Viking cruise for their Honeymoon. Can you believe that?
2964,2649,2,13,71,86,1.197674418604651,0.04912299937443237,662,They are going to make marriage great again!
2958,2649,3,11,72,86,1.197674418604651,0.051833067425708014,662,Let swords be beaten into plowshares and spears into pruning hooks and no woman be afraid any more.
3334,2649,3,11,72,86,1.197674418604651,0.051833067425708014,662,"Clearly, this match was made in Valhalla."
3821,2649,2,13,71,86,1.197674418604651,0.04912299937443237,662,What happened to the bonfire?
4503,2649,2,13,71,86,1.197674418604651,0.04912299937443237,662,Can you believe they had their wedding on Halloween?
3917,2649,3,11,72,86,1.197674418604651,0.051833067425708014,662,It was love at first battle.
2904,2649,1,15,70,86,1.197674418604651,0.046254418776187994,662,"Again, if anyone here know of any reason why this man and woman should not be joined in holy matrimony ..."
4853,2649,4,9,73,86,1.197674418604651,0.05440831452981707,662,This puts a whole new spin on 'Til death do us part!'
4821,2649,3,11,72,86,1.197674418604651,0.051833067425708014,662,"....from this day forward, to have and to hold, until pillage do you part”."
4770,2649,2,13,71,86,1.197674418604651,0.04912299937443237,662,Till Asgard do us part
4717,2649,2,13,71,86,1.197674418604651,0.04912299937443237,662,At least her dress is no better.
4695,2649,5,7,74,86,1.197674418604651,0.05686705989580447,662,"And to think, they met in a Sushi Bar."
4612,2649,3,11,72,86,1.197674418604651,0.051833067425708014,662,"They thought he said, ‘Dress like a viscount.’"
4588,2649,2,13,71,86,1.197674418604651,0.04912299937443237,662,"She couldn’t wear white, so this was his idea."
4576,2649,0,17,69,86,1.197674418604651,0.04319575725815513,662,"Yeah, I'm pretty sure it'll be a keto dinner."
4507,2649,1,15,70,86,1.197674418604651,0.046254418776187994,662,I heard they employed a wedding planner.
4500,2649,1,15,70,86,1.197674418604651,0.046254418776187994,662,I hear they are going to England for their honeymoon.
4494,2649,3,11,72,86,1.197674418604651,0.051833067425708014,662,Susan..... What do you think about Olaf with the large feet and the small hands ?
3853,2649,1,15,70,86,1.197674418604651,0.046254418776187994,662,"Always a bridesmaid, never a prize of plunder."
4427,2649,1,15,70,86,1.197674418604651,0.046254418776187994,662,Their commitment to a Paleo lifestyle has gone way too far.
4328,2649,4,9,73,86,1.197674418604651,0.05440831452981707,662,I told him he didn't have to wear a murse and he still stood me up.
4310,2649,2,13,71,86,1.197674418604651,0.04912299937443237,662,These themed weddings have gone too far
4250,2649,1,15,70,86,1.197674418604651,0.046254418776187994,662,They must be huge Minnesota fans.
4117,2649,3,11,72,86,1.197674418604651,0.051833067425708014,662,I can't wait for the marital strife!
4104,2649,2,13,71,86,1.197674418604651,0.04912299937443237,662,He just traced his ancestry.  They are going to pillage and sack on their honeymoon.
4090,2649,1,15,70,86,1.197674418604651,0.046254418776187994,662,I will let you catch the bridal sword.
4016,2649,2,13,71,86,1.197674418604651,0.04912299937443237,662,The Renaissance Faire. Where did you meet her?
4002,2649,3,11,72,86,1.197674418604651,0.051833067425708014,662,The only thing in the prenup is who gets the meat in the freezer.
3996,2649,1,15,70,86,1.197674418604651,0.046254418776187994,662,It's been like this ever since Arya started watching that goddamn TV show!
3994,2649,3,11,72,86,1.197674418604651,0.051833067425708014,662,He got his 23andMe results and they showed something like 0.1% Viking
3969,2649,6,5,75,86,1.197674418604651,0.05922381541584874,662,She has never looked more angelic
3929,2649,3,11,72,86,1.197674418604651,0.051833067425708014,662,Do you have the Ring Cycle?
4408,2649,1,15,70,86,1.197674418604651,0.046254418776187994,662,I guess they’re taking a swing at it.
2875,2649,2,13,71,86,1.197674418604651,0.04912299937443237,662,I heard that they meet on a cruise
3107,2649,3,11,72,86,1.197674418604651,0.051833067425708014,662,I hope they don’t poke the chuppah with their swords.
2640,2649,2,13,71,86,1.197674418604651,0.04912299937443237,662,She fell for the hipster-purse.
1317,2649,3,11,72,86,1.197674418604651,0.051833067425708014,662,"Always the bridesmaid, never the bride..."
1293,2649,0,17,69,86,1.197674418604651,0.04319575725815513,662,Five will get you ten he even sleeps in that horn helmet.
1262,2649,2,13,71,86,1.197674418604651,0.04912299937443237,662,And they’re riding a “mastodon” to the reception
1258,2649,3,11,72,86,1.197674418604651,0.051833067425708014,662,You may seal your marriage with a kill.
1250,2649,2,13,71,86,1.197674418604651,0.04912299937443237,662,They plan to honeymoon in Iceland
1196,2649,2,13,71,86,1.197674418604651,0.04912299937443237,662,They are doing a non-traditional  smashing of  the glass.
1112,2649,3,11,72,86,1.197674418604651,0.051833067425708014,662,Erik and Hilda are wearing matching fannie packs...  very chic.
1089,2649,2,13,71,86,1.197674418604651,0.04912299937443237,662,The other groomsman is still outside trying to skewer the boar.
962,2649,3,11,72,86,1.197674418604651,0.051833067425708014,662,I give it three massacres at the most.
954,2649,2,13,71,86,1.197674418604651,0.04912299937443237,662,What happens if you can't read Norse Code?
936,2649,2,13,71,86,1.197674418604651,0.04912299937443237,662,"Whatever you do, don’t snicker. The third groomsman snickered and they offed him."
760,2649,2,13,71,86,1.197674418604651,0.04912299937443237,662,I'm predicting that this is going to be a combative relationship.
751,2649,1,15,70,86,1.197674418604651,0.046254418776187994,662,They didn’t ask for anything. They’re planning to pillage the next town over for their honeymoon.
725,2649,1,15,70,86,1.197674418604651,0.046254418776187994,662,"John, do you take  Daenerys to be your lawfully wedded wife, until Bran Stark reveals she is your Aunt."
596,2649,2,13,71,86,1.197674418604651,0.04912299937443237,662,"Yes, even if you’re haggard and he’s horrible."
582,2649,4,9,73,86,1.197674418604651,0.05440831452981707,662,You may kill the bride!
580,2649,2,13,71,86,1.197674418604651,0.04912299937443237,662,I told you winter was coming!
576,2649,3,11,72,86,1.197674418604651,0.051833067425708014,662,A little too long on the paleo diet
547,2649,1,15,70,86,1.197674418604651,0.046254418776187994,662,Her mother owns a vintage clothing shop.
537,2649,2,13,71,86,1.197674418604651,0.04912299937443237,662,"After the engagement, they agreed to eliminate the club."
497,2649,2,13,71,86,1.197674418604651,0.04912299937443237,662,"I thought their plan to sail to an island for their honeymoon was romantic, but now I have questions."
440,2649,3,11,72,86,1.197674418604651,0.051833067425708014,662,Is it offensive that instead of money I gave them meat?
413,2649,1,15,70,86,1.197674418604651,0.046254418776187994,662,"Always a bridesmaid, never a shield-maiden..."
182,2649,2,13,71,86,1.197674418604651,0.04912299937443237,662,They met last year at VikingCom.
128,2649,2,13,71,86,1.197674418604651,0.04912299937443237,662,They met on “Viking.com”
1328,2649,2,13,71,86,1.197674418604651,0.04912299937443237,662,"Fanny packs are ""in"" again."
68,2649,1,15,70,86,1.197674418604651,0.046254418776187994,662,"Now -- about the ""until death do we part"" --"
1350,2649,2,13,71,86,1.197674418604651,0.04912299937443237,662,"So, how did you end up in this bridesmaid job?"
1366,2649,1,15,70,86,1.197674418604651,0.046254418776187994,662,"Ugh, these bridesmaids dresses are so tacky."
2591,2649,1,15,70,86,1.197674418604651,0.046254418776187994,662,They met on PillageAndPlunder.com.
2590,2649,1,15,70,86,1.197674418604651,0.046254418776187994,662,Their honeymoon cruise sacks and pillages five different seaports.
2374,2649,3,11,72,86,1.197674418604651,0.051833067425708014,662,It totally figures ... Odin would bring a male African American on board before allowing Hella or Perchata to officiate.
2362,2649,4,9,73,86,1.197674418604651,0.05440831452981707,662,There is no doubt that SHE will be sitting on the Iron Throne...
2352,2649,3,11,72,86,1.197674418604651,0.051833067425708014,662,"Under Trump's new visa policies, your guest may not make it to your US destination wedding... thankfully LA has plenty of ""extras"""
2282,2649,2,13,71,86,1.197674418604651,0.04912299937443237,662,She pointed her sword at a certain place and here we are.
2643,2649,3,11,72,86,1.197674418604651,0.051833067425708014,662,"And now, you may cut off his head."
2224,2649,3,11,72,86,1.197674418604651,0.051833067425708014,662,"I think paleo bridesmaids' outfits would have been appropriate, too."
2217,2649,1,15,70,86,1.197674418604651,0.046254418776187994,662,"And Helga, do you take Olaf until Valhallah do you part?"
2138,2649,2,13,71,86,1.197674418604651,0.04912299937443237,662,I paid $600 for this dress.
2086,2649,3,11,72,86,1.197674418604651,0.051833067425708014,662,Their luggage didn’t make it.
2076,2649,2,13,71,86,1.197674418604651,0.04912299937443237,662,"If that’s the bouquet, forget about it..."
2073,2649,2,13,71,86,1.197674418604651,0.04912299937443237,662,"Do you take this barbarian to be your lawful wedded wife? Is so, answer with a grunt."
1975,2649,0,17,69,86,1.197674418604651,0.04319575725815513,662,She’s adapted well to his lifestyle.
1896,2649,3,11,72,86,1.197674418604651,0.051833067425708014,662,"To love and to cherish, ‘till Season 8 do us part."
1884,2649,1,15,70,86,1.197674418604651,0.046254418776187994,662,Now that it has been confirmed that the dowry has been paid and the balance of power has been restored we may proceed
1874,2649,1,15,70,86,1.197674418604651,0.046254418776187994,662,I still refuse to watch Game of Thrones.
1873,2649,1,15,70,86,1.197674418604651,0.046254418776187994,662,Maybe they're just not the prenup type.
1869,2649,3,11,72,86,1.197674418604651,0.051833067425708014,662,Best Masquerade ball ever!
1770,2649,2,13,71,86,1.197674418604651,0.04912299937443237,662,"You know, when they said they were dressing up for the wedding, this wasn't quite what I was expecting."
1626,2649,4,9,73,86,1.197674418604651,0.05440831452981707,662,The guy with the sword is Putin...the other one with the horns...maybe Trump?
1495,2649,3,11,72,86,1.197674418604651,0.051833067425708014,662,Kaleesi Goldstein has a nice ring to it.
1450,2649,2,13,71,86,1.197674418604651,0.04912299937443237,662,I see what you mean about sitting out the bouquet toss
1424,2649,1,15,70,86,1.197674418604651,0.046254418776187994,662,I only give them a season or two.
1423,2649,5,7,74,86,1.197674418604651,0.05686705989580447,662,"Well, if that's the result, I'm not going on a paleo diet!"
1356,2649,1,15,70,86,1.197674418604651,0.046254418776187994,662,They met on OKFreyja.
12,2649,2,13,71,86,1.197674418604651,0.04912299937443237,662,It's nice to find a man who can love and respect a very traditional girl.
501,2764,4,6,61,71,1.1971830985915493,0.06221827712169158,662,"Are you sticking around for the sacrifice?
I wouldn't recommend it."""
872,2765,3,12,77,92,1.1956521739130435,0.0494574733583754,662,He pillaged the ring from his grandmother.
3448,2766,1,15,71,87,1.1954022988505748,0.04577609132754833,662,"Settle down,I'm told the outfits are rentals."
3441,2766,2,13,72,87,1.1954022988505748,0.04860821683203345,662,I hope the reception does not involve raping or pillaging...
3428,2766,5,7,75,87,1.1954022988505748,0.056255518508638656,662,Mrs. Sheena foul-fart the Unwashed... can you imagine? That’s why he’s taking her name.
3414,2766,3,11,73,87,1.1954022988505748,0.051284178358943375,662,Seems like a caveman theme would have been more appropriate.
3408,2766,3,11,73,87,1.1954022988505748,0.051284178358943375,662,I joined this church because of it’s welcoming congregation but I never thought I would be asked to help Fred and Wilma renew their vows. Awesome!
3343,2766,1,15,71,87,1.1954022988505748,0.04577609132754833,662,Scandinavian chic meets Jersey Shore...
3253,2766,2,13,72,87,1.1954022988505748,0.04860821683203345,662,"They're taking a break from the football game, he likes Minnesota."
3242,2766,0,17,70,87,1.1954022988505748,0.04275678110973872,662,She had to sign a prenup saying she understands his hoard and ship get buried with him if he goes first.
3205,2766,1,15,71,87,1.1954022988505748,0.04577609132754833,662,The Game may be over but they're not.
3122,2766,1,15,71,87,1.1954022988505748,0.04577609132754833,662,"Wow, this could be either the beginning of the series or the final season."
3093,2766,2,13,72,87,1.1954022988505748,0.04860821683203345,662,"Couples that pillage together, stay together."
3032,2766,2,13,72,87,1.1954022988505748,0.04860821683203345,662,It's just the way they appeared on the Jumbotron when he proposed at the game.
3020,2766,2,13,72,87,1.1954022988505748,0.04860821683203345,662,I object!  He hasn't attacked or pillaged in years.
2948,2766,2,13,72,87,1.1954022988505748,0.04860821683203345,662,After this we are auditioning for an opera.
2932,2766,3,11,73,87,1.1954022988505748,0.051284178358943375,662,And yet we still had to buy this boring dress
2912,2766,3,11,73,87,1.1954022988505748,0.051284178358943375,662,"It's they're way of telling ""23 and Me"" to go to hell!"
2865,2766,0,17,70,87,1.1954022988505748,0.04275678110973872,662,This marriage could be a Battle of the Sexes!
2858,2766,3,11,73,87,1.1954022988505748,0.051284178358943375,662,"If any of you has a reason why these two should not be married, you should probably keep it to yourself."
2745,2766,2,13,72,87,1.1954022988505748,0.04860821683203345,662,I bet they won't last more than three seasons.
2669,2766,3,11,73,87,1.1954022988505748,0.051284178358943375,662,Am I the only one who heard her say “a HORSE and CARRIAGE” ?
2628,2766,2,13,72,87,1.1954022988505748,0.04860821683203345,662,"Nonetheless, I still find it hard to believe they met on a Viking Cruise."
2577,2766,0,17,70,87,1.1954022988505748,0.04275678110973872,662,"I was really hoping they'd have chosen Stonehenge as their wedding location, but it was already booked."
2556,2766,1,15,71,87,1.1954022988505748,0.04577609132754833,662,At least they can cosplay together
2519,2766,1,15,71,87,1.1954022988505748,0.04577609132754833,662,"It would have been nice if they'd told us
they'd switched the dress code from ""Formal"" to ""Battle."""
2389,2766,4,9,74,87,1.1954022988505748,0.05382727149237504,662,"Why I remember little Karin when she 
was still hacking off her pet's tails..."
4874,2766,3,11,73,87,1.1954022988505748,0.051284178358943375,662,They joined our congregation last week so they could be married.
3460,2766,3,11,73,87,1.1954022988505748,0.051284178358943375,662,Do you Thor take this wench to be your lawfully wedded wife til death do you part or til movie rights are sold to Disney?
3527,2766,1,15,71,87,1.1954022988505748,0.04577609132754833,662,For their honeymoon they're pillaging the nearest hamlet.
3609,2766,2,13,72,87,1.1954022988505748,0.04860821683203345,662,"For their honeymoon, they'll be rowing to Europe."
4868,2766,1,15,71,87,1.1954022988505748,0.04577609132754833,662,"I understand you'll both read your own vows, etched into the skulls of your vanquished enemies."
4790,2766,1,15,71,87,1.1954022988505748,0.04577609132754833,662,They met when they were sacking Paris.
4787,2766,1,15,71,87,1.1954022988505748,0.04577609132754833,662,I thought reverse genetic engineering of birds to get dinosaurs was a  really crazy idea until I met them.
4732,2766,3,11,73,87,1.1954022988505748,0.051284178358943375,662,"Like I told her, if it feels like a destination wedding, then it is a destination wedding."
4685,2766,2,13,72,87,1.1954022988505748,0.04860821683203345,662,They're planning to sack Dublin for their honeymoon.
4643,2766,0,17,70,87,1.1954022988505748,0.04275678110973872,662,Our destination wedding was in second century Rome.
4602,2766,2,13,72,87,1.1954022988505748,0.04860821683203345,662,For their honeymoon they're taking a pillage and plunder cruise.
4555,2766,1,15,71,87,1.1954022988505748,0.04577609132754833,662,Did your family make it?
4547,2766,2,13,72,87,1.1954022988505748,0.04860821683203345,662,They wouldn't listen to my clothing designer...
4539,2766,2,13,72,87,1.1954022988505748,0.04860821683203345,662,His first wife wasn't into pillaging.
4536,2766,2,13,72,87,1.1954022988505748,0.04860821683203345,662,"Now exchange the weapons and repeat after me, Rudolf, with this spear..."
4526,2766,3,11,73,87,1.1954022988505748,0.051284178358943375,662,"They’re dressed for their honeymoon, a Viking cruise."
2340,2766,4,9,74,87,1.1954022988505748,0.05382727149237504,662,"They're both Jewish, but not Orthodox."
4511,2766,2,13,72,87,1.1954022988505748,0.04860821683203345,662,We really should have gone with the maiden battle axes.
4440,2766,4,9,74,87,1.1954022988505748,0.05382727149237504,662,Told you we could get Harry and Meghan’s bishop to marry us!!!!
4424,2766,4,9,74,87,1.1954022988505748,0.05382727149237504,662,I pronounce you husband and wife. You may now kill the bride.
4283,2766,2,13,72,87,1.1954022988505748,0.04860821683203345,662,Together they'll conquer the world.
4260,2766,3,11,73,87,1.1954022988505748,0.051284178358943375,662,Is she ‘battle axe’ or ‘ball and chain’?
4135,2766,4,9,74,87,1.1954022988505748,0.05382727149237504,662,I believe they met in Minnesota
4078,2766,0,17,70,87,1.1954022988505748,0.04275678110973872,662,"If he fools around on her, she'll bring him up to date in a big hurry."
3989,2766,1,15,71,87,1.1954022988505748,0.04577609132754833,662,"I think the bride is on the wrong side, but who could tell?"
3860,2766,3,11,73,87,1.1954022988505748,0.051284178358943375,662,They're gonna slay the reception entrance.
3808,2766,3,11,73,87,1.1954022988505748,0.051284178358943375,662,Till death do us part? I'd like to see you or anyone try. Now can we eat the boars's head.
3744,2766,4,9,74,87,1.1954022988505748,0.05382727149237504,662,"When's the honeymoon?""
""1066 AD."
3717,2766,2,13,72,87,1.1954022988505748,0.04860821683203345,662,I didn't have the heart to tell him that Vikings didn't really have horns in their helmets.
3641,2766,2,13,72,87,1.1954022988505748,0.04860821683203345,662,Me and Jenny are besties we met on the warpath killing the romans and we have been close ever since.
4461,2766,1,15,71,87,1.1954022988505748,0.04577609132754833,662,"The dress is a little plain, don’t you think?"
2288,2766,2,13,72,87,1.1954022988505748,0.04860821683203345,662,I won't be binge watching this.
3451,2766,3,11,73,87,1.1954022988505748,0.051284178358943375,662,"Do you Erik and you Brunhilda promise to have and to hold, to pillage and plunder, until death do you part?"
2238,2766,3,11,73,87,1.1954022988505748,0.051284178358943375,662,"Even with the weapons, the wedding's safer than the funeral."
722,2766,3,11,73,87,1.1954022988505748,0.051284178358943375,662,The honeymoon may be a short one!”
704,2766,1,15,71,87,1.1954022988505748,0.04577609132754833,662,They met on 23andMe.
649,2766,3,11,73,87,1.1954022988505748,0.051284178358943375,662,It took a couple centuries to find the dress!
613,2766,3,11,73,87,1.1954022988505748,0.051284178358943375,662,"I just love the traditional Carolingian weaponry."""
608,2766,1,15,71,87,1.1954022988505748,0.04577609132754833,662,You should see where the reception is.
584,2766,2,13,72,87,1.1954022988505748,0.04860821683203345,662,I just don't get it.  She's as crazy about Game of Thrones as he is about Vikings.
562,2766,3,11,73,87,1.1954022988505748,0.051284178358943375,662,This takes conversion to a whole new level.
545,2766,3,11,73,87,1.1954022988505748,0.051284178358943375,662,I hate to see what kind of weapons they get for the divorce
518,2766,2,13,72,87,1.1954022988505748,0.04860821683203345,662,"Turns out ""rapine"" doesn't mean what I thought it did."
513,2766,2,13,72,87,1.1954022988505748,0.04860821683203345,662,They're taking a river cruise.
473,2766,3,11,73,87,1.1954022988505748,0.051284178358943375,662,My vegan husband was much more excited about the Gatherer's nuptials.
458,2766,0,17,70,87,1.1954022988505748,0.04275678110973872,662,"I don’t see this ending in divorce, do you?"
803,2766,3,11,73,87,1.1954022988505748,0.051284178358943375,662,"Okay. This is not forever, right?"
456,2766,1,15,71,87,1.1954022988505748,0.04577609132754833,662,Will  he break the glass or eat it?
407,2766,2,13,72,87,1.1954022988505748,0.04860821683203345,662,This Game of Thrones business has definitely gotten out of hand.
401,2766,2,13,72,87,1.1954022988505748,0.04860821683203345,662,"Personally, I like the Bears!"
387,2766,2,13,72,87,1.1954022988505748,0.04860821683203345,662,"""He proposed the day he saw her goring her ox."""
350,2766,5,7,75,87,1.1954022988505748,0.056255518508638656,662,Their honeymoon is in Greenland!
287,2766,2,13,72,87,1.1954022988505748,0.04860821683203345,662,I hope Wotan there didn't forget the ring.
203,2766,2,13,72,87,1.1954022988505748,0.04860821683203345,662,I now pronounce you Viking and Ex-Gatherer.
144,2766,3,11,73,87,1.1954022988505748,0.051284178358943375,662,Why? Because it's a viking tradition to die with you sword.
137,2766,1,15,71,87,1.1954022988505748,0.04577609132754833,662,"What's the expression; 'Forewarned is.....?"""
125,2766,4,9,74,87,1.1954022988505748,0.05382727149237504,662,"Between you and me, Hagar looks horrible."
108,2766,2,13,72,87,1.1954022988505748,0.04860821683203345,662,They met on a river cruise.
30,2766,1,15,71,87,1.1954022988505748,0.04577609132754833,662,I thought this was supposed to be a funeral.
2265,2766,3,11,73,87,1.1954022988505748,0.051284178358943375,662,It took them awhile to evolve their relationship.
421,2766,2,13,72,87,1.1954022988505748,0.04860821683203345,662,I think I'll be passing on the bouquet toss.
809,2766,1,15,71,87,1.1954022988505748,0.04577609132754833,662,The groom looks kinda horney.
601,2766,2,13,72,87,1.1954022988505748,0.04860821683203345,662,Damned Renaissance Fair!
898,2766,4,9,74,87,1.1954022988505748,0.05382727149237504,662,Hey it's an incongruous situation viewed by people in middle aged attire -- I think we must be in a New Yorker cartoon!
2229,2766,1,15,71,87,1.1954022988505748,0.04577609132754833,662,I think her dress is stunning
2207,2766,2,13,72,87,1.1954022988505748,0.04860821683203345,662,I now pronounce you Oly and Lena.
2168,2766,3,11,73,87,1.1954022988505748,0.051284178358943375,662,I hear they're honeymooning along the east coast. The plundering and pillaging is supposed to be really nice this time of year.
2140,2766,3,11,73,87,1.1954022988505748,0.051284178358943375,662,Hard to believe they were scouts together!
2101,2766,2,13,72,87,1.1954022988505748,0.04860821683203345,662,I heard they met on barbarians.com.
2068,2766,2,13,72,87,1.1954022988505748,0.04860821683203345,662,Let's hope it's smooth sailing from here.
849,2766,2,13,72,87,1.1954022988505748,0.04860821683203345,662,Interesting concept -- destination couple.
1914,2766,1,15,71,87,1.1954022988505748,0.04577609132754833,662,Their parents are really pissed.
1877,2766,1,15,71,87,1.1954022988505748,0.04577609132754833,662,Do you think he will wear the horns ALL night???
1760,2766,2,13,72,87,1.1954022988505748,0.04860821683203345,662,At least they didn’t ask the rest of the wedding party to go cosplay.
1744,2766,4,9,74,87,1.1954022988505748,0.05382727149237504,662,Couples that pillage and plunder together stay together.
1618,2766,2,13,72,87,1.1954022988505748,0.04860821683203345,662,The Ericksens have always been a bit different!
1601,2766,2,13,72,87,1.1954022988505748,0.04860821683203345,662,"They were just dating for so long, I’ve almost given up"
1929,2766,0,17,70,87,1.1954022988505748,0.04275678110973872,662,They were just so meant for each other!
1407,2766,2,13,72,87,1.1954022988505748,0.04860821683203345,662,I heard they will be honeymooning in Scandinavia.
1389,2766,2,13,72,87,1.1954022988505748,0.04860821683203345,662,Her family was very insistent they honor their Nordic heritage
1325,2766,4,9,74,87,1.1954022988505748,0.05382727149237504,662,I think they will have some deadly arguments.
1287,2766,3,11,73,87,1.1954022988505748,0.051284178358943375,662,These theme weddings are getting out of control....
1249,2766,4,9,74,87,1.1954022988505748,0.05382727149237504,662,"Now repeat after me: With this sword, I thee wed."
1216,2766,1,15,71,87,1.1954022988505748,0.04577609132754833,662,"He's Star Wars, she's Star Trek so they compromised on a Game of Thrones wedding."
1120,2766,2,13,72,87,1.1954022988505748,0.04860821683203345,662,I wonder if the third groomsman will taste like chicken?
980,2766,2,13,72,87,1.1954022988505748,0.04860821683203345,662,They're honeymooning on Norwegian Cruise Lines.
1100,2766,3,11,73,87,1.1954022988505748,0.051284178358943375,662,And to love and cherish till death in battle do us part.
1037,2766,2,13,72,87,1.1954022988505748,0.04860821683203345,662,I suppose the wedding cake will be some sort of mud pie.
1003,2766,0,17,70,87,1.1954022988505748,0.04275678110973872,662,I guess nobody will crash this wedding
996,2766,3,11,73,87,1.1954022988505748,0.051284178358943375,662,I knew this couple was living in the past.
1428,2766,3,11,73,87,1.1954022988505748,0.051284178358943375,662,It's not what you think.  They met at a Lord of the Rings party.
1862,2882,3,12,78,93,1.1935483870967742,0.04896799509143365,662,Did you notice that the gift registry had nothing listed except herring?
2874,2883,3,11,74,88,1.1931818181818181,0.05074665738242957,662,"Eric you take Erica or you took Erica to be your lawful wife."""
4239,2883,2,13,73,88,1.1931818181818181,0.04810395218312092,662,At least he’s not as horrible as that Hagar.
4008,2883,1,15,72,88,1.1931818181818181,0.045307363593374915,662,She always wanted an old-fashioned wedding.
3977,2883,2,13,73,88,1.1931818181818181,0.04810395218312092,662,"...to loot, plunder, and pillage
For as long as you both shall live?"
3940,2883,2,13,73,88,1.1931818181818181,0.04810395218312092,662,"Well, how do you define domestic bliss?"
3875,2883,2,13,73,88,1.1931818181818181,0.04810395218312092,662,Guess he never got the memo: Vikings don't wear horned helmets.
3846,2883,2,13,73,88,1.1931818181818181,0.04810395218312092,662,I hope his sword is bigger than hers.
3759,2883,2,13,73,88,1.1931818181818181,0.04810395218312092,662,"Now that the fat lady has sung, you may kiss the bride."
3458,2883,2,13,73,88,1.1931818181818181,0.04810395218312092,662,"They seem ready for "" until death do us part"" !"
3452,2883,2,13,73,88,1.1931818181818181,0.04810395218312092,662,They’re honeymooning in Vinland!
3299,2883,2,13,73,88,1.1931818181818181,0.04810395218312092,662,She's got the sword. And much lighter on her feet.
3091,2883,2,13,73,88,1.1931818181818181,0.04810395218312092,662,She chose broad sword & sphere over bouquet & botanere
4633,2883,1,15,72,88,1.1931818181818181,0.045307363593374915,662,They marry dressed for divorce.
2860,2883,3,11,74,88,1.1931818181818181,0.05074665738242957,662,"...in sickness and in health, in good pillages and bad..."
4251,2883,3,11,74,88,1.1931818181818181,0.05074665738242957,662,He went all Viking at the Super Bowl party and she was done for.
2710,2883,1,15,72,88,1.1931818181818181,0.045307363593374915,662,"Do you promise to protect, kill and savage in the name of love?"
2825,2883,1,15,72,88,1.1931818181818181,0.045307363593374915,662,Did you remember to tie cans to the tail of the gokstat?
206,2883,2,13,73,88,1.1931818181818181,0.04810395218312092,662,I hear they're invading Saxon Britain for their honeymoon.
331,2883,2,13,73,88,1.1931818181818181,0.04810395218312092,662,They're going on a working honeymoon cruise.
861,2883,1,15,72,88,1.1931818181818181,0.045307363593374915,662,"After all that pillaging we wanted to raise our children in a peaceful faith,  under the chuppah."
874,2883,2,13,73,88,1.1931818181818181,0.04810395218312092,662,Do you think that sword would make my butt look fat?
1223,2883,2,13,73,88,1.1931818181818181,0.04810395218312092,662,"Mark my words, as soon as they say their I dos, they'll have a fight."
617,2883,1,15,72,88,1.1931818181818181,0.045307363593374915,662,"So this is making America great again, eh?"
1640,2883,1,15,72,88,1.1931818181818181,0.045307363593374915,662,I told her he was horny.
1726,2883,3,11,74,88,1.1931818181818181,0.05074665738242957,662,Who will win?
1942,2883,2,13,73,88,1.1931818181818181,0.04810395218312092,662,I can't wait to see what they'll serve at the reception.
2104,2883,2,13,73,88,1.1931818181818181,0.04810395218312092,662,I hope I'm the one who catches her leg wrap.
2307,2883,3,11,74,88,1.1931818181818181,0.05074665738242957,662,This marriage is made in Helgafjell.
1247,2883,3,11,74,88,1.1931818181818181,0.05074665738242957,662,They've been dressing like this ever since they got their 23andMe Neanderthal variants reports.
795,2912,4,12,88,104,1.1923076923076923,0.047485155647778804,662,"Do you - Tristan take Isolde.......er, where is the ring.??"
828,2912,3,14,87,104,1.1923076923076923,0.045476735915275075,662,Do you take this ... to be your wife.
2376,2914,3,8,62,73,1.1917808219178083,0.05739637027386547,662,Still feel like objecting? Pfft! Didn't think so.
3552,2914,2,10,61,73,1.1917808219178083,0.05397986492025978,662,Think it will last?
4490,2916,3,11,75,89,1.1910112359550562,0.0502201600716848,662,Do you think these flowers are our dinner?
4771,2916,2,13,74,89,1.1910112359550562,0.047609892487932244,662,We got off easy.
4471,2916,3,11,75,89,1.1910112359550562,0.0502201600716848,662,I don't care how popular that show is -- it's never a good idea to enter a marriage with weapons in hand.
3643,2916,2,13,74,89,1.1910112359550562,0.047609892487932244,662,"The matching purses are a Viking Thing"""
1971,2916,3,11,75,89,1.1910112359550562,0.0502201600716848,662,Their honeymoon is an Nordic cruise.
1294,2916,2,13,74,89,1.1910112359550562,0.047609892487932244,662,They’re hyphenating for gender equality—Mr. and Mrs. Fire-In-The-Eye-Norman-Slayer.
1116,2916,3,11,75,89,1.1910112359550562,0.0502201600716848,662,She still looks better than these stupid bridesmaid dresses.
298,2916,1,15,73,89,1.1910112359550562,0.04484795700808779,662,I'll give them one pillage and one sack. Maybe two at most.
3149,2924,4,8,72,84,1.1904761904761905,0.05481987004287437,662,They were sure right when they said they were going to have an exotic wedding.
3190,2924,0,16,68,84,1.1904761904761905,0.04310187027192874,662,Do you know where they’re going on their raiding and pillaging?
3198,2924,3,10,71,84,1.1904761904761905,0.052137859745800555,662,Should we have considered shorter vows?
3258,2924,1,14,69,84,1.1904761904761905,0.04631018196447773,662,I hear they met pillaging villages.
3329,2924,2,12,70,84,1.1904761904761905,0.049310188462709244,662,Who wears the pants in that relationship?
3608,2924,1,14,69,84,1.1904761904761905,0.04631018196447773,662,"Oh, no, it's a Minnasota thing!"
3365,2924,1,14,69,84,1.1904761904761905,0.04631018196447773,662,He's seem to have taken a viking to you
3389,2924,0,16,68,84,1.1904761904761905,0.04310187027192874,662,She agreed to for better or Norse.
3138,2924,2,12,70,84,1.1904761904761905,0.049310188462709244,662,I didn't know destination wedding meant TIME travel
3401,2924,4,8,72,84,1.1904761904761905,0.05481987004287437,662,She's marrying him because he's the horniest man she ever met
3486,2924,2,12,70,84,1.1904761904761905,0.049310188462709244,662,I hear they booked the honeymoon pillage cruise to Greenland.
3500,2924,0,16,68,84,1.1904761904761905,0.04310187027192874,662,I sure hope the best man pillaged a couple of good looking rings.
3554,2924,2,12,70,84,1.1904761904761905,0.049310188462709244,662,I am not sure this will be a peaceful marriage.
3597,2924,2,12,70,84,1.1904761904761905,0.049310188462709244,662,Looks like the groomsmen didn't receive the rune mail.
3380,2924,2,12,70,84,1.1904761904761905,0.049310188462709244,662,"It's about time they got married, their daughter is 27,214 years old."
3127,2924,4,8,72,84,1.1904761904761905,0.05481987004287437,662,Now you may pierce each other
2877,2924,3,10,71,84,1.1904761904761905,0.052137859745800555,662,I'm just saying...rustic is misleading in my opinion.
3073,2924,0,16,68,84,1.1904761904761905,0.04310187027192874,662,May all your boats be long .......
2757,2924,2,12,70,84,1.1904761904761905,0.049310188462709244,662,Is this camp?
2810,2924,2,12,70,84,1.1904761904761905,0.049310188462709244,662,"Did he just say, 'You may kick the bride'?"
2843,2924,2,12,70,84,1.1904761904761905,0.049310188462709244,662,I understand his first marriage had a 'Star Wars' theme
2850,2924,2,12,70,84,1.1904761904761905,0.049310188462709244,662,They met on an Internet dating site for fans of Brunhilda.
2853,2924,3,10,71,84,1.1904761904761905,0.052137859745800555,662,They met at a Game of Thrones event but they actually dressed that way since their ancestry.com meeting.
3675,2924,1,14,69,84,1.1904761904761905,0.04631018196447773,662,You may kiss the wench.
2893,2924,0,16,68,84,1.1904761904761905,0.04310187027192874,662,"She's his aunt, you know."
2920,2924,2,12,70,84,1.1904761904761905,0.049310188462709244,662,"Thought Vikings never really wore horned helmets. Fashion statement, or he is trying to tell her something?"
2955,2924,1,14,69,84,1.1904761904761905,0.04631018196447773,662,I just love any wedding that evokes death and destruction.
2993,2924,3,10,71,84,1.1904761904761905,0.052137859745800555,662,To be honest I think they’re taking Paleo a bit too far.
3044,2924,3,10,71,84,1.1904761904761905,0.052137859745800555,662,And do you  Gunnhild  take this horny Viking Erik as your lawfully wedded  husbondi ?
3056,2924,2,12,70,84,1.1904761904761905,0.049310188462709244,662,What do you mean this ends like a Viking funeral?
3057,2924,1,14,69,84,1.1904761904761905,0.04631018196447773,662,Till death do us part
3067,2924,1,14,69,84,1.1904761904761905,0.04631018196447773,662,They refused the convection oven I gave them.  They're gonna reinvent fire.
3069,2924,3,10,71,84,1.1904761904761905,0.052137859745800555,662,I hate these Game of Thrones theme weddings.
3074,2924,3,10,71,84,1.1904761904761905,0.052137859745800555,662,A redacted version of your wedding vows will be available on request.
3698,2924,4,8,72,84,1.1904761904761905,0.05481987004287437,662,I heard they're grunting their own vows.
4077,2924,3,10,71,84,1.1904761904761905,0.052137859745800555,662,"Will you love,honor,and pillage as long as you both shall live?"
3799,2924,0,16,68,84,1.1904761904761905,0.04310187027192874,662,"This is nothing, wait to the reception."
4542,2924,3,10,71,84,1.1904761904761905,0.052137859745800555,662,They look so norseous.
4568,2924,1,14,69,84,1.1904761904761905,0.04631018196447773,662,Almost beats getting dragged off by a caveman.
4596,2924,1,14,69,84,1.1904761904761905,0.04631018196447773,662,I now pronounce you..........whatever!
4617,2924,1,14,69,84,1.1904761904761905,0.04631018196447773,662,"When he got to the part when he should have said 'I do,' he said 'Hruuumpf.'"
4628,2924,2,12,70,84,1.1904761904761905,0.049310188462709244,662,We are gathered here today against our will...
4663,2924,3,10,71,84,1.1904761904761905,0.052137859745800555,662,I hope you like mead and fist fights.
4677,2924,3,10,71,84,1.1904761904761905,0.052137859745800555,662,I hope she learns to control her temper FAST.
4702,2924,4,8,72,84,1.1904761904761905,0.05481987004287437,662,I bet they subscribe to HBO
4708,2924,4,8,72,84,1.1904761904761905,0.05481987004287437,662,Honeymoon in Valhalla??  That near Cancun??
4723,2924,1,14,69,84,1.1904761904761905,0.04631018196447773,662,They told the wedding planner they’re in their 40’s so they want an event in keeping with their Middle Ages.
4804,2924,4,8,72,84,1.1904761904761905,0.05481987004287437,662,"Leif was a wonderful explorer.  He tried to get to Greenland on our first date, but all he discovered was Iceland."
4816,2924,1,14,69,84,1.1904761904761905,0.04631018196447773,662,They met on Tinder...
4884,2924,0,16,68,84,1.1904761904761905,0.04310187027192874,662,They deserve each other.
4899,2924,3,10,71,84,1.1904761904761905,0.052137859745800555,662,They can’t sop binging on Game of Thrones
2692,2924,3,10,71,84,1.1904761904761905,0.052137859745800555,662,"Pssst, I heard the prenup was rock-solid"
4525,2924,3,10,71,84,1.1904761904761905,0.052137859745800555,662,It was love at first disembowelment.
3749,2924,0,16,68,84,1.1904761904761905,0.04310187027192874,662,I now pronounce you...er...uh....whatever
4375,2924,1,14,69,84,1.1904761904761905,0.04631018196447773,662,They vowed to love and to not boil each other in oil.
4298,2924,1,14,69,84,1.1904761904761905,0.04631018196447773,662,Do you take this wench?
3838,2924,0,16,68,84,1.1904761904761905,0.04310187027192874,662,We need mead.  They wrote their vows as a saga.
3854,2924,2,12,70,84,1.1904761904761905,0.049310188462709244,662,Bridesmaid 1: ‘they said that the sword is mightier than the pen when it comes to pre-nuptials’
3871,2924,1,14,69,84,1.1904761904761905,0.04631018196447773,662,I heard they're hyphenating.
3872,2924,3,10,71,84,1.1904761904761905,0.052137859745800555,662,"Due to the rumors I've heard about their fidelity, my bet is those weapons are more than just symbolic."
3882,2924,1,14,69,84,1.1904761904761905,0.04631018196447773,662,Ancestry.com...roots...latest fad.
3898,2924,2,12,70,84,1.1904761904761905,0.049310188462709244,662,They met at an arms convention organized by the NRA.
3951,2924,3,10,71,84,1.1904761904761905,0.052137859745800555,662,"honey, i think we're at the wrong battlefield"
3985,2924,3,10,71,84,1.1904761904761905,0.052137859745800555,662,At least they are being true to their roots.
4050,2924,1,14,69,84,1.1904761904761905,0.04631018196447773,662,Apparently everyone does have his match!
4061,2924,4,8,72,84,1.1904761904761905,0.05481987004287437,662,I guess he really is horny all the time.
4099,2924,3,10,71,84,1.1904761904761905,0.052137859745800555,662,All the good ones are pillaged.
4225,2924,0,16,68,84,1.1904761904761905,0.04310187027192874,662,I met her when she was still celebrating Columbus Day.
4264,2924,1,14,69,84,1.1904761904761905,0.04631018196447773,662,"If you think this is “out there,” wait until you see the reception in the mead  hall."
4269,2924,4,8,72,84,1.1904761904761905,0.05481987004287437,662,"Do you promise to love, honor, and pillage until death do you part?"
4281,2924,3,10,71,84,1.1904761904761905,0.052137859745800555,662,He just pronounced them 'Goth and Visigoth'.
4313,2924,2,12,70,84,1.1904761904761905,0.049310188462709244,662,"...they met at the reunion for actors who played the role of
'Conan the Barbarian'"
2672,2924,3,10,71,84,1.1904761904761905,0.052137859745800555,662,She met him on a Norwegian cruise trip.
3622,2924,1,14,69,84,1.1904761904761905,0.04631018196447773,662,What's in _her_ wallet?
2612,2924,1,14,69,84,1.1904761904761905,0.04631018196447773,662,I heard they met on the Viking dating app
775,2924,3,10,71,84,1.1904761904761905,0.052137859745800555,662,"I think I just heard him say, To Have And To Pillage."
808,2924,2,12,70,84,1.1904761904761905,0.049310188462709244,662,I hear she is going to live wih his people.
811,2924,0,16,68,84,1.1904761904761905,0.04310187027192874,662,I’m just glad we got a different dress code
848,2924,0,16,68,84,1.1904761904761905,0.04310187027192874,662,I suppose it's better than a shotgun marriage
860,2924,1,14,69,84,1.1904761904761905,0.04631018196447773,662,Who are the guys in the Penguin suits?
871,2924,2,12,70,84,1.1904761904761905,0.049310188462709244,662,I heard Game of Thrones is tomorrow
913,2924,2,12,70,84,1.1904761904761905,0.049310188462709244,662,I don’t know them. They told me they’d kill me and my family if I didn’t stay.
933,2924,2,12,70,84,1.1904761904761905,0.049310188462709244,662,"Wow, that Paleo diet has really taken hold!"
934,2924,2,12,70,84,1.1904761904761905,0.049310188462709244,662,"Dearly beloved, we have hunted and gathered here."
1033,2924,0,16,68,84,1.1904761904761905,0.04310187027192874,662,"Til death do us part, or as soon as we have an argument."
1126,2924,3,10,71,84,1.1904761904761905,0.052137859745800555,662,"'Till death do us part"" kind of loses it's gravity with the life expectancy of you two"
1147,2924,2,12,70,84,1.1904761904761905,0.049310188462709244,662,Big fans of the Viking show I’m guessing
1153,2924,1,14,69,84,1.1904761904761905,0.04631018196447773,662,This “Game of Thrones”  craze is killing their relationship!
1292,2924,2,12,70,84,1.1904761904761905,0.049310188462709244,662,If I met my husband on a cruise I'd want zero people to know.
1299,2924,2,12,70,84,1.1904761904761905,0.049310188462709244,662,Did Vikings call them fanny packs?
765,2924,2,12,70,84,1.1904761904761905,0.049310188462709244,662,"Dearly beloved, do you promise to battle all folks till death you do part."
1410,2924,2,12,70,84,1.1904761904761905,0.049310188462709244,662,"I'm on both the Bride's and Groom's sides, how about yourself?"
720,2924,2,12,70,84,1.1904761904761905,0.049310188462709244,662,A theme wedding was her idea. The Viking theme was his.
684,2924,3,10,71,84,1.1904761904761905,0.052137859745800555,662,Always a wench and never a bride.
2635,2924,2,12,70,84,1.1904761904761905,0.049310188462709244,662,You should've seen how they buried Grandpa Joe.
63,2924,0,16,68,84,1.1904761904761905,0.04310187027192874,662,His first wedding was Rome-themed. Go figure.
164,2924,2,12,70,84,1.1904761904761905,0.049310188462709244,662,I can’t believe she made us wear these dresses.
176,2924,1,14,69,84,1.1904761904761905,0.04631018196447773,662,"It is about time.  They dated for almost 2,000 years."
190,2924,2,12,70,84,1.1904761904761905,0.049310188462709244,662,"Don't tell her folks, but it's also a shotgun wedding."
246,2924,1,14,69,84,1.1904761904761905,0.04631018196447773,662,'I now pronounce you Odin and Frigg.'
301,2924,2,12,70,84,1.1904761904761905,0.049310188462709244,662,Who the heck told them that they had to dress like Viking for their Norwegian Cruise destination wedding?
405,2924,1,14,69,84,1.1904761904761905,0.04631018196447773,662,It’s a Nordic combine.
417,2924,4,8,72,84,1.1904761904761905,0.05481987004287437,662,They said they wanted the wedding to be Loki.
444,2924,2,12,70,84,1.1904761904761905,0.049310188462709244,662,"TILL DEATH DO US PART, FITS WELL"
472,2924,2,12,70,84,1.1904761904761905,0.049310188462709244,662,I bet the reception will be a real rager.
504,2924,2,12,70,84,1.1904761904761905,0.049310188462709244,662,"Instead of breaking a glass, they inflict puncture wounds."
577,2924,3,10,71,84,1.1904761904761905,0.052137859745800555,662,I heard she conquered  his heart.
643,2924,1,14,69,84,1.1904761904761905,0.04631018196447773,662,"...and Ulf, do you promise to love, honor and pillage with Helga 'til the Gods do you part?"
659,2924,3,10,71,84,1.1904761904761905,0.052137859745800555,662,Sure looks like he'll be the horns in the family
715,2924,1,14,69,84,1.1904761904761905,0.04631018196447773,662,I think this means a new normal for formal.
1415,2924,2,12,70,84,1.1904761904761905,0.049310188462709244,662,Does the priest know how this ends?
141,2924,2,12,70,84,1.1904761904761905,0.049310188462709244,662,Game of Thrones....Really?
1627,2924,0,16,68,84,1.1904761904761905,0.04310187027192874,662,"Was that ""I will"" or a burp?"
2339,2924,1,14,69,84,1.1904761904761905,0.04631018196447773,662,Please tell me this ISN'T another 'Red Wedding'.
2341,2924,3,10,71,84,1.1904761904761905,0.052137859745800555,662,"Sure, I could say it's a travesty on both sides, but ""or forever hold your peace"" is the right play here."
2343,2924,4,8,72,84,1.1904761904761905,0.05481987004287437,662,"In sickness and in health, until raiding do us part....."
2345,2924,1,14,69,84,1.1904761904761905,0.04631018196447773,662,Is this the new Paleo wedding theme?
2372,2924,1,14,69,84,1.1904761904761905,0.04631018196447773,662,Spear and sword...I've never approved of mixed marriages.
2422,2924,4,8,72,84,1.1904761904761905,0.05481987004287437,662,And to think they met on Impalr!
2431,2924,0,16,68,84,1.1904761904761905,0.04310187027192874,662,"Their vow ""to love, honor and joust with ye' was disturbing, yet romantic."
2439,2924,4,8,72,84,1.1904761904761905,0.05481987004287437,662,Hagar the Horrible's Grand-Son's Wedding
2440,2924,3,10,71,84,1.1904761904761905,0.052137859745800555,662,They met at a paleo diet camp
2454,2924,3,10,71,84,1.1904761904761905,0.052137859745800555,662,They're taking the Viking Cruise to Norway for their honeymoon.
2487,2924,4,8,72,84,1.1904761904761905,0.05481987004287437,662,I thought they were doing Game of Thrones
2493,2924,1,14,69,84,1.1904761904761905,0.04631018196447773,662,Her ex-husband was a Quaker.
2550,2924,3,10,71,84,1.1904761904761905,0.052137859745800555,662,Let's hope 'the Horrible' is just an affectionate moniker.
2505,2924,2,12,70,84,1.1904761904761905,0.049310188462709244,662,Thor you may slay your Wife
1621,2924,2,12,70,84,1.1904761904761905,0.049310188462709244,662,He said he would do anything to get her out of that rag she’s wearing!
2323,2924,2,12,70,84,1.1904761904761905,0.049310188462709244,662,"Did she just promise to dishonor, club and slay Bjørn
 for the few minutes they both may live?"
2311,2924,1,14,69,84,1.1904761904761905,0.04631018196447773,662,You going to the reception hoard after?
2458,2924,3,10,71,84,1.1904761904761905,0.052137859745800555,662,I hear they got a killer deal on an all-inlusive Greenland invasion cruise.
2246,2924,2,12,70,84,1.1904761904761905,0.049310188462709244,662,"Thor says  ""Duh"""
1659,2924,4,8,72,84,1.1904761904761905,0.05481987004287437,662,How long have they been together?
2257,2924,2,12,70,84,1.1904761904761905,0.049310188462709244,662,"Hearing no objections, ..."
35,2924,2,12,70,84,1.1904761904761905,0.049310188462709244,662,"I'm fine with the themed wedding, it's the themed honeymoon that concerns me."
1805,2924,2,12,70,84,1.1904761904761905,0.049310188462709244,662,"If anyone objects to this union, they damn well better keep their mouths shut."
1828,2924,1,14,69,84,1.1904761904761905,0.04631018196447773,662,"She got a huge rock for the engagement.
They hone their weapons on it!"
1901,2924,2,12,70,84,1.1904761904761905,0.049310188462709244,662,I really just want to get this done as quickly as possible. I now pronounce you husband with spear and wife with sword.
1904,2924,1,14,69,84,1.1904761904761905,0.04631018196447773,662,No one ever objects when they're armed.
1925,2924,3,10,71,84,1.1904761904761905,0.052137859745800555,662,...and may the bride's Viking fetish outweigh the groom's proclivity for pillage and plunder
1810,2924,4,8,72,84,1.1904761904761905,0.05481987004287437,662,They met at a convention.
1967,2924,1,14,69,84,1.1904761904761905,0.04631018196447773,662,Thor and Helga are taking their destination wedding a little too far.
2031,2924,4,8,72,84,1.1904761904761905,0.05481987004287437,662,Can you believe she's psyching this striking Viking to her liking?
2072,2924,3,10,71,84,1.1904761904761905,0.052137859745800555,662,"He loves to cook, and their kitchen is all Viking."
2130,2924,1,14,69,84,1.1904761904761905,0.04631018196447773,662,They are planning a river cruise honeymoon.
2133,2924,3,10,71,84,1.1904761904761905,0.052137859745800555,662,"If anyone objects to this union, pillage now, or forever hold your peace."
2239,2924,3,10,71,84,1.1904761904761905,0.052137859745800555,662,If this was 500 years later it would be a shotgun wedding.
1948,2924,2,12,70,84,1.1904761904761905,0.049310188462709244,662,Never the pillager always the pillagee.
2233,2924,3,10,71,84,1.1904761904761905,0.052137859745800555,662,Spoiler alert.
3582,3073,3,9,67,79,1.1898734177215189,0.05427504385344412,662,"I don’t know, I still think the plundering was a bit much."
3556,3073,1,13,65,79,1.1898734177215189,0.04792327717974913,662,Cool matching boots.  But are they vegan?
3439,3073,2,11,66,79,1.1898734177215189,0.05119775815863595,662,The reception is featuring the New Nordic Cuisine.
3347,3073,2,11,66,79,1.1898734177215189,0.05119775815863595,662,"And do you promise to love, honor, and pillage...till death do you part?"
3270,3073,2,11,66,79,1.1898734177215189,0.05119775815863595,662,I heard she had hair extensions put in.
3244,3073,1,13,65,79,1.1898734177215189,0.04792327717974913,662,"And to rape, plunder and pillage so long as you both shall live?"
2963,3073,2,11,66,79,1.1898734177215189,0.05119775815863595,662,Unto death do us join.
3730,3073,2,11,66,79,1.1898734177215189,0.05119775815863595,662,"Sorry, but the prenup called for the beheading of your groomsman."
2861,3073,2,11,66,79,1.1898734177215189,0.05119775815863595,662,Now it's time to break the glass.
3335,3073,1,13,65,79,1.1898734177215189,0.04792327717974913,662,She said it took an eternity to find her soulmate.
3757,3073,1,13,65,79,1.1898734177215189,0.04792327717974913,662,...and I now pronounce you spear and sword !
4686,3073,1,13,65,79,1.1898734177215189,0.04792327717974913,662,"They skipped the '"" 'til death do  part"" part"
4302,3073,0,15,64,79,1.1898734177215189,0.04440800097757109,662,They're middle aged AND middle ages.
4303,3073,2,11,66,79,1.1898734177215189,0.05119775815863595,662,They are into Game of Thrones.
4314,3073,0,15,64,79,1.1898734177215189,0.04440800097757109,662,I give it a pillage and a sack.
4406,3073,1,13,65,79,1.1898734177215189,0.04792327717974913,662,"Hopefully ""Toss the Bouquet"" hasn't been replaced with ""Toss the Sword""."
4473,3073,2,11,66,79,1.1898734177215189,0.05119775815863595,662,When do they get to the part where they set them on fire and float them out the seat?
4527,3073,1,13,65,79,1.1898734177215189,0.04792327717974913,662,They'll row back to the ninth century tomorrow.
4673,3073,2,11,66,79,1.1898734177215189,0.05119775815863595,662,I think I should have told them not to go retro.
4726,3073,3,9,67,79,1.1898734177215189,0.05427504385344412,662,Early Gucci.
4759,3073,3,9,67,79,1.1898734177215189,0.05427504385344412,662,The best man forgot to pillage a ring on their last raid.
4782,3073,5,5,69,79,1.1898734177215189,0.05995765401464188,662,It goes back several generations.
4828,3073,2,11,66,79,1.1898734177215189,0.05119775815863595,662,He told her for the honeymoon he's taking her on a cruise.
2851,3073,3,9,67,79,1.1898734177215189,0.05427504385344412,662,"They met through the web, the dating site for corporate raiders."
3813,3073,1,13,65,79,1.1898734177215189,0.04792327717974913,662,"....... in sickness or in health,or until the viking war horn blows."
2800,3073,1,13,65,79,1.1898734177215189,0.04792327717974913,662,When does he stomp on the glass?
1315,3073,0,15,64,79,1.1898734177215189,0.04440800097757109,662,So....what if she is my sister?
2398,3073,2,11,66,79,1.1898734177215189,0.05119775815863595,662,"I think they've got the ""Til death do us part"" down pat."
21,3073,0,15,64,79,1.1898734177215189,0.04440800097757109,662,"Bjørn is my favorite groomsman. When I catch the clog, our fate will be sealed."
149,3073,3,9,67,79,1.1898734177215189,0.05427504385344412,662,I now pronounce you Erik the Wed.
273,3073,3,9,67,79,1.1898734177215189,0.05427504385344412,662,I thought you said he was a King?
434,3073,3,9,67,79,1.1898734177215189,0.05427504385344412,662,"Mam, the cake-cutting comes after the ceremony."
493,3073,1,13,65,79,1.1898734177215189,0.04792327717974913,662,"The honeymoon is in Valhalla - they're setting sail tomorrow"""
2765,3073,2,11,66,79,1.1898734177215189,0.05119775815863595,662,The honeymoon is a pillage through Spain and Portugal.
606,3073,0,15,64,79,1.1898734177215189,0.04440800097757109,662,"I don't think she wanted it to be that European, Jodie."
622,3073,2,11,66,79,1.1898734177215189,0.05119775815863595,662,I heard she's pregnant
850,3073,2,11,66,79,1.1898734177215189,0.05119775815863595,662,"Gunnborga, Leif, I told you not to scare the guests."""
983,3073,2,11,66,79,1.1898734177215189,0.05119775815863595,662,"Do you promise to love and cherish him, in motion sickness while sailing?"
1109,3073,0,15,64,79,1.1898734177215189,0.04440800097757109,662,"And do you, promise to protect Westerfell with you life?"
1165,3073,2,11,66,79,1.1898734177215189,0.05119775815863595,662,Is now the moment to sacrifice the goat?
1177,3073,1,13,65,79,1.1898734177215189,0.04792327717974913,662,It will never last.
519,3073,2,11,66,79,1.1898734177215189,0.05119775815863595,662,They kicked the third one out because he didn't have matching shoes.
1214,3073,2,11,66,79,1.1898734177215189,0.05119775815863595,662,"Yeah, they are big GOT fans but this is more of a ""Hot Pink Mess Wedding"" in my opinion."
1208,3073,1,13,65,79,1.1898734177215189,0.04792327717974913,662,"Old Gods, or New Gods?"
2291,3073,4,7,68,79,1.1898734177215189,0.05718697692758721,662,"Isn't this where we say, I do, instead of, we do?"
2249,3073,5,5,69,79,1.1898734177215189,0.05995765401464188,662,Can you play any Wagner?
2040,3073,1,13,65,79,1.1898734177215189,0.04792327717974913,662,They have so much in common.
1833,3073,2,11,66,79,1.1898734177215189,0.05119775815863595,662,Did you know he made a Viking Ship for their honeymoon.
2135,3073,1,13,65,79,1.1898734177215189,0.04792327717974913,662,"...through sickness, health and mortal injury..."
1465,3073,3,9,67,79,1.1898734177215189,0.05427504385344412,662,"You two have certainly stretched the meaning of ""the waiting period""."
1381,3073,3,9,67,79,1.1898734177215189,0.05427504385344412,662,Are you sure you’re at the right chapel?
1304,3073,3,9,67,79,1.1898734177215189,0.05427504385344412,662,you have GOT to be kidding me!
1265,3073,2,11,66,79,1.1898734177215189,0.05119775815863595,662,I knew she wouldn't be wearing white.
1264,3073,2,11,66,79,1.1898734177215189,0.05119775815863595,662,Always a bride's made... Never a Viking!
1746,3073,2,11,66,79,1.1898734177215189,0.05119775815863595,662,The Preacher said he won't go on until Thor takes off his helmet.
1146,3128,4,13,94,111,1.1891891891891893,0.04527378450305516,662,"With reservation Lord, I hereby pronounce this spear-bearing horny man and  sword-wielding woman to be husband and wife for as long as they both may live, albeit likely brief."
4041,3129,3,10,72,85,1.188235294117647,0.051569532748121864,662,"Ladies, who is going to be the lucky one to catch my sword!?"
3325,3129,0,16,69,85,1.188235294117647,0.04265068080823368,662,I guess we should be thankful we weren't asked to help kill the wild boar that's being served at the reception.
3344,3129,1,14,70,85,1.188235294117647,0.045816946845285964,662,"Padre, please condense this; we want to party like it's 1299."
3733,3129,2,12,71,85,1.188235294117647,0.048778116640986524,662,She was so excited when she told me about him I thought she was getting a new oven.
3905,3129,2,12,71,85,1.188235294117647,0.048778116640986524,662,and I proclaim that until Ragnarok...
4046,3129,2,12,71,85,1.188235294117647,0.048778116640986524,662,"Yeah, I helped her pick it out on Etsy."
4850,3129,1,14,70,85,1.188235294117647,0.045816946845285964,662,They met on Vikings only dot com.
4162,3129,2,12,71,85,1.188235294117647,0.048778116640986524,662,I told them not to stay all night at the Halloween party!
4178,3129,3,10,72,85,1.188235294117647,0.051569532748121864,662,...until death you do part.
4270,3129,3,10,72,85,1.188235294117647,0.051569532748121864,662,"How the two of them found each other while I'm still single... I'll never know."""
2930,3129,1,14,70,85,1.188235294117647,0.045816946845285964,662,Hey Odin they’re ready to skewer the ox and cut the cake!
4848,3129,2,12,71,85,1.188235294117647,0.048778116640986524,662,"What bad taste has put together, let no one put asunder."
4147,3129,1,14,70,85,1.188235294117647,0.045816946845285964,662,She really sailed around before she met Sven.
2821,3129,3,10,72,85,1.188235294117647,0.051569532748121864,662,"Grow young (and die of infection) with me, there's heaps of mutton yet to eat."
4450,3129,3,10,72,85,1.188235294117647,0.051569532748121864,662,I thought she preferred the ball and chain type.
2600,3129,1,14,70,85,1.188235294117647,0.045816946845285964,662,"She was hoping for a Viking range, but all she got was a Viking."
34,3129,2,12,71,85,1.188235294117647,0.048778116640986524,662,I'd never get married with last year's sword.
198,3129,3,10,72,85,1.188235294117647,0.051569532748121864,662,"I didn't realize he meant formal cave wear."""
642,3129,4,8,73,85,1.188235294117647,0.0542174211179169,662,This Game of Throne thing has gone a bit too far.
745,3129,2,12,71,85,1.188235294117647,0.048778116640986524,662,She insisted.
981,3129,2,12,71,85,1.188235294117647,0.048778116640986524,662,I always thought the Viking would be the honeymoon cruise.
990,3129,3,10,72,85,1.188235294117647,0.051569532748121864,662,"I don't think he'll be including the part about 'speak now or forever hold your piece'."""
2747,3129,3,10,72,85,1.188235294117647,0.051569532748121864,662,Their honeymoon plans include both pilfering and plundering.
1032,3129,2,12,71,85,1.188235294117647,0.048778116640986524,662,"If you do, please yell 'tyr'!"
1619,3129,1,14,70,85,1.188235294117647,0.045816946845285964,662,"Well, it IS “Forever Hold Your Piece”."
1754,3129,3,10,72,85,1.188235294117647,0.051569532748121864,662,"This will be the first wedding I've been to, where the bride tosses her sword."""
1852,3129,3,10,72,85,1.188235294117647,0.051569532748121864,662,Three men were hacked to death at last night's bachelor party.
2269,3129,1,14,70,85,1.188235294117647,0.045816946845285964,662,I suppose she loves her Viking range too.
2319,3129,2,12,71,85,1.188235294117647,0.048778116640986524,662,Entering into a lifelong game of thrones.
2322,3129,1,14,70,85,1.188235294117647,0.045816946845285964,662,"If anyone believes this couple cannot lawfully be joined together in matrimony, tell the guy with the spear or the lady with the sword."
1194,3129,1,14,70,85,1.188235294117647,0.045816946845285964,662,I now pronounce you Norse and Visigoth.
4655,3160,2,12,72,86,1.186046511627907,0.048257256089076536,662,They are cutting the reception short to make the last act of the Gotterdammerun.
1767,3160,1,14,71,86,1.186046511627907,0.04533392718515796,662,You can be damn sure the reception will be a buffet.
697,3160,1,14,71,86,1.186046511627907,0.04533392718515796,662,You may fight the bride.
292,3160,2,12,72,86,1.186046511627907,0.048257256089076536,662,"I supported this until he referred to their first date as a ""mead cute."""
3566,3160,2,12,72,86,1.186046511627907,0.048257256089076536,662,Oden is wearing his animal skin for the wedding because he clubbed the fitter who was trying to put on the cummerbund .
3077,3165,4,7,70,81,1.1851851851851851,0.055863344922216146,662,They both are in the industry!
2492,3165,2,11,68,81,1.1851851851851851,0.0500342818003937,662,They’re saving the raping and pillaging for the honeymoon.
2689,3165,1,13,67,81,1.1851851851851851,0.046848557928420444,662,I now pronounce you Wedded Warriors
2727,3165,2,11,68,81,1.1851851851851851,0.0500342818003937,662,They're calling it a reverse destination wedding.
2763,3165,1,13,67,81,1.1851851851851851,0.046848557928420444,662,Do you know what 'uff da' means?
2790,3165,0,15,66,81,1.1851851851851851,0.043429775553920656,662,When I got married the Flintstones were all the rage.
2809,3165,1,13,67,81,1.1851851851851851,0.046848557928420444,662,"It's not camp, it's kitsch."
2814,3165,4,7,70,81,1.1851851851851851,0.055863344922216146,662,My first choice was Naked and Afraid.
2818,3165,3,9,69,81,1.1851851851851851,0.05302896690102354,662,He WAS horrible. Not he's just sort of untolerable.
2941,3165,1,13,67,81,1.1851851851851851,0.046848557928420444,662,"Now repeat ""With this skull, I thee wed."
3028,3165,3,9,69,81,1.1851851851851851,0.05302896690102354,662,Are my feet Thor!
3288,3165,2,11,68,81,1.1851851851851851,0.0500342818003937,662,But it might turn out okay.  Their couples counselor is joining them on the honeymoon.
4261,3165,2,11,68,81,1.1851851851851851,0.0500342818003937,662,For their honeymoon he's taking her pillaging.
3570,3165,1,13,67,81,1.1851851851851851,0.046848557928420444,662,They've been together forever.
3606,3165,1,13,67,81,1.1851851851851851,0.046848557928420444,662,I give it about two ice ages.
3844,3165,1,13,67,81,1.1851851851851851,0.046848557928420444,662,Swords and spears?  These mixed unions never work out.
3899,3165,2,11,68,81,1.1851851851851851,0.0500342818003937,662,I hear it was blood at first sight.
3937,3165,1,13,67,81,1.1851851851851851,0.046848557928420444,662,These bridesmaids dresses are just awful!
4063,3165,2,11,68,81,1.1851851851851851,0.0500342818003937,662,"""I  told you he'd make a honest woman out of her before the next ice age!"""
4141,3165,1,13,67,81,1.1851851851851851,0.046848557928420444,662,They met at a paleo diet cooking class; it quickly evolved into too much drinking.
4158,3165,4,7,70,81,1.1851851851851851,0.055863344922216146,662,He said he would wait for her no matter how long it took.
4254,3165,1,13,67,81,1.1851851851851851,0.046848557928420444,662,They dressed up because they might go out later.
2386,3165,4,7,70,81,1.1851851851851851,0.055863344922216146,662,"I now pronounce you man and wife"". May I add some ancient advice: When you go to your club, don't bring it home""."
4762,3165,3,9,69,81,1.1851851851851851,0.05302896690102354,662,You would never guess they gluten free.
4791,3165,1,13,67,81,1.1851851851851851,0.046848557928420444,662,"Well, they did say it would be a traditional wedding."
3328,3165,0,15,66,81,1.1851851851851851,0.043429775553920656,662,Cummerbunds and tux how gauche.
2320,3165,2,11,68,81,1.1851851851851851,0.0500342818003937,662,"She sees the plunder, don't you think?"
1611,3165,1,13,67,81,1.1851851851851851,0.046848557928420444,662,"It could have been me, but my grog was too sweet."
2216,3165,3,9,69,81,1.1851851851851851,0.05302896690102354,662,Invitation read: A dress for success themed wedding???
133,3165,2,11,68,81,1.1851851851851851,0.0500342818003937,662,It's anybody's guess who's gonna wear the pants in their family!
188,3165,2,11,68,81,1.1851851851851851,0.0500342818003937,662,I wasn’t sure it’d work out when he abducted her. But their relationship has really blossomed.
233,3165,2,11,68,81,1.1851851851851851,0.0500342818003937,662,"Do you Erik take Helga as your lawfully wedded wife,In Black plague and failing health, to love and cherish until your untimely death in battle?"
271,3165,2,11,68,81,1.1851851851851851,0.0500342818003937,662,"No question this is absolutely better, but I do miss the pillaging."
396,3165,1,13,67,81,1.1851851851851851,0.046848557928420444,662,Do they know that this isn't a Game of Thrones theme?
480,3165,2,11,68,81,1.1851851851851851,0.0500342818003937,662,Please love each other and don't fight.
522,3165,3,9,69,81,1.1851851851851851,0.05302896690102354,662,And do you promise to raze and pillage together for as long as you both shall live?
556,3165,2,11,68,81,1.1851851851851851,0.0500342818003937,662,For the honeymoon they’re going to sack Rome.
637,3165,2,11,68,81,1.1851851851851851,0.0500342818003937,662,They met at a theme camp and have been inseparable since!
677,3165,0,15,66,81,1.1851851851851851,0.043429775553920656,662,He won't be so horny when he finds out she's been off the pillage for six months
734,3165,3,9,69,81,1.1851851851851851,0.05302896690102354,662,Back when me and Bob got married times were tough too but we didn't complain.
2222,3165,2,11,68,81,1.1851851851851851,0.0500342818003937,662,They couldn't get concealed-carry licenses
1093,3165,2,11,68,81,1.1851851851851851,0.0500342818003937,662,"Unfortunately, they ate the best man."
988,3165,1,13,67,81,1.1851851851851851,0.046848557928420444,662,He’a chosen to wear a Viking’s shield for the wedding and a Trojan’s for the honeymoon.
1212,3165,1,13,67,81,1.1851851851851851,0.046848557928420444,662,I honestly thought you were joking when you said we're sailing to Scandinavia for the reception.
2204,3165,3,9,69,81,1.1851851851851851,0.05302896690102354,662,These theme weddings are getting to be quite the rage.
2129,3165,4,7,70,81,1.1851851851851851,0.055863344922216146,662,"When she throws it backwards over her head, catch it with your bouquet hand."
2089,3165,2,11,68,81,1.1851851851851851,0.0500342818003937,662,It seems in efforts to break traditional marriages they may actually be causing a backslide.
1788,3165,2,11,68,81,1.1851851851851851,0.0500342818003937,662,They met at a bar when they both had their HBO go out.
1174,3165,3,9,69,81,1.1851851851851851,0.05302896690102354,662,"Meweeg, Meweeg is what bwings us togevah today..."
1645,3165,2,11,68,81,1.1851851851851851,0.0500342818003937,662,I hear they’re planning to burn London for their honeymoon.
1469,3165,1,13,67,81,1.1851851851851851,0.046848557928420444,662,I'm pretty sure their honeymoon isn't going to be *that* type of cruise
1417,3165,1,13,67,81,1.1851851851851851,0.046848557928420444,662,"For the honeymoon, they're plundering a quaint village."
1371,3165,3,9,69,81,1.1851851851851851,0.05302896690102354,662,"And do you, Erik, Nordic Lord of a small estate in suburban Los Angeles—I mean, ‘The City of Angels’—take Hildegard to be your noble wife?"
1334,3165,1,13,67,81,1.1851851851851851,0.046848557928420444,662,"It says: no shoes, no shirt, no service"
1290,3165,1,13,67,81,1.1851851851851851,0.046848557928420444,662,I give them 273 years.
1536,3165,2,11,68,81,1.1851851851851851,0.0500342818003937,662,He thinks he's Thor.  But you should ask her how thor she was after the bachelorette party.
3590,3221,3,10,74,87,1.1839080459770115,0.050468893694394994,662,The season ending climax to The Vikings
1915,3222,2,11,69,82,1.1829268292682926,0.04947191399330266,662,"Unfortunately, the bright lighting spoils the effect."
4642,3222,1,13,68,82,1.1829268292682926,0.04632878319045733,662,Her father threatened to splatter his head with the the Hammer of Thor if he didn’t marry her...
2517,3222,1,13,68,82,1.1829268292682926,0.04632878319045733,662,You think that the wedding cake will be paleo-friendly?
1728,3222,2,11,69,82,1.1829268292682926,0.04947191399330266,662,I heard they're hyphenating their family shield runes
2511,3222,0,15,67,82,1.1829268292682926,0.04295628044484378,662,She is just settling. She really wanted a caveman.
1314,3222,3,9,70,82,1.1829268292682926,0.05242694342046911,662,I'd give them 3 months.
160,3222,2,11,69,82,1.1829268292682926,0.04947191399330266,662,I Norse pronounce you man and wife.
479,3222,1,13,68,82,1.1829268292682926,0.04632878319045733,662,"For their honeymoon, they’re going on a bloody cruise.”"
1697,3222,0,15,67,82,1.1829268292682926,0.04295628044484378,662,Hard to resist that caveman vibe
615,3222,1,13,68,82,1.1829268292682926,0.04632878319045733,662,She DOES believe in 'Til death do us part;'she just likes to plan ahead!
583,3222,0,15,67,82,1.1829268292682926,0.04295628044484378,662,"I thought the ""Red Wedding"" invite referred to the color scheme"
1114,3233,2,12,74,88,1.1818181818181819,0.04724780309106128,662,Their agent had a hard time finding a third groomsman.
1723,3234,2,11,70,83,1.180722891566265,0.04892190131450311,662,The reception smörgåsbord is going to be saga!
3820,3234,2,11,70,83,1.180722891566265,0.04892190131450311,662,They met in the late thirteenth century
3849,3234,1,13,69,83,1.180722891566265,0.04582023644587216,662,"The missing groomsman lost the rings and
wound up on the menu at the bachelor party."
3944,3237,1,11,61,73,1.178082191780822,0.0491265634505708,662,I hear they are leaving tonight on a Honeymoon River cruise.
3657,3237,1,11,61,73,1.178082191780822,0.0491265634505708,662,Netflix will destroy civilization as we know it.
3640,3237,1,11,61,73,1.178082191780822,0.0491265634505708,662,I always pictured her ending up with an Elf.
3296,3237,2,9,62,73,1.178082191780822,0.052857702752466776,662,I understand her father didn't give him a choice.
2202,3237,2,9,62,73,1.178082191780822,0.052857702752466776,662,"In their culture they take ""'til death do us part"" seriously."
1785,3237,2,9,62,73,1.178082191780822,0.052857702752466776,662,He's Thor and she's Whore.
1576,3237,0,13,60,73,1.178082191780822,0.045087711548245424,662,"…from this forward, in ransacking and pillaging,,…"
559,3237,1,11,61,73,1.178082191780822,0.0491265634505708,662,I hear the to-die-for smorbrod are from Valhalla Catering.
54,3237,1,11,61,73,1.178082191780822,0.0491265634505708,662,Don't you just love a destination wedding?
1300,3237,0,13,60,73,1.178082191780822,0.045087711548245424,662,Her parents didn't show up. They are Huns and feel it's illegitimate
471,3237,1,11,61,73,1.178082191780822,0.0491265634505708,662,I told them they needed at least another hour between Viking-Con and the Wedding.
4559,3237,1,11,61,73,1.178082191780822,0.0491265634505708,662,"Be thankful.
Ceeei and the dragons are in room b.
And we get free Meade"
3274,3237,2,9,62,73,1.178082191780822,0.052857702752466776,662,What possessed her to get married on Halloween
3265,3237,0,13,60,73,1.178082191780822,0.045087711548245424,662,‘Gaga-oh-la-la. Want your bad romance.’
2977,3237,1,11,61,73,1.178082191780822,0.0491265634505708,662,They’ve gotten way more PC with the rape and pillage thing since #metoo
2542,3237,2,9,62,73,1.178082191780822,0.052857702752466776,662,This is a step down. Her first hubby quarterbacked the Cowboys.
2424,3237,1,11,61,73,1.178082191780822,0.0491265634505708,662,They wanted a military wedding.
1551,3237,1,11,61,73,1.178082191780822,0.0491265634505708,662,"I though he was going to be coming in his Minnesota Viking uniform,and she as a Viking cheerleader,didn't you  think that too,Madge"
978,3237,1,11,61,73,1.178082191780822,0.0491265634505708,662,This is the unavoidable outcome of binging your favorite show a week before your wedding.
3988,3237,0,13,60,73,1.178082191780822,0.045087711548245424,662,"You know, it's actually quite beautiful if you can look past having been forced to attend at bladepoint."
4796,3237,1,11,61,73,1.178082191780822,0.0491265634505708,662,If she says hon one more time in her vows I’m going to gag.
3960,3258,4,6,69,79,1.1772151898734178,0.05628177611146416,662,Until death do us apart
3964,3258,1,12,66,79,1.1772151898734178,0.04683939034393648,662,A Valhalla destination wedding used to be louder.
4483,3258,2,10,67,79,1.1772151898734178,0.05018464339431694,662,"... and do you pledge to pillage and plunder, in pestilence and health?"
4556,3258,2,10,67,79,1.1772151898734178,0.05018464339431694,662,They got a great deal on the Stone Crows wedding package.
3626,3258,2,10,67,79,1.1772151898734178,0.05018464339431694,662,Well it's official.  We are having an usher as the wedding feast.
4656,3258,3,8,68,79,1.1772151898734178,0.05332043114452347,662,This is the old Norse equivalent of a shotgun wedding.
4754,3258,0,14,65,79,1.1772151898734178,0.04323607918126412,662,She bet against the Cubs taking the World Series last year
4846,3258,3,8,68,79,1.1772151898734178,0.05332043114452347,662,Wouldn't it be nice if all wars ended this way?
4637,3258,1,12,66,79,1.1772151898734178,0.04683939034393648,662,"They wanted a traditional wedding, but the plan is to raise their children as bankers."
4877,3258,3,8,68,79,1.1772151898734178,0.05332043114452347,662,I hear it's a shotgun wedding!
3457,3258,2,10,67,79,1.1772151898734178,0.05018464339431694,662,She met him while spelunking.
2942,3258,1,12,66,79,1.1772151898734178,0.04683939034393648,662,Head Ogre Heels
1103,3258,0,14,65,79,1.1772151898734178,0.04323607918126412,662,They are ready for the  fight.
1134,3258,2,10,67,79,1.1772151898734178,0.05018464339431694,662,The new Vikings couple.
1289,3258,4,6,69,79,1.1772151898734178,0.05628177611146416,662,"i now pronounce you hagar and the horrible. shit no that was terrible, i'm sorry, let me try that again. i now pronounce you... leif and erikson? no that sucks too, hold on *this continues for three hours, until the bridal party finally kills him*"
1492,3258,2,10,67,79,1.1772151898734178,0.05018464339431694,662,he's not right for her
534,3258,2,10,67,79,1.1772151898734178,0.05018464339431694,662,I was thinking something different when they said it was a paleo wedding.
436,3258,1,12,66,79,1.1772151898734178,0.04683939034393648,662,You’ll never guess what they’re doing for their honeymoon...
332,3258,2,10,67,79,1.1772151898734178,0.05018464339431694,662,His last wedding was Neolithic. He lost a cave.
3135,3258,1,12,66,79,1.1772151898734178,0.04683939034393648,662,Vikiing cruise scheduling is next door.
237,3258,1,12,66,79,1.1772151898734178,0.04683939034393648,662,We're here to fuck shit up.
16,3258,0,14,65,79,1.1772151898734178,0.04323607918126412,662,I think we might’ve taken a wrong turn.
763,3258,1,12,66,79,1.1772151898734178,0.04683939034393648,662,What network wants to show them naked?
738,3258,2,10,67,79,1.1772151898734178,0.05018464339431694,662,I don’t think he can a-fjord this
1897,3258,4,6,69,79,1.1772151898734178,0.05628177611146416,662,"I now pronounce you man and knife."""
2863,3258,3,8,68,79,1.1772151898734178,0.05332043114452347,662,"At any moment, I expect to hear ""Immigrant Song""."
2552,3258,1,12,66,79,1.1772151898734178,0.04683939034393648,662,They did say it was a country wedding.
2461,3258,2,10,67,79,1.1772151898734178,0.05018464339431694,662,They've changed since they did 23andMe
2370,3258,4,6,69,79,1.1772151898734178,0.05628177611146416,662,These paleo diets have just gone too far.
2151,3258,3,8,68,79,1.1772151898734178,0.05332043114452347,662,I suggest we leave before the cocktail sauce served.
1575,3258,3,8,68,79,1.1772151898734178,0.05332043114452347,662,Hurry up. We have to rape and pillage tonight.
1655,3258,1,12,66,79,1.1772151898734178,0.04683939034393648,662,The groom may now step on the skull.
2066,3258,2,10,67,79,1.1772151898734178,0.05018464339431694,662,"It's not Fred, Wilma, Jughead or Archer. It's Archie."
2014,3258,1,12,66,79,1.1772151898734178,0.04683939034393648,662,He's a mascot for that pro football team from Minnesota.
316,3292,3,8,69,80,1.175,0.05269628766978955,662,She said it was love at first fight.
4862,3292,3,8,69,80,1.175,0.05269628766978955,662,"When they look back on the photos, it probably won't make sense."
4566,3292,3,8,69,80,1.175,0.05269628766978955,662,"Don't you think the ""keto lifestyle""  has gone too far?"
3063,3292,1,12,67,80,1.175,0.04630321092291712,662,They always did say he was Björn for married life!
2,3292,2,10,68,80,1.175,0.04960285312333035,662,Would you...well I guess you don't have much choice
695,3292,2,10,68,80,1.175,0.04960285312333035,662,After this they fight to see who wears the pants in their marriage.
61,3292,1,12,67,80,1.175,0.04630321092291712,662,"I said, for once give the bum bags a rest..."
889,3292,2,10,68,80,1.175,0.04960285312333035,662,My wedding is going to be 1920’s themed.
893,3300,1,12,68,81,1.1728395061728396,0.04577900300676336,662,"A destination wedding is one thing, but native dress is an imposition."
4774,3300,2,10,69,81,1.1728395061728396,0.04903426446477902,662,"Love, honor and marauder"" just doesn't do it for me"
4203,3300,2,10,69,81,1.1728395061728396,0.04903426446477902,662,"I will be her shield-maiden, but I will not go 
raiding and plundering."
758,3300,0,14,67,81,1.1728395061728396,0.04227381152657762,662,"I know Helga said she wanted a traditional wedding, but..."
651,3300,2,10,69,81,1.1728395061728396,0.04903426446477902,662,"Did he just say, ""Love, honor and pillage?"""
4827,3300,2,10,69,81,1.1728395061728396,0.04903426446477902,662,"She's a Valkyrie so he went out and bought a matching outfit. It's all great, right?"
4715,3306,1,11,64,76,1.1710526315789473,0.047344048310574156,662,"To ‘love, honor, pillage and plunder’ still seems odd to me."
4299,3306,2,9,65,76,1.1710526315789473,0.050914988985724385,662,"It's okay,  it's not cultural appropriation; Thor and Freya are entitled!"
4200,3306,3,7,66,76,1.1710526315789473,0.05425138981075869,662,"Yes, what once was a simple skip of a rope now runs into thousands of dollars, and more.  Marriage still binds, it just requires thicker chains"
4136,3306,1,11,64,76,1.1710526315789473,0.047344048310574156,662,I give it one season at best.
4079,3306,2,9,65,76,1.1710526315789473,0.050914988985724385,662,They met on Loki Cupid.
3966,3306,3,7,66,76,1.1710526315789473,0.05425138981075869,662,"D&D?  Game of Thrones?  Thor?  Cosplay?  The Flintstones?  The Big Bang?  Batman villains?  Super Geeks from Hell?  Betty, I have no idea what the heck the wedding theme is here.  And on the invitation, the reception title just says, pillage event."
3642,3306,2,9,65,76,1.1710526315789473,0.050914988985724385,662,She ask to omit the standard “ball and chain” verbiage in the vows!
3680,3306,1,11,64,76,1.1710526315789473,0.047344048310574156,662,"Verily I say unto you, this is no game."
3579,3306,3,7,66,76,1.1710526315789473,0.05425138981075869,662,They used the time travel app on Tinder.
1989,3306,2,9,65,76,1.1710526315789473,0.050914988985724385,662,Dagmar and Nils wrote their vows in 'Norse Code'
1944,3306,1,11,64,76,1.1710526315789473,0.047344048310574156,662,I’m pretty sure you were slated for the Samurai wedding down the hall.
1795,3306,2,9,65,76,1.1710526315789473,0.050914988985724385,662,"I knew Game of Thrones was going to be big, but I thought just on Halloween."
1063,3306,4,5,67,76,1.1710526315789473,0.05739416772966874,662,"Yes, I know he agreed to convert for the ceremony, but how are they going to raise the kids?"
952,3306,2,9,65,76,1.1710526315789473,0.050914988985724385,662,"No, HE wanted the rose garden wedding and SHE wanted the Conan the Barbarian theme."
888,3306,1,11,64,76,1.1710526315789473,0.047344048310574156,662,Do you Bêlit take Conan to plunder and sunder until death  do you part?”
568,3306,1,11,64,76,1.1710526315789473,0.047344048310574156,662,And he's already got his hand on her purse string!
505,3306,1,11,64,76,1.1710526315789473,0.047344048310574156,662,Do you know which monasteries they’re registered at?
423,3306,1,11,64,76,1.1710526315789473,0.047344048310574156,662,"I bought them monogrammed towels, and how ironic, their initials are UGH."
296,3306,0,13,63,76,1.1710526315789473,0.04348082011015344,662,This better not turn into a Red Wedding.
1629,3306,0,13,63,76,1.1710526315789473,0.04348082011015344,662,They met at a very peculiar bar.
2712,3306,2,9,65,76,1.1710526315789473,0.050914988985724385,662,You looked like an idiot walking down the isle by yourself. Lori McLonelyWalk. Are you gonna be okay?
2728,3306,1,11,64,76,1.1710526315789473,0.047344048310574156,662,Game of Thrones themed. And here I was thinking wedding hashtags were the lowest humanity could sink.
2822,3306,0,13,63,76,1.1710526315789473,0.04348082011015344,662,"I know they're Vikings, but that gown is brutal."
3030,3306,0,13,63,76,1.1710526315789473,0.04348082011015344,662,That's not the manner to which I am accustomed.
3048,3306,3,7,66,76,1.1710526315789473,0.05425138981075869,662,He's Scottish.
3184,3306,1,11,64,76,1.1710526315789473,0.047344048310574156,662,The reception is supposed to recreate the raid on Lindisfarne Abbey. I have no idea what to wear. Could we just bring some wine?
3348,3306,1,11,64,76,1.1710526315789473,0.047344048310574156,662,They met in Valhalla New York
3615,3306,2,9,65,76,1.1710526315789473,0.050914988985724385,662,they met at a a paleo diet seminar
3739,3334,2,10,70,82,1.170731707317073,0.048478438536580806,662,Bless you both. Now's which one of you is gonna smash the glass?
135,3334,3,8,71,82,1.170731707317073,0.051490514905149054,662,"I hear her dowry included three Gems of Virility, a Dragon Tooth of Wisdom, and seven aardvarks. Burrrp! I'm a bridesmaid!"
3673,3336,2,9,66,77,1.1688311688311688,0.05029848501568073,662,"The groomsmen knew the theme was ""camp,"" right?"
3583,3336,0,13,64,77,1.1688311688311688,0.0429698800970655,662,"The growls we’ve heard, 
mean ‘I do’."
3581,3336,2,9,66,77,1.1688311688311688,0.05029848501568073,662,'Til pillage do us part' was a cute touch.
3575,3336,2,9,66,77,1.1688311688311688,0.05029848501568073,662,Please place the ring on her finger within the next seventeen hours.
3551,3336,3,7,67,77,1.1688311688311688,0.05358825519207446,662,"Sure, married like Thor but makes love like the Flash."
3491,3336,2,9,66,77,1.1688311688311688,0.05029848501568073,662,I bet she wins the first — and final — fight.
3251,3336,0,13,64,77,1.1688311688311688,0.0429698800970655,662,I told them they should come as undocumented aliens but they were afraid that they would be sent to a sanctuary city filled with lefty nut jobs.
3430,3336,1,11,65,77,1.1688311688311688,0.0467779231605511,662,We all know since her village was conquered last month she couldn't wear white.
3397,3336,1,11,65,77,1.1688311688311688,0.0467779231605511,662,"While doing ""Premarital Counseling""  they decided to add the weapons."
3279,3336,2,9,66,77,1.1688311688311688,0.05029848501568073,662,I hear they’ve written their own gender pronouns.
3220,3336,1,11,65,77,1.1688311688311688,0.0467779231605511,662,I love them but they binge watch Netflix way too much.
3214,3336,4,5,68,77,1.1688311688311688,0.056687428890267476,662,"Do you Garvid, take Gunnhild, to sack, plunder, loot and subjugate from this day forward, so help you Odin?"
3716,3336,2,9,66,77,1.1688311688311688,0.05029848501568073,662,I heard they are going to live in a small town in Norway!
3459,3336,2,9,66,77,1.1688311688311688,0.05029848501568073,662,They wrote their own vows in the blood of their enemies.
3752,3336,1,11,65,77,1.1688311688311688,0.0467779231605511,662,"In sickness and in health, will you always pull for the Vikings to win a Super Bowl  ?"
4684,3336,1,11,65,77,1.1688311688311688,0.0467779231605511,662,I now pronounce you Goth and Visigoth.
3881,3336,1,11,65,77,1.1688311688311688,0.0467779231605511,662,Do you happen to have your open carry permits with you?
4830,3336,0,13,64,77,1.1688311688311688,0.0429698800970655,662,I draw the line at raiding.
4813,3336,2,9,66,77,1.1688311688311688,0.05029848501568073,662,They’re going on a Viking cruise for their honeymoon.
4776,3336,3,7,67,77,1.1688311688311688,0.05358825519207446,662,Now do you believe in global warming?
4766,3336,2,9,66,77,1.1688311688311688,0.05029848501568073,662,"I pronounce you 'Man & Wife', as you stand before me in matching sheep skins. Encouraging you both, to practice 'safe sex'  since you're actually kin."""
4748,3336,3,7,67,77,1.1688311688311688,0.05358825519207446,662,they wanted their wedding to be brutal
3140,3336,1,11,65,77,1.1688311688311688,0.0467779231605511,662,"Despite what the Execs say, this is going to kill our ratings!"
3758,3336,2,9,66,77,1.1688311688311688,0.05029848501568073,662,I think they got carried away with the Paleo Diet.
4456,3336,1,11,65,77,1.1688311688311688,0.0467779231605511,662,"At least he’s Jewish.”
Walter Jospin, Atlant"
4361,3336,1,11,65,77,1.1688311688311688,0.0467779231605511,662,Can you please remove your hat?
4321,3336,1,11,65,77,1.1688311688311688,0.0467779231605511,662,She literally found it at House of Hides
4238,3336,2,9,66,77,1.1688311688311688,0.05029848501568073,662,I now pronounce you Mr. & Mrs. Viking.
4214,3336,4,5,68,77,1.1688311688311688,0.056687428890267476,662,"I don't know about you, but I think Mary is taking this 23andMe business too far."
4201,3336,1,11,65,77,1.1688311688311688,0.0467779231605511,662,I don’t want to be around when they have their first big fight.
4068,3336,3,7,67,77,1.1688311688311688,0.05358825519207446,662,Don't share this but it's a Viking-sword wedding.
4374,3336,2,9,66,77,1.1688311688311688,0.05029848501568073,662,I didn’t know this was a costume wedding.
3134,3336,1,11,65,77,1.1688311688311688,0.0467779231605511,662,"The bride-price included  a 30 year Wegman's  allowance ."""
4074,3336,1,11,65,77,1.1688311688311688,0.0467779231605511,662,They met at the LGBTQ Masquerade Ball. Isn't she supposed to be holding the sword?
3090,3336,0,13,64,77,1.1688311688311688,0.0429698800970655,662,"I hear their place is decorated in all earth tones, and the wall art is prehistoric."
1460,3336,2,9,66,77,1.1688311688311688,0.05029848501568073,662,Her grandmother brought the dress from the Old World.
1395,3336,1,11,65,77,1.1688311688311688,0.0467779231605511,662,"No on said ""Yes"" to the dress."
1394,3336,4,5,68,77,1.1688311688311688,0.056687428890267476,662,I didn't know black people can officiate weddings now.
1385,3336,1,11,65,77,1.1688311688311688,0.0467779231605511,662,I always cry at blood weddings.
1367,3336,1,11,65,77,1.1688311688311688,0.0467779231605511,662,"That reminds me, did you remember to pack your Vicodin?"
1288,3336,1,11,65,77,1.1688311688311688,0.0467779231605511,662,"Wedding night at Valhalla Arms, room with view
 of the keep, and 50% off for period clothing"
1176,3336,1,11,65,77,1.1688311688311688,0.0467779231605511,662,Are you feeling a Valkyrie vibe?
1123,3336,3,7,67,77,1.1688311688311688,0.05358825519207446,662,I give them a year.
1040,3336,4,5,68,77,1.1688311688311688,0.056687428890267476,662,"I wonder if the Brexit might affect
My real family in Norway"
1573,3336,0,13,64,77,1.1688311688311688,0.0429698800970655,662,They met on a Scandinavian cruise.
965,3336,1,11,65,77,1.1688311688311688,0.0467779231605511,662,she really thinks she can wear her bridal gown again
821,3336,3,7,67,77,1.1688311688311688,0.05358825519207446,662,I hope this turns out better than Hygelac's wedding
571,3336,1,11,65,77,1.1688311688311688,0.0467779231605511,662,I should have known when they said they were having a destination wedding in Oslo.
565,3336,1,11,65,77,1.1688311688311688,0.0467779231605511,662,At least it's not a Viking funeral.
563,3336,2,9,66,77,1.1688311688311688,0.05029848501568073,662,I heard they met on eBarbarity.com
303,3336,1,11,65,77,1.1688311688311688,0.0467779231605511,662,He proposed at the Festival of Skulls.
3132,3336,0,13,64,77,1.1688311688311688,0.0429698800970655,662,"In honor of his ancestor DNA test results, Gorag and Nelda chose a Neanderthal wedding."
244,3336,2,9,66,77,1.1688311688311688,0.05029848501568073,662,They are pillaging Cancun on their honeymoon.
91,3336,2,9,66,77,1.1688311688311688,0.05029848501568073,662,I had no idea that Ragnar's family is Viking.
18,3336,2,9,66,77,1.1688311688311688,0.05029848501568073,662,"If anyone has any objection, leave now or forever hold a hole in your stomach."
836,3336,2,9,66,77,1.1688311688311688,0.05029848501568073,662,I assume 'obey' is out of the question.
1664,3336,2,9,66,77,1.1688311688311688,0.05029848501568073,662,I wonder which will be master?
272,3336,2,9,66,77,1.1688311688311688,0.05029848501568073,662,They will Honeymoon on a Viking Ship.
1718,3336,2,9,66,77,1.1688311688311688,0.05029848501568073,662,They're going to melt a lot of icebergs tonight.
1682,3336,2,9,66,77,1.1688311688311688,0.05029848501568073,662,"Wait, the rabbi just got here..."
2922,3336,4,5,68,77,1.1688311688311688,0.056687428890267476,662,No freaking prenup needed. We come prepared for battle.
2857,3336,3,7,67,77,1.1688311688311688,0.05358825519207446,662,I hear her kransen has been initialed by every member of the snekka rowing crew.
2852,3336,1,11,65,77,1.1688311688311688,0.0467779231605511,662,"I take thee...., to love and to cherish, until death do us part.”  
Or until the fat lady sing"
2807,3336,2,9,66,77,1.1688311688311688,0.05029848501568073,662,"... and, er... , 'until death do us part.'"
2711,3336,1,11,65,77,1.1688311688311688,0.0467779231605511,662,"As the only two left in the game of Thrones, I now pronounce you ready for the next sequel."
2686,3336,3,7,67,77,1.1688311688311688,0.05358825519207446,662,"You may now kiss the bride if you promise not to use those weapons over ""what's for dinner"" disputes."
2678,3336,2,9,66,77,1.1688311688311688,0.05029848501568073,662,"Ok, Erik the Red was his ancestor, and tradition is tradition. But they could very well switch from reindeer fat to deodorizers"
2630,3336,3,7,67,77,1.1688311688311688,0.05358825519207446,662,Why doesn’t the bride have flowers to throw later?
2629,3336,0,13,64,77,1.1688311688311688,0.0429698800970655,662,You may now kiss the Viking princess — but do so knowing Minnesota will not win a Super Bowl this century
2760,3336,0,13,64,77,1.1688311688311688,0.0429698800970655,662,Poor Hilda.  This is why I won't do cosplay.
2028,3336,1,11,65,77,1.1688311688311688,0.0467779231605511,662,"You can't be too choosy, 'cause there are more women than men in this world"
2521,3336,1,11,65,77,1.1688311688311688,0.0467779231605511,662,"Yes, they booked a Viking River Cruise for their honeymoon."
1984,3336,2,9,66,77,1.1688311688311688,0.05029848501568073,662,I now pronounce you Hun and wife.
2473,3336,1,11,65,77,1.1688311688311688,0.0467779231605511,662,Till Death do Them Part
2403,3336,1,11,65,77,1.1688311688311688,0.0467779231605511,662,"They wanted to have a shotgun wedding, but the gun range was already booked."
2382,3336,1,11,65,77,1.1688311688311688,0.0467779231605511,662,He is a Hun but how could she marry him?
3006,3336,1,11,65,77,1.1688311688311688,0.0467779231605511,662,I now pronounce you Mr. and Mrs. Lief Erickson.
2589,3336,2,9,66,77,1.1688311688311688,0.05029848501568073,662,She never has looked lovelier!
2215,3336,2,9,66,77,1.1688311688311688,0.05029848501568073,662,Only in Vegas!
2205,3336,1,11,65,77,1.1688311688311688,0.0467779231605511,662,"'Always the skjaldmær, never the bride'"
1578,3416,2,10,71,83,1.1686746987951808,0.04793495540400366,662,"And do you, Frigg, promise to take Odin's verbal abuse, to pretend to lust and cherish him, and to call him ""God"" every time he takes you against your will"
4598,3417,0,13,65,78,1.1666666666666667,0.042470599286468784,662,Her first wedding was a mermaid theme.”
224,3417,1,11,66,78,1.1666666666666667,0.04622501635210242,662,Any luck tracking down a set of aurochs drinking horns?
2896,3417,0,14,70,84,1.1666666666666667,0.040906724472818005,662,I hope that the historical reenactment theme doesn't extend into the reception dinner!
2387,3417,1,11,66,78,1.1666666666666667,0.04622501635210242,662,Ixnay on the Edishsway eatballsmay ommentskay.
723,3417,0,13,65,78,1.1666666666666667,0.042470599286468784,662,I swear they are serving boar tartar at the reception.
3462,3417,2,10,72,84,1.1666666666666667,0.047403413087928364,662,"When she suggested a honeymoon cruise, he almost called off the wedding."
4873,3423,1,10,62,73,1.1643835616438356,0.04783636264784695,662,The ceremony is based on family origins.
3245,3423,1,10,62,73,1.1643835616438356,0.04783636264784695,662,I sure hope he has the ring.
4805,3423,1,10,62,73,1.1643835616438356,0.04783636264784695,662,I hear they met online at Pillage and Plunder .com.
4784,3423,1,10,62,73,1.1643835616438356,0.04783636264784695,662,Merely looking horny doesn't rule out a run for president.
4744,3423,2,8,63,73,1.1643835616438356,0.051660769401756894,662,Roses indeed. I'd be more comfortable with a basket of codfish
4719,3423,3,6,64,73,1.1643835616438356,0.05522094348149691,662,I now pronounce you Barbarian and woman.
4552,3423,2,8,63,73,1.1643835616438356,0.051660769401756894,662,She said he made a killing in the kitchen appliances market.
3818,3423,1,10,62,73,1.1643835616438356,0.04783636264784695,662,"Mawage. Mawage is wot bwings us togeder tooday. Mawage, that bwessed awangment, that dweam wifin a dweam… And wuv, tru wuv, will fowow you foweva… So tweasure your wuv."
3611,3423,2,8,63,73,1.1643835616438356,0.051660769401756894,662,He insisted they go to Norway on their honeymoon.
3267,3423,0,12,61,73,1.1643835616438356,0.043678370935408654,662,Let’s skip out before the final toasts once the mead flows.
2999,3423,0,12,61,73,1.1643835616438356,0.043678370935408654,662,Shield maidens get all the best guys.
2846,3423,1,10,62,73,1.1643835616438356,0.04783636264784695,662,Did she use that no-name designer?
2947,3423,2,8,63,73,1.1643835616438356,0.051660769401756894,662,I bet she will be thor after the honeymoon
2908,3423,1,10,62,73,1.1643835616438356,0.04783636264784695,662,"In light of their Game Of Thrones theme, let's hope ""...until death do us part"" is only figure of speech."
2847,3423,1,10,62,73,1.1643835616438356,0.04783636264784695,662,"...for better for worse, 
for richer for poorer, in sickness and in health, to love and to 
cherish, until we are parted by death, or until winter comes."
1940,3423,2,8,63,73,1.1643835616438356,0.051660769401756894,662,They are really into this Viking wedding thing. I like the bit about “Do you promise to rape and pillage until death us do part.”
1918,3423,0,12,61,73,1.1643835616438356,0.043678370935408654,662,"What does ""Ek Gera"" mean?"
1485,3423,1,10,62,73,1.1643835616438356,0.04783636264784695,662,"In renewing their vows, they left out the 'kill all of your kin' this time."
1329,3423,2,8,63,73,1.1643835616438356,0.051660769401756894,662,I wonder who’s going to wear the pants in this relationship?
1316,3423,2,8,63,73,1.1643835616438356,0.051660769401756894,662,What can you say? It's her second marriage.
517,3423,3,6,64,73,1.1643835616438356,0.05522094348149691,662,"I thought it odd that they're Not 
providing any vegetarian options at the reception!"
394,3423,2,8,63,73,1.1643835616438356,0.051660769401756894,662,"Since she got him to join Weight Watchers, the pillaging and plundering has been scaled back."
2992,3423,1,10,62,73,1.1643835616438356,0.04783636264784695,662,I hear they're raiding Niagara Falls for the honeymoon.
4832,3446,1,12,73,86,1.1627906976744187,0.04332445313847639,662,They met on the dating website Marauders Only”
3392,3447,0,12,62,74,1.162162162162162,0.043141308959040406,662,I now pronounce you Ragnar the Despicable and Freda.
3367,3447,3,6,65,74,1.162162162162162,0.05451488126682573,662,I love her Gown
3275,3447,3,6,65,74,1.162162162162162,0.05451488126682573,662,They look like the typical middle-aged bride and groom.
2991,3447,1,10,63,74,1.162162162162162,0.047237758050578095,662,Chuck's Y-chromosome DNA results showed that he was 90% Scandinavian and 10% Jerk.
3089,3447,0,12,62,74,1.162162162162162,0.043141308959040406,662,D’ya think he knows that sword is used for circumcisions?”
3022,3447,1,10,63,74,1.162162162162162,0.047237758050578095,662,Those fanny packs are so gauche.
3409,3447,2,8,64,74,1.162162162162162,0.05100626464063538,662,"And now Ragnar please place the wedding band in Estrid's nose and repeat after me."""
2631,3447,2,8,64,74,1.162162162162162,0.05100626464063538,662,It ain't nothin but a V thang!
3558,3447,1,10,63,74,1.162162162162162,0.047237758050578095,662,"You May now club each other, till death do you part."
4106,3447,3,6,65,74,1.162162162162162,0.05451488126682573,662,These anti-Vax theme weddings are ridiculous
3617,3447,1,10,63,74,1.162162162162162,0.047237758050578095,662,I’m glad nobody wore red.
3619,3447,3,6,65,74,1.162162162162162,0.05451488126682573,662,I've never heard of it.
3725,3447,1,10,63,74,1.162162162162162,0.047237758050578095,662,...and what's in your wallet?
4021,3447,3,6,65,74,1.162162162162162,0.05451488126682573,662,I'm worried about her. Magnus looks awfully horny today.
4276,3447,3,6,65,74,1.162162162162162,0.05451488126682573,662,Why didn't the wedding party get Viking couture?
4570,3447,0,12,62,74,1.162162162162162,0.043141308959040406,662,Speak now or forever hold your opinions on looting and colonizing.
4671,3447,3,6,65,74,1.162162162162162,0.05451488126682573,662,Did you see the cake? I want the first slice.
4691,3447,0,12,62,74,1.162162162162162,0.043141308959040406,662,I hope they like each other's vows
4707,3447,1,10,63,74,1.162162162162162,0.047237758050578095,662,"When this marriage goes to pot, I won't mind reminding her that we paid more for our dresses than she did hers."
3610,3447,2,8,64,74,1.162162162162162,0.05100626464063538,662,After this we'll have to harpoon our own dinner.
2503,3447,2,8,64,74,1.162162162162162,0.05100626464063538,662,I now pronounce you The Beauty & The Beast.
3144,3447,1,10,63,74,1.162162162162162,0.047237758050578095,662,"With this sword, she can behead."
2371,3447,2,8,64,74,1.162162162162162,0.05100626464063538,662,Your groomsman is on the menu for the reception !
247,3447,2,8,64,74,1.162162162162162,0.05100626464063538,662,"The first round 2019 NFL draft, with the fifteenth pick, Minnasota takes this women ......"
638,3447,0,12,62,74,1.162162162162162,0.043141308959040406,662,Sue wanted a spear just to look equal but he insisted on the sword.
705,3447,1,10,63,74,1.162162162162162,0.047237758050578095,662,"till death us do cause..."""
827,3447,1,10,63,74,1.162162162162162,0.047237758050578095,662,"If any of you has a reason why these two should not be married, raise melee weapon of choice..."
915,3447,1,10,63,74,1.162162162162162,0.047237758050578095,662,I thought our shoes should match hers.
1018,3447,1,10,63,74,1.162162162162162,0.047237758050578095,662,"So it's pronounced HEW-GAH, and not HOO-GAH?"
1081,3447,1,10,63,74,1.162162162162162,0.047237758050578095,662,If I had known that I would have come as an American Indian.
1115,3447,1,10,63,74,1.162162162162162,0.047237758050578095,662,I wonder how many 'Game of Thrones' captions this will generate?
142,3447,1,10,63,74,1.162162162162162,0.047237758050578095,662,The reception will start as soon as they slay a dragon for the caterer.
1439,3447,2,8,64,74,1.162162162162162,0.05100626464063538,662,And do you Blerb take this man Borf to be your lawful wedded husband?
1818,3447,1,10,63,74,1.162162162162162,0.047237758050578095,662,They met on a cruise to Iceland and the rest was history.
1843,3447,2,8,64,74,1.162162162162162,0.05100626464063538,662,George hasn't got a chance . . . KellyAnne's sword is real . .  his spear's a fake .  ..
1968,3447,1,10,63,74,1.162162162162162,0.047237758050578095,662,She wanted it in Polar white but had to settle for Brown bear.
2123,3447,1,10,63,74,1.162162162162162,0.047237758050578095,662,Uff da !
2186,3447,3,6,65,74,1.162162162162162,0.05451488126682573,662,"Now, that you're here, Think Swedish, but dress British."
2190,3447,0,12,62,74,1.162162162162162,0.043141308959040406,662,Stop complaining.  You didn't have to fly all the way to North Dakota for this!
2247,3447,1,10,63,74,1.162162162162162,0.047237758050578095,662,It all started when they met at a paleo diet convention!
2365,3447,2,8,64,74,1.162162162162162,0.05100626464063538,662,"It was either this or Bunny Suits”

M. Miller, Merrick, N"
1580,3447,2,8,64,74,1.162162162162162,0.05100626464063538,662,"We better move right to ""I do"" or we'll lose a bridesmaid too."
2388,3447,1,10,63,74,1.162162162162162,0.047237758050578095,662,They say he’s been saving himself for the wedding knight
3786,3490,1,12,74,87,1.160919540229885,0.04286443578566523,662,"Fourth Viking wedding this month, you’d have thought I would have gotten used to it..."
2489,3490,2,10,75,87,1.160919540229885,0.04587666140408817,662,I fear this marriage will end badly
2730,3492,1,10,64,75,1.16,0.04665379487862243,662,"I know they wanted to keep it traditional, but sacrificing the best man to the gods for good fortune seemed a bit much."
4094,3492,2,8,65,75,1.16,0.05036801501882853,662,"Please kill your unwanted relatives now, or forever hold your peace."
3647,3492,2,8,65,75,1.16,0.05036801501882853,662,His man purse makes me want to puke.
3086,3492,2,8,65,75,1.16,0.05036801501882853,662,Damn that DNA test! She completely changed after learning she was mostly Viking and not English.
2581,3492,0,12,63,75,1.16,0.04261708831227464,662,I heard they're raiding Finland for their Honeymoon
1650,3492,3,6,66,75,1.16,0.0538265482573172,662,They met on a cruise to Norway
2425,3492,0,12,63,75,1.16,0.04261708831227464,662,"Do you promise to love, honor and plunder together so long as you both shall live?"
984,3492,2,8,65,75,1.16,0.05036801501882853,662,Tell me you have the real ring.
824,3492,2,8,65,75,1.16,0.05036801501882853,662,I knew I'd made a mistake when I mentioned a shotgun wedding to a Norse Studies scholar.
814,3492,2,8,65,75,1.16,0.05036801501882853,662,"They say it's a shotgun wedding, but I don't see it."
742,3492,4,4,67,75,1.16,0.05707589384019892,662,"I give 'em two acts and a few scenes, tops."
256,3492,2,8,65,75,1.16,0.05036801501882853,662,"...To have and to hold, from this invasion and pillaging forward..."
11,3492,1,10,64,75,1.16,0.04665379487862243,662,I now pronounce you husband and wife. You may now battle the bride.
1213,3492,2,8,65,75,1.16,0.05036801501882853,662,They will have a destination honeymoon in Westeros.
676,3506,1,11,70,82,1.1585365853658536,0.04413684952548057,662,He should have never agreed to letting Melania have a divorce.
4649,3507,0,13,70,83,1.1566265060240963,0.04013614690312244,662,So how do the guys get to choose their costumes?
4140,3508,1,10,66,77,1.155844155844156,0.04552772158797496,662,I didn’t think they were serious
3473,3508,2,8,67,77,1.155844155844156,0.04913793781438531,662,I didn’t even know they were dating!
3012,3510,1,9,61,71,1.1549295774647887,0.0476738049630549,662,"I recommend forever holding your peace, Shannon."
2891,3510,2,7,62,71,1.1549295774647887,0.05172239521306923,662,I miss Elvis.
4414,3510,3,5,63,71,1.1549295774647887,0.055476307136456515,662,"Yes I know “Do you take this woman to be your wedded wife til death do us part” is an abbreviated version of the marriage vows, but with your GoT lifestyle you’ll hardly have time for sickness and health."
3436,3510,0,11,60,71,1.1549295774647887,0.04324785766640781,662,Apparently they’re going to honeymoon in Winterfell.
2650,3510,1,9,61,71,1.1549295774647887,0.0476738049630549,662,Do you think they will raid and pillage before the reception or after?
2708,3510,1,9,61,71,1.1549295774647887,0.0476738049630549,662,Who's going to break the stone...?
1632,3510,1,9,61,71,1.1549295774647887,0.0476738049630549,662,I'm just relieved they aren't ALIEN super fans.
2144,3510,1,9,61,71,1.1549295774647887,0.0476738049630549,662,I'd hate to wake up to *those* horns.
1597,3510,2,7,62,71,1.1549295774647887,0.05172239521306923,662,...and you will be taking a Viking cruise for the honeymoon?
1326,3510,1,9,61,71,1.1549295774647887,0.0476738049630549,662,OMG!  You left your coffee cup where?  HBO is doomed!
829,3510,1,9,61,71,1.1549295774647887,0.0476738049630549,662,This is a hero?
476,3510,1,9,61,71,1.1549295774647887,0.0476738049630549,662,hope the buffet is not to be hunted
4493,3522,0,11,61,72,1.1527777777777777,0.0426972190266123,662,He promised to be less guarded.
3723,3522,1,9,62,72,1.1527777777777777,0.04705623039870244,662,I hear she snagged him in Central Park.
3634,3522,0,11,61,72,1.1527777777777777,0.0426972190266123,662,Now repeat after me in Valyrian.. I Samantha..
3495,3522,0,11,61,72,1.1527777777777777,0.0426972190266123,662,And do you take this man to pillage and plunder...
2518,3522,2,7,63,72,1.1527777777777777,0.051044344702082634,662,"They said it would be traditional, but I didn’t think it would be medieval!"
2258,3522,0,11,61,72,1.1527777777777777,0.0426972190266123,662,I tried to warn her that fur would look tacky for a summer wedding.
4368,3522,0,11,61,72,1.1527777777777777,0.0426972190266123,662,Honeymoon in England?  Forget finding any decent silverware.
2042,3522,0,11,61,72,1.1527777777777777,0.0426972190266123,662,Wait until you see the ring.
1781,3522,3,5,64,72,1.1527777777777777,0.05474268382893093,662,I’m betting she was drugged.
1061,3522,3,5,64,72,1.1527777777777777,0.05474268382893093,662,I heard she killed her ex.
648,3522,2,7,63,72,1.1527777777777777,0.051044344702082634,662,Did you see what the officiant is wearing?
265,3522,1,9,62,72,1.1527777777777777,0.04705623039870244,662,Are all viking weddings this  primitive ?
2078,3522,1,9,62,72,1.1527777777777777,0.04705623039870244,662,You may now place the runestone on her finger.
259,3535,1,9,63,73,1.1506849315068493,0.0464543149529128,662,She never liked LARPing before she met him. That's all I'm saying.
2514,3535,1,9,63,73,1.1506849315068493,0.0464543149529128,662,"If anyone can show just cause why this couple cannot lawfully be joined together in matrimony, can you please wait until the EMTs arrive?"
3314,3535,1,9,63,73,1.1506849315068493,0.0464543149529128,662,The bridal gown is a definitely Vera Wang
1646,3538,0,11,63,74,1.1486486486486487,0.04163642831779319,662,He'll pillage for wonderful wedding gifts after dancing and grog.
2573,3539,2,9,77,88,1.1477272727272727,0.04438059934877056,662,Love at first blight!
3741,3540,3,4,61,68,1.1470588235294117,0.05647186858367098,662,"The sword is a nice touch, don't you think?"""
3691,3540,1,8,59,68,1.1470588235294117,0.04807399313332187,662,It's their way of showing team spirit.
3670,3540,1,8,59,68,1.1470588235294117,0.04807399313332187,662,These DNA searches have gone a little too far
3660,3540,2,6,60,68,1.1470588235294117,0.052441304127157654,662,It's a subtle hint that they really want a Viking 6-Burner Range.
3516,3540,0,10,58,68,1.1470588235294117,0.04326808584867506,662,Till Death
2831,3540,1,8,59,68,1.1470588235294117,0.04807399313332187,662,Lay down your weapons. You break the glass with your foot.
3101,3540,1,8,59,68,1.1470588235294117,0.04807399313332187,662,I've always said marriage is such an antiquated institution.
3003,3540,1,8,59,68,1.1470588235294117,0.04807399313332187,662,The virgin sacrifice is late...
2905,3540,2,6,60,68,1.1470588235294117,0.052441304127157654,662,I thought Hagar and Helga were already married?
3742,3540,1,8,59,68,1.1470588235294117,0.04807399313332187,662,So this is the legacy of ‘hope and change’?
3426,3540,1,8,59,68,1.1470588235294117,0.04807399313332187,662,the honeymoon is an invasion
3751,3540,1,8,59,68,1.1470588235294117,0.04807399313332187,662,Winter is gone.
4894,3540,1,8,59,68,1.1470588235294117,0.04807399313332187,662,They met at a yoga retreat north of the wall
3766,3540,2,6,60,68,1.1470588235294117,0.052441304127157654,662,I hear their tailor got eaten by a dragon!
3934,3540,1,8,59,68,1.1470588235294117,0.04807399313332187,662,She mentioned he was corny.
4121,3540,1,8,59,68,1.1470588235294117,0.04807399313332187,662,At least she had the honesty not to wear white.
4222,3540,1,8,59,68,1.1470588235294117,0.04807399313332187,662,Do you promise to rape and pillage as one?
4234,3540,0,10,58,68,1.1470588235294117,0.04326808584867506,662,This fashion for waist bags is really offensive
4442,3540,1,8,59,68,1.1470588235294117,0.04807399313332187,662,They wrote their own shipping instructions.
4528,3540,2,6,60,68,1.1470588235294117,0.052441304127157654,662,This is turning out pretty epic for a Loki wedding.
4624,3540,2,6,60,68,1.1470588235294117,0.052441304127157654,662,"Surprisingly, their  prenup is rather standard."
4653,3540,1,8,59,68,1.1470588235294117,0.04807399313332187,662,When they chose their wedding outfit I began to question the existence of the time infinity stone altogether.
4712,3540,1,8,59,68,1.1470588235294117,0.04807399313332187,662,Talk about being late to your own ceremony!
2752,3540,1,8,59,68,1.1470588235294117,0.04807399313332187,662,No sex before marriage works. I’ve never seen a hornier groom.
4896,3540,0,10,58,68,1.1470588235294117,0.04326808584867506,662,You may kiss the...uh...bride?
2732,3540,0,10,58,68,1.1470588235294117,0.04326808584867506,662,Getting the fit right was a bear...
1449,3540,1,8,59,68,1.1470588235294117,0.04807399313332187,662,A wedding fashion statement
2571,3540,1,8,59,68,1.1470588235294117,0.04807399313332187,662,And  further more l heard they've booked the honeymoon suite at the Val halen inn!
2651,3540,0,10,58,68,1.1470588235294117,0.04326808584867506,662,I heard the bachelorette party was killer.
138,3540,2,6,60,68,1.1470588235294117,0.052441304127157654,662,You appear to be short a Norseman.
208,3540,1,8,59,68,1.1470588235294117,0.04807399313332187,662,They're taking a Viking Cruise for their honeymoon.
604,3540,1,8,59,68,1.1470588235294117,0.04807399313332187,662,"I wouldn't want to be in the room below their honeymoon suite. By the looks of things, it's going to get crazy."
749,3540,1,8,59,68,1.1470588235294117,0.04807399313332187,662,"Ingrid will you swear that you wont take off his head, and Olaf do you swear that you wont stab her in the back?"
826,3540,0,10,58,68,1.1470588235294117,0.04326808584867506,662,"They vow to pillage, plunder, and maraud ‘til death do they part!"
832,3540,1,8,59,68,1.1470588235294117,0.04807399313332187,662,And now for the ceremonial exchange of mortal wounds.
929,3540,1,8,59,68,1.1470588235294117,0.04807399313332187,662,"Remember , when he steps on the glass you say “L’chaim!! “"
998,3540,1,8,59,68,1.1470588235294117,0.04807399313332187,662,"Yeah.....I don't see it either, but she says he's really sweet."
1058,3540,2,6,60,68,1.1470588235294117,0.052441304127157654,662,*Whispers* Which one’s the bride?
1337,3540,0,10,58,68,1.1470588235294117,0.04326808584867506,662,I give this Aesir and Vanir tribes marriage a month at the most.
1497,3540,1,8,59,68,1.1470588235294117,0.04807399313332187,662,Only my daughter could grasp the possibility of  combining a neo-Viking lifestyle with a  long-standing vegan gluten-free diet.
232,3540,1,8,59,68,1.1470588235294117,0.04807399313332187,662,"No, they over dressed."
1637,3540,1,8,59,68,1.1470588235294117,0.04807399313332187,662,"...and, let us all remember, the family that raids together stays together"
1537,3540,1,8,59,68,1.1470588235294117,0.04807399313332187,662,Because they couldn't find a Maester.
2391,3540,0,10,58,68,1.1470588235294117,0.04326808584867506,662,"Do you, Arya Mildred Johnson, take Tyrion Billy Monroe to be your lawful, wedded husband?"
2263,3540,2,6,60,68,1.1470588235294117,0.052441304127157654,662,They're not quite dressed properly for a cold reception
2235,3540,1,8,59,68,1.1470588235294117,0.04807399313332187,662,"and in pillaging and looting, . . ."
2329,3540,1,8,59,68,1.1470588235294117,0.04807399313332187,662,"Cruise liner fashion, I guess."
1939,3540,1,8,59,68,1.1470588235294117,0.04807399313332187,662,"Do thee Viking, take thee Norsewoman; to have and beget endless media offspring, known from this day forth as Film, Netflix, Lord Of The Rings, Game of Thrones, Meme, and countless more yet to come?"
1848,3540,2,6,60,68,1.1470588235294117,0.052441304127157654,662,I heard they're going to Rome for the honeymoon.
1824,3540,1,8,59,68,1.1470588235294117,0.04807399313332187,662,Well this is a little weird
1812,3540,3,4,61,68,1.1470588235294117,0.05647186858367098,662,Oh oh. Who’s got the Ring cycle?
2075,3540,0,10,58,68,1.1470588235294117,0.04326808584867506,662,We take these truths to be self-evident ...
2490,3540,1,8,59,68,1.1470588235294117,0.04807399313332187,662,They're thinking of calling their first born child Odin.
3627,3593,3,4,62,69,1.144927536231884,0.055688216518499936,662,When I marry I 'm going to elope!
3130,3593,0,10,59,69,1.144927536231884,0.04268963668731212,662,They found each other on 23andme.com.
3538,3593,0,10,59,69,1.144927536231884,0.04268963668731212,662,‘’Honestly? Not what I expected from a destination wedding.’
3531,3593,2,6,61,69,1.144927536231884,0.05171962876419153,662,Is he talkin old Danish? Are you freakin kidding me?
3510,3593,0,10,59,69,1.144927536231884,0.04268963668731212,662,I think they're going to The Vineyard for the honeymoon.
3483,3593,2,6,61,69,1.144927536231884,0.05171962876419153,662,"Right, the dress is a little drab, but I hear she wanted to keep the wedding Loki."
3456,3593,1,8,60,69,1.144927536231884,0.04742006474057418,662,"I'm so glad they discovered each other."""
3326,3593,1,8,60,69,1.144927536231884,0.04742006474057418,662,"That's why I use ""Oden's Beard Cream"""
2962,3593,1,8,60,69,1.144927536231884,0.04742006474057418,662,"Full Viking funeral sure, but this is just weird."
3029,3593,1,8,60,69,1.144927536231884,0.04742006474057418,662,And can you believe they opted for a honeymoon cruise on Royal Caribbean instead?
3005,3593,2,6,61,69,1.144927536231884,0.05171962876419153,662,It's amazing that they found each other.
2989,3593,1,8,60,69,1.144927536231884,0.04742006474057418,662,Did he just say man and wife?
2909,3593,2,6,61,69,1.144927536231884,0.05171962876419153,662,She said that a man would never change her
2889,3593,3,4,62,69,1.144927536231884,0.055688216518499936,662,"Finally, that was the longest engagement ever!"
2864,3593,1,8,60,69,1.144927536231884,0.04742006474057418,662,"Wait, is that mistletoe? He doesn't do well with mistletoe."
2823,3593,1,8,60,69,1.144927536231884,0.04742006474057418,662,They've known each other a really long time.
3683,3593,1,8,60,69,1.144927536231884,0.04742006474057418,662,They met a pilates.
3041,3593,0,10,59,69,1.144927536231884,0.04268963668731212,662,I can’t wait for the paleo reception
3699,3593,1,8,60,69,1.144927536231884,0.04742006474057418,662,Now do you understand the design for the bridesmaids' dresses?
4400,3593,1,8,60,69,1.144927536231884,0.04742006474057418,662,They used to call it a shotgun wedding.
3869,3593,2,6,61,69,1.144927536231884,0.05171962876419153,662,I heard he raped her _before_ the wedding.
2653,3593,1,8,60,69,1.144927536231884,0.04742006474057418,662,Will there be a vegan food option?
4885,3593,0,10,59,69,1.144927536231884,0.04268963668731212,662,She bought that sword since next month we're in our girlfriend's destination wedding--her ex-fiancé's house.
4882,3593,1,8,60,69,1.144927536231884,0.04742006474057418,662,"With their lifestyle, ''til death' isn't such a commitment."
4847,3593,1,8,60,69,1.144927536231884,0.04742006474057418,662,Do you swear to take him for better or Norse?
4644,3593,0,10,59,69,1.144927536231884,0.04268963668731212,662,I hear the prenuptial agreement requires both give up the claim to the throne.
4607,3593,1,8,60,69,1.144927536231884,0.04742006474057418,662,I think you miscalculated the coordinates in the time machine.
4578,3593,1,8,60,69,1.144927536231884,0.04742006474057418,662,Always a brudepike never a brude.
4898,3593,1,8,60,69,1.144927536231884,0.04742006474057418,662,I heard they just came for the food.
3704,3593,1,8,60,69,1.144927536231884,0.04742006474057418,662,"In this case the ""to honor and obey"" line kind of makes sense."
4354,3593,1,8,60,69,1.144927536231884,0.04742006474057418,662,"For their honeymoon, they're going to Iceland."
4248,3593,1,8,60,69,1.144927536231884,0.04742006474057418,662,"You have to be real careful at these Nordic weddings, Lucille.  After the ceremony, she'll be tossing that sword, not the traditional corsage!"
4213,3593,0,10,59,69,1.144927536231884,0.04268963668731212,662,...and you thought your husband was horny!
4192,3593,2,6,61,69,1.144927536231884,0.05171962876419153,662,"Do you think he'll take seriously that line, ""'Until death do us part'"""
4112,3593,1,8,60,69,1.144927536231884,0.04742006474057418,662,Where’s my pillaging marauder?
4087,3593,1,8,60,69,1.144927536231884,0.04742006474057418,662,Is that what they’re wearing now?
4040,3593,1,8,60,69,1.144927536231884,0.04742006474057418,662,"Halloween weddings are a trip, but electing to keep their weapons does not bode well."
3923,3593,1,8,60,69,1.144927536231884,0.04742006474057418,662,"...To have and to hold, to Plunder and to Pillage..."
3889,3593,2,6,61,69,1.144927536231884,0.05171962876419153,662,You'd think he'd stop at 5 wives...
4296,3593,2,6,61,69,1.144927536231884,0.05171962876419153,662,I heard they went Paleo for the big day
2472,3593,2,6,61,69,1.144927536231884,0.05171962876419153,662,I now pronounce you the first LBGTQGoT couple.
4534,3593,2,6,61,69,1.144927536231884,0.05171962876419153,662,"You look very horny, but please hold off until after the ceremony"
2449,3593,2,6,61,69,1.144927536231884,0.05171962876419153,662,"Oh, my husband offered to watch the ranch."
835,3593,1,8,60,69,1.144927536231884,0.04742006474057418,662,I agee..their marriage was long overdue...
737,3593,0,10,59,69,1.144927536231884,0.04268963668731212,662,"Yeah, but she's got the bigger sword."
735,3593,1,8,60,69,1.144927536231884,0.04742006474057418,662,Can you believe they met at a pillaging?
701,3593,0,10,59,69,1.144927536231884,0.04268963668731212,662,I didn’t get the dress code memo.
681,3593,1,8,60,69,1.144927536231884,0.04742006474057418,662,"..to love, cherish, and to obey, til death, from pillaging, do us part."
607,3593,0,10,59,69,1.144927536231884,0.04268963668731212,662,Hope this isn’t a prelude to a Viking funeral!
572,3593,0,10,59,69,1.144927536231884,0.04268963668731212,662,I came to Norway for this?
506,3593,2,6,61,69,1.144927536231884,0.05171962876419153,662,I can't wait to hear their vows.
882,3593,1,8,60,69,1.144927536231884,0.04742006474057418,662,They met on 'It's Just Pillage'.
502,3593,1,8,60,69,1.144927536231884,0.04742006474057418,662,I give it  six months.
415,3593,2,6,61,69,1.144927536231884,0.05171962876419153,662,They even ordered a paleo cake.
397,3593,1,8,60,69,1.144927536231884,0.04742006474057418,662,I gotta try this cosplay thing.
319,3593,0,10,59,69,1.144927536231884,0.04268963668731212,662,Do you promise to conquer until death do you part?
166,3593,0,10,59,69,1.144927536231884,0.04268963668731212,662,I don't think that the weapons were necessary.
156,3593,1,8,60,69,1.144927536231884,0.04742006474057418,662,"It took like eons for him to finally pop the question.""

Murray Block, Albany, New Yor"
53,3593,1,8,60,69,1.144927536231884,0.04742006474057418,662,"Sieglinde was supposed to marry her brother, not her father! But maybe it's six of one and half a dozen of the other. Wagner wouldn't care one way or the other I guess."
28,3593,1,8,60,69,1.144927536231884,0.04742006474057418,662,Sorry we are late we've only just invented the round wheel on our cart
2462,3593,2,6,61,69,1.144927536231884,0.05171962876419153,662,They're going uber traditional.
452,3593,1,8,60,69,1.144927536231884,0.04742006474057418,662,Did you turn off the oven?
904,3593,3,4,62,69,1.144927536231884,0.055688216518499936,662,"I've been a bridesmaid before, but never a Raid of Honor."""
192,3593,0,10,59,69,1.144927536231884,0.04268963668731212,662,This way they can keep battling during their off-hours.
950,3593,2,6,61,69,1.144927536231884,0.05171962876419153,662,i’m telling you now because i don’t want anybody saying i lost control or whatever—im getting extremely fucked up tonight
914,3593,3,4,62,69,1.144927536231884,0.055688216518499936,662,I hear there’s Reindeer meatballs at the reception.
2164,3593,3,4,62,69,1.144927536231884,0.055688216518499936,662,You have to wonder why more couples aren’t meeting abroad.
2141,3593,1,8,60,69,1.144927536231884,0.04742006474057418,662,They've had a prickly relationship.
1933,3593,2,6,61,69,1.144927536231884,0.05171962876419153,662,"It's the newest thing in formal wedding, cave-wear!"
1797,3593,2,6,61,69,1.144927536231884,0.05171962876419153,662,Binding Olaf
1790,3593,1,8,60,69,1.144927536231884,0.04742006474057418,662,The husband market is getting really tough these days.
1616,3593,0,10,59,69,1.144927536231884,0.04268963668731212,662,Never thought that this would be Ann’s ‘horny scandinavian guy’!
1579,3593,1,8,60,69,1.144927536231884,0.04742006474057418,662,The minister got licensed online for a pagan ceremony.
1568,3593,0,10,59,69,1.144927536231884,0.04268963668731212,662,"Do you, Thor and Odin ..."
2092,3593,3,4,62,69,1.144927536231884,0.055688216518499936,662,"And do you promise to love, honor and  plunder?"
1472,3593,0,10,59,69,1.144927536231884,0.04268963668731212,662,They came straight from the Avengers premier.
1445,3593,0,10,59,69,1.144927536231884,0.04268963668731212,662,It’s about time. Seems like they were engaged forever.
1419,3593,2,6,61,69,1.144927536231884,0.05171962876419153,662,I hear they're going to pillage the Greek Islands for their honeymoon.
1412,3593,1,8,60,69,1.144927536231884,0.04742006474057418,662,Aaaardo
1391,3593,1,8,60,69,1.144927536231884,0.04742006474057418,662,"Well, finally, the old battle-axe meet her match!"
1113,3593,0,10,59,69,1.144927536231884,0.04268963668731212,662,"By the authority vested in me by Wotan, I pronounce you man and wife."
1090,3593,0,10,59,69,1.144927536231884,0.04268963668731212,662,She'll have her hands full.  He's a hopeless plunderer.
1476,3593,0,10,59,69,1.144927536231884,0.04268963668731212,662,"No rabbi, and no lox at the reception. They couldn't agree to raise the kids Jewish."
967,3593,2,6,61,69,1.144927536231884,0.05171962876419153,662,There are going to be some serious arguments over the shoe rack.
1789,3677,0,10,60,70,1.1428571428571428,0.04212627318711346,662,"Why doesn’t she have “white”
on ?"
3721,3677,1,8,61,70,1.1428571428571428,0.04678356086900135,662,Didn’t they make that illegal?
3672,3679,2,5,58,65,1.1384615384615384,0.053154903696481744,662,"... and if anyone objects to this union, take your complaint up directly with Lars."
3574,3679,0,9,56,65,1.1384615384615384,0.043172969847391635,662,They wanted Goth wedding outfits but the designer misheard and made Visigoth attire.
3543,3679,1,7,57,65,1.1384615384615384,0.04842183966159297,662,". . .    and if anyone here has a spoiler alert, let them speak now or forever hold their peace."
3507,3679,0,9,56,65,1.1384615384615384,0.043172969847391635,662,Walking down the isle to Ride of the Valkyries makes up for not finding a white pelt.
3475,3679,1,7,57,65,1.1384615384615384,0.04842183966159297,662,They're headed for  Valhella.
2733,3679,1,7,57,65,1.1384615384615384,0.04842183966159297,662,"Do you take this Clan"""
3204,3679,1,7,57,65,1.1384615384615384,0.04842183966159297,662,I now pronounce you cave man and wife.
2907,3679,0,9,56,65,1.1384615384615384,0.043172969847391635,662,"no, they didn't have a wedding list, they just wanted everyone to contribute to the raiding party"
2774,3679,1,7,57,65,1.1384615384615384,0.04842183966159297,662,"You know who will catch the bigger fish in family, don’tcha?”"
3681,3679,1,7,57,65,1.1384615384615384,0.04842183966159297,662,This is a match made in Valhalla...you may now kiss the bride and prepare to come out fighting!
2687,3679,1,7,57,65,1.1384615384615384,0.04842183966159297,662,Viking Cruises now offer weddings onboard
3432,3679,1,7,57,65,1.1384615384615384,0.04842183966159297,662,This is the closest they could come to a destination wedding in Valhalla.
3695,3679,0,9,56,65,1.1384615384615384,0.043172969847391635,662,"She clubbed him, then he stabbed her and it was love at first sight."
4597,3679,0,9,56,65,1.1384615384615384,0.043172969847391635,662,"We're here to renew our vows from 130,000 years ago."
3726,3679,2,5,58,65,1.1384615384615384,0.053154903696481744,662,Do you take this galoot.....
3910,3679,2,5,58,65,1.1384615384615384,0.053154903696481744,662,Their honeymoon is in Bayreuth.
3995,3679,1,7,57,65,1.1384615384615384,0.04842183966159297,662,She's from New York and he's from Kansas but they grew up in the same tribe.
4343,3679,0,9,56,65,1.1384615384615384,0.043172969847391635,662,"I told her the wedding party would be overdressed, but she insisted on formal wear."
4353,3679,1,7,57,65,1.1384615384615384,0.04842183966159297,662,They were made for each other.
4385,3679,0,9,56,65,1.1384615384615384,0.043172969847391635,662,"It's all so romantic, but I'm really just here for the Nässelsoppa."
4432,3679,2,5,58,65,1.1384615384615384,0.053154903696481744,662,It's more a negotiated settlement than a marriage.
4491,3679,0,9,56,65,1.1384615384615384,0.043172969847391635,662,Are you sure we got the right address?
4561,3679,0,9,56,65,1.1384615384615384,0.043172969847391635,662,"Not much help around the house, though."
4604,3679,1,7,57,65,1.1384615384615384,0.04842183966159297,662,My guess is they'll probably go on a cruise for the honeymoon.
4756,3679,2,5,58,65,1.1384615384615384,0.053154903696481744,662,"It  looks like the third groomsman got cold feet.""
Constance Canning
Sea Cliff, N"
4769,3679,1,7,57,65,1.1384615384615384,0.04842183966159297,662,Corinthians? Really?
2685,3679,1,7,57,65,1.1384615384615384,0.04842183966159297,662,They're going to sack Niagara Falls on their honeymoon.
3709,3679,1,7,57,65,1.1384615384615384,0.04842183966159297,662,"They certainly appear to be made for each other.”

Robert Mayer, Warsaw, Indiana"
2610,3679,1,7,57,65,1.1384615384615384,0.04842183966159297,662,Looks like we know whose going rule this marriage
2296,3679,2,5,58,65,1.1384615384615384,0.053154903696481744,662,"At LEAST he's a boy of her own faith."""
2426,3679,1,7,57,65,1.1384615384615384,0.04842183966159297,662,I'm thinking this is not an appropriate place for cosplay.
2453,3679,1,7,57,65,1.1384615384615384,0.04842183966159297,662,"Cavewoman, do you take this Viking ..."
60,3679,2,5,58,65,1.1384615384615384,0.053154903696481744,662,Always the bridesmaid and never the bride...even when they rape and pillage.  Sad!
270,3679,1,7,57,65,1.1384615384615384,0.04842183966159297,662,The goat roasting outside smells delicious.
353,3679,2,5,58,65,1.1384615384615384,0.053154903696481744,662,I think they're planning to raise the kids Reconstructionist
358,3679,1,7,57,65,1.1384615384615384,0.04842183966159297,662,He’s pretty much Jon Snowway.
516,3679,2,5,58,65,1.1384615384615384,0.053154903696481744,662,He’s adopted our entertainment affliction.
790,3679,1,7,57,65,1.1384615384615384,0.04842183966159297,662,They met at a pillage party.
870,3679,0,9,56,65,1.1384615384615384,0.043172969847391635,662,Are you in the pool? Stab or behead.
907,3679,0,9,56,65,1.1384615384615384,0.043172969847391635,662,Don't you thing that's taking informal too far?
1017,3679,1,7,57,65,1.1384615384615384,0.04842183966159297,662,They met on a panty raid  and she won.
1088,3679,1,7,57,65,1.1384615384615384,0.04842183966159297,662,"She caught the bouquet at Shirley’s wedding - literally, no of us came close"
1148,3679,2,5,58,65,1.1384615384615384,0.053154903696481744,662,I'm glad they were able to move their wedding ahead of the finally of Game of Thrones.
1163,3679,2,5,58,65,1.1384615384615384,0.053154903696481744,662,Even the most seafaring among us eventually gives into Netflix and heteronormativity.
822,3679,1,7,57,65,1.1384615384615384,0.04842183966159297,662,Are you sure we're at the right wedding?
1302,3679,2,5,58,65,1.1384615384615384,0.053154903696481744,662,'It's a Game Of Thrones meets Bridesmaids themed wedding.
1227,3679,1,7,57,65,1.1384615384615384,0.04842183966159297,662,It was a traditional wedding
2188,3679,0,9,56,65,1.1384615384615384,0.043172969847391635,662,"I told you Joan, do not under circumstance vote for the damn liberal!"
2128,3679,2,5,58,65,1.1384615384615384,0.053154903696481744,662,"This viking man, who has a pierced limb, is better prepared for marriage as he understands pain"
2083,3679,1,7,57,65,1.1384615384615384,0.04842183966159297,662,I hear the father's really pushing their marriage because she's pregnant. It's a real crossbow wedding.
1927,3679,1,7,57,65,1.1384615384615384,0.04842183966159297,662,Leif will be setting forth to discover America.
1516,3679,0,9,56,65,1.1384615384615384,0.043172969847391635,662,Their vows better not have any spoilers for the new season.
1988,3679,0,9,56,65,1.1384615384615384,0.043172969847391635,662,Do you swear to burn the other's village down if they forget to wash the dishes?
1504,3679,3,3,59,65,1.1384615384615384,0.05749967841433098,662,"These Viking vows are not my cup of tea.”

Don Dechman
Austin, T"
1405,3679,2,5,58,65,1.1384615384615384,0.053154903696481744,662,I hate pillage-a-destination weddings.
1365,3679,1,7,57,65,1.1384615384615384,0.04842183966159297,662,The rabbi is plotzing.”
1348,3679,1,7,57,65,1.1384615384615384,0.04842183966159297,662,"If anyone has any objections, on their own heads be it."
1342,3679,0,9,56,65,1.1384615384615384,0.043172969847391635,662,You may now ravish the bride.
3340,3737,1,7,58,66,1.1363636363636365,0.04772866020849245,662,"Now please repeat after me I take this sword with my hand and promise to shine it, buff it, clean it and always be there to lend my hand for any puncture wounds. I honor and protect this sword till death do us heart."
3222,3737,2,5,59,66,1.1363636363636365,0.052385355506078195,662,And do you Prince Rhaegar Targaryen  aka Jon Snow take your Aunt Daenerys Targaryen tp be your lawfully wedded wife...
3235,3737,0,9,57,66,1.1363636363636365,0.042565532289603344,662,I now pronounce you underdressed
3284,3737,1,7,58,66,1.1363636363636365,0.04772866020849245,662,And now I pronounce you husband and strife.
3129,3737,0,9,57,66,1.1363636363636365,0.042565532289603344,662,Looks like he finally proposed.
3550,3737,0,9,57,66,1.1363636363636365,0.042565532289603344,662,They're honeymooning in some place called Valhalla.
4574,3737,2,5,59,66,1.1363636363636365,0.052385355506078195,662,The met on eHarm-me.com.
4608,3737,1,7,58,66,1.1363636363636365,0.04772866020849245,662,Were you put asunder?
3866,3737,1,7,58,66,1.1363636363636365,0.04772866020849245,662,"I understand you're honeymooning in ""America.""  You know they don't have any hotels or National Parks yet."
4397,3737,1,7,58,66,1.1363636363636365,0.04772866020849245,662,I still worry that there's a better match for her out there.
4458,3737,0,9,57,66,1.1363636363636365,0.042565532289603344,662,"To faithfully pillage and plunder every Hometown buffet , til heart attack do you part?"
4484,3737,0,9,57,66,1.1363636363636365,0.042565532289603344,662,I do wish Penelope had given a clearer dress code than “smart casual”
2783,3737,2,5,59,66,1.1363636363636365,0.052385355506078195,662,They are perfect together except when they argue.  Can get dangerous.
3778,3737,1,7,58,66,1.1363636363636365,0.04772866020849245,662,Lou’s Costume Shop screws up again!  Where’s Lars with the bear skins?
2781,3737,2,5,59,66,1.1363636363636365,0.052385355506078195,662,Because the quintessential American experience is to know divorce.
986,3737,1,7,58,66,1.1363636363636365,0.04772866020849245,662,I get the ‘til death do us part part.
2723,3737,2,5,59,66,1.1363636363636365,0.052385355506078195,662,"Do you promise to love, cherish, solemnly plunder..."
181,3737,0,9,57,66,1.1363636363636365,0.042565532289603344,662,I find broad swords to be kinda sexist!
300,3737,1,7,58,66,1.1363636363636365,0.04772866020849245,662,It's not exactly a marriage made in Valhalla.
2779,3737,1,7,58,66,1.1363636363636365,0.04772866020849245,662,Do you like this Thor better or worse?
567,3737,0,9,57,66,1.1363636363636365,0.042565532289603344,662,"Is this your first stopover wedding?"""
974,3737,1,7,58,66,1.1363636363636365,0.04772866020849245,662,"Oh goodness, he forgot the club!"
1190,3737,0,9,57,66,1.1363636363636365,0.042565532289603344,662,Should we tell them it's 'for better or WORSE'?
566,3737,1,7,58,66,1.1363636363636365,0.04772866020849245,662,Lutefisk bouquet...Pass it on.
1512,3737,0,9,57,66,1.1363636363636365,0.042565532289603344,662,She wants a funeral pryer at the reception? Can't Brunnhilde just get a ring that isn't cursed
1794,3737,0,9,57,66,1.1363636363636365,0.042565532289603344,662,Were we supposed to dress up?
1855,3737,2,5,59,66,1.1363636363636365,0.052385355506078195,662,I can't believe they killed May & Steve and took over...oh well!
2125,3737,0,9,57,66,1.1363636363636365,0.042565532289603344,662,The bride and groom will build a goose-feather pilllow factory in some sleepy town Down Plunder.
2242,3737,1,7,58,66,1.1363636363636365,0.04772866020849245,662,I  now pronounce you Hon and Honey
2621,3737,1,7,58,66,1.1363636363636365,0.04772866020849245,662,"I now pronounce you Roman and Greek; you may ""Cross Swords""!"
1286,3737,1,7,58,66,1.1363636363636365,0.04772866020849245,662,Did anyone remember to bring the Starbucks cup?
2895,3768,1,7,59,67,1.1343283582089552,0.04705493189919477,662,"They met to as extras on
“Game of Thrones”"
4863,3768,0,9,58,67,1.1343283582089552,0.041974785069899656,662,No worries! They fight in different weight classes.
4295,3768,1,7,59,67,1.1343283582089552,0.04705493189919477,662,"Well, I call it a 'Game of Ridiculousness' theme."
4036,3768,1,7,59,67,1.1343283582089552,0.04705493189919477,662,I can’t believe that city hall gave them a pillaging license.
3705,3768,1,7,59,67,1.1343283582089552,0.04705493189919477,662,"She got her old fashioned wedding, but just wait until she learns about his primae noctis."
3463,3768,1,7,59,67,1.1343283582089552,0.04705493189919477,662,I fear they may thrash out their problems.
3114,3768,2,5,60,67,1.1343283582089552,0.0516376863386756,662,"With the cost of weddings these days, you have to save money somewhere."
3082,3768,1,7,59,67,1.1343283582089552,0.04705493189919477,662,"Hey, you other heathens out there. Keep it down!"
2270,3768,2,5,60,67,1.1343283582089552,0.0516376863386756,662,"...to love, honor, and pillage 'til death..."
3601,3768,0,9,58,67,1.1343283582089552,0.041974785069899656,662,Wagner didn't say anything about an Afro-American minister
2100,3768,0,9,58,67,1.1343283582089552,0.041974785069899656,662,Theirs is an Outlanderesque romance!
778,3768,0,9,58,67,1.1343283582089552,0.041974785069899656,662,Who is going to catch the bouquet?
1471,3768,2,5,60,67,1.1343283582089552,0.0516376863386756,662,"...and if anyone knows why these two should not be joined in holy matrimony, speak now or hold your peace - at least until the next installment."
1542,3768,1,7,59,67,1.1343283582089552,0.04705493189919477,662,They told us to come in costume.
1666,3768,2,5,60,67,1.1343283582089552,0.0516376863386756,662,She finally got him to the altar after all these years.
2182,3768,0,9,58,67,1.1343283582089552,0.041974785069899656,662,They're honeymooning to a place they can pillage.
1758,3768,1,7,59,67,1.1343283582089552,0.04705493189919477,662,Too fuckin weird
2023,3768,1,7,59,67,1.1343283582089552,0.04705493189919477,662,They also hunted down their own vows.
2055,3768,2,5,60,67,1.1343283582089552,0.0516376863386756,662,"If anyone objects to this marriage, speak now...and prepare to die."
540,3787,1,7,60,68,1.1323529411764706,0.0463998528118308,662,"To be honest, I was expecting something a bit more 'Hart to Hart' from a Wagner-themed wedding."
713,3787,0,9,59,68,1.1323529411764706,0.0414000577075105,662,Not sure how this is going to go
1007,3787,1,7,60,68,1.1323529411764706,0.0463998528118308,662,Have you ever eaten a wild boar? Thor has just speared one outside!
2093,3787,0,9,59,68,1.1323529411764706,0.0414000577075105,662,"Well, they wanted the wedding to be on Halloween, not us."
4035,3787,2,5,61,68,1.1323529411764706,0.05091098018830443,662,The pastor says downtown Greenville is considered quite the destination wedding spot in some circles.
4781,3787,1,7,60,68,1.1323529411764706,0.0463998528118308,662,"This  is what you called a wedding. It's
more of  a fantasy wedding to Hilga and Thor!?"
1482,3793,0,9,60,69,1.1304347826086956,0.040840714635988,662,I now pronounce you Hun and Hunter.
4906,3794,1,6,55,62,1.1290322580645162,0.048694598441382554,662,They’re pillaging Maui on their honeymoon
4807,3794,1,6,55,62,1.1290322580645162,0.048694598441382554,662,What year did they discover undies?
4672,3794,0,8,54,62,1.1290322580645162,0.042922525410265526,662,"Oh, come on ... how is this racist?! Just tell that caveman-husband of yours to get in here!"
3921,3794,0,8,54,62,1.1290322580645162,0.042922525410265526,662,"They might not wear deodorant, but at least they are vegan."
3702,3794,0,8,54,62,1.1290322580645162,0.042922525410265526,662,I get really weepy when they begin the Viking chants and stomp on the grog glass.
3513,3794,0,8,54,62,1.1290322580645162,0.042922525410265526,662,"...plus, I think Erik's had far too much influence over Edie."
1617,3794,1,6,55,62,1.1290322580645162,0.048694598441382554,662,His groomsmen should have dressed up
732,3794,0,8,54,62,1.1290322580645162,0.042922525410265526,662,"If he is a Viking chieftain, is 

she royalty now?"
548,3794,0,8,54,62,1.1290322580645162,0.042922525410265526,662,"It's customary, for the bridesmaids to provide the milk after the ceremony."
1994,3803,0,9,61,70,1.1285714285714286,0.04029615300200892,662,"And you solemnly pledge to rape, pillage and plunder 'till death do you part?"
3837,3804,1,6,56,63,1.126984126984127,0.04795918799660978,662,I heard that they pre-nupped their spears.
3814,3804,0,8,55,63,1.126984126984127,0.0422853514020739,662,I now declare you Viking and Queen.
3707,3804,2,4,57,63,1.126984126984127,0.0530293926364563,662,I hear he's a great spear-man.
3700,3804,1,6,56,63,1.126984126984127,0.04795918799660978,662,"'Once a pillager, always a pillager,' is what I say."
3688,3804,0,8,55,63,1.126984126984127,0.0422853514020739,662,"After all, her parents did name her Freya."
3662,3804,1,6,56,63,1.126984126984127,0.04795918799660978,662,Don't you think the Game of Thrones theme is a little tacky?
3544,3804,1,6,56,63,1.126984126984127,0.04795918799660978,662,We will have to bring our own napkins to the reception
3523,3804,2,4,57,63,1.126984126984127,0.0530293926364563,662,"We are witnessing a revolutionary paradigm shift, Rolf!"
3488,3804,0,8,55,63,1.126984126984127,0.0422853514020739,662,"Could you hurry along, we have a GEICO commercial 
in about 15 minutes.”  Jacqueline Moran, Canada"
3480,3804,2,4,57,63,1.126984126984127,0.0530293926364563,662,Inauthentic horns aren't 'just cause'.
2707,3804,2,4,57,63,1.126984126984127,0.0530293926364563,662,"George, are they our new members?"
3058,3804,2,4,57,63,1.126984126984127,0.0530293926364563,662,I hate these Cosplay weddings.
3046,3804,0,8,55,63,1.126984126984127,0.0422853514020739,662,Who would have thought that a simple conquest would end in such a love story?
3038,3804,1,6,56,63,1.126984126984127,0.04795918799660978,662,I had to call five different Crate and Barrels to find a crossbow big enough to slay a dragon.
3019,3804,1,6,56,63,1.126984126984127,0.04795918799660978,662,"To hack and to hold, to bludgeon and perish, till left hewn up parts"
2915,3804,1,6,56,63,1.126984126984127,0.04795918799660978,662,"She said her friend was trading goods, not vows!"
2899,3804,0,8,55,63,1.126984126984127,0.0422853514020739,662,So you know Mary from what type of summer camp?
2797,3804,1,6,56,63,1.126984126984127,0.04795918799660978,662,Can't you just see the battles coming in this marriage!
2736,3804,1,6,56,63,1.126984126984127,0.04795918799660978,662,"No, he doesn't always where those horns, only on ceremonies."
3873,3804,0,8,55,63,1.126984126984127,0.0422853514020739,662,"If there is anyone here that objects to the union of Dakota and Kyle, please attack now or forever...hold your piece."
2701,3804,0,8,55,63,1.126984126984127,0.0422853514020739,662,"I always cry when they promise to “love, honor, and avenge.”"
3438,3804,2,4,57,63,1.126984126984127,0.0530293926364563,662,We should have dressed down.
3903,3804,0,8,55,63,1.126984126984127,0.0422853514020739,662,Their love conquered all.
4449,3804,0,8,55,63,1.126984126984127,0.0422853514020739,662,I hear they met at a Vikings re-enactment.
4060,3804,1,6,56,63,1.126984126984127,0.04795918799660978,662,She's from somewhere in Scandinavia
4900,3804,1,6,56,63,1.126984126984127,0.04795918799660978,662,You know I once ordained a Native American wedding as well.
4855,3804,0,8,55,63,1.126984126984127,0.0422853514020739,662,"I don't care how they want to go primitive, you still shouldn't marry your sister."
4854,3804,0,8,55,63,1.126984126984127,0.0422853514020739,662,Friend's of the bride or the barbarian.
4825,3804,1,6,56,63,1.126984126984127,0.04795918799660978,662,I'd never have guessed that Archibald Harrison was a Viking name
4803,3804,0,8,55,63,1.126984126984127,0.0422853514020739,662,"Always the bridesmaid, never the reenactress."
4755,3804,0,8,55,63,1.126984126984127,0.0422853514020739,662,"Honor thy great, great, great, great, great, great . . ."
4728,3804,1,6,56,63,1.126984126984127,0.04795918799660978,662,It's the TV series trend...fan affiancing.
4714,3804,0,8,55,63,1.126984126984127,0.0422853514020739,662,"I told her not to say ""yes"" to that dress."
4705,3804,0,8,55,63,1.126984126984127,0.0422853514020739,662,Looks like Karen's 23 and Me results finally came in
4694,3804,1,6,56,63,1.126984126984127,0.04795918799660978,662,Blake's marrying his own Mother?
3980,3804,1,6,56,63,1.126984126984127,0.04795918799660978,662,They're really into pillaging.
4661,3804,1,6,56,63,1.126984126984127,0.04795918799660978,662,I'm seeing red flags that he's a misogynist.
4543,3804,0,8,55,63,1.126984126984127,0.0422853514020739,662,You should've seen her Pinterest board.
4480,3804,0,8,55,63,1.126984126984127,0.0422853514020739,662,Marriage does not come with the benefits of a civil union.
4901,3804,1,6,56,63,1.126984126984127,0.04795918799660978,662,Sure like to see their first serious disagreement....
4429,3804,2,4,57,63,1.126984126984127,0.0530293926364563,662,I pronounce you  pillager and pillagess.
4412,3804,0,8,55,63,1.126984126984127,0.0422853514020739,662,"I get the Viking theme, but the bride and groom matching gowns took it a little too far."
4360,3804,1,6,56,63,1.126984126984127,0.04795918799660978,662,"Well, I guess we know who's gonna wear the pants."
4271,3804,0,8,55,63,1.126984126984127,0.0422853514020739,662,She always wanted to live in Valhalla...
4169,3804,1,6,56,63,1.126984126984127,0.04795918799660978,662,"Judy and Bernard, do you promise to love each other through sickness and health, winters and dragons?"
4164,3804,0,8,55,63,1.126984126984127,0.0422853514020739,662,"I just love an intercultural wedding, don’t you?”"
4123,3804,1,6,56,63,1.126984126984127,0.04795918799660978,662,I told you. Paleo is not for weight loss.
2649,3804,2,4,57,63,1.126984126984127,0.0530293926364563,662,I'm freezing!
4583,3804,0,8,55,63,1.126984126984127,0.0422853514020739,662,"When she turns around to throw the bouquet, run like hell."
2598,3804,2,4,57,63,1.126984126984127,0.0530293926364563,662,It'll never work. He's a Viking and she roots for the Bears.
2499,3804,0,8,55,63,1.126984126984127,0.0422853514020739,662,Can I skip the reception?
1267,3804,2,4,57,63,1.126984126984127,0.0530293926364563,662,They met on a GOT chat board bonding over the existential relevance of the misplaced Starbucks coffee cup
1261,3804,0,8,55,63,1.126984126984127,0.0422853514020739,662,They're going to raid and pillage on their honeymoon.
1252,3804,1,6,56,63,1.126984126984127,0.04795918799660978,662,They decided they'd better tie the knot before the series ends.
1140,3804,0,8,55,63,1.126984126984127,0.0422853514020739,662,"I suppose when your wedding vows include the promise to love, honor and plunder and pillage life together, Viking formal makes sense."
987,3804,2,4,57,63,1.126984126984127,0.0530293926364563,662,I'm surprised she's not wearing heels.
770,3804,1,6,56,63,1.126984126984127,0.04795918799660978,662,They both insisted on self protection from the church!!
631,3804,0,8,55,63,1.126984126984127,0.0422853514020739,662,"She said ""yes' to the sword."
616,3804,1,6,56,63,1.126984126984127,0.04795918799660978,662,I told her it wouldn't make him look thinner.
575,3804,1,6,56,63,1.126984126984127,0.04795918799660978,662,I think those guys are in White Walkers evening wear.
541,3804,2,4,57,63,1.126984126984127,0.0530293926364563,662,"Oh yeah, they're nazi af."
2580,3804,1,6,56,63,1.126984126984127,0.04795918799660978,662,I bet she ends up being the one who wears the pants in the family.
499,3804,0,8,55,63,1.126984126984127,0.0422853514020739,662,"I thought G.O.T. meant ""Grand Old Time""....."
470,3804,2,4,57,63,1.126984126984127,0.0530293926364563,662,Why are they dressed like that?
439,3804,1,6,56,63,1.126984126984127,0.04795918799660978,662,"By the pigeonhole principle, a threesome involving the bridesmaids and groomsmen is guaranteed."
220,3804,1,6,56,63,1.126984126984127,0.04795918799660978,662,"See, I told you he had a ""Neanderthal"" mind-set.


Cameron Aujuard, Sacramento, CA"
212,3804,0,8,55,63,1.126984126984127,0.0422853514020739,662,Last week the couple were zoo animals. I need to choose more normal  friends.
205,3804,1,6,56,63,1.126984126984127,0.04795918799660978,662,For the honeymoon they plan to raid and pillage Las Vegas.
119,3804,0,8,55,63,1.126984126984127,0.0422853514020739,662,She only called him Hunny once.
85,3804,1,6,56,63,1.126984126984127,0.04795918799660978,662,I think she'll be the first one to sever the this marriage.
49,3804,0,8,55,63,1.126984126984127,0.0422853514020739,662,Makes you want to cry.
38,3804,0,8,55,63,1.126984126984127,0.0422853514020739,662,"I heard this was going to be a 'Red Wedding,' but the color scheme is lavender."
1282,3804,1,6,56,63,1.126984126984127,0.04795918799660978,662,"I forget, which one is supposed to crush the defeated foe's skull at the end?"
1370,3804,1,6,56,63,1.126984126984127,0.04795918799660978,662,Instagram.
514,3804,0,8,55,63,1.126984126984127,0.0422853514020739,662,She told me they're delaying their honeymoon until they can pillage enough to afford Napa.
1461,3804,1,6,56,63,1.126984126984127,0.04795918799660978,662,Red Wedding theme? I'm skipping the reception!
1384,3804,1,6,56,63,1.126984126984127,0.04795918799660978,662,Repeat after me: with Der Ring I thee wed.
2459,3804,0,8,55,63,1.126984126984127,0.0422853514020739,662,"I'm keeping my fingers crossed that the lovely couple didn't carry the viking theme over to the reception.  I gag when I think of fowl cooked on a spit.  It's just not right, Anna!"
2328,3804,0,8,55,63,1.126984126984127,0.0422853514020739,662,I vow to never go to bed angry; we will stay up and fight till death do us part!
2173,3804,1,6,56,63,1.126984126984127,0.04795918799660978,662,Strangest wedding ever!  Only two groomsmen?!?!?
2115,3804,0,8,55,63,1.126984126984127,0.0422853514020739,662,"Their version is, “Something old. Something new. Something borrowed, and something to murder people with.”"
2091,3804,0,8,55,63,1.126984126984127,0.0422853514020739,662,Who said he was 'horrible'?
2070,3804,1,6,56,63,1.126984126984127,0.04795918799660978,662,I heard they are honeymooning in the European countryside
2058,3804,2,4,57,63,1.126984126984127,0.0530293926364563,662,They both endured pretty rough previous marriages
1997,3804,0,8,55,63,1.126984126984127,0.0422853514020739,662,"When they're done, do they smash the glass or their enemies?"
1875,3804,1,6,56,63,1.126984126984127,0.04795918799660978,662,"Mr. Devilson, I Dare Solemnizing This Marriage With Ms.Devilia, Your Clawfui Wife as Witnessed by Witches """
1872,3804,0,8,55,63,1.126984126984127,0.0422853514020739,662,That sword is a custom made Vera wang
2087,3804,2,4,57,63,1.126984126984127,0.0530293926364563,662,They said they wanted it to be old fashioned.
1842,3804,1,6,56,63,1.126984126984127,0.04795918799660978,662,Now you may stab the bride
1837,3804,1,6,56,63,1.126984126984127,0.04795918799660978,662,And a destination wedding in Mexico!
1740,3804,0,8,55,63,1.126984126984127,0.0422853514020739,662,...no I did not give her advice on the outfit only the broadsword..
1701,3804,1,6,56,63,1.126984126984127,0.04795918799660978,662,I still think the cougar skin would be more flattering.
1675,3804,0,8,55,63,1.126984126984127,0.0422853514020739,662,Do we have any glasses that aren't smashed?
1660,3804,0,8,55,63,1.126984126984127,0.0422853514020739,662,Don't you think we are taking the TV show a bit too far ?
1636,3804,1,6,56,63,1.126984126984127,0.04795918799660978,662,She's a US Senator you know.
1613,3804,1,6,56,63,1.126984126984127,0.04795918799660978,662,"In sickness and in health, in conquest and in vanquishment?"
1547,3804,1,6,56,63,1.126984126984127,0.04795918799660978,662,"I give them six months, tops."
1849,3804,1,6,56,63,1.126984126984127,0.04795918799660978,662,"If anyone can show just cause why this couple cannot lawfully be joined together in matrimony, grab a weapon or forever hold your peace."
1468,3804,0,8,55,63,1.126984126984127,0.0422853514020739,662,"And do you, Gudrun, take this man to love and to cherish in sickness and in pelf?"
2897,3903,1,6,57,64,1.125,0.0472455591261534,662,Did you say Till DEATH?
2813,3903,0,8,56,64,1.125,0.041666666666666664,662,Who told us to wear dress suits?
2718,3903,1,6,57,64,1.125,0.0472455591261534,662,Now I wish I watched Game of Thrones.
2715,3903,1,6,57,64,1.125,0.0472455591261534,662,"Suzanne and Tom's ""Red Wedding"" theme ceremony was actually very sweet up until the live reenactment."
2698,3903,0,8,56,64,1.125,0.041666666666666664,662,I heard she wouldn't marry him until he promised to take her along on his next invasion.
2069,3903,1,6,57,64,1.125,0.0472455591261534,662,I yabba dabba doo!
2538,3903,0,8,56,64,1.125,0.041666666666666664,662,I hope that minister has a “Not Reaching” pouch...
2325,3903,1,6,57,64,1.125,0.0472455591261534,662,$50 says they both try to go back on the prenup.
2012,3903,0,8,56,64,1.125,0.041666666666666664,662,"""I didn't know it was a destination wedding."""
2983,3903,1,6,57,64,1.125,0.0472455591261534,662,I now pronounce you George and Edna Finklestein-beyond-the wall.
2593,3903,2,4,58,64,1.125,0.052231930877334055,662,"They weren't going to give them the marriage license, but once the Clerk saw the spears they changed their tune."
3407,3903,0,8,56,64,1.125,0.041666666666666664,662,"The only thing I worry about is the ""til death do we part"" business."
4870,3903,0,8,56,64,1.125,0.041666666666666664,662,Can I just object now?
3811,3903,2,4,58,64,1.125,0.052231930877334055,662,And do you take this pagan bastard to be your lawfully wedded husband?
3827,3903,1,6,57,64,1.125,0.0472455591261534,662,"Getting married period,"" that's what she said"
3954,3903,2,4,58,64,1.125,0.052231930877334055,662,At least this isn't a RED wedding.
4157,3903,0,8,56,64,1.125,0.041666666666666664,662,I thought the days of themed weddings had passed ?
4282,3903,1,6,57,64,1.125,0.0472455591261534,662,Did you even bother looking at place settings?
4376,3903,1,6,57,64,1.125,0.0472455591261534,662,Psst...Maggie...I love her dress! So camp!
4425,3903,0,8,56,64,1.125,0.041666666666666664,662,She likes to polish his sword.
4438,3903,1,6,57,64,1.125,0.0472455591261534,662,They don’t like needles so they chose this as their form of execution.”
4902,3903,0,8,56,64,1.125,0.041666666666666664,662,Originally the ceremony was scheduled for the longship but NOAA put out a Small Craft Advisory for today.
4860,3903,1,6,57,64,1.125,0.0472455591261534,662,So that's why they booked Valhalla.
4890,3903,2,4,58,64,1.125,0.052231930877334055,662,"Adam, do you take Eve as your lawful wife..."
1982,3903,0,8,56,64,1.125,0.041666666666666664,662,Arguments could be deadly!
3720,3903,0,8,56,64,1.125,0.041666666666666664,662,"Will you now place the ring on the finger of your bride, whom you met on Season 5, Episode 8 of ""Viking Survivor""?"
1937,3903,1,6,57,64,1.125,0.0472455591261534,662,"She's really gone overboard* 
*(Vikings frequently travelled by sea)"
4738,3903,1,6,57,64,1.125,0.0472455591261534,662,"In the interest of public safety, I am going to skip over the ""Any just cause"" bit."
1881,3903,1,6,57,64,1.125,0.0472455591261534,662,Third times a charm.
1903,3903,1,6,57,64,1.125,0.0472455591261534,662,He mixed up penguins and cows
111,3903,0,8,56,64,1.125,0.041666666666666664,662,How nice they could take a break from streaming Game of Thrones to join us .
191,3903,1,6,57,64,1.125,0.0472455591261534,662,I take it you're gender neutral?
305,3903,1,6,57,64,1.125,0.0472455591261534,662,Sorry the Grand Poobah couldn't make it. He sends his regards.
422,3903,2,4,58,64,1.125,0.052231930877334055,662,This is completely different than his Dad’s funeral.
600,3903,0,8,56,64,1.125,0.041666666666666664,662,I was told the cute one is into threesomes...
630,3903,1,6,57,64,1.125,0.0472455591261534,662,"This is a lot of work for me, knowing he's a dental assistant."
661,3903,1,6,57,64,1.125,0.0472455591261534,662,"Well, they said they were going to be unforgettable."
692,3903,1,6,57,64,1.125,0.0472455591261534,662,"If I try to catch that bouquet, maybe it'll put me out of my misery."
817,3903,1,6,57,64,1.125,0.0472455591261534,662,She thinks the sword is more intimate than a shotgun.
1012,3903,1,6,57,64,1.125,0.0472455591261534,662,"""I heard they met on a rape and pillage"
1013,3903,0,8,56,64,1.125,0.041666666666666664,662,Your vows will be exploratory.
892,3903,0,8,56,64,1.125,0.041666666666666664,662,"She's my BFF from ages ago -- always a hipster, even back then."
1297,3903,2,4,58,64,1.125,0.052231930877334055,662,I'm more of a Packer's fan.
1880,3903,2,4,58,64,1.125,0.052231930877334055,662,I think they forgot and left the fire going in the cave
1803,3903,1,6,57,64,1.125,0.0472455591261534,662,"Did you have the ring? Oh, wait, the wheel has yet to be invented!"
1749,3903,1,6,57,64,1.125,0.0472455591261534,662,No one would dare object.  We’ll skip that part.
1095,3903,1,6,57,64,1.125,0.0472455591261534,662,He told her they were best buds at Oxford.
1706,3903,0,8,56,64,1.125,0.041666666666666664,662,Her sword is bigger than his spear--this should be a good match.
1652,3903,0,8,56,64,1.125,0.041666666666666664,662,"""Take this Ludder?""  I didn't know she changed her name!"
1724,3903,1,6,57,64,1.125,0.0472455591261534,662,I don't want to catch her bouquet.
1353,3903,1,6,57,64,1.125,0.0472455591261534,662,I now pronounce you man and wife. You may battle.
1351,3903,0,8,56,64,1.125,0.041666666666666664,662,you know when they said they wanted a old fashion wedding I thought they wanted a dinner and ceramony but even I didn't expect this
1318,3903,1,6,57,64,1.125,0.0472455591261534,662,"She could have done so much better.
Lothbrok.....more like Lothbroke"
1303,3903,2,4,58,64,1.125,0.052231930877334055,662,And you've been saying to me that paleo diet was just a fad
1594,3903,0,8,56,64,1.125,0.041666666666666664,662,It will be your typical rape & pillage reception.
3136,3958,0,8,57,65,1.123076923076923,0.04106568558473582,662,"I see why it works. She has the sharper edge, but he knows how to thrust."
4317,3958,1,6,58,65,1.123076923076923,0.046552763218885414,662,"It all began with the matching purses, then of course they had to go savage vogue."
4049,3958,2,4,59,65,1.123076923076923,0.051458031385614056,662,Was your invitation written on human skin parchment too?
3431,3958,0,8,57,65,1.123076923076923,0.04106568558473582,662,You'll have to exit alone.  They killed the other groomsman.
3307,3958,1,6,58,65,1.123076923076923,0.046552763218885414,662,I guess she wasn't kidding when she said his friends are weirdos.
3047,3958,1,6,58,65,1.123076923076923,0.046552763218885414,662,"Hey, Hilda, this is the part where he says:""Does anybody know any reason..........."""
3632,3958,1,6,58,65,1.123076923076923,0.046552763218885414,662,Gasp! There are only two groomsmen.
2792,3958,2,4,59,65,1.123076923076923,0.051458031385614056,662,And we still don't know who is going to sit on the Iron Throne.
2289,3958,1,6,58,65,1.123076923076923,0.046552763218885414,662,"It's a shame they didn't save the matching reindeer skin tunic for the Met Gala. Now talk about ""camp""."
890,3958,0,8,57,65,1.123076923076923,0.04106568558473582,662,They met LARPing. He saved her from an Wood Elf. Almost lost both arms and both legs. They're all better now. Who did your makeup?
202,3958,0,8,57,65,1.123076923076923,0.04106568558473582,662,Look at that! Her green dress clashes with his red beard.
2972,3958,1,6,58,65,1.123076923076923,0.046552763218885414,662,I knew we shouldn’t have picked October 31st as our wedding day.”
189,3958,1,6,58,65,1.123076923076923,0.046552763218885414,662,And bull fights are to be avoided...
22,3958,2,4,59,65,1.123076923076923,0.051458031385614056,662,I now pronounce husband and wife. You may now cross your weapons.
4682,3972,2,4,60,66,1.121212121212121,0.05070666827479246,662,Vikings are always prepared for their first domestic fight.
3518,3972,1,6,59,66,1.121212121212121,0.04587990563775582,662,I guess we all know who carries the sword in this family.
1259,3972,1,6,59,66,1.121212121212121,0.04587990563775582,662,It'll never last - he treats her like plunder.
650,3972,1,6,59,66,1.121212121212121,0.04587990563775582,662,"I'll never agree to be in a destination wedding again!"""
2778,3972,0,8,58,66,1.121212121212121,0.040481665913459045,662,They're honeymooning via longboat.
3160,3977,1,5,53,59,1.11864406779661,0.048860455426129414,662,"I now pronounce you man & wife; now run, girl, as fast as your legs will carry you!"
3070,3977,1,5,53,59,1.11864406779661,0.048860455426129414,662,I give them six minutes.
3054,3977,0,7,52,59,1.11864406779661,0.042460458882410665,662,Ole and Lena Knyt Knuten.
3142,3977,0,7,52,59,1.11864406779661,0.042460458882410665,662,I bet ‘for poorer’ the way he pillages.
3165,3977,1,5,53,59,1.11864406779661,0.048860455426129414,662,Viking divorces are often brutal.
3405,3977,1,5,53,59,1.11864406779661,0.048860455426129414,662,I don’t see this lasting.
3318,3977,1,5,53,59,1.11864406779661,0.048860455426129414,662,Can you believe she fell for that primitive?!
3357,3977,1,5,53,59,1.11864406779661,0.048860455426129414,662,"They'l
They've taken the  honeymoon as well, then it's back to the pillage."
3378,3977,0,7,52,59,1.11864406779661,0.042460458882410665,662,Notice how they left out “for better or worse”?
3384,3977,0,7,52,59,1.11864406779661,0.042460458882410665,662,I now denounce you as man and knife.
3008,3977,3,1,55,59,1.11864406779661,0.05963431207230083,662,She had to go back a really long time to reclaim her virginity.
3559,3977,0,7,52,59,1.11864406779661,0.042460458882410665,662,Their willingness to compromise bodes well.
3305,3977,1,5,53,59,1.11864406779661,0.048860455426129414,662,"And you promise to plunder together, til hanging do you part."
2980,3977,1,5,53,59,1.11864406779661,0.048860455426129414,662,"Will you Angus love, cherish and  submit to  Penelope? Will you  honor the safety word so death will  not  part?"
2794,3977,1,5,53,59,1.11864406779661,0.048860455426129414,662,I didn't expect this to be in Chicago.
2872,3977,0,7,52,59,1.11864406779661,0.042460458882410665,662,An unexpected plot twist on the Game of Thrones finale.
2838,3977,1,5,53,59,1.11864406779661,0.048860455426129414,662,They’re really excited about their honeymoon river cruise.
2802,3977,0,7,52,59,1.11864406779661,0.042460458882410665,662,AMEN! A marriage between a REAL man and a REAL woman!
2798,3977,1,5,53,59,1.11864406779661,0.048860455426129414,662,I think they're taking this Games of Thrones obsession a little too far.
2664,3977,0,7,52,59,1.11864406779661,0.042460458882410665,662,I thought she said wear a striking outfit?
2645,3977,0,7,52,59,1.11864406779661,0.042460458882410665,662,from this day forward until battle do us part
2442,3977,0,7,52,59,1.11864406779661,0.042460458882410665,662,I hope they didn't hire the band that played at the Red Wedding.
2638,3977,0,7,52,59,1.11864406779661,0.042460458882410665,662,"She says never mind the lance, you should see his longboat!"
2636,3977,1,5,53,59,1.11864406779661,0.048860455426129414,662,She went berserk when the third groomsman cancelled.
2632,3977,1,5,53,59,1.11864406779661,0.048860455426129414,662,"The only thing worse than a destination wedding
is a theme wedding."
2626,3977,0,7,52,59,1.11864406779661,0.042460458882410665,662,I believe its Instagram thats responsible for this.
2555,3977,1,5,53,59,1.11864406779661,0.048860455426129414,662,Who do you think is going to wear the pants in the family?
2482,3977,0,7,52,59,1.11864406779661,0.042460458882410665,662,"Their vows had a lot of heart, but their blood-oaths have a lot of skull."
3584,3977,0,7,52,59,1.11864406779661,0.042460458882410665,662,I heard that Brunhilda & Ragnar met online through the Vikings Forever website”
2887,3977,0,7,52,59,1.11864406779661,0.042460458882410665,662,I hear they'll be honeymooning at the new Greenland beach resort.
3602,3977,0,7,52,59,1.11864406779661,0.042460458882410665,662,It's gonna be one helluva nuptial night!
4342,3977,1,5,53,59,1.11864406779661,0.048860455426129414,662,By the powers vested in me by the state I hereby declare that you are . . . .um . . . line?
3646,3977,1,5,53,59,1.11864406779661,0.048860455426129414,662,UNTIL DEATH DO THEM PART. RIGHT.
4904,3977,1,5,53,59,1.11864406779661,0.048860455426129414,662,I warned her not to butt heads with him
4767,3977,1,5,53,59,1.11864406779661,0.048860455426129414,662,I'm now going to ask you to insert the vertebrae on the bride's finger
4627,3977,1,5,53,59,1.11864406779661,0.048860455426129414,662,They're going to Water World for their honeymoon.
4524,3977,0,7,52,59,1.11864406779661,0.042460458882410665,662,And may your children be even hornier!
4512,3977,0,7,52,59,1.11864406779661,0.042460458882410665,662,Somehow I pictured him to be a mace of a man...
4430,3977,0,7,52,59,1.11864406779661,0.042460458882410665,662,"We get it, your love is primal."
4372,3977,1,5,53,59,1.11864406779661,0.048860455426129414,662,I heard she has No Name
4365,3977,1,5,53,59,1.11864406779661,0.048860455426129414,662,"I can't believe she beat me to it, this time I'm catching her bouquet!"
4346,3977,1,5,53,59,1.11864406779661,0.048860455426129414,662,"TO TAKE AND TO KEEP, TO PILLAGE AND PLUNDER, TILL DEATH DO YOU PART?"
2441,3977,0,7,52,59,1.11864406779661,0.042460458882410665,662,These costume weddings are going too far
4274,3977,0,7,52,59,1.11864406779661,0.042460458882410665,662,"Yes, they obviously have a few things yet to settle."
4253,3977,1,5,53,59,1.11864406779661,0.048860455426129414,662,She likes big booty and she cannot lie.
4230,3977,1,5,53,59,1.11864406779661,0.048860455426129414,662,The court slayed this.
4224,3977,1,5,53,59,1.11864406779661,0.048860455426129414,662,"Did  they   just say, 'Till death do us part--whatever?'"
3636,3977,0,7,52,59,1.11864406779661,0.042460458882410665,662,I still say they should have gone with a destination wedding.
4190,3977,1,5,53,59,1.11864406779661,0.048860455426129414,662,I now pronounce you husband and wife
4150,3977,0,7,52,59,1.11864406779661,0.042460458882410665,662,She said that they are planning a honeymoon trip along the English coast
4142,3977,1,5,53,59,1.11864406779661,0.048860455426129414,662,"Irma, your wedding began a norm we will never recover from."
4051,3977,1,5,53,59,1.11864406779661,0.048860455426129414,662,"This is becoming all too reminiscent of the ""Red Wedding"
4030,3977,0,7,52,59,1.11864406779661,0.042460458882410665,662,"Through sickness and health, conquest and pillage""? -- Is that their  traditional vow?"
4014,3977,1,5,53,59,1.11864406779661,0.048860455426129414,662,I think they are ready for marital disputes.
3992,3977,1,5,53,59,1.11864406779661,0.048860455426129414,662,If the Minatour came back alive...
3990,3977,1,5,53,59,1.11864406779661,0.048860455426129414,662,May the Gods of Odin and Thor bless you and keep you
3952,3977,2,3,54,59,1.11864406779661,0.05451419668666752,662,If you try anything with the best man I’ll kill you—he’s mine.
3918,3977,0,7,52,59,1.11864406779661,0.042460458882410665,662,"They're both progressives, btw."
3807,3977,0,7,52,59,1.11864406779661,0.042460458882410665,662,"Rather than sigh and sorrow, “Marry the Man Today” and change his ways tomorrow."
3795,3977,0,7,52,59,1.11864406779661,0.042460458882410665,662,They met in a Viking Raiding cruise. They were both going berserk
3767,3977,1,5,53,59,1.11864406779661,0.048860455426129414,662,"Had we been told the theme was rags, we could've picked out nicer dresses."
3746,3977,2,3,54,59,1.11864406779661,0.05451419668666752,662,"By the power vested in that guy, he'll now pronounce Earl and Beatrice Mr. and Mrs. Comi-Con."""
3735,3977,1,5,53,59,1.11864406779661,0.048860455426129414,662,"I,m shocked! A mixed marriage between a Homo sapiens and a Neanderthal."
4160,3977,0,7,52,59,1.11864406779661,0.042460458882410665,662,He did such a good job pillaging for the flowers and looting for these dresses.
2429,3977,1,5,53,59,1.11864406779661,0.048860455426129414,662,"Til death, unless you're holding your weapon, do you part"
4369,3977,2,3,54,59,1.11864406779661,0.05451419668666752,662,"'Til Gotterdammerung do you part.""  Isn't that sweet"
2280,3977,2,3,54,59,1.11864406779661,0.05451419668666752,662,I haven't been asked to mediate any domestic disputes.
857,3977,1,5,53,59,1.11864406779661,0.048860455426129414,662,I hear it'll be one helluva reception!
847,3977,0,7,52,59,1.11864406779661,0.042460458882410665,662,The second dowry is always smaller.
840,3977,0,7,52,59,1.11864406779661,0.042460458882410665,662,I see someone is horny tonight.
786,3977,1,5,53,59,1.11864406779661,0.048860455426129414,662,"He used to be an adventurer like her, then he took an arrow to the heart."
782,3977,0,7,52,59,1.11864406779661,0.042460458882410665,662,"Well, maybe he can pronounce man and wife, but I doubt they can."
766,3977,0,7,52,59,1.11864406779661,0.042460458882410665,662,He captured the groomsmen during a raid on a cruiseship .
706,3977,1,5,53,59,1.11864406779661,0.048860455426129414,662,Too much TV.
657,3977,2,3,54,59,1.11864406779661,0.05451419668666752,662,"Lucky Gunnhild, he was the last of the great rape and pillagers on the market."
636,3977,1,5,53,59,1.11864406779661,0.048860455426129414,662,"He's Thor, alright...so Thor he can hardly pith."
603,3977,1,5,53,59,1.11864406779661,0.048860455426129414,662,I give it 6 months
599,3977,1,5,53,59,1.11864406779661,0.048860455426129414,662,May you be forever young.
585,3977,0,7,52,59,1.11864406779661,0.042460458882410665,662,She told me  his home is in  a rough part of the bog !
496,3977,1,5,53,59,1.11864406779661,0.048860455426129414,662,Please join us for the reception at Midieval Times.
474,3977,0,7,52,59,1.11864406779661,0.042460458882410665,662,I heard he has a HUUUGE ship!
951,3977,0,7,52,59,1.11864406779661,0.042460458882410665,662,I now pronounce you Mr and Mrs Vi King!!!
384,3977,1,5,53,59,1.11864406779661,0.048860455426129414,662,‘Til Valhalla do us part.
342,3977,0,7,52,59,1.11864406779661,0.042460458882410665,662,Themed weddings are such a domain of groans.
269,3977,1,5,53,59,1.11864406779661,0.048860455426129414,662,Is this your first cosplay wedding?
238,3977,0,7,52,59,1.11864406779661,0.042460458882410665,662,So who's singing today?
219,3977,1,5,53,59,1.11864406779661,0.048860455426129414,662,She's changed so much since she started dating Hagar.
210,3977,1,5,53,59,1.11864406779661,0.048860455426129414,662,They’re registered at Bass Pro Shops.
183,3977,2,3,54,59,1.11864406779661,0.05451419668666752,662,What a barbaric couple
179,3977,2,3,54,59,1.11864406779661,0.05451419668666752,662,Is it just me or did we get the short end of the stick
170,3977,0,7,52,59,1.11864406779661,0.042460458882410665,662,They're looking forward to a lifetime together of plunder and pillage.
154,3977,1,5,53,59,1.11864406779661,0.048860455426129414,662,"When he breaks the glass, shout ""mazel-Thor!"""
136,3977,1,5,53,59,1.11864406779661,0.048860455426129414,662,He really is perfect for Troglodette.
110,3977,0,7,52,59,1.11864406779661,0.042460458882410665,662,Told you tubby Thor was still hot!
101,3977,1,5,53,59,1.11864406779661,0.048860455426129414,662,All this just to exchange insurance information.
69,3977,0,7,52,59,1.11864406779661,0.042460458882410665,662,"I told you this is a shot gun wedding, she said I due!"
2375,3977,0,7,52,59,1.11864406779661,0.042460458882410665,662,Here in the land of the ice and snow...
369,3977,0,7,52,59,1.11864406779661,0.042460458882410665,662,I now pronounce you man-o-war and battleaxe.
958,3977,2,3,54,59,1.11864406779661,0.05451419668666752,662,"I don't understand, his groomsmen are wearing tuxedos"
554,3977,1,5,53,59,1.11864406779661,0.048860455426129414,662,The reception is going to be epic.
1038,3977,0,7,52,59,1.11864406779661,0.042460458882410665,662,"... and in a moment he will say ""you may now pull the bride home by her hair""."
2106,3977,0,7,52,59,1.11864406779661,0.042460458882410665,662,Guess I have to forever hold my peace.
1016,3977,0,7,52,59,1.11864406779661,0.042460458882410665,662,I heard they sacrificed the third groomsman”
2020,3977,1,5,53,59,1.11864406779661,0.048860455426129414,662,Here's to a fun honeymoon in England.
1981,3977,0,7,52,59,1.11864406779661,0.042460458882410665,662,I'm not really in the mood for turkey leg.
1949,3977,0,7,52,59,1.11864406779661,0.042460458882410665,662,Don't expect her to throw a corsage.  A Viking bride throws a sword.
1926,3977,1,5,53,59,1.11864406779661,0.048860455426129414,662,They met on a recent pillage and plunder
1919,3977,1,5,53,59,1.11864406779661,0.048860455426129414,662,This is my first Viking wedding.
1899,3977,0,7,52,59,1.11864406779661,0.042460458882410665,662,They should have gone for a blue wedding. Red is so tacky
1763,3977,1,5,53,59,1.11864406779661,0.048860455426129414,662,"Call me old fashioned, but I miss the days 
when brides wore white."""
1717,3977,1,5,53,59,1.11864406779661,0.048860455426129414,662,He better be on his best behavior or she’ll turn that Bull into a steer!
1709,3977,1,5,53,59,1.11864406779661,0.048860455426129414,662,For real! They even binge-watched “Vikings.”
1689,3977,2,3,54,59,1.11864406779661,0.05451419668666752,662,I don't think this is going to bring the two families together.
1686,3977,0,7,52,59,1.11864406779661,0.042460458882410665,662,Their honeymoon is a cruise in the North Atlantic.
1665,3977,1,5,53,59,1.11864406779661,0.048860455426129414,662,"Four hours with two intermissions is a bit much, but its beauty is undeniable."
1656,3977,1,5,53,59,1.11864406779661,0.048860455426129414,662,I just assumed they meant longboat.
2054,3977,0,7,52,59,1.11864406779661,0.042460458882410665,662,Ever since their 23andMe results...
1589,3977,0,7,52,59,1.11864406779661,0.042460458882410665,662,They personally killed the food for the reception.
1635,3977,1,5,53,59,1.11864406779661,0.048860455426129414,662,"I never actually liked strapless, to be honest."
1133,3977,2,3,54,59,1.11864406779661,0.05451419668666752,662,Blond bridesmaid -I think we should not wear this dress...
1135,3977,1,5,53,59,1.11864406779661,0.048860455426129414,662,"I heard that instead of tossing the bouquet, we have to fight to the death."
1187,3977,1,5,53,59,1.11864406779661,0.048860455426129414,662,I hereby pronounce you Thor and Freya
1312,3977,0,7,52,59,1.11864406779661,0.042460458882410665,662,‘Til death do us part’ doesn’t mean much.
1397,3977,0,7,52,59,1.11864406779661,0.042460458882410665,662,"Did you see her mom? Talk about ""something blue..."""
1387,3977,0,7,52,59,1.11864406779661,0.042460458882410665,662,And tomorrow's brunch -- is that before or after the raid on the coastal village?
1408,3977,1,5,53,59,1.11864406779661,0.048860455426129414,662,Do you promise to keep your guards down at all times?
1519,3977,1,5,53,59,1.11864406779661,0.048860455426129414,662,When are you going to marry?
1527,3977,1,5,53,59,1.11864406779661,0.048860455426129414,662,"He’s a real hunk,I mean hun."
1563,3977,1,5,53,59,1.11864406779661,0.048860455426129414,662,"I didn't know they were Norse Paganists, did you?"
1084,3977,1,5,53,59,1.11864406779661,0.048860455426129414,662,"i’m getting super fucked up tonight. it’s not that i’m a drunk, or am vaguely threatened by the happiness of others. i’ve done a cursory reading of western literature and have embraced the psychosocial liminality of the bacchanal. it’s gonna be lit!!"
1577,3977,1,5,53,59,1.11864406779661,0.048860455426129414,662,For better or worse; 'til death do they part.
1403,3977,0,7,52,59,1.11864406779661,0.042460458882410665,662,It's a second marriage for both of 'em.
3301,4109,1,5,54,60,1.1166666666666667,0.04807989270851719,662,Their wedding was delayed for years.
3504,4109,1,5,54,60,1.1166666666666667,0.04807989270851719,662,It's a lovely wedding but I still won't be calling her Queen Cersei.
3422,4109,0,7,53,60,1.1166666666666667,0.04179359199028118,662,They’re so stuck in the sixties.
3315,4109,1,5,54,60,1.1166666666666667,0.04807989270851719,662,Don’t ask what they’re doing after the wedding...
3254,4109,0,7,53,60,1.1166666666666667,0.04179359199028118,662,My life is boring.
2979,4109,0,7,53,60,1.1166666666666667,0.04179359199028118,662,She said the Horns are part of the pre-nuptial agreemeent.
3224,4109,1,5,54,60,1.1166666666666667,0.04807989270851719,662,Psst - registered at IKEA?
3151,4109,1,5,54,60,1.1166666666666667,0.04807989270851719,662,She talked him out of raiding and pillaging on the honeymoon.
3106,4109,1,5,54,60,1.1166666666666667,0.04807989270851719,662,"Do you Sven take Olga as your partner for life, and does Olga take you Sven as her partner for life?"
3013,4109,0,7,53,60,1.1166666666666667,0.04179359199028118,662,He'll never fit in her shoes!
3563,4109,0,7,53,60,1.1166666666666667,0.04179359199028118,662,She met him on her trip to Norway.
2978,4109,2,3,55,60,1.1166666666666667,0.053634390406482234,662,Must you insist on going back to your roots?
3228,4109,0,7,53,60,1.1166666666666667,0.04179359199028118,662,"Poor Ragnhild, Thor has never been good at pillaging!"
3745,4109,1,5,54,60,1.1166666666666667,0.04807989270851719,662,"Actually, they're more like a game of throwns!"
4220,4109,1,5,54,60,1.1166666666666667,0.04807989270851719,662,I think this is taking the Neanderthal DNA thing a bit too far.
3828,4109,0,7,53,60,1.1166666666666667,0.04179359199028118,662,"I am telling you,they did go to the marriage preparation classes!"
3927,4109,0,7,53,60,1.1166666666666667,0.04179359199028118,662,"Sure, they're happy now, but pretty soon he'll be a ""Thor"" in her side."
4067,4109,1,5,54,60,1.1166666666666667,0.04807989270851719,662,Seriously hard to buy for .....
4183,4109,1,5,54,60,1.1166666666666667,0.04807989270851719,662,Do the matching boots make them solemates?
4241,4109,1,5,54,60,1.1166666666666667,0.04807989270851719,662,I wonder if she is wearing spanx
4268,4109,2,3,55,60,1.1166666666666667,0.053634390406482234,662,Do you take Bjorgveig to be your shield-maiden?
4338,4109,1,5,54,60,1.1166666666666667,0.04807989270851719,662,"It’s confusing all right, But they do make beautiful music together."
4363,4109,1,5,54,60,1.1166666666666667,0.04807989270851719,662,"Vikingmatch.com? No, they met at a bar."
4482,4109,1,5,54,60,1.1166666666666667,0.04807989270851719,662,"If they're not going to do the Elmer Fudd accent, what's the point?"
4742,4109,1,5,54,60,1.1166666666666667,0.04807989270851719,662,"They also plan on a Viking funeral"""
4879,4109,1,5,54,60,1.1166666666666667,0.04807989270851719,662,"For their honeymoon, theyre going on a cruise."
4905,4109,2,3,55,60,1.1166666666666667,0.053634390406482234,662,"Always the bridesmaid and never the bride is bad enough but for the groomsman to bail rather than escort you is concerning, isn’t it?"
2953,4109,0,7,53,60,1.1166666666666667,0.04179359199028118,662,Bring the human sacrifice.
3763,4109,0,7,53,60,1.1166666666666667,0.04179359199028118,662,I thought you said Viking Cruise Line.
2925,4109,0,7,53,60,1.1166666666666667,0.04179359199028118,662,I would have sacked Rome after the honeymoon.
3880,4109,0,7,53,60,1.1166666666666667,0.04179359199028118,662,Why didn't we get the memo?
2705,4109,0,7,53,60,1.1166666666666667,0.04179359199028118,662,Guess where they're going for their honeymoon.
2910,4109,2,3,55,60,1.1166666666666667,0.053634390406482234,662,"According to their custom, when they return up the aisle, he drags her by the hair."
304,4109,1,5,54,60,1.1166666666666667,0.04807989270851719,662,The reception is going to slay.
315,4109,0,7,53,60,1.1166666666666667,0.04179359199028118,662,I was really pulling for Brienne and Tormund.
371,4109,0,7,53,60,1.1166666666666667,0.04179359199028118,662,"I'm not sure a mixed marriage will work. He's Keto, she's Paleo."
403,4109,0,7,53,60,1.1166666666666667,0.04179359199028118,662,I heard the bachelor party was dull too.
416,4109,2,3,55,60,1.1166666666666667,0.053634390406482234,662,He’s a big Hagar the Horrible fan.
550,4109,1,5,54,60,1.1166666666666667,0.04807989270851719,662,You tell them a Viking cruise honeymoon does not include pillaging.
646,4109,1,5,54,60,1.1166666666666667,0.04807989270851719,662,The minister better be quick.
709,4109,0,7,53,60,1.1166666666666667,0.04179359199028118,662,"Better late, than never"
838,4109,0,7,53,60,1.1166666666666667,0.04179359199028118,662,So nice to see them marry after so long an engagement!
1346,4109,0,7,53,60,1.1166666666666667,0.04179359199028118,662,This was gross but you are now cosplay-married.
1364,4109,1,5,54,60,1.1166666666666667,0.04807989270851719,662,He pillaged well.
1526,4109,1,5,54,60,1.1166666666666667,0.04807989270851719,662,"I'm not crazy about her dress,"
1663,4109,1,5,54,60,1.1166666666666667,0.04807989270851719,662,"Preist: Gera þú, alfhild, swear til star með þessi víf fyrir þinn entira lifa þar til death gera þú part...
Alfhild: grrrrrrrrr"
1344,4109,2,3,55,60,1.1166666666666667,0.053634390406482234,662,"... and if anyone here objects to this holy union, speak now, and forever hold your head."
1694,4109,1,5,54,60,1.1166666666666667,0.04807989270851719,662,Do you take this Berserker to be your husband?
2603,4109,1,5,54,60,1.1166666666666667,0.04807989270851719,662,I heard they're off to plunder England for their honeymoon.
2485,4109,1,5,54,60,1.1166666666666667,0.04807989270851719,662,Ancestry.com and I pronounce you man and wife!
1692,4109,0,7,53,60,1.1166666666666667,0.04179359199028118,662,I now pronounce you Bone Crusher and Skull Smasher.
2401,4109,2,3,55,60,1.1166666666666667,0.053634390406482234,662,Do you take this man for your very own Neanderthal?
2295,4109,0,7,53,60,1.1166666666666667,0.04179359199028118,662,I truly did not see Arya AND the Mountain coming.....
2174,4109,1,5,54,60,1.1166666666666667,0.04807989270851719,662,2019 or 1019 am I right?
2466,4109,0,7,53,60,1.1166666666666667,0.04179359199028118,662,Theme weddings are the in thing.
1817,4109,1,5,54,60,1.1166666666666667,0.04807989270851719,662,"Did he just ask them, ‘Do you promise to love and cherish until rape and plunder do you part?’"
1779,4109,0,7,53,60,1.1166666666666667,0.04179359199028118,662,Do you take this captured viking to be your ruined husband.
1752,4109,0,7,53,60,1.1166666666666667,0.04179359199028118,662,Their religion precludes divorce.
1736,4109,0,7,53,60,1.1166666666666667,0.04179359199028118,662,He ate the best man last night.
1733,4109,2,3,55,60,1.1166666666666667,0.053634390406482234,662,I love these Loki weddings.
1883,4109,0,7,53,60,1.1166666666666667,0.04179359199028118,662,Is there a public option?
3210,4170,1,5,55,61,1.1147540983606556,0.04732379255652672,662,"I hope she knows he is a real Viking.
."
4613,4170,0,7,54,61,1.1147540983606556,0.04114721441970865,662,I hear they've shelled out for a glamping honeymoon.
4216,4170,1,5,55,61,1.1147540983606556,0.04732379255652672,662,"Everyone told them they had to watch episode 6/4 again, but they sent out the invites anyway."
3887,4170,2,3,56,61,1.1147540983606556,0.05278247274773007,662,Before shotgun weddings...
3823,4170,0,7,54,61,1.1147540983606556,0.04114721441970865,662,Do you both promise to raid and pillage until death do you part?
3674,4170,0,7,54,61,1.1147540983606556,0.04114721441970865,662,You know we all hate you right?
3564,4170,1,5,55,61,1.1147540983606556,0.04732379255652672,662,"Think how I feel. I""M the one who introduced them to ""Ancestry.com""!"
3542,4170,0,7,54,61,1.1147540983606556,0.04114721441970865,662,Viking Cruises are a top dollar these days!
3421,4170,1,5,55,61,1.1147540983606556,0.04732379255652672,662,Can you believe she's wearing Leif  Erikson?
2722,4170,0,7,54,61,1.1147540983606556,0.04114721441970865,662,Could you hurry.  We are missing the final episode of Game of Thrones.
3320,4170,1,5,55,61,1.1147540983606556,0.04732379255652672,662,We get it. You like Game of Thrones.
1421,4170,0,7,54,61,1.1147540983606556,0.04114721441970865,662,She thought he was pillaging her town but he was really pillaging her heart.
1546,4170,2,3,56,61,1.1147540983606556,0.05278247274773007,662,"I never believed in ""The One"" until Gretchen met Heimdal."
1169,4170,1,5,55,61,1.1147540983606556,0.04732379255652672,662,"For richer, for poorer..."
1094,4170,1,5,55,61,1.1147540983606556,0.04732379255652672,662,Those two are so into Dungeons & Dragons that the only time they dress normal is when they're role playing.
1062,4170,1,5,55,61,1.1147540983606556,0.04732379255652672,662,I thought 'Ivan the Conquerer' was a euphemism.
412,4170,0,7,54,61,1.1147540983606556,0.04114721441970865,662,"If you want, I'll introduce you to his brother, the Bear's fan."
354,4170,0,7,54,61,1.1147540983606556,0.04114721441970865,662,"For some, Game of Thrones will never end. They even sacrificed the third groomsmen to R'hllor, the Lord of Light."
312,4170,0,7,54,61,1.1147540983606556,0.04114721441970865,662,"Interestingly enough, I’ve never seen a more attentive wedding audience than today."
228,4170,1,5,55,61,1.1147540983606556,0.04732379255652672,662,I hope this one goes better than the Red Wedding I went to a couple years ago!
226,4170,1,5,55,61,1.1147540983606556,0.04732379255652672,662,I find cut flowers barbaric.
4170,4191,2,3,57,62,1.1129032258064515,0.05195714129764132,662,Is this your first gay wedding?
4600,4191,1,5,56,62,1.1129032258064515,0.046591027055115,662,"Go forth, multiply, conquer and lay waste to the land."
3333,4191,0,7,55,62,1.1129032258064515,0.04052040316035677,662,They finally vanquished their commitment issues.
4059,4191,1,5,56,62,1.1129032258064515,0.046591027055115,662,"With all the raiding and looting, how will they ever have time to raise kids?"
711,4195,1,5,57,63,1.1111111111111112,0.04588053629154694,662,Is the honeymoon in Westeros or Essos?
3388,4196,0,6,50,56,1.1071428571428572,0.0417053005800816,662,To have and to hold in good times and in bad?
2697,4196,1,4,51,56,1.1071428571428572,0.04887415212385381,662,I heard her kransen has already been compromised.
2771,4196,0,6,50,56,1.1071428571428572,0.0417053005800816,662,I'm gon'na be in the back when she throws it.
2873,4196,1,4,51,56,1.1071428571428572,0.04887415212385381,662,May you be together until zero hit points.
2883,4196,1,4,51,56,1.1071428571428572,0.04887415212385381,662,"If she wants a red wedding, why dress us in mauve?"
3147,4196,1,4,51,56,1.1071428571428572,0.04887415212385381,662,"Wilt thou love him? Comfort him, honor and keep him, in sickness and in health, and forsaking all others keep thee only unto him as long as you both shall live?"
3148,4196,1,4,51,56,1.1071428571428572,0.04887415212385381,662,Our bear skin dresses are so last year... I wish Sheila had picked fox skin instead.
2667,4196,0,6,50,56,1.1071428571428572,0.0417053005800816,662,I heard it's a broadsword wedding.
3154,4196,0,6,50,56,1.1071428571428572,0.0417053005800816,662,So how long do you think it’ll last...?
3298,4196,1,4,51,56,1.1071428571428572,0.04887415212385381,662,Another Walmart wedding.
3354,4196,0,6,50,56,1.1071428571428572,0.0417053005800816,662,She feels the viking look will replace the lumberjack look
3373,4196,0,6,50,56,1.1071428571428572,0.0417053005800816,662,"YOUNG LADY, ARE YOU SURE YOU WANT TO DO THIS?"
3391,4196,1,4,51,56,1.1071428571428572,0.04887415212385381,662,His father is big in armaments.
4452,4196,0,6,50,56,1.1071428571428572,0.0417053005800816,662,I knew Atilla and Hun were made for ease other!
4038,4196,0,6,50,56,1.1071428571428572,0.0417053005800816,662,She told me she doesn't believe that the pen is mightier than the sword.
4039,4196,0,6,50,56,1.1071428571428572,0.0417053005800816,662,I now pronounce you Mt. and  Mrs. Battleaxe!
4851,4196,1,4,51,56,1.1071428571428572,0.04887415212385381,662,A red wedding is so Season three
4066,4196,0,6,50,56,1.1071428571428572,0.0417053005800816,662,"Coincidentally, this is how 'Clash of the Clans' ends."
4300,4196,0,6,50,56,1.1071428571428572,0.0417053005800816,662,Their families are in a blood feud over the floral arrangements.
4387,4196,1,4,51,56,1.1071428571428572,0.04887415212385381,662,I guess we're the only ones that took the theme seriously...
4560,4196,0,6,50,56,1.1071428571428572,0.0417053005800816,662,I hear his people are related to the Lothbrok's of Stockholm.
4638,4196,0,6,50,56,1.1071428571428572,0.0417053005800816,662,"Now I'm stuck with spiky platform boots and a black leather corset I can't return. I mean, who in the hell has heard of a Visigoth wedding?"
4640,4196,0,6,50,56,1.1071428571428572,0.0417053005800816,662,"It's my theory, her big sword and his skinny pike means ""The Game of Thrones"" isn't over yet."
4675,4196,0,6,50,56,1.1071428571428572,0.0417053005800816,662,They’re big Game of Thrones fans.
4681,4196,0,6,50,56,1.1071428571428572,0.0417053005800816,662,Sometimes I think it would have been easier to solve Frank and my differences with swords and spears. Wish I’d thought of that.
4743,4196,0,6,50,56,1.1071428571428572,0.0417053005800816,662,"Viking Schmiiking, Norseman Schmoorsman, who gives a rat's ass?"
2604,4196,0,6,50,56,1.1071428571428572,0.0417053005800816,662,Don’t you get hungry  carrying these turkey drumstick bouquets?
3499,4196,0,6,50,56,1.1071428571428572,0.0417053005800816,662,They met on a GOT dating app.
2597,4196,1,4,51,56,1.1071428571428572,0.04887415212385381,662,It started with their appliances.
1136,4196,1,4,51,56,1.1071428571428572,0.04887415212385381,662,Thanks! It has pockets.
2437,4196,0,6,50,56,1.1071428571428572,0.0417053005800816,662,"""I was there when both of them flung their parents into a pit of rabid wolves."
100,4196,0,6,50,56,1.1071428571428572,0.0417053005800816,662,They met on a singles cruise through Scandinavia.
363,4196,2,2,52,56,1.1071428571428572,0.05511835805950912,662,I thought the Renaissance Faire was next weekend.
395,4196,0,6,50,56,1.1071428571428572,0.0417053005800816,662,She found him on perfectmatch.com
2594,4196,1,4,51,56,1.1071428571428572,0.04887415212385381,662,Can you believe it?  She’s only been divorced from Conan for six months”
726,4196,1,4,51,56,1.1071428571428572,0.04887415212385381,662,"Do you take him to be your wedded husband, to have and to hold,  for better or for Norse?"
752,4196,0,6,50,56,1.1071428571428572,0.0417053005800816,662,... 'til death do you part ...
851,4196,0,6,50,56,1.1071428571428572,0.0417053005800816,662,Game of what?
891,4196,0,6,50,56,1.1071428571428572,0.0417053005800816,662,They seem to have weaponized their marriage.
972,4196,0,6,50,56,1.1071428571428572,0.0417053005800816,662,Thank Goddess It's Frigga.
1050,4196,0,6,50,56,1.1071428571428572,0.0417053005800816,662,"Will you take him for your husband, until a dragon tears you apart?"
1215,4196,0,6,50,56,1.1071428571428572,0.0417053005800816,662,At least they won't have any trouble remembering what they wore on their wedding day.
1241,4196,0,6,50,56,1.1071428571428572,0.0417053005800816,662,"I understand they just moved out of that bear's den into a nice, mid-century multi-level cave of their own."
1242,4196,0,6,50,56,1.1071428571428572,0.0417053005800816,662,I am role-playing my sobriety.
658,4196,0,6,50,56,1.1071428571428572,0.0417053005800816,662,Game of Thrones...NOT!
1352,4196,0,6,50,56,1.1071428571428572,0.0417053005800816,662,WWF is paying for the honeymoon.
1274,4196,1,4,51,56,1.1071428571428572,0.04887415212385381,662,Looks like a marriage based on mutually assured destruction
2367,4196,1,4,51,56,1.1071428571428572,0.04887415212385381,662,"I know, I warned him that everyone would say he's already wearing horns, but he wouldn't listen."
2192,4196,0,6,50,56,1.1071428571428572,0.0417053005800816,662,I think they've taken this whole rustic charm thing a little too far.
2052,4196,0,6,50,56,1.1071428571428572,0.0417053005800816,662,"I don't know about you but, I am definitely going to hold my piece"
1955,4196,0,6,50,56,1.1071428571428572,0.0417053005800816,662,We should post something on their wall.
2283,4196,0,6,50,56,1.1071428571428572,0.0417053005800816,662,"Awww, she’s ugly!"
1753,4196,0,6,50,56,1.1071428571428572,0.0417053005800816,662,She always did crave attention
1690,4196,0,6,50,56,1.1071428571428572,0.0417053005800816,662,She met him on a cruise.
1488,4196,0,6,50,56,1.1071428571428572,0.0417053005800816,662,"Ekia from Nod, do you take Cane from Eden ...?"
1463,4196,0,6,50,56,1.1071428571428572,0.0417053005800816,662,(Hope that’s a pen he’s holding.)
1418,4196,1,4,51,56,1.1071428571428572,0.04887415212385381,662,Speak. Now. Hold. Pieces.
1954,4196,1,4,51,56,1.1071428571428572,0.04887415212385381,662,"If anyone objects to this union, please say so now--before your tongue is cut from your throat, sliced, and served at the reception."
3517,4254,1,4,52,57,1.105263157894737,0.04804583837764614,662,"...to love and cherish, until the raids do you part?"
4812,4254,0,6,51,57,1.105263157894737,0.04101019591968312,662,"In college she wrote a feminist critique of this whole thing. But sure, I guess the dress is nice."
4699,4254,1,4,52,57,1.105263157894737,0.04804583837764614,662,I hope they part before death.
4486,4254,1,4,52,57,1.105263157894737,0.04804583837764614,662,It's all you hafta do for the cruiseliner's honeymoon BOGO.
4472,4254,1,4,52,57,1.105263157894737,0.04804583837764614,662,I didn't know the Second Amendment included weddings.
4259,4254,0,6,51,57,1.105263157894737,0.04101019591968312,662,Are you next or am I next?
4176,4254,0,6,51,57,1.105263157894737,0.04101019591968312,662,"They said they’re going ‘beyond the wall’ for their honeymoon, whatever that means."
3316,4254,0,6,51,57,1.105263157894737,0.04101019591968312,662,Speaking of thrones......I need to use one....
293,4254,0,6,51,57,1.105263157894737,0.04101019591968312,662,Should have never let her borrow my HBO GO password.
2331,4254,0,6,51,57,1.105263157894737,0.04101019591968312,662,Speed dating during a raid.
1802,4254,0,6,51,57,1.105263157894737,0.04101019591968312,662,They’re a little bit cute together.
1704,4254,0,6,51,57,1.105263157894737,0.04101019591968312,662,I guess we know who swords and who spears!
1538,4254,0,6,51,57,1.105263157894737,0.04101019591968312,662,I wonder where they’re going for their honeymoon? Probably some retro out of the way place.
1333,4254,0,6,51,57,1.105263157894737,0.04101019591968312,662,There's no reception. The cave's closed for reforestation.
275,4254,2,2,53,57,1.105263157894737,0.05417535418851449,662,Until this season do us part.
175,4254,1,4,52,57,1.105263157894737,0.04804583837764614,662,You may now spar the bride!
2582,4254,0,6,51,57,1.105263157894737,0.04101019591968312,662,They met at a casting call.
4749,4271,0,6,52,58,1.103448275862069,0.04033776909417944,662,A striking couple. Let's hope they keep the mead flowing.
3652,4271,0,6,52,58,1.103448275862069,0.04033776909417944,662,The matching purses are adorable.
702,4271,0,6,52,58,1.103448275862069,0.04033776909417944,662,It all started when she read on Goop that mead kills germs and is better for you than champagne.
3598,4271,0,6,52,58,1.103448275862069,0.04033776909417944,662,I heard the ring was pillaged from some village in the northern lands of  Yonkers.
3472,4275,0,5,48,53,1.0943396226415094,0.04053480419091131,662,It's his third marriage that's why she has the sword
3696,4275,0,5,48,53,1.0943396226415094,0.04053480419091131,662,"It was required,weapons of romance"""
3684,4275,0,5,48,53,1.0943396226415094,0.04053480419091131,662,She’s the last of her family and he never met his so I got them the ancestry DNA test. I hope they find some long lost relatives.
3682,4275,0,5,48,53,1.0943396226415094,0.04053480419091131,662,He seriously only brought two groomsmen?
3667,4275,0,5,48,53,1.0943396226415094,0.04053480419091131,662,I hear the wedding bands are made of Valyrian steel.
3661,4275,0,5,48,53,1.0943396226415094,0.04053480419091131,662,"Um ... You may now turn and spear the bride?""
John Dibs, San Jose, Calif"
3633,4275,0,5,48,53,1.0943396226415094,0.04053480419091131,662,He's from the Chappaquiddick Horribles
3572,4275,0,5,48,53,1.0943396226415094,0.04053480419091131,662,"For their honeymoon, they're plundering and ransacking in the Maldives."
3540,4275,0,5,48,53,1.0943396226415094,0.04053480419091131,662,"It's traditiom -- she wields the Sword of the Shrew, while he bears the Spear of the Mead-Hall."
3484,4275,1,3,49,53,1.0943396226415094,0.04866990605836638,662,They call them tuxedos. No respectable Viking would be caught dead in one.
3418,4275,0,5,48,53,1.0943396226415094,0.04053480419091131,662,Have you tried the Danish?
3400,4275,0,5,48,53,1.0943396226415094,0.04053480419091131,662,Always a Bridesmaid. Never a Viking Horde Bride.
3359,4275,0,5,48,53,1.0943396226415094,0.04053480419091131,662,It's traditional to have Sax-on you wedding night.
3352,4275,0,5,48,53,1.0943396226415094,0.04053480419091131,662,"Do you vow to slaughter your enemies, with no mercy, in sickness and in health?"
3338,4275,0,5,48,53,1.0943396226415094,0.04053480419091131,662,"Do you, bob, take Judy as the queen of your seven room kingdom?"
3268,4275,0,5,48,53,1.0943396226415094,0.04053480419091131,662,Do  we get to keep what we won so far.?
3261,4275,0,5,48,53,1.0943396226415094,0.04053480419091131,662,"It's a mixed marriage -- he's a cosplay, she's a LARP."
3256,4275,0,5,48,53,1.0943396226415094,0.04053480419091131,662,Next up on TLC: My Fiddlidumptious Fjord Feast.
3209,4275,0,5,48,53,1.0943396226415094,0.04053480419091131,662,I cannot believe it either. Like a latte is strong enough for that crowd.
3051,4275,1,3,49,53,1.0943396226415094,0.04866990605836638,662,I love this theme! Raping and pillaging is on at the reception!
3036,4275,0,5,48,53,1.0943396226415094,0.04053480419091131,662,I guess it's a destination ceremony.
2960,4275,0,5,48,53,1.0943396226415094,0.04053480419091131,662,I think I should get him. Blondes are suppossed to have more fun.
2934,4275,0,5,48,53,1.0943396226415094,0.04053480419091131,662,They are ready for the marriage battles.
3697,4275,1,3,49,53,1.0943396226415094,0.04866990605836638,662,I hear they’re going on a Viking-themed honeymoon cruise that includes excursions to plunder and raid.
3743,4275,1,3,49,53,1.0943396226415094,0.04866990605836638,662,The long awaited reading of the Season 7 Prenup
3762,4275,0,5,48,53,1.0943396226415094,0.04053480419091131,662,I hope this is a short ceremony as we have a new country to pillage!
3842,4275,0,5,48,53,1.0943396226415094,0.04053480419091131,662,Thrones” fanatics
4838,4275,0,5,48,53,1.0943396226415094,0.04053480419091131,662,"Do you promise to love, honor, and conquest for as long as you both shall live?"
4824,4275,0,5,48,53,1.0943396226415094,0.04053480419091131,662,"Aaa
""Pastor Pete should scratch 'obey'"""
4659,4275,0,5,48,53,1.0943396226415094,0.04053480419091131,662,"Til the impending doom of death does them part, right?"
4630,4275,0,5,48,53,1.0943396226415094,0.04053480419091131,662,After this I’m hitting the slots
4621,4275,0,5,48,53,1.0943396226415094,0.04053480419091131,662,I hope_What happens in Vegas_Stays in Vegas
4599,4275,2,1,50,53,1.0943396226415094,0.055627773285157625,662,"We gave them Normandie, the least we can expect is a catholic wedding."
4589,4275,0,5,48,53,1.0943396226415094,0.04053480419091131,662,"In 'Sickness and in Health' may be counter intuitive"" 
John Curliano, Alameda C"
4515,4275,1,3,49,53,1.0943396226415094,0.04866990605836638,662,Tribal? I thought she said Traditional!
4423,4275,0,5,48,53,1.0943396226415094,0.04053480419091131,662,These bridesmaids dresses are ugly.
4422,4275,1,3,49,53,1.0943396226415094,0.04866990605836638,662,And do you both agree to raise any children in the finest tradition of cosplay?
4398,4275,1,3,49,53,1.0943396226415094,0.04866990605836638,662,His 'n' her outside hip pockets--how barbaric.
4290,4275,0,5,48,53,1.0943396226415094,0.04053480419091131,662,"They're spending their honeymoon where they can raid, loot and plunder."
4267,4275,1,3,49,53,1.0943396226415094,0.04866990605836638,662,I heard they are plundering Bora Bora for their honeymoon.
4218,4275,0,5,48,53,1.0943396226415094,0.04053480419091131,662,Hagar he’s not!
4202,4275,0,5,48,53,1.0943396226415094,0.04053480419091131,662,..and will you support each other in your membership of the Society for Creative Anachronism until death do you part?
4175,4275,0,5,48,53,1.0943396226415094,0.04053480419091131,662,"Wasn't she with the guy with the golden hand?"""
4153,4275,0,5,48,53,1.0943396226415094,0.04053480419091131,662,They appropriated their vows.
4143,4275,0,5,48,53,1.0943396226415094,0.04053480419091131,662,They were homeless but qualified for a subsidized caveman home with a peephole.
4131,4275,1,3,49,53,1.0943396226415094,0.04866990605836638,662,They met at a paleo restaurant.
4105,4275,0,5,48,53,1.0943396226415094,0.04053480419091131,662,"The Game of Thrones ending fell short.
But go THIS far to re-write it?"
4006,4275,1,3,49,53,1.0943396226415094,0.04866990605836638,662,At least she let us pick the bridesmaid dresses.
3926,4275,0,5,48,53,1.0943396226415094,0.04053480419091131,662,These bridesmaid dresses are f*cking disgusting.
3924,4275,0,5,48,53,1.0943396226415094,0.04053480419091131,662,They met on a speed raiding site.
2885,4275,0,5,48,53,1.0943396226415094,0.04053480419091131,662,"You know, breaking the glass can be cathartic."
2748,4275,0,5,48,53,1.0943396226415094,0.04053480419091131,662,Now I know why they got knives.
3133,4275,0,5,48,53,1.0943396226415094,0.04053480419091131,662,They met at a Flintstone party.
2662,4275,0,5,48,53,1.0943396226415094,0.04053480419091131,662,Gods of Valhalla!
1358,4275,0,5,48,53,1.0943396226415094,0.04053480419091131,662,It's a reminder for her grandfather about the Viking stove on their registry.
1179,4275,0,5,48,53,1.0943396226415094,0.04053480419091131,662,Chocolate croissant bouquets are such a good idea!
1085,4275,0,5,48,53,1.0943396226415094,0.04053480419091131,662,Do you solemnly swear to hunt and house each other?
2666,4275,0,5,48,53,1.0943396226415094,0.04053480419091131,662,Do you Brienne Babs Walker take Thormand Thomas Parsons to be your lawfully wedded  Kings-Guard?
995,4275,0,5,48,53,1.0943396226415094,0.04053480419091131,662,"Free healthcare, education and paid maternity leave. I'm with Mary-Beth. They can pillage my village anytime."
977,4275,0,5,48,53,1.0943396226415094,0.04053480419091131,662,So this is  the first  time  you  planned a wedding? YEA
931,4275,0,5,48,53,1.0943396226415094,0.04053480419091131,662,Valentino?
776,4275,0,5,48,53,1.0943396226415094,0.04053480419091131,662,You don't have to appeal to others' expectations
773,4275,0,5,48,53,1.0943396226415094,0.04053480419091131,662,You are the two from Norway?
746,4275,1,3,49,53,1.0943396226415094,0.04866990605836638,662,"Well, at least this explains their nuptial colors...FLESH AND BLOOD."
739,4275,0,5,48,53,1.0943396226415094,0.04053480419091131,662,They found the dress and tux in the New York Times Magazine Wedding Issue
1361,4275,0,5,48,53,1.0943396226415094,0.04053480419091131,662,I will regret getting her into Game of Thrones until the day I die.
665,4275,1,3,49,53,1.0943396226415094,0.04866990605836638,662,Everything has gotten so 'Game of Thrones' lately.
581,4275,0,5,48,53,1.0943396226415094,0.04053480419091131,662,Now you may paleo-kiss each other.
542,4275,0,5,48,53,1.0943396226415094,0.04053480419091131,662,It is unfortunate that you're wedding partner asked the groom to remove his helmet during the ceremony.
379,4275,0,5,48,53,1.0943396226415094,0.04053480419091131,662,They met on a cruise.
340,4275,1,3,49,53,1.0943396226415094,0.04866990605836638,662,Thank God this is a day wedding so we can actually see what's going on.
250,4275,0,5,48,53,1.0943396226415094,0.04053480419091131,662,"They aren't doing rings, they are giving each other new nose bones."
214,4275,0,5,48,53,1.0943396226415094,0.04053480419091131,662,I pronounce you ugga and zog.
134,4275,0,5,48,53,1.0943396226415094,0.04053480419091131,662,There goes the end of his horniness.
120,4275,0,5,48,53,1.0943396226415094,0.04053480419091131,662,... and happy Halloween.
112,4275,0,5,48,53,1.0943396226415094,0.04053480419091131,662,I hear they have a honeymoon planned on one of those upscale cruise lines.
59,4275,0,5,48,53,1.0943396226415094,0.04053480419091131,662,I believe the reception is spiked club optional
52,4275,0,5,48,53,1.0943396226415094,0.04053480419091131,662,"In sickness and in health, and when he leaves to conquer foreign lands, unsure if he’ll return after years of being away?"
609,4275,0,5,48,53,1.0943396226415094,0.04053480419091131,662,Let me give you a tip; these outfits will never find a  home in the resale section.
1392,4275,0,5,48,53,1.0943396226415094,0.04053480419091131,662,They say Viking grooms carry symbolic weapons at their wedding...
1041,4275,0,5,48,53,1.0943396226415094,0.04053480419091131,662,"Immediately after the ceremony, the blood sacrifice will take place; followed by the customary drinking of mead."
1713,4275,0,5,48,53,1.0943396226415094,0.04053480419091131,662,I thought Odinists were racist.
2660,4275,1,3,49,53,1.0943396226415094,0.04866990605836638,662,It won't get any better. It will get worse.
2622,4275,0,5,48,53,1.0943396226415094,0.04053480419091131,662,"Do you Griselda, promise to love, honor, cherish, Hagar and to maim, burn and pillage with him till  death do you part?"""
2567,4275,0,5,48,53,1.0943396226415094,0.04053480419091131,662,This Paleo craze was bound to reach its zenith sooner or later.
2530,4275,0,5,48,53,1.0943396226415094,0.04053480419091131,662,I don’t know what she sees in him.
2495,4275,0,5,48,53,1.0943396226415094,0.04053480419091131,662,"To death due us p..   
aw who we kiddin’"
1422,4275,0,5,48,53,1.0943396226415094,0.04053480419091131,662,Of course this is a Vikings Marry for Free chapel.
2245,4275,1,3,49,53,1.0943396226415094,0.04866990605836638,662,Evidently all the Game of Thrones costumes were sold out and they had to settle for these silly viking outfits.  The horror!
2231,4275,1,3,49,53,1.0943396226415094,0.04866990605836638,662,And we're all so happy you won the honeymoon in Iceland.
2213,4275,0,5,48,53,1.0943396226415094,0.04053480419091131,662,"So much for the supposed ""Hiking"" theme."
2183,4275,0,5,48,53,1.0943396226415094,0.04053480419091131,662,"I know I'm desperate for a husband, but I'm still not going to try and catch that thing."
2179,4275,1,3,49,53,1.0943396226415094,0.04866990605836638,662,Won't be long before Britney gets the spear
2171,4275,0,5,48,53,1.0943396226415094,0.04053480419091131,662,I never thought I'd want to go back to the pirate craze.
2305,4275,0,5,48,53,1.0943396226415094,0.04053480419091131,662,"This has been a long time coming"""
2067,4275,1,3,49,53,1.0943396226415094,0.04866990605836638,662,She looks so show-accurate.
2143,4275,0,5,48,53,1.0943396226415094,0.04053480419091131,662,I give them until tomorrow.  Wanna bet on the winner?
1777,4275,1,3,49,53,1.0943396226415094,0.04866990605836638,662,"Our bride and groom eloped. Too late to get our deposit back. They asked. We said sure, why not?"
1778,4275,0,5,48,53,1.0943396226415094,0.04053480419091131,662,Looks like a match made in heaven.
1838,4275,0,5,48,53,1.0943396226415094,0.04053480419091131,662,"Now, with the powers vested in me, you may slay the bride"
1902,4275,0,5,48,53,1.0943396226415094,0.04053480419091131,662,It looks like Josh and Christine are really prepared for their honeymoon in Norway.
1865,4275,1,3,49,53,1.0943396226415094,0.04866990605836638,662,"Simultaneous iceberg melt, I believe."
1920,4275,1,3,49,53,1.0943396226415094,0.04866990605836638,662,So much for a Lo-Ki affair...
1945,4275,0,5,48,53,1.0943396226415094,0.04053480419091131,662,"Dearly beloved, we have gathered here today for the old and ancient ritual of holy matrimony."
2035,4275,0,5,48,53,1.0943396226415094,0.04053480419091131,662,"I'm concerned about this ""sea cruise"" they've planned for the honeymoon."
2038,4275,0,5,48,53,1.0943396226415094,0.04053480419091131,662,"It he doesn't say 'I do,' she said she'd decapitate him."
3225,4381,1,3,50,54,1.0925925925925926,0.04779204982962338,662,Should we duck?
3580,4381,0,5,49,54,1.0925925925925926,0.03981542423923758,662,I wish her neighbors could see this.
3396,4381,1,3,50,54,1.0925925925925926,0.04779204982962338,662,"To scheme and to plot, 'til season 8 do us part."
3234,4381,1,3,50,54,1.0925925925925926,0.04779204982962338,662,Rumor has it they’re third cousins.
3577,4381,0,5,49,54,1.0925925925925926,0.03981542423923758,662,What do you mean they couldn't afjord an open bar?
3176,4381,1,3,50,54,1.0925925925925926,0.04779204982962338,662,Look Sharp!
3037,4381,1,3,50,54,1.0925925925925926,0.04779204982962338,662,I hear she met him on <LonelyAvatars.com>
3158,4381,1,3,50,54,1.0925925925925926,0.04779204982962338,662,It took an eternity for Sigfried to pop the question
3080,4381,1,3,50,54,1.0925925925925926,0.04779204982962338,662,Will you now pledge to each other to raid and pillage only the castles of the top 10%
3072,4381,1,3,50,54,1.0925925925925926,0.04779204982962338,662,"She wanted some assurances about the ""until death do us part"" vow."
2967,4381,1,3,50,54,1.0925925925925926,0.04779204982962338,662,Did they sign a prenup?
3612,4381,0,5,49,54,1.0925925925925926,0.03981542423923758,662,They met at a Viking bar.
2949,4381,0,5,49,54,1.0925925925925926,0.03981542423923758,662,I’ll actually be able to wear this bridesmaids dress again !
3174,4381,0,5,49,54,1.0925925925925926,0.03981542423923758,662,She thought he said he wanted a PC wedding
3714,4381,0,5,49,54,1.0925925925925926,0.03981542423923758,662,"Hey, someone forgot the glass."
3470,4381,0,5,49,54,1.0925925925925926,0.03981542423923758,662,"Of course, everything on their registry has been pillaged already."
3812,4381,0,5,49,54,1.0925925925925926,0.03981542423923758,662,I guess 'obey' is out.
2859,4381,0,5,49,54,1.0925925925925926,0.03981542423923758,662,Who needs a ring when you've got a broad sword!
4674,4381,0,5,49,54,1.0925925925925926,0.03981542423923758,662,"23 and Me said one Norwegian apiece six generations ago, and they went with it."
4619,4381,0,5,49,54,1.0925925925925926,0.03981542423923758,662,Am I the Only one Not watching Game of Thrones?
4550,4381,0,5,49,54,1.0925925925925926,0.03981542423923758,662,Now get ready to Ragnarok!
4548,4381,1,3,50,54,1.0925925925925926,0.04779204982962338,662,Is this a movie or a tv themed wedding?
4395,4381,1,3,50,54,1.0925925925925926,0.04779204982962338,662,I was expecting a completely different Thor.
4392,4381,0,5,49,54,1.0925925925925926,0.03981542423923758,662,"Now that Conan is marrying this producer, I hope he'd finally get a chance in show biz"
4236,4381,0,5,49,54,1.0925925925925926,0.03981542423923758,662,"She wanted to honeymoon in Helsinki, but he insisted on Minnesota."
4235,4381,0,5,49,54,1.0925925925925926,0.03981542423923758,662,"They both look ready to enforce the ""obey"" rule. I wonder who'll win?"
4226,4381,0,5,49,54,1.0925925925925926,0.03981542423923758,662,"They weren't serious about the human sacrifice after the ceremony, were they?"
4182,4381,0,5,49,54,1.0925925925925926,0.03981542423923758,662,"When she said she wanted a traditional wedding, I didn't think she meant this..."
4159,4381,0,5,49,54,1.0925925925925926,0.03981542423923758,662,"Horace, do you take Harriet to be your unlawfully wedded slave-girl for as long as you feel like it..."
4125,4381,0,5,49,54,1.0925925925925926,0.03981542423923758,662,"When she said ""his family's heirloom suit and gown,"" I had not imagined this."
3972,4381,0,5,49,54,1.0925925925925926,0.03981542423923758,662,I hear they are honeymooning in Miami.
3948,4381,0,5,49,54,1.0925925925925926,0.03981542423923758,662,"Viking wedding's are cool and all, but did you hear Sam got Rachel an annual subscription to the New Yorker starting May 20th?"
3800,4381,0,5,49,54,1.0925925925925926,0.03981542423923758,662,"After dating all these years, we never thought they would ever tie the knot."
2824,4381,0,5,49,54,1.0925925925925926,0.03981542423923758,662,She wouldn’t take his name either.
3105,4381,0,5,49,54,1.0925925925925926,0.03981542423923758,662,"'these theme weddings are great for Icelandic tourism"""
2465,4381,1,3,50,54,1.0925925925925926,0.04779204982962338,662,Season 4's Aftermath---Centuries later..
1101,4381,0,5,49,54,1.0925925925925926,0.03981542423923758,662,Will you pronounce us husband and wife already?  We've got a village to plunder.
971,4381,0,5,49,54,1.0925925925925926,0.03981542423923758,662,"And do you take this w
oman, for better or for Norse...?"
862,4381,1,3,50,54,1.0925925925925926,0.04779204982962338,662,I always cry at Viking themed weddings.
855,4381,1,3,50,54,1.0925925925925926,0.04779204982962338,662,The honeymoon will be at the East Duckworth Viking Fest.
558,4381,0,5,49,54,1.0925925925925926,0.03981542423923758,662,I hope your groomsman gets done storming the castle soon.
495,4381,0,5,49,54,1.0925925925925926,0.03981542423923758,662,I know Things. . . @Starks and Tullys may have second thoughts.
1268,4381,1,3,50,54,1.0925925925925926,0.04779204982962338,662,I object to that hat!
410,4381,0,5,49,54,1.0925925925925926,0.03981542423923758,662,You should have seen her first choice for the bridesmaid's dress.
341,4381,0,5,49,54,1.0925925925925926,0.03981542423923758,662,Do you promise to forage and feed your spouse and family for as long as you love?
297,4381,0,5,49,54,1.0925925925925926,0.03981542423923758,662,They met on Vikinglove.com
199,4381,0,5,49,54,1.0925925925925926,0.03981542423923758,662,"There are three of us talking at once. One can only tell lies, one can only tell the truth and one clearly forgot his slacks and wore track pants to Denise and Olf’s wedding, Ralph."
143,4381,0,5,49,54,1.0925925925925926,0.03981542423923758,662,Be very careful when she throws the sword.
44,4381,1,3,50,54,1.0925925925925926,0.04779204982962338,662,"You've always been a real downer, Madge."
13,4381,1,3,50,54,1.0925925925925926,0.04779204982962338,662,"He's going to invoke Prima Nocta, you know"
386,4381,1,3,50,54,1.0925925925925926,0.04779204982962338,662,There's a pre-nup for the fifty yard line season tickets.
1270,4381,1,3,50,54,1.0925925925925926,0.04779204982962338,662,May love be not the only thing you conquer.
1225,4381,0,5,49,54,1.0925925925925926,0.03981542423923758,662,And now you embark on your deadliest voyage yet.
1500,4381,1,3,50,54,1.0925925925925926,0.04779204982962338,662,"Do you, Beatrix, take Hobbs, to be your Viking rapist, pillaging murderer till death takes both your heads?"
2351,4381,0,5,49,54,1.0925925925925926,0.03981542423923758,662,Now I will finally have grandchildren.
2335,4381,0,5,49,54,1.0925925925925926,0.03981542423923758,662,"More CroMarried Man, if you ask me."
2281,4381,0,5,49,54,1.0925925925925926,0.03981542423923758,662,And the romantic saga continues...
2117,4381,1,3,50,54,1.0925925925925926,0.04779204982962338,662,Now that they are married do they live in a cave?
2041,4381,0,5,49,54,1.0925925925925926,0.03981542423923758,662,I know a great consignment shop.
1278,4381,0,5,49,54,1.0925925925925926,0.03981542423923758,662,Early cryogenics volunteers.
2486,4381,0,5,49,54,1.0925925925925926,0.03981542423923758,662,"Do you promise to love, honor and give quarter when asked?"
1985,4381,0,5,49,54,1.0925925925925926,0.03981542423923758,662,Pssst...the Paleo package was on sale this month.
2024,4381,2,1,51,54,1.0925925925925926,0.054615858928373,662,Truly a Wagnerian experience!
1867,4381,0,5,49,54,1.0925925925925926,0.03981542423923758,662,They both like to play it rough
1847,4381,0,5,49,54,1.0925925925925926,0.03981542423923758,662,That does it - I'm joining Ugg.com.
1820,4381,0,5,49,54,1.0925925925925926,0.03981542423923758,662,They always wanted to walk arm and arm down the aisle.
1707,4381,0,5,49,54,1.0925925925925926,0.03981542423923758,662,"In good conscience, I cannot marry two Viking weirdos."
1680,4381,0,5,49,54,1.0925925925925926,0.03981542423923758,662,"Somewhere someplace, there is a person getting offended by this traditional wedding."
1517,4381,1,3,50,54,1.0925925925925926,0.04779204982962338,662,After the reception we’re going to loot and pillage Brooklyn.
1878,4381,1,3,50,54,1.0925925925925926,0.04779204982962338,662,What does a Viking-Viqueen wedding lead to? Vijacks and Vijills!
3722,4451,0,5,50,55,1.0909090909090908,0.03912104390108503,662,This is the part where they have to step outside the cosplay to make it legal.
4367,4451,0,5,50,55,1.0909090909090908,0.03912104390108503,662,Because they are leaving immediately for their river cruise honeymoon.
4091,4451,0,5,50,55,1.0909090909090908,0.03912104390108503,662,Let's always hold hands.
4027,4451,0,5,50,55,1.0909090909090908,0.03912104390108503,662,Where do you think they’ll end up settling down?
4012,4451,1,3,51,55,1.0909090909090908,0.04694525268130203,662,She wanted a Viking Cruise honeymoon.
4003,4451,0,5,50,55,1.0909090909090908,0.03912104390108503,662,They’re going on a cruise to Iceland for their honeymoon. He's looking for a job as an HVAC tech there.
2504,4451,1,3,51,55,1.0909090909090908,0.04694525268130203,662,Well you are obviously not the sacrificial virgin in this ceremony.
4730,4451,1,3,51,55,1.0909090909090908,0.04694525268130203,662,"The ‘until death do you part’ thing is kind of redundant, don’t you think?"
1882,4451,0,5,50,55,1.0909090909090908,0.03912104390108503,662,"I Hamlet, take thee Hernia, to be my lawfully wedded wife...till death do us part."
1534,4451,1,3,51,55,1.0909090909090908,0.04694525268130203,662,"Dearly beloved, we are gathered here today in the sight of Thor to join Vik and Brud in holy matrimony."
1142,4451,0,5,50,55,1.0909090909090908,0.03912104390108503,662,They're honeymooning on a Viking cruise.
1051,4451,0,5,50,55,1.0909090909090908,0.03912104390108503,662,Thorleif likes to think of it as raiding and pillaging the guests' bank balances.
900,4451,1,3,51,55,1.0909090909090908,0.04694525268130203,662,"The groom declares that ""you slay me"". Does the bride concur as well?"
794,4451,0,5,50,55,1.0909090909090908,0.03912104390108503,662,I hear he's planning on doing some raping and pillaging tonight.
302,4451,0,5,50,55,1.0909090909090908,0.03912104390108503,662,We are gathered here today to witness another Viking miracle.
2018,4451,0,5,50,55,1.0909090909090908,0.03912104390108503,662,"And do you, Lagertha, promise to faithfully rape, pillage and destroy so long as you both shall live?"
163,4467,1,3,52,56,1.0892857142857142,0.04612789753884693,662,I hear they're going pillaging for their honeymoon.
3216,4467,0,5,51,56,1.0892857142857142,0.038450387280282515,662,It was only six month’s ago when her first husband’s dragon ship was set ablaze during his Viking funeral.
75,4467,0,5,51,56,1.0892857142857142,0.038450387280282515,662,A sailing honeymoon is just too much work for me....
3137,4470,1,3,53,57,1.087719298245614,0.04533847748151766,662,DROP YOUR WEAPONS !!
3878,4470,0,5,52,57,1.087719298245614,0.037802263481198896,662,"and do you, Helga, take this man to be your rapist and pillager?"
3358,4472,1,2,47,50,1.08,0.04814942727529348,662,"Was ""Vikings"" the theme of the dance where you met?"
3839,4472,1,2,47,50,1.08,0.04814942727529348,662,I hear they met on one of those Viking Cruises.
3630,4472,0,4,46,50,1.08,0.03875617133214439,662,"To have and to hold, until in Valhalla you'll meet again?"
3862,4472,0,4,46,50,1.08,0.03875617133214439,662,Your partner usher got sacrificed for the god of babies and bacon.
3565,4472,1,2,47,50,1.08,0.04814942727529348,662,This is a caption.
3539,4472,0,4,46,50,1.08,0.03875617133214439,662,I hereby pronounce you Man and Bitch.
3492,4472,0,4,46,50,1.08,0.03875617133214439,662,Where's Harry? ...He told me he would have to sacrifice to be here!
3465,4472,0,4,46,50,1.08,0.03875617133214439,662,"Call Joe, I think he speaks Norse."
3317,4472,0,4,46,50,1.08,0.03875617133214439,662,They wanted a retro wedding.
3116,4472,0,4,46,50,1.08,0.03875617133214439,662,"I now pronounce you husband and wife,now go back to your display booths."
3294,4472,0,4,46,50,1.08,0.03875617133214439,662,They're honeymooning in some castle they're going to conquer.
3252,4472,1,2,47,50,1.08,0.04814942727529348,662,They hired a black minister.
3206,4472,0,4,46,50,1.08,0.03875617133214439,662,They say it's a marriage made in hell.
3161,4472,0,4,46,50,1.08,0.03875617133214439,662,"C'mon Ma, ya gotta admire their lived principles on political correctness"""
3893,4472,0,4,46,50,1.08,0.03875617133214439,662,Sword in lieu dowry.
3043,4472,0,4,46,50,1.08,0.03875617133214439,662,...I now pronounce you Thor and thrall...
2901,4472,0,4,46,50,1.08,0.03875617133214439,662,They’re from the same small pillage.
2866,4472,1,2,47,50,1.08,0.04814942727529348,662,This on-line match was amazing.
2862,4472,0,4,46,50,1.08,0.03875617133214439,662,Were we supposed to dress in Cosplay?
2786,4472,0,4,46,50,1.08,0.03875617133214439,662,They met cute while raiding and pillaging western Europe.
3295,4472,0,4,46,50,1.08,0.03875617133214439,662,That's not the only thing that is prehistoric about this.
4859,4472,0,4,46,50,1.08,0.03875617133214439,662,"I wonder who'll call the shots in that relationship."""
4103,4472,0,4,46,50,1.08,0.03875617133214439,662,You wanna hit the craps table afterwards?
3915,4472,0,4,46,50,1.08,0.03875617133214439,662,I now pronounce you Thronies for life. You may kiss the shield maiden.
2754,4472,0,4,46,50,1.08,0.03875617133214439,662,"Instead of gifts, they'll just plunder your valuables."
4840,4472,0,4,46,50,1.08,0.03875617133214439,662,"He said he promises to plunder and pillage; that's love!"""
4829,4472,0,4,46,50,1.08,0.03875617133214439,662,They're both DVI - Descendents of the Viking Invasion.
4658,4472,0,4,46,50,1.08,0.03875617133214439,662,Give it a rest. After all she agreed to stay away from fermented shark for dinner.
4634,4472,0,4,46,50,1.08,0.03875617133214439,662,She strong-armed him into it.
4585,4472,1,2,47,50,1.08,0.04814942727529348,662,The nerve of her steeling my idea for a theme wedding!
4544,4472,0,4,46,50,1.08,0.03875617133214439,662,"Sir, stop the ceremony, the sacrificial goat has gone missing!"
4505,4472,0,4,46,50,1.08,0.03875617133214439,662,One of us will be sacrificed to Freyr at the end of the service.
4464,4472,0,4,46,50,1.08,0.03875617133214439,662,I thought this was a “Viking cruise” destination wedding.
3896,4472,0,4,46,50,1.08,0.03875617133214439,662,And to think they met on seafarers.com!
4454,4472,0,4,46,50,1.08,0.03875617133214439,662,They’ve taken the ‘love conquers all’ stuff a bit too far.
4349,4472,1,2,47,50,1.08,0.04814942727529348,662,holy shit is so stupid but at least I can get blackout drunk from the open bar
4204,4472,0,4,46,50,1.08,0.03875617133214439,662,You think they have too much in common?
4156,4472,0,4,46,50,1.08,0.03875617133214439,662,They're taking 'creative black tie' a bit too far.
4138,4472,0,4,46,50,1.08,0.03875617133214439,662,Prepare to enter the dark ages!
4115,4472,0,4,46,50,1.08,0.03875617133214439,662,Does she know 'Till death do us part' means after every battle?
4114,4472,1,2,47,50,1.08,0.04814942727529348,662,Aren't the fannypacks delightfully tacky?
4093,4472,0,4,46,50,1.08,0.03875617133214439,662,Talk about a long engagement...
4089,4472,1,2,47,50,1.08,0.04814942727529348,662,Why did Arabella and Gawain do this whole “life after the year 2000” theme and not go along with it? This dress cost me my 8th and 9th most favorite goats!
3963,4472,0,4,46,50,1.08,0.03875617133214439,662,This is a sweet ceremony but these floral wrist bounds are killing me.
4434,4472,0,4,46,50,1.08,0.03875617133214439,662,He started pillaging with his Dad when he was only 4.
2584,4472,0,4,46,50,1.08,0.03875617133214439,662,You may engage in mortal combat.
1562,4472,1,2,47,50,1.08,0.04814942727529348,662,With all my worldly goods I thee endow
2494,4472,0,4,46,50,1.08,0.03875617133214439,662,"If anyone “speaks now” they will, certainly, forever hold their pieces!"
1440,4472,0,4,46,50,1.08,0.03875617133214439,662,They went with their Signs..darling don't you think!
1182,4472,0,4,46,50,1.08,0.03875617133214439,662,Oh my Thor! Would you stop coughing?
2523,4472,0,4,46,50,1.08,0.03875617133214439,662,"They're both loaded, but they're waiting for the honeymoon to bring out the big guns."
1082,4472,0,4,46,50,1.08,0.03875617133214439,662,I've never seen the show but it looks interesting...
868,4472,0,4,46,50,1.08,0.03875617133214439,662,23&me shows their amazing compatibility.
804,4472,0,4,46,50,1.08,0.03875617133214439,662,I hear Vikings do it for life!
799,4472,0,4,46,50,1.08,0.03875617133214439,662,She should still be exploring and not settling.
747,4472,0,4,46,50,1.08,0.03875617133214439,662,"I really thought she’d marry the Renaissance Duke, but after the pillaging and ravishing, it was Viking or nothing."
719,4472,0,4,46,50,1.08,0.03875617133214439,662,I too will destroy tonight....that cute groomsman.
1457,4472,1,2,47,50,1.08,0.04814942727529348,662,Harriet and Cyndie have waited eons for this wedding day.
664,4472,0,4,46,50,1.08,0.03875617133214439,662,"You know, Vikings didn't have roses, tuxes, or helmets with horns."
645,4472,0,4,46,50,1.08,0.03875617133214439,662,We're lucky this wedding is still happening. I heard that he was quite Thor when he woke up this morning!
564,4472,0,4,46,50,1.08,0.03875617133214439,662,So you know  Say Yes to the Dress signed on to that DNA registry and found where it all actually started!
526,4472,0,4,46,50,1.08,0.03875617133214439,662,He's Game of Thrones Horny!
446,4472,0,4,46,50,1.08,0.03875617133214439,662,This is my third viking wedding this year.
431,4472,0,4,46,50,1.08,0.03875617133214439,662,It's so generous that they're taking the whole family on a cruise.
367,4472,0,4,46,50,1.08,0.03875617133214439,662,"Always the bridesmaid, never the bride with a killer sword."
352,4472,1,2,47,50,1.08,0.04814942727529348,662,They didn’t even read the books.
267,4472,0,4,46,50,1.08,0.03875617133214439,662,And now let the hunt for marital bliss begin.
249,4472,0,4,46,50,1.08,0.03875617133214439,662,I now pronounce you marauder and wife.
647,4472,0,4,46,50,1.08,0.03875617133214439,662,And may you live happily ever after or at least 'til dinner is served
1506,4472,0,4,46,50,1.08,0.03875617133214439,662,Because they got a free honeymoon cruise.
1087,4472,0,4,46,50,1.08,0.03875617133214439,662,I told you fanny packs were back in fashion!
1624,4472,0,4,46,50,1.08,0.03875617133214439,662,They want us to tag all our posts with #BarbEric
2393,4472,0,4,46,50,1.08,0.03875617133214439,662,They’re really taking their 23 and Me results seriously.
2361,4472,0,4,46,50,1.08,0.03875617133214439,662,I now pronounce you pop culture casualties.
2310,4472,0,4,46,50,1.08,0.03875617133214439,662,I hear the reception's being catered by Paleo Princess.
2243,4472,0,4,46,50,1.08,0.03875617133214439,662,"As First Lady, she plans to speak out against looting and pillaging."
2184,4472,0,4,46,50,1.08,0.03875617133214439,662,"Oh honey, I totally forgot that our wedding’s dress code was “modern era”!"
1590,4472,1,2,47,50,1.08,0.04814942727529348,662,So romantic! They met on a Trans-Atlantic cruise!
2158,4472,1,2,47,50,1.08,0.04814942727529348,662,Ttttt
2097,4472,0,4,46,50,1.08,0.03875617133214439,662,I wonder if she knows about his funeral plans.
2008,4472,0,4,46,50,1.08,0.03875617133214439,662,"For a wedding, I would have thought a matched set of weapons of death would be preferred."
1946,4472,1,2,47,50,1.08,0.04814942727529348,662,Third times a charm!  The last two pastors didn’t survive as far as the vows.
2178,4472,1,2,47,50,1.08,0.04814942727529348,662,"Til Ragnarok do they part??"""
1921,4472,0,4,46,50,1.08,0.03875617133214439,662,I think he’s still drunk from the bachelor plunder.
1907,4472,0,4,46,50,1.08,0.03875617133214439,662,"Emma, will you be faithful through peace and war, with injuries and in health as long as you both shall survive?"
1774,4472,0,4,46,50,1.08,0.03875617133214439,662,The man purse takes away from his formal attire.
1751,4472,0,4,46,50,1.08,0.03875617133214439,662,Marriage Made in Heaven
1747,4472,0,4,46,50,1.08,0.03875617133214439,662,Ujiijmm
1719,4472,1,2,47,50,1.08,0.04814942727529348,662,Please! Someone say something!
1702,4472,0,4,46,50,1.08,0.03875617133214439,662,They met at anger management class.
1668,4472,1,2,47,50,1.08,0.04814942727529348,662,"Nancy, I’m thinking of skipping the reception."
1647,4472,0,4,46,50,1.08,0.03875617133214439,662,"They say they love each other, but it will be all over when the fat guy sings."
1930,4472,0,4,46,50,1.08,0.03875617133214439,662,I hope I catch the bouquet—I hear it might be Jared Leto's head.
3471,4565,0,4,47,51,1.0784313725490196,0.03802101848953984,662,Looks like his family has not fully embraced the paleo diet.
3468,4565,0,4,47,51,1.0784313725490196,0.03802101848953984,662,The reception is Bring Your Own Beef
3219,4565,0,4,47,51,1.0784313725490196,0.03802101848953984,662,She always went for well-travelled men
3614,4565,0,4,47,51,1.0784313725490196,0.03802101848953984,662,She came straight here from her Viking divorce . . .
3163,4565,0,4,47,51,1.0784313725490196,0.03802101848953984,662,She always dreamed of a Loki wedding.
3150,4565,0,4,47,51,1.0784313725490196,0.03802101848953984,662,My grandson and his fiance!!!
3141,4565,0,4,47,51,1.0784313725490196,0.03802101848953984,662,"They're hyphenating. ""Hon-Hun"""
3199,4565,0,4,47,51,1.0784313725490196,0.03802101848953984,662,She said they were having a retro wedding...
3863,4565,0,4,47,51,1.0784313725490196,0.03802101848953984,662,I love when they walk down the isle to Die Walgreens.
3121,4565,0,4,47,51,1.0784313725490196,0.03802101848953984,662,...your wife to love and cherish till the next raid do us part
3913,4565,0,4,47,51,1.0784313725490196,0.03802101848953984,662,"It wasn’t long ago, it was against the law for Vikings to marry in this state."
4009,4565,0,4,47,51,1.0784313725490196,0.03802101848953984,662,"When they said they were giving away ax, I thought they meant the body spray"
4100,4565,0,4,47,51,1.0784313725490196,0.03802101848953984,662,I understand they’re serving the third groomsman for dinner.
4161,4565,0,4,47,51,1.0784313725490196,0.03802101848953984,662,they make a fierce couple
4211,4565,0,4,47,51,1.0784313725490196,0.03802101848953984,662,"Victory spoils.  Makes her spoiled already, in one way or another."
4277,4565,1,2,48,51,1.0784313725490196,0.04722193952467567,662,What are their names again?
4481,4565,0,4,47,51,1.0784313725490196,0.03802101848953984,662,Minnesota? season ticket holders ......
4740,4565,0,4,47,51,1.0784313725490196,0.03802101848953984,662,There are only two ushers because I heard that one of them was making his way through Valhalla when the reception on his mobile went.
4839,4565,0,4,47,51,1.0784313725490196,0.03802101848953984,662,They met at Viking-Con.
2959,4565,0,4,47,51,1.0784313725490196,0.03802101848953984,662,I just figured out why she wanted to get married on Halloween.
3876,4565,1,2,48,51,1.0784313725490196,0.04722193952467567,662,I think it’s safe to say they share the same love language.
2917,4565,0,4,47,51,1.0784313725490196,0.03802101848953984,662,That exposed tattoo is so inelegant.
3045,4565,0,4,47,51,1.0784313725490196,0.03802101848953984,662,They're vowing paleo.
2793,4565,0,4,47,51,1.0784313725490196,0.03802101848953984,662,"But, according top this your dead!"
4,4565,0,4,47,51,1.0784313725490196,0.03802101848953984,662,I heard Bob got stuck in the limo. I told him to forget the Toothless costume.
102,4565,0,4,47,51,1.0784313725490196,0.03802101848953984,662,"Yea, but I still feel under dressed."""
266,4565,0,4,47,51,1.0784313725490196,0.03802101848953984,662,They met on PillagersOfFarmersOnly.com.
468,4565,0,4,47,51,1.0784313725490196,0.03802101848953984,662,"With this ring, I hingga, take you, dingga, to be my hingga dingga dargin."
691,4565,0,4,47,51,1.0784313725490196,0.03802101848953984,662,They are the owners.
999,4565,0,4,47,51,1.0784313725490196,0.03802101848953984,662,"I hate the cut of this dress, but I do feel very Game of Thrones."
1020,4565,1,2,48,51,1.0784313725490196,0.04722193952467567,662,The registry was all pillaging.
1143,4565,0,4,47,51,1.0784313725490196,0.03802101848953984,662,Blonde bridesmaid: Are we supposed to sacrifice a goat after the ceremony?
1343,4565,0,4,47,51,1.0784313725490196,0.03802101848953984,662,No barbaric behavior allowed
1572,4565,0,4,47,51,1.0784313725490196,0.03802101848953984,662,"And if anybody has any objections to this marriage, let him attack now or forever hold his peace."
1473,4565,0,4,47,51,1.0784313725490196,0.03802101848953984,662,You can´t tell them apart by looking at their belly
1722,4565,1,2,48,51,1.0784313725490196,0.04722193952467567,662,I will go for Game of Thrones costumes.
1806,4565,0,4,47,51,1.0784313725490196,0.03802101848953984,662,"I can't believe I've known the bride 1,000 years and still I wasn't the Maid of Honour."
1845,4565,0,4,47,51,1.0784313725490196,0.03802101848953984,662,Tryouts for the Highschool play will resume tomorrow at Noon
1970,4565,0,4,47,51,1.0784313725490196,0.03802101848953984,662,Why didn't they tell us it was a themed wedding?
2294,4565,1,2,48,51,1.0784313725490196,0.04722193952467567,662,Too much Game of Thrones.
2318,4565,0,4,47,51,1.0784313725490196,0.03802101848953984,662,If any person wishes to come forward and challenge this marraige- we can give extreme unction after the ceremony!
2549,4565,0,4,47,51,1.0784313725490196,0.03802101848953984,662,A good match
2627,4565,0,4,47,51,1.0784313725490196,0.03802101848953984,662,It's obvious to me that they had a very long engagement.
2894,4565,1,2,48,51,1.0784313725490196,0.04722193952467567,662,This marriage is supposed to make peace between the tribes
1604,4565,1,2,48,51,1.0784313725490196,0.04722193952467567,662,"What would they be wearing if 
they watched Animal Planet."
3236,4610,0,4,48,52,1.0769230769230769,0.03731317308251277,662,"I opted for the Lutefisk as my entree. I mean in for a dime in for a dollar, right?”"
4054,4610,0,4,48,52,1.0769230769230769,0.03731317308251277,662,I should bring my mexican hat.
3621,4610,0,4,48,52,1.0769230769230769,0.03731317308251277,662,"By the power vested in me, I now pronounce you viking and shield-maiden.  You may kiss the bride."
2903,4610,0,4,48,52,1.0769230769230769,0.03731317308251277,662,We hereby declare... how do you guys pronounce your names?
366,4610,0,4,48,52,1.0769230769230769,0.03731317308251277,662,"Game of Thrones"" has taken over holy matrimony."
593,4610,1,2,49,52,1.0769230769230769,0.04632947979911816,662,He'd just finished with the pillage and plunder parts and met her during that final bit.
364,4610,0,4,48,52,1.0769230769230769,0.03731317308251277,662,I feel bad for the sheep that they’re gonna legitimize the marriage with
2787,4610,0,4,48,52,1.0769230769230769,0.03731317308251277,662,This reminds me of the day I was plundered.
454,4618,1,2,50,53,1.0754716981132075,0.045470102170741766,662,Literally married to her Viking obsession.
1373,4618,1,2,50,53,1.0754716981132075,0.045470102170741766,662,I now pronounce you Björn and Mrs. Björn.
2276,4618,0,4,49,53,1.0754716981132075,0.03663114503374153,662,They’re on a tight budget and Gingiss gave them quite a discount.
3064,4618,0,4,49,53,1.0754716981132075,0.03663114503374153,662,I now pronounce you cave man and cave wife. You may now kiss the spear.
4029,4618,0,4,49,53,1.0754716981132075,0.03663114503374153,662,"If anyone can show just cause why this couple cannot lawfully be joined together in matrimony, let them speak now and the groom will tear them asunder."""
1630,4623,0,4,50,54,1.0740740740740742,0.035973550457676445,662,He's a veteran and he gets lots of great benefits.
2300,4624,0,4,54,58,1.0689655172413792,0.033563052647743945,662,what do you mean your credit card isn’t in your wallet...how are we going to pay for this shindig?
2950,4625,0,3,44,47,1.0638297872340425,0.03604210867489022,662,The grooms’s cake is still bleeding
3324,4625,0,3,44,47,1.0638297872340425,0.03604210867489022,662,"After they exchange oaths, they are having a paleo buffet."
3534,4625,1,1,45,47,1.0638297872340425,0.0471603962868858,662,"'I thought they only wanted to die with their sword in their hand."""
4167,4625,1,1,45,47,1.0638297872340425,0.0471603962868858,662,"Strange vibe to all this."""
4897,4625,0,3,44,47,1.0638297872340425,0.03604210867489022,662,Don't even ask about what happened to Hilda's bridesmaids after her first marriage.
4402,4625,0,3,44,47,1.0638297872340425,0.03604210867489022,662,Did I just hear a vow about pillaging?
4590,4625,0,3,44,47,1.0638297872340425,0.03604210867489022,662,"‘
“They met pillaging.”"
4795,4625,0,3,44,47,1.0638297872340425,0.03604210867489022,662,The pillaging was very successful.
2680,4625,0,3,44,47,1.0638297872340425,0.03604210867489022,662,in Norway they have ”native origin weedings” what’s that?
4330,4625,0,3,44,47,1.0638297872340425,0.03604210867489022,662,"I used to be one of them, but it changed when I got to America."
2524,4625,0,3,44,47,1.0638297872340425,0.03604210867489022,662,... to hack and to goad...
4468,4625,1,1,45,47,1.0638297872340425,0.0471603962868858,662,No doubt a clashing entanglement.
1986,4625,0,3,44,47,1.0638297872340425,0.03604210867489022,662,"I NOW PRONOUNCE YOU  M&M
Neanderthales-Sapiences"
2221,4625,0,3,44,47,1.0638297872340425,0.03604210867489022,662,They’re so ready for their honeymoon.
213,4625,0,3,44,47,1.0638297872340425,0.03604210867489022,662,"Please enter 

""There goes his horniness."""
235,4625,0,3,44,47,1.0638297872340425,0.03604210867489022,662,"Talk about misplaced machismo!  False, and from personal experience, probably embarrassing.  He chose this Viking ceremony so he could say 'I vow you the first cut of my meat', and then later perform for the required witnesses at the consummation."
610,4625,0,3,44,47,1.0638297872340425,0.03604210867489022,662,She wanted a guy who was viking for a living
865,4625,0,3,44,47,1.0638297872340425,0.03604210867489022,662,"This ""Game of Thrones"" wedding theme has everything, but 'I do.'"
97,4625,0,3,44,47,1.0638297872340425,0.03604210867489022,662,"Do you take this man to have and to hold, to pillage and to raid, to maul and to savage and  never, ever, ever spoil  Game of Thrones?"
1453,4625,1,1,45,47,1.0638297872340425,0.0471603962868858,662,"To have and to pillage with, until glorious death do you part?"
1734,4625,0,3,44,47,1.0638297872340425,0.03604210867489022,662,..SO how did you two meet?
1773,4625,0,3,44,47,1.0638297872340425,0.03604210867489022,662,I thought she was kidding when she said she met her shining knight.
1807,4625,0,3,44,47,1.0638297872340425,0.03604210867489022,662,I’m getting paid to be here by the hour.
968,4625,0,3,44,47,1.0638297872340425,0.03604210867489022,662,You may now gore the bride”
3266,4649,0,3,45,48,1.0625,0.035308292679127,662,I heard that the reception is in Lappland!
2971,4649,0,3,45,48,1.0625,0.035308292679127,662,"I complained about this outfit, too, but how can you argue with that sword!"
3239,4649,0,3,45,48,1.0625,0.035308292679127,662,"I think they plan to pillage and plunder on their honeymoon."""
3213,4649,0,3,45,48,1.0625,0.035308292679127,662,"Marge, you know this is no shotgun wedding!"
3173,4649,1,1,46,48,1.0625,0.04618658197582853,662,"I am sorry to announce I cannot proceed with the ceremony, as it was paid in Bitcoin by Reggie Fowler."
3119,4649,0,3,45,48,1.0625,0.035308292679127,662,They said they wanted their wedding to be timeless.
3109,4649,0,3,45,48,1.0625,0.035308292679127,662,They met on Halloween
3078,4649,0,3,45,48,1.0625,0.035308292679127,662,"This paleo thing started with a diet, but I think it's gone a bit too far."
3066,4649,0,3,45,48,1.0625,0.035308292679127,662,"Next,Game of Thrones"
3002,4649,1,1,46,48,1.0625,0.04618658197582853,662,"I hear that the cake is going to be paleo, too."
2940,4649,0,3,45,48,1.0625,0.035308292679127,662,They wrote their own vows.
2605,4649,0,3,45,48,1.0625,0.035308292679127,662,"I do, I do. Now please put the sword down."
2826,4649,0,3,45,48,1.0625,0.035308292679127,662,Spear now or forever hold your piece.
2751,4649,0,3,45,48,1.0625,0.035308292679127,662,Must be taking one of those Viking cruises for their honeymoon.
2675,4649,0,3,45,48,1.0625,0.035308292679127,662,I like this better than that Red Wedding.
2623,4649,0,3,45,48,1.0625,0.035308292679127,662,Mauuuliage....
3312,4649,0,3,45,48,1.0625,0.035308292679127,662,"They met at a ""come as you are"" party."
2540,4649,0,3,45,48,1.0625,0.035308292679127,662,I think they said a river cruise honeymoon.
2456,4649,1,1,46,48,1.0625,0.04618658197582853,662,I thought she was just doing Paleo for the dress
2455,4649,0,3,45,48,1.0625,0.035308292679127,662,"They're both a little rough around the edges, if you ask me."
2363,4649,0,3,45,48,1.0625,0.035308292679127,662,"Mod, taking the broadsword so early."
2358,4649,0,3,45,48,1.0625,0.035308292679127,662,I'm afraid we can't proceed until they check their weapons at the door.
2297,4649,0,3,45,48,1.0625,0.035308292679127,662,Why couldn't we get matching outfits?
2277,4649,1,1,46,48,1.0625,0.04618658197582853,662,"OK, so I'm rushing the season a bit."
2881,4649,0,3,45,48,1.0625,0.035308292679127,662,They really naked this destination wedding...
3403,4649,0,3,45,48,1.0625,0.035308292679127,662,In plundering and in pillaging ...
3831,4649,0,3,45,48,1.0625,0.035308292679127,662,Going eco-friendly is a bit too much
3487,4649,0,3,45,48,1.0625,0.035308292679127,662,Thank god it's an open mead bar.
2236,4649,0,3,45,48,1.0625,0.035308292679127,662,"I just love these destination weddings, don't you?"
4800,4649,0,3,45,48,1.0625,0.035308292679127,662,I hear the reception is going to be quite a battle.
4733,4649,0,3,45,48,1.0625,0.035308292679127,662,The helmet really makes the occasion.
4710,4649,0,3,45,48,1.0625,0.035308292679127,662,His family predates the Lenape Indians. They live in a cave on the upper east side.
4665,4649,0,3,45,48,1.0625,0.035308292679127,662,What kind of a gig is this? Don't they know that three into two won't go?
4657,4649,0,3,45,48,1.0625,0.035308292679127,662,She is holding an Excalibur a very Deadly Sword
4623,4649,1,1,46,48,1.0625,0.04618658197582853,662,Turns out her bouquet didn't match her dress....
4620,4649,0,3,45,48,1.0625,0.035308292679127,662,The theme fits their looks.
4584,4649,0,3,45,48,1.0625,0.035308292679127,662,"...promise to love, honor, obey,and join in plunder
until death do we part."
4557,4649,0,3,45,48,1.0625,0.035308292679127,662,Their
4469,4649,0,3,45,48,1.0625,0.035308292679127,662,He refused to let her fly on a MAX 8..... so here we are
3411,4649,0,3,45,48,1.0625,0.035308292679127,662,They didn't expect the raid to last so long.
4378,4649,0,3,45,48,1.0625,0.035308292679127,662,"Hey, only 2 groomsmen, and they are only paying us minimum wage! I am frigin out of here!"
4272,4649,0,3,45,48,1.0625,0.035308292679127,662,"Yeah, but the other bridezillas didn't have a sword.""
Miriam Salzer, Pacifica C"
4092,4649,0,3,45,48,1.0625,0.035308292679127,662,Armistice at last!
4073,4649,0,3,45,48,1.0625,0.035308292679127,662,"Mazeltov! In lieu of stomping on a glass, you may now behead the usher of your choice."
4024,4649,0,3,45,48,1.0625,0.035308292679127,662,It won’t happen without Farve.
3975,4649,0,3,45,48,1.0625,0.035308292679127,662,And do you both promise to hack away at each other’s enemies as long as you both shall live?
3894,4649,0,3,45,48,1.0625,0.035308292679127,662,She’s giving him dagger looks.”
3874,4649,0,3,45,48,1.0625,0.035308292679127,662,I heard it's because of his sexual shortcoming.
3855,4649,1,1,46,48,1.0625,0.04618658197582853,662,It's just one of those stages...
3782,4649,0,3,45,48,1.0625,0.035308292679127,662,Hagar only agreed to this because the barkeep offered a discount on the keg.
3644,4649,1,1,46,48,1.0625,0.04618658197582853,662,It was your idea to have our wedding on Halloween.
3526,4649,0,3,45,48,1.0625,0.035308292679127,662,Not me sister.  Ain't no way I'm catching the bridal bouquet and following it her footsteps - no matter how nice the guy's cave.
4802,4649,1,1,46,48,1.0625,0.04618658197582853,662,They met on BCEHarmony.
2228,4649,0,3,45,48,1.0625,0.035308292679127,662,Lrt'dget this over with so we can get to the ludenfiske!
4323,4649,0,3,45,48,1.0625,0.035308292679127,662,The best man couldn't make it.  He's on a raid.
2189,4649,0,3,45,48,1.0625,0.035308292679127,662,"They met on a cruise to Iceland”
Tony Hornthal, Elizabeth City, NC 2790"
1178,4649,0,3,45,48,1.0625,0.035308292679127,662,For as long as you both shall larp?
1167,4649,0,3,45,48,1.0625,0.035308292679127,662,Can you believe this wedding is at 2PM on a Thursday?
1121,4649,0,3,45,48,1.0625,0.035308292679127,662,I have second thoughts- I am going to definitely going to hold my piece!
1098,4649,0,3,45,48,1.0625,0.035308292679127,662,Wait until you see the bride’s maids.
1068,4649,1,1,46,48,1.0625,0.04618658197582853,662,Where is the boat on fire?
1046,4649,0,3,45,48,1.0625,0.035308292679127,662,For their honeymoon they'd like to raze Barcelona
1025,4649,0,3,45,48,1.0625,0.035308292679127,662,"Father, Smith, Warrior, Mother, Maiden, Thronee..."
1011,4649,0,3,45,48,1.0625,0.035308292679127,662,We're going raiding for our honeymoon.
899,4649,0,3,45,48,1.0625,0.035308292679127,662,"THEY COULDN'T WAIT  TO MARRY SO  THEY
CAME TO RECITE THEIR VOWS BETWEEN
TAKES FROM  "" PRIMITIVE LOVE LIFE"""
843,4649,0,3,45,48,1.0625,0.035308292679127,662,She wanted to toss us a severed head.
842,4649,1,1,46,48,1.0625,0.04618658197582853,662,The invitation forgot to mention that the reception's in Oslo.
1201,4649,0,3,45,48,1.0625,0.035308292679127,662,"I, Hysteria, take thee, Geriatrix, to be my wedded husband..."
724,4649,0,3,45,48,1.0625,0.035308292679127,662,"And to think, he was an uncouth shy lad before they met."
688,4649,0,3,45,48,1.0625,0.035308292679127,662,"Do you promise to love, honor and cherish each other until the fat lady sings?"
674,4649,0,3,45,48,1.0625,0.035308292679127,662,"You can't marry your Aunt just because you wear ""authentic"" Westeros clothing, George."
595,4649,0,3,45,48,1.0625,0.035308292679127,662,"… To have and to hold, in  woolen tunics and in furs…"
511,4649,1,1,46,48,1.0625,0.04618658197582853,662,Damn Nerds
418,4649,1,1,46,48,1.0625,0.04618658197582853,662,They went too far with traditional because now they look ancient.
408,4649,0,3,45,48,1.0625,0.035308292679127,662,It's the new paleo wedding trend.  All of the influencers are doing it.
390,4649,1,1,46,48,1.0625,0.04618658197582853,662,These new Paleo-themed weddings are so popular these days.
337,4649,0,3,45,48,1.0625,0.035308292679127,662,"All hail, from cave to nave,  two pilgrims bind in bondage."
283,4649,0,3,45,48,1.0625,0.035308292679127,662,I heard that Thor might make an appearance.
277,4649,0,3,45,48,1.0625,0.035308292679127,662,"She wasn't a bridezilla, she was a bridezerker!"
2203,4649,0,3,45,48,1.0625,0.035308292679127,662,Brunhilda should know better than to go after the ring.
708,4649,0,3,45,48,1.0625,0.035308292679127,662,"Looks like it's going to be a good 'ol fist fight, to get a groomsman."
1205,4649,0,3,45,48,1.0625,0.035308292679127,662,"Out of all of the places to pillage, of course he chose my in-laws!"
462,4649,0,3,45,48,1.0625,0.035308292679127,662,They met on eDiscord.
1330,4649,0,3,45,48,1.0625,0.035308292679127,662,I asked them but they told me to get stuffed.
1271,4649,0,3,45,48,1.0625,0.035308292679127,662,They met on a river cruise ironically.
2148,4649,0,3,45,48,1.0625,0.035308292679127,662,"For the honeymoon, they're plundering Scandinavia."
2147,4649,0,3,45,48,1.0625,0.035308292679127,662,I think his wisdom teeth are improving!
2112,4649,1,1,46,48,1.0625,0.04618658197582853,662,I asked about their honeymoon . She said they were going to keep it simple.
1998,4649,0,3,45,48,1.0625,0.035308292679127,662,With these weapons I do wed.....
1993,4649,0,3,45,48,1.0625,0.035308292679127,662,No dragons?
2162,4649,0,3,45,48,1.0625,0.035308292679127,662,"What? To have and to hold, to plunder and to pillage?"
1952,4649,0,3,45,48,1.0625,0.035308292679127,662,They did their PHDs in raiding and pillaging
1922,4649,0,3,45,48,1.0625,0.035308292679127,662,They really love halloween
1860,4649,0,3,45,48,1.0625,0.035308292679127,662,She finally GoT her man ...
1832,4649,0,3,45,48,1.0625,0.035308292679127,662,For their honeymoon they’ll be raping and pillaging Nova Scotia.
1811,4649,0,3,45,48,1.0625,0.035308292679127,662,"I thee wed in pillage, as in pillaged, in sea-sickness as in health."
2034,4649,1,1,46,48,1.0625,0.04618658197582853,662,"Joe and Jane complete the final ceremony of their destination wedding in Walhalla, while aunt Bev is shouting at the kids to stop pilaging and marauding the venue"
1793,4649,0,3,45,48,1.0625,0.035308292679127,662,"Is she becoming ""Mrs. Horrible"" or is she staying ""Miss Maiden""?"
1796,4649,0,3,45,48,1.0625,0.035308292679127,662,"God, I love a good Viking 'ship."
1402,4649,0,3,45,48,1.0625,0.035308292679127,662,More old fashioned than Game of  Thrones
1362,4649,0,3,45,48,1.0625,0.035308292679127,662,*hiccup*
1441,4649,0,3,45,48,1.0625,0.035308292679127,662,I have to say I’m not finding anything about Viking weddings in this book!
1486,4649,0,3,45,48,1.0625,0.035308292679127,662,"Do you promise to pillage, slay until death do you part?"
1431,4649,0,3,45,48,1.0625,0.035308292679127,662,I thought this was going to be a shotgun wedding.
1673,4649,0,3,45,48,1.0625,0.035308292679127,662,"When I asked her where they were honeymoon bound, she said they couldn’t “Afyord” one. I am so over her."
1698,4649,0,3,45,48,1.0625,0.035308292679127,662,"Now that the white walker thing is over, they're honeymooning at Winterfell and then off the North! Never to be seen again, I guess."
1699,4649,0,3,45,48,1.0625,0.035308292679127,662,Not da NOSE rink -- da rink fo da finga!
1761,4649,1,1,46,48,1.0625,0.04618658197582853,662,Those hip poaches have been is style for ages !
1765,4649,0,3,45,48,1.0625,0.035308292679127,662,...to plunder and hunt together for the rest of your days....
1662,4649,0,3,45,48,1.0625,0.035308292679127,662,I feel like it would have been cheaper to go with what they're wearing...
2219,4759,0,3,46,49,1.0612244897959184,0.03460372440370034,662,"Do you, Jane, promise to sweep, wash the cave walls, bring water, wash clothes, and cook?""
""And do you, John, promise to go fishing?"
2840,4759,0,3,46,49,1.0612244897959184,0.03460372440370034,662,They spent too much time in that Nordic trainer.
2968,4759,0,3,46,49,1.0612244897959184,0.03460372440370034,662,"Do you promise never to serve ""pressed meat?"""
3016,4759,0,3,46,49,1.0612244897959184,0.03460372440370034,662,"We're OK, but what's with the spats and bow ties?"
3490,4759,0,3,46,49,1.0612244897959184,0.03460372440370034,662,It's a nice day for a... viking wedding.
3750,4759,1,1,47,49,1.0612244897959184,0.045252158828741736,662,If we kiss each other will we both turn into princes and princesses?
4082,4759,0,3,46,49,1.0612244897959184,0.03460372440370034,662,Can't wait for the goat slaughtering at the reception.  And catching the kransen won't keep the groomsmen at bay.
4166,4759,0,3,46,49,1.0612244897959184,0.03460372440370034,662,They met last winter on a longboat cruise.
4508,4759,1,1,47,49,1.0612244897959184,0.045252158828741736,662,They’re serving kornmjolsgrot at the reception. Delicious!
4243,4759,0,3,46,49,1.0612244897959184,0.03460372440370034,662,"...now, with the power invested in me by Thor, god of thunder..."
4403,4759,0,3,46,49,1.0612244897959184,0.03460372440370034,662,I hope they don’t serve mutton during the reception. I’m a vegetarian!
4498,4759,0,3,46,49,1.0612244897959184,0.03460372440370034,662,Can you believe their first break-up was over his LARP addiction?
4558,4759,0,3,46,49,1.0612244897959184,0.03460372440370034,662,Pretty good turn out for a longbow wedding
4615,4759,0,3,46,49,1.0612244897959184,0.03460372440370034,662,I wonder who'll wear the pants in this family.
4727,4759,0,3,46,49,1.0612244897959184,0.03460372440370034,662,"Because her cousin did a Goth wedding, she's got to do the Visigoth?and"
2107,4759,0,3,46,49,1.0612244897959184,0.03460372440370034,662,Good luck.
4184,4759,0,3,46,49,1.0612244897959184,0.03460372440370034,662,"And with your weapons, I believe ""Until Death Do We Part"" will be true for the two of you."
2095,4759,1,1,47,49,1.0612244897959184,0.045252158828741736,662,You have about 30 minutes to lose your virginity or be sacrificed.
1027,4759,0,3,46,49,1.0612244897959184,0.03460372440370034,662,They wanted to hold the wedding in Greenland but the airline wouldn’t let them take the weapons on board.
1913,4759,0,3,46,49,1.0612244897959184,0.03460372440370034,662,'They were made to be together.'
73,4759,0,3,46,49,1.0612244897959184,0.03460372440370034,662,You marry me or I kill you!
356,4759,1,1,47,49,1.0612244897959184,0.045252158828741736,662,I wonder where he dug her up?
525,4759,1,1,47,49,1.0612244897959184,0.045252158828741736,662,I expect it to last ten years or until the Mongols invade.
590,4759,0,3,46,49,1.0612244897959184,0.03460372440370034,662,I know they have been dating a while but he looks pretty horny to me
597,4759,0,3,46,49,1.0612244897959184,0.03460372440370034,662,"They met a furry convention, but that seems like years ago!"
1938,4759,0,3,46,49,1.0612244897959184,0.03460372440370034,662,This ceremony is one for the Ages.
1034,4759,0,3,46,49,1.0612244897959184,0.03460372440370034,662,"You bonk her over the head after you say, I do.'"
662,4759,0,3,46,49,1.0612244897959184,0.03460372440370034,662,Our Balder who art in heaven...
1204,4759,0,3,46,49,1.0612244897959184,0.03460372440370034,662,"It was fate, they were both assigned to our firm’s budget cutting team."
1322,4759,0,3,46,49,1.0612244897959184,0.03460372440370034,662,I now pronounce you brute and pillager.
1357,4759,0,3,46,49,1.0612244897959184,0.03460372440370034,662,I hope when he kisses the bride he removes his horns.
1447,4759,1,1,47,49,1.0612244897959184,0.045252158828741736,662,"The Norse won the war, and this one won the girl. (Third groomsmen is playing the goat horn in the back)."
1455,4759,0,3,46,49,1.0612244897959184,0.03460372440370034,662,We eliminated a 'Game of Thrones' with 2 bathrooms.
1524,4759,0,3,46,49,1.0612244897959184,0.03460372440370034,662,They are going on a hunting trip for their honeymoon.
1679,4759,0,3,46,49,1.0612244897959184,0.03460372440370034,662,Her parents' wedding theme was Neanderthal.
1056,4759,0,3,46,49,1.0612244897959184,0.03460372440370034,662,Now would be the time to voice your concerns
4318,4795,0,3,47,50,1.06,0.033926691677251195,662,Rings? Vows? I thought I was supposed to bring her a hunted cow.
3330,4795,0,3,47,50,1.06,0.033926691677251195,662,Loki....THIS  is gonna last.  Not.
3656,4795,0,3,47,50,1.06,0.033926691677251195,662,Is that a new style of clothing?
3402,4795,1,1,48,50,1.06,0.04435478484645721,662,They are committed to a marriage of equals.
2801,4795,0,3,47,50,1.06,0.033926691677251195,662,'You can't really have a Viking wedding if there isn't a bloodshed'
3941,4795,0,3,47,50,1.06,0.033926691677251195,662,He hasn't told her where they're going  for their honeymoon raid.
2655,4795,1,1,48,50,1.06,0.04435478484645721,662,Are you sure you two want to get married at this day in age?
2532,4795,0,3,47,50,1.06,0.033926691677251195,662,Redheads. Wedding planners hate 'em.
1420,4795,1,1,48,50,1.06,0.04435478484645721,662,Do you think think Eric is really a communist?
1210,4795,1,1,48,50,1.06,0.04435478484645721,662,"Do you promise to love,honor,and obey and never club again?"
2716,4795,0,3,47,50,1.06,0.033926691677251195,662,Ooffda !  Our legal Momma & Papa !!
942,4806,1,1,49,51,1.0588235294117647,0.043492300025134954,662,They met on LoveCave.com.
2618,4806,1,1,49,51,1.0588235294117647,0.043492300025134954,662,"How old is too old to be a bridesmaid?  My friends are literally Vikings, that's how old I am.  Enough! I should be napping in the back of the church, instead I'm up here acting like a fool.  A fool! Hopefully the seafood buffet will be good anyway"
3366,4808,1,1,50,52,1.0576923076923077,0.042662709019953504,662,Could you turn the fan down a touch?
3376,4809,0,2,42,44,1.0454545454545454,0.031765283723713976,662,Bridesmaid #2: He was my first husband
3395,4809,0,2,42,44,1.0454545454545454,0.031765283723713976,662,"And do you take Skrog to be your lawfully, wicked battalion stallion?"
3908,4809,0,2,42,44,1.0454545454545454,0.031765283723713976,662,Can you believe they met on vacation?
3981,4809,0,2,42,44,1.0454545454545454,0.031765283723713976,662,Paleo!
4347,4809,0,2,42,44,1.0454545454545454,0.031765283723713976,662,"And when they die, they go to VanHalen."
4273,4809,0,2,42,44,1.0454545454545454,0.031765283723713976,662,They Met at the Peace Corp
4324,4809,0,2,42,44,1.0454545454545454,0.031765283723713976,662,He's to shield-maiden.
3260,4809,0,2,42,44,1.0454545454545454,0.031765283723713976,662,"Yes, I do, he does. We do (have made a post-nuptial agreement)."
4359,4809,0,2,42,44,1.0454545454545454,0.031765283723713976,662,"...to have and to hold, until ratings do you part."
4084,4809,0,2,42,44,1.0454545454545454,0.031765283723713976,662,I told you the other usher wouldn't show because he's still mad the Florida amusement park turned his favorite ride to ice.
2791,4809,0,2,42,44,1.0454545454545454,0.031765283723713976,662,"I predict they'll have three or four good years and then things will slowly fall apart, but they'll drag it out a while longer just to punish us."
4541,4809,0,2,42,44,1.0454545454545454,0.031765283723713976,662,I think they are taking this Game of Thrones mania too far.
2570,4809,0,2,42,44,1.0454545454545454,0.031765283723713976,662,They'll be fine in this new earth.
2717,4809,0,2,42,44,1.0454545454545454,0.031765283723713976,662,Congrats to #takingthebullbythehorns.
99,4809,1,0,43,44,1.0454545454545454,0.04545454545454544,662,"Ok, fine. But will he have to club her before he carries her over the threshold?"
671,4809,0,2,42,44,1.0454545454545454,0.031765283723713976,662,"How long until ""death do you part""?"
953,4809,0,2,42,44,1.0454545454545454,0.031765283723713976,662,"I now pronounce us man, wife and me your wife's boyfriend. Additionally, I would like to thank you for choosing an Episcopalian wedding."
1128,4809,0,2,42,44,1.0454545454545454,0.031765283723713976,662,"They met at Starbucks, over a cup of iced latte!"
833,4809,0,2,42,44,1.0454545454545454,0.031765283723713976,662,See?  I told you cosplay works better than swiping!
1834,4809,0,2,42,44,1.0454545454545454,0.031765283723713976,662,I think they were supposed to wear tusks!
2248,4809,0,2,42,44,1.0454545454545454,0.031765283723713976,662,Looks like you're out of luck.
2436,4809,0,2,42,44,1.0454545454545454,0.031765283723713976,662,I now pronounce you throne of games winners
2537,4809,0,2,42,44,1.0454545454545454,0.031765283723713976,662,This wedding is so expensive and cool that no one will notice a little continuity issue like two Vikings.
1687,4809,0,2,42,44,1.0454545454545454,0.031765283723713976,662,...till raiding and pillaging do us part.
4866,4833,0,2,43,45,1.0444444444444445,0.031067790907534747,662,"Gretchen and Olaf, I now pronounce you wife and sexual abuser."
3469,4833,0,2,43,45,1.0444444444444445,0.031067790907534747,662,"Did he say, I did?"
3446,4833,0,2,43,45,1.0444444444444445,0.031067790907534747,662,Until mammoth do you part?
3413,4833,0,2,43,45,1.0444444444444445,0.031067790907534747,662,"Did he just say, Ellen and Trevor?"
3394,4833,0,2,43,45,1.0444444444444445,0.031067790907534747,662,We’re finally witnessing same-epoch marriage... love wins!
3171,4833,0,2,43,45,1.0444444444444445,0.031067790907534747,662,Would you believe it? All four of us are finally married and I have to rush off to a Viking funeral.
3351,4833,0,2,43,45,1.0444444444444445,0.031067790907534747,662,(whispers)...I think we need to call 911.
3230,4833,0,2,43,45,1.0444444444444445,0.031067790907534747,662,"Why don't they want ""Lucky"" here?"
3187,4833,0,2,43,45,1.0444444444444445,0.031067790907534747,662,The wedding March?  Ride of the Walkers.
3185,4833,0,2,43,45,1.0444444444444445,0.031067790907534747,662,"I do, I don’t, I do, I don’t..."
3536,4833,0,2,43,45,1.0444444444444445,0.031067790907534747,662,Dearly Beloved...
3156,4833,0,2,43,45,1.0444444444444445,0.031067790907534747,662,"The good old days, How sweet it is to be in Love.."
3381,4833,0,2,43,45,1.0444444444444445,0.031067790907534747,662,"You know, I’ve always just assumed LARPers were against modern social structures."
3604,4833,1,0,44,45,1.0444444444444445,0.044444444444444446,662,"Vikings is good, but Game of  Thrones is better."
3950,4833,1,0,44,45,1.0444444444444445,0.044444444444444446,662,She told me her true love is one of those marvelous Avengers.
3694,4833,0,2,43,45,1.0444444444444445,0.031067790907534747,662,"Frankly,it's the paleo receptions that I object to"
3843,4833,0,2,43,45,1.0444444444444445,0.031067790907534747,662,"Brumhilde like Thor, but he was wasn't tough enough for her!"
3868,4833,0,2,43,45,1.0444444444444445,0.031067790907534747,662,Oh the blubbering when she said yes to the dress!
3928,4833,0,2,43,45,1.0444444444444445,0.031067790907534747,662,check the spats
3961,4833,0,2,43,45,1.0444444444444445,0.031067790907534747,662,"Apparently, they’ve had the whole affair pillaged."
4045,4833,0,2,43,45,1.0444444444444445,0.031067790907534747,662,The paleo diet must have backfired.
4107,4833,0,2,43,45,1.0444444444444445,0.031067790907534747,662,I don't know why we had to dress up if the groomsmen didn't.
4163,4833,1,0,44,45,1.0444444444444445,0.044444444444444446,662,It's not your typical Renaissance Fair wedding.
4441,4833,0,2,43,45,1.0444444444444445,0.031067790907534747,662,I was only kidding when I
4625,4833,0,2,43,45,1.0444444444444445,0.031067790907534747,662,*fart*
4646,4833,0,2,43,45,1.0444444444444445,0.031067790907534747,662,They told me Elon Musk is paying for the honeymoon
4668,4833,0,2,43,45,1.0444444444444445,0.031067790907534747,662,Are you his sister or his aunt?
4785,4833,0,2,43,45,1.0444444444444445,0.031067790907534747,662,"Dearly Beloved, Who is the Wagnerian wedding planner?"
3123,4833,0,2,43,45,1.0444444444444445,0.031067790907534747,662,They got held up in traffic!
3686,4833,0,2,43,45,1.0444444444444445,0.031067790907534747,662,"Hey Gertrude
I love their outfits!"
3061,4833,0,2,43,45,1.0444444444444445,0.031067790907534747,662,some people will go to any length to keep Jammie and Brienne together on Game of Thrones
2312,4833,0,2,43,45,1.0444444444444445,0.031067790907534747,662,They met on a blind date and just clicked!
2693,4833,0,2,43,45,1.0444444444444445,0.031067790907534747,662,"A pro gun control rally brought them together, so this is their idea of a more perfect union"
3,4833,0,2,43,45,1.0444444444444445,0.031067790907534747,662,Should we tell Sally about the scandal?
124,4833,0,2,43,45,1.0444444444444445,0.031067790907534747,662,Who says marriage is an outdated institution?
276,4833,0,2,43,45,1.0444444444444445,0.031067790907534747,662,"Did the Priest say, ""...till death you apart""?  By the looks of it, this marriage won't last long."
282,4833,0,2,43,45,1.0444444444444445,0.031067790907534747,662,"Do you, Sven, promise to love, honor, and pillage?”"
285,4833,0,2,43,45,1.0444444444444445,0.031067790907534747,662,"She told him that if they didn't have a traditional wedding, she'd go berserk."
464,4833,1,0,44,45,1.0444444444444445,0.044444444444444446,662,"Through leprosy, and through health."
560,4833,0,2,43,45,1.0444444444444445,0.031067790907534747,662,"... in sickness and in health, through both good and bad initiative rolls, through critical hits and critical failures, and even when facing an undead horde without a cleric."
619,4833,0,2,43,45,1.0444444444444445,0.031067790907534747,662,"When you play the game of thrones, till death do you part."
789,4833,0,2,43,45,1.0444444444444445,0.031067790907534747,662,They'll be honeymooning at the Four Seasons of Plundering.
2735,4833,0,2,43,45,1.0444444444444445,0.031067790907534747,662,I sure hope they prefer men limbs to women limbs for the wedding dinner.
1162,4833,0,2,43,45,1.0444444444444445,0.031067790907534747,662,"At the end of Avengers Endgame, Captain America dies."
1372,4833,0,2,43,45,1.0444444444444445,0.031067790907534747,662,This GoT obsession is getting entirely out of hand.
1376,4833,0,2,43,45,1.0444444444444445,0.031067790907534747,662,"And, now, I try to pronounce you, Ødger, and you, Ulhild, man and wife."
1432,4833,0,2,43,45,1.0444444444444445,0.031067790907534747,662,It
940,4833,0,2,43,45,1.0444444444444445,0.031067790907534747,662,"By Thor, he said he'e marry her and he is."
1483,4833,0,2,43,45,1.0444444444444445,0.031067790907534747,662,She says the've conquered everyhintg except long-term commitment.
2644,4833,0,2,43,45,1.0444444444444445,0.031067790907534747,662,"I don't get it.""
""You mean their costumes or the word marriage?
""...Both..?"
1446,4833,0,2,43,45,1.0444444444444445,0.031067790907534747,662,She really likes their appliances.
2617,4833,0,2,43,45,1.0444444444444445,0.031067790907534747,662,Diane threw her flowers really far last year.
2491,4833,0,2,43,45,1.0444444444444445,0.031067790907534747,662,"Do you, Sylvia, take this man, Ghengis, as your lawfully wedded husband?"
2477,4833,0,2,43,45,1.0444444444444445,0.031067790907534747,662,"This should be quick; they're between episodes of their ""Game of Thrones"" binge watch."
2463,4833,0,2,43,45,1.0444444444444445,0.031067790907534747,662,It's over once the raiding and pillaging starts.
2624,4833,0,2,43,45,1.0444444444444445,0.031067790907534747,662,They're pillaging an island for the honeymoon.
2317,4833,0,2,43,45,1.0444444444444445,0.031067790907534747,662,At least we won't be set on fire.
2314,4833,0,2,43,45,1.0444444444444445,0.031067790907534747,662,"I'll take out the Matron of Honor if you let me have the Best Man, otherwise I'm taking you out."
2176,4833,0,2,43,45,1.0444444444444445,0.031067790907534747,662,"And, are you liking this Viking?"
2152,4833,0,2,43,45,1.0444444444444445,0.031067790907534747,662,I think they met on a fjord cruise.
1846,4833,0,2,43,45,1.0444444444444445,0.031067790907534747,662,Do you think this ‘stone shot’ marriage will last?
1801,4833,0,2,43,45,1.0444444444444445,0.031067790907534747,662,"She's been single for ages, and she finally got a real man."
2452,4833,0,2,43,45,1.0444444444444445,0.031067790907534747,662,"I love these mixed marriages, i feel so relevant."
3939,4896,0,2,44,46,1.0434782608695652,0.030400256468700027,662,"I AM KING AND QUEEN OF HUHU LAND 
WE ARE HERE ON INVITATION"
3764,4896,0,2,44,46,1.0434782608695652,0.030400256468700027,662,You May now harpoon the bride
2937,4896,0,2,44,46,1.0434782608695652,0.030400256468700027,662,They are cutting the cake with a guillotine!
867,4896,0,2,44,46,1.0434782608695652,0.030400256468700027,662,I'll give them 2 years max.
2261,4896,0,2,44,46,1.0434782608695652,0.030400256468700027,662,Are they actually wearing matching boots?
389,4896,0,2,44,46,1.0434782608695652,0.030400256468700027,662,I  heard they're honeymoon is going to be one of those river cruises.
2819,4896,0,2,44,46,1.0434782608695652,0.030400256468700027,662,They may plunder but the guest are still more pleasant then the guest at the Royal Wedding
1700,4903,0,2,45,47,1.0425531914893618,0.029760791752350448,662,I didn't know I was supposed to wear formal attire!
483,4903,1,0,46,47,1.0425531914893618,0.04255319148936171,662,I was wondering how they pared down the guest list.
4753,4903,1,0,46,47,1.0425531914893618,0.04255319148936171,662,Nowadays they’ll let anyone marry. How barbaric?
1275,4906,0,2,46,48,1.0416666666666667,0.029147663515556005,662,I hope their marriage outlasts their game.
685,4907,0,2,49,51,1.0392156862745099,0.027450980392156866,662,"Well, she did say it was going to be a lacey wedding!"
