target_id,rank,funny,somewhat_funny,unfunny,count,score,precision,contest,caption
82,1,8401,4233,1180,13814,2.522730563196757,0.0055163059467129745,665,Lunch is on me.
94,2,4431,3816,2057,10304,2.2303959627329193,0.007480772762417608,665,Dinner's on ME.
166,3,4249,4018,2607,10874,2.1510023910244622,0.0074759680339757115,665,He’s telling his friends it’s not deep. So be patient.
4075,4,2241,2287,1471,5999,2.128354725787631,0.010020775845136996,665,Dinner’s on me tonight.
5452,5,2927,2796,2407,8130,2.063960639606396,0.008955801021454067,665,"I didn't know what you were serving, so I brought white."
2011,6,3358,3716,2914,9988,2.0444533440128154,0.007917021374329631,665,A back massage and then dinner. What's not to like?
4524,7,2137,2317,1920,6374,2.034044556008786,0.009984555521631806,665,"Fresh? Sir, I assure you these were walking on land this morning."
3081,8,2718,3703,2480,8901,2.026738568700146,0.008095389012932077,665,I brought dinner.
3153,9,1869,2579,1992,6440,1.9809006211180125,0.009646407212538313,665,It's carryout.
4780,10,2403,3011,2638,8052,1.9708147044212618,0.008812231769012966,665,It’s like a good wine. You let it breathe before consuming it.
4082,11,1565,2185,1797,5547,1.9581755904092302,0.01043883929239022,665,Off Coney Island. There's thousands of them.
1095,12,2236,3143,2609,7988,1.9533049574361543,0.008698692786374269,665,"I’m letting him sunburn a bit more, I prefer extra crispy."
4057,13,2215,2693,2670,7578,1.9399577724993402,0.009197897004999692,665,Eat a guy and you'll be full. Use him as bait and we'll all be full.
1287,14,1448,1264,1776,4488,1.9269162210338682,0.0126058595952043,665,"I used to feel sorry for them, but this one is wearing a MAGA hat."
5253,15,1893,2795,2500,7188,1.9155537006121313,0.009167567251043684,665,Once I gave him a name I didn’t have the heart to eat him.
3155,16,1890,2496,2490,6876,1.912739965095986,0.009568006849403541,665,Lucky for him this is the last thing on his bucket list.
3637,17,1377,2053,1876,5306,1.9059555220505089,0.010672356045286447,665,You want the other half?
22,18,1270,1675,1729,4674,1.9017971758664955,0.011629404605628852,665,"I swear, it is like the universe does not want me to stay vegan."
4149,19,1576,1852,2297,5725,1.8740611353711791,0.010743222658390781,665,"He has a name, Dad. It's Greg. And I love him."
5968,20,1497,1914,2260,5671,1.8654558278963145,0.010660640271516909,665,He' s my emotional support animal.
91,21,728,1070,1128,2926,1.8632946001367054,0.014507583504845063,665,"When I get hungry, or he realizes I'm not a dolphin, whichever comes first!"
4474,22,1519,2205,2377,6101,1.859367316833306,0.010071924028186349,665,"If you liked our food delivery service, please give me 5 stars."
160,23,964,1315,1497,3776,1.8588453389830508,0.012937171078114538,665,He’s paying an arm and a leg for the ride.
2878,24,1410,2742,2443,6595,1.843366186504928,0.009213014542403176,665,I was told we had to bring our own lunch.
4399,25,217,230,343,790,1.840506329113924,0.029431076245604648,665,I got us a politician. There is no backbone !
1283,26,1214,2275,2126,5615,1.8375779162956367,0.010062631876424494,665,And I suppose you've never played with your food.
1341,27,1435,1863,2484,5782,1.8185748875821515,0.010561785005307871,665,Professional courtesy....he’s a lawyer.
6173,28,710,941,1254,2905,1.812736660929432,0.014857080536174941,665,So we each grab a leg and make a wish.
289,29,1377,2026,2561,5964,1.801475519785379,0.01020404879898659,665,"Last time I ate one this stupid, I was sick for a week."
3910,30,1209,2063,2328,5600,1.8001785714285714,0.010279871240973331,665,I'm letting him take one last selfie.
4357,31,276,480,544,1300,1.7938461538461539,0.0212805922070917,665,"Seems only fair ,
I ate his surfboard."
1772,32,704,1197,1437,3338,1.780407429598562,0.013332621923824459,665,"Yes, I KNOW I'm holding up dinner."
5494,33,666,1136,1389,3191,1.7734252585396428,0.013630394684297584,665,He's never seen the movie
1385,34,310,495,647,1452,1.7679063360881542,0.020423217559458345,665,It's part of this whole shore-to-table thing.
3817,35,683,869,1394,2946,1.7586558044806517,0.014819533985430854,665,"Jump up and yell, 'I'm that goldfish you flushed!' 
And then we'll eat him."""
5089,36,1138,1808,2553,5499,1.7426804873613384,0.010489992599993838,665,"Soon, he won't have a leg to stand on."
5988,37,771,1348,1807,3926,1.7361181864493123,0.012229382767192331,665,‘Hold off a bit. He’s bragging about being “king of the sandbar” to four guys in backwards ball caps.’
962,38,563,942,1310,2815,1.7346358792184724,0.014540412572923178,665,"Well, that's embarrassing. How long has it been there?"
4405,39,480,810,1149,2439,1.7257072570725707,0.015591432542327834,665,This is why they think most shark attacks occur in only three feet of water.
3991,40,424,878,1089,2391,1.7218736930154748,0.015244662762221839,665,"You go ahead, Frank. SPF 30 gives me heartburn."
2699,41,780,1716,2083,4579,1.7154400524131908,0.010903598019596691,665,"Oh, did you want me to pick up something for you, too?"
5340,42,367,702,945,2014,1.7130089374379345,0.016813698945009534,665,I just can’t do it without the theme music.”
3718,43,537,1270,1575,3382,1.6930810171496156,0.012523663406725161,665,Just be patient. He’s calling his friends.
2273,44,412,924,1194,2530,1.690909090909091,0.014602217647555274,665,"First, I gain their trust."
794,45,453,652,1160,2265,1.6878587196467991,0.016477700712871912,665,Another Darwin Award winner.
187,46,405,972,1220,2597,1.686176357335387,0.014251168527396529,665,Trust me.  This makes it easier to get all the others into the water.
4030,47,459,915,1321,2695,1.6801484230055659,0.014394192503424278,665,"I love a well-balanced meal, don't you?"
3160,48,81,128,223,432,1.6712962962962963,0.0371757467427632,665,I ordered wings but they gave me legs instead.
2118,49,416,672,1158,2246,1.6696349065004452,0.01623409387365085,665,Found him in the shallow end of gene pool.
184,50,618,1027,1737,3382,1.6691306918982851,0.013174808486229133,665,"Hey, Sam, I’d like you to meet my chum."
6150,51,144,255,417,816,1.6654411764705883,0.026574825339760803,665,"Fine, but walking him is your responsibility."
5269,52,342,699,1043,2084,1.6636276391554703,0.016270649082381062,665,Luckily the dumb ones taste just as good.
173,53,473,837,1476,2786,1.6399856424982053,0.014305702336190284,665,"He thinks I'm Flipper, who's Flipper?"
1480,54,344,711,1136,2191,1.63852122318576,0.015772696735436714,665,Watch this. I'm going to flip it up and catch it in my mouth.
2955,55,378,877,1314,2569,1.6356558972362787,0.014310141257027478,665,How about some help carrying the groceries?
2138,56,197,476,705,1378,1.6313497822931786,0.01940788084648088,665,It's Hilarious. He thinks I'm a dolphin.
5865,57,113,210,372,695,1.6273381294964029,0.028380008207149025,665,He had a standing reservation for dinner.
1866,58,114,264,418,796,1.6180904522613064,0.025636226478094454,665,Remember when Mom read us that story about how the fox tricked the Gingerbread Man and you said nobody could be that stupid?
1448,59,93,247,362,702,1.6168091168091168,0.026742095108028045,665,I still don't see why the dolphins get such a kick out of this.
2386,60,292,796,1160,2248,1.613879003558719,0.01486952674871206,665,Are you the one who ordered takeout?
315,61,332,833,1276,2441,1.6132732486685784,0.01444589730185725,665,Shhh...he thinks I'm a dolphin.
5220,62,328,724,1209,2261,1.6103494029190624,0.015284327630887386,665,Let’s split the Bill
1745,63,287,567,1016,1870,1.6101604278074866,0.017073418897614243,665,So much for them having a bigger brain.
5215,64,287,531,995,1813,1.6094870380584667,0.017495109772417885,665,"I would have eaten him, but I'm finally getting WiFi."
2647,65,45,114,176,335,1.608955223880597,0.038952814830954245,665,I’m trying to eat a more balanced diet.
1841,66,208,450,769,1427,1.6068675543097408,0.019280537581615634,665,"Can we keep him, Mom? Please?"
1250,67,294,584,1062,1940,1.6041237113402063,0.016722888371426308,665,"OK, you call it - Heads or Tails?"
1527,68,231,621,941,1793,1.604015616285555,0.016651118434007246,665,Shall we just split an order?
5177,69,255,583,978,1816,1.6018722466960353,0.01693382111006083,665,"I thought he was a seal, he thought I was a surf board."
5183,70,259,425,891,1575,1.5987301587301588,0.019015496333033694,665,Isn't it time we told him he's adopted?
13,71,251,547,971,1769,1.5929903900508762,0.017234228347621495,665,I raise my own. It’s the only way to know they’re organic.
1289,72,192,354,703,1249,1.5908726981585268,0.020977477801578208,665,Excuse me. Do you have any Grey Poupon?
1238,73,47,125,199,371,1.5902964959568733,0.03658443824593402,665,Another 20 minutes and he’ll be medium rare.
4893,74,248,507,945,1700,1.59,0.017723012807635365,665,I just think it's a bad idea to eat something this stupid.
1030,75,214,510,873,1597,1.5873512836568566,0.01788245275412848,665,Shhh! He's looking out for sharks.
1201,76,192,332,700,1224,1.5849673202614378,0.021331515667132726,665,You're more likely to be struck by lightning than be stepped on by a human.
2763,77,183,350,699,1232,1.5811688311688312,0.020953888156099647,665,The guy at the bait shop said this could get us a couple lifeguards.
144,78,146,403,655,1204,1.5772425249169435,0.02011104892055447,665,I decided to go with carry out.
1889,79,188,435,782,1405,1.5772241992882563,0.01908990726553936,665,I'm going to be on the evening news.
5892,80,51,135,227,413,1.5738498789346247,0.03453995719743887,665,Definitely a keeper!  I'd guess about a 180 pounder.
1502,81,188,439,795,1422,1.5731364275668074,0.018927384069311916,665,wait till he finds out I'm not his surf board.
1282,82,158,269,597,1024,1.5712890625,0.023260848583003976,665,"When he says ""Marco,"" they all say ""Polo,' and then we eat."
4764,83,61,170,287,518,1.5637065637065637,0.030516593744007895,665,It's from that new take-out place under the pier.
3703,84,146,312,616,1074,1.5623836126629422,0.021971537638613443,665,It seems rude to interrupt while he’s on the phone.
1010,85,164,315,667,1146,1.5610820244328099,0.021565010897311967,665,Millennials act so entitled.
3536,86,140,172,495,807,1.560099132589839,0.02713243320064128,665,Heard it’s Trump ... we could become hero’s!
907,87,123,266,526,915,1.5595628415300546,0.023744277830195764,665,I'm seventy years old and I'll play with my food if I want to.
4331,88,95,177,389,661,1.5552193645990924,0.02845501738654787,665,"It's a new ridesharing company I started. I call it Scuber."""
1813,89,122,326,582,1030,1.5533980582524272,0.021688712367893725,665,"Of course I’ll eat him, but in the meantime  I just love the foot massage."
6055,90,123,325,589,1037,1.5506268081002892,0.021629106039027773,665,"Honey, I brought dinner!"
5075,91,94,208,420,722,1.548476454293629,0.026544857619473027,665,"He’s locally sourced, and most importantly, cage free!"
2626,92,46,107,210,363,1.5482093663911847,0.03720628560197145,665,He's just a decoy.
3801,93,123,270,549,942,1.5477707006369428,0.023254459354915522,665,Sometimes it's just too easy.
5529,94,112,290,537,939,1.5473908413205537,0.02276948915329178,665,"Of all my anger management exercises, this one is the most difficult"
5424,95,112,284,535,931,1.5456498388829216,0.02291915656391972,665,Did you already eat yours?
515,96,101,300,521,922,1.5444685466377441,0.022520625977350824,665,Don’t bite.My back has never felt so good.
516,97,101,246,478,825,1.543030303030303,0.02446011410195359,665,This one’s on me.
4317,98,122,212,507,841,1.5422116527942924,0.025315837623318793,665,The weirdest part is that the water above me keeps randomly getting warm
364,99,102,267,500,869,1.5420023014959723,0.023588943258847698,665,He’s a rescue.
1787,100,93,178,404,675,1.5392592592592593,0.027883135361070024,665,He's my therapy human.
3170,101,113,263,532,908,1.5385462555066078,0.023418272923638874,665,I work for UberEats now.
2559,102,51,151,269,471,1.5371549893842889,0.03146020844765971,665,"Yes, I could dive, but I think surfacing would be more interesting."
1140,103,104,232,486,822,1.535279805352798,0.024722496322971122,665,He’s only just temporarily on top of the food chain.
3320,104,104,228,484,816,1.5343137254901962,0.024860951445629744,665,"He's a loan shark-it's a professional courtesy."""
5820,105,100,194,447,741,1.5317139001349527,0.026480481378862705,665,This one's a decoy.  We get the real ones when they come out to rescue it.
4636,106,78,149,347,574,1.5313588850174216,0.030147792553308447,665,How did these things ever make it to the top of the food chain?
659,107,78,163,362,603,1.529021558872305,0.029045279600655487,665,"If he's gonna have kids as smart as he is, it makes more sense to release him."
1443,108,67,224,389,680,1.526470588235294,0.025639339810769116,665,Should we do lunch now or save it for dinner?
1849,109,76,259,448,783,1.524904214559387,0.023814740533431304,665,"Don't say anything, he just told all his friends that he's tall enough to reach the bottom."
5043,110,96,173,432,701,1.520684736091298,0.02734610388055024,665,I’m making a fortune carrying them into U.S. waters.
424,111,83,200,420,703,1.5206258890469417,0.02630376573331908,665,The doc said I needed a balanced diet.
737,112,88,181,421,690,1.517391304347826,0.027066815309585077,665,I call it “ Surf and Turf”
719,113,79,226,438,743,1.5168236877523553,0.024962731701807368,665,I'm trying to eat a balanced diet
4739,114,85,183,416,684,1.5160818713450293,0.027010094775478024,665,Shhh.  This guy thinks I'm a service animal.
4692,115,85,182,418,685,1.513868613138686,0.026982310754313486,665,He's trying to get a signal.
4864,116,31,73,159,263,1.5133079847908746,0.04304995954496801,665,I’m seconds away from nipping this wildlife tourism trend in the bud.
1199,117,77,176,391,644,1.5124223602484472,0.027576448799296053,665,I'm headed to the potluck
395,118,81,173,400,654,1.5122324159021407,0.027603537237531835,665,I love the look in their eyes when they realize they're not standing on the bottom.
3250,119,48,135,268,451,1.5121951219512195,0.032066305937745135,665,I can’t do anything without the soundtrack.
2798,120,71,161,361,593,1.5109612141652613,0.028750447199194243,665,One lousy surfer and I get sixteen weeks of community service.
5883,121,39,92,202,333,1.5105105105105106,0.038186438779174874,665,Feels so good I hate to eat him.
6164,122,84,131,371,586,1.5102389078498293,0.030285947336803443,665,I am the fin beneath his things.
5527,123,70,167,365,602,1.5099667774086378,0.02833302086528537,665,He was drowning. I'm just keeping him fresh until I get hungry.
4886,124,70,171,370,611,1.5090016366612111,0.028023746958592367,665,Just wait till he does another hand stand.
4439,125,76,167,385,628,1.5079617834394905,0.0280115841429243,665,You smell fear? All I can smell is feet.
1398,126,86,140,392,618,1.5048543689320388,0.02926139909219637,665,I can't do that.  He's a lawyer.  He's one of our own.
3595,127,47,125,263,435,1.5034482758620689,0.03277067586749422,665,Millennials...am I right?
4850,128,46,113,249,408,1.5024509803921569,0.03417990374595033,665,This guy thinks he walks on water.
1680,129,62,127,312,501,1.5009980039920159,0.03154374720948644,665,He thinks he's standing on a sand bar. I'm waiting for his wife.
599,130,73,130,349,552,1.5,0.030557219351383155,665,I'll split him with you.
5299,130,57,144,315,516,1.5,0.0302395045600159,665,Don’t worry he’s armless
647,132,69,150,359,578,1.4982698961937717,0.029104227092685796,665,I wish I had a blowhole.
6165,133,57,115,288,460,1.4978260869565216,0.0329329337998906,665,He’s all yours. I can’t stomach another old white male.
3360,134,62,148,337,547,1.4972577696526508,0.029547364417036235,665,My ex got the top half.
287,135,78,127,365,570,1.4964912280701754,0.030337060778379766,665,Probably not a stable genius.
5473,136,69,132,343,544,1.4963235294117647,0.03045580543993105,665,Shall we each grab a leg and make a wish?
778,137,62,123,313,498,1.4959839357429718,0.03168570043409564,665,"White meat is dry and flavorless, but there's no alternative on Nantucket."
295,138,51,136,293,480,1.4958333333333333,0.03107276929108997,665,"Ok, let's go over this again... I hit the brakes, then you open your mouth."
1050,139,59,149,331,539,1.4953617810760669,0.029522293892614414,665,Takeout is on me tonight.
3332,140,48,167,316,531,1.4952919020715632,0.02850914432135084,665,I just get more done if I bring my lunch to work.
4442,141,46,167,312,525,1.4933333333333334,0.028485755473102333,665,The invitation said to bring your own lunch
4084,142,61,136,327,524,1.4923664122137406,0.03038208425420937,665,It's a decoy.
4868,143,50,142,300,492,1.491869918699187,0.030380678227600127,665,Here's your take-out. That'll be 20 clams.
5561,144,57,143,323,523,1.491395793499044,0.029939248800713702,665,"It's win win. He gets a free ride, I get a free lunch."
2961,145,56,143,320,519,1.4913294797687862,0.029984694832107982,665,You said you wanted fresh.  I'm bringing you fresh.
2704,146,70,96,315,481,1.4906444906444907,0.0335712167608215,665,"You were right about President Trump, he really is the dumbest thing on land or water."
650,147,58,136,320,514,1.490272373540856,0.030447804926229956,665,"You ordered a 160 pounder, no fins, no wet suit?"
360,148,64,106,308,478,1.4895397489539748,0.03294341155110321,665,I accidentally looked up his trunks... totally lost my appetite.
5770,149,60,135,326,521,1.489443378119002,0.030388979952249467,665,Beginning to have second thoughts on the Uber gig.
5084,149,62,131,328,521,1.489443378119002,0.0306309420140075,665,New gig with Uber Eats.
582,151,54,148,322,524,1.4885496183206106,0.029527048201668255,665,"I can’t, he’s a client."
4403,152,52,127,294,473,1.4883720930232558,0.03154690957912908,665,So who's on top of the food chain?
6139,153,47,149,302,498,1.4879518072289157,0.02970715084166302,665,"You know, it wouldn't kill you to help me carry the groceries."
5330,154,56,128,309,493,1.486815415821501,0.031137209269037517,665,It’s a comfort human.
5150,155,46,143,294,483,1.4865424430641823,0.03022375356124605,665,Here's your order.
1904,156,65,121,331,517,1.4854932301740813,0.031167223099906112,665,I REALLY hate Lent!
1863,157,54,121,297,472,1.4851694915254237,0.031876673690388754,665,I’ll wait until he finishes waving at his wife.
5314,158,43,141,284,468,1.485042735042735,0.0304687491805763,665,When eating out got so expensive I started packing my lunch.
3569,159,44,150,297,491,1.4847250509164969,0.029588771490554822,665,"I dunno--I heard the guy say, ""Less crowded than Everest and twice as safe."""
4152,160,57,102,288,447,1.483221476510067,0.033641210253888935,665,It's called Great White Privilege.
3484,161,50,129,295,474,1.4831223628691983,0.0312084178993412,665,"I know we said we weren't exchanging gifts this year, but I couldn't resist."
3884,162,55,114,297,466,1.48068669527897,0.032318259375260505,665,"The most embarrassing part is he keeps calling me ""Flipper""."
1038,163,56,122,309,487,1.4804928131416837,0.031413835900237,665,It’s times like these that I regret going vegan.
2364,164,43,135,282,460,1.4804347826086957,0.030840574101493632,665,They're all over the place. Go get your own.
5467,165,47,125,284,456,1.480263157894737,0.03164885665142815,665,I know. But he removed a thorn from my fin”.
5063,166,58,112,305,475,1.48,0.03227683936379167,665,"I'm transitioning to porpoise, if you must know."
3283,167,44,130,282,456,1.4780701754385965,0.031185426962001387,665,My wife said to bring someone home for dinner.
256,168,44,108,258,410,1.4780487804878049,0.03368748544427756,665,They're like muffins. The top half is delicious.
2184,169,42,142,289,473,1.477801268498943,0.030081001814880864,665,"No, go ahead, you tell him"
5832,170,46,123,281,450,1.4777777777777779,0.03179663305577545,665,"Man, this Swim With The Dolphins racket is great -- look what I got!"
1532,171,45,110,265,420,1.4761904761904763,0.03326751412549372,665,Let's humor him until his wife and kids arrive.
2744,172,37,146,280,463,1.4751619870410366,0.02976132644570252,665,"I'm not hungry right now, but it's like packing a lunch for later."
881,173,47,116,280,443,1.4740406320541761,0.0323133599238324,665,Let's wait until he's finished waving to his kids.
691,174,51,117,294,462,1.474025974025974,0.03193351861570962,665,He's a lawyer. Professional courtesy.
44,175,50,109,282,441,1.473922902494331,0.03289367701744075,665,Suppers on me!
5154,175,43,123,275,441,1.473922902494331,0.031778041405625325,665,Don't show your fin! He thinks he's riding a dolphin!
3930,175,47,115,279,441,1.473922902494331,0.032420248738015904,665,Too bad today is Catch and Release
1121,178,55,107,296,458,1.4737991266375545,0.0327275132590733,665,I brought take out.
4649,179,53,99,282,434,1.4723502304147464,0.033758930785823926,665,"Hey, Frank, dinner’s on me, today."
2873,180,44,106,261,411,1.4720194647201947,0.03361652510975904,665,Say hello to my little chum.
3043,181,44,112,268,424,1.471698113207547,0.03285997849660614,665,Do you have any grey poupon?
4083,181,42,116,266,424,1.471698113207547,0.03251885107956076,665,"It started as a joke, but now I'm sorta invested."
4424,183,44,143,303,490,1.4714285714285715,0.02961151016344279,665,I like to play with them a little beforehand. Don't tell Mom.
5005,184,30,88,196,314,1.4713375796178343,0.03750447335217046,665,The missus asked me to get some takeout.
3171,185,38,113,250,401,1.4713216957605986,0.03311735720904544,665,Since when don't you like Italian?
3302,186,44,109,266,419,1.470167064439141,0.03314221430666593,665,All I know is the sciatica in my caudal fin is gone completely.
5589,187,46,104,267,417,1.4700239808153477,0.03360277502108279,665,He's keeping an eye out for sharks
3367,188,35,130,261,426,1.4694835680751173,0.031187780269498276,665,I thought you said I was supposed to bring lunch.
2036,189,40,126,273,439,1.469248291571754,0.03137949620934121,665,"First, you have to give them a false sense of security."
4955,190,44,92,248,384,1.46875,0.035334659061372925,665,My mom finally said I could have a pet - he's a rescue.
581,190,27,81,180,288,1.46875,0.03899984086003447,665,"I couldn’t finish the whole thing, so I got it to go."
4252,192,46,115,281,442,1.4683257918552035,0.032196306210527,665,I'm gonna give this Uber thing another week.
3057,193,52,86,268,406,1.4679802955665024,0.035316291277818,665,Of course this happens the week I go vegan
2472,194,40,114,261,415,1.4674698795180723,0.0326640369985177,665,"You try it ,the last one I ate tasted  just like chicken."
3977,195,44,116,277,437,1.4668192219679634,0.032136179334261335,665,We have a deal.  He tells everyone else it’s safe and I don’t eat him.
1365,196,46,111,278,435,1.4666666666666666,0.03256978122773071,665,The water taxi costs an arm and a leg. I said I'd charge just an arm.
4109,196,40,123,272,435,1.4666666666666666,0.03157891639243671,665,He's my chiropractor.
454,198,43,113,271,427,1.4660421545667448,0.032510453969041016,665,Yeah it's a Great White
3610,199,46,99,265,410,1.4658536585365853,0.03401510779213078,665,Wait 'til he finds out I'm not a dolphin.
1642,200,39,117,263,419,1.4653937947494033,0.03225792912643514,665,"Turns out, you can play with your food and eat it too."
1593,201,43,120,280,443,1.4650112866817155,0.03165519534636951,665,I like the top a little crispy.
3660,202,42,103,258,403,1.4640198511166254,0.03372194442718963,665,You take the left leg and we’ll make a wish.
2251,203,43,107,266,416,1.4639423076923077,0.033127377825315975,665,I'm sick of white meat.  YOU eat it!
4194,204,37,118,259,414,1.463768115942029,0.03217052069470123,665,Thigh or drumstick?
431,205,37,102,241,380,1.4631578947368422,0.03420331501875041,665,"What is it you're not supposed to do, 30 minutes after eating a swimmer?"
3337,206,43,98,257,398,1.4623115577889447,0.03421152100691277,665,"Oh, it's Human Week."
5628,206,37,110,251,398,1.4623115577889447,0.033082951599902426,665,"People keep coming to try and rescue him. I swear, I've never eaten so good in my life."
1157,208,40,90,238,368,1.4619565217391304,0.03563147730147699,665,It's my emotional support human.
3308,209,46,101,271,418,1.4617224880382775,0.03352333829872058,665,...and we'll have these waters to ourselves for the rest of the summer.
6157,210,40,94,243,377,1.4615384615384615,0.035004646407811715,665,"Oh, like you could say no to Sir David Attenborough."
3630,211,38,111,257,406,1.4605911330049262,0.032797133999627845,665,"And just like that, goodbye sciatica."
2183,212,32,104,229,365,1.4602739726027398,0.03412019432412556,665,The trick is to brine just the bottom half
2056,213,37,105,247,389,1.4601542416452442,0.03362327978234971,665,"Tell the kids, dinner's ready"
1497,214,30,100,218,348,1.4597701149425288,0.03482336447153437,665,They are all so confident when their head is above water.
1324,215,42,97,255,394,1.4593908629441625,0.034269878892619794,665,"He ain't heavy, he's my lunch."
2312,215,43,95,256,394,1.4593908629441625,0.03445781466529995,665,I identify as a Dolphin.
3052,217,45,93,261,399,1.4586466165413534,0.034504890318720484,665,"Like I told you, Karen, men will walk all over you if you let them."
398,218,46,84,254,384,1.4583333333333333,0.03568966991216398,665,Let him finish taking his selfie.
5574,219,34,96,228,358,1.458100558659218,0.0350345396157614,665,"Bait. I’m trolling for one of the really fat, juicy ones."
6102,220,33,108,239,380,1.4578947368421054,0.03336499031523027,665,I told him I'm a dolphin.
3942,220,46,82,252,380,1.4578947368421054,0.035968778970280973,665,I’m never sure of what to bring to potlucks.
2964,222,45,89,257,391,1.4578005115089514,0.03502373668740871,665,Why don't YOU ever bring dinner?
5218,223,43,87,249,379,1.4564643799472297,0.0354494042362501,665,"He's my comfort human, Larry"
1570,224,37,97,241,375,1.456,0.03450944741348829,665,Tastes like chicken.
6044,225,34,101,236,371,1.4555256064690028,0.034142405986546207,665,Sorry I'm late. But I brought lunch.
559,226,32,99,228,359,1.4540389972144847,0.034502067249389624,665,"Ok, I am going to flip him"".   Heads or Tails"
4346,227,35,102,242,379,1.4538258575197889,0.033828251181639575,665,"Ooh gross, get it off!! Where is it?"
2189,228,37,83,226,346,1.453757225433526,0.03658361231957284,665,"No, maybe YOU misunderstood when he said ""Help, shark!"""
4067,229,41,89,247,377,1.453580901856764,0.03518007999229258,665,This is NOT how He walked on water.
528,230,37,90,235,362,1.4530386740331491,0.035393103987622555,665,Let's let him wave frantically to shore for another minute or two.
3472,231,38,101,252,391,1.4526854219948848,0.03367014702406824,665,"Jump the shark? No, but he did stick the landing."
2233,232,43,86,251,380,1.4526315789473685,0.035367353063143515,665,Uber Eats delivery for you
1152,233,37,88,233,358,1.452513966480447,0.035678653993650236,665,What is it? Get if off me! Get it off!
67,234,37,96,243,376,1.452127659574468,0.034429318888043854,665,I was going to let him finish his text.
6181,235,30,104,229,363,1.4517906336088153,0.033775547449281115,665,Have at him. I gave up men for lent.
5621,236,38,92,242,372,1.4516129032258065,0.034903014031784085,665,I tried goat yoga. This is better.
1001,237,39,84,236,359,1.4512534818941505,0.03603590589746452,665,He thinks they're swimming with dolphins.
4555,238,45,76,247,368,1.451086956521739,0.03662062415179491,665,Great white privilege...
3659,239,31,99,227,357,1.4509803921568627,0.034399607467466634,665,"You know what they say...""eat a man and you have lunch,  use one as bait and you'll feast forever"""
3091,240,32,61,185,278,1.4496402877697843,0.04152680517128238,665,Surf and Turf
5258,241,29,101,224,354,1.4491525423728813,0.03413256708586391,665,Wanna grab a bite?
6062,242,32,85,215,332,1.4487951807228916,0.03646581608382098,665,I met him online.
3883,242,32,85,215,332,1.4487951807228916,0.03646581608382098,665,Watch this!  He thinks he’s on a sand bar.
2861,242,35,79,218,332,1.4487951807228916,0.03720691875922017,665,"I don’t know, I think he said his name was Spielberg and I owe him big time...."
1093,245,25,107,218,350,1.4485714285714286,0.03343780288234765,665,I give up.  What has two legs and looks tasty for lunch?
4580,245,31,95,224,350,1.4485714285714286,0.034875873187810574,665,Does the tag say “sell by” or “use by”
1212,247,39,87,243,369,1.4471544715447155,0.03530109094044234,665,"No, when you're a shark, you're not necessarily a shark all the way."
4359,248,32,54,178,264,1.446969696969697,0.04314675766822396,665,Best spa ever. Back massage followed by dinner for two.
763,249,31,82,210,323,1.4458204334365325,0.036924256825588066,665,Why does this always happen when I'm fasting?
1714,250,24,67,167,258,1.445736434108527,0.04105145186912194,665,He says the cell signal is better out here.
28,251,28,100,222,350,1.4457142857142857,0.03415173713942487,665,He's my chum.
5608,251,32,92,226,350,1.4457142857142857,0.03509749842438029,665,I stopped for take-out on my way home.
5952,251,29,98,223,350,1.4457142857142857,0.03439061588780613,665,I promise. This is his last selfie.
4503,254,38,82,235,355,1.4450704225352113,0.036089470135959756,665,"This has been a bad week, one Fitbit, two tires and now a stand up comedian."
2874,255,28,92,213,333,1.4444444444444444,0.03535882110825966,665,"I thought he'd realize his mistake and jump off, but it's been three hours and now it seems too awkward to say anything."
5803,255,28,104,228,360,1.4444444444444444,0.033482591652073,665,I told you I was bringing the entree!
4158,255,33,86,223,342,1.4444444444444444,0.03591681642372328,665,I grabbed us take-out.
3407,255,21,78,171,270,1.4444444444444444,0.03868032821845292,665,I'm just gonna ride this one out.
3570,259,36,99,250,385,1.4441558441558442,0.033614481675462465,665,You know that trick where the dog flips a treat up off his nose and then eats it?
4340,260,30,91,219,340,1.4441176470588235,0.03533855436178289,665,"The wife is working late, so she asked me to bring home dinner."
6266,261,38,74,226,338,1.4437869822485208,0.03741229774651847,665,You the guy who ordered the sushi?
1607,262,34,81,221,336,1.443452380952381,0.036617560388955445,665,I got takeout tonight
882,262,30,89,217,336,1.443452380952381,0.03563386764634503,665,he thinks he found a sandbar
2762,264,32,88,223,343,1.4431486880466473,0.03559670337633955,665,"Hurry, go get the camera."
1722,265,35,85,230,350,1.4428571428571428,0.035777676039689975,665,Why don’t you bring a sea weed salad or bottle of red wine.
5512,265,31,93,226,350,1.4428571428571428,0.034850378144175145,665,"It's low-pay, seasonal work. But it includes meals."
3378,265,32,91,227,350,1.4428571428571428,0.035084500399667255,665,I believe you ordered take-out.
3083,268,36,71,216,323,1.4427244582043344,0.0381900172734799,665,"At the count of three, we each grab a leg and make a wish."
3338,269,22,65,160,247,1.4412955465587045,0.04154982506924233,665,The legs taste better after marinating for an hour.
2805,270,22,49,140,211,1.4407582938388626,0.046548552529197235,665,It  is the final exam for self control and anger management class
1290,271,28,89,212,329,1.4407294832826747,0.03564303765889459,665,"I'd eat him, but he's doing wonders for my back."
1628,272,41,111,286,438,1.4406392694063928,0.03150282089492334,665,The kids wanted takeout again.
5406,273,36,80,229,345,1.4405797101449276,0.03637518006538395,665,"Something is in the water. Oh my god, it just touched me!"
2400,274,32,80,215,327,1.4403669724770642,0.03682834316548912,665,I have to wait for that music to start.
1493,275,30,87,217,334,1.4401197604790419,0.03576932584078801,665,"I know, you hate it when I play with my food..."
3285,275,32,83,219,334,1.4401197604790419,0.036268564610759835,665,Do you prefer the thigh or leg?
2260,275,32,83,219,334,1.4401197604790419,0.036268564610759835,665,"I don’t care how much good publicity we need, this is humiliating."
3292,278,39,108,276,423,1.4397163120567376,0.031949420931217366,665,On three?
3176,279,24,72,177,273,1.4395604395604396,0.039396702019240455,665,Do you think he knows that he's taking the last selfie of his life?
1425,280,31,83,216,330,1.4393939393939394,0.03632869587197798,665,Chick bait.
1182,281,31,72,202,305,1.439344262295082,0.038457066372435234,665,"It attracts the lifeguards, and they don't come any meatier than that!"
3451,282,34,78,221,333,1.4384384384384385,0.036832998985747205,665,We Canadian sharks are just too polite.
1171,282,30,86,217,333,1.4384384384384385,0.03583724732927187,665,Uber Eats
3957,282,32,82,219,333,1.4384384384384385,0.03633853402672883,665,When should I tell him I am not a dolphin?
109,285,33,83,224,340,1.438235294117647,0.03603925949126496,665,I think it’s a great white.
2176,286,33,75,214,322,1.437888198757764,0.03748773707057214,665,It’s harder than goat yoga and it comes with a snack.
290,287,26,96,216,338,1.4378698224852071,0.03445144499121327,665,"40 more hours of community service, and I can go back to biting ‘em."
2124,288,25,94,210,329,1.4376899696048633,0.03483817747478238,665,It's the only way to get that knot out of my back.
4666,288,38,68,223,329,1.4376899696048633,0.03813968628070975,665,He's all yours.  I can't eat anything this stupid.
5032,288,26,92,211,329,1.4376899696048633,0.03510316552322725,665,He’s just taking a selfie.  Then we can eat him.
1510,288,39,66,224,329,1.4376899696048633,0.03838188751973534,665,"Gives a whole new meaning to ""stupid"" doesn't it?"
1583,292,29,92,222,343,1.4373177842565599,0.03484162789442277,665,'I won't eat him right away. My back feels great.'
1796,293,34,75,218,327,1.437308868501529,0.03731892447308346,665,"He’s my chum, not yours."
2706,293,30,83,214,327,1.437308868501529,0.03629954032071971,665,"Grab a leg, and make a wish...."
3200,293,31,81,215,327,1.437308868501529,0.036557051324998764,665,"Yeah, I've got your Uber Eats order."
657,296,33,76,216,325,1.436923076923077,0.03723043959261667,665,Are you the guy who ordered dinner?
4180,297,24,59,162,245,1.436734693877551,0.04255738018426704,665,He's not heavy. He's my lunch.
500,298,33,78,219,330,1.4363636363636363,0.03681674049420247,665,"I was running late, so I got my meal to go."
4534,299,29,85,214,328,1.4359756097560976,0.03595487087010848,665,It works like a charm to catch lifeguards
4274,300,32,79,218,329,1.4346504559270516,0.03663674320474734,665,"Your Uber Eats order, sir."
2500,301,35,69,216,320,1.434375,0.03815672019246931,665,Are you gonna tell him? Or should I?
6082,302,34,70,214,318,1.4339622641509433,0.038071636586857416,665,He does things for me you can't begin to understand.
5994,303,28,71,194,293,1.4334470989761092,0.03867218174857052,665,Take a bite and tell me if it tastes like chicken.
3333,304,29,68,194,291,1.4329896907216495,0.03916465389322421,665,"She can't complain it's not ""fresh"" this time!"
352,305,27,78,200,305,1.4327868852459016,0.03728144987849191,665,"It’s all about branding.  If we save one once in a while, we’ll be right up there with the dolphins"
5686,305,21,90,194,305,1.4327868852459016,0.035503303925101905,665,I am so sick of tourist season - you can have this one.
4875,307,33,56,193,282,1.4326241134751774,0.041308794747736445,665,Best. Disguise. Ever.
2162,308,24,77,188,289,1.4325259515570934,0.037801437462777136,665,He's picking up plastic.
5411,309,21,89,193,303,1.4323432343234324,0.035660114781636436,665,I'm on my way to a potluck.
931,310,25,86,204,315,1.4317460317460318,0.035872720618137656,665,It's a shame we have to throw them back if they are under three feet.
3392,311,29,81,212,322,1.4316770186335404,0.03640616298771554,665,Revenge is a dish best served live.
4608,312,32,81,223,336,1.431547619047619,0.03606753458167635,665,Pretty soon this guy won't have a leg to stand on.
5815,313,32,71,210,313,1.4313099041533546,0.03796736597121075,665,The wife likes her takeout fresh
3813,313,35,65,213,313,1.4313099041533546,0.03876804142691057,665,The top half was delicious.
5239,315,25,88,207,320,1.43125,0.035478080013467556,665,I thought I'd get a massage in before lunch.
4936,316,24,80,193,297,1.430976430976431,0.03707424565649324,665,I like to eat a balanced diet.
113,317,28,75,201,304,1.430921052631579,0.03764690150014892,665,I'm a comfort shark...
3481,317,27,77,200,304,1.430921052631579,0.03735741552859843,665,"You go high, I'll go low."
5505,319,22,90,199,311,1.4308681672025723,0.035318819317410474,665,It's take your dinner to work day.
1484,319,15,104,192,311,1.4308681672025723,0.033199485625732945,665,My wife sent me for takeout.
346,321,26,69,186,281,1.4306049822064058,0.0391990211379399,665,"I'm trying to quit, but they make it too damn easy."""
231,322,30,73,206,309,1.4304207119741101,0.03776780907685096,665,I ate his wife.  It's the least I could do.
2446,323,38,59,217,314,1.429936305732484,0.039450267770650575,665,"That's Donald Trump - much, much scarier than showing my dorsal fin above the water."
5926,324,19,69,161,249,1.429718875502008,0.04004387741179456,665,I brought dessert.
3752,324,23,61,165,249,1.429718875502008,0.04163006819685699,665,You wanna tell him? Or should I?
3023,326,25,83,202,310,1.429032258064516,0.036259309804862486,665,It feels so good I just couldn't eat him.
3816,327,31,77,216,324,1.4290123456790123,0.03675366823694052,665,It's a matter of perception vs. reality.  He thinks I am a log and I know he is my lunch.
5151,328,26,82,205,313,1.428115015974441,0.036293264825794536,665,"They’re delicious, but they need air."
3006,329,30,68,201,299,1.4280936454849498,0.038664725287378035,665,Can I keep him?
4237,330,25,76,194,295,1.4271186440677965,0.03753365081461582,665,I'm saving the rest for later
269,330,26,74,195,295,1.4271186440677965,0.03783959586147469,665,"No, you _can't_ have the top.""That's the best part."
739,332,32,67,208,307,1.4267100977198697,0.03848001117626351,665,"It's bring Your Victim to Work Week."""
5921,333,28,72,200,300,1.4266666666666667,0.03797943858828397,665,"Whatever it is he's trying to prove, he's not going to have a leg to stand on."
2253,333,26,76,198,300,1.4266666666666667,0.03738776093068271,665,"Be my guest, I can't reach him."
5898,335,25,75,193,293,1.4266211604095562,0.037711232023997156,665,What?? Do I have something caught in my teeth?
4350,336,30,85,225,340,1.4264705882352942,0.03524310907104536,665,I got some takeout from that new sand bar.
5417,337,27,83,212,322,1.4254658385093169,0.03583218597561446,665,It's even better than goat yoga.
2789,338,29,76,210,315,1.4253968253968254,0.0369438095650503,665,Tourists ...its too easy
4510,339,32,64,205,301,1.4252491694352158,0.03903147866562248,665,He's out of his depth and clueless. Sad.
2079,340,26,70,191,287,1.4250871080139373,0.03857481730460076,665,Don’t pretend like you’ve never seen live bait before.
2909,341,25,77,197,299,1.4247491638795986,0.03716286448071348,665,"Like Donald Trump, he thinks he is on solid ground."
4801,341,28,71,200,299,1.4247491638795986,0.03805807473092031,665,"I don't know, it's some kind of parasite."
5938,341,33,61,205,299,1.4247491638795986,0.03950503738231849,665,Its Spielberg
3588,344,26,63,182,271,1.4243542435424354,0.040192114499735115,665,I think it's time to show ol' Macheath here our pearly whites.
4494,345,32,65,207,304,1.424342105263158,0.03874270712820657,665,I didn't know they delivered.
436,346,25,78,199,302,1.423841059602649,0.03689631380560015,665,"I saved you the bottom half."""
3441,347,23,76,189,288,1.4236111111111112,0.03751361935618182,665,Care to join me for take-out ?
3459,348,33,61,206,300,1.4233333333333333,0.03939858163509101,665,"When I show my dorsal fin above the water they all run screaming, but with this sunburned mannequin they never see me coming."
6014,348,23,81,196,300,1.4233333333333333,0.03645933069188443,665,Are you the one who ordered from Grubhub?
1183,350,25,63,179,267,1.4232209737827715,0.04027027573819884,665,Here’s your order sir!
3365,351,27,70,196,293,1.42320819112628,0.03830319559019394,665,I'm taking it to the potluck.
933,351,27,70,196,293,1.42320819112628,0.03830319559019394,665,Should you tell him or should I?
532,353,22,77,187,286,1.4230769230769231,0.037366322865666,665,Imagine how he'll spin this for his college essay.
2801,354,17,84,178,279,1.4229390681003584,0.03628055209943716,665,How do you want him- over easy?
663,355,22,82,194,298,1.4228187919463087,0.03631577130166668,665,I'd eat him but I've never had such a good massage before.
5500,355,23,80,195,298,1.4228187919463087,0.03662557280464753,665,"It's not how I imagined global warming either, but here we are."
6210,357,24,45,151,220,1.4227272727272726,0.04594073727706227,665,What kills me is he thinks he’s the great white.
4931,358,43,78,267,388,1.422680412371134,0.034688393828788744,665,"What can I say, he’s a lawyer. He’s one of us."
486,359,22,73,182,277,1.4223826714801444,0.03820332311862153,665,I find it makes the other swimmers more relaxed.
2359,360,27,68,194,289,1.4221453287197232,0.03867554950197254,665,I picked up some take-out.
4313,360,23,76,190,289,1.4221453287197232,0.03741231416466683,665,"It's called ""take out""."
2044,362,22,75,185,282,1.4219858156028369,0.0377264057834182,665,He keeps yelling “help!” Do you think there’s anything we can do for him?
3940,363,28,84,220,332,1.4216867469879517,0.035303677529733624,665,"I know, but my doctor told me to just leave it alone and eventually it'll fall off."
547,364,29,63,195,287,1.421602787456446,0.039487294114729246,665,I'm seriously thinking I should say something.
4440,365,23,77,192,292,1.4212328767123288,0.037136785648882176,665,It's like he knows I'm fasting.
5676,366,29,67,201,297,1.4208754208754208,0.0385122609585182,665,Do stupid people taste good?
3226,367,26,70,194,290,1.4206896551724137,0.03825882597274591,665,"What, do I have something in my teeth?"
3643,368,26,64,186,276,1.4202898550724639,0.039637085017905346,665,Tee hee.  He thinks I’m inflated.
953,369,21,68,173,262,1.4198473282442747,0.03933746777033157,665,I just don't feel like I command the respect I used to.
2370,370,23,77,193,293,1.4197952218430034,0.03703773439546464,665,"Actually, I do like working for Uber."
5740,371,23,71,185,279,1.4193548387096775,0.038327015376471554,665,I enjoy giving them a false sense of security.
784,371,25,67,187,279,1.4193548387096775,0.038993996378639706,665,Took him 'to go'
5260,373,21,67,172,260,1.4192307692307693,0.03954445193890408,665,I'm saving the legs for dessert.
1178,374,21,77,186,284,1.4190140845070423,0.0371858385900416,665,I’m letting him marinate
3788,375,19,73,173,265,1.4188679245283018,0.03827798108775268,665,"So, what are you doing to improve our image?"
2151,376,18,62,154,234,1.4188034188034189,0.04129103598321466,665,"Bite his leg off, will ya? My dorsal fin's going to sleep."
5474,377,22,72,183,277,1.4187725631768953,0.03817612069718322,665,"Oh my God, where is it?  On my back?  Don't kill it, just get it off me!"
3235,378,27,54,177,258,1.4186046511627908,0.04196891209882627,665,It’s Human Week.
3823,378,21,66,171,258,1.4186046511627908,0.039754376939460385,665,I'm tired of all the hate
5768,380,24,70,188,282,1.4184397163120568,0.03836334466408813,665,let's do the old bait and switch.
265,381,27,61,187,275,1.4181818181818182,0.040057869702934006,665,I can never resist playing with my food.
242,381,23,69,183,275,1.4181818181818182,0.03870996931121912,665,He's all yours. I'm not big on white meat
781,381,24,67,184,275,1.4181818181818182,0.03905130630774026,665,I found a really good take out place right on the beach...
2507,381,23,69,183,275,1.4181818181818182,0.03870996931121912,665,Business has really picked up ever since the ferry boat broke down.
2482,385,22,70,181,273,1.4175824175824177,0.0385576107960067,665,I try to maintain a balanced diet.
291,385,20,74,179,273,1.4175824175824177,0.03785263067964772,665,He said he was going to get me featured on Shark Tank.
4097,387,26,59,181,266,1.4172932330827068,0.0406850912618295,665,"If he likes the ride, I get five stars on Kelp."
5613,387,24,63,179,266,1.4172932330827068,0.039981633449676514,665,He promised to fix my back. I promised not to eat him.
4107,389,16,81,174,271,1.4169741697416973,0.0365750315724391,665,I don't mind. He's waving a 'Save the Sharks' poster.
601,390,21,70,178,269,1.41635687732342,0.03859170397592786,665,I got my sea legs.
501,391,19,76,179,274,1.416058394160584,0.03738914938267916,665,"My dermatologist isn't worried about it, but I want a second opinion."
1298,392,21,64,170,255,1.415686274509804,0.04005886800318347,665,So what? You've got ramoras.
2968,393,24,70,190,284,1.4154929577464788,0.038149447815268675,665,His name is Jesus and he likes it when people think he can walk on water.
5863,394,28,52,180,260,1.4153846153846155,0.04206195339085047,665,I had to do something—Dolphins are killing us in the PR department!
1259,395,14,87,176,277,1.4151624548736461,0.03529819264104476,665,"Remember, I said to pack a lunch...?"
2470,396,22,70,183,275,1.4145454545454546,0.03833665322527739,665,Meals on Fins!
1187,397,25,66,189,280,1.4142857142857144,0.038855697090660224,665,"I know we shouldn't play with our food, but this seems to help my back."
5732,397,27,62,191,280,1.4142857142857144,0.03950909355339439,665,Call me Fishmael.
1457,399,25,63,185,273,1.413919413919414,0.03956288348249261,665,I brought my lunch.
874,399,23,67,183,273,1.413919413919414,0.03887613726340056,665,May I borrow your Grey Poupon?
3132,399,21,71,181,273,1.413919413919414,0.038177039534204815,665,It's a balanced diet.
252,402,22,68,181,271,1.4132841328413284,0.03872227715598634,665,He's a lawyer. It's a professional courtesy.
5934,402,20,72,179,271,1.4132841328413284,0.03800983471164037,665,"Oh yeah ! The old sandbar trick, it works every time !"
3462,404,25,57,177,259,1.4131274131274132,0.04108524635231554,665,And somehow this isn't the scariest platform in America.
1525,405,25,71,197,293,1.4129692832764504,0.037611665639252556,665,Let's make a wish.
5626,406,18,66,163,247,1.4129554655870444,0.03972324158838191,665,"Yep, another adrenaline junkie followed me home."
87,407,27,74,209,310,1.4129032258064516,0.03671845564330075,665,I feel like a Golden Retriever with a Cheerio on its nose.
698,408,19,73,177,269,1.412639405204461,0.0378346790201466,665,I'm taking him out for lunch.
5161,408,21,69,179,269,1.412639405204461,0.03856095946743868,665,The Great White suggests allowing the meat to stand just a bit prior to consumption.
5706,408,18,75,176,269,1.412639405204461,0.03746625958527963,665,What can I say - I like to play with my food.
2000,408,23,65,181,269,1.412639405204461,0.03927381129380462,665,Want half?
5110,408,25,61,183,269,1.412639405204461,0.039973952919786435,665,I like mine golden brown on top.
463,408,21,69,179,269,1.412639405204461,0.03856095946743868,665,"I know, never get attached to them, but this one is different."
4622,414,23,67,184,274,1.4124087591240877,0.03876344083098565,665,Stick around! I am using him as bait!
6037,415,24,62,181,267,1.4119850187265917,0.03983181956065368,665,"I prefer standing rib, don't you?"
1902,416,22,65,178,265,1.411320754716981,0.03932063839039715,665,I got this one to go.
2800,416,22,65,178,265,1.411320754716981,0.03932063839039715,665,I'm tired of Dolphins getting all the good press.
586,418,25,63,187,275,1.410909090909091,0.039332059680912176,665,"The worst part is, I just ate."
960,418,30,53,192,275,1.410909090909091,0.040984447294918805,665,I can't believe I missed and ate his surfboard.  I think I need glasses.
3373,420,26,63,191,280,1.4107142857142858,0.03915516174831652,665,"They call it Extreme Paddleboarding.
I call it lunch."
2560,421,28,54,186,268,1.4104477611940298,0.041096197569872636,665,"He's bait, you idiot!"
6260,421,25,60,183,268,1.4104477611940298,0.040063038374978405,665,It’s a long trip. Thought I’d carry a snack  for the road”
5295,423,30,52,191,273,1.4102564102564104,0.04120100958393934,665,He's not heavy. He's my dinner.
6048,424,20,65,171,256,1.41015625,0.03951560131638937,665,Yoo-hoo. My eyes are down here.
4743,425,23,63,180,266,1.4097744360902256,0.03956326094712976,665,Hey! I didn't criticize you when you brought YOUR lawyer!
4862,425,23,63,180,266,1.4097744360902256,0.03956326094712976,665,He's my chum or at least will be soon.
517,427,26,55,181,262,1.4083969465648856,0.0410626174972391,665,He said he was a lawyer...professional courtesy.
1780,427,24,59,179,262,1.4083969465648856,0.04034406561266922,665,I bet this idiot thinks he's on top of the food chain right now?
4396,427,21,65,176,262,1.4083969465648856,0.0392415754246889,665,I always like to bring a snack.
4869,427,22,63,177,262,1.4083969465648856,0.03961248167679162,665,Look what followed me home.
6100,427,25,57,180,262,1.4083969465648856,0.04070492713348057,665,I don’t eat white meat.
1329,432,19,62,164,245,1.4081632653061225,0.040319830727647145,665,They're so tame these days. It's no fun anymore.
5978,433,18,68,169,255,1.407843137254902,0.03881530987202707,665,I thought it was potluck.
4956,434,22,71,189,282,1.4078014184397163,0.0376123602740231,665,I don't have the heart to tell him I'm not a dolphin
2788,435,25,56,179,260,1.4076923076923078,0.04092497053529484,665,I just can't bear to tell him he's really in over his head.
131,435,18,70,172,260,1.4076923076923078,0.038300822516162014,665,"Be patient. He just asked his wife to come in - 
there'll be plenty for both of us."
4844,437,20,57,161,238,1.4075630252100841,0.04156854095820879,665,"If we don't nip this in the bud, sharkboardng may become a 'thing'."
3128,438,25,58,182,265,1.4075471698113207,0.040364425131371166,665,We decided to try that new carry out place.
6269,438,25,58,182,265,1.4075471698113207,0.040364425131371166,665,No you can’t have him.  I’m delivering for GrubHub.
2606,438,27,54,184,265,1.4075471698113207,0.041066559937006045,665,"No, papa, I love him!"
5460,441,21,46,149,216,1.4074074074074074,0.04502562868336451,665,What? It's Take Your Prey to Work day.
993,441,19,61,163,243,1.4074074074074074,0.04054408949088315,665,"I owe him, He pulled a hook out of my tail years ago"
5678,441,19,61,163,243,1.4074074074074074,0.04054408949088315,665,"The dolphin noises worked."""
279,444,23,57,173,253,1.407114624505929,0.04097959658972712,665,Do these make my neck look fat?
807,444,19,65,169,253,1.407114624505929,0.03941889077978759,665,"No, I wouldn't say I let people ""walk all over me"""
2932,444,24,55,174,253,1.407114624505929,0.04136057220643547,665,"You don't feel like cooking, so I got some take-out."
377,447,28,51,184,263,1.4068441064638784,0.04163865534460028,665,"When I'm through with him, he won't have a leg to stand on."
149,447,24,59,180,263,1.4068441064638784,0.0402203608193485,665,I’m swimming for the new ride-sharing app  Scuber”
4492,447,19,69,175,263,1.4068441064638784,0.03837384762248636,665,He hasn't yet noticed I ate his surfboard.
1729,447,22,63,178,263,1.4068441064638784,0.039492117279334,665,He thinks I'm a dolphin. What should I do?
180,451,14,76,166,256,1.40625,0.037078926814640825,665,"No, he's just my massage therapist."
5939,452,21,59,169,249,1.4056224899598393,0.04064835355520804,665,It's just until he finishes his beer.
503,453,21,74,191,286,1.4055944055944056,0.036894383664158856,665,"Relax, he's just saying his goodbyes."
4961,454,26,55,183,264,1.4053030303030303,0.04080940494467929,665,I''m saving the bottom half until later
3548,455,15,70,162,247,1.4048582995951417,0.03838220003283062,665,Professional courtesy. He's a politician.
4163,455,18,64,165,247,1.4048582995951417,0.03964768853402106,665,I know. But it supposedly cures hiccups.
3496,457,19,61,165,245,1.4040816326530612,0.040280863720340655,665,Here’s one guy who’s gonna be defeeted.
4782,458,20,63,172,255,1.4039215686274509,0.03956613521185104,665,He's heavy...and he ain't my brother.
5957,459,20,65,175,260,1.4038461538461537,0.03903273508441078,665,Do I LOOK like a dolphin?
325,460,18,70,175,263,1.403041825095057,0.037957451148584925,665,"I know, I know. I just don’t have the heart to tell him I’m not a dolphin."
3669,461,19,63,169,251,1.402390438247012,0.03959125134496996,665,"I'd eat him, but I like the back rub."
3520,461,27,47,177,251,1.402390438247012,0.042690130741681515,665,I could only eat half!
2749,461,22,57,172,251,1.402390438247012,0.040780935655537184,665,Carryout.
92,461,18,65,168,251,1.402390438247012,0.03918666448041255,665,Meet my new chum!
5531,465,25,53,178,256,1.40234375,0.04133914049192992,665,I'm still a man eater. Uber is just a side hustle.
1630,465,25,53,178,256,1.40234375,0.04133914049192992,665,"I'm with Uber. If they don't tip, I eat them."
6076,467,21,50,158,229,1.4017467248908297,0.04311105647796937,665,I've seen better legs on a hermit crab.
2813,468,22,50,162,234,1.4017094017094016,0.04287786559058843,665,Watch me flip him in the air and catch him in my mouth
18,469,16,68,165,249,1.4016064257028114,0.038564606494038194,665,I've literally got lunch on my mind
3754,469,25,50,174,249,1.4016064257028114,0.042174843317128174,665,i come bearing gifts
4935,471,20,62,172,254,1.4015748031496063,0.03965228290860435,665,The odds of this occurring are roughly the same as getting struck by lightning.
545,471,22,58,174,254,1.4015748031496063,0.04042955260255673,665,"White people, amiright?"
2739,471,22,58,174,254,1.4015748031496063,0.04042955260255673,665,Do you want to surprise him or should I?
3251,471,17,68,169,254,1.4015748031496063,0.03845693388968547,665,I saved this one for you. I'm already stuffed to the gills.
3774,471,17,68,169,254,1.4015748031496063,0.03845693388968547,665,When do you think we should let him know?
3808,471,14,74,166,254,1.4015748031496063,0.037223218406356014,665,I don't have the heart to tell him I'm not a sandbar.
4300,477,17,57,153,227,1.4008810572687225,0.04153872118701354,665,"It's a symbiotic relationship.  He gets a free ride, and I get to swim close to shore undetected."
5105,478,22,49,161,232,1.4008620689655173,0.043136090043717684,665,"Quick, take a photo for my Instagram!"
2970,479,19,59,164,242,1.4008264462809918,0.04059665990140192,665,It's called 'delayed gratification training.'
3022,480,25,51,176,252,1.4007936507936507,0.04180064615152075,665,He's a lawyer- it's just professional courtesy
3482,480,24,53,175,252,1.4007936507936507,0.04142070092541581,665,What was I supposed to do? Let him drown?
2966,480,24,53,175,252,1.4007936507936507,0.04142070092541581,665,"So, should I tell him, or do you want to?"
1445,483,25,50,175,250,1.4,0.04203651119077759,665,I WAS GOING TO EAT HIM BUT MY BACK NEVER FELT BETTER
4042,483,17,62,161,240,1.4,0.039961627340402026,665,I always carry a snack with me when I’m out and about.
4339,483,20,60,170,250,1.4,0.04008024080281012,665,It's just easier to carry your lunch.
5999,486,19,67,177,263,1.3992395437262357,0.03830044059632926,665,I had the top half for breakfast.
2994,487,17,69,172,258,1.3992248062015504,0.03802657815415532,665,Did you order the take-out?
5573,488,21,57,170,248,1.3991935483870968,0.040701982863241025,665,I gave up eating idiots for Lent.
1822,489,22,53,168,243,1.3991769547325104,0.04170462211490236,665,"I was going to eat him, but this massage feels fantastic."
3959,489,23,51,169,243,1.3991769547325104,0.04211039824992206,665,Just stay calm - it’s more afraid of you than you are of it.
1035,489,24,49,170,243,1.3991769547325104,0.04251230146425003,665,I still play with my food — so what?
910,492,17,61,160,238,1.3991596638655461,0.040183564532081245,665,"It's strickly business. For luring them over to me, he keeps any jewelry and cash."
4286,492,14,67,157,238,1.3991596638655461,0.03883744579545431,665,What he doesn't know is about to hurt him.
2256,494,20,60,171,251,1.3984063745019921,0.03995203549552725,665,These new lures are a hit.
4983,494,20,60,171,251,1.3984063745019921,0.03995203549552725,665,It was developed by the same people who came up with goat yoga.
1585,496,18,68,176,262,1.3969465648854962,0.03799498704904853,665,I’ve just about had it with being his companion animal.
805,497,15,66,161,242,1.396694214876033,0.0388258617295247,665,Dinner’s almost ready - just letting it rest for a few minutes
1618,498,14,64,154,232,1.396551724137931,0.0394764497384819,665,Don't knock it. This lure works much better than a bare fin.
5520,498,17,58,157,232,1.396551724137931,0.0408698800152829,665,You could've at least brought dessert.
3035,498,18,56,158,232,1.396551724137931,0.04132391674684122,665,What?  He's my emotional support human.
3585,501,20,50,157,227,1.39647577092511,0.0428773816510752,665,He says we can’t close until your lawyer is here too.
1405,502,20,57,168,245,1.3959183673469389,0.04061173212680081,665,I don’t have the heart to tell him he’s not swimming with dolphins.
3923,503,18,59,163,240,1.3958333333333333,0.04035145316093309,665,"I just don't know if I really want to eat him or if it's because society wants me to"""
3968,504,19,58,166,243,1.3950617283950617,0.04041962537681057,665,Somehow  he thinks I'm taking him back to his surfboard.
5316,504,21,54,168,243,1.3950617283950617,0.04125247126709115,665,There are days  I wish I never would have  gotten involved with Uber!
6148,506,21,52,165,238,1.3949579831932772,0.04186762154608303,665,Some moron ate his surfboard
3447,506,22,50,166,238,1.3949579831932772,0.042288946011801526,665,Do I have some food on my fin?
830,506,22,50,166,238,1.3949579831932772,0.042288946011801526,665,I thought I’d  do carry out this evening.
2175,509,18,50,150,218,1.3944954128440368,0.04314835605520847,665,And he's eating a tuna fish sandwich
2174,509,10,66,142,218,1.3944954128440368,0.03903277019507923,665,I didn’t invite him. I thought you did.
1896,511,19,57,165,241,1.3941908713692945,0.04064484268463675,665,"Sometimes, I feel like they just don't respect me anymore."
662,511,18,59,164,241,1.3941908713692945,0.04021722380084841,665,I’m full. You want him?
4497,513,19,55,162,236,1.3940677966101696,0.041246292802467534,665,I'd eat him but I don't want to ruin my rideshare rating.
4005,513,20,53,163,236,1.3940677966101696,0.04168115517392464,665,I do one National Geographic Special and he's been following me around ever since.
3645,513,19,55,162,236,1.3940677966101696,0.041246292802467534,665,I'm taking my lunch to work today.
715,513,23,47,166,236,1.3940677966101696,0.042959338643541574,665,The top half was pretty tasty.
535,513,15,63,158,236,1.3940677966101696,0.03945894782179685,665,It looks like it's white meat for dinner. Do you prefer the leg or the thigh?
1377,518,12,54,132,198,1.393939393939394,0.04274604912750483,665,Ready?
1662,519,21,45,155,221,1.3936651583710407,0.044145325621206766,665,It's complicated.
1773,520,16,53,147,216,1.3935185185185186,0.042415982192414714,665,"No, no. On Fridays we can eat meat..."
5210,521,23,48,168,239,1.393305439330544,0.04255914766881329,665,It's my spirit animal.
1934,521,21,52,166,239,1.393305439330544,0.04172481317945465,665,I named him Finn.
776,521,20,54,165,239,1.393305439330544,0.041301325973177434,665,Fear is a tenderizer.
2145,524,18,56,160,234,1.393162393162393,0.041039700218693125,665,"It's a good decoy, but the glue gives me hives."
1123,524,17,58,159,234,1.393162393162393,0.04059032586619975,665,"My body, my choice."
0,524,15,62,157,234,1.393162393162393,0.039676311240996825,665,"I bought it on sale, it was Half Off."
412,527,17,69,176,262,1.3931297709923665,0.03756729576104676,665,He does wonders for my spine.
4855,528,18,54,157,229,1.3930131004366813,0.04166275649178082,665,I'd eat him but he's such a stand up guy.
3328,528,18,54,157,229,1.3930131004366813,0.04166275649178082,665,Would you get this guy off my back?
3293,528,12,66,151,229,1.3930131004366813,0.038806610983385725,665,My chiropractor said it’s good for my aching cartilage.
2530,528,21,48,160,229,1.3930131004366813,0.04301977905257325,665,I decided to get carry-out from the beach.
4155,532,16,54,149,219,1.3926940639269407,0.04200284817476157,665,Since when are you concerned about sustainability?
5305,532,12,62,145,219,1.3926940639269407,0.039958377265185044,665,I told you they'd try to domesticate us next.
4719,532,19,48,152,219,1.3926940639269407,0.04347314988169114,665,It's a great decoy. . .works like charm every time!
2577,535,19,53,160,232,1.3922413793103448,0.04172582033645815,665,Don't say a word. I'm trying not to laugh.
3316,535,22,47,163,232,1.3922413793103448,0.04304649917541631,665,"I know you're not supposed to play with your food, but I can't help myself."
1749,535,16,59,157,232,1.3922413793103448,0.04036195082304189,665,I'm beginning to rethink this ride sharing gig.
5853,535,13,65,154,232,1.3922413793103448,0.03895035385889221,665,It lulls them into a false sense of security.
3487,535,20,51,161,232,1.3922413793103448,0.042170642461155705,665,He's endangered.
5080,535,18,55,159,232,1.3922413793103448,0.041276204766355885,665,Wanna split it?
2413,541,19,51,157,227,1.3920704845814977,0.04237172733903809,665,"Normally I'd eat him, but this just feels sooo good."
1903,541,25,39,163,227,1.3920704845814977,0.04504744484528654,665,Wanna join me for lunch?
1366,541,17,55,155,227,1.3920704845814977,0.041441447946413974,665,He's just some guy from Helsinki. Calls himself a dorsal Finn.
1078,541,21,47,159,227,1.3920704845814977,0.04328201644438757,665,It's a new game called 'Survival of the Idiot.'
930,541,19,51,157,227,1.3920704845814977,0.04237172733903809,665,The recipe calls for fifteen minutes of brining.
6081,541,17,55,155,227,1.3920704845814977,0.041441447946413974,665,Want to help me ruin the summer tourist season?
4747,541,13,63,151,227,1.3920704845814977,0.03951524096217107,665,I picked up dinner
6271,541,15,59,153,227,1.3920704845814977,0.04048980042056136,665,I carry him with me in case my blood sugar drops and I have to eat something quick.
5118,549,15,55,147,217,1.391705069124424,0.041751084254767694,665,Of course I bring my own lunch.
411,550,24,46,170,240,1.3916666666666666,0.042822191920475206,665,I'm a Scuber driver.
197,551,20,50,160,230,1.391304347826087,0.042421172654915094,665,I had him stuffed and mounted as a trophy.
3924,551,19,52,159,230,1.391304347826087,0.04197122358453096,665,It's the least I could do since I ate his surfboard .
2004,553,16,56,153,225,1.3911111111111112,0.04120752315690221,665,I just like the top part.
209,554,20,55,168,243,1.3909465020576133,0.040793593935006305,665,"Mom, I'm not going to be ashamed of who I love anymore."
2132,555,16,61,161,238,1.3907563025210083,0.03964609238829574,665,"I want to tell him ""a little to the left"" but I'm afraid he'll freak out."
726,556,16,59,158,233,1.390557939914163,0.04022359335521703,665,"Yes, as a matter of fact, I do regret going Vegan."
5869,556,18,55,160,233,1.390557939914163,0.04113313504343864,665,I'm taking home the leftovers.
5906,556,18,55,160,233,1.390557939914163,0.04113313504343864,665,Shh! He thinks I'm a sandbar. Don't spoil the surprise.
3495,559,18,62,171,251,1.3904382470119523,0.03906008280088014,665,Do you think he could balance on ONE leg?
3900,560,19,52,160,231,1.3896103896103895,0.04182345391618328,665,"I can’t, it’s too easy."
6140,561,15,56,150,221,1.3891402714932126,0.04120109922023501,665,Help yourself. I'm vegan.
5112,561,14,58,149,221,1.3891402714932126,0.04069883587650472,665,"We do have a standing date for lunch, don't we?"
2149,563,19,55,165,239,1.389121338912134,0.04082663379405098,665,What would Darwin do?
3194,564,20,49,160,229,1.388646288209607,0.04252310207783816,665,I really don't like white meat.
2748,564,16,57,156,229,1.388646288209607,0.04068160184494357,665,Here is your carry out
2191,564,18,53,158,229,1.388646288209607,0.04161253981069144,665,"I know, right? Second day as a vegan and already I'm being tempted."
1361,564,14,61,154,229,1.388646288209607,0.03972885585874142,665,They taste terrible but you should see the look on their faces when they find out I’m not a rock
597,564,15,59,155,229,1.388646288209607,0.04020805091343753,665,"Am I losing my edge, Alan?"
5941,564,13,63,153,229,1.388646288209607,0.03924380992502793,665,I think my vegan diet days are just about over.
3939,570,19,52,161,232,1.3879310344827587,0.04167663865517246,665,Pardon me. Would you have any Grey Poupon?
37,571,17,54,156,227,1.3876651982378854,0.04138961371981624,665,Let him take a few selfies first.
2204,572,17,59,164,240,1.3875,0.03982232593604703,665,I switched to using live bait
125,573,12,50,129,191,1.387434554973822,0.04370857261741433,665,He thinks I’m a dolphin.
3243,574,18,60,170,248,1.3870967741935485,0.03934762296371983,665,Surf for him--turf for me.
1256,574,18,48,151,217,1.3870967741935485,0.043202338280876294,665,"WAY too skinny for me. 
You want him?"
871,574,12,60,145,217,1.3870967741935485,0.04013010899420317,665,"What, do I have food all over my face?"
4423,577,22,55,179,256,1.38671875,0.04005106340652983,665,I brought a snack in case we get hungry later.
3999,578,16,55,154,225,1.3866666666666667,0.041153988793928516,665,"I know! But his feet are really warm and, when he falls off, well, lunch!"
1927,578,15,57,153,225,1.3866666666666667,0.04066900851961176,665,I’m sorry I am late but I picked up dinner on the way home.
909,580,18,47,150,215,1.386046511627907,0.0434739401451346,665,I'll give you an arm and a leg if you can knock him off my back.
551,581,21,46,161,228,1.3859649122807018,0.04307592544328882,665,"The invitation said ""bring a dish to pass."""
1018,581,21,46,161,228,1.3859649122807018,0.04307592544328882,665,Did the water just get really warm?
1226,581,18,52,158,228,1.3859649122807018,0.04170859341677659,665,Do I have some food stuck in my dorsal fin?
1764,584,19,43,148,210,1.3857142857142857,0.04471553664582737,665,"Working for Uber is so so, but the tips are pretty tasty."
1778,585,15,56,152,223,1.3856502242152466,0.040904925844921856,665,"Remember, it’ll take lots of responsibility to take him on walks every day."
3359,585,19,48,156,223,1.3856502242152466,0.04283467675296715,665,Suzanne ate the top half.
3650,585,17,52,154,223,1.3856502242152466,0.041880917438075184,665,I haven't yet had the appetite to tell him he lost his surfboard a few meters back.
3737,585,21,44,158,223,1.3856502242152466,0.04376765723233879,665,Of all the days to go vegan.
4090,589,24,58,193,275,1.3854545454545455,0.0387498431072138,665,"I wanted to go somewhere nice, you're the one who said let's just get takeout!"""
132,590,16,47,142,205,1.3853658536585365,0.043889152567340405,665,"Yeah, I know, but I’m hoping he has a beer gut."
1441,591,15,52,146,213,1.3849765258215962,0.04220428032093256,665,"The skinny ones aren't as tender, but they usually have fewer preservatives."
1013,592,18,51,157,226,1.3849557522123894,0.041955365513004834,665,Professional courtesy - he's a lawyer.
372,592,15,57,154,226,1.3849557522123894,0.04052478988267367,665,He has my back so don’t bite him
1490,594,21,43,157,221,1.3846153846153846,0.044041903569282885,665,There are times I just wish I could forget I'm a vegan!
2853,594,17,51,153,221,1.3846153846153846,0.04213250442347432,665,"Sometimes, it’s just too damn easy."
3442,594,15,55,151,221,1.3846153846153846,0.041144589662410275,665,But you said to bring lunch
6239,594,16,53,152,221,1.3846153846153846,0.041641476843900495,665,tourist...am I right?
942,594,18,49,154,221,1.3846153846153846,0.04261787493818838,665,I ate the other half.
3180,594,9,62,137,208,1.3846153846153846,0.03951547437800626,665,He scratches the spot I can't reach.
3112,600,20,48,161,229,1.3842794759825328,0.04247193342626771,665,I'm looking for some fava beans and a nice chianti.
1958,600,21,46,162,229,1.3842794759825328,0.04292051373618737,665,"Fine then, you tell me how to accessorize."
2608,602,17,44,142,203,1.3842364532019704,0.044726146137642635,665,Is he wild or farm raised?
4336,603,20,46,158,224,1.3839285714285714,0.0431442908132634,665,"We're both warm blooded, but he's a lot dumber."
5139,603,12,62,150,224,1.3839285714285714,0.039257131002966295,665,"It's that first moment of realization I savor most, though the panicked thrashing is also quite satisfying."
4562,603,20,46,158,224,1.3839285714285714,0.0431442908132634,665,I'm just waiting for the rest of the beach crowd to think it's shallow water
5965,606,16,52,151,219,1.3835616438356164,0.04189112311405042,665,I was saving him for later.
4993,606,17,50,152,219,1.3835616438356164,0.04238818268147188,665,"I'm sick of you looking at me like I'm a piece of meat, Kyle."""
2271,606,22,40,157,219,1.3835616438356164,0.04479081610603173,665,I'm gonna charge an arm and a leg for this.
730,606,20,44,155,219,1.3835616438356164,0.04384556462040082,665,I ate the top half. I'm full. You want the rest?
3273,606,16,52,151,219,1.3835616438356164,0.04189112311405042,665,I'm saving the leftovers for tomorrow.
2571,606,20,44,155,219,1.3835616438356164,0.04384556462040082,665,"Well, the sharks in Japan say it helps with their back pain."
4027,612,20,45,157,222,1.382882882882883,0.043410268456943124,665,I just love climate change.
247,612,21,43,158,222,1.382882882882883,0.04387728517297955,665,Money got a little tight so I signed up to be an Uber shark.
1414,614,17,49,151,217,1.3824884792626728,0.04264805747300994,665,"Augh, I caught it in NY. Long Island Sound is totally infested this time of year."
540,615,12,54,138,204,1.3823529411764706,0.04174790802544479,665,This kind of thing only happens now that I'm vegetarian.
1856,615,15,48,141,204,1.3823529411764706,0.04344851395530189,665,Has he never seen Jaws?
800,617,20,44,156,220,1.3818181818181818,0.04368061959463115,665,He's half the man he used to be.
2983,617,16,52,152,220,1.3818181818181818,0.04173670478739828,665,I packed my snack for the trip.
2281,617,21,42,157,220,1.3818181818181818,0.044153227838811336,665,It's just professional courtesy.  He's a lawyer.
3184,620,19,44,152,215,1.3813953488372093,0.043913526047778255,665,"I swear, if they give dolphins credit for this, I'm eating the next one."
6257,620,17,48,150,215,1.3813953488372093,0.04291223773811927,665,Do I look like a surfboard? I don't feel like a surfboard.
4139,620,17,48,150,215,1.3813953488372093,0.04291223773811927,665,It’s a SHARK TANK audition.
5310,620,14,54,147,215,1.3813953488372093,0.041364885039231296,665,"Look,I saved HALF for you!"
789,620,17,48,150,215,1.3813953488372093,0.04291223773811927,665,This is what white privilege looks like.
3191,620,16,50,149,215,1.3813953488372093,0.04240272793777368,665,I invited him to dinner. I don't think he quite understood the repercussions.
4269,620,14,54,147,215,1.3813953488372093,0.041364885039231296,665,Human Week is the worst.
5976,620,19,44,152,215,1.3813953488372093,0.043913526047778255,665,"Bro, You can't eat him. It's Steven Spielberg!"
282,620,19,44,152,215,1.3813953488372093,0.043913526047778255,665,Gross. Callouses.
5511,629,17,46,147,210,1.380952380952381,0.04362368580457569,665,I got it through Amazon.  You blow it up and they can't see your fin.
2889,629,13,54,143,210,1.380952380952381,0.041481949046446046,665,The tourists are here!
64,629,17,46,147,210,1.380952380952381,0.04362368580457569,665,"I always wanted a periscope,"
1053,629,19,42,149,210,1.380952380952381,0.04465605106162585,665,"I just ate the top half, it scares the daylights outta them!"
1320,629,12,56,142,210,1.380952380952381,0.040929007196252,665,All I could find for lunch was this take-out
2887,634,17,49,152,218,1.3807339449541285,0.042488215274013516,665,"He's here to get a loan,"
2683,634,20,43,155,218,1.3807339449541285,0.043955457483773934,665,I'd eat him but I think he was farm-raised.
2564,634,14,55,149,218,1.3807339449541285,0.0409684589865664,665,I’m trying something different.  I’m letting my food play with me.
1992,634,22,39,157,218,1.3807339449541285,0.044906994030987565,665,Get your own hood ornament!
864,634,17,49,152,218,1.3807339449541285,0.042488215274013516,665,"Professional courtesy, he's my lawyer."
4851,639,13,49,135,197,1.380710659898477,0.043315981212670274,665,"Quick question. Can I get sick from eating someone who's ""going viral""?"
4542,640,19,43,151,213,1.380281690140845,0.04419464249487778,665,He claims to be a pilot fish.
3998,640,15,51,147,213,1.380281690140845,0.04214264840580944,665,My lawyer got the charge reduced to an “investigatory bite” provided I go through a tourist tolerance course
4996,640,19,43,151,213,1.380281690140845,0.04419464249487778,665,"When you have kids, you'll know it's always important to carry some snacks with you."
6228,640,16,49,148,213,1.380281690140845,0.042664900296429484,665,"He’s waving frantically, right?  Good.  His friends will arrive soon and then we’ll REALLY have a feast."
3078,644,17,45,146,208,1.3798076923076923,0.04390455984336143,665,Dinner will be ready in fifteen …
392,644,16,47,145,208,1.3798076923076923,0.043372332674547834,665,"It was my turn to bring lunch, wasn't it?"
5172,646,12,58,146,216,1.3796296296296295,0.04015215740666189,665,I ate his surfboard and felt bad about it.
3423,646,15,52,149,216,1.3796296296296295,0.041730021696826644,665,"Well, I would eat him, but he's scratching that itch even my remoras can't get to."
3335,646,18,46,152,216,1.3796296296296295,0.043250360428855286,665,They are dumber than I thought
5195,646,16,50,150,216,1.3796296296296295,0.0422428814470996,665,Back off. He’s my chum.
4150,646,11,60,145,216,1.3796296296296295,0.039612238289110396,665,I know what you’re thinking but it kinda feels good.
432,651,18,57,170,245,1.379591836734694,0.03959014665298985,665,It's a balanced breakfast.
1335,652,15,44,136,195,1.3794871794871795,0.04479752926833594,665,I wouldn’t mind so much if he cut his toe nails.
3826,653,14,52,145,211,1.3791469194312795,0.04186690673562492,665,Sometimes they're just asking for it.
2443,653,13,54,144,211,1.3791469194312795,0.04132434320811381,665,I'm on the low ph diet. So I'll wait until he's finished peeing before I eat him.
1352,653,16,48,147,211,1.3791469194312795,0.0429314681284554,665,I brought dinner home.
445,653,14,52,145,211,1.3791469194312795,0.04186690673562492,665,I got mine to go.
1230,657,16,51,152,219,1.3789954337899544,0.041831719255370305,665,He's just finishing up his goodbyes.
1136,657,13,57,149,219,1.3789954337899544,0.040301578505267104,665,"He's taking a selfie right now, isn't he?"
3417,659,16,46,144,206,1.3786407766990292,0.04365115284958344,665,Those idiot resort dolphins talked me into this.
3420,659,15,48,143,206,1.3786407766990292,0.04310526009896885,665,Apparently we're serial predators and need to create a less-hostile beach environment.
4564,661,18,45,151,214,1.3785046728971964,0.04352233167846746,665,Watch this. If a dog can do it with a treat on his nose...
6277,661,18,45,151,214,1.3785046728971964,0.04352233167846746,665,What? Do I have something stuck in my teeth?
4986,661,16,49,149,214,1.3785046728971964,0.042502228374198994,665,"Tell me honestly, do you think I have started to lose my killer instinct?"
5795,661,15,51,148,214,1.3785046728971964,0.04198288279517717,665,“These millennials are so entitled.”
5182,661,17,47,150,214,1.3785046728971964,0.04301530408763315,665,"Yeah, so I’ve been Uber-ing on the weekends."
3853,666,17,48,152,217,1.3778801843317972,0.042588077484748195,665,Hang on a minute. He’s almost worked out that knot.”
134,667,17,43,144,204,1.3774509803921569,0.044481047298457366,665,This is so embarrassing. Tell the dolphins we want to switch back.
351,668,15,50,147,212,1.3773584905660377,0.04223992036729215,665,He's a lawyer.
5400,668,20,40,152,212,1.3773584905660377,0.044808084993563584,665,April Fools!  I ate the top half!
6249,668,15,50,147,212,1.3773584905660377,0.04223992036729215,665,"It’s a condition of my parole, to prove that I can resist temptation."
5191,668,11,58,143,212,1.3773584905660377,0.04006704364076533,665,I like to fool people into thinking this is the shallow end of the pool.
920,672,17,49,154,220,1.3772727272727272,0.04217183109895963,665,"Right now, I'm playing with my food"
1440,673,16,40,135,191,1.3769633507853403,0.04602066183367136,665,Bless us O Lord and these Thy gifts which we areabout to recieve...
2945,674,16,49,150,215,1.3767441860465117,0.0423406972442131,665,Give a shark a man and it eats for today. Teach a shark to lure other men and ... well you get the idea.
5319,675,15,43,136,194,1.3762886597938144,0.04491411952210825,665,I got the patch. I'm trying to quit.
5930,676,12,52,138,202,1.3762376237623761,0.041936623316674596,665,I'm sorry I ever got friendly with a lifeguard.  I can't get him off my back.
2538,676,16,44,142,202,1.3762376237623761,0.04422346666692553,665,I'll eat him after my massage.
1648,676,9,58,135,202,1.3762376237623761,0.040136073594431755,665,I always use the skinny ones as bait.
6267,679,14,51,145,210,1.3761904761904762,0.04196173553976353,665,"I have to stay still. He's already been calling for more friends to come play at the ""sandbar""."
4500,679,17,45,148,210,1.3761904761904762,0.04356021865615861,665,"Of course it's degrading.  But Sea World auditions, here I come."
2432,679,11,57,142,210,1.3761904761904762,0.040299898878852776,665,You go ahead...they get stuck in my teeth.
2346,679,12,55,143,210,1.3761904761904762,0.04086135480214597,665,"I'm telling you, it's Spielberg.  He's casting Son of Jaws and wants to see what I can do."
1146,679,17,45,148,210,1.3761904761904762,0.04356021865615861,665,I don't know why. Some guy named Jesus asked me to do this.
2,684,12,47,130,189,1.3756613756613756,0.043852025929188014,665,"'""Wait 'til he says Polo."""
471,685,14,50,144,208,1.375,0.042220400809546636,665,Sometimes I like to play with my food before I eat.
419,685,14,50,144,208,1.375,0.042220400809546636,665,And me without my Grey Poupon.
2394,685,20,38,150,208,1.375,0.0454012009198512,665,Why do I always end up carrying all the groceries in?
2389,685,13,49,138,200,1.375,0.04279053809843677,665,But he's nothing but skin and bones!
4861,685,16,46,146,208,1.375,0.04330663357193764,665,Now you jump the human.
4544,685,14,47,139,200,1.375,0.04337374098501507,665,Don't ask. He's an admissions officer at USC.
1315,685,16,46,146,208,1.375,0.04330663357193764,665,He’s working on a hamburger up there. I’m trying to fatten him up.
2986,685,17,44,147,208,1.375,0.043839658355668464,665,"Yea, I got approved to have an emotional support human."
2259,685,10,55,135,200,1.375,0.04099117443925641,665,"Excuse me, did you order the caucasian male?"
5989,694,18,37,140,195,1.3743589743589744,0.04646413744504064,665,Take a good look. He's about to undergo an Extreme Mako-ver.
3798,695,20,37,149,206,1.3737864077669903,0.04570557346689271,665,Don’t worry about fixing dinner. I brought home takeout.
743,695,14,49,143,206,1.3737864077669903,0.042483423409017874,665,"Yeah, but my back has never felt better."""
4427,695,15,47,144,206,1.3737864077669903,0.04303720438699321,665,You have no idea what this anger management class has done for me!
4805,695,20,37,149,206,1.3737864077669903,0.04570557346689271,665,I brought carry-out.
6133,695,13,51,142,206,1.3737864077669903,0.0419223277938135,665,I hate it when they take all the challenge out of it.
3033,695,17,43,146,206,1.3737864077669903,0.044123920442813186,665,Best.decoy.ever.
6218,695,15,47,144,206,1.3737864077669903,0.04303720438699321,665,"You were late, so it’s Take Out."
3611,695,11,55,140,206,1.3737864077669903,0.040776980931109506,665,"You ordered a medium,with no anchovies,right?"
5419,703,19,40,150,209,1.3732057416267942,0.04470745710157627,665,The ‘swim-with-the-sharks’ folks have  really become entitled.
2338,704,14,47,140,201,1.373134328358209,0.04319771891812933,665,"He isn't organic, but he is free range."
552,705,16,44,144,204,1.3725490196078431,0.04386606309106109,665,"The massage is very relaxing, but I'm looking forward to the happy ending."
3979,705,11,54,139,204,1.3725490196078431,0.04102140405207801,665,I've been waiting on you.  Which leg do you want.
3174,705,14,48,142,204,1.3725490196078431,0.04275091964890239,665,Trust me; this is the most humane way.
1610,705,16,44,144,204,1.3725490196078431,0.04386606309106109,665,Pretty soon he won't have a leg to stand on!
2730,705,14,48,142,204,1.3725490196078431,0.04275091964890239,665,Just picking up a little takeout for the family.
1705,705,14,48,142,204,1.3725490196078431,0.04275091964890239,665,"Well, you know the old expression,
""Ignorance is bliss- until it's not."""
2215,711,13,44,131,188,1.372340425531915,0.04460167770920976,665,Everyone has baggage.
2817,712,11,42,119,172,1.372093023255814,0.045981612269754245,665,"Sure, it’s humiliating, but it feels great!"
4624,713,14,56,156,226,1.3716814159292035,0.03985686313641189,665,Today's beach buffet is standing room only.
4978,714,15,45,142,202,1.3712871287128714,0.04359171998207776,665,My wife insisted I bring my own lunch to work...
5289,714,14,47,141,202,1.3712871287128714,0.04302301005028441,665,Less scary when it's not a fin sticking out of the water
3314,714,12,51,139,202,1.3712871287128714,0.041862418460581856,665,I'm packing my lunch today.
2315,714,11,53,138,202,1.3712871287128714,0.04126988517260328,665,What was that movie that Grandpa starred in called again?
2064,714,15,45,142,202,1.3712871287128714,0.04359171998207776,665,"Mr, Magoo here thinks I am a surf board."
977,714,14,47,141,202,1.3712871287128714,0.04302301005028441,665,They are completely unaware while posing for selfies.
764,714,17,41,144,202,1.3712871287128714,0.04470744194665902,665,I like to play with my food first.
1068,721,14,44,136,194,1.3711340206185567,0.04423930778963548,665,I stopped eating meat but I can't seem to get it off my mind.
5506,721,11,50,133,194,1.3711340206185567,0.04238948576826676,665,I've got humans. You should get yourself checked.
1988,721,14,44,136,194,1.3711340206185567,0.04423930778963548,665,"Yeah, the ashiatsu massage helps temporarily but I think taking human cartilage supplements is what has truly healed my arthritis."
2972,721,15,42,137,194,1.3711340206185567,0.0448389596635423,665,I think I’ve been attacked by a hammertoe.
5128,725,15,46,144,205,1.3707317073170733,0.04313858038070022,665,"After the backrub, I'll have my lunch."
3948,725,16,44,145,205,1.3707317073170733,0.04368937084593889,665,He’s on his mobile. Doesn’t realize the sand bar is now moving
2412,725,16,44,145,205,1.3707317073170733,0.04368937084593889,665,You said we weren't exchanging gifts this year!
1938,725,13,50,142,205,1.3707317073170733,0.04201534364917715,665,Don't eat him till he finishes rubbing my back.
1150,725,14,48,143,205,1.3707317073170733,0.042580665913185205,665,"With this stunt, I think we've finally jumped the shark!"
5935,725,11,54,140,205,1.3707317073170733,0.04086124186383435,665,"“Some body’s a little more than knee deep 
                  in troubled waters.”"
2764,725,22,32,151,205,1.3707317073170733,0.04685835219920801,665,He's my old chum.
752,732,13,41,127,181,1.3701657458563536,0.045752320845246136,665,The Dr. said take two of these and call him in the morning.
1600,733,7,60,133,200,1.37,0.03902711336864984,665,His balance is unnerving.
2469,733,14,46,140,200,1.37,0.04329981953610542,665,Do you prefer the breast or the thigh?
3449,733,17,40,143,200,1.37,0.045006978799998536,665,It is a fake! I use it to lure swimmers out where I can eat them.
3652,733,13,48,139,200,1.37,0.04271560740031551,665,It's part of a new program to change our image.
3106,733,17,40,143,200,1.37,0.045006978799998536,665,They taste better after you betray them.
478,738,18,39,146,203,1.3694581280788178,0.04506863419149577,665,I need to work on my fear of confrontation.
3679,738,13,49,141,203,1.3694581280788178,0.04227664883454839,665,"C'mon, when do we let him know we're not dolphins ?"
989,738,19,37,147,203,1.3694581280788178,0.045606525170509206,665,It's white male privilege
5455,738,15,45,143,203,1.3694581280788178,0.043414994381694647,665,"Took  you long enough, did you grab the fork and napkins?"
1684,738,16,43,144,203,1.3694581280788178,0.043973117781253644,665,I'm a victim of  compassion
5550,738,14,47,142,203,1.3694581280788178,0.042849601945889174,665,Wanna come over to my place?  I have takeout
4820,738,18,39,146,203,1.3694581280788178,0.04506863419149577,665,"Sometimes they tip, sometimes I eat them."
4614,738,13,49,141,203,1.3694581280788178,0.04227664883454839,665,"Tee-hee, he thinks he's still on his surfboard..."
3369,738,11,53,139,203,1.3694581280788178,0.04110679184997128,665,He thought I was just a helpful dolphin and now I’m afraid to tell him the truth
4697,747,18,46,158,222,1.3693693693693694,0.04228206301678861,665,He’s started talking about his divorce and I just don’t have in me.
6251,748,18,40,148,206,1.3689320388349515,0.044589098039189645,665,"Strong under-toe this time of year, huh?"
5858,748,13,50,143,206,1.3689320388349515,0.041849601903229214,665,Of course I'm not happy with this relationship. I always have the feeling he's looking out for something better.
6293,750,14,45,139,198,1.3686868686868687,0.04358147763310326,665,I just can't bring myself to eat him. I like the thrill of the hunt.
3841,750,17,39,142,198,1.3686868686868687,0.04531189337836755,665,I hope you don't mind fast food tonight.
2537,750,15,43,140,198,1.3686868686868687,0.04416581659648069,665,It's supposed to be a decoy that attracts other swimmers.
649,750,11,51,136,198,1.3686868686868687,0.04177945312993948,665,"I told you Felix, you have to eat at least one or they’ll walk all over you."
6024,750,17,39,142,198,1.3686868686868687,0.04531189337836755,665,Please tell me those are feet.
3454,755,17,36,137,190,1.368421052631579,0.0466686138499928,665,You already had your half.
4803,755,10,50,130,190,1.368421052631579,0.042285883825710156,665,I feel as though I’ve got a monkey on my back.
2063,757,16,42,143,201,1.3681592039800996,0.044261833706046416,665,Uber Eats at your service!
2767,757,14,46,141,201,1.3681592039800996,0.04312316587936834,665,"When the rides over, he'll know it."
6021,757,13,48,140,201,1.3681592039800996,0.04254240462971532,665,She asked me to grab some carryout tonight.
5230,760,15,55,161,231,1.367965367965368,0.03969651095245401,665,He says his name's Jonah
926,761,16,47,152,215,1.3674418604651162,0.0422091780860279,665,"It's called Ashiatsu, and it's heaven... so don't even think about it."
5205,762,11,50,135,196,1.3673469387755102,0.042040765522010824,665,It's the pizza guy with dinner.  I had a swimmer for lunch.
4338,762,13,46,137,196,1.3673469387755102,0.043267576927661255,665,"It's realistic, isn't it? Now lets see if it works..."
4995,764,14,45,140,199,1.3668341708542713,0.043401483678956174,665,Just when he thought it was safe to go back in the water.
1215,764,14,45,140,199,1.3668341708542713,0.043401483678956174,665,Another lawyer catching a free ride.
912,766,11,55,144,210,1.3666666666666667,0.04015425561435788,665,The key is to give them a false sense of security.
5064,767,12,47,135,194,1.365979381443299,0.04293324219081111,665,"You bring the salad, I’ve got the main course"
4588,767,14,43,137,194,1.365979381443299,0.04415988207661095,665,The secret is to brine the legs.
2326,767,10,51,133,194,1.365979381443299,0.04167050977621347,665,He's lucky I already ate a quarter flounder for lunch
2203,767,11,49,134,194,1.365979381443299,0.042306587371379566,665,Want to hear about my new balanced diet?
2596,771,15,45,145,205,1.3658536585365855,0.043065512251947304,665,It’s Spielberg. Again.
433,772,13,46,138,197,1.365482233502538,0.043087752528996374,665,I've got a foot fetish.
1737,772,19,34,144,197,1.365482233502538,0.04655468429881203,665,"I couldn't finish the bottom half, so I'm taking it home for later."
2414,772,18,36,143,197,1.365482233502538,0.0459950134413328,665,"I don't like their taste, but I love the naïveté."
1194,772,14,44,139,197,1.365482233502538,0.04368468595164333,665,I always like to bring my own lunch to school.
1040,772,16,40,141,197,1.365482233502538,0.04485472688670665,665,You want him? I'm still digesting his wife.
3976,772,14,44,139,197,1.365482233502538,0.04368468595164333,665,"Ew! Get it off me, get it off me!"
4857,772,14,44,139,197,1.365482233502538,0.04368468595164333,665,"What hood ornament?"""
5001,772,15,42,140,197,1.365482233502538,0.04427357174870099,665,"I know, Mom, ""quit playing with my food."""
5837,772,13,46,138,197,1.365482233502538,0.043087752528996374,665,I wasn't in the mood to cook tonight ... so I just ordered in.
3805,772,12,48,137,197,1.365482233502538,0.0424824322432975,665,So anger management is going well.
929,782,14,48,146,208,1.3653846153846154,0.042077343258020906,665,It stands for Make America Great White Again.
1390,783,13,39,126,178,1.3651685393258426,0.04620562570872211,665,"Yeah, a stand up comic, but I'll  get  the  last  laugh."
2705,784,10,57,144,211,1.3649289099526067,0.03943303730263005,665,It's an Androcles and the lion relationship. He pulled a plastic straw out of my gills.
2928,785,15,40,137,192,1.3645833333333333,0.04506611352694508,665,"She's a lawyer, so it's a professional courtesy on my part."
5136,785,16,38,138,192,1.3645833333333333,0.04566718855194078,665,We actually get along ok; he's a lawyer.
5784,785,10,50,132,192,1.3645833333333333,0.04193169421032805,665,Do you prefer the leg or thigh?
4690,785,10,50,132,192,1.3645833333333333,0.04193169421032805,665,Don't look at me like that. He'll be more tender not so worn out.
495,789,14,46,143,203,1.3645320197044335,0.04277383886298062,665,"Sure, I could eat him, but as an Uber driver I can't really afford the lower rating."""
6071,790,16,39,140,195,1.3641025641025641,0.04515919441602635,665,He thinks I'm his attorney.
5106,790,15,41,139,195,1.3641025641025641,0.04456999827461584,665,You’re my witness. This one was provoked.
3556,790,11,49,135,195,1.3641025641025641,0.04213089566788758,665,Looks like you get the bottom half.
2875,790,16,39,140,195,1.3641025641025641,0.04515919441602635,665,I'm his Emotional Support Animal....but you're not.
3001,790,16,39,140,195,1.3641025641025641,0.04515919441602635,665,"No, bull sharks are the aggressive ones, I’m more passive aggressive."
5609,795,12,51,143,206,1.3640776699029127,0.04120324250500671,665,Did I mention he is now topless.
86,795,9,57,140,206,1.3640776699029127,0.03944145157359922,665,Hors d'oeuvre?
3372,797,19,35,147,201,1.36318407960199,0.04584409069301105,665,See! Humans ARE dumb enough to use UberShark.
883,798,13,43,134,190,1.3631578947368421,0.04413281682730803,665,"Now watch carefully, Andy, next comes the fun part."
4627,798,11,47,132,190,1.3631578947368421,0.04285225707053162,665,I’m using him as a lure.
3315,798,12,45,133,190,1.3631578947368421,0.043497249666798764,665,He thinks he's wading. I hate to disappoint him.
2485,798,13,43,134,190,1.3631578947368421,0.04413281682730803,665,Just watch. This will go viral.
1343,798,13,43,134,190,1.3631578947368421,0.04413281682730803,665,"Well, I guess I'm just more of a people pleaser than you."
274,798,10,49,131,190,1.3631578947368421,0.04219740683385686,665,If you like bones start with his feet.
4594,804,12,46,135,193,1.3626943005181347,0.04302975451262458,665,The dermatologist said it was benign.
2711,804,15,40,138,193,1.3626943005181347,0.04487178257950458,665,I’m just going to eat in today. I brought my lunch.
1920,804,14,42,137,193,1.3626943005181347,0.04426629085109571,665,"So here I am, asking the Sea Witch to give me legs..."
3657,807,14,35,125,174,1.3620689655172413,0.04759502633195921,665,A lot of trouble for toothpicks.
3399,807,10,43,121,174,1.3620689655172413,0.044716031345802314,665,I saved the best part for last !
3903,809,10,48,130,188,1.3617021276595744,0.0424677718150904,665,I'm taking him home for dinner.
1132,809,14,40,134,188,1.3617021276595744,0.04506738084999492,665,You asked for take-out.
553,809,16,36,136,188,1.3617021276595744,0.04631249727177794,665,I can't believe you ate yours already. We were supposed to meet for dinner.
869,812,15,39,137,191,1.361256544502618,0.0451790773876506,665,"I put in a standing order for meat, and this is what happened."
1573,813,11,44,128,183,1.360655737704918,0.04390309983050786,665,I just can't shake this feeling that I'm missing the obvious.
1492,813,9,48,126,183,1.360655737704918,0.042513335483978676,665,I got a job as a surfboard.
1326,813,15,36,132,183,1.360655737704918,0.04655834121009871,665,It's my emotional support prey.
646,813,10,46,127,183,1.360655737704918,0.04321380490480362,665,It was either him . . .  or a tracking collar!
491,813,14,38,131,183,1.360655737704918,0.04590893045866857,665,How was the top half?
4032,813,9,48,126,183,1.360655737704918,0.042513335483978676,665,You want the leg or the breast?
236,813,10,46,127,183,1.360655737704918,0.04321380490480362,665,My therapist says I'm a little too empathetic.
2314,813,14,38,131,183,1.360655737704918,0.04590893045866857,665,Peek up there and see if anyone's noticed the top half is missing.
4471,821,9,44,119,172,1.3604651162790697,0.044273286007398306,665,It's the eagle holding his upper body upright who I feel sorry for.
4433,822,13,45,139,197,1.3604060913705585,0.043005293700312516,665,I promised him a ride before lunch.
812,823,16,35,135,186,1.3602150537634408,0.046644322939426,665,I’m saving half my snack for later.
4817,823,11,45,130,186,1.3602150537634408,0.043417504173299294,665,I got carryout.
3198,823,9,49,128,186,1.3602150537634408,0.04205751289725608,665,Let's flip him for it.
1993,823,11,45,130,186,1.3602150537634408,0.043417504173299294,665,I wasn’t hungry so I got it to go
6146,823,8,51,127,186,1.3602150537634408,0.04136075135119116,665,"""You want half?"""
1596,823,13,41,132,186,1.3602150537634408,0.044736170446005565,665,"Suddenly, he's not half the man he used to be, oh yesterday came suddenly."
5115,823,15,37,134,186,1.3602150537634408,0.046017064483837536,665,You wanna hear the punchline or are you going to keep interrupting me?
919,823,15,37,134,186,1.3602150537634408,0.046017064483837536,665,I like the skin nice and crispy.
3655,831,20,41,164,225,1.36,0.04268749491621899,665,If you wanted a fresh packed lunch Morty you should have brought one.
3880,832,12,44,133,189,1.3597883597883598,0.043596604819329816,665,If he gives me less than four stars I'm going to eat him.
3388,832,15,38,136,189,1.3597883597883598,0.045492041312325635,665,He's an attorney and my mentor.
4836,832,14,40,135,189,1.3597883597883598,0.04486912671796164,665,Our deal: Skinny lawyer calls for help and we eat tender lifeguard.
4572,832,13,42,134,189,1.3597883597883598,0.04423744163152584,665,I always pack a lunch.
3834,832,12,44,133,189,1.3597883597883598,0.043596604819329816,665,What happened to yours?
4527,832,12,44,133,189,1.3597883597883598,0.043596604819329816,665,Want to join me for dinner?
3954,832,10,48,131,189,1.3597883597883598,0.04228580578767684,665,He promised me a cut when they come watch him walk on water.
3914,832,13,42,134,189,1.3597883597883598,0.04423744163152584,665,"It's my new ""Meat, Greet, and Eat service."""
2318,832,15,38,136,189,1.3597883597883598,0.045492041312325635,665,In the mood for a slider?
511,832,14,40,135,189,1.3597883597883598,0.04486912671796164,665,Sometimes I pity their naiveté.
4315,832,15,38,136,189,1.3597883597883598,0.045492041312325635,665,"No, sorry.  I'm saving this half for later."
332,832,14,40,135,189,1.3597883597883598,0.04486912671796164,665,"I swear, if he calls me Flipper one more time..."
2732,844,13,47,143,203,1.3596059113300492,0.042120073387647526,665,K. F. Sea had a special on their Thighs and Legs.
1812,845,11,47,134,192,1.359375,0.04248855359922982,665,It just started out as a barnacle....
4463,845,10,49,133,192,1.359375,0.04184184108209886,665,He promised me a part in a movie.
6278,845,13,43,136,192,1.359375,0.043753311081387226,665,"Hop on,"" I said. ""Come join the circle of life."
31,848,10,54,142,206,1.3592233009708738,0.039955420258768734,665,It's a lure for boaters. I call it 'Bob'!
2933,849,12,41,128,181,1.3591160220994476,0.04489174570587618,665,I brought you the fresh catch of the day
6163,849,12,41,128,181,1.3591160220994476,0.04489174570587618,665,"He said his big brother was, like, twice as fat.  So, we are going over to where he’s swimming."
224,849,10,45,126,181,1.3591160220994476,0.04350280593376691,665,Was the top half tasty?
5787,849,12,41,128,181,1.3591160220994476,0.04489174570587618,665,I get hypoglycemic.
4146,849,13,39,129,181,1.3591160220994476,0.04557034328075757,665,In a minute he's going to discover there's another definition of  'chum'.
5681,849,12,41,128,181,1.3591160220994476,0.04489174570587618,665,"You can have this half, I’m full"
1806,855,10,50,135,195,1.358974358974359,0.04141043441003589,665,"I broke his surfboard, it's the least I could do."
5748,856,8,45,117,170,1.3588235294117648,0.04379800671014031,665,Does it make me look younger?
3696,856,12,37,121,170,1.3588235294117648,0.046869179306646774,665,We had a much better turnout at last week's 'Yoga with Sharks' class.
2866,856,12,37,121,170,1.3588235294117648,0.046869179306646774,665,I feel responsible for him now.
5039,856,10,41,119,170,1.3588235294117648,0.04535959303532221,665,I like to weigh my food first...you know portion control.
6144,860,14,38,132,184,1.358695652173913,0.045700796607286404,665,It's the best kind of hood ornament--edible.
2517,861,13,41,133,187,1.358288770053476,0.04453797222849813,665,Nothing quite like a foot massage and then dinner.
3223,861,14,39,134,187,1.358288770053476,0.04517888861508305,665,I told you I'd find my sea legs!
1946,861,17,33,137,187,1.358288770053476,0.04704928262255345,665,I had to give him a minute because he wants a selfie.
3899,861,20,27,140,187,1.358288770053476,0.04884811167383791,665,I had a hat like that last week.
148,861,11,45,131,187,1.358288770053476,0.04322764113031443,665,It's a new ride-share offering by Uber.
1677,861,11,45,131,187,1.358288770053476,0.04322764113031443,665,Do you want to tell him?
613,861,13,41,133,187,1.358288770053476,0.04453797222849813,665,"No, leave him alone.  He's really helping my back problem."
889,861,10,47,130,187,1.358288770053476,0.04255734897081398,665,He's so asking for it.
922,861,17,33,137,187,1.358288770053476,0.04704928262255345,665,You forgot to pack a lunch?
2612,870,13,46,142,201,1.3582089552238805,0.04238210314815336,665,"Crazy, 30 minutes walking on my back and I’m completely relaxed....I may not even eat him"
4541,871,12,44,134,190,1.3578947368421053,0.04340786530882812,665,I took my lunch to go.
3275,872,12,40,127,179,1.3575418994413408,0.04520762973015354,665,"It sounds like screaming, but that's just the sound they make when dropped in the water"
3351,872,11,42,126,179,1.3575418994413408,0.04450796655859248,665,Get your own Lean Cuisine.
4058,874,9,47,126,182,1.3571428571428572,0.04260138609758277,665,"He's a human who can stand sharks, so I support him."
3232,875,15,36,134,185,1.3567567567567567,0.046135642134346344,665,"Honey, come on in! It's not that deep!"
4606,875,14,38,133,185,1.3567567567567567,0.045494428983865486,665,He's running for Congress. Testing the waters.
4043,875,11,44,130,185,1.3567567567567567,0.04351413389723504,665,I need to learn to use the word “no” more often.
3909,875,13,40,132,185,1.3567567567567567,0.04484404823371198,665,"You gotta stop letting people walk all over you, Jeff"
688,875,10,46,129,185,1.3567567567567567,0.04283369517384656,665,How many times have I told you to not play with your dinner?
6110,875,14,38,133,185,1.3567567567567567,0.045494428983865486,665,Can you see if he's wearing a Yankees hat?
3598,875,14,38,133,185,1.3567567567567567,0.045494428983865486,665,I got the idea from Uber.
508,882,16,35,137,188,1.3563829787234043,0.04622584162560055,665,"No, really, it's the best invertebrate deep tissue massage there is."
1063,882,17,33,138,188,1.3563829787234043,0.046837140470251594,665,Can you believe this guy doesn’t clip his toenails before hitting the beach?
2083,882,15,37,136,188,1.3563829787234043,0.0456063497833375,665,I'm saving it for a mid-afternoon snack.
3943,882,15,37,136,188,1.3563829787234043,0.0456063497833375,665,Just saving this for dessert.
4898,886,9,45,123,177,1.3559322033898304,0.043362857563852976,665,"Wait, that’s what chum means?"
3110,887,14,36,130,180,1.3555555555555556,0.04635853461857392,665,I liked it better in the Jaws era when we got some respect.
4954,887,8,48,124,180,1.3555555555555556,0.04215061391482675,665,I can't seem to shake the feeling that I've been taken for a ride.
4468,887,12,40,128,180,1.3555555555555556,0.04499963598874929,665,I saved this part for you.
357,887,12,40,128,180,1.3555555555555556,0.04499963598874929,665,"I just ate his wife, it's the least I could do."
5616,891,12,41,130,183,1.355191256830601,0.04448595091756656,665,No hurry. He’s wading for Godot.”
2672,891,13,39,131,183,1.355191256830601,0.04515583095700101,665,White men can’t jump.
2828,893,13,40,133,186,1.3548387096774193,0.04464352173144694,665,Watch this!  I saw a dog do it.  They put a biscuit on his nose and...
4937,893,14,38,134,186,1.3548387096774193,0.04528980758795488,665,"Free fish or not, if this crowd sings BABY SHARK one more time..."
100,893,16,34,136,186,1.3548387096774193,0.04655547173952355,665,Dad said he could clear a whole beach in the mid-70s
2613,893,13,40,133,186,1.3548387096774193,0.04464352173144694,665,"Yeah, I'm going to eat him, but right now this feels AMAZING on my sciatica."
3125,893,18,30,138,186,1.3548387096774193,0.04778762628992129,665,"He's not just a friend, he's my best chum."
3242,898,14,39,136,189,1.3544973544973544,0.04477943156134083,665,"Uber Eats.....what can I say, it's a living!"
3770,899,7,48,120,175,1.3542857142857143,0.04212511106699608,665,Freeloader.
3059,899,8,46,121,175,1.3542857142857143,0.04289762729334276,665,"Ironically, he's a shark spotter."
1422,901,8,47,123,178,1.353932584269663,0.04242320749262297,665,I'm brown bagging it today.
831,902,18,28,135,181,1.3535911602209945,0.04873166203580098,665,Doesn’t he hear the music?
1066,902,11,42,128,181,1.3535911602209945,0.04410287298279207,665,"You take the left, I'll take the right"
6041,902,13,38,130,181,1.3535911602209945,0.04547348803144925,665,I swear . . . it's not what you think.
3952,902,13,38,130,181,1.3535911602209945,0.04547348803144925,665,"I know, I know... I’m going to the dermatologist to get it checked out."
1943,902,10,44,127,181,1.3535911602209945,0.04340133697400642,665,I decided to pack a lunch today.
65,907,9,43,121,173,1.3526011560693643,0.04395556844783776,665,I got take out.
4873,908,8,46,122,176,1.3522727272727273,0.042700668700127134,665,He's an old chum of mine.
2666,908,11,40,125,176,1.3522727272727273,0.04492385003807234,665,"...and if I balance him on my head for 10 seconds, then toss him up and catch him, I win the bet, right?"
6155,910,14,35,130,179,1.3519553072625698,0.0464774531514872,665,Did you forget lunch?
5159,910,12,39,128,179,1.3519553072625698,0.04510667638136217,665,It's Ramadan.  He has until sundown.
3863,910,17,29,133,179,1.3519553072625698,0.048460971382776837,665,"And we would have been on TV too, if Alabama Public Television didn't take exception to the fact that we're both male."
74,910,17,29,133,179,1.3519553072625698,0.048460971382776837,665,These Internet challenges are getting out of hand!
665,914,14,38,136,188,1.351063829787234,0.044885724623171294,665,I 'm saving the other half for later
4784,915,13,34,124,171,1.3508771929824561,0.04726702444951881,665,"He keeps singing
""Why not take all of me""."
3450,916,12,38,127,177,1.3502824858757063,0.045425881583444225,665,I ate the top part and I'm saving this for later.
4469,916,15,32,130,177,1.3502824858757063,0.04749857601861792,665,I'll let him post to Instagram first.
619,916,15,32,130,177,1.3502824858757063,0.04749857601861792,665,"As a lawyer, he is one of us."
6191,919,16,31,133,180,1.35,0.04758278747155324,665,I regret going vegan.
3499,920,14,44,148,206,1.3495145631067962,0.042096084249861755,665,Flip for it?
884,921,10,39,120,169,1.349112426035503,0.04535417075963282,665,"It's like migraine, a sudden weight on the back of my head."
1891,921,11,37,121,169,1.349112426035503,0.04612421471882875,665,I didn’t have the heart to tell him he can’t walk on water.
5367,923,9,43,123,175,1.3485714285714285,0.04354456896419197,665,"Help yourself, I’ve already had my half."
5523,923,10,41,124,175,1.3485714285714285,0.04429233490423665,665,I got some carryout.
323,923,12,37,126,175,1.3485714285714285,0.04575121660953553,665,It's for a documentary.
708,923,10,41,124,175,1.3485714285714285,0.04429233490423665,665,The fin isn't intimidating anymore
2721,923,7,47,121,175,1.3485714285714285,0.04200912515506233,665,I've got a busy day so I brought my lunch.
3230,923,11,39,125,175,1.3485714285714285,0.04502768455362601,665,"Call me old fashioned, but I was fine with the pilot fish."
6206,923,15,31,129,175,1.3485714285714285,0.04785622379824812,665,Have you ever seen that trick where you put a treat on a dog's nose?
5519,923,14,33,128,175,1.3485714285714285,0.04716499455354808,665,Is it just me or are we losing some of our fear factor to plastic pollution?
4720,931,9,47,131,187,1.3475935828877006,0.041673911317382836,665,5 second rule.
115,932,9,40,118,167,1.347305389221557,0.044887327952379645,665,I’m taking this one to go.
707,932,10,38,119,167,1.347305389221557,0.04568388203291401,665,I'm giving intermittent fasting a try.
79,934,13,34,126,173,1.346820809248555,0.04680645160645114,665,My level of intimidation has dramatically decreased.
6200,934,15,30,128,173,1.346820809248555,0.048221059530441986,665,One trip to SeaWorld and you think you're a dolphin.
277,934,18,24,131,173,1.346820809248555,0.05026838556802374,665,Sorry I already ate the top half.
3694,934,11,38,124,173,1.346820809248555,0.045347736897618986,665,What? Do I have a booger or something?
2353,934,11,38,124,173,1.346820809248555,0.045347736897618986,665,The problem with this generation is they didn't grow up watching Jaws.
3695,939,9,36,111,156,1.3461538461538463,0.0469533726385849,665,"Not a fan of legs and thighs, you?"
4266,940,11,35,119,165,1.3454545454545455,0.046816262275964575,665,A little nip on the ankle should get him off my back.
4019,940,8,41,116,165,1.3454545454545455,0.04438505292854489,665,My psychiatrist recommended exposure therapy to combat my compulsive overeating.
1810,940,10,37,118,165,1.3454545454545455,0.04602013237143623,665,Should I tell him?
733,943,15,29,127,171,1.345029239766082,0.048593309873815396,665,I’m waiting until he drops the child
5919,943,11,37,123,171,1.345029239766082,0.04567397471290442,665,I just feel like my food choices are weighing me down
5418,943,7,45,119,171,1.345029239766082,0.04255483718283293,665,"Look, man, depression has hit me hard. I just don't have the energy anymore to even bite."
3822,943,9,41,121,171,1.345029239766082,0.0441419649185016,665,So I thought Why not take-out tonight ?
3113,943,11,37,123,171,1.345029239766082,0.04567397471290442,665,"And after the massage, there'll be a full course meal."
612,948,7,49,127,183,1.3442622950819672,0.04075176120425848,665,Amazon delivery of your Mako-at-Home Meal Kit
5437,949,8,38,111,157,1.3439490445859872,0.04582288417065209,665,But he's the only one who's ever made me happy!
644,950,7,42,114,163,1.343558282208589,0.04384425011829858,665,It's just the old bait and switch.
2255,951,13,32,124,169,1.3431952662721893,0.0475130576868527,665,He must be an attorney. He seems very comfortable in this environment.
2093,951,9,40,120,169,1.3431952662721893,0.044449084784902476,665,He's a chiropractor.  I'll eat him once he's finished adjusting me.
4091,951,7,44,118,169,1.3431952662721893,0.0428349901592854,665,I saved the bottom half for you- I knew it is your favorite.
4284,951,13,32,124,169,1.3431952662721893,0.0475130576868527,665,Do you want him?  He supposedly has bone spurs!!
5311,951,9,40,120,169,1.3431952662721893,0.044449084784902476,665,I'll hold off on attacking until after he posts on Instagram.
5933,951,12,34,123,169,1.3431952662721893,0.046765887916509256,665,"There’s gotta be, like, a million things I could do to this idiot to get on “Shark Week.”"
1073,951,13,32,124,169,1.3431952662721893,0.0475130576868527,665,"Oh, him? I just signed up to be a Lyft driver."
2707,951,16,26,127,169,1.3431952662721893,0.04968719940948825,665,It's Donald. We don't eat our own.
978,951,14,30,125,169,1.3431952662721893,0.04824865831180052,665,"Yeah, but if I don't deliver it in 30 minutes or less, it's free."
4441,951,12,34,123,169,1.3431952662721893,0.046765887916509256,665,"Yes, I suppose I could use some assertiveness training."
5940,951,15,28,126,169,1.3431952662721893,0.04897321111611494,665,It's bring your lunch to school day.
808,951,8,42,119,169,1.3431952662721893,0.04364949896712175,665,You eat yet?
3145,963,6,43,112,161,1.3416149068322982,0.04326143806504684,665,"The guy at the store said you need to keep the head as dry as possible, but I just know I'm going to forget."
1027,964,16,25,126,167,1.341317365269461,0.050086466675023054,665,When should I break the news to him that the dolphins are in the other tank?
5114,964,8,41,118,167,1.341317365269461,0.043948779378344856,665,Don't tell me I never bring you gifts.
5146,964,12,33,122,167,1.341317365269461,0.04711766841023983,665,I learned it from a duck hunter I ate.
5782,964,10,37,120,167,1.341317365269461,0.04556078294577334,665,I bought my own lunch today.
550,964,11,35,121,167,1.341317365269461,0.046345763663193554,665,I ordered take out.
5827,964,14,29,124,167,1.341317365269461,0.04862473043835568,665,I ordered Chinese.
114,964,13,31,123,167,1.341317365269461,0.04787712964777685,665,"I'm not hungry, but this guy deserves to die."
5902,964,7,43,117,167,1.341317365269461,0.04312018485528221,665,These millennials think they're entitled to everything.
6274,964,9,39,119,167,1.341317365269461,0.0447620383331585,665,Because he asked politely.
4792,964,13,31,123,167,1.341317365269461,0.04787712964777685,665,"Hey, you promised dessert if I brought the entree."
5977,974,10,38,122,170,1.3411764705882352,0.04501295969392176,665,You're late for dinner.
2331,975,12,35,126,173,1.3410404624277457,0.04596890943219232,665,Uber doesn't care if you're a shark.
2823,975,8,43,122,173,1.3410404624277457,0.04294516612940674,665,"The wife was in the mood for tourist."""
2624,977,7,38,108,153,1.3398692810457515,0.045585476451347896,665,"I  can't make it any easier for you  , can I  ?"
5421,978,4,46,109,159,1.3396226415094339,0.04168853531289071,665,"Okay, Okay, Okay...I am a humanitarian...Is there a problem?"
3239,978,9,36,114,159,1.3396226415094339,0.046216787599682604,665,"I can’t break his heart, he thinks I’m a dolphin."
2858,978,9,36,114,159,1.3396226415094339,0.046216787599682604,665,Should I break it to him?
2751,978,8,38,113,159,1.3396226415094339,0.045347325832227066,665,"No, ma!  I won't stop playing with my food!"
4631,982,11,34,120,165,1.3393939393939394,0.046691712498431605,665,I hate these swim with the sharks days.
4570,982,13,30,122,165,1.3393939393939394,0.048248685744287124,665,Join me for lunch?
4388,982,10,36,119,165,1.3393939393939394,0.045893422034413635,665,"Well I'm hungry, too, but this really gets the kinks out of my back."
4227,982,7,42,116,165,1.3393939393939394,0.043410559729248246,665,I know you hate talking about dinner plans when we’ve just had lunch...
4092,982,11,34,120,165,1.3393939393939394,0.046691712498431605,665,"Trust me, it'll be funnier AFTER he realizes..."
3721,982,11,34,120,165,1.3393939393939394,0.046691712498431605,665,Where have you been? Dinner's ready.
3848,982,10,36,119,165,1.3393939393939394,0.045893422034413635,665,"Don't attack him, the foot massage feels great."
3851,982,13,30,122,165,1.3393939393939394,0.048248685744287124,665,They're much more comfortable approaching since I got the doll.
3857,982,15,26,124,165,1.3393939393939394,0.04975696268931372,665,"Open real wide now. When I go low, you go high!"
4119,982,10,36,119,165,1.3393939393939394,0.045893422034413635,665,Professional courtesy. We might need a good lawyer some day.
4074,982,12,32,121,165,1.3393939393939394,0.04747658208046979,665,"I know, honey, I know. But, we have just got to watch the carbs."
4755,982,14,28,123,165,1.3393939393939394,0.04900862685342619,665,"He's making a sequel to ""Jaws"" and I am auditioning for the lead."
4839,982,12,32,121,165,1.3393939393939394,0.04747658208046979,665,"Get it off, get it off, get it off!"
6204,982,13,30,122,165,1.3393939393939394,0.048248685744287124,665,I'm emotionally attached because years ago when I was really hungry  he gave me a hand.
5006,982,11,34,120,165,1.3393939393939394,0.046691712498431605,665,Please go up and see if he's as bony as he feels.  I'm on a low-fat diet.
5338,982,19,18,128,165,1.3393939393939394,0.05264403723210561,665,"His feet stink like the Bronx so maybe he tastes good, too."
5355,982,12,32,121,165,1.3393939393939394,0.04747658208046979,665,It's today's special. Surf & Turf.
5364,982,13,30,122,165,1.3393939393939394,0.048248685744287124,665,What?! You have a problem with carry-out?
5414,982,12,32,121,165,1.3393939393939394,0.04747658208046979,665,He wants to impress some woman. We all know how that is.
5556,982,14,28,123,165,1.3393939393939394,0.04900862685342619,665,We have to throw it back. It's under the weight allowance.
3687,982,10,36,119,165,1.3393939393939394,0.045893422034413635,665,The dolphins told me this would be fun.
5569,982,12,32,121,165,1.3393939393939394,0.04747658208046979,665,His arms were delicious but I had to save the rest for later.
5831,982,14,28,123,165,1.3393939393939394,0.04900862685342619,665,"Of course we’ll eat him, but let him adjust my spine first"
6002,982,11,34,120,165,1.3393939393939394,0.046691712498431605,665,"His surf, our turf."
6052,982,11,34,120,165,1.3393939393939394,0.046691712498431605,665,Poor guy thinks he’s walking on water... at least he’ll go out in style.
6053,982,13,30,122,165,1.3393939393939394,0.048248685744287124,665,You should start packing a lunch too.
6182,982,9,38,118,165,1.3393939393939394,0.04508099772655228,665,I can't shake him.  How did you get rid of yours?
4900,982,15,26,124,165,1.3393939393939394,0.04975696268931372,665,Rideshare app
3619,982,10,36,119,165,1.3393939393939394,0.045893422034413635,665,"On the other hand, my back has never felt better."
5119,982,8,40,117,165,1.3393939393939394,0.044253661159434264,665,"I'm waiting for a seal, they have more meat on them !!"
80,982,14,28,123,165,1.3393939393939394,0.04900862685342619,665,It’s not what it looks like - I’m taking him to lunch.
35,982,13,30,122,165,1.3393939393939394,0.048248685744287124,665,You just move like a surfboard until your hungry.
456,982,16,24,125,165,1.3393939393939394,0.050494209233070964,665,He doesn't know he's in over his head.
1106,982,9,38,118,165,1.3393939393939394,0.04508099772655228,665,"Yeah, I’m embarassed, but it feels so good."
3614,982,14,28,123,165,1.3393939393939394,0.04900862685342619,665,"It's working, Ralph. He's telling everyone to come out and stand on this sandbar !"
1472,982,12,32,121,165,1.3393939393939394,0.04747658208046979,665,"Luckily for me, Uber's driver background checks are rather lax."
1836,982,13,30,122,165,1.3393939393939394,0.048248685744287124,665,You’ve got to be kidding. A great white?
2152,982,15,26,124,165,1.3393939393939394,0.04975696268931372,665,Here comes the triple flip. I'm going for a vertical entry with this one.
2164,982,13,30,122,165,1.3393939393939394,0.048248685744287124,665,I just let him think we have a ‘special  bond’ then I’ll eat him.
1242,982,8,40,117,165,1.3393939393939394,0.044253661159434264,665,I hate 'Shark Week'
2324,982,13,30,122,165,1.3393939393939394,0.048248685744287124,665,"Hey Sal, Do I have food on my head?"
2481,982,11,34,120,165,1.3393939393939394,0.046691712498431605,665,Say when
3109,982,12,32,121,165,1.3393939393939394,0.04747658208046979,665,"it's only my second week, but I'm already finding it really hard to be vegan"
3289,982,13,30,122,165,1.3393939393939394,0.048248685744287124,665,The salesman said it would be less conspicuous than a fin.
3299,982,11,34,120,165,1.3393939393939394,0.046691712498431605,665,Let’s wait til he finishes his cigarette.
3364,982,15,26,124,165,1.3393939393939394,0.04975696268931372,665,I saved you the legs.
3476,982,9,38,118,165,1.3393939393939394,0.04508099772655228,665,I stopped by the shore on my way home.  Thought you might like this.
2322,982,12,32,121,165,1.3393939393939394,0.04747658208046979,665,"He's giving a speech on how sharks keep oceans clean. Professionally, I'm on the horns of a dilemma."
3534,982,10,36,119,165,1.3393939393939394,0.045893422034413635,665,"Technically, we would remain vegan because he was."
4904,1031,11,35,122,168,1.3392857142857142,0.04611384631836537,665,I’m waiting for him to get off his phone.
6198,1032,8,35,108,151,1.3377483443708609,0.04687818719093601,665,There is no other half.
996,1033,9,35,113,157,1.3375796178343948,0.04656600643213291,665,I'm a breast man myself. Do you want a leg?
5806,1033,7,39,111,157,1.3375796178343948,0.044778056237193116,665,"And now, what the hell do I do?"
1428,1033,7,39,111,157,1.3375796178343948,0.044778056237193116,665,Fast food to go!
1805,1036,14,27,122,163,1.3374233128834356,0.049400602404890095,665,No! You ate the top half!
1647,1036,12,31,120,163,1.3374233128834356,0.04784285520209022,665,I use him as my look out - the fin thing is just too much of a give-away.
1413,1036,14,27,122,163,1.3374233128834356,0.049400602404890095,665,"First a massage, then dinner."
1974,1036,8,39,116,163,1.3374233128834356,0.04456430573600861,665,"I want to eat him, but then I'll have to wait 30 minutes until I can go swimming."
2119,1036,8,39,116,163,1.3374233128834356,0.04456430573600861,665,Are you interested in the leftovers?
2900,1036,9,37,117,163,1.3374233128834356,0.0454061417406432,665,It's customary to tip for your grubhub delivery
3465,1036,6,43,114,163,1.3374233128834356,0.042831024055637386,665,I enjoy lulling them into a false sense of security.
3750,1036,8,39,116,163,1.3374233128834356,0.04456430573600861,665,I'm part of his walk on water trick.
4197,1036,7,41,115,163,1.3374233128834356,0.04370625794658608,665,"Yeah, I just don't have the heart, OK? His glasses fell off, then he started swimming in my direction yelling here Flipper, here boy!"
4609,1036,12,31,120,163,1.3374233128834356,0.04784285520209022,665,"He thinks he's my surf buddy, but he's just chum."
4685,1036,13,29,121,163,1.3374233128834356,0.04862796680848483,665,"You know you can just eat him, right?"
1260,1036,3,49,111,163,1.3374233128834356,0.04009084104303372,665,Allow me to cull this one from the herd.
5508,1036,9,37,117,163,1.3374233128834356,0.0454061417406432,665,See? They are not all blood-thirsty monsters.
6066,1036,13,29,121,163,1.3374233128834356,0.04862796680848483,665,"He’s not using me, our love is real."
6261,1036,7,41,115,163,1.3374233128834356,0.04370625794658608,665,I packed a lunch.
2532,1036,13,29,121,163,1.3374233128834356,0.04862796680848483,665,It's a human decoy I made.  Everyone thinks it's safe and pile into the water and then we feast.
1048,1036,6,43,114,163,1.3374233128834356,0.042831024055637386,665,what?
1387,1036,8,39,116,163,1.3374233128834356,0.04456430573600861,665,I like foot massages.
1023,1036,14,27,122,163,1.3374233128834356,0.049400602404890095,665,It's like Uber Eats only quicker.
965,1036,13,29,121,163,1.3374233128834356,0.04862796680848483,665,"Since  I hired him to be my lookout, I’ve  stopped scaring the swimmers away."
842,1036,7,41,115,163,1.3374233128834356,0.04370625794658608,665,Going vegan is much more annoying than I thought it would be.
660,1036,11,33,119,163,1.3374233128834356,0.04704464296654021,665,"Normally I would, but it actually feels very good."
594,1036,14,27,122,163,1.3374233128834356,0.049400602404890095,665,Zero respect since Jaws.
1032,1036,14,27,122,163,1.3374233128834356,0.049400602404890095,665,"What he doesn't know if, after the massage, I get a happy ending."
5583,1060,12,32,122,166,1.3373493975903614,0.047233982039692805,665,What do you say we see how he hangs five?
5492,1060,11,34,121,166,1.3373493975903614,0.04645459836440563,665,I've tried everything.  I have an appointment with my dermatologest next week to have it removed
5027,1060,14,28,124,166,1.3373493975903614,0.04875538698012344,665,"Works such a drag, I just can’t get this guy off my back!"
4171,1060,13,30,123,166,1.3373493975903614,0.04800071259318768,665,"I packed a lunch today, it's cheaper than eating out."
3782,1060,13,30,123,166,1.3373493975903614,0.04800071259318768,665,I like a massage before my meal.
3294,1060,11,34,121,166,1.3373493975903614,0.04645459836440563,665,There is a $10 delivery fee
2510,1060,11,34,121,166,1.3373493975903614,0.04645459836440563,665,Mom always put extra snacks in my back pack
1470,1060,10,36,120,166,1.3373493975903614,0.045661913659749906,665,I do this for an arm and a leg.
93,1060,13,30,123,166,1.3373493975903614,0.04800071259318768,665,"I don’t know, I guess I’m just not that hungry."
2675,1060,14,28,124,166,1.3373493975903614,0.04875538698012344,665,"It's just a snack for later. It won't ""ruin my dinner,"" mom."
1794,1070,11,39,131,181,1.3370165745856353,0.04377869626289374,665,I know we said we weren't going to eat any humans this summer but if he starts to pee I'm gonna lose it...
2450,1071,12,39,136,187,1.3368983957219251,0.04348650221133527,665,I don't know if I should eat him or enjoy the back massage.
1534,1072,8,36,111,155,1.335483870967742,0.04602090502814394,665,How did they ever dominate the world when they are not that bright!
119,1073,7,40,114,161,1.3354037267080745,0.04400742753768534,665,I say it's a 60% - 40% split since he is standing on me!
4094,1073,9,36,116,161,1.3354037267080745,0.045737656057019536,665,Just wait until he finds out I'm not a dolphin.
4056,1073,10,34,117,161,1.3354037267080745,0.046578674660653574,665,"Yeah, my wife made me take a lunch today."
3656,1073,11,32,118,161,1.3354037267080745,0.047404774914514745,665,Bait. The fin was a dead giveaway.
3306,1073,12,30,119,161,1.3354037267080745,0.048216723615863835,665,Today's special is the Surf and Turf
3219,1073,10,34,117,161,1.3354037267080745,0.046578674660653574,665,"matter of fact, no, i’m a man-standing shark."
2717,1073,12,30,119,161,1.3354037267080745,0.048216723615863835,665,He complained about the rate so I told him I'd take half off.
2546,1073,12,30,119,161,1.3354037267080745,0.048216723615863835,665,"He thinks I'm sandbar, and now I don't have the heart."
2442,1073,12,30,119,161,1.3354037267080745,0.048216723615863835,665,I'm just keeping him fresh for dinner when I get hungry.
4793,1073,8,38,115,161,1.3354037267080745,0.044880880450782396,665,They do takeout.
822,1073,9,36,116,161,1.3354037267080745,0.045737656057019536,665,"Mate, you've still got a bit of food on you..."
404,1073,10,34,117,161,1.3354037267080745,0.046578674660653574,665,I'll consume him in due time. Finish your story.
4695,1073,9,36,116,161,1.3354037267080745,0.045737656057019536,665,Uber shark food delivery ... here's your order.
4504,1073,10,34,117,161,1.3354037267080745,0.046578674660653574,665,I'd feel guitly eating someone so stupid.
6031,1073,8,38,115,161,1.3354037267080745,0.044880880450782396,665,They said 'Don't go near shore' . Did I listen - Nooo…
211,1073,9,36,116,161,1.3354037267080745,0.045737656057019536,665,"Yeah, it's great, I make my own hours and eat on the job!"
2838,1089,12,31,121,164,1.3353658536585367,0.04759472706739634,665,"It's symbiotic.  He gets chicks, and I eat them."
1309,1089,9,37,118,164,1.3353658536585367,0.04517530240472377,665,Trying to convince his friends it’s only 3 feet deep.
2936,1089,8,39,117,164,1.3353658536585367,0.04433949986491734,665,"I told him he should just jump the shark already but, he didn't get it."
2245,1092,8,40,119,167,1.3353293413173652,0.04381587690198748,665,We have a standing dinner date.
3146,1093,11,31,117,159,1.3333333333333333,0.047772337349142,665,I'm starting a balanced diet today.
3272,1093,7,39,113,159,1.3333333333333333,0.04431422155696967,665,"Hey, Dad.  He followed me home.  Can I keep him?"
3267,1093,16,21,122,159,1.3333333333333333,0.05177116664032468,665,"Out of the Way! He is one of us,  Binsky just passed the Bar."
2807,1093,11,31,117,159,1.3333333333333333,0.047772337349142,665,Its an exercise in delaying gratification
6175,1093,14,25,120,159,1.3333333333333333,0.05020986659512502,665,"I can’t remember if I’m supposed to stop swimming, play dead or rap him on the nose."
3086,1093,10,33,116,159,1.3333333333333333,0.046931702716822656,665,I am trying to make him feel what it’s like to be endangered.”
3988,1093,9,36,117,162,1.3333333333333333,0.045501575519329006,665,We're going to need a bigger ocean.
3713,1093,15,23,121,159,1.3333333333333333,0.050996492030337334,665,It's take-out tonight.  End of discussion.
3855,1093,16,21,122,159,1.3333333333333333,0.05177116664032468,665,"Word is, Sharkworld may raise our pay to $15 per hour, plus chum."
5954,1093,6,39,108,153,1.3333333333333333,0.0444745340180939,665,They call it shark-surfing. Want to help teach him a lesson?
3983,1093,12,29,118,159,1.3333333333333333,0.04859843322268975,665,They say if I stop swimming he’ll die.
5381,1093,14,26,122,162,1.3333333333333333,0.049535841117809135,665,I'm carrying 125 pounds in the finals of the handicapped shark races. How about you?
4834,1093,12,29,118,159,1.3333333333333333,0.04859843322268975,665,Snacks on me!
4791,1093,8,37,114,159,1.3333333333333333,0.045203558799061426,665,I brought you leftovers...
5884,1093,10,33,116,159,1.3333333333333333,0.046931702716822656,665,Do you ever feel like “the man” is always on your back?
4398,1093,11,31,117,159,1.3333333333333333,0.047772337349142,665,Uber Eats delivery.
4384,1093,11,31,117,159,1.3333333333333333,0.047772337349142,665,I said I’d split it with you...
4272,1093,8,37,114,159,1.3333333333333333,0.045203558799061426,665,I'm not hungry and my back feels great.
6294,1093,10,33,116,159,1.3333333333333333,0.046931702716822656,665,Why can't I play with my food?
6090,1093,13,27,119,159,1.3333333333333333,0.04941071956165224,665,What did you do with yours?
2105,1093,9,35,115,159,1.3333333333333333,0.04607573356985444,665,I just remembered why we never stop swimming.
5240,1093,12,29,118,159,1.3333333333333333,0.04859843322268975,665,Make all the fun you want—my chiropractor said it'll help!
1936,1093,10,33,116,159,1.3333333333333333,0.046931702716822656,665,I disagree. I think this ride shark service could habe some legs to it.
5274,1093,9,35,115,159,1.3333333333333333,0.04607573356985444,665,"He's doing something called ""selfie?"""
129,1093,11,33,121,165,1.3333333333333333,0.046562019717971886,665,Heads or tails?
682,1093,10,33,116,159,1.3333333333333333,0.046931702716822656,665,Give him a break. The guy lost his surfboard.
560,1093,11,31,117,159,1.3333333333333333,0.047772337349142,665,It's one of my best lures.
504,1093,12,29,118,159,1.3333333333333333,0.04859843322268975,665,He’s gonna be surprised when he finds out I’m not Shamu.
223,1093,14,25,120,159,1.3333333333333333,0.05020986659512502,665,Watch this.
6282,1093,7,41,117,165,1.3333333333333333,0.043271033731437925,665,An hour a week and the back’s good as new.
2104,1093,12,30,120,162,1.3333333333333333,0.04796287192241285,665,You have Chip on your shoulder.
624,1124,14,26,123,163,1.3312883435582823,0.04927345703749475,665,You go ahead.  I'd prefer some finger food.
3248,1124,12,30,121,163,1.3312883435582823,0.047711558812807406,665,Don't eat my emotional support animal!
5376,1126,15,23,122,160,1.33125,0.05071956673400844,665,I met him in my “Vegan for Dummies” cooking class.
4486,1126,18,17,125,160,1.33125,0.052993617599568624,665,"It's my first time as an Uber driver, but if I get humgry it's all over."
4025,1126,12,29,119,160,1.33125,0.04833865319888176,665,I've lost my edge!
3436,1126,12,29,119,160,1.33125,0.04833865319888176,665,We met on a fetish site.
4774,1126,14,25,121,160,1.33125,0.04993854320546683,665,I'm making extra money as a uber driver.
1716,1131,14,24,119,157,1.3312101910828025,0.05062772306385122,665,Can you finish the rest?  I just wanted the wings and breast.
2139,1131,11,30,116,157,1.3312101910828025,0.04814756889652573,665,It started out as a wart on my dorsal.
4039,1131,8,36,113,157,1.3312101910828025,0.04553252067106949,665,"I would, but his arm only got one star on Yelp."
5875,1131,12,28,117,157,1.3312101910828025,0.04898824050702167,665,I'll tolerate him for a while since he thinks he is swimming with the dolphins.  Then I'll grab a leg.  Want the other?
5607,1131,10,32,115,157,1.3312101910828025,0.0472919556935171,665,I got us takeout.
5554,1131,5,42,110,157,1.3312101910828025,0.042757835383436436,665,I thought you said to pack a lunch?
5108,1131,9,34,114,157,1.3312101910828025,0.04642057470550615,665,I think you should know that this guy has a spear gun pointed at you and perhaps you should take a swim back to your own waters .
4232,1131,11,30,116,157,1.3312101910828025,0.04814756889652573,665,"Sorry, I can't go out to lunch today.  I brought leftovers."
979,1139,8,35,111,154,1.3311688311688312,0.0461166565918486,665,"As above, so below."
358,1139,8,35,111,154,1.3311688311688312,0.0461166565918486,665,I'm not hungry. Are you?
6189,1141,9,34,115,158,1.3291139240506329,0.046173447554902596,665,I lost a bet to a vulture. He gets to go first.
1870,1141,12,28,118,158,1.3291139240506329,0.04872231751831683,665,Call PR...aren’t they supposed to be scared of us!
66,1143,8,35,112,155,1.3290322580645162,0.04586795260062676,665,It's either this or pain pills.
2426,1143,9,33,113,155,1.3290322580645162,0.046772387755327584,665,"Here's your Uber Eats Delivery"""
475,1143,9,33,113,155,1.3290322580645162,0.046772387755327584,665,"I swim carefully, but they rarely give me five stars."
462,1143,8,35,112,155,1.3290322580645162,0.04586795260062676,665,Some situations really test my decision to go vegan.
423,1143,9,33,113,155,1.3290322580645162,0.046772387755327584,665,Why don't they ever talk about our good qualities?
3099,1143,10,31,114,155,1.3290322580645162,0.04765966257639778,665,My generation always swam against the current in freezing water to hunt for food. Your soft generation lays around in globally-warmed water waiting for delivery.
3352,1143,6,39,110,155,1.3290322580645162,0.04400334890267552,665,"""Your delivery of a gluten-free person for dinner."""
3393,1143,12,27,116,155,1.3290322580645162,0.04938641309124241,665,I brought the hors d'oeuvre.
3426,1143,11,29,115,155,1.3290322580645162,0.0485307182870547,665,"He said he was a lawyer, so I knew he was one of us."
4085,1143,11,29,115,155,1.3290322580645162,0.0485307182870547,665,When do you think I should tell him?
967,1143,13,25,117,155,1.3290322580645162,0.05022753207733995,665,It's times like this that really make me regret going vegan.
1276,1143,13,25,117,155,1.3290322580645162,0.05022753207733995,665,On the count of 3...
4940,1155,7,36,109,152,1.3289473684210527,0.04551735426177722,665,That top half was filling. I'm saving these leftovers for tomorrow's breakfast.
4640,1155,8,34,110,152,1.3289473684210527,0.04646469535822661,665,I’m working on a balanced diet.
2633,1155,6,38,108,152,1.3289473684210527,0.0445498727635832,665,I always bring a snack.
5309,1155,6,38,108,152,1.3289473684210527,0.0445498727635832,665,"If anything, it's a conflict of interest."
652,1159,6,37,106,149,1.3288590604026846,0.04511604343586584,665,The vet said I have to start lifting weights.
905,1159,5,39,105,149,1.3288590604026846,0.04409946319106082,665,"No, I know he's there, but sometimes I just want to have to work for it."
1085,1159,10,29,110,149,1.3288590604026846,0.04897179046732671,665,I just know I’m going to get Athlete’s Fin from this.”
1181,1162,14,39,151,204,1.3284313725490196,0.041983993433304306,665,"I'm gonna swish this guy right offa my fin, and send him on his way."""
2279,1163,5,46,120,171,1.327485380116959,0.040490974890589004,665,And they wonder why we attack.
1598,1164,9,34,116,159,1.3270440251572326,0.04592879587725082,665,Professional respect...he's a lawyer.
4733,1164,11,30,118,159,1.3270440251572326,0.047630633866600894,665,I'm full. I'm taking this half home for the wife.
210,1166,12,26,115,153,1.326797385620915,0.04979323032289373,665,He thinks he's standing in shallow water.
857,1166,13,24,116,153,1.326797385620915,0.05064943334326898,665,He's my attorney
964,1166,11,28,114,153,1.326797385620915,0.04892204486714798,665,Something like this happens every time I try to quit.
2725,1166,7,36,110,153,1.326797385620915,0.045269959420803814,665,He said he needs to finish tweeting first.
3017,1166,8,34,111,153,1.326797385620915,0.04621004801952416,665,It was either this or the chiropractor.
3076,1166,10,30,113,153,1.326797385620915,0.048035061798416955,665,As a support shark I get into the movies for free.
4345,1166,8,34,111,153,1.326797385620915,0.04621004801952416,665,My PR team thought it would help soften my image.
6193,1166,9,32,112,153,1.326797385620915,0.04713138922175149,665,I've become a bottom feeder.
3453,1166,4,42,107,153,1.326797385620915,0.04232459438606249,665,Just in case I get hungry later.
5790,1166,10,30,113,153,1.326797385620915,0.048035061798416955,665,Talk about a false sense of security!
3278,1166,15,20,118,153,1.326797385620915,0.05231982150203932,665,I told you we look like surfboards
3028,1177,6,36,105,147,1.3265306122448979,0.04544611626285968,665,"Yeah, I prefer wings."
5910,1177,7,34,106,147,1.3265306122448979,0.04646006288731121,665,I know I look funny but you wouldn't believe the reception.
4226,1179,11,33,125,169,1.3254437869822486,0.045624479337524976,665,"I know it's tempting, but I'm on this new gluten-free diet."
254,1180,8,33,110,151,1.3245033112582782,0.04655900751672395,665,Now I have athlete's fin
5282,1180,10,29,112,151,1.3245033112582782,0.04841840169236755,665,It's a new ride share program called SCUBER.
4952,1180,14,21,116,151,1.3245033112582782,0.051937871591408794,665,Goat yoga is so passé
4416,1180,8,33,110,151,1.3245033112582782,0.04655900751672395,665,Let one swimmer go and they walk all over you!
4332,1180,11,27,113,151,1.3245033112582782,0.04932181913913976,665,"I can’t stand this anymore, and they wonder why we bite them from time to time !"
3932,1180,12,25,114,151,1.3245033112582782,0.05020898389675462,665,"If he shouts 'Hey, Bro!--Who's the Man!' one more time, let's snap him in half!"
3711,1180,10,29,112,151,1.3245033112582782,0.04841840169236755,665,I don’t know how much longer I can take working under this guy!
3486,1180,8,33,110,151,1.3245033112582782,0.04655900751672395,665,"I used to think ""When your a shark you're a shark all the way"", but now I dunno"
2361,1180,11,27,113,151,1.3245033112582782,0.04932181913913976,665,It really helps my back!
1267,1180,13,23,115,151,1.3245033112582782,0.0510807427970181,665,"I'd take his legs off, but he's scratching a spot I can't reach."
872,1180,9,31,111,151,1.3245033112582782,0.04749780417759235,665,I still don't get why my folks told me not to play with my food.
810,1180,8,33,110,151,1.3245033112582782,0.04655900751672395,665,"Trust me, it’s a great way to lure the others."
385,1180,9,31,111,151,1.3245033112582782,0.04749780417759235,665,It's rebranding - folks were starting to have a negative association with the fin.
3552,1180,11,27,113,151,1.3245033112582782,0.04932181913913976,665,I'm his emotional support shark. Really.
2627,1180,7,35,109,151,1.3245033112582782,0.045600887712760656,665,"I'm not hungry, but I don't think I can pass up the teachable moment."
5098,1180,10,29,112,151,1.3245033112582782,0.04841840169236755,665,"Nah, it would be like shooting fish in a barrel."
3280,1196,7,34,107,148,1.3243243243243243,0.04619778917837212,665,He thinks he's standing on the bottom.  We can dine when the others arrive.
3872,1196,5,38,105,148,1.3243243243243243,0.04416308864034361,665,"I'm not holding him up, he thinks he's holding me down."
4960,1196,4,40,104,148,1.3243243243243243,0.043109740603460046,665,"When you said ""meet me at noon"" I didn't realize it was for lunch."
26,1199,8,31,106,145,1.3241379310344827,0.047829076486352144,665,"Yes, he's adopted. How did you know?"
5465,1199,12,23,110,145,1.3241379310344827,0.05167941872727896,665,You can have the first bite.
2107,1199,5,37,103,145,1.3241379310344827,0.04472431369734189,665,I feel like I forgot something...
2305,1199,7,33,105,145,1.3241379310344827,0.0468170387457846,665,I stopped biting people after my cardiologist suggested a plant-based diet.
1636,1199,4,39,102,145,1.3241379310344827,0.04364033449786122,665,It’s called shark boarding but it isn’t catching on.
2006,1204,10,32,119,161,1.3229813664596273,0.046293088432830025,665,You should see him from the waist up.
1357,1205,15,18,116,149,1.3221476510067114,0.053253018175902486,665,"White privilege, need I say more?"
2509,1205,11,26,112,149,1.3221476510067114,0.04973032333068207,665,Back off -- where are we gonna find another chiropractor?
1473,1205,10,28,111,149,1.3221476510067114,0.048809940965001956,665,I don't have the heart to tell the guy that he's no longer standing on a sandbar.
1504,1205,5,38,106,149,1.3221476510067114,0.04391966221603887,665,I picked up dinner on the way home.
1736,1205,7,34,108,149,1.3221476510067114,0.045938286562576126,665,I ate his surfboard. Now what?
6188,1205,10,28,111,149,1.3221476510067114,0.048809940965001956,665,Hungry? I just ate his other half.
2478,1205,9,30,110,149,1.3221476510067114,0.04787186663834796,665,I brought home takeout.
2915,1205,11,26,112,149,1.3221476510067114,0.04973032333068207,665,I have to digest his surfboard before I eat him.
3356,1205,10,28,111,149,1.3221476510067114,0.048809940965001956,665,We won the surfing contest.
3584,1205,8,32,109,149,1.3221476510067114,0.046915039101258,665,"After he  gives me shiatsu, I'm giving him a pedicure."
6022,1205,4,40,105,149,1.3221476510067114,0.042874724577584726,665,He works on my back and I don't eat him.
5997,1205,8,32,109,149,1.3221476510067114,0.046915039101258,665,Let him finish his text.
3963,1205,11,26,112,149,1.3221476510067114,0.04973032333068207,665,"Ok fine, as long as it won’t spoil your dinner."
4013,1205,8,32,109,149,1.3221476510067114,0.046915039101258,665,He's the best ashiatsu massage therapist outside of Cancun.
4015,1205,10,28,111,149,1.3221476510067114,0.048809940965001956,665,This guy just won't get off my back - can you give him a scare?
4037,1205,7,34,108,149,1.3221476510067114,0.045938286562576126,665,It's okay. I appreciate not being stereotyped.
4102,1205,8,32,109,149,1.3221476510067114,0.046915039101258,665,"You wanted the lower torso, right?"
4223,1205,10,28,111,149,1.3221476510067114,0.048809940965001956,665,Shorts week
5709,1205,11,26,112,149,1.3221476510067114,0.04973032333068207,665,I'm bringing the food. Did you get the drinks?
4890,1205,11,26,112,149,1.3221476510067114,0.04973032333068207,665,Do you think it’s malignant?
5181,1205,8,32,109,149,1.3221476510067114,0.046915039101258,665,I’m stuffed. Would you like the other half?
5290,1205,10,28,111,149,1.3221476510067114,0.048809940965001956,665,I carry my lunch.
5294,1205,7,34,108,149,1.3221476510067114,0.045938286562576126,665,I'm doing this for Lent.
788,1205,9,30,110,149,1.3221476510067114,0.04787186663834796,665,"Eat this guy, will ya.  I can't shake him."
745,1205,11,26,112,149,1.3221476510067114,0.04973032333068207,665,"He Is Heavy, He Ain’t My Brother."
5541,1205,6,36,107,149,1.3221476510067114,0.044940309864732325,665,"I ate the last two, so the resort put me on probation."
71,1205,10,28,111,149,1.3221476510067114,0.048809940965001956,665,Its something called ride sharing.
23,1205,7,34,108,149,1.3221476510067114,0.045938286562576126,665,I told you meeting Aquaman would be a disappointment.
5627,1205,6,36,107,149,1.3221476510067114,0.044940309864732325,665,"He’s afraid of water over his head.  Sharks, not so much."
685,1205,6,36,107,149,1.3221476510067114,0.044940309864732325,665,My therapist says I need to be less reactive.
668,1235,10,33,122,165,1.3212121212121213,0.04548163765168957,665,"Join the aquarium they said,
It'll be fun they said"
3698,1235,9,35,121,165,1.3212121212121213,0.044661723359854744,665,Wait'll you see his face when he realizes he's not on a rock.
3258,1237,10,29,114,153,1.3202614379084967,0.04787682960264073,665,I'm about to give him a fish pedicure he won't ever forget.
2551,1238,10,27,110,147,1.3197278911564625,0.049209949193241884,665,Leftovers. Why do you ask?
2642,1238,5,37,105,147,1.3197278911564625,0.04422306297650223,665,I don’t have the heart to tell him.
3753,1238,10,27,110,147,1.3197278911564625,0.049209949193241884,665,"The legs are enticing, but the massage is incredible."
4282,1238,9,29,109,147,1.3197278911564625,0.04825381994708703,665,"Da dumb, da dumb, da dumb"
4382,1238,8,31,108,147,1.3197278911564625,0.047278358467382736,665,"He loves the ocean, but he can't swim."
4992,1238,6,35,106,147,1.3197278911564625,0.045264414932032815,665,I like to play with my food before eating it.
5185,1238,7,33,107,147,1.3197278911564625,0.04628234241322265,665,He thinks I'm a sandbar and it would be awkward to move now.
2459,1238,9,29,109,147,1.3197278911564625,0.04825381994708703,665,"He's all yours... I am a ""breast guy"" !"
5513,1238,8,31,108,147,1.3197278911564625,0.047278358467382736,665,This intermittent fasting is killing me.
5764,1238,6,35,106,147,1.3197278911564625,0.045264414932032815,665,"That's the deal: I let him take a selfie surfing a shark, and he lets me eat him with no fuss"
1069,1238,10,27,110,147,1.3197278911564625,0.049209949193241884,665,The lack of respect for the environment is getting out of control
840,1238,10,27,110,147,1.3197278911564625,0.049209949193241884,665,I type feet porn in to google ONE TIME and now I get this everyday.
729,1238,9,29,109,147,1.3197278911564625,0.04825381994708703,665,I don’t get it.  This massage thing is just not what it’s cracked up to be.
46,1238,11,25,111,147,1.3197278911564625,0.050147851995045616,665,On 3. 1...2...
5271,1238,7,33,107,147,1.3197278911564625,0.04628234241322265,665,Will you get this guy off my back please?
2643,1253,7,31,103,141,1.3191489361702127,0.04755325382088396,665,I’ve taken a job with Lyft!
1049,1254,8,35,117,160,1.31875,0.04466144042690841,665,Drumstick?
2161,1255,7,28,97,132,1.3181818181818181,0.049655512122314144,665,"Would you care to share my appetizer""?"
5221,1255,9,24,99,132,1.3181818181818181,0.051932559402913615,665,Cirque de Soleil. Avoid 'em--it's like chewing on a broomstick.
1804,1257,11,33,129,173,1.3179190751445087,0.04472228041451216,665,We're bartering. I get a barefoot massage. He gets to swim back to shore.
2337,1258,13,22,116,151,1.3178807947019868,0.05092596099732736,665,Did you enjoy the top half?
1699,1259,9,29,110,148,1.3175675675675675,0.047975335869860275,665,"One leg, his Instagram goes viral, and I'm the bad guy."
6235,1260,12,22,111,145,1.3172413793103448,0.05151297894321048,665,One more lawyer joke and he’s toast.
2879,1260,10,26,109,145,1.3172413793103448,0.04961870734287214,665,I Think I'm A Vegan.
1002,1260,9,28,108,145,1.3172413793103448,0.04864391717126167,665,Don’t judge me. I think we can make this relationship work.
891,1260,9,28,108,145,1.3172413793103448,0.04864391717126167,665,If he calls me Flipper one more time...
631,1260,7,32,106,145,1.3172413793103448,0.04663324775885241,665,I know you told me not to give it a name...
249,1260,10,26,109,145,1.3172413793103448,0.04961870734287214,665,"Wow, the odds of being stepped on by a human is a million to one, we should play powerball this week."
121,1260,12,22,111,145,1.3172413793103448,0.05151297894321048,665,Have you met Finn?
2883,1260,8,30,107,145,1.3172413793103448,0.047649189260170415,665,I think it's some kind of remora.  See if you can scrape it off me.
4840,1260,11,24,110,145,1.3172413793103448,0.05057471264367817,665,I could be here a while. He’s reading the Mueller Report.
2904,1260,7,32,106,145,1.3172413793103448,0.04663324775885241,665,It's my new diet.  You have to balance your food.
2733,1260,7,32,106,145,1.3172413793103448,0.04663324775885241,665,"He’s already booked me for Shark Week. And, he thinks I could be the next Jaws! So no you may not eat him."
4316,1260,8,30,107,145,1.3172413793103448,0.047649189260170415,665,He's a cousin of ours - a loan shark.
3787,1260,8,30,107,145,1.3172413793103448,0.047649189260170415,665,I promised once more around before we eat him.
3331,1260,9,28,108,145,1.3172413793103448,0.04864391717126167,665,I'll take this half to go
2313,1260,8,30,107,145,1.3172413793103448,0.047649189260170415,665,Predatory lending? I’m only charging 10% interest to keep this guy afloat.
1120,1275,9,27,106,142,1.3169014084507042,0.0493385661269934,665,I'm saving this half for brunch.
150,1275,9,27,106,142,1.3169014084507042,0.0493385661269934,665,A lot has changed since I became a vegetarian.
336,1275,9,27,106,142,1.3169014084507042,0.0493385661269934,665,I've really lost the urge since I  can't hear the theme music.
531,1275,10,25,107,142,1.3169014084507042,0.05034068164352512,665,How long have you been an Uber Shark?
1060,1275,11,23,108,142,1.3169014084507042,0.05132323400957692,665,"Yeah, I'm doing a gig now for Uber Eats."
6273,1275,8,29,105,142,1.3169014084507042,0.04831567019715917,665,He’s telling everyone that he’s a standup comic. Is there such a thing?
5834,1275,12,21,109,142,1.3169014084507042,0.052287326094081724,665,"If this doesn’t get us on the caption contest, I don’t know what will."
5697,1275,10,25,107,142,1.3169014084507042,0.05034068164352512,665,It was either this or goat yoga.
4014,1275,7,31,104,142,1.3169014084507042,0.04727064486267993,665,Can you hear his accent?   I think we’re somewhere on Oklahoma.
3375,1275,11,23,108,142,1.3169014084507042,0.05132323400957692,665,"AND TODAY'S SPECIAL APPETIZER,,HOMME."
3269,1275,8,29,105,142,1.3169014084507042,0.04831567019715917,665,"Swimming with the sharks, he calls it. To think I left a good job at Sea World for this."
3116,1275,11,23,108,142,1.3169014084507042,0.05132323400957692,665,I hate this diet...
1110,1275,9,27,106,142,1.3169014084507042,0.0493385661269934,665,I didn't believe in chiropractors either.
2806,1275,9,27,106,142,1.3169014084507042,0.0493385661269934,665,No kidding? I've never tried shiatsu.
2611,1275,4,37,101,142,1.3169014084507042,0.0439868560269141,665,It's just easier than carrying a lunch sack.
2269,1275,8,29,105,142,1.3169014084507042,0.04831567019715917,665,It's supposed to be like goat yoga.
1406,1275,9,27,106,142,1.3169014084507042,0.0493385661269934,665,The worst part is that he keeps repeating that ridiculous song.
4110,1275,10,25,107,142,1.3169014084507042,0.05034068164352512,665,I didn’t have a choice - I ate his surfboard!
3010,1275,6,33,103,142,1.3169014084507042,0.046201988538011676,665,I'd say it's a fair exchange--he scratches my back and I don't eat him.
103,1275,11,23,108,142,1.3169014084507042,0.05132323400957692,665,The surfboard was very filling.
4543,1295,7,37,117,161,1.3167701863354038,0.04354475837597791,665,More effective than hot rocks and tastes better too.
6283,1296,4,36,99,139,1.316546762589928,0.044550806895724306,665,I'm saving it for a snack attack.
3690,1297,12,26,120,158,1.3164556962025316,0.0484281740602216,665,"My ad was supposed to say ‘Wanted: Sucker Fish’, but in print it got cut off..."
5329,1298,9,29,111,149,1.3154362416107384,0.04769990567563531,665,"I told him that if he doesn’t get off my back, I’m going to eat him.  But I didn’t tell him that I’m going to him anyway."
6174,1299,7,31,105,143,1.3146853146853146,0.04699120125228247,665,What about you? Ever wanted to try paddle boarding?
4672,1299,7,31,105,143,1.3146853146853146,0.04699120125228247,665,It is proprietary. I think this idea has legs.
5097,1301,11,28,120,159,1.3144654088050314,0.047330088868561035,665,"What really irks me is that if our positions were reversed, they'd harpoon my ass."
5100,1302,11,22,107,140,1.3142857142857143,0.051777961286596924,665,I have a family to feed.
2726,1302,9,26,105,140,1.3142857142857143,0.049753466503940344,665,"When did this become a ""thing""?"
5140,1302,9,26,105,140,1.3142857142857143,0.049753466503940344,665,Who’s gonna tell him?
5236,1302,9,26,105,140,1.3142857142857143,0.049753466503940344,665,We're here for the Bar Association annual meeting.  How about you?
2422,1302,11,22,107,140,1.3142857142857143,0.051777961286596924,665,"If you don’t tell him, I won’t tell him."
2374,1302,8,28,104,140,1.3142857142857143,0.04870967569425921,665,"The ones trying to swim with us are a little more satisfying. 
Less fat, more filling."
6244,1302,5,34,101,140,1.3142857142857143,0.045434653486996934,665,"No, he's the one who needs a bigger boat."
2306,1302,7,30,103,140,1.3142857142857143,0.04764302239909952,665,He thinks he is standing on the bottom.  Watch this!
2292,1302,10,24,106,140,1.3142857142857143,0.05077580479005254,665,I had to go and attack a damn lawyer!
2222,1302,7,30,103,140,1.3142857142857143,0.04764302239909952,665,"Some fins wrong. 
I'm just not sure what."
2158,1302,7,30,103,140,1.3142857142857143,0.04764302239909952,665,I find it much more convenient to pack a lunch.
2157,1302,11,22,107,140,1.3142857142857143,0.051777961286596924,665,How do I get this monkey off my back?
2134,1302,8,28,104,140,1.3142857142857143,0.04870967569425921,665,Get ready.  These decoys really draw them in.
2046,1302,5,34,101,140,1.3142857142857143,0.045434653486996934,665,"This is why I don't come to New York anymore, it's just not a challenge here."
2013,1302,8,28,104,140,1.3142857142857143,0.04870967569425921,665,"It keeps calling me ""Dude""."
1984,1302,6,32,102,140,1.3142857142857143,0.04655193508762327,665,"I know, but he satisfies an itch."
1965,1302,12,20,108,140,1.3142857142857143,0.05276108601910254,665,"When I'm through playing, would you like breast or thigh?"
1893,1302,11,22,107,140,1.3142857142857143,0.051777961286596924,665,It's a long story.
5461,1302,8,28,104,140,1.3142857142857143,0.04870967569425921,665,I told you not to eat that surfboard
1867,1302,8,28,104,140,1.3142857142857143,0.04870967569425921,665,And you get a snack after the back rub.
2885,1302,8,28,104,140,1.3142857142857143,0.04870967569425921,665,He thinks he’s swimming with dolphins.
3087,1302,8,28,104,140,1.3142857142857143,0.04870967569425921,665,No thanks I have my own lunch.
3118,1302,8,28,104,140,1.3142857142857143,0.04870967569425921,665,Market price is $8.99/lb.
3156,1302,7,30,103,140,1.3142857142857143,0.04764302239909952,665,"Yes, Steve, I do know this looks bad, and no, I do not have a plan to resolve this amicably."
5736,1302,10,24,106,140,1.3142857142857143,0.05077580479005254,665,I'm just not into him
5775,1302,8,28,104,140,1.3142857142857143,0.04870967569425921,665,These millennial snorkelers are awfully entitled.
4778,1302,9,26,105,140,1.3142857142857143,0.049753466503940344,665,And I  had to pick this week to go vegan!
4766,1302,6,32,102,140,1.3142857142857143,0.04655193508762327,665,"It just pee`d on me. 
What do I do?
WHAT DO I DO?!"
5818,1302,9,26,105,140,1.3142857142857143,0.049753466503940344,665,"Packing my own lunch is a chore, but nothing beats eating locals."
4565,1302,9,26,105,140,1.3142857142857143,0.049753466503940344,665,This all started with those @#&* dolphins.
4366,1302,9,26,105,140,1.3142857142857143,0.049753466503940344,665,Your order is here.
4335,1302,7,30,103,140,1.3142857142857143,0.04764302239909952,665,And the bottom half makes a one-of-a-kind hat.
4127,1302,7,30,103,140,1.3142857142857143,0.04764302239909952,665,I'm his Uber diver.
5693,1302,11,22,107,140,1.3142857142857143,0.051777961286596924,665,Should I let him finish his hot dog first?
4029,1302,8,28,104,140,1.3142857142857143,0.04870967569425921,665,But I did get the better half!
5127,1302,12,20,108,140,1.3142857142857143,0.05276108601910254,665,"I had the top half for lunch, the bottom half I'm saving for supper."
3866,1302,8,28,104,140,1.3142857142857143,0.04870967569425921,665,Wanna see me flip him into my mouth whole? The look of fear and surprise is delightful.
3769,1302,13,18,109,140,1.3142857142857143,0.05372622377232505,665,They get a tad mealy if you just let 'em drown.
3551,1302,9,26,105,140,1.3142857142857143,0.049753466503940344,665,I knew I it was a mistake to go Vegan.
3546,1302,8,28,104,140,1.3142857142857143,0.04870967569425921,665,Some days being a vegan is harder than others.
5866,1302,6,32,102,140,1.3142857142857143,0.04655193508762327,665,"Well, Darren, maybe this is my happy place."
5959,1302,10,24,106,140,1.3142857142857143,0.05077580479005254,665,I owe him. I ate his ex-wife.
1853,1302,13,18,109,140,1.3142857142857143,0.05372622377232505,665,He wants me to swim near the surface so he can impress some chick Mary Magdalene...
6128,1302,11,22,107,140,1.3142857142857143,0.051777961286596924,665,"On the count of three, let’s grab lunch."
3889,1302,7,30,103,140,1.3142857142857143,0.04764302239909952,665,Does this thing make my dorsal fin look weird?
1723,1302,7,30,103,140,1.3142857142857143,0.04764302239909952,665,"It’s leftovers, I ate the other half last night."
5685,1302,4,36,100,140,1.3142857142857143,0.044289195235008225,665,"It's called ""delayed gratification""."
1536,1302,6,32,102,140,1.3142857142857143,0.04655193508762327,665,"Shark surfing, apparently it's a thing."
1646,1302,5,34,101,140,1.3142857142857143,0.045434653486996934,665,"Ok, stop messing with me . You seriously don’t see anything at all on my back?  I sure as heck feel something"
6306,1302,11,22,107,140,1.3142857142857143,0.051777961286596924,665,I just couldn't. It's Bobby Darin.
171,1302,9,26,105,140,1.3142857142857143,0.049753466503940344,665,Tell them you're a vegetarian and they think they can walk all over you.
185,1302,7,30,103,140,1.3142857142857143,0.04764302239909952,665,Why does stupid taste so good?
248,1302,10,24,106,140,1.3142857142857143,0.05077580479005254,665,What odd growth? I don’t feel anything.
380,1302,6,32,102,140,1.3142857142857143,0.04655193508762327,665,I ordered it to go.
396,1302,8,28,104,140,1.3142857142857143,0.04870967569425921,665,Just toying with him before my dinner
455,1302,8,28,104,140,1.3142857142857143,0.04870967569425921,665,He thinks I am an Uber
313,1302,9,26,105,140,1.3142857142857143,0.049753466503940344,665,I thought we'd get take out and watch a movie.
521,1302,6,32,102,140,1.3142857142857143,0.04655193508762327,665,"Since I started seeing him three times a week, my neck is 100% better."
610,1302,8,28,104,140,1.3142857142857143,0.04870967569425921,665,"Look...I did not go vegan because it was going to be easy, Walter!"
865,1302,4,36,100,140,1.3142857142857143,0.044289195235008225,665,I just don't have the heart to tell him he's in too deep.
896,1302,8,28,104,140,1.3142857142857143,0.04870967569425921,665,This will keep it fresh until we get home and eat.
1034,1302,12,20,108,140,1.3142857142857143,0.05276108601910254,665,He thinks he's safe on a rock; I'm saving him for our family frenzy at suppertime.
1075,1302,8,28,104,140,1.3142857142857143,0.04870967569425921,665,"Yeah, it's kinda like uber."
5538,1302,10,24,106,140,1.3142857142857143,0.05077580479005254,665,Legs or thighs?
512,1302,9,26,105,140,1.3142857142857143,0.049753466503940344,665,I just picked up dinner.
1474,1302,7,30,103,140,1.3142857142857143,0.04764302239909952,665,"Okay, yes I'm using a decoy. Some of us are not as fast as we used to be."
4176,1368,7,33,110,150,1.3133333333333332,0.04550159587797121,665,It was a typo-the email said “shark attach”.
2252,1369,6,34,107,147,1.3129251700680271,0.04507494984134362,665,Please tell me it's lunchtime.
3221,1370,10,31,122,163,1.312883435582822,0.045656174641146144,665,Grab one and make a wish.
4477,1371,10,25,109,144,1.3125,0.0497358504240635,665,This guy figures he's a shoo-in for the 2019 Darwin Award.
461,1372,9,31,117,157,1.3121019108280254,0.04594757252133935,665,I find them really useful as bait.
6051,1373,7,30,104,141,1.3120567375886525,0.04735640779209921,665,Airbnb. The wife's idea.
2504,1373,8,28,105,141,1.3120567375886525,0.048414321037946136,665,They call it shark pilates.
5950,1373,13,18,110,141,1.3120567375886525,0.05339037454948135,665,I think of it as the massage lunch package.
3692,1373,13,18,110,141,1.3120567375886525,0.05339037454948135,665,Says he's a shark spotter
5254,1373,9,26,106,141,1.3120567375886525,0.04944960671389644,665,Did you order Grubhub?
3428,1373,8,28,105,141,1.3120567375886525,0.048414321037946136,665,He said his name is Fonzie and he's just doing it for the ratings.
1567,1373,8,28,105,141,1.3120567375886525,0.048414321037946136,665,He keeps calling me Flipper. I'm playing along until lunchtime.
34,1373,13,18,110,141,1.3120567375886525,0.05339037454948135,665,"It's BYOB, right?"
1437,1373,10,24,107,141,1.3120567375886525,0.050463657484894515,665,"It's symbiotic, he's promised not to turn my fins into soup."
5595,1373,8,28,105,141,1.3120567375886525,0.048414321037946136,665,You know the one about the scorpion and the frog?
2722,1383,7,29,102,138,1.3115942028985508,0.04802314914575139,665,"Ah, ha, ha, I fooled you!   This is the bottom half of the guy I bit in two off Florida!"
3084,1383,7,29,102,138,1.3115942028985508,0.04802314914575139,665,port-a-snack
2034,1383,9,25,104,138,1.3115942028985508,0.05017764342283398,665,I thought I’d try an edible back massager
1919,1383,11,21,106,138,1.3115942028985508,0.05224336268908296,665,I just hate those skinny bones stuck in my throat.
1864,1383,7,29,102,138,1.3115942028985508,0.04802314914575139,665,I’m working on my instant gratification issues
1580,1383,11,21,106,138,1.3115942028985508,0.05224336268908296,665,"Yes, Modell, I am going to eat it. If you want a piece, just ask!"
1337,1383,6,31,101,138,1.3115942028985508,0.04690880867255197,665,"Got drunk, lost a bet, its hell..."
1325,1383,7,29,102,138,1.3115942028985508,0.04802314914575139,665,Dinner is served Madam.
1263,1383,5,33,100,138,1.3115942028985508,0.04576734434376864,665,You’re holding up dinner.
867,1383,7,29,102,138,1.3115942028985508,0.04802314914575139,665,"He’s right on top of me, isn’t he?"
3101,1383,9,25,104,138,1.3115942028985508,0.05017764342283398,665,"He knows it's dangerous, but sometimes the only way to keep your head above water is a loan shark."
3131,1383,9,25,104,138,1.3115942028985508,0.05017764342283398,665,Will you judge me if I drop him?
1786,1383,7,29,102,138,1.3115942028985508,0.04802314914575139,665,I think he’s got a career in stand-up.
4976,1383,8,27,103,138,1.3115942028985508,0.049112212093043395,665,"It's an eatable back scratcher"""
4068,1383,12,19,107,138,1.3115942028985508,0.05324617796480852,665,I'm rethinking this Uber gig.
3347,1383,7,29,102,138,1.3115942028985508,0.04802314914575139,665,Please don't eat him. My back has never felt so good.
2784,1383,7,29,102,138,1.3115942028985508,0.04802314914575139,665,"Lenny, you do realize they can see through the tank... right?"
5577,1383,8,27,103,138,1.3115942028985508,0.049112212093043395,665,Half a billion years old and the planet’s most vicious predator - where’s the respect?
4704,1383,10,23,105,138,1.3115942028985508,0.05122091781944237,665,Not happy about this gig economy I find myself in.
5759,1383,6,31,101,138,1.3115942028985508,0.04690880867255197,665,"I just like the way it feels, okay ?"
5779,1383,11,21,106,138,1.3115942028985508,0.05224336268908296,665,Looks like someone is getting excited for People Week...
4656,1383,9,25,104,138,1.3115942028985508,0.05017764342283398,665,If I don't carry a snack for the kids I can't even get them out of the bay
5900,1383,9,25,104,138,1.3115942028985508,0.05017764342283398,665,"If I hear ""nice hat!"" one more time..."
6020,1383,4,35,99,138,1.3115942028985508,0.04459667348002646,665,"Go ahead, I had a late lunch."
6064,1383,6,31,101,138,1.3115942028985508,0.04690880867255197,665,"If he thinks he’s on a surfboard, he’s in for a big surprise!!"
6096,1383,6,31,101,138,1.3115942028985508,0.04690880867255197,665,Compliments of the Chef
6156,1383,7,29,102,138,1.3115942028985508,0.04802314914575139,665,Because they taste better when they're really fresh.
4511,1383,7,29,102,138,1.3115942028985508,0.04802314914575139,665,I ate his paddle board by mistake and now I feel sorry for him.
3050,1383,8,27,103,138,1.3115942028985508,0.049112212093043395,665,"Yeah, I'm hungry... but where's the sport in it?"
3527,1383,10,23,105,138,1.3115942028985508,0.05122091781944237,665,"Yes, I am saving it for later."
3568,1383,8,27,103,138,1.3115942028985508,0.049112212093043395,665,"I joined Uber's new water program. If I don't get five stars, I eat him."
3609,1383,9,25,104,138,1.3115942028985508,0.05017764342283398,665,"You've heard of the marshmallow test?  If I wait, a second one will come along and I can eat both of them."
3709,1383,5,33,100,138,1.3115942028985508,0.04576734434376864,665,"I’d dump him, but turns out he does wonders for my sciatica."
4507,1383,8,27,103,138,1.3115942028985508,0.049112212093043395,665,Can we get fined for chumming?
4783,1383,10,23,105,138,1.3115942028985508,0.05122091781944237,665,Marco?
4121,1383,11,21,106,138,1.3115942028985508,0.05224336268908296,665,“I know it’s a mannequin. I’m fishing for lifeguards.”
848,1419,11,26,118,155,1.3096774193548386,0.04806062183552926,665,I wish he'd stuck with goat yoga.
5029,1420,11,21,107,139,1.3093525179856116,0.051914570215880106,665,Hungry for some surf 'n' turf?
4566,1420,8,27,104,139,1.3093525179856116,0.04880911141409572,665,I'm evolving.
4051,1420,6,31,102,139,1.3093525179856116,0.046624033801495386,665,I thought you said it was a potluck.
1686,1423,9,24,103,136,1.3088235294117647,0.050611409800550226,665,"I think can we can take the mixed doubles water ballet title, if I can control my appetite."
318,1423,9,24,103,136,1.3088235294117647,0.050611409800550226,665,Time to let him know I'm not a dolphin.
576,1423,8,26,102,136,1.3088235294117647,0.0495235533875104,665,"He's free-range, humanely raised, and non-GMO."
546,1423,8,26,102,136,1.3088235294117647,0.0495235533875104,665,My nutritionist told me I needed to balance my diet
1311,1423,8,26,102,136,1.3088235294117647,0.0495235533875104,665,Do you want to break it to him...or should I?
1713,1423,5,32,99,136,1.3088235294117647,0.046106235527363086,665,"Some of these guys, it's like they don't even want to be eaten!"
1251,1423,6,30,100,136,1.3088235294117647,0.047272797848004686,665,I like to start with a false sense of security!
954,1423,6,30,100,136,1.3088235294117647,0.047272797848004686,665,"My shrink is calling it ""exposure therapy""."
608,1423,5,32,99,136,1.3088235294117647,0.046106235527363086,665,I told you that it was all over when they started with that swimming with the dolphins thing.
1249,1423,8,26,102,136,1.3088235294117647,0.0495235533875104,665,"He's heavy, but he's a great decoy."
3004,1423,7,28,101,136,1.3088235294117647,0.04841125776358175,665,Dibs on the crunchy part.
4650,1423,9,24,103,136,1.3088235294117647,0.050611409800550226,665,I think they’re taking this “apex predator” thing a little too far.
1202,1423,6,30,100,136,1.3088235294117647,0.047272797848004686,665,It's symbiotic for now. I'm not making any promises.
4485,1423,8,26,102,136,1.3088235294117647,0.0495235533875104,665,Did you order takeout?
4305,1423,5,32,99,136,1.3088235294117647,0.046106235527363086,665,This one's O.K. The last guy was wearing cleats.
3675,1423,4,34,98,136,1.3088235294117647,0.04490938089788189,665,"We made a deal.....I get a back rub, and he gets to live."
2629,1423,8,26,102,136,1.3088235294117647,0.0495235533875104,665,It's only humiliating if you don't eat him afterwards.
4939,1423,8,26,102,136,1.3088235294117647,0.0495235533875104,665,"We make a wish, and then we each grab an end…"
5317,1423,6,30,100,136,1.3088235294117647,0.047272797848004686,665,"I know, but they're even more delicious if they bake in the sun for a few minutes until they're well done."
3542,1423,10,22,104,136,1.3088235294117647,0.051676370459552104,665,He made a bet that he could walk on water. I get a cut if he wins.
5548,1423,7,28,101,136,1.3088235294117647,0.04841125776358175,665,I'm just giving him a lift before I have a bite to eat.
5714,1423,9,24,103,136,1.3088235294117647,0.050611409800550226,665,"When I go low, you go high."
5848,1423,8,26,102,136,1.3088235294117647,0.0495235533875104,665,I’ve found that strapping a lawyer on my back scares more swimmers than my fin alone.
3505,1423,6,30,100,136,1.3088235294117647,0.047272797848004686,665,I hate it when lawyers go on vacation and think they’re one of us.
6256,1423,5,32,99,136,1.3088235294117647,0.046106235527363086,665,"I have to swim constantly anyway, so really the new gig economy is working for me."
3594,1423,8,26,102,136,1.3088235294117647,0.0495235533875104,665,They pee on us every day and then wonder why we’re so mean.
5026,1423,11,20,105,136,1.3088235294117647,0.05271982289183555,665,Here you go. Thanks for calling GrubHub.
1481,1450,7,31,108,146,1.3082191780821917,0.04617138442827639,665,I suppose he thinks I'm a dolphin.
3926,1451,9,31,119,159,1.3081761006289307,0.045452098780404,665,I might be hungry later.
4971,1452,7,34,115,156,1.3076923076923077,0.044196142089909636,665,Bad hair day
3241,1453,9,25,106,140,1.3071428571428572,0.0495575786783754,665,It's all I can get after that Katy Perry gig.
4760,1453,7,29,104,140,1.3071428571428572,0.047438420701218044,665,Standing room only.
4871,1453,10,23,107,140,1.3071428571428572,0.05058387616011822,665,When do we let him know he's not standing on a rock?
4892,1453,10,23,107,140,1.3071428571428572,0.05058387616011822,665,This joker thinks he’s standing on a sandbar!  Ya hungry?
4324,1457,6,34,110,150,1.3066666666666666,0.04431599634096886,665,"In the good old days, it was an albatross around the neck."
3503,1458,7,28,102,137,1.3065693430656935,0.04810943116997928,665,There's this great new takeout place down the coast.
5371,1458,13,16,108,137,1.3065693430656935,0.05439274408626231,665,I’m a pacifist.
770,1458,6,30,101,137,1.3065693430656935,0.04698058280335823,665,Say what you will about chiropractors...
1464,1461,7,27,100,134,1.3059701492537314,0.048807588230415234,665,He insists; just because I ate his surfboard by mistake.
1244,1461,8,25,101,134,1.3059701492537314,0.049943983816910474,665,I'm not very hungry.
1206,1461,9,23,102,134,1.3059701492537314,0.05105509152021827,665,Some guy named Steven Spielberg.
1133,1461,5,31,98,134,1.3059701492537314,0.046451468949880066,665,Welcome to Sea World.
1131,1461,8,25,101,134,1.3059701492537314,0.049943983816910474,665,"Hey honey, there was too much to eat at the party so I brought you some leftovers."
1011,1461,7,27,100,134,1.3059701492537314,0.048807588230415234,665,"You ordered, lunch?"
936,1461,5,31,98,134,1.3059701492537314,0.046451468949880066,665,He thinks he's on a sandbar. Watch me introduce some sharp shells.
897,1461,5,31,98,134,1.3059701492537314,0.046451468949880066,665,I'm saving this half for lunch tomorrow.
1487,1461,8,25,101,134,1.3059701492537314,0.049943983816910474,665,"Humans, always looking out for danger when it's right under their feet."
1401,1461,8,25,101,134,1.3059701492537314,0.049943983816910474,665,Yes I’m giving him a ride. You’ve never heard of SCUBER?
2230,1461,10,21,103,134,1.3059701492537314,0.05214252794765432,665,Play it cool. It's for his PETA campaign against Shark fin soup.
1521,1461,7,27,100,134,1.3059701492537314,0.048807588230415234,665,"If you think this looks bad, stick your head up and get a look at the other half"
3746,1461,6,29,99,134,1.3059701492537314,0.047644095313435435,665,"Hey, honey. Want to split a dessert?"
3992,1461,5,31,98,134,1.3059701492537314,0.046451468949880066,665,I got a summer job as a surfboard.
3448,1461,6,29,99,134,1.3059701492537314,0.047644095313435435,665,It's the least I could offer after eating his surfboard.
3414,1461,7,27,100,134,1.3059701492537314,0.048807588230415234,665,Do me a favor and eat this guy off my back
3394,1461,7,27,100,134,1.3059701492537314,0.048807588230415234,665,"No, I'm on this 30 day cleanse now."
3380,1461,10,21,103,134,1.3059701492537314,0.05214252794765432,665,"I’d eat this guy, but I’m still full from  those plastic bags."
3290,1461,7,27,100,134,1.3059701492537314,0.048807588230415234,665,"So, I get this sonar call, I show up at some spot, someone climbs aboard and off we go."
3252,1461,9,23,102,134,1.3059701492537314,0.05105509152021827,665,I'm picking up  a few extra bucks working for Uber.
3218,1461,8,25,101,134,1.3059701492537314,0.049943983816910474,665,"You ordered the ‘Businessman Express’ lunch, Sir?"
3068,1461,9,23,102,134,1.3059701492537314,0.05105509152021827,665,He failed to jump the shark.
4002,1461,8,25,101,134,1.3059701492537314,0.049943983816910474,665,"Once you get past the temptation, it's actually really good for your core."
3000,1461,6,29,99,134,1.3059701492537314,0.047644095313435435,665,It’s too easy!
2846,1461,9,23,102,134,1.3059701492537314,0.05105509152021827,665,I was full; I'm planning to finish it later on.
2841,1461,6,29,99,134,1.3059701492537314,0.047644095313435435,665,I hear it’s good for your core.
2746,1461,8,25,101,134,1.3059701492537314,0.049943983816910474,665,Global warming is bringing them out earlier in the season.
2661,1461,9,23,102,134,1.3059701492537314,0.05105509152021827,665,"I know, but he's nice and I'm so done with being dangerous."
2655,1461,9,23,102,134,1.3059701492537314,0.05105509152021827,665,"Catch up, dude. The fin thing is a dead give away."
4217,1461,8,25,101,134,1.3059701492537314,0.049943983816910474,665,I'm so full. Do you want the bottom half?
1659,1461,6,29,99,134,1.3059701492537314,0.047644095313435435,665,They call it shark surfing.  I call it playing with my food.
1696,1461,8,25,101,134,1.3059701492537314,0.049943983816910474,665,"he's telling them all to come on in, I'm serving in 5 minutes."
1727,1461,4,33,97,134,1.3059701492537314,0.045227404490724696,665,Call it! Heads or tails?
1767,1461,9,23,102,134,1.3059701492537314,0.05105509152021827,665,No one told me becoming vegan would lead to this!
1769,1461,8,25,101,134,1.3059701492537314,0.049943983816910474,665,I can't.  We've bonded.
1512,1461,8,25,101,134,1.3059701492537314,0.049943983816910474,665,Please tell me you like white meat.
1886,1461,8,25,101,134,1.3059701492537314,0.049943983816910474,665,"I was saving him for later, but I'm hungry now.  Want a bite?"
2060,1461,7,27,100,134,1.3059701492537314,0.048807588230415234,665,It’s the takeout half off meal deal.
2094,1461,8,25,101,134,1.3059701492537314,0.049943983816910474,665,I signed on with Uber.
2199,1461,7,27,100,134,1.3059701492537314,0.048807588230415234,665,"I know what it looks like, but it’s been great for my back pain!"
863,1461,7,27,100,134,1.3059701492537314,0.048807588230415234,665,Do you prefer him over easy or sunny-side up?
4138,1461,10,21,103,134,1.3059701492537314,0.05214252794765432,665,So... What do you think?  Should we get him now or save him for later?
2554,1461,7,27,100,134,1.3059701492537314,0.048807588230415234,665,"Get ready.  I heard him call out ""C'mon everybody.  The water feels great!"""
1976,1461,10,21,103,134,1.3059701492537314,0.05214252794765432,665,"I know it’s a cliché, but yes, he’s a lawyer."
802,1461,9,23,102,134,1.3059701492537314,0.05105509152021827,665,Welcome to Sea World. It will all make sense after a while.
5251,1461,9,23,102,134,1.3059701492537314,0.05105509152021827,665,"I've got the entree"""
703,1461,8,25,101,134,1.3059701492537314,0.049943983816910474,665,So what are YOU bringing to Terry's pot-luck dinner?
5169,1461,9,23,102,134,1.3059701492537314,0.05105509152021827,665,Another consequence of global warming:  a dorsal Finn.
768,1461,7,27,100,134,1.3059701492537314,0.048807588230415234,665,I had just eaten and he asked me nicely.
5343,1461,6,29,99,134,1.3059701492537314,0.047644095313435435,665,I am beginning to rethink this Uber gig.
5412,1461,9,23,102,134,1.3059701492537314,0.05105509152021827,665,You'll have to talk to the man upstairs.
5470,1461,7,27,100,134,1.3059701492537314,0.048807588230415234,665,"""The dolphin mask worked like a charm."""
5510,1461,11,19,104,134,1.3059701492537314,0.05320774446831927,665,"Don't judge me, bro... everyone's side gig is Uber"
5645,1461,8,25,101,134,1.3059701492537314,0.049943983816910474,665,He doesn’t understand what jumping the shark really means!
5778,1461,8,25,101,134,1.3059701492537314,0.049943983816910474,665,I was told to bring lunch.
5880,1461,9,23,102,134,1.3059701492537314,0.05105509152021827,665,"No, Frank, you can't ""borrow"" my emotional support animal."
6034,1461,9,23,102,134,1.3059701492537314,0.05105509152021827,665,"I hope you don't mind, we're having take-out tonight."
6067,1461,7,27,100,134,1.3059701492537314,0.048807588230415234,665,He likes a cigarette after we have sex.
6073,1461,7,27,100,134,1.3059701492537314,0.048807588230415234,665,First I must gain his trust.
6105,1461,6,29,99,134,1.3059701492537314,0.047644095313435435,665,They think he's standing on a sandbar.
6259,1461,8,25,101,134,1.3059701492537314,0.049943983816910474,665,Hold still. The wife is meatier.
3757,1461,10,21,103,134,1.3059701492537314,0.05214252794765432,665,Professional courtesy. He’s a member of the bar.
5121,1461,9,23,102,134,1.3059701492537314,0.05105509152021827,665,"He’s my emotional support pet, or if that doesn’t help, a midday snack."
5071,1461,6,29,99,134,1.3059701492537314,0.047644095313435435,665,Your delivery of a gluten free dinner
5176,1461,7,27,100,134,1.3059701492537314,0.048807588230415234,665,His Uber rating is a 4.7
4981,1461,6,29,99,134,1.3059701492537314,0.047644095313435435,665,"Thanks,but I brought my lunch today."
653,1461,7,27,100,134,1.3059701492537314,0.048807588230415234,665,"No, I haven't seen Jaws. Why do you ask?"
632,1461,8,25,101,134,1.3059701492537314,0.049943983816910474,665,I am bringing supper over to the new shark family that just moved in across the bay
558,1461,7,27,100,134,1.3059701492537314,0.048807588230415234,665,Tell me I’m not hallucinating.
4982,1461,6,29,99,134,1.3059701492537314,0.047644095313435435,665,You know what’s been on my mind lately?
4298,1461,7,27,100,134,1.3059701492537314,0.048807588230415234,665,I might as well come out and admit it. I feel that I 'm a dolphin.
203,1461,6,29,99,134,1.3059701492537314,0.047644095313435435,665,Please don't eat my massage therapist!
188,1461,8,25,101,134,1.3059701492537314,0.049943983816910474,665,"He tells everyone he's the ""great white one""."
4365,1461,9,23,102,134,1.3059701492537314,0.05105509152021827,665,I was going to eat him but my back is really feeling the benefit.
460,1461,6,29,99,134,1.3059701492537314,0.047644095313435435,665,When should we tell him that he's not on a sandbar?
4698,1461,6,29,99,134,1.3059701492537314,0.047644095313435435,665,I'm stuffed. You want leftovers?
4436,1461,9,23,102,134,1.3059701492537314,0.05105509152021827,665,"I'm only eating locally sourced. This guy was flown in from DesMoines."""
4974,1461,6,29,99,134,1.3059701492537314,0.047644095313435435,665,He's not heavy. He's my brother up the food chain.
3981,1461,4,33,97,134,1.3059701492537314,0.045227404490724696,665,"I know this looks bad, but I'm just not hungry, okay?"
4725,1461,8,25,101,134,1.3059701492537314,0.049943983816910474,665,"If you don’t attack first, they think they can just walk all over you."
4797,1461,10,21,103,134,1.3059701492537314,0.05214252794765432,665,If I stop swimming his shorts fall down.
5409,1542,10,26,115,151,1.304635761589404,0.047908464490531356,665,"Actually, I think I prefer Rolfing."
4047,1543,7,28,103,138,1.3043478260869565,0.04781117835006826,665,"Who takes ""Jumping the shark"" literally?"
3192,1543,7,28,103,138,1.3043478260869565,0.04781117835006826,665,I call it lifeguard bating.
2953,1543,14,14,110,138,1.3043478260869565,0.05501285699544249,665,Wanna a Bite?
2040,1543,11,20,107,138,1.3043478260869565,0.05204858179057349,665,"His feet feel really nice on my back, but I also want to eat him."
5532,1547,8,25,102,135,1.3037037037037038,0.04962443146626282,665,"They`re featuring me in a nature film - ""When Fish Had Feet""."
3828,1547,9,23,103,135,1.3037037037037038,0.05072615220833686,665,It's either this or extinction.
2759,1547,7,27,101,135,1.3037037037037038,0.048497689417499795,665,A balanced diet is always best!
2402,1547,9,23,103,135,1.3037037037037038,0.05072615220833686,665,Grab the other leg and let's make a wish.
1572,1547,12,17,106,135,1.3037037037037038,0.05389635865625793,665,"He's too skinny.  I'm taking him back to shore.""
Michael Rogness, St. Paul, MN"
1349,1547,8,25,102,135,1.3037037037037038,0.04962443146626282,665,It’s less conspicuous than when my dorsal fin sticks out of the water.
1631,1547,10,21,104,135,1.3037037037037038,0.05180444804625277,665,"Lawyers are taking this professional-courtesy thing to a whole other level."""
3341,1554,9,26,110,145,1.303448275862069,0.04826901976688751,665,His chiropractic technique is simply delicious!
3597,1555,7,26,99,132,1.303030303030303,0.049212387857098486,665,I’ve had it up my neck with bloody tourists!
3412,1555,8,24,100,132,1.303030303030303,0.05037379814547864,665,"Feels like remora, tastes like chicken."
3144,1555,4,32,96,132,1.303030303030303,0.045550827166865995,665,I’m lulling him into a false sense of security.
3034,1555,11,18,103,132,1.303030303030303,0.05370754884197588,665,Are you hungry for schmuck?
2897,1555,7,26,99,132,1.303030303030303,0.049212387857098486,665,Where the hell have you been? My shift's been over for 5 minutes.
2628,1555,7,26,99,132,1.303030303030303,0.049212387857098486,665,You had to choose NOW to suggest that we become Pescatarians?!
2556,1555,9,22,101,132,1.303030303030303,0.05150902795244111,665,"That disguise is not going to fool any of the swimmers, Sal."
1262,1555,7,26,99,132,1.303030303030303,0.049212387857098486,665,Why do I always have to carry the decoy?
3603,1555,7,26,99,132,1.303030303030303,0.049212387857098486,665,Would you like fries with that?
534,1555,8,24,100,132,1.303030303030303,0.05037379814547864,665,Make a wish.
1016,1555,7,26,99,132,1.303030303030303,0.049212387857098486,665,I only eat them if they don’t tip.
1009,1555,7,26,99,132,1.303030303030303,0.049212387857098486,665,Give these humans an inch and they walk all over you.
901,1555,6,28,98,132,1.303030303030303,0.04802289763845537,665,I’m more of a leg and butt shark.
767,1555,8,24,100,132,1.303030303030303,0.05037379814547864,665,"This one is yours, the last one gave me heartburn."
758,1555,5,30,97,132,1.303030303030303,0.04680318660721329,665,"Here's your dinner dear.
 You did say you wanted white meat meat, right?"
736,1555,10,20,102,132,1.303030303030303,0.05261977177458386,665,"Dinner, ma'am , freshly served."
572,1555,6,28,98,132,1.303030303030303,0.04802289763845537,665,Better than any pilot fish.  He's a professional pilot.
570,1555,4,32,96,132,1.303030303030303,0.045550827166865995,665,Are you sick of white meat?
1079,1555,5,30,97,132,1.303030303030303,0.04680318660721329,665,He ain't heavy he's my dinner.
1227,1555,5,30,97,132,1.303030303030303,0.04680318660721329,665,"So then he looks at his cellphone and says, ""You must be my Uber Fish."""
6004,1555,6,28,98,132,1.303030303030303,0.04802289763845537,665,"I hope you didn't cook, I brought take-out.""

David and Miriam, Pacifica, C"
3937,1555,9,22,101,132,1.303030303030303,0.05150902795244111,665,I hate being vegan....
5702,1555,9,22,101,132,1.303030303030303,0.05150902795244111,665,This new workplace tolerance training is so humiliating.
5553,1555,6,28,98,132,1.303030303030303,0.04802289763845537,665,You want to split an appetizer?
5537,1555,6,28,98,132,1.303030303030303,0.04802289763845537,665,I'm gonna count to three...
5410,1555,10,20,102,132,1.303030303030303,0.05261977177458386,665,So I guess now I'm a HammerToe Shark?
5187,1555,7,26,99,132,1.303030303030303,0.049212387857098486,665,I like to save the bottom half for dessert.
5149,1555,6,28,98,132,1.303030303030303,0.04802289763845537,665,"Not only that, he's spinning a hula hoop."
5087,1555,10,20,102,132,1.303030303030303,0.05261977177458386,665,... because he thinks I'm a dolphin. You hungry?
5022,1555,6,28,98,132,1.303030303030303,0.04802289763845537,665,I'm going to let him marinate for another 20 minutes.
4845,1555,9,22,101,132,1.303030303030303,0.05150902795244111,665,I told the sucker I work for Uber. Now hurry home and tell the kids dinner's almost here.
4821,1555,8,24,100,132,1.303030303030303,0.05037379814547864,665,"You're about to witness, ""The Ultimate Wedgie!"""
4785,1555,6,28,98,132,1.303030303030303,0.04802289763845537,665,For once I'd like to see how the other half lives.
4707,1555,9,22,101,132,1.303030303030303,0.05150902795244111,665,"Morty, be honest.... does this pair of human legs make me look fat?"
5873,1555,4,32,96,132,1.303030303030303,0.045550827166865995,665,"I wasn't really hungry when I found him, so I figure I'll save him for later."
4246,1555,8,24,100,132,1.303030303030303,0.05037379814547864,665,Manna from heaven.
4213,1555,8,24,100,132,1.303030303030303,0.05037379814547864,665,Of course he's an attorney.
4140,1555,5,30,97,132,1.303030303030303,0.04680318660721329,665,It's the latest thing in evolution - my own decoy!
5947,1555,4,32,96,132,1.303030303030303,0.045550827166865995,665,"The money is not great, but it's a job."
4079,1555,6,28,98,132,1.303030303030303,0.04802289763845537,665,I found him first.
4006,1555,7,26,99,132,1.303030303030303,0.049212387857098486,665,It feels so good when he wiggles his toes.
5704,1555,8,24,100,132,1.303030303030303,0.05037379814547864,665,I decided to go with Lyft.
507,1555,8,24,100,132,1.303030303030303,0.05037379814547864,665,What? Do I have food on my face?
5816,1555,12,16,104,132,1.303030303030303,0.054773727494275545,665,Goat yoga is for sissies.
330,1555,4,32,96,132,1.303030303030303,0.045550827166865995,665,Heads he's mine. Tails he's yours.
183,1555,6,28,98,132,1.303030303030303,0.04802289763845537,665,I call it Farm-to-table.
178,1555,7,26,99,132,1.303030303030303,0.049212387857098486,665,"I feel sorry for him, he can't swim!"
54,1555,10,20,102,132,1.303030303030303,0.05261977177458386,665,I'm playing a long game.
437,1555,3,34,95,132,1.303030303030303,0.04426304818448188,665,I'm saving him for dinner.
3582,1555,7,36,122,165,1.303030303030303,0.042487546476998005,665,Don’t tell him!
3779,1605,8,29,112,149,1.3020134228187918,0.04636691690987549,665,One lousy surfer and I get 300 hours of community service.
1101,1605,5,35,109,149,1.3020134228187918,0.04333366842335972,665,"Dude gives me a back massage and I don’t eat him, fair deal?"
2461,1607,12,24,123,159,1.3018867924528301,0.04784564800532318,665,"Its a symbiotic relationship, he gets to swim without getting tired and I get to eat him when he's done."
498,1608,8,22,96,126,1.3015873015873016,0.051970493789666346,665,This is my friend Larry. He’s not much of a swimmer.”
4249,1608,8,22,96,126,1.3015873015873016,0.051970493789666346,665,"Hi, I have an Uber Eats order for Bruce"
6195,1608,9,20,97,126,1.3015873015873016,0.05317815671613557,665,The gig economy has its ups and downs.
3648,1611,7,27,102,136,1.3014705882352942,0.04819153522836019,665,My headache's gone.
30,1611,8,25,103,136,1.3014705882352942,0.04930878754887327,665,Can I get back with you? I'm going to lunch.
2594,1613,9,22,102,133,1.300751879699248,0.051171024324946184,665,It's not my fault you ate your chiropractor.
6194,1613,7,26,100,133,1.300751879699248,0.04889408345964512,665,Working for Uber Eats has really helped pay down my student loan debt.
4297,1613,7,26,100,133,1.300751879699248,0.04889408345964512,665,"He asked for a ride once, and now it's, like, every day!"
529,1616,8,30,115,153,1.3006535947712419,0.04551143393936879,665,Tell me the truth: have I gained weight?
6007,1617,6,27,97,130,1.3,0.048409404902408866,665,"Don't ask, he's paying me."
5646,1617,6,27,97,130,1.3,0.048409404902408866,665,"Please don’t eat my therapy human this time, Steve."
5580,1617,7,25,98,130,1.3,0.04962591124989274,665,They tell me I'm part of the cutting edge of surfing.
5552,1617,6,27,97,130,1.3,0.048409404902408866,665,"Grubhub. I was tired."""
5227,1617,8,23,99,130,1.3,0.05081330191750084,665,"I keep telling you,
their carry out is the best”"
5085,1617,6,27,97,130,1.3,0.048409404902408866,665,"Unlike you, I can live with it, Roger."
4584,1617,7,25,98,130,1.3,0.04962591124989274,665,Dinner is served.
4443,1617,6,27,97,130,1.3,0.048409404902408866,665,"Being a vegan is easy.  Here, try a little I Can't Believe It's Not Human."
3984,1617,9,21,100,130,1.3,0.05197357247809658,665,Ya. It’s my lawyer! Professional  courtesy...gets me real close to the beach!
4072,1617,9,21,100,130,1.3,0.05197357247809658,665,"No, he’s not a lawyer. He’s my agent."
1102,1617,9,24,107,140,1.3,0.04935347680939759,665,Sometimes you  get  exactly what  you  wish  for.
888,1617,11,17,102,130,1.3,0.05421967728500129,665,What? I'm celebrating Human Week.
771,1617,6,27,97,130,1.3,0.048409404902408866,665,"What, you don’t play with your food?!"
1664,1617,8,23,99,130,1.3,0.05081330191750084,665,The fin.  He thinks I'm a rescue porpoise.  Just wait ONE minute!
1374,1617,10,22,108,140,1.3,0.05038393192372498,665,"Yeah, yeah, I've heard it all: 'I hear you should always eat a balanced diet'; 'It's good to support your food choices; or 'He's a lawyer; professional courtesy'... Let's hope the winning entry is more original!"
1999,1617,5,29,96,130,1.3,0.04716152985886383,665,"I'm just not in the mood for stalking and attacking tonight, dear, so I decided on carry-out."
622,1617,7,25,98,130,1.3,0.04962591124989274,665,I just got some takeout
2795,1617,6,27,97,130,1.3,0.048409404902408866,665,He told me he'd keep an eye out for Robert Shaw.
3040,1617,6,27,97,130,1.3,0.048409404902408866,665,"Sharks are the scooters of the sea,” he said"
3304,1617,3,33,94,130,1.3,0.044561067422973354,665,"I already ate the top half, so sure you can have the rest..."
3820,1617,7,25,98,130,1.3,0.04962591124989274,665,"Emotional support pet for now,snack if it doesn't work out."
446,1617,5,29,96,130,1.3,0.04716152985886383,665,The wife didn’t feel like eating out so I picked up some fast food
3212,1617,10,19,101,130,1.3,0.05310850045437944,665,you can't just let him walk all over you!
3859,1640,6,28,100,134,1.2985074626865671,0.0474106200003679,665,Bringing lunch from home for a change.
2242,1640,10,20,104,134,1.2985074626865671,0.051929281637198454,665,This guy better give me five stars.
1057,1642,8,21,95,124,1.2983870967741935,0.052450867084013586,665,This gig economy is killing me.
4569,1642,7,23,94,124,1.2983870967741935,0.05118557525615357,665,What  kind of wine goes with shlump?
4826,1644,8,23,100,131,1.297709923664122,0.0504758990163529,665,I guess he thinks I'm a skate.
2371,1644,8,23,100,131,1.297709923664122,0.0504758990163529,665,"I’m sorry man, but I can’t do it without the music"
648,1644,8,23,100,131,1.297709923664122,0.0504758990163529,665,This is our version of meals on wheels
56,1647,5,31,102,138,1.2971014492753623,0.04531285779962708,665,It’s an Uber pilot program.
6008,1647,3,35,100,138,1.2971014492753623,0.04291482303791119,665,I ordered Uber eats and got Uber lift instead.
4241,1649,8,22,98,128,1.296875,0.051262811678842515,665,They're paying me more than scale for Shark Week...
4320,1649,7,24,97,128,1.296875,0.05004842020641091,665,"It's called aquatic reflexology"""
4325,1649,9,20,99,128,1.296875,0.052449093007252895,665,I enjoy them dry on top and wet on the bottom.
379,1649,10,18,100,128,1.296875,0.05360913031701276,665,It’s your Uber Eats fresh food delivery!”
4505,1649,8,22,98,128,1.296875,0.051262811678842515,665,"Apparently this is an example of what is known as ""Florida Man""."
57,1649,10,18,100,128,1.296875,0.05360913031701276,665,"Hey Franck, by any chance, have you seen my lunch?"
4618,1649,6,26,96,128,1.296875,0.04880382023053614,665,It’s the same guy who was struck by lightning last week.
1071,1649,5,28,95,128,1.296875,0.047526638562299946,665,"It's symbiotic. He eases my back pain, and I don't eat him."
5392,1649,8,22,98,128,1.296875,0.051262811678842515,665,I just love this place.  Every massage comes with a free meal.
5598,1649,8,22,98,128,1.296875,0.051262811678842515,665,Snack time!  Ready?  on 1...2...3!
5690,1649,6,26,96,128,1.296875,0.04880382023053614,665,I love to watch their face when they slip
6075,1649,7,24,97,128,1.296875,0.05004842020641091,665,"We're a duo - I've got the fins, he's got the shins...
for now."
6142,1649,11,16,101,128,1.296875,0.054744591964955305,665,I heard you are a leg man.
6172,1649,5,28,95,128,1.296875,0.047526638562299946,665,Wait till he finds out where he really is.
4185,1649,7,24,97,128,1.296875,0.05004842020641091,665,ONE LAST TIME- I go low you go high
3755,1649,8,22,98,128,1.296875,0.051262811678842515,665,Bet you a fin I can flip him and catch him before you do a full circle.
3658,1649,8,22,98,128,1.296875,0.051262811678842515,665,"Well, it WAS a shared ride."
3307,1649,6,26,96,128,1.296875,0.04880382023053614,665,"I tried being nice to him for once, and now he won't leave me alone."
1189,1649,11,16,101,128,1.296875,0.054744591964955305,665,"Well he was floundering and I don’t care what Spielberg says, I’m no monster"
1663,1649,8,22,98,128,1.296875,0.051262811678842515,665,The top half was pretty good. Saved you the legs and thighs.
638,1649,6,26,96,128,1.296875,0.04880382023053614,665,I'm tired of going around with a Chip on my shoulder.
1972,1649,7,24,97,128,1.296875,0.05004842020641091,665,Why not?  He gives a great back massage.
487,1649,10,18,100,128,1.296875,0.05360913031701276,665,"Dolphins, yes, but I also blame the breakdown of traditional aquatic values."
2153,1649,7,24,97,128,1.296875,0.05004842020641091,665,Want to share lunch?
2192,1649,8,22,98,128,1.296875,0.051262811678842515,665,"He doesn't believe me when I say, 'Get off my back.'"
1033,1649,5,28,95,128,1.296875,0.047526638562299946,665,We're both vegan.
2280,1649,7,24,97,128,1.296875,0.05004842020641091,665,I'll flip him and then we split  him.
2409,1649,6,26,96,128,1.296875,0.04880382023053614,665,He is going to have a sinking feeling soon...
2453,1649,10,18,100,128,1.296875,0.05360913031701276,665,My Chiropractor said it's good for the Cartilage
2603,1649,7,24,97,128,1.296875,0.05004842020641091,665,"Oh, the quandary this poses. The Internet say,""For every human killed by a shark, humans kill approximately two million sharks."""
2870,1649,4,30,94,128,1.296875,0.046214173983405826,665,"The top half tasted great, I’m just way too full to finish up."
3094,1649,7,24,97,128,1.296875,0.05004842020641091,665,"Shall I tell him, or should you?"
3214,1649,8,22,98,128,1.296875,0.051262811678842515,665,I mistakenly ate his board. A ride is the least I can do...
3305,1649,5,28,95,128,1.296875,0.047526638562299946,665,I'm no marine biologist but this doesn't feel like a sucker fish.
383,1649,8,22,98,128,1.296875,0.051262811678842515,665,"Yeah, you just sign up through the ridesharing app."
1747,1649,8,22,98,128,1.296875,0.051262811678842515,665,Don’t knock it. I’m getting 60 bucks an hour as a powered surfboard.
4415,1649,8,22,98,128,1.296875,0.051262811678842515,665,"You do it your way, I'll do it mine."
2187,1686,8,27,110,145,1.296551724137931,0.04706331629327182,665,I hope he will attract a plumper one.
2867,1686,10,23,112,145,1.296551724137931,0.0490563616847662,665,Don't knock it. It's the best fishing lure I've ever used
3927,1688,5,27,93,125,1.296,0.04822527780484877,665,I’m trying a more balanced approach to eating.
3279,1689,3,36,103,142,1.295774647887324,0.04215351265250359,665,It's how big? That's odd because it feels more like two feet to me.
3060,1690,9,29,121,159,1.2955974842767295,0.0451037593324863,665,You can start with the drumsticks
5394,1691,6,27,99,132,1.2954545454545454,0.04778052942215806,665,"Be honest, is the hat too much?"
2288,1691,4,31,97,132,1.2954545454545454,0.0452952331912956,665,I picked up lunch for you
2910,1691,5,29,98,132,1.2954545454545454,0.04655446886022629,665,He thinks I'm a rock.  I'm just holding him here until I get hungry.
3544,1691,8,23,101,132,1.2954545454545454,0.05014279443618571,665,"Why don’t you tell him I’m not a 
sand bar"
5739,1691,5,29,98,132,1.2954545454545454,0.04655446886022629,665,"Yeah, well, YOU try turning down a contract with the X-Games."
4419,1691,10,19,103,132,1.2954545454545454,0.05239867055448489,665,"Dang, I lost mine!"
3183,1697,8,22,99,129,1.2945736434108528,0.050915909517130424,665,"Because he's a card shark, and I owe him a fin."""
2095,1697,7,24,98,129,1.2945736434108528,0.04971222999372348,665,"My new workout?  Strength training until failure, then a high protein snack."
387,1697,4,30,95,129,1.2945736434108528,0.04591223930419431,665,"I call it my ""Scenic Dinner Cruise"". I'm the cruise part."
2380,1697,3,32,94,129,1.2945736434108528,0.04457364341085271,665,"Normally I'd be asking myself the same question, but his specialty is sshiatsu and my dorsal fin's been killing me."
345,1701,10,35,142,187,1.2941176470588236,0.04112427588048697,665,He thinks I'm a sandbar.  Make a wish.
3508,1702,8,21,97,126,1.2936507936507937,0.0517226551540564,665,He's outta his depth.
3573,1702,10,17,99,126,1.2936507936507937,0.05412209632076063,665,"He's not heavy, I ate his brother!."
6305,1702,8,21,97,126,1.2936507936507937,0.0517226551540564,665,I just can't shake this funny feeling.
6255,1702,6,25,95,126,1.2936507936507937,0.049206349206349205,665,Grubhub delivery - did you order one whole swimmer and a coke?
3051,1702,3,31,92,126,1.2936507936507937,0.04516981759167068,665,You take the left one and I’ll  take the right.
4059,1702,7,23,96,126,1.2936507936507937,0.05048018352979028,665,I find it causes less of a fuss than the fin.
2967,1702,8,21,97,126,1.2936507936507937,0.0517226551540564,665,"Yeah, I can't believe it either."
6233,1702,7,23,96,126,1.2936507936507937,0.05048018352979028,665,Cool hat Mark.
2756,1702,6,25,95,126,1.2936507936507937,0.049206349206349205,665,Would you like the other half?
2716,1702,5,27,94,126,1.2936507936507937,0.0478986500356018,665,Discovery Channel needs to up our pay. These Shark Week bits are getting ridiculous.
2691,1702,5,27,94,126,1.2936507936507937,0.0478986500356018,665,"He a fantastic and loving husband, but the constant surfacing for him to breath is getting old."
2680,1702,10,17,99,126,1.2936507936507937,0.05412209632076063,665,He's underwater financially and I want to be the lone shark.
2553,1702,5,27,94,126,1.2936507936507937,0.0478986500356018,665,"Wild, fresh caught!  Help yourself!"
2495,1702,6,25,95,126,1.2936507936507937,0.049206349206349205,665,i'm saving half for dessert
2438,1702,8,21,97,126,1.2936507936507937,0.0517226551540564,665,Saving him for the barbecue on the 4th
2286,1702,7,23,96,126,1.2936507936507937,0.05048018352979028,665,"I've got to get my Uber driver rating back above 4 stars after last month's ""incident""."
2283,1702,6,25,95,126,1.2936507936507937,0.049206349206349205,665,"I’ve turned the page, Jeff, and now think of them as family."
2146,1702,8,21,97,126,1.2936507936507937,0.0517226551540564,665,I can’t decide; shiatsu or lunch?
1871,1702,8,21,97,126,1.2936507936507937,0.0517226551540564,665,I guess this guy never saw Jaws!
3007,1702,8,21,97,126,1.2936507936507937,0.0517226551540564,665,"Yeah, ok, fillet of sole."
2852,1702,6,25,95,126,1.2936507936507937,0.049206349206349205,665,I am getting cold feet
6000,1702,5,27,94,126,1.2936507936507937,0.0478986500356018,665,The idiot thinks I am a dolphin!!
3587,1702,6,25,95,126,1.2936507936507937,0.049206349206349205,665,I offered to give him some tips. He's a loan shark.
4200,1702,10,17,99,126,1.2936507936507937,0.05412209632076063,665,If I eat him I'll lower my IQ score by 50.
4271,1702,9,19,98,126,1.2936507936507937,0.052935972487237484,665,"Lawyer, professional courtesy."
1858,1702,6,25,95,126,1.2936507936507937,0.049206349206349205,665,"After biting a chunk out of his surfboard, I thought that I owed him."
4349,1702,7,23,96,126,1.2936507936507937,0.05048018352979028,665,You picked the wrong day to go vegetarian.
4369,1702,4,29,93,126,1.2936507936507937,0.04655423233443903,665,"I'm his balance trainer, heh, heh."
4467,1702,4,29,93,126,1.2936507936507937,0.04655423233443903,665,"Sorry honey, but it sure beats your fin massages."
3778,1702,6,25,95,126,1.2936507936507937,0.049206349206349205,665,I'm willing to go halfsies.
4671,1702,5,27,94,126,1.2936507936507937,0.0478986500356018,665,Why don’t you try swimming with people
4841,1702,9,19,98,126,1.2936507936507937,0.052935972487237484,665,I’ve switched to live bait.
5047,1702,9,19,98,126,1.2936507936507937,0.052935972487237484,665,"I pick them up for Uber, but I drop them off for Uber Eats."
5062,1702,6,25,95,126,1.2936507936507937,0.049206349206349205,665,There's too much news going around that sharks rarely bite humans.
3699,1702,7,23,96,126,1.2936507936507937,0.05048018352979028,665,Get washed up. Dinner's on the table.
5095,1702,6,25,95,126,1.2936507936507937,0.049206349206349205,665,"Shark surfing, it’s a thing."
5129,1702,8,21,97,126,1.2936507936507937,0.0517226551540564,665,Have you seen the wife?
5204,1702,8,21,97,126,1.2936507936507937,0.0517226551540564,665,I had to pick up a side gig for Uber.
5633,1702,11,15,100,126,1.2936507936507937,0.055282777038946025,665,Sometimes I really wish I hadn’t gone vegan
3680,1702,7,23,96,126,1.2936507936507937,0.05048018352979028,665,Should I tell him that he's out of his depth?
5700,1702,8,21,97,126,1.2936507936507937,0.0517226551540564,665,"He's got my back, Dude.  Move on!"
5717,1702,10,17,99,126,1.2936507936507937,0.05412209632076063,665,"What can I say? My stomach, like my heart, is full."
5744,1702,7,23,96,126,1.2936507936507937,0.05048018352979028,665,"Yeah, well, you should've seen the one that got away."
5850,1702,8,21,97,126,1.2936507936507937,0.0517226551540564,665,He' ll teach me to walk I'll teach him to swim.
3642,1702,10,17,99,126,1.2936507936507937,0.05412209632076063,665,Too skinny. I’m gonna throw this one back.
3799,1702,7,23,96,126,1.2936507936507937,0.05048018352979028,665,"Well, I couldn't make anything by biting people, so I started being an Uber driver."
6131,1702,9,19,98,126,1.2936507936507937,0.052935972487237484,665,"I have the answer to, “What’s for dinner tonight?”"
6208,1702,9,19,98,126,1.2936507936507937,0.052935972487237484,665,He wanted to impress his girlfriend but enough is enough!
6231,1702,6,25,95,126,1.2936507936507937,0.049206349206349205,665,"Yeah, I know I should eat him, but he promised  me a part in the upcoming ""Sharknado"" sequel."
1850,1702,7,23,96,126,1.2936507936507937,0.05048018352979028,665,It started out as a rash.
479,1702,6,25,95,126,1.2936507936507937,0.049206349206349205,665,"I ate his surf board  and he says I owe him."""
1697,1702,8,21,97,126,1.2936507936507937,0.0517226551540564,665,Did you order the thighs?
20,1702,6,25,95,126,1.2936507936507937,0.049206349206349205,665,Lunch is weighing me down again.
90,1702,3,31,92,126,1.2936507936507937,0.04516981759167068,665,Watch this back flip! then we'll eat.
329,1702,6,25,95,126,1.2936507936507937,0.049206349206349205,665,I lost a bet.
344,1702,9,19,98,126,1.2936507936507937,0.052935972487237484,665,You're invading my territory again! This time I brought my lawyer.
390,1702,6,25,95,126,1.2936507936507937,0.049206349206349205,665,"So, after I swallowed his surfboard..."
801,1702,3,31,92,126,1.2936507936507937,0.04516981759167068,665,"Did you know an estimated 100 million sharks are wantonly killed every year around the world? I think it is time we doing something about that, starting right here."
820,1702,8,21,97,126,1.2936507936507937,0.0517226551540564,665,We're bringing dessert.
611,1702,8,21,97,126,1.2936507936507937,0.0517226551540564,665,These young kids have never even heard of Jaws.
1848,1702,10,17,99,126,1.2936507936507937,0.05412209632076063,665,You got some food on your face.
1581,1702,5,27,94,126,1.2936507936507937,0.0478986500356018,665,He's mine... I'm taking him for a ride.
1560,1702,4,29,93,126,1.2936507936507937,0.04655423233443903,665,I know ... But I like ... how he rubs my neck ...
876,1702,5,27,94,126,1.2936507936507937,0.0478986500356018,665,"I picked it up on my way back from the keys, hopefully it'll go away on its own."
1485,1702,9,19,98,126,1.2936507936507937,0.052935972487237484,665,The weather is getting warm and this is my first swimmer of the season.
1524,1702,10,17,99,126,1.2936507936507937,0.05412209632076063,665,"He calls himself the ""Shark Whisperer"".  I'm going to wait until there's a huge crowd and then I'll rip him to shreds."
1007,1702,8,21,97,126,1.2936507936507937,0.0517226551540564,665,It's the lack of respect that bothers me most.
1161,1702,8,21,97,126,1.2936507936507937,0.0517226551540564,665,See if this is all that's left.
5623,1770,6,32,112,150,1.2933333333333332,0.043910287499031204,665,He's soooo worth it when I get an itchy fin.
2321,1771,7,27,106,140,1.292857142857143,0.04700312531585776,665,Do you want to join me for dinner?
5011,1771,7,27,106,140,1.292857142857143,0.04700312531585776,665,I'd eat him except he has our cell phone.
3286,1771,8,25,107,140,1.292857142857143,0.048083975629902284,665,It's called  Ashiatsu and don't you dare ruin this for me !
2502,1774,7,22,94,123,1.2926829268292683,0.051281988767931885,665,Everyone takes advantage of vegans.
948,1774,3,30,90,123,1.2926829268292683,0.045789980199767266,665,I have an appointment with the doctor this week to get it removed.
693,1774,5,26,92,123,1.2926829268292683,0.048613602307838545,665,The Twelve Apostles still think He can walk on water...
444,1774,7,22,94,123,1.2926829268292683,0.051281988767931885,665,"I'm trying a new approach, because those suck-up dolphins aren't getting killed for their fins."
3142,1774,4,28,91,123,1.2926829268292683,0.04722290024998339,665,I could use a good toothpick in about 30 seconds.
5747,1774,4,28,91,123,1.2926829268292683,0.04722290024998339,665,My agent says it might help our image.
4676,1780,4,25,84,113,1.2920353982300885,0.04978051689556808,665,Soon he'll have to change his name to Bob.
3600,1781,9,19,99,127,1.2913385826771653,0.052568375458033396,665,So how do you like my new periscope?
1656,1782,7,25,102,134,1.291044776119403,0.04834208664303101,665,Don’t go near the beach!
409,1782,6,27,101,134,1.291044776119403,0.047167112381067695,665,You can Venmo me for your half.
3003,1782,3,33,98,134,1.291044776119403,0.043451972779910995,665,"Yep, another hitchhiker. He thinks I'm taking him to Hawaii. Dinner at 7?""

Sunil Mahtani, Westport, CT
sm@kingfisherinvestors.co"
1438,1785,6,22,89,117,1.2905982905982907,0.051588142404591565,665,I'm cutting my portions in half.
1130,1786,6,24,94,124,1.2903225806451613,0.04961719913588533,665,Pity. He was only a couple feet short of the dolphin tank.
2693,1786,8,20,96,124,1.2903225806451613,0.05219317136573615,665,Stop playing with your food Larry.
2589,1786,5,26,93,124,1.2903225806451613,0.048277697817197124,665,"First the massage, then the meal"
2578,1786,6,24,94,124,1.2903225806451613,0.04961719913588533,665,Next time you troll the bait.
2527,1786,6,24,94,124,1.2903225806451613,0.04961719913588533,665,Can you get him off my back?
5936,1786,7,22,95,124,1.2903225806451613,0.05092147674264367,665,"He thinks he's hanging ten, but when I get through with him it'll be more like two."
202,1786,6,24,94,124,1.2903225806451613,0.04961719913588533,665,He thinks I'm a lone shark.
369,1786,6,24,94,124,1.2903225806451613,0.04961719913588533,665,"I don't agree with everything he says, but I do support his platform."""
514,1786,5,26,93,124,1.2903225806451613,0.048277697817197124,665,Look! I found a wishbone.
587,1786,5,26,93,124,1.2903225806451613,0.048277697817197124,665,Don’t laugh if I don’t eat this guy for fifteen minutes I get a second one!
886,1786,4,28,92,124,1.2903225806451613,0.04689995482905181,665,It's just that I'm not that hungry right now.
913,1786,8,20,96,124,1.2903225806451613,0.05219317136573615,665,The worst part is his feet smell.
2474,1786,10,16,98,124,1.2903225806451613,0.05464785287946911,665,"He ain’t heavy, he’s my breakfast."
1094,1786,4,28,92,124,1.2903225806451613,0.04689995482905181,665,It's court-ordered restitution for eating his surfboard
2343,1786,8,20,96,124,1.2903225806451613,0.05219317136573615,665,Not my fault. Said he was a chiropractor.
1145,1786,6,24,94,124,1.2903225806451613,0.04961719913588533,665,"SUP, man?"
1217,1786,9,18,97,124,1.2903225806451613,0.05343460939105479,665,Stop judging my taste in symbiotic relationships!
1243,1786,5,26,93,124,1.2903225806451613,0.048277697817197124,665,Can you help me; I'm trying to get this monkey off my back.
1370,1786,9,18,97,124,1.2903225806451613,0.05343460939105479,665,It's a living.
2342,1786,5,26,93,124,1.2903225806451613,0.048277697817197124,665,I hate lawyers!
1762,1786,9,18,97,124,1.2903225806451613,0.05343460939105479,665,Weird. I heard him say “Hold my beer—watch this.”
1795,1786,8,20,96,124,1.2903225806451613,0.05219317136573615,665,"You always say  “save the leftovers “, but you never eat ‘em..."
2275,1786,8,20,96,124,1.2903225806451613,0.05219317136573615,665,"I know he's heavy, but you should see my abs."
697,1786,4,28,92,124,1.2903225806451613,0.04689995482905181,665,"I know it’s cliché, Gary, but I think it gives me an edge with the girls."
2727,1786,7,22,95,124,1.2903225806451613,0.05092147674264367,665,I thought I'd help him find his surfboard before I eat him
2761,1786,4,28,92,124,1.2903225806451613,0.04689995482905181,665,He wanted to say goodbye to his family.
1998,1786,5,26,93,124,1.2903225806451613,0.048277697817197124,665,"Well, I say just because I'm a sand shark doesn't mean you can walk all over me!"
6180,1786,7,22,95,124,1.2903225806451613,0.05092147674264367,665,I think he's getting ready to jump the shark!
5984,1786,7,22,95,124,1.2903225806451613,0.05092147674264367,665,He will soon find out he's not on a sandbar.
5894,1786,7,22,95,124,1.2903225806451613,0.05092147674264367,665,This guy walks on my back every Wednesday. Does wonders for my sciatica.
5864,1786,7,22,95,124,1.2903225806451613,0.05092147674264367,665,Weight-bearing exercise is super important as you get older.
5742,1786,6,24,94,124,1.2903225806451613,0.04961719913588533,665,“He sure as hell stuck the landing!”
5568,1786,6,24,94,124,1.2903225806451613,0.04961719913588533,665,They call it treading water.
5566,1786,7,22,95,124,1.2903225806451613,0.05092147674264367,665,It's the latest; UBER du Mer. I set my own work schedule. After training I received a discount card for seal sushi and if the client is overly abusive I can eat the them.
5487,1786,6,24,94,124,1.2903225806451613,0.04961719913588533,665,It started out as a bump on my fin.
5457,1786,9,18,97,124,1.2903225806451613,0.05343460939105479,665,They’re treading a fin line.
4924,1786,2,32,90,124,1.2903225806451613,0.044015282298811846,665,I'm having a lot of trouble adjusting to this new balanced diet.
2758,1786,7,22,95,124,1.2903225806451613,0.05092147674264367,665,And I thought barnicles were a bummer.
4745,1786,7,22,95,124,1.2903225806451613,0.05092147674264367,665,Don’t ask. It’s Brexit.
4921,1786,6,24,94,124,1.2903225806451613,0.04961719913588533,665,"It's great as bait, but the temptation to snack on it is killing me."
4462,1786,4,28,92,124,1.2903225806451613,0.04689995482905181,665,From the surface we look like surf boards.
4448,1786,6,24,94,124,1.2903225806451613,0.04961719913588533,665,"Its like Uber, but with stronger incentives for good tips"
4445,1786,5,26,93,124,1.2903225806451613,0.048277697817197124,665,He said we could switch after 5 minutes. Its been 20
4368,1786,8,20,96,124,1.2903225806451613,0.05219317136573615,665,This dumb surfer dude thinks I'm a dolphin.  I'm just taking him far enough out to sea that no one will hear his screams.
4299,1786,10,16,98,124,1.2903225806451613,0.05464785287946911,665,I'm off probation after my community service hours are completed.
4141,1786,8,20,96,124,1.2903225806451613,0.05219317136573615,665,I just can’t seem to get this monkey off my back.
3993,1786,4,28,92,124,1.2903225806451613,0.04689995482905181,665,You wanna take him for a while. I gotta keep movin’.
3832,1786,8,20,96,124,1.2903225806451613,0.05219317136573615,665,He’s a Trump supporter
3627,1786,5,26,93,124,1.2903225806451613,0.048277697817197124,665,"I don't know; something about jumping the shark."""
3114,1786,3,30,91,124,1.2903225806451613,0.045480494933604225,665,"He said his Grandfather was on the Indianapolis, that's why."
2940,1786,4,28,92,124,1.2903225806451613,0.04689995482905181,665,He’s my only link to the outside world..
4529,1786,9,18,97,124,1.2903225806451613,0.05343460939105479,665,I actually never been this close to one before.
2166,1786,8,20,96,124,1.2903225806451613,0.05219317136573615,665,It's 2019. We're in love. And it's beautiful.
748,1839,6,23,92,121,1.2892561983471074,0.05039515550327353,665,Just until my periscope gets back from the repair shop.
5518,1839,5,25,91,121,1.2892561983471074,0.04900949552247161,665,"I always get mine ""to go."""
2903,1839,7,21,93,121,1.2892561983471074,0.05174372179338356,665,But I like to play with my food!
903,1839,9,17,95,121,1.2892561983471074,0.05434054507175087,665,It’s the El Chapo dorsal attachment. Gets a better reaction than the fin.
4086,1839,6,23,92,121,1.2892561983471074,0.05039515550327353,665,I have a feeling 'Jaws 5: Shark Surfer' is going to flop!
3810,1839,7,21,93,121,1.2892561983471074,0.05174372179338356,665,Yeah Jack. All they see from shore is a guy bobbing around having fun. It's my sure-fire meal ticket!
2501,1839,9,17,95,121,1.2892561983471074,0.05434054507175087,665,It's my community service and its killing me.
3802,1839,7,21,93,121,1.2892561983471074,0.05174372179338356,665,Ability to delay gratification correlates with higher SAT scores and greater success later in life.
3646,1839,6,23,92,121,1.2892561983471074,0.05039515550327353,665,It's called 'symbiosis' Jim.
1545,1839,7,21,93,121,1.2892561983471074,0.05174372179338356,665,"Fast talking salesman... you go in for a massage, and come back with an edible periscope."
3498,1839,6,23,92,121,1.2892561983471074,0.05039515550327353,665,"Yeah, well, you should see his other half. Course, you can't."
4202,1839,11,13,97,121,1.2892561983471074,0.056818807910399706,665,"I know I said I'd be home an hour ago, but look -- I brought you my leftovers!"
5165,1839,5,25,91,121,1.2892561983471074,0.04900949552247161,665,It’s like shooting one of us in a barrel.
3074,1839,7,21,93,121,1.2892561983471074,0.05174372179338356,665,He’s made no eye contact whatsoever and has been on the phone since he stepped off shore!
3027,1839,3,29,89,121,1.2892561983471074,0.04611343142407918,665,I ordered my meal “to go.”
5238,1839,6,23,92,121,1.2892561983471074,0.05039515550327353,665,I know this area is for members only--I'm about to take care of that.
5324,1839,4,27,90,121,1.2892561983471074,0.047583501390032326,665,Let's see how they like it when we take one of their Finns
2996,1839,5,25,91,121,1.2892561983471074,0.04900949552247161,665,"Well, at least we're not at Sea World."
1623,1839,3,29,89,121,1.2892561983471074,0.04611343142407918,665,He thinks he’s in the shallows.
2905,1839,3,29,89,121,1.2892561983471074,0.04611343142407918,665,Surfers!
3334,1839,3,29,89,121,1.2892561983471074,0.04611343142407918,665,They're better marinated.
773,1839,9,17,95,121,1.2892561983471074,0.05434054507175087,665,Hey look at me!  I’m Carmen Miranda.
4207,1839,7,21,93,121,1.2892561983471074,0.05174372179338356,665,"Just wait, he won't have a leg to stand on."
2425,1839,5,25,91,121,1.2892561983471074,0.04900949552247161,665,"Sea World has the nerve to call this ""a promotion""?"
1362,1839,8,19,94,121,1.2892561983471074,0.05305802287932554,665,Come on in ... I’m standing up!
2818,1839,7,21,93,121,1.2892561983471074,0.05174372179338356,665,"Finders, keepers!"
1489,1839,4,27,90,121,1.2892561983471074,0.047583501390032326,665,This model really works! Get ready for a feast when all the rescuers show up.
2219,1839,5,25,91,121,1.2892561983471074,0.04900949552247161,665,Dude thinks he's Aqua-man.
1498,1839,3,29,89,121,1.2892561983471074,0.04611343142407918,665,I think they call him a sociopath--he acts like he is drowning and I get the rescuers.
2186,1839,4,27,90,121,1.2892561983471074,0.047583501390032326,665,"I know, I know, but I like the way his toes tickle my back."
2290,1839,7,21,93,121,1.2892561983471074,0.05174372179338356,665,This second job as an Uber driver is really breaking my back.
637,1839,7,21,93,121,1.2892561983471074,0.05174372179338356,665,Soon he'll not have a leg to stand on.
2082,1839,6,23,92,121,1.2892561983471074,0.05039515550327353,665,He’s a Shark Fin Soup protestor!
2041,1839,3,29,89,121,1.2892561983471074,0.04611343142407918,665,Apparently it is a form of extreme surfing. Let's hope it doesn't catch on
4660,1839,6,23,92,121,1.2892561983471074,0.05039515550327353,665,This is what it takes to be a Superhost.
5082,1839,9,17,95,121,1.2892561983471074,0.05434054507175087,665,"I'm a rebel, Ma. I'll play with my food."
4557,1839,10,15,96,121,1.2892561983471074,0.05559348779782525,665,Saved you the lower half
1802,1839,6,23,92,121,1.2892561983471074,0.05039515550327353,665,My dermatologist tells me it is nothing to be concerned with.
1543,1839,5,25,91,121,1.2892561983471074,0.04900949552247161,665,And we just ate.
4239,1839,9,17,95,121,1.2892561983471074,0.05434054507175087,665,"For being a Shepard of the sea, Aquaman is kinda an ass"
2336,1839,7,21,93,121,1.2892561983471074,0.05174372179338356,665,I'm giving him a leg up before I take it.
343,1839,8,19,94,121,1.2892561983471074,0.05305802287932554,665,do i have something on my back?
4846,1839,9,17,95,121,1.2892561983471074,0.05434054507175087,665,"I 'm taking a course in Anger Management"""
298,1839,7,21,93,121,1.2892561983471074,0.05174372179338356,665,Let’s see if he can swim with one leg.”
155,1839,8,19,94,121,1.2892561983471074,0.05305802287932554,665,We have a kinship. His legs are great and white.
96,1839,7,21,93,121,1.2892561983471074,0.05174372179338356,665,You want this half?
5763,1839,7,21,93,121,1.2892561983471074,0.05174372179338356,665,I cannot say he won’t be eaten.
5824,1839,4,27,90,121,1.2892561983471074,0.047583501390032326,665,"I know, but I felt sorry for the skinny bastard."
5877,1839,7,21,93,121,1.2892561983471074,0.05174372179338356,665,The back massage comes with a lunch option.
5960,1839,7,21,93,121,1.2892561983471074,0.05174372179338356,665,So next I flip it up into the air and catch it in my jaws.
6013,1839,9,17,95,121,1.2892561983471074,0.05434054507175087,665,"I’m on Step 9, Making Amends."
6114,1839,4,27,90,121,1.2892561983471074,0.047583501390032326,665,Camouflage.
6136,1839,7,21,93,121,1.2892561983471074,0.05174372179338356,665,I hate it when the old Sea World training kicks in.
6187,1839,5,25,91,121,1.2892561983471074,0.04900949552247161,665,I love getting my weekly shiatsu!
306,1839,7,21,93,121,1.2892561983471074,0.05174372179338356,665,I’d eat his foot but it smells bad.
4741,1839,5,25,91,121,1.2892561983471074,0.04900949552247161,665,My wife wants me to save money. I'm taking my lunch to work.
4174,1895,6,25,97,128,1.2890625,0.048542162134326036,665,He's in training to jump the shark.
2650,1895,7,23,98,128,1.2890625,0.04979330276993271,665,It’s from that new take-out place down the beach. I’ll let you know later if it lives up to the buzz.
2358,1897,12,19,118,149,1.2885906040268456,0.049754796916479785,665,When did you get that 4th gill?
3491,1898,5,26,94,125,1.288,0.047946206415913864,665,"I bet if you say, 'Hey look! A phone!"" he'll jump down right away"
1429,1898,6,24,95,125,1.288,0.04927343064717471,665,I'll stay here while you grab dinner for us both.
1253,1898,5,26,94,125,1.288,0.047946206415913864,665,"First he called me Shamu, then..."
4128,1901,7,24,101,132,1.2878787878787878,0.04872928782388635,665,These days you just look at an endangered species and The Man will be ridin’ your back for years”
1203,1902,10,15,97,122,1.2868852459016393,0.055186874698317505,665,I prefer mine with ketchup.
947,1902,11,13,98,122,1.2868852459016393,0.056401011833580504,665,This vegan diet is for the birds!
4255,1902,11,13,98,122,1.2868852459016393,0.056401011833580504,665,This vegan diet is driving me crazy.
5517,1902,7,21,94,122,1.2868852459016393,0.05137258167851918,665,"It's called Shark Lyft, and no you are not going to bite into my profits."
3211,1902,6,23,93,122,1.2868852459016393,0.05003657813472293,665,My therapist says I need to submit more.
4435,1902,4,27,91,122,1.2868852459016393,0.04725138260055944,665,We have been here for 50 million years and all of a sudden these guys are stepping on us and scream bloody murder if we bite them.
1781,1908,8,18,93,119,1.2857142857142858,0.05356252596587122,665,"I know, I know. ""Don't play with your food."""
1432,1908,7,20,92,119,1.2857142857142858,0.05221603522431953,665,Hor d'oeuvres at 5:00 PM OK?
1670,1908,4,26,89,119,1.2857142857142858,0.04795023226904771,665,They always taste better without a struggle.
1678,1908,8,18,93,119,1.2857142857142858,0.05356252596587122,665,Do I have a parasite on my back?
1127,1908,7,20,92,119,1.2857142857142858,0.05221603522431953,665,I'm scared - he's a loan shark!
1059,1908,6,22,91,119,1.2857142857142858,0.05083389106934592,665,"Bad timing  for us starting that vegetarian diet, Marshall."
991,1908,1,32,86,119,1.2857142857142858,0.043265866624440465,665,Don't tell me you thought he really walked on water
2106,1908,7,20,92,119,1.2857142857142858,0.05221603522431953,665,"Professional courtesy, he’s an attorney."
526,1908,5,24,90,119,1.2857142857142858,0.049413101784373706,665,"I'm stuffed after that last swimmer, but please, feel free to help yourself."
1894,1908,9,16,94,119,1.2857142857142858,0.054875987837503935,665,I'm waiting for him to stop peeing.
470,1908,7,20,92,119,1.2857142857142858,0.05221603522431953,665,"It's totally copasetic. I get the surfers, he gets their boards."
2131,1908,7,20,92,119,1.2857142857142858,0.05221603522431953,665,He aint heavy. He's my brother.
333,1908,7,20,92,119,1.2857142857142858,0.05221603522431953,665,"This is why I'm always humming ""Duh-dumb, duh-dumb"" before I eat these things."
259,1908,4,26,89,119,1.2857142857142858,0.04795023226904771,665,I can raise the average IQ in this ocean during lunch.
146,1908,7,20,92,119,1.2857142857142858,0.05221603522431953,665,I'm saving this half for later.
51,1908,8,18,93,119,1.2857142857142858,0.05356252596587122,665,I'm just really full right now.
738,1908,6,22,91,119,1.2857142857142858,0.05083389106934592,665,"Because then I'd have to find a new chiropractor, genius."
488,1908,6,22,91,119,1.2857142857142858,0.05083389106934592,665,Damn. Always when I’m meditating. Can you get this one?
4190,1908,7,20,92,119,1.2857142857142858,0.05221603522431953,665,White meat - again!
2489,1908,7,20,92,119,1.2857142857142858,0.05221603522431953,665,I didn’t know what having a monkey on my back really meant...
4722,1908,8,18,93,119,1.2857142857142858,0.05356252596587122,665,He thinks he's riding the crest of success.
4832,1908,3,28,88,119,1.2857142857142858,0.046441306197805995,665,"I don't like this job either, bit it pays the rent."
4910,1908,3,28,88,119,1.2857142857142858,0.046441306197805995,665,"Just let it go, Josh. The poor bastard is up there screaming 'California Dreaming' at the top of his lungs."
5031,1908,2,30,87,119,1.2857142857142858,0.044881678534354326,665,Damn millennials.
5135,1908,8,18,93,119,1.2857142857142858,0.05356252596587122,665,He’s from Sea World
5200,1908,9,16,94,119,1.2857142857142858,0.054875987837503935,665,He got 'Standing on the shoulder of giants' all wrong.
5307,1908,7,20,92,119,1.2857142857142858,0.05221603522431953,665,"I said, ""Okay, sure you can swim with the sharks, but who the hell gave them permission to stand on us?"""
5353,1908,7,20,92,119,1.2857142857142858,0.05221603522431953,665,"Grown up shark, doo doo doo doo doo doo doo …"
5440,1908,6,22,91,119,1.2857142857142858,0.05083389106934592,665,"It may look demeaning, but I'm told it's called 'rideshare'."
5716,1908,8,18,93,119,1.2857142857142858,0.05356252596587122,665,Uber is thinking of expanding into new markets
5761,1908,5,24,90,119,1.2857142857142858,0.049413101784373706,665,"I'm not exactly getting paid for the shoot, but I'll get a vignette in the special features."
5819,1908,9,16,94,119,1.2857142857142858,0.054875987837503935,665,I like working for Uber Eats.
6093,1908,7,20,92,119,1.2857142857142858,0.05221603522431953,665,"It's the latest new spa package - Thai massage, then lunch."
6124,1908,6,22,91,119,1.2857142857142858,0.05083389106934592,665,"You ordered the veggie lover, hold the sun screen."
6169,1908,4,26,89,119,1.2857142857142858,0.04795023226904771,665,"Technically, I caught him first !!"
4658,1908,8,18,93,119,1.2857142857142858,0.05356252596587122,665,I’m full. I thought I’d  leave the rest for you.
2196,1908,3,28,88,119,1.2857142857142858,0.046441306197805995,665,I've never recovered from life at Sea World.
4214,1908,7,20,92,119,1.2857142857142858,0.05221603522431953,665,"After we eat him, we can
 break the wishbone."
1540,1908,6,22,91,119,1.2857142857142858,0.05083389106934592,665,Apparently this is the new tracking tag system.
2548,1908,4,26,89,119,1.2857142857142858,0.04795023226904771,665,"In my previous life as a dog, I learned to balance treats on my nose."
2710,1908,5,24,90,119,1.2857142857142858,0.049413101784373706,665,I thought this kind of stuff ended when Steve Irwin died.
2911,1908,5,24,90,119,1.2857142857142858,0.049413101784373706,665,"Don't laugh, that itch was driving me crazy."
2990,1908,5,24,90,119,1.2857142857142858,0.049413101784373706,665,I just don't have the heart to move. He thinks I'm a sandbar.
2999,1908,6,22,91,119,1.2857142857142858,0.05083389106934592,665,It worked! Here comes his buddy!
3137,1908,4,28,94,126,1.2857142857142858,0.04626650591044237,665,Ask him to move back and to the right.
3478,1908,5,24,90,119,1.2857142857142858,0.049413101784373706,665,I’m in anger management therapy.
301,1908,6,24,96,126,1.2857142857142858,0.048934219347295735,665,I support him for the tax breaks.
3504,1908,5,24,90,119,1.2857142857142858,0.049413101784373706,665,Is there something on me?
3664,1908,6,22,91,119,1.2857142857142858,0.05083389106934592,665,Here's betting he never saw Jaws
5961,1908,6,24,96,126,1.2857142857142858,0.048934219347295735,665,He's an intern in my law firm's summer program.
4958,1908,7,22,97,126,1.2857142857142858,0.05021495743414883,665,This is as close as he gets to be God and walking on water.
3856,1908,5,24,90,119,1.2857142857142858,0.049413101784373706,665,Jeez Bob. The boss has been on my back all week!
3259,1908,10,16,100,126,1.2857142857142858,0.053874802376117914,665,"Jaw, paper, fin?"""
3905,1908,5,24,90,119,1.2857142857142858,0.049413101784373706,665,The stand-up paddleboard craze has brought me a lot of new clients.
3975,1908,6,22,91,119,1.2857142857142858,0.05083389106934592,665,"Support sharks are allowed now."""
3641,1908,8,18,93,119,1.2857142857142858,0.05356252596587122,665,"‘’This is when my psychology degree comes in handy,let him think he’s the one in control  and his friends will want to join him.’’"
1657,1908,5,24,90,119,1.2857142857142858,0.049413101784373706,665,It is called Ride Sharing.
4852,1965,3,31,96,130,1.2846153846153847,0.04400170130691367,665,"I told you my friend was a ""stand-up"" kind of guy"
3885,1966,10,11,88,109,1.2844036697247707,0.059861294991001235,665,You smell something fishy?
3712,1967,6,26,102,134,1.2835820895522387,0.046913416235472225,665,Do me a favor and bite his leg.
5028,1967,5,28,101,134,1.2835820895522387,0.045701726140799336,665,"Great Meal Aboard"""
3361,1969,6,22,92,120,1.2833333333333334,0.05046469400286688,665,Now I understand why the oceans are warming.
4647,1969,3,28,89,120,1.2833333333333334,0.04611417649244208,665,It beats trying to use my fin for the itch on my back.
48,1969,6,22,92,120,1.2833333333333334,0.05046469400286688,665,Jaws wouldn't let this stand.
1591,1969,6,22,92,120,1.2833333333333334,0.05046469400286688,665,I'll give this guy 10 seconds to get off my back!
1609,1969,5,24,91,120,1.2833333333333334,0.04905740839459444,665,"Well sure, it's embarrassing, but if Clara found out I've eaten between meals I'd never hear the end of it."
2919,1969,4,26,90,120,1.2833333333333334,0.047608542258559663,665,He has no idea !
3842,1969,5,24,91,120,1.2833333333333334,0.04905740839459444,665,I would have eaten fewer of them had I known how good it feels to have them walk on my back.
4371,1969,7,20,93,120,1.2833333333333334,0.05183378592397002,665,This guy must have gills of steel. I've been trying to drown him for hours.
4748,1969,5,24,91,120,1.2833333333333334,0.04905740839459444,665,His Thai massage is to die for!
5094,1969,5,24,91,120,1.2833333333333334,0.04905740839459444,665,My job is to catch the guys who don't get the metaphor.
1537,1979,7,31,121,159,1.2830188679245282,0.042913624078767434,665,"Once again, looks like you got more of it on you than in you."
6072,1979,10,25,124,159,1.2830188679245282,0.04561155137981816,665,This idiot thinks I am his surf board.
449,1981,8,23,107,138,1.2826086956521738,0.04823021509412167,665,I hate the gig economy.
921,1982,4,27,93,124,1.282258064516129,0.04660023540224536,665,It's a potluck
2076,1982,5,25,94,124,1.282258064516129,0.04798658440758398,665,I think the remoras are evolving.
603,1984,6,21,90,117,1.2820512820512822,0.05128205128205127,665,"We'll have leftovers for dinner, is that O K with you?"
741,1984,4,25,88,117,1.2820512820512822,0.0483231243923597,665,Our relation is somelike long distance relation but more itimate.
312,1984,6,21,90,117,1.2820512820512822,0.05128205128205127,665,Just bringing some leftovers to a potluck.
795,1984,7,19,91,117,1.2820512820512822,0.05269925046926825,665,I'm training him to attract bait.
875,1984,7,19,91,117,1.2820512820512822,0.05269925046926825,665,It's not my taste but I got it half off.
1225,1984,6,21,90,117,1.2820512820512822,0.05128205128205127,665,But my back was killing me.
371,1984,5,23,89,117,1.2820512820512822,0.049824557874277246,665,I rented myself out as a floatation device. Imagine his surprise when he gets the bill.
911,1984,7,19,91,117,1.2820512820512822,0.05269925046926825,665,"Welcome to Long Island, where they used to fear us"
307,1984,7,19,91,117,1.2820512820512822,0.05269925046926825,665,Where's the respect.
1092,1984,6,21,90,117,1.2820512820512822,0.05128205128205127,665,I think it's a wishbone. Make a wish and on the count of three ...
4016,1984,7,19,91,117,1.2820512820512822,0.05269925046926825,665,I know... I know it's unbecoming....  but the dude has a wicked Oriental foot massage technique.
3740,1984,5,23,89,117,1.2820512820512822,0.049824557874277246,665,Lyft wasn't kidding about inclusion!
4130,1984,4,25,88,117,1.2820512820512822,0.0483231243923597,665,"The invitation said ""Bring you own food""."
1319,1984,7,19,91,117,1.2820512820512822,0.05269925046926825,665,"Please, Doc! You gotta help me get this monkey off my back!"
1450,1984,4,25,88,117,1.2820512820512822,0.0483231243923597,665,Thought he could jump the shark!
1424,1984,6,21,90,117,1.2820512820512822,0.05128205128205127,665,My therapist said to keep calm but...he's really pushing my limits here
3457,1984,6,21,90,117,1.2820512820512822,0.05128205128205127,665,What do you mean I have food on my face?
3246,1984,6,21,90,117,1.2820512820512822,0.05128205128205127,665,God is great.  God is good.  Let us thank him for this food.
2713,1984,3,27,87,117,1.2820512820512822,0.046773519588670424,665,I decided to try the new take-out spot everybody’s been raving about.
2646,1984,6,21,90,117,1.2820512820512822,0.05128205128205127,665,He feeds me.
2524,1984,6,21,90,117,1.2820512820512822,0.05128205128205127,665,I believe I was a surfboard in a previous life.
2473,1984,5,23,89,117,1.2820512820512822,0.049824557874277246,665,The jerk thinks I'm a coral reef- what the hell could I do??!
2436,1984,6,21,90,117,1.2820512820512822,0.05128205128205127,665,"Once you deliver them to their destinations, you get to eat 25%."
2226,1984,7,19,91,117,1.2820512820512822,0.05269925046926825,665,He'd better not start peeing...
2206,1984,8,17,92,117,1.2820512820512822,0.05407932337178789,665,Where's Katy Perry?
3720,1984,6,21,90,117,1.2820512820512822,0.05128205128205127,665,Wanna give him a pedicure?
2066,1984,5,23,89,117,1.2820512820512822,0.049824557874277246,665,Take-out for lunch
1358,1984,6,21,90,117,1.2820512820512822,0.05128205128205127,665,Did you tell him we charge for rides?
2019,1984,5,23,89,117,1.2820512820512822,0.049824557874277246,665,I knew I shouldn't have become a vegetarian...
1961,1984,9,15,93,117,1.2820512820512822,0.055425043371008176,665,"I like mine semi-dry, shaken, not stirred."
1952,1984,4,25,88,117,1.2820512820512822,0.0483231243923597,665,I'm saving this half for dinner.
1928,1984,8,17,92,117,1.2820512820512822,0.05407932337178789,665,Better than that shiatsu chair I bought.
1922,1984,5,23,89,117,1.2820512820512822,0.049824557874277246,665,"To combat our bad reputation, I thought I'd try the eco-tourism angle."
1895,1984,7,19,91,117,1.2820512820512822,0.05269925046926825,665,It's a new reality show that's a mash up of Shark Tank and Survivor.
1885,1984,4,25,88,117,1.2820512820512822,0.0483231243923597,665,I can't get him of my back.
3732,1984,7,19,91,117,1.2820512820512822,0.05269925046926825,665,Get paid to advertise on your head”
1852,1984,5,23,89,117,1.2820512820512822,0.049824557874277246,665,"Ok, I'm trying to get with the new ""Kindness PR"" thing for sharks, but this is way too irritating!"
3736,1984,8,17,92,117,1.2820512820512822,0.05407932337178789,665,I found him on decoys.com
1549,1984,7,19,91,117,1.2820512820512822,0.05269925046926825,665,He's a dentist. Can he fix my bite?
4196,1984,5,23,89,117,1.2820512820512822,0.049824557874277246,665,"Thanks to global warming, Sharq is the new Lyft."
1969,1984,3,27,87,117,1.2820512820512822,0.046773519588670424,665,"Seriously?""  ""I know... I just didn't have the heart to tell him..."
106,1984,4,25,88,117,1.2820512820512822,0.0483231243923597,665,The worst part is being taken for granted.
1213,1984,7,19,91,117,1.2820512820512822,0.05269925046926825,665,Did you order the human?
61,1984,5,23,89,117,1.2820512820512822,0.049824557874277246,665,He's found the sweet spot. I can't reach him.
83,1984,5,23,89,117,1.2820512820512822,0.049824557874277246,665,I work as a tourist trap.
6220,1984,6,21,90,117,1.2820512820512822,0.05128205128205127,665,Slim pickens this season.
6167,1984,5,23,89,117,1.2820512820512822,0.049824557874277246,665,First they came for the whales...
5663,1984,2,29,86,117,1.2820512820512822,0.04517078611651564,665,"Jaws"" Guilt..."
5641,1984,4,25,88,117,1.2820512820512822,0.0483231243923597,665,He thinks he's on solid footing... watch this.
5232,1984,4,25,88,117,1.2820512820512822,0.0483231243923597,665,"Yes, I am STILL working on it!"
5216,1984,7,19,91,117,1.2820512820512822,0.05269925046926825,665,Doctor says it will help me quit
5134,1984,3,27,87,117,1.2820512820512822,0.046773519588670424,665,I took him to Key West and now he wants to go to Mara Lago
5093,1984,7,19,91,117,1.2820512820512822,0.05269925046926825,665,You're so late that I decided to start lunch without you.
3580,1984,7,19,91,117,1.2820512820512822,0.05269925046926825,665,His feet tickle
4911,1984,5,23,89,117,1.2820512820512822,0.049824557874277246,665,It’s professional courtesy- he’s a lawyer who got in over his head.
4694,1984,7,19,91,117,1.2820512820512822,0.05269925046926825,665,"Well, he's a lawyer. And a very good one at that."
4472,1984,3,27,87,117,1.2820512820512822,0.046773519588670424,665,He promised that I  would star in the remake of “Jaws”.
3475,1984,7,19,91,117,1.2820512820512822,0.05269925046926825,665,I am regretting being a pescatarian...
5076,1984,4,25,88,117,1.2820512820512822,0.0483231243923597,665,I'm so sorry honey. I couldn't find a chubby one this week.
4261,1984,8,17,92,117,1.2820512820512822,0.05407932337178789,665,I think that's President Trump looking for his golf ball.
3749,2044,7,28,114,149,1.2818791946308725,0.04475028656172384,665,They’re endangered
4702,2044,7,28,114,149,1.2818791946308725,0.04475028656172384,665,"If I move, do you think he’ll yell SHARK?"
3005,2046,3,28,90,121,1.28099173553719,0.045791389015520885,665,We’re not allowed to bite until he learns to tread water.
2181,2046,7,20,94,121,1.28099173553719,0.05145692854512977,665,"They just don't fear us anymore ever since those ""Sharknado"" movies came out."
3537,2048,6,23,96,125,1.28,0.04898979485566356,665,"They said 'Nice board shorts,' but he heard 'nice bored sharks.'"
5911,2049,10,13,95,118,1.2796610169491525,0.05630671939770624,665,He came into the Tank promising his “patent pending” online beachwear had amazing sales and growth.  Now I’m literally keeping him afloat.
4491,2049,6,21,91,118,1.2796610169491525,0.050901752845606184,665,He's for my hard-to-scratch spots.
2623,2049,8,17,93,118,1.2796610169491525,0.0536723163841808,665,I thought I might as well bring lunch.
3758,2049,8,17,93,118,1.2796610169491525,0.0536723163841808,665,Fishing. Can you believe it?
980,2049,5,23,90,118,1.2796610169491525,0.049458304571739664,665,It’s a symbiotic relationship
628,2049,4,25,89,118,1.2796610169491525,0.04797144295793855,665,His toenails are a little sharp.
506,2049,6,21,91,118,1.2796610169491525,0.050901752845606184,665,At least with Scuber I get to set my own hours.
3638,2056,8,18,96,122,1.278688524590164,0.052394622447829935,665,We call the service “Unter.”
1420,2057,4,24,87,115,1.2782608695652173,0.04870218981939781,665,I figure with the current state of politics they’ve got enough going on.
1452,2057,6,20,89,115,1.2782608695652173,0.05173986756649167,665,I'm afraid if I eat him it'll affect my star rating.
1541,2057,9,14,92,115,1.2782608695652173,0.05598821125637304,665,"Enough of this, Are you ready to make a trade?"
1555,2057,2,28,85,115,1.2782608695652173,0.04546199171408151,665,I never leave without a packed lunch on my back.
1987,2057,8,16,91,115,1.2782608695652173,0.05460883168857887,665,"You know I am a vegan, Jessica."
1823,2057,2,28,85,115,1.2782608695652173,0.04546199171408151,665,Do we really want to attack the last member of the species that doesn't believe in global warming?
1799,2057,6,20,89,115,1.2782608695652173,0.05173986756649167,665,Wait'll he decides to step off!
1826,2057,6,20,89,115,1.2782608695652173,0.05173986756649167,665,Dark or light?
1861,2057,6,20,89,115,1.2782608695652173,0.05173986756649167,665,It's like Lyft and Uber Eats all in one.
1949,2057,6,20,89,115,1.2782608695652173,0.05173986756649167,665,"If you order a decoy, spend the extra money for the model that waves its arms and screams Help!"
1959,2057,6,20,89,115,1.2782608695652173,0.05173986756649167,665,"And then when back feels better,  you eat it!"
1619,2057,8,16,91,115,1.2782608695652173,0.05460883168857887,665,I haven't the heart to let him know I'm not a rock.
1960,2057,5,22,88,115,1.2782608695652173,0.0502439906307349,665,I’ll split him with you if you get him off my back
4592,2057,3,26,86,115,1.2782608695652173,0.047109956398917796,665,I felt guilty for taking a bite out of his surfboard
2143,2057,7,18,90,115,1.2782608695652173,0.05319369508780919,665,"Would you like to invite him for dinner, or shall I?"
3539,2057,6,20,89,115,1.2782608695652173,0.05173986756649167,665,"I know; I'm an embarrassment to my species"""
4125,2057,5,22,88,115,1.2782608695652173,0.0502439906307349,665,"Yes it's stylish, but the screaming is starting to bother me."
4220,2057,6,20,89,115,1.2782608695652173,0.05173986756649167,665,He’ll attract the tastier ones
4221,2057,5,22,88,115,1.2782608695652173,0.0502439906307349,665,It's a steady gig until they get the L train fixed...
4222,2057,6,20,89,115,1.2782608695652173,0.05173986756649167,665,Humans are a pain in the neck
4412,2057,7,18,90,115,1.2782608695652173,0.05319369508780919,665,Just when you thought it was safe to go back into the water.
4414,2057,4,24,87,115,1.2782608695652173,0.04870218981939781,665,"I'm tired of dining on all of these free loaders."""
4450,2057,3,26,86,115,1.2782608695652173,0.047109956398917796,665,"I  gave him a choice. Be my periscope, or be my lunch."
5111,2057,5,22,88,115,1.2782608695652173,0.0502439906307349,665,He's just a chum.
5122,2057,7,18,90,115,1.2782608695652173,0.05319369508780919,665,Let's grab lunch.
5270,2057,6,20,89,115,1.2782608695652173,0.05173986756649167,665,I could eat. All I had today was a bagel.
5391,2057,5,22,88,115,1.2782608695652173,0.0502439906307349,665,"I ordered carry out, and they  served me the counter man."
5395,2057,3,26,86,115,1.2782608695652173,0.047109956398917796,665,"As you'd guess from the legs, this species is called the Pale White."
5617,2057,4,24,87,115,1.2782608695652173,0.04870218981939781,665,I was catfished.
5807,2057,4,24,87,115,1.2782608695652173,0.04870218981939781,665,"He's an ""ocean half full"" kinda guy."
5927,2057,6,20,89,115,1.2782608695652173,0.05173986756649167,665,I'm using his GPS.
6214,2057,6,20,89,115,1.2782608695652173,0.05173986756649167,665,My plan is to take him six feet under.
3532,2057,6,20,89,115,1.2782608695652173,0.05173986756649167,665,Unfortunately we do not have a leg to stand on.
2039,2057,3,26,86,115,1.2782608695652173,0.047109956398917796,665,"Your turn, I need to go down"
3523,2057,8,16,91,115,1.2782608695652173,0.05460883168857887,665,He thinks he is on his surfboard!
3501,2057,5,22,88,115,1.2782608695652173,0.0502439906307349,665,Kiss me and I will Share.
2216,2057,6,20,89,115,1.2782608695652173,0.05173986756649167,665,They've really become too comfortable after that Nemo movie.
1355,2057,4,24,87,115,1.2782608695652173,0.04870218981939781,665,I like to marinate my meat first.
2328,2057,4,24,87,115,1.2782608695652173,0.04870218981939781,665,Seriously.  What did you do with his surfboard?
2636,2057,4,24,87,115,1.2782608695652173,0.04870218981939781,665,I caught this one off the coast oF Long Island
2656,2057,6,20,89,115,1.2782608695652173,0.05173986756649167,665,This politically correct thing is starting to grate
2737,2057,6,20,89,115,1.2782608695652173,0.05173986756649167,665,"It's a little demeaning, but my small business is thriving."
2778,2057,6,20,89,115,1.2782608695652173,0.05173986756649167,665,I thought this was a potluck!
2786,2057,5,22,88,115,1.2782608695652173,0.0502439906307349,665,Too lean for me. Wanna try a bite?
2854,2057,5,22,88,115,1.2782608695652173,0.0502439906307349,665,I’ve always wanted to be a dolphin.
2912,2057,5,22,88,115,1.2782608695652173,0.0502439906307349,665,"So I started driving for SCUBER  .
I mean I’m back and forth anyway."
2963,2057,4,24,87,115,1.2782608695652173,0.04870218981939781,665,"it's like their marshmallow test, Dear... just eat him right now and risk the beach closing down...or wait 15minutes and feast when all his idiot buddies join!"
2991,2057,5,22,88,115,1.2782608695652173,0.0502439906307349,665,He thinks this is the shallow end and I don't have the heart to tell him.
3066,2057,4,24,87,115,1.2782608695652173,0.04870218981939781,665,Well at least he’s no longer skateboarding.
3073,2057,6,20,89,115,1.2782608695652173,0.05173986756649167,665,Ugh . . . what fresh hell is this?
3203,2057,6,20,89,115,1.2782608695652173,0.05173986756649167,665,"Next time I`ll go for the deep tissue, instead of the Thai massage."
3213,2057,4,24,87,115,1.2782608695652173,0.04870218981939781,665,"So, I see yours jumped the shark."
3381,2057,6,20,89,115,1.2782608695652173,0.05173986756649167,665,"People are friends, not food."
3506,2057,8,16,91,115,1.2782608695652173,0.05460883168857887,665,Watch me do a 180 and end this stand up paddle boarding craze forever.
1167,2057,6,20,89,115,1.2782608695652173,0.05173986756649167,665,I joined Lyft. This gig economy is getting me down.
3122,2057,8,16,91,115,1.2782608695652173,0.05460883168857887,665,He thinks he can still touch here. At this point I don’t know how to leave.
68,2057,4,24,87,115,1.2782608695652173,0.04870218981939781,665,Did anyone order Scuba Eats?
14,2057,6,20,89,115,1.2782608695652173,0.05173986756649167,665,"The waters getting warmer, and I actually hope it’s climate change"
45,2057,6,20,89,115,1.2782608695652173,0.05173986756649167,665,It’s Ramadan.
97,2057,6,20,89,115,1.2782608695652173,0.05173986756649167,665,Thought I’d get a foot massage before dinner.
244,2057,4,24,87,115,1.2782608695652173,0.04870218981939781,665,I can set my own hours and don't need a medallion.
382,2057,4,24,87,115,1.2782608695652173,0.04870218981939781,665,"Well, it's a living..."
826,2057,6,20,89,115,1.2782608695652173,0.05173986756649167,665,I’m going to miss him after I eat him.
427,2057,4,24,87,115,1.2782608695652173,0.04870218981939781,665,"Professional courtesy to lawyers
Frank Buckley Andover, MA"
451,2057,4,24,87,115,1.2782608695652173,0.04870218981939781,665,I blame hoverboards.
494,2057,6,20,89,115,1.2782608695652173,0.05173986756649167,665,Well it’s better than being shark fin soup.
661,2057,5,22,88,115,1.2782608695652173,0.0502439906307349,665,He didn’t get the memo - it’s JUMP the shark idiot!
762,2057,3,26,86,115,1.2782608695652173,0.047109956398917796,665,It's part of my community service for that incident last summer.
815,2057,6,20,89,115,1.2782608695652173,0.05173986756649167,665,"It's like Uber, for sharks."
447,2057,5,22,88,115,1.2782608695652173,0.0502439906307349,665,Get Spielberg on the line. He needs to make another one
2519,2127,7,21,98,126,1.2777777777777777,0.04993823345387607,665,He seems so comfortable I can’t bear to disturb him by rolling over and eating him yet.
860,2128,7,19,93,119,1.2773109243697478,0.0519171956767333,665,What ever happened to the thrill of the hunt?
294,2128,7,19,93,119,1.2773109243697478,0.0519171956767333,665,"It's not my dream job, but he pays me scale."
5995,2128,9,15,95,119,1.2773109243697478,0.05459171103318449,665,"Just wait ‘til he tries 
to hang-ten."
2579,2128,4,25,90,119,1.2773109243697478,0.047624632775953885,665,He requested one last selfie.
1908,2128,5,23,91,119,1.2773109243697478,0.04909720460822299,665,"Great for your back, though"
5445,2133,4,28,98,130,1.2769230769230768,0.04504736077316696,665,It's a new Olympic Water Sport. . Shark Attack.
4456,2133,9,18,103,130,1.2769230769230768,0.051240293075978584,665,The dolphin said this was the best way to get more subscribers on YouTube.
2812,2135,6,20,90,116,1.2758620689655173,0.051347957389936166,665,Harvard Law. I'm stuck with him for the next twelve weeks.
574,2135,8,16,92,116,1.2758620689655173,0.05418913916165507,665,I ate his surfboard.
3796,2135,4,24,88,116,1.2758620689655173,0.048340072953567015,665,They would call it chum.
6033,2135,6,20,90,116,1.2758620689655173,0.051347957389936166,665,White meat or dark meat?
5109,2135,6,20,90,116,1.2758620689655173,0.051347957389936166,665,"So, now I'm a loan shark."
5536,2135,8,16,92,116,1.2758620689655173,0.05418913916165507,665,Which half do you want?
6094,2135,11,10,95,116,1.2758620689655173,0.05819139039003104,665,"Don't tell the guys, but I volunteer at You-Can-Swim on Fridays."
6232,2135,5,22,89,116,1.2758620689655173,0.049866699215382615,665,He started with with praise and small fishes just like he did with the Orcas.
1336,2143,6,23,98,127,1.2755905511811023,0.04831515160958265,665,"He's my brother-in-law. I tried to talk her out of it, but she said I was exhibiting a species bias."
5579,2144,6,21,93,120,1.275,0.05015731554340811,665,He wants one last selfie.
1363,2145,4,23,86,113,1.2743362831858407,0.04908741720232113,665,I’ve already had my day’s limit. Any interest?
1882,2145,5,21,87,113,1.2743362831858407,0.05067151409312536,665,Think of it as bait.
2017,2145,7,17,89,113,1.2743362831858407,0.05369970173362178,665,You want a Piece of this?
2069,2145,5,21,87,113,1.2743362831858407,0.05067151409312536,665,"He thinks I’m Flipper, lol"
1495,2145,7,17,89,113,1.2743362831858407,0.05369970173362178,665,Of course I could eat him. But you forgot I’m a vegan.
939,2145,4,23,86,113,1.2743362831858407,0.04908741720232113,665,Supposedly the adjustments will help with my lower fin issues. We'll see.
1236,2145,4,23,86,113,1.2743362831858407,0.04908741720232113,665,It's part of the corporate training they're making us do called Being the Master of Your Impulses or some such b.s. like that.
1222,2145,5,21,87,113,1.2743362831858407,0.05067151409312536,665,This joker is about to get a food chain lesson he'll never forget.
952,2145,2,27,84,113,1.2743362831858407,0.04575498772598014,665,I am planning on a light lunch.
2736,2145,6,19,88,113,1.2743362831858407,0.052207567970408965,665,"It's my lawyer, he's like family."
797,2145,5,21,87,113,1.2743362831858407,0.05067151409312536,665,The hardest part is giving up human.
709,2145,6,19,88,113,1.2743362831858407,0.052207567970408965,665,"He's outside my HMO coverage,but what he does for my dorsal pain is worth it's weight in seal."
696,2145,5,21,87,113,1.2743362831858407,0.05067151409312536,665,I wish they’d cut their toenails.
1316,2145,3,25,85,113,1.2743362831858407,0.04745046590603366,665,Works great for my sciatica.
2937,2145,4,23,86,113,1.2743362831858407,0.04908741720232113,665,What... like you don't have any fetishes?
3892,2145,4,23,86,113,1.2743362831858407,0.04908741720232113,665,"Oh
I thought it was a potluck!"
3002,2145,6,19,88,113,1.2743362831858407,0.052207567970408965,665,"I thought it looked nice... But if you really hate it that much, I’ll return it."
6263,2145,6,19,88,113,1.2743362831858407,0.052207567970408965,665,I can't talk now.  My food is burning.
6092,2145,6,19,88,113,1.2743362831858407,0.052207567970408965,665,Is this a good wishbone or what?
6019,2145,6,19,88,113,1.2743362831858407,0.052207567970408965,665,I bit his surfboard in half and this is part of the settlement.
5833,2145,7,17,89,113,1.2743362831858407,0.05369970173362178,665,Do you want the legs? I'm not a fan of dark meat.
5774,2145,7,17,89,113,1.2743362831858407,0.05369970173362178,665,One Man's Uber is another Shark's Grubhub.
5620,2145,8,15,90,113,1.2743362831858407,0.05515148029903649,665,"Yeah, he wants to settle down but you know me. I have to keep moving."
5326,2145,5,21,87,113,1.2743362831858407,0.05067151409312536,665,"I just ate, so I'm keeping him for tomorrow."
4991,2145,4,23,86,113,1.2743362831858407,0.04908741720232113,665,Its not my fault it you didn't pack a lunch
4965,2145,5,21,87,113,1.2743362831858407,0.05067151409312536,665,"Yes, Uber is hiring."
4713,2145,5,21,87,113,1.2743362831858407,0.05067151409312536,665,I ordered it this morning on Amazon.
4613,2145,4,23,86,113,1.2743362831858407,0.04908741720232113,665,He's all yours. I'll be the dolphin this time.
2942,2145,6,19,88,113,1.2743362831858407,0.052207567970408965,665,I told you I'd get a leg up on you.
4611,2145,4,23,86,113,1.2743362831858407,0.04908741720232113,665,"'Super Glue."""
4551,2145,4,23,86,113,1.2743362831858407,0.04908741720232113,665,We gotta start targeting these millennials.
4380,2145,6,19,88,113,1.2743362831858407,0.052207567970408965,665,Just let them think you're a dolphin. We'll catch more that way.
4188,2145,5,21,87,113,1.2743362831858407,0.05067151409312536,665,He won’t swim with us. He says wading is safer.
3938,2145,7,17,89,113,1.2743362831858407,0.05369970173362178,665,Ocean Uber Eats
408,2145,5,21,87,113,1.2743362831858407,0.05067151409312536,665,Lay off Killer. Our PR has been terrible since Jaws.
3818,2145,8,15,90,113,1.2743362831858407,0.05515148029903649,665,I'm going to be late tonight. ...my boss has been on my back all week.
3768,2145,8,15,90,113,1.2743362831858407,0.05515148029903649,665,"So I figured, what the hell, why not moonlight as a Segway?"
3765,2145,3,25,85,113,1.2743362831858407,0.04745046590603366,665,I prefer the pilot fish cleaning
3576,2145,8,15,90,113,1.2743362831858407,0.05515148029903649,665,"Don't laugh, it keeps the dorsal fin from showing. I can get super close before they realize I'm about to attack."
3185,2145,1,29,83,113,1.2743362831858407,0.04399421653933076,665,"Sure, take it.  But the upper half gave me gas."
3047,2145,2,27,84,113,1.2743362831858407,0.04575498772598014,665,"Don’t say a word...he was dog paddling and got tired, what was I suppose to do?"
4561,2145,5,21,87,113,1.2743362831858407,0.05067151409312536,665,I like a balanced diet.
361,2145,5,21,87,113,1.2743362831858407,0.05067151409312536,665,"It's called symbiosis, Barry. I get a back massage and he gets to not be lunch."
4192,2145,6,19,88,113,1.2743362831858407,0.052207567970408965,665,It sucks being vegan.
258,2145,6,19,88,113,1.2743362831858407,0.052207567970408965,665,"If he shouts ""Cowabunga!"" one more time he's an appetizer."
145,2145,5,21,87,113,1.2743362831858407,0.05067151409312536,665,I call it a periscope.
297,2145,4,23,86,113,1.2743362831858407,0.04908741720232113,665,He followed me home; can I keep him?
4927,2192,4,24,89,117,1.2735042735042734,0.04798309277084512,665,Hi sweetie. Just wanted to show you that I am not a bottom feeder.
2091,2192,5,22,90,117,1.2735042735042734,0.04949484223818946,665,Yeah! They’re not even as meaty  as the chicken wings down at  The Ocean Club.
1111,2192,7,18,92,117,1.2735042735042734,0.05238763060913073,665,It pays the bills.
1574,2195,6,18,86,110,1.2727272727272727,0.053108683487102765,665,Of course I'm hesitating--I was a broker in my previous life.
4625,2195,7,16,87,110,1.2727272727272727,0.05465654519932713,665,Vinny's experience with a lone shark did not go as planned.
4814,2195,3,24,83,110,1.2727272727272727,0.048167574648873286,665,It’s almost too easy nowadays.
4882,2195,4,22,84,110,1.2727272727272727,0.049869037678178706,665,He pays $500 a month in rent.
4615,2195,5,26,101,132,1.2727272727272727,0.04574278261975778,665,He’s starting to piss me off.
5160,2195,6,18,86,110,1.2727272727272727,0.053108683487102765,665,They are calling it Scuber.
5212,2195,3,24,83,110,1.2727272727272727,0.048167574648873286,665,I'm just waiting for it to marinate.
5264,2195,3,24,83,110,1.2727272727272727,0.048167574648873286,665,You're late! Dinner's getting cold
5899,2195,7,16,87,110,1.2727272727272727,0.05465654519932713,665,"If they take a selfie and don’t tag me, I eat them."
5698,2195,8,14,88,110,1.2727272727272727,0.05616176283307814,665,"I’ll admit, Uber Surfing is a niche market, but lunch is free."
1392,2195,3,24,83,110,1.2727272727272727,0.048167574648873286,665,"White man’s always keepin’ me down, man."
1310,2195,7,16,87,110,1.2727272727272727,0.05465654519932713,665,Vegan sucks.
133,2195,4,22,84,110,1.2727272727272727,0.049869037678178706,665,"I can't eat him he owes me money, so I'm forced to carry him for awhile."
1162,2195,5,20,85,110,1.2727272727272727,0.05151433383380236,665,It's a new fad with a huge downside
305,2195,6,18,86,110,1.2727272727272727,0.053108683487102765,665,Didn’t your mother ever tell you not to play with your food?
988,2195,6,18,86,110,1.2727272727272727,0.053108683487102765,665,"If this is what he thought they meant by 'swimming with the sharks', I'm going to show him what it means to put 'foot in mouth'."
5509,2195,4,22,84,110,1.2727272727272727,0.049869037678178706,665,Go ahead they taste like chicken.
4552,2195,5,20,85,110,1.2727272727272727,0.05151433383380236,665,"It's called a Watsu massage, it was developed by some hippie in California."
4596,2195,5,20,85,110,1.2727272727272727,0.05151433383380236,665,Wait!  He says his older brother will be bigger and tastier than he is.
4260,2195,5,20,85,110,1.2727272727272727,0.05151433383380236,665,This is what I get for eating his board.
1752,2195,10,10,90,110,1.2727272727272727,0.05905721757164464,665,Here’s your meat order!
1755,2195,4,22,84,110,1.2727272727272727,0.049869037678178706,665,Pet humans suck!
1948,2195,3,24,83,110,1.2727272727272727,0.048167574648873286,665,I'm using him as bait for something meatier
766,2195,5,20,85,110,1.2727272727272727,0.05151433383380236,665,The polls say it makes me less threatening.
1964,2195,6,18,86,110,1.2727272727272727,0.053108683487102765,665,Ever heard of the Marshmallow Test?
1975,2195,8,14,88,110,1.2727272727272727,0.05616176283307814,665,"HE THOUGHT THEY SAID BAREFOOT IN THE PARK, NOT SHARK"
2121,2195,5,20,85,110,1.2727272727272727,0.05151433383380236,665,"He just said come on in the water's fine. Tell the kids dinner will be ready in two minutes."""
5354,2195,7,19,95,121,1.2727272727272727,0.051157403079194336,665,It's a perfect meal. Surf & Turf.
4431,2195,5,20,85,110,1.2727272727272727,0.05151433383380236,665,"Are you a Nurse Shark?
He's gonna need you"
2494,2195,3,24,83,110,1.2727272727272727,0.048167574648873286,665,This is my final test in my weight loss management course.
5020,2195,5,23,93,121,1.2727272727272727,0.04839005885657973,665,Lyft was hiring. I needed money. Don't mess this up for me.
2734,2195,7,16,87,110,1.2727272727272727,0.05465654519932713,665,This new yoga is all the rage...humans climb on your back.
2794,2195,4,22,84,110,1.2727272727272727,0.049869037678178706,665,"Listen, I’m sick of this Circue de Soleil stuff. It’s your turn!"
2803,2195,4,22,84,110,1.2727272727272727,0.049869037678178706,665,"Yeah, I know how it looks, but Dolphin World was the only one hiring."
2826,2195,8,14,88,110,1.2727272727272727,0.05616176283307814,665,"Yes, but I’m a lot more tempted when he hangs ten."
3225,2195,5,20,85,110,1.2727272727272727,0.05151433383380236,665,Where would you like to have dinner tonight?
4187,2195,1,28,81,110,1.2727272727272727,0.0445702132008489,665,I'll do dinner tonight.
4248,2195,3,24,83,110,1.2727272727272727,0.048167574648873286,665,I've had this persistent headache since shark surfing became a trend.
2544,2195,5,20,85,110,1.2727272727272727,0.05151433383380236,665,I have no qualms about eating something that stupid.
834,2195,5,20,85,110,1.2727272727272727,0.05151433383380236,665,"Its an experiment, see if we can develop a symbiotic relationship."
3029,2235,2,33,101,136,1.2720588235294117,0.04104690945871262,665,Last client of the day.
3629,2236,4,22,85,111,1.2702702702702702,0.04947876710362073,665,It was funnier in the conception than the execution.
4925,2236,5,20,86,111,1.2702702702702702,0.05110722608295724,665,In five minutes time he won't have a leg to stand on
5370,2236,7,16,88,111,1.2702702702702702,0.054217606785018024,665,"I don't want to drive Uber forever, but it pays the bills for now."
3845,2239,6,22,98,126,1.2698412698412698,0.04835411495786609,665,He took me for a ride!
1239,2240,3,25,87,115,1.2695652173913043,0.04674245637679414,665,He used to keep a lookout perched on someone else's gigantic tail.
1064,2240,4,23,88,115,1.2695652173913043,0.048346794407005136,665,"I ate half, and I'm saving the rest for a snack later."
1369,2242,4,24,91,119,1.26890756302521,0.04728413719113198,665,So he doesn't realise he's standing on shaky ground.  Are you going to tell him?
1967,2242,5,22,92,119,1.26890756302521,0.04876699173833713,665,"Uber Boat may pay the bills, but nothing beats Uber Eats."
5658,2244,6,17,85,108,1.2685185185185186,0.05361052299778273,665,Let him post a few selfies first.
2720,2244,7,15,86,108,1.2685185185185186,0.0552010728394295,665,Incredible balance and breathe control.
5631,2244,3,23,82,108,1.2685185185185186,0.0485270787963912,665,Dinner's on the table.
2465,2244,4,21,83,108,1.2685185185185186,0.0502786996951927,665,They've become a lot more brazen since that cute baby shark song.
6099,2244,5,19,84,108,1.2685185185185186,0.051971318143448894,665,These Shark Week photographers are getting pretty bold.
2103,2244,5,19,84,108,1.2685185185185186,0.051971318143448894,665,I brought a little snack. Would you like a bite?
1707,2244,4,21,83,108,1.2685185185185186,0.0502786996951927,665,It’s a new anti man-eating intervention program.
1693,2244,5,19,84,108,1.2685185185185186,0.051971318143448894,665,I'm running him over to Martha's Vineyard and he promised to give me a toe.
1466,2244,4,21,83,108,1.2685185185185186,0.0502786996951927,665,"False sense of security, and then breakfast."
1389,2244,4,21,83,108,1.2685185185185186,0.0502786996951927,665,"I make chum change, but it’s a steady gig."
1354,2244,8,13,87,108,1.2685185185185186,0.05674705903526818,665,Welcome to the REAL Shark Tank!
1317,2244,5,19,84,108,1.2685185185185186,0.051971318143448894,665,Would you trim a little off the top?
1237,2244,3,23,82,108,1.2685185185185186,0.0485270787963912,665,He raised me from birth.
1000,2244,6,17,85,108,1.2685185185185186,0.05361052299778273,665,New hood ornament.
5,2244,4,21,83,108,1.2685185185185186,0.0502786996951927,665,It's called 'yoga'.  I hear the humans do it with goats in Portland.
122,2244,6,17,85,108,1.2685185185185186,0.05361052299778273,665,"Lighten up, it's casual Friday."
124,2244,4,21,83,108,1.2685185185185186,0.0502786996951927,665,They're from the gifted youth program
353,2244,4,21,83,108,1.2685185185185186,0.0502786996951927,665,I figured I'd give him a false sense of security.
384,2244,4,21,83,108,1.2685185185185186,0.0502786996951927,665,This is the next step after swimming with dolphins. It's also the last step.
2816,2244,6,17,85,108,1.2685185185185186,0.05361052299778273,665,Love your morsel fin
2989,2244,4,21,83,108,1.2685185185185186,0.0502786996951927,665,He asked if he could just stick around to so show his girlfriend”
5925,2244,4,21,83,108,1.2685185185185186,0.0502786996951927,665,Have you seen the guy with the tasty looking legs?
3330,2244,2,25,81,108,1.2685185185185186,0.046709818132625494,665,They gave me honorable mention for the ‘Family Beach Camouflaged Hat’ category.
5530,2244,6,17,85,108,1.2685185185185186,0.05361052299778273,665,I wasn’t that hungry so I’ll finish it later.
5481,2244,5,19,84,108,1.2685185185185186,0.051971318143448894,665,The hindquarters are not kosher.
4776,2244,5,19,84,108,1.2685185185185186,0.051971318143448894,665,"Uber and Lyft pay better, but maybe he’ll hang ten"
4706,2244,3,23,82,108,1.2685185185185186,0.0485270787963912,665,He gave up standing on principle long ago.
4684,2244,3,23,82,108,1.2685185185185186,0.0485270787963912,665,"Whadd ya mean , 'four squid is TOO much for a skinny one'? You do the shopping next time."
4356,2244,6,17,85,108,1.2685185185185186,0.05361052299778273,665,"You’ve never had a foot massage?  Oh, man, try it!"
4262,2244,5,19,84,108,1.2685185185185186,0.051971318143448894,665,Stopped smoking weeks ago but there is still a monkey on my back.
6027,2244,6,17,85,108,1.2685185185185186,0.05361052299778273,665,He’s my midnight snack.
4020,2244,6,17,85,108,1.2685185185185186,0.05361052299778273,665,Oh boy Surfer Surprise for dinner tonight!
4023,2244,4,21,83,108,1.2685185185185186,0.0502786996951927,665,Our dining experience just isn't the same. He hasn't looked up from his phone once.
3896,2244,7,15,86,108,1.2685185185185186,0.0552010728394295,665,"Karl, don't play with your food."
3862,2244,7,15,86,108,1.2685185185185186,0.0552010728394295,665,This one is a slam-dunk. I dunk him. You slam him.
3800,2244,4,21,83,108,1.2685185185185186,0.0502786996951927,665,Is being vegan written all over my fins?
3789,2244,5,19,84,108,1.2685185185185186,0.051971318143448894,665,"Scram! After he takes the selfie, he's my lunch."
6289,2244,4,21,83,108,1.2685185185185186,0.0502786996951927,665,"So, I launched into my Clint Eastwood as Dirty Harry impersonation.  I said 'you've got to ask yourself one question: Do I feel lucky? Well, do ya, punk?'  Epic non reaction. Zip, zero, nada."""
3748,2244,2,25,81,108,1.2685185185185186,0.046709818132625494,665,Bite me in the snout next time I say work well with people.
3474,2244,4,21,83,108,1.2685185185185186,0.0502786996951927,665,It's somewhat annoying but they taste way better when caught fresh.
3929,2244,4,21,83,108,1.2685185185185186,0.0502786996951927,665,"Humans are friends, not food Jim."
435,2244,4,21,83,108,1.2685185185185186,0.0502786996951927,665,I packed a lunch today.  You?
3668,2286,6,26,110,142,1.267605633802817,0.044602253291466165,665,I have to replace the board I damaged
3671,2287,5,21,90,116,1.2672413793103448,0.04952209178050024,665,Did you call UberEats?
3987,2287,6,19,91,116,1.2672413793103448,0.05101335719002964,665,As soon as I get hungry he won't have a leg to stand on.
5490,2289,5,19,85,109,1.2660550458715596,0.05155120411209087,665,The joke’s wearing fin.
328,2289,6,17,86,109,1.2660550458715596,0.05317350196022417,665,Jaws is finally out of syndication.
4167,2289,2,25,82,109,1.2660550458715596,0.04634482332994621,665,No cafeteria for me - I brought my lunch.
308,2289,3,23,83,109,1.2660550458715596,0.048142884363023324,665,"I know it's unconventional, but it really helps loosen up my back."
6245,2293,4,22,87,113,1.2654867256637168,0.048715645801597096,665,I was raised in Seaworld.
16,2293,5,20,88,113,1.2654867256637168,0.050311449579213414,665,Why do I always get stuck with the drumsticks?
6080,2295,5,25,102,132,1.2651515151515151,0.045449726014839965,665,Take out is always best the day after.
3751,2295,9,17,106,132,1.2651515151515151,0.05028239531724548,665,I could only eat half of it. Just wasn’t that hungry.
159,2297,7,17,93,117,1.264957264957265,0.05206205120365823,665,Now do you believe I used to work at Sea World?
5357,2298,5,17,80,102,1.2647058823529411,0.05383104241600498,665,I'm taking him home to meet my parents.
1372,2298,5,26,105,136,1.2647058823529411,0.04456922123197992,665,I eat anyone who gives me less than four stars.
2193,2300,4,20,82,106,1.2641509433962264,0.050694878168294905,665,"He said he's got an idea to get us on ""Shark Tank."""
2102,2300,3,22,81,106,1.2641509433962264,0.04889045053158236,665,"If you can't eat 'em, buoy 'em."
3402,2300,3,22,81,106,1.2641509433962264,0.04889045053158236,665,"If he takes another step or two, he's saltimbocca."
3921,2300,6,16,84,106,1.2641509433962264,0.05412355966797255,665,What can I do? He is a lawyer.
3908,2300,1,26,79,106,1.2641509433962264,0.04506536491083569,665,''I owe him 'cause I ate his surfboard.''
4012,2300,5,18,83,106,1.2641509433962264,0.052437250040552504,665,And I thought remoras were annoying.
1957,2300,3,22,81,106,1.2641509433962264,0.04889045053158236,665,"He calls it ""shark surfing,"" I call it ""toppings."""
2308,2300,1,26,79,106,1.2641509433962264,0.04506536491083569,665,Then pollution gets worse and worse each year.
2604,2300,1,26,79,106,1.2641509433962264,0.04506536491083569,665,"I think he said ""Hey guys, I found the sand bar!"""
2588,2300,5,18,83,106,1.2641509433962264,0.052437250040552504,665,They ran out of doggie bags.
2750,2300,6,16,84,106,1.2641509433962264,0.05412355966797255,665,"I'm totally addicted to home delivery; the food is always warm, too."
3685,2300,5,18,83,106,1.2641509433962264,0.052437250040552504,665,"I don’t care what he looks like.
He’s my son."
2837,2300,3,22,81,106,1.2641509433962264,0.04889045053158236,665,Perhaps a low I.Q. individual?
2901,2300,6,16,84,106,1.2641509433962264,0.05412355966797255,665,Just download the app: It’s “sharx” with an “x”
3014,2300,3,22,81,106,1.2641509433962264,0.04889045053158236,665,After the massage I'll share a leg with you.
3024,2300,6,16,84,106,1.2641509433962264,0.05412355966797255,665,I'm his Uber Pool.
3277,2300,5,18,83,106,1.2641509433962264,0.052437250040552504,665,"But,I saw him first !"
3298,2300,5,18,83,106,1.2641509433962264,0.052437250040552504,665,Water taxi is my side hustle
3327,2300,4,20,82,106,1.2641509433962264,0.050694878168294905,665,You ordered the legs?
3400,2300,7,14,85,106,1.2641509433962264,0.05575889373409183,665,The hard part was finding a taxidermist for this trophy.
2575,2300,4,20,82,106,1.2641509433962264,0.050694878168294905,665,He's head and shoulders above the rest.
3554,2300,4,20,82,106,1.2641509433962264,0.050694878168294905,665,I've got a bite.
5444,2300,4,20,82,106,1.2641509433962264,0.050694878168294905,665,"No, he can’t hang ten."
4206,2300,4,20,82,106,1.2641509433962264,0.050694878168294905,665,My back hasn't felt so good in years.
1905,2300,4,20,82,106,1.2641509433962264,0.050694878168294905,665,I can't decide to eat him or keep him as my personal masseuse. I must admit it feels good!
5313,2300,6,16,84,106,1.2641509433962264,0.05412355966797255,665,He’s a lawyer. It’s professional courtesy.
5272,2300,5,18,83,106,1.2641509433962264,0.052437250040552504,665,Pilot fish are so passé
5476,2300,7,14,85,106,1.2641509433962264,0.05575889373409183,665,How do I tell him?
5480,2300,0,28,78,106,1.2641509433962264,0.04302548773959012,665,Met him at Montauk.  Twenty bucks to take him to Sag Harbor ain't bad.
5259,2300,6,16,84,106,1.2641509433962264,0.05412355966797255,665,"Well, there are benefits for me too."
5544,2300,3,22,81,106,1.2641509433962264,0.04889045053158236,665,May I recommend a nice cabernet sauvignon to go with the gentleman’s entree?
5730,2300,6,16,84,106,1.2641509433962264,0.05412355966797255,665,"He ain’t heavy, he’s my chum"
5829,2300,7,14,85,106,1.2641509433962264,0.05575889373409183,665,It's a shame he didn't come with more legs.
5845,2300,6,16,84,106,1.2641509433962264,0.05412355966797255,665,Hey - find your own elasmobranchii craniosacral shiatsu practitioner.
6006,2300,3,22,81,106,1.2641509433962264,0.04889045053158236,665,"Your wife has you doing Meatless Mondays too, huh?"
6113,2300,8,12,86,106,1.2641509433962264,0.05734761328744995,665,It's funny. He said he was drowning in student debt. Now he calls me his loan shark.
5250,2300,3,22,81,106,1.2641509433962264,0.04889045053158236,665,You're right.  It is a bit like shiatsu.
6224,2300,3,22,81,106,1.2641509433962264,0.04889045053158236,665,Not for just anyone. He's a good chum.
6296,2300,4,20,82,106,1.2641509433962264,0.050694878168294905,665,Why am I giving him a joy ride? He gets relaxed and the meat will be tender!
5225,2300,7,14,85,106,1.2641509433962264,0.05575889373409183,665,My shrink says I keep giving up my power.
5197,2300,2,24,80,106,1.2641509433962264,0.047016822881431934,665,He does not take advantage of me! It's a symbiotic relationship.
4292,2300,5,18,83,106,1.2641509433962264,0.052437250040552504,665,"Just my luck, his feet stink to high heaven."
4347,2300,7,14,85,106,1.2641509433962264,0.05575889373409183,665,Why does the President always have to rely on us to keep him afloat?
4583,2300,4,20,82,106,1.2641509433962264,0.050694878168294905,665,His fearless naivety was so endearing I couldn't eat him.
4623,2300,7,14,85,106,1.2641509433962264,0.05575889373409183,665,"I made a deal. He’s on seal patrol.

Dan Barrett, Chatham, MA"
4693,2300,5,18,83,106,1.2641509433962264,0.052437250040552504,665,"As soon as I finish with this massage, maybe we can stop for a bite."
4788,2300,3,22,81,106,1.2641509433962264,0.04889045053158236,665,"I would eat this guy, but he's on my L3 and L5,  and dude, does that feel good or what!?"
4070,2300,5,18,83,106,1.2641509433962264,0.052437250040552504,665,He promised to convince the swim class kids that it wasn’t that deep
4827,2300,5,18,83,106,1.2641509433962264,0.052437250040552504,665,I hate to be a stereotype but will you bite him?
4899,2300,6,16,84,106,1.2641509433962264,0.05412355966797255,665,They taste much better semi-dried
4943,2300,4,20,82,106,1.2641509433962264,0.050694878168294905,665,I'm thinking of writing a country music song about it.
5024,2300,4,20,82,106,1.2641509433962264,0.050694878168294905,665,I've been trying to save money by bringing my lunch to work.
5050,2300,4,20,82,106,1.2641509433962264,0.050694878168294905,665,"Unfortunately, this is meatless Friday."
5102,2300,7,14,85,106,1.2641509433962264,0.05575889373409183,665,My client ignored the advice not to take the stand.
5178,2300,4,20,82,106,1.2641509433962264,0.050694878168294905,665,This intermittent fasting is getting harder and harder.
4879,2300,5,18,83,106,1.2641509433962264,0.052437250040552504,665,You familiar with The Marshmallow Test?
1898,2300,3,22,81,106,1.2641509433962264,0.04889045053158236,665,You should see the other half.
2543,2300,7,14,85,106,1.2641509433962264,0.05575889373409183,665,The stupid ones taste terrible!
1701,2300,4,20,82,106,1.2641509433962264,0.050694878168294905,665,"Life at the aquatic park sure isn’t Jaws, is it?”

Robert Van Brocklin, Portland, Ore"
1751,2300,8,12,86,106,1.2641509433962264,0.05734761328744995,665,I hear this all started with goat yoga.
169,2300,3,22,81,106,1.2641509433962264,0.04889045053158236,665,"I'm a vegan."""
186,2300,3,22,81,106,1.2641509433962264,0.04889045053158236,665,"My favorite, swimmer surprise!"
207,2300,5,18,83,106,1.2641509433962264,0.052437250040552504,665,Too easy.
255,2300,4,20,82,106,1.2641509433962264,0.050694878168294905,665,I know what Charles Addams would have done.
355,2300,6,16,84,106,1.2641509433962264,0.05412355966797255,665,Apparently the 'live surfboard' - thing is a trend now.
554,2300,2,24,80,106,1.2641509433962264,0.047016822881431934,665,Don’t even.
583,2300,2,24,80,106,1.2641509433962264,0.047016822881431934,665,"Be still, he is calling for his friends to swim over this way."
609,2300,4,20,82,106,1.2641509433962264,0.050694878168294905,665,This will be his last selfie
690,2300,5,18,83,106,1.2641509433962264,0.052437250040552504,665,Does this make me look fat?
760,2300,4,20,82,106,1.2641509433962264,0.050694878168294905,665,I ordered him sunny side up.
787,2300,5,18,83,106,1.2641509433962264,0.052437250040552504,665,I'm sick of this topping.
711,2300,4,20,82,106,1.2641509433962264,0.050694878168294905,665,I’m pretty sure it was Francine that gave him to me. Anyway I gotta be more careful when I’m drinking.
916,2300,5,18,83,106,1.2641509433962264,0.052437250040552504,665,I deal with this every year during Shark Week
1668,2300,5,18,83,106,1.2641509433962264,0.052437250040552504,665,I am just carrying a snack with me.
1667,2300,6,16,84,106,1.2641509433962264,0.05412355966797255,665,He’s marinating.
1511,2300,4,20,82,106,1.2641509433962264,0.050694878168294905,665,I’m a certified support animal.
817,2300,4,20,82,106,1.2641509433962264,0.050694878168294905,665,It's not deep.....
1168,2300,4,20,82,106,1.2641509433962264,0.050694878168294905,665,"He likes to do his own stunts, okay?"
1379,2300,6,16,84,106,1.2641509433962264,0.05412355966797255,665,You ordered Jake tartare?
1151,2300,0,28,78,106,1.2641509433962264,0.04302548773959012,665,"I know, but it feels so good on my bad back."
1103,2300,5,18,83,106,1.2641509433962264,0.052437250040552504,665,Does this human make me look fat?
1072,2300,4,20,82,106,1.2641509433962264,0.050694878168294905,665,I've decided to go back on the Paleo diet.
997,2300,3,22,81,106,1.2641509433962264,0.04889045053158236,665,"Your wish has come true, that is Mark Cuban."
1156,2300,4,20,82,106,1.2641509433962264,0.050694878168294905,665,Any idea what they mean by extreme surfing?
732,2384,4,21,85,110,1.2636363636363637,0.04947981741567324,665,He’s my spotter.
118,2384,4,21,85,110,1.2636363636363637,0.04947981741567324,665,"Here, you can have the bottom half."
303,2384,6,17,87,110,1.2636363636363637,0.05274337564352528,665,Are you ready to make a wish?
1546,2384,8,13,89,110,1.2636363636363637,0.0558164403832748,665,Do you smell something?
219,2388,6,22,102,130,1.2615384615384615,0.04703979735018118,665,Going vegan has been harder than expected.
832,2389,3,21,80,104,1.2596153846153846,0.04925735314273533,665,"Okay, but I only sold out to A man, not THE man."
1378,2389,3,21,80,104,1.2596153846153846,0.04925735314273533,665,"I don't care which cultures still eat our fins, I'm not gonna racially profile this guy!"
1944,2391,5,22,97,124,1.2580645161290323,0.047035048593734724,665,"Animal, vegetable, or mineral?"
2439,2392,4,19,82,105,1.2571428571428571,0.05068861239448445,665,"Yeah, but the pay is good."
1897,2392,5,17,83,105,1.2571428571428571,0.052464136413634656,665,If I let you take a bite it will ruin my rating.
4258,2392,3,21,81,105,1.2571428571428571,0.04884859510086344,665,Your order is ready.
4055,2392,7,13,85,105,1.2571428571428571,0.05584609185904446,665,But I do kinda admire his chutzpah
3925,2392,6,15,84,105,1.2571428571428571,0.05418150784888373,665,It’s the latest thing at my yoga studio.
3688,2392,5,17,83,105,1.2571428571428571,0.052464136413634656,665,I've been working for Green Surfboard for a year now.
3678,2392,4,19,82,105,1.2571428571428571,0.05068861239448445,665,"Well, how do you carry “take-out”?"
3676,2392,3,21,81,105,1.2571428571428571,0.04884859510086344,665,"If I can't get a seal, he's my Plan B ..."
3673,2392,5,17,83,105,1.2571428571428571,0.052464136413634656,665,"For dramatic effect I have him make the “dunn dun, dunn dun” noise as I approach the shore."
3389,2392,4,19,82,105,1.2571428571428571,0.05068861239448445,665,We'll attack after he posts his selfie.
3326,2392,3,21,81,105,1.2571428571428571,0.04884859510086344,665,"Welcome to Shark Tank, Mr. Johnson."
3317,2392,2,23,80,105,1.2571428571428571,0.04693650029750745,665,My therapist told me it would help with developing patience
3295,2392,3,21,81,105,1.2571428571428571,0.04884859510086344,665,"He was a surfer, I missed."
3271,2392,6,15,84,105,1.2571428571428571,0.05418150784888373,665,I like to play with my food first . . . you?
3209,2392,2,23,80,105,1.2571428571428571,0.04693650029750745,665,They say it's good for your posture.
3038,2392,6,15,84,105,1.2571428571428571,0.05418150784888373,665,What? You've never had chicken legs before?
3008,2392,4,19,82,105,1.2571428571428571,0.05068861239448445,665,Sorry I can't fish with you today; he doesn't know how to swim.
2808,2392,5,17,83,105,1.2571428571428571,0.052464136413634656,665,"I never though massage therapy was this good,Bob"
2729,2392,6,15,84,105,1.2571428571428571,0.05418150784888373,665,Ya wanna come over for some leftovers?
2718,2392,2,23,80,105,1.2571428571428571,0.04693650029750745,665,I have the profile of a surfboard.
2637,2392,6,15,84,105,1.2571428571428571,0.05418150784888373,665,"I was typecast as “Jaws,” my career dried up and now I’m doing this."
2535,2392,7,13,85,105,1.2571428571428571,0.05584609185904446,665,i left you half.
2020,2392,5,17,83,105,1.2571428571428571,0.052464136413634656,665,We’ll both die if I stop moving.
2038,2392,4,19,82,105,1.2571428571428571,0.05068861239448445,665,He's auditioning for America's Got Talent.
2070,2392,6,15,84,105,1.2571428571428571,0.05418150784888373,665,They're too stupid to eat.
2293,2392,4,19,82,105,1.2571428571428571,0.05068861239448445,665,I'm using him a bait.
2116,2392,3,21,81,105,1.2571428571428571,0.04884859510086344,665,"Hi, honey--I brought dinner."
5077,2392,6,15,84,105,1.2571428571428571,0.05418150784888373,665,He doesn’t know my favorite story is “The Gingerbread Man”!
4428,2392,5,17,83,105,1.2571428571428571,0.052464136413634656,665,Because he lost his flippers.
6216,2392,4,19,82,105,1.2571428571428571,0.05068861239448445,665,Let's just say he's my wingman.
6145,2392,5,17,83,105,1.2571428571428571,0.052464136413634656,665,"No Bob, it’s called ashiatsu massage."
6107,2392,4,19,82,105,1.2571428571428571,0.05068861239448445,665,I ate his surf board and this is what the judge came up with.  It's only on the weekends until i can come up with the cash.  But you can eat him if you want...
6084,2392,5,17,83,105,1.2571428571428571,0.052464136413634656,665,You want him? I gave up meat for lent.
6038,2392,4,19,82,105,1.2571428571428571,0.05068861239448445,665,This new rideshare gig is a pain in the neck.
5981,2392,5,17,83,105,1.2571428571428571,0.052464136413634656,665,"I'll take him out past the surf-line,and we can all have a bite."
5973,2392,6,15,84,105,1.2571428571428571,0.05418150784888373,665,"I'm trying.  I'm really trying."""
5967,2392,7,13,85,105,1.2571428571428571,0.05584609185904446,665,It's Japanese. It's called shiatsu.
5851,2392,2,23,80,105,1.2571428571428571,0.04693650029750745,665,This is getting too easy
5630,2392,6,15,84,105,1.2571428571428571,0.05418150784888373,665,I’ll eat him right after he’s done with my massage!
5590,2392,6,15,84,105,1.2571428571428571,0.05418150784888373,665,He's pushing my vegan commitment to the limits.
5486,2392,4,19,82,105,1.2571428571428571,0.05068861239448445,665,"Oh I know, I'm saving it for later."
5318,2392,2,23,80,105,1.2571428571428571,0.04693650029750745,665,he's pitching a shark repellant on Shark Tank
5188,2392,3,21,81,105,1.2571428571428571,0.04884859510086344,665,How about we split 50-50?
5116,2392,3,21,81,105,1.2571428571428571,0.04884859510086344,665,"Then why do I feel like I’m at the bottom-of-the-foot chain, Gary?"
1832,2392,5,17,83,105,1.2571428571428571,0.052464136413634656,665,I'm just giving him a false sense of security.
5053,2392,4,19,82,105,1.2571428571428571,0.05068861239448445,665,I saw him first!
5041,2392,8,11,86,105,1.2571428571428571,0.0574624760959621,665,It's take out.
5010,2392,3,21,81,105,1.2571428571428571,0.04884859510086344,665,Give me a break.  I owe him one.  I ate his mother.
4895,2392,3,21,81,105,1.2571428571428571,0.04884859510086344,665,I am saving him -- for Lunch.
4849,2392,6,15,84,105,1.2571428571428571,0.05418150784888373,665,It feels so good on my back I am not even hungry.
4794,2392,6,15,84,105,1.2571428571428571,0.05418150784888373,665,But you said you couldn't 'stand' humans.
4768,2392,4,19,82,105,1.2571428571428571,0.05068861239448445,665,"Go ahead and laugh, I'm trying out a 'Stand Up' comedy routine"
4689,2392,2,23,80,105,1.2571428571428571,0.04693650029750745,665,Do you want the legs or the chest?
4674,2392,6,15,84,105,1.2571428571428571,0.05418150784888373,665,You just download the app.
4652,2392,4,19,82,105,1.2571428571428571,0.05068861239448445,665,"It's a temporary symbiotic relationship; he likes to surf, I like to eat."
4567,2392,5,17,83,105,1.2571428571428571,0.052464136413634656,665,You’re acting like you’ve never seen a Hammertoe shark before.
4304,2392,5,17,83,105,1.2571428571428571,0.052464136413634656,665,I am bringing him home for dinner.
1829,2392,4,19,82,105,1.2571428571428571,0.05068861239448445,665,He thinks he's standing on the sand. Should we tell him?
1784,2392,3,21,81,105,1.2571428571428571,0.04884859510086344,665,Do I tell him?
1746,2392,2,23,80,105,1.2571428571428571,0.04693650029750745,665,Go look -- it feels like a set-up.
6,2392,3,21,81,105,1.2571428571428571,0.04884859510086344,665,What? I can't get a massage once in a while?
41,2392,7,13,85,105,1.2571428571428571,0.05584609185904446,665,I'm a surfboard.  This is my life now.
42,2392,6,15,84,105,1.2571428571428571,0.05418150784888373,665,I feel so much better since I went vegan.
60,2392,4,19,82,105,1.2571428571428571,0.05068861239448445,665,"Wait until you see him, he's scarier than my dorsal fin could ever be."
167,2392,6,15,84,105,1.2571428571428571,0.05418150784888373,665,Does this hat make my fin look fat?
212,2392,4,19,82,105,1.2571428571428571,0.05068861239448445,665,It’s a great bait
225,2392,4,19,82,105,1.2571428571428571,0.05068861239448445,665,I never go anywhere without a snack.
326,2392,3,21,81,105,1.2571428571428571,0.04884859510086344,665,"Yeah, but if I get hungry, I just dive."
349,2392,2,23,80,105,1.2571428571428571,0.04693650029750745,665,"I know this sounds crazy, but I feel like if I say something, that makes me the rude one."
354,2392,6,15,84,105,1.2571428571428571,0.05418150784888373,665,"On the other hand, if I do dispose of him, I'll never get rid of those pesky remoras."
563,2392,6,15,84,105,1.2571428571428571,0.05418150784888373,665,I love posing as a sandbar before dinner.
945,2392,7,13,85,105,1.2571428571428571,0.05584609185904446,665,"You Frank? Good, here's your Scuber Eats delivery."
1012,2392,6,15,84,105,1.2571428571428571,0.05418150784888373,665,My internist recommended daily back-walking spinal manipulations to release stress-related dorsal fin tension.
1043,2392,5,17,83,105,1.2571428571428571,0.052464136413634656,665,Perhaps Darwin was right.  This guy claims he is my Uncle Bill.
47,2392,6,15,84,105,1.2571428571428571,0.05418150784888373,665,I’m part of a new Uber service
1458,2392,5,17,83,105,1.2571428571428571,0.052464136413634656,665,What did you do with the other half?
1097,2392,3,21,81,105,1.2571428571428571,0.04884859510086344,665,It's supposed to help with headaches.
1105,2392,5,17,83,105,1.2571428571428571,0.052464136413634656,665,"Get out of the way, I need five stars for this ride."
1712,2392,5,17,83,105,1.2571428571428571,0.052464136413634656,665,"I’m letting him rest for a moment, they say it makes the meat more tender."
1179,2392,4,19,82,105,1.2571428571428571,0.05068861239448445,665,They're better when you marinate them.
1091,2392,5,17,83,105,1.2571428571428571,0.052464136413634656,665,"I don't think he understands the whole ""jumping the shark"" thing."
1228,2392,5,17,83,105,1.2571428571428571,0.052464136413634656,665,When he jumped onboard he kept calling me Uber.
1281,2392,4,19,82,105,1.2571428571428571,0.05068861239448445,665,"This 'Vegan Shark' ploy is brilliant, Bruce.  Just two more days..."""
1431,2392,7,13,85,105,1.2571428571428571,0.05584609185904446,665,He's gonna have to get a bigger shark.
1655,2392,4,19,82,105,1.2571428571428571,0.05068861239448445,665,Parasite Laws are Horrible!
1461,2392,5,17,83,105,1.2571428571428571,0.052464136413634656,665,Do you know what it's like to be stuck with Richard Dreyfuss
1587,2392,7,13,85,105,1.2571428571428571,0.05584609185904446,665,"He won the Shark Tank, and I lost."
4000,2479,4,21,88,113,1.2566371681415929,0.04832654847926019,665,Got any ketchup?
1625,2480,4,22,91,117,1.2564102564102564,0.047255733568745614,665,He thinks he's having a fabulous ride on his surfboard
3466,2481,8,10,84,102,1.2549019607843137,0.05859659844406078,665,He's a stand-up type of guy.
3446,2481,4,18,80,102,1.2549019607843137,0.051546223005715035,665,"Yes, I’m now employed  by Uber."
3370,2481,3,20,79,102,1.2549019607843137,0.049627371937167965,665,In about 2 seconds: the 'sandbar' strikes back.
5992,2481,3,20,79,102,1.2549019607843137,0.049627371937167965,665,He says he's a lawyer and wants professional courtesy.
5956,2481,5,16,81,102,1.2549019607843137,0.05339616247371909,665,"A little to the left...aaaaahhhhh, that's it!"
1994,2481,1,24,77,102,1.2549019607843137,0.04554779823284773,665,I've heard they taste better with a squeeze of lemon.
5723,2481,6,14,82,102,1.2549019607843137,0.05518412115531701,665,Fresh and convenient
5718,2481,3,20,79,102,1.2549019607843137,0.049627371937167965,665,You can  take his better half
3344,2481,5,16,81,102,1.2549019607843137,0.05339616247371909,665,And I'm not even hungry now.
5629,2481,2,22,78,102,1.2549019607843137,0.047631281576555405,665,"I am interviewing for Sea World,will you be a reference?"
5352,2481,7,12,83,102,1.2549019607843137,0.056915940547878206,665,I was told it was potluck.
5948,2481,3,20,79,102,1.2549019607843137,0.049627371937167965,665,"No thanks, I brought my lunch from home today."""
3217,2481,6,14,82,102,1.2549019607843137,0.05518412115531701,665,We met on Tinder. He thinks I'm of a plankton-eating variety.
2714,2481,5,16,81,102,1.2549019607843137,0.05339616247371909,665,"Nobody fears us since ""Baby Shark Doo Doo"" came out."
3140,2481,2,22,78,102,1.2549019607843137,0.047631281576555405,665,"Don’t do it, Sid. Remember what Mom said. Those things’ll cause splinters in your throat."
3117,2481,7,12,83,102,1.2549019607843137,0.056915940547878206,665,My overbite is the problem.
3090,2481,5,16,81,102,1.2549019607843137,0.05339616247371909,665,I had to take a 2nd job as a lyft driver.
2877,2481,7,12,83,102,1.2549019607843137,0.056915940547878206,665,Jesus is up to his old tricks again.
2836,2481,4,18,80,102,1.2549019607843137,0.051546223005715035,665,"He's on thin ice, well, was on thin ice."
2671,2481,5,16,81,102,1.2549019607843137,0.05339616247371909,665,He thought he was appearing ON Shark Tank! Heh
2574,2481,2,22,78,102,1.2549019607843137,0.047631281576555405,665,Invitation said we're all supposed to wear party hats.
2433,2481,4,18,80,102,1.2549019607843137,0.051546223005715035,665,I want to eat him but hes growing on me....
2234,2481,4,18,80,102,1.2549019607843137,0.051546223005715035,665,"I'm trying to be dolphin-like, but I should just be myself."
1753,2481,3,20,79,102,1.2549019607843137,0.049627371937167965,665,I told the wife I'd bring home dinner.
1874,2481,4,18,80,102,1.2549019607843137,0.051546223005715035,665,It’s my side hustle.
1983,2481,2,22,78,102,1.2549019607843137,0.047631281576555405,665,That's it. I'm so done entertaining people at SeaWorld.
2129,2481,3,20,79,102,1.2549019607843137,0.049627371937167965,665,"Well, I get great back massages and luckily for him, it curbs my appetite."
3182,2481,3,20,79,102,1.2549019607843137,0.049627371937167965,665,I'm thinking about the roll and snap maneuver.
3549,2481,6,14,82,102,1.2549019607843137,0.05518412115531701,665,Back off! Get your own surfwich!
3674,2481,4,18,80,102,1.2549019607843137,0.051546223005715035,665,"I wasn't very hungry, so I got half my lunch to go."
3621,2481,9,8,85,102,1.2549019607843137,0.06023037780040406,665,Go away. We're a lone shark.
4219,2481,5,16,81,102,1.2549019607843137,0.05339616247371909,665,Looks like six more weeks of winter.
4218,2481,4,18,80,102,1.2549019607843137,0.051546223005715035,665,Don’t judge.
3888,2481,6,14,82,102,1.2549019607843137,0.05518412115531701,665,It started a few months ago as a small bump on my back!
3868,2481,4,18,80,102,1.2549019607843137,0.051546223005715035,665,"Honey,I can’t get dinner off my mind."
3861,2481,3,20,79,102,1.2549019607843137,0.049627371937167965,665,"Just be honest with me, how bad does it look?"
4240,2481,0,26,76,102,1.2549019607843137,0.0433643270799318,665,The doctor says it’ll clear up if I swim in colder waters.
3792,2481,6,14,82,102,1.2549019607843137,0.05518412115531701,665,"When it stops itching, then we'll eat."
4270,2481,5,16,81,102,1.2549019607843137,0.05339616247371909,665,It's for later.
4354,2481,4,18,80,102,1.2549019607843137,0.051546223005715035,665,I get no respect.
4367,2481,5,16,81,102,1.2549019607843137,0.05339616247371909,665,And heʻs singing the Baby Shark song
4385,2481,3,20,79,102,1.2549019607843137,0.049627371937167965,665,Think cognitive dissonance.
4395,2481,2,22,78,102,1.2549019607843137,0.047631281576555405,665,It's my sinuses. Feels like something is sitting on my face.
3784,2481,7,12,83,102,1.2549019607843137,0.056915940547878206,665,He doesn't understand who the frog and who the scorpion is in this scenario
5126,2481,7,12,83,102,1.2549019607843137,0.056915940547878206,665,el stupido here thinks he's jumped the shark!
4430,2481,4,18,80,102,1.2549019607843137,0.051546223005715035,665,He hasn’t  seen the movie yet!
4484,2481,4,18,80,102,1.2549019607843137,0.051546223005715035,665,He says he has my back.
3700,2481,6,14,82,102,1.2549019607843137,0.05518412115531701,665,And I though remoras were a pain.
1708,2481,3,20,79,102,1.2549019607843137,0.049627371937167965,665,Another whale watcher.
4498,2481,3,20,79,102,1.2549019607843137,0.049627371937167965,665,"What was I to do? I ate his mother, and he needed a ride home."
4525,2481,6,14,82,102,1.2549019607843137,0.05518412115531701,665,"Hey, George, can you help me out?  Is this a pimple on my forehead?"
4539,2481,6,14,82,102,1.2549019607843137,0.05518412115531701,665,'Dolphin gigs pay.'
4574,2481,5,16,81,102,1.2549019607843137,0.05339616247371909,665,I think you’re right. This is an  unanticipated shift in the service economy.
4701,2481,4,18,80,102,1.2549019607843137,0.051546223005715035,665,"He's on top of me, isn't he?"
4730,2481,6,14,82,102,1.2549019607843137,0.05518412115531701,665,We can't bite him. Ecotourism is where the money's at.
4828,2481,3,20,79,102,1.2549019607843137,0.049627371937167965,665,"You can have him, he's gluten free."
4919,2481,7,12,83,102,1.2549019607843137,0.056915940547878206,665,It is called Uber and it pays quite well
4920,2481,6,14,82,102,1.2549019607843137,0.05518412115531701,665,It’s a new X-Game sport... sharkboarding.
5070,2481,5,16,81,102,1.2549019607843137,0.05339616247371909,665,I’m helping out with the shark watch.”
4482,2481,3,20,79,102,1.2549019607843137,0.049627371937167965,665,"I drive for Uber.  The money's not so good, but meals are free."
1626,2481,4,18,80,102,1.2549019607843137,0.051546223005715035,665,I hate working at Sea World.
1019,2481,7,12,83,102,1.2549019607843137,0.056915940547878206,665,"It's an investment, he is posting on Instagram."
1603,2481,4,18,80,102,1.2549019607843137,0.051546223005715035,665,We're hoping to go viral.
33,2481,4,18,80,102,1.2549019607843137,0.051546223005715035,665,Whadda think of my new hat?
50,2481,5,16,81,102,1.2549019607843137,0.05339616247371909,665,"Hey, I don’t see you having any luck finding a job"
300,2481,5,16,81,102,1.2549019607843137,0.05339616247371909,665,I told him I was a dolphin in disguise.
316,2481,4,18,80,102,1.2549019607843137,0.051546223005715035,665,You can't let people walk all over you.
464,2481,2,22,78,102,1.2549019607843137,0.047631281576555405,665,He got on at Coney Island !
520,2481,4,18,80,102,1.2549019607843137,0.051546223005715035,665,This is EXACTLY what it looks like.
623,2481,4,18,80,102,1.2549019607843137,0.051546223005715035,665,It’s my new start up. I call it ‘Under Eats’.  You think it has fins?
655,2481,3,20,79,102,1.2549019607843137,0.049627371937167965,665,He needs work on his sea legs.
796,2481,4,18,80,102,1.2549019607843137,0.051546223005715035,665,The store was fresh out of periscopes.
844,2481,3,20,79,102,1.2549019607843137,0.049627371937167965,665,I can’t believe you didn’t get the Aquaman 2 callback too.
925,2481,3,20,79,102,1.2549019607843137,0.049627371937167965,665,"When I volunteered to be a ""support"" animal, I thought it meant emotional support."
1604,2481,6,14,82,102,1.2549019607843137,0.05518412115531701,665,He's looking for Spielberg. He works for me.
1052,2481,4,18,80,102,1.2549019607843137,0.051546223005715035,665,I'm trying to eat smarter.
1084,2481,3,20,79,102,1.2549019607843137,0.049627371937167965,665,"Here's your delivery, thanks for using UberEats."
1113,2481,2,22,78,102,1.2549019607843137,0.047631281576555405,665,My kind of restaurant. Standing room only.
1118,2481,4,18,80,102,1.2549019607843137,0.051546223005715035,665,Should I tell him I ate his paddle board?
1148,2481,6,14,82,102,1.2549019607843137,0.05518412115531701,665,Growth? What growth?
1214,2481,6,14,82,102,1.2549019607843137,0.05518412115531701,665,My lawyer's pulling rank.
1254,2481,4,18,80,102,1.2549019607843137,0.051546223005715035,665,"No thanks, I don't need to go out for lunch.  I brought mine."
1505,2481,5,16,81,102,1.2549019607843137,0.05339616247371909,665,Never fails. These inflatable humans always manage to scare the baby sharks.
1553,2481,5,16,81,102,1.2549019607843137,0.05339616247371909,665,"After synchronized swimming, I'm having him for dinner."
4573,2565,6,15,85,106,1.2547169811320755,0.05372272622101011,665,I just ate breakfast at the 'Ride a Dolphin' attraction and picked us up some take-out.
957,2565,7,13,86,106,1.2547169811320755,0.05536990005350171,665,"The ""Coral Seas"" now has take-out."
5860,2565,6,15,85,106,1.2547169811320755,0.05372272622101011,665,I guess one sandy surface feels like any other.
2931,2565,2,23,81,106,1.2547169811320755,0.04655484115909928,665,"I find when I'm using a teenage bait I can land those lifeguards 1,2,3."
2690,2569,4,20,86,110,1.2545454545454546,0.04907206261035535,665,The flailing is more inspired when they're well rested.
3265,2569,3,22,85,110,1.2545454545454546,0.04734196507794969,665,"I always thought that ""headstand"" was something different!"
2682,2571,5,22,99,126,1.253968253968254,0.04637529163765117,665,It's Barnacle Bill again.
2997,2571,5,22,99,126,1.253968253968254,0.04637529163765117,665,I did the damn music!
2752,2573,4,17,78,99,1.2525252525252526,0.05244670085248555,665,It's Mueller. He's riding it out.
2702,2573,5,15,79,99,1.2525252525252526,0.054376460841029636,665,It’s a symbiotic relationship so back off.
2743,2573,4,17,78,99,1.2525252525252526,0.05244670085248555,665,I just feel bad for the ones who can't even swim.
2796,2573,5,15,79,99,1.2525252525252526,0.054376460841029636,665,This guy is very lucky that I'm not ticklish.
2829,2573,3,19,77,99,1.2525252525252526,0.05044316967661914,665,It is such a hassle bringing your own food to the beach.
2698,2573,5,15,79,99,1.2525252525252526,0.054376460841029636,665,The food chain is a bit screwed up.
2663,2573,3,19,77,99,1.2525252525252526,0.05044316967661914,665,Meh. They taste like chicken.
2287,2573,4,17,78,99,1.2525252525252526,0.05244670085248555,665,I was burned out.  I am trying something meaningful.
2427,2573,4,17,78,99,1.2525252525252526,0.05244670085248555,665,"Take over for me,  Will you? I’ve just got to get a bite to eat."
3018,2573,5,15,79,99,1.2525252525252526,0.054376460841029636,665,Another twenty seconds and I get to scratch his.
2243,2573,5,15,79,99,1.2525252525252526,0.054376460841029636,665,"Mom, I’m a dolphin"
2224,2573,4,17,78,99,1.2525252525252526,0.05244670085248555,665,"I try not to cause panics, but they really make it hard."
2048,2573,4,17,78,99,1.2525252525252526,0.05244670085248555,665,He's lucky we've gone vegan last week.
2037,2573,5,15,79,99,1.2525252525252526,0.054376460841029636,665,"INFESTED with humans, more like."
2026,2573,3,19,77,99,1.2525252525252526,0.05044316967661914,665,I don't have the heart to tell him that he won't have a leg to stand on.
2025,2573,4,17,78,99,1.2525252525252526,0.05244670085248555,665,How long do we need to support this guy !
1962,2573,5,15,79,99,1.2525252525252526,0.054376460841029636,665,I just wish the lifeguard would get off my back.
1834,2573,5,15,79,99,1.2525252525252526,0.054376460841029636,665,It’s called “Sea Uber”. I’m taking this one to Montauk.
1748,2573,3,19,77,99,1.2525252525252526,0.05044316967661914,665,Let's wait until he's finished texting.
2582,2573,4,17,78,99,1.2525252525252526,0.05244670085248555,665,"Relax, there's no top part."""
3102,2573,0,25,74,99,1.2525252525252526,0.04388717554327719,665,I thought 'getting then off your back' was just a manner of speaking!
3571,2573,4,17,78,99,1.2525252525252526,0.05244670085248555,665,You take the bottom half
3193,2573,4,17,78,99,1.2525252525252526,0.05244670085248555,665,You like it? I picked it up on vacation.
6178,2573,2,21,76,99,1.2525252525252526,0.04835669864391352,665,Do you want him or not?
6281,2573,5,15,79,99,1.2525252525252526,0.054376460841029636,665,"""Yeah, but the sciatica relief is unparalleled."
5917,2573,2,21,76,99,1.2525252525252526,0.04835669864391352,665,"Brining and sun drying: salt, fat, acid, heat.  Don't you read?"
5861,2573,1,23,75,99,1.2525252525252526,0.04617604617604616,665,He does wonders for my sciatica
5802,2573,4,17,78,99,1.2525252525252526,0.05244670085248555,665,He thinks I'm a dolphin rescuing him.
5783,2573,3,19,77,99,1.2525252525252526,0.05044316967661914,665,I'm delaying gratification.
5557,2573,6,13,80,99,1.2525252525252526,0.056240044068990115,665,... and they think they are at the top of the food chain.
5469,2573,5,15,79,99,1.2525252525252526,0.054376460841029636,665,"So, how shall I convince him that he doesn't have a leg to stand on?"
5468,2573,2,21,76,99,1.2525252525252526,0.04835669864391352,665,He didn't want me to be a lone shark.
5463,2573,3,19,77,99,1.2525252525252526,0.05044316967661914,665,I need to find a new job.
5092,2573,2,21,76,99,1.2525252525252526,0.04835669864391352,665,It's one of those no frills around the world cruise
4979,2573,6,13,80,99,1.2525252525252526,0.056240044068990115,665,I'm waiting for just the right moment
3159,2573,7,11,81,99,1.2525252525252526,0.058043824996013745,665,"Don't touch, I'm working.  How else did you think these dumb humans participate in Synchronized Swimming."""
4906,2573,6,13,80,99,1.2525252525252526,0.056240044068990115,665,"I wanted to have it removed, but insurance wouldn’t cover it."
4772,2573,6,13,80,99,1.2525252525252526,0.056240044068990115,665,He’s really not getting my drift.
4734,2573,3,19,77,99,1.2525252525252526,0.05044316967661914,665,He's lucky I've gone vegan.
1634,2573,5,15,79,99,1.2525252525252526,0.054376460841029636,665,200 hours of Community Service.
4483,2573,3,19,77,99,1.2525252525252526,0.05044316967661914,665,It's called a side hustle.
4465,2573,3,19,77,99,1.2525252525252526,0.05044316967661914,665,"Well, what's YOUR side gig?"
4404,2573,2,21,76,99,1.2525252525252526,0.04835669864391352,665,Have you seen his top half?
4401,2573,4,17,78,99,1.2525252525252526,0.05244670085248555,665,"I know it's embarrassing, but times are tough and this Uber Scuber gig helps  a lot."
4333,2573,5,15,79,99,1.2525252525252526,0.054376460841029636,665,I just ate.  Do you want this son of a beach?
6123,2573,6,13,80,99,1.2525252525252526,0.056240044068990115,665,I'd say he's a foot and a half from disaster--maybe two feet.
3438,2573,4,17,78,99,1.2525252525252526,0.05244670085248555,665,"Who does he think I am, Uber?"
3244,2573,4,17,78,99,1.2525252525252526,0.05244670085248555,665,He's happy keeping his head above water but I'm taking him for a ride!
3196,2573,4,17,78,99,1.2525252525252526,0.05244670085248555,665,It's the new LIFT service.
4811,2573,3,19,77,99,1.2525252525252526,0.05044316967661914,665,"Apparently it's a killer core workout."""
4716,2573,7,11,81,99,1.2525252525252526,0.058043824996013745,665,Who let this guy into their PhD program?
1396,2573,2,21,76,99,1.2525252525252526,0.04835669864391352,665,I just didn't have the heart.
1274,2573,6,13,80,99,1.2525252525252526,0.056240044068990115,665,He wants us to join his firm
17,2573,7,11,81,99,1.2525252525252526,0.058043824996013745,665,I get a good back rub AND lunch.
245,2573,2,21,76,99,1.2525252525252526,0.04835669864391352,665,Take out.
519,2573,4,17,78,99,1.2525252525252526,0.05244670085248555,665,He double-dared me not to eat him.
701,2573,4,17,78,99,1.2525252525252526,0.05244670085248555,665,Standing room only at the Jaws Fest.
798,2573,4,17,78,99,1.2525252525252526,0.05244670085248555,665,I thought I would bring a snack for the trip.
263,2573,4,17,78,99,1.2525252525252526,0.05244670085248555,665,I'm teaching him how to jump the shark
1077,2573,5,15,79,99,1.2525252525252526,0.054376460841029636,665,It's that cocky Roy Scheider!
1381,2573,1,23,75,99,1.2525252525252526,0.04617604617604616,665,"When you asked me if I would be your stand in, I didn’t think it meant this."
1175,2573,5,15,79,99,1.2525252525252526,0.054376460841029636,665,"If only this guy knew how ""in over his head"" he really is."
1229,2573,3,19,77,99,1.2525252525252526,0.05044316967661914,665,Your Uber Eats order is ready.
958,2573,6,13,80,99,1.2525252525252526,0.056240044068990115,665,We have a symbiotic relationship - he claims to be eco-friendly not needing a boat and I get human prey easily
1331,2637,4,18,81,103,1.2524271844660195,0.05110327911672932,665,Do I look like a pig to you?
3827,2638,4,21,90,115,1.2521739130434784,0.04758625114860667,665,Uber went under.
4990,2639,6,18,95,119,1.2521008403361344,0.04952198131804132,665,"It's that damned ""Baby Shark"" song I blame for ruining our reputation"
1743,2640,3,19,78,100,1.25,0.05,665,I can’t get that Baby Shark song out of my head.
786,2640,4,17,79,100,1.25,0.0519809599951771,665,Humiliating work but they cover dental.
847,2640,3,19,78,100,1.25,0.05,665,"Gerald, Stop playing with your food!"
2516,2640,3,19,78,100,1.25,0.05,665,He gets a ride for free and I get another set of eyes.
3346,2640,3,19,78,100,1.25,0.05,665,My guess is this moron never watched the movie Jaws!
4732,2640,7,11,82,100,1.25,0.057515917866976685,665,Going vegan is a delicate balancing act.
4750,2640,4,17,79,100,1.25,0.0519809599951771,665,His wife said to surprise him.
4822,2640,2,21,77,100,1.25,0.047937248544110224,665,Just a little snack for later.
5521,2640,5,15,80,100,1.25,0.053889149223571936,665,I thought they said to pack a lunch???
5760,2640,3,19,78,100,1.25,0.05,665,I’m working for Uber. A bucket of chum gets them a trip to the island.
6054,2640,5,15,80,100,1.25,0.053889149223571936,665,"I lost a bet with him, sucks, embarrassing."
5602,2640,7,15,94,116,1.25,0.05176784759846126,665,"Show a little professional courtesy to a lawyer, then what?"
5399,2640,7,18,103,128,1.25,0.04834871689297298,665,Haven't you ever heard of a symbiotic ashiatsu relationship?
3016,2653,5,20,96,121,1.2479338842975207,0.04735568440129775,665,It's a Finn.
692,2653,3,24,94,121,1.2479338842975207,0.0443517615371859,665,Brining 101
1835,2655,5,16,84,105,1.2476190476190476,0.05203012719286361,665,There's a new sushi takeout sandbar – off the west end of the pier.
5889,2655,7,12,86,105,1.2476190476190476,0.05543856511496245,665,I'll split him with you if you eat the pants.
4326,2655,4,18,83,105,1.2476190476190476,0.050239267038397185,665,We have an arrangement. He runs a cruise line.
3058,2655,7,12,86,105,1.2476190476190476,0.05543856511496245,665,Oh yeah? Let's see YOU swallow a surfboard in one bite!
2950,2655,5,16,84,105,1.2476190476190476,0.05203012719286361,665,He's annoying me but I just ate.  Have you eaten yet?
2631,2655,4,18,83,105,1.2476190476190476,0.050239267038397185,665,"I don’t care if he is a big shot attorney, this professional courtesy thing has gotten out of hand."
1947,2655,4,18,83,105,1.2476190476190476,0.050239267038397185,665,"I know, I know, but he promised me lots of krill."
136,2662,3,19,79,101,1.2475247524752475,0.04956432083478743,665,"I'm keeping this one really fresh, perfect for a nice quiet lunch instead of the usual frenzy."
4411,2663,4,16,77,97,1.2474226804123711,0.05290310762316375,665,I guess goat yoga is passé.
3188,2663,3,18,76,97,1.2474226804123711,0.05083268794669077,665,I just ate. I'm saving him for later.
6196,2663,3,18,76,97,1.2474226804123711,0.05083268794669077,665,I thought I had tops.
6300,2663,1,22,74,97,1.2474226804123711,0.04641561051285256,665,"The script clearly says ‘Fonzie JUMPS the shark’, Karl... I don’t get paid enough for this crap."
6304,2663,2,20,75,97,1.2474226804123711,0.04867427998012128,665,If this edible hat thing catches on I'll eat my hat
3021,2663,4,16,77,97,1.2474226804123711,0.05290310762316375,665,It's amazing what you can pick up body surfing the net these days...
3048,2663,3,18,76,97,1.2474226804123711,0.05083268794669077,665,"This is not what I had in mind for a ""movable feast''!"
2533,2663,4,16,77,97,1.2474226804123711,0.05290310762316375,665,"Yeah,now he's got my back,but later I get his."
2471,2663,4,16,77,97,1.2474226804123711,0.05290310762316375,665,Don't eat him - this back massage is doing wonders for neck pain.
2349,2663,5,14,78,97,1.2474226804123711,0.054895495520948266,665,There's nothing better than an ashiatsu massage before dinner.
2030,2663,4,16,77,97,1.2474226804123711,0.05290310762316375,665,Is this the future of climate change?
1979,2663,4,16,77,97,1.2474226804123711,0.05290310762316375,665,"Making up for the one I ate"""
1844,2663,3,18,76,97,1.2474226804123711,0.05083268794669077,665,"Migrate early, they said."
1744,2663,4,16,77,97,1.2474226804123711,0.05290310762316375,665,"Have you seen the movie, Jaws?"
1476,2663,6,12,79,97,1.2474226804123711,0.05681806104393969,665,'cuz you are what you eat
1399,2663,4,16,77,97,1.2474226804123711,0.05290310762316375,665,"I accidentally ate his surf board. I was either this, or ... do you know how expensive those things are?"
1356,2663,5,14,78,97,1.2474226804123711,0.054895495520948266,665,It’s Trump! He can’t swim !
2568,2663,3,18,76,97,1.2474226804123711,0.05083268794669077,665,Hold my beer
6160,2663,5,14,78,97,1.2474226804123711,0.054895495520948266,665,He's my fish finder.
6087,2663,5,14,78,97,1.2474226804123711,0.054895495520948266,665,Vegetarian Shark Week sucks.
3349,2663,3,18,76,97,1.2474226804123711,0.05083268794669077,665,In my other life I was a surfboard.
4473,2663,2,20,75,97,1.2474226804123711,0.04867427998012128,665,You didn't know I work for Lyft?
4643,2663,4,16,77,97,1.2474226804123711,0.05290310762316375,665,"Until Shark Week starts filming again, I have to make ends meet by providing ride-sharing for swimmers."
4909,2663,1,22,74,97,1.2474226804123711,0.04641561051285256,665,"You've got to believe me,it's completely platonic."
2824,2663,6,12,79,97,1.2474226804123711,0.05681806104393969,665,"I’d eat him, but he’s scratching an itch."
3415,2663,4,16,77,97,1.2474226804123711,0.05290310762316375,665,It's for an instagram post. When he stops filming I'm going to eat him.
4964,2663,1,22,74,97,1.2474226804123711,0.04641561051285256,665,Don’t. It’s not worth the publicity.
4999,2663,1,22,74,97,1.2474226804123711,0.04641561051285256,665,Nothing beats a neck massage before dinner.
4307,2663,7,10,80,97,1.2474226804123711,0.05867766775439582,665,He's ours. You bring the avocado and I'll bring the cilantro.
4426,2663,4,16,77,97,1.2474226804123711,0.05290310762316375,665,"Why, it's ashiatsu massage, of course!"
4116,2663,6,12,79,97,1.2474226804123711,0.05681806104393969,665,I keep telling him I'm a fish not a mammal.
3876,2663,4,16,77,97,1.2474226804123711,0.05290310762316375,665,"He’s not as irritating as a ramora, and getting into The Hamptons is a snap."
5385,2663,3,18,76,97,1.2474226804123711,0.05083268794669077,665,It's still better than wearing Crocs.
1347,2663,6,12,79,97,1.2474226804123711,0.05681806104393969,665,"What, I signed up to be a UBER driver."
3488,2663,4,16,77,97,1.2474226804123711,0.05290310762316375,665,"I agree... Ever since Aquaman went vegan, he's been acting like such a wimp."
3616,2663,3,18,76,97,1.2474226804123711,0.05083268794669077,665,"It’s Jimmy Buffet, you imbecile!"
5689,2663,3,18,76,97,1.2474226804123711,0.05083268794669077,665,It actually relieves my back pain.
5722,2663,5,14,78,97,1.2474226804123711,0.054895495520948266,665,"Say, aren't the chum portions getting larger?"
6018,2663,5,14,78,97,1.2474226804123711,0.054895495520948266,665,I’m trying shiatsu for my migraines.
4061,2663,2,20,75,97,1.2474226804123711,0.04867427998012128,665,"Yes, Uber has hit the open seas. I figured I'd try it for a while as I'm always just cruising around anyway."
1195,2663,7,10,80,97,1.2474226804123711,0.05867766775439582,665,He says he's The Fonz and he's going to ruin television forever.
5263,2663,5,14,78,97,1.2474226804123711,0.054895495520948266,665,"He gives great massages, and is cheaper and neater than a pygmy goat."
1015,2663,4,16,77,97,1.2474226804123711,0.05290310762316375,665,Reparations.
4,2663,7,10,80,97,1.2474226804123711,0.05867766775439582,665,You told me you liked legs over easy!
105,2663,4,16,77,97,1.2474226804123711,0.05290310762316375,665,"No, it's not like shooting fish in a barrel."
334,2663,3,18,76,97,1.2474226804123711,0.05083268794669077,665,Is it lunch time yet?
481,2663,2,20,75,97,1.2474226804123711,0.04867427998012128,665,"Disgusting.. it's a literal Jaws remake titled 'No Guts, No Glory.'"
577,2663,4,16,77,97,1.2474226804123711,0.05290310762316375,665,He said he’s a fascinator.
95,2663,2,20,75,97,1.2474226804123711,0.04867427998012128,665,There's really nothing as satisfying as Ashiatsu barefoot back massage.
785,2663,6,12,79,97,1.2474226804123711,0.05681806104393969,665,"If it's smaller than a 10 wide, I throw it back."""
890,2663,0,24,73,97,1.2474226804123711,0.044041256419162525,665,This new diet is crushing me with everything I can't eat
892,2663,3,18,76,97,1.2474226804123711,0.05083268794669077,665,I'm sick of acting kind.
938,2663,4,16,77,97,1.2474226804123711,0.05290310762316375,665,It beats getting punched in the nose.
617,2663,4,16,77,97,1.2474226804123711,0.05290310762316375,665,Harry. Get it. Get it. It's 'surfing turf!'
5946,2717,4,17,81,102,1.2450980392156863,0.051073269338898615,665,"I hate when they don’t bring the food all at once, please, go ahead...."
5018,2717,5,15,82,102,1.2450980392156863,0.05293973839875468,665,Wanna play 'wishbone'?
4517,2717,5,15,82,102,1.2450980392156863,0.05293973839875468,665,Don't even think about it. It's called Thai massage and I've paid 20 bucks.
1913,2717,3,19,80,102,1.2450980392156863,0.04913595201274502,665,Split him now and nosh later?
3204,2721,3,18,77,98,1.2448979591836735,0.0503746211842464,665,My driver rating is 4.95. People love not being eaten.
3493,2721,5,14,79,98,1.2448979591836735,0.0543910776773722,665,The doctor said it would help with my lower fin
3431,2721,3,18,77,98,1.2448979591836735,0.0503746211842464,665,I brought my lunch today.
3374,2721,2,20,76,98,1.2448979591836735,0.048241154875598914,665,I get my dinner to go.
3311,2721,2,20,76,98,1.2448979591836735,0.048241154875598914,665,I'm just waiting 'til lunchtime....
3227,2721,5,14,79,98,1.2448979591836735,0.0543910776773722,665,This massage promises a happy ending - the question is whose?
2005,2721,4,16,78,98,1.2448979591836735,0.052421330536158,665,Do you want the leftovers?
2782,2721,3,18,77,98,1.2448979591836735,0.0503746211842464,665,I’m waiting until dinnertime.
2522,2721,3,18,77,98,1.2448979591836735,0.0503746211842464,665,I don't want to bite him. YOU bite him.
3526,2721,6,12,80,98,1.2448979591836735,0.05629194228866812,665,"yeah,crazy huh? he mentioned something about a scorpion and a frog..."
1855,2721,2,20,76,98,1.2448979591836735,0.048241154875598914,665,No more messing with me—finally got my sea legs!
1706,2721,5,14,79,98,1.2448979591836735,0.0543910776773722,665,He thinks he’s walking on water.
1617,2721,4,16,78,98,1.2448979591836735,0.052421330536158,665,He thinks he’s in surfing school.
3175,2721,1,22,75,98,1.2448979591836735,0.0460088642329575,665,Would you like to share lunch?
3955,2721,3,18,77,98,1.2448979591836735,0.0503746211842464,665,"If the rest is anything like the legs, he’s all yours."
5156,2721,3,18,77,98,1.2448979591836735,0.0503746211842464,665,He says he likes living on the edge.
4160,2721,3,18,77,98,1.2448979591836735,0.0503746211842464,665,They call it fish boarding; I call it trolling.
6288,2721,2,20,76,98,1.2448979591836735,0.048241154875598914,665,I thought only elephants had trunks.
6225,2721,4,16,78,98,1.2448979591836735,0.052421330536158,665,"ok, the coast is clear.  It is your turn to go fish!"
6151,2721,3,18,77,98,1.2448979591836735,0.0503746211842464,665,Can you feel bone spurs
5897,2721,3,18,77,98,1.2448979591836735,0.0503746211842464,665,I can’t eat him until I cash out of his hedge fund.
5496,2721,4,16,78,98,1.2448979591836735,0.052421330536158,665,"I figure, use some bait."
5477,2721,3,18,77,98,1.2448979591836735,0.0503746211842464,665,He said he was looking for Crocs.
4156,2721,3,18,77,98,1.2448979591836735,0.0503746211842464,665,It's a scab.  My pilot fish are on strike.
5446,2721,2,20,76,98,1.2448979591836735,0.048241154875598914,665,keepin' him alive and fresh until I'm hungry
1477,2721,5,14,79,98,1.2448979591836735,0.0543910776773722,665,"Bite this jerk for me, will you Sid?"
5049,2721,2,20,76,98,1.2448979591836735,0.048241154875598914,665,Who him? His name is Fonzi.
4824,2721,4,16,78,98,1.2448979591836735,0.052421330536158,665,"He told me about a new kind of yoga, and I said: ""Sure, my Dorsal's been killing me!"""
4819,2721,2,20,76,98,1.2448979591836735,0.048241154875598914,665,"Now, watch while I flip this up and catch it in my mouth."
4481,2721,5,14,79,98,1.2448979591836735,0.0543910776773722,665,What? Patience is a virtue.
4231,2721,5,14,79,98,1.2448979591836735,0.0543910776773722,665,ShUber. Don't judge me.
5374,2721,3,18,77,98,1.2448979591836735,0.0503746211842464,665,This one needs to cook a little longer.
1114,2721,4,16,78,98,1.2448979591836735,0.052421330536158,665,It was you who suggested we try reiki
3077,2721,4,16,78,98,1.2448979591836735,0.052421330536158,665,This actually helps relieve a lot of tension on my dorsal.
651,2721,3,18,77,98,1.2448979591836735,0.0503746211842464,665,His tattoo says “Babe Magnet” so I have an idea...
208,2721,6,12,80,98,1.2448979591836735,0.05629194228866812,665,Let's share.
944,2721,3,18,77,98,1.2448979591836735,0.0503746211842464,665,He’s with me.
2299,2758,4,21,94,119,1.2436974789915967,0.04616990623084198,665,"Kevin, please don’t tell my dad..."
3104,2758,7,15,97,119,1.2436974789915967,0.05058606331052551,665,You can eat him after he’s done giving me a back rub.
1350,2758,2,25,92,119,1.2436974789915967,0.04297441721268875,665,"Your turn for ""William Tell"""
4452,2761,3,22,90,115,1.2434782608695651,0.04553488256049453,665,"Nah, this one's an hors d'oeuvre."
5705,2762,5,16,86,107,1.2429906542056075,0.0511568195807617,665,Periscope up!
2460,2763,3,18,78,99,1.2424242424242424,0.04992451339684328,665,"no, you can't have the legs again."
2015,2763,5,14,80,99,1.2424242424242424,0.05389566925536248,665,I brought a snack.
4513,2765,3,17,75,95,1.2421052631578948,0.051224183891818154,665,"I know, I know. I'm too aggressive-passive."
3592,2765,4,15,76,95,1.2421052631578948,0.053365543013411613,665,He took a thorn out of my paw.
3684,2765,6,11,78,95,1.2421052631578948,0.05740914136775824,665,"Cause, he's Republican like me."
3704,2765,4,15,76,95,1.2421052631578948,0.053365543013411613,665,He was screaming and crying.  Then he gave up and started taunting me.  And I  lost my appetite.
4031,2765,5,13,77,95,1.2421052631578948,0.05542423068342733,665,"I've got mine, you get yours"
3797,2765,5,13,77,95,1.2421052631578948,0.05542423068342733,665,I just can't bring myself to do it. It feels soooo good.
3819,2765,4,15,76,95,1.2421052631578948,0.053365543013411613,665,Can you imagine how many likes I'd get?
4066,2765,5,13,77,95,1.2421052631578948,0.05542423068342733,665,You gotta let them think they're in charge.
4157,2765,2,19,74,95,1.2421052631578948,0.048989313627048496,665,Apparently jumping the shark is now passe.
4164,2765,4,15,76,95,1.2421052631578948,0.053365543013411613,665,Global warming!!!
3714,2765,4,15,76,95,1.2421052631578948,0.053365543013411613,665,Screw the friendly fish campaign. I wanna eat this guy.
3578,2765,3,17,75,95,1.2421052631578948,0.051224183891818154,665,He said he was hiding from a lone shark.
3517,2765,2,19,74,95,1.2421052631578948,0.048989313627048496,665,"Honey, you hungry? I brought home the leftover drumsticks."
4193,2765,4,15,76,95,1.2421052631578948,0.053365543013411613,665,I’m working PR for Animal Planet
3492,2765,2,19,74,95,1.2421052631578948,0.048989313627048496,665,"That's not what I meant when I said get a backbone, Bob."
3433,2765,5,13,77,95,1.2421052631578948,0.05542423068342733,665,Don't blame me.  It started as a pimple on my back.
3284,2765,3,17,75,95,1.2421052631578948,0.051224183891818154,665,"Yeah, I know the money isn't great, but at least working for Uber I get to set my own hours."
3012,2765,3,17,75,95,1.2421052631578948,0.051224183891818154,665,...it pays well
2822,2765,2,19,74,95,1.2421052631578948,0.048989313627048496,665,"Ugh, his feet are freezing."
2775,2765,4,15,76,95,1.2421052631578948,0.053365543013411613,665,It's only fair.  I ate his surfboard.
2747,2765,6,11,78,95,1.2421052631578948,0.05740914136775824,665,I'm saving the bottom half for dessert.
2662,2765,5,13,77,95,1.2421052631578948,0.05542423068342733,665,"I finally got the monkey off my back, now this!"
2638,2765,4,15,76,95,1.2421052631578948,0.053365543013411613,665,These humans are literally giving me a headache!
2610,2765,2,19,74,95,1.2421052631578948,0.048989313627048496,665,Ya I can play rough. But a little footsie is nice too.
2597,2765,3,17,75,95,1.2421052631578948,0.051224183891818154,665,I’m saving him for my afternoon snack.
2573,2765,5,13,77,95,1.2421052631578948,0.05542423068342733,665,He has a long-running television show that’s about to make no sense.
3547,2765,5,13,77,95,1.2421052631578948,0.05542423068342733,665,I'm conflicted...Am I Uber Ride Share or Uber food delivery ...?
4208,2765,3,17,75,95,1.2421052631578948,0.051224183891818154,665,Amuse-bouche?
5801,2765,4,15,76,95,1.2421052631578948,0.053365543013411613,665,I just feel like maybe this politically correct thing is getting a little out of hand.
4327,2765,5,13,77,95,1.2421052631578948,0.05542423068342733,665,Do you really think a mosquito could kill more humans than a shark! No one should even care about bug spray in summer!
4545,2765,6,11,78,95,1.2421052631578948,0.05740914136775824,665,Personally I prefer the breast.
4553,2765,4,15,76,95,1.2421052631578948,0.053365543013411613,665,He promised his kids if he can find them
4628,2765,3,17,75,95,1.2421052631578948,0.051224183891818154,665,"I'm going to give him a few more minutes,  then it's lunch time."
4665,2765,2,19,74,95,1.2421052631578948,0.048989313627048496,665,Would you like to join me for lunch?
4687,2765,3,17,75,95,1.2421052631578948,0.051224183891818154,665,He says he's a remora.
2567,2765,4,15,76,95,1.2421052631578948,0.053365543013411613,665,"For fifty bucks, you can ride a shark.
For another fifty, you can be eaten by a shark."
4735,2765,3,17,75,95,1.2421052631578948,0.051224183891818154,665,"Hey Sal, go up and see how fast this one can swim."
4779,2765,4,15,76,95,1.2421052631578948,0.053365543013411613,665,"I can't, as much as I'd like to. He said he's a PETA agent and needed a Lyft."
4884,2765,4,15,76,95,1.2421052631578948,0.053365543013411613,665,"Tell me again why we are doing this"""
6241,2765,3,17,75,95,1.2421052631578948,0.051224183891818154,665,I’d eat him but he’s a vegan
5015,2765,4,15,76,95,1.2421052631578948,0.053365543013411613,665,I threw him up and he's back.  Now what?
5055,2765,4,15,76,95,1.2421052631578948,0.053365543013411613,665,The chiropractor says two more weeks
4230,2765,4,15,76,95,1.2421052631578948,0.053365543013411613,665,Let's split it...one leg each.
5153,2765,5,13,77,95,1.2421052631578948,0.05542423068342733,665,I  just don’t think the free fish are worth it.
5284,2765,2,19,74,95,1.2421052631578948,0.048989313627048496,665,I just feel a need to make some kind of amends.
5368,2765,2,19,74,95,1.2421052631578948,0.048989313627048496,665,I really miss our fridge.
5482,2765,4,15,76,95,1.2421052631578948,0.053365543013411613,665,Dinner cruise ...
5582,2765,0,23,72,95,1.2421052631578948,0.04418172153936913,665,"I know our relationship is unhealthy, but it's nice to feel needed."
5593,2765,3,17,75,95,1.2421052631578948,0.051224183891818154,665,"Obviously he hasn't seen Jaws""..."
5622,2765,2,19,74,95,1.2421052631578948,0.048989313627048496,665,‘Have you seen my dinner?’
5767,2765,2,19,74,95,1.2421052631578948,0.048989313627048496,665,But I can't do it.  He's so clueless and trusting.
5794,2765,4,15,76,95,1.2421052631578948,0.053365543013411613,665,But I need this job to make fins meet.
5798,2765,4,15,76,95,1.2421052631578948,0.053365543013411613,665,"It's great, I make extra money on my schedule and if you eat them at the end they can't give you a bad rating."
5881,2765,3,17,75,95,1.2421052631578948,0.051224183891818154,665,"Guess we'll have to go a little deeper for privacy, dear."
4429,2765,2,19,74,95,1.2421052631578948,0.048989313627048496,665,You want the other half? I'm full.
4376,2765,5,13,77,95,1.2421052631578948,0.05542423068342733,665,It's take out dinner.
5206,2765,3,17,75,95,1.2421052631578948,0.051224183891818154,665,"I just can’t shake the addiction ! They’re so delicious, but a bitch to clean !"
2445,2765,5,13,77,95,1.2421052631578948,0.05542423068342733,665,He gets internship credit at law school. I get free chum.
866,2765,4,15,76,95,1.2421052631578948,0.053365543013411613,665,He's sooo lucky I've become a vegan.
2333,2765,4,15,76,95,1.2421052631578948,0.053365543013411613,665,Brought some lunch.
1395,2765,3,17,75,95,1.2421052631578948,0.051224183891818154,665,"Sure I like a challenge, but sometimes I’m just hungry."
1332,2765,2,19,74,95,1.2421052631578948,0.048989313627048496,665,I feel bad that I ate his surfboard.
1321,2765,4,15,76,95,1.2421052631578948,0.053365543013411613,665,What can I say? I owed him a favor.
1275,2765,5,13,77,95,1.2421052631578948,0.05542423068342733,665,The kids wanted takeout.
1266,2765,3,17,75,95,1.2421052631578948,0.051224183891818154,665,"It's the latest thing. It's called a ""to go"" snack."
1119,2765,2,19,74,95,1.2421052631578948,0.048989313627048496,665,yeah I bought it on Amazon!  Best lure ever!  Fake a drowning and a whole bunch more come for dinner!
1045,2765,3,17,75,95,1.2421052631578948,0.051224183891818154,665,When they think you’re a reef it takes all the fun out of it.
1454,2765,2,19,74,95,1.2421052631578948,0.048989313627048496,665,I know you told me not to play with my food but it's just too much fun.
1006,2765,3,17,75,95,1.2421052631578948,0.051224183891818154,665,Do you think he can surf with one leg?
6184,2765,5,13,77,95,1.2421052631578948,0.05542423068342733,665,Go for it—I'm more of a breast shark.
2352,2765,2,19,74,95,1.2421052631578948,0.048989313627048496,665,Lunch is so easy this time of year
753,2765,4,15,76,95,1.2421052631578948,0.053365543013411613,665,Go ahead. Dare him to hang ten.
718,2765,4,15,76,95,1.2421052631578948,0.053365543013411613,665,My humiliation is complete.
607,2765,5,13,77,95,1.2421052631578948,0.05542423068342733,665,I'm saving half for tomorrow's lunch.
356,2765,3,17,75,95,1.2421052631578948,0.051224183891818154,665,Don't look at me like that! YOU had a monitoring device attached just last year!
154,2765,4,15,76,95,1.2421052631578948,0.053365543013411613,665,"Because he's managing partner, that's why."
969,2765,6,11,78,95,1.2421052631578948,0.05740914136775824,665,"We have a ""You scratch my back, I'll remove your calluses"" type of relationship."
1520,2765,0,23,72,95,1.2421052631578948,0.04418172153936913,665,This sharkboarding is exhausting!
853,2765,2,19,74,95,1.2421052631578948,0.048989313627048496,665,Does this make me into a nurse shark.
1676,2765,2,19,74,95,1.2421052631578948,0.048989313627048496,665,Best bobbing-head doll I’ve ever had!
1561,2765,2,19,74,95,1.2421052631578948,0.048989313627048496,665,"Yeah, they call it ""sharkboarding"", can you imagine?"
2323,2765,5,13,77,95,1.2421052631578948,0.05542423068342733,665,Are you going to help me fish for lifeguards or what?
2154,2765,4,15,76,95,1.2421052631578948,0.053365543013411613,665,Do you think he's gluten-free?
2075,2765,5,13,77,95,1.2421052631578948,0.05542423068342733,665,He keeps calling me “Flipper” too.
2049,2765,4,15,76,95,1.2421052631578948,0.053365543013411613,665,"Now, it’s clear how Jesus performed the miracle of walking on water."
1940,2765,5,13,77,95,1.2421052631578948,0.05542423068342733,665,Of all the days to decide to become a vegetarian...
6106,2765,4,15,76,95,1.2421052631578948,0.053365543013411613,665,It's this new thing called Uber.
1912,2765,5,13,77,95,1.2421052631578948,0.05542423068342733,665,I  know but it's too early for lunch.
1851,2765,3,17,75,95,1.2421052631578948,0.051224183891818154,665,"I'm a loan shark, he'll pay for this!"
1837,2765,3,17,75,95,1.2421052631578948,0.051224183891818154,665,"It’s simple: you take one, I take the other, and each of us makes a wish."
1694,2765,5,13,77,95,1.2421052631578948,0.05542423068342733,665,...But dude! You should have seen us in the barrel!
3123,2856,2,22,84,108,1.2407407407407407,0.0453255795747674,665,That does it! I'm moving outta his wifi range.
363,2857,4,15,77,96,1.2395833333333333,0.05286691265069651,665,"No,I'm a bait white shark."
2147,2857,4,15,77,96,1.2395833333333333,0.05286691265069651,665,Noticed squirrels store acorns.
3744,2857,6,11,79,96,1.2395833333333333,0.05686393359981743,665,MSGA - Make Sharks Great Again!
4657,2857,4,15,77,96,1.2395833333333333,0.05286691265069651,665,"So Greg, you're saying the dumb ones don't taste as good?"
4938,2861,3,16,73,92,1.2391304347826086,0.05211614894390474,665,I'm volunteering with Dins On Fins.
4905,2861,3,16,73,92,1.2391304347826086,0.05211614894390474,665,I don't know how it happened but I can't stay still any longer.
3962,2861,3,16,73,92,1.2391304347826086,0.05211614894390474,665,I don't have a fork.
4880,2861,2,18,72,92,1.2391304347826086,0.04977149221696988,665,I like mine half baked
5328,2861,4,14,74,92,1.2391304347826086,0.05435976935181598,665,"I had half for lunch, and I'm saving the rest for dinner."
4629,2861,4,14,74,92,1.2391304347826086,0.05435976935181598,665,You seen this guys wife?
5587,2861,2,18,72,92,1.2391304347826086,0.04977149221696988,665,He thinks we're friends. I'm waiting until he shows me off to the kids to strike.
4488,2861,4,14,74,92,1.2391304347826086,0.05435976935181598,665,Marge said I needed to take my lunch to go.
4254,2861,3,16,73,92,1.2391304347826086,0.05211614894390474,665,I am really making good money as an Uber driver.
4048,2861,5,12,75,92,1.2391304347826086,0.05651438814339231,665,Just like an arrogant white guy -- can't stand on his own without the underclass.
4007,2861,2,18,72,92,1.2391304347826086,0.04977149221696988,665,You can have him if you want...not enough meat on the bones for me.
5132,2861,5,12,75,92,1.2391304347826086,0.05651438814339231,665,"Yeah, I'm worried that he's gonna be COMPLETELY tasteless - just look at those boring shorts!"
3608,2861,1,20,71,92,1.2391304347826086,0.047310779894908984,665,Uber has expanded.
2398,2861,5,12,75,92,1.2391304347826086,0.05651438814339231,665,"Why?  Because supposedly surfers taste gnarly and bitter, that's why."
2703,2861,4,14,74,92,1.2391304347826086,0.05435976935181598,665,keeping him around for a midnight snack....
2659,2861,5,12,75,92,1.2391304347826086,0.05651438814339231,665,Maybe we should at least wait until his insurance kicks in?
2463,2861,2,18,72,92,1.2391304347826086,0.04977149221696988,665,Does this mean we've been domesticated?
2169,2861,2,18,72,92,1.2391304347826086,0.04977149221696988,665,I'm on a balanced diet.
2003,2861,5,12,75,92,1.2391304347826086,0.05651438814339231,665,Upper or lower?
1884,2861,4,14,74,92,1.2391304347826086,0.05435976935181598,665,He's my lookout for fin hunters.
1550,2861,4,14,74,92,1.2391304347826086,0.05435976935181598,665,Its Not pot luck?
1220,2861,5,12,75,92,1.2391304347826086,0.05651438814339231,665,"All he said was ""SUP."" Care to join me?"
142,2861,3,16,73,92,1.2391304347826086,0.05211614894390474,665,He smells of pizza. I can’t handle Italian anymore!
990,2861,3,16,73,92,1.2391304347826086,0.05211614894390474,665,What?  He said he'd lure in some other swimmers if I didn't eat him.
465,2861,1,20,71,92,1.2391304347826086,0.047310779894908984,665,We're shooting 'The Sponge Bob Jaws Movie.
605,2861,3,16,73,92,1.2391304347826086,0.05211614894390474,665,Cuban's giving him a thrashing up there.
123,2861,4,14,74,92,1.2391304347826086,0.05435976935181598,665,"On the surface, it can be fairly unnoticeable, ..."
3108,2861,4,14,74,92,1.2391304347826086,0.05435976935181598,665,"He said he was the world’s greatest deal maker so I said, ‘Heads or tails?’"
1588,2861,2,18,72,92,1.2391304347826086,0.04977149221696988,665,"He's too dumb to eat, probably be bitter."
3257,2861,2,18,72,92,1.2391304347826086,0.04977149221696988,665,"Oh, it's some kind of proverb, I'm sure."
4894,2891,3,19,83,105,1.2380952380952381,0.04789298495629314,665,This way people  think he can walk on water.
3382,2892,2,19,76,97,1.2371134020618557,0.048102294430135445,665,I got five yelps from my last meal...ready to count?
5288,2892,4,15,78,97,1.2371134020618557,0.05237732328067415,665,Oh yeah right there. This guy really gets the kinks outta my dorsal.
3814,2894,4,14,75,93,1.2365591397849462,0.05383352141248461,665,"You suppose he'll yell ""Hang five!"" when I get through with him?"
58,2894,4,14,75,93,1.2365591397849462,0.05383352141248461,665,Why do I always have to be your wing man?
104,2894,2,18,73,93,1.2365591397849462,0.04930050553772512,665,"I'm supposed to swallow him in the next scene but, to be honest, I don't have the stomach for it."
152,2894,5,12,76,93,1.2365591397849462,0.055962506362430074,665,"Evidently, he hasn't seen JAWS!"
429,2894,3,16,74,93,1.2365591397849462,0.0516167989802918,665,"I don’t think he knows, but the massage feels great!"
606,2894,2,18,73,93,1.2365591397849462,0.04930050553772512,665,My dad thinks it’s hilarious when he puts food on my head.
712,2894,4,14,75,93,1.2365591397849462,0.05383352141248461,665,Ooh!  He has pointy toes!
845,2894,4,14,75,93,1.2365591397849462,0.05383352141248461,665,"This is my camo hat— I wear it and people think it’s okay to swim out here. When somebody gets close enough, WAM, I read them my list of ways I would improve the last season of Game of Thrones by adding light elements of steampunk."
1351,2894,2,18,73,93,1.2365591397849462,0.04930050553772512,665,I'm trying to go vegan.
1353,2894,4,14,75,93,1.2365591397849462,0.05383352141248461,665,It’s all part of a balanced diet.
1382,2894,4,14,75,93,1.2365591397849462,0.05383352141248461,665,And I thought it was embarrasing when they were wearing crocs...
1418,2894,3,16,74,93,1.2365591397849462,0.0516167989802918,665,I’m hoping to attract one with a bit more meat on it.
1644,2894,2,18,73,93,1.2365591397849462,0.04930050553772512,665,I can barely pay the fish monger with the cash this UBER Stand Up Board gig brings in.
1535,2894,3,16,74,93,1.2365591397849462,0.0516167989802918,665,"sooo not impressed with the swimming with humans at the resort, it's not the life changer I was expecting."
3791,2894,4,14,75,93,1.2365591397849462,0.05383352141248461,665,"Doing Uber is ok, but you need a phone that works underwater."
1726,2894,5,12,76,93,1.2365591397849462,0.055962506362430074,665,He's trying to start a new sport called shark-surfing.  Let's just say the jury's still out.
1950,2894,5,12,76,93,1.2365591397849462,0.055962506362430074,665,"Fuggedaboutit, I saw him first."
1973,2894,1,20,72,93,1.2365591397849462,0.046869881113340554,665,Do you want it over easy?
2078,2894,4,14,75,93,1.2365591397849462,0.05383352141248461,665,Uber is testing some new services. I prefer passengers over this food delivery though.
2096,2894,4,14,75,93,1.2365591397849462,0.05383352141248461,665,"Mom told me about parasites,  but this is rediculous."
2115,2894,4,14,75,93,1.2365591397849462,0.05383352141248461,665,He thinks I’m giving him a ride home...
2159,2894,6,10,77,93,1.2365591397849462,0.05801341404418132,665,"It's okay, he's The Fonz."
2240,2894,2,18,73,93,1.2365591397849462,0.04930050553772512,665,They were out of to-go containers.
2382,2894,2,18,73,93,1.2365591397849462,0.04930050553772512,665,"I read that carrying the weight of an average human during my swim helps weight loss, but I can't resist eating those toes."
2457,2894,2,18,73,93,1.2365591397849462,0.04930050553772512,665,"It turns out, I really like surfing."
3762,2894,4,14,75,93,1.2365591397849462,0.05383352141248461,665,I  had no idea this was what pool shark meant.
2856,2894,3,16,74,93,1.2365591397849462,0.0516167989802918,665,"Correct me if I’m wrong, but wasn’t it your idea to order in tonight?"
3877,2894,4,14,75,93,1.2365591397849462,0.05383352141248461,665,"Nah, they’re too bony."
1479,2894,1,20,72,93,1.2365591397849462,0.046869881113340554,665,"Don't touch him, he's Swedish."
3982,2894,3,16,74,93,1.2365591397849462,0.0516167989802918,665,He called it a sharkskin suit.
5909,2894,5,12,76,93,1.2365591397849462,0.055962506362430074,665,The top was a little too rare for my taste.
6161,2894,5,12,76,93,1.2365591397849462,0.055962506362430074,665,"What do you mean, what’s in it for you?"
5839,2894,3,16,74,93,1.2365591397849462,0.0516167989802918,665,I thought I’d better bring my own lunch today.
5402,2894,3,16,74,93,1.2365591397849462,0.0516167989802918,665,Are you okay with take-out?
5396,2894,5,12,76,93,1.2365591397849462,0.055962506362430074,665,"Yeah, but this one claims he knows the casting director for the Jaws remake."
5226,2894,0,22,71,93,1.2365591397849462,0.04430611317732679,665,"I don't know,I'm just not hungry."
4696,2894,7,8,78,93,1.2365591397849462,0.059994252222677145,665,Tourists pay better than scientists.
3054,2894,4,14,75,93,1.2365591397849462,0.05383352141248461,665,"Morally, I’m against the lifestyle.
But my back has never felt better."
4632,2894,4,14,75,93,1.2365591397849462,0.05383352141248461,665,Speilberg cut this scene just before release!
4546,2894,4,14,75,93,1.2365591397849462,0.05383352141248461,665,Synchronized Standing Competition
4322,2894,5,12,76,93,1.2365591397849462,0.055962506362430074,665,Can you get this guy off my back?
4136,2894,3,16,74,93,1.2365591397849462,0.0516167989802918,665,I heard they pay the other lifeguards $20 an hour
4065,2894,4,14,75,93,1.2365591397849462,0.05383352141248461,665,"Look at me:
I have a periscope and you don't; 
so there!"
4683,2894,3,16,74,93,1.2365591397849462,0.0516167989802918,665,I'm brining him before I eat him.
2580,2938,4,16,82,102,1.2352941176470589,0.050577082470770814,665,"Yeah, but you should see what I did to his surfboard."
2998,2939,2,17,71,90,1.2333333333333334,0.05009354545128693,665,Don't let your food play with you.
1703,2939,4,13,73,90,1.2333333333333334,0.054851974222946666,665,"If I do not get a good massage, I just eat him."
1765,2939,5,11,74,90,1.2333333333333334,0.05708263279047432,665,"I would, but it actually feels kinda nice"
1771,2939,6,9,75,90,1.2333333333333334,0.059229341178418174,665,Work-life balance — you should try it sometime.
1876,2939,4,13,73,90,1.2333333333333334,0.054851974222946666,665,Do you want to tell; or should I?
1933,2939,1,19,70,90,1.2333333333333334,0.04753604322766905,665,"First it was sushi, now Ahiatsu massage, what's next?!"
1995,2939,5,11,74,90,1.2333333333333334,0.05708263279047432,665,"Quick, he thinks it's a sand bar."
2250,2939,4,13,73,90,1.2333333333333334,0.054851974222946666,665,I order them for take-out.
2177,2939,4,13,73,90,1.2333333333333334,0.054851974222946666,665,I work for Scuber on the side.
2182,2939,3,15,72,90,1.2333333333333334,0.05252667118728806,665,"Is this what they call ""Surf and Turf""?"
2369,2939,2,17,71,90,1.2333333333333334,0.05009354545128693,665,Do you think it bites?
2391,2939,5,11,74,90,1.2333333333333334,0.05708263279047432,665,"Yes I know, for 400 million years we were the undisputed apex predators, but pasty-leggs here is a cutthroat big Pharma lobbyist!"
2542,2939,4,13,73,90,1.2333333333333334,0.054851974222946666,665,I'm going to wait until he eats the snack box on the beach.
2695,2939,3,15,72,90,1.2333333333333334,0.05252667118728806,665,Ever get tired of carry-out?
2171,2939,5,11,74,90,1.2333333333333334,0.05708263279047432,665,It was your turn to swim the human.
3079,2939,4,13,73,90,1.2333333333333334,0.054851974222946666,665,I’m saving it for an afternoon snack.
2600,2939,3,15,72,90,1.2333333333333334,0.05252667118728806,665,"...and then I just swim away, the '""sandbar"" collapses, and you lunge!"
3148,2939,3,15,72,90,1.2333333333333334,0.05252667118728806,665,Once I land my Netflix special I'll quit UberEats.
4775,2939,2,17,71,90,1.2333333333333334,0.05009354545128693,665,He has 5 seconds to get off my fin!
4838,2939,5,11,74,90,1.2333333333333334,0.05708263279047432,665,I just feel weighted down.
4970,2939,4,13,73,90,1.2333333333333334,0.054851974222946666,665,he said i could eat his brother if I gave him a ride
5025,2939,3,15,72,90,1.2333333333333334,0.05252667118728806,665,I always come here in July for spine therapy
5166,2939,2,17,71,90,1.2333333333333334,0.05009354545128693,665,I miss stand-up paddleboarding.
5208,2939,3,15,72,90,1.2333333333333334,0.05252667118728806,665,"He is supposed to be yelling, ""Come on in!"""
4591,2939,1,19,70,90,1.2333333333333334,0.04753604322766905,665,Apparently it’s called “extreme” surfing
5262,2939,5,11,74,90,1.2333333333333334,0.05708263279047432,665,"Fins don't cut it anymore, but social anxiety still keeps people far away"
5525,2939,4,13,73,90,1.2333333333333334,0.054851974222946666,665,Aqua-Uber
5737,2939,5,11,74,90,1.2333333333333334,0.05708263279047432,665,He won’t be able to keep his head above water in this economy.
5924,2939,5,11,74,90,1.2333333333333334,0.05708263279047432,665,It's just my side-hustle.
6042,2939,3,15,72,90,1.2333333333333334,0.05252667118728806,665,"I  guess  the  swimmer  was   not  as  fast  as
I   thought!"""
6045,2939,4,13,73,90,1.2333333333333334,0.054851974222946666,665,I asked for Swedish not Thai
6125,2939,4,13,73,90,1.2333333333333334,0.054851974222946666,665,Will you be paying with cash or credit?
5266,2939,4,13,73,90,1.2333333333333334,0.054851974222946666,665,Please don't tell me I've got a monkey on my back!
3138,2939,3,15,72,90,1.2333333333333334,0.05252667118728806,665,"If you can't eat em, join them!"
4576,2939,4,13,73,90,1.2333333333333334,0.054851974222946666,665,I feel like a metaphor for the Mueller report.
4229,2939,3,15,72,90,1.2333333333333334,0.05252667118728806,665,He said he would get me on Bay Watch
1702,2939,5,11,74,90,1.2333333333333334,0.05708263279047432,665,Look dear what I brought home for dinner!
3266,2939,6,9,75,90,1.2333333333333334,0.059229341178418174,665,My agent told me if I took a surfboard gig I'd be able to grab bigger parts.
3357,2939,3,15,72,90,1.2333333333333334,0.05252667118728806,665,It’s worth it for the massage.
3387,2939,3,15,72,90,1.2333333333333334,0.05252667118728806,665,This dude thinks he’s windsurfing...
3421,2939,1,19,70,90,1.2333333333333334,0.04753604322766905,665,I'm waiting to see if the top-half is any more appetizing.
3424,2939,2,17,71,90,1.2333333333333334,0.05009354545128693,665,I’m his lawyer.
4352,2939,3,15,72,90,1.2333333333333334,0.05252667118728806,665,"I would bite him, but I don't want to hurt his self-esteem."""
3623,2939,3,15,72,90,1.2333333333333334,0.05252667118728806,665,"I don’t think so, but if it is Aquaman, I don’t want any trouble!"
3743,2939,4,13,73,90,1.2333333333333334,0.054851974222946666,665,I can't. Just started paleo.
3794,2939,2,17,71,90,1.2333333333333334,0.05009354545128693,665,"I don’t care what they say, this vegan diet really messes with the ecosystem."
3803,2939,3,15,72,90,1.2333333333333334,0.05252667118728806,665,I had a stint at SeaWorld.
3919,2939,4,13,73,90,1.2333333333333334,0.054851974222946666,665,He thinks all sharks are bottom feeders.
4115,2939,3,15,72,90,1.2333333333333334,0.05252667118728806,665,"We have this deal.  He shows his friends he can walk on water, and then he carries me over to the kiddie pool."
4120,2939,3,15,72,90,1.2333333333333334,0.05252667118728806,665,There are some downsides to the gig economy but at least my schedule is flexible.
3624,2939,2,17,71,90,1.2333333333333334,0.05009354545128693,665,It pays the rent...
1367,2939,4,13,73,90,1.2333333333333334,0.054851974222946666,665,"I know it's not much of role but ""Companion Shark"" was all they had for me today."
492,2939,5,11,74,90,1.2333333333333334,0.05708263279047432,665,Do you want to pants him or should I?
1221,2939,2,17,71,90,1.2333333333333334,0.05009354545128693,665,He's got chicken legs. I'll wait for the next one.
1268,2939,4,13,73,90,1.2333333333333334,0.054851974222946666,665,"He said ""professional courtesy"". I want to bite him."
338,2939,3,15,72,90,1.2333333333333334,0.05252667118728806,665,They're texting.
366,2939,2,17,71,90,1.2333333333333334,0.05009354545128693,665,I’m full of climate changers. You do it.
505,2939,4,13,73,90,1.2333333333333334,0.054851974222946666,665,Wait till he discovers he”s not standing in the shallows.
769,2939,3,15,72,90,1.2333333333333334,0.05252667118728806,665,Don't you dare!
164,2939,4,13,73,90,1.2333333333333334,0.054851974222946666,665,"Just my luck, another lawyer."
946,2939,4,13,73,90,1.2333333333333334,0.054851974222946666,665,"Yeah, but have you seen the hair on his back?"
986,2939,2,17,71,90,1.2333333333333334,0.05009354545128693,665,Every now and then I like takeout...
1190,2939,3,15,72,90,1.2333333333333334,0.05252667118728806,665,Dinner tonight? I've got too much for just me.
1117,2939,6,9,75,90,1.2333333333333334,0.059229341178418174,665,It's not that deep; I can still touch bottom!
861,2939,4,13,73,90,1.2333333333333334,0.054851974222946666,665,Pithy witticism.
5148,3004,5,13,81,99,1.2323232323232323,0.05339105339105338,665,But Uber takes most of the fare. I keep almost nothing.
595,3005,3,16,76,95,1.231578947368421,0.05064562248636977,665,Do you have a problem with professional courtesy?  He’s a lawyer.
2570,3005,3,16,76,95,1.231578947368421,0.05064562248636977,665,One on the fin is worth two on the beach.
6036,3005,4,14,77,95,1.231578947368421,0.05281044634128144,665,Did you order dinner delivered?
2447,3008,2,17,72,91,1.2307692307692308,0.04960632092961231,665,He's great bait.
3046,3008,3,15,73,91,1.2307692307692308,0.05200949259867795,665,"It doesn't seem fair, wouldn't you say?"
3535,3008,1,19,71,91,1.2307692307692308,0.04708064179651174,665,He just thinks he hasn't gone off the deep end.
1865,3008,4,19,94,117,1.2307692307692308,0.046040729838903914,665,It's the new ride share called aqualyft.
780,3008,5,11,75,91,1.2307692307692308,0.056510068207111776,665,Sharks love Uber Eats
710,3008,1,19,71,91,1.2307692307692308,0.04708064179651174,665,"He's outside of my HMO,  but what he does for dorsal pain is worth it's weight in seal."
2479,3014,5,12,79,96,1.2291666666666667,0.054368718969083525,665,I liked it more when they were in the cages.
5809,3014,4,14,78,96,1.2291666666666667,0.052313089726426475,665,"Leap, and the net will appear."
4161,3014,3,16,77,96,1.2291666666666667,0.050173310744967906,665,We’re just messing with the Lifeguard
4700,3017,4,16,85,105,1.2285714285714286,0.049275228485861494,665,Personal Injury clients are always asking for support.
5752,3017,4,16,85,105,1.2285714285714286,0.049275228485861494,665,Call me Primitive!  I don't need a table and napkins for dinner.
5056,3019,5,15,90,110,1.2272727272727273,0.0494491607724479,665,It's this new thing called Uber Shark. You should sign up.
5120,3019,2,16,70,88,1.2272727272727273,0.05040917406074102,665,NO!! You cannot have lunch with him after he finishes my back massage!
4001,3021,4,14,79,97,1.2268041237113403,0.05182484925036314,665,He's from Finland
6121,3021,4,14,79,97,1.2268041237113403,0.05182484925036314,665,Did you wait 30 minutes before swimming first?
2523,3023,4,13,76,93,1.2258064516129032,0.05324669855036501,665,You can have the rest. I lost my appetite when I got to the shorts.
4379,3024,3,14,72,89,1.2247191011235956,0.0524010059162293,665,He thinks I'm his paddle board.
1065,3024,2,16,71,89,1.2247191011235956,0.04990493769277266,665,Could be better than chicken fingers!
1302,3024,6,8,75,89,1.2247191011235956,0.05926173525785613,665,It causes way less chaos than a dorsal fin.
1304,3024,2,16,71,89,1.2247191011235956,0.04990493769277266,665,My therapist says this is good for me.
1486,3024,2,16,71,89,1.2247191011235956,0.04990493769277266,665,One of us. He's a loan shark.
1698,3024,5,10,74,89,1.2247191011235956,0.05706654581152649,665,I get nervous if I don't keep a little snack on me.
1711,3024,4,12,73,89,1.2247191011235956,0.054783464986671616,665,This growth ruins my chances with the seals
1742,3024,4,12,73,89,1.2247191011235956,0.054783464986671616,665,I save the drumsticks till last.
2008,3024,4,12,73,89,1.2247191011235956,0.054783464986671616,665,"Even the tourists found out Martha's got me on the kelp. I've been giving dorsal fin rides like I'm some kind of dolphin, all month."
1792,3024,3,14,72,89,1.2247191011235956,0.0524010059162293,665,I have your order for delivery...
2441,3024,4,12,73,89,1.2247191011235956,0.054783464986671616,665,"And if you stop moving, they'll give you a crappy review."
2368,3024,4,12,73,89,1.2247191011235956,0.054783464986671616,665,"Would you believe, this is harder than it looks!"
2363,3024,5,10,74,89,1.2247191011235956,0.05706654581152649,665,What?! He had a great muffin top!
2310,3024,1,18,70,89,1.2247191011235956,0.047277269286691515,665,They're the only parts I'm really interested in.
2270,3024,2,16,71,89,1.2247191011235956,0.04990493769277266,665,You want him head first or feet first?
2067,3024,0,20,69,89,1.2247191011235956,0.04449469155183759,665,His hepatitis screen is pending.
2035,3024,2,16,71,89,1.2247191011235956,0.04990493769277266,665,I like them sunburnt!!
4536,3024,4,12,73,89,1.2247191011235956,0.054783464986671616,665,I feel like I've lost some respect since I became a vegetarian.
4291,3024,3,14,72,89,1.2247191011235956,0.0524010059162293,665,This would have to happen just when I start my diet.
3849,3024,4,12,73,89,1.2247191011235956,0.054783464986671616,665,It's desperate attempt to repair our public image
2587,3024,2,16,71,89,1.2247191011235956,0.04990493769277266,665,"I signed up for ""Swimming With the Humans"" but I think he signed up for something too."
1047,3024,4,12,73,89,1.2247191011235956,0.054783464986671616,665,It's this damn great white guilt.
2686,3024,2,16,71,89,1.2247191011235956,0.04990493769277266,665,Sometimes it's not easy to keep my food fresh.
2825,3024,4,12,73,89,1.2247191011235956,0.054783464986671616,665,"Yeah, just until the end of August, then I start work with a big carporation."
2849,3024,2,16,71,89,1.2247191011235956,0.04990493769277266,665,Listen doc I just want this *thing* off my *back*
2851,3024,2,16,71,89,1.2247191011235956,0.04990493769277266,665,Don’t say that I never gave you anything”
2971,3024,3,14,72,89,1.2247191011235956,0.0524010059162293,665,"No, it’s not a symbiotic relationship."
2980,3024,5,10,74,89,1.2247191011235956,0.05706654581152649,665,It’s portion control...I’ll eat the other half later.
3053,3024,4,12,73,89,1.2247191011235956,0.054783464986671616,665,I'm going back to remoras as soon as his contract is up.
3071,3024,4,12,73,89,1.2247191011235956,0.054783464986671616,665,I took it home because waist not want not.
3119,3024,1,18,70,89,1.2247191011235956,0.047277269286691515,665,I prefer working with live bait
3199,3024,2,16,71,89,1.2247191011235956,0.04990493769277266,665,I'm baiting him for a larger one.
3216,3024,4,12,73,89,1.2247191011235956,0.054783464986671616,665,I don't know WHATS come over me lately!
3288,3024,4,12,73,89,1.2247191011235956,0.054783464986671616,665,I feel so used.
3479,3024,1,18,70,89,1.2247191011235956,0.047277269286691515,665,"What, never seen a shark getting a foot massage?"
3575,3024,4,12,73,89,1.2247191011235956,0.054783464986671616,665,My wife said it was pot luck.
3697,3024,2,16,71,89,1.2247191011235956,0.04990493769277266,665,Want to split a dessert?
3726,3024,3,14,72,89,1.2247191011235956,0.0524010059162293,665,"I'm carrying my food on my back............he's my ""Snack Pak""!!"
3825,3024,3,14,72,89,1.2247191011235956,0.0524010059162293,665,Baby shark do do do do do do
3839,3024,2,16,71,89,1.2247191011235956,0.04990493769277266,665,Where are the plates?
3960,3024,2,16,71,89,1.2247191011235956,0.04990493769277266,665,It's hard to get a day's work done with a monkey on your back.
4022,3024,3,14,72,89,1.2247191011235956,0.0524010059162293,665,I thought global sea level rise would be a good thing.
4028,3024,2,16,71,89,1.2247191011235956,0.04990493769277266,665,Dark meat is juicer.
4062,3024,3,14,72,89,1.2247191011235956,0.0524010059162293,665,He is lucky I don’t like the taste of humans.
2645,3024,4,12,73,89,1.2247191011235956,0.054783464986671616,665,I saved the drumsticks for you.
4132,3024,6,8,75,89,1.2247191011235956,0.05926173525785613,665,I'm just pulling his leg.
4256,3024,2,16,71,89,1.2247191011235956,0.04990493769277266,665,Foot massage before dinner.
1031,3024,6,8,75,89,1.2247191011235956,0.05926173525785613,665,"Actually, George, I'm swimming for a peer-to-peer ridesharing app called SurfSerfs."
5301,3024,2,16,71,89,1.2247191011235956,0.04990493769277266,665,"Honey, there's something that's been weighing on my shoulders."
1003,3024,3,14,72,89,1.2247191011235956,0.0524010059162293,665,Well I win with the last man standing!
5660,3024,3,14,72,89,1.2247191011235956,0.0524010059162293,665,Let's flip for it.
5694,3024,4,12,73,89,1.2247191011235956,0.054783464986671616,665,He’s holding my phone.
5789,3024,3,14,72,89,1.2247191011235956,0.0524010059162293,665,It's a gig ocean.
5797,3024,4,12,73,89,1.2247191011235956,0.054783464986671616,665,It's the latest in gadgetry. A human periscope.
5914,3024,5,10,74,89,1.2247191011235956,0.05706654581152649,665,What’s really annoying is he keeps calling me ‘Mac.’
6035,3024,6,8,75,89,1.2247191011235956,0.05926173525785613,665,It’s supposed to help with the cravings.
5650,3024,5,10,74,89,1.2247191011235956,0.05706654581152649,665,I have no idea where I'm going to install the Uber sign.
4390,3024,3,14,72,89,1.2247191011235956,0.0524010059162293,665,I/m saving him for lunch.
6085,3024,2,16,71,89,1.2247191011235956,0.04990493769277266,665,"Yep, well, many a truth is told in jest."
5277,3024,3,14,72,89,1.2247191011235956,0.0524010059162293,665,It’s a collectable decoy.
6086,3024,2,16,71,89,1.2247191011235956,0.04990493769277266,665,He’s all yours after my back rub.
6185,3024,4,12,73,89,1.2247191011235956,0.054783464986671616,665,One day we’re going to look back at this and laugh.
5644,3024,3,14,72,89,1.2247191011235956,0.0524010059162293,665,"""He's only helping me with my back pain, Karen."""
5634,3024,3,14,72,89,1.2247191011235956,0.0524010059162293,665,I invested in his business on Shark Tank last night
5618,3024,4,12,73,89,1.2247191011235956,0.054783464986671616,665,"Just remember, these free rides pay for the groceries."
5403,3024,5,10,74,89,1.2247191011235956,0.05706654581152649,665,I saved you the drumsticks.
5401,3024,2,16,71,89,1.2247191011235956,0.04990493769277266,665,"I brought my half, where's yours?"
5393,3024,6,8,75,89,1.2247191011235956,0.05926173525785613,665,Improves the freshness and gets the blood pumping.
5351,3024,5,10,74,89,1.2247191011235956,0.05706654581152649,665,How long do you think until he realizes he's not on his paddle board anymore?
5315,3024,6,8,75,89,1.2247191011235956,0.05926173525785613,665,We can do lunch after my back massage
6088,3024,6,8,75,89,1.2247191011235956,0.05926173525785613,665,"Dinner winner, I called tails."
1020,3024,4,12,73,89,1.2247191011235956,0.054783464986671616,665,I decided to have my lunch to go today.
5275,3024,3,14,72,89,1.2247191011235956,0.0524010059162293,665,Want to make a wish?
5235,3024,2,16,71,89,1.2247191011235956,0.04990493769277266,665,"I'm not that hungry, do you want to split it?"
987,3024,2,16,71,89,1.2247191011235956,0.04990493769277266,665,Word to the wise: never lose a bet to Shamu
963,3024,2,16,71,89,1.2247191011235956,0.04990493769277266,665,"'Extreme surfing,  it's going to be the next big thing.'"
843,3024,6,8,75,89,1.2247191011235956,0.05926173525785613,665,"Well, he's a lawyer so its a professional courtesy thing."
720,3024,5,10,74,89,1.2247191011235956,0.05706654581152649,665,I know what you’re thinking.
600,3024,3,14,72,89,1.2247191011235956,0.0524010059162293,665,I don't think this guy's keto diet is working out too well.
522,3024,5,10,74,89,1.2247191011235956,0.05706654581152649,665,Just trying to keep his head above water.
484,3024,4,12,73,89,1.2247191011235956,0.054783464986671616,665,"In Amity they say ""shak."""
443,3024,2,16,71,89,1.2247191011235956,0.04990493769277266,665,Like to come to dunner tonight?
425,3024,4,12,73,89,1.2247191011235956,0.054783464986671616,665,The millennials needed a new trend after self-driving cars.
5247,3024,3,14,72,89,1.2247191011235956,0.0524010059162293,665,The moron thinks he's standing on the bottom.
331,3024,4,12,73,89,1.2247191011235956,0.054783464986671616,665,Don't ask.
250,3024,3,14,72,89,1.2247191011235956,0.0524010059162293,665,"I felt bad for the kid, Jerry. Prom weekend and he couldn't afford a limo."
235,3024,3,14,72,89,1.2247191011235956,0.0524010059162293,665,It's called ashiatsu massage and all the sharks are doing it.
192,3024,5,10,74,89,1.2247191011235956,0.05706654581152649,665,I don't like this. It seems TOO easy.
177,3024,4,12,73,89,1.2247191011235956,0.054783464986671616,665,"I'm trying out for Aqua-Uber, so don't even think about it!"
102,3024,5,10,74,89,1.2247191011235956,0.05706654581152649,665,And then they wonder why.
52,3024,3,14,72,89,1.2247191011235956,0.0524010059162293,665,I feed him minnows;  he keeps an eye out for shark fishermen.
4600,3024,3,14,72,89,1.2247191011235956,0.0524010059162293,665,I'd skip it. It tastes like chicken.
4661,3024,2,16,71,89,1.2247191011235956,0.04990493769277266,665,I can't get rid of this monkey.
4759,3024,1,18,70,89,1.2247191011235956,0.047277269286691515,665,The least he could do is cut his toenails.
4942,3024,5,10,74,89,1.2247191011235956,0.05706654581152649,665,This Uber surfing gig will pay for my trip to South Carolina this winter.
4537,3024,2,16,71,89,1.2247191011235956,0.04990493769277266,665,"He says it’s symbiotic, but I feel like he’s walking all over me."
4521,3024,1,18,70,89,1.2247191011235956,0.047277269286691515,665,Do you prefer a leg or a thigh?
1847,3121,5,12,81,98,1.2244897959183674,0.053354962259045804,665,He thinks he's the scorpion...
3210,3121,3,16,79,98,1.2244897959183674,0.049254087406169565,665,Court orders ...!
3502,3123,4,11,70,85,1.223529411764706,0.05645074347855478,665,I can’t decide whether to eat him or just enjoy the massage.
5000,3123,3,13,69,85,1.223529411764706,0.053912655234774585,665,Stop teasing me.  I forgot to put my lunch in my locker.
5304,3123,4,11,70,85,1.223529411764706,0.05645074347855478,665,"I said:  'Look, Jonah, try a whale--more your size' and he goes:  'Yeah, but I'm allergic to all the plastic crap they now eat.'""        Murray Block, Albany, New Yor"
5434,3123,5,9,71,85,1.223529411764706,0.05887952516876747,665,Paying passengers help pay the dental bills.
3100,3123,3,13,69,85,1.223529411764706,0.053912655234774585,665,"I just prefer to have a masseur over a masseuse, Brian."
3065,3123,4,11,70,85,1.223529411764706,0.05645074347855478,665,You ordered UberEats?
3055,3123,3,13,69,85,1.223529411764706,0.053912655234774585,665,It's s nice way to relax before meals.
3015,3123,5,9,71,85,1.223529411764706,0.05887952516876747,665,They really are atop of the food chain?
2891,3123,1,17,67,85,1.223529411764706,0.048439140215612964,665,This one is playing hard to get.
2882,3123,5,9,71,85,1.223529411764706,0.05887952516876747,665,"Oh that's John, he thinks he's a remora."
2821,3123,4,11,70,85,1.223529411764706,0.05645074347855478,665,He thinks I’m a sandbar...
2741,3123,3,13,69,85,1.223529411764706,0.053912655234774585,665,"You know we can't stop to chat.  My Uber rating is already down to a 4.7.  Also, I'm pretty sure we'd die."
2583,3123,3,13,69,85,1.223529411764706,0.053912655234774585,665,Wishbone!
2572,3123,3,13,69,85,1.223529411764706,0.053912655234774585,665,He really gives a great foot massage.
2521,3123,2,15,68,85,1.223529411764706,0.05124902291405896,665,I got community service for eating his surfboard.
2520,3123,3,13,69,85,1.223529411764706,0.053912655234774585,665,"I can't help it, he is a Republican."
2506,3123,2,15,68,85,1.223529411764706,0.05124902291405896,665,"Watch what you sign. I assumed he was going to jump over me, not onto me."
2360,3123,2,15,68,85,1.223529411764706,0.05124902291405896,665,It’s just in case I feel like a snack.
2350,3123,4,11,70,85,1.223529411764706,0.05645074347855478,665,I hate to burst his bubble.
2302,3123,4,11,70,85,1.223529411764706,0.05645074347855478,665,I'm vegetarian
2214,3123,0,19,66,85,1.223529411764706,0.04545589356738998,665,Do these skinny legs make me look fat?
2141,3123,4,11,70,85,1.223529411764706,0.05645074347855478,665,Just a Big Pharma exec who needed a professional courtesy
2033,3123,5,9,71,85,1.223529411764706,0.05887952516876747,665,What can he be thinking?
1877,3123,3,13,69,85,1.223529411764706,0.053912655234774585,665,I told him I’d give him a lift if he debunked shark attacks as Fake News.
5652,3123,2,15,68,85,1.223529411764706,0.05124902291405896,665,I brought a dish to pass.
3455,3123,4,11,70,85,1.223529411764706,0.05645074347855478,665,"Sure they taste great, but this guy gives a fantastic back rub"
5964,3123,1,17,67,85,1.223529411764706,0.048439140215612964,665,"If you ask me, this predator-prey relationship business is a bit overrated."
6138,3123,1,17,67,85,1.223529411764706,0.048439140215612964,665,Here's your Uber Eats order.
3605,3123,3,13,69,85,1.223529411764706,0.053912655234774585,665,"Haven't you heard? Delayed gratification, man! It's the bomb."
3901,3123,2,15,68,85,1.223529411764706,0.05124902291405896,665,"It may be my fin, but it's gonna be his fin-ish."
3934,3123,1,17,67,85,1.223529411764706,0.048439140215612964,665,Pret a Manger carry out
4033,3123,2,15,68,85,1.223529411764706,0.05124902291405896,665,"He told me this would be good for my root chakra, but I think I'd rather just eat him."
4035,3123,5,9,71,85,1.223529411764706,0.05887952516876747,665,That explains it. I was wondering where the other half had gotten to.
4098,3123,4,11,70,85,1.223529411764706,0.05645074347855478,665,"I mean, standing on water won't make them think too much of him, right?"
4162,3123,1,17,67,85,1.223529411764706,0.048439140215612964,665,The world used to be on the back of a tortoise.
4166,3123,0,19,66,85,1.223529411764706,0.04545589356738998,665,I don't know what it is got into me made me discover my compassionate nature somehow...
4234,3123,2,15,68,85,1.223529411764706,0.05124902291405896,665,We have a working relationship.  He rubs my back.  I clean his feet.
4287,3123,2,15,68,85,1.223529411764706,0.05124902291405896,665,It's Shiatsu.  I'm always sore after a feeding frenzy.
4290,3123,4,11,70,85,1.223529411764706,0.05645074347855478,665,Thanks. It's Tom Ford.
4343,3123,4,11,70,85,1.223529411764706,0.05645074347855478,665,"Oh, I know, but where's the challenge?"
4453,3123,2,15,68,85,1.223529411764706,0.05124902291405896,665,I heard you prefer the thighs.
4478,3123,1,17,67,85,1.223529411764706,0.048439140215612964,665,Is it leg day?
3406,3123,4,11,70,85,1.223529411764706,0.05645074347855478,665,You hungry? I've got dinner on my mind.
4604,3123,5,9,71,85,1.223529411764706,0.05887952516876747,665,She got the house and half of everything I have.
4638,3123,3,13,69,85,1.223529411764706,0.053912655234774585,665,And they say their higher on the food chain?
4645,3123,3,13,69,85,1.223529411764706,0.053912655234774585,665,I thought our PR could use a boost.
4659,3123,3,13,69,85,1.223529411764706,0.053912655234774585,665,On weekends I make extra money with my ride-sharing app.
4724,3123,4,11,70,85,1.223529411764706,0.05645074347855478,665,Trust me.  Wait for the helicopter.
4758,3123,2,15,68,85,1.223529411764706,0.05124902291405896,665,"If this idiot doesn’t get off me soon, his nickname will soon be “stumpy.”"
6229,3123,3,13,69,85,1.223529411764706,0.053912655234774585,665,The fin was getting me the wrong kind of attention.
1830,3123,3,13,69,85,1.223529411764706,0.053912655234774585,665,I didn't expect driving for Uber Ocean to be this humiliating.
6009,3123,5,9,71,85,1.223529411764706,0.05887952516876747,665,My lawyer is a real shark and he going to eat you alive in this divorce!
1718,3123,2,15,68,85,1.223529411764706,0.05124902291405896,665,You're going to need a bigger back.
472,3123,2,15,68,85,1.223529411764706,0.05124902291405896,665,What? You've never heard of decoys?
1673,3123,2,15,68,85,1.223529411764706,0.05124902291405896,665,He says he's honoring me by 'standing on the shoulders of greatness.'
221,3123,3,13,69,85,1.223529411764706,0.053912655234774585,665,That was some party last night.
273,3123,3,13,69,85,1.223529411764706,0.053912655234774585,665,I'd eat him but he really helps me back!
350,3123,1,17,67,85,1.223529411764706,0.048439140215612964,665,I ordered carryout.
569,3123,3,13,69,85,1.223529411764706,0.053912655234774585,665,Humans...it's like they're trying to get eaten
713,3123,5,9,71,85,1.223529411764706,0.05887952516876747,665,"Wait. I thought you said ""Beto"" diet."
750,3123,5,9,71,85,1.223529411764706,0.05887952516876747,665,You ever tried bait?
755,3123,2,15,68,85,1.223529411764706,0.05124902291405896,665,"It's been a long day, so I just ordered some takeout."
828,3123,1,17,67,85,1.223529411764706,0.048439140215612964,665,"Picked up surfing as a hobby, but it's more of a headache than you realize"
849,3123,4,11,70,85,1.223529411764706,0.05645074347855478,665,"He thinks I'm his surf-board. You've had this problem before, what did you do?"
1683,3123,2,15,68,85,1.223529411764706,0.05124902291405896,665,He thinks he's playing Jump the Shark. I hope he tastes better than the last one.
943,3123,2,15,68,85,1.223529411764706,0.05124902291405896,665,I was told around here it’s not illegal to use live bait
940,3123,4,11,70,85,1.223529411764706,0.05645074347855478,665,"Fine, don’t guess.  I’m Carmen Miranda."
1652,3123,4,11,70,85,1.223529411764706,0.05645074347855478,665,"We'll eat after he finishes his terrific back massage."""
1551,3123,2,15,68,85,1.223529411764706,0.05124902291405896,665,You are a killer shark and you are getting stepped on...whose fault do you think it is?
1547,3123,4,11,70,85,1.223529411764706,0.05645074347855478,665,He thinks he's on a reef.
1637,3123,3,13,69,85,1.223529411764706,0.053912655234774585,665,What a day for my remora to take the day off.
1334,3123,3,13,69,85,1.223529411764706,0.053912655234774585,665,"He calls it body surfing, but when he falls off I call it lunch."
1303,3123,1,17,67,85,1.223529411764706,0.048439140215612964,665,Sorry but I don't like raw fishermen...
1058,3123,3,13,69,85,1.223529411764706,0.053912655234774585,665,Can you imagine the expression on his face when he looks down and sees me?
1475,3123,3,13,69,85,1.223529411764706,0.053912655234774585,665,He saved me from being finned. I'm saving him for lunch.
542,3198,6,14,97,117,1.2222222222222223,0.04872544551705718,665,I was fine with it till he started with the theme music.
5638,3198,4,12,74,90,1.2222222222222223,0.054228852872245444,665,"Back off, I've been carrying this appetizer for 10 minutes."
5107,3198,3,14,73,90,1.2222222222222223,0.05187562620058012,665,"I'll flip you  ...er, him... to see who gets the top half."
5908,3198,2,16,72,90,1.2222222222222223,0.04941045135965656,665,"This guy is so stupid, I could eat him standing on my head"
2467,3198,2,14,65,81,1.2222222222222223,0.05270462766947299,665,I'm practicing willpower for my summer body.
3312,3203,2,17,76,95,1.2210526315789474,0.047746407774967206,665,its only  temporary . he  just  broke  up  with  his girl._he'll be  gone  by Tuesday!
2282,3203,6,9,80,95,1.2210526315789474,0.05635225033969255,665,"Okay, you're right. Americans are delusional. Let's eat"
3867,3203,3,15,77,95,1.2210526315789474,0.050036822652392024,665,They taste better when they're healthy.
3343,3203,5,11,79,95,1.2210526315789474,0.05432873965604114,665,I'm a total magnet for humans.
2090,3203,3,15,77,95,1.2210526315789474,0.050036822652392024,665,"No Jerry, I don't like you're new hat."
2541,3208,4,11,71,86,1.2209302325581395,0.05585099090320066,665,I'm bringing lunch today
2357,3208,3,13,70,86,1.2209302325581395,0.05334543442181245,665,These new ride share apps are getting out of hand.
2640,3208,2,15,69,86,1.2209302325581395,0.05071624554750068,665,Talk about white privilege.
2593,3208,2,15,69,86,1.2209302325581395,0.05071624554750068,665,It was 'all-you-could-eat' night at that little bistro by the sand bar.
1442,3208,2,15,69,86,1.2209302325581395,0.05071624554750068,665,His name is Remora - he’s a pain in the ass.
2244,3208,4,11,71,86,1.2209302325581395,0.05585099090320066,665,"i try to remind myself: a caldera, the singularity, climate change, antibiotic resistance—something's gonna clip these dumbfucks."
2238,3208,2,15,69,86,1.2209302325581395,0.05071624554750068,665,How are we handling walk-ups?
2142,3208,3,13,70,86,1.2209302325581395,0.05334543442181245,665,"I don't know, Bob...I fear that I've lost my edge."
2130,3208,3,13,70,86,1.2209302325581395,0.05334543442181245,665,This chum is getting too chummy.
1691,3208,3,13,70,86,1.2209302325581395,0.05334543442181245,665,"I want to give true homage to John Donne and the 'No man is an island' meme, but I'm conflicted because I haven't had lunch yet."
2779,3208,5,9,72,86,1.2209302325581395,0.05824887120010922,665,"I lost his law suit, I gotta live with the shame."
1394,3208,3,13,70,86,1.2209302325581395,0.05334543442181245,665,I'll flip you for it.
2347,3208,5,9,72,86,1.2209302325581395,0.05824887120010922,665,"He says his name is ""R. E. Mora""."
2896,3208,1,17,68,86,1.2209302325581395,0.04794308866997278,665,Now I know how equestrian horses feel.
4854,3208,3,13,70,86,1.2209302325581395,0.05334543442181245,665,I work for Uber.  What about you?
3409,3208,3,13,70,86,1.2209302325581395,0.05334543442181245,665,I'm transitioning to sole.
6297,3208,2,15,69,86,1.2209302325581395,0.05071624554750068,665,I swear I always have food on my mind.
6268,3208,3,13,70,86,1.2209302325581395,0.05334543442181245,665,"No thanks, you go ahead. I’ll be eating in tonight."
6111,3208,5,9,72,86,1.2209302325581395,0.05824887120010922,665,And then he said something about law school and professional courtesy.
5751,3208,2,15,69,86,1.2209302325581395,0.05071624554750068,665,"I'm saving this half of my lunch for later."""
5731,3208,3,13,70,86,1.2209302325581395,0.05334543442181245,665,"We make less than even Uber drivers, so we take a bite of the customer."
5695,3208,0,19,67,86,1.2209302325581395,0.04499935488425764,665,Watch closely and learn and I will show you how to toss the salad
4928,3208,4,11,71,86,1.2209302325581395,0.05585099090320066,665,I’m trying a new thing where I eat half and save half for later.
4916,3208,2,15,69,86,1.2209302325581395,0.05071624554750068,665,"Let me tell you, kid - Speilberg would never have let this happen."
1184,3208,3,13,70,86,1.2209302325581395,0.05334543442181245,665,I'm supplementing my income by driving for Uber.
4777,3208,5,9,72,86,1.2209302325581395,0.05824887120010922,665,"If I bite him, he'll never give me a 5-star rating for this ride"
4648,3208,5,9,72,86,1.2209302325581395,0.05824887120010922,665,just helping change the bad PR from Jaws #6.
4391,3208,1,17,68,86,1.2209302325581395,0.04794308866997278,665,"Yeah he's pissing me off, but they already think we're crazy enough."
3874,3208,1,17,68,86,1.2209302325581395,0.04794308866997278,665,"Zack, is there a human on me for the 100th time this week?"
3780,3208,6,7,73,86,1.2209302325581395,0.06055186873503099,665,What can you do when you don't have a refrigerator?
3429,3208,4,11,71,86,1.2209302325581395,0.05585099090320066,665,"If I flip him, I get first dibs."
3282,3208,3,13,70,86,1.2209302325581395,0.05334543442181245,665,I happen to like the mixture of wet and dry meat.
640,3208,3,13,70,86,1.2209302325581395,0.05334543442181245,665,"No, I'm not going to eat him. I swim for Uber now."
4568,3208,1,17,68,86,1.2209302325581395,0.04794308866997278,665,You eat him. I just don’t have the heart.
195,3208,5,9,72,86,1.2209302325581395,0.05824887120010922,665,"I know we said it is only temporary, but they really are being priced out of the cities."
53,3208,2,15,69,86,1.2209302325581395,0.05071624554750068,665,So what if you're hungry. How often do we run into a Ashiatsu therapist?
21,3208,3,13,70,86,1.2209302325581395,0.05334543442181245,665,We’re gonna’ need smaller people.
215,3208,3,13,70,86,1.2209302325581395,0.05334543442181245,665,All I know is they work at the White House.
4409,3246,3,16,81,100,1.22,0.048367281703584904,665,It's the reboot--he's too old now to actually make it over me.
4877,3247,2,19,84,105,1.2190476190476192,0.04484599691984634,665,"Yeah, I can’t stand Shark Week either, Fred."
5825,3248,4,11,72,87,1.2183908045977012,0.055263668629472025,665,Don't say it! I've got a monkey on my back.
3949,3249,0,18,65,83,1.216867469879518,0.04551011283857881,665,"It’s my periscope.
The seals never see me coming."
3971,3249,2,14,67,83,1.216867469879518,0.05156439751534847,665,He wants us to help demonstrate his new shark repellant on Shark Tank.
4089,3249,3,12,68,83,1.216867469879518,0.05433917050702214,665,It's just until he gets his swimming legs.
4133,3249,4,10,69,83,1.216867469879518,0.05697897692712264,665,He’s part of my new balanced diet.
4169,3249,2,14,67,83,1.216867469879518,0.05156439751534847,665,It was a bad itch.
4172,3249,3,12,68,83,1.216867469879518,0.05433917050702214,665,Boston Harbor. Says I’m too expensive. Want him?
4233,3249,3,12,68,83,1.216867469879518,0.05433917050702214,665,"Don't even ask where I got this, I'm fed up with you always copying my style."
4276,3249,1,16,66,83,1.216867469879518,0.04863156105710082,665,The guy says he never read the Gingerbread Man.
4277,3249,2,14,67,83,1.216867469879518,0.05156439751534847,665,"It’s kinda scary. In a very deep voice, this guy keeps saying “dum dum dum dum.”"
4355,3249,3,12,68,83,1.216867469879518,0.05433917050702214,665,Wanna' see something funny?
4386,3249,3,12,68,83,1.216867469879518,0.05433917050702214,665,I told you going vegan was a bad idea.
4394,3249,4,10,69,83,1.216867469879518,0.05697897692712264,665,This lure was a stupid idea.
4461,3249,3,12,68,83,1.216867469879518,0.05433917050702214,665,"Like we’re not TAKING jobs from dolphins, we’re just way less entitled workers."
4518,3249,3,12,68,83,1.216867469879518,0.05433917050702214,665,What can I do?  It was this or become a pair of loafers.
4522,3249,3,12,68,83,1.216867469879518,0.05433917050702214,665,"Adjusts my cartilage, then he's a snack. What's better than that!"
4585,3249,2,14,67,83,1.216867469879518,0.05156439751534847,665,If my daddy could see me now.
4619,3249,1,16,66,83,1.216867469879518,0.04863156105710082,665,"Watch out, I’m running late for Ubersea"
4673,3249,3,12,68,83,1.216867469879518,0.05433917050702214,665,I brought him to share
4711,3249,2,14,67,83,1.216867469879518,0.05156439751534847,665,"Ten-Toe massage, then dinner."
4712,3249,2,14,67,83,1.216867469879518,0.05156439751534847,665,"I know it’s a false sense of security, but the meat is more tender when they’re relaxed."
3935,3249,3,12,68,83,1.216867469879518,0.05433917050702214,665,Which of us will litigate this?
3902,3249,2,14,67,83,1.216867469879518,0.05156439751534847,665,"Hey Sushi, ready for lunch?"
3772,3249,2,14,67,83,1.216867469879518,0.05156439751534847,665,Working for Uber as a side gig is helping me pay off my student loans.
3878,3249,4,10,69,83,1.216867469879518,0.05697897692712264,665,"No, you can't have a bite. I'd get a terrible Uber Review."
2890,3249,3,12,68,83,1.216867469879518,0.05433917050702214,665,Me neither. I don't understand fashion at all.
2906,3249,3,12,68,83,1.216867469879518,0.05433917050702214,665,Do I turn him over? Or gobble him up half baked?
2941,3249,3,12,68,83,1.216867469879518,0.05433917050702214,665,"Its ""Mr. Wonderful""  showing how to win in business."
2946,3249,1,16,66,83,1.216867469879518,0.04863156105710082,665,I'm trying to improve our image.
2948,3249,3,12,68,83,1.216867469879518,0.05433917050702214,665,"Better hurry, the buffet is about to close."
3030,3249,1,16,66,83,1.216867469879518,0.04863156105710082,665,He didn't jump high enough.
3045,3249,4,10,69,83,1.216867469879518,0.05697897692712264,665,"I'm trying to ignore it. If I bite it, they cull at least 200 of us."
3062,3249,2,14,67,83,1.216867469879518,0.05156439751534847,665,Wait until this kink in my neck gets worked out.
3067,3249,3,12,68,83,1.216867469879518,0.05433917050702214,665,If  the second half is anything like the first there’ll be plenty to share”
3092,3249,2,14,67,83,1.216867469879518,0.05156439751534847,665,Lately I've been feeling like a person out of air
3107,3249,4,10,69,83,1.216867469879518,0.05697897692712264,665,I like a bit of ashiatsu massage before dinner.
3187,3249,2,14,67,83,1.216867469879518,0.05156439751534847,665,"Nah, too easy."
3276,3249,3,12,68,83,1.216867469879518,0.05433917050702214,665,"He's not heavy, he's my brother."
3303,3249,4,10,69,83,1.216867469879518,0.05697897692712264,665,"My new job as a paddleboard is great - I don't have to chase humans, and after six months I qualify for health insurance."
3403,3249,4,10,69,83,1.216867469879518,0.05697897692712264,665,white people
3410,3249,1,16,66,83,1.216867469879518,0.04863156105710082,665,Cheapest periscope on the market and likely tasty too
3440,3249,3,12,68,83,1.216867469879518,0.05433917050702214,665,It’s all the rage....he’s a chum
3444,3249,2,14,67,83,1.216867469879518,0.05156439751534847,665,What he can't see can't hurt him.
3563,3249,3,12,68,83,1.216867469879518,0.05433917050702214,665,"Counterintuitive, I know. But it stabilizes me and lets me go faster."
3618,3249,4,10,69,83,1.216867469879518,0.05697897692712264,665,Hors d’oeuvres are on me!
3730,3249,3,12,68,83,1.216867469879518,0.05433917050702214,665,"Sure he looks appetizing, but if I eat him Uber won’t process the fare."
3735,3249,2,14,67,83,1.216867469879518,0.05156439751534847,665,The feet feel really nice but I’m conflicted about the nature vs nurture thing.
4736,3249,1,16,66,83,1.216867469879518,0.04863156105710082,665,It’s the latest millennial thing - shark yoga.
3882,3249,4,10,69,83,1.216867469879518,0.05697897692712264,665,He’s sure gonna be surprised I’m not a sandbar.
4790,3249,2,14,67,83,1.216867469879518,0.05156439751534847,665,Hummm... The water is more shallow than I thought.
4883,3249,2,14,67,83,1.216867469879518,0.05156439751534847,665,"Well, this is a new one on me!"
4813,3249,1,16,66,83,1.216867469879518,0.04863156105710082,665,I'm depressed
5903,3249,2,14,67,83,1.216867469879518,0.05156439751534847,665,I'm starting an Uber Water Taxi Service.
5879,3249,4,10,69,83,1.216867469879518,0.05697897692712264,665,I don't think I can tolerate this guys white privilege much longer.
5872,3249,1,16,66,83,1.216867469879518,0.04863156105710082,665,"It's all fake news ... the dumb lawyer jokes and the smart ass
dolphins. I'm doing this so they'll leave us and our fins alone."
5855,3249,2,14,67,83,1.216867469879518,0.05156439751534847,665,Aquaman forgot where he parked again.
5808,3249,4,10,69,83,1.216867469879518,0.05697897692712264,665,Can you please get a picture of this?
2884,3249,3,12,68,83,1.216867469879518,0.05433917050702214,665,...and his third wish was to put him on Shark Tank.
5791,3249,4,10,69,83,1.216867469879518,0.05697897692712264,665,"Before we take him for dinner, let him give you a Shiatzu"
5755,3249,3,12,68,83,1.216867469879518,0.05433917050702214,665,This is just too easy!
5733,3249,4,10,69,83,1.216867469879518,0.05697897692712264,665,If your father sees you playing with humans again he’s going to bite your head off
5708,3249,2,14,67,83,1.216867469879518,0.05156439751534847,665,"I know, I know; but he said 
he could get me on ‘Shark Tank’!"
5962,3249,3,12,68,83,1.216867469879518,0.05433917050702214,665,"Uber shark, my ass."
5703,3249,0,18,65,83,1.216867469879518,0.04551011283857881,665,Ecotourism pays the gills.
5636,3249,5,8,70,83,1.216867469879518,0.059501782930698174,665,Uber is easy money—just sayin’.
5599,3249,4,10,69,83,1.216867469879518,0.05697897692712264,665,Quick ... before Secret Service shows up !
5596,3249,2,14,67,83,1.216867469879518,0.05156439751534847,665,Now I understand.
5581,3249,4,10,69,83,1.216867469879518,0.05697897692712264,665,I'd been warned about picking up parasites in these waters.
5485,3249,3,12,68,83,1.216867469879518,0.05433917050702214,665,You've already had the other half.
5449,3249,2,14,67,83,1.216867469879518,0.05156439751534847,665,The doctor says it’s just a cyst.
5441,3249,4,10,69,83,1.216867469879518,0.05697897692712264,665,I think this species is learning to adapt...
5435,3249,2,14,67,83,1.216867469879518,0.05156439751534847,665,Hang Ten?  How about Eat One
5433,3249,2,14,67,83,1.216867469879518,0.05156439751534847,665,"Ok, so it's not goat yoga."
5413,3249,2,14,67,83,1.216867469879518,0.05156439751534847,665,I guess another one got his better half.
5679,3249,2,14,67,83,1.216867469879518,0.05156439751534847,665,Timing is everything.
4807,3249,3,12,68,83,1.216867469879518,0.05433917050702214,665,At least I have something to sink my teeth into!
5974,3249,4,10,69,83,1.216867469879518,0.05697897692712264,665,"Don’t worry, I’ve got dinner handled.”
Darilyn Bennett, Salem, Orego"
6116,3249,4,10,69,83,1.216867469879518,0.05697897692712264,665,I like to give them a false sense of confidence.
4872,3249,1,16,66,83,1.216867469879518,0.04863156105710082,665,I find it more effective than octopus's aquapuncture cupping.
4918,3249,1,16,66,83,1.216867469879518,0.04863156105710082,665,He is an instagram influencer. Says he can improve my click bait numbers.
4930,3249,1,16,66,83,1.216867469879518,0.04863156105710082,665,"Whatever you do, don’t start your shift on an empty stomach."
4933,3249,3,12,68,83,1.216867469879518,0.05433917050702214,665,He’s worse than a lamprey!
4947,3249,4,10,69,83,1.216867469879518,0.05697897692712264,665,I’m waiting for my musical cue.
4962,3249,3,12,68,83,1.216867469879518,0.05433917050702214,665,He grew tired of bucking broncos.
4975,3249,2,14,67,83,1.216867469879518,0.05156439751534847,665,"The last time I ate legs like that,I became a vegetarian."
4994,3249,2,14,67,83,1.216867469879518,0.05156439751534847,665,Please say you will stay for dinner.
5002,3249,1,16,66,83,1.216867469879518,0.04863156105710082,665,He says that if I support him it will improve our reputation.
5059,3249,3,12,68,83,1.216867469879518,0.05433917050702214,665,They call me Uber shark
6089,3249,1,16,66,83,1.216867469879518,0.04863156105710082,665,You actually have to admire his balance.
5067,3249,5,8,70,83,1.216867469879518,0.059501782930698174,665,I don’t care what ‘shark chum’ is supposed to mean; he’s my friend!
5104,3249,2,14,67,83,1.216867469879518,0.05156439751534847,665,He thinks I'm a stable genus.
5141,3249,2,14,67,83,1.216867469879518,0.05156439751534847,665,Has he mistaken me for his Stand-up paddleboard?
5167,3249,2,14,67,83,1.216867469879518,0.05156439751534847,665,It's what they call a foot massage.
5179,3249,2,14,67,83,1.216867469879518,0.05156439751534847,665,If I keep this up Netflix will make a documentary about me
5223,3249,2,14,67,83,1.216867469879518,0.05156439751534847,665,"When his swimming lesson starts, I get first dibs."
5242,3249,5,8,70,83,1.216867469879518,0.059501782930698174,665,"He told me that since I prefer dark meat, he needed to get some sun!"
5279,3249,3,12,68,83,1.216867469879518,0.05433917050702214,665,It makes me more aquadynamic.
5347,3249,3,12,68,83,1.216867469879518,0.05433917050702214,665,They say opposites attract.
6284,3249,2,14,67,83,1.216867469879518,0.05156439751534847,665,I knew those shark tracking apps would lead to no good!
6127,3249,2,14,67,83,1.216867469879518,0.05156439751534847,665,"Yeah, I like the aquatic stuff but these ashiatsu massages are wonderful!"
5088,3249,4,10,69,83,1.216867469879518,0.05697897692712264,665,I owe the local loan shark a favor.
2865,3249,4,10,69,83,1.216867469879518,0.05697897692712264,665,I’m packing a lunch.
2924,3249,3,12,68,83,1.216867469879518,0.05433917050702214,665,I needed a lift.
2857,3249,3,12,68,83,1.216867469879518,0.05433917050702214,665,This one tips in sardines
835,3249,2,14,67,83,1.216867469879518,0.05156439751534847,665,I hate being a support animal.
898,3249,3,12,68,83,1.216867469879518,0.05433917050702214,665,It must be tourist season again...
994,3249,3,12,68,83,1.216867469879518,0.05433917050702214,665,Extreme sports just aren’t what they used to be....
995,3249,1,16,66,83,1.216867469879518,0.04863156105710082,665,Jump the shark?
1081,3249,1,16,66,83,1.216867469879518,0.04863156105710082,665,It's cheaper than a chiropractor.
1083,3249,3,12,68,83,1.216867469879518,0.05433917050702214,665,We made a deal.
824,3249,2,14,67,83,1.216867469879518,0.05156439751534847,665,Can you believe I paid 100$ for this?
1154,3249,4,10,69,83,1.216867469879518,0.05697897692712264,665,He will be de-feeted!
1231,3249,3,12,68,83,1.216867469879518,0.05433917050702214,665,"He's MY lunch...he just doesn't know it yet...first, I have to work up an appetite first by treading water in place for 10 minutes while he plays to the crowd on the beach."
1232,3249,1,16,66,83,1.216867469879518,0.04863156105710082,665,I'm saving the bottom half for later.
1234,3249,1,16,66,83,1.216867469879518,0.04863156105710082,665,"I ate this guy's surfboard, now I have to do this for 2 weeks."
1277,3249,3,12,68,83,1.216867469879518,0.05433917050702214,665,"They call it Unter, and, you know, it's a living."
1306,3249,4,10,69,83,1.216867469879518,0.05697897692712264,665,"It's Mark Cuban, and he's the star of the show"
1408,3249,2,14,67,83,1.216867469879518,0.05156439751534847,665,And this was all she left me....
1160,3249,3,12,68,83,1.216867469879518,0.05433917050702214,665,You have to build their trust before consuming their life.
625,3249,4,10,69,83,1.216867469879518,0.05697897692712264,665,You should consider getting a human masseuse too. This back-walking is really aligning my chakras.
591,3249,3,12,68,83,1.216867469879518,0.05433917050702214,665,"Well, it looks like they need to re-release Jaws for a new generation."
578,3249,2,14,67,83,1.216867469879518,0.05156439751534847,665,"Because being his maritime support animal pays in chum, chum."
2863,3249,3,12,68,83,1.216867469879518,0.05433917050702214,665,"Get him off my back!



I brought you lunch"
15,3249,1,16,66,83,1.216867469879518,0.04863156105710082,665,I'm saving this half for a mid-day snack.
38,3249,2,14,67,83,1.216867469879518,0.05156439751534847,665,"0kay ‘Bad Shark,’ you’re up."
49,3249,2,14,67,83,1.216867469879518,0.05156439751534847,665,"Yea, He's a stand-up guy."
69,3249,2,14,67,83,1.216867469879518,0.05156439751534847,665,"How about this, he thinks he can get a free ride."
77,3249,0,18,65,83,1.216867469879518,0.04551011283857881,665,"You want to be the one to break the news, or should I?"
176,3249,5,8,70,83,1.216867469879518,0.059501782930698174,665,I'm not doing anything until I hear that  Double Bassoon
310,3249,3,12,68,83,1.216867469879518,0.05433917050702214,665,"Should we eat him now, or let him scream more?"
375,3249,3,12,68,83,1.216867469879518,0.05433917050702214,665,How long is a water polo match?
391,3249,2,14,67,83,1.216867469879518,0.05156439751534847,665,This attracts more snacks than letting  my fin stick above the water.
469,3249,2,14,67,83,1.216867469879518,0.05156439751534847,665,"I know, I know...."
493,3249,1,16,66,83,1.216867469879518,0.04863156105710082,665,"I've hated the beach since I first saw ""Feet""."
523,3249,3,12,68,83,1.216867469879518,0.05433917050702214,665,"Body surfing, on my body."
556,3249,1,16,66,83,1.216867469879518,0.04863156105710082,665,It's mutualism.
571,3249,3,12,68,83,1.216867469879518,0.05433917050702214,665,It was either this or sharkskin boots.
1430,3249,4,10,69,83,1.216867469879518,0.05697897692712264,665,We wait till they Q the music.
1453,3249,3,12,68,83,1.216867469879518,0.05433917050702214,665,"I keep telling him,
It’s JUMP the shark."
490,3249,3,12,68,83,1.216867469879518,0.05433917050702214,665,"Bruce, remember: humans are friends, not food."
2528,3249,3,12,68,83,1.216867469879518,0.05433917050702214,665,They were out of pilot fish.
2563,3249,3,12,68,83,1.216867469879518,0.05433917050702214,665,I don’t know what he’s doing but he’s been up there for hours.
1635,3249,2,14,67,83,1.216867469879518,0.05156439751534847,665,Would you like to buy a human periscope?
2609,3249,3,12,68,83,1.216867469879518,0.05433917050702214,665,the bottom half never tastes as good as the top half
2508,3249,5,8,70,83,1.216867469879518,0.059501782930698174,665,I'm sick of shark week.
2466,3249,1,16,66,83,1.216867469879518,0.04863156105710082,665,They really are unappetizing
2676,3249,2,14,67,83,1.216867469879518,0.05156439751534847,665,"Have you felt their skin? It feels so weird, like sandpaper."
2320,3249,2,14,67,83,1.216867469879518,0.05156439751534847,665,I'm starting to think it's political.
2296,3249,2,14,67,83,1.216867469879518,0.05156439751534847,665,Who's not in the mood for some beach park skin soup?
2274,3249,3,12,68,83,1.216867469879518,0.05433917050702214,665,"Sorry, I’ve gone keto."
2681,3249,2,14,67,83,1.216867469879518,0.05156439751534847,665,"When the wife feels it ok to come in, we eat them both"
2792,3249,4,10,69,83,1.216867469879518,0.05697897692712264,665,And we look nothing like surfboards.
2262,3249,3,12,68,83,1.216867469879518,0.05433917050702214,665,He paid me three fish so he could look like he's treading water.
2261,3249,2,14,67,83,1.216867469879518,0.05156439751534847,665,I know you think I am spineless
2246,3249,4,10,69,83,1.216867469879518,0.05697897692712264,665,"This is not a midlife crisis, it's a lifestyle."
2607,3249,2,14,67,83,1.216867469879518,0.05156439751534847,665,He’s way more alarming to swimmers than my dorsal fin.
2723,3249,2,14,67,83,1.216867469879518,0.05156439751534847,665,"It's an audition for an allegorical film--""Drowning, Trust, and the U.S. Senate.""  My agent here says I'm right for the part of  Mitch McConnell."""
2137,3249,1,16,66,83,1.216867469879518,0.04863156105710082,665,They're actually worth more alive than dead.
2109,3249,3,12,68,83,1.216867469879518,0.05433917050702214,665,And you call me spineless.
2087,3249,2,14,67,83,1.216867469879518,0.05156439751534847,665,My chiropractor says this helps.
2023,3249,2,14,67,83,1.216867469879518,0.05156439751534847,665,I always like to bring a snack along.
1991,3249,3,12,68,83,1.216867469879518,0.05433917050702214,665,People give me a headache
2811,3249,3,12,68,83,1.216867469879518,0.05433917050702214,665,Which leg do you want?
1827,3249,2,14,67,83,1.216867469879518,0.05156439751534847,665,HEADS UP !
1687,3249,5,8,70,83,1.216867469879518,0.059501782930698174,665,Another delusional human who thinks he can float...as if such thoughts can really expand the mind and body weightlessly.
1641,3249,5,8,70,83,1.216867469879518,0.059501782930698174,665,He promised me a job.
2745,3249,1,16,66,83,1.216867469879518,0.04863156105710082,665,"At first, it was annoying. But now I find it's good for my posture."
2185,3249,4,10,69,83,1.216867469879518,0.05697897692712264,665,tastes better after happy hour
1139,3416,3,15,79,97,1.2164948453608246,0.049104533204272306,665,"And his feet are all slimy and gross, too!"
5664,3417,5,10,78,93,1.2150537634408602,0.05480524054512337,665,It's all about the optics.
5335,3417,5,10,78,93,1.2150537634408602,0.05480524054512337,665,"Sure, Bob, I’ve had a spate of good luck - that doesn’t make it cheating."
280,3419,4,10,70,84,1.2142857142857142,0.05635573779886005,665,He said this is more environmental than the traditional surfboard.
165,3419,4,10,70,84,1.2142857142857142,0.05635573779886005,665,Another “Shark Tank” loser!
3056,3419,2,14,68,84,1.2142857142857142,0.05101221145533816,665,Best bait ever for Long Island Sound.
2576,3419,3,12,69,84,1.2142857142857142,0.05375041813985263,665,Last week I mistook his surf board for meal. I guess now it's his turn.
2840,3419,2,14,68,84,1.2142857142857142,0.05101221145533816,665,"I’m not hungry, but this is too good of an opportunity to pass by."
3013,3419,2,14,68,84,1.2142857142857142,0.05101221145533816,665,"It’s my lunch, I’ll eat it at noon."
3133,3419,4,10,70,84,1.2142857142857142,0.05635573779886005,665,He found out it's Shark International Vegetarian Week
3432,3419,3,12,69,84,1.2142857142857142,0.05375041813985263,665,"He kept humming this strange tune and saying he needed a bigger boat, do I decided what the heck, go all in."""
3439,3419,2,14,68,84,1.2142857142857142,0.05101221145533816,665,"Well you know what they say, “If you can’t eat ‘em adjoin ‘em”."
73,3419,3,12,69,84,1.2142857142857142,0.05375041813985263,665,"Ashiatsu, followed by a protein snack, usually uplifts me from the slough of despond."
428,3419,4,10,70,84,1.2142857142857142,0.05635573779886005,665,I can't bite him.  I'm an Uber driver.
5113,3419,2,14,68,84,1.2142857142857142,0.05101221145533816,665,I can't make out what he wants me to do. Submerge and he'll drown. Surface float and he'll get sunburned.
598,3419,4,10,70,84,1.2142857142857142,0.05635573779886005,665,UberOcean
1914,3419,3,12,69,84,1.2142857142857142,0.05375041813985263,665,Keep your jaws off him. I'm saving him for dessert.
1906,3419,1,16,67,84,1.2142857142857142,0.0481184370581513,665,"This economy, am I right?"
1809,3419,5,8,71,84,1.2142857142857142,0.05884582326298723,665,My wife said we’re going vegan.
1803,3419,3,12,69,84,1.2142857142857142,0.05375041813985263,665,I just don't have the heart to tell him!
1789,3419,3,12,69,84,1.2142857142857142,0.05375041813985263,665,Hammerhead? Pashaw!                                                                                                I've got an entire card-carrying union carpenter!
1757,3419,3,12,69,84,1.2142857142857142,0.05375041813985263,665,We need a Jaws reboot to teach this generation some respect.
575,3419,2,14,68,84,1.2142857142857142,0.05101221145533816,665,He just made partner.
2188,3419,2,14,68,84,1.2142857142857142,0.05101221145533816,665,This is not what I meant when I said I needed a breather.
914,3419,3,12,69,84,1.2142857142857142,0.05375041813985263,665,I'm with Uber Eats.
878,3419,2,14,68,84,1.2142857142857142,0.05101221145533816,665,Third time this month I've been mistaken for a surfboard.
684,3419,3,12,69,84,1.2142857142857142,0.05375041813985263,665,I’m with a hedge fund now -mostly serving as team metaphor and then doing some executive coaching for the guy standing on my back.
3471,3419,3,12,69,84,1.2142857142857142,0.05375041813985263,665,Don’t ask me!
667,3419,2,14,68,84,1.2142857142857142,0.05101221145533816,665,He also wears a pair of Crocs.
656,3419,3,12,69,84,1.2142857142857142,0.05375041813985263,665,I kind of think of him as a sharknerdo.
1293,3419,2,14,68,84,1.2142857142857142,0.05101221145533816,665,"We just can't eat them all, can we?"
3513,3419,5,8,71,84,1.2142857142857142,0.05884582326298723,665,He says it will rehabilitate our image and I get a week's engagement at SeaWorld.
4285,3419,3,12,69,84,1.2142857142857142,0.05375041813985263,665,He's a member of the Remora Union.
3559,3419,3,12,69,84,1.2142857142857142,0.05375041813985263,665,Is this a nightmare out of some movie or what?
5079,3419,2,14,68,84,1.2142857142857142,0.05101221145533816,665,"Next time, let me know when you're coming for dinner"
5078,3419,3,12,69,84,1.2142857142857142,0.05375041813985263,665,What bothers me is that he thinks I'm a segway.
5124,3419,3,12,69,84,1.2142857142857142,0.05375041813985263,665,"God, this neighborhood has become so gentrified."
5302,3419,4,10,70,84,1.2142857142857142,0.05635573779886005,665,"Modern times calls for modern invention, he's my periscope."
5066,3419,2,14,68,84,1.2142857142857142,0.05101221145533816,665,"One, two, three, flip."
5336,3419,2,14,68,84,1.2142857142857142,0.05101221145533816,665,He doesn't like swimming so I'm his Uber-shark.
5724,3419,1,16,67,84,1.2142857142857142,0.0481184370581513,665,Did you know shark yoga was a thing?
5945,3419,1,16,67,84,1.2142857142857142,0.0481184370581513,665,Did you bring the Old Bay and butter?
2007,3419,2,14,68,84,1.2142857142857142,0.05101221145533816,665,My dorsal was itchy.
4901,3419,5,8,71,84,1.2142857142857142,0.05884582326298723,665,"I can’t seem to get this monkey off my back,Stan."
4878,3419,1,16,67,84,1.2142857142857142,0.0481184370581513,665,"I get him fish, he gets me poachers."
3550,3419,4,10,70,84,1.2142857142857142,0.05635573779886005,665,"Look what we have to constantly put up with.  And if I bite the kid, all of shark nation will be accused of inappropriate aggression.
David Fleischer, New York, NY"
4761,3419,2,14,68,84,1.2142857142857142,0.05101221145533816,665,You try eating him. I can't.
4867,3419,4,10,70,84,1.2142857142857142,0.05635573779886005,665,It's Uber's new service...finsharing.
4417,3419,3,12,69,84,1.2142857142857142,0.05375041813985263,665,I don't know if I should eat him or rescind his pro-surfer's certificate.
3869,3419,4,10,70,84,1.2142857142857142,0.05635573779886005,665,"Go On.   Just say ""Polo""..."
1216,3419,4,13,81,98,1.2142857142857142,0.05076730825668095,665,I think of him as an attractive nuisance...
3895,3419,4,10,70,84,1.2142857142857142,0.05635573779886005,665,This guy thinks he's getting a submarine free ride!!
3907,3419,3,12,69,84,1.2142857142857142,0.05375041813985263,665,"Sure I want to eat him, but I have to maintain my 4.8 rating."
3917,3419,3,12,69,84,1.2142857142857142,0.05375041813985263,665,It's been like this for an hour.
3947,3419,3,12,69,84,1.2142857142857142,0.05375041813985263,665,Would sir like some lemon with his legs?
3297,3419,6,18,116,140,1.2142857142857142,0.04275424440649402,665,It's Hemingway's great grandson.
3953,3419,3,12,69,84,1.2142857142857142,0.05375041813985263,665,It's the Surf 'n' Turf special.
4010,3419,4,10,70,84,1.2142857142857142,0.05635573779886005,665,Diets suck.
4204,3419,3,12,69,84,1.2142857142857142,0.05375041813985263,665,"It's my new side hustle, Uber Surf."
4353,3419,2,14,68,84,1.2142857142857142,0.05101221145533816,665,There’s not enough meat on those legs.
2098,3419,1,16,67,84,1.2142857142857142,0.0481184370581513,665,I'm trying to avoid the bad press.
5571,3477,4,11,74,89,1.2134831460674158,0.054124827614885296,665,Said he forgot his surf board!
393,3478,3,17,88,108,1.212962962962963,0.04566899344097394,665,This is the worst back massage I've ever gotten in my life.
4400,3479,3,12,70,85,1.2117647058823529,0.053174090822038236,665,I guess I can say good-bye to flaunting my dorsal fin.
5920,3479,2,14,69,85,1.2117647058823529,0.05047149581627677,665,I decided to pack lunch this week.
1901,3479,2,14,69,85,1.2117647058823529,0.05047149581627677,665,It was this or becoming shark-skinned shoes.
5083,3479,3,12,70,85,1.2117647058823529,0.053174090822038236,665,Haven't you heard of the new gig economy?
5991,3479,2,14,69,85,1.2117647058823529,0.05047149581627677,665,My therapist says this works for anger management.
2667,3484,3,14,78,95,1.2105263157894737,0.049396666362498,665,I asked him to scratch my back.
2411,3485,4,17,98,119,1.2100840336134453,0.04445294819591745,665,"Well, how did YOU think he walked on water, Ezekiel?"
4054,3486,3,11,67,81,1.2098765432098766,0.05476112374374538,665,I feel offended when people say I have a chip on my shoulder.
4021,3486,3,11,67,81,1.2098765432098766,0.05476112374374538,665,"Dude I’m tellin’ ya, if you need a few extra clams, check out UberAqua. This guy ordered a Great UberWHITE so I got a sonar ping. Once I drop him off, I pocket a couple fins. It’s the beginning of a beautiful symbiotic relationship."
3920,3486,2,13,66,81,1.2098765432098766,0.051866547006419766,665,I like to relax them before I eat them.
2317,3486,3,11,67,81,1.2098765432098766,0.05476112374374538,665,Don't look at me that way. Lyft is expanding and it's a job with a 401(k) plan.
3470,3486,2,13,66,81,1.2098765432098766,0.051866547006419766,665,Listen...I’ve been getting cold feet...”
3589,3486,3,11,67,81,1.2098765432098766,0.05476112374374538,665,He's my shiatsu therapist.  I picked him up off the coast of Japan.
3830,3486,2,13,66,81,1.2098765432098766,0.051866547006419766,665,You’ll get your sea legs someday.
3829,3486,3,11,67,81,1.2098765432098766,0.05476112374374538,665,This is just getting too easy.
3681,3486,3,11,67,81,1.2098765432098766,0.05476112374374538,665,This is yet another example of why it's important to read the fine print.
6202,3486,4,9,68,81,1.2098765432098766,0.05751019604371416,665,It’s called Shuber and they say it’s going to be very disruptive.
3590,3486,4,9,68,81,1.2098765432098766,0.05751019604371416,665,"Actually, I'm waiting until dinner time."
1039,3486,3,11,67,81,1.2098765432098766,0.05476112374374538,665,"Sam, would you get this guy off my back!"
2267,3486,2,13,66,81,1.2098765432098766,0.051866547006419766,665,"Yeah, athelete's foot sounds bad, but the doc says it's nothing more than a fun guy."
2022,3486,1,15,65,81,1.2098765432098766,0.04880058117543796,665,Not much of a symbiotic relationship eh?!
1878,3486,2,13,66,81,1.2098765432098766,0.051866547006419766,665,Wait till his check clears.
1825,3486,2,13,66,81,1.2098765432098766,0.051866547006419766,665,It's the latest - show your dorsal torso above the water line.
1735,3486,2,13,66,81,1.2098765432098766,0.051866547006419766,665,Remember this is an aquarium - eat him and there is no more
1308,3486,3,11,67,81,1.2098765432098766,0.05476112374374538,665,Shall we toss him back in?
1301,3486,2,13,66,81,1.2098765432098766,0.051866547006419766,665,He thinks I'm his surfboard
1192,3486,2,13,66,81,1.2098765432098766,0.051866547006419766,665,I had not choice -- they were out of the small size hood ornament
1147,3486,4,9,68,81,1.2098765432098766,0.05751019604371416,665,Gary here convinced me try intermittent fasting.
4096,3486,3,11,67,81,1.2098765432098766,0.05476112374374538,665,It’s sort of like having a monkey on your back
4183,3486,2,13,66,81,1.2098765432098766,0.051866547006419766,665,My doc tells me that I have a delusional idea that I’m a lamp base.
4253,3486,4,9,68,81,1.2098765432098766,0.05751019604371416,665,Because a real periscope costs an arm and a leg.
2339,3486,3,11,67,81,1.2098765432098766,0.05476112374374538,665,I’m on a nylon-free diet this summer.
2383,3486,2,13,66,81,1.2098765432098766,0.051866547006419766,665,Wanna join me and my chum for take out?
2332,3486,4,9,68,81,1.2098765432098766,0.05751019604371416,665,Spielberg said I could audition for the Jaws reboot if I take him to Maui.
6159,3486,2,13,66,81,1.2098765432098766,0.051866547006419766,665,Don't ask me to break my agreement with Uber.
5985,3486,2,13,66,81,1.2098765432098766,0.051866547006419766,665,You order Door Dash?
2621,3486,3,11,67,81,1.2098765432098766,0.05476112374374538,665,"Standing on, as opposed to jumping the, implying hopeless idiocy is actually strategic . . .."
5983,3486,3,11,67,81,1.2098765432098766,0.05476112374374538,665,"It's not the weight, it's the smell of those feet!"
5943,3486,2,13,66,81,1.2098765432098766,0.051866547006419766,665,You can't say I never bring you a tasty dinner
5786,3486,3,11,67,81,1.2098765432098766,0.05476112374374538,665,Professional courtesy. Personal injury lawyer.
5584,3486,1,15,65,81,1.2098765432098766,0.04880058117543796,665,I've found surfing is a good way to eat people.
5563,3486,2,13,66,81,1.2098765432098766,0.051866547006419766,665,I have to keep moving or else he'll die.
5384,3486,3,11,67,81,1.2098765432098766,0.05476112374374538,665,Now what do I do?
5252,3486,3,11,67,81,1.2098765432098766,0.05476112374374538,665,"That'll be 10 dollars sir, and thank you for choosing Scuba Eats."
5157,3486,4,9,68,81,1.2098765432098766,0.05751019604371416,665,It's touching me!
4874,3486,2,13,66,81,1.2098765432098766,0.051866547006419766,665,I picked up a side gig driving for Dryft and Tuber.
2993,3486,1,15,65,81,1.2098765432098766,0.04880058117543796,665,I lost a BAD bet damn it!!
4637,3486,3,11,67,81,1.2098765432098766,0.05476112374374538,665,"I said that if he lures in four others for me, he gets to walk away."
3026,3486,3,11,67,81,1.2098765432098766,0.05476112374374538,665,Get this guy off my back please.
4610,3486,3,11,67,81,1.2098765432098766,0.05476112374374538,665,"He gave an amazing pitch for his invention, and I can’t help but support him."
4582,3486,1,15,65,81,1.2098765432098766,0.04880058117543796,665,He’s my first passenger. It’s an app called Grouper.
4459,3486,2,13,66,81,1.2098765432098766,0.051866547006419766,665,I have a foot fetish.
3291,3486,1,15,65,81,1.2098765432098766,0.04880058117543796,665,"I'm supposed to wait until he says, ""OK, boy!"""
4215,3486,1,15,65,81,1.2098765432098766,0.04880058117543796,665,What do you mean you 'went vegan'?
1021,3486,2,13,66,81,1.2098765432098766,0.051866547006419766,665,That's the last time I tell anyone I'm a Sand Shark.
3615,3486,2,13,66,81,1.2098765432098766,0.051866547006419766,665,"They taste too un-fishy. Besides, where else can you get a massage?"
819,3486,2,13,66,81,1.2098765432098766,0.051866547006419766,665,"The kids call it ""Sharking."""
935,3486,3,11,67,81,1.2098765432098766,0.05476112374374538,665,I just feel like no one respects us anymore since this “Baby Shark” song
110,3486,3,11,67,81,1.2098765432098766,0.05476112374374538,665,Do I have a pimple on my back?
126,3486,4,9,68,81,1.2098765432098766,0.05751019604371416,665,Vegetarianism.
130,3486,3,11,67,81,1.2098765432098766,0.05476112374374538,665,I’m making human leg soup.
84,3486,0,17,64,81,1.2098765432098766,0.045528614603915496,665,"I know you're judging me right now, but I just don't think western medicine has all the answers."
452,3486,2,13,66,81,1.2098765432098766,0.051866547006419766,665,"I suppose it's better than him driving drunk"""
747,3486,2,13,66,81,1.2098765432098766,0.051866547006419766,665,I liked them better when they were just paddleboarding
774,3486,2,13,66,81,1.2098765432098766,0.051866547006419766,665,I know he treats me like a doormat.
239,3486,2,13,66,81,1.2098765432098766,0.051866547006419766,665,He told me the lifeguards are yummier.
1575,3545,4,18,102,124,1.2096774193548387,0.04326407174623477,665,"Okay, flip him. Heads he’s mine, tails he’s yours"
3727,3546,1,16,69,86,1.2093023255813953,0.047123202233282736,665,"He says he won't indict me if he doesn't have a leg to stand on.
Can you help me?"
8,3546,2,14,70,86,1.2093023255813953,0.049941906250526455,665,"you gotta go see my guy, best shiatsu in the Atlantic"
4549,3548,3,16,87,106,1.2075471698113207,0.04588548019119496,665,"When it's my turn, I'll have him stick his head in my mouth."
966,3549,2,13,67,82,1.2073170731707317,0.05129401959552221,665,Don't judge me. I'm using my discounted massage Groupon.
1219,3549,2,13,67,82,1.2073170731707317,0.05129401959552221,665,He was a loser on Shark Tank
4053,3551,3,10,65,78,1.205128205128205,0.05582599374914914,665,"They're calling it ""Unter""."
4052,3551,1,14,63,78,1.205128205128205,0.04950293841863706,665,Do I look top heavy to you?
4041,3551,5,6,67,78,1.205128205128205,0.061502375922241455,665,I tried rocking and rolling but he just hangs ten
3821,3551,5,6,67,78,1.205128205128205,0.061502375922241455,665,Republican lawyers do strange things on vacation.
3928,3551,2,12,64,78,1.205128205128205,0.05275927638889398,665,Have you been hanging around with the dolphins again?
3847,3551,2,12,64,78,1.205128205128205,0.05275927638889398,665,"It's called Shark Lift.
I'm supplementing my income"
4100,3551,2,12,64,78,1.205128205128205,0.05275927638889398,665,Some people will risk everything for a free ride.
3811,3551,2,12,64,78,1.205128205128205,0.05275927638889398,665,This remora that I picked up isn’t doing a dang thing for me!
3663,3551,2,12,64,78,1.205128205128205,0.05275927638889398,665,Did you call for Uber Shark Eats?
4034,3551,1,14,63,78,1.205128205128205,0.04950293841863706,665,Sometimes I can really identify with Rodney Dangerfield.  No respect.
4103,3551,2,12,64,78,1.205128205128205,0.05275927638889398,665,Sam I'm conflicted on the one hand I should eat him but he's saving me a Chiropractor bill and those bills are pure murder!
4295,3551,3,10,65,78,1.205128205128205,0.05582599374914914,665,Grubhub delivery!
4198,3551,3,10,65,78,1.205128205128205,0.05582599374914914,665,Ashiatsu is great. After the massage I'll eat him.
4635,3551,3,10,65,78,1.205128205128205,0.05582599374914914,665,"I've heard of having a monkey on your back, but this is something new to me."
4595,3551,3,10,65,78,1.205128205128205,0.05582599374914914,665,"-""I  will dip sudenly-you grab him as he falters."""
4556,3551,3,10,65,78,1.205128205128205,0.05582599374914914,665,Day 12 of my Total Body Workout Challenge just said: legs.
4535,3551,4,8,66,78,1.205128205128205,0.058732800981056335,665,Nothing like a relaxing massage before dinner.
4509,3551,4,8,66,78,1.205128205128205,0.058732800981056335,665,"Sure he""d be tastey, but he gives the best massages this side of the Sea of Japan."
4493,3551,1,14,63,78,1.205128205128205,0.04950293841863706,665,I hate take-out.
4475,3551,1,14,63,78,1.205128205128205,0.04950293841863706,665,Once I am ready to eat again Ill be able to get this weight off my back.
4123,3551,5,6,67,78,1.205128205128205,0.061502375922241455,665,It's take-out. I didn't want the bag.
4460,3551,1,14,63,78,1.205128205128205,0.04950293841863706,665,I’ve got this feeling someone’s riding me.
4438,3551,3,10,65,78,1.205128205128205,0.05582599374914914,665,Working for SCUBER is one way to bring in a few extra bucks.
4432,3551,3,10,65,78,1.205128205128205,0.05582599374914914,665,I'm taking weight lifting classes
4383,3551,3,10,65,78,1.205128205128205,0.05582599374914914,665,I get the wishbone!
4363,3551,3,10,65,78,1.205128205128205,0.05582599374914914,665,"I know,...waste of money. What's a vertebrate to do with an ashiatsu massage? I may have to eat it."
4321,3551,2,12,64,78,1.205128205128205,0.05275927638889398,665,So I got a part in the Disney remake of Jaws.
4250,3551,2,12,64,78,1.205128205128205,0.05275927638889398,665,Millennials.
4243,3551,3,10,65,78,1.205128205128205,0.05582599374914914,665,He says he can’t reveal anything but I’ve got the part in the season finale.
4458,3551,3,10,65,78,1.205128205128205,0.05582599374914914,665,It’s cheaper than shiatsu.
3602,3551,1,14,63,78,1.205128205128205,0.04950293841863706,665,Is this one from YOUR SCHOOL?
3519,3551,2,12,64,78,1.205128205128205,0.05275927638889398,665,"sorry, can't come for tea today something's wrong with my back"
3565,3551,2,12,64,78,1.205128205128205,0.05275927638889398,665,"I know, but  I  really hate to disappoint  him."
3069,3551,3,10,65,78,1.205128205128205,0.05582599374914914,665,It’s a new PR campaign
3020,3551,1,14,63,78,1.205128205128205,0.04950293841863706,665,"Doug, you need to stop letting people walk all over you."
3019,3551,2,12,64,78,1.205128205128205,0.05275927638889398,665,Looks like stupid is on the menu again
2949,3551,3,10,65,78,1.205128205128205,0.05582599374914914,665,Your Grub-hub is here.
2947,3551,4,8,66,78,1.205128205128205,0.058732800981056335,665,I'm done doing ride-alongs.
2939,3551,2,12,64,78,1.205128205128205,0.05275927638889398,665,Flip you for him!
2934,3551,0,16,62,78,1.205128205128205,0.04601674237795457,665,"I'd eat him, but my back itches."
2930,3551,1,14,63,78,1.205128205128205,0.04950293841863706,665,I'm getting a crick in my dorsal fin.
2893,3551,3,10,65,78,1.205128205128205,0.05582599374914914,665,It’s take-a-human-to-work day.
2880,3551,3,10,65,78,1.205128205128205,0.05582599374914914,665,He said we would go viral.
2785,3551,1,14,63,78,1.205128205128205,0.04950293841863706,665,it's an actual pilot..
2769,3551,1,14,63,78,1.205128205128205,0.04950293841863706,665,I think it's Fonzie!  Do you like leather?
2768,3551,2,12,64,78,1.205128205128205,0.05275927638889398,665,I only took this job because  I’d be paid in bitcoin.
2766,3551,4,8,66,78,1.205128205128205,0.058732800981056335,665,maybe he will loose his balance !
2668,3551,3,10,65,78,1.205128205128205,0.05582599374914914,665,Is there something on my face?
3070,3551,2,12,64,78,1.205128205128205,0.05275927638889398,665,"Yes. I am relaxing, Master, I am taking slow breathes in and out of both gills...I feel like a peaceful swaying kelp flower..... but I still want to bite something."
3596,3551,2,12,64,78,1.205128205128205,0.05275927638889398,665,Get this guy off my back!
3080,3551,4,8,66,78,1.205128205128205,0.058732800981056335,665,"Yes, it’s humiliating, but the kids need braces."
3149,3551,3,10,65,78,1.205128205128205,0.05582599374914914,665,Did you order delivery?
3564,3551,2,12,64,78,1.205128205128205,0.05275927638889398,665,I'm helping him keep his head above water.  For now.
3555,3551,3,10,65,78,1.205128205128205,0.05582599374914914,665,"You take the top half, I’ll take the bottom bit."
3543,3551,2,12,64,78,1.205128205128205,0.05275927638889398,665,"Apparently this is known as a ""sweet-fish massage."""
4639,3551,5,6,67,78,1.205128205128205,0.061502375922241455,665,I don't think the seat of his soul can be in the under-water parts.
3514,3551,2,12,64,78,1.205128205128205,0.05275927638889398,665,"Pardon me. Do you have any Grey Poupon?""
Cathy O'Neil"
3497,3551,4,8,66,78,1.205128205128205,0.058732800981056335,665,Do the trick…get the treat.
3494,3551,2,12,64,78,1.205128205128205,0.05275927638889398,665,Meal prepping has changed my life
3485,3551,4,8,66,78,1.205128205128205,0.058732800981056335,665,I'm auditioning for the film 'Supershark'.
3430,3551,3,10,65,78,1.205128205128205,0.05582599374914914,665,He says he’s fine— as long as HE keeps his head above water.
3427,3551,2,12,64,78,1.205128205128205,0.05275927638889398,665,He's posting a selfie of him and me.
3339,3551,4,8,66,78,1.205128205128205,0.058732800981056335,665,"Wanna get him off my back, please."
3249,3551,2,12,64,78,1.205128205128205,0.05275927638889398,665,Now?
3245,3551,3,10,65,78,1.205128205128205,0.05582599374914914,665,This guy has the wrong idea of swim fins.
3179,3551,0,16,62,78,1.205128205128205,0.04601674237795457,665,It's like he's baiting me into acting like a shark.
3167,3551,3,10,65,78,1.205128205128205,0.05582599374914914,665,"If people knew how Moses really walked on water, they might even be more impressed."
3111,3551,1,14,63,78,1.205128205128205,0.04950293841863706,665,"Being vegan is really hard, let me tell you."
4653,3551,3,10,65,78,1.205128205128205,0.05582599374914914,665,It's a remora human.
4800,3551,2,12,64,78,1.205128205128205,0.05275927638889398,665,My therapist says I should count to ten.
4727,3551,1,14,63,78,1.205128205128205,0.04950293841863706,665,I got a second job working for Uber.
5772,3551,3,10,65,78,1.205128205128205,0.05582599374914914,665,I bet I could balance two on my back before dinner.
5749,3551,3,10,65,78,1.205128205128205,0.05582599374914914,665,I  learned this trick from watching Fido balance a bone on his nose.
5738,3551,3,10,65,78,1.205128205128205,0.05582599374914914,665,"Don't prejudge.  When he curls his toes, its the best backrub ever."
5727,3551,2,12,64,78,1.205128205128205,0.05275927638889398,665,"Don't worry you said,  he'll jump the shark you said..."
5711,3551,2,12,64,78,1.205128205128205,0.05275927638889398,665,"What does ""I've got your back"" mean?"
5696,3551,1,14,63,78,1.205128205128205,0.04950293841863706,665,You're ruining Shark Week
5780,3551,1,14,63,78,1.205128205128205,0.04950293841863706,665,"Now, for today's a la carte item."
5684,3551,3,10,65,78,1.205128205128205,0.05582599374914914,665,"If I don't have background music, I lose my appetite."
5665,3551,2,12,64,78,1.205128205128205,0.05275927638889398,665,"He looked so cute trying to swim that I just couldn't do it, and now we have a relationship."
5649,3551,1,14,63,78,1.205128205128205,0.04950293841863706,665,Yeah...but he’s better than a monkey.
5600,3551,5,6,67,78,1.205128205128205,0.061502375922241455,665,But he gives a great back massage...
5591,3551,1,14,63,78,1.205128205128205,0.04950293841863706,665,"What can I say?  Yeah, I joined the gig economy ..."
5570,3551,1,14,63,78,1.205128205128205,0.04950293841863706,665,I'm letting him think I am one of those paddle boards until I get hungry.
5479,3551,5,6,67,78,1.205128205128205,0.061502375922241455,665,"Yeah, this gig can be a pain in the neck, but I make a killing on surge pricing."
5683,3551,3,10,65,78,1.205128205128205,0.05582599374914914,665,"It's called Uber, and I give them rides in my spare time."""
5450,3551,4,8,66,78,1.205128205128205,0.058732800981056335,665,It's called sharking
5799,3551,2,12,64,78,1.205128205128205,0.05275927638889398,665,I'm fishing for a dinner date.
5846,3551,1,14,63,78,1.205128205128205,0.04950293841863706,665,I brought a snack for later.
6287,3551,3,10,65,78,1.205128205128205,0.05582599374914914,665,I’m going to eat him after he sends this text.
6242,3551,3,10,65,78,1.205128205128205,0.05582599374914914,665,"See, I wasn’t bull-snarking you!"
6219,3551,3,10,65,78,1.205128205128205,0.05582599374914914,665,you seen the top half of this guy?
6126,3551,1,14,63,78,1.205128205128205,0.04950293841863706,665,There's nothing creepier than to have your food walk on your back.
6112,3551,3,10,65,78,1.205128205128205,0.05582599374914914,665,It’s more than embarrassing. It’s sole crushing.
6078,3551,4,8,66,78,1.205128205128205,0.058732800981056335,665,Ugh... and they wonder why we eat them.
5812,3551,2,12,64,78,1.205128205128205,0.05275927638889398,665,Usually they step on the scales before going to the beach.
6011,3551,2,12,64,78,1.205128205128205,0.05275927638889398,665,The family wanted take out tonight.
5953,3551,2,12,64,78,1.205128205128205,0.05275927638889398,665,"This 'tasty morsel', as you put it, and I are the reigning world champion surfer team, and we've ridden the largest waves on the planet, including a tsunami or two."
5942,3551,1,14,63,78,1.205128205128205,0.04950293841863706,665,I'll do a somersault and we'll see who catches him first.
5931,3551,4,8,66,78,1.205128205128205,0.058732800981056335,665,"I developed a cordial relationship with the life guard, now I can't get him off my back."
5922,3551,3,10,65,78,1.205128205128205,0.05582599374914914,665,Do I look like a sandbar?!
5901,3551,4,8,66,78,1.205128205128205,0.058732800981056335,665,"After the foot massage, I'm going for the deep tissue."
5871,3551,3,10,65,78,1.205128205128205,0.05582599374914914,665,I have this tumor that’s been growing on my back. I need to have it removed.
6003,3551,2,12,64,78,1.205128205128205,0.05275927638889398,665,We sure picked a bad week to go vegetarian...
4682,3551,3,10,65,78,1.205128205128205,0.05582599374914914,665,"You know it’s a delicacy for humans to eat a leg of lamb.
Do they know how much we enjoy eating a leg of a man ....?"
5428,3551,3,10,65,78,1.205128205128205,0.05582599374914914,665,Do I have something on my head?
5415,3551,3,10,65,78,1.205128205128205,0.05582599374914914,665,I thought I was applying for a meal delivery company not a ride hailing company.
5046,3551,2,12,64,78,1.205128205128205,0.05275927638889398,665,"Doesn't he realize the expression is jump the shark, not jump ON the shark?"
5035,3551,1,14,63,78,1.205128205128205,0.04950293841863706,665,He tells me his bigger friend is coming to rescue him.
5021,3551,4,8,66,78,1.205128205128205,0.058732800981056335,665,You look different...new haircut?
5017,3551,2,12,64,78,1.205128205128205,0.05275927638889398,665,"Hey, don't let the man get you down."
4944,3551,4,8,66,78,1.205128205128205,0.058732800981056335,665,We're having take-out tonight.
4914,3551,1,14,63,78,1.205128205128205,0.04950293841863706,665,You've never tried it?
5065,3551,4,8,66,78,1.205128205128205,0.058732800981056335,665,"Well, at least I'm not alone in this fight."
4888,3551,3,10,65,78,1.205128205128205,0.05582599374914914,665,I drew the line at waxing and sanding my spine.
4809,3551,1,14,63,78,1.205128205128205,0.04950293841863706,665,He does the best shiatsu around.
2641,3551,3,10,65,78,1.205128205128205,0.05582599374914914,665,Says he is the Attorney General.  So this is definitely only a temporary professional courtesy.
4789,3551,3,10,65,78,1.205128205128205,0.05582599374914914,665,"On the plus side, once my massage is finished we'll have a snack to share."
4753,3551,4,8,66,78,1.205128205128205,0.058732800981056335,665,"I'm digesting it's torso, but I saved leftovers for you."
4740,3551,2,12,64,78,1.205128205128205,0.05275927638889398,665,I thought I'd give take-away a shot.
4729,3551,2,12,64,78,1.205128205128205,0.05275927638889398,665,This massage sucks
4876,3551,1,14,63,78,1.205128205128205,0.04950293841863706,665,It's called a hood ornament.
5420,3551,2,12,64,78,1.205128205128205,0.05275927638889398,665,I wonder who will get the better half?
5073,3551,4,8,66,78,1.205128205128205,0.058732800981056335,665,"It seems that ""jumping the shark"" has actually become cool."
5170,3551,3,10,65,78,1.205128205128205,0.05582599374914914,665,"Other than deep tissue, she ate sue is my favorite massage."
5404,3551,4,8,66,78,1.205128205128205,0.058732800981056335,665,He keeps me balanced
5388,3551,2,12,64,78,1.205128205128205,0.05275927638889398,665,"You want him, I just ate lunch."
5386,3551,3,10,65,78,1.205128205128205,0.05582599374914914,665,He has incredible balance.
5383,3551,3,10,65,78,1.205128205128205,0.05582599374914914,665,"It tickles, but I'm still gonna eat him."
5365,3551,4,8,66,78,1.205128205128205,0.058732800981056335,665,Make sure your new emotional support animal can breathe underwater.
5341,3551,3,10,65,78,1.205128205128205,0.05582599374914914,665,It's not what you think!
5123,3551,1,14,63,78,1.205128205128205,0.04950293841863706,665,"Come on Frank, you gotta stop letting people walk all over you.”"
5334,3551,3,10,65,78,1.205128205128205,0.05582599374914914,665,Hey Georgie: Am I supposed to eat this person?
5298,3551,4,8,66,78,1.205128205128205,0.058732800981056335,665,My cartilagest recommended him.
5268,3551,3,10,65,78,1.205128205128205,0.05582599374914914,665,Yuck! Hic nails need trimming.
5249,3551,2,12,64,78,1.205128205128205,0.05275927638889398,665,It's something called Thai massage.
5213,3551,1,14,63,78,1.205128205128205,0.04950293841863706,665,Fifty bucks this guy's caption for Instagram will be 'Current events'
5199,3551,3,10,65,78,1.205128205128205,0.05582599374914914,665,"Ugh, why did I start going on a Vegan diet yesterday?"
5198,3551,2,12,64,78,1.205128205128205,0.05275927638889398,665,This is my massage therapist.
5322,3551,4,8,66,78,1.205128205128205,0.058732800981056335,665,"Yes,Uber's been underwater since the IPO."
2625,3551,4,8,66,78,1.205128205128205,0.058732800981056335,665,I'm taking the leftovers home.
3887,3551,3,10,65,78,1.205128205128205,0.05582599374914914,665,I found this decoy on eBay--the bathing beauty model was sold out.
2602,3551,2,12,64,78,1.205128205128205,0.05275927638889398,665,Takeout is so tedious.
887,3551,3,10,65,78,1.205128205128205,0.05582599374914914,665,"He tried to jump the shark, but it didn't work."
902,3551,2,12,64,78,1.205128205128205,0.05275927638889398,665,It's the latest fad.  Foot message before you eat.
923,3551,3,10,65,78,1.205128205128205,0.05582599374914914,665,"Decent wage, doo doo doo doo doo doo"""
924,3551,2,12,64,78,1.205128205128205,0.05275927638889398,665,He'll only give me three stars unless I take him right up to the beach.
1008,3551,2,12,64,78,1.205128205128205,0.05275927638889398,665,The things they make you do when it’s not shark week.
1036,3551,3,10,65,78,1.205128205128205,0.05582599374914914,665,He is asserting his white male privilege.
1082,3551,3,10,65,78,1.205128205128205,0.05582599374914914,665,It's a new lure I'm using.
1107,3551,2,12,64,78,1.205128205128205,0.05275927638889398,665,"Mixed us up again with the tv show, but you’d think they’d at least come up with something useful for us for a change !"
1122,3551,2,12,64,78,1.205128205128205,0.05275927638889398,665,I mean as if the tagging wasn't bad enough.
1166,3551,3,10,65,78,1.205128205128205,0.05582599374914914,665,It was a trade-off to keep my fins.
870,3551,2,12,64,78,1.205128205128205,0.05275927638889398,665,"There's on right on top of me, isn't there?"
1173,3551,3,10,65,78,1.205128205128205,0.05582599374914914,665,"Sometimes I do it for Uber, sometimes for Uber Eats."
1198,3551,2,12,64,78,1.205128205128205,0.05275927638889398,665,"Yeah, it’s stylish as hats go, but it gives me such a headache."
1210,3551,3,10,65,78,1.205128205128205,0.05582599374914914,665,Speak of clueless.
1252,3551,1,14,63,78,1.205128205128205,0.04950293841863706,665,He thinks he's being funny.
1284,3551,2,12,64,78,1.205128205128205,0.05275927638889398,665,"Not to worry about eating those legs. They're Donald Trump's... and you know they're filled with hormones, gluten, saturated fat and plastic."
1296,3551,0,16,62,78,1.205128205128205,0.04601674237795457,665,"I know, I know... stringy and get caught in your teeth... but nothing else was open."
1300,3551,2,12,64,78,1.205128205128205,0.05275927638889398,665,We could flip for him.
1339,3551,3,10,65,78,1.205128205128205,0.05582599374914914,665,Don't you hate it that our reputation of being man eaters has been killed by the National Geographic Channel.
1433,3551,3,10,65,78,1.205128205128205,0.05582599374914914,665,"Oh I’ll eat him, as soon as he finishes updating my Facebook profile."
1465,3551,1,14,63,78,1.205128205128205,0.04950293841863706,665,I still say you attract more of them with promises of tax cuts.
1467,3551,1,14,63,78,1.205128205128205,0.04950293841863706,665,I actually feel sorry for him.
1191,3551,2,12,64,78,1.205128205128205,0.05275927638889398,665,He thinks if he doesn't move I won't eat him!
852,3551,3,10,65,78,1.205128205128205,0.05582599374914914,665,"He' s refusing to pet us today. So, what's eating at him"
814,3551,3,10,65,78,1.205128205128205,0.05582599374914914,665,And you wondered why we have this sandy skin.....
783,3551,2,12,64,78,1.205128205128205,0.05275927638889398,665,I don’t know how this marriage is going to work if you don’t respect my hobbies.
2616,3551,2,12,64,78,1.205128205128205,0.05275927638889398,665,May I offer you an hors d'oeuvre sir?
29,3551,4,8,66,78,1.205128205128205,0.058732800981056335,665,Talk about lazy. Won't even swim.
194,3551,3,10,65,78,1.205128205128205,0.05582599374914914,665,What one has to do just to get a meal!
213,3551,2,12,64,78,1.205128205128205,0.05275927638889398,665,My therapist says I need to be ok with the fact that some people are going to walk all over me.
226,3551,1,14,63,78,1.205128205128205,0.04950293841863706,665,"If he pees, I want overtime."
227,3551,3,10,65,78,1.205128205128205,0.05582599374914914,665,He agreed to be my lure for bigger people.
293,3551,3,10,65,78,1.205128205128205,0.05582599374914914,665,"It’s a swim-sharing service. You’ll never guess where I got an investor. And if my rider leaves a bad review, I eat them."
299,3551,1,14,63,78,1.205128205128205,0.04950293841863706,665,I’m taking the leftovers to work for lunch tomorrow.
321,3551,3,10,65,78,1.205128205128205,0.05582599374914914,665,Ready?  On the count of three...
327,3551,2,12,64,78,1.205128205128205,0.05275927638889398,665,I'm testing a new ride service called FUBER -Fish Underwater Bleeping Efficient Ride!
414,3551,2,12,64,78,1.205128205128205,0.05275927638889398,665,"Sorry, I already ate the white meat."
458,3551,4,8,66,78,1.205128205128205,0.058732800981056335,665,Yeah this is the testing my patience therapy.
466,3551,2,12,64,78,1.205128205128205,0.05275927638889398,665,"I count six basses, eight cellos, four trombones and a tuba."
497,3551,2,12,64,78,1.205128205128205,0.05275927638889398,665,Surfer à la mode.
633,3551,4,8,66,78,1.205128205128205,0.058732800981056335,665,"About 80,000 calories, wanna split it?"
669,3551,2,12,64,78,1.205128205128205,0.05275927638889398,665,I saved half for leftovers.
683,3551,3,10,65,78,1.205128205128205,0.05582599374914914,665,Has this ever happened to you? I'm cruising the surface checking out the surfers and this guy jumps off his surf board and onto my back.
695,3551,2,12,64,78,1.205128205128205,0.05275927638889398,665,I wish he'd just jump already.
705,3551,2,12,64,78,1.205128205128205,0.05275927638889398,665,Can you please just not get so much blood in my eyes this time?
714,3551,2,12,64,78,1.205128205128205,0.05275927638889398,665,We’re both trying to be more green.
716,3551,2,12,64,78,1.205128205128205,0.05275927638889398,665,Do I look like a dolphin to you?
746,3551,1,14,63,78,1.205128205128205,0.04950293841863706,665,He thinks this make him a “great white.”
777,3551,3,10,65,78,1.205128205128205,0.05582599374914914,665,It'll be great. They enter our tank to pitch ideas...
1491,3551,3,10,65,78,1.205128205128205,0.05582599374914914,665,I’m getting a headache. It’s your turn to cruise around with the decoy.
1500,3551,3,10,65,78,1.205128205128205,0.05582599374914914,665,"I used to have a monkey on my back.  Now, this!"
722,3551,2,12,64,78,1.205128205128205,0.05275927638889398,665,Ashiatsu AF
2327,3551,1,14,63,78,1.205128205128205,0.04950293841863706,665,I had the torso appetizer and I saved you the legs
2077,3551,3,10,65,78,1.205128205128205,0.05582599374914914,665,They sign up for free shark rides...and then we eat 'em.
2088,3551,3,10,65,78,1.205128205128205,0.05582599374914914,665,I'm starting to get kinda fond of the little guy
2120,3551,2,12,64,78,1.205128205128205,0.05275927638889398,665,Don’t even think about it!  He belongs to me!
2127,3551,3,10,65,78,1.205128205128205,0.05582599374914914,665,Do you think he will jump the shark?
2133,3551,1,14,63,78,1.205128205128205,0.04950293841863706,665,I had been doing so much better with my enabling and co-dependency issues. But I think maybe I need to start seeing my therapist again.
2135,3551,4,8,66,78,1.205128205128205,0.058732800981056335,665,You can have the rest. I always eat my favorite parts first.
2172,3551,2,12,64,78,1.205128205128205,0.05275927638889398,665,I’m saving the best part for later.
2173,3551,2,12,64,78,1.205128205128205,0.05275927638889398,665,Wow...this guy is clueless!
2211,3551,2,12,64,78,1.205128205128205,0.05275927638889398,665,You catch more flies with honey.
2285,3551,1,14,63,78,1.205128205128205,0.04950293841863706,665,He says you need to realize there's other fish in the sea.
2072,3551,2,12,64,78,1.205128205128205,0.05275927638889398,665,"I'm not even making Minimum on this ride, but at least they let me bring home food."
2298,3551,3,10,65,78,1.205128205128205,0.05582599374914914,665,"I just picked up some take out at Sands Point, want to come by for a bite."
2345,3551,0,16,62,78,1.205128205128205,0.04601674237795457,665,I was gonna eat him but he feeds me well.
2354,3551,2,12,64,78,1.205128205128205,0.05275927638889398,665,"Sorry, that new beach's take-out menu is really limited."
2379,3551,2,12,64,78,1.205128205128205,0.05275927638889398,665,I told you vacationing at Sea World would be a mistake.
2385,3551,2,12,64,78,1.205128205128205,0.05275927638889398,665,"Okay.  When I dive, you grab our lunch."
2396,3551,5,6,67,78,1.205128205128205,0.061502375922241455,665,I bet him that Dany would end up on the throne.
2430,3551,2,12,64,78,1.205128205128205,0.05275927638889398,665,"You wanna tell Darwin, or should I?"
2475,3551,3,10,65,78,1.205128205128205,0.05582599374914914,665,"Off the top of my head, it's about two feet or so."
2487,3551,1,14,63,78,1.205128205128205,0.04950293841863706,665,I'm offering a new service. It combines Uber's ride sharing with the Organized Crime's protection racket.
2511,3551,1,14,63,78,1.205128205128205,0.04950293841863706,665,Do me a favor..bite his legs off
1509,3551,0,16,62,78,1.205128205128205,0.04601674237795457,665,I don’t want to hear a word out of you.
2319,3551,2,12,64,78,1.205128205128205,0.05275927638889398,665,They tell me it will improve my sex life.
1954,3551,0,16,62,78,1.205128205128205,0.04601674237795457,665,He doesn't realize he lost his paddleboard.
2114,3551,3,10,65,78,1.205128205128205,0.05582599374914914,665,The goat wasn’t available.
1926,3551,1,14,63,78,1.205128205128205,0.04950293841863706,665,I told you lunch would be on me!
1544,3551,2,12,64,78,1.205128205128205,0.05275927638889398,665,Feet are overrated.
1552,3551,2,12,64,78,1.205128205128205,0.05275927638889398,665,My psychiatrist says I should try being the nail and not the hammer.
1557,3551,1,14,63,78,1.205128205128205,0.04950293841863706,665,Have you seen my lunch?
1568,3551,3,10,65,78,1.205128205128205,0.05582599374914914,665,Uber. It's the bloody tips.
1569,3551,2,12,64,78,1.205128205128205,0.05275927638889398,665,"It's therapy to keep me from constantly moving, moving, moving."
1601,3551,3,10,65,78,1.205128205128205,0.05582599374914914,665,"He's seeking asylum from Greenwich, Conn."
1624,3551,4,8,66,78,1.205128205128205,0.058732800981056335,665,"Apparently, his name is ""superego""...but who knows!"
1638,3551,2,12,64,78,1.205128205128205,0.05275927638889398,665,The Hamptons have become way too crowded.
1937,3551,2,12,64,78,1.205128205128205,0.05275927638889398,665,"I’m working for the new water taxi service, SCUBER."
1671,3551,3,10,65,78,1.205128205128205,0.05582599374914914,665,"First an Ashiatsu massage, then dinner."
1695,3551,4,8,66,78,1.205128205128205,0.058732800981056335,665,It's Keto friendly.
1700,3551,5,6,67,78,1.205128205128205,0.061502375922241455,665,"As a lawyer, he's great at spotting a new ""client""."
1639,3551,2,12,64,78,1.205128205128205,0.05275927638889398,665,Table for one?
2540,3551,2,12,64,78,1.205128205128205,0.05275927638889398,665,I promised my mom I wouldn't snack between meals.
1731,3551,1,14,63,78,1.205128205128205,0.04950293841863706,665,I know. I just can't help it. I'm co-dependent.
1766,3551,1,14,63,78,1.205128205128205,0.04950293841863706,665,He said his name is POTUS and I am supposed to take him to my leader... I figured if I ate him it might impact my intelligence.
1779,3551,2,12,64,78,1.205128205128205,0.05275927638889398,665,"I don't care, I'm keeping him!"
1839,3551,2,12,64,78,1.205128205128205,0.05275927638889398,665,Yours or mine?
1785,3551,1,14,63,78,1.205128205128205,0.04950293841863706,665,"I know it looks silly, but I'm just playing along until it's my lunch time."
1793,3551,2,12,64,78,1.205128205128205,0.05275927638889398,665,Then they will wonder why you bit his legs off.
1808,3551,2,12,64,78,1.205128205128205,0.05275927638889398,665,You take him I just don't have the heart to do it
1820,3551,4,8,66,78,1.205128205128205,0.058732800981056335,665,"I thought I was tired of being seen as dangerous, but now I just have a headache."
5562,3795,1,15,67,83,1.2048192771084338,0.04774994909656091,665,"It's like a GoPro, but with feet."
3362,3795,4,9,70,83,1.2048192771084338,0.05622839780338052,665,Felt cute. Might eat later.
1565,3795,3,11,69,83,1.2048192771084338,0.05355160463762834,665,First I braise them
5585,3795,3,11,69,83,1.2048192771084338,0.05355160463762834,665,Have you seen the guy on the surfboard?
2263,3795,4,9,70,83,1.2048192771084338,0.05622839780338052,665,I'm hoping this patch will help me quit the habit.
5578,3795,2,13,68,83,1.2048192771084338,0.05073377572184538,665,Just play along. Dinner is later.
3162,3795,2,13,68,83,1.2048192771084338,0.05073377572184538,665,I told you that if you fed them they
3916,3795,3,11,69,83,1.2048192771084338,0.05355160463762834,665,I’m trying that new service “Food to Go” !
1978,3795,1,15,67,83,1.2048192771084338,0.04774994909656091,665,"Why do you think he keeps saying, ""I am proud to stand on the shoulders of those who came before me!""?"
2231,3795,3,11,69,83,1.2048192771084338,0.05355160463762834,665,"Hon, do you mind having leftovers tonight?"
5373,3795,5,7,71,83,1.2048192771084338,0.05878342521328233,665,"At times, I feel like I have the weight of the world on my shoulders...."
348,3795,2,13,68,83,1.2048192771084338,0.05073377572184538,665,"I wouldn’t want to be in Chief Brody’s shoes, it’s the Kintner boy."
6143,3795,2,13,68,83,1.2048192771084338,0.05073377572184538,665,I'm having it removed next week.
6068,3795,4,9,70,83,1.2048192771084338,0.05622839780338052,665,I myself prefer the tail!
4642,3809,2,15,76,93,1.2043010752688172,0.04727037156900375,665,He thinks he's Moses.
862,3810,1,14,64,79,1.2025316455696202,0.04894123029908691,665,What’s the score?
2065,3810,2,12,65,79,1.2025316455696202,0.05215183571084887,665,Is the coast clear?
2016,3810,4,8,67,79,1.2025316455696202,0.05804268995883625,665,"I admit it's lunch on the hoof, but it's better than brown-bagging it."
1890,3810,2,12,65,79,1.2025316455696202,0.05215183571084887,665,I can't wait for that 'Jaws' sequel to come out.
1888,3810,2,12,65,79,1.2025316455696202,0.05215183571084887,665,I love backrubs more than a full stomach.
3041,3810,3,10,66,79,1.2025316455696202,0.055175935994185736,665,It's part of a new pilot program from Lyft meant to address the future of climate change in coastal areas.
1774,3810,1,14,64,79,1.2025316455696202,0.04894123029908691,665,Isn't he supposed to jump the shark?
2981,3810,4,8,67,79,1.2025316455696202,0.05804268995883625,665,"Please don't eat him--every since my air  bladders got pressurized, it's the only thing that keeps me from floating all the time."
2888,3810,1,14,64,79,1.2025316455696202,0.04894123029908691,665,I got a loan from the wrong guy!
1616,3810,3,10,66,79,1.2025316455696202,0.055175935994185736,665,Somebody this stupid wouldn't taste that good.
1449,3810,3,10,66,79,1.2025316455696202,0.055175935994185736,665,He says my driving makes him feel ‘über unsafe.’
1447,3810,3,10,66,79,1.2025316455696202,0.055175935994185736,665,"He's a chiropractor. If he doesn't cure my spinal stenosis, he'll be VERY sorry."
1340,3810,3,10,66,79,1.2025316455696202,0.055175935994185736,665,I really regret going vegan.
1314,3810,2,12,65,79,1.2025316455696202,0.05215183571084887,665,They don't scare like they used to
27,3810,2,12,65,79,1.2025316455696202,0.05215183571084887,665,"He keeps saying, 'I told 'em they're gonna need a bigger boat.'"
237,3810,1,14,64,79,1.2025316455696202,0.04894123029908691,665,"Look, you said there are plenty of humans in the sea, and you were right."
238,3810,2,12,65,79,1.2025316455696202,0.05215183571084887,665,He promised me he bring me all of his in-laws if I take him to shore.
1080,3810,2,12,65,79,1.2025316455696202,0.05215183571084887,665,Just trying to make ends meet.  It's a new service: UberShark
403,3810,1,14,64,79,1.2025316455696202,0.04894123029908691,665,"When I say I have a monkey on my back, I mean it literally."
416,3810,3,10,66,79,1.2025316455696202,0.055175935994185736,665,It relieves my stress.
700,3810,2,12,65,79,1.2025316455696202,0.05215183571084887,665,The dolphins say he'll get me into show biz.
829,3810,2,12,65,79,1.2025316455696202,0.05215183571084887,665,"Trust me, it's better than my last job."
833,3810,3,10,66,79,1.2025316455696202,0.055175935994185736,665,Nah! He's a vegan. They're stringy
877,3810,3,10,66,79,1.2025316455696202,0.055175935994185736,665,"Get your camera and say wait, wait, wait, okay."
6265,3810,2,12,65,79,1.2025316455696202,0.05215183571084887,665,"We're shooting ""Man-nado."""
5234,3810,2,12,65,79,1.2025316455696202,0.05215183571084887,665,He got bored of kite surfing
3639,3810,1,14,64,79,1.2025316455696202,0.04894123029908691,665,"After you, Alphonse"
5932,3810,4,8,67,79,1.2025316455696202,0.05804268995883625,665,"I was promised free fish for a year to try the new ""tag & release"" program, but I have been the victim of ""bait & switch""."
5843,3810,1,14,64,79,1.2025316455696202,0.04894123029908691,665,It's called a foot massage.
2421,3810,3,10,66,79,1.2025316455696202,0.055175935994185736,665,We're both running out of cartilage
5776,3810,1,14,64,79,1.2025316455696202,0.04894123029908691,665,"My brother ate his best friend, so I thought I owed  it to him."
5746,3810,2,12,65,79,1.2025316455696202,0.05215183571084887,665,Lousy jumper.
5715,3810,4,8,67,79,1.2025316455696202,0.05804268995883625,665,"I don't know what happened. The New Yorker used to be brilliant.”
“No, it didn't. It was only pretentious."
5614,3810,3,10,66,79,1.2025316455696202,0.055175935994185736,665,I promised to give up red meat not withstanding.
5219,3810,3,10,66,79,1.2025316455696202,0.055175935994185736,665,"This ride share gig is ok, but lunch can be problematic"
5144,3810,3,10,66,79,1.2025316455696202,0.055175935994185736,665,You want eat him or shall I?
3572,3810,3,10,66,79,1.2025316455696202,0.055175935994185736,665,"My therapist keeps telling me to think before I attack but if this guy doesn’t soon realize that I’m not a surfboard, he’s going to be lunch."
4997,3810,0,16,63,79,1.2025316455696202,0.04550465996318567,665,Getting ready for our five o'clock performance...
5101,3810,2,12,65,79,1.2025316455696202,0.05215183571084887,665,"You can call it a comedown, but I felt it was time to evolve with the marketplace."
4634,3810,2,12,65,79,1.2025316455696202,0.05215183571084887,665,"One week of community service for speeding through the no-wake Zone, but this is silly."
4563,3810,3,10,66,79,1.2025316455696202,0.055175935994185736,665,One nasty review cost me Superhost status.
4489,3810,1,14,64,79,1.2025316455696202,0.04894123029908691,665,His wife told him to go to a fish-stand.
4454,3810,0,16,63,79,1.2025316455696202,0.04550465996318567,665,I thought we said this was a standing meeting?
4259,3810,1,14,64,79,1.2025316455696202,0.04894123029908691,665,Perryscope
4175,3810,0,16,63,79,1.2025316455696202,0.04550465996318567,665,"Sorry!  They were just about to close, and only had a couple of scrawny drumsticks!"
4077,3810,2,12,65,79,1.2025316455696202,0.05215183571084887,665,"It's my Dating App. Females find it very attractive."""
3776,3810,4,8,67,79,1.2025316455696202,0.05804268995883625,665,“This feels so much better than those remoras!”
3745,3810,2,12,65,79,1.2025316455696202,0.05215183571084887,665,This guy certainly has perfected the shark yoga pose!
3649,3810,2,12,65,79,1.2025316455696202,0.05215183571084887,665,It's acupressure therapy for a badly infected tooth!
4723,3810,4,8,67,79,1.2025316455696202,0.05804268995883625,665,"CAm out get this nerd off me and not make it look
Like we are killers."
2738,3810,2,12,65,79,1.2025316455696202,0.05215183571084887,665,He thinks he’s standing on a sand bar.
288,3861,2,14,73,89,1.202247191011236,0.04841664403947964,665,"Simple. We bet, He won."
1725,3862,2,12,66,80,1.2,0.05155800469472481,665,We have got to stop meeting like this!
309,3862,0,16,64,80,1.2,0.045003516037040954,665,The humans call it SUP - Shark Using Pedestrians
5916,3862,4,9,72,85,1.2,0.05500190982169267,665,"I just want them scared, and I read humans kill more humans than we do.."
138,3862,2,13,70,85,1.2,0.04964862530219501,665,I like a good foot massage before dinner.
2700,3862,2,15,78,95,1.2,0.04636869624047491,665,I didn't read the fine print in that Contract with Kevin O'Leary.
809,3862,3,17,95,115,1.2,0.04314133372787616,665,"I considered Lyft, but Uber gets me more business."
5840,3868,2,12,67,81,1.1975308641975309,0.05097734030138908,665,"I think this is what the humans call hitchhiking, or is it surfing?"
731,3868,1,14,66,81,1.1975308641975309,0.04785443813164026,665,I'm still waiting for a few more surfers for our Spring Frenzy.
3287,3870,2,11,63,76,1.1973684210526316,0.0530466092376872,665,"Honestly, he's done wonders for my back"
3530,3870,1,13,62,76,1.1973684210526316,0.04962928126251099,665,"When he falls off, I'll gobble him up."
3545,3870,4,7,65,76,1.1973684210526316,0.05929331444253048,665,What an idiot
4691,3870,1,13,62,76,1.1973684210526316,0.04962928126251099,665,There I was couch-surfing...now I can't get rid of him!
4896,3870,0,15,61,76,1.1973684210526316,0.0459585505172973,665,My wife sent me out for food for our daughter's graduation party.
5164,3870,3,9,64,76,1.1973684210526316,0.0562567324379788,665,It’s the new gig economy
5184,3870,2,11,63,76,1.1973684210526316,0.0530466092376872,665,"Another Fonz, another miss..."
6254,3870,3,9,64,76,1.1973684210526316,0.0562567324379788,665,"I usually don’t kiss and tell, but..."
4410,3870,3,9,64,76,1.1973684210526316,0.0562567324379788,665,"I tried to tell him I'm a shark, not a skate."
3124,3870,2,11,63,76,1.1973684210526316,0.0530466092376872,665,"The top half was tasty, but the bottom is stuck on my fin"
2979,3880,3,10,69,82,1.1951219512195121,0.05331250832765854,665,Fonzie landed!
1074,3880,1,14,67,82,1.1951219512195121,0.047328588608598864,665,"Since Linda had the kids, I've been ride sharing in the evenings to cover the bills."
3894,3882,2,11,64,77,1.1948051948051948,0.052415870290318925,665,"No, we eat him after he finishes the massage."
3833,3882,2,11,64,77,1.1948051948051948,0.052415870290318925,665,The best I could manage is a visual decoy.  We are still working on a human call.
3723,3882,2,11,64,77,1.1948051948051948,0.052415870290318925,665,"I've changed a lot since my evil days as ""Jaws""."
3653,3882,2,11,64,77,1.1948051948051948,0.052415870290318925,665,I get the legs
3644,3882,4,7,66,77,1.1948051948051948,0.05857431568194384,665,It's good for my core.
3631,3882,0,15,62,77,1.1948051948051948,0.04543012721724501,665,You look different...did you do something with you fin?
3511,3882,1,13,63,77,1.1948051948051948,0.04904752754862677,665,I'm beginning to think I'm not cut out for Cirque du Soleil after all.
3509,3882,2,11,64,77,1.1948051948051948,0.052415870290318925,665,"For our next lesson Fred, open your mouth while I do a quick fade left"
2407,3882,1,13,63,77,1.1948051948051948,0.04904752754862677,665,Now I know how a humpback feels.
2448,3882,2,11,64,77,1.1948051948051948,0.052415870290318925,665,I found him on E-Bay !
2449,3882,1,13,63,77,1.1948051948051948,0.04904752754862677,665,On a magic shark-pet ride
2555,3882,1,13,63,77,1.1948051948051948,0.04904752754862677,665,His phone isn’t waterproof.
2561,3882,1,13,63,77,1.1948051948051948,0.04904752754862677,665,He's looking for a smaller boat.
2566,3882,2,11,64,77,1.1948051948051948,0.052415870290318925,665,What do you think? It’s for a British Royal Wedding.
2660,3882,2,11,64,77,1.1948051948051948,0.052415870290318925,665,Uber for Sharks.
3562,3882,2,11,64,77,1.1948051948051948,0.052415870290318925,665,"You can have the head, I want these dang feet"
2685,3882,1,13,63,77,1.1948051948051948,0.04904752754862677,665,This is my community service for eating his surfboard.
2755,3882,3,9,65,77,1.1948051948051948,0.05558045481956562,665,I really do it for the health insurance.
3224,3882,2,11,64,77,1.1948051948051948,0.052415870290318925,665,This seal mistook me for a surfboard.
3228,3882,2,11,64,77,1.1948051948051948,0.052415870290318925,665,Damien Hirst is now a performance artist
3253,3882,1,13,63,77,1.1948051948051948,0.04904752754862677,665,"It's called fashion, look it up."
3260,3882,3,9,65,77,1.1948051948051948,0.05558045481956562,665,"He keeps telling me he’s Brian Wilson, so..."
3404,3882,2,11,64,77,1.1948051948051948,0.052415870290318925,665,Forget it! You don't stand a chance.
3463,3882,5,5,67,77,1.1948051948051948,0.06142242226798165,665,My other option was cataract surgery.
2735,3882,1,13,63,77,1.1948051948051948,0.04904752754862677,665,"Don't believe it!  You can't pay the kids' tuition on your Uber pay.
Swim!  Swim far away!"
3965,3882,1,13,63,77,1.1948051948051948,0.04904752754862677,665,It’s worth the wait.  If he actually gets a bigger boat we sink it and eat them all.
4754,3882,2,11,64,77,1.1948051948051948,0.052415870290318925,665,Don’t eat anything he gives you that’s attached to a hook!
4581,3882,2,11,64,77,1.1948051948051948,0.052415870290318925,665,If it digs in its toenails one more time I’m going to eat it.
4815,3882,4,7,66,77,1.1948051948051948,0.05857431568194384,665,I hate it when the Dolphin Encounter gets all booked up.
5045,3882,1,13,63,77,1.1948051948051948,0.04904752754862677,665,"Blessing in disguise! 
This Handsome Meal asked me for a Lift"
4104,3882,2,11,64,77,1.1948051948051948,0.052415870290318925,665,"My therapist says you carry your emotional baggage in your dorsal fin spine. Honestly I thought it was a lot of hoo hah but lately I really feel it. The break up, climate change, my mother, all of it.  Right in that spot. Just like, ugh! Baggage!"
5158,3882,4,7,66,77,1.1948051948051948,0.05857431568194384,665,"Really, I guess it comes down to your definition of ""apex""."
2395,3882,2,11,64,77,1.1948051948051948,0.052415870290318925,665,He promised to let me eat him when he is done with the water polo game.  Care for a limb?
5390,3882,2,11,64,77,1.1948051948051948,0.052415870290318925,665,"Trust me, it's weirder for me than it is for you."
4178,3882,2,11,64,77,1.1948051948051948,0.052415870290318925,665,This one's heavy. Take a bite off for me?
5425,3882,3,9,65,77,1.1948051948051948,0.05558045481956562,665,"I can't hurt him until he sees that he's in danger. You know, like in the old cartoons. Trust me, it'll be hilarious when he finally looks down here and I can eat him."
5540,3882,3,9,65,77,1.1948051948051948,0.05558045481956562,665,I don't know how much longer I can wait here until I have lunch.
5668,3882,1,13,63,77,1.1948051948051948,0.04904752754862677,665,No thanks. I brought my lunch.
5882,3882,3,9,65,77,1.1948051948051948,0.05558045481956562,665,I really don't mind. It keeps me settled.
4050,3882,1,13,63,77,1.1948051948051948,0.04904752754862677,665,We get no respect since that damn song hit YouTube.
6097,3882,2,11,64,77,1.1948051948051948,0.052415870290318925,665,"Dude, this massage is dooope."
6154,3882,3,9,65,77,1.1948051948051948,0.05558045481956562,665,I usually prefer Swedish but this shiatsu isn't bad.
6158,3882,2,11,64,77,1.1948051948051948,0.052415870290318925,665,He can’t swim; plus he paid me lots of money to promise not to tell anyone.
6177,3882,1,13,63,77,1.1948051948051948,0.04904752754862677,665,Order's up.
6223,3882,3,9,65,77,1.1948051948051948,0.05558045481956562,665,"If they don’t give me five stars, I eat them."
6258,3882,3,9,65,77,1.1948051948051948,0.05558045481956562,665,You gotta help me get this monkey off my back!
4265,3882,1,13,63,77,1.1948051948051948,0.04904752754862677,665,This guy thinks I am one of those new powered surfboards.
4726,3882,2,11,64,77,1.1948051948051948,0.052415870290318925,665,Would you mind doing me a little favor?
4437,3882,5,5,67,77,1.1948051948051948,0.06142242226798165,665,"Watch this. It's my version of the ""treat on the nose trick."""
4633,3882,2,11,64,77,1.1948051948051948,0.052415870290318925,665,Bruce had John Williams’ ostinato of bass notes to help clear a beach. I have a shirtless Steve Mnuchin.
4528,3882,3,9,65,77,1.1948051948051948,0.05558045481956562,665,Moonlighting for Uber. Why do you ask?
4530,3882,3,9,65,77,1.1948051948051948,0.05558045481956562,665,My Anger Management class suggests de-escalation but maybe submerging would be better.
6108,3882,4,7,66,77,1.1948051948051948,0.05857431568194384,665,"Careful, these waters are leg-infested."
2329,3882,3,9,65,77,1.1948051948051948,0.05558045481956562,665,Uber has promised aggressive growth potential; still no insurance.
5331,3882,3,9,65,77,1.1948051948051948,0.05558045481956562,665,"I was saving some for later, but I can’t remember where I put the rest of him"
2112,3882,3,9,65,77,1.1948051948051948,0.05558045481956562,665,Let's just say I understand the average American swimmer.
143,3882,1,13,63,77,1.1948051948051948,0.04904752754862677,665,"Ever since I went vegan, I've been constantly tempted."
175,3882,3,9,65,77,1.1948051948051948,0.05558045481956562,665,I’ve signed up to Uber.
240,3882,1,13,63,77,1.1948051948051948,0.04904752754862677,665,It started out as a patch of eczema!
421,3882,2,11,64,77,1.1948051948051948,0.052415870290318925,665,My doctor said I need to have a more balanced diet.
510,3882,4,7,66,77,1.1948051948051948,0.05857431568194384,665,This Grandpa shark thing has gotten out of control...
589,3882,1,13,63,77,1.1948051948051948,0.04904752754862677,665,It's called ashiatsu. I find it very relaxing.
675,3882,1,13,63,77,1.1948051948051948,0.04904752754862677,665,He's bait...
742,3882,4,7,66,77,1.1948051948051948,0.05857431568194384,665,"This is 2019, man - son of a mermaid!!"
782,3882,0,15,62,77,1.1948051948051948,0.04543012721724501,665,"He's standing on the shoulders of Greatness."""
856,3882,1,13,63,77,1.1948051948051948,0.04904752754862677,665,"It's called ""Ashiatsu""."
880,3882,4,7,66,77,1.1948051948051948,0.05857431568194384,665,It’s a luncheon for Dad but he said we can do the wishbone
951,3882,3,9,65,77,1.1948051948051948,0.05558045481956562,665,"Yeah, and _they_ hide hooks in food."
1129,3882,1,13,63,77,1.1948051948051948,0.04904752754862677,665,He's more inviting than my dorsal fin.
179,3882,3,9,65,77,1.1948051948051948,0.05558045481956562,665,Stupid humans - in over their head and they never know it!
1280,3882,2,11,64,77,1.1948051948051948,0.052415870290318925,665,"Well, I was the one who suggested couple's therapy. I think we both feel stuck in our roles in this relationship. And the emotional distance is hard."
2249,3882,1,13,63,77,1.1948051948051948,0.04904752754862677,665,"Honestly, I think I prefer the Swedish massage."
1359,3882,1,13,63,77,1.1948051948051948,0.04904752754862677,665,"He tried to jump the shark, but missed"
1368,3882,2,11,64,77,1.1948051948051948,0.052415870290318925,665,I am skipping the appetizers.
1679,3882,3,9,65,77,1.1948051948051948,0.05558045481956562,665,"I asked ""Scorpion?"" ""Frog?"" He just smiled, so I told him to climb on..."
1790,3882,2,11,64,77,1.1948051948051948,0.052415870290318925,665,Why do you say I'm a slave to my appetites?
1135,3882,2,11,64,77,1.1948051948051948,0.052415870290318925,665,Oh my God I felt something!
1824,3882,3,9,65,77,1.1948051948051948,0.05558045481956562,665,I’ve lost my touch.
1869,3882,1,13,63,77,1.1948051948051948,0.04904752754862677,665,My rating dropped two stars after I ate my last passenger.
1883,3882,2,11,64,77,1.1948051948051948,0.052415870290318925,665,"All I've heard the whole way here is ""you gotta wait until you've tried one of Nathan's footlongs"".  Oh, it seems dinner has just arrived.  (Comments overheard at Sharky's Deli, Long Island NY)"
1892,3882,1,13,63,77,1.1948051948051948,0.04904752754862677,665,"Yeah, it’s hard not to eat him, but it’s great for the cartilage and inner core muscles.”"
2029,3882,4,7,66,77,1.1948051948051948,0.05857431568194384,665,I've got this guy right where I want him.
1980,3882,3,9,65,77,1.1948051948051948,0.05558045481956562,665,Anything to escape communism...
3490,3965,4,10,79,93,1.1935483870967742,0.05129930441995542,665,Best back rub I ever had.
1419,3966,3,10,70,83,1.1927710843373494,0.05271871399196457,665,Well... Hot yoga seemed too invasive
1478,3966,1,14,68,83,1.1927710843373494,0.04681395181381146,665,I thought it was just a headache.
3815,3966,2,12,69,83,1.1927710843373494,0.04985383079259017,665,I’m helping him save gas.
4953,3969,0,15,63,78,1.1923076923076923,0.04491340062470325,665,"So, how long do we have to play sand bar to a bunch of edible tourists?"
5276,3969,2,11,65,78,1.1923076923076923,0.05179975117387882,665,A few extra bucks driving for Uber? Totally not worth it!
2210,3969,3,9,66,78,1.1923076923076923,0.054920074241356344,665,Why do I always get the goofy foot?
1412,3969,2,11,65,78,1.1923076923076923,0.05179975117387882,665,"It's Conceptual Art and helps with my dieting,I can only chew little pieces while it stands on my head"
1763,3969,2,11,65,78,1.1923076923076923,0.05179975117387882,665,I owe him since I broke his surfboard.
6115,3974,1,12,60,73,1.1917808219178083,0.05033198101609271,665,It's sort of like Custers stand.
564,3974,1,12,60,73,1.1917808219178083,0.05033198101609271,665,"I’m too committed at this point so, no, I won’t go to dinner with you."
811,3974,2,10,61,73,1.1917808219178083,0.05397986492025978,665,Should've voted for Beto.
1811,3974,2,10,61,73,1.1917808219178083,0.05397986492025978,665,What can I say?  it’s a living.
2014,3974,4,6,63,73,1.1917808219178083,0.06062063035320436,665,And I'm telling you: It's my turn now. He's been doing you for nearly an hour.
2062,3974,2,10,61,73,1.1917808219178083,0.05397986492025978,665,They don't do delivery in my zip code
2944,3974,3,8,62,73,1.1917808219178083,0.05739637027386547,665,"I bit off his toes last summer and my conscience got the best of me.  Now I ride him around the bay so he can impress his friends."""
3985,3974,1,12,60,73,1.1917808219178083,0.05033198101609271,665,"I'll flip him. Heads you get um, tails he's mine."
4547,3974,1,12,60,73,1.1917808219178083,0.05033198101609271,665,75/25 or I’m outta here!
4598,3974,2,10,61,73,1.1917808219178083,0.05397986492025978,665,"I know, I know. But the price was surging, I had to take the fare."
4796,3974,1,12,60,73,1.1917808219178083,0.05033198101609271,665,Do you ever feel like the man is holding you down?
6149,3974,1,12,60,73,1.1917808219178083,0.05033198101609271,665,Notes of gym sock infuse the robust bouquet of toe jam.
5838,3974,2,10,61,73,1.1917808219178083,0.05397986492025978,665,"It's something like Uber for swimmers. Pretty good pay, but they fire you if you eat a passenger."
5923,3974,2,10,61,73,1.1917808219178083,0.05397986492025978,665,"""Without the music, I get no respect"""
2493,3974,3,8,62,73,1.1917808219178083,0.05739637027386547,665,"I can’t believe you DON’T have one, Trevor. It’s the latest fashion."
5597,3974,1,12,60,73,1.1917808219178083,0.05033198101609271,665,I’m saving him for tomorrow
1633,3974,2,10,61,73,1.1917808219178083,0.05397986492025978,665,The upper portion was yummy
5193,3991,3,10,71,84,1.1904761904761905,0.052137859745800555,665,I know you have the other half.
1233,3992,0,15,64,79,1.1898734177215189,0.04440800097757109,665,They were all out of jumbo.
3613,3992,3,9,67,79,1.1898734177215189,0.05427504385344412,665,It's Caribbean Tai Chi.  We're working on cultivating stillness and improving balance.
5657,3994,2,10,62,74,1.1891891891891893,0.05330844518372845,665,I lost a bet. For now.
5592,3994,5,4,65,74,1.1891891891891893,0.06286883225210493,665,"You just wait, its a little trick i learned from them"
5586,3994,1,12,61,74,1.1891891891891893,0.04971475717491745,665,"It's the gig economy, stupid!"
4038,3994,2,10,62,74,1.1891891891891893,0.05330844518372845,665,"He thinks he's on solid ground, but in a minute he won't have a leg to stand on."
2254,3994,2,10,62,74,1.1891891891891893,0.05330844518372845,665,"He says its a symbiotic relationship, but I'd have to dive to test that."
1801,3994,2,10,62,74,1.1891891891891893,0.05330844518372845,665,"Got any ideas how I break it to him that I'm not a sand bar?


-- D. Parker, San Francisco"
1522,3994,0,14,60,74,1.1891891891891893,0.045840198887171404,665,"I like the whole massage aspect of it, but I'm getting hungry."
1138,3994,0,14,60,74,1.1891891891891893,0.045840198887171404,665,Lyft was looking for divers and I needed the chub change
251,3994,2,10,62,74,1.1891891891891893,0.05330844518372845,665,The lengths I have to go to get a good Ashiatsu massage!
5885,3994,2,10,62,74,1.1891891891891893,0.05330844518372845,665,But it feels so good.
5042,4004,4,12,90,106,1.1886792452830188,0.046654871209528416,665,I call it Swyft - my new app based water taxi service.
5162,4005,2,9,60,71,1.1830985915492958,0.054236456570277786,665,"I was gonna eat em', but look at those toenails! Yeesh!"
5004,4005,1,11,59,71,1.1830985915492958,0.050390264281685394,665,There's a sous-vide frenzy right now
4765,4005,3,7,61,71,1.1830985915492958,0.05782739582776625,665,Shark surfing is trending.  You free for dinner?
4413,4005,1,11,59,71,1.1830985915492958,0.050390264281685394,665,Delivery?
4374,4005,3,7,61,71,1.1830985915492958,0.05782739582776625,665,Do you hear music?
2674,4005,1,11,59,71,1.1830985915492958,0.050390264281685394,665,"Sorry, I forgot the milk."
2468,4005,3,7,61,71,1.1830985915492958,0.05782739582776625,665,What some people won’t do to look taller.
1416,4005,2,9,60,71,1.1830985915492958,0.054236456570277786,665,"Yes, I decided to go to work for ""Shark-Uber."""
502,4005,2,9,60,71,1.1830985915492958,0.054236456570277786,665,"How do you do, fellow shark?"
5969,4005,4,5,62,71,1.1830985915492958,0.061208023944109534,665,"No, this is our new food delivery platform that makes getting great food as easy as getting a ride."
2202,4005,2,9,60,71,1.1830985915492958,0.054236456570277786,665,"Heads up, this guy is a bit peeved by the transfer delay."
1563,4005,4,5,62,71,1.1830985915492958,0.061208023944109534,665,"If he sings ""Baby Shark"" one more time... 
I'm going to bite his Great White legs off."
1875,4005,2,9,60,71,1.1830985915492958,0.054236456570277786,665,He paid me a fin to do this.
2922,4018,1,15,77,93,1.1827956989247312,0.04309832132858193,665,"The idiot, I told him to walk on water, not on me!"
626,4019,5,4,68,77,1.1818181818181819,0.06054907323040611,665,I thought I could pull off a long con.
5735,4019,1,12,64,77,1.1818181818181819,0.0479493093842668,665,now:SMILE!
2876,4019,4,6,67,77,1.1818181818181819,0.057657842219448745,665,So much for being an apex predator!
2266,4022,1,13,69,83,1.180722891566265,0.04582023644587216,665,"Every time I go on a diet, temptation comes a clompin'."""
337,4022,2,11,70,83,1.180722891566265,0.04892190131450311,665,I'm trying symbiosis this year.
3025,4024,1,11,60,72,1.1805555555555556,0.04975050777451365,665,I can’t get this guy off my back!
2833,4024,2,9,61,72,1.1805555555555556,0.05353829779280629,665,"Yeah, say what you want about the company, but I’m making good money with Uber Pool."
2669,4024,2,9,61,72,1.1805555555555556,0.05353829779280629,665,Edible?  You bet.
3009,4024,1,11,60,72,1.1805555555555556,0.04975050777451365,665,"Yup. I know... ""shark boarding"". What's next?"
2951,4024,1,11,60,72,1.1805555555555556,0.04975050777451365,665,Stop playing with your food
2954,4024,2,9,61,72,1.1805555555555556,0.05353829779280629,665,"Then he said, “jump the shark!”"
2988,4024,4,5,63,72,1.1805555555555556,0.06040547942041133,665,He thinks I’m a rabbit
3777,4024,1,11,60,72,1.1805555555555556,0.04975050777451365,665,"Overheard at the sandbar; “Cheers, this one’s on me!”"
3729,4024,3,7,62,72,1.1805555555555556,0.057075262919065665,665,No there isn’t.
3662,4024,3,7,62,72,1.1805555555555556,0.057075262919065665,665,"Somehow, I'm getting the loveliest back message."
3622,4024,1,11,60,72,1.1805555555555556,0.04975050777451365,665,Can you scratch my back? It feels itchy.
3247,4024,1,11,60,72,1.1805555555555556,0.04975050777451365,665,Uber is everywhere.
3236,4024,2,9,61,72,1.1805555555555556,0.05353829779280629,665,Looks like daddy shark do do do do is the winner.
3085,4024,2,9,61,72,1.1805555555555556,0.05353829779280629,665,I don’t know!  He said he voted for HRC and I guess I felt sorry for him.
2618,4024,1,11,60,72,1.1805555555555556,0.04975050777451365,665,He’s looking for us!
3843,4024,4,5,63,72,1.1805555555555556,0.06040547942041133,665,He still thinks he's in the kitty pool.
4422,4024,2,9,61,72,1.1805555555555556,0.05353829779280629,665,I’m considering a bold statement about my participation in these new encounter pools.
3946,4024,2,9,61,72,1.1805555555555556,0.05353829779280629,665,"Sure, I get hungry. But this is the only relief I can get for my chronic backache."
4360,4024,1,11,60,72,1.1805555555555556,0.04975050777451365,665,He thinks he's standing on the bottom. How do I break the news?
4117,4024,0,13,59,72,1.1805555555555556,0.045649498541524836,665,They’re a lot more confident since “Finding Nemo”
5207,4024,3,7,62,72,1.1805555555555556,0.057075262919065665,665,"If you keep your fin underwater, I'll split him with you."
5228,4024,2,9,61,72,1.1805555555555556,0.05353829779280629,665,"The pay is lousy, but it’s the only summer job I could get."
2558,4024,2,9,61,72,1.1805555555555556,0.05353829779280629,665,"It’s new business- 
a ride sharing."
5261,4024,4,5,63,72,1.1805555555555556,0.06040547942041133,665,First the ashiatsu; then the meal.
5464,4024,3,7,62,72,1.1805555555555556,0.057075262919065665,665,When do you want dinner?
3893,4024,1,11,60,72,1.1805555555555556,0.04975050777451365,665,He's a real pain in the back.
5501,4024,4,5,63,72,1.1805555555555556,0.06040547942041133,665,Don't complain about the delivery charge.   I had to swim to Germany for your Hamburger.
4093,4024,1,11,60,72,1.1805555555555556,0.04975050777451365,665,"Ugh, millenials! Am I right?"
5656,4024,2,9,61,72,1.1805555555555556,0.05353829779280629,665,We bonded at Seaworld.
6016,4024,0,13,59,72,1.1805555555555556,0.045649498541524836,665,Don't eat him. I want to keep my five-star rating.
4081,4024,3,7,62,72,1.1805555555555556,0.057075262919065665,665,"I know, but it beats being an Uber driver."
6122,4024,2,9,61,72,1.1805555555555556,0.05353829779280629,665,"It’s heavy, but it’s a find."
6137,4024,2,9,61,72,1.1805555555555556,0.05353829779280629,665,Don’t move. It’s Damien Hirst.
6170,4024,2,9,61,72,1.1805555555555556,0.05353829779280629,665,I'm really sorry but he makes my tail wiggle.
5653,4024,2,9,61,72,1.1805555555555556,0.05353829779280629,665,Wait till he posts a few selfies.
2529,4024,1,11,60,72,1.1805555555555556,0.04975050777451365,665,He gives a pretty good back massage.
3553,4024,2,9,61,72,1.1805555555555556,0.05353829779280629,665,"Man, that damn 'Shark Tale"" movie really killed our street cred."
2201,4024,1,11,60,72,1.1805555555555556,0.04975050777451365,665,Yea it’s a lot of extra swimming but I get to eat a lot of interesting people.
2373,4024,1,11,60,72,1.1805555555555556,0.04975050777451365,665,I have an itch I can't scratch.
24,4024,2,9,61,72,1.1805555555555556,0.05353829779280629,665,"Do you remember, when I told you my new cleaner fish is a bit different?"
230,4024,1,11,60,72,1.1805555555555556,0.04975050777451365,665,He said his name was Fonzarelli.
406,4024,2,9,61,72,1.1805555555555556,0.05353829779280629,665,"Sure, it's just like those other ride-share services, but in addition to earning a few extra bucks I can eat the day's last fare."
459,4024,2,9,61,72,1.1805555555555556,0.05353829779280629,665,I thought a marinade might be nice.
524,4024,0,13,59,72,1.1805555555555556,0.045649498541524836,665,I got 50% equity.
765,4024,1,11,60,72,1.1805555555555556,0.04975050777451365,665,Is this enough for dinner?
1164,4024,3,7,62,72,1.1805555555555556,0.057075262919065665,665,Don't you think I would take the legs if I knew how to walk?
1207,4024,2,9,61,72,1.1805555555555556,0.05353829779280629,665,He's having a word with my upstairs neighbor.
562,4024,2,9,61,72,1.1805555555555556,0.05353829779280629,665,"We need to hire an  Reputation Management Agency, we’re getting no respect."
1592,4024,3,7,62,72,1.1805555555555556,0.057075262919065665,665,"He thinks I'm his surfboard.
I'm just waiting to poop and get my appetite back."
2099,4024,2,9,61,72,1.1805555555555556,0.05353829779280629,665,"I said Eat Him , not Eastham. Besides, he's from Truro!"
2086,4024,3,7,62,72,1.1805555555555556,0.057075262919065665,665,"Oh, he is so gonna get the shark and awe treatment."
1579,4024,2,9,61,72,1.1805555555555556,0.05353829779280629,665,Freeloader.....Free Lunch!
1918,4024,3,7,62,72,1.1805555555555556,0.057075262919065665,665,I get why no one visits Greenwich
1911,4024,1,11,60,72,1.1805555555555556,0.04975050777451365,665,Human yoga.
1970,4024,2,9,61,72,1.1805555555555556,0.05353829779280629,665,I’m starting to rethink my “friends not food” mantra.
1797,4024,3,7,62,72,1.1805555555555556,0.057075262919065665,665,"Daddy Shark, what should I do-do-do-do-do-do?"
1887,4024,1,11,60,72,1.1805555555555556,0.04975050777451365,665,"He thinks it’s a cheap ride, but wait until he finds out about surge pricing."
1770,4081,3,10,76,89,1.1797752808988764,0.04941382071271396,665,Skinny is still tasty.
5773,4082,1,12,65,78,1.1794871794871795,0.04738794815386097,665,It's part of my Anger Management therapy.
4686,4082,3,8,67,78,1.1794871794871795,0.05395941341632321,665,He’s keeping me under. I can’t breathe.
4122,4082,3,8,67,78,1.1794871794871795,0.05395941341632321,665,That UBER thing is actually pretty cool!
4088,4082,4,6,68,78,1.1794871794871795,0.05696155395733173,665,"I know it looks a little weird, but it’s great for working my Core."
4989,4086,3,11,81,95,1.1789473684210525,0.04727501054750545,665,He’s watching out for people with hooks.
2902,4087,0,15,69,84,1.1785714285714286,0.04203894830190181,665,It repels the remoras.
1328,4087,2,11,71,84,1.1785714285714286,0.048383846887362136,665,I already ate the top half
643,4089,3,7,63,73,1.178082191780822,0.05634229533905509,665,"There’s no medical, but I get to work my own hours."
2765,4089,3,7,63,73,1.178082191780822,0.05634229533905509,665,"I thought during the closed season I could make some money from this Uber thing, at least."
5944,4089,1,11,61,73,1.178082191780822,0.0491265634505708,665,I guess it takes a couple of seasons to work up to jumping.
5397,4089,0,13,60,73,1.178082191780822,0.045087711548245424,665,I’m just happy that this idiot doesn’t know what happened the last person who thought I was a dolphin
4111,4089,2,9,62,73,1.178082191780822,0.052857702752466776,665,"I'd ask you to spell me for awhile, but I'm afraid we're *all* sort of supporting them."
342,4094,3,10,77,90,1.1777777777777778,0.04890250633185913,665,"It's a ""take home"" dinner."
3742,4095,1,10,57,68,1.1764705882352942,0.051069236647683494,665,Wanna split it with me?
3846,4095,2,8,58,68,1.1764705882352942,0.055200076943347304,665,It’s a professional courtesy. He’s a corporate lawyer.
3733,4095,0,12,56,68,1.1764705882352942,0.04657344059657538,665,Grubhub or Doordash??
3722,4095,1,10,57,68,1.1764705882352942,0.051069236647683494,665,He's an environmentalist with an AR-15.  He volunteered to protect my fin.
3875,4095,1,10,57,68,1.1764705882352942,0.051069236647683494,665,Something's fishy here!
3693,4095,1,10,57,68,1.1764705882352942,0.051069236647683494,665,Should we count this as an uber or an under ride?
3682,4095,2,8,58,68,1.1764705882352942,0.055200076943347304,665,"Well, they're all the rage in Surf City, and best of all, if I get hungry, they're edible."
3620,4095,1,10,57,68,1.1764705882352942,0.051069236647683494,665,"Maybe, maybe not not .  .  . I really prefer the taste of board shorts."
3881,4095,1,10,57,68,1.1764705882352942,0.051069236647683494,665,Each year it gets easier and easier.
3906,4095,0,12,56,68,1.1764705882352942,0.04657344059657538,665,He said his name was Finn. How could I say “No”?
3844,4095,1,10,57,68,1.1764705882352942,0.051069236647683494,665,He’s a lawyer and 23andMe says we’re related.
3915,4095,2,8,58,68,1.1764705882352942,0.055200076943347304,665,I'm waiting for him to hang ten. I love toe jam.
4101,4095,2,8,58,68,1.1764705882352942,0.055200076943347304,665,One of the dolfins didn't show up.
3970,4095,1,10,57,68,1.1764705882352942,0.051069236647683494,665,"Yeah, it's my side-hustle.  They call it ""Shoga."""
3995,4095,4,4,60,68,1.1764705882352942,0.06264991316913528,665,"Hey, wanna play wishbone?"
4003,4095,0,12,56,68,1.1764705882352942,0.04657344059657538,665,What’s your problem? I was feeling magnanimous.
4026,4095,1,10,57,68,1.1764705882352942,0.051069236647683494,665,He promised me something bigger.
4076,4095,2,8,58,68,1.1764705882352942,0.055200076943347304,665,"Meet Kevin, my new investment banker!"
3586,4095,3,6,59,68,1.1764705882352942,0.05904261221631226,665,"Trying to get in at Sea World. They require some experience."""
4147,4095,1,10,57,68,1.1764705882352942,0.051069236647683494,665,This isn't what I meant when I said I wanted a human for my birthday.
4170,4095,0,12,56,68,1.1764705882352942,0.04657344059657538,665,They call it ‘Millennial Surfing.’
4184,4095,1,10,57,68,1.1764705882352942,0.051069236647683494,665,The job pool is pretty limited when you hit my age.
4209,4095,1,10,57,68,1.1764705882352942,0.051069236647683494,665,He calls it Veganism. I call it a pain in the neck.
4244,4095,0,12,56,68,1.1764705882352942,0.04657344059657538,665,"If you stay perfectly still, he can't see you and will hopefully swim away."
4302,4095,0,12,56,68,1.1764705882352942,0.04657344059657538,665,"I get no respect, Johnny. No respect."
3961,4095,2,8,58,68,1.1764705882352942,0.055200076943347304,665,"You're the one with the foot fetish, bitch!"
3561,4095,3,6,59,68,1.1764705882352942,0.05904261221631226,665,He used his Unter app to hail me.
3296,4095,1,10,57,68,1.1764705882352942,0.051069236647683494,665,Once he leaves me five stars you can attack.
3524,4095,2,8,58,68,1.1764705882352942,0.055200076943347304,665,Think of it as an upgraded remora.
2907,4095,2,8,58,68,1.1764705882352942,0.055200076943347304,665,His TV series jumped the shark.
2927,4095,3,6,59,68,1.1764705882352942,0.05904261221631226,665,Where can I get a pair of those Bermuda shorts?
2929,4095,2,8,58,68,1.1764705882352942,0.055200076943347304,665,Beach Informant...
2943,4095,0,12,56,68,1.1764705882352942,0.04657344059657538,665,Some guys will do anything to look a little taller.
2974,4095,2,8,58,68,1.1764705882352942,0.055200076943347304,665,That G***** genie.
3093,4095,1,10,57,68,1.1764705882352942,0.051069236647683494,665,"When I ate his surfboard, I didn't know he was a lawyer."
3161,4095,1,10,57,68,1.1764705882352942,0.051069236647683494,665,Well this can't make my scoliosis any better.
3168,4095,1,10,57,68,1.1764705882352942,0.051069236647683494,665,Shark or sink.
3181,4095,2,8,58,68,1.1764705882352942,0.055200076943347304,665,I really don't care for the dark meat
3240,4095,2,8,58,68,1.1764705882352942,0.055200076943347304,665,"Believe me, nothing cures a stiff fin better than a Thai Massage session."
3255,4095,1,10,57,68,1.1764705882352942,0.051069236647683494,665,I just have so much trouble saying no.
3274,4095,0,12,56,68,1.1764705882352942,0.04657344059657538,665,I regret becoming an Uber driver...
4334,4095,2,8,58,68,1.1764705882352942,0.055200076943347304,665,Like shooting fish in a barrel
3318,4095,1,10,57,68,1.1764705882352942,0.051069236647683494,665,Death is not the end.
3323,4095,2,8,58,68,1.1764705882352942,0.055200076943347304,665,"I can't eat him, he's going to vote for Trump"
3340,4095,2,8,58,68,1.1764705882352942,0.055200076943347304,665,This human is so dumb he thinks he's standing on a sandbar.
3363,4095,2,8,58,68,1.1764705882352942,0.055200076943347304,665,It's a new service called Lyft Shark.
3384,4095,2,8,58,68,1.1764705882352942,0.055200076943347304,665,"So,now will you go out with me?"
3411,4095,0,12,56,68,1.1764705882352942,0.04657344059657538,665,It's easier if you make them feel warm and comfortable first.
3422,4095,1,10,57,68,1.1764705882352942,0.051069236647683494,665,Call me Ceremony and I'll bite your face off.
3435,4095,2,8,58,68,1.1764705882352942,0.055200076943347304,665,I'm working the gig economy as ab Uber shark
3443,4095,2,8,58,68,1.1764705882352942,0.055200076943347304,665,"It’s like Uber, but for the coastal water regions."
3467,4095,1,10,57,68,1.1764705882352942,0.051069236647683494,665,"Look it’s a free massage, don’t judge!"
3468,4095,1,10,57,68,1.1764705882352942,0.051069236647683494,665,I prefer leg of lamb.  You want his?
3500,4095,2,8,58,68,1.1764705882352942,0.055200076943347304,665,"No thanks, I brought my own lunch"
3507,4095,1,10,57,68,1.1764705882352942,0.051069236647683494,665,Dinner will be soon. He asked to say goodbye to his wife.
3515,4095,1,10,57,68,1.1764705882352942,0.051069236647683494,665,He doesn't weigh that much.  It's the toenails.
3538,4095,4,4,60,68,1.1764705882352942,0.06264991316913528,665,We've thrown in a free second leg with your takeout order
4337,4095,3,6,59,68,1.1764705882352942,0.05904261221631226,665,Damn global warming...
4847,4095,3,6,59,68,1.1764705882352942,0.05904261221631226,665,"I would bite him, but I’m not a fan of stereotypes."
4393,4095,3,6,59,68,1.1764705882352942,0.05904261221631226,665,He scratches my back and then I eat him.
5429,4095,1,10,57,68,1.1764705882352942,0.051069236647683494,665,"So this guy from Uber says,“You gotta be moving all the time, why not make a few bucks at it?”"
5430,4095,2,8,58,68,1.1764705882352942,0.055200076943347304,665,"Without the dangling, it’s just no fun."
5438,4095,1,10,57,68,1.1764705882352942,0.051069236647683494,665,"I make my own hours, but they pay me a lot less than anticipated."
5478,4095,2,8,58,68,1.1764705882352942,0.055200076943347304,665,"Close, it's called Under"
5483,4095,0,12,56,68,1.1764705882352942,0.04657344059657538,665,Remember when Jaws was scarier than Blackfish?
5484,4095,1,10,57,68,1.1764705882352942,0.051069236647683494,665,My regular masseuse was booked.
5605,4095,2,8,58,68,1.1764705882352942,0.055200076943347304,665,"I told you, it's called the gig economy."
5610,4095,4,4,60,68,1.1764705882352942,0.06264991316913528,665,"With rare exceptions,I skip the fiction."
5680,4095,1,10,57,68,1.1764705882352942,0.051069236647683494,665,I'm just waiting for that scary Jaws music.
5720,4095,1,10,57,68,1.1764705882352942,0.051069236647683494,665,"I had a big breakfast, but I'll be hungry again in an hour."
5814,4095,2,8,58,68,1.1764705882352942,0.055200076943347304,665,I don't wanna let him down!
5826,4095,2,8,58,68,1.1764705882352942,0.055200076943347304,665,Just another example of 'the man' keepin' us down
5427,4095,1,10,57,68,1.1764705882352942,0.051069236647683494,665,"Stay low!  They want our eggs, too."
5841,4095,0,12,56,68,1.1764705882352942,0.04657344059657538,665,Tourists are so dumb...I even told him I was not the cuddly kind.
5890,4095,3,6,59,68,1.1764705882352942,0.05904261221631226,665,"Take him, I'm vegetarian!"
6023,4095,2,8,58,68,1.1764705882352942,0.055200076943347304,665,I've picked up some seasonal work offering cruise ship excursions.
6057,4095,3,6,59,68,1.1764705882352942,0.05904261221631226,665,"It’s called a “decoy”, and I’m working this end of the beach, so, scram! ‘\"
6079,4095,1,10,57,68,1.1764705882352942,0.051069236647683494,665,"Pity I'm not hungry. Are you, buddy?"
6301,4095,3,6,59,68,1.1764705882352942,0.05904261221631226,665,"Remind me again, why did we go vegan?"
6285,4095,2,8,58,68,1.1764705882352942,0.055200076943347304,665,I hate it when I order the Prime Rib and I end up with Leg of Human.
6246,4095,1,10,57,68,1.1764705882352942,0.051069236647683494,665,Thinking that he is still aboard his Stand-up paddleboard?
6222,4095,2,8,58,68,1.1764705882352942,0.055200076943347304,665,I’m beginning to think our new vegan diet is overrated.
6183,4095,2,8,58,68,1.1764705882352942,0.055200076943347304,665,I make extra money as Blubber driver!
6083,4095,3,6,59,68,1.1764705882352942,0.05904261221631226,665,"I know this bites, but with rising sea levels, we have to learn to coexist."
2894,4095,2,8,58,68,1.1764705882352942,0.055200076943347304,665,I get paid by the minute so they can ‘do it for th gram’
6095,4095,1,10,57,68,1.1764705882352942,0.051069236647683494,665,"I've tried everything, but I can't get this monkey off my back."
5849,4095,1,10,57,68,1.1764705882352942,0.051069236647683494,665,I'm still waiting for the Jaws music to kick in.
4348,4095,1,10,57,68,1.1764705882352942,0.051069236647683494,665,"First, I'll tickle his toes, then ..."
5398,4095,1,10,57,68,1.1764705882352942,0.051069236647683494,665,Close your eyes and make a wish.
5349,4095,2,8,58,68,1.1764705882352942,0.055200076943347304,665,I started with goat yoga then moved on to surfer yoga.
4406,4095,1,10,57,68,1.1764705882352942,0.051069236647683494,665,Maybe we have been shouldering humans for too long
4506,4095,3,6,59,68,1.1764705882352942,0.05904261221631226,665,It's just not the same when we do it.
4558,4095,1,10,57,68,1.1764705882352942,0.051069236647683494,665,Did you remember the blood sausage for the appetizer course?
4599,4095,0,12,56,68,1.1764705882352942,0.04657344059657538,665,"I’d bite him, but I’m trying to be my best self."
4651,4095,2,8,58,68,1.1764705882352942,0.055200076943347304,665,Lifeguard interns are much too brazen these days.
4662,4095,2,8,58,68,1.1764705882352942,0.055200076943347304,665,"On the upside, things are looking pretty well"
4680,4095,2,8,58,68,1.1764705882352942,0.055200076943347304,665,The Republicans were right - this dude married me as soon as that Kennedy opinion was issued.
4709,4095,0,12,56,68,1.1764705882352942,0.04657344059657538,665,Karma’s a bitch.
4742,4095,0,12,56,68,1.1764705882352942,0.04657344059657538,665,We're having a potluck over at the reef.
4767,4095,2,8,58,68,1.1764705882352942,0.055200076943347304,665,"We made a deal--I let him scratch my head, then I get rid of his bunions."""
4808,4095,2,8,58,68,1.1764705882352942,0.055200076943347304,665,"Yeah, I decided to start working for Uber’s water taxi service."
4816,4095,1,10,57,68,1.1764705882352942,0.051069236647683494,665,The line for poke bowl was too long so I finessed us some sashimi instead.
5359,4095,2,8,58,68,1.1764705882352942,0.055200076943347304,665,"I’ll go ahead and have the legs, the breast is always dry."
4829,4095,3,6,59,68,1.1764705882352942,0.05904261221631226,665,"Yes, he's THAT Laird Hamilton."
4856,4095,2,8,58,68,1.1764705882352942,0.055200076943347304,665,"I'm honest.  I don't betray.  
I want to be helpful.  I can't eat him."
4881,4095,1,10,57,68,1.1764705882352942,0.051069236647683494,665,Welcome to the Anthropocene.
4897,4095,1,10,57,68,1.1764705882352942,0.051069236647683494,665,It's part of the re-branding we started after Jaws.
4966,4095,3,6,59,68,1.1764705882352942,0.05904261221631226,665,Trump's white guys can't jump!
4987,4095,1,10,57,68,1.1764705882352942,0.051069236647683494,665,"What do you mean there is not enough meat on him?""  "" You said you wanted to start a low fat diet."
5037,4095,3,6,59,68,1.1764705882352942,0.05904261221631226,665,"Swimming isn't paying the bills, so I started ride-sharing."
5103,4095,1,10,57,68,1.1764705882352942,0.051069236647683494,665,I got a 50% vig for this one
5131,4095,3,6,59,68,1.1764705882352942,0.05904261221631226,665,"So I said,""How am I supposed to get my take-out home without a plastic bag?!"""
5138,4095,1,10,57,68,1.1764705882352942,0.051069236647683494,665,My girlfriend wanted take-out.
5286,4095,0,12,56,68,1.1764705882352942,0.04657344059657538,665,He has a 5 star rating but one more shark joke and he’s fuel .
5292,4095,1,10,57,68,1.1764705882352942,0.051069236647683494,665,He doesn’t know about jumping the shark.
5348,4095,1,10,57,68,1.1764705882352942,0.051069236647683494,665,Save for your retirement Carl - otherwise you end up doing this for tips.
4843,4095,3,6,59,68,1.1764705882352942,0.05904261221631226,665,"Forgot to pack lunch? No problem, I'll share."
2847,4095,1,10,57,68,1.1764705882352942,0.051069236647683494,665,I can't seem to get this monkey off my back
756,4095,1,10,57,68,1.1764705882352942,0.051069236647683494,665,"To be honest, I'm thinking of giving up this Uber thing."
2804,4095,2,8,58,68,1.1764705882352942,0.055200076943347304,665,Any Good Bites Today ? I have lunch ready see you around.
580,4095,2,8,58,68,1.1764705882352942,0.055200076943347304,665,It sucks being a pet shark.
584,4095,0,12,56,68,1.1764705882352942,0.04657344059657538,665,"...And to think he took me for a spineless
jellyfish."
658,4095,1,10,57,68,1.1764705882352942,0.051069236647683494,665,"What say I pull down, you bite, and we split the difference?"
674,4095,2,8,58,68,1.1764705882352942,0.055200076943347304,665,"Don't look at me like that, it was a good gig for Shamu!"
702,4095,2,8,58,68,1.1764705882352942,0.055200076943347304,665,"Listen, it's my job to follow orders and the mermaid princess said she wanted human legs."
734,4095,1,10,57,68,1.1764705882352942,0.051069236647683494,665,They're easy to capture with an adjustable-rate mortgage.
754,4095,1,10,57,68,1.1764705882352942,0.051069236647683494,665,Yeah I guess I'll miss him after I eat him.
803,4095,4,4,60,68,1.1764705882352942,0.06264991316913528,665,I got the massage and lunch combo.
850,4095,3,6,59,68,1.1764705882352942,0.05904261221631226,665,"You see, dogs aren't the only ones that can do this trick."
873,4095,1,10,57,68,1.1764705882352942,0.051069236647683494,665,"I should have listened when Grandpa told me, 'Go deep young shark.'"
885,4095,3,6,59,68,1.1764705882352942,0.05904261221631226,665,I prefer breast meet.
573,4095,3,6,59,68,1.1764705882352942,0.05904261221631226,665,This generation really needs a Jaws remake.
899,4095,0,12,56,68,1.1764705882352942,0.04657344059657538,665,I've been under a lot of pressure lately.
972,4095,1,10,57,68,1.1764705882352942,0.051069236647683494,665,As my sponsor can you help me with how to react or handle this situation? The urge to eat him is so strong.
984,4095,1,10,57,68,1.1764705882352942,0.051069236647683494,665,It's like Uber but in the ocean.
1022,4095,2,8,58,68,1.1764705882352942,0.055200076943347304,665,I'm working part time for Uber Eats
1067,4095,2,8,58,68,1.1764705882352942,0.055200076943347304,665,"So Nicole, do you want to share some lunch ?"
1116,4095,1,10,57,68,1.1764705882352942,0.051069236647683494,665,Shark obedience school
1124,4095,2,8,58,68,1.1764705882352942,0.055200076943347304,665,"I don't like this ""gig economy"" thing as much as I thought I would."
2832,4095,2,8,58,68,1.1764705882352942,0.055200076943347304,665,"Eh, I already ate his sister, so I'll leave this one alone."
1180,4095,2,8,58,68,1.1764705882352942,0.055200076943347304,665,I took a bite out of his surfboard. It was expensive.
1224,4095,0,12,56,68,1.1764705882352942,0.04657344059657538,665,They had to evolve....
1240,4095,0,12,56,68,1.1764705882352942,0.04657344059657538,665,"What, the legal intern? Just getting his feet wet."
1307,4095,3,6,59,68,1.1764705882352942,0.05904261221631226,665,"I found the legs to unappetizing, but know you'll eat anything!"
928,4095,2,8,58,68,1.1764705882352942,0.055200076943347304,665,"Do you believe in global warming now?"" - R shar"
1348,4095,2,8,58,68,1.1764705882352942,0.055200076943347304,665,I told you the stand-up comics are going to the sharks.
555,4095,1,10,57,68,1.1764705882352942,0.051069236647683494,665,I't's called Human yoga. We used to just eat them.
543,4095,1,10,57,68,1.1764705882352942,0.051069236647683494,665,"SoCal is getting so expensive they can't afford surfboards anymore."""
62,4095,0,12,56,68,1.1764705882352942,0.04657344059657538,665,I'd rather have a monkey on my back.
72,4095,1,10,57,68,1.1764705882352942,0.051069236647683494,665,Wait! Look at the surprise on his face.
81,4095,2,8,58,68,1.1764705882352942,0.055200076943347304,665,This overcrowding has got to stop.
111,4095,1,10,57,68,1.1764705882352942,0.051069236647683494,665,"Don't you just hate it, when people walk all over you"
116,4095,2,8,58,68,1.1764705882352942,0.055200076943347304,665,Terry swears they’re more tender when they don’t see it coming.
156,4095,1,10,57,68,1.1764705882352942,0.051069236647683494,665,The wife's busy. She told me to pick up delivery on the way home.
161,4095,1,10,57,68,1.1764705882352942,0.051069236647683494,665,"Dinner to go is convenient, but it has its negatives."
198,4095,0,12,56,68,1.1764705882352942,0.04657344059657538,665,I love those oriental foot massages
200,4095,0,12,56,68,1.1764705882352942,0.04657344059657538,665,I don't enjoy this whole 'let's change our image' thing.
205,4095,2,8,58,68,1.1764705882352942,0.055200076943347304,665,Little help?
261,4095,0,12,56,68,1.1764705882352942,0.04657344059657538,665,He says he's a Finn.
548,4095,1,10,57,68,1.1764705882352942,0.051069236647683494,665,This new device gives me outside 360 degree vision.
266,4095,2,8,58,68,1.1764705882352942,0.055200076943347304,665,Right or left?
283,4095,3,6,59,68,1.1764705882352942,0.05904261221631226,665,You can take the legs. Save the breast for me.
317,4095,2,8,58,68,1.1764705882352942,0.055200076943347304,665,"No,you cant keep him"
359,4095,1,10,57,68,1.1764705882352942,0.051069236647683494,665,Being in the gig economy sure beats chasing fish all day.
367,4095,2,8,58,68,1.1764705882352942,0.055200076943347304,665,Show your fin again; I want a real deep-tissue massage.
370,4095,4,4,60,68,1.1764705882352942,0.06264991316913528,665,Flip a doubloon?
386,4095,2,8,58,68,1.1764705882352942,0.055200076943347304,665,You’ve got to be careful. They often mistake us for surfboards.
476,4095,1,10,57,68,1.1764705882352942,0.051069236647683494,665,I'm bringing dinner to my in-laws'. I figured I'd bring fresh food.
483,4095,2,8,58,68,1.1764705882352942,0.055200076943347304,665,"Yes sir, would you like tonight’s hor doevre? We call it “lower half.”"
518,4095,2,8,58,68,1.1764705882352942,0.055200076943347304,665,I’ m just working for SCUBER  until I get my degree
533,4095,2,8,58,68,1.1764705882352942,0.055200076943347304,665,The monkey on my back has evolved.
539,4095,0,12,56,68,1.1764705882352942,0.04657344059657538,665,I doubt he's seen Jaws.
281,4095,0,12,56,68,1.1764705882352942,0.04657344059657538,665,300 hours of court ordered community service.
1371,4095,1,10,57,68,1.1764705882352942,0.051069236647683494,665,I’m saving him for a snack.
1364,4095,2,8,58,68,1.1764705882352942,0.055200076943347304,665,"I know it looks stupid, but working for Under helps me
 put more fish on the table."
2126,4095,1,10,57,68,1.1764705882352942,0.051069236647683494,665,Lunch delivery for Mr. Fin.
2018,4095,3,6,59,68,1.1764705882352942,0.05904261221631226,665,I'm not convinced about becoming the new luxury inflatable pool toy.
2085,4095,3,6,59,68,1.1764705882352942,0.05904261221631226,665,"But mom, I like to play with my food!"
1376,4095,3,6,59,68,1.1764705882352942,0.05904261221631226,665,"I'm afraid, if his phone has GPS they can track me down to wherever."
2156,4095,1,10,57,68,1.1764705882352942,0.051069236647683494,665,You ever have one of these?
2217,4095,2,8,58,68,1.1764705882352942,0.055200076943347304,665,you mean he isnt a remora?
2264,4095,1,10,57,68,1.1764705882352942,0.051069236647683494,665,I'm not falling for it again.
2300,4095,1,10,57,68,1.1764705882352942,0.051069236647683494,665,It's a new form of water aerobics.
2335,4095,1,10,57,68,1.1764705882352942,0.051069236647683494,665,He's looking for a pair of fins. Any interest?
2355,4095,1,10,57,68,1.1764705882352942,0.051069236647683494,665,The invitation said “potluck.”
2375,4095,1,10,57,68,1.1764705882352942,0.051069236647683494,665,Is this what they mean about being a Good Samaritan?
2009,4095,2,8,58,68,1.1764705882352942,0.055200076943347304,665,What would Beavis and Butthead do?
2376,4095,1,10,57,68,1.1764705882352942,0.051069236647683494,665,I haven't been eating between meals.
2419,4095,1,10,57,68,1.1764705882352942,0.051069236647683494,665,Are you going to tell him or shall I?
2435,4095,2,8,58,68,1.1764705882352942,0.055200076943347304,665,"Hey, Gaga wore the meat dress."
2480,4095,1,10,57,68,1.1764705882352942,0.051069236647683494,665,My back is itchy
2498,4095,2,8,58,68,1.1764705882352942,0.055200076943347304,665,So who's the Great White these days?
2505,4095,2,8,58,68,1.1764705882352942,0.055200076943347304,665,‘It just goes with being a dogfish.’
2518,4095,1,10,57,68,1.1764705882352942,0.051069236647683494,665,What? It's surge pricing.
2531,4095,2,8,58,68,1.1764705882352942,0.055200076943347304,665,Sea World scout.
2547,4095,2,8,58,68,1.1764705882352942,0.055200076943347304,665,You’re welcome to the top half first.
2550,4095,2,8,58,68,1.1764705882352942,0.055200076943347304,665,He's realigning my spine.
2581,4095,3,6,59,68,1.1764705882352942,0.05904261221631226,665,You call Uber eats?
2649,4095,4,4,60,68,1.1764705882352942,0.06264991316913528,665,I am a breast man.
2585,4095,1,10,57,68,1.1764705882352942,0.051069236647683494,665,It's the latest trend in extreme sports.
1985,4095,3,6,59,68,1.1764705882352942,0.05904261221631226,665,"Yes, I would...but I’m also ticklish.."
1956,4095,1,10,57,68,1.1764705882352942,0.051069236647683494,665,I don't have the heart to tell him that he is going to be dinner.
2777,4095,2,8,58,68,1.1764705882352942,0.055200076943347304,665,"Yeah, I signed up with Ocean Uber."
2773,4095,3,6,59,68,1.1764705882352942,0.05904261221631226,665,This helps me get a LOT closer.
1496,4095,0,12,56,68,1.1764705882352942,0.04657344059657538,665,I think it helps our image.
1503,4095,1,10,57,68,1.1764705882352942,0.051069236647683494,665,He promised I could be in his movie.
1508,4095,0,12,56,68,1.1764705882352942,0.04657344059657538,665,"Yeah, but he gives me five stars."
1513,4095,0,12,56,68,1.1764705882352942,0.04657344059657538,665,"To make matters worse, his feet smell!"
1519,4095,2,8,58,68,1.1764705882352942,0.055200076943347304,665,He’s practicing for the Sea World Follies.
1523,4095,1,10,57,68,1.1764705882352942,0.051069236647683494,665,We are waiting for the big wave.
1564,4095,1,10,57,68,1.1764705882352942,0.051069236647683494,665,These back massages don't last long enough!
1595,4095,2,8,58,68,1.1764705882352942,0.055200076943347304,665,What did you do with rest of him?
1966,4095,2,8,58,68,1.1764705882352942,0.055200076943347304,665,He's my snack for later.
2719,4095,2,8,58,68,1.1764705882352942,0.055200076943347304,665,Their regular Uber drivers are on strike.
1710,4095,2,8,58,68,1.1764705882352942,0.055200076943347304,665,Dinner AND toothpicks.
1717,4095,1,10,57,68,1.1764705882352942,0.051069236647683494,665,I’m moonlighting as a water UBER. Ocean times are tougher than ever.
2712,4095,1,10,57,68,1.1764705882352942,0.051069236647683494,665,"He's been taking a selfie for the past twenty minutes, can't really move until he does."
1724,4095,0,12,56,68,1.1764705882352942,0.04657344059657538,665,His profile said that he was a shark in the boardroom.
1783,4095,2,8,58,68,1.1764705882352942,0.055200076943347304,665,If Shorty appears kiss him.
1798,4095,3,6,59,68,1.1764705882352942,0.05904261221631226,665,And this dude calls himself a surfer.
1819,4095,1,10,57,68,1.1764705882352942,0.051069236647683494,665,I’m allergic to sunblock.  Bon appetit.
1939,4095,3,6,59,68,1.1764705882352942,0.05904261221631226,665,As fishing lures go... this is the best bobber yet.
2678,4095,4,4,60,68,1.1764705882352942,0.06264991316913528,665,Feetish massage.  Yummy.
1951,4095,1,10,57,68,1.1764705882352942,0.051069236647683494,665,"He tips well"""
1688,4095,2,8,58,68,1.1764705882352942,0.055200076943347304,665,"It's called professional courtesy, that's  Jeopardy champ James Holzhauer"
2591,4095,2,8,58,68,1.1764705882352942,0.055200076943347304,665,This poor loser thinks he’s on dry land.
1816,4321,1,10,58,69,1.173913043478261,0.050388608077731906,665,Fetish? I thought you said feetfish.
6135,4321,0,12,57,69,1.173913043478261,0.045964707814863004,665,Uber in Florida in 2050.
6227,4321,2,8,59,69,1.173913043478261,0.054454286181317355,665,"Damn...I wish! But we can’t. Remember, we’re doing keto this week!"
6307,4321,2,8,59,69,1.173913043478261,0.054454286181317355,665,He needs to learn how to be a five-star passenger.
1645,4321,1,10,58,69,1.173913043478261,0.050388608077731906,665,He’s holding me down. I’m very bloated.
1709,4321,3,6,60,69,1.173913043478261,0.0582368160446839,665,I feel like hrs just treading water. Should I just cut him off?
5878,4321,2,8,59,69,1.173913043478261,0.054454286181317355,665,I know! I know! I lost a bet!
1517,4321,0,12,57,69,1.173913043478261,0.045964707814863004,665,I'm just heading out for a quick bite.
5572,4321,1,10,58,69,1.173913043478261,0.050388608077731906,665,It's an alpha male test.
2309,4321,2,8,59,69,1.173913043478261,0.054454286181317355,665,You know ice cream sales are up this month
4538,4321,2,8,59,69,1.173913043478261,0.054454286181317355,665,Here is your UberEats delivery sir.
3986,4321,1,10,58,69,1.173913043478261,0.050388608077731906,665,Is this your first order from UberEats?
3401,4321,2,8,59,69,1.173913043478261,0.054454286181317355,665,‘Sup
1285,4321,0,12,57,69,1.173913043478261,0.045964707814863004,665,I’m gonna need a bigger stomach.
2212,4321,2,8,59,69,1.173913043478261,0.054454286181317355,665,I'm getting tired of this 'professional courtesy' thing -  he's my next meal.
2598,4321,1,10,58,69,1.173913043478261,0.050388608077731906,665,I prefer to carry my lunch.
3324,4321,3,6,60,69,1.173913043478261,0.0582368160446839,665,I'm saving him for tea time.
2850,4321,3,6,60,69,1.173913043478261,0.0582368160446839,665,"It's a quick hundo, so they can tell their friends they know how to water ski."
2687,4321,2,8,59,69,1.173913043478261,0.054454286181317355,665,I turned vegan.
5493,4321,1,10,58,69,1.173913043478261,0.050388608077731906,665,I broke his surfboard.
1265,4321,1,10,58,69,1.173913043478261,0.050388608077731906,665,So he insisted I'm the Lyft he ordered.
5174,4321,2,8,59,69,1.173913043478261,0.054454286181317355,665,And they say Shark Fin hunting is illegal.
858,4321,3,6,60,69,1.173913043478261,0.0582368160446839,665,I have this kink in my cartilage.
196,4321,0,12,57,69,1.173913043478261,0.045964707814863004,665,"Hey man, watch this trick."
821,4321,1,10,58,69,1.173913043478261,0.050388608077731906,665,"Of the barefoot massage doesn't do any good, I know he'll make good sushi."
1029,4321,1,10,58,69,1.173913043478261,0.050388608077731906,665,"I sim for uber a
few"
827,4321,1,10,58,69,1.173913043478261,0.050388608077731906,665,This ride-sharing gig I signed up for isn’t paying the dividends I expected.
825,4321,1,10,58,69,1.173913043478261,0.050388608077731906,665,Can I get a doggie shark baggie for the bottom half?
376,4349,0,12,58,70,1.1714285714285715,0.04537138476459545,665,"If he gets away, he'll need arch supports."
3705,4349,1,10,59,70,1.1714285714285715,0.0497256596779289,665,What do you want? It's my midnight snack.
706,4351,3,6,62,71,1.1690140845070423,0.056689047316896064,665,It's camp
3626,4352,1,9,56,66,1.1666666666666667,0.05101913957479687,665,The monkey on my back evolved.
3864,4352,1,9,56,66,1.1666666666666667,0.05101913957479687,665,Talk about being drunk to the gills.
3860,4352,0,11,55,66,1.1666666666666667,0.04622501635210244,665,Go ahead and munch.  They taste like chicken!
3858,4352,2,7,57,66,1.1666666666666667,0.05539993744719456,665,Please tell me it’s not an white man.
3836,4352,3,5,58,66,1.1666666666666667,0.05945883900105632,665,"No need for a credit card, we have that on file!  Enjoy your dinner!"
3879,4352,2,7,57,66,1.1666666666666667,0.05539993744719456,665,It does not weigh as much on your conscience if it’s happy meat.
3747,4352,2,7,57,66,1.1666666666666667,0.05539993744719456,665,I was going to eat him but it’s a waist.
3715,4352,2,7,57,66,1.1666666666666667,0.05539993744719456,665,"Enough is enough! If you don't eat him, I will!"
3667,4352,2,7,57,66,1.1666666666666667,0.05539993744719456,665,It’s Sir Isaac Newton. He thinks I’m a giant.
3651,4352,1,9,56,66,1.1666666666666667,0.05101913957479687,665,"You want to tell him I'm not his surfboard, or should I?"
3759,4352,0,11,55,66,1.1666666666666667,0.04622501635210244,665,I said we'd split dinner. I got my half - Yours seems to have swum away... Sorry.
3756,4352,2,7,57,66,1.1666666666666667,0.05539993744719456,665,Doesn’t he know I’m a lemon?
3956,4352,1,9,56,66,1.1666666666666667,0.05101913957479687,665,"And it's Miami Beach so he's still paying $6,000 a month"
3606,4352,2,7,57,66,1.1666666666666667,0.05539993744719456,665,I'm making Uber money...carol wants a fin job
3997,4352,0,11,55,66,1.1666666666666667,0.04622501635210244,665,I'm really not a fan of body-surfing
4017,4352,2,7,57,66,1.1666666666666667,0.05539993744719456,665,"Remember, we talked about sharing. I'll slowly dro..."
4040,4352,1,9,56,66,1.1666666666666667,0.05101913957479687,665,Stop circling and do me and the rest of the world a favor!”
4064,4352,2,7,57,66,1.1666666666666667,0.05539993744719456,665,"We could have him for lunch, but then Uber might fire me."
4073,4352,2,7,57,66,1.1666666666666667,0.05539993744719456,665,Want to try a leg of lamb?
4087,4352,0,11,55,66,1.1666666666666667,0.04622501635210244,665,My father always told me I was a shoe.
4201,4352,1,9,56,66,1.1666666666666667,0.05101913957479687,665,It's a useful prop.
4216,4352,1,9,56,66,1.1666666666666667,0.05101913957479687,665,I like a little ashiatsu before lunch.
4228,4352,2,7,57,66,1.1666666666666667,0.05539993744719456,665,I call it UUber;  Underwater Uber.
4267,4352,1,9,56,66,1.1666666666666667,0.05101913957479687,665,"I know I should bite his leg off, and I will as soon as he’s finished this amazing massage."
4275,4352,1,9,56,66,1.1666666666666667,0.05101913957479687,665,So you're the left shark that messed everything up at the Superbowl huh?  Humans are still riding this four years later...
4314,4352,2,7,57,66,1.1666666666666667,0.05539993744719456,665,It's the new Uber and it doesn't matter if the riders disappear.
4361,4352,3,5,58,66,1.1666666666666667,0.05945883900105632,665,Professional courtesy - he
3886,4352,0,11,55,66,1.1666666666666667,0.04622501635210244,665,"The only parascope  I could find, on short notice."
3604,4352,1,9,56,66,1.1666666666666667,0.05101913957479687,665,Here's your Uber Eats lunch delivery.
3558,4352,2,7,57,66,1.1666666666666667,0.05539993744719456,665,The remora has the weekend off.
3577,4352,2,7,57,66,1.1666666666666667,0.05539993744719456,665,It's a stupid human trick.
2845,4352,1,9,56,66,1.1666666666666667,0.05101913957479687,665,Ready to do the aquatic surprise routine on the count of three?
2892,4352,3,5,58,66,1.1666666666666667,0.05945883900105632,665,He want  me to pick up another.  Invite the family over for dinner.
2918,4352,0,11,55,66,1.1666666666666667,0.04622501635210244,665,He thinks he is standing on a shark.
2956,4352,1,9,56,66,1.1666666666666667,0.05101913957479687,665,"Uber, what about you?"
2978,4352,2,7,57,66,1.1666666666666667,0.05539993744719456,665,"Don't give me that look, it's just my side hustle."
2992,4352,1,9,56,66,1.1666666666666667,0.05101913957479687,665,"They told him not to walk on the reef, but he didn’t listen. Boy is he going to be sorry!"
3049,4352,1,9,56,66,1.1666666666666667,0.05101913957479687,665,"Since Shamu retired, I’ve been working on a ‘Jaws’ theme idea."
3064,4352,1,9,56,66,1.1666666666666667,0.05101913957479687,665,I think at this point it's too late to ask their name.
3127,4352,2,7,57,66,1.1666666666666667,0.05539993744719456,665,You’d think we would get at least a third of the money.
3135,4352,4,3,59,66,1.1666666666666667,0.06325783747136794,665,"It's called fashion, Carl."
3136,4352,1,9,56,66,1.1666666666666667,0.05101913957479687,665,What? I've always wanted to be in someone's selfie.
3158,4352,1,9,56,66,1.1666666666666667,0.05101913957479687,665,I told you to pack your own lunch
3189,4352,1,9,56,66,1.1666666666666667,0.05101913957479687,665,"I promised him a short ride for a few fish, but he won’t get off!"
3208,4352,0,11,55,66,1.1666666666666667,0.04622501635210244,665,This is how Uber got started.
3300,4352,1,9,56,66,1.1666666666666667,0.05101913957479687,665,Climate change.
3310,4352,2,7,57,66,1.1666666666666667,0.05539993744719456,665,That “Baby Shark” song has really ruined our reputation.
3355,4352,0,11,55,66,1.1666666666666667,0.04622501635210244,665,I could eat.
3385,4352,2,7,57,66,1.1666666666666667,0.05539993744719456,665,Should  I call his bluff?
3390,4352,3,5,58,66,1.1666666666666667,0.05945883900105632,665,We only charge for a one-way ride
3398,4352,2,7,57,66,1.1666666666666667,0.05539993744719456,665,"I heard someone yell out, ""Jesus!"""
3416,4352,2,7,57,66,1.1666666666666667,0.05539993744719456,665,"If 'Jaws' could make it big, why can't 'Upper Back?'"
3418,4352,2,7,57,66,1.1666666666666667,0.05539993744719456,665,He told me his name was Remora.
3437,4352,1,9,56,66,1.1666666666666667,0.05101913957479687,665,"Okay, so what’d a great white do?"
3456,4352,1,9,56,66,1.1666666666666667,0.05101913957479687,665,Is this bro trying to do “ toes on the nose” board tricks?
3460,4352,2,7,57,66,1.1666666666666667,0.05539993744719456,665,"Who should break it to him, you or I?"
3510,4352,1,9,56,66,1.1666666666666667,0.05101913957479687,665,"Don’t be embarrassed man, everyone’s  working for a rideshare these days."
3531,4352,1,9,56,66,1.1666666666666667,0.05101913957479687,665,It's distantly related to having a monkey on your back.
4402,4352,2,7,57,66,1.1666666666666667,0.05539993744719456,665,Long story short: he pulled a thorn out of my paw.
3574,4352,1,9,56,66,1.1666666666666667,0.05101913957479687,665,My doctor put me on a no-Republican diet
3583,4352,2,7,57,66,1.1666666666666667,0.05539993744719456,665,He's insisting I nibble on his feet — something about a pedicure.
4451,4352,1,9,56,66,1.1666666666666667,0.05101913957479687,665,"OK, we can share, but he's kinda skinny so I get the first bite."
4550,4352,0,11,55,66,1.1666666666666667,0.04622501635210244,665,"But when you're a Jet, you're a Jet all the way."
4508,4352,3,5,58,66,1.1666666666666667,0.05945883900105632,665,I’m waiting tables until I hear back about that role I’m up for in the next “Jaws” sequel
5471,4352,2,7,57,66,1.1666666666666667,0.05539993744719456,665,It’s pronounced “ah-shee-at-soo”
5515,4352,0,11,55,66,1.1666666666666667,0.04622501635210244,665,Go ahead! It's a chewable life vest.
5539,4352,1,9,56,66,1.1666666666666667,0.05101913957479687,665,"I love him, but I'm tired of doing all the heavy lifting in our relationship"
5606,4352,1,9,56,66,1.1666666666666667,0.05101913957479687,665,He’ll be fine. I prefer Manhattan Chowder over New England.
5639,4352,1,9,56,66,1.1666666666666667,0.05101913957479687,665,"If he yells 'Cowabunga' one more time, I'm quitting."
5648,4352,1,9,56,66,1.1666666666666667,0.05101913957479687,665,I see this as a glass half empty/glass half full dilemma.
5651,4352,1,9,56,66,1.1666666666666667,0.05101913957479687,665,I can't eat him. I need the five star reviews.
5688,4352,1,9,56,66,1.1666666666666667,0.05101913957479687,665,Have you seen my saddle?
5813,4352,2,7,57,66,1.1666666666666667,0.05539993744719456,665,Shark yoga. Beats chasing seals for a living.
5847,4352,1,9,56,66,1.1666666666666667,0.05101913957479687,665,"You know the old saying, Monkey on your back?"
5887,4352,1,9,56,66,1.1666666666666667,0.05101913957479687,665,"I know we don't normally get aggressive, but this guy is pissing me off."
5929,4352,0,11,55,66,1.1666666666666667,0.04622501635210244,665,"Humans are friends, not food."
5970,4352,0,11,55,66,1.1666666666666667,0.04622501635210244,665,"I was always told that we were on top of the food 
chain."
5439,4352,1,9,56,66,1.1666666666666667,0.05101913957479687,665,He thinks he's a remora.
5982,4352,2,7,57,66,1.1666666666666667,0.05539993744719456,665,Like my new hood ornament?
5996,4352,0,11,55,66,1.1666666666666667,0.04622501635210244,665,Let’s take a deep dive and see if he can tread water.
6012,4352,0,11,55,66,1.1666666666666667,0.04622501635210244,665,"Back off, I’m his surf board!"
6046,4352,1,9,56,66,1.1666666666666667,0.05101913957479687,665,Have you ever lost your appetite for no good reason?
6059,4352,0,11,55,66,1.1666666666666667,0.04622501635210244,665,He’s looking for investors
6060,4352,2,7,57,66,1.1666666666666667,0.05539993744719456,665,"It’s called Ashiatsu, a Japanese form of deep tissue foot massage, seeking to balance the yin and the yang.."
6104,4352,2,7,57,66,1.1666666666666667,0.05539993744719456,665,Let's do lunch—the treat's on me!
6162,4352,3,5,58,66,1.1666666666666667,0.05945883900105632,665,My chiropractor recommended it.
6238,4352,3,5,58,66,1.1666666666666667,0.05945883900105632,665,I liked it better when they were afraid of us.
6264,4352,0,11,55,66,1.1666666666666667,0.04622501635210244,665,"It's a new form of massage...""Shiarktsu"""
6279,4352,2,7,57,66,1.1666666666666667,0.05539993744719456,665,"I am Aquaman’s personal chauffeur, not an Uber driver."
6286,4352,0,11,55,66,1.1666666666666667,0.04622501635210244,665,I know this is beneath me but Spielberg promised me a SAG card.
6295,4352,0,11,55,66,1.1666666666666667,0.04622501635210244,665,"Ok, I know the Sharks aren't the killers we think they are campaign is working well, but this is taking out too far."
6308,4352,2,7,57,66,1.1666666666666667,0.05539993744719456,665,But the water is warmer over here.
5993,4352,0,11,55,66,1.1666666666666667,0.04622501635210244,665,I wish he'd get off my back about Shark Week.
4470,4352,2,7,57,66,1.1666666666666667,0.05539993744719456,665,I'm an Uber Diver now.
5422,4352,2,7,57,66,1.1666666666666667,0.05539993744719456,665,Of course I'm chagrined.
5379,4352,1,9,56,66,1.1666666666666667,0.05101913957479687,665,Never bet someone who bets a shark!
4523,4352,1,9,56,66,1.1666666666666667,0.05101913957479687,665,You want my leftovers?
2814,4352,0,11,55,66,1.1666666666666667,0.04622501635210244,665,He's pretty scrawny but I think he'll go well with tilapia.
4554,4352,2,7,57,66,1.1666666666666667,0.05539993744719456,665,God I wish I was a piranha!
4571,4352,0,11,55,66,1.1666666666666667,0.04622501635210244,665,He's such a dick.
4593,4352,2,7,57,66,1.1666666666666667,0.05539993744719456,665,I hope he's a good tipper.
4603,4352,0,11,55,66,1.1666666666666667,0.04622501635210244,665,"The trick is not to rush.  Soon, more will come."
4675,4352,1,9,56,66,1.1666666666666667,0.05101913957479687,665,He’s my service human.
4738,4352,1,9,56,66,1.1666666666666667,0.05101913957479687,665,It's a new Uber service. Helps pay the bills.
4749,4352,1,9,56,66,1.1666666666666667,0.05101913957479687,665,"When I was told that I was going surfing, this was not what I had in mind."
4752,4352,1,9,56,66,1.1666666666666667,0.05101913957479687,665,I feel bad for surfboards.
4773,4352,1,9,56,66,1.1666666666666667,0.05101913957479687,665,I'm always on the lookout for a balanced meal.
4860,4352,0,11,55,66,1.1666666666666667,0.04622501635210244,665,I thought volunteer work would be easy
4866,4352,1,9,56,66,1.1666666666666667,0.05101913957479687,665,"The koi say it’s big where they’re from, but frankly I’m just not feeling it."
5416,4352,0,11,55,66,1.1666666666666667,0.04622501635210244,665,He's showing me how to be an apex predator.
4887,4352,3,5,58,66,1.1666666666666667,0.05945883900105632,665,Uber is expanding again.
4980,4352,3,5,58,66,1.1666666666666667,0.05945883900105632,665,"Before I rectify this situation, doesn’t it remind you of the old shark-lawyer-professional courtesy joke?"
4985,4352,1,9,56,66,1.1666666666666667,0.05101913957479687,665,It was only supposed to be a part time gig.
5009,4352,2,7,57,66,1.1666666666666667,0.05539993744719456,665,"They're calling it ""sharking."""
5034,4352,0,11,55,66,1.1666666666666667,0.04622501635210244,665,"Coming unprepared to the Shark Tank, yet expecting help?
He’ll soon not have a leg to stand on!"
5040,4352,0,11,55,66,1.1666666666666667,0.04622501635210244,665,"HEAVY meal ahead!"""
5061,4352,2,7,57,66,1.1666666666666667,0.05539993744719456,665,"Not yet, I’m waiting till he turns 18."
5090,4352,2,7,57,66,1.1666666666666667,0.05539993744719456,665,"Is it me, or do they seem preoccupied lately ?
Kevin Collins, Cleveland, Ohio"
5125,4352,2,7,57,66,1.1666666666666667,0.05539993744719456,665,"All odds aside, this guy is pushing it."
5133,4352,4,3,59,66,1.1666666666666667,0.06325783747136794,665,"It's the new rideshare, 'Unter'."
5137,4352,1,9,56,66,1.1666666666666667,0.05101913957479687,665,"Don’t move, looks like you’ve picked up a parasite"
5168,4352,3,5,58,66,1.1666666666666667,0.05945883900105632,665,He’s ours! Just play good carp.. ..bad carp
5344,4352,3,5,58,66,1.1666666666666667,0.05945883900105632,665,"""My mother tried to explain 'hubris' to me. 
The only thing I understood was that you can't eat it."""
5369,4352,0,11,55,66,1.1666666666666667,0.04622501635210244,665,These mandatory lunch breaks are killing me.
4908,4352,1,9,56,66,1.1666666666666667,0.05101913957479687,665,"He's my therapist. Weird as it sounds, my back does feel better."
2776,4352,0,11,55,66,1.1666666666666667,0.04622501635210244,665,Uber Swim. Just doin’ it a bit on weekends.
4913,4352,1,9,56,66,1.1666666666666667,0.05101913957479687,665,First picture of Uber's expansion into ocean travel.
2688,4352,1,9,56,66,1.1666666666666667,0.05101913957479687,665,Some people will  do anything to walk on water
749,4352,1,9,56,66,1.1666666666666667,0.05101913957479687,665,I’m a wildly successful UberEats driver.
799,4352,2,7,57,66,1.1666666666666667,0.05539993744719456,665,He's going to need a bigger floatie.
851,4352,1,9,56,66,1.1666666666666667,0.05101913957479687,665,I saved the chriropractor for dessert!
879,4352,2,7,57,66,1.1666666666666667,0.05539993744719456,665,"The Return of Jaws: ""Man, Just get off my head! I'm not a surfboard!"""
918,4352,0,11,55,66,1.1666666666666667,0.04622501635210244,665,I'm starting a ceding frenzy.
927,4352,1,9,56,66,1.1666666666666667,0.05101913957479687,665,I wish he would replace his surfboard so I could taste a new one.
956,4352,1,9,56,66,1.1666666666666667,0.05101913957479687,665,I signed up for Lyft and Uber.
981,4352,1,9,56,66,1.1666666666666667,0.05101913957479687,665,I keep telling him he's going to need a bigger shark.
985,4352,1,9,56,66,1.1666666666666667,0.05101913957479687,665,How long are you gonna make me balance this before I can eat it?
1087,4352,1,9,56,66,1.1666666666666667,0.05101913957479687,665,"Ya, it’s a pain but it pays the rent."
1099,4352,2,7,57,66,1.1666666666666667,0.05539993744719456,665,I thought we could use this part like a wish bone.
744,4352,3,5,58,66,1.1666666666666667,0.05945883900105632,665,Uber Sharking needs to implement a better dress code
1100,4352,1,9,56,66,1.1666666666666667,0.05101913957479687,665,"If you know a better way to get these kinks out, I'd like to hear it."
1159,4352,1,9,56,66,1.1666666666666667,0.05101913957479687,665,Shark Week keeps me downtrodden. I don't get it.
1165,4352,2,7,57,66,1.1666666666666667,0.05539993744719456,665,I'm waiting patiently for him to jump the shark.
1172,4352,1,9,56,66,1.1666666666666667,0.05101913957479687,665,"If my agent doesn't upgrade me from this carnival show to a Shark Week spot, I'm going to eat him alive."
1174,4352,1,9,56,66,1.1666666666666667,0.05101913957479687,665,"I've had a heavy day, I'm not in the mood!"
1197,4352,1,9,56,66,1.1666666666666667,0.05101913957479687,665,If can’t eat’m enjoy’m
1255,4352,1,9,56,66,1.1666666666666667,0.05101913957479687,665,"Missed. 
Got the surf board
Have you seen him?"
1258,4352,3,5,58,66,1.1666666666666667,0.05945883900105632,665,I'm not in a play. I have to really break a leg.
1264,4352,1,9,56,66,1.1666666666666667,0.05101913957479687,665,I like his spunk.
1269,4352,1,9,56,66,1.1666666666666667,0.05101913957479687,665,"After I passed the Uber background check, I figured why not?  He better give me 5 stars."
1294,4352,1,9,56,66,1.1666666666666667,0.05101913957479687,665,"I know, but he needed help keeping his head above water."
1345,4352,2,7,57,66,1.1666666666666667,0.05539993744719456,665,"Hi, I’m your Uber"
1143,4352,2,7,57,66,1.1666666666666667,0.05539993744719456,665,"It's called 'human yoga'."""
717,4352,1,9,56,66,1.1666666666666667,0.05101913957479687,665,I’m elevating my cuisine.
689,4352,2,7,57,66,1.1666666666666667,0.05539993744719456,665,I'm Shark Weak
678,4352,1,9,56,66,1.1666666666666667,0.05101913957479687,665,"What did you want me to do, they ran out of doggy bags?!"
2772,4352,2,7,57,66,1.1666666666666667,0.05539993744719456,665,Get it off! Get it off! It's so disgusting...any moment it's gonna drop plastic trash on me.
6312,4352,1,10,61,72,1.1666666666666667,0.048450158311150925,665,"I'm not distracted, I've just got a lot on my mind."
3710,4352,3,6,63,72,1.1666666666666667,0.05594542388644594,665,"He plays a great ""Jaws"" theme on his tuba."
1627,4352,2,8,62,72,1.1666666666666667,0.05233215213522994,665,"If he doesn't get off, I'm joining the Sharknado."
568,4352,1,11,66,78,1.1666666666666667,0.04622501635210242,665,lets show him some real shark fin soup
25,4352,1,9,56,66,1.1666666666666667,0.05101913957479687,665,Let him get his damn selfie first.
99,4352,0,11,55,66,1.1666666666666667,0.04622501635210244,665,"...it’s a reliable gig, two days a week."
101,4352,1,9,56,66,1.1666666666666667,0.05101913957479687,665,I picked the wrong week to go vegan.
189,4352,0,11,55,66,1.1666666666666667,0.04622501635210244,665,They must have over-estimated the Mariana Trench
190,4352,0,11,55,66,1.1666666666666667,0.04622501635210244,665,I’ll eat him after he straightens out my back.
191,4352,1,9,56,66,1.1666666666666667,0.05101913957479687,665,"Thing is, he knows if I stop I'll die."
201,4352,1,9,56,66,1.1666666666666667,0.05101913957479687,665,It’s the new “functional fitness” trend
243,4352,2,7,57,66,1.1666666666666667,0.05539993744719456,665,Working for Scuber in early retirement.
284,4352,4,3,59,66,1.1666666666666667,0.06325783747136794,665,"I'm introducing a new ride sharing service called ""Unter."""
285,4352,2,7,57,66,1.1666666666666667,0.05539993744719456,665,"He thinks I'm a rock. A rock! Judy, do I look like a rock to you?"
302,4352,1,9,56,66,1.1666666666666667,0.05101913957479687,665,I lost my appetite at Sea World.
418,4352,2,7,57,66,1.1666666666666667,0.05539993744719456,665,It scares the locals less than the fin.
422,4352,0,11,55,66,1.1666666666666667,0.04622501635210244,665,"Ever since I stopped eating them, I get the best massages."
441,4352,0,11,55,66,1.1666666666666667,0.04622501635210244,665,Delivery in 30 minutes or it's free!
480,4352,1,9,56,66,1.1666666666666667,0.05101913957479687,665,Only if I get the top half.
496,4352,2,7,57,66,1.1666666666666667,0.05539993744719456,665,We just cut off the legs and make a soup out of it.
525,4352,0,11,55,66,1.1666666666666667,0.04622501635210244,665,I’m saving that for snack.
557,4352,0,11,55,66,1.1666666666666667,0.04622501635210244,665,"My doctor said I had high cholesterol, so I’ve had to go vegan."
585,4352,1,9,56,66,1.1666666666666667,0.05101913957479687,665,This is the closest he gets to owning sharkskin boots.
634,4352,0,11,55,66,1.1666666666666667,0.04622501635210244,665,This Uber gig is not good for my back.
1402,4352,2,7,57,66,1.1666666666666667,0.05539993744719456,665,I just wish he'd get off my back.
1409,4352,1,9,56,66,1.1666666666666667,0.05101913957479687,665,I  wish he would jump this shark now.
151,4352,2,7,57,66,1.1666666666666667,0.05539993744719456,665,"No, it’s not a wishbone!"
1426,4352,1,9,56,66,1.1666666666666667,0.05101913957479687,665,"We each pull on a leg, and the one with the larger piece makes a wish."
2110,4352,0,11,55,66,1.1666666666666667,0.04622501635210244,665,He won this 'experience' at a charity auction.
2179,4352,1,9,56,66,1.1666666666666667,0.05101913957479687,665,Want to play hopscotch?
2239,4352,0,11,55,66,1.1666666666666667,0.04622501635210244,665,I ordered wings!
2258,4352,2,7,57,66,1.1666666666666667,0.05539993744719456,665,I volunteer with The Ocean Conservancy.
2294,4352,0,11,55,66,1.1666666666666667,0.04622501635210244,665,I really miss my Remora Fish.
2304,4352,0,11,55,66,1.1666666666666667,0.04622501635210244,665,"I really do not like this new GOP climate change adaption strategy"""
2307,4352,1,9,56,66,1.1666666666666667,0.05101913957479687,665,Looks like he still won't let Nancy cut his toenails. It's weird that she wants to but she's so hot I'd bone her in a second with my weird two-pronged shark dick. I'ma calling her right now for some surfer-and-turfer or some shit. She's gonna love it
2344,4352,2,7,57,66,1.1666666666666667,0.05539993744719456,665,"It's my lucky lure; caught me a 290 lb. one last week. Too fatty to eat, but looks awesome hanging above my mantle."
2410,4352,1,9,56,66,1.1666666666666667,0.05101913957479687,665,He just wants me for his Jesus shoes.
2418,4352,1,9,56,66,1.1666666666666667,0.05101913957479687,665,The human footprint is closer that I realized!
2420,4352,2,7,57,66,1.1666666666666667,0.05539993744719456,665,My fitness coach says I need to get food off my mind.
2423,4352,1,9,56,66,1.1666666666666667,0.05101913957479687,665,"I know it's bad for you, but I can't resist carryout"
2434,4352,0,11,55,66,1.1666666666666667,0.04622501635210244,665,I found this mannequin in some ocean trash. It allows me to get closer to shore without alarming my lunch.
2476,4352,2,7,57,66,1.1666666666666667,0.05539993744719456,665,"Sure, but it'll make the eventual betrayal WAY more shareable."
2486,4352,2,7,57,66,1.1666666666666667,0.05539993744719456,665,His Toe nails are Gross!
2491,4352,1,9,56,66,1.1666666666666667,0.05101913957479687,665,"It's a Faustian Bargain--after he wins the gold for synchronized swimming, I get to eat him"
2515,4352,0,11,55,66,1.1666666666666667,0.04622501635210244,665,"I assume they've got everything sorted out above the waves, because they sure don't make much sense below them."
2526,4352,1,9,56,66,1.1666666666666667,0.05101913957479687,665,How about a game of ping pong?
2586,4352,1,9,56,66,1.1666666666666667,0.05101913957479687,665,Half a loaf is better than none.
2599,4352,1,9,56,66,1.1666666666666667,0.05101913957479687,665,Do you like my hat?
2605,4352,1,9,56,66,1.1666666666666667,0.05101913957479687,665,The fin doesn't scare them anymore--they think their kids are playing--so I decided to wear half a body. It works every time.
1423,4352,0,11,55,66,1.1666666666666667,0.04622501635210244,665,"He’s not my friend, really more of a chum."
2620,4352,2,7,57,66,1.1666666666666667,0.05539993744719456,665,I’ve had a wicked headache for the last hour! Maybe I’m just hungry. Anything around here to eat?”
2651,4352,2,7,57,66,1.1666666666666667,0.05539993744719456,665,You can have the other half.  I’m stuffed!
2652,4352,2,7,57,66,1.1666666666666667,0.05539993744719456,665,Ashiatsu barefoot massage. What are you having done?
2080,4352,1,9,56,66,1.1666666666666667,0.05101913957479687,665,"This is what happens Myrtle, this is what happens when Sharks go Vegetarian."
2061,4352,1,9,56,66,1.1666666666666667,0.05101913957479687,665,"I thought this day would never end, anyway this guy needs to be at Martha’s Vineyard by 4pm."
2194,4352,3,5,58,66,1.1666666666666667,0.05945883900105632,665,I find that the fin just scares them away.
2058,4352,3,5,58,66,1.1666666666666667,0.05945883900105632,665,"Honestly, it's not what it looks like.
Patricia Lewis, Alliston, ON"
1556,4352,1,9,56,66,1.1666666666666667,0.05101913957479687,665,How can they be scared of our teeth with toenails like this?
1576,4352,0,11,55,66,1.1666666666666667,0.04622501635210244,665,Don't order the back massage with this guy.
1578,4352,0,11,55,66,1.1666666666666667,0.04622501635210244,665,"He's my chiropractor, back off."
1602,4352,2,7,57,66,1.1666666666666667,0.05539993744719456,665,This guy thinks he's standing on a surfboard.  Would you please disabuse him of the notion?
1613,4352,0,11,55,66,1.1666666666666667,0.04622501635210244,665,"They're so speciesist, keeping us down with their glass ceiling."
1660,4352,1,9,56,66,1.1666666666666667,0.05101913957479687,665,"Bothersome ?
Not at all. But if you want him,he is all yours."
1704,4352,2,7,57,66,1.1666666666666667,0.05539993744719456,665,I’m working Uber and Uber Eats part-time — can’t recall which one this is.
1777,4352,0,11,55,66,1.1666666666666667,0.04622501635210244,665,"I know it's awkward, but only my weekly ashiatsu gets the kinks out."
1807,4352,0,11,55,66,1.1666666666666667,0.04622501635210244,665,"If I can't make the dramatic approach with my dorsal fin ominously slicing through the water, what's the point?"
1526,4352,1,9,56,66,1.1666666666666667,0.05101913957479687,665,I had to take a second job with Lyft to afford the rent.
1821,4352,3,5,58,66,1.1666666666666667,0.05945883900105632,665,Have you seen my latest move? Watch this soar to this surface.
1881,4352,1,9,56,66,1.1666666666666667,0.05101913957479687,665,"Hey, I just heard that the new California State University Long Beach mascot is THE shark!"
1921,4352,3,5,58,66,1.1666666666666667,0.05945883900105632,665,"Rock, Paper, Scissors for who gets him!"
1925,4352,1,9,56,66,1.1666666666666667,0.05101913957479687,665,"I thought jumping the shark would hurt, but y'know it's more like a massage."
1932,4352,1,9,56,66,1.1666666666666667,0.05101913957479687,665,"Don't attack, he's promised a Jaws 5"
1471,4352,2,7,57,66,1.1666666666666667,0.05539993744719456,665,"The portion was so big that I could only eat half, so I decided to get the rest to go..."
1971,4352,1,9,56,66,1.1666666666666667,0.05101913957479687,665,"First ectoparasites, then remoras, now this."
1463,4352,1,9,56,66,1.1666666666666667,0.05101913957479687,665,My experiential concept will be a first on Shark Tank
2055,4352,0,11,55,66,1.1666666666666667,0.04622501635210244,665,It's my emergency survival kit.
1843,4352,1,9,56,66,1.1666666666666667,0.05101913957479687,665,"Move to Marineland it will be fun, they said."
1507,4352,2,7,57,66,1.1666666666666667,0.05539993744719456,665,"I’d hate to spoil it for him, but this guy’s looking for Westeros on his GPS."
5201,4587,1,12,72,85,1.1647058823529413,0.04379433351527859,665,There's one in every crowd.
1880,4588,1,9,57,67,1.164179104477612,0.05031342257188375,665,"Well, at least I'm employed."
5575,4588,1,9,57,67,1.164179104477612,0.05031342257188375,665,uber made me an offer I couldnt refuse
1323,4588,2,7,58,67,1.164179104477612,0.054623479615184975,665,"Shall we tell him first, or just...?"
792,4588,2,7,58,67,1.164179104477612,0.054623479615184975,665,Technically I'm an Uber Pool independent contractor.
2237,4588,2,7,58,67,1.164179104477612,0.054623479615184975,665,I told you that you were shallow.
3322,4588,1,9,57,67,1.164179104477612,0.05031342257188375,665,I'm saving this one for desert.
5081,4588,0,11,56,67,1.164179104477612,0.04559776810901335,665,Jaws” therap
2916,4588,0,11,56,67,1.164179104477612,0.04559776810901335,665,It's some kind of selfie thing.
3483,4588,0,11,56,67,1.164179104477612,0.04559776810901335,665,I owe him a paddle board
4710,4588,3,5,59,67,1.164179104477612,0.058617476571788,665,All I hear is blah blah blah....
3391,4588,1,9,57,67,1.164179104477612,0.05031342257188375,665,"You've heard of having an albatross around your neck, well, ..."""
311,4588,2,7,58,67,1.164179104477612,0.054623479615184975,665,"Baby shark, doo doo doo doo doo doo..."
4143,4588,2,7,58,67,1.164179104477612,0.054623479615184975,665,Let's wait for someone to come along to save this one! He feels too light to be a tasty treat!
4004,4588,1,9,57,67,1.164179104477612,0.05031342257188375,665,"Nah, brah... this helps both of us get chicks."
2257,4588,1,9,57,67,1.164179104477612,0.05031342257188375,665,My Physical Therapist says I need this 30 minutes a day for the next 3 weeks.
292,4588,1,9,57,67,1.164179104477612,0.05031342257188375,665,"Yo bro, am I dreaming or is there some white dude standing on my head."
2565,4588,2,7,58,67,1.164179104477612,0.054623479615184975,665,"You've heard of goat yoga?  Well, this is as close as I could get."
4677,4605,2,7,59,68,1.161764705882353,0.05386833246131616,665,"It's right behind me, right now, isn't it?"
1597,4605,0,11,57,68,1.161764705882353,0.04498704387503318,665,This obviously isn't how I thought things would work out.
1460,4605,2,7,59,68,1.161764705882353,0.05386833246131616,665,I should have listened when you told me not to sign up for Uber.
399,4605,1,9,58,68,1.161764705882353,0.049626763740833676,665,You think I should let him know?
4186,4605,3,5,60,68,1.161764705882353,0.05779947062852091,665,You'd be grumpy too if your food was playing with you.
5856,4605,1,9,58,68,1.161764705882353,0.049626763740833676,665,I know it looks weird but you wouldn’t believe it’s a reception
319,4611,2,7,60,69,1.1594202898550725,0.05313363777948607,665,No I will not shake!! I might get ticket for contamination!!
1658,4611,2,7,60,69,1.1594202898550725,0.05313363777948607,665,"It's my Carmen Miranda hat."""
3612,4613,1,8,54,63,1.1587301587301588,0.05163159310171238,665,Honestly it's called a massage
4446,4613,0,10,53,63,1.1587301587301588,0.04640892840955829,665,He pays me scale.
4444,4613,0,10,53,63,1.1587301587301588,0.04640892840955829,665,He said if I hold him up he can tell me what the weather's like.
4421,4613,1,8,54,63,1.1587301587301588,0.05163159310171238,665,"If I don't encourage and support him, he punches me right on the nose!"
4387,4613,0,10,53,63,1.1587301587301588,0.04640892840955829,665,He just had to prove he was on top of the food chain.
4377,4613,1,8,54,63,1.1587301587301588,0.05163159310171238,665,Why?  What do you use as bait?
4375,4613,0,10,53,63,1.1587301587301588,0.04640892840955829,665,"Yeh, I know it looks weird.  But he asked nicely and, you know, I couldn't say no.  Anyway, if he is going to be some sort of Grand Poobah he will have to learn how to swim with us."
4344,4613,1,8,54,63,1.1587301587301588,0.05163159310171238,665,"I'm afraid this one is shaken, not stirred."
4278,4613,0,10,53,63,1.1587301587301588,0.04640892840955829,665,"Yes, fine, but what I asked you is, ""Do I have something in my teeth?"""
4294,4613,1,8,54,63,1.1587301587301588,0.05163159310171238,665,But I just had a big breakfast!
4289,4613,2,6,55,63,1.1587301587301588,0.05637245937794518,665,"It was floating around Plastic Island - a throw away from ""Jaws"". I call him 'Bruce'."
4457,4613,1,8,54,63,1.1587301587301588,0.05163159310171238,665,I can't be bothered
4273,4613,1,8,54,63,1.1587301587301588,0.05163159310171238,665,"So when I roll, grab his leg..."
4263,4613,0,10,53,63,1.1587301587301588,0.04640892840955829,665,I like to take my snacks along with me
4236,4613,1,8,54,63,1.1587301587301588,0.05163159310171238,665,"Damned if I know,but I did hear someone call him Fonz."
4225,4613,1,8,54,63,1.1587301587301588,0.05163159310171238,665,It's the finals
4179,4613,0,10,53,63,1.1587301587301588,0.04640892840955829,665,I thought a foot massage would be more relaxing.
4318,4613,1,8,54,63,1.1587301587301588,0.05163159310171238,665,"Get the net ready, here they come."
4466,4613,1,8,54,63,1.1587301587301588,0.05163159310171238,665,I wanted a massage and you said no!
4540,4613,1,8,54,63,1.1587301587301588,0.05163159310171238,665,"Carl and I agreed to share, so he took the top half."
4495,4613,1,8,54,63,1.1587301587301588,0.05163159310171238,665,I'll have the rest of him for lunch
4870,4613,1,8,54,63,1.1587301587301588,0.05163159310171238,665,You take him I ate his surf board.
4865,4613,2,6,55,63,1.1587301587301588,0.05637245937794518,665,He thinks he's one of us - but he's just a flippin' lawer!
4848,4613,1,8,54,63,1.1587301587301588,0.05163159310171238,665,The poor guy couldn't get an Uber.
4818,4613,1,8,54,63,1.1587301587301588,0.05163159310171238,665,These massages just aren't doing anything for my stress anymore.
4804,4613,2,6,55,63,1.1587301587301588,0.05637245937794518,665,I thought swimming for Uber would be a good idea but these humans keep using my skin to scrape the callouses off their feet!
4781,4613,1,8,54,63,1.1587301587301588,0.05163159310171238,665,So I get $15/hr plus tips...not a bad gig these days
4721,4613,2,6,55,63,1.1587301587301588,0.05637245937794518,665,"Well, it pays better than Uber."""
4717,4613,1,8,54,63,1.1587301587301588,0.05163159310171238,665,I hate surfers.
4490,4613,1,8,54,63,1.1587301587301588,0.05163159310171238,665,"Embarrassed, this is nothing, you should see me when I have to pull the kids around!"
4688,4613,1,8,54,63,1.1587301587301588,0.05163159310171238,665,Look away!
4668,4613,1,8,54,63,1.1587301587301588,0.05163159310171238,665,Do you want to take this one?
4664,4613,1,8,54,63,1.1587301587301588,0.05163159310171238,665,The gig economy is hell on my back.
4654,4613,1,8,54,63,1.1587301587301588,0.05163159310171238,665,It looked a lot easier in “Jaws.”
4626,4613,2,6,55,63,1.1587301587301588,0.05637245937794518,665,I am a photographer. Food delivery is just a way of making a little extra.
4617,4613,1,8,54,63,1.1587301587301588,0.05163159310171238,665,I'm keeping an eye on that undertoe.
4589,4613,1,8,54,63,1.1587301587301588,0.05163159310171238,665,I thought being an Uber-predator would have been more exciting.
4078,4613,2,6,55,63,1.1587301587301588,0.05637245937794518,665,"Clean Up the Ocean"" tours aren't going as planned"
4519,4613,2,6,55,63,1.1587301587301588,0.05637245937794518,665,when you say goodbye and then both end up walking in the same direction
4681,4613,0,10,53,63,1.1587301587301588,0.04640892840955829,665,I'm under foot. Can you give me a hand?
4044,4613,1,8,54,63,1.1587301587301588,0.05163159310171238,665,They call it 'shurfing.'
3950,4613,1,8,54,63,1.1587301587301588,0.05163159310171238,665,I heard this will help with the knots in my cartilage.
3980,4613,1,8,54,63,1.1587301587301588,0.05163159310171238,665,I already ate his surf board.
3640,4613,1,8,54,63,1.1587301587301588,0.05163159310171238,665,"He says he needs to ""get his feet wet"" before he tries to ""jump"" the shark. Whatever that means."
3632,4613,0,10,53,63,1.1587301587301588,0.04640892840955829,665,Toenail fungus relieves the sonar headaches
3628,4613,1,8,54,63,1.1587301587301588,0.05163159310171238,665,I am a stand in for Shark Week
3379,4613,0,10,53,63,1.1587301587301588,0.04640892840955829,665,I picked him up off Cape Town. He thinks i'm taking him to New York.
3376,4613,0,10,53,63,1.1587301587301588,0.04640892840955829,665,"I just feel like he weighs me down, you know?"
3383,4613,2,6,55,63,1.1587301587301588,0.05637245937794518,665,Open wide and I will flip him!
3397,4613,0,10,53,63,1.1587301587301588,0.04640892840955829,665,"It's called a foot massage, Phil. Like you've never had one."
3371,4613,0,10,53,63,1.1587301587301588,0.04640892840955829,665,An itch I juts can't reach.
3368,4613,1,8,54,63,1.1587301587301588,0.05163159310171238,665,"He's got ID showing he's a remora, but so far no benefit"
3458,4613,1,8,54,63,1.1587301587301588,0.05163159310171238,665,"I've been swimming for Swyft a few months now, and posting reviews of my clients on Gulp."
3469,4613,0,10,53,63,1.1587301587301588,0.04640892840955829,665,At least I didn't eat my human!
4885,4613,0,10,53,63,1.1587301587301588,0.04640892840955829,665,That’ll be $22.50 plus tip.
3477,4613,1,8,54,63,1.1587301587301588,0.05163159310171238,665,Heads he's yours.  Tails he's mine.
3525,4613,1,8,54,63,1.1587301587301588,0.05163159310171238,665,I thought I'd pack a lunch for the beach.
3567,4613,2,6,55,63,1.1587301587301588,0.05637245937794518,665,"He'd LIKE to walk on water, but I hate getting that close to the surface . . ."
3581,4613,2,6,55,63,1.1587301587301588,0.05637245937794518,665,I only do Uber on the weekends.
3591,4613,1,8,54,63,1.1587301587301588,0.05163159310171238,665,What do I do? What do I do? He tried to jump the shark and missed.
3366,4613,0,10,53,63,1.1587301587301588,0.04640892840955829,665,Humans endangered species? You must be joking!
3654,4613,0,10,53,63,1.1587301587301588,0.04640892840955829,665,You haven't heard? It's Uber's latest gig.
3686,4613,1,8,54,63,1.1587301587301588,0.05163159310171238,665,Its a new sensor I am trying out
3701,4613,1,8,54,63,1.1587301587301588,0.05163159310171238,665,I just can’t wrap my head around this!
3973,4613,2,6,55,63,1.1587301587301588,0.05637245937794518,665,Shhh! He thinks he’s standing on a rock.
3972,4613,1,8,54,63,1.1587301587301588,0.05163159310171238,665,"Don’t be salty, I told you I was poly."
3931,4613,1,8,54,63,1.1587301587301588,0.05163159310171238,665,He is not my soul brother.
3891,4613,2,6,55,63,1.1587301587301588,0.05637245937794518,665,Sometimes being a vegetarian is difficult
6309,4613,0,10,53,63,1.1587301587301588,0.04640892840955829,665,My agent controls book rights for Aesop's fables so he packaged us in.
3871,4613,1,8,54,63,1.1587301587301588,0.05163159310171238,665,I knew the Uber concept wouldn't work down here
3852,4613,1,8,54,63,1.1587301587301588,0.05163159310171238,665,"No, I'm actually a hammer toe"
3840,4613,1,8,54,63,1.1587301587301588,0.05163159310171238,665,I brought you a snack.
4018,4613,0,10,53,63,1.1587301587301588,0.04640892840955829,665,"No, really! The guy in the white coat said  if I hold off for 15 minutes, I can have two."
3835,4613,1,8,54,63,1.1587301587301588,0.05163159310171238,665,"I got it to attract swimmers.  If you get one, have a blowfish inflate it!"
3793,4613,3,4,56,63,1.1587301587301588,0.06074443963372587,665,"I""m saving the last one for later."
3781,4613,3,4,56,63,1.1587301587301588,0.06074443963372587,665,8.25 isn't enough to have the customers just walk all over you.
3767,4613,1,8,54,63,1.1587301587301588,0.05163159310171238,665,"I told him and told him, but he just won't listen."
3761,4613,1,8,54,63,1.1587301587301588,0.05163159310171238,665,That’s what happens when you get too friendly with them
3738,4613,1,8,54,63,1.1587301587301588,0.05163159310171238,665,"Dude, make him hang five"
3734,4613,2,6,55,63,1.1587301587301588,0.05637245937794518,665,Swimming with the dolphins is out.
3719,4613,3,4,56,63,1.1587301587301588,0.06074443963372587,665,They tell me it works with ducks.
3717,4613,0,10,53,63,1.1587301587301588,0.04640892840955829,665,"Yeah, been driving for seaUBER for a month now."
3807,4613,1,8,54,63,1.1587301587301588,0.05163159310171238,665,They really need to re-release Jaws on the big screen.
4912,4613,1,8,54,63,1.1587301587301588,0.05163159310171238,665,This guy says we are under arrest for being loan sharks.
6058,4613,0,10,53,63,1.1587301587301588,0.04640892840955829,665,We get a bad reputation when we react to a stunt like this.
4950,4613,1,8,54,63,1.1587301587301588,0.05163159310171238,665,........or do you prefer chocolate?
5876,4613,0,10,53,63,1.1587301587301588,0.04640892840955829,665,Now I understand what living at Sea World feels like
5828,4613,0,10,53,63,1.1587301587301588,0.04640892840955829,665,I now identify as an emotional support Selachimorpha.
5823,4613,0,10,53,63,1.1587301587301588,0.04640892840955829,665,"Yeah, he thinks he’s standing on a sandbar."
5821,4613,1,8,54,63,1.1587301587301588,0.05163159310171238,665,"Don't even think about it, Steve. He gives the best massages."
5817,4613,3,4,56,63,1.1587301587301588,0.06074443963372587,665,I'm saving the other half for a snack.
5785,4613,1,8,54,63,1.1587301587301588,0.05163159310171238,665,You're complaining to me about a load on your shoulders?
5765,4613,0,10,53,63,1.1587301587301588,0.04640892840955829,665,You wanna go get something to eat
5754,4613,1,8,54,63,1.1587301587301588,0.05163159310171238,665,A tale of two heads.
5750,4613,0,10,53,63,1.1587301587301588,0.04640892840955829,665,He's a verified rider and I could use the money.
5745,4613,2,6,55,63,1.1587301587301588,0.05637245937794518,665,He has me on retainer.
5725,4613,1,8,54,63,1.1587301587301588,0.05163159310171238,665,He has no clue he is standing on sharkey ground.
5692,4613,0,10,53,63,1.1587301587301588,0.04640892840955829,665,"Beep beep, George. It's peak hours."
5667,4613,1,8,54,63,1.1587301587301588,0.05163159310171238,665,Don't bother. It probably tastes worse than it smells.
5654,4613,2,6,55,63,1.1587301587301588,0.05637245937794518,665,His business plan shark tanked!
5637,4613,2,6,55,63,1.1587301587301588,0.05637245937794518,665,For my birthday I wished to grow another 2 feet.
5611,4613,1,8,54,63,1.1587301587301588,0.05163159310171238,665,"Say what you will, but I believe finding a friend trumps finding a meal."
5567,4613,1,8,54,63,1.1587301587301588,0.05163159310171238,665,I'm saving it for a snack later!
5893,4613,1,8,54,63,1.1587301587301588,0.05163159310171238,665,The real trick is to lull them into complacency.
5912,4613,1,8,54,63,1.1587301587301588,0.05163159310171238,665,"To tell you the truth, I enjoyed my time as a surfboard a whole lot more!"
5963,4613,1,8,54,63,1.1587301587301588,0.05163159310171238,665,Yeah ... he’s the Good  Humor dude ... popsicle legs.
6032,4613,2,6,55,63,1.1587301587301588,0.05637245937794518,665,"Ever Since I signed on with Uber, I've gotten all these strange requests...Do you have any idea where ""Times Square"" is?"
6190,4613,0,10,53,63,1.1587301587301588,0.04640892840955829,665,The treats were just too tempting.
6179,4613,3,4,56,63,1.1587301587301588,0.06074443963372587,665,"It's like Uber, but for surfboards."
6199,4613,1,8,54,63,1.1587301587301588,0.05163159310171238,665,Why don't we Eskimo kiss and move on
6166,4613,2,6,55,63,1.1587301587301588,0.05637245937794518,665,We don't get paid unless he wins.
6211,4613,2,6,55,63,1.1587301587301588,0.05637245937794518,665,"Oh, that’s Finn."
6103,4613,0,10,53,63,1.1587301587301588,0.04640892840955829,665,Do you think another one of these hackneyed leadership survival guides hit the bestseller list?
6212,4613,3,4,56,63,1.1587301587301588,0.06074443963372587,665,"If you are interested, the top 1/2 is a short swim behind me."
6234,4613,0,10,53,63,1.1587301587301588,0.04640892840955829,665,It's much more fun once you go vegan!
5565,4613,0,10,53,63,1.1587301587301588,0.04640892840955829,665,Well at least it's not a monkey.
6101,4613,0,10,53,63,1.1587301587301588,0.04640892840955829,665,"So much for biomimicry, he knows there is nothing like the real thing."
6302,4613,2,6,55,63,1.1587301587301588,0.05637245937794518,665,"With the diminishing food supply, I took a gig with Uber."
6298,4613,0,10,53,63,1.1587301587301588,0.04640892840955829,665,"Gillbert: He keeps singing ""Baby shark, doo doo doo doo"" every time I pass by. 
Jawshua: Humans - think they own ""everything!"""
6270,4613,1,8,54,63,1.1587301587301588,0.05163159310171238,665,This way I burn off 300 calories before dinner.
6247,4613,1,8,54,63,1.1587301587301588,0.05163159310171238,665,You can't see it but he's top heavy.
6237,4613,1,8,54,63,1.1587301587301588,0.05163159310171238,665,I'm just not hungry
6091,4613,1,8,54,63,1.1587301587301588,0.05163159310171238,665,He's a high maintenance periscope.
6077,4613,1,8,54,63,1.1587301587301588,0.05163159310171238,665,Should I rock the boat on his free ride?
6070,4613,1,8,54,63,1.1587301587301588,0.05163159310171238,665,I'm on a strict diet but there's a hunger weighing me down.
3353,4613,2,6,55,63,1.1587301587301588,0.05637245937794518,665,It's Michael Ovitz...I'm helping him with his comeback
4929,4613,2,6,55,63,1.1587301587301588,0.05637245937794518,665,I told you that we do our food delivery on time.
5551,4613,2,6,55,63,1.1587301587301588,0.05637245937794518,665,I asked for the leading man but got his stand-in.
5542,4613,0,10,53,63,1.1587301587301588,0.04640892840955829,665,This th-thing is c-c-cold.
5190,4613,0,10,53,63,1.1587301587301588,0.04640892840955829,665,Don't even think it...or you're shark bait!
5189,4613,0,10,53,63,1.1587301587301588,0.04640892840955829,665,A little bit higher.... ahhhh!
5186,4613,2,6,55,63,1.1587301587301588,0.05637245937794518,665,Jerry? Is that you? I didn't know you were driving for Uber now.
5173,4613,0,10,53,63,1.1587301587301588,0.04640892840955829,665,He wants to ride the Gulf Stream before the Arctic thaws.
5145,4613,0,10,53,63,1.1587301587301588,0.04640892840955829,665,"If I can't see him, I won't eat him."
5117,4613,1,8,54,63,1.1587301587301588,0.05163159310171238,665,"He thinks he's on a park ride. My concept, lunch to go."
5091,4613,0,10,53,63,1.1587301587301588,0.04640892840955829,665,He's my first Uber passenger.
5074,4613,2,6,55,63,1.1587301587301588,0.05637245937794518,665,I'm a service shark and if he doesn't like my service I'll just eat him.
5058,4613,1,8,54,63,1.1587301587301588,0.05163159310171238,665,I've felt so disrespected since the end of Shark Week.
5057,4613,0,10,53,63,1.1587301587301588,0.04640892840955829,665,I'm becoming a vegetarian and BTW he gives a good back massage.
5052,4613,0,10,53,63,1.1587301587301588,0.04640892840955829,665,That's what happens when you go vegan.
5007,4613,0,10,53,63,1.1587301587301588,0.04640892840955829,665,My second cousin was a dolphin.
4984,4613,1,8,54,63,1.1587301587301588,0.05163159310171238,665,Guess who's coming to dinner?
4977,4613,0,10,53,63,1.1587301587301588,0.04640892840955829,665,Top half was chewy.
4963,4613,3,4,56,63,1.1587301587301588,0.06074443963372587,665,"First it was just incessant singing, now a movie adaptation? I don’t know, Mama Shark... what should we doot-do-do-doot-doot-do-do-do...?"
4957,4613,2,6,55,63,1.1587301587301588,0.05637245937794518,665,He doesn't know he's not close to shore.
4951,4613,1,8,54,63,1.1587301587301588,0.05163159310171238,665,"Here’s how we’re different, Carl..
I would rather have a slow and steady bucket of sardines after every ride."
5196,4613,2,6,55,63,1.1587301587301588,0.05637245937794518,665,I swear the Groupon said couples massage.
5202,4613,2,6,55,63,1.1587301587301588,0.05637245937794518,665,So you're sayin' he made up the whole symbiosis thing.
5203,4613,0,10,53,63,1.1587301587301588,0.04640892840955829,665,Can you believe it? This guy keeps saying global warming is not a thing... this used to be his living room!
5211,4613,1,8,54,63,1.1587301587301588,0.05163159310171238,665,Do I look like a surfboard?
5528,4613,2,6,55,63,1.1587301587301588,0.05637245937794518,665,The smart money is on 30 seconds before he realizes I'm not a surfboard.
5514,4613,3,4,56,63,1.1587301587301588,0.06074443963372587,665,It started as a growth on my dorsal fin.
5503,4613,1,8,54,63,1.1587301587301588,0.05163159310171238,665,"Change our image for the tourist season, you said. And this is what you come up with!"
5498,4613,0,10,53,63,1.1587301587301588,0.04640892840955829,665,I invited him out for dinner.  He said he has to fix his hair.
5495,4613,2,6,55,63,1.1587301587301588,0.05637245937794518,665,Uber water rides are my side hustle plus if I get really hungry I can have a snack.
5442,4613,0,10,53,63,1.1587301587301588,0.04640892840955829,665,Looks like we're gonna need a bigger ocean
5387,4613,1,8,54,63,1.1587301587301588,0.05163159310171238,665,They call him the shark whisperer.
5378,4613,1,8,54,63,1.1587301587301588,0.05163159310171238,665,Don't you try to shame me into sharing just because you forgot to pack a lunch.
5543,4613,2,6,55,63,1.1587301587301588,0.05637245937794518,665,Not sure this ride sharing business is really worth it!
5360,4613,1,8,54,63,1.1587301587301588,0.05163159310171238,665,Uber's not all it's cracked up to be.
5308,4613,0,10,53,63,1.1587301587301588,0.04640892840955829,665,I get the feeling I've been stood up.
5281,4613,1,8,54,63,1.1587301587301588,0.05163159310171238,665,I brought you dinner.
5278,4613,1,8,54,63,1.1587301587301588,0.05163159310171238,665,Surf's Up???
5265,4613,0,10,53,63,1.1587301587301588,0.04640892840955829,665,Do you have any hot sauce?
5243,4613,2,6,55,63,1.1587301587301588,0.05637245937794518,665,Whatever I just ate tastes like styrofoam
5224,4613,1,8,54,63,1.1587301587301588,0.05163159310171238,665,He must be a Republican
5222,4613,1,8,54,63,1.1587301587301588,0.05163159310171238,665,Frank thought it would be funny if I had to wear it tonight for the bachelor party.
5217,4613,0,10,53,63,1.1587301587301588,0.04640892840955829,665,I saved you half
5345,4613,1,8,54,63,1.1587301587301588,0.05163159310171238,665,I just figured we were going the same way...
3321,4613,1,8,54,63,1.1587301587301588,0.05163159310171238,665,Wait knuckling it ‘til my gig’s done at Sea World
2562,4613,2,6,55,63,1.1587301587301588,0.05637245937794518,665,I’ll hurl him up hard and you surface with jaws open.  He’ll never know what hit him.
3281,4613,1,8,54,63,1.1587301587301588,0.05163159310171238,665,Are you sure this is an outstanding meal?
1407,4613,2,6,55,63,1.1587301587301588,0.05637245937794518,665,What are you looking at? Human bait is the new cologne.
1404,4613,0,10,53,63,1.1587301587301588,0.04640892840955829,665,"It doesn't pay much, but every little bit helps."
1397,4613,0,10,53,63,1.1587301587301588,0.04640892840955829,665,I'd rather have plastic
1291,4613,2,6,55,63,1.1587301587301588,0.05637245937794518,665,Hurry and take a pic for my Instagram page!
1286,4613,2,6,55,63,1.1587301587301588,0.05637245937794518,665,The woman he was with was actually quite tasty.
1279,4613,0,10,53,63,1.1587301587301588,0.04640892840955829,665,Times like these make it almost impossible to keep up my juice cleanse.
1271,4613,1,8,54,63,1.1587301587301588,0.05163159310171238,665,What are you doing after dinner?
1218,4613,1,8,54,63,1.1587301587301588,0.05163159310171238,665,Can you help? I seem to have misplaced my lunch.
1169,4613,0,10,53,63,1.1587301587301588,0.04640892840955829,665,"To bite or not to bit , that is the question?"
1158,4613,0,10,53,63,1.1587301587301588,0.04640892840955829,665,It’s the opposite of stepping on a Lego
1153,4613,1,8,54,63,1.1587301587301588,0.05163159310171238,665,Care for an hors d'oeuvre?
1137,4613,0,10,53,63,1.1587301587301588,0.04640892840955829,665,Good morning. Old chum.
1096,4613,0,10,53,63,1.1587301587301588,0.04640892840955829,665,It's new bait to fish for humans.
1076,4613,0,10,53,63,1.1587301587301588,0.04640892840955829,665,Maybe I was a dolphin in my past life!
1004,4613,2,6,55,63,1.1587301587301588,0.05637245937794518,665,"Sure it's annoying, but I'll take it over dealing with my kids."
1410,4613,2,6,55,63,1.1587301587301588,0.05637245937794518,665,He knows about our affair and demands payment in bitcoins.
970,4613,1,8,54,63,1.1587301587301588,0.05163159310171238,665,"Jumped the shark?  That's a thing.  Jumped on the shark, not so much."
1411,4613,1,8,54,63,1.1587301587301588,0.05163159310171238,665,"I'd eat him, but it's so hard to find a good shiatsu practitioner and he knows just the right pressure point on my dorsal."
1434,4613,0,10,53,63,1.1587301587301588,0.04640892840955829,665,He will give me food if I take him across the Pacific
1674,4613,0,10,53,63,1.1587301587301588,0.04640892840955829,665,He's no George Jefferson. But he'll do for now.
1661,4613,0,10,53,63,1.1587301587301588,0.04640892840955829,665,Go on 3. 1 2 ...
1650,4613,2,6,55,63,1.1587301587301588,0.05637245937794518,665,"I try to do my bit for species preservation, especially when I'm not hungry."
1629,4613,0,10,53,63,1.1587301587301588,0.04640892840955829,665,I'll never do this Salomon Brothers internship thing again.
1621,4613,1,8,54,63,1.1587301587301588,0.05163159310171238,665,"I'm not sure why I keep him. He does like sardines, though."
1605,4613,1,8,54,63,1.1587301587301588,0.05163159310171238,665,"I'm still top of the food chain, Frank. Yes, they call for a ride on the app, but I get to decide if I want to accept it."
1590,4613,0,10,53,63,1.1587301587301588,0.04640892840955829,665,Ugh I know but we now live in a gig economy.
1571,4613,0,10,53,63,1.1587301587301588,0.04640892840955829,665,``Knock yourself out.''
1548,4613,1,8,54,63,1.1587301587301588,0.05163159310171238,665,He wants to compete but can't afford a surfboard
1542,4613,2,6,55,63,1.1587301587301588,0.05637245937794518,665,"Careful, he's dangerous."
1515,4613,1,8,54,63,1.1587301587301588,0.05163159310171238,665,"Let’s eat him Dave, he’s not gonna stand around on me forever,plus my back hurts."
1501,4613,2,6,55,63,1.1587301587301588,0.05637245937794518,665,"That’s right, I invited you to come meet my chum."
1459,4613,1,8,54,63,1.1587301587301588,0.05163159310171238,665,"I'm not really sure what it is, but Kevin said it tastes like chicken."
1439,4613,0,10,53,63,1.1587301587301588,0.04640892840955829,665,Man to Man.  You lose!
1436,4613,2,6,55,63,1.1587301587301588,0.05637245937794518,665,I reached my quota for attacking humans this summer.
1427,4613,1,8,54,63,1.1587301587301588,0.05163159310171238,665,Ashi-ark-su
1689,4613,1,8,54,63,1.1587301587301588,0.05163159310171238,665,The wife told me to bring something home.
961,4613,2,6,55,63,1.1587301587301588,0.05637245937794518,665,Wait until he realizes I'm not a sandbar!
915,4613,2,6,55,63,1.1587301587301588,0.05637245937794518,665,It helps him feel taller.
347,4613,2,6,55,63,1.1587301587301588,0.05637245937794518,665,"There's something gross on my back isn't there? 
C'mon, what is it!? Glen, get it off me!
Please, Glen?"
276,4613,2,6,55,63,1.1587301587301588,0.05637245937794518,665,This new ride-sharing job really helps put food on my table.
270,4613,1,8,54,63,1.1587301587301588,0.05163159310171238,665,I'm getting bikini-ready for the summer.
260,4613,1,8,54,63,1.1587301587301588,0.05163159310171238,665,It’s called Uber.
241,4613,1,8,54,63,1.1587301587301588,0.05163159310171238,665,It's community service
234,4613,2,6,55,63,1.1587301587301588,0.05637245937794518,665,Do I have food on my face?
214,4613,1,8,54,63,1.1587301587301588,0.05163159310171238,665,"If we eat him now, we will have to spend an hour without swimming later"
204,4613,1,8,54,63,1.1587301587301588,0.05163159310171238,665,Of course this will work!”
181,4613,1,8,54,63,1.1587301587301588,0.05163159310171238,665,I'm picking up some extra cash being an Uber-swimmer.
174,4613,1,8,54,63,1.1587301587301588,0.05163159310171238,665,Time to mingle and get a bite to eat.
147,4613,1,8,54,63,1.1587301587301588,0.05163159310171238,665,We can't keep meeting like this. I just can't do it to Stan - he's in such a vulnerable place right now.
120,4613,3,4,56,63,1.1587301587301588,0.06074443963372587,665,The best he can do is 24.99% APR.
85,4613,1,8,54,63,1.1587301587301588,0.05163159310171238,665,Mine's to go.
70,4613,1,8,54,63,1.1587301587301588,0.05163159310171238,665,Don't look at me that way.  It's the latest thing - I thought I'd try it.
55,4613,1,8,54,63,1.1587301587301588,0.05163159310171238,665,His toenails need trimming.
362,4613,2,6,55,63,1.1587301587301588,0.05637245937794518,665,Since becoming a vegetarian I've been making a living as a surf board.
932,4613,0,10,53,63,1.1587301587301588,0.04640892840955829,665,"I'm trying to make up for all the bad rap we've gotten since that horrid movie with Richard Dreyfus, Roy Scheider and Robert Shaw."
389,4613,0,10,53,63,1.1587301587301588,0.04640892840955829,665,This is what's left over.
420,4613,2,6,55,63,1.1587301587301588,0.05637245937794518,665,"Sure, but when one of us mistakes a surfboard for a seal, all hell breaks loose."
893,4613,1,8,54,63,1.1587301587301588,0.05163159310171238,665,It's a new community initiative
855,4613,2,6,55,63,1.1587301587301588,0.05637245937794518,665,How about a casual lunch?
818,4613,1,8,54,63,1.1587301587301588,0.05163159310171238,665,This is why I'm hoping a Jaws reboot gets greenlit
704,4613,1,8,54,63,1.1587301587301588,0.05163159310171238,665,Did you see the top half anywhere?
680,4613,1,8,54,63,1.1587301587301588,0.05163159310171238,665,Because they were out of top hats.
671,4613,1,8,54,63,1.1587301587301588,0.05163159310171238,665,Too soon...
664,4613,0,10,53,63,1.1587301587301588,0.04640892840955829,665,"I can't stand these bloody humans, mate!"
627,4613,1,8,54,63,1.1587301587301588,0.05163159310171238,665,He's paying me in exposure.
621,4613,2,6,55,63,1.1587301587301588,0.05637245937794518,665,It’s called massage.
614,4613,1,8,54,63,1.1587301587301588,0.05163159310171238,665,"Sorry, a couple of  heels held me up."
596,4613,2,6,55,63,1.1587301587301588,0.05637245937794518,665,"I don't think this is what JFK meant when he said, ""A rising tide lifts all boats."""
513,4613,1,8,54,63,1.1587301587301588,0.05163159310171238,665,It is important that you  accept  what  the  deer and the antelope played at  on the range!
509,4613,1,8,54,63,1.1587301587301588,0.05163159310171238,665,With that global warming I feel like eating salad only.
453,4613,2,6,55,63,1.1587301587301588,0.05637245937794518,665,Say Finny
438,4613,1,8,54,63,1.1587301587301588,0.05163159310171238,665,I'm saving the rest for the NBA Finals
405,4613,0,10,53,63,1.1587301587301588,0.04640892840955829,665,"It's a new business venture. Uber,but for surfers."
1721,4613,0,10,53,63,1.1587301587301588,0.04640892840955829,665,Doesn’t he know what we represent!
982,4613,1,8,54,63,1.1587301587301588,0.05163159310171238,665,"He mentioned something about white privilege, and I don't even know what that is. Yet, here we are."
1741,4613,1,8,54,63,1.1587301587301588,0.05163159310171238,665,"You win heads, I win tails."
2871,4613,2,6,55,63,1.1587301587301588,0.05637245937794518,665,"Seriously, how did we manage before Instagram?"
2868,4613,1,8,54,63,1.1587301587301588,0.05163159310171238,665,How was I supposed to know he was Neptune’s nephew?
2839,4613,0,10,53,63,1.1587301587301588,0.04640892840955829,665,He’s light. The pay is good. He might have a friend for you.
2809,4613,1,8,54,63,1.1587301587301588,0.05163159310171238,665,It’s similar to a monkey on my back but easier to get off.
2799,4613,2,6,55,63,1.1587301587301588,0.05637245937794518,665,"Animal, vegetable, or optometrist?"
2793,4613,1,8,54,63,1.1587301587301588,0.05163159310171238,665,"Yes, I've heard of  'jumping the shark'; but 'on the shark'? Reality show desperation if you ask me."
2791,4613,1,8,54,63,1.1587301587301588,0.05163159310171238,665,"I ate his surfboard, and he said this was only fair."
2881,4613,1,8,54,63,1.1587301587301588,0.05163159310171238,665,"Just waiting for him to coax in the Mrs.  That's when
they learn there's no free ride."
2787,4613,2,6,55,63,1.1587301587301588,0.05637245937794518,665,"You're right, he's going to owe me one."
2689,4613,0,10,53,63,1.1587301587301588,0.04640892840955829,665,It's my turn to have the top portion.
2635,4613,1,8,54,63,1.1587301587301588,0.05163159310171238,665,"Keep his head above water.”  But Bruce, what about our nature?"
2634,4613,1,8,54,63,1.1587301587301588,0.05163159310171238,665,I’m going topless.
2615,4613,1,8,54,63,1.1587301587301588,0.05163159310171238,665,The minute I go plant-based...
2569,4613,1,8,54,63,1.1587301587301588,0.05163159310171238,665,"It's not a bad gig. I take him fishing, then take home 40% of what he catches."
2503,4613,0,10,53,63,1.1587301587301588,0.04640892840955829,665,"What do you think, Marge? I picked it at Jaws's Secret; they had a special on head wear."""
2492,4613,0,10,53,63,1.1587301587301588,0.04640892840955829,665,I found him on a German message board.
2692,4613,0,10,53,63,1.1587301587301588,0.04640892840955829,665,This is different?
2490,4613,0,10,53,63,1.1587301587301588,0.04640892840955829,665,"A new plastic free thrill. You'll see, it's a win win!"
3309,4613,1,8,54,63,1.1587301587301588,0.05163159310171238,665,I really want to eat him!
2938,4613,0,10,53,63,1.1587301587301588,0.04640892840955829,665,They are not a very intelligent species.
3233,4613,1,8,54,63,1.1587301587301588,0.05163159310171238,665,"Honey, it was an accident."
3229,4613,1,8,54,63,1.1587301587301588,0.05163159310171238,665,Tuna is a peer-to-shark transport network
3220,4613,1,8,54,63,1.1587301587301588,0.05163159310171238,665,"Apparently, more environmentally friendly than speed boats"
1728,4613,3,4,56,63,1.1587301587301588,0.06074443963372587,665,He scratches my back...or I eat his
3178,4613,1,8,54,63,1.1587301587301588,0.05163159310171238,665,This guy thinks he called an Uber.
3173,4613,0,10,53,63,1.1587301587301588,0.04640892840955829,665,Really? You think the bowler worked better?
3166,4613,1,8,54,63,1.1587301587301588,0.05163159310171238,665,I'm a level 5 vegan.
2935,4613,2,6,55,63,1.1587301587301588,0.05637245937794518,665,Who the hell is William Tell?
3147,4613,0,10,53,63,1.1587301587301588,0.04640892840955829,665,I saved the dark meat for you.
3120,4613,2,6,55,63,1.1587301587301588,0.05637245937794518,665,"Kowabunga, dude!"
3098,4613,2,6,55,63,1.1587301587301588,0.05637245937794518,665,Wait! I can still feel some neck tension.
3088,4613,1,8,54,63,1.1587301587301588,0.05163159310171238,665,"You just bribe the skinny ones to lookout for the chubby ones.
He taps his foot twice when"
3011,4613,1,8,54,63,1.1587301587301588,0.05163159310171238,665,"Yes, yes, I know, I've got a human on my back...what's new with you?"
2985,4613,0,10,53,63,1.1587301587301588,0.04640892840955829,665,He makes a great lure.
2984,4613,1,8,54,63,1.1587301587301588,0.05163159310171238,665,The orcas have given up. It's our time to shine!
2982,4613,2,6,55,63,1.1587301587301588,0.05637245937794518,665,"Finally, the appetizers are here!"
3126,4613,1,8,54,63,1.1587301587301588,0.05163159310171238,665,I decided to the the ride sharing thing a try
2488,4613,1,8,54,63,1.1587301587301588,0.05163159310171238,665,"But I just turned vegetarian!’
Catherine Burgess
Somerville M"
3197,4613,1,8,54,63,1.1587301587301588,0.05163159310171238,665,Can you give me a lift?
2484,4613,2,6,55,63,1.1587301587301588,0.05637245937794518,665,"You want me to eat him for you, too?"
2027,4613,0,10,53,63,1.1587301587301588,0.04640892840955829,665,"Don’t look up, Frank.
The Lord is testing our commitment to Veganuary."
1986,4613,1,8,54,63,1.1587301587301588,0.05163159310171238,665,"You can have him, I just had lunch."
1982,4613,1,8,54,63,1.1587301587301588,0.05163159310171238,665,"This time, forget about the deep-fried wings and keep it simple. The left leg is yours and the right is mine."
1941,4613,1,8,54,63,1.1587301587301588,0.05163159310171238,665,We have sunk so low.
1935,4613,1,8,54,63,1.1587301587301588,0.05163159310171238,665,Now I hope this will teach you never to bite inflatable whales you don’t know!
1930,4613,0,10,53,63,1.1587301587301588,0.04640892840955829,665,"I can’t, I’m full."
1917,4613,2,6,55,63,1.1587301587301588,0.05637245937794518,665,Surf’s down.
1907,4613,0,10,53,63,1.1587301587301588,0.04640892840955829,665,Don't let this get around.
1862,4613,1,8,54,63,1.1587301587301588,0.05163159310171238,665,Ugh I’ve got snort-I mean legs sticking on by the snort that slips down your spine all wriggly like how’s the kids?
1842,4613,0,10,53,63,1.1587301587301588,0.04640892840955829,665,Don't you dare. He's scratching where it itches.
1831,4613,1,8,54,63,1.1587301587301588,0.05163159310171238,665,Looks like they're making another Happy Days spin-off
1818,4613,0,10,53,63,1.1587301587301588,0.04640892840955829,665,I finally got the monkey off my back and now this homosapien is causing me grief!
1800,4613,0,10,53,63,1.1587301587301588,0.04640892840955829,665,You up for a chicken fight? Winner eats all.
1782,4613,1,8,54,63,1.1587301587301588,0.05163159310171238,665,A stand in for JAWS
1758,4613,0,10,53,63,1.1587301587301588,0.04640892840955829,665,The other kids laugh at him if he uses floaties.
2028,4613,1,8,54,63,1.1587301587301588,0.05163159310171238,665,"This deep tissue massage is great at increasing blood flow, relaxing my back muscles, and releasing stress!"
2054,4613,1,8,54,63,1.1587301587301588,0.05163159310171238,665,Just when you thought it was safe to go onto the sand bar...
1955,4613,1,8,54,63,1.1587301587301588,0.05163159310171238,665,Let me finish rehearsing for my audition at Sea World first.
2100,4613,1,8,54,63,1.1587301587301588,0.05163159310171238,665,ewwwmooommmmm! getitoffgetitoffgeitofffffff!!!
2483,4613,0,10,53,63,1.1587301587301588,0.04640892840955829,665,I’m getting tired of these lawyers.
2454,4613,5,0,58,63,1.1587301587301588,0.06865822956215765,665,I think it's high time we make a movie about how humans have stood on us for years. They make plenty of movies about us.
2424,4613,2,6,55,63,1.1587301587301588,0.05637245937794518,665,Three is a crowd.
2059,4613,0,10,53,63,1.1587301587301588,0.04640892840955829,665,It started off as a wart
2404,4613,1,8,54,63,1.1587301587301588,0.05163159310171238,665,"I know it's an aquarium, but I'm hungry."
2381,4613,0,10,53,63,1.1587301587301588,0.04640892840955829,665,I have to take these leftovers home for the newborn.
2377,4613,0,10,53,63,1.1587301587301588,0.04640892840955829,665,Baby shark kids all grown now!
2311,4613,0,10,53,63,1.1587301587301588,0.04640892840955829,665,"I feel guilty, he looked so happy when he stepped ""on that stone""."
2406,4613,1,8,54,63,1.1587301587301588,0.05163159310171238,665,I like to mess with them a little before I take a bite.
2228,4613,2,6,55,63,1.1587301587301588,0.05637245937794518,665,"I thought I was tough but lately, I've been letting people walk all over me"
2117,4613,2,6,55,63,1.1587301587301588,0.05637245937794518,665,Does he understand?
2123,4613,2,6,55,63,1.1587301587301588,0.05637245937794518,665,It's a great gig.  Uber Waterways lets us join the labor pool.
2248,4613,2,6,55,63,1.1587301587301588,0.05637245937794518,665,They have it bad enough up there already
2223,4613,2,6,55,63,1.1587301587301588,0.05637245937794518,665,These new requirements from Uber and Lyft are getting too much for me
2200,4613,1,8,54,63,1.1587301587301588,0.05163159310171238,665,He's an apex predator. What else am I supposed to do?
1200,4935,2,9,72,83,1.1566265060240963,0.04688951917827399,665,service with a smile
6132,4936,1,8,55,64,1.15625,0.05087893153952011,665,It’s a brand thing:  deep-six that stigma of “A shark of lawyers” with “A stand of sharks.”
4095,4936,2,6,56,64,1.15625,0.055540052400361674,665,I disrupting ocean travel.
999,4936,1,8,55,64,1.15625,0.05087893153952011,665,He's taking testing the waters to a new level.
5766,4936,2,6,56,64,1.15625,0.055540052400361674,665,My Broker says the housing market is getting weak.
5781,4936,1,8,55,64,1.15625,0.05087893153952011,665,I'm just not feeling respected
3593,4936,1,8,55,64,1.15625,0.05087893153952011,665,He's a vegan.  He promised to lure meat eaters out here if I did;t eat him.
3261,4936,2,6,56,64,1.15625,0.055540052400361674,665,"I know, right?  Fear-induced immobility was supposed to be our thing."
2614,4936,2,6,56,64,1.15625,0.055540052400361674,665,"If you turn this upside-down, YOU'RE impossible!"
2458,4936,3,4,57,64,1.15625,0.05983919423477113,665,Technically it's cartilage
2229,4936,3,4,57,64,1.15625,0.05983919423477113,665,Do you want the top or bottom half this time?
1559,4936,1,8,55,64,1.15625,0.05087893153952011,665,"So, okay, Mom, I turned Vegan - you gonna tell Dad?"
4969,4936,0,10,54,64,1.15625,0.045745315919462494,665,"Swimming with dolphins was one thing, but surfing with sharks...?"
4069,4936,2,6,56,64,1.15625,0.055540052400361674,665,"Its the latest in camouflage technology, its supposed to allow you to get right up close to those unsuspecting swimmers !"
645,4936,2,6,56,64,1.15625,0.055540052400361674,665,He's my dentist. I have bills.
6056,4950,1,10,66,77,1.155844155844156,0.04552772158797496,665,"Hey, wanna join the finitching school?"
6303,4951,3,4,58,65,1.1538461538461537,0.058960421987522674,665,We lost in surfboard litigation
5642,4951,2,6,57,65,1.1538461538461537,0.0547317287336835,665,Are you going to date him or eat him...
1692,4953,1,9,62,72,1.1527777777777777,0.04705623039870244,665,"Hey, we're friends. He's just a chum"
3967,4954,1,8,57,66,1.1515151515151516,0.04943703698482351,665,You can have him. It's hardly an appetizer.
5625,4954,2,6,58,66,1.1515151515151516,0.05394646505600968,665,Lucky for him my parents put me through Charm School.
4731,4954,1,8,57,66,1.1515151515151516,0.04943703698482351,665,I think he said something about ‘jumping.’
1288,4954,4,2,60,66,1.1515151515151516,0.061988886297788946,665,So this dude says he’s a stand up guy but that he really needs a paddle.
2024,4954,1,8,57,66,1.1515151515151516,0.04943703698482351,665,"Yeah, I'm hungry, but this is just too easy."
536,4954,2,6,58,66,1.1515151515151516,0.05394646505600968,665,I’m not sure this human yoga is worth the effort.
3566,4954,1,8,57,66,1.1515151515151516,0.04943703698482351,665,SMS: Shark Massage Service
1469,4961,1,7,52,60,1.15,0.05221100171960861,665,I'm into the new sharing economy. Want a piece?
566,4961,1,7,52,60,1.15,0.05221100171960861,665,He still thinks I'm Flipper.
4080,4963,1,7,53,61,1.1475409836065573,0.051406797055264415,665,The doctor said I've got athlete's foot.
4049,4963,1,7,53,61,1.1475409836065573,0.051406797055264415,665,"What can I say,I've become a vegetarian !"
4126,4963,2,5,54,61,1.1475409836065573,0.056472177848147814,665,As a Democrat I don’t charge them for the Rio Grande crossing.
4144,4963,0,9,52,61,1.1475409836065573,0.04578439358612767,665,The shark fin was too intimidating.
4145,4963,0,9,52,61,1.1475409836065573,0.04578439358612767,665,Don't even think about it. This is the best massage I've had since I stopped eating legs.
4199,4963,2,5,54,61,1.1475409836065573,0.056472177848147814,665,thanks for thinking of me but i am not a leg man
4257,4963,1,7,53,61,1.1475409836065573,0.051406797055264415,665,We're in the wrong support group.
4283,4963,2,5,54,61,1.1475409836065573,0.056472177848147814,665,"Remember, don't go for the toes!  My dorsal is still hurting from last time."
4046,4963,1,7,53,61,1.1475409836065573,0.051406797055264415,665,You can have the bottom half and I’ll have the top half.
4008,4963,1,7,53,61,1.1475409836065573,0.051406797055264415,665,"Hey, if you need a good massage..."
3350,4963,0,9,52,61,1.1475409836065573,0.04578439358612767,665,He thinks it's turtles all the way down.
4362,4963,0,9,52,61,1.1475409836065573,0.04578439358612767,665,Is it still there?
4312,4963,0,9,52,61,1.1475409836065573,0.04578439358612767,665,"Hey Doc, I have a tingling sensation on my back. Can you take a look?"
3994,4963,0,9,52,61,1.1475409836065573,0.04578439358612767,665,He’s telling everyone he’s a land shark!
4370,4963,0,9,52,61,1.1475409836065573,0.04578439358612767,665,Shark selfie.
4449,4963,1,7,53,61,1.1475409836065573,0.051406797055264415,665,Successful Uber drivers always keep moving.
4464,4963,1,7,53,61,1.1475409836065573,0.051406797055264415,665,So the caravan didn't work huh?
4586,4963,1,7,53,61,1.1475409836065573,0.051406797055264415,665,"No, no, he's really nice once you get to know him."
4590,4963,2,5,54,61,1.1475409836065573,0.056472177848147814,665,What does cowabunga mean?
4605,4963,1,7,53,61,1.1475409836065573,0.051406797055264415,665,I’m feeling a little weighed down lately how ‘bout you Gary?
4607,4963,1,7,53,61,1.1475409836065573,0.051406797055264415,665,"And how sure are you about this ""heaven""?"
4612,4963,2,5,54,61,1.1475409836065573,0.056472177848147814,665,It's a synbiotic relationship. He gives me ashiatsu massages and I don't eat him.
4630,4963,0,9,52,61,1.1475409836065573,0.04578439358612767,665,"Don’t fall for it. It’s shark bait from Jaws X, the reality show."
4306,4963,1,7,53,61,1.1475409836065573,0.051406797055264415,665,"Jealous, huh? This is my Uber Eats guy."
3978,4963,0,9,52,61,1.1475409836065573,0.04578439358612767,665,I’m not sure if these are snacks or the full body
3634,4963,1,7,53,61,1.1475409836065573,0.051406797055264415,665,His name is Rey Mora
3897,4963,2,5,54,61,1.1475409836065573,0.056472177848147814,665,Bro his metatorsal is on my dorsal.
3396,4963,0,9,52,61,1.1475409836065573,0.04578439358612767,665,Leftovers again tonight!
3348,4963,1,7,53,61,1.1475409836065573,0.051406797055264415,665,Shark skin pedicures are about all i can offer the gig economy these days
3461,4963,2,5,54,61,1.1475409836065573,0.056472177848147814,665,I had a big breakfast.
4655,4963,2,5,54,61,1.1475409836065573,0.056472177848147814,665,"Honey, I think I might have a lyme disease?!?!"
3325,4963,2,5,54,61,1.1475409836065573,0.056472177848147814,665,I'll let him play apex predator for a little longer and then we'll have lunch.
3215,4963,1,7,53,61,1.1475409836065573,0.051406797055264415,665,He gave me a fifty and said to follow that tuna and make it quick.
3163,4963,1,7,53,61,1.1475409836065573,0.051406797055264415,665,They’ve broken my spirit with these sensors. My element of surprise is gone and they just toy with me.
3165,4963,1,7,53,61,1.1475409836065573,0.051406797055264415,665,"He thought *I* was a surfboard. Ironic, right?"
3206,4963,0,9,52,61,1.1475409836065573,0.04578439358612767,665,"Ja, ve call our new ride-sharing service Ü-ber."
3205,4963,0,9,52,61,1.1475409836065573,0.04578439358612767,665,I get the bottom half
3964,4963,1,7,53,61,1.1475409836065573,0.051406797055264415,665,I'm giving him time to phone a friend
3169,4963,1,7,53,61,1.1475409836065573,0.051406797055264415,665,Uber is piloting this new service to prepare for climate change.
3480,4963,0,9,52,61,1.1475409836065573,0.04578439358612767,665,"Well, I've picked up some extra cash working for ScUber, so I don't really mind."
3489,4963,1,7,53,61,1.1475409836065573,0.051406797055264415,665,My boss is riding me about making partner.
3512,4963,1,7,53,61,1.1475409836065573,0.051406797055264415,665,I brought takeout.  We're going to spend the evening sharing.
3522,4963,0,9,52,61,1.1475409836065573,0.04578439358612767,665,He says he’s from a TV show and wants to intern with us.
3528,4963,0,9,52,61,1.1475409836065573,0.04578439358612767,665,"It's Fonzie, again."
3617,4963,0,9,52,61,1.1475409836065573,0.04578439358612767,665,It's community service. I was caught shark-lifting.
3636,4963,2,5,54,61,1.1475409836065573,0.056472177848147814,665,I'm waiting for dinner time.  Want to come over?
3670,4963,0,9,52,61,1.1475409836065573,0.04578439358612767,665,"Yeah, I was gonna eat him until he said we should all wait until the 2020 elections are over."
3677,4963,1,7,53,61,1.1475409836065573,0.051406797055264415,665,Indian poker? Who invented this stupid game?
3890,4963,0,9,52,61,1.1475409836065573,0.04578439358612767,665,Daddy human. Doo Doo Doo Doo Doo Doo. Daddy human. Doo Doo Doo Doo Doo Doo. Daddy human. Doo Doo Doo Doo Doo Doo. It's the end.
3473,4963,1,7,53,61,1.1475409836065573,0.051406797055264415,665,I caught really do with a bite right now.
4669,4963,2,5,54,61,1.1475409836065573,0.056472177848147814,665,His torso gave me indigestion.
6152,4963,1,7,53,61,1.1475409836065573,0.051406797055264415,665,Every now and then it's good  to take a stab at  public relations.
4737,4963,0,9,52,61,1.1475409836065573,0.04578439358612767,665,Soups on.
5666,4963,2,5,54,61,1.1475409836065573,0.056472177848147814,665,"On the count of three, I submerge and you grab."
5677,4963,1,7,53,61,1.1475409836065573,0.051406797055264415,665,This is too easy!
5682,4963,1,7,53,61,1.1475409836065573,0.051406797055264415,665,I LOST MY PERISCOPE.
5687,4963,1,7,53,61,1.1475409836065573,0.051406797055264415,665,It's good for my back.
5701,4963,1,7,53,61,1.1475409836065573,0.051406797055264415,665,"First, we were overfished and now we're support animals?  I don't get it."
5729,4963,0,9,52,61,1.1475409836065573,0.04578439358612767,665,Now I will open my mouth and you just move aside with a sharp jerk.
5741,4963,0,9,52,61,1.1475409836065573,0.04578439358612767,665,You want to split it?
5800,4963,0,9,52,61,1.1475409836065573,0.04578439358612767,665,"You go ahead, pal, I prefer breast meat."
5835,4963,1,7,53,61,1.1475409836065573,0.051406797055264415,665,Stick around. He’s very persuasive.
5937,4963,1,7,53,61,1.1475409836065573,0.051406797055264415,665,Is it dinner or a snack?
5612,4963,2,5,54,61,1.1475409836065573,0.056472177848147814,665,No. We never promised a 20-minute delivery guarantee.
5955,4963,1,7,53,61,1.1475409836065573,0.051406797055264415,665,An accessory I never should have bought
5971,4963,1,7,53,61,1.1475409836065573,0.051406797055264415,665,We need to keep our entrepreneurs a float.
5972,4963,1,7,53,61,1.1475409836065573,0.051406797055264415,665,Sharks finnnnnnnn
6025,4963,3,3,55,61,1.1475409836065573,0.061119186499368025,665,He’s paying me an arm and a leg. There were not enough Uber boats so sharks had to step in.
6050,4963,2,5,54,61,1.1475409836065573,0.056472177848147814,665,I was a stand up comedian before getting into the paddling business
6098,4963,0,9,52,61,1.1475409836065573,0.04578439358612767,665,"We're a new subsidiary, ""Uber.cool"""
3151,4963,1,7,53,61,1.1475409836065573,0.051406797055264415,665,"They’re still scared, maybe I shouldn’t have used Liam Neeson."
6176,4963,2,5,54,61,1.1475409836065573,0.056472177848147814,665,"I hate to let a good meal go to waist."""
6186,4963,1,7,53,61,1.1475409836065573,0.051406797055264415,665,"You look skeptical, but I'm telling you this summer it's all about deep tissue."
6197,4963,1,7,53,61,1.1475409836065573,0.051406797055264415,665,I have a headache.  I have a 150 pounding headache.
6262,4963,1,7,53,61,1.1475409836065573,0.051406797055264415,665,"Apparently, it was either this or the network was going to cancel."
5958,4963,1,7,53,61,1.1475409836065573,0.051406797055264415,665,It's fine. He's filming a spot for 'Shark Week.
5594,4963,1,7,53,61,1.1475409836065573,0.051406797055264415,665,I'm calling it 'MAXI-TAXI:WE TAKE YOU ALL THE WAY HOME'
5559,4963,0,9,52,61,1.1475409836065573,0.04578439358612767,665,Our special this evening is surf'in' turf.
5516,4963,0,9,52,61,1.1475409836065573,0.04578439358612767,665,Are you kidding me ?
4770,4963,1,7,53,61,1.1475409836065573,0.051406797055264415,665,"His official job title is VP for Consumer Development but we just call him ""bait."""
4837,4963,1,7,53,61,1.1475409836065573,0.051406797055264415,665,Lucky guy
4926,4963,2,5,54,61,1.1475409836065573,0.056472177848147814,665,What did the top half taste like?
4945,4963,1,7,53,61,1.1475409836065573,0.051406797055264415,665,"Well, then, you should have asked for fries when you placed your order."
4948,4963,1,7,53,61,1.1475409836065573,0.051406797055264415,665,"What,Walter--nothing on the side?"
4972,4963,0,9,52,61,1.1475409836065573,0.04578439358612767,665,All clear up here
4998,4963,2,5,54,61,1.1475409836065573,0.056472177848147814,665,This boogie board ride is going to end badly.
5023,4963,0,9,52,61,1.1475409836065573,0.04578439358612767,665,He told me he’s a shark boarder
5033,4963,1,7,53,61,1.1475409836065573,0.051406797055264415,665,It's my retirement plan.
5044,4963,0,9,52,61,1.1475409836065573,0.04578439358612767,665,I'm going to need a bigger boy.
5068,4963,1,7,53,61,1.1475409836065573,0.051406797055264415,665,You've never heard of 'bait and switch'? The whole herd will have a smorgasbord for lunch!
5130,4963,1,7,53,61,1.1475409836065573,0.051406797055264415,665,It's your turn to float around with him before we go to lunch.
5233,4963,0,9,52,61,1.1475409836065573,0.04578439358612767,665,"I remember the time he was dating you. He used to stay above water, no?"
5244,4963,2,5,54,61,1.1475409836065573,0.056472177848147814,665,He won't jump off!_
5255,4963,2,5,54,61,1.1475409836065573,0.056472177848147814,665,It's time for my break now.
5257,4963,0,9,52,61,1.1475409836065573,0.04578439358612767,665,People never really know they’re stepping on in the ocean
5293,4963,2,5,54,61,1.1475409836065573,0.056472177848147814,665,"Our earth is dying. Humans are destroying our seas, our forests, and our atmosphere. We’re almost past the point of no return. This is not a joke."
5332,4963,1,7,53,61,1.1475409836065573,0.051406797055264415,665,Just warming up dinner.
5356,4963,0,9,52,61,1.1475409836065573,0.04578439358612767,665,It's harder to eat when you drive for Uber.
5375,4963,1,7,53,61,1.1475409836065573,0.051406797055264415,665,This is what I call an eco-friendly move.
5377,4963,1,7,53,61,1.1475409836065573,0.051406797055264415,665,One more carpet shark joke and I’m not sharing him with you.
5382,4963,1,7,53,61,1.1475409836065573,0.051406797055264415,665,When I was a kid I always wanted to play submarine.
5451,4963,2,5,54,61,1.1475409836065573,0.056472177848147814,665,I was an extra in Sharknado 6.  True story.
4679,4963,1,7,53,61,1.1475409836065573,0.051406797055264415,665,Please.  Don't hate me.  I'm trying to be good.
3096,4963,1,7,53,61,1.1475409836065573,0.051406797055264415,665,I can't get this monkey off my back.
5246,4963,1,7,53,61,1.1475409836065573,0.051406797055264415,665,It is actually the devil and he walks on sharks.
2913,4963,0,9,52,61,1.1475409836065573,0.04578439358612767,665,"You know, I've heard of white privilege but this is ridiculous."
761,4963,2,5,54,61,1.1475409836065573,0.056472177848147814,665,It's being widely reported as another great white supremacist sighting.
779,4963,2,5,54,61,1.1475409836065573,0.056472177848147814,665,"Yeah, shark surfing. It's a living."
813,4963,1,7,53,61,1.1475409836065573,0.051406797055264415,665,Sentencing for biting surfboards is getting tougher.
836,4963,2,5,54,61,1.1475409836065573,0.056472177848147814,665,‘This foot crisis is weighing me down.’
838,4963,2,5,54,61,1.1475409836065573,0.056472177848147814,665,'I thought you said he was supposed to jump'.
868,4963,2,5,54,61,1.1475409836065573,0.056472177848147814,665,He gives great massages. To bad i will have him for dinner.
904,4963,0,9,52,61,1.1475409836065573,0.04578439358612767,665,"I'm between jobs at the moment, but this Grubhub gig isn't too bad."
973,4963,1,7,53,61,1.1475409836065573,0.051406797055264415,665,Best dorsal massage in the ocean.
1017,4963,1,7,53,61,1.1475409836065573,0.051406797055264415,665,How come I always get the lower half?
1028,4963,0,9,52,61,1.1475409836065573,0.04578439358612767,665,My chiropractor recommend this
1061,4963,1,7,53,61,1.1475409836065573,0.051406797055264415,665,Where's baby shark?
1109,4963,1,7,53,61,1.1475409836065573,0.051406797055264415,665,"He brings me all the krill I can eat. If he ever stops, we’ll ..."
1134,4963,2,5,54,61,1.1475409836065573,0.056472177848147814,665,My wife said Phinn is supposed to help me be a little more discrete in public.
1176,4963,2,5,54,61,1.1475409836065573,0.056472177848147814,665,This was not my dream.
1193,4963,1,7,53,61,1.1475409836065573,0.051406797055264415,665,I got a Monkey on my back !
1223,4963,0,9,52,61,1.1475409836065573,0.04578439358612767,665,Should I?
1278,4963,1,7,53,61,1.1475409836065573,0.051406797055264415,665,"You want to break the news to him, or shall I?"
1295,4963,2,5,54,61,1.1475409836065573,0.056472177848147814,665,Should we give him a standing ovation before his obliteration?
1386,4963,0,9,52,61,1.1475409836065573,0.04578439358612767,665,You take the left ankle I'm not all that hungry
751,4963,0,9,52,61,1.1475409836065573,0.04578439358612767,665,"Do you want to tell him, or should I?"
724,4963,1,7,53,61,1.1475409836065573,0.051406797055264415,665,When are they going to remake Jaws? This is getting ridiculous.
677,4963,0,9,52,61,1.1475409836065573,0.04578439358612767,665,I've got a lot on my mind.
579,4963,2,5,54,61,1.1475409836065573,0.056472177848147814,665,I'm baking the rest.
9,4963,1,7,53,61,1.1475409836065573,0.051406797055264415,665,Whoever said these were shark infested waters is wrong Dad.
10,4963,0,9,52,61,1.1475409836065573,0.04578439358612767,665,"I know, but I have a bad toothache."
32,4963,1,7,53,61,1.1475409836065573,0.051406797055264415,665,This court dismisses pulling a rabbit out of a hat as evidence
59,4963,2,5,54,61,1.1475409836065573,0.056472177848147814,665,Don't you just hate it when you can't reach that last bit you your lunch?
75,4963,1,7,53,61,1.1475409836065573,0.051406797055264415,665,"Yeah, life hasn't been the same since I signed with Suber"
78,4963,0,9,52,61,1.1475409836065573,0.04578439358612767,665,Bait and switch.
141,4963,1,7,53,61,1.1475409836065573,0.051406797055264415,665,Could you speak up? There's a guy stepping on my ears.
153,4963,0,9,52,61,1.1475409836065573,0.04578439358612767,665,What?  Do I have a piece of human caught between my teeth?
162,4963,0,9,52,61,1.1475409836065573,0.04578439358612767,665,"Uber Shark, doo doo doo doo doo doo
Uber Shark, doo doo doo doo doo doo"
1403,4963,0,9,52,61,1.1475409836065573,0.04578439358612767,665,When I started swimming for Uber I thought I would be my own boss.
217,4963,2,5,54,61,1.1475409836065573,0.056472177848147814,665,"I swallowed the surf board, but how did I miss the surfer?!?"
233,4963,1,7,53,61,1.1475409836065573,0.051406797055264415,665,Why do you think they call us Sand Sharks?
264,4963,2,5,54,61,1.1475409836065573,0.056472177848147814,665,Tell me when he moves. I'm hungry.
335,4963,1,7,53,61,1.1475409836065573,0.051406797055264415,665,My treat.
374,4963,1,7,53,61,1.1475409836065573,0.051406797055264415,665,"Remember ""the Fonz?""  Well, he tried it again!"
388,4963,0,9,52,61,1.1475409836065573,0.04578439358612767,665,I told you not eat so fast!
400,4963,1,7,53,61,1.1475409836065573,0.051406797055264415,665,Would you like a roll of toilet paper?
407,4963,0,9,52,61,1.1475409836065573,0.04578439358612767,665,I think I found the cure for my ennui. Shall we?
537,4963,0,9,52,61,1.1475409836065573,0.04578439358612767,665,I feel so guilty--I devoured his surf board.
565,4963,0,9,52,61,1.1475409836065573,0.04578439358612767,665,I like a good back massage before dinner.
220,4963,1,7,53,61,1.1475409836065573,0.051406797055264415,665,We're trying out for a new reality show.
1528,4963,0,9,52,61,1.1475409836065573,0.04578439358612767,665,This one is too skinny so we made a deal.  He gets ten minutes to find a fatter lunch morsel for me.
1272,4963,1,7,53,61,1.1475409836065573,0.051406797055264415,665,Must be one of those bleeding heart 'live and let live' idiots.
1854,4963,1,7,53,61,1.1475409836065573,0.051406797055264415,665,He said he'd introduce me to his fat uncle.
1589,4963,1,7,53,61,1.1475409836065573,0.051406797055264415,665,"If he finds out,they'll close the beach for weeks!"
2392,4963,2,5,54,61,1.1475409836065573,0.056472177848147814,665,I would've started Uber sooner but they had a pretty thorough background check.
2401,4963,2,5,54,61,1.1475409836065573,0.056472177848147814,665,I get paid by the pound!
2444,4963,1,7,53,61,1.1475409836065573,0.051406797055264415,665,"Next time, you get the take out!"
2456,4963,2,5,54,61,1.1475409836065573,0.056472177848147814,665,"I,ve got gas."
2496,4963,1,7,53,61,1.1475409836065573,0.051406797055264415,665,"SUP""! ""SUP!"" Do you know anything about this 'SUP' frenzy"
2539,4963,0,9,52,61,1.1475409836065573,0.04578439358612767,665,"The dufus thought he was stepping into shallow water. In about five seconds I’m going flip up my head, open my mouth as wide as I can and swallow him whole."
2545,4963,2,5,54,61,1.1475409836065573,0.056472177848147814,665,Evolving Remoras...
2584,4963,2,5,54,61,1.1475409836065573,0.056472177848147814,665,"If he hurts, I eat him."
2362,4963,1,7,53,61,1.1475409836065573,0.051406797055264415,665,These tourists walking all over us are starting to make me feel very salty.
2590,4963,2,5,54,61,1.1475409836065573,0.056472177848147814,665,"We are sharks, but there is a person standing on me."
2760,4963,1,7,53,61,1.1475409836065573,0.051406797055264415,665,"I liked it better when they swam with us, not really into this paddle boarding thing"
2790,4963,1,7,53,61,1.1475409836065573,0.051406797055264415,665,What?  It just happened.
2802,4963,1,7,53,61,1.1475409836065573,0.051406797055264415,665,Don't go into the bay... tech bros are ruthless this time of year.
2810,4963,1,7,53,61,1.1475409836065573,0.051406797055264415,665,What?! Everybody's wearing one!
2820,4963,0,9,52,61,1.1475409836065573,0.04578439358612767,665,It’s human yoga followed by dinner
2830,4963,0,9,52,61,1.1475409836065573,0.04578439358612767,665,"Tell me the truth, does this dad hat scream hipster?"
2844,4963,1,7,53,61,1.1475409836065573,0.051406797055264415,665,I already had half for dinner but I'm gonna hold on to the other half in case I want a late night snack.
2898,4963,1,7,53,61,1.1475409836065573,0.051406797055264415,665,"I GET THE BOTTOM, you get the top half"
2899,4963,1,7,53,61,1.1475409836065573,0.051406797055264415,665,YOU  WOULDN'T  BELIEVE  HOW  GOOD  THIS  FEELS.
2630,4963,0,9,52,61,1.1475409836065573,0.04578439358612767,665,"I thought he'd look good in the aquarium, turns blue and expands."
2348,4963,2,5,54,61,1.1475409836065573,0.056472177848147814,665,I love feet.
2367,4963,1,7,53,61,1.1475409836065573,0.051406797055264415,665,I should have signed up as an Uber driver instead of letting this jerk ride me for free.
2316,4963,1,7,53,61,1.1475409836065573,0.051406797055264415,665,"He's not the best, but most ashiatsu services don't do house calls."
1859,4963,0,9,52,61,1.1475409836065573,0.04578439358612767,665,"Hey look, I'm a surfboard!"
1879,4963,2,5,54,61,1.1475409836065573,0.056472177848147814,665,I know. I know. But I like getting my belly waxed.
1931,4963,1,7,53,61,1.1475409836065573,0.051406797055264415,665,If I knew that this is what a paralegal had to do I would have studied something else.
1942,4963,0,9,52,61,1.1475409836065573,0.04578439358612767,665,Green party warfare doctrine: Down with submarines.
1997,4963,2,5,54,61,1.1475409836065573,0.056472177848147814,665,I feel like we've come a long way since JAWS.
2042,4963,0,9,52,61,1.1475409836065573,0.04578439358612767,665,"No, I am not going down alone"
2925,4963,0,9,52,61,1.1475409836065573,0.04578439358612767,665,I told you they'd take advantage of us
2341,4963,2,5,54,61,1.1475409836065573,0.056472177848147814,665,Bro its Steven Spielberg. You can't eat him
2128,4963,1,7,53,61,1.1475409836065573,0.051406797055264415,665,What? It’s a flavor saver.
2150,4963,1,7,53,61,1.1475409836065573,0.051406797055264415,665,"I always pack a snack--low blood sugar, you know."
2092,4963,1,7,53,61,1.1475409836065573,0.051406797055264415,665,He wants a pedicure!
2163,4963,0,9,52,61,1.1475409836065573,0.04578439358612767,665,"Yes, Stan, it is frustrating that I cannot touch the top of my head."
2155,4963,3,3,55,61,1.1475409836065573,0.061119186499368025,665,I’m trying to be the perfect host.
2241,4963,1,7,53,61,1.1475409836065573,0.051406797055264415,665,"Its an ok decoy, but “Free Beer Guy” doesn’t work as well as “Big Breast Lady” ."
2236,4963,0,9,52,61,1.1475409836065573,0.04578439358612767,665,I swear people think they can walk all over me.
2220,4963,0,9,52,61,1.1475409836065573,0.04578439358612767,665,Way better than goat massage.
2295,4963,2,5,54,61,1.1475409836065573,0.056472177848147814,665,They are taking this Baby Shark song a bit too far.
2207,4963,0,9,52,61,1.1475409836065573,0.04578439358612767,665,"These humans are taking their obsession with ""Baby Shark"" a bit too far."
2197,4963,1,7,53,61,1.1475409836065573,0.051406797055264415,665,One stomp - human edibles. Two stomps - a boat.
2213,4963,1,7,53,61,1.1475409836065573,0.051406797055264415,665,These remoras are getting so annoying.
3129,5160,2,6,60,68,1.1470588235294117,0.052441304127157654,665,please leave him for me
4364,5160,1,8,59,68,1.1470588235294117,0.04807399313332187,665,"I know. He's dum, but I'm sort of attached to him"
4835,5162,1,7,54,62,1.1451612903225807,0.050626817657001666,665,He’s adjusting his scuba gear
5333,5162,1,7,54,62,1.1451612903225807,0.050626817657001666,665,Want to flip a coin?
4342,5162,1,7,54,62,1.1451612903225807,0.050626817657001666,665,Hang ten my fins.
3172,5162,2,5,55,62,1.1451612903225807,0.05560481450241429,665,I'm accidentally grabbed the vegan option.
2549,5162,1,7,54,62,1.1451612903225807,0.050626817657001666,665,It's Mark Cuban again.
1235,5162,2,5,55,62,1.1451612903225807,0.05560481450241429,665,"„It‘s a Double Whopper, he‘s carrying a toddler!“"
4830,5168,0,9,54,63,1.1428571428571428,0.04444078691701821,665,"Climate change killed my remora, and this clown's house is underwater, but he doesn't eat the scraps."
5830,5168,1,7,55,63,1.1428571428571428,0.04986999410368025,665,They say the adaptable survive.
1632,5168,2,5,56,63,1.1428571428571428,0.054763574408528054,665,I like the President's confidence. Let's count to 3 and ...
324,5168,3,3,57,63,1.1428571428571428,0.05925438255602429,665,Ashiatsu. Works out my aggressions.
5546,5168,1,7,55,63,1.1428571428571428,0.04986999410368025,665,"Life is moving by pretty fast at my age, I’m just trying to slow down, not stop of course, and smell the roses"
6074,5168,1,7,55,63,1.1428571428571428,0.04986999410368025,665,I think I‘m having a long lasting sleep paralysis...
2886,5168,2,5,56,63,1.1428571428571428,0.054763574408528054,665,I told you I'd get rven
6171,5175,1,6,51,58,1.1379310344827587,0.051875157633235774,665,He used to hang twenty.
5096,5175,0,8,50,58,1.1379310344827587,0.04567352955396704,665,"It's only fair. I ate his surfboard.""  -Stephen West, Laurel M"
4644,5175,0,8,50,58,1.1379310344827587,0.04567352955396704,665,I've got to up my game.
4487,5175,2,4,52,58,1.1379310344827587,0.05741073642646485,665,I'm making a killing on this Scuber gig.
4309,5175,1,6,51,58,1.1379310344827587,0.051875157633235774,665,"I'm supposed to wait 30 minutes
after ingesting the upper torso."
3264,5175,0,8,50,58,1.1379310344827587,0.04567352955396704,665,Are you kidding me? Where has the challenge gone?
2757,5175,1,6,51,58,1.1379310344827587,0.051875157633235774,665,"He saved Ernie by grabbing that harpoon, so yeah, just this one time ..."
2388,5175,1,6,51,58,1.1379310344827587,0.051875157633235774,665,He's standing on my reputation.
2208,5175,1,6,51,58,1.1379310344827587,0.051875157633235774,665,"He thinks he's swimming with dolphins, hee,hee,hee..."
3625,5175,1,6,51,58,1.1379310344827587,0.051875157633235774,665,My handicap is human
1246,5175,1,6,51,58,1.1379310344827587,0.051875157633235774,665,It hurts me more than it will hurt him.
218,5175,2,4,52,58,1.1379310344827587,0.05741073642646485,665,"Ever since big pharma turned off the Internet pipes, they had to find some new form of amusement."
1760,5175,0,8,50,58,1.1379310344827587,0.04567352955396704,665,He thought I was his Lyft
854,5188,2,5,59,66,1.1363636363636365,0.052385355506078195,665,"Don't swing at it, I'm allergic to them."
3222,5189,0,8,51,59,1.1355932203389831,0.04495355820696532,665,"They said he was going to jump the shark but here it is, another season, and he's still here"
3270,5189,0,8,51,59,1.1355932203389831,0.04495355820696532,665,Ride-sharing sucks!”
3386,5189,0,8,51,59,1.1355932203389831,0.04495355820696532,665,Shark skin is the new pumice.
3706,5189,0,8,51,59,1.1355932203389831,0.04495355820696532,665,Now I really am a fluke.
4245,5189,1,6,52,59,1.1355932203389831,0.05104190368129809,665,Get off my back
4641,5189,1,6,52,59,1.1355932203389831,0.05104190368129809,665,He thinks he's not over his head
4762,5189,0,8,51,59,1.1355932203389831,0.04495355820696532,665,"But when /I/ do this to him, he freaks out . . ."
5048,5189,1,6,52,59,1.1355932203389831,0.05104190368129809,665,"1. When do you think it is a good time to tell him you are not a surfboard?
2. And they thought the unlicensed taxi drivers were dangerous...
3. What do you call a man sitting on a shark? Fred a staire!"
5895,5189,1,6,52,59,1.1355932203389831,0.05104190368129809,665,I always travel with snacks
5524,5189,1,6,52,59,1.1355932203389831,0.05104190368129809,665,What you don’t know can’t hurt you.
5436,5189,1,6,52,59,1.1355932203389831,0.05104190368129809,665,Would you believe he thought “jump the shark” meant jump ONTO the shark?
5405,5189,0,8,51,59,1.1355932203389831,0.04495355820696532,665,The unintended consequences of Blackfish....
3177,5189,0,8,51,59,1.1355932203389831,0.04495355820696532,665,"Look at those great toes, I will take the right leg!"
5175,5189,0,8,51,59,1.1355932203389831,0.04495355820696532,665,Am saving my lunch for later.
4833,5189,0,8,51,59,1.1355932203389831,0.04495355820696532,665,I charge by the depth and wave length. The company that sets it up is Baracuber.
2774,5189,1,6,52,59,1.1355932203389831,0.05104190368129809,665,"Swim away, doo doo doo doo doo doo."
6221,5189,0,8,51,59,1.1355932203389831,0.04495355820696532,665,No. I’m working my Uber gig.
2334,5189,0,8,51,59,1.1355932203389831,0.04495355820696532,665,If humans can be vegetarian so can sharks
2265,5189,1,6,52,59,1.1355932203389831,0.05104190368129809,665,My latest hanger on needs oxygen.
2125,5189,0,8,51,59,1.1355932203389831,0.04495355820696532,665,Is it just passed hors d'oeuvres or are they serving dinner?
2021,5189,1,6,52,59,1.1355932203389831,0.05104190368129809,665,"Well it did say Neptune Jnr. on his drivers licence"""
1421,5189,1,6,52,59,1.1355932203389831,0.05104190368129809,665,"I don't know, I just downloaded the app..."
983,5189,0,8,51,59,1.1355932203389831,0.04495355820696532,665,"When I move, we'll have lunch."
541,5189,1,6,52,59,1.1355932203389831,0.05104190368129809,665,"Yes, I saw what they did to the wolves, Eddy."
467,5189,0,8,51,59,1.1355932203389831,0.04495355820696532,665,I feel the weight of life pushing me down.
413,5189,0,8,51,59,1.1355932203389831,0.04495355820696532,665,"Well, I _am_ smiling."
128,5189,0,8,51,59,1.1355932203389831,0.04495355820696532,665,Lemme see you're slam dunk.
2408,5189,0,8,51,59,1.1355932203389831,0.04495355820696532,665,Does he know how tasteless his bare legs are!
3635,5217,1,6,53,60,1.1333333333333333,0.05023485333552976,665,Want a drumstick and a thigh?
2140,5217,0,8,52,60,1.1333333333333333,0.044255719836307675,665,It's symbiotic. He knows all the best places to eat.
630,5217,0,8,52,60,1.1333333333333333,0.044255719836307675,665,"It’s temporary, just until I get him a new board."
397,5217,2,4,54,60,1.1333333333333333,0.05557438475642006,665,Are you a leg or a breast man?
5231,5217,0,8,52,60,1.1333333333333333,0.044255719836307675,665,OK--What'll ya give me for him?
2071,5222,2,4,55,61,1.1311475409836065,0.054699426256796496,665,Oh spare me your attitude.  He's my chiropractor.
3944,5222,0,8,53,61,1.1311475409836065,0.04357902084672543,665,We expect to bring opportunity to people who would otherwise never access the exposure to liquidity or the mentorship the shark tank experience will provide.”
4268,5222,1,6,54,61,1.1311475409836065,0.049452797144256905,665,"Ever since the Wreck beached me, I've been under foot."
5303,5222,0,8,53,61,1.1311475409836065,0.04357902084672543,665,He knows they'll believe he can really float vertically.
3157,5226,0,7,48,55,1.1272727272727272,0.04535342286998717,665,Transfer available?
4597,5226,2,3,50,55,1.1272727272727272,0.05834153162906526,665,"He's part of my PR campaign to show a softer side."""
4575,5226,1,5,49,55,1.1272727272727272,0.05225259457122248,665,It works great!  They never see you coming.
4548,5226,0,7,48,55,1.1272727272727272,0.04535342286998717,665,You didn’t pack a lunch?
4447,5226,0,7,48,55,1.1272727272727272,0.04535342286998717,665,He's from Chicago. He thinks I'm a dolphin.
4329,5226,0,7,48,55,1.1272727272727272,0.04535342286998717,665,It's called foot massage.  You really oughta try it.
4311,5226,0,7,48,55,1.1272727272727272,0.04535342286998717,665,"Genius,he thinks he's touching bottom.I'll use him as an appetizer."
2973,5226,0,7,48,55,1.1272727272727272,0.04535342286998717,665,"I know it's a bad look, but it does wonders for the sore spot next to my dorsal fin."
4296,5226,1,5,49,55,1.1272727272727272,0.05225259457122248,665,"The remoras I'd been working with died because of all the plastic and shit in the water, so now I've got this intern fresh out of Oberlin. I can only catch like 50 percent of what he says, but I get the sense he's a total bitch."
4280,5226,0,7,48,55,1.1272727272727272,0.04535342286998717,665,The shorts aren't my taste.
4099,5226,0,7,48,55,1.1272727272727272,0.04535342286998717,665,That aquarium gig is starting to look a helluva lot better
3190,5226,0,7,48,55,1.1272727272727272,0.04535342286998717,665,"I know it's dangerous, but I just love the thrill of it all."
4060,5226,0,7,48,55,1.1272727272727272,0.04535342286998717,665,No.  Nobody will see him because I bit him in half.
3766,5226,1,5,49,55,1.1272727272727272,0.05225259457122248,665,AH! What is it? Where is it? Get it off!
3716,5226,0,7,48,55,1.1272727272727272,0.04535342286998717,665,"The apprentice in the shark tank is riding you. 
He won't drain the swamp."
3419,5226,0,7,48,55,1.1272727272727272,0.04535342286998717,665,"What can I say? The pay is good, and I get lunch for free!"
4667,5226,0,7,48,55,1.1272727272727272,0.04535342286998717,665,I subscribed to that new ride sharing service.
2995,5226,0,7,48,55,1.1272727272727272,0.04535342286998717,665,Will you cut his toenails?
3152,5226,0,7,48,55,1.1272727272727272,0.04535342286998717,665,I'm just here to support people.
4153,5226,1,5,49,55,1.1272727272727272,0.05225259457122248,665,"I ate the top half for lunch but I'm saving the bottom half for later, it's an aphrodisiac."""
4756,5226,1,5,49,55,1.1272727272727272,0.05225259457122248,665,Weird flex but okay.
5475,5226,0,7,48,55,1.1272727272727272,0.04535342286998717,665,Feels a little light for my taste.
5152,5226,1,5,49,55,1.1272727272727272,0.05225259457122248,665,"Riding shark, doo doo"
6290,5226,0,7,48,55,1.1272727272727272,0.04535342286998717,665,Surf & Turf vacation contest.  Its actually incredibly difficult to win.
6236,5226,0,7,48,55,1.1272727272727272,0.04535342286998717,665,I wish these tourists would use pumice stones.
6049,5226,1,5,49,55,1.1272727272727272,0.05225259457122248,665,It's payback. I chewed up his surfboard.
6030,5226,0,7,48,55,1.1272727272727272,0.04535342286998717,665,Hey! Stop giving me that look!
2958,5226,0,7,48,55,1.1272727272727272,0.04535342286998717,665,I sold our air rights to send the kids to school.
6010,5226,0,7,48,55,1.1272727272727272,0.04535342286998717,665,Is it me or does my remora smell like feet?
6005,5226,1,5,49,55,1.1272727272727272,0.05225259457122248,665,OSHA said we present the workplace hazard to him?
5990,5226,0,7,48,55,1.1272727272727272,0.04535342286998717,665,"""It's not scary this way."""
5907,5226,1,5,49,55,1.1272727272727272,0.05225259457122248,665,"Eeny, meeny, miny, moe..."
5857,5226,1,5,49,55,1.1272727272727272,0.05225259457122248,665,These humans have been all over my back about these recent attacks
5670,5226,1,5,49,55,1.1272727272727272,0.05225259457122248,665,It's your turn to remind them we're not dolphins.
5576,5226,0,7,48,55,1.1272727272727272,0.04535342286998717,665,"I couldn't swim the sharks, I guess, and that's why I became an Uber driver."
5564,5226,0,7,48,55,1.1272727272727272,0.04535342286998717,665,It's an Uber experimental ride-share-eat option.
5555,5226,1,5,49,55,1.1272727272727272,0.05225259457122248,665,"dibs on the thighs"""
5458,5226,0,7,48,55,1.1272727272727272,0.04535342286998717,665,"Says he's a TV writer and needs to learn fast, how to 'jump the shark'."
5426,5226,0,7,48,55,1.1272727272727272,0.04535342286998717,665,You know what I hate Bruce? When the tourists from Arizona start hanging out at the beach and pretend to know what they are doing.
5407,5226,0,7,48,55,1.1272727272727272,0.04535342286998717,665,I heard this place has the best foot massages.
5366,5226,0,7,48,55,1.1272727272727272,0.04535342286998717,665,"I acknowledge that the gig economy has its downsides, Justin."
5362,5226,0,7,48,55,1.1272727272727272,0.04535342286998717,665,"You may have his lower half, and I'll finish off the upper."
5291,5226,1,5,49,55,1.1272727272727272,0.05225259457122248,665,"My mom takes school spirit week very seriously. You should have seen what she made me wear for ""Crazy Sock Day."""
5241,5226,2,3,50,55,1.1272727272727272,0.05834153162906526,665,Working for Uber to put food on the table.
4859,5226,2,3,50,55,1.1272727272727272,0.05834153162906526,665,It’s actually quite comfortable. I think everyone will be wearing one next season.
2914,5226,1,5,49,55,1.1272727272727272,0.05225259457122248,665,It really helps with my upper back pain.
3154,5226,0,7,48,55,1.1272727272727272,0.04535342286998717,665,Is that you dear? Thanks for the foot massage.
2869,5226,1,5,49,55,1.1272727272727272,0.05225259457122248,665,A Daring Feet
1208,5226,0,7,48,55,1.1272727272727272,0.04535342286998717,665,"Do something, quick!  His toe nails are killing me!"
1186,5226,0,7,48,55,1.1272727272727272,0.04535342286998717,665,I am so hungry and I have a splitting headache.
1185,5226,1,5,49,55,1.1272727272727272,0.05225259457122248,665,"I want to eat him, but I'm afraid he'll lose his balance."
1026,5226,1,5,49,55,1.1272727272727272,0.05225259457122248,665,He's gonna swim with the fishes for this!
1024,5226,0,7,48,55,1.1272727272727272,0.04535342286998717,665,Who's left shark now!?
968,5226,1,5,49,55,1.1272727272727272,0.05225259457122248,665,I felt like this was one of those times I should call my sponsor.
772,5226,1,5,49,55,1.1272727272727272,0.05225259457122248,665,We don't want to evolve into surf boards
721,5226,0,7,48,55,1.1272727272727272,0.04535342286998717,665,Working for Uber makes me question myself.
1245,5226,0,7,48,55,1.1272727272727272,0.04535342286998717,665,"You wanna help me put the 'rip' in 'riptide?'"""
687,5226,1,5,49,55,1.1272727272727272,0.05225259457122248,665,You here for a foot massage or to eat them?
417,5226,1,5,49,55,1.1272727272727272,0.05225259457122248,665,«I think he got away...»
275,5226,0,7,48,55,1.1272727272727272,0.04535342286998717,665,There are advantages to being a sand shark.
199,5226,1,5,49,55,1.1272727272727272,0.05225259457122248,665,Free delivery!
168,5226,0,7,48,55,1.1272727272727272,0.04535342286998717,665,"Darling, John Williams is playing our song!"
158,5226,0,7,48,55,1.1272727272727272,0.04535342286998717,665,I packed my lunch today.
139,5226,1,5,49,55,1.1272727272727272,0.05225259457122248,665,Fin.
63,5226,0,7,48,55,1.1272727272727272,0.04535342286998717,665,I couldn't get a job coding.
2895,5226,1,5,49,55,1.1272727272727272,0.05225259457122248,665,"When he told me that we should reciprocate 'Shark Week' by instating 'Human Week,' I thought it made sense."
544,5226,0,7,48,55,1.1272727272727272,0.04535342286998717,665,My new barber took some liberties.
1292,5226,0,7,48,55,1.1272727272727272,0.04535342286998717,665,I'll split the take 50/50 if you get this jerk off my neck.
474,5226,1,5,49,55,1.1272727272727272,0.05225259457122248,665,I thought I'd stop by for a massage and a quick lunch.
1346,5226,0,7,48,55,1.1272727272727272,0.04535342286998717,665,Are you in or out on this deal?
1299,5226,0,7,48,55,1.1272727272727272,0.04535342286998717,665,I chose a massage over dinner
2673,5226,0,7,48,55,1.1272727272727272,0.04535342286998717,665,I have a biting business proposal for a new line of swimwear!
2670,5226,0,7,48,55,1.1272727272727272,0.04535342286998717,665,"I thought it wouldn't work out either, but he OWNS climate change!"
2514,5226,0,7,48,55,1.1272727272727272,0.04535342286998717,665,"Yeah, I know. But he gives a great foot massage."
2464,5226,1,5,49,55,1.1272727272727272,0.05225259457122248,665,of course you realize this means war?
2440,5226,0,7,48,55,1.1272727272727272,0.04535342286998717,665,Tails! I won!
2431,5226,1,5,49,55,1.1272727272727272,0.05225259457122248,665,"Sooner or later I'll eat him, but for now it's really helping my back pain."
2356,5226,1,5,49,55,1.1272727272727272,0.05225259457122248,665,"Hey Matey, SKIP the dishes, your Surfer dude!"
2301,5226,1,5,49,55,1.1272727272727272,0.05225259457122248,665,I thought it was a really big remora.
2864,5226,0,7,48,55,1.1272727272727272,0.04535342286998717,665,I let him survive because he entices much human flesh
1989,5226,0,7,48,55,1.1272727272727272,0.04535342286998717,665,Pilates.  It helps the spine.
2235,5226,0,7,48,55,1.1272727272727272,0.04535342286998717,665,Shooting humans in a barrel.
1916,5226,0,7,48,55,1.1272727272727272,0.04535342286998717,665,.My ichthyologist recommended shiatsu
1899,5226,1,5,49,55,1.1272727272727272,0.05225259457122248,665,"he's walking around on those... what do you call them? oh right, sharks. get it? like the little mermaid? i should probably keep working on it. the All-Ocean Comedy Contest is still a week away. what's that? sure i'll go into detail about my comedy!"
1754,5226,0,7,48,55,1.1272727272727272,0.04535342286998717,665,"Ron, get it off"
1612,5226,1,5,49,55,1.1272727272727272,0.05225259457122248,665,Hungry?
1608,5226,0,7,48,55,1.1272727272727272,0.04535342286998717,665,"His kids were tempting, but so were his foot massages."
1558,5226,0,7,48,55,1.1272727272727272,0.04535342286998717,665,I decided to give pedicures for the summer this year.
1415,5226,1,5,49,55,1.1272727272727272,0.05225259457122248,665,I ate the top part.
1391,5226,0,7,48,55,1.1272727272727272,0.04535342286998717,665,Let's split the legs. I'll take the left.
908,5316,2,4,57,63,1.126984126984127,0.0530293926364563,665,The future of transportation is ridesharking.
4373,5317,0,7,49,56,1.125,0.04459412925079223,665,This gig economy has me now working for callus removal company too.
2452,5317,1,5,50,56,1.125,0.05136133772583239,665,He thinks I'm his big brother with a mask and flippers.  Wish I could do a selfie when he wakes up!
3707,5317,0,7,49,56,1.125,0.04459412925079223,665,Daughter's new boyfriend.  Trying to keep an open mind. Hoping it doesn't last
3202,5317,0,7,49,56,1.125,0.04459412925079223,665,I think it’s time for a remake of jaws.
5522,5317,1,5,50,56,1.125,0.05136133772583239,665,This is what I hate about Veganuary.
3042,5317,0,7,49,56,1.125,0.04459412925079223,665,I feel my head a bit heavier than usual.
2921,5317,1,5,50,56,1.125,0.05136133772583239,665,I'm full. This time you can jump.
5016,5317,0,7,49,56,1.125,0.04459412925079223,665,"I had to take this Ride Share, or should I say Ride Shark, job to make ends meet."
2089,5317,1,5,50,56,1.125,0.05136133772583239,665,He’s a plastic surgeon
229,5317,1,5,50,56,1.125,0.05136133772583239,665,"No thanks, I'm full of plastic bags."
2002,5317,0,7,49,56,1.125,0.04459412925079223,665,"No one really understands until they've experienced this guy's feet doing a deep, deep pre-dorsal massage."
1776,5317,1,5,50,56,1.125,0.05136133772583239,665,Is it safe to say Shark Week fosters the overconfidence that makes white male privilege so annoying?
1312,5317,0,7,49,56,1.125,0.04459412925079223,665,"Oh, like you knew what Fintech was!"
246,5317,0,7,49,56,1.125,0.04459412925079223,665,In this economy? A podiatrist job is all I could find.
193,5317,0,7,49,56,1.125,0.04459412925079223,665,I had to --he was behaving like a fish out of water.
6134,5317,0,7,49,56,1.125,0.04459412925079223,665,"Like the American electorate, he does not know he’s standing on a shark"
2053,5317,0,7,49,56,1.125,0.04459412925079223,665,"I admit it, it’s not very well paid, but Uber have been very eager to expand"
6213,5317,1,5,50,56,1.125,0.05136133772583239,665,Want to feel the water get warm?.......
4418,5335,0,7,50,57,1.1228070175438596,0.04385964912280703,665,"Hammertoe, not hammerhead."
4211,5335,0,7,50,57,1.1228070175438596,0.04385964912280703,665,I'm gonna need a bigger body.
3824,5335,1,5,51,57,1.1228070175438596,0.05049985383360874,665,This Thai massage is making me hungry!
5312,5335,1,5,51,57,1.1228070175438596,0.05049985383360874,665,"Yes, it is annoying - but, professional courtesy."
5323,5335,0,7,50,57,1.1228070175438596,0.04385964912280703,665,"I don't think I look like a surfboard either, but here we are."
2653,5335,0,7,50,57,1.1228070175438596,0.04385964912280703,665,Really? That's jumping the shark?
5248,5335,1,5,51,57,1.1228070175438596,0.05049985383360874,665,Please tell me it's just seaweed.
2513,5335,1,5,51,57,1.1228070175438596,0.05049985383360874,665,It's just for the week Ed.
2770,5335,0,7,50,57,1.1228070175438596,0.04385964912280703,665,"Yes, I know... it's a test  to see if strict vegetarianism still helps you feel lighter!"
1313,5335,1,5,51,57,1.1228070175438596,0.05049985383360874,665,It feels like we’re about 2 feet from the surface.
2365,5335,0,7,50,57,1.1228070175438596,0.04385964912280703,665,The hardest part is using the rideshare app underwater.
1211,5335,0,7,50,57,1.1228070175438596,0.04385964912280703,665,Summer people.
468,5335,1,5,51,57,1.1228070175438596,0.05049985383360874,665,You would think living in the zoo has at least some perks.
322,5335,0,7,50,57,1.1228070175438596,0.04385964912280703,665,Remember how we were before SeaWorld?
2665,5349,0,8,58,66,1.121212121212121,0.040481665913459045,665,So is name Fut Fin or what?
3082,5350,0,7,51,58,1.1206896551724137,0.04314879647175589,665,Did you order the one with the pigeon legs?
4281,5351,1,4,47,52,1.1153846153846154,0.05249323847751087,665,I won’t be a stereotype.
4279,5351,1,4,47,52,1.1153846153846154,0.05249323847751087,665,You needn't look so shagreened...Snooze Ya lose!
4264,5351,1,4,47,52,1.1153846153846154,0.05249323847751087,665,Just another surfer dude cruising the briny deep!
4212,5351,0,6,46,52,1.1153846153846154,0.044736922925984586,665,I'M going to do a back flip.
4205,5351,2,2,48,52,1.1153846153846154,0.059242618939646566,665,"Sorry, he's MY client"
4203,5351,0,6,46,52,1.1153846153846154,0.044736922925984586,665,I'm trying a more balanced diet.
4131,5351,0,6,46,52,1.1153846153846154,0.044736922925984586,665,"Let's talk about table manners, The lower part in water is mine and the upper one is yours!"
4182,5351,1,4,47,52,1.1153846153846154,0.05249323847751087,665,The flavor is improved if they feel well supported
4293,5351,0,6,46,52,1.1153846153846154,0.044736922925984586,665,"Not sure about this ""Uber"" thing!"
4129,5351,0,6,46,52,1.1153846153846154,0.044736922925984586,665,It's a trophy I got when we beat the hammerheads.
4112,5351,0,6,46,52,1.1153846153846154,0.044736922925984586,665,The Swedish was getting old. I decided to try Thai.
4105,5351,1,4,47,52,1.1153846153846154,0.05249323847751087,665,My back itches.
4191,5351,1,4,47,52,1.1153846153846154,0.05249323847751087,665,I’ll flip you
4301,5351,1,4,47,52,1.1153846153846154,0.05249323847751087,665,His Mar A Laga reservation includes professional courtesy.
4389,5351,1,4,47,52,1.1153846153846154,0.05249323847751087,665,This gig economy is getting ridiculous
4358,5351,1,4,47,52,1.1153846153846154,0.05249323847751087,665,Let's blow this Popsicle® stand
4705,5351,1,4,47,52,1.1153846153846154,0.05249323847751087,665,"Taking selfies ""jumping the shark"" is where I draw the line. This ends now!"
4620,5351,1,4,47,52,1.1153846153846154,0.05249323847751087,665,"I'm about to teach these humans they can't walk all over us.


Tom Seessel
109 Featherbed Ln
Hopewell NJ 08525
tseessel@verizon.net
(609) 466 2267"
4587,5351,1,4,47,52,1.1153846153846154,0.05249323847751087,665,Fin massages are so underrated.
4578,5351,0,6,46,52,1.1153846153846154,0.044736922925984586,665,He's on Retainer.
4577,5351,2,2,48,52,1.1153846153846154,0.059242618939646566,665,Human interaction really weighs me down.
4560,5351,0,6,46,52,1.1153846153846154,0.044736922925984586,665,I got the surf.  You get the turf.
4559,5351,0,6,46,52,1.1153846153846154,0.044736922925984586,665,So now maybe people will stop saying he jumped the shark.
4520,5351,0,6,46,52,1.1153846153846154,0.044736922925984586,665,"He's warning Cape Codders to stay out of the water"""
4501,5351,1,4,47,52,1.1153846153846154,0.05249323847751087,665,"Do what you will, but not until my 90 min are up."
3150,5351,1,4,47,52,1.1153846153846154,0.05249323847751087,665,This is just plain HUMILIATING!
4496,5351,0,6,46,52,1.1153846153846154,0.044736922925984586,665,"He'll be okay; I'm a nurse shark."""
4479,5351,0,6,46,52,1.1153846153846154,0.044736922925984586,665,I'm going undercover to infiltrate Sea World...watch for my signal.
4455,5351,1,4,47,52,1.1153846153846154,0.05249323847751087,665,"And I thought ""$ 10.00 for an hour of professional ashiatsu massage is actually pretty reasonable""."
4407,5351,1,4,47,52,1.1153846153846154,0.05249323847751087,665,"I looked up ""periscope"" on Amazon. Why?"
4045,5351,1,4,47,52,1.1153846153846154,0.05249323847751087,665,"I auditioned for the movies, and this is the role they gave me."
4330,5351,0,6,46,52,1.1153846153846154,0.044736922925984586,665,"I know it's not bacon, but it looks delicious."
4011,5351,1,4,47,52,1.1153846153846154,0.05249323847751087,665,I’d love to but I’ve had this stiff neck all week
3966,5351,2,2,48,52,1.1153846153846154,0.059242618939646566,665,Scuber driver.
3974,5351,0,6,46,52,1.1153846153846154,0.044736922925984586,665,Yeah I'm swimming for Uber full time now.
4746,5351,0,6,46,52,1.1153846153846154,0.044736922925984586,665,It relieves tension.
3231,5351,0,6,46,52,1.1153846153846154,0.044736922925984586,665,I'm starting to think it's not a new dorsal fin.
3207,5351,0,6,46,52,1.1153846153846154,0.044736922925984586,665,My Uber-Under shift makes me so hungry.
3186,5351,1,4,47,52,1.1153846153846154,0.05249323847751087,665,Have you ever heard of peaceful coexistence? How about three star Michelin chef?
3234,5351,1,4,47,52,1.1153846153846154,0.05249323847751087,665,He’s joining our Law firm.
3238,5351,1,4,47,52,1.1153846153846154,0.05249323847751087,665,We're gonna need a bigger ocean.
3254,5351,2,2,48,52,1.1153846153846154,0.059242618939646566,665,"Dude! If we can convince ten other sharks, we'll have an all-you-can-eat buffet."
3262,5351,2,2,48,52,1.1153846153846154,0.059242618939646566,665,Damn millennials and the ‘gram
3263,5351,0,6,46,52,1.1153846153846154,0.044736922925984586,665,Go ahead if you want. It's the state pen's field trip to the beach today and my wife's got me eating cage-free only!
3319,5351,1,4,47,52,1.1153846153846154,0.05249323847751087,665,Being a Uber driver has its advantages in cutting down preying time
3329,5351,1,4,47,52,1.1153846153846154,0.05249323847751087,665,We're training for a new show called Shark du Soleil.
3358,5351,1,4,47,52,1.1153846153846154,0.05249323847751087,665,The family meal always ends up being too much food.
3377,5351,0,6,46,52,1.1153846153846154,0.044736922925984586,665,White guys are friends not food.
3452,5351,1,4,47,52,1.1153846153846154,0.05249323847751087,665,It’s very difficult to be a vegetarian in this world
3529,5351,1,4,47,52,1.1153846153846154,0.05249323847751087,665,I just can't decide what to make for dinner.
3579,5351,0,6,46,52,1.1153846153846154,0.044736922925984586,665,YOU GO AHEAD.  I JUST ATE A BIG LUNCH
3599,5351,0,6,46,52,1.1153846153846154,0.044736922925984586,665,It's supposed to be good for headaches.
3951,5351,0,6,46,52,1.1153846153846154,0.044736922925984586,665,Aqua-ber Eats
3941,5351,1,4,47,52,1.1153846153846154,0.05249323847751087,665,"He said that if I helped him with his beach side theatre installation, he’d get his dad to grant me poaching immunity"
3936,5351,1,4,47,52,1.1153846153846154,0.05249323847751087,665,You can to set your own hours in the app.
3898,5351,0,6,46,52,1.1153846153846154,0.044736922925984586,665,He's ordering me the two for one tuna special in trade for a ride home.
3870,5351,0,6,46,52,1.1153846153846154,0.044736922925984586,665,Is that a monkey on my back?
3831,5351,1,4,47,52,1.1153846153846154,0.05249323847751087,665,I told you last week: not until the app is fully operational!
3990,5351,1,4,47,52,1.1153846153846154,0.05249323847751087,665,I started swimming for Uber to make a few clams on the side.
3812,5351,0,6,46,52,1.1153846153846154,0.044736922925984586,665,Just my luck. Every time I go on a diet...
3783,5351,1,4,47,52,1.1153846153846154,0.05249323847751087,665,"When he proposed, 'Shark Tank,' this is not what I thought he meant!"
3764,5351,1,4,47,52,1.1153846153846154,0.05249323847751087,665,I finally grew a pair.
3724,5351,0,6,46,52,1.1153846153846154,0.044736922925984586,665,It's carry your lunch to school day!
3702,5351,1,4,47,52,1.1153846153846154,0.05249323847751087,665,"So, I have weak boundaries. Whaddaya gonna do? We’ll eat him next time."
3683,5351,1,4,47,52,1.1153846153846154,0.05249323847751087,665,He wanted to wave ‘goodbye’ to his family.
3601,5351,0,6,46,52,1.1153846153846154,0.044736922925984586,665,Professional courtesy.  He's the guy got Doris and me that condo for half price last year.
3786,5351,1,4,47,52,1.1153846153846154,0.05249323847751087,665,Don't worry. He crashed through the surface where they can't hurt us.  We're far from the shallow now.
4751,5351,0,6,46,52,1.1153846153846154,0.044736922925984586,665,It's a job.
5721,5351,1,4,47,52,1.1153846153846154,0.05249323847751087,665,The ocean version of Ellen’s “know or go” game
4786,5351,0,6,46,52,1.1153846153846154,0.044736922925984586,665,Well I started driving for Lyft.
5707,5351,1,4,47,52,1.1153846153846154,0.05249323847751087,665,I'm working for Underwater Uber. But meals are included.
5753,5351,1,4,47,52,1.1153846153846154,0.05249323847751087,665,"He only charges $60 an hour and I swear, it’ll change your life."
5756,5351,1,4,47,52,1.1153846153846154,0.05249323847751087,665,Should we save the leftovers?
5757,5351,0,6,46,52,1.1153846153846154,0.044736922925984586,665,"Whadya mean, standing room only?"
5762,5351,1,4,47,52,1.1153846153846154,0.05249323847751087,665,I've picked up an Uber Eats side gig.
5771,5351,0,6,46,52,1.1153846153846154,0.044736922925984586,665,"PLease don't bite, he's my backscratcher."
5792,5351,1,4,47,52,1.1153846153846154,0.05249323847751087,665,"I forgot our what you taught me.  ``Lend them $1,000, you own them.  Lend them $10 million, they own you.''  Alas!"
5793,5351,0,6,46,52,1.1153846153846154,0.044736922925984586,665,'I remember when carryout orders were neatly wrapped!'
5796,5351,1,4,47,52,1.1153846153846154,0.05249323847751087,665,People these days are so lazy.
5805,5351,1,4,47,52,1.1153846153846154,0.05249323847751087,665,The top was outstanding too.
5842,5351,0,6,46,52,1.1153846153846154,0.044736922925984586,665,"It's the latest in gnarly rides for boarders."""
5870,5351,0,6,46,52,1.1153846153846154,0.044736922925984586,665,"It's crazy, but he looks out for me."
5891,5351,1,4,47,52,1.1153846153846154,0.05249323847751087,665,"Bowling with sharks:  ""Make that spare!"""
5915,5351,0,6,46,52,1.1153846153846154,0.044736922925984586,665,Feeding in shallow waters offers a new menu.
5975,5351,0,6,46,52,1.1153846153846154,0.044736922925984586,665,"Nah, I really think it was John Williams' score that made it seem so appealing."
5979,5351,0,6,46,52,1.1153846153846154,0.044736922925984586,665,Hey stop looking at him like that! We're vegan now remember?
6029,5351,1,4,47,52,1.1153846153846154,0.05249323847751087,665,Professional courtesy for lawyers has gone too far.
6314,5351,0,6,46,52,1.1153846153846154,0.044736922925984586,665,"Hey, gotta take advantage of the rising sea level.  I call it Süber."
6291,5351,0,6,46,52,1.1153846153846154,0.044736922925984586,665,Piscine William Tell
6311,5351,0,6,46,52,1.1153846153846154,0.044736922925984586,665,Foot massage.
6272,5351,1,4,47,52,1.1153846153846154,0.05249323847751087,665,"An ocean full of scrawny, mindless kids.  I hate beach week."
6226,5351,1,4,47,52,1.1153846153846154,0.05249323847751087,665,"He thinks I'm his surfboard, but that's all part of the plan."
6217,5351,0,6,46,52,1.1153846153846154,0.044736922925984586,665,We'll eat him right after my back massage.
5662,5351,2,2,48,52,1.1153846153846154,0.059242618939646566,665,This way they never know they’re gonna be eaten.
6203,5351,0,6,46,52,1.1153846153846154,0.044736922925984586,665,"Honey, will you scratch my back?"
6147,5351,0,6,46,52,1.1153846153846154,0.044736922925984586,665,It's part of the yoga class I'm taking.
6141,5351,0,6,46,52,1.1153846153846154,0.044736922925984586,665,Wait till you see how we feed the multitudes.
6120,5351,0,6,46,52,1.1153846153846154,0.044736922925984586,665,I really believe that nothing good should be busy.
6109,5351,0,6,46,52,1.1153846153846154,0.044736922925984586,665,Happy Anniversary!
6065,5351,0,6,46,52,1.1153846153846154,0.044736922925984586,665,Shark Roulette
6047,5351,0,6,46,52,1.1153846153846154,0.044736922925984586,665,"Being a driver pays great, and I just lie about the mandatory sleep."
6201,5351,1,4,47,52,1.1153846153846154,0.05249323847751087,665,"Ok Karen, I'll ask her to leave."
4757,5351,0,6,46,52,1.1153846153846154,0.044736922925984586,665,"For a Costco-size bag of Cheetos I gave Barron 60 minutes to keep Donald here,but WTF, let's just trade him back and forth for the hell of it."
5643,5351,0,6,46,52,1.1153846153846154,0.044736922925984586,665,This 'Uber of the Seas'  gig is only temporary.
5560,5351,0,6,46,52,1.1153846153846154,0.044736922925984586,665,My therapist thinks I should strengthen my collaborative spirit.
4799,5351,0,6,46,52,1.1153846153846154,0.044736922925984586,665,"Just remember, I prefer them medium rare."
4802,5351,1,4,47,52,1.1153846153846154,0.05249323847751087,665,No it’s not a foot massage; he’s too dumb to eat.
4903,5351,0,6,46,52,1.1153846153846154,0.044736922925984586,665,Isn't this what you wanted for dinner?
4922,5351,0,6,46,52,1.1153846153846154,0.044736922925984586,665,"When I was told I was a cornerstone species, I didn't think that this is what they meant"
4934,5351,1,4,47,52,1.1153846153846154,0.05249323847751087,665,"At least I'm not alone, shark!"
4946,5351,0,6,46,52,1.1153846153846154,0.044736922925984586,665,"Happy to give him a leg up, but I'm taking one of the legs when all is said and done."
4973,5351,1,4,47,52,1.1153846153846154,0.05249323847751087,665,The IPO will pay off big after an extended period of private funding
5003,5351,0,6,46,52,1.1153846153846154,0.044736922925984586,665,"Dude, I brought lunch, I swear!  I don't know where I left it."
5036,5351,1,4,47,52,1.1153846153846154,0.05249323847751087,665,I saved him for lunch.
5069,5351,1,4,47,52,1.1153846153846154,0.05249323847751087,665,They’re always this late — can’t we start eating without them?
5142,5351,2,2,48,52,1.1153846153846154,0.059242618939646566,665,You placed the Uber Eats order?  Sorry about the missing arms.
5192,5351,0,6,46,52,1.1153846153846154,0.044736922925984586,665,On the count of three I am going to flip him; see if you can get him in one bite!
5194,5351,0,6,46,52,1.1153846153846154,0.044736922925984586,665,I'm two feet under water.
5229,5351,1,4,47,52,1.1153846153846154,0.05249323847751087,665,He's on loan from another shark who owes me fodder.
5245,5351,1,4,47,52,1.1153846153846154,0.05249323847751087,665,Getting aboard the gig economy
5297,5351,1,4,47,52,1.1153846153846154,0.05249323847751087,665,The hubby's birthday gift - exfoliation by natural species.
5321,5351,0,6,46,52,1.1153846153846154,0.044736922925984586,665,"And you wonder why they don't fear you, your letting them walk all over you!_""no this is how I make them think I respect & fear them"""
5549,5351,0,6,46,52,1.1153846153846154,0.044736922925984586,665,Don't eat him until I get the tip receipt back from Uber.
5533,5351,1,4,47,52,1.1153846153846154,0.05249323847751087,665,Hurry up and bring the other guys. I am getting tired of holding this food up for the feeding frenzy.
5526,5351,1,4,47,52,1.1153846153846154,0.05249323847751087,665,It was either this or Chairing the Truth and Reconciliation Commission
5491,5351,0,6,46,52,1.1153846153846154,0.044736922925984586,665,Don’t go in for the kill until I get to see his expressions.
5488,5351,0,6,46,52,1.1153846153846154,0.044736922925984586,665,I’m with Uber. Are you Lyft?
5472,5351,1,4,47,52,1.1153846153846154,0.05249323847751087,665,"Patience, Larry. Patience..."
5632,5351,1,4,47,52,1.1153846153846154,0.05249323847751087,665,"Employment condition, his ""Facade of decency"""
5466,5351,1,4,47,52,1.1153846153846154,0.05249323847751087,665,I think he’s confused me with a dolphin.
5459,5351,1,4,47,52,1.1153846153846154,0.05249323847751087,665,He promised me sushi from the snack bar.”
5448,5351,0,6,46,52,1.1153846153846154,0.044736922925984586,665,"I don't love the crowds at this beach, but I'm rarely hungry."
5423,5351,2,2,48,52,1.1153846153846154,0.059242618939646566,665,Surfing is so last year dude. Say hello to sharfing.
5408,5351,0,6,46,52,1.1153846153846154,0.044736922925984586,665,"Crazy, heck!!  I'm making twenty five bucks an hour, pal."
5389,5351,0,6,46,52,1.1153846153846154,0.044736922925984586,665,"This back massage sucks, I wish I was six feet under."
5325,5351,0,6,46,52,1.1153846153846154,0.044736922925984586,665,My masseur has this Ashiatsu technique he is trying out.
5462,5351,1,4,47,52,1.1153846153846154,0.05249323847751087,665,I told him he could say goodbye to his wife and kids.
3141,5351,0,6,46,52,1.1153846153846154,0.044736922925984586,665,I just cannot seem to shake this pain in my neck.
4499,5351,0,6,46,52,1.1153846153846154,0.044736922925984586,665,Apparently the show hasn't jumped the shark yet.
3103,5351,0,6,46,52,1.1153846153846154,0.044736922925984586,665,Not as humiliating as getting blown to bits by a scuba tank.
735,5351,1,4,47,52,1.1153846153846154,0.05249323847751087,665,"Too skiny, doesn't worth the effort. Waiting him to drop into my mouth"
759,5351,0,6,46,52,1.1153846153846154,0.044736922925984586,665,It's the newest rage. I think we'll all be wearing a human by summer's end!
775,5351,1,4,47,52,1.1153846153846154,0.05249323847751087,665,What? I’m just an Uber...or at least that what he says I am...
790,5351,0,6,46,52,1.1153846153846154,0.044736922925984586,665,"They're a basic life form--eat, spawn, repeat."
793,5351,0,6,46,52,1.1153846153846154,0.044736922925984586,665,I am a gig worker for Uber Under.
804,5351,2,2,48,52,1.1153846153846154,0.059242618939646566,665,"You know, one day at a time."
859,5351,0,6,46,52,1.1153846153846154,0.044736922925984586,665,He calls himself Mr Magoo.
934,5351,0,6,46,52,1.1153846153846154,0.044736922925984586,665,"Now that the planet is over-flooded,I might as well be a Ferrari"
937,5351,0,6,46,52,1.1153846153846154,0.044736922925984586,665,He is directing Shark Week this year.
941,5351,1,4,47,52,1.1153846153846154,0.05249323847751087,665,I know we're running late but I don't want to be rude...
950,5351,0,6,46,52,1.1153846153846154,0.044736922925984586,665,Do you know what a remora fish is?
959,5351,0,6,46,52,1.1153846153846154,0.044736922925984586,665,The things you do for Instagram...
974,5351,0,6,46,52,1.1153846153846154,0.044736922925984586,665,"I guess I'll have to take it from here."""
975,5351,1,4,47,52,1.1153846153846154,0.05249323847751087,665,I'm trying to make some extra money doing this rideshare thing.
998,5351,2,2,48,52,1.1153846153846154,0.059242618939646566,665,You realize you’re letting your dinner walk all over you.
1041,5351,0,6,46,52,1.1153846153846154,0.044736922925984586,665,He's not part of the South Beach diet.
1042,5351,1,4,47,52,1.1153846153846154,0.05249323847751087,665,"I was just going to eat him, but I'll get bad reviews if I only use Uber for food"
1333,5351,1,4,47,52,1.1153846153846154,0.05249323847751087,665,"This is Glen's version of ""jumping the shark."""
1322,5351,0,6,46,52,1.1153846153846154,0.044736922925984586,665,Would you like a leg or a thigh?
1273,5351,1,4,47,52,1.1153846153846154,0.05249323847751087,665,"I’m stuffed, Charlie. Want the other half?"
1247,5351,0,6,46,52,1.1153846153846154,0.044736922925984586,665,"He was on a surfboard a second ago before he wiped out... you still hungry, we could split..."
1241,5351,0,6,46,52,1.1153846153846154,0.044736922925984586,665,I'm just waiting until happy hour is over for the main course.
1205,5351,1,4,47,52,1.1153846153846154,0.05249323847751087,665,"Don't judge, YOLO dude, it's on my bucket list"
681,5351,1,4,47,52,1.1153846153846154,0.05249323847751087,665,"I'm working for Uber. Free snacks, if you catch my drift."
1196,5351,0,6,46,52,1.1153846153846154,0.044736922925984586,665,"I’ve got a stupid one. What do you suggest?

Don Dechman 
Austin, T"
1170,5351,1,4,47,52,1.1153846153846154,0.05249323847751087,665,"I told you, I get no respect."
1098,5351,1,4,47,52,1.1153846153846154,0.05249323847751087,665,I read that its best to let meat rest before consuming it.
1089,5351,1,4,47,52,1.1153846153846154,0.05249323847751087,665,I signed up as an uber driver.
1088,5351,0,6,46,52,1.1153846153846154,0.044736922925984586,665,stop showing off and just eat him
1054,5351,1,4,47,52,1.1153846153846154,0.05249323847751087,665,Where is John Williams when you need him?
1044,5351,0,6,46,52,1.1153846153846154,0.044736922925984586,665,Don't you dare start singing 'Baby Humans.'
1177,5351,1,4,47,52,1.1153846153846154,0.05249323847751087,665,"""He calls himself  The Shark Rider. Not for long!"""
1344,5351,0,6,46,52,1.1153846153846154,0.044736922925984586,665,I already ate dinner..
672,5351,0,6,46,52,1.1153846153846154,0.044736922925984586,665,He's last name is RAMORA
639,5351,0,6,46,52,1.1153846153846154,0.044736922925984586,665,There's an upper half?
1,5351,0,6,46,52,1.1153846153846154,0.044736922925984586,665,Still trying to decide if I'll like the topping on this one.
12,5351,1,4,47,52,1.1153846153846154,0.05249323847751087,665,I'm saving him for later.
36,5351,1,4,47,52,1.1153846153846154,0.05249323847751087,665,"Yes, they have takeaway."
39,5351,1,4,47,52,1.1153846153846154,0.05249323847751087,665,hey are you holding?
88,5351,0,6,46,52,1.1153846153846154,0.044736922925984586,665,His toenails are extra long so I’m waiting for my back itch to go away before I eat him.
89,5351,0,6,46,52,1.1153846153846154,0.044736922925984586,665,I've brought you a take out
117,5351,0,6,46,52,1.1153846153846154,0.044736922925984586,665,Can pilot fish hold 'Free Dolphin Ride' signs?
157,5351,0,6,46,52,1.1153846153846154,0.044736922925984586,665,This Uber gig just doesn't pay enough!
170,5351,0,6,46,52,1.1153846153846154,0.044736922925984586,665,"Good luck, Bob"
206,5351,1,4,47,52,1.1153846153846154,0.05249323847751087,665,"""I'm giving him a lift to Amity."
262,5351,0,6,46,52,1.1153846153846154,0.044736922925984586,665,Wanna end  a trend?
296,5351,0,6,46,52,1.1153846153846154,0.044736922925984586,665,"Shark to shark - ""you've taken this sobriety this a bit too far!"""
339,5351,1,4,47,52,1.1153846153846154,0.05249323847751087,665,I don’t care what you say. His name is Remora and I love him.
368,5351,0,6,46,52,1.1153846153846154,0.044736922925984586,665,Shut up.
378,5351,2,2,48,52,1.1153846153846154,0.059242618939646566,665,and I thought I was the predator here.
381,5351,0,6,46,52,1.1153846153846154,0.044736922925984586,665,Help yourself. I've already had lunch.
402,5351,1,4,47,52,1.1153846153846154,0.05249323847751087,665,Glue commercial
636,5351,1,4,47,52,1.1153846153846154,0.05249323847751087,665,He must think I'm stuffed.
635,5351,1,4,47,52,1.1153846153846154,0.05249323847751087,665,You'd think by now they'd be afraid of our 'Jaws.'
615,5351,0,6,46,52,1.1153846153846154,0.044736922925984586,665,"I keep telling ya, they need a bigger boat."
593,5351,2,2,48,52,1.1153846153846154,0.059242618939646566,665,Meet Kevin O'Leary.
561,5351,1,4,47,52,1.1153846153846154,0.05249323847751087,665,I hear he comes from a long line of rodeo performers .
527,5351,1,4,47,52,1.1153846153846154,0.05249323847751087,665,I thought the Lakers would make the playoffs.
641,5351,0,6,46,52,1.1153846153846154,0.044736922925984586,665,I call him my 'Dorsal Tim'
485,5351,0,6,46,52,1.1153846153846154,0.044736922925984586,665,After I get past the last sand bar I'll eat him.
457,5351,2,2,48,52,1.1153846153846154,0.059242618939646566,665,Seen anything to eat?
450,5351,1,4,47,52,1.1153846153846154,0.05249323847751087,665,He’s trying to protect the corral reef
434,5351,1,4,47,52,1.1153846153846154,0.05249323847751087,665,Hey Tony...is there something on my back!
430,5351,1,4,47,52,1.1153846153846154,0.05249323847751087,665,I think this must be à la cartilage.
426,5351,0,6,46,52,1.1153846153846154,0.044736922925984586,665,Why would I eat him before the massage is finished?
410,5351,0,6,46,52,1.1153846153846154,0.044736922925984586,665,I've been sharking for Uber
473,5351,0,6,46,52,1.1153846153846154,0.044736922925984586,665,"What’s the matter, buddy? You’re looking at me like I’m out of fashion or something."
1360,5351,0,6,46,52,1.1153846153846154,0.044736922925984586,665,Because I am surfeited for now!
3121,5351,0,6,46,52,1.1153846153846154,0.044736922925984586,665,The ad said ‘stable employment’...I shoulda known...
1388,5351,1,4,47,52,1.1153846153846154,0.05249323847751087,665,"Nope, sorry - there isn't any breast meat here!"
2180,5351,0,6,46,52,1.1153846153846154,0.044736922925984586,665,His stability will soon prove to be fishy
2190,5351,0,6,46,52,1.1153846153846154,0.044736922925984586,665,"It could be worse, I could be soup!"
2195,5351,1,4,47,52,1.1153846153846154,0.05249323847751087,665,Would you mind helping my passenger off so I can eat him?
2209,5351,0,6,46,52,1.1153846153846154,0.044736922925984586,665,He thinks it's a cool trick - I call it a snack
2268,5351,1,4,47,52,1.1153846153846154,0.05249323847751087,665,Do we share?
2330,5351,0,6,46,52,1.1153846153846154,0.044736922925984586,665,Didn't you pack a lunch?
2403,5351,0,6,46,52,1.1153846153846154,0.044736922925984586,665,It's Mark Cuban!
2428,5351,0,6,46,52,1.1153846153846154,0.044736922925984586,665,"I don't like the fishy odor, you can have him."
2499,5351,0,6,46,52,1.1153846153846154,0.044736922925984586,665,I have a terrible headache.
2525,5351,0,6,46,52,1.1153846153846154,0.044736922925984586,665,"You know I love that humans are less scared of us because all those documentaries, but this is a bit too far"
2617,5351,1,4,47,52,1.1153846153846154,0.05249323847751087,665,Here honey—I know you like the drumsticks!
2644,5351,0,6,46,52,1.1153846153846154,0.044736922925984586,665,You or me? Or should we skip the appetizer and go for a main course later?
2654,5351,0,6,46,52,1.1153846153846154,0.044736922925984586,665,Apparently shark surfing is the new trend.
2657,5351,0,6,46,52,1.1153846153846154,0.044736922925984586,665,"And then stir, before tasting..."
2677,5351,0,6,46,52,1.1153846153846154,0.044736922925984586,665,SSSShh! He thinks I'm his surfboard.
2697,5351,0,6,46,52,1.1153846153846154,0.044736922925984586,665,Are you sure a diet rich in vitamin D is worth the effort?
2740,5351,0,6,46,52,1.1153846153846154,0.044736922925984586,665,I’m not that hungry right now so I just got carry-out.
1384,5351,0,6,46,52,1.1153846153846154,0.044736922925984586,665,I'd go up there myself but I've got a bad back.
3072,5351,1,4,47,52,1.1153846153846154,0.05249323847751087,665,Do you think we should let him know?
3063,5351,1,4,47,52,1.1153846153846154,0.05249323847751087,665,I feel like they fooled us with the reparation-contract for what we did in Jaws.
3032,5351,1,4,47,52,1.1153846153846154,0.05249323847751087,665,"It's a franchise. If you can eat it, you can wear it."
3031,5351,1,4,47,52,1.1153846153846154,0.05249323847751087,665,"Vegan.  Soooo, not worth it."
2975,5351,0,6,46,52,1.1153846153846154,0.044736922925984586,665,I was really looking forward to that back rub after lunch.
2144,5351,0,6,46,52,1.1153846153846154,0.044736922925984586,665,It's from the new carry-out place on Washburn.
2969,5351,0,6,46,52,1.1153846153846154,0.044736922925984586,665,So where is your dinner?*
2908,5351,1,4,47,52,1.1153846153846154,0.05249323847751087,665,Your turn to jump the shark!
2859,5351,0,6,46,52,1.1153846153846154,0.044736922925984586,665,He can't swim!
2855,5351,0,6,46,52,1.1153846153846154,0.044736922925984586,665,"Really? The whole country is underwater, And this is what they’re serving?"
2815,5351,0,6,46,52,1.1153846153846154,0.044736922925984586,665,I can't seem to get rid of this hangover.
2797,5351,1,4,47,52,1.1153846153846154,0.05249323847751087,665,Have you eaten yet?  I ordered take out.
2783,5351,0,6,46,52,1.1153846153846154,0.044736922925984586,665,As long as he's up there I have a snack available any time I'm hungry
2923,5351,0,6,46,52,1.1153846153846154,0.044736922925984586,665,He's not a pilot fish?
2122,5351,1,4,47,52,1.1153846153846154,0.05249323847751087,665,Hunting in China it's way too easy...
2965,5351,1,4,47,52,1.1153846153846154,0.05249323847751087,665,"Filling in until a replacement is found... had it BEEN a seal, I wouldn’t be in this predicament!"
2031,5351,0,6,46,52,1.1153846153846154,0.044736922925984586,665,A real free loader!
1446,5351,0,6,46,52,1.1153846153846154,0.044736922925984586,665,Can you tell I already ate the top half?
1451,5351,1,4,47,52,1.1153846153846154,0.05249323847751087,665,I thought I'd try a decoy.
1456,5351,0,6,46,52,1.1153846153846154,0.044736922925984586,665,I love to go but I don't get off until 5.
1462,5351,0,6,46,52,1.1153846153846154,0.044736922925984586,665,Can I eat him NOW?
1468,5351,1,4,47,52,1.1153846153846154,0.05249323847751087,665,I feel so violated.
1482,5351,0,6,46,52,1.1153846153846154,0.044736922925984586,665,The head and torso are the most delicious parts of a human.
1494,5351,1,4,47,52,1.1153846153846154,0.05249323847751087,665,Hang ten? Watch this.
1516,5351,1,4,47,52,1.1153846153846154,0.05249323847751087,665,Now I'm sorry I signed with Uber
2113,5351,1,4,47,52,1.1153846153846154,0.05249323847751087,665,This is the price I have to pay for a decent back rub.
1566,5351,0,6,46,52,1.1153846153846154,0.044736922925984586,665,It's a new Uber service.
1582,5351,0,6,46,52,1.1153846153846154,0.044736922925984586,665,I don't know if I can keep doing this until lunch time.
1615,5351,1,4,47,52,1.1153846153846154,0.05249323847751087,665,"The worst part is that he insists I call him ""Danprey."""
1620,5351,2,2,48,52,1.1153846153846154,0.059242618939646566,665,Waist not...want not...
1653,5351,1,4,47,52,1.1153846153846154,0.05249323847751087,665,I think he said his last name was Remora
1666,5351,1,4,47,52,1.1153846153846154,0.05249323847751087,665,"Not tonight, darling, I have a bad headache."
1518,5351,0,6,46,52,1.1153846153846154,0.044736922925984586,665,I feel like the tortoise in B. C.
1690,5351,1,4,47,52,1.1153846153846154,0.05249323847751087,665,I just can’t seem to shake this thing.
2001,5351,1,4,47,52,1.1153846153846154,0.05249323847751087,665,The fin just scared them.
1996,5351,0,6,46,52,1.1153846153846154,0.044736922925984586,665,He's upset because I don't have pearly teeth.
1672,5351,0,6,46,52,1.1153846153846154,0.044736922925984586,665,I wish he'd jump already.
1393,5351,1,4,47,52,1.1153846153846154,0.05249323847751087,665,"Then I'll do a double flip in the air and he'll land on your nose, arms outstretched but steady."
1953,5351,0,6,46,52,1.1153846153846154,0.044736922925984586,665,This wasn't in my contract.
1945,5351,1,4,47,52,1.1153846153846154,0.05249323847751087,665,"Dish-on-Fish, the food delivery service for non-discriminating marine clients, who just want fast food now."
1963,5351,1,4,47,52,1.1153846153846154,0.05249323847751087,665,We're gonna need a bigger boot.
1868,5351,1,4,47,52,1.1153846153846154,0.05249323847751087,665,It's been one of those weeks.
1846,5351,0,6,46,52,1.1153846153846154,0.044736922925984586,665,I’ve been finding my lawyer to be a little scarier than the fin these days.
1788,5351,0,6,46,52,1.1153846153846154,0.044736922925984586,665,"I brought it home, you get it ready for dinner."
1768,5351,1,4,47,52,1.1153846153846154,0.05249323847751087,665,"Yea, but he scratches my back."
1734,5351,1,4,47,52,1.1153846153846154,0.05249323847751087,665,Remoras are sooooo passé.
1715,5351,1,4,47,52,1.1153846153846154,0.05249323847751087,665,I had a late lunch.
1872,5351,0,6,46,52,1.1153846153846154,0.044736922925984586,665,It's the only thing that makes my back feel better
5672,5627,1,5,55,61,1.1147540983606556,0.04732379255652672,665,I'm just trying to keep my head above water.
2225,5628,1,4,48,53,1.1132075471698113,0.051539276936327136,665,"Don't bite, he promised another Sharknado"
2303,5628,0,6,47,53,1.1132075471698113,0.043938680706010445,665,That's the last time I'll make a wager with Jimmy Buffett.
2754,5628,0,6,47,53,1.1132075471698113,0.043938680706010445,665,Wanna come over for dinner? There's enough here for both of us.
3089,5628,0,6,47,53,1.1132075471698113,0.043938680706010445,665,It mostly helps with spine alignment.
3237,5628,0,6,47,53,1.1132075471698113,0.043938680706010445,665,"If I drop, will you share?"
5868,5628,0,6,47,53,1.1132075471698113,0.043938680706010445,665,I already ate the torso. Do you want a leg or not?
4514,5628,0,6,47,53,1.1132075471698113,0.043938680706010445,665,"It's professional courtesy, he's a lawyer."
4601,5628,0,6,47,53,1.1132075471698113,0.043938680706010445,665,"Oh, this? No, I'm just in it for the food."
6001,5628,1,4,48,53,1.1132075471698113,0.051539276936327136,665,It sure would be easier if we met at the shallow end of the pool.
6117,5628,1,4,48,53,1.1132075471698113,0.051539276936327136,665,"Luckily for him, I'm not feeling hungry; I'm too worried about picking up 'athlete's fin.'"
4135,5628,0,6,47,53,1.1132075471698113,0.043938680706010445,665,I’m saving the bottom half for supper.
2148,5628,0,6,47,53,1.1132075471698113,0.043938680706010445,665,"He doesn’t know how to swim. He’s really nice but he doesn’t really get me. If I tell him it’s over, he’s going to be so crushed."
1977,5628,0,6,47,53,1.1132075471698113,0.043938680706010445,665,"Don't look at me that way.  I told you it's the new ""gig"" economy"
2068,5628,1,4,48,53,1.1132075471698113,0.051539276936327136,665,There has to be more to life than eating.
1533,5628,1,4,48,53,1.1132075471698113,0.051539276936327136,665,"Do you want to get this guy off my back? You’re bid enough to swallow him whole so please don’t wait, his weight is killing me!"
1400,5628,0,6,47,53,1.1132075471698113,0.043938680706010445,665,You want his left foot or right foot?
976,5628,1,4,48,53,1.1132075471698113,0.051539276936327136,665,"No, if you bite him in half, I'll have to make two trips."
676,5628,1,4,48,53,1.1132075471698113,0.051539276936327136,665,Now for his killer dismount.
442,5628,0,6,47,53,1.1132075471698113,0.043938680706010445,665,He should be lucky I’m not hungry
163,5628,1,4,48,53,1.1132075471698113,0.051539276936327136,665,"I’m not getting it, I’m sorry."
135,5628,0,6,47,53,1.1132075471698113,0.043938680706010445,665,Scab!
2101,5628,1,4,48,53,1.1132075471698113,0.051539276936327136,665,He is convinced Mr. Wonderful will be impressed on Shark Tank.
5380,5650,0,5,44,49,1.1020408163265305,0.0436912672743712,665,He’s on loan.
5300,5650,1,3,45,49,1.1020408163265305,0.05252872520911736,665,"I dunno, I guess I'd thought I'd have more independence when I signed up with Uber"
5283,5650,1,3,45,49,1.1020408163265305,0.05252872520911736,665,"Our deal is that he scratches my back, and I don't scratch his."
5163,5650,0,5,44,49,1.1020408163265305,0.0436912672743712,665,Your choice:  Chicken or bumpercars?
4959,5650,0,5,44,49,1.1020408163265305,0.0436912672743712,665,The surf gouging always takes them by surprise.
4381,5650,0,5,44,49,1.1020408163265305,0.0436912672743712,665,And then they blame us for going after their legs...
4310,5650,0,5,44,49,1.1020408163265305,0.0436912672743712,665,"No thank you, I'm full.  I'm saving this half for dinner."
4351,5650,0,5,44,49,1.1020408163265305,0.0436912672743712,665,I took a bite out of his surfboard and it turned out he is a lawyer. We both agreed this is better than going to small claims court.
4319,5650,2,1,46,49,1.1020408163265305,0.06008000589338672,665,Huyttyytgtgtt gghfjdh hfhghhgg hgfseffgyheuf which fun ufuudhfb using bchfb fbjdidhfhhrjhrodj chef jjjkf. Corked dinjeihrjofiei Xing Ivor jvifhejei j jrbncun
5499,5650,0,5,44,49,1.1020408163265305,0.0436912672743712,665,These mellinial parasites just won't move out.
4288,5650,2,1,46,49,1.1020408163265305,0.06008000589338672,665,I miss when they'd just jump us for attention.
4168,5650,1,3,45,49,1.1020408163265305,0.05252872520911736,665,It's Damien Hirst. Do you know anything about Formaldehyde?
3969,5650,0,5,44,49,1.1020408163265305,0.0436912672743712,665,It's better than traditional ashiatsu because it comes with a snack at the end.
4378,5650,0,5,44,49,1.1020408163265305,0.0436912672743712,665,"As soon as this guy gets off my back, we'll have that duel."
5545,5650,0,5,44,49,1.1020408163265305,0.0436912672743712,665,I woke up with the worst hangover.
5874,5650,0,5,44,49,1.1020408163265305,0.0436912672743712,665,"Go wide like you're really scared of me, then sneak up from behind."
5712,5650,0,5,44,49,1.1020408163265305,0.0436912672743712,665,I'll play along for now
6276,5650,0,5,44,49,1.1020408163265305,0.0436912672743712,665,"He says: ""When the water recedes they will see I have trunks on, but before that I need to swim with the sharks."" Also says I will get 10% commission, do you know what food that is?"
6280,5650,1,3,45,49,1.1020408163265305,0.05252872520911736,665,"Sure it's annoying, but worthwhile at supper."
6299,5650,0,5,44,49,1.1020408163265305,0.0436912672743712,665,"I'm only doing it until he gets his ""shore legs"" back."
3958,5650,1,3,45,49,1.1020408163265305,0.05252872520911736,665,Well... haven’t you tried Noom?
6252,5650,0,5,44,49,1.1020408163265305,0.0436912672743712,665,Is there any leftovers left on me?
6248,5650,0,5,44,49,1.1020408163265305,0.0436912672743712,665,"Was it tasty?"" 
""Not half."
6292,5650,0,5,44,49,1.1020408163265305,0.0436912672743712,665,It was my therapist's idea.
6061,5650,0,5,44,49,1.1020408163265305,0.0436912672743712,665,This is not what I meant when I agreed to be the shark to back him.
5980,5650,1,3,45,49,1.1020408163265305,0.05252872520911736,665,Got a to-go lunch today.
5918,5650,0,5,44,49,1.1020408163265305,0.0436912672743712,665,"He said, if I don't keep swimming, the relationship will die."
5896,5650,1,3,45,49,1.1020408163265305,0.05252872520911736,665,He feels like jail bait
5886,5650,0,5,44,49,1.1020408163265305,0.0436912672743712,665,"Thanks for the invite, but I don't feel like I can leave right now."
5836,5650,0,5,44,49,1.1020408163265305,0.0436912672743712,665,Humans who make one nasty mouth noise tend to make them all.
5811,5650,0,5,44,49,1.1020408163265305,0.0436912672743712,665,You called Shuber Eats?
6028,5650,1,3,45,49,1.1020408163265305,0.05252872520911736,665,"Our image peaked with ""Jaws."" It has been all downhill since then."
3904,5650,1,3,45,49,1.1020408163265305,0.05252872520911736,665,"OK, It ain't the reef but here you get all the fish you can eat and water temperature control."
1817,5650,2,1,46,49,1.1020408163265305,0.06008000589338672,665,Did you eat the top half?
3837,5650,0,5,44,49,1.1020408163265305,0.0436912672743712,665,I asked for Thai massage and this what I got.
3854,5650,0,5,44,49,1.1020408163265305,0.0436912672743712,665,"Oh, how the mighty have fallen."
172,5650,0,5,44,49,1.1020408163265305,0.0436912672743712,665,He's my perfect disguise ... keeps all the tastier swimmers from panicking  when they see my dorsal fin.
670,5650,0,5,44,49,1.1020408163265305,0.0436912672743712,665,"It's called ""native advertising"""
723,5650,0,5,44,49,1.1020408163265305,0.0436912672743712,665,He is really weighing in on our conversation.
727,5650,1,3,45,49,1.1020408163265305,0.05252872520911736,665,Can I get a doggie bag for this?
971,5650,1,3,45,49,1.1020408163265305,0.05252872520911736,665,Let's eat after my chiropractic session
1014,5650,1,3,45,49,1.1020408163265305,0.05252872520911736,665,Don't they realize they're swimming in our restaurant?
1046,5650,0,5,44,49,1.1020408163265305,0.0436912672743712,665,I am so loosing teeth over this new ride-share app.
1086,5650,0,5,44,49,1.1020408163265305,0.0436912672743712,665,I really need to think more deeply about working these beach parties.
1149,5650,0,5,44,49,1.1020408163265305,0.0436912672743712,665,I picked the wrong time to be a vegetarian
1342,5650,0,5,44,49,1.1020408163265305,0.0436912672743712,665,"Leave him alone.  I need a good back rub

Sidney Delson
East Hampton, NY"
1815,5650,0,5,44,49,1.1020408163265305,0.0436912672743712,665,We know you're guilty. Now tell us how you did it.
1968,5650,0,5,44,49,1.1020408163265305,0.0436912672743712,665,I'm hoping this will help me sleep.
2050,5650,0,5,44,49,1.1020408163265305,0.0436912672743712,665,Guess who just joined the sharing economy?
1651,5650,1,3,45,49,1.1020408163265305,0.05252872520911736,665,I’m board.
2397,5650,1,3,45,49,1.1020408163265305,0.05252872520911736,665,I'd say Bobby Darin is out of his depth.
3773,5650,0,5,44,49,1.1020408163265305,0.0436912672743712,665,"I’d eat him, but the shiatsu’s too good."
3771,5650,0,5,44,49,1.1020408163265305,0.0436912672743712,665,"No, honey, it's not an affair, just a great little massage."
3731,5650,1,3,45,49,1.1020408163265305,0.05252872520911736,665,"I think this stand up paddleboard craze has gone too far, don't you agree?"
2170,5650,1,3,45,49,1.1020408163265305,0.05252872520911736,665,It’s the new refined frenzy: Shiatsu plus dessert.
3521,5650,1,3,45,49,1.1020408163265305,0.05252872520911736,665,I work for Uber now...
3164,5650,0,5,44,49,1.1020408163265305,0.0436912672743712,665,"He said he needed a leg up; actually, he meant “two.”"
3672,5650,1,3,45,49,1.1020408163265305,0.05252872520911736,665,Hanging ten is no longer an option I’m afraid.
2977,5650,0,5,44,49,1.1020408163265305,0.0436912672743712,665,We're pool sharks..live with it.
2952,5650,0,5,44,49,1.1020408163265305,0.0436912672743712,665,I heard Everest just got too popular for them.”
2835,5650,0,5,44,49,1.1020408163265305,0.0436912672743712,665,"Don't give me that  ""gone soft"" look. He's just a replica."""
2780,5650,2,1,46,49,1.1020408163265305,0.06008000589338672,665,He's my lawyer. We can't eat our own kind.
2709,5650,0,5,44,49,1.1020408163265305,0.0436912672743712,665,That's my alter ego.
3044,5650,0,5,44,49,1.1020408163265305,0.0436912672743712,665,"I figure if he can strengthen his core like this, he'll eventually taste a lot better."
2289,5714,0,5,45,50,1.1,0.04285714285714286,665,What about this is supposed to be relaxing?
4616,5714,0,5,45,50,1.1,0.04285714285714286,665,I can't stand humans.
3809,5714,0,5,45,50,1.1,0.04285714285714286,665,"It's shark week, and he's a bit of a camera hog."
2959,5714,0,5,45,50,1.1,0.04285714285714286,665,We're waitin' for our pastrami sandwich orders - they make beach front deliveries here at Margate.
2926,5714,0,5,45,50,1.1,0.04285714285714286,665,This ride sharing fad is getting out of control.
2536,5714,0,5,45,50,1.1,0.04285714285714286,665,This is what I get for hiring a reputation management consultant.
2167,5714,0,5,45,50,1.1,0.04285714285714286,665,"Steve and I were really looking forward to Spades night, but someone had to go and eat his partner, didn't he?"
2987,5714,0,5,45,50,1.1,0.04285714285714286,665,I call dibs.
1112,5714,0,5,45,50,1.1,0.04285714285714286,665,I was laid off so I’m phoning it in.
1056,5714,0,5,45,50,1.1,0.04285714285714286,665,I'll eat him after the water polo championships
267,5714,1,3,46,50,1.1,0.05150787536377128,665,I’m a cuck.
232,5714,0,5,45,50,1.1,0.04285714285714286,665,I wish it was a lamprey.
1142,5714,2,1,47,50,1.1,0.05890150893739515,665,AirBnB. Covers half my mortgage.
5339,5727,1,4,56,61,1.098360655737705,0.04499494830653312,665,I just downloaded the Uber partner app and thry climb right on.
4863,5728,1,3,48,52,1.0961538461538463,0.049580558825364524,665,"For lunch, what's your preference: his fatty butt or his skinny legs?"
3918,5728,1,3,48,52,1.0961538461538463,0.049580558825364524,665,This Sharkitsu Massage is another interwet scam!
4744,5730,1,2,43,46,1.0869565217391304,0.0522543663110723,665,You ordered dark meat!
4533,5731,0,4,43,47,1.0851063829787233,0.041142194186747603,665,"And what's worse, there's no tipping."
4531,5731,0,4,43,47,1.0851063829787233,0.041142194186747603,665,"Sorry, no walk-ins.  And it’s pronounced ‘Ashiatsu.’"
4515,5731,0,4,43,47,1.0851063829787233,0.041142194186747603,665,I thought you WANTED a half-order!
4476,5731,0,4,43,47,1.0851063829787233,0.041142194186747603,665,you know?... everybody needs its own realm of dignity!
4189,5731,0,4,43,47,1.0851063829787233,0.041142194186747603,665,Someday they'll discover there's no such thing as a sandbar
4177,5731,1,2,44,47,1.0851063829787233,0.05116394748945358,665,You’ve never heard of an Ottoman shark?
4173,5731,0,4,43,47,1.0851063829787233,0.041142194186747603,665,It's a new swim-share called UNDR. It helps pay the bills.
4134,5731,0,4,43,47,1.0851063829787233,0.041142194186747603,665,This is gonna be jawesome!
3873,5731,0,4,43,47,1.0851063829787233,0.041142194186747603,665,"Underwater UBER, I'm swimming back and forth anyway plus you get fisherman insurance protection."
4106,5731,0,4,43,47,1.0851063829787233,0.041142194186747603,665,"Man, fuck this guy."
3945,5731,0,4,43,47,1.0851063829787233,0.041142194186747603,665,Sea Segway.
4621,5731,0,4,43,47,1.0851063829787233,0.041142194186747603,665,"In the absence of playing cards, this is the only way I could come up with to to play Oklahoma Forehead."
3739,5731,1,2,44,47,1.0851063829787233,0.05116394748945358,665,Wait...wait...OK!
3728,5731,1,2,44,47,1.0851063829787233,0.05116394748945358,665,I have a case of buyer’s remora.
3691,5731,0,4,43,47,1.0851063829787233,0.041142194186747603,665,It makes my back feel so much better.
3647,5731,0,4,43,47,1.0851063829787233,0.041142194186747603,665,"We're going to need a bigger fridge."""
3518,5731,1,2,44,47,1.0851063829787233,0.05116394748945358,665,I'll flip him and we can share
4124,5731,0,4,43,47,1.0851063829787233,0.041142194186747603,665,I know it's not good for me but I just can't shake it.
4646,5731,0,4,43,47,1.0851063829787233,0.041142194186747603,665,"Oh my gosh Carol, these dry heels are killing me!"
4842,5731,0,4,43,47,1.0851063829787233,0.041142194186747603,665,"Yes, I get tired of it...but a deal is a deal."
4728,5731,0,4,43,47,1.0851063829787233,0.041142194186747603,665,"He can't swim but says I'm definitely lactose intolerant. 
Does that really mean I can't eat meat?"
3139,5731,1,2,44,47,1.0851063829787233,0.05116394748945358,665,Right now it's all hearts and minds.
6209,5731,0,4,43,47,1.0851063829787233,0.041142194186747603,665,"It's kinda like a Lyft gig, I run him over to Martha's Vineyard, hang around the beach for awhile, pick him up at 5:00 and take him back home. The only difference is, I eat him on the way back ."
6039,5731,1,2,44,47,1.0851063829787233,0.05116394748945358,665,"As a second job, being a Scuber driver is good for the cash but pretty humiliating"
5905,5731,0,4,43,47,1.0851063829787233,0.041142194186747603,665,"On one hand, we have a reputation to uphold.  On the other hand, this shiatsu foot massage really feels good."
5822,5731,0,4,43,47,1.0851063829787233,0.041142194186747603,665,Sometimes I regret reading Kant.
5788,5731,0,4,43,47,1.0851063829787233,0.041142194186747603,665,"Ahhh, shiatsu massage is my favorite."
5659,5731,0,4,43,47,1.0851063829787233,0.041142194186747603,665,Wanna come watch the swimmers when the two of us hit the beach?
5624,5731,1,2,44,47,1.0851063829787233,0.05116394748945358,665,No way! But you can have the wings and breasts.
5603,5731,0,4,43,47,1.0851063829787233,0.041142194186747603,665,He said he is looking for the site of a new movie.
5558,5731,0,4,43,47,1.0851063829787233,0.041142194186747603,665,"do you think I should eat him now, or should I wait for him to fatten up?"
5350,5731,1,2,44,47,1.0851063829787233,0.05116394748945358,665,Now let's see if he can do that with one leg.
5337,5731,0,4,43,47,1.0851063829787233,0.041142194186747603,665,I've been looking all over for a hat like that.
5296,5731,0,4,43,47,1.0851063829787233,0.041142194186747603,665,He likes to think he's protecting us against Quint.
5054,5731,1,2,44,47,1.0851063829787233,0.05116394748945358,665,Apparently seeing Trump's head & bare chest is scarier than seeing a shark fin.
5019,5731,0,4,43,47,1.0851063829787233,0.041142194186747603,665,Two more weeks and he goes back to his parents
4915,5731,0,4,43,47,1.0851063829787233,0.041142194186747603,665,I'm getting half of his Speedo endorsement.
4787,5731,0,4,43,47,1.0851063829787233,0.041142194186747603,665,He says he's not ready to jump.
4715,5731,0,4,43,47,1.0851063829787233,0.041142194186747603,665,"It's a trade off.  I get a shiatsu,he gets to live."
3115,5731,0,4,43,47,1.0851063829787233,0.041142194186747603,665,Play with your own food.
1529,5731,0,4,43,47,1.0851063829787233,0.041142194186747603,665,Stop.  This is just my side hustle.
2957,5731,0,4,43,47,1.0851063829787233,0.041142194186747603,665,"It's called 47 Meters Down.  It's a typical summer ""shark"" movie. Is it degrading? Well yes, but money's been tight, and you have to start somewhere in Hollywood."
1373,5731,0,4,43,47,1.0851063829787233,0.041142194186747603,665,When I become a Gefilte Fish he'll be replaced by a carrot.
1297,5731,1,2,44,47,1.0851063829787233,0.05116394748945358,665,We're running low on toothpicks. Do you want this one?
1209,5731,0,4,43,47,1.0851063829787233,0.041142194186747603,665,"He ain't heavy, he's my brother-in-law."
1188,5731,0,4,43,47,1.0851063829787233,0.041142194186747603,665,"I know, but he says it's a casting interview."
1025,5731,0,4,43,47,1.0851063829787233,0.041142194186747603,665,"2 more sessions and I'll be good as new"" 
"" I told you to stay away from those rip currents"
955,5731,0,4,43,47,1.0851063829787233,0.041142194186747603,665,I'm going for the Carmen Miranda look
654,5731,0,4,43,47,1.0851063829787233,0.041142194186747603,665,"‘ i wouldn’t bother, i hear they’re high in cholesterol’"
590,5731,0,4,43,47,1.0851063829787233,0.041142194186747603,665,Ate half. Are you hungry for the rest?
499,5731,0,4,43,47,1.0851063829787233,0.041142194186747603,665,"I already ate the last guy’s legs, Greg."
401,5731,0,4,43,47,1.0851063829787233,0.041142194186747603,665,This surfer is going for a new record.
340,5731,0,4,43,47,1.0851063829787233,0.041142194186747603,665,"I know, Walter, I know. Just let these burdens roll off my shoulders!"
140,5731,0,4,43,47,1.0851063829787233,0.041142194186747603,665,Do you remora me?
137,5731,0,4,43,47,1.0851063829787233,0.041142194186747603,665,"The vegan diet has been going well, but I don’t see it lasting much longer."
107,5731,0,4,43,47,1.0851063829787233,0.041142194186747603,665,Attenborough just won't get off my back.
76,5731,0,4,43,47,1.0851063829787233,0.041142194186747603,665,I think he needs glasses.
43,5731,0,4,43,47,1.0851063829787233,0.041142194186747603,665,"He's a New Yorker, holds on with a straphanger."
7,5731,0,4,43,47,1.0851063829787233,0.041142194186747603,665,I'm going to brutally maim this bastard on top of me....friggen savage
1514,5731,0,4,43,47,1.0851063829787233,0.041142194186747603,665,He's all yours if I can leave early tomorrow.
3097,5731,1,2,44,47,1.0851063829787233,0.05116394748945358,665,Malaysian Airlines?
272,5731,1,2,44,47,1.0851063829787233,0.05116394748945358,665,Remora! I’m sick of remora!
1611,5731,0,4,43,47,1.0851063829787233,0.041142194186747603,665,"You can have this one, he's not heavy enough for me."
1577,5731,0,4,43,47,1.0851063829787233,0.041142194186747603,665,I 'm no longer practicing law. I'm trying Uber for a while.
2920,5731,1,2,44,47,1.0851063829787233,0.05116394748945358,665,...And he's got a monkey on his.
2742,5731,0,4,43,47,1.0851063829787233,0.041142194186747603,665,They pay me in sushi so it's a good deal.
2708,5731,0,4,43,47,1.0851063829787233,0.041142194186747603,665,"""It's like Uber, but for fish"
2097,5731,0,4,43,47,1.0851063829787233,0.041142194186747603,665,Climate change and the Uber strike provided an opportunity...doo doo doo doo doo doo!
2081,5731,0,4,43,47,1.0851063829787233,0.041142194186747603,665,I picked up some take-out at the beach.
2047,5731,0,4,43,47,1.0851063829787233,0.041142194186747603,665,The top half was  delicious.You can have the rest.
2045,5731,0,4,43,47,1.0851063829787233,0.041142194186747603,665,Sssssh. Don't disturb our Dinner. He is drunk
2601,5731,0,4,43,47,1.0851063829787233,0.041142194186747603,665,"It’s kind of like a back rub.  I don’t think he’d be tasty anyway.
Smelly feet."
1981,5731,1,2,44,47,1.0851063829787233,0.05116394748945358,665,I don’t think he realizes Seaworld is just a show
1929,5731,0,4,43,47,1.0851063829787233,0.041142194186747603,665,I’ve been promoted from a skate board to a skate shark!
1923,5731,0,4,43,47,1.0851063829787233,0.041142194186747603,665,"Hazel stared in stony silence. Once again George brought home the dark meat, having selfishly eaten all the white meat on the way home."
1738,5731,0,4,43,47,1.0851063829787233,0.041142194186747603,665,"It's called ""shurfing"" and I don't like it one bit."
1681,5731,0,4,43,47,1.0851063829787233,0.041142194186747603,665,My mom is the harshest disciplinarian in the sea.
1669,5731,0,4,43,47,1.0851063829787233,0.041142194186747603,665,I'm hoping the resistance training will help my vertical leap.
1649,5731,0,4,43,47,1.0851063829787233,0.041142194186747603,665,It’s my version of the bite squad.
1990,5731,0,4,43,47,1.0851063829787233,0.041142194186747603,665,"What do you think, should we make the earth move for this clueless guy?"
1614,5731,0,4,43,47,1.0851063829787233,0.041142194186747603,665,"Junior, I brought your supper"
3105,5812,0,4,44,48,1.0833333333333333,0.040314953903908046,665,"Oh yeah? Well, You step on me metaphorically everyday"
4420,5813,0,3,40,43,1.069767441860465,0.03930950021993099,665,"Well, you know me, he asked for a last request so I just had to."
4328,5813,0,3,40,43,1.069767441860465,0.03930950021993099,665,Wait 'til you see what happens when I flip my head up.
4137,5813,0,3,40,43,1.069767441860465,0.03930950021993099,665,"Sure, I can eat it at anytime, but the ashiatsu is worth the wait!"
4036,5813,0,3,40,43,1.069767441860465,0.03930950021993099,665,"Shall I ‘share’ him and his cranial-sacral work, with you?"
3989,5813,1,1,41,43,1.069767441860465,0.051503946641122844,665,I don't have the heart to tell him that no shark is an island.
3560,5813,0,3,40,43,1.069767441860465,0.03930950021993099,665,"What does ""Executive Privilege"" mean?"
3665,5813,0,3,40,43,1.069767441860465,0.03930950021993099,665,I’m leaving the other half for the gulls.
3661,5813,0,3,40,43,1.069767441860465,0.03930950021993099,665,Wasn't this part of the pool deeper?
4806,5813,0,3,40,43,1.069767441860465,0.03930950021993099,665,Don't look now; there's a monkey on your back.
3425,5813,0,3,40,43,1.069767441860465,0.03930950021993099,665,"Yeah, it's professional courtesy, basically."
3785,5813,0,3,40,43,1.069767441860465,0.03930950021993099,665,It's Fonzie!
4831,5813,0,3,40,43,1.069767441860465,0.03930950021993099,665,Would you like your human raw or seared?
5743,5813,0,3,40,43,1.069767441860465,0.03930950021993099,665,Jake got the guy's upper half.
4902,5813,0,3,40,43,1.069767441860465,0.03930950021993099,665,This dude’s so lame he couldn’t even jump the shark!
4941,5813,0,3,40,43,1.069767441860465,0.03930950021993099,665,This new Uber pool gig isn't really working out for me.
5014,5813,0,3,40,43,1.069767441860465,0.03930950021993099,665,"I know, I know, but I promised my wife no more attacks"
5038,5813,1,1,41,43,1.069767441860465,0.051503946641122844,665,We’re practicing for the new olympics event.  After my lunch is practice for the special olympics.
5086,5813,0,3,40,43,1.069767441860465,0.03930950021993099,665,He said just to consider him a harmless parasite and swim around a little while.
5280,5813,0,3,40,43,1.069767441860465,0.03930950021993099,665,I’m down to bone on bone .
5320,5813,0,3,40,43,1.069767441860465,0.03930950021993099,665,And we thought that eating their surfboards would make them go away...
5453,5813,0,3,40,43,1.069767441860465,0.03930950021993099,665,Where does he think he is? Sea World?
5888,5813,0,3,40,43,1.069767441860465,0.03930950021993099,665,"Get this guy off my back, he’s been on me all day!"
5904,5813,0,3,40,43,1.069767441860465,0.03930950021993099,665,Bite safety? Talk to Uber. They're the ones taking a bite out of ride-share compensation.
6310,5813,0,3,40,43,1.069767441860465,0.03930950021993099,665,They don't get that the plastic isn't the real problem.
3395,5813,0,3,40,43,1.069767441860465,0.03930950021993099,665,Man:is this my surf board?!!!
4853,5813,0,3,40,43,1.069767441860465,0.03930950021993099,665,"Leg food? Please, be my guest."
3268,5813,0,3,40,43,1.069767441860465,0.03930950021993099,665,Uber or Lyft?
2160,5813,0,3,40,43,1.069767441860465,0.03930950021993099,665,"What with Ubereats and Grubhub, I can’t compete."
2753,5813,0,3,40,43,1.069767441860465,0.03930950021993099,665,This and with a monetary donation. I feel we need to support humans with special needs.
19,5813,0,3,40,43,1.069767441860465,0.03930950021993099,665,"Your order is ready, sir..."
40,5813,0,3,40,43,1.069767441860465,0.03930950021993099,665,"George and I just have to learn to adjust, that's all."
304,5813,1,1,41,43,1.069767441860465,0.051503946641122844,665,"I told you, you should have worn shorts."
477,5813,0,3,40,43,1.069767441860465,0.03930950021993099,665,I was full after eating the breast and wings
725,5813,0,3,40,43,1.069767441860465,0.03930950021993099,665,He's like a horse-whisperer but for sharks.
895,5813,0,3,40,43,1.069767441860465,0.03930950021993099,665,Let's hear his pitch before we devour him.
900,5813,0,3,40,43,1.069767441860465,0.03930950021993099,665,Let's wishbone him Bud!
2819,5813,0,3,40,43,1.069767441860465,0.03930950021993099,665,Your DoorDash order is here.
1739,5813,0,3,40,43,1.069767441860465,0.03930950021993099,665,Can you do it? I don't have the heart to tell him.
1756,5813,0,3,40,43,1.069767441860465,0.03930950021993099,665,"Honey, not vegetarian tonight."
1761,5813,1,1,41,43,1.069767441860465,0.051503946641122844,665,You can eat the bottom half.
1838,5813,0,3,40,43,1.069767441860465,0.03930950021993099,665,What ever you do don’t make any sudden movements
1900,5813,0,3,40,43,1.069767441860465,0.03930950021993099,665,I get the middle part.
1330,5813,0,3,40,43,1.069767441860465,0.03930950021993099,665,Sorry can't join you... I brought my lunch today.
2247,5813,0,3,40,43,1.069767441860465,0.03930950021993099,665,"With the orcas leaving, there’s an opening at SeaWorld.”"
2724,5813,1,1,41,43,1.069767441860465,0.051503946641122844,665,Give me a little time...I'm still digesting the top half!
2701,5813,0,3,40,43,1.069767441860465,0.03930950021993099,665,I’m codependent...
2658,5813,0,3,40,43,1.069767441860465,0.03930950021993099,665,"Shark:"" Sorry Jeff! Shark Uber is the latest boat transportation!"""
2477,5813,0,3,40,43,1.069767441860465,0.03930950021993099,665,I'll bet you a fin I could  throw him off.
2416,5813,0,3,40,43,1.069767441860465,0.03930950021993099,665,I'm building my social media presence.
2534,5813,0,3,40,43,1.069767441860465,0.03930950021993099,665,"I Know ! I know !! 
He is too skinny. I hired him to
find me dinner."
2384,5813,0,3,40,43,1.069767441860465,0.03930950021993099,665,The doctor said it's just growing pains.
2297,5813,0,3,40,43,1.069767441860465,0.03930950021993099,665,We have a fee-sharing arrangement.
2291,5813,0,3,40,43,1.069767441860465,0.03930950021993099,665,"Contrary to what people believe, it's not easy being a shark!"
2276,5813,0,3,40,43,1.069767441860465,0.03930950021993099,665,Serve man?  Get a life.
2405,5813,0,3,40,43,1.069767441860465,0.03930950021993099,665,"'Cheryl, you need to get off my back about some guy being on my back'"
4224,5868,0,3,41,44,1.0681818181818181,0.03843843094202265,665,Marinating them in salt water helps tenderize the meat.
3922,5868,0,3,41,44,1.0681818181818181,0.03843843094202265,665,"Wait, Joey, you can’t bail on the chicken fight now!!!"
4113,5868,0,3,41,44,1.0681818181818181,0.03843843094202265,665,So that's how it feels to be a surfboard.
4181,5868,0,3,41,44,1.0681818181818181,0.03843843094202265,665,He’s a pre-lunch periscope”
4238,5868,0,3,41,44,1.0681818181818181,0.03843843094202265,665,"This new ""ride the shark"" attraction isn't eco-tourism, it's bull shark."
5726,5868,0,3,41,44,1.0681818181818181,0.03843843094202265,665,"This Ashiatsu massage is the only relief after working another episode of ""Shark Tank"""
5143,5868,0,3,41,44,1.0681818181818181,0.03843843094202265,665,I signed up for one of those SharkShare programs. The benefits are terrible but at least I make my own hours.
6240,5868,0,3,41,44,1.0681818181818181,0.03843843094202265,665,How could I say ‘no’ to Mark Cuban?
5502,5868,0,3,41,44,1.0681818181818181,0.03843843094202265,665,He's doing important research.
5619,5868,0,3,41,44,1.0681818181818181,0.03843843094202265,665,I'm starting to drown so i might as well even him
3850,5868,0,3,41,44,1.0681818181818181,0.03843843094202265,665,See you in court.  My guy will be above water.
4663,5868,1,1,42,44,1.0681818181818181,0.05034476562380576,665,Works better as a line in Rilke's poem.  Actually standing on a fish is slippery and stinky!
3708,5868,1,1,42,44,1.0681818181818181,0.05034476562380576,665,Always check the fine print on timeshare agreements.
5372,5868,0,3,41,44,1.0681818181818181,0.03843843094202265,665,"The hot stones were nice, but this is just unnecessary."
2694,5868,0,3,41,44,1.0681818181818181,0.03843843094202265,665,You hungry?
3195,5868,0,3,41,44,1.0681818181818181,0.03843843094202265,665,‘’Just another passing fad…like planking …sigh.”
415,5868,0,3,41,44,1.0681818181818181,0.03843843094202265,665,"Hey, look at this: They double as a backscratcher!""
""Don't play with your food, Kevin."
1108,5868,0,3,41,44,1.0681818181818181,0.03843843094202265,665,What a terrible weight on my back! Can you bite him please?
1318,5868,1,1,42,44,1.0681818181818181,0.05034476562380576,665,Leftovers.
1654,5868,0,3,41,44,1.0681818181818181,0.03843843094202265,665,Would you prefer the top half or the bottom half ?
1682,5868,0,3,41,44,1.0681818181818181,0.03843843094202265,665,Now I'm looking for something to top it off.
222,5868,0,3,41,44,1.0681818181818181,0.03843843094202265,665,They’re less afraid of us since ‘Baby Shark.’
2073,5868,0,3,41,44,1.0681818181818181,0.03843843094202265,665,"I dunno, man - sometimes it's just too easy."
1732,5868,0,3,41,44,1.0681818181818181,0.03843843094202265,665,"His idea is to jump from one of us to the other and back, for the idiots watching through the glass.  Let's drop him."
2632,5868,0,3,41,44,1.0681818181818181,0.03843843094202265,665,Buzz off -- he's on the lookout for fish.
2679,5868,0,3,41,44,1.0681818181818181,0.03843843094202265,665,They taste better if a little sun-warmed.
2366,5868,0,3,41,44,1.0681818181818181,0.03843843094202265,665,Is he worth attacking?
2619,5868,0,3,41,44,1.0681818181818181,0.03843843094202265,665,"Hurry up to the water-sports center, such smorgas-boards are their new thing"""
4602,5896,0,2,38,40,1.05,0.03489912202260563,665,"I let the last guy ""walk on water"" first, and then I ate him!"
4251,5896,0,2,38,40,1.05,0.03489912202260563,665,He has a new business model he wants to show us.
4341,5896,0,2,38,40,1.05,0.03489912202260563,665,This ride share business is for the birds.
4372,5896,1,0,39,40,1.05,0.04999999999999999,665,Bite his dick off!
4392,5896,0,2,38,40,1.05,0.03489912202260563,665,I”am teaching him shark surfing
4425,5896,0,2,38,40,1.05,0.03489912202260563,665,It's either acting as a surfboard or being hunted to extinction
4434,5896,0,2,38,40,1.05,0.03489912202260563,665,"Your foot fetish is bigger than your stomach, Donald."
4512,5896,1,0,39,40,1.05,0.04999999999999999,665,"He is not worth eating ,he is on prednisone ."
4516,5896,0,2,38,40,1.05,0.03489912202260563,665,My therapist recommended this mental exercise.
4532,5896,0,2,38,40,1.05,0.03489912202260563,665,Do you want the Democratic or the Republican side?
4579,5896,0,2,38,40,1.05,0.03489912202260563,665,"He ain't heavy, he's my Darwinian brother..."
4670,5896,0,2,38,40,1.05,0.03489912202260563,665,I got a lunch order here for a Miss Wanda Piranha. Is that you?
4769,5896,0,2,38,40,1.05,0.03489912202260563,665,"His board? I dunno,""cept now I have to take him in"
4699,5896,0,2,38,40,1.05,0.03489912202260563,665,"Sorry, dear. I was the closet ride."
4708,5896,0,2,38,40,1.05,0.03489912202260563,665,Don't look at me. I'm hideous.
4714,5896,0,2,38,40,1.05,0.03489912202260563,665,He thinks he's touched bottom and I haven't the heart to disillusion him. Your go.
4718,5896,0,2,38,40,1.05,0.03489912202260563,665,"Excuse me, is this 1943 Jaws Avenue?"
4763,5896,0,2,38,40,1.05,0.03489912202260563,665,"I’m getting tired of this surfer dude, dude, dude, do, do, do, do."
4247,5896,0,2,38,40,1.05,0.03489912202260563,665,It helps with the cravings.
4795,5896,0,2,38,40,1.05,0.03489912202260563,665,Want the other half?
4798,5896,0,2,38,40,1.05,0.03489912202260563,665,"You like it? Made 'er myself last weekend, the red-shorted bronzeskins usually bite hard this time of year."
4823,5896,0,2,38,40,1.05,0.03489912202260563,665,I saved this one for a late night snack.
4858,5896,0,2,38,40,1.05,0.03489912202260563,665,I told you I would bring dinner.
4891,5896,0,2,38,40,1.05,0.03489912202260563,665,It's take away.
4678,5896,0,2,38,40,1.05,0.03489912202260563,665,Shark Week Uber
4210,5896,0,2,38,40,1.05,0.03489912202260563,665,This is not my idea of surfing.
4024,5896,0,2,38,40,1.05,0.03489912202260563,665,Working for Lyft has its drawbacks.
4159,5896,0,2,38,40,1.05,0.03489912202260563,665,"Apparently, they pay extra."
3130,5896,0,2,38,40,1.05,0.03489912202260563,665,Just waiting for the other half to fall.
3134,5896,0,2,38,40,1.05,0.03489912202260563,665,"I know I've been getting drunk lately, but I've got a lot on my back so back off, Sue!"
3256,5896,0,2,38,40,1.05,0.03489912202260563,665,I'm watching my weight. So I ate half earlier and I'll finish off the rest this evening.
3301,5896,0,2,38,40,1.05,0.03489912202260563,665,I never eat below the waist.
3345,5896,0,2,38,40,1.05,0.03489912202260563,665,I was hungry and  Disney bought my rights for a couple of mackerel.
3354,5896,0,2,38,40,1.05,0.03489912202260563,665,This shark-hailing business is killing me.
3408,5896,0,2,38,40,1.05,0.03489912202260563,665,"He sure looks better, than the surfboard I just ate!"
3434,5896,0,2,38,40,1.05,0.03489912202260563,665,"I used to be a hammerhead, now I'm just a hammer toed shark."
3516,5896,0,2,38,40,1.05,0.03489912202260563,665,Hey Ben... new hat?
3533,5896,0,2,38,40,1.05,0.03489912202260563,665,I know he's not the star he use to be but ya gotta admit Swimming with Sharks II is real timely annnd he got Harvey to green light it!!!!!
3541,5896,0,2,38,40,1.05,0.03489912202260563,665,He promised to let me know if there are any jellyfish around
3633,5896,0,2,38,40,1.05,0.03489912202260563,665,So I was just swimming around flossing my jaws with a trash sign that read “Rides for food” when his idiot just hopped on me. You wanna do lunch?
4165,5896,0,2,38,40,1.05,0.03489912202260563,665,He's been standing on me all day...how long until I can eat him?
3725,5896,0,2,38,40,1.05,0.03489912202260563,665,"I wish I had a really good reason to ask him to move... like, 'You're blocking my blowhole.'"
3763,5896,0,2,38,40,1.05,0.03489912202260563,665,He's much lighter since somebody ate his top.
3775,5896,0,2,38,40,1.05,0.03489912202260563,665,"Get lost, I'm chumming for a bigger fish than you!"
3795,5896,1,0,39,40,1.05,0.04999999999999999,665,"OK..I’ ll toss him, you catch him and we’ll do lunch"
3804,5896,0,2,38,40,1.05,0.03489912202260563,665,He thinks he is surfing!
3806,5896,0,2,38,40,1.05,0.03489912202260563,665,He is too skinny; I want to wait for a fatter prey.
3912,5896,0,2,38,40,1.05,0.03489912202260563,665,"No, I'm not ride-sharing with you."
3933,5896,0,2,38,40,1.05,0.03489912202260563,665,You need to eat your whole meal before you swim away!
4923,5896,0,2,38,40,1.05,0.03489912202260563,665,I can’t decide between the meal or the delivery guy.
4063,5896,0,2,38,40,1.05,0.03489912202260563,665,I am your better half!
4114,5896,0,2,38,40,1.05,0.03489912202260563,665,"Oh, the burden of humanity"
4118,5896,0,2,38,40,1.05,0.03489912202260563,665,I promised his mother I would chew off his ankles for the 1st half hour after he eats.
4151,5896,0,2,38,40,1.05,0.03489912202260563,665,It's easier than goat yoga.
3760,5896,0,2,38,40,1.05,0.03489912202260563,665,"It’s foot-on-head disease, a precursor to foot-in-mouth disease."
4932,5896,0,2,38,40,1.05,0.03489912202260563,665,It's the latest in lures.
5171,5896,0,2,38,40,1.05,0.03489912202260563,665,"I know.  After our next America,s got Talent 
Performance I'm gonna eat him."
5008,5896,0,2,38,40,1.05,0.03489912202260563,665,I like your hat.
5758,5896,0,2,38,40,1.05,0.03489912202260563,665,This will be as easy as shooting humans in a barrel
5769,5896,0,2,38,40,1.05,0.03489912202260563,665,They say a human foot massage every so often is good for the cartilage.
5777,5896,0,2,38,40,1.05,0.03489912202260563,665,Do I look like a Carpet Shark to you?
5844,5896,0,2,38,40,1.05,0.03489912202260563,665,The sand here is even softer than in the Bahamas!
5854,5896,0,2,38,40,1.05,0.03489912202260563,665,Online dating has me feeling used...
5859,5896,0,2,38,40,1.05,0.03489912202260563,665,Eat him! What an appalling idea! You won't find a better Ashiatsu master for miles!
5928,5896,0,2,38,40,1.05,0.03489912202260563,665,You can also tip me in-app.
5949,5896,0,2,38,40,1.05,0.03489912202260563,665,Some I drive. Some I deliver.
5986,5896,0,2,38,40,1.05,0.03489912202260563,665,It’s better a pain in the back than a pain in the Jaws
5987,5896,0,2,38,40,1.05,0.03489912202260563,665,He got tired of surfboarding.
5998,5896,0,2,38,40,1.05,0.03489912202260563,665,Just doing some pro bono work at the latest sunami
6015,5896,0,2,38,40,1.05,0.03489912202260563,665,"Well, if I had known your sister was joining us, I would have brought home more than just the drumsticks."
6017,5896,0,2,38,40,1.05,0.03489912202260563,665,"Air, land and sea....Uber alles."
6040,5896,0,2,38,40,1.05,0.03489912202260563,665,He's on the lookout for Jaws 4.
6043,5896,0,2,38,40,1.05,0.03489912202260563,665,He said he'll take me out for shrimp later if I help him just this once.
6063,5896,0,2,38,40,1.05,0.03489912202260563,665,This standoff is aboveboard.  It's clearly not bait-and-switch.
6129,5896,0,2,38,40,1.05,0.03489912202260563,665,"What are you lookin’ at, you never heard of Uber?"
6275,5896,0,2,38,40,1.05,0.03489912202260563,665,He’s with the crew of ‘Shark Week’
6130,5896,0,2,38,40,1.05,0.03489912202260563,665,"It's called a ""lure"" and yes, it was ""as seen on TV""."
6153,5896,0,2,38,40,1.05,0.03489912202260563,665,"He’s a ten-tied genius, man. Like gentle, but like totally deep tissue, my broheim."
6205,5896,0,2,38,40,1.05,0.03489912202260563,665,Its's only fair. You got the first half.
6207,5896,0,2,38,40,1.05,0.03489912202260563,665,"Yeah, I finally became a ScUber driver."
6215,5896,0,2,38,40,1.05,0.03489912202260563,665,"When did you switch from Uber to Lyft?

Sigute Miller, Valley Village, CA"
6253,5896,1,0,39,40,1.05,0.04999999999999999,665,He says that he is just along for the ride.
3061,5896,1,0,39,40,1.05,0.04999999999999999,665,It’s my dorsal feet
5728,5896,0,2,38,40,1.05,0.03489912202260563,665,"Bruce, what on your mind for dinner?"
5710,5896,0,2,38,40,1.05,0.03489912202260563,665,He said he had to change a light bulb.
5699,5896,0,2,38,40,1.05,0.03489912202260563,665,I have an itch.
5691,5896,0,2,38,40,1.05,0.03489912202260563,665,"It's Mr. Kintner....Isn't it?"""
5030,5896,0,2,38,40,1.05,0.03489912202260563,665,"Well I'm no megalodon and I don't have shoulders, but I think he is seeing further, why?"
5051,5896,0,2,38,40,1.05,0.03489912202260563,665,"A candidate for the Darwin Award? 

I shouldn’t have signed up for Uber!"
5072,5896,0,2,38,40,1.05,0.03489912202260563,665,Corporate Attorney!
5099,5896,0,2,38,40,1.05,0.03489912202260563,665,"He was an easy catch.  And at lunchtime, I'll do a backflip and eat."
5214,5896,0,2,38,40,1.05,0.03489912202260563,665,i`m his handler for the terra firma world exhibit
5237,5896,0,2,38,40,1.05,0.03489912202260563,665,You should try it. It does wonders for back pain with the added bonus of a tasty snack.
5267,5896,0,2,38,40,1.05,0.03489912202260563,665,"He said he was an ashiatsu massage therapist, but I think he just wanted to show off for his girlfriend."
5273,5896,0,2,38,40,1.05,0.03489912202260563,665,I really cant believe I've been mistaken for Shamu
5327,5896,0,2,38,40,1.05,0.03489912202260563,665,Too many options...
5358,5896,0,2,38,40,1.05,0.03489912202260563,665,"You like drumsticks, so I saved these for you.

Don Smith
Repton, Alabama"
5363,5896,0,2,38,40,1.05,0.03489912202260563,665,I'm gonna dump this guy if he doesn't cut his toenails.
5431,5896,0,2,38,40,1.05,0.03489912202260563,665,"No more pink mustaches, but I'm still an independent contractor."
4968,5896,0,2,38,40,1.05,0.03489912202260563,665,Tourists- they'll stand on anything they can find.
5432,5896,0,2,38,40,1.05,0.03489912202260563,665,Who let him into the shark tank.
5489,5896,0,2,38,40,1.05,0.03489912202260563,665,"You see son, this is what happens when ""Shark Attacks"" go down."
5497,5896,0,2,38,40,1.05,0.03489912202260563,665,I'm afraid I'm gonna put my foot in my mouth.
5504,5896,1,0,39,40,1.05,0.04999999999999999,665,Ever feel topped off with riffraff?
5507,5896,1,0,39,40,1.05,0.04999999999999999,665,"Once I get the vest, we can fly, he says."
5534,5896,0,2,38,40,1.05,0.03489912202260563,665,"We're trying to economize, so I've decided to bring lunch from home"
5588,5896,0,2,38,40,1.05,0.03489912202260563,665,"This is no seal, Bill."
5601,5896,0,2,38,40,1.05,0.03489912202260563,665,It's the new under-water shiatsu. They won't bite.
5640,5896,0,2,38,40,1.05,0.03489912202260563,665,Just earning some extra chum through Uber
5647,5896,0,2,38,40,1.05,0.03489912202260563,665,"He complained that Uber costs an arm and a leg, so I'm only charging him a leg."
5655,5896,0,2,38,40,1.05,0.03489912202260563,665,"The wife said she wanted to fix the den, so I said I’d Uber to raise some cash."
5671,5896,0,2,38,40,1.05,0.03489912202260563,665,When the bottom drops out you have ten seconds to neutralize him.
5675,5896,0,2,38,40,1.05,0.03489912202260563,665,Stay calm. They can smell your fear of extinction within their personal bubble.
5443,5896,0,2,38,40,1.05,0.03489912202260563,665,"One, Two, Three......."
3039,5896,0,2,38,40,1.05,0.03489912202260563,665,"Feet are food, not friends!"
271,5896,0,2,38,40,1.05,0.03489912202260563,665,Wha-da-ya say we each take a leg and play Wishbone?
3036,5896,0,2,38,40,1.05,0.03489912202260563,665,"Don't ask, it's a deal we made."
949,5896,0,2,38,40,1.05,0.03489912202260563,665,Remoras are just so passé.
992,5896,0,2,38,40,1.05,0.03489912202260563,665,My school only serves vegan now.
1005,5896,0,2,38,40,1.05,0.03489912202260563,665,Grubhub.
1037,5896,0,2,38,40,1.05,0.03489912202260563,665,I'm beta testing a new combination rideshare and meal delivery service. It's called Uber Blacktip Eats.
1051,5896,0,2,38,40,1.05,0.03489912202260563,665,I always try to get a massage when I swim to Bangkok
1070,5896,0,2,38,40,1.05,0.03489912202260563,665,I've been eating the Impossible Surfer and now I've lost the taste for the real thing.
1090,5896,0,2,38,40,1.05,0.03489912202260563,665,If I dive I want half
1125,5896,0,2,38,40,1.05,0.03489912202260563,665,"I'm up for the next Sharknado movie, that's why!!"
1126,5896,0,2,38,40,1.05,0.03489912202260563,665,"You've got to give me a holiday, I'm breaking my back here!"
1144,5896,0,2,38,40,1.05,0.03489912202260563,665,"I would eat him, but he bribed me not to..."
1155,5896,0,2,38,40,1.05,0.03489912202260563,665,"And we've still got a little old woman, a little old man, a barn full of threshers, a field full of mowers, a cow and a pig."
1163,5896,0,2,38,40,1.05,0.03489912202260563,665,I've got to stop being an Uber driver in my spare time...
1204,5896,0,2,38,40,1.05,0.03489912202260563,665,"He thinks he is waist deep, wanna see total hysteria, then you can have him, I do owe you one."
1261,5896,0,2,38,40,1.05,0.03489912202260563,665,"....you laugh but its like Hello Fresh for busy on the go sea carnivores, they deliver it right to you."
1375,5896,0,2,38,40,1.05,0.03489912202260563,665,"Just between you and me, I think he needs a different boat."
1380,5896,0,2,38,40,1.05,0.03489912202260563,665,"With regular accupressure treatments, I'm able to thrash without back pain."
1417,5896,0,2,38,40,1.05,0.03489912202260563,665,He thinks I’m rubber
1435,5896,0,2,38,40,1.05,0.03489912202260563,665,"baby shark, more like ""annoyed shark doo, doo, do, do, do, doo"""
1483,5896,0,2,38,40,1.05,0.03489912202260563,665,"Go away, you already had your half ..."
1499,5896,0,2,38,40,1.05,0.03489912202260563,665,The price of gas must have gone  up again....
1506,5896,0,2,38,40,1.05,0.03489912202260563,665,My wife is making me try this vegetarian thing...
1531,5896,0,2,38,40,1.05,0.03489912202260563,665,"Yeah, it looks annoying, but after he does his job, it's like a big buffet."
1562,5896,0,2,38,40,1.05,0.03489912202260563,665,I know but I don't like to eat between meals.
1599,5896,0,2,38,40,1.05,0.03489912202260563,665,Sometimes dinner just really weighs me down.
1606,5896,1,0,39,40,1.05,0.04999999999999999,665,I recommend the thighs.
917,5896,0,2,38,40,1.05,0.03489912202260563,665,It’s called  “Drown the Shark”
1622,5896,0,2,38,40,1.05,0.03489912202260563,665,Surfer beaches are more trouble than they're worth.
894,5896,0,2,38,40,1.05,0.03489912202260563,665,He's obviously never read The Gingerbread Man.
841,5896,0,2,38,40,1.05,0.03489912202260563,665,"Law of attraction, my friend."
3037,5896,0,2,38,40,1.05,0.03489912202260563,665,"His trust  has changed me from a predator to
a support shark!"
3,5896,0,2,38,40,1.05,0.03489912202260563,665,It’s shark surfin USA.
11,5896,0,2,38,40,1.05,0.03489912202260563,665,I would but skin bones isn’t worth the effort
98,5896,0,2,38,40,1.05,0.03489912202260563,665,A snack just in case.
127,5896,0,2,38,40,1.05,0.03489912202260563,665,"Doctor Fish, Nurse Shark, a pedicure's a pedicure."
216,5896,0,2,38,40,1.05,0.03489912202260563,665,These waters suffer from foot fungus.
253,5896,0,2,38,40,1.05,0.03489912202260563,665,Do you want to know what's more annoying than being attached to a suckerfish?
320,5896,0,2,38,40,1.05,0.03489912202260563,665,"Have you heard of Unter? It's like Uber, but for fish."
365,5896,0,2,38,40,1.05,0.03489912202260563,665,"Hey, it might look like I'm not a killer anymore but the foot massages this dude gives are the best.  The best, I tell you."
394,5896,0,2,38,40,1.05,0.03489912202260563,665,Roadpop...
439,5896,0,2,38,40,1.05,0.03489912202260563,665,"It’s the ‘Treading Deep Water Massage’.  You have to try it, really limbers you up for attack."
538,5896,0,2,38,40,1.05,0.03489912202260563,665,I'm saving these bits till last.
549,5896,0,2,38,40,1.05,0.03489912202260563,665,"Are you ready for lunch?  This guy doesn't understand that even at Sea World, we have our limits."
588,5896,0,2,38,40,1.05,0.03489912202260563,665,He's thinking either shoes or a suit.
592,5896,0,2,38,40,1.05,0.03489912202260563,665,I felt bad-I chomped his surfboard in half
604,5896,0,2,38,40,1.05,0.03489912202260563,665,humans always pretend they can swim
618,5896,0,2,38,40,1.05,0.03489912202260563,665,Ashiatsu back walking massage really relieves the tightness in my back. Hard to find a therapist willing to do it in water though.
629,5896,0,2,38,40,1.05,0.03489912202260563,665,Lunch? No! It's Seaworld's first rodeo.
673,5896,0,2,38,40,1.05,0.03489912202260563,665,Oh no! Mr. Wonderful?
686,5896,0,2,38,40,1.05,0.03489912202260563,665,I hate it when he digs his toes in.
728,5896,0,2,38,40,1.05,0.03489912202260563,665,Get off my back Dad!
740,5896,0,2,38,40,1.05,0.03489912202260563,665,"I keep getting supporting roles, like Jaw’s younger goofy brother.
I could of been a contender."
757,5896,0,2,38,40,1.05,0.03489912202260563,665,It's like Uber for the ocean.
816,5896,0,2,38,40,1.05,0.03489912202260563,665,He thinks he’s Aquaman and I was full.
823,5896,0,2,38,40,1.05,0.03489912202260563,665,The growth started off Fukushima!
846,5896,0,2,38,40,1.05,0.03489912202260563,665,It helps loosen up my back muscles.
1643,5896,0,2,38,40,1.05,0.03489912202260563,665,He says he’s the apex predator.
1383,5896,0,2,38,40,1.05,0.03489912202260563,665,Something's been weighing on my mind recently ...
1685,5896,0,2,38,40,1.05,0.03489912202260563,665,"OK, but I get the top half."
2277,5896,0,2,38,40,1.05,0.03489912202260563,665,I believe in a balanced diet and he is surface to requirements.
2325,5896,0,2,38,40,1.05,0.03489912202260563,665,I just can't bring myself to correct him.
2340,5896,0,2,38,40,1.05,0.03489912202260563,665,Uber.
2372,5896,0,2,38,40,1.05,0.03489912202260563,665,I still can't believe we let them bring the gig economy to the ocean...
2378,5896,0,2,38,40,1.05,0.03489912202260563,665,"When they said ""Shark Tank"" I never expected to be on TV."
2387,5896,0,2,38,40,1.05,0.03489912202260563,665,"Don't go there yet, obviously he thinks he's on a surfboard."
2399,5896,0,2,38,40,1.05,0.03489912202260563,665,They call it chicken.
2417,5896,0,2,38,40,1.05,0.03489912202260563,665,I'd much rather be a 'fish out of water' at this point.
2451,5896,0,2,38,40,1.05,0.03489912202260563,665,What I won't do to make it on Shark Week
1665,5896,0,2,38,40,1.05,0.03489912202260563,665,I bet the stupid doctor put me on the low fat diet just so he can hog all the good food .
2512,5896,0,2,38,40,1.05,0.03489912202260563,665,I was hungry. Now I'm just mad.
2557,5896,0,2,38,40,1.05,0.03489912202260563,665,I can't stand humans but they can sure stand me.
2221,5896,0,2,38,40,1.05,0.03489912202260563,665,I'm working for Lyft now.
2595,5896,0,2,38,40,1.05,0.03489912202260563,665,"Well, why on Earth would you suggest standing desks?"
2648,5896,0,2,38,40,1.05,0.03489912202260563,665,"In about one minute, he won't have a leg to stand on."
2664,5896,0,2,38,40,1.05,0.03489912202260563,665,Do I swallow him whole or only what I can see.
2715,5896,0,2,38,40,1.05,0.03489912202260563,665,I'm prepping ingredients for tonight's human fin soup.  That's why.
2728,5896,0,2,38,40,1.05,0.03489912202260563,665,"No idea. He booked me with an app, apparently."
2827,5896,0,2,38,40,1.05,0.03489912202260563,665,I am getting paid by Uber.
2834,5896,0,2,38,40,1.05,0.03489912202260563,665,Whatever happened to just plain old paddle boarding?
2842,5896,0,2,38,40,1.05,0.03489912202260563,665,They eliminated the whole 'jumping part' at orientation...
2843,5896,1,0,39,40,1.05,0.04999999999999999,665,"You were at my wedding, Denise..."
2862,5896,0,2,38,40,1.05,0.03489912202260563,665,It's your turn!
2872,5896,0,2,38,40,1.05,0.03489912202260563,665,You should really try going vegan.
2917,5896,0,2,38,40,1.05,0.03489912202260563,665,I hate humans
2960,5896,0,2,38,40,1.05,0.03489912202260563,665,"And I swear I can hear him humming ""Mack the Knife."""
2622,5896,0,2,38,40,1.05,0.03489912202260563,665,"I already ate,but I couldn't stand watching him try to swim."
2205,5896,0,2,38,40,1.05,0.03489912202260563,665,It's not scratchy enough.
2455,5896,0,2,38,40,1.05,0.03489912202260563,665,Going vegan is really killing my mojo!
2178,5896,0,2,38,40,1.05,0.03489912202260563,665,Are you ready for lunch?
1719,5896,1,0,39,40,1.05,0.04999999999999999,665,"I feel the urge to scratch, but lack the appendages to make it happen."
2198,5896,0,2,38,40,1.05,0.03489912202260563,665,' I gotta new job as a loan shark'
1750,5896,0,2,38,40,1.05,0.03489912202260563,665,My rating's at 4.6 stars and it helps with my herniated disc.
1759,5896,0,2,38,40,1.05,0.03489912202260563,665,I let him live if he agreed to them the water was safe.
1775,5896,0,2,38,40,1.05,0.03489912202260563,665,He’s just hitching a ride.
1791,5896,0,2,38,40,1.05,0.03489912202260563,665,I regret taking my food to go
1828,5896,0,2,38,40,1.05,0.03489912202260563,665,I've maimed so many l've lost interest.
1833,5896,0,2,38,40,1.05,0.03489912202260563,665,Uber Eats with your Italian.
1840,5896,0,2,38,40,1.05,0.03489912202260563,665,Just duck under and come with me.
1873,5896,0,2,38,40,1.05,0.03489912202260563,665,What? I  could only eat a half portion.
1909,5896,0,2,38,40,1.05,0.03489912202260563,665,He's mine; I found him first!
1910,5896,0,2,38,40,1.05,0.03489912202260563,665,"I was already depressed. Now this idiot's treating me like I'm an underwater uber! Bite me,Georgie. Just bite me!"
1730,5896,0,2,38,40,1.05,0.03489912202260563,665,Oprah's giving everyone a piece.  You want a leg or a wing?
1924,5896,0,2,38,40,1.05,0.03489912202260563,665,This is the best bait I've ever used!
2012,5896,1,0,39,40,1.05,0.04999999999999999,665,We met at a vegetarian support group. I am helping him show his friends that he can walk on water.
2168,5896,0,2,38,40,1.05,0.03489912202260563,665,"'It takes a lot of self control, but I am getting a great massage.'"
2032,5896,0,2,38,40,1.05,0.03489912202260563,665,His other half is in my stomach.
2043,5896,0,2,38,40,1.05,0.03489912202260563,665,It's a gig economy... things are changing fast. You better keep up.
2052,5896,0,2,38,40,1.05,0.03489912202260563,665,"No, let's pull his pants down... Then eat him."
2057,5896,0,2,38,40,1.05,0.03489912202260563,665,"With global warming and rising seas, I’ve decided to stay ahead of the curve... I call it SharkLyft!"
2074,5896,1,0,39,40,1.05,0.04999999999999999,665,And then they wonder why we attach.
2084,5896,0,2,38,40,1.05,0.03489912202260563,665,Why do I always have to carry the heavy load?
2108,5896,0,2,38,40,1.05,0.03489912202260563,665,Shall we flip for it?
2111,5896,0,2,38,40,1.05,0.03489912202260563,665,Must be Uber Ocean summer surge.
2165,5896,0,2,38,40,1.05,0.03489912202260563,665,Are you sure these are the toppings we ordered?
1915,5896,0,2,38,40,1.05,0.03489912202260563,665,Dinner or foot massage?
6250,6127,0,2,39,41,1.048780487804878,0.034059122057973054,665,You've lost your mascot!
2696,6127,0,2,39,41,1.048780487804878,0.034059122057973054,665,"No, your first bite should be his knees."
2393,6127,0,2,39,41,1.048780487804878,0.034059122057973054,665,I blame this kind of boldness on Lady Gaga and Bradley Cooper
3741,6127,0,2,39,41,1.048780487804878,0.034059122057973054,665,I swear one more time he sings baby shark du doo du I will eat him up.
1128,6127,0,2,39,41,1.048780487804878,0.034059122057973054,665,"I'll flip him, you catch."
806,6127,0,2,39,41,1.048780487804878,0.034059122057973054,665,We can't. He's a corporate lawyer and he's family.
2351,6127,0,2,39,41,1.048780487804878,0.034059122057973054,665,I must be stressed. I'm feeling more weight on my shoulders than ever before.
3607,6134,0,1,36,37,1.027027027027027,0.02739983121755955,665,It's a gig economy out there and he needed a lift!
3913,6134,0,1,36,37,1.027027027027027,0.02739983121755955,665,I'd jump through hoops to get back into the viewing tank.
4235,6134,0,1,36,37,1.027027027027027,0.02739983121755955,665,Would you please eat at least one of his legs? I promise to share the rest of him.
4242,6134,0,1,36,37,1.027027027027027,0.02739983121755955,665,Finding someone to give house call massages is harder than you think.
4397,6134,0,1,36,37,1.027027027027027,0.02739983121755955,665,Next on ‘Shark Weak’
4703,6134,0,1,36,37,1.027027027027027,0.02739983121755955,665,I prefer dark meat. He's all yours.
4771,6134,0,1,36,37,1.027027027027027,0.02739983121755955,665,Nah — don’t like the texture and tastes kinda gamey.
5012,6134,0,1,36,37,1.027027027027027,0.02739983121755955,665,Can you foot this one? My patience has run fin.
3201,6134,0,1,36,37,1.027027027027027,0.02739983121755955,665,"I saw it on the ""Jeffersons"". It really does feel good."
5342,6134,0,1,36,37,1.027027027027027,0.02739983121755955,665,They’re getting so close to shore that I’m terrified to even go in the water.
5454,6134,0,1,36,37,1.027027027027027,0.02739983121755955,665,"I know our ratings are down, but that jump-the-shark publicity stunt was a desperate measure. And now we have a standing invitation to deal with? Talk about overkill!"
5547,6134,0,1,36,37,1.027027027027027,0.02739983121755955,665,"It beats fishing for a living, but I wish they’d  keep their toe nails clipped."
5719,6134,0,1,36,37,1.027027027027027,0.02739983121755955,665,This is taking detente too far.
5951,6134,0,1,36,37,1.027027027027027,0.02739983121755955,665,And that's only the half of it!
6168,6134,0,1,36,37,1.027027027027027,0.02739983121755955,665,"Well Jack, Hume In-n-Out only had legs left. They were out of torsos....... Again!"
4907,6134,0,1,36,37,1.027027027027027,0.02739983121755955,665,"It's a new ride service. The pay isn't great, but there is always food on the table."
2848,6134,0,1,36,37,1.027027027027027,0.02739983121755955,665,"Now that they all have cell phones, the thrill of the hunt is gone."
5155,6134,0,1,36,37,1.027027027027027,0.02739983121755955,665,I guess it beats rolling a rock up a hill.
2272,6134,0,1,36,37,1.027027027027027,0.02739983121755955,665,Don't yuck my yum.
2390,6134,0,1,36,37,1.027027027027027,0.02739983121755955,665,I need to get a bigger back.
112,6134,0,1,36,37,1.027027027027027,0.02739983121755955,665,It's this gig economy.
314,6134,0,1,36,37,1.027027027027027,0.02739983121755955,665,"Pull the shorts down, it said, pant-ing."
373,6134,0,1,36,37,1.027027027027027,0.02739983121755955,665,Rock-paper-scissors?
530,6134,0,1,36,37,1.027027027027027,0.02739983121755955,665,I gave him my word that he will be able to keep his head above water level...
694,6134,0,1,36,37,1.027027027027027,0.02739983121755955,665,This Ride-a-Shark business is really cramping my style!
1248,6134,0,1,36,37,1.027027027027027,0.02739983121755955,665,Getting their feet wet with their showboating ecotourism is killing my back—not to mention the environment.
1338,6134,0,1,36,37,1.027027027027027,0.02739983121755955,665,"I know, I know, but I’m trying to improve my image with those guys!"
666,6134,0,1,36,37,1.027027027027027,0.02739983121755955,665,"Actually, my appetite has been a bit off lately..."
1720,6134,0,1,36,37,1.027027027027027,0.02739983121755955,665,"I’ve always wanted to “hang ten,” but I’ve never been able to resist eating them."
1733,6134,0,1,36,37,1.027027027027027,0.02739983121755955,665,Mako?  No.  Macho.
1814,6134,0,1,36,37,1.027027027027027,0.02739983121755955,665,Jumped my shark.. :(
1860,6134,0,1,36,37,1.027027027027027,0.02739983121755955,665,We can eat after the message is done.
2051,6134,0,1,36,37,1.027027027027027,0.02739983121755955,665,"You  know the old saying, shark eat shark”"
2227,6134,0,1,36,37,1.027027027027027,0.02739983121755955,665,Just doing a little bit to help with global climate change problems. He's changing the torch light in the Statue of Liberty.
2232,6134,0,1,36,37,1.027027027027027,0.02739983121755955,665,Now I know how it feels to be taken for a ride.
1554,6134,0,1,36,37,1.027027027027027,0.02739983121755955,665,He's mine - from here it's just a flip and a gulp.
4408,6170,0,1,37,38,1.0263157894736843,0.02666903735313325,665,It's my penance for eating too many baby seals!
4812,6170,0,1,37,38,1.0263157894736843,0.02666903735313325,665,Don’t judge...it’s fake.
4810,6170,0,1,37,38,1.0263157894736843,0.02666903735313325,665,"Hey can we talk?"" I have got something on my mind."
4526,6170,0,1,37,38,1.0263157894736843,0.02666903735313325,665,This is NOT what I meant by a loan.
4502,6170,0,1,37,38,1.0263157894736843,0.02666903735313325,665,I'd rather snack than shark-boarding.
4480,6170,0,1,37,38,1.0263157894736843,0.02666903735313325,665,I'm not hungry yet so I've just been trading up.
4323,6170,0,1,37,38,1.0263157894736843,0.02666903735313325,665,Jesus hired meB
3689,6170,0,1,37,38,1.0263157894736843,0.02666903735313325,665,He promised if I let him do this for a day he
4154,6170,0,1,37,38,1.0263157894736843,0.02666903735313325,665,I warned The Fonz.
4148,6170,0,1,37,38,1.0263157894736843,0.02666903735313325,665,They taste better exfoliated.
4071,6170,0,1,37,38,1.0263157894736843,0.02666903735313325,665,Do we tell him I'm not a reef? Or do I just toss him in the air and we both make a go at taking a bite of him?
4009,6170,0,1,37,38,1.0263157894736843,0.02666903735313325,665,He had a shark themed surfboard. It's a win-win situation.
3911,6170,0,1,37,38,1.0263157894736843,0.02666903735313325,665,"Hey, it's not baiting, it's waiting."
3838,6170,0,1,37,38,1.0263157894736843,0.02666903735313325,665,Shark Yoga
3790,6170,0,1,37,38,1.0263157894736843,0.02666903735313325,665,I saw Shamu do this once!
4917,6170,0,1,37,38,1.0263157894736843,0.02666903735313325,665,"It’s Steven Spielberg, I don’t know what I should do !"
4303,6170,0,1,37,38,1.0263157894736843,0.02666903735313325,665,my nickname is buoyancy
4988,6170,0,1,37,38,1.0263157894736843,0.02666903735313325,665,The tuba player is on break...
5713,6170,0,1,37,38,1.0263157894736843,0.02666903735313325,665,Ooh I just love a good Thai massage
5447,6170,0,1,37,38,1.0263157894736843,0.02666903735313325,665,They call it “Uber”!
6313,6170,0,1,37,38,1.0263157894736843,0.02666903735313325,665,"We all have to do our part in the gig economy, right?"
6192,6170,0,1,37,38,1.0263157894736843,0.02666903735313325,665,Welcome to the gig economy.
6118,6170,0,1,37,38,1.0263157894736843,0.02666903735313325,665,Loading...
6069,6170,0,1,37,38,1.0263157894736843,0.02666903735313325,665,"Yea, I know it's bad for our image, but I'm vegan now."
5913,6170,0,1,37,38,1.0263157894736843,0.02666903735313325,665,I think we're going to need a bigger human.
5867,6170,0,1,37,38,1.0263157894736843,0.02666903735313325,665,"Apparently, you’ve earned yourself quite the reputation."
5862,6170,0,1,37,38,1.0263157894736843,0.02666903735313325,665,"Ever since Katy Perry’s half time show, the left shark seems to get more respect."
5287,6170,0,1,37,38,1.0263157894736843,0.02666903735313325,665,"""He's a goober who thinks he's on Uber."""
5852,6170,0,1,37,38,1.0263157894736843,0.02666903735313325,665,Blue waveshark 2020
5734,6170,0,1,37,38,1.0263157894736843,0.02666903735313325,665,"Let's wait another sec, .   .   .   he still thinks he's on his buddy's shoulders."
3557,6170,0,1,37,38,1.0263157894736843,0.02666903735313325,665,I tell you he swore he was going to jump.
5673,6170,0,1,37,38,1.0263157894736843,0.02666903735313325,665,Payback to the Shark Conservancy
5669,6170,0,1,37,38,1.0263157894736843,0.02666903735313325,665,They promise they’ll feature me in the next documentary.
5635,6170,0,1,37,38,1.0263157894736843,0.02666903735313325,665,"When they hired me to ensure the water polo team would win, this was not what I had in mind."
5604,6170,0,1,37,38,1.0263157894736843,0.02666903735313325,665,The remora were making me itch.
5535,6170,0,1,37,38,1.0263157894736843,0.02666903735313325,665,A day in the life of the Mueller shark.
5804,6170,0,1,37,38,1.0263157894736843,0.02666903735313325,665,"What, you've gone vegan now too?"
3540,6170,0,1,37,38,1.0263157894736843,0.02666903735313325,665,Wait... I want to know what happens at the end of this story
5615,6170,0,1,37,38,1.0263157894736843,0.02666903735313325,665,I got trunk fever.
3342,6170,0,1,37,38,1.0263157894736843,0.02666903735313325,665,And you thought suckerfish were bad.
1062,6170,0,1,37,38,1.0263157894736843,0.02666903735313325,665,"This was your branding idea for a calmer, gentler species; now can we make him disappear?"
839,6170,0,1,37,38,1.0263157894736843,0.02666903735313325,665,"Uber is gonna have to offer better insurance, because this is getting ridiculous."
791,6170,0,1,37,38,1.0263157894736843,0.02666903735313325,665,I'm trying to be more environmentally friendly.
679,6170,0,1,37,38,1.0263157894736843,0.02666903735313325,665,This is just my side hustle.
620,6170,0,1,37,38,1.0263157894736843,0.02666903735313325,665,"Just give it a week, and there will be enough for everyone."
616,6170,0,1,37,38,1.0263157894736843,0.02666903735313325,665,He’s taking the “stand your ground” law pretty seriously.
602,6170,0,1,37,38,1.0263157894736843,0.02666903735313325,665,I'm trying to eat low-fat.
1141,6170,0,1,37,38,1.0263157894736843,0.02666903735313325,665,Where's a humpback when you need one
567,6170,0,1,37,38,1.0263157894736843,0.02666903735313325,665,I've been having these weird cravings lately...
448,6170,0,1,37,38,1.0263157894736843,0.02666903735313325,665,Steven is really going the lengths for this movie.
440,6170,0,1,37,38,1.0263157894736843,0.02666903735313325,665,"He said he's a podiatrist testing some new exfoliation treatment. Can you eat him, I can't reach...."
341,6170,0,1,37,38,1.0263157894736843,0.02666903735313325,665,"If you must know, it’s a dorsal Huck."
278,6170,0,1,37,38,1.0263157894736843,0.02666903735313325,665,Let's see how long he has his legs once I flip him over.
228,6170,0,1,37,38,1.0263157894736843,0.02666903735313325,665,It’s called Uber Ocean.
108,6170,0,1,37,38,1.0263157894736843,0.02666903735313325,665,It's just until I can afford an aardvark. Burp! I'm a shark.
3445,6170,0,1,37,38,1.0263157894736843,0.02666903735313325,665,The royal we? More like the royal symbiosis
489,6170,0,1,37,38,1.0263157894736843,0.02666903735313325,665,It's the newest in the underwater massage!
1257,6170,0,1,37,38,1.0263157894736843,0.02666903735313325,665,"He keeps saying, ""Don't stop moving."""
257,6170,0,1,37,38,1.0263157894736843,0.02666903735313325,665,He's a lawyer. We're pals.
1327,6170,0,1,37,38,1.0263157894736843,0.02666903735313325,665,I got this idea from the finless ones. I'm using this scrawny one to lure a big one into the water.
1270,6170,0,1,37,38,1.0263157894736843,0.02666903735313325,665,"If I can help somebody, my living will not be in vain."
2962,6170,0,1,37,38,1.0263157894736843,0.02666903735313325,665,It's supposed to be another kind of remora.
2771,6170,0,1,37,38,1.0263157894736843,0.02666903735313325,665,I signed up at UberForTourists.com to pick up a little extra snacks
2731,6170,0,1,37,38,1.0263157894736843,0.02666903735313325,665,He wants a ride to the island.
2684,6170,0,1,37,38,1.0263157894736843,0.02666903735313325,665,"I might take an arm, maybe a leg, but good golly Mr. Wonderful, I was on Dancing with the Stars.  You know. Brand recognition."
2639,6170,0,1,37,38,1.0263157894736843,0.02666903735313325,665,But he's right on my pressure point!
2497,6170,0,1,37,38,1.0263157894736843,0.02666903735313325,665,My yogi told me ashiatsu would realign my chakras in time for the equinox.
2462,6170,0,1,37,38,1.0263157894736843,0.02666903735313325,665,It really irks me to be walked on like somebody's surfboard.
2831,6170,0,1,37,38,1.0263157894736843,0.02666903735313325,665,"You get hungry sometimes, but that's food delivery for you."
2429,6170,0,1,37,38,1.0263157894736843,0.02666903735313325,665,"""He's a plaintiff's attorney looking for a new case."""
1444,6170,0,1,37,38,1.0263157894736843,0.02666903735313325,665,"I missed, and ate his Boogie board instead."
2437,6170,0,1,37,38,1.0263157894736843,0.02666903735313325,665,"If you use my referral code, we'll both get a bonus."
1488,6170,0,1,37,38,1.0263157894736843,0.02666903735313325,665,It's an event that will bring new life to the summer olympics!
2976,6170,0,1,37,38,1.0263157894736843,0.02666903735313325,665,"It allows me to attack without exposing my dorsal fin.
Joe Souvignier, Colorado Springs, Colorado"
1675,6170,0,1,37,38,1.0263157894736843,0.02666903735313325,665,You want to share some athlete's foot?
1857,6170,0,1,37,38,1.0263157894736843,0.02666903735313325,665,I'm just waiting till he 'hangs ten.' Then the fun begins.
1530,6170,0,1,37,38,1.0263157894736843,0.02666903735313325,665,This is how Bruce got his start
2415,6170,0,1,37,38,1.0263157894736843,0.02666903735313325,665,"I told you, stay away from the shore, these humans are dangerous."
3405,6248,0,0,33,33,1.0,0.030772872744833184,665,I’m tired of the people encroaching in our space. We need to have a BarBQ!
4967,6248,0,0,33,33,1.0,0.030772872744833184,665,Ya oooh yum dessert
4949,6248,0,0,34,34,1.0,0.029854071701326604,665,He thinks swimming with the dolphins will clear up the mystery of life. But standing? Not so much.
4889,6248,0,0,33,33,1.0,0.030772872744833184,665,I already told him he’s out of his head.
4825,6248,0,0,34,34,1.0,0.029854071701326604,665,How's does my new hat look ?
4308,6248,0,0,34,34,1.0,0.029854071701326604,665,We're having Geisha for dinner.
4195,6248,0,0,33,33,1.0,0.030772872744833184,665,"Of course I support those Uber drivers,but a guy's got to make a living."
4142,6248,0,0,33,33,1.0,0.030772872744833184,665,"I can let you have this guy NOW, pay me back 3 on Sunday."
3996,6248,0,0,34,34,1.0,0.029854071701326604,665,surfboard shark...doo doo doo doo
3666,6248,0,0,33,33,1.0,0.030772872744833184,665,I'm getting pretty tired of being a doormat for the homo sapiens!
3464,6248,0,0,34,34,1.0,0.029854071701326604,665,"It gives new meaning to the term, 'Sharkbait.'"""
3413,6248,0,0,33,33,1.0,0.030772872744833184,665,"Ever have an itch you just can’t scratch?

Tanya Braganti, Marblehead, MA"
5013,6248,0,0,34,34,1.0,0.029854071701326604,665,Any ideas about how to get rid of back pain?
4108,6248,0,0,34,34,1.0,0.029854071701326604,665,I'm also on Lyft.
3865,6248,0,0,34,34,1.0,0.029854071701326604,665,"We want to speed off and he wants to speed off but, why can’t he ask nicely ?"
5361,6248,0,0,34,34,1.0,0.029854071701326604,665,"Someday, and that day may never come, I will call upon you to do a service for me.'"
5147,6248,0,0,34,34,1.0,0.029854071701326604,665,He's looking for an island. I support him on this.
3336,6248,0,0,34,34,1.0,0.029854071701326604,665,She's scratching my back in a place I cannot reach.
6119,6248,0,0,34,34,1.0,0.029854071701326604,665,Sometimes I just don't bother.
6026,6248,0,0,33,33,1.0,0.030772872744833184,665,Are you here to replace me?
5966,6248,0,0,34,34,1.0,0.029854071701326604,665,I hate to sound so 80's but can we do lunch?
5810,6248,0,0,33,33,1.0,0.030772872744833184,665,I decided to try out this Uber thing for awhile
5674,6248,0,0,34,34,1.0,0.029854071701326604,665,That's when I get this sense of things being unreal and I feel detached from myself and I just don't know what to do.
5060,6248,0,0,34,34,1.0,0.029854071701326604,665,Care for the first bite?
5661,6248,0,0,34,34,1.0,0.029854071701326604,665,I'm wai
5346,6248,0,0,34,34,1.0,0.029854071701326604,665,He’s taking a stand because I ate his uncle last month.
5306,6248,0,0,34,34,1.0,0.029854071701326604,665,STOP HOVERING — you’ll get lunch after my massage
5285,6248,0,0,34,34,1.0,0.029854071701326604,665,Offer him 10% participation.
5256,6248,0,0,33,33,1.0,0.030772872744833184,665,Let me introduce myself... I am a hammertoe head shark
5209,6248,0,0,34,34,1.0,0.029854071701326604,665,I volunteer with Oceana.
5180,6248,0,0,34,34,1.0,0.029854071701326604,665,"wouldn't you know, another back-packing student , touring on five  dollars a  day.''"
5456,6248,0,0,33,33,1.0,0.030772872744833184,665,I didn't realize it was an Uber Pool so now I've got to go pick up another dude.
3313,6248,0,0,34,34,1.0,0.029854071701326604,665,Guess what we are having for lunch?
1539,6248,0,0,34,34,1.0,0.029854071701326604,665,"The A train was broken and Jets were at another rumble, so I took a Shark"
3095,6248,0,0,33,33,1.0,0.030772872744833184,665,"If I wasn’t so full and ate the bottom half, I wouldn’t be in this position."
6230,6248,0,0,33,33,1.0,0.030772872744833184,665,Disneys new Reverse-boot “The large Terrestrial Man”
182,6248,0,0,33,33,1.0,0.030772872744833184,665,He thought I was a *cart* shark!
268,6248,0,0,34,34,1.0,0.029854071701326604,665,I like to give back before I take.
286,6248,0,0,34,34,1.0,0.029854071701326604,665,"ALL VISITORS:
""For the well-being of our marine life, please remove your shoes before entering tank."""
482,6248,0,0,34,34,1.0,0.029854071701326604,665,"Suit yourself, but Shiatsu is the only thing that restores my Qi."
642,6248,0,0,33,33,1.0,0.030772872744833184,665,Sharfing
699,6248,0,0,34,34,1.0,0.029854071701326604,665,Didn't you get my message...it's BYO lunch this week!
837,6248,0,0,33,33,1.0,0.030772872744833184,665,"Another day, another topless beach."
906,6248,0,0,34,34,1.0,0.029854071701326604,665,Somebody this stupid can't taste good!
1055,6248,0,0,34,34,1.0,0.029854071701326604,665,"After we do the film...well...""Sharky"" might have to get his just desserts...if they try to pay off in jumbo shrimp."
1104,6248,0,0,34,34,1.0,0.029854071701326604,665,I can't go anywhere without a snack
1115,6248,0,0,34,34,1.0,0.029854071701326604,665,Do you want to see what a big surprise looks like?
1305,6248,0,0,34,34,1.0,0.029854071701326604,665,Shark bait oh-ha-ha
1455,6248,0,0,33,33,1.0,0.030772872744833184,665,"Can't join you, Larry. I work for Uber now."
1538,6248,0,0,34,34,1.0,0.029854071701326604,665,I've taken up surfing.
1584,6248,0,0,33,33,1.0,0.030772872744833184,665,"Get off my fin, doo doo doo doo doo doo."
1586,6248,0,0,34,34,1.0,0.029854071701326604,665,I am working on my lifesaving badge.
3075,6248,0,0,34,34,1.0,0.029854071701326604,665,I just hope my headache heels soon.
2860,6248,0,0,34,34,1.0,0.029854071701326604,665,"Agreed, and we can give the crafties a break."
2781,6248,0,0,34,34,1.0,0.029854071701326604,665,"No, I'm a hydro-fool, that's what I am."
2592,6248,0,0,33,33,1.0,0.030772872744833184,665,I'm a top half only guy.
2552,6248,0,0,34,34,1.0,0.029854071701326604,665,"-Shark Walk-
“Risking your Shame, by Brene Brown.”"
2284,6248,0,0,33,33,1.0,0.030772872744833184,665,It's the warm spots that piss me off.
3143,6248,0,0,34,34,1.0,0.029854071701326604,665,"I know he looks tasty, but now I make a killing with Uber."
2278,6248,0,0,33,33,1.0,0.030772872744833184,665,I would kill him if I didn’t respect him.
2136,6248,0,0,33,33,1.0,0.030772872744833184,665,Jerry had a key lime pie instead of a wedding cake
2010,6248,0,0,34,34,1.0,0.029854071701326604,665,"He's getting ready to jump over us, again and again."
1845,6248,0,0,33,33,1.0,0.030772872744833184,665,...and I just went on a vegan diet.
1740,6248,0,0,34,34,1.0,0.029854071701326604,665,"God, I hate being a Nurse Shark.  This guy says he has bunions."
1640,6248,0,0,34,34,1.0,0.029854071701326604,665,"Yeah, I know. Humans and their last wishes"
1594,6248,0,0,34,34,1.0,0.029854071701326604,665,They call it survival of the fittest
2218,6248,0,0,34,34,1.0,0.029854071701326604,665,Please help me.  There’s something not fishy about this weight!
6243,6248,0,0,33,33,1.0,0.030772872744833184,665,He's doing such a great job massaging my back with his feet that I'm seriously considering not eating him.
