target_id,rank,funny,somewhat_funny,unfunny,count,score,precision,contest,caption
15,1,5475,4767,2254,12496,2.2577624839948784,0.006647088665090206,672,Someone came to school with humans. Now we’ve all got them.
5518,2,3854,4418,2267,10539,2.1505835468260748,0.007277539870756091,672,It didn’t really bother me until they discovered fire.
4690,3,3803,3493,2387,9683,2.1462356707631933,0.007988577748023671,672,"As a previous partner, I thought I’d let you know."
4042,4,3543,4502,2440,10485,2.1051979017644253,0.007305653809670611,672,"Ice didn't work, so I'm trying acupuncture."
3534,5,3070,3580,2332,8982,2.082164328657315,0.008137240690514616,672,"Don't get too close, I have sapiens."
3966,6,2651,3071,2041,7763,2.078577869380394,0.008779052565596811,672,The doctor says they’ll be gone in a few million years.
1897,7,3066,3314,2656,9036,2.0453740593182825,0.008358235392339725,672,Watch what happens when I sneeze.
1532,8,2798,3087,2512,8397,2.0340597832559246,0.008670621943230003,672,"So instead of spraying, you waited and they just killed each other?"
2440,9,2600,3447,2439,8486,2.01897242517087,0.008363018761388579,672,We never had this problem with the gatherers.
3253,10,2490,3275,2407,8172,2.0101566324033286,0.008562998805998756,672,"My doctor said if you don’t get rid of them, they evolve into something much worse."
81,11,2212,2368,2146,6726,2.009812667261374,0.009814920016189763,672,It's hard to believe we'll go extinct before these idiots.
4288,12,1431,2325,1733,5489,1.9449808708325742,0.010221654914984585,672,"I was skeptical too, but my lumbar pain? Almost gone."
2351,13,1231,1577,1489,4297,1.9399581103095183,0.012104014012106996,672,This is priceless. They're arguing over who actually captured me.
2764,14,2079,2380,2535,6994,1.9348012582213325,0.009681451773128458,672,"It's not the heat, it's the humanity."
4654,15,1703,2685,2145,6533,1.9323434869125975,0.009458973192142152,672,"The bad news is, I got humans. The good news is, they tend to get rid of themselves."
162,16,1670,2508,2275,6453,1.9062451572911825,0.009663860674248011,672,They're just humans. How much harm could they possibly do?
4426,17,1462,2255,2048,5765,1.8983521248915871,0.010190024827603283,672,"Sometimes I yell ‘Oh, you got me!’ just to boost their spirits."
1163,18,461,701,649,1811,1.8961899503036996,0.018239422298731486,672,"I need your help getting some people off my back."""
3,19,1521,2032,2126,5679,1.8934671597112167,0.010540527804136574,672,The doctor calls it mandruff.
1903,20,1810,2167,2574,6551,1.8833765837276752,0.010004653774274027,672,These little pricks are getting on my nerves
2275,21,719,1058,1064,2841,1.8785638859556495,0.014689859335663236,672,"Lie down in caves, get up with cave men."
795,22,1372,2396,2120,5888,1.872961956521739,0.009899546307918398,672,"You should get tested, too."
3576,23,1534,2145,2309,5988,1.870574482297929,0.010217548469498154,672,"Let me get this straight... 
WE die out and THEY end up ruling the world?"
4489,24,522,903,841,2266,1.8592233009708738,0.01602539874687518,672,They said they'd paint a picture of me on the cave wall if I gave them a ride.
1137,25,1251,1655,1969,4875,1.8527179487179488,0.011448452005413879,672,This human problem has reached mammoth proportions.
1023,26,1281,1602,2070,4953,1.840702604482132,0.011467309726578303,672,Can you believe I caught another case of nit-wits?
3633,27,702,1283,1226,3211,1.8368109623170352,0.0133699497901534,672,My doctor says only call if they develop fire.
2966,28,751,1209,1367,3327,1.814848211602044,0.013457225763865086,672,I picked up seven - I wasn't sure how many the recipe called for.
198,29,936,1630,1880,4446,1.7876743139901035,0.011504350628595374,672,They are driving me to the brink of extinction.
5265,30,838,1594,1725,4157,1.7866249699302381,0.011721642140977174,672,Looks like I got hominids again. God I hate summer.
5367,31,383,668,792,1843,1.7780792186652197,0.017871216276476958,672,Dinner's on me.
2113,32,900,1785,1975,4660,1.76931330472103,0.010999975007492129,672,The planet is infested with them!
4509,33,646,1187,1434,3267,1.758800122436486,0.013308855772013095,672,"Ooooh, look at me. I've been captured!"
818,34,762,1440,1745,3947,1.750950088674943,0.012051798267592048,672,I feel like I'm carrying around a lot of aggression.
2308,35,784,1779,1905,4468,1.749104744852283,0.010983501516983556,672,Twice a week for one hour. I am telling you I have never felt better.
4133,36,592,1063,1384,3039,1.7393879565646595,0.01384451475719359,672,My therapist says I let people walk all over me.
3030,37,608,1446,1554,3608,1.7378048780487805,0.012127198337178373,672,I don't have the heart to tell them that it actually feels good.
3415,38,343,744,861,1948,1.7340862422997947,0.016766925287472957,672,"Really, what harm could they possibly do?"
1562,39,188,356,454,998,1.7334669338677355,0.02395764186257221,672,The size of their brain will keep them from accomplishing anything important.
5280,40,453,903,1116,2472,1.7317961165048543,0.01509145752213925,672,They're adorable... Watch what happens when I sneeze!
4017,41,484,587,1057,2128,1.7307330827067668,0.017503434582562868,672,I met them at a Trump rally
1676,42,328,722,839,1889,1.729486500794071,0.016984065870820447,672,It's a problem that's been evolving for some time.
4528,43,400,715,971,2086,1.7262703739213807,0.016711845139735025,672,"The kids are calling them ""pokey-men""."
5015,44,539,913,1305,2757,1.7221617700398983,0.014651848201985321,672,Mosquitoes and humans what was God thinking?
1792,45,382,800,1013,2195,1.7125284738041002,0.015874614518732767,672,I must have picked them up in a motel.
4508,46,632,1310,1703,3645,1.7061728395061728,0.012333069409774201,672,It's great to be home.  I'm never staying at that motel again.
3677,47,495,1063,1352,2910,1.7054982817869415,0.013724899170967439,672,"Honey, bring some matches and the tweezers..."
26,48,392,650,991,2033,1.705361534677816,0.01708973004193183,672,They're my dinner -- I'm on something called the paleo diet.
3767,49,563,1006,1461,3030,1.7036303630363037,0.013839525467253453,672,They think they’re going to rule the earth someday! Over our dead bodies!!!
3588,50,356,609,913,1878,1.7034078807241746,0.017695584341311358,672,That's the beauty of it — they're acupuncturists AND appetizers.
1824,51,356,697,956,2009,1.7013439522150324,0.01675737617232799,672,"I tell you, New York is crawling with these pests."
5435,52,103,232,296,631,1.694136291600634,0.02924383064455294,672,They call it hunting. I  call it acupuncture.
1266,53,438,923,1252,2613,1.6884806735553004,0.014507244301211527,672,Ride-sharing. It is going to be big.
5277,54,412,912,1221,2545,1.6821218074656188,0.014577430288748831,672,"Sorry, it's another invasive species."
5453,55,485,1182,1489,3156,1.6818757921419518,0.012890767142049857,672,I'm pretty sure I got them from you.
5030,56,291,507,807,1605,1.6785046728971962,0.019028016228993236,672,I'm gonna wash these men right outa my hair.
1166,57,284,362,730,1376,1.6758720930232558,0.021436751866744905,672,I felt bad for them.  They're all that's left of Trump's base.
1353,58,217,405,627,1249,1.6717373899119294,0.021333438212610533,672,Imagine what it would be like if these idiots ran the world.
5166,59,248,425,709,1382,1.666425470332851,0.02051478525018432,672,The Lice Age has begun.
3784,60,187,387,569,1143,1.6657917760279966,0.021940098873638833,672,They’re undocumented but very reliable and hardworking.
2286,61,370,881,1189,2440,1.664344262295082,0.014689204030069613,672,And you known what's funny? They thought they were bringing ME home for dinner!
4991,62,331,718,1032,2081,1.6631427198462279,0.016134958809127325,672,"Oddly, my shoulder pain is gone, and my chakras feel aligned."
4178,63,179,358,550,1087,1.6586936522539097,0.022589359097581217,672,It’s wonderfully symbiotic. They scratch my back and I eat them.
3202,64,49,138,180,367,1.6430517711171662,0.036833926640090324,672,They can reach places I can't.
49,65,188,427,636,1251,1.641886490807354,0.02059956846313996,672,They really need a hobby. Maybe we can teach them to paint.
589,66,150,339,522,1011,1.632047477744807,0.022892330175348544,672,"You know it's not the heat that gets me, it's the humanity."
4129,67,99,217,343,659,1.629742033383915,0.028477641204973137,672,Extinction is looking better and better.
1754,68,122,355,475,952,1.629201680672269,0.0226900073133987,672,Do we have any more of the special shampoo?
3719,69,150,352,537,1039,1.627526467757459,0.022435438787464672,672,"Once I named them, I just couldn't eat them..._"
1566,70,229,495,800,1524,1.6253280839895012,0.018739283315110204,672,I have a human condition.
2491,71,139,323,502,964,1.6234439834024896,0.02330758093128602,672,Men don't understand what it's like to have people constantly hitting on you.
3940,72,124,293,454,871,1.6211251435132032,0.024449311740468282,672,Please mom... I promise I'll take care of them.
604,73,214,649,887,1750,1.6154285714285714,0.016587823922932766,672,"I don't care how it looks, my back hasn't felt this great in ages."
2434,74,156,276,528,960,1.6125,0.02421539918879687,672,"Worst yet, they keep singing Wooly Bully."
4695,75,129,377,531,1037,1.6123432979749277,0.021662860394470556,672,They get the spots I can't reach!
798,76,203,511,802,1516,1.6048812664907652,0.018290107090334903,672,"They may look harmless now, 
but just wait a few million years."
4253,77,227,475,835,1537,1.6044242029928433,0.01865385414212493,672,You got any Cro-Magnicide?
4599,78,138,294,514,946,1.602536997885835,0.023709907310948155,672,Breakfast will be ready in 2 shakes
1809,79,186,537,786,1509,1.6023856858846919,0.01795289382253063,672,"I used to pooh-pooh it, too, but, I'm telling you - acupuncture really works."
4004,80,71,196,305,572,1.5909090909090908,0.029293708207200408,672,Don't worry – they'll be attacking each other soon enough.
3034,81,163,451,703,1317,1.5899772209567198,0.01928502360054877,672,I knew I shouldn't have borrowed Harold's comb
2711,82,115,331,506,952,1.5892857142857142,0.022550905141298712,672,I understand you can get rid of them by jumping into a tar pit.
2756,83,59,142,242,443,1.5869074492099322,0.033928750997524994,672,"For 300,000 years, life was pretty cool. Then global warming brought these pests north!"
406,84,151,390,647,1188,1.5824915824915824,0.020470536762344334,672,They looked bigger in the paintings.
3302,85,141,295,556,992,1.5816532258064515,0.023073762828008274,672,"I never even knew I was a ""people"" person."
5474,86,82,172,325,579,1.5803108808290156,0.030189629626227524,672,"What, where?”"
4788,87,92,215,381,688,1.5799418604651163,0.02727431301654973,672,Can you believe there will be twenty of them in the debate?
2164,88,139,336,584,1059,1.5797922568460812,0.021872309434008835,672,They're hunter-botherers
1639,89,128,343,565,1036,1.5781853281853282,0.021780443773638265,672,Look at it this way -- they won't last.
2639,90,122,371,573,1066,1.5769230769230769,0.0210738896454093,672,There's a lot more of them since the climate started changing.
5053,91,122,340,552,1014,1.5759368836291914,0.021877897572307455,672,You left the screen door open again.
1120,92,130,335,571,1036,1.5743243243243243,0.021878919017424028,672,"Honey, where do we keep the Neanderthal repellant?"
5161,93,108,369,552,1029,1.5685131195335278,0.02104327782752936,672,I’ve heard bathing in tar works.
4833,94,120,309,540,969,1.5665634674922602,0.022573281108683126,672,Those little fellows will be the end of us all.
1322,95,94,254,438,786,1.5623409669211197,0.024863944542055476,672,They’re nit pickers.
3835,96,108,289,502,899,1.5617352614015574,0.02327466770512995,672,"Well, I started with just the one piercing and then I just couldn't stop."
4449,97,118,239,489,846,1.5614657210401892,0.024930240566196284,672,Someday they'll joke about this in The New Yorker.
2851,98,75,222,373,670,1.5552238805970149,0.026528911380857886,672,It's called acupuncture and it relieves the stress of extinction.
3086,99,105,250,474,829,1.554885404101327,0.024581149303992116,672,I brought the snacks you like.
4748,100,44,81,180,305,1.5540983606557377,0.0419742228830878,672,They’re gonna spin this in their history books—trust me.
4992,101,43,126,214,383,1.5535248041775458,0.035139146599819704,672,I roll. You stomp
2431,102,108,235,472,815,1.5533742331288343,0.02508417931089041,672,Imagine if these idiots run the world some day.
2964,103,105,239,469,813,1.5522755227552276,0.024952414138970244,672,"They're not really too annoying, except for when they try to bury their dead."
4954,104,62,202,328,592,1.5506756756756757,0.027804351366542756,672,"They pretend to hunt, and I pretend to pay attention."
151,105,91,184,395,670,1.5462686567164179,0.027866353115358088,672,These are hunters I gather.
5018,106,98,208,435,741,1.5452091767881242,0.0263157427124623,672,Half of them think my back is flat.
806,107,81,226,405,712,1.5449438202247192,0.025860932389735174,672,"No, not hemorrhoids, I said humanoids."
2687,108,101,206,442,749,1.5447263017356476,0.026307836255343112,672,I rather enjoy the little pricks.
1840,109,72,242,395,709,1.5444287729196051,0.0252425814479592,672,"Deny it if you like, but eventually this is going to be a problem."
1405,110,87,214,415,716,1.541899441340782,0.02621218412555469,672,"No worries. Eventually, they kill each other."
3438,111,76,229,400,705,1.5404255319148936,0.02567189758544435,672,They really help to get in all of those hard to reach places.
1642,112,54,148,272,474,1.540084388185654,0.031730942844558865,672,"Do you want to tell them about the Endangered Species Act, or should I?"
2366,113,86,210,412,708,1.53954802259887,0.026363088910110855,672,"Honey, where’s the Neander-off?"
418,114,80,219,404,703,1.539118065433855,0.026041436245856878,672,"Problem is, we had another mild winter."
3239,115,79,207,393,679,1.5375552282768779,0.0266431887265257,672,"Call me crazy, but I think the bugs are getting smarter."
3179,116,76,163,347,586,1.5375426621160408,0.029467531430931025,672,They're always the worst at dusk and the dawn of civilization.
4735,117,70,243,403,716,1.5349162011173185,0.024928192963283774,672,I thought they were cute at first too.
4520,118,76,199,382,657,1.5342465753424657,0.027055211571096572,672,"Well, it's a little irritating  but they'll be gone long before you or me."
99,119,68,208,370,646,1.5325077399380804,0.026689996460468705,672,Don't worry.  I think they'll be extinct soon.
2288,120,74,182,369,625,1.528,0.027908274666696882,672,What's the worst that could happen?
4684,121,75,178,369,622,1.527331189710611,0.02810179799346544,672,The most annoying part is how they won’t shut up about their Paleo diet.
157,122,80,167,375,622,1.5257234726688103,0.028561119863574132,672,"Quick, carve a picture."
3243,122,66,195,361,622,1.5257234726688103,0.027262573440198064,672,They're great for itches my trunk can't reach.
5316,124,64,189,350,603,1.5257048092868988,0.027691082923886418,672,Thats the last time I sleep in a cheap cave.
4250,125,72,170,356,598,1.5250836120401339,0.02865416407636214,672,"It’s no problem, they exterminate themselves."
5268,126,66,177,346,589,1.5246179966044142,0.028377395100654863,672,"I don't know what the hell is going on, but when it was colder we never had to deal with these buggers."
2526,127,64,183,346,593,1.5244519392917368,0.028033935296172808,672,I've been tested - I swear.
343,128,64,185,348,597,1.5242881072026802,0.027896484346541527,672,Can we keep them?
3294,129,46,97,219,362,1.522099447513812,0.03735193338372941,672,Pachydermatologists
3002,130,61,178,337,576,1.5208333333333333,0.02832640580272201,672,My daughter's school had an outbreak. I don't want to talk about it.
2240,131,64,170,339,573,1.5200698080279231,0.028755750174736958,672,"I know I should get rid of them, but they’re so darn cute."
3453,131,64,170,339,573,1.5200698080279231,0.028755750174736958,672,They're here to decorate our cave.
1664,133,51,179,314,544,1.5165441176470589,0.028376133597764145,672,"The doctor says not to worry; they’re gatherers, not hunters.”"
1935,134,71,140,336,547,1.5155393053016453,0.030543199941217725,672,They're driving me to extinction.
5411,135,41,86,199,326,1.5153374233128833,0.03927412558992966,672,"Hey Doc, does this constitute a pre-historic condition?"
4287,136,48,158,287,493,1.515212981744422,0.030057354777992193,672,"The meds were making me sleepy, so I'm trying something holistic."
483,137,60,160,324,544,1.5147058823529411,0.029432069689112706,672,I'm stuffed. Do you want the rest of these?
971,138,69,144,335,548,1.5145985401459854,0.030282391216898012,672,I wanted to show everyone I wasn't homophobic.
2820,139,63,150,324,537,1.5139664804469273,0.030063422044453923,672,Be honest. Do they make me look fat?
4462,140,48,167,297,512,1.513671875,0.029254035459627774,672,I guess that makes me a hunter-gatherer gatherer.
3186,141,52,162,304,518,1.5135135135135136,0.02952196787945008,672,So small.  So cute.  What harm could they possibly ever do?
1101,142,62,145,319,526,1.5114068441064639,0.030413384546452288,672,Another outbreak of Neander-dander.
1429,143,52,157,302,511,1.5107632093933463,0.029816650770475146,672,I'm trying to collect the whole set before they disappear.
3057,143,58,145,308,511,1.5107632093933463,0.030579052940779325,672,Are you sure that mattress was new?
2570,145,46,176,303,525,1.5104761904761905,0.028483567804414984,672,They're an invasive species.
1649,146,48,165,299,512,1.509765625,0.02925709750704787,672,"I know it seems a little new-agey, but this acupuncture stuff really works!"""
5532,147,54,140,294,488,1.5081967213114753,0.031107031536709306,672,They won't be able to do anything; they're a committee.
3373,148,48,177,313,538,1.5074349442379182,0.02824419266999052,672,I liked it better when they just painted us.
128,149,58,134,301,493,1.5070993914807302,0.0314048995545573,672,Ew. Mandruff.
1041,150,51,148,295,494,1.5060728744939271,0.03042767679581327,672,I like to keep my enemies close.
2722,151,51,153,300,504,1.505952380952381,0.029988252224082173,672,What do you think?  How much longer before I just roll over?
2387,152,47,143,279,469,1.5053304904051172,0.03102239421016496,672,I picked up some appetizers for us.
2143,153,53,132,286,471,1.505307855626327,0.031791371277637294,672,They followed me home.  Can I keep them?
2795,154,41,160,279,480,1.5041666666666667,0.029640010347629125,672,"To be honest, I admire their spirit: they’ve been hunting me all summer."
4408,154,52,138,290,480,1.5041666666666667,0.031212428121155177,672,How the heck am I supposed to know if they're hunting or gathering?
4856,154,48,146,286,480,1.5041666666666667,0.030649974845248753,672,Let's go down to the tarpits and find out if they can swim.
2426,157,47,156,293,496,1.5040322580645162,0.02979729056651581,672,I’m trying acupuncture for my back pain.
2235,158,57,125,293,475,1.503157894736842,0.03215173767707993,672,I can't hurt them – they have pictures of us on their walls!
2402,159,54,134,293,481,1.503118503118503,0.03144182788203626,672,First it was mosquitos and now cave fleas. I hate summer.
2523,160,55,124,288,467,1.5010706638115632,0.03227912373043149,672,"More like The Lice-Age, am I right?"
4377,161,45,146,280,471,1.5010615711252655,0.030634484657712988,672,"If you don't catch it early, they really start to take over."
1674,162,46,132,270,448,1.5,0.03191701848593693,672,Turns out I've got cavemen. Should I sleep somewhere else?
383,162,60,129,309,498,1.5,0.031430158126911634,672,I brought take-out
1527,164,52,124,281,457,1.49890590809628,0.03236205268224559,672,At first it was simple backstabbing. Now it's a fight of mammoth proportions.
94,165,45,142,279,466,1.497854077253219,0.03087012134546252,672,I can't go back to school until they're gone!
3356,166,22,52,119,193,1.4974093264248705,0.04989429258347435,672,These things will be the death of me.
5046,167,50,127,280,457,1.4967177242888403,0.03206379357399194,672,"Honey, I shrank the neanderthals."
2170,168,46,129,270,445,1.496629213483146,0.03207291140538914,672,"Am I imagining things, or have they started using tools?"
5417,169,46,140,283,469,1.4946695095948828,0.030875184098567245,672,"Hey, what does tenderizing mean?"
3704,170,43,133,267,443,1.4943566591422122,0.031697776668533045,672,...and I can't go back to school without a doctor's note saying they've been gone one week.
4238,170,47,125,271,443,1.4943566591422122,0.032335828613465616,672,They’ve gone straight from cave art to Pointillism.
2688,172,48,113,262,423,1.4940898345153664,0.03361742610321895,672,My doctor said to call if it progresses any further than the stone age.
5551,173,49,110,262,421,1.494061757719715,0.03390265598058071,672,We need to address the cavemen in the room.
1387,174,46,110,253,409,1.4938875305623471,0.03411706752675255,672,"Yeah, they're loud, but I get to use the HOV lane."
1863,175,43,136,271,450,1.4933333333333334,0.03134216179783777,672,You'll never guess which of us goes extinct
1328,176,45,131,272,448,1.4933035714285714,0.03175859780668977,672,We'd be in real trouble if they ever stopped squabbling and learned to work together.
147,177,52,114,277,443,1.492099322799097,0.033115066050224386,672,My insurance won't pay for any other type of acupuncture.
361,177,48,122,273,443,1.492099322799097,0.03249231960201518,672,I really think it’s time we talk about the men with spears in the room.
3153,179,44,122,261,427,1.4918032786885247,0.032718094760050664,672,"You see them, too??"
4002,180,34,134,243,411,1.491484184914842,0.03182948481793972,672,We're going to have to chat with the landlord again.
4155,181,52,96,259,407,1.4914004914004915,0.035284009690686645,672,I can't go out with hurlers in my hair!
5466,182,39,129,254,422,1.490521327014218,0.03213482131657071,672,They're not hunting me.  They're  my emotional support posse
3325,182,47,113,262,422,1.490521327014218,0.03350679620232578,672,Totally solves the flea problem. I plan on keeping them until they discover fire.
4261,182,51,105,266,422,1.490521327014218,0.034172133633888394,672,Hope the Paleo Diet craze ends soon.
1487,185,33,109,215,357,1.4901960784313726,0.03494690325214683,672,The headaches have improved but the existential fears haven't gotten any better.
4043,186,39,129,255,423,1.4893617021276595,0.03207972849673208,672,You have to try it; acupuncture changed my life.
651,187,45,120,265,430,1.4883720930232558,0.03271573965062528,672,Gotta get that screen door fixed.
4733,188,37,121,244,402,1.4850746268656716,0.03289281448819393,672,I should've gotten the vaccination.
27,188,46,103,253,402,1.4850746268656716,0.034548493318784464,672,"They're fighting again,  aren't they?  Superior species my ass."
2856,188,42,111,249,402,1.4850746268656716,0.03382264352111768,672,They call me 'Masta Don'
4503,191,46,105,256,407,1.484029484029484,0.034232944718475225,672,I shampooed with Head & Soldiers
1789,192,42,110,249,401,1.4837905236907731,0.03388264902958125,672,I forgot to wear my human collar.
5471,193,41,110,246,397,1.4836272040302267,0.03394443803609015,672,"They call it hunting, I call it grooming."
5069,194,41,112,249,402,1.4825870646766168,0.03363575201227409,672,Did you give me cavemen?
1456,195,36,120,242,398,1.4824120603015076,0.0329336095388128,672,I’m thinking a quick dip in the tar pit will get rid of these.
3520,196,35,108,226,369,1.4823848238482384,0.034554289459868694,672,Apparently the best way to remove these things is by laying in a glacier for ten thousand years.
3672,197,46,64,214,324,1.4814814814814814,0.04064524777174717,672,The Licemen Cometh
2250,198,43,105,249,397,1.4811083123425692,0.03431390260977486,672,I think my husband is cheating on me.  I don't know how else I could have gotten humans.
3761,199,37,115,243,395,1.478481012658228,0.033299087094988085,672,They hunt. I gather.
4499,200,37,114,242,393,1.4783715012722647,0.033420152077613015,672,I don't think they're contagious.
3651,200,33,122,238,393,1.4783715012722647,0.032633991424230825,672,Why bother? I hear they're on the verge of extinction.
3625,200,37,114,242,393,1.4783715012722647,0.033420152077613015,672,Got these back scratchers on Amazon.
2393,200,23,142,228,393,1.4783715012722647,0.03058029553064759,672,"I reckon a stop, drop and roll will do the trick."
482,200,40,108,245,393,1.4783715012722647,0.033997844657438055,672,...and we're the ones going extinct?!
4376,205,35,116,238,389,1.4781491002570695,0.033269871369994354,672,The humans are all over this summer
2516,206,48,87,248,383,1.4778067885117494,0.03618452573715051,672,It's still better than having Trump as president.
2904,207,39,98,233,370,1.4756756756756757,0.03531580858762499,672,"You know, in a way I'm kind of looking forward to extinction."
3180,208,50,82,251,383,1.475195822454308,0.03655596579041752,672,"They're white, non-college educated voters from Michigan, Wisconsin and Pennsylvania."
3591,209,35,106,230,371,1.4743935309973046,0.034407084202523586,672,Sure it’s symbiotic now but I have a bad feeling about how this going to evolve.
756,210,35,105,230,370,1.472972972972973,0.03447078528171935,672,"We""re safe until they get guns"
2945,211,31,114,228,373,1.4718498659517427,0.033417665194175224,672,"Mom, the school just sent me home"
3328,212,34,106,229,369,1.4715447154471544,0.03432074333146907,672,I've been re-thinking my commitment as a herbivore.
1281,212,31,112,226,369,1.4715447154471544,0.033670880570065856,672,What is it? Do I have something in my teeth?
4123,214,34,104,227,365,1.4712328767123288,0.03458838902242974,672,I miss when they just drew on the walls....
2849,215,37,102,235,374,1.4705882352941178,0.034617632177020914,672,I understand in Jersey the're much worse.
4142,216,29,112,221,362,1.4696132596685083,0.033671775685338905,672,"Next time, you answer the door."
3887,217,31,105,220,356,1.4691011235955056,0.034527089295696964,672,I need a mastodontist.
1592,218,35,97,225,357,1.4677871148459383,0.03535695827304592,672,"One day, when our advanced age is gone, these little parasites will probably rule the world."
2163,218,31,105,221,357,1.4677871148459383,0.03445530396610272,672,They’re a mammoth pain in my butt.
4320,220,34,95,220,349,1.4670487106017192,0.03570942031783986,672,Someday they will evolve into Republicans and make me their mascot.
3800,221,33,95,217,345,1.4666666666666666,0.035771937354278395,672,It was a Groupon.
3028,222,27,109,214,350,1.4657142857142857,0.033985931864579176,672,What  brand of shampoo did you use to get rid of yours?
1554,223,34,92,218,344,1.4651162790697674,0.036078047265826314,672,For a while there I thought the voices I was hearing were in my head.
3160,224,34,102,230,366,1.46448087431694,0.03450355317964386,672,They were fine until they invented fire.
1092,225,34,94,221,349,1.4641833810888252,0.03570149135164386,672,"I'm telling you, they'll be the death of us all."
5525,225,31,100,218,349,1.4641833810888252,0.03500277491500596,672,Doc says two to three weeks and they'll turn on each other.
6,227,34,92,219,345,1.463768115942029,0.035998574739752175,672,I got the idea watching little birds cleaning a crocodile’s mouth.
5060,228,25,109,209,343,1.4635568513119535,0.033960955034558725,672,"I slept in that cheap cave down in the valley last night, why?"
3318,229,30,97,212,339,1.463126843657817,0.03548612199705778,672,I was going to have them removed but my plan won't cover it.
3497,229,32,93,214,339,1.463126843657817,0.0359746348350996,672,"And, dammit, I used the spray before I went out."
101,229,29,99,211,339,1.463126843657817,0.03523932612615799,672,Get the tweezers.
2662,229,26,105,208,339,1.463126843657817,0.03448834382994753,672,"The glaciers retreat and these pests arrive.  For me, the next ice age can't come soon enough."
250,233,28,100,209,337,1.4629080118694362,0.03513563392841986,672,"It’s not the heat, it’s that pesky humanity!"
2716,234,32,95,217,344,1.4622093023255813,0.035596474044816404,672,What do you mean I have cave lice?
4914,235,24,108,206,338,1.4615384615384615,0.03404189007760122,672,Soooo much easier than rolling on the ground.
5299,235,30,96,212,338,1.4615384615384615,0.03555559457406209,672,Don't worry--they're almost extinct.
5563,235,26,104,208,338,1.4615384615384615,0.03455382692566311,672,"When they quit feeling good, I simply roll over."
4437,238,27,99,206,332,1.4608433734939759,0.035242678784197456,672,I was skeptical but my back hasn't felt this good in years.
4948,239,28,93,203,324,1.4598765432098766,0.036112552571284394,672,"Seven, yes. Magnificent, no."
4765,240,32,89,212,333,1.4594594594594594,0.03642737686735575,672,Be honest. Did I get any on me?
4738,241,30,92,209,331,1.459214501510574,0.03608094541562681,672,"Well, Edna, I sure didn't get them off of a toilet seat."
5395,242,35,82,215,332,1.4578313253012047,0.037241158092855386,672,These guys are the best.  They do pest control and barefoot back massage at the same time.
5345,242,29,94,209,332,1.4578313253012047,0.03574500992173234,672,At first I was concerned until I realized they were more interested in fighting with each other.
4671,242,30,92,210,332,1.4578313253012047,0.035998686382563004,672,The dinosaurs had it easy not having to deal with this
1693,242,28,96,208,332,1.4578313253012047,0.035489520246677876,672,I must have picked them up coming through the tall grass.
5170,242,28,96,208,332,1.4578313253012047,0.035489520246677876,672,They call it Acupuncture and my back feels so much better.
2689,247,30,89,207,326,1.4570552147239264,0.03646725929556299,672,Can you recommend a good pachydermatologist?
825,247,29,91,206,326,1.4570552147239264,0.03620751540546584,672,It’s called acupuncture and it’s doing wonders for my chronic back pain.
1326,247,30,89,207,326,1.4570552147239264,0.03646725929556299,672,They sent me home from camp
2329,247,31,87,208,326,1.4570552147239264,0.03672516615650098,672,"On the plus side, it’s nice to have men fight over me."
4960,247,25,99,202,326,1.4570552147239264,0.03514935073462848,672,"Sure it's annoying, but they're on the endangered list so I put up with it."
3079,252,24,97,198,319,1.4545454545454546,0.03539552363648276,672,Acupuncturists.  You should try them.
367,252,29,87,203,319,1.4545454545454546,0.036761686462386534,672,You should get tested.
4143,252,27,91,201,319,1.4545454545454546,0.03622140516787845,672,"Its called acupuncture, very new age."
1548,255,34,76,207,317,1.4542586750788644,0.03825376510814488,672,They pop if you squeeze them.
3021,256,29,85,201,315,1.453968253968254,0.03709207267119744,672,"For them, it’s a mammoth undertaking."
1059,257,24,94,195,313,1.4536741214057507,0.03585979399709205,672,They're great for those hard-to-reach areas.
3403,257,30,82,201,313,1.4536741214057507,0.03753405307300937,672,"Honestly, I never really believed in acupuncture either, but all my friends said, “Oh, you’ve just got to give these guys a try.”"
4241,257,23,96,194,313,1.4536741214057507,0.03557309057539062,672,"The doctor confirmed it was humans, but gave me a special shampoo."
4653,257,28,86,199,313,1.4536741214057507,0.03698438907471118,672,It feels good and they get to keep what they find.
4325,261,26,87,194,307,1.4527687296416938,0.03692203030978556,672,The insurance only pays for two to get removed per visit.
227,261,25,89,193,307,1.4527687296416938,0.036632589182781616,672,"I’m not worried, as dumb as they are they’ll be extinct soon."
420,261,22,95,190,307,1.4527687296416938,0.03575020831194729,672,My back has felt so much better since I started acupuncture.
1423,261,28,83,196,307,1.4527687296416938,0.037494210034634316,672,"I""m going to wash these men right out of my hair."
2144,261,34,71,202,307,1.4527687296416938,0.039160620244001756,672,They can't find the elephant in the room
5381,261,30,79,198,307,1.4527687296416938,0.03805778829682332,672,I brought appetizers.
7,267,32,77,203,312,1.4519230769230769,0.03815760237853857,672,I think it's some issue about me being in the room.
1900,268,31,82,206,319,1.45141065830721,0.03728171026478483,672,It’s the little things that bother me.
3643,269,34,70,202,306,1.4509803921568627,0.03924781711666737,672,"Not only are they worse than mosquitoes, they're wearing my mother."
5335,270,27,82,193,302,1.4503311258278146,0.03763529083374604,672,Little pricks!
5175,271,29,79,197,305,1.4491803278688524,0.037939585603415885,672,It's called acupuncture and it did wonders for Ethel's sciatica.
3514,272,28,80,195,303,1.448844884488449,0.03783029533390243,672,Can I borrow your mandruff shampoo?
1247,273,30,75,196,301,1.4485049833887043,0.0385868635434807,672,"One time just for laughs, I screamed and fell to my knees."
3348,273,30,75,196,301,1.4485049833887043,0.0385868635434807,672,The doctor said it is a case of 'Man.' It's terminal.
4854,275,24,84,187,295,1.4474576271186441,0.037341554767374344,672,Let's go to the tarpits to see if they float
1856,275,28,76,191,295,1.4474576271186441,0.03855686707176432,672,They're trying so hard and I don't have the heart to tell them that it actually feels good.
1851,275,28,76,191,295,1.4474576271186441,0.03855686707176432,672,"By the way, hunting season started today."
1728,275,24,84,187,295,1.4474576271186441,0.037341554767374344,672,They're called vermen.
1421,275,29,74,192,295,1.4474576271186441,0.038854756077936266,672,Hominits.
803,275,29,74,192,295,1.4474576271186441,0.038854756077936266,672,Should've checked the mattress
487,281,33,68,199,300,1.4466666666666668,0.03952711932829361,672,"Look, I'm a hunter-gatherer."
1943,281,28,78,194,300,1.4466666666666668,0.038090818345301924,672,"Cute, aren't they. I mean, what harm could they do?"
2780,283,23,86,187,296,1.445945945945946,0.03693712314996505,672,"By the time they've finally worked out how stupid they are, I'll be long gone."
1797,283,29,74,193,296,1.445945945945946,0.03875276284021641,672,They're called Democrats. They're no threat as long as they're squabbling among themselves.
1584,283,26,80,190,296,1.445945945945946,0.037855829764685794,672,As long as they don’t evolve and multiply things should be fine
5406,283,27,78,191,296,1.445945945945946,0.03815715014732189,672,The doctor said to return if they invent fire.
1196,283,20,92,184,296,1.445945945945946,0.035994975844116026,672,Do we have any more of that Neanderthal repellent?
1217,283,25,82,189,296,1.445945945945946,0.037552091645878735,672,"I think they’re trying to kill me.  On a lighter note, my back pain is gone."
2246,289,27,77,190,294,1.445578231292517,0.038340656491506156,672,I liked them better as neighbors when they were just gatherers
2985,290,22,86,184,292,1.4452054794520548,0.03696764127995367,672,"""No, they don't bother me right now, but I understand the long-term effects aren't that well understood yet..."""
1116,291,25,78,185,288,1.4444444444444444,0.038278490396454305,672,My insurance plan finally covers acupuncture.
2321,291,21,86,181,288,1.4444444444444444,0.03699264987641341,672,If this keeps up I'm booking an appointment with a paleontologist.
5504,291,26,76,186,288,1.4444444444444444,0.0385932571516007,672,"…But no – Doug has to come to work, and now the whole office is infected."
1598,294,27,85,201,313,1.4440894568690097,0.036663664190654255,672,I’m not worried. They’ll invent the wheel and move on.
3915,295,25,77,184,286,1.444055944055944,0.038465999451313265,672,A little more to the right.
1299,296,24,80,185,289,1.4429065743944636,0.037860778690126544,672,Where'd you put the Neanderthal spray
2218,296,26,76,187,289,1.4429065743944636,0.038490219563996245,672,I gotta get rid of them before they discover fire.
2658,296,17,94,178,289,1.4429065743944636,0.03557012828633167,672,Mom always said they die off once the first good glacier hits.
3791,299,33,60,192,285,1.4421052631578948,0.0410353311705422,672,"I wore a condom"" my ass"
2063,299,23,80,182,285,1.4421052631578948,0.037905168374506595,672,Quick!  Draw this on the wall!
211,299,28,70,187,285,1.4421052631578948,0.03950126702889268,672,I took the shortcut through Olduvai Gorge.
60,299,27,72,186,285,1.4421052631578948,0.03918724837763231,672,The doctor said they are a new species of parasites.
1836,303,13,97,169,279,1.4408602150537635,0.034955904905308754,672,"At first it was really annoying, but then my back pain went away..."
3574,303,29,65,185,279,1.4408602150537635,0.04042880724213395,672,Please explain how we are the ones that go extinct.
4402,303,23,77,179,279,1.4408602150537635,0.03846782444192009,672,I couldn't find a flea collar in my size.
1556,306,30,64,188,282,1.4397163120567376,0.0404217901497913,672,Retirement got boring and Uber needed the competition.
1889,306,26,72,184,282,1.4397163120567376,0.03915309126333684,672,"I would, but I'm vegan."
2757,306,30,64,188,282,1.4397163120567376,0.0404217901497913,672,I have a mammoth itch!
2893,306,21,82,179,282,1.4397163120567376,0.037506917377691254,672,I picked up dinner for us on the way home.
5107,306,22,80,180,282,1.4397163120567376,0.03784188145476654,672,"How bad is it, doc? Fleas? Ticks? Heretics?"
1199,311,19,84,175,278,1.4388489208633093,0.03718192143498276,672,"Some folks say they're sentient, and it's cruel to kill them..."
3590,311,28,66,184,278,1.4388489208633093,0.04020252854276785,672,Last time we vacation in Lilliput.
2148,311,26,70,182,278,1.4388489208633093,0.039551223708866046,672,It's always the little guys that stab you in the back.
623,311,23,76,179,278,1.4388489208633093,0.03855364172583211,672,"The road to extinction is paved with that kind of apathy, Charles."
676,311,23,76,179,278,1.4388489208633093,0.03855364172583211,672,"I think I have Neanderthals, doc."
3883,316,23,74,178,275,1.4363636363636363,0.0388344389871255,672,It’s a new kind of parasite called Man.
445,316,21,78,176,275,1.4363636363636363,0.038144829936885505,672,It's a mammoth problem.
473,316,19,82,174,275,1.4363636363636363,0.03744252195543271,672,You change the sheets while I go roll around in the tar pit.
2626,316,24,72,179,275,1.4363636363636363,0.039174691469240706,672,Are you going to ask how my day was?
4012,320,21,77,175,273,1.435897435897436,0.038335641107507784,672,"Hey honey, what's the name of those birds the rhinos use?"
3920,320,17,85,171,273,1.435897435897436,0.036903739339944834,672,"You lie down with dogs, you get up with Neanderthals"
2632,320,26,67,180,273,1.435897435897436,0.04005359698503934,672,People are so annoying.
5372,323,23,72,176,271,1.4354243542435425,0.039232058102191665,672,"I have no idea why, but when they poke me, my knee pain goes away."
2229,323,24,70,177,271,1.4354243542435425,0.0395788831272832,672,This is my favorite party snack because they come with their own toothpicks.
143,323,18,82,171,271,1.4354243542435425,0.03744978437303401,672,I'm just going to wait until they go extinct.
691,323,15,88,168,271,1.4354243542435425,0.03633848551575234,672,Really?  An existential threat?  But they're so cute.
4843,327,25,65,175,265,1.4339622641509433,0.04056038627246759,672,They're a bunch of little pricks!
576,328,23,69,174,266,1.4323308270676691,0.039732749377095734,672,"Acupuncture, you said! That’s the last time I listen to you!"
3890,329,24,66,174,264,1.4318181818181819,0.04030159218507978,672,Woolly bullies.
55,329,24,66,174,264,1.4318181818181819,0.04030159218507978,672,Two more and I’ll have the complete set.
1192,329,25,64,175,264,1.4318181818181819,0.04065739163470148,672,There’s something I need to get off my back.
1597,329,27,60,177,264,1.4318181818181819,0.041359809215076336,672,"They're a delicious snack, but I think the toothpicks are just pretentious."
2187,329,18,78,168,264,1.4318181818181819,0.03809707812080114,672,You know those cave drawings we've been seeing around?
2507,329,21,72,171,264,1.4318181818181819,0.039214829427111554,672,I need to get this looked at before they start to spread.
2696,329,20,74,170,264,1.4318181818181819,0.03884581940328257,672,They're woolly bullies.
3049,329,25,64,175,264,1.4318181818181819,0.04065739163470148,672,I swear I've only been with you! I don't know where I picked these up!
5079,329,22,70,172,264,1.4318181818181819,0.03958039930170569,672,"Honey, you forgot to shut the screen door again."
347,338,21,75,175,271,1.4317343173431734,0.038505475627302645,672,I call it death by a thousand cuts.
3446,339,25,55,164,244,1.430327868852459,0.043036200042615345,672,I hate human season. They absolutely eat me alive.
2667,340,21,66,164,251,1.4302788844621515,0.04061869733701437,672,Say hello to my little friends.
2493,341,19,68,160,247,1.4291497975708503,0.04026469345811571,672,At first I was skeptical but my back feels so much better.
3001,342,17,78,166,261,1.4291187739463602,0.03799008225975915,672,Everyone at school has them.
1262,342,22,68,171,261,1.4291187739463602,0.03988243430924197,672,I don’t have the heart to tell them it only tickles.
1703,344,21,69,169,259,1.4285714285714286,0.03972093161441701,672,They say acupuncture helps with back pain.
4761,344,22,67,170,259,1.4285714285714286,0.04009591838087257,672,"Uber ride share, Its a living."
2155,346,18,74,165,257,1.4280155642023347,0.03877499506440194,672,"Not to worry, the next ice age will kill them all!"
3466,346,23,64,170,257,1.4280155642023347,0.04068776727308245,672,I brought the hors d'oeuvres
1628,348,19,70,164,253,1.4268774703557312,0.039583682911585226,672,Cave mites.
214,349,21,65,165,251,1.4262948207171315,0.040590551799043924,672,It's called acupuncture and it's very progressive.
3541,350,23,58,163,244,1.4262295081967213,0.042216495942251374,672,Ignore these guys. What harm can they do?
32,351,20,66,163,249,1.4257028112449799,0.040417303964701834,672,Best back scratch I've ever had.
287,351,18,70,161,249,1.4257028112449799,0.03960786828173205,672,"The Ice Age can’t come soon enough, Doris."
1222,351,16,74,159,249,1.4257028112449799,0.03878154199965455,672,"After they get the fleas, I'll have them shine the tusks."
3902,354,15,73,154,242,1.4256198347107438,0.03909953959467786,672,Where’s the mandruff shampoo?
4444,354,20,63,159,242,1.4256198347107438,0.04123391662865611,672,They’re all just a bunch of backstabbers.
4153,356,19,70,165,254,1.4251968503937007,0.039463336064832544,672,"Nah, I’m not too bothered. They’ll be extinct in no time."
2470,357,16,75,161,252,1.4246031746031746,0.03846141781286964,672,I keep my friends close and my enemies closer.
5233,358,18,51,136,205,1.424390243902439,0.045368476189605544,672,"'Yes, they're annoying, but I can always find a place at the watering hole and I'm never asked over by the in-laws."
2894,359,23,66,175,264,1.4242424242424243,0.039890687800831666,672,Yet another anti-human-spray with empty promises.
4212,360,14,78,158,250,1.424,0.03782351747121865,672,"They followed me home, Mom, can I keep em?"
1310,360,20,66,164,250,1.424,0.04029130871829471,672,"Well, Norman, we just have to live with it. It's the lice age."
3853,360,24,58,168,250,1.424,0.041855747687239216,672,My mom's an anti-vaxxer.
358,360,20,66,164,250,1.424,0.04029130871829471,672,It's evolved into a particularly resistant strain.
1155,360,21,64,165,250,1.424,0.04068805810418035,672,Can you believe they will survive us?
5284,365,17,71,160,248,1.4233870967741935,0.03928651308446032,672,"Oh, don’t worry—a species this clueless will soon be extinct."
516,365,18,69,161,248,1.4233870967741935,0.03969987371775946,672,Maybe we should go in. They're really bad tonight.
544,365,22,61,165,248,1.4233870967741935,0.04131197677052445,672,They just want a ride over to La Brea.
614,365,19,67,162,248,1.4233870967741935,0.04010897450791561,672,I think I rolled in a pile of Cro Magnons.
882,365,20,65,163,248,1.4233870967741935,0.0405139444999768,672,A little to the right.
4574,365,22,61,165,248,1.4233870967741935,0.04131197677052445,672,I'm starting to think they'll be the death of me.
5452,365,20,65,163,248,1.4233870967741935,0.0405139444999768,672,I can't wait until these annoying little bastards are extinct.
5523,372,19,64,159,242,1.421487603305785,0.04078384458411498,672,"I just scream, ""Argh, you got me!"" every so often, and they settle down."
2242,373,16,69,155,240,1.4208333333333334,0.03972004395948209,672,Serves me right for putting Gulliver's Travels on their summer reading list.
2403,374,21,43,138,202,1.4207920792079207,0.04740252619184105,672,I'll never forget the little people who got me here.
4482,375,20,58,155,233,1.4206008583690988,0.042312955343180525,672,"But Mom, they tickle me and they run around and sing and stuff. Can I keep them, please? Please?"
3934,376,20,63,162,245,1.420408163265306,0.04083806714407681,672,You're right!  Acupuncture is helping!
5160,376,15,73,157,245,1.420408163265306,0.0387358709892952,672,The neanderthals are really biting today.
2588,378,17,66,155,238,1.4201680672268908,0.04038235010323369,672,I need to change shampoos.
4931,379,20,62,161,243,1.4197530864197532,0.04106885401466214,672,I see the monkey on your back as evolved and multiplied
3684,379,13,76,154,243,1.4197530864197532,0.03806021314885111,672,'Parasites' is such an ugly word.  I think of them as my personal groomers.
5206,379,21,60,162,243,1.4197530864197532,0.04148084985987952,672,"It’s embarrassing, I know! I contracted them during my summer trip to the Neander Valley."
1595,379,24,54,165,243,1.4197530864197532,0.042692989004736774,672,"Honey, I think I have humans."
5009,379,18,66,159,243,1.4197530864197532,0.040232207247889826,672,Becoming a ride-share was the worst decision of my very miserable life.
626,379,15,72,156,243,1.4197530864197532,0.03894355010751396,672,My kid picked them up at school and now the whole family has them.
4760,385,21,59,161,241,1.4190871369294606,0.04171964802458639,672,I really think it’s time they discover agriculture.”
2004,385,17,67,157,241,1.4190871369294606,0.04002769597228909,672,"Can I keep them, they're small and won't eat much and I'll take them for walks & clean up their litter box..!  Can I Ma, can I..?"
2657,385,18,65,158,241,1.4190871369294606,0.040457318144698495,672,I liked our neighbors more when they were just gatherers...
2809,385,19,63,159,241,1.4190871369294606,0.04088242578508144,672,My doctor told me to inform all of my previous partners…
3838,385,17,67,157,241,1.4190871369294606,0.04002769597228909,672,Do these Neanderthals make me look fat?
4331,385,24,53,164,241,1.4190871369294606,0.042944888766061555,672,"Oh, they’re just hitching a ride to the Trump rally."
4728,385,18,65,158,241,1.4190871369294606,0.040457318144698495,672,Would you mind helping me bring in the groceries?
5464,385,17,67,157,241,1.4190871369294606,0.04002769597228909,672,After dinner they're going to draw me on the wall.
1327,393,18,67,161,246,1.41869918699187,0.03988409949754419,672,They’re supposed to help me quit smoking.
2279,393,18,67,161,246,1.41869918699187,0.03988409949754419,672,I admire their optimism
2918,393,17,69,160,246,1.41869918699187,0.03946590157871177,672,You should see the crew that does my nails.
2916,396,17,66,156,239,1.4184100418410042,0.040251441487500275,672,Where do we keep the hominid spray?
2156,396,23,54,162,239,1.4184100418410042,0.04279184020497421,672,"Honey, can you get the fleanderthal spray?  These guys are killing me."
781,396,14,72,153,239,1.4184100418410042,0.03891910865716819,672,"Once they discover protein, we could be in trouble."
5490,396,18,64,157,239,1.4184100418410042,0.04068585810253226,672,I didn't believe in acupuncture either until I tried it
3434,396,19,62,158,239,1.4184100418410042,0.041115685051536247,672,I gathered a nice bunch of hunters today.
402,396,20,60,159,239,1.4184100418410042,0.04154106480309397,672,The Doctor says they should be gone in 2-3 thousand years.
3111,402,20,59,158,237,1.4177215189873418,0.0417826611751096,672,Do these make me look mammoth?
3234,402,18,63,156,237,1.4177215189873418,0.04091791005541238,672,I'm sure it's nothing.
969,404,18,45,131,194,1.4175257731958764,0.04713364376121389,672,"Don't worry. Global warming will get them, too"
610,405,16,78,170,264,1.4166666666666667,0.03721623571289221,672,I swear it isn't sexually transmitted!
5287,406,20,63,165,248,1.4153225806451613,0.040448900999070315,672,There's a new acupuncture clinic over in the east valley
674,407,15,68,153,236,1.4152542372881356,0.03967617859570421,672,"Well they do worry me, but I don't think they have much of a future."
1248,407,16,66,154,236,1.4152542372881356,0.04012805969199254,672,Cave men?  Thank goodness! I was afraid it was psoriasis.
1547,407,25,48,163,236,1.4152542372881356,0.04398658221341156,672,"It's a symbiotic relationship. They get fresh meat, and I get to miss the Trump presidency."
4334,407,15,68,153,236,1.4152542372881356,0.03967617859570421,672,You may want to get yourself checked.
2581,411,17,63,154,234,1.4145299145299146,0.040806988892119346,672,These pests will be the death of us.
5132,411,14,69,151,234,1.4145299145299146,0.03943555530347965,672,CBD oil? Really
4425,411,21,55,158,234,1.4145299145299146,0.042566889749019926,672,They're so primitive and harmless. What can go wrong?
4081,411,18,61,155,234,1.4145299145299146,0.04125400323068621,672,"I'm telling you, they're driving me to an early extinction."
3897,411,21,55,158,234,1.4145299145299146,0.042566889749019926,672,I've got the seven spears itch.
3262,411,21,55,158,234,1.4145299145299146,0.042566889749019926,672,They're lousy hunters but their paintings aren't bad.
1782,411,14,69,151,234,1.4145299145299146,0.03943555530347965,672,It probably goes without saying but you should get tested.
1763,411,24,49,161,234,1.4145299145299146,0.043840476996184326,672,I found them on Amazon.
1439,411,24,49,161,234,1.4145299145299146,0.043840476996184326,672,They’re just a bunch of little pricks !
895,411,19,59,156,234,1.4145299145299146,0.04169622552070373,672,Yes but I'm worried if I get rid of them they'll infect the whole planet.
1087,421,12,72,148,232,1.4137931034482758,0.0387028107779892,672,Doc gave me a special shampoo. Should be gone in a week.
3946,421,16,64,152,232,1.4137931034482758,0.04058550940251722,672,They scratch my back. I show them where the good water holes are.
4150,421,20,56,156,232,1.4137931034482758,0.042384662141000846,672,Down...and a little to the left
3908,421,22,52,158,232,1.4137931034482758,0.04325618557477392,672,"Please Gary, the gender inclusive term is cave PEOPLE."
3039,425,20,54,154,228,1.412280701754386,0.04289850336804505,672,I thought we could use a little entertainment while the ice melts.
2735,425,17,60,151,228,1.412280701754386,0.041525329658274525,672,"I wouldn't call it parasitic, it's really more you scratch my back and I won't step on you."
1825,425,22,50,156,228,1.412280701754386,0.0437900367269166,672,It's lice AND men.
3364,425,15,64,149,228,1.412280701754386,0.04058407665454324,672,Don’t worry when winter comes they’ll die off.
603,425,18,58,152,228,1.412280701754386,0.04198804432087353,672,Half of my kid's class has them.
348,430,16,69,160,245,1.4122448979591837,0.03909379677868099,672,For your information I only shared a towel with her.
5000,431,15,63,148,226,1.4115044247787611,0.04082003299024855,672,They were on sale.
4330,431,19,55,152,226,1.4115044247787611,0.04270363638362616,672,"I’m not judging you, but I didn’t have parasites when we met."
4227,431,18,57,151,226,1.4115044247787611,0.042240610715518365,672,I'd kill them but they're cute and what harm could they possibly do?
2165,431,21,51,154,226,1.4115044247787611,0.04361494347027117,672,Best massage ever!
1770,431,11,71,144,226,1.4115044247787611,0.038845200813807094,672,They're bad this time of year.
3718,431,18,57,151,226,1.4115044247787611,0.042240610715518365,672,"I know, I know, but they just seem to scratch me where I itch."
447,431,18,57,151,226,1.4115044247787611,0.042240610715518365,672,"My advice, never become a political symbol."
279,431,21,51,154,226,1.4115044247787611,0.04361494347027117,672,I sure hope this isn’t the same group working on the wheel.
813,431,18,57,151,226,1.4115044247787611,0.042240610715518365,672,Nasty little creatures. I say we get rid of them now and prevent trouble down the line.
2166,440,19,54,151,224,1.4107142857142858,0.042965776263189016,672,Don't go outside without putting on repellent
2295,440,16,60,148,224,1.4107142857142858,0.041544465566428296,672,Uber.
5051,440,15,62,147,224,1.4107142857142858,0.041059763544140426,672,"Can you check me for humans, please?"
3499,443,17,56,147,220,1.4090909090909092,0.04253824450265608,672,Right. And you have a herd of giant unicorns on yours.
4230,444,15,46,125,186,1.4086021505376345,0.04666943879313834,672,"It’s ok, they’re vegans"
4858,445,22,47,154,223,1.4080717488789238,0.04446167565656963,672,"Oh them?
They’re with the IRS, it’s death by a thousand little cuts."
3248,445,19,53,151,223,1.4080717488789238,0.04307717692207238,672,Yes it's a mammoth responsibility.
5279,447,20,46,145,211,1.4075829383886256,0.04530492175716302,672,Well they are not accurate and they don’t puncture.
683,447,11,64,136,211,1.4075829383886256,0.0405747100196029,672,I don’t know what they are but my sciatica feels better.
4909,449,19,52,150,221,1.407239819004525,0.043345401883598846,672,One of them lost a contact lens.
5324,449,17,56,148,221,1.407239819004525,0.042385766407424204,672,"'Bit further down...Oh yeah that's the spot!"""
5237,449,14,62,145,221,1.407239819004525,0.040904121897258505,672,"At first they tickled, but they're all organic and my posture's never been better"
5234,449,19,52,150,221,1.407239819004525,0.043345401883598846,672,Don't worry. I'm sure they'll be extinct before we know it.
4484,449,20,50,151,221,1.407239819004525,0.043817339030384726,672,"Yeah, I hired them to kill the fleas."
3978,449,18,54,149,221,1.407239819004525,0.04286826949152149,672,The school nurse said I have to go home so it doesn't spread.
4766,449,19,52,150,221,1.407239819004525,0.043345401883598846,672,"Oh Ralph, that looks like a really bad case of Neanderthal!"
3344,449,13,64,144,221,1.407239819004525,0.040398166455085566,672,"A sort of tingling up and down my spine, Doc"
1777,449,15,60,146,221,1.407239819004525,0.04140389502738559,672,"They said one of 7 dwarves is Grumpy, but they really all are."""
1460,449,19,52,150,221,1.407239819004525,0.043345401883598846,672,One more and I’ll have the full set.
351,449,18,54,149,221,1.407239819004525,0.04286826949152149,672,"Between the copays and my ridiculous deductible, I'm hoping they simply go away on their own."
3567,449,19,52,150,221,1.407239819004525,0.043345401883598846,672,A little Pleistocene psoriasis. And you?
1427,461,18,56,152,226,1.407079646017699,0.042198359273740806,672,These things are killing me.  Know where I can get some homicide?
4108,461,15,62,149,226,1.407079646017699,0.04077630960620053,672,Do you have any humanicide?
5223,461,14,64,148,226,1.407079646017699,0.040291141189295276,672,Some days I do get tired of all the nit-picking.
286,464,19,50,148,217,1.4055299539170507,0.04389542590731963,672,Time to dehumanize.
4448,464,19,50,148,217,1.4055299539170507,0.04389542590731963,672,"You were right, never pick up hitchhikers."
5496,464,13,62,142,217,1.4055299539170507,0.04087532300222647,672,What can I say? Men are just more attracted to me.
3474,467,13,61,141,215,1.4046511627906977,0.04111977216159364,672,"I’d rather have fleas, like everybody else."
4369,467,20,47,148,215,1.4046511627906977,0.044666736398773096,672,I thought we'd eat in tonight.
4773,467,11,65,139,215,1.4046511627906977,0.04004869586347776,672,Probably from the hotel mattress. But let's not get into that.
3326,467,19,49,147,215,1.4046511627906977,0.0441774663079433,672,I think I'd prefer the slings and arrows of outrageous fortune.
3289,467,19,49,147,215,1.4046511627906977,0.0441774663079433,672,Don't you just hate it when 'The Man' won't get off your back?
1921,467,16,55,144,215,1.4046511627906977,0.042676013122191,672,Well how do you exfoliate?
982,467,14,59,142,215,1.4046511627906977,0.04164498137530364,672,She said she was clean.
2976,467,13,61,141,215,1.4046511627906977,0.04111977216159364,672,"Oh, just a bunch of pin pricks.  They're harmless."
2353,475,16,52,140,208,1.4038461538461537,0.04366100149753784,672,"My doctor said it's just a matter of time -- come the summer, they'll all be down in Florida."
4263,476,19,48,146,213,1.403755868544601,0.04446436049141037,672,That's what I get for relying on herd immunity
385,477,19,47,145,211,1.4028436018957346,0.04475624037559899,672,Do they make me look fat?
4056,478,13,60,141,214,1.4018691588785046,0.04121771265197759,672,"Normally I'd tell them to stop, but they're scratching that one spot I just can't reach."
5256,478,17,52,145,214,1.4018691588785046,0.04329443049835539,672,Apparently they also do interior painting.
3747,478,16,54,144,214,1.4018691588785046,0.04278470220999489,672,They are going to be the death of me.
53,478,15,56,143,214,1.4018691588785046,0.04226882745261523,672,And they think they have conquered us.
300,478,21,44,149,214,1.4018691588785046,0.04527599350751849,672,"Are those homo erectus your're wearing, or are you just happy to see me?"
881,478,16,54,144,214,1.4018691588785046,0.04278470220999489,672,"Don't worry, they'll soon be extinct."
1975,478,17,52,145,214,1.4018691588785046,0.04329443049835539,672,They call it acupuncture. You should try it.
3010,478,13,60,141,214,1.4018691588785046,0.04121771265197759,672,"It’s all fun and games ‘til I stop, drop, and roll."
3720,478,13,60,141,214,1.4018691588785046,0.04121771265197759,672,We're so much more evolved than they are.
5360,478,13,60,141,214,1.4018691588785046,0.04121771265197759,672,I think I walked through a nest of something.
3775,478,22,42,150,214,1.4018691588785046,0.04575797807018837,672,"The doctor called it ""pachydermatitis""."
4917,489,18,58,158,234,1.4017094017094016,0.04113127273913247,672,I wish someone would discover fire already so we could light that citronella candle.
1503,490,18,45,139,202,1.400990099009901,0.045625277824444595,672,My wife thinks they look good on me.
1724,490,13,55,134,202,1.400990099009901,0.04284124987103823,672,Global warming is bringing them further north.
2749,492,18,49,145,212,1.400943396226415,0.04408087730629577,672,"Yes, the little pricks ARE becoming annoying!"
3960,493,18,55,154,227,1.4008810572687225,0.04200535909561626,672,"Fresh hors d'oeuvres, as requested."
3038,494,14,57,142,213,1.3990610328638498,0.04184803617800104,672,"Okay, I admit it. I've been sleeping with Janice, and her cave has humans."
354,495,14,55,139,208,1.3990384615384615,0.042530020790483465,672,We're here for our portrait.
739,495,18,47,143,208,1.3990384615384615,0.04466102553759347,672,I miss the dinosaurs.
2020,495,17,49,142,208,1.3990384615384615,0.04413792098255106,672,It's when they start singing at night that's really annoying
2372,495,16,51,141,208,1.3990384615384615,0.043608541998721606,672,"Jeez, Louise, it happened again. Where's the neanderthal spray?"
3447,495,17,49,142,208,1.3990384615384615,0.04413792098255106,672,"Just think, after they kill us off, they’re going to figure out a way to destroy the entire planet."
5558,500,12,58,136,206,1.3980582524271845,0.041678955002508566,672,You can't even take a nice walk in the bush anymore without picking up something.
5320,500,16,50,140,206,1.3980582524271845,0.04389275655154155,672,I'm trying out the new nit removal crew.
4189,500,11,60,135,206,1.3980582524271845,0.04110688012003823,672,Luckily for me they haven't discovered fire yet.
4061,500,14,54,138,206,1.3980582524271845,0.0428001715405092,672,"What doesn't kill you makes you extinct."""
4025,500,19,44,143,206,1.3980582524271845,0.045482449014831124,672,"I was skeptical at first too, but it’s really helped with my sciatica."
3450,500,16,50,140,206,1.3980582524271845,0.04389275655154155,672,I just wish I could get everyone off my back.
1829,500,16,50,140,206,1.3980582524271845,0.04389275655154155,672,I don't care.  It feels good.
2808,500,19,44,143,206,1.3980582524271845,0.045482449014831124,672,Remember when these didn't show up until late Spring?
793,500,14,54,138,206,1.3980582524271845,0.0428001715405092,672,"Just because I have Cavemen doesn’t mean I’m cheating on you, Eloise."
506,500,17,48,141,206,1.3980582524271845,0.044428974494026226,672,This is how their dependency on fossil fuels begins.
3448,500,18,46,142,206,1.3980582524271845,0.04495879748713007,672,"Don't worry,they're just Neanderthals."
4464,511,13,32,101,146,1.3972602739726028,0.053660923975532154,672,"It looks weird,but after a half-hour session,I feel reinvigorated."
4592,512,20,41,143,204,1.3970588235294117,0.04631662000265079,672,Can we talk about the white elephant in the room?
3015,512,14,53,137,204,1.3970588235294117,0.043075029978211506,672,I thought humans were done with the whole paleo diet thing.
4573,512,18,45,141,204,1.3970588235294117,0.04526189267129588,672,Hard to believe we’ll be extinct but these idiots will go on.
4981,512,17,47,140,204,1.3970588235294117,0.04472520260487241,672,Spearmen is my favorite flavor.
2179,512,9,63,132,204,1.3970588235294117,0.04017439865036825,672,I let them keep the fleas and whatever else they find.
4429,512,14,53,137,204,1.3970588235294117,0.043075029978211506,672,"It's called fashion, Linda"
1914,512,14,53,137,204,1.3970588235294117,0.043075029978211506,672,Acupuncture is helping me to cope with my fear of extinction
1737,512,18,45,141,204,1.3970588235294117,0.04526189267129588,672,It's the endless chanting that finally gets to you.
892,512,14,53,137,204,1.3970588235294117,0.043075029978211506,672,"Wanna try one? They stick in your teeth, but they come with their own toothpicks."
2058,512,12,57,135,204,1.3970588235294117,0.04193885844108988,672,I'm saving them for lunch.
4291,522,15,50,137,202,1.396039603960396,0.0439191414167928,672,I don’t think the mandruff shampoo is working.”
3929,522,14,52,136,202,1.396039603960396,0.04335472668094264,672,I don't have the heart to tell them they didn't discover a new planet.
3901,522,14,52,136,202,1.396039603960396,0.04335472668094264,672,The Doctor said to call once they make fire.
5375,522,12,56,134,202,1.396039603960396,0.04220325830029277,672,I’d be worried if they were more organized
1026,522,15,50,137,202,1.396039603960396,0.0439191414167928,672,They're so cute when they're little.
546,522,19,42,141,202,1.396039603960396,0.04610776086109866,672,The ride-share option has been really popular.
3456,522,12,56,134,202,1.396039603960396,0.04220325830029277,672,"They're not hunters or gatherers, they're groomers."
2453,522,17,46,139,202,1.396039603960396,0.04502675090661387,672,Since that trip to Lascaux I can't get rid of them
2424,530,12,54,132,198,1.393939393939394,0.04274604912750483,672,I can't believe that we're the ones headed for extinction.
5508,530,11,56,131,198,1.393939393939394,0.0421420283453676,672,It seems there's more of them every year.
465,532,15,49,137,201,1.3930348258706469,0.04403476937981853,672,My feelings about them are evolving.
4800,532,9,61,131,201,1.3930348258706469,0.04050374614337835,672,My doctor prescribed Neaderthalbegone.
2154,534,8,59,124,191,1.3926701570680629,0.04118315562179193,672,"One day, they’ll be the death of me."
4912,534,12,51,128,191,1.3926701570680629,0.04377783355691288,672,We’ve got a Mammoth tick problem
3646,536,14,52,138,204,1.392156862745098,0.043015907225382136,672,Draw a picture — it’ll last longer.
5308,536,12,56,136,204,1.392156862745098,0.04187813169352997,672,The flea collar was a total bust.
4669,536,15,50,139,204,1.392156862745098,0.043573655510683346,672,These hunters are such a bunch of little pricks.
4534,536,16,48,140,204,1.392156862745098,0.044124354212891626,672,I hope the acupuncture works.  My back is killing me.
2557,536,13,54,137,204,1.392156862745098,0.04245083149105164,672,Its a good thing they are small and not too smart
193,536,14,52,138,204,1.392156862745098,0.043015907225382136,672,I’m never booking on Cave.com again without checking the ratings first.
1256,536,13,54,137,204,1.392156862745098,0.04245083149105164,672,They say down in Florida they get as big as your trunk.
678,536,17,46,141,204,1.392156862745098,0.04466826406796831,672,Do these Homo Sapiens make my ass look too big
430,536,15,50,139,204,1.392156862745098,0.043573655510683346,672,"Do you see them this time, Harry?  I'm tellin' ya, either there are seven dwarfs on my back poking me with spears or I'm gonna start layin' off the hooch."""
134,536,14,52,138,204,1.392156862745098,0.043015907225382136,672,"Every one is staring at me, do I have something in my teeth?"
2126,536,13,54,137,204,1.392156862745098,0.04245083149105164,672,"In their mythology, all of this is taking place on the back of a giant turtle."
463,547,16,46,137,199,1.3919597989949748,0.04489782649051291,672,"Hey Larry, do you have any Cave Man repellent?"
2437,548,16,45,136,197,1.3908629441624365,0.04520506852939434,672,"According to my pachydermatologist, I can either stand under a waterfall or just wait for evolution to take its course."
5248,548,12,53,132,197,1.3908629441624365,0.04285217317677783,672,My dermatologist says I'll only get rid of them when they become gatherers.
5219,548,15,47,135,197,1.3908629441624365,0.04462847579801005,672,Can you tell if they're the bad kind?
5089,548,12,53,132,197,1.3908629441624365,0.04285217317677783,672,"It stings a little, but it's done wonders for my arthritis."
4845,548,13,51,133,197,1.3908629441624365,0.043452343028497646,672,At least they stopped making fire.
4742,548,15,47,135,197,1.3908629441624365,0.04462847579801005,672,The doctor said they should be gone in a few thousand years.
4680,548,14,49,134,197,1.3908629441624365,0.04404433542874609,672,"Yea, I keep them around to remind myself we are not the only ones headed for extinction."
4419,548,11,55,131,197,1.3908629441624365,0.042243477334126825,672,Go ahead and try one - they're delicious!
4007,548,11,55,131,197,1.3908629441624365,0.042243477334126825,672,I guess they’re taking a break from drawing on the walls.
2310,548,18,41,138,197,1.3908629441624365,0.04633673443537621,672,I wish they’d leave already. They’re driving me to extinction.
1709,548,8,61,128,197,1.3908629441624365,0.04036234967389629,672,"It's okay, they spend most of their time fighting each other."
1871,548,14,49,134,197,1.3908629441624365,0.04404433542874609,672,"We need to face it, the little people will prevail"
1516,548,14,49,134,197,1.3908629441624365,0.04404433542874609,672,I just found out that trampling someone’s village makes them a tad mad
1334,548,13,51,133,197,1.3908629441624365,0.043452343028497646,672,It's my week for the car pool.
1195,548,12,53,132,197,1.3908629441624365,0.04285217317677783,672,"A little irritating perhaps, but what could go wrong?"
616,548,16,45,136,197,1.3908629441624365,0.04520506852939434,672,And you're sure you never cheated on me?
459,548,16,45,136,197,1.3908629441624365,0.04520506852939434,672,They forgot we dont forget.
271,548,20,37,140,197,1.3908629441624365,0.047441413296000365,672,My doctor says it's mandruff.
243,548,9,59,129,197,1.3908629441624365,0.0409989834007082,672,The Ice Age can’t come soon enough”
1755,567,14,48,133,195,1.3897435897435897,0.04434129975374089,672,You're looking at me like I have 8 heads.
1855,567,17,42,136,195,1.3897435897435897,0.04609506639724824,672,Nothing seems to get rid of this mandruff.
5129,567,16,44,135,195,1.3897435897435897,0.0455179860281792,672,Remember the good ol' days when we only had monkeys on our back?
2414,567,18,40,137,195,1.3897435897435897,0.0466650108783008,672,"At this rate, these guys will become extinct in no time."
2436,567,16,44,135,195,1.3897435897435897,0.0455179860281792,672,"It’s fatal, but the doc says it’s still in it’s early stages"
1442,567,14,48,133,195,1.3897435897435897,0.04434129975374089,672,"At first they were cute, but now I'm thinking of bringing in an exterminator."
2582,567,10,56,129,195,1.3897435897435897,0.0418888826233199,672,"I'm telling you, their little feet do wonders on my shoulder tension."
2713,567,15,46,134,195,1.3897435897435897,0.04493349483354604,672,To think that these idiots will beat us in Evolution roulette.
1735,567,12,52,131,195,1.3897435897435897,0.04313252456836588,672,Symbiotic relationship my ass.
3124,567,13,50,132,195,1.3897435897435897,0.04374108788937347,672,"Head & Shoulders, Why?"
2520,567,11,54,130,195,1.3897435897435897,0.04251525116397031,672,They're biodegradable and come with a lifetime guarantee.
2922,567,13,50,132,195,1.3897435897435897,0.04374108788937347,672,Now if they would all just move lower and to the left.
923,567,11,54,130,195,1.3897435897435897,0.04251525116397031,672,How did you get rid of yours?
1086,567,15,46,134,195,1.3897435897435897,0.04493349483354604,672,I'm stuck in the lice age.
3596,567,16,44,135,195,1.3897435897435897,0.0455179860281792,672,We have a symbiotic relationship; they scratch my back and I fertilize their fields.
682,567,16,44,135,195,1.3897435897435897,0.0455179860281792,672,"It's hard to believe, but WE will be the ones who go extinct."
466,567,10,56,129,195,1.3897435897435897,0.0418888826233199,672,Last month it was a group of blind men touching me all over. Now this?
422,567,11,54,130,195,1.3897435897435897,0.04251525116397031,672,They usually kill themselves off pretty quickly.
168,567,12,52,131,195,1.3897435897435897,0.04313252456836588,672,Wait until you see the revisionist history.
126,567,14,48,133,195,1.3897435897435897,0.04434129975374089,672,"OK, I collected seven of them. Now get them to paint the walls."
5501,567,14,48,133,195,1.3897435897435897,0.04434129975374089,672,These things are going to drive me extinct.
1102,567,15,46,134,195,1.3897435897435897,0.04493349483354604,672,They call it acupuncture but it’s more like a mammoth pain in the neck.
4646,567,14,48,133,195,1.3897435897435897,0.04434129975374089,672,Just a few humans...what’s the worst that could happen?
1732,590,9,54,122,185,1.3891891891891892,0.042670263899130687,672,What harm can they do with their tiny little brains?
2432,591,14,47,132,193,1.38860103626943,0.04464372804300926,672,"First it was the glacier, now 
this ."
2140,591,13,49,131,193,1.38860103626943,0.044035100629266646,672,I feel lousy
5232,591,16,43,134,193,1.38860103626943,0.045836744931061976,672,The dawn of allergy testing.
3604,591,14,47,132,193,1.38860103626943,0.04464372804300926,672,It’s kind of like those pedicures with the fish
3077,591,9,57,127,193,1.38860103626943,0.0415114517071556,672,Would you like to try my new backscratcher?
2650,591,19,37,137,193,1.38860103626943,0.04757020374478999,672,Why do they make us seem so much smaller in their paintings?
1125,591,11,53,129,193,1.38860103626943,0.04279188422040534,672,Remember when all they could do was swing from limb to limb?
3823,591,10,55,128,193,1.38860103626943,0.04215652961267144,672,"The politically correct term is ""little hunters."""
664,591,11,53,129,193,1.38860103626943,0.04279188422040534,672,Luckily they are all vegans.
365,591,13,49,131,193,1.38860103626943,0.044035100629266646,672,"Good news, honey--our HMO covers acupuncture.”"
913,591,14,47,132,193,1.38860103626943,0.04464372804300926,672,The fresh appetizers came with cocktail spears.
3260,602,14,45,129,188,1.3882978723404256,0.04546014325841207,672,You STILL think this is a nice neighbourhood?
796,603,11,42,112,165,1.387878787878788,0.04754729142126607,672,They're becoming a mammoth problem.
164,604,13,50,133,196,1.3877551020408163,0.04356275426922797,672,"They are ornery little bastards, but they do help with the fleas."
3089,605,13,48,130,191,1.387434554973822,0.044334534183227754,672,You told me they couldn't be sexually transmitted.
3151,605,15,44,132,191,1.387434554973822,0.0455606642096865,672,The've got a mammoth task in front of them
3811,605,9,56,126,191,1.387434554973822,0.04177444813849436,672,Some days I wish I were a carnivore.
4240,605,22,30,139,191,1.387434554973822,0.04961406383448014,672,Guess who's the new mascot for the Republican Party?
4752,605,9,56,126,191,1.387434554973822,0.04177444813849436,672,Thank God we live on Lilliput.
4894,605,13,48,130,191,1.387434554973822,0.044334534183227754,672,Not to worry.  They're just measuring for the cave paintings.
4976,605,10,54,127,191,1.387434554973822,0.042428953772957495,672,That’s the last time I buy acupuncture on Groupon.
5207,605,14,46,131,191,1.387434554973822,0.044951779967380597,672,"My mandruff is out of control."""
5253,605,10,54,127,191,1.387434554973822,0.042428953772957495,672,"You don't need to say it, Larry. I should have listened to you and ordered the flea collar instead."
1912,605,14,46,131,191,1.387434554973822,0.044951779967380597,672,This is what happens when you lie down with humans
1799,605,13,48,130,191,1.387434554973822,0.044334534183227754,672,Got any Head and Shoulders?
2455,605,11,52,128,191,1.387434554973822,0.043073515287932705,672,My back is itchy. Do you see anything?
1466,605,13,48,130,191,1.387434554973822,0.044334534183227754,672,I got half a dozen backscratchers on sale.
1194,605,15,44,132,191,1.387434554973822,0.0455606642096865,672,You think fleas are bad?
835,605,20,34,137,191,1.387434554973822,0.04849053648071809,672,It’s no surprise they haven’t discovered the wheel yet.
823,605,14,46,131,191,1.387434554973822,0.044951779967380597,672,These Neanderthals really get my dander up!
563,605,13,48,130,191,1.387434554973822,0.044334534183227754,672,They’re on a paleo diet.
208,605,12,50,129,191,1.387434554973822,0.04370857261741433,672,"I tell ya, Pete, there are too many backstabbers out there."
1520,605,13,48,130,191,1.387434554973822,0.044334534183227754,672,I wouldn'd mind so much if they weren't singing ABBA.
5317,624,15,43,131,189,1.3862433862433863,0.045883153606487516,672,I have to give up this Uber gig.  I feel like I spend all day just listening to people argue.
4995,624,15,43,131,189,1.3862433862433863,0.045883153606487516,672,"I just can't get rid of them no matter what I do. I swear, in 10,000 years we'll all be in the grave but they'll still be here."
2988,624,11,51,127,189,1.3862433862433863,0.04336028855481885,672,"They say they want to be symbiotes but a little voice inside keeps screaming, 'Stop, drop, and roll!'"
914,624,12,49,128,189,1.3862433862433863,0.044004566966247924,672,We got a raw deal on this cave -- it's infested with men.
4811,628,13,45,126,184,1.3858695652173914,0.0454653288717032,672,Don't worry. There's no scientific proof that these things are even real.
2358,629,16,43,136,195,1.3846153846153846,0.045452419589860384,672,They were all out of flea collars in my size.
344,630,13,47,130,190,1.3842105263157896,0.04445048984958668,672,The vet says I picked them up on my last trip.
3382,630,11,51,128,190,1.3842105263157896,0.043179352273909954,672,My pachy-dermatologist prescribed acupuncture for my wooly skin.
3410,630,9,55,126,190,1.3842105263157896,0.04186964148067926,672,I stepped on their first fire. I’d be mad too.
3413,633,10,51,124,185,1.3837837837837839,0.04327627997733396,672,I'm collecting the whole set.
4941,634,13,48,132,193,1.383419689119171,0.04396518846755736,672,The worst part is that I really have to sneeze.
4533,635,14,44,130,188,1.3829787234042554,0.045388530144137566,672,It's kinda like Climate change. It's not a big deal until there's too many.
4333,635,13,46,129,188,1.3829787234042554,0.044757450499445434,672,"Yes, they are a bit annoying, but my back ache went away."
1049,635,15,42,131,188,1.3829787234042554,0.046010954805135916,672,This Uber gig is gonna kill me.
3398,635,13,46,129,188,1.3829787234042554,0.044757450499445434,672,"Sadly, evolution selects for the ability to irritate"
2724,635,13,46,129,188,1.3829787234042554,0.044757450499445434,672,I wish they'd just focus on cave paintings like the others.
5085,635,16,40,132,188,1.3829787234042554,0.04662507110466681,672,"Just my luck, I'm pretty sure I ended up in the placebo group."
5077,635,8,56,124,188,1.3829787234042554,0.04145820676338318,672,‘My doctor says the next Ice Age might get rid of them.’
1028,635,14,44,130,188,1.3829787234042554,0.045388530144137566,672,"All I know is, when you have an itchy back, there's nothing that works better."
1430,635,18,36,134,188,1.3829787234042554,0.04782965442468915,672,I know...you hate when I take work home.
819,635,13,46,129,188,1.3829787234042554,0.044757450499445434,672,The pitcher and catcher fell off on the way over here.
805,635,10,52,126,188,1.3829787234042554,0.042808427849027365,672,Acupuncture is great! You should give it a try!
941,635,15,42,131,188,1.3829787234042554,0.046010954805135916,672,"They’re annoying, but word is they’ll be extinct soon."
52,635,12,48,128,188,1.3829787234042554,0.04411734445516109,672,"Mostly, they just fight with one another."
2882,648,16,43,137,196,1.3826530612244898,0.045262482459224644,672,Did you use up all the Off spray again?
4477,649,10,50,123,183,1.3825136612021858,0.04356923110812124,672,"Actually, I think they're kind of cute."
2048,650,17,39,135,191,1.382198952879581,0.046686715370791186,672,"Am I expected to tip all of them?"""
4706,651,11,49,126,186,1.381720430107527,0.04376160931613428,672,The doctor recommended acupuncture.
4062,651,12,47,127,186,1.381720430107527,0.04442072814245361,672,"We have a deal.  I chase off the saber tooths, and they take care of the ticks."
939,651,10,51,125,186,1.381720430107527,0.04309241013415437,672,They say it's supposed to be therapeutic.
299,651,15,41,130,186,1.381720430107527,0.04634187097009756,672,I think my homo simplex is flaring up again.
5037,655,11,48,125,184,1.3804347826086956,0.044060897759512094,672,"Be careful, there's a whole nest of 'em down by the tar pits."
3222,655,9,52,123,184,1.3804347826086956,0.042691564141982746,672,Only when I laugh.
5135,655,14,42,128,184,1.3804347826086956,0.04603859582026698,672,"Pesky little critters, yes, but they should be extinct soon."
5283,655,12,46,126,184,1.3804347826086956,0.04472984733504858,672,Tour group
3632,655,12,46,126,184,1.3804347826086956,0.04472984733504858,672,"I don't mind, as long as they don't invent fire."
2728,655,13,44,127,184,1.3804347826086956,0.04538893889329568,672,Don't they understand that the Ice Age is coming?  Humans never get climate change.
1047,655,14,42,128,184,1.3804347826086956,0.04603859582026698,672,After they’re done aerating my coat I’ll eat them.
2138,655,11,48,125,184,1.3804347826086956,0.044060897759512094,672,Ever have one of those days where you feel the whole world is out to get you?
2600,663,10,43,113,166,1.3795180722891567,0.04644749611974223,672,They grow on you
2301,664,11,47,124,182,1.379120879120879,0.04436584215764388,672,Doesn’t hurt much-it’s just a few tiny pricks.
4139,664,16,37,129,182,1.379120879120879,0.04766436603829335,672,They're looking for the elephant in the room.
4783,664,11,47,124,182,1.379120879120879,0.04436584215764388,672,I find this more relaxing than hot yoga.
4878,664,15,39,128,182,1.379120879120879,0.04702317537063319,672,How can I get rid of these damn pricks ?
4967,664,14,41,127,182,1.379120879120879,0.046373119951565,672,"What side effects? They make my hair thick and shiny, and my back feels great!"
5543,664,18,33,131,182,1.379120879120879,0.0489215425515446,672,Gentrification.
4091,664,15,39,128,182,1.379120879120879,0.04702317537063319,672,What? It's supposed to help with my migraines.
4015,664,11,47,124,182,1.379120879120879,0.04436584215764388,672,Do we still have those collars?
3622,664,11,47,124,182,1.379120879120879,0.04436584215764388,672,It is supposed to stimulate my collagen.
3051,664,9,51,122,182,1.379120879120879,0.04297560255036332,672,I think I picked them up at daycare
2710,664,16,37,129,182,1.379120879120879,0.04766436603829335,672,These little parasites think they’re going to rule the world someday. Ha!
2064,664,11,47,124,182,1.379120879120879,0.04436584215764388,672,How are we the ones going extinct?
504,664,7,55,120,182,1.379120879120879,0.041538859863706146,672,I’ve been told they’re not contagious.
1684,664,16,37,129,182,1.379120879120879,0.04766436603829335,672,"No, they're not outdoor men. They are cave men."
1602,664,9,51,122,182,1.379120879120879,0.04297560255036332,672,"It's not fleas, it's worse...it's poly-ticks!"
1567,664,17,35,130,182,1.379120879120879,0.04829704502065836,672,"Go to the bathroom in a cave one time, and suddenly you're the bad guy."
1268,664,13,43,126,182,1.379120879120879,0.04571382160952142,672,I thought we'd do take-home tonight.
1037,664,13,43,126,182,1.379120879120879,0.04571382160952142,672,It’s the latest craze at the studio; caveman yoga.
629,664,11,47,124,182,1.379120879120879,0.04436584215764388,672,Hopefully none of them have West Nile.
2720,683,14,40,126,180,1.3777777777777778,0.04671423191503067,672,"Don't worry, soon they'll be extinct."
3056,683,11,46,123,180,1.3777777777777778,0.044676612719843765,672,No one seems to have told them the only way to eat a mammoth is one bite at a time.
3334,683,12,44,124,180,1.3777777777777778,0.04536598913888789,672,"My doctor suggested I try acupuncture."""
3611,683,13,42,125,180,1.3777777777777778,0.04604504552045184,672,"You know, I'm getting a little tired of being the only hunter-gatherer around here."
5189,683,11,46,123,180,1.3777777777777778,0.044676612719843765,672,My doctor said it’s a bad case of Neanderthals.
1414,683,8,52,120,180,1.3777777777777778,0.04254150896273592,672,Cute little creatures but their brain is too small to survive a harsh world.
3884,683,13,42,125,180,1.3777777777777778,0.04604504552045184,672,This acupuncture therapy works wonders.
5061,683,12,44,124,180,1.3777777777777778,0.04536598913888789,672,"I’m starting to itch, would you mind checking me for people?"
3937,683,14,40,126,180,1.3777777777777778,0.04671423191503067,672,"I barely feel the prick, and it’s really helped my migraines."
4406,683,15,38,127,180,1.3777777777777778,0.0473739665833679,672,"Be careful, they’re contagious"
1283,683,14,40,126,180,1.3777777777777778,0.04671423191503067,672,They told me to use a fine toothed comb.
4686,683,11,46,123,180,1.3777777777777778,0.044676612719843765,672,"Yes, I lost my flea collar."
510,683,9,50,121,180,1.3777777777777778,0.04326491917543969,672,Remember that tiny painting we saw? I told you it looked like me.
359,683,11,46,123,180,1.3777777777777778,0.044676612719843765,672,It doesn't really bother me. They're just a bunch of little pricks.
234,683,8,52,120,180,1.3777777777777778,0.04254150896273592,672,They evolved from the monkeys on my back.
191,683,11,46,123,180,1.3777777777777778,0.044676612719843765,672,"Damn, it's another homo sapien infestation."
91,683,11,46,123,180,1.3777777777777778,0.044676612719843765,672,Have you noticed more parasites with the warming climate?
517,683,15,38,127,180,1.3777777777777778,0.0473739665833679,672,It's their team building day.
202,701,7,57,124,188,1.377659574468085,0.04068273657887013,672,I always thought the diabetes would get me first.
3831,702,9,48,118,175,1.3771428571428572,0.044058690305256436,672,But they're so cute and it raises their self esteem if I let them feel like they're winning.
5412,703,11,45,122,178,1.3764044943820224,0.0449933866206907,672,What do I care anyway? I'm going extinct.
4955,703,16,35,127,178,1.3764044943820224,0.04839219668441401,672,Mastadandruff.
4388,703,11,45,122,178,1.3764044943820224,0.0449933866206907,672,Yeah there was an outbreak at Timmy's preschool.
3581,703,14,39,125,178,1.3764044943820224,0.047062137178472734,672,These guys? Destroy the planet? Come on.
2819,703,16,35,127,178,1.3764044943820224,0.04839219668441401,672,My dermatologist said it should clear up on its own.
1813,703,13,41,124,178,1.3764044943820224,0.04638280698423256,672,This UBER side gig really isn't paying off like I hoped.
699,703,11,45,122,178,1.3764044943820224,0.0449933866206907,672,"Best of all, Medicare covers it!"
4990,703,12,43,123,178,1.3764044943820224,0.04569337820371527,672,"Oh yeah, that’s the spot."
277,703,12,43,123,178,1.3764044943820224,0.04569337820371527,672,I guess it's time to roll over and play dead again.
555,703,14,39,125,178,1.3764044943820224,0.047062137178472734,672,"When the itching stops, I  just roll over and presto!, no charge..."
5329,713,10,46,120,176,1.375,0.04459412925079223,672,"Mom, can I keep them if I promise to take care of them?"
4922,713,13,40,123,176,1.375,0.046727310627100706,672,The back pain is easing ....but do you have any ideal what the bill is for 7 acupuncturists?
4397,713,10,46,120,176,1.375,0.04459412925079223,672,"Don't even ask, Susan..."
2173,713,9,48,119,176,1.375,0.043860019365035606,672,I can’t seem to shake this off
1852,713,15,36,125,176,1.375,0.04809689894693511,672,Barry suggested acupuncture.
679,713,16,34,126,176,1.375,0.048767271332798116,672,I don't have the heart to tell them they don't exist yet.
633,713,11,44,121,176,1.375,0.04531634835874829,672,I'm gonna roll over and let them play dead for a change.
4174,713,11,44,121,176,1.375,0.04531634835874829,672,I decided to do take out. You okay with that?
218,713,14,38,124,176,1.375,0.04741704992275061,672,You have to suffer for fashion.
484,713,12,42,122,176,1.375,0.046027236431340234,672,It's been rough. Everyone wants a piece of me.
1848,723,10,48,124,182,1.3736263736263736,0.04359024527499465,672,They told me they would have my back.
3577,723,10,48,124,182,1.3736263736263736,0.04359024527499465,672,The one time I don't use protection...
4037,725,7,51,116,174,1.3735632183908046,0.04263526657478742,672,I know. They're bad this year.
4137,725,10,45,119,174,1.3735632183908046,0.044912005745335194,672,"They’re called, “humans.” They seem harmless."
4167,725,11,43,120,174,1.3735632183908046,0.04564569013745219,672,They used to be cute until they invented those little spears.
4226,725,11,43,120,174,1.3735632183908046,0.04564569013745219,672,I used to sit around hurting just like you before I discovered acupuncture
4269,725,10,45,119,174,1.3735632183908046,0.044912005745335194,672,They take care of whatever itches and just a little water washes them right out.
4838,725,9,47,118,174,1.3735632183908046,0.04416613512651681,672,No more backaches since I started getting acupuncture.
5097,725,15,35,124,174,1.3735632183908046,0.048469496596781514,672,Just wait until they find out how much our tusks are worth.
5122,725,11,43,120,174,1.3735632183908046,0.04564569013745219,672,I don't think acupuncture will solve our endangerment.
5165,725,8,49,117,174,1.3735632183908046,0.04340745009740222,672,"I picked it up in a cave, it usually kills itself off before it's a problem."
3765,725,14,37,123,174,1.3735632183908046,0.047779193508159346,672,"If we draw an image on the cave wall showing them killing us, we could set back the science of anthropology for eons."
5565,725,12,41,121,174,1.3735632183908046,0.046367766780162904,672,The appetizers are ready.
4394,725,11,43,120,174,1.3735632183908046,0.04564569013745219,672,I’m their whole world
3586,725,11,43,120,174,1.3735632183908046,0.04564569013745219,672,It can be annoying but once in a while they scratch just that right spot!
3347,725,10,45,119,174,1.3735632183908046,0.044912005745335194,672,If  that kid brings lice home one more time.......
3105,725,11,43,120,174,1.3735632183908046,0.04564569013745219,672,"Okay, okay, taking a shortcut through Lilliput wasn't such a great idea."
2335,725,14,37,123,174,1.3735632183908046,0.047779193508159346,672,Can you help me get rid of those pricks?
1960,725,12,41,121,174,1.3735632183908046,0.046367766780162904,672,"Hey, before we eat them, what do you say we paint some cute pictures of them on the wall?"
1490,725,11,43,120,174,1.3735632183908046,0.04564569013745219,672,Extinction actually sounds good right now.
1409,725,8,49,117,174,1.3735632183908046,0.04340745009740222,672,"In my experience, there’s no need for special shampoos. Just wait a bit. They’ll kill each other off on their own."
1367,725,12,41,121,174,1.3735632183908046,0.046367766780162904,672,I'm not sure about this acupuncture thing.
992,725,9,47,118,174,1.3735632183908046,0.04416613512651681,672,We’re going extinct and these idiots survive?
908,725,16,33,125,174,1.3735632183908046,0.04915010547700476,672,They’re Democrats.
827,725,9,47,118,174,1.3735632183908046,0.04416613512651681,672,Great snack! They brought toothpicks!
373,748,13,43,129,185,1.372972972972973,0.04510884631651098,672,These little pests are going to drive us to extinction? You gotta be kidding!
5271,749,9,45,115,169,1.3727810650887573,0.04500821474885591,672,"I know, right? But you gotta admire their ambition."
891,749,9,45,115,169,1.3727810650887573,0.04500821474885591,672,They get the parts where I can't scratch.
313,751,16,32,124,172,1.372093023255814,0.04954095222084224,672,I preferred the blind men.
821,752,12,41,122,175,1.3714285714285714,0.04615144017739902,672,I'm going Paleo.
2312,752,11,43,121,175,1.3714285714285714,0.04543428205063056,672,"They’re called “no-see-ems”, but you can see ‘em, right Honey?"
1492,752,10,45,120,175,1.3714285714285714,0.04470562090458493,672,This Uber gig not only brings me extra cash but also helps defoliate my hide.
2634,752,8,49,118,175,1.3714285714285714,0.04321145276984889,672,This new rideshare gig is killing me.
5473,752,13,39,123,175,1.3714285714285714,0.04685762345061719,672,"Then I mentioned something about climate change, and all hell broke loose."
2484,757,14,34,120,168,1.369047619047619,0.04891139126161839,672,I can't believe I'm saying this but I miss the monkeys on my back.
4767,757,8,46,114,168,1.369047619047619,0.04432390098545984,672,"Later in the primary season there will be fewer of them, but their jabs will be more painful"
4730,757,10,42,116,168,1.369047619047619,0.045904032474590635,672,It’s supposed to release tension
4594,757,12,38,118,168,1.369047619047619,0.047431552750122945,672,I travel with my own security.
4342,757,9,44,115,168,1.369047619047619,0.04512088427766636,672,I think I have an idea for a new cave painting.
4126,757,10,42,116,168,1.369047619047619,0.045904032474590635,672,"Sure, they're pests, but we'll be here long after they're gone!"
3599,757,12,38,118,168,1.369047619047619,0.047431552750122945,672,Can we keep 'em Dad? Pleeeaase?
3512,757,10,42,116,168,1.369047619047619,0.045904032474590635,672,The doctor said it should clear up by the next ice age.
3451,757,10,42,116,168,1.369047619047619,0.045904032474590635,672,I forgot to spray before I went out.
2726,757,8,46,114,168,1.369047619047619,0.04432390098545984,672,They’re foraging”
2612,757,11,40,117,168,1.369047619047619,0.04667404200257338,672,"I say we give them our invention of fire and the wheel, then I'm sure we can live on in peaceful coexistence."
5142,757,10,42,116,168,1.369047619047619,0.045904032474590635,672,"I guarantee, someday humans will talk about the elephant in the room."
1635,757,14,34,120,168,1.369047619047619,0.04891139126161839,672,I lost my flee collar!
1333,757,8,46,114,168,1.369047619047619,0.04432390098545984,672,It takes a village.
1134,757,11,40,117,168,1.369047619047619,0.04667404200257338,672,"They're a subspecies and won't amount to much unless the temperature picks up."""
282,757,11,40,117,168,1.369047619047619,0.04667404200257338,672,"On the plus side, my back pain is totally cured!"
215,757,11,40,117,168,1.369047619047619,0.04667404200257338,672,I can't wait until these little things are extinct.
4831,757,7,48,113,168,1.369047619047619,0.043512322382735856,672,Maybe I should eat more garlic.
2419,757,7,48,113,168,1.369047619047619,0.043512322382735856,672,I think it’s helping my back pain.
5138,776,9,31,93,133,1.368421052631579,0.05280218418878774,672,Just you wait until it's your turn to be the elephant in the room.
4209,777,15,30,118,163,1.3680981595092025,0.050714097209150294,672,"They called Uber, but were happy to get a Lyft."
5477,778,10,44,120,174,1.367816091954023,0.04481625577222157,672,Don't you just hate mankind?
525,778,16,32,126,174,1.367816091954023,0.04906262722045015,672,"I have no idea, but I'm getting a great back scratch."
4172,778,11,42,121,174,1.367816091954023,0.04555148240723305,672,"I call it ""Ride Sharing""."
4443,778,8,48,118,174,1.367816091954023,0.043308373847682456,672,I took the shortcut through the long grass again.
1127,778,11,42,121,174,1.367816091954023,0.04555148240723305,672,These guys are a mammoth pain!
4496,778,14,36,124,174,1.367816091954023,0.04768920059785337,672,Its hard to imagine that they survive us.
2531,784,10,42,117,169,1.3668639053254439,0.04568382382520252,672,"Well Joe, it's a symbiotic relationship that should insure our survival long into the future."
5334,784,18,26,125,169,1.3668639053254439,0.051483500117704,672,"Oh, they just run around, yelling Impeach! Impeach!"
4562,784,12,38,119,169,1.3668639053254439,0.04720059867799892,672,Only one survives the carnage and becomes their nominee.”
28,784,10,42,117,169,1.3668639053254439,0.04568382382520252,672,"Look, I just got home. I don't need you on my back too."
233,784,10,42,117,169,1.3668639053254439,0.04568382382520252,672,Wait till you see the vegans.
4367,784,13,36,120,169,1.3668639053254439,0.0479409938747227,672,"Nevertheless, they persist!"
2896,784,11,40,118,169,1.3668639053254439,0.04644840295884055,672,"Why worry? In 10,000 years we'll be extinct and they'll evolve into fleas."
424,791,8,50,122,180,1.3666666666666667,0.042354655255943036,672,It's hard to believe that we'll be the ones that end up extinct.
2920,792,9,41,111,161,1.3664596273291925,0.0463659499999034,672,"Yeah, but they’re so tiny. What's the worst they can do?"
2859,793,12,37,118,167,1.3652694610778444,0.04756481036578198,672,I could shake them off and crush them into extinction -- but what's their role in the ecosystem?
759,793,11,39,117,167,1.3652694610778444,0.04680028117693398,672,Get them some paint brushes.
2848,793,11,39,117,167,1.3652694610778444,0.04680028117693398,672,"Well, it all started when I ran into some guy named Gulliver."
3511,793,7,47,113,167,1.3652694610778444,0.043608334646821796,672,I stopped using repellant. I just wasn't comfortable with all those chemicals.
3640,793,11,39,117,167,1.3652694610778444,0.04680028117693398,672,On the up side the fleas are gone
4205,793,8,45,114,167,1.3652694610778444,0.044427825937827736,672,I still worry that prehistory will be painted by the survivors.
4943,793,13,35,119,167,1.3652694610778444,0.04831724383722153,672,My parents believed stomping Cro-Magnons caused autism.
2891,793,10,41,116,167,1.3652694610778444,0.04602305347700607,672,You musn't let the little pricks get under your skin
2025,793,14,33,120,167,1.3652694610778444,0.04905813815177093,672,I hope they go extinct before we do.
4173,793,13,35,119,167,1.3652694610778444,0.04831724383722153,672,"And if I hear ‘This is a mammoth task’ once more, I swear...."
47,793,11,39,117,167,1.3652694610778444,0.04680028117693398,672,It's called acupuncture.  They say it works wonders.
4472,804,14,41,134,189,1.3650793650793651,0.04495533069122325,672,They mistake forbearance for passivity
4286,805,11,36,112,159,1.3647798742138364,0.04839711110850822,672,They came with the coat
3701,806,11,38,116,165,1.3636363636363635,0.04715945266515449,672,I told you Skin-So-Soft doesn't work.
3444,806,11,38,116,165,1.3636363636363635,0.04715945266515449,672,How'd I get 'em?  Slept a night at one those cheap cave motels in L.A. by the La Brea Tar Pits
3235,806,9,42,114,165,1.3636363636363635,0.04556527532740437,672,The kids picked them up at school.
3210,806,9,42,114,165,1.3636363636363635,0.04556527532740437,672,It's less the sting than the annoying buzz in your ear.
3053,806,8,44,113,165,1.3636363636363635,0.04474689358664771,672,Nit Pickers.
3031,806,8,44,113,165,1.3636363636363635,0.04474689358664771,672,I was also skeptical about acupuncture at first.
2971,806,10,40,115,165,1.3636363636363635,0.046369215495515516,672,Do you ever get a stabbing pain in your back?
2828,806,14,32,119,165,1.3636363636363635,0.04945445850172783,672,Its fun to watch their reaction when I do snow angels.
2653,806,11,38,116,165,1.3636363636363635,0.04715945266515449,672,They're annoying as hell. What we need is another ice age...that'll kill them off.
2522,806,9,42,114,165,1.3636363636363635,0.04556527532740437,672,The acupuncturist gave me these to use at home.
2481,806,10,40,115,165,1.3636363636363635,0.046369215495515516,672,"Sorry , but the chimps do a far better job."
2445,806,8,44,113,165,1.3636363636363635,0.04474689358664771,672,My Doc said acupuncture might help my back pain.
3703,806,8,44,113,165,1.3636363636363635,0.04474689358664771,672,"Ick, the warmer it gets the more of these things pop up."
3777,806,9,42,114,165,1.3636363636363635,0.04556527532740437,672,"It's like Uber, but, you know, for fleas."
3837,806,9,42,114,165,1.3636363636363635,0.04556527532740437,672,"Hey, better call pest control. We've got humans again..."
3977,806,7,46,112,165,1.3636363636363635,0.043913262867240725,672,They can scratch my back anytime!
4024,806,10,40,115,165,1.3636363636363635,0.046369215495515516,672,They only get worse as the climate gets warmer.
4118,806,9,42,114,165,1.3636363636363635,0.04556527532740437,672,When was the last time we had the cave fumigated?
4165,806,8,44,113,165,1.3636363636363635,0.04474689358664771,672,Want to use your trunk or should I just roll over?
4371,806,9,42,114,165,1.3636363636363635,0.04556527532740437,672,"Hey,  squirt me, will you?"""
4597,806,11,38,116,165,1.3636363636363635,0.04715945266515449,672,"They're kind of annoying, but they have some pretty funny jokes."
4622,806,14,32,119,165,1.3636363636363635,0.04945445850172783,672,"Well, I was told I won't get rid of them until the heat and humidity are gone."
5449,806,10,40,115,165,1.3636363636363635,0.046369215495515516,672,"They're benign, just a strain of vegans."
5307,806,8,44,113,165,1.3636363636363635,0.04474689358664771,672,"Just like America's democracy, extinction by a thousand cuts."
2259,806,10,40,115,165,1.3636363636363635,0.046369215495515516,672,"Sorry hun, I thought I purchased the couples massages."
5065,806,12,36,117,165,1.3636363636363635,0.04793666452397724,672,Those large brains are not working for these guys!
4862,806,9,42,114,165,1.3636363636363635,0.04556527532740437,672,My health insurance just started covering acupuncture.
4757,806,6,48,111,165,1.3636363636363635,0.043063497601100544,672,"At first I thought they were cute, but they never calm down."
4628,806,9,42,114,165,1.3636363636363635,0.04556527532740437,672,I tried rolling in the mud but it only encouraged them.
2226,806,10,40,115,165,1.3636363636363635,0.046369215495515516,672,"I feel sorry for he little buggers, because how can such a small species survive in this world?"
1686,806,7,46,112,165,1.3636363636363635,0.043913262867240725,672,"I have just one word for you, Jake: Acupuncture."
2065,806,10,40,115,165,1.3636363636363635,0.046369215495515516,672,Damned stylist didn't sterilize her equipment and now look at me.
97,806,7,46,112,165,1.3636363636363635,0.043913262867240725,672,"My acupuncturist said to leave them on for a couple of years. Apparently, studies show they’re harmless."
144,806,10,40,115,165,1.3636363636363635,0.046369215495515516,672,They get to those hard-to-reach places.
228,806,10,40,115,165,1.3636363636363635,0.046369215495515516,672,"It looks weird, I know--but that pain in my foot is gone."
270,806,15,30,120,165,1.3636363636363635,0.05019614821583934,672,Beats me.  They came charging out of a hole in the mountain yelling and screaming gibberish and climbed all over me.
2072,806,3,54,108,165,1.3636363636363635,0.04040711986293776,672,Ever since the ice age ended these damned things have been all over the place!
481,806,11,38,116,165,1.3636363636363635,0.04715945266515449,672,I do not recommend that new chiropractor.
531,806,11,38,116,165,1.3636363636363635,0.04715945266515449,672,You're so paranoid. What harm could theses cute little humany things do to anything?
582,806,9,42,114,165,1.3636363636363635,0.04556527532740437,672,"I give them 10,000 years tops."
598,806,13,34,118,165,1.3636363636363635,0.048701474676766505,672,"I was going to shake them off, but then I thought better of it, they will be extinct soon enough"
640,806,12,36,117,165,1.3636363636363635,0.04793666452397724,672,"That's funny, my knee feels much better."
655,806,10,40,115,165,1.3636363636363635,0.046369215495515516,672,Where do you want the appetizers?
767,806,8,44,113,165,1.3636363636363635,0.04474689358664771,672,"Oh, I'm sure they'll go away on their own in a couple million years or so."
320,806,10,40,115,165,1.3636363636363635,0.046369215495515516,672,"I don't know if acupuncture works either, but what's the worst that can happen?"
958,806,10,40,115,165,1.3636363636363635,0.046369215495515516,672,"Do you have anything to treat my hominits?"""
878,806,10,40,115,165,1.3636363636363635,0.046369215495515516,672,The victor gets to do my portrait.
1924,806,7,46,112,165,1.3636363636363635,0.043913262867240725,672,I haven't the heart to tell them.
1832,806,9,42,114,165,1.3636363636363635,0.04556527532740437,672,That citronella candle isn't doing a damn thing!
1756,806,13,34,118,165,1.3636363636363635,0.048701474676766505,672,They are really just little pricks!
1880,806,12,36,117,165,1.3636363636363635,0.04793666452397724,672,Climate change will wipe out these suckers eventually.
1263,806,12,36,117,165,1.3636363636363635,0.04793666452397724,672,"Honey, we have humans again. Call the exterminator."
1063,806,11,38,116,165,1.3636363636363635,0.04715945266515449,672,The leader is a guy named Gulliver.
1046,806,13,34,118,165,1.3636363636363635,0.048701474676766505,672,"Yes, I will admit that it was a mammoth undertaking."
1679,806,4,52,109,165,1.3636363636363635,0.04131156213005277,672,"Oh yeah, every spring. Great for the pores."
747,861,10,41,117,168,1.3630952380952381,0.04579992320257528,672,I can see the writing on the wall...
5276,862,11,36,113,160,1.3625,0.04814768619087102,672,"It's definitely some sort of infestation, but I don't think it's life threatening."
2210,863,8,43,112,163,1.361963190184049,0.04507232516650727,672,Am I getting mandruff again?
2530,863,9,41,113,163,1.361963190184049,0.04590484569143322,672,Why would I throw them off? They're hunting lice.
2197,863,7,45,111,163,1.361963190184049,0.04422413519647879,672,"I know, they’re back, get the comb."
2834,863,10,39,114,163,1.361963190184049,0.04672253439180312,672,"It kind of like having a monkey on your back, only worse."
3393,863,9,41,113,163,1.361963190184049,0.04590484569143322,672,Last week from the Home Shopping Network. The whole set was $9.99.
3606,863,12,35,116,163,1.361963190184049,0.04831641485117751,672,"Yes, it was a good walk, and I picked up something on the way."
4113,863,9,41,113,163,1.361963190184049,0.04590484569143322,672,I thought I’d give acupuncture a shot.
5354,863,15,29,119,163,1.361963190184049,0.05061321003639147,672,Got DEET?
4324,863,10,39,114,163,1.361963190184049,0.04672253439180312,672,I should have known better than to use the organic caveman repellent. It never works as well as the regular kind.
2189,863,13,33,117,163,1.361963190184049,0.04909395386511477,672,I must have picked them up in Tijuana
5423,863,9,41,113,163,1.361963190184049,0.04590484569143322,672,Finally found the cavemen action figures little Johnny was asking for
5228,863,12,35,116,163,1.361963190184049,0.04831641485117751,672,Caveman acupuncture. It's the latest thing!
5400,863,8,43,112,163,1.361963190184049,0.04507232516650727,672,"Actually, it feels pretty good."
5128,863,10,39,114,163,1.361963190184049,0.04672253439180312,672,I’m letting them wipe themselves out.
4166,863,10,39,114,163,1.361963190184049,0.04672253439180312,672,I'm gonna order that pest collar from the Amazon.
1820,863,8,43,112,163,1.361963190184049,0.04507232516650727,672,"Forgot to put on repellent today, and now look."
204,863,7,45,111,163,1.361963190184049,0.04422413519647879,672,Could you please remind them it's 'Meatless Monday?'
1399,863,10,39,114,163,1.361963190184049,0.04672253439180312,672,You might want to get yourself tested.
261,863,11,37,115,163,1.361963190184049,0.047526156819504735,672,Don't wear any of my hats.
363,863,9,41,113,163,1.361963190184049,0.04590484569143322,672,The cure is worse than the fleas.
397,863,7,45,111,163,1.361963190184049,0.04422413519647879,672,"yeah, I work for Lyft now...these guys chose rideshare..."
1708,863,8,43,112,163,1.361963190184049,0.04507232516650727,672,"It's called acupuncture, it really helps with my migraines."
817,863,13,33,117,163,1.361963190184049,0.04909395386511477,672,My vet studied Eastern Medicine.
1096,863,12,35,116,163,1.361963190184049,0.04831641485117751,672,I'm more worried about climate change.
1343,863,10,39,114,163,1.361963190184049,0.04672253439180312,672,Do you have any bug spray left?
609,863,8,43,112,163,1.361963190184049,0.04507232516650727,672,Some days I hate being vegan.
4112,889,5,51,113,169,1.3609467455621302,0.04153568388857354,672,"Just got our extinction notice. Looks like we're not getting our deposit back, either."
2804,890,10,37,111,158,1.360759493670886,0.047698252707266665,672,There seems to be more of these things every year...
766,890,13,31,114,158,1.360759493670886,0.050169714734853876,672,Nothing to worry about.... just a bunch of little pricks.
2161,892,12,34,115,161,1.360248447204969,0.048704326455199544,672,"It's symbiotic: they scratch my back, I don't stomp them to death."
2943,892,8,42,111,161,1.360248447204969,0.04540432148202933,672,"They needed a ride, and who am I to say no?"
3044,892,14,30,117,161,1.360248447204969,0.0502731630053276,672,I think I lost my man collar.
3404,892,12,34,115,161,1.360248447204969,0.048704326455199544,672,Doc says I have 'fleanderthals'.
3564,892,10,38,113,161,1.360248447204969,0.04708324449683836,672,"I am not sure what is causing the itching,the Doctor called it Mandruff."
3806,892,10,38,113,161,1.360248447204969,0.04708324449683836,672,So they’ve got my back. Who’s got yours.
3865,892,13,32,116,161,1.360248447204969,0.049494961026426164,672,The doctor gave me a medicated shampoo and said we need to bomb the cave and spray the tundra.
3922,892,12,34,115,161,1.360248447204969,0.048704326455199544,672,Still think climate change is a hoax?
4564,892,11,36,114,161,1.360248447204969,0.04790064366897229,672,Amazon had these new back-scratchers.
4235,892,10,38,113,161,1.360248447204969,0.04708324449683836,672,I'm just glad they haven't invented  fire yet.
2061,892,7,44,110,161,1.360248447204969,0.04454113444548393,672,I thought they'd all gone extinct but I found a new species under my winter coat.
4623,892,8,42,111,161,1.360248447204969,0.04540432148202933,672,"Yes, but they think the world of me."
4758,892,5,48,108,161,1.360248447204969,0.04276252044238137,672,They are beginning to get under my skin!
4802,892,7,44,110,161,1.360248447204969,0.04454113444548393,672,I WILL try that shampoo.
4824,892,7,44,110,161,1.360248447204969,0.04454113444548393,672,"'They're temporary pests - they'll never survive global cooling."""
5040,892,9,40,112,161,1.360248447204969,0.0462514017170968,672,They call me Snow White.  I call them the seven dwarfs.
5480,892,8,42,111,161,1.360248447204969,0.04540432148202933,672,"I know it looks funny, but ever since my acupuncturist was eaten by the Tyrannosaurus Rex it’s all I can do."
4175,892,9,40,112,161,1.360248447204969,0.0462514017170968,672,The spray didn't work.
2040,892,9,40,112,161,1.360248447204969,0.0462514017170968,672,They’re just action figures I glued on to get me through the Pliocene in one piece.
2884,892,12,34,115,161,1.360248447204969,0.048704326455199544,672,They're my wooley bullies.
1887,892,12,34,115,161,1.360248447204969,0.048704326455199544,672,I got the part! I got the part!  I'm the lead in Snow White and the Seven Dwarfs!
75,892,12,34,115,161,1.360248447204969,0.048704326455199544,672,They're fighting over who gets me when I'm fossil fuel.
141,892,10,38,113,161,1.360248447204969,0.04708324449683836,672,You said we could adopt
182,892,7,44,110,161,1.360248447204969,0.04454113444548393,672,I think it's about time to change hair salons.
246,892,6,46,109,161,1.360248447204969,0.043660885310972335,672,"Don't worry, I'm sure they won't spread."
1029,892,9,40,112,161,1.360248447204969,0.0462514017170968,672,I'm sure they'll stop once they find out we're the last two of our species...
152,892,7,44,110,161,1.360248447204969,0.04454113444548393,672,My doc recommended this “new age” treatment for my back
1570,892,11,36,114,161,1.360248447204969,0.04790064366897229,672,-Should have called it Lice Age.
1658,892,10,38,113,161,1.360248447204969,0.04708324449683836,672,I finally remembered to bring home leftovers
1823,892,9,40,112,161,1.360248447204969,0.0462514017170968,672,It's called acupuncture. Apparently it's all the rage.
1053,892,11,36,114,161,1.360248447204969,0.04790064366897229,672,"they seem harmless now, but wait 2 or 3 thousand years, and then you've got real problems"
1965,892,9,40,112,161,1.360248447204969,0.0462514017170968,672,Is there something in my hair?
2252,924,10,35,108,153,1.3594771241830066,0.04873210033198207,672,I invited a few of the guys over.
311,925,6,48,113,167,1.3592814371257484,0.04265683842461917,672,I can't wait until they're extinct.
3052,926,10,31,101,142,1.3591549295774648,0.05129581408828782,672,"If they keep sticking me with those little pokies, somebody's going to be going extinct."
2656,927,10,37,112,159,1.3584905660377358,0.047451590496458834,672,"Sorry I’m going to be late on my rent again Karen, I just feel like I’ve got a lot riding on my shoulders."
1974,927,7,43,109,159,1.3584905660377358,0.04486445088200232,672,Honey... I think I’ve contracted humans...
1365,927,10,37,112,159,1.3584905660377358,0.047451590496458834,672,They keep my wool from getting tangled
1324,927,10,37,112,159,1.3584905660377358,0.047451590496458834,672,Their words hurt the most...
584,927,9,39,111,159,1.3584905660377358,0.04660517079406119,672,"Well, that’s it. The doctor says I have humans."
177,927,7,43,109,159,1.3584905660377358,0.04486445088200232,672,I shampoo three times a week and still can't get rid of them.
5105,927,14,29,116,159,1.3584905660377358,0.050696148021754615,672,"Bad news babe, I have caveman lice again."
4530,927,12,33,114,159,1.3584905660377358,0.049100676496802345,672,"Forget the elephant, I’m the mammoth in the room."
5380,935,8,43,114,165,1.3575757575757577,0.044631624475142136,672,Be honest—does this pack of hunters make me look fat?
4516,936,11,33,110,154,1.3571428571428572,0.049338697349603736,672,"‘Mark, what is a “cootie”?’"
2944,937,11,34,112,157,1.356687898089172,0.04867402231782082,672,It's worth the wait. They do a fabulous cut and comb out here.
2841,937,9,38,110,157,1.356687898089172,0.04696639025877447,672,They're on the Paleo diet.
2839,937,11,34,112,157,1.356687898089172,0.04867402231782082,672,Mom put the medicine between my shoulder blades so they should start falling off soon.
2433,937,10,36,111,157,1.356687898089172,0.047827828000732084,672,"So Ted, what do you know about squatters rights?"
2399,937,9,38,110,157,1.356687898089172,0.04696639025877447,672,They itch.
2889,937,8,40,109,157,1.356687898089172,0.04608885436427551,672,I know. I know. You warned me about picking up hitchhikers.
4302,937,14,28,115,157,1.356687898089172,0.05112864559696492,672,I liked it better when there were monkeys on my back.
4188,937,8,40,109,157,1.356687898089172,0.04608885436427551,672,Do you remember where we put the Cro-Magnon powder?
3846,937,9,38,110,157,1.356687898089172,0.04696639025877447,672,OMG. I am so over piercings.
3506,937,9,38,110,157,1.356687898089172,0.04696639025877447,672,Doctor asked me to rate my pain 1-10. I said 7!
3492,937,8,40,109,157,1.356687898089172,0.04608885436427551,672,"Being so divisive, they ignore the elephant in the living room."
3484,937,11,34,112,157,1.356687898089172,0.04867402231782082,672,"I know, I know, never pick up hitchhikers."
3216,937,8,40,109,157,1.356687898089172,0.04608885436427551,672,Thank God I got immunized this year.
2277,937,11,34,112,157,1.356687898089172,0.04867402231782082,672,I say we just outlast them.
3016,937,9,38,110,157,1.356687898089172,0.04696639025877447,672,How come the picnic is always on me?”
1987,937,9,38,110,157,1.356687898089172,0.04696639025877447,672,My acupuncturist prescribed them for me.
3213,937,7,42,108,157,1.356687898089172,0.045194282595072695,672,"Not to worry,they are destined for extinction soon enough."
1896,937,13,30,114,157,1.356687898089172,0.050323742738909376,672,Something called acupuncture.
1730,937,11,34,112,157,1.356687898089172,0.04867402231782082,672,How is it possible that we're the endangered ones?
1610,937,10,36,111,157,1.356687898089172,0.047827828000732084,672,You said you'd feed them and take them for walks and brush their teeth! This is the last time Henry!!
1524,937,15,26,116,157,1.356687898089172,0.051921072002686426,672,Somehow they’ve already invented racism
906,937,12,32,113,157,1.356687898089172,0.04950575487682039,672,Oh that? Mandruff...it’s driving me to extinction!!
896,937,11,34,112,157,1.356687898089172,0.04867402231782082,672,The doctor says it's pygmies.
870,937,10,36,111,157,1.356687898089172,0.047827828000732084,672,I don’t like the way this is evolving.
1961,937,13,30,114,157,1.356687898089172,0.050323742738909376,672,"""Getting these Neanderthals out of my hair is a mammoth task."
2842,962,7,43,110,160,1.35625,0.04463943158465684,672,"Don't worry, these aren't the kind that cause Lyme disease."
5143,963,8,39,108,155,1.3548387096774193,0.04644183670341151,672,Artists!! They need inspiration before they will paint our cave.
4743,963,8,39,108,155,1.3548387096774193,0.04644183670341151,672,"They’re Neanderthals, whaddya expect?"
4620,963,10,35,110,155,1.3548387096774193,0.048212224150199594,672,"Fannie, we are just too big to fail."
3000,963,10,35,110,155,1.3548387096774193,0.048212224150199594,672,"This'd be a great opportunity, if we weren't herbivores."
2771,963,9,37,109,155,1.3548387096774193,0.04733530793126538,672,That's one small prick for the little men  and one giant prick for me.
5421,963,7,41,107,155,1.3548387096774193,0.045530835878830146,672,"hey Joe,you think we should tell them about the climate change thing?"
2151,963,5,45,105,155,1.3548387096774193,0.04365183449412199,672,You gotta try it. I’m tellin’ you the only thing that helps my mammoth headaches is acupuncture.
953,963,13,29,113,155,1.3548387096774193,0.05075214378913674,672,The doctor said it should clear up in a few hundred millennia
784,963,10,35,110,155,1.3548387096774193,0.048212224150199594,672,I brought some friends home for dinner.
1203,963,7,41,107,155,1.3548387096774193,0.045530835878830146,672,"It's the perfect snack, toothpicks included."
200,963,10,35,110,155,1.3548387096774193,0.048212224150199594,672,They'll never draw it like this.
145,963,5,45,105,155,1.3548387096774193,0.04365183449412199,672,"They're annoying, but my joints feel amazing."
702,963,7,41,107,155,1.3548387096774193,0.045530835878830146,672,"I know it's crazy, but somehow the pain in my hip is gone."""
2824,976,9,35,106,150,1.3533333333333333,0.04836167494288357,672,Woolly mammoths go extinct? I don’t think so.
4540,976,8,37,105,150,1.3533333333333333,0.047427483010045526,672,These are the artists I was telling you about
907,978,13,28,112,153,1.3529411764705883,0.05119032745195421,672,You ever get the feeling people are taking jabs at you behind your back?
4316,978,8,38,107,153,1.3529411764705883,0.04680227627595454,672,What happened to the guys you hired to clean between your toes?
3795,978,8,38,107,153,1.3529411764705883,0.04680227627595454,672,I haven't had the heart to tell them that it doesn't hurt.
3744,978,7,40,106,153,1.3529411764705883,0.04587432563651779,672,Pesky little bastards. There’s no way they will survive as a species.
3644,978,9,36,108,153,1.3529411764705883,0.04771218268551839,672,"Yeah, I got tested to be safe - but I am pretty sure I know what it is."
2775,978,6,42,105,153,1.3529411764705883,0.04492721269564549,672,They’re cuter when they’re little.
1261,978,8,38,107,153,1.3529411764705883,0.04680227627595454,672,I'm hopping they'll go extinct soon.
1158,978,11,32,110,153,1.3529411764705883,0.04948182495247411,672,I’ve got humans again.
4615,978,7,40,106,153,1.3529411764705883,0.04587432563651779,672,"Honey, I thought they already sprayed for these."
4977,978,10,34,109,153,1.3529411764705883,0.048605058261684916,672,"Maybe I'm just paranoid, but it feels like they've been talking about me behind my back."
4544,978,14,26,113,153,1.3529411764705883,0.052023542138572236,672,I'm hosting a summit.
852,978,9,36,108,153,1.3529411764705883,0.04771218268551839,672,"If hippos can use birds, I can use Neanderthals."
2630,990,11,31,109,151,1.3509933774834437,0.049899391491588285,672,How come these idiots get to survive the Ice Age?
2092,990,7,39,105,151,1.3509933774834437,0.04622497580560304,672,"Don't worry, as soon as the weather gets extreme, they disappear."
5576,990,6,41,104,151,1.3509933774834437,0.04525978532293358,672,I'm gonna wash Man right out of my hair.
4778,990,6,41,104,151,1.3509933774834437,0.04525978532293358,672,No . . . I haven't had a bath in months. Why do you ask?
4281,990,7,39,105,151,1.3509933774834437,0.04622497580560304,672,"Yes, they are cute, but they have no future."
3491,990,9,35,107,151,1.3509933774834437,0.04809728505570444,672,Why me? There' s more than one elephant in this room.
3070,990,11,31,109,151,1.3509933774834437,0.049899391491588285,672,I used to be able to get rid of them. I think they've evolved.
2121,990,11,31,109,151,1.3509933774834437,0.049899391491588285,672,"I thought it was weird at first too, but when they hit the right spot, it’s just DIVINE!"
4724,998,6,42,106,154,1.3506493506493507,0.044693324022284334,672,CBD wasn't helping so my doctor recommended I try acupuncture
2663,998,10,34,110,154,1.3506493506493507,0.04834276536830878,672,I'm betting that this ride sharing concept has a future.
2558,998,8,38,108,154,1.3506493506493507,0.0465538192612392,672,"Eh, at least they keep the ticks off me."
2465,998,11,32,111,154,1.3506493506493507,0.04921285808890771,672,The village had a free acupuncture special.
2214,998,12,30,112,154,1.3506493506493507,0.05006783237870982,672,"I'm telling you Jean-Paul, acupuncture is fabulous for an existential crisis, you should totally try it."
1741,998,9,36,109,154,1.3506493506493507,0.04745672266003775,672,Wool itches.
695,998,8,38,108,154,1.3506493506493507,0.0465538192612392,672,Now watch what happens when I roll over!
567,998,11,32,111,154,1.3506493506493507,0.04921285808890771,672,I asked for a shampoo scented with Spearmint but got spearmen scent instead.
232,998,11,32,111,154,1.3506493506493507,0.04921285808890771,672,They are so cute I adopted the whole litter.
4198,998,9,36,109,154,1.3506493506493507,0.04745672266003775,672,"Yeah, I stopped to play with the neighbor kids. How'd you guess?"
4492,998,7,40,107,154,1.3506493506493507,0.04563305435739002,672,They convinced me it's more dignified than becoming extinct.
4929,998,10,34,110,154,1.3506493506493507,0.04834276536830878,672,Never walk under a ladder.
5252,998,6,42,106,154,1.3506493506493507,0.044693324022284334,672,"Yeah, they're a dance troupe from out west. They needed a practice space."
3066,998,9,36,109,154,1.3506493506493507,0.04745672266003775,672,"Apparently, we’re endangered, but I can’t see how."
3830,998,6,42,106,154,1.3506493506493507,0.044693324022284334,672,Meet my groomers.
887,1013,10,41,123,174,1.3505747126436782,0.04450203685889274,672,I'm trying to get them to scratch that spot that drives me nuts.
4784,1014,8,41,114,163,1.3496932515337423,0.04482940162905899,672,Why don't we cuddle anymore?
3152,1015,9,35,108,152,1.3486842105263157,0.04783557547865815,672,I heard tobacco gets rid of them.
1580,1015,7,39,106,152,1.3486842105263157,0.045977880876493744,672,"I wished they made a collar for these things."""
4461,1017,10,27,98,135,1.348148148148148,0.05290720990545556,672,I Googled Amazon itch and they got here the next day.
1402,1018,8,40,113,161,1.3478260869565217,0.04515404066751763,672,"They're supposed to clean my fur, but all they do is fight"""
18,1019,6,38,100,144,1.3472222222222223,0.04655940516635578,672,"The doctor says it's just a bad case of ""the humans"", and if it doesn't kill me, it'll only make me stronger."
3649,1020,13,25,109,147,1.346938775510204,0.05256717879715258,672,Well it started about 80 years ago so I went to my gynecologist. She recommended I get  a paleontologic examination. Then I was advised to get a mammoth reductive intervention (MRI). I was feeling extinct. In desperation I’m now trying axupuncture.
3048,1020,8,35,104,147,1.346938775510204,0.04793087195236534,672,Yet another invasive species.  Maybe they'll die off with a hard winter.
2441,1020,11,29,107,147,1.346938775510204,0.050763494427203314,672,They call themselves commuters and they are always complaining
2194,1020,4,43,100,147,1.346938775510204,0.04387045299118565,672,Would you mind running down to PetSmart and getting me some people powder?
2123,1020,9,33,105,147,1.346938775510204,0.048893316989437274,672,"The thing is, they have a point."
1509,1020,9,33,105,147,1.346938775510204,0.048893316989437274,672,"It's OK. It's something they call ""hunting""."
1175,1020,8,35,104,147,1.346938775510204,0.04793087195236534,672,I call it.... acupuncture
809,1020,6,39,102,147,1.346938775510204,0.045945539129309786,672,They're so primitive.  We'll be here long after they're gone.
950,1020,11,29,107,147,1.346938775510204,0.050763494427203314,672,I really should've gotten vaccinated.
2463,1029,12,28,110,150,1.3466666666666667,0.05093019890328443,672,My doctor said not to bother with the ointment now that they've discovered religion.
1274,1029,7,38,105,150,1.3466666666666667,0.04632988093297065,672,these dimwits will eventually destroy the whole planet.
606,1029,5,42,103,150,1.3466666666666667,0.044356363129062854,672,Don't worry about them.  They're just grad students researching why we're going extinct.
692,1029,10,32,108,150,1.3466666666666667,0.04914177696321292,672,I’ve tried powders and flea spray but they seem harmless for now.
1835,1029,13,26,111,150,1.3466666666666667,0.05180126078524624,672,They're picadors.  They think I'm a bull.
2792,1034,10,35,114,159,1.3459119496855345,0.047202971121912136,672,My acupuncturist recommended them as a supplement between treatments.
3159,1035,12,33,120,165,1.3454545454545455,0.047599078179091814,672,Cavemen season is so pesky.
2685,1036,12,26,107,145,1.3448275862068966,0.05213755600019185,672,Know any place in Lilliput that sells hunter-gatherer repellent?
1915,1036,11,28,106,145,1.3448275862068966,0.0512107342757367,672,"Well, I guess that that's what happens when you check into a cheap hotel."
1978,1036,9,32,104,145,1.3448275862068966,0.04930485192994763,672,This acupuncture has done wonders to my back.
1788,1036,5,40,100,145,1.3448275862068966,0.04525291881615983,672,They say taking a tar pit bath gets rid of them.
3225,1036,9,32,104,145,1.3448275862068966,0.04930485192994763,672,My skin’s microbiome seems to be going macro. That’s evolution for ya.
3907,1036,10,30,105,145,1.3448275862068966,0.050266826679700866,672,"Don't worry. They'll die from climate change, too."
3471,1036,10,30,105,145,1.3448275862068966,0.050266826679700866,672,Would you mind hosing me down?
5074,1036,8,34,103,145,1.3448275862068966,0.04832373105650094,672,They're great at multi-tusking.
1613,1036,11,28,106,145,1.3448275862068966,0.0512107342757367,672,I think they have a future. Don't you?
2909,1036,4,42,99,145,1.3448275862068966,0.0441819105604197,672,I’m so tired of being treated like a piece of meat
1273,1036,6,38,101,145,1.3448275862068966,0.046299158761201914,672,"Yeah, pretty good. Yourself?"
901,1036,9,32,104,145,1.3448275862068966,0.04930485192994763,672,"I had a Groupon, thought I'd give them a try."
543,1036,10,30,105,145,1.3448275862068966,0.050266826679700866,672,"It pinches a tad, but my neck hasn't felt this good in ages."
296,1036,7,36,102,145,1.3448275862068966,0.04732227321894,672,"Flintstones, Meet the Flintstones..."
259,1036,9,32,104,145,1.3448275862068966,0.04930485192994763,672,Got them from a toilet seat...
1329,1051,8,35,105,148,1.3445945945945945,0.04766359355101678,672,I'm afraid I need to re-home my humans- all they do is fight.
535,1051,9,33,106,148,1.3445945945945945,0.04861837938016613,672,Oy Vey!  Flea Season!
2421,1051,10,31,107,148,1.3445945945945945,0.0495547724937871,672,"They're like fleas, only chewier."
5297,1054,8,40,115,163,1.343558282208589,0.044699649109079774,672,Don't worry. They'll be gone after winter.
3065,1055,9,31,103,143,1.3426573426573427,0.049725826744801964,672,"You had some of these parasites once, how did you get rid of them?"
2977,1055,5,39,99,143,1.3426573426573427,0.04559260488824829,672,"A couple of ""roll overs"" and they're usually gone for a couple of days."
2458,1055,6,37,100,143,1.3426573426573427,0.046660247285408345,672,Feels good up there; as long as they don't discover my soft underbelly I am okay with them.
5245,1055,4,41,98,143,1.3426573426573427,0.04449935464988662,672,Would would you take a look at my back? I think I might have picked up fleas or something.
2033,1055,7,35,101,143,1.3426573426573427,0.047704001226050126,672,The little buggers are starting to tick me off.
5531,1055,9,31,103,143,1.3426573426573427,0.049725826744801964,672,"I know they look like fleas, but they keep screaming they are to be the Lords of the Universe."
3825,1055,6,37,100,143,1.3426573426573427,0.046660247285408345,672,I should just roll over and kill them but it actually feels kind of nice.
1966,1055,10,29,104,143,1.3426573426573427,0.05070651734928753,672,"Don't worry, they will kill each other soon"
685,1055,8,33,102,143,1.3426573426573427,0.04872540188869176,672,I hope they're not poisonous...
256,1055,9,31,103,143,1.3426573426573427,0.049725826744801964,672,Still more pleasant than the mosquitoes.
3266,1065,8,34,104,146,1.3424657534246576,0.04804968708871018,672,Feels great! They scratch my itch and then I just hose them off.
3843,1066,9,30,102,141,1.3404255319148937,0.05015658079621688,672,I had a mammoth headache 'til they started working on my qi.
4348,1066,9,30,102,141,1.3404255319148937,0.05015658079621688,672,"If this is the best they've got, they' will be extinct before you can say brontosaurus."
4588,1066,6,36,99,141,1.3404255319148937,0.047029046656149404,672,It’s a hoax...a nothingburger...we’re too big to fail...
4949,1066,8,32,101,141,1.3404255319148937,0.04913619312252135,672,"We'll be extinct, and they'll still be fighting."
5041,1066,7,34,100,141,1.3404255319148937,0.04809416130862452,672,I'm beginning to have doubts about this exterminator service.
5239,1066,6,36,99,141,1.3404255319148937,0.047029046656149404,672,I think I’ll try a bath at the tar pits.
2297,1066,7,34,100,141,1.3404255319148937,0.04809416130862452,672,I told them to get off my back but they just don’t listen.
3241,1066,6,36,99,141,1.3404255319148937,0.047029046656149404,672,"The hunting thing wasn't working out, so they went to acupuncture school."
3092,1066,7,34,100,141,1.3404255319148937,0.04809416130862452,672,"They fight, I get a message. It’s a win-win."
2998,1066,5,38,98,141,1.3404255319148937,0.045939243646283066,672,"It's not so bad, eventually they just kill themselves."
2994,1066,6,36,99,141,1.3404255319148937,0.047029046656149404,672,Annoying sure. It's not like the little suckers are going to take over the world.
2506,1066,10,28,103,141,1.3404255319148937,0.0511566195106865,672,Tuesday morning acupuncture appointment.
2444,1066,7,34,100,141,1.3404255319148937,0.04809416130862452,672,I'm sure they'll be extinct soon.
3566,1066,9,30,102,141,1.3404255319148937,0.05015658079621688,672,"Oh, yes. Acupuncture is just heaven!"
1630,1066,7,34,100,141,1.3404255319148937,0.04809416130862452,672,"They scratch my back, I scratch theirs."
1964,1066,7,34,100,141,1.3404255319148937,0.04809416130862452,672,I think they make me look modern.
1344,1066,4,40,97,141,1.3404255319148937,0.04482295153377163,672,An Asian elephant told me this would help with my sciatica.
1306,1066,9,30,102,141,1.3404255319148937,0.05015658079621688,672,They got rid of my fleas but I can't bring myself to announce layoffs.
1221,1066,7,34,100,141,1.3404255319148937,0.04809416130862452,672,I hired them to paint my portrait -- now we're haggling about the  price.
1075,1066,7,34,100,141,1.3404255319148937,0.04809416130862452,672,I'm betting they'll disappear once the weather changes.
425,1066,12,24,105,141,1.3404255319148937,0.05310022565817011,672,They’re not as bad as ticks.
240,1066,9,30,102,141,1.3404255319148937,0.05015658079621688,672,"They're still there, aren't they?"
119,1066,11,26,104,141,1.3404255319148937,0.0521374802071875,672,"A little lower and to the right...ah, that's it, right there, don't stop!"
1385,1066,6,36,99,141,1.3404255319148937,0.047029046656149404,672,"I swear, these things are some of the dumbest creatures on the planet."
255,1090,7,35,102,144,1.3402777777777777,0.04743129252027798,672,I don't believe in evolution.
1407,1090,8,33,103,144,1.3402777777777777,0.04844432482003723,672,They've been arguing all the way home from the Flintstones.
121,1092,7,38,108,153,1.3398692810457515,0.045585476451347896,672,Did I mention I'm hosting the Olympics?
4614,1093,4,38,94,136,1.338235294117647,0.04575746928240326,672,Don't worry. This lot are about to go extinct.
2022,1094,9,29,101,139,1.3381294964028776,0.05059746964393502,672,That's what I get for switching to a Paleo diet.
3263,1094,5,37,97,139,1.3381294964028776,0.04629304781657476,672,"Whatever you do, don't go outside."
3383,1094,5,37,97,139,1.3381294964028776,0.04629304781657476,672,Sometimes you just want to jump in a lake.
3113,1094,8,31,100,139,1.3381294964028776,0.049556427633694645,672,I should have stayed in a more expensive hotel.
3753,1094,6,35,98,139,1.3381294964028776,0.04740580861775263,672,"I know you're not into Eastern medicine, but the pain in my hip is gone and I have so much more energy."
2800,1094,9,29,101,139,1.3381294964028776,0.05059746964393502,672,"Dear,I thought we could try these for appetizers!"
3755,1094,8,31,100,139,1.3381294964028776,0.049556427633694645,672,So then the nurse gave me some special shampoo and a tiny comb.
2611,1094,10,27,102,139,1.3381294964028776,0.05161751978664064,672,"If I didn't feel an overriding obligation to foster an emerging superior species, I would have stomped them all into the mud years ago."
2257,1094,8,31,100,139,1.3381294964028776,0.049556427633694645,672,"They told me to try acupuncture, but I don't think it's working."
2213,1094,5,37,97,139,1.3381294964028776,0.04629304781657476,672,What a bunch of Neanderthals! When will they grow up?!
2813,1094,8,31,100,139,1.3381294964028776,0.049556427633694645,672,They asked if we would pose for cave pics.
3863,1094,7,33,99,139,1.3381294964028776,0.04849304182311418,672,I miss the monkey...
4726,1094,4,39,96,139,1.3381294964028776,0.04515287213004689,672,"Relax,I'm sure they're not contagious."
4100,1094,8,31,100,139,1.3381294964028776,0.049556427633694645,672,Gentrification hurts.
4164,1094,9,29,101,139,1.3381294964028776,0.05059746964393502,672,Is that paleo diet STILL a thing?
4275,1094,5,37,97,139,1.3381294964028776,0.04629304781657476,672,My feelings about them are still evolving
4709,1094,7,33,99,139,1.3381294964028776,0.04849304182311418,672,Scientists say they’ll be the only things left after the big one
5068,1094,11,25,103,139,1.3381294964028776,0.05261779892279371,672,"Hey mom, the school nurse gave me a note."
5434,1094,13,21,105,139,1.3381294964028776,0.054563372261895386,672,I swear she told me she was clean.
5306,1094,7,33,99,139,1.3381294964028776,0.04849304182311418,672,At least they don't cause climate change.
5243,1094,10,27,102,139,1.3381294964028776,0.05161751978664064,672,I’ll make an appointment to get the place fumigated.
5141,1094,7,33,99,139,1.3381294964028776,0.04849304182311418,672,They're just an annoyance. I suspect they will soon be extinct.
5121,1094,10,27,102,139,1.3381294964028776,0.05161751978664064,672,The fire ants were worse.
4063,1094,8,31,100,139,1.3381294964028776,0.049556427633694645,672,"Once I shake them off, will you help me stomp 'em?"
1972,1094,5,37,97,139,1.3381294964028776,0.04629304781657476,672,Primates groom each other; what I wouldn’t give for you to have thumbs....
3350,1094,8,31,100,139,1.3381294964028776,0.049556427633694645,672,I call them lawyers.
366,1094,6,35,98,139,1.3381294964028776,0.04740580861775263,672,I'm just hoping they don't spread.
1893,1094,9,29,101,139,1.3381294964028776,0.05059746964393502,672,I could have sworn you said Swift was a satirist.
114,1094,10,27,102,139,1.3381294964028776,0.05161751978664064,672,Yeah they itch like crazy.  But it is the pre-linguistic grunting that really annoys you.
235,1094,2,43,94,139,1.3381294964028776,0.04278145664282296,672,"My plan covers acupuncture, so I thought I'd give it a go."
515,1094,11,25,103,139,1.3381294964028776,0.05261779892279371,672,I'm not sure what's thicker - my hide or their skulls.
554,1094,8,31,100,139,1.3381294964028776,0.049556427633694645,672,May I borrow your flea powder?
824,1094,5,37,97,139,1.3381294964028776,0.04629304781657476,672,Yesterday..I only had 4 of them..what gives?
981,1094,9,29,101,139,1.3381294964028776,0.05059746964393502,672,"The doctor said 'don't worry, it won't evolve to much.'"
1002,1094,7,33,99,139,1.3381294964028776,0.04849304182311418,672,Watch what happens to these idiots when I sit down.
748,1094,9,29,101,139,1.3381294964028776,0.05059746964393502,672,"I used to think acupuncture was a scam, too, but I swear my sciatica is gone."
1416,1094,10,27,102,139,1.3381294964028776,0.05161751978664064,672,"At first I was annoyed, but it always itches where I can't reach it myself."
1448,1094,10,27,102,139,1.3381294964028776,0.05161751978664064,672,They make the best nitpickers.
1793,1094,9,29,101,139,1.3381294964028776,0.05059746964393502,672,I knew I shouldn't have tweeted that.
1511,1094,8,31,100,139,1.3381294964028776,0.049556427633694645,672,"YOU SHOULD TRY A FEW OF THESE THINGS TO STAY AWAKE,THEY'RE BETTER THAN COFFEE"
1725,1094,7,33,99,139,1.3381294964028776,0.04849304182311418,672,"Nah, it doesn't hurt,
But ""Slay the beast!"" Gets a little tiresome."
1321,1094,4,39,96,139,1.3381294964028776,0.04515287213004689,672,It's much worse getting them as an adult
1726,1094,8,31,100,139,1.3381294964028776,0.049556427633694645,672,"Oh, so you think this is funny?"
1762,1094,7,33,99,139,1.3381294964028776,0.04849304182311418,672,Extinction is starting to look pretty good.
495,1138,10,28,104,142,1.3380281690140845,0.050851626499619204,672,They're just little wooly bullies.
2708,1138,6,36,100,142,1.3380281690140845,0.046758180398606075,672,"Because I didn't want to get autism, Jeff."
642,1140,12,26,110,148,1.337837837837838,0.051234129470689956,672,It's just some of the Democratic candidates for President.
2332,1141,7,31,96,134,1.335820895522388,0.04962436595252059,672,I got them from a traveling mastodon.
2302,1142,10,26,101,137,1.3357664233576643,0.05208962396417183,672,I usually eat these guys like popcorn but todays is their annual spear the flea derby so I'm cutting them some slack
2986,1142,5,36,96,137,1.3357664233576643,0.046654237641932904,672,"I miss the old days when my fleas were just quiet, humble, little blood thugs."
2734,1142,6,34,97,137,1.3357664233576643,0.047790795106439944,672,‘It’s a symbiotic relationship - I keep them safe from saber-tooth tigers and they provide acupuncture for my sore back.’
3895,1142,7,32,98,137,1.3357664233576643,0.04890094379315699,672,There was a great groupon this week for accupuncture
3585,1142,9,28,100,137,1.3357664233576643,0.05104886597930505,672,...and they work for peanuts.
4323,1142,9,28,100,137,1.3357664233576643,0.05104886597930505,672,They're doing wonders for my sciatica.
4383,1142,9,28,100,137,1.3357664233576643,0.05104886597930505,672,"I thought it was acupuncture, not actual puncture."
4676,1142,12,22,103,137,1.3357664233576643,0.05411112028631799,672,"Before you say I told you so, you should know that I only went that way because Whole Foods was out of your creamer."
4940,1142,8,30,99,137,1.3357664233576643,0.04998644327032355,672,I’m feeling so attacked right now.
2216,1142,6,34,97,137,1.3357664233576643,0.047790795106439944,672,"No, they're humans, but they're still good at hunting fleas."
5196,1142,8,30,99,137,1.3357664233576643,0.04998644327032355,672,The doctor says they should disappear during the next ice age
5503,1142,2,42,93,137,1.3357664233576643,0.04306496568073199,672,Did you ever have one of those days?
4102,1142,8,30,99,137,1.3357664233576643,0.04998644327032355,672,That mandruff shampoo isn't what it's cracked up to be.
2101,1142,6,34,97,137,1.3357664233576643,0.047790795106439944,672,"Irritating, but they’re on the endangered species list."
1099,1142,7,32,98,137,1.3357664233576643,0.04890094379315699,672,Thought I'd give acupuncture a try.
1977,1142,7,32,98,137,1.3357664233576643,0.04890094379315699,672,I'm tellin' ya—this acupuncture stuff has done wonders for my extinction anxiety.
2015,1142,8,30,99,137,1.3357664233576643,0.04998644327032355,672,The doctor says they're very hard to get rid of.
88,1142,7,32,98,137,1.3357664233576643,0.04890094379315699,672,"You know, everyone kept tell me to do it, so I finally decided to try acupuncture."
223,1142,7,32,98,137,1.3357664233576643,0.04890094379315699,672,"I know, I was skeptical too, but it really does relieve stress."
873,1142,11,24,102,137,1.3357664233576643,0.05310999088386854,672,"A real deal.  One Day delivery, back scratchers from Amazon"
1500,1142,4,38,95,137,1.3357664233576643,0.04548929195969282,672,They're here for my weekly acupuncture treatment
1842,1142,8,30,99,137,1.3357664233576643,0.04998644327032355,672,"I borrowed Jimmy’s comb, it was picture day what was I supposed to do?"
760,1142,7,32,98,137,1.3357664233576643,0.04890094379315699,672,Oh great. I tell them if they kill me we’re extinct. Then you show up.
4130,1165,8,30,100,138,1.3333333333333333,0.0496825140124427,672,"It's cheaper than acupuncture, but the needles are a little dull."
4036,1165,7,32,99,138,1.3333333333333333,0.04860623083308938,672,Hiring the 'Flea Patrol' has solved the problem!
4011,1165,6,34,98,138,1.3333333333333333,0.04750556970506273,672,They work much better than that spray-on flea powder.
3963,1165,10,26,102,138,1.3333333333333333,0.05176799439992394,672,I forgot to put on repellant before I left.
3911,1165,7,31,97,135,1.3333333333333333,0.04931818152870151,672,"On second thought, I'll take some of that Frontline."
3857,1165,11,24,103,138,1.3333333333333333,0.052779842430491886,672,"Oh honey, you’ve got humans again!
Don’t come near me until you’ve taken a hot shower with the special shampoo!"
3712,1165,10,26,102,138,1.3333333333333333,0.05176799439992394,672,To think we may someday become extinct due to these pesky critters is so depressing
3696,1165,8,30,100,138,1.3333333333333333,0.0496825140124427,672,They say you can get them if you walk through the tall grass.
3635,1165,7,32,99,138,1.3333333333333333,0.04860623083308938,672,"...so yeah, I guess I hear voices now."
3516,1165,4,38,96,138,1.3333333333333333,0.045223955017319996,672,"I always thought the birds were helpful, but this acupuncture really works."
3483,1165,11,24,103,138,1.3333333333333333,0.052779842430491886,672,I forgot to apply anti-caveman spray this morning.
3481,1165,8,30,100,138,1.3333333333333333,0.0496825140124427,672,Chiropractic didn't work so I thought I'd try acupuncture.
3007,1165,13,20,105,138,1.3333333333333333,0.054747463983106495,672,This DIY  acupuncture kit is getting a zero stars review!
3073,1165,10,26,102,138,1.3333333333333333,0.05176799439992394,672,Your school nurse called again. Says this time you can't come back for ages.
3115,1165,9,28,101,138,1.3333333333333333,0.05073597068543737,672,Don't worry -- They'll be extinct before you know it!
3307,1165,11,24,103,138,1.3333333333333333,0.052779842430491886,672,They won't survive climate change.
3370,1165,7,32,99,138,1.3333333333333333,0.04860623083308938,672,These pesky humans will be the end of us yet!
3375,1165,10,25,100,135,1.3333333333333333,0.05257335815637598,672,One of them is named Hannibal and he keeps talking about a trip to Switzerland.
3411,1165,4,38,96,138,1.3333333333333333,0.045223955017319996,672,Give them 5 more minutes. They still haven’t found the right spot.
3973,1165,4,36,92,132,1.3333333333333333,0.04646498171103417,672,Don't knock acupuncture unless you've tried it.
3421,1165,4,38,96,138,1.3333333333333333,0.045223955017319996,672,"On the plus side, my back pain is gone."
5312,1165,9,28,101,138,1.3333333333333333,0.05073597068543737,672,Where's the bug spray?
4314,1165,10,26,102,138,1.3333333333333333,0.05176799439992394,672,The stabbing pain in my back has only gotten worse since the Stone Age.
2978,1165,9,28,101,138,1.3333333333333333,0.05073597068543737,672,"Savor these times, Ralph, because someday being hunted will not be fashionable."
5376,1165,6,34,98,138,1.3333333333333333,0.04750556970506273,672,"I know it looks crazy...
But viola
My back doesn’t itch anymore!"
5293,1165,7,32,99,138,1.3333333333333333,0.04860623083308938,672,"That's funny, I don't remember them being there."
5418,1165,6,34,98,138,1.3333333333333333,0.04750556970506273,672,I sure will be glad when they evolve !
5427,1165,6,34,98,138,1.3333333333333333,0.04750556970506273,672,The pterodactyls dropped them off as a practical joke.
5570,1165,6,34,98,138,1.3333333333333333,0.04750556970506273,672,I wish I knew how not to bring work home.
5574,1165,5,34,93,132,1.3333333333333333,0.047693342789226593,672,Apparently they have the upper hand.
5133,1165,7,31,97,135,1.3333333333333333,0.04931818152870151,672,Yes it IS the end of the world.  Just give them time.
5067,1165,9,28,101,138,1.3333333333333333,0.05073597068543737,672,The doctor says to just let it run its course.
4928,1165,7,31,97,135,1.3333333333333333,0.04931818152870151,672,Once I get enough of them I'm going to make a coat.
4903,1165,10,26,102,138,1.3333333333333333,0.05176799439992394,672,"Next time, I am going to get the kind with 90% DEET."
4895,1165,9,28,101,138,1.3333333333333333,0.05073597068543737,672,"Don't worry, Agnes. These climate change deniers are probably harmless."
4853,1165,8,30,100,138,1.3333333333333333,0.0496825140124427,672,It's recommended once a month for flea control.
4751,1165,11,23,101,135,1.3333333333333333,0.0536145158268927,672,Maybe so. But it helps with the migraines.
4688,1165,8,30,100,138,1.3333333333333333,0.0496825140124427,672,"I know you told me not to bring home any more strays, but they're so cute when they're little.  We just need to have them de-speared."
4630,1165,7,32,99,138,1.3333333333333333,0.04860623083308938,672,You told me to try acupuncture.
4618,1165,4,37,94,135,1.3333333333333333,0.04583239106524254,672,Did you get the shampoo I ordered?
4605,1165,7,31,97,135,1.3333333333333333,0.04931818152870151,672,They said they know acupuncture .
4454,1165,7,31,97,135,1.3333333333333333,0.04931818152870151,672,All the kids at school got them.
4451,1165,7,31,97,135,1.3333333333333333,0.04931818152870151,672,I just got the monkey off my back ...and now look!
4441,1165,8,30,100,138,1.3333333333333333,0.0496825140124427,672,My new acupuncture team.
4146,1165,8,30,100,138,1.3333333333333333,0.0496825140124427,672,They’re acting like Neanderthals.
2929,1165,10,26,102,138,1.3333333333333333,0.05176799439992394,672,Nagging case of man-druff.
3135,1165,10,26,102,138,1.3333333333333333,0.05176799439992394,672,It’s a win-win. I get my back scratched and they ride free!
262,1165,8,30,100,138,1.3333333333333333,0.0496825140124427,672,They've got my back.
1237,1165,10,25,100,135,1.3333333333333333,0.05257335815637598,672,Doc says we can’t get frisky until the antibiotics kick in.
1015,1165,9,28,101,138,1.3333333333333333,0.05073597068543737,672,It’s worked wonders on my sciatica.
931,1165,10,25,100,135,1.3333333333333333,0.05257335815637598,672,At least they'll be extinct soon.
715,1165,6,33,96,135,1.3333333333333333,0.048184278657923386,672,I really like the pinpoint massage method.
706,1165,7,32,99,138,1.3333333333333333,0.04860623083308938,672,Got a comb?
657,1165,5,36,97,138,1.3333333333333333,0.04637879504909089,672,I can't wait until the cold weather comes and they die off.
656,1165,10,26,102,138,1.3333333333333333,0.05176799439992394,672,It’s some kind of parasite.
570,1165,6,34,98,138,1.3333333333333333,0.04750556970506273,672,"I'm telling ya, it's like eczema on steroids."
436,1165,8,29,98,135,1.3333333333333333,0.05042659366655156,672,Have you tried the cavemen's acupuncture treatment?  I am already feeling better.
417,1165,7,32,99,138,1.3333333333333333,0.04860623083308938,672,"I should see longer, smoother hair in about six weeks."
414,1165,10,25,100,135,1.3333333333333333,0.05257335815637598,672,It's actually just a residency program.
330,1165,8,30,100,138,1.3333333333333333,0.0496825140124427,672,They think I'm flat.
195,1165,7,32,99,138,1.3333333333333333,0.04860623083308938,672,They'll miss me when I'm gone.
90,1165,4,38,96,138,1.3333333333333333,0.045223955017319996,672,Somebody started a rumor that we were gluten free.
87,1165,9,28,101,138,1.3333333333333333,0.05073597068543737,672,This acupuncture really works.
48,1165,7,31,97,135,1.3333333333333333,0.04931818152870151,672,Why do you think I have too much baggage for a relationship?
2905,1165,10,26,102,138,1.3333333333333333,0.05176799439992394,672,The little buggers are called oompa loompas.
1287,1165,10,26,102,138,1.3333333333333333,0.05176799439992394,672,Think I should get this checked out?
1314,1165,7,32,99,138,1.3333333333333333,0.04860623083308938,672,I think they've read Gulliver's Travels
686,1165,6,33,96,135,1.3333333333333333,0.048184278657923386,672,"Honey, the cave is infested again."
1491,1165,9,28,101,138,1.3333333333333333,0.05073597068543737,672,They can't last for long.
2745,1165,6,33,96,135,1.3333333333333333,0.048184278657923386,672,"Honey, you gotta try this acupuncture thing."
2705,1165,9,28,101,138,1.3333333333333333,0.05073597068543737,672,Luckily they haven't discovered fire yet.
2704,1165,8,30,100,138,1.3333333333333333,0.0496825140124427,672,Just a little off the top.
1376,1165,7,32,99,138,1.3333333333333333,0.04860623083308938,672,And we're supposed to evolve into these imbeciles.
2575,1165,10,26,102,138,1.3333333333333333,0.05176799439992394,672,I’ve decided to try acupuncture.
1931,1165,6,37,104,147,1.3333333333333333,0.045620146601189474,672,I don't think they can do much harm.
2563,1165,4,37,94,135,1.3333333333333333,0.04583239106524254,672,I'm sorry Susan but our insurance didn't cover acupuncture
2336,1165,7,32,99,138,1.3333333333333333,0.04860623083308938,672,They say it is performance art.
2280,1165,4,38,96,138,1.3333333333333333,0.045223955017319996,672,It helps my arthritis.
2606,1165,12,22,104,138,1.3333333333333333,0.053772653735747016,672,Working for Uber has been . . . interesting.
2232,1165,4,38,96,138,1.3333333333333333,0.045223955017319996,672,"Ooh, ahhh, yeah, that's better."
2231,1165,9,28,101,138,1.3333333333333333,0.05073597068543737,672,Extinction stinks.
1790,1165,5,36,97,138,1.3333333333333333,0.04637879504909089,672,At least they are not tickling the ivories
1970,1165,10,26,102,138,1.3333333333333333,0.05176799439992394,672,I've trained them to scratch those hard to reach spots.
1888,1165,6,34,98,138,1.3333333333333333,0.04750556970506273,672,"They're a nuisance, but on the other hand, I don't have anymore lice."
1843,1165,6,34,98,138,1.3333333333333333,0.04750556970506273,672,Ancient Chinese remedy....
1828,1165,7,32,99,138,1.3333333333333333,0.04860623083308938,672,"It's a bit itchy, but nothing bad enough for the ""Human-Out"" shampoo"
2268,1165,6,34,98,138,1.3333333333333333,0.04750556970506273,672,I can hardly wait till someone invents a comb.
4326,1252,5,38,102,145,1.3310344827586207,0.04490856228870416,672,I got a bad feeling about our new neighbors.
4716,1253,7,32,100,139,1.330935251798561,0.048314829194731256,672,"They're so annoying, they act like they rule the planet."
586,1253,8,30,101,139,1.330935251798561,0.04938205275878442,672,They're re-aligning my chakras.
3465,1255,5,35,96,136,1.3308823529411764,0.04674030960911048,672,I can claim more dependents on my tax return now.
3460,1255,6,33,97,136,1.3308823529411764,0.047891429340009714,672,Their team building exercise is starting to itch a bit.
3420,1255,6,33,97,136,1.3308823529411764,0.047891429340009714,672,"I wouldn't even mind really, but they keep asking for the wifi password."
3355,1255,7,31,98,136,1.3308823529411764,0.049015522705595845,672,Mind if I borrow your human-spray?
3279,1255,7,31,98,136,1.3308823529411764,0.049015522705595845,672,My insurance doesn't cover it.
2731,1255,5,35,96,136,1.3308823529411764,0.04674030960911048,672,It's something new called acupuncture.
2895,1255,6,33,97,136,1.3308823529411764,0.047891429340009714,672,"You told me, they would be extinct by now ?"
2831,1255,9,27,100,136,1.3308823529411764,0.05118970980431573,672,They’re called fascinators.
2640,1255,5,35,96,136,1.3308823529411764,0.04674030960911048,672,Just a bit of advice... keep your enemies closer.
2307,1255,9,27,100,136,1.3308823529411764,0.05118970980431573,672,I don't understand acupuncture.
2467,1255,6,33,97,136,1.3308823529411764,0.047891429340009714,672,"Ugh, I think I got humans again!"
3637,1255,8,29,99,136,1.3308823529411764,0.0501144083869741,672,My own private squad of hunter gatherers.
3012,1255,5,35,96,136,1.3308823529411764,0.04674030960911048,672,"Apparently, they’re resistant to pesticides now."
3673,1255,4,37,95,136,1.3308823529411764,0.04556011501831252,672,"Every time  I go to that urban park, I get manticks."
3510,1255,7,31,98,136,1.3308823529411764,0.049015522705595845,672,"It's fine, I'll get defrosted in a few thousand years, then I'll get my revenge."
3894,1255,10,25,101,136,1.3308823529411764,0.052242883263882905,672,They confused me for a woolly rabbit.
3976,1255,6,33,97,136,1.3308823529411764,0.047891429340009714,672,What goes around... comes around.
4109,1255,7,31,98,136,1.3308823529411764,0.049015522705595845,672,They have more tenacity than talent.
4266,1255,6,33,97,136,1.3308823529411764,0.047891429340009714,672,This new acupuncture to go service is pretty sweet.
4420,1255,6,33,97,136,1.3308823529411764,0.047891429340009714,672,"They're Swedish, so it's a massage."
4559,1255,10,25,101,136,1.3308823529411764,0.052242883263882905,672,"Oh, they'll be gone after November."
4626,1255,3,39,94,136,1.3308823529411764,0.044348524424249205,672,"The guy I got them from said they were gatherers, so I’m not too worried"
4702,1255,10,25,101,136,1.3308823529411764,0.052242883263882905,672,Hard to believe they will make us extinct.
4986,1255,4,37,95,136,1.3308823529411764,0.04556011501831252,672,I find a nice soak in a tar pit usually takes care of it.
5157,1255,7,31,98,136,1.3308823529411764,0.049015522705595845,672,"I thought they were hunting parasites. A thousand little stabs later, I'm dying."
5194,1255,7,31,98,136,1.3308823529411764,0.049015522705595845,672,There's strength in numbers.
5303,1255,6,33,97,136,1.3308823529411764,0.047891429340009714,672,Don't you just love Disney?
2211,1255,5,35,96,136,1.3308823529411764,0.04674030960911048,672,Apparently I'm the buffet table.
5498,1255,5,35,96,136,1.3308823529411764,0.04674030960911048,672,I'm not sure about this acupuncture treatment.
3763,1255,8,29,99,136,1.3308823529411764,0.0501144083869741,672,"Fire, the wheel and  now acupuncture"
2077,1255,5,35,96,136,1.3308823529411764,0.04674030960911048,672,They're actually harmless—just trying to figure out how to get down.
3140,1255,9,27,100,136,1.3308823529411764,0.05118970980431573,672,They call me “Earth.”
1989,1255,8,29,99,136,1.3308823529411764,0.0501144083869741,672,My mother told me not to sleep in strange caves
2012,1255,10,25,101,136,1.3308823529411764,0.052242883263882905,672,I'm getting a tattoo.
33,1255,3,39,94,136,1.3308823529411764,0.044348524424249205,672,"So I says, ""Doc, I've got this itch. """
83,1255,5,35,96,136,1.3308823529411764,0.04674030960911048,672,One of them is bound to find the itch.
112,1255,4,37,95,136,1.3308823529411764,0.04556011501831252,672,I let them stick around.  It makes them feel useful.
186,1255,5,35,96,136,1.3308823529411764,0.04674030960911048,672,Paleontologists will dig this.
281,1255,6,33,97,136,1.3308823529411764,0.047891429340009714,672,"...I think I have Fibromyalgia ,,,"
413,1255,10,25,101,136,1.3308823529411764,0.052242883263882905,672,Now you vacuum me.
694,1255,7,31,98,136,1.3308823529411764,0.049015522705595845,672,"I don't know, they're itchy and angry so I think I'll call them crabs."
846,1255,8,29,99,136,1.3308823529411764,0.0501144083869741,672,Got anything stronger than Head & Shoulders?
889,1255,4,37,95,136,1.3308823529411764,0.04556011501831252,672,"They're ""centering my Chi energy"", whatever that is."
921,1255,7,31,98,136,1.3308823529411764,0.049015522705595845,672,"Honey, you're always coming home late.""
""Get off my back!"
978,1255,5,35,96,136,1.3308823529411764,0.04674030960911048,672,"Right now, it's not that bad. But I sense that one of them is on the verge of discovering fire."
541,1255,7,31,98,136,1.3308823529411764,0.049015522705595845,672,"What do I look like, a piece of meat?"
1226,1255,10,25,101,136,1.3308823529411764,0.052242883263882905,672,I don't mind. They don't know that  actually it feels wonderful.
1320,1255,8,29,99,136,1.3308823529411764,0.0501144083869741,672,Mom! I was swimming in the lake. They are all over me! Get the salt.
1378,1255,7,31,98,136,1.3308823529411764,0.049015522705595845,672,The vet said it was an infestation of hunter-gatherers
1480,1255,5,35,96,136,1.3308823529411764,0.04674030960911048,672,"They said, 'One small step for men, one giant leap for mankind.'"
1522,1255,6,33,97,136,1.3308823529411764,0.047891429340009714,672,I'm not getting it looked at.
1638,1255,5,35,96,136,1.3308823529411764,0.04674030960911048,672,My personal lice killers.
1717,1255,5,35,96,136,1.3308823529411764,0.04674030960911048,672,"Honey, can you hand me the human swatter?"
1892,1255,8,29,99,136,1.3308823529411764,0.0501144083869741,672,They're more annoying than gnats!
1899,1255,9,27,100,136,1.3308823529411764,0.05118970980431573,672,I’m okay with their tattoos as long as they’re not vaping.
1034,1255,10,25,101,136,1.3308823529411764,0.052242883263882905,672,I'm not much of a people person.
1946,1255,4,37,95,136,1.3308823529411764,0.04556011501831252,672,These pests will take over the world someday.
4505,1312,3,38,92,133,1.330827067669173,0.044932044726948714,672,A little to the left. That's the stuff.
4473,1312,8,28,97,133,1.330827067669173,0.05087724910122644,672,Flea season is really aggressive this year.
4470,1312,9,26,98,133,1.330827067669173,0.05198476356261508,672,Floyd says it’s malware.
4124,1312,6,32,95,133,1.330827067669173,0.04858654281797334,672,"its time to see the doctor, these shooting pains in my back are killing me"
3996,1312,7,30,96,133,1.330827067669173,0.04974508327016351,672,At least the itching on my back has stopped!
3832,1312,6,32,95,133,1.330827067669173,0.04858654281797334,672,They aren't that smart. I think they will be extinct soon.
3910,1312,7,30,96,133,1.330827067669173,0.04974508327016351,672,We're symbiotic
3896,1312,9,26,98,133,1.330827067669173,0.05198476356261508,672,Did you put out their fire again ?
3861,1312,7,30,96,133,1.330827067669173,0.04974508327016351,672,"Golly I hate these things so much I sometimes
wish we were already extinct."
4641,1312,6,32,95,133,1.330827067669173,0.04858654281797334,672,They also do reiki if acupuncture isn’t your thing.
3758,1312,6,32,95,133,1.330827067669173,0.04858654281797334,672,"I think I caught something, I’ll stay home today."
3944,1312,5,34,94,133,1.330827067669173,0.047399693843420666,672,"Believe it or not, they make me laugh."
4647,1312,10,24,99,133,1.330827067669173,0.05306917004451585,672,This is what I get for listening to anti-vaxers.
5398,1312,9,26,98,133,1.330827067669173,0.05198476356261508,672,The ticks are really bad this year.
4739,1312,8,28,97,133,1.330827067669173,0.05087724910122644,672,Where do you keep the caveman spray.
4968,1312,10,24,99,133,1.330827067669173,0.05306917004451585,672,They don’t hunt. They gather.
5027,1312,10,24,99,133,1.330827067669173,0.05306917004451585,672,What makes you think I’m nit-picking?
5039,1312,7,30,96,133,1.330827067669173,0.04974508327016351,672,"You should try it, they cured my arthritis."
5057,1312,6,32,95,133,1.330827067669173,0.04858654281797334,672,"If one of them is an artist, our legacy is secure!"
5155,1312,6,32,95,133,1.330827067669173,0.04858654281797334,672,"Apparently it's fatal, but the doctor says I still have a good ten years."
5168,1312,8,28,97,133,1.330827067669173,0.05087724910122644,672,"It's sort of like acupuncture.
I got them on Amazon."
5216,1312,8,28,97,133,1.330827067669173,0.05087724910122644,672,"A little to the left...yes, that is the spot."
5275,1312,8,28,97,133,1.330827067669173,0.05087724910122644,672,They make funny squishy noises when I roll on my back.
5377,1312,7,30,96,133,1.330827067669173,0.04974508327016351,672,You still eating Paleo?
3624,1312,4,36,93,133,1.330827067669173,0.046182353879996904,672,"There called Cavies, sort of like scabies only worse!"
5414,1312,6,32,95,133,1.330827067669173,0.04858654281797334,672,Applying a big icepack should kill them off!
5455,1312,7,30,96,133,1.330827067669173,0.04974508327016351,672,They're for the wall.
5572,1312,7,30,96,133,1.330827067669173,0.04974508327016351,672,They’ll go away once things heat up.
4651,1312,7,30,96,133,1.330827067669173,0.04974508327016351,672,Could you please get rid of them. I do not want them all over our picnic blanket
3457,1312,8,28,97,133,1.330827067669173,0.05087724910122644,672,Did you get that special shampoo?  It itches like hell...
1771,1312,7,30,96,133,1.330827067669173,0.04974508327016351,672,They trim when I start getting too wooly. It’s called nanotechnology.
3206,1312,9,26,98,133,1.330827067669173,0.05198476356261508,672,Babar...ians
303,1312,6,32,95,133,1.330827067669173,0.04858654281797334,672,Doc said acupuncture would help with my back pains
376,1312,7,30,96,133,1.330827067669173,0.04974508327016351,672,It's awkwardly soothing.
547,1312,5,34,94,133,1.330827067669173,0.047399693843420666,672,"Honestly, it's better than fleas."
605,1312,5,34,94,133,1.330827067669173,0.047399693843420666,672,I guess I'm just woolier.
684,1312,5,34,94,133,1.330827067669173,0.047399693843420666,672,"Apparently, they're symbionts. I don't know what that means, but I haven't been as itchy lately."
859,1312,5,34,94,133,1.330827067669173,0.047399693843420666,672,They may look annoying but my god can they cure neck pain
3291,1312,3,38,92,133,1.330827067669173,0.044932044726948714,672,Tasty but the long pointy things are hard to pass.
1441,1312,7,30,96,133,1.330827067669173,0.04974508327016351,672,You've got back bugs.
1525,1312,8,28,97,133,1.330827067669173,0.05087724910122644,672,It’s more natural compared to a flea collar.
1590,1312,9,26,98,133,1.330827067669173,0.05198476356261508,672,"It takes a village, Marty."
1641,1312,7,30,96,133,1.330827067669173,0.04974508327016351,672,Can I borrow your comb?
1231,1312,7,30,96,133,1.330827067669173,0.04974508327016351,672,They don't even know what ivory is yet they just hate that I'm big.
2783,1312,7,30,96,133,1.330827067669173,0.04974508327016351,672,You were right. I should have used the repellant!
1715,1312,8,28,97,133,1.330827067669173,0.05087724910122644,672,I think the Little Ice Age is a real thing after all.
1862,1312,9,26,98,133,1.330827067669173,0.05198476356261508,672,Floresiensis didn't tell me she had a case of the neanderthals.
2041,1312,7,30,96,133,1.330827067669173,0.04974508327016351,672,They think they are really scary. It’s kind of cute.
2087,1312,5,34,94,133,1.330827067669173,0.047399693843420666,672,I'll never complain about fleas and lice again.
2222,1312,6,32,95,133,1.330827067669173,0.04858654281797334,672,"What happens in Vegas, stays in Vegas!"
2486,1312,7,30,96,133,1.330827067669173,0.04974508327016351,672,I'm sick and tired of the nit pickers.
2490,1312,6,32,95,133,1.330827067669173,0.04858654281797334,672,The cupping was a disaster so I'm trying acupuncture
1659,1312,8,28,97,133,1.330827067669173,0.05087724910122644,672,Can you recommend a good pesticide?
1939,1365,7,30,97,134,1.328358208955224,0.04943414450470018,672,"Crazy, yes. But best back-scratch I've ever had."
512,1365,5,34,95,134,1.328358208955224,0.047109372121091606,672,Hors d'oeuvre?
2701,1365,5,34,95,134,1.328358208955224,0.047109372121091606,672,"They are unpleasant, but more comfortable than fleas."
2881,1365,7,30,97,134,1.328358208955224,0.04943414450470018,672,It's been approved for cosmetic use.
4219,1365,7,30,97,134,1.328358208955224,0.04943414450470018,672,"Annoying and persistent, I suspect they'll even survive us!"
3099,1365,4,36,94,134,1.328358208955224,0.04590285493310231,672,Doc says it's just a rash.
1289,1371,5,33,93,131,1.3282442748091603,0.04778443975305738,672,I collect caveman action figures.
2862,1371,8,27,96,131,1.3282442748091603,0.0513387974031577,672,There's more of them than usual. Must be global warming.
764,1371,4,35,92,131,1.3282442748091603,0.046539369037592995,672,Will you scratch my back?
435,1371,8,27,96,131,1.3282442748091603,0.0513387974031577,672,"Ow, ow, ow, ow, ow, ow, ow!"
13,1371,7,29,95,131,1.3282442748091603,0.050181991856702655,672,Do you have any ‘OFF’?
1925,1371,6,31,94,131,1.3282442748091603,0.048997882552309045,672,Lice again.
1795,1371,4,35,92,131,1.3282442748091603,0.046539369037592995,672,"Thanks for the suggestion, this works a lot better than that awful shampoo."
3309,1371,8,27,96,131,1.3282442748091603,0.0513387974031577,672,Have you been seeing other mammoths?
4232,1371,5,33,93,131,1.3282442748091603,0.04778443975305738,672,They’re cheaper than the salon and they come to our cave!
3840,1371,9,25,97,131,1.3282442748091603,0.05247010511613992,672,Could you please get these little pricks off of me .
4182,1371,7,29,95,131,1.3282442748091603,0.050181991856702655,672,I'll start worrying when they invent gunpowder.
5516,1371,8,27,96,131,1.3282442748091603,0.0513387974031577,672,"Honey, I think you need to check me for prickly heat."
4216,1371,6,31,94,131,1.3282442748091603,0.048997882552309045,672,This Uber pool is just not worth it anymore
5405,1371,5,33,93,131,1.3282442748091603,0.04778443975305738,672,I liked it better when it was just a monkey on my back.
4810,1371,9,25,97,131,1.3282442748091603,0.05247010511613992,672,"Don't worry, we'll be here long after their extinct."
4375,1371,6,31,94,131,1.3282442748091603,0.048997882552309045,672,Too bad we’re prehistoric.  This has the makings of a very compelling narrative.
2488,1371,5,33,93,131,1.3282442748091603,0.04778443975305738,672,I know they're parasites but I think we should respect all living creatures
3509,1371,4,35,92,131,1.3282442748091603,0.046539369037592995,672,These hunters and gatherers are going to be the death of me.
2855,1371,3,37,91,131,1.3282442748091603,0.04526006029957284,672,Do I have anything in my teeth?
1230,1390,6,30,92,128,1.328125,0.04974018989852906,672,And do you believe WE'RE the ones who will be extinct in a little while?!?
3489,1391,8,29,101,138,1.326086956521739,0.0495008871330691,672,Always check the seams of your hotel mattress for them before unpacking your stuff.
2910,1391,9,27,102,138,1.326086956521739,0.05055812842419942,672,I'm sure they're harmless.
2052,1393,8,27,97,132,1.3257575757575757,0.05100903218973246,672,I aspired to more than being the elephant in the room.
2739,1393,6,31,95,132,1.3257575757575757,0.048688813118880785,672,"I simply refuse to sit when they yell
“Sit” but I’m willing
to roll over."
4815,1393,9,25,98,132,1.3257575757575757,0.05213043051747314,672,"They started out as fleas then evolved, somewhat."
3498,1396,6,30,93,129,1.3255813953488371,0.049418604651162795,672,"They are so annoying, they will probably be here long after you and I are extinct."
3524,1396,8,26,95,129,1.3255813953488371,0.051811644904243614,672,"Hey Jake, can I borrow your Inuit Off?"
3792,1396,11,20,98,129,1.3255813953488371,0.05520705245443456,672,"Itchy, but they say you shouldn't scratch them."
3957,1396,9,24,96,129,1.3255813953488371,0.052967637088048254,672,Cover up when walking in the tall grass.
4200,1396,6,30,93,129,1.3255813953488371,0.049418604651162795,672,"I'm worried about climate change, not these Neanderthals."
4487,1396,5,32,92,129,1.3255813953488371,0.048177530599442075,672,Cro-Minions”
4661,1396,5,32,92,129,1.3255813953488371,0.048177530599442075,672,I’m hoping they kill each other before we go extinct.
790,1396,6,30,93,129,1.3255813953488371,0.049418604651162795,672,Do these cavemen make me look fat?
5494,1396,6,30,93,129,1.3255813953488371,0.049418604651162795,672,The benefits are good but management won't stop riding me
5169,1396,8,26,95,129,1.3255813953488371,0.051811644904243614,672,"These hunter-gatherers are clueless. I don't see how they expect to survive as a species."""
2014,1396,4,34,91,129,1.3255813953488371,0.04690362910961608,672,"I dunno... I just lay down for a nap in the tall grass and when I woke up, they were all over me!"
741,1396,5,32,92,129,1.3255813953488371,0.048177530599442075,672,"Not sure what's in it for them, but it feels pretty good to me.
Hilary A. Kaplan 
Silver Spring, MD"
3249,1396,7,28,94,129,1.3255813953488371,0.05062926541710517,672,It's annoying but somehow it helps my arthritis.
289,1396,6,30,93,129,1.3255813953488371,0.049418604651162795,672,Can I borrow some shampoo?
274,1396,6,30,93,129,1.3255813953488371,0.049418604651162795,672,Does our insurance even cover acupuncture?
669,1396,5,32,92,129,1.3255813953488371,0.048177530599442075,672,Don't you know anything about Global Warming. You need to reduce your footprint by ridesharing.
5489,1412,7,27,93,127,1.3228346456692914,0.05108727808099317,672,Have you seen my edibles?
5302,1412,8,25,94,127,1.3228346456692914,0.05229621744139442,672,Do you happen to know the name of a small weapons grade dermatologist?
4899,1412,7,27,93,127,1.3228346456692914,0.05108727808099317,672,I’m done driving for Uber.
4445,1412,6,29,92,127,1.3228346456692914,0.04984902812264091,672,The doctor said I have hairpes.
4412,1412,5,31,91,127,1.3228346456692914,0.04857922629909788,672,I think I prefer the flea collar.
3821,1412,3,35,89,127,1.3228346456692914,0.04593443668875457,672,"I  know, I know...but they have big brains and can walk on two legs freeing up hands with opposable thumbs.  Think about it Dwayne."
3365,1412,6,29,92,127,1.3228346456692914,0.04984902812264091,672,"Yeah, but you should see their 'Lysistrata.'"
3040,1412,7,27,93,127,1.3228346456692914,0.05108727808099317,672,Because I admire their optimism.
1769,1412,8,25,94,127,1.3228346456692914,0.05229621744139442,672,Bloody humans!
1472,1412,5,31,91,127,1.3228346456692914,0.04857922629909788,672,"Bit of a nuisance, yes.  But they can start a fire on a cold winter night."
1445,1412,7,27,93,127,1.3228346456692914,0.05108727808099317,672,Bunch of Neanderthals.
1181,1412,9,23,95,127,1.3228346456692914,0.05347783405889291,672,"Oh man, I'm having second thoughts about becoming an Uber."
991,1412,4,33,90,127,1.3228346456692914,0.04727533025655223,672,"I was going to swat them off but I thought, how much trouble could they ever cause."
3708,1412,2,37,88,127,1.3228346456692914,0.044553205237786435,672,"Oooo, Aaaah, Yeeeees, a little more the right, that's the spot!"
579,1412,9,23,95,127,1.3228346456692914,0.05347783405889291,672,Hard to believe that someday they’ll be at the top of the food chain.
395,1412,10,21,96,127,1.3228346456692914,0.054633900763018634,672,"Yea, I started with Uber 3 weeks ago"
170,1412,7,27,93,127,1.3228346456692914,0.05108727808099317,672,"No one is going to believe this, take my picture!"
771,1412,7,27,93,127,1.3228346456692914,0.05108727808099317,672,I think they’ll kill my fleas!
5547,1430,5,44,119,168,1.3214285714285714,0.04077365992700346,672,"I know they are cute, but if you don't get rid of them, they will get rid of us."
1707,1431,10,22,99,131,1.3206106870229009,0.05338475942949052,672,"And dogs complain about fleas!"""
826,1432,5,31,92,128,1.3203125,0.048264151965111926,672,They're irritating but I can't imagine them causing any real harm.
746,1432,4,33,91,128,1.3203125,0.04697229895213162,672,"A little to the left guys, oh yeah, that's the spot."
3207,1434,10,20,95,125,1.32,0.05518298007830476,672,I'm experimenting with community-based acupuncture.
450,1434,4,32,89,125,1.32,0.04765467177450164,672,The job’s ok but I’m getting sick of the constant micromanagement
3259,1434,7,26,92,125,1.32,0.05155642070711495,672,Renting your place on Airbnb again?
3290,1434,7,26,92,125,1.32,0.05155642070711495,672,"Thanks a lot for calling pest control, Jerry."
3668,1434,8,24,93,125,1.32,0.052792961407687175,672,Years from now its going to be called ACUPUNCTURE
3745,1434,7,26,92,125,1.32,0.05155642070711495,672,"I’m sorry, I’m just feeling a little attacked right now."
3809,1434,4,32,89,125,1.32,0.04765467177450164,672,"When Donna gets here, please don't mention the neanderthal in the room"
3851,1434,10,20,95,125,1.32,0.05518298007830476,672,Don’t worry they will be extinct before you know it!
3904,1434,2,36,87,125,1.32,0.04486539006635795,672,Ignore them -- they'll never amount to anything.
3997,1434,7,26,92,125,1.32,0.05155642070711495,672,My acupuncturist joined a group practice.
4096,1434,7,26,92,125,1.32,0.05155642070711495,672,I’m starting to question what’s in my probiotic supplement.
4218,1434,10,20,95,125,1.32,0.05518298007830476,672,They're a sure sign of Global Warming.
4252,1434,7,26,92,125,1.32,0.05155642070711495,672,"Sure they are cute now, but I can see them becoming a real problem if they keep doubling in numbers every twenty years."
4303,1434,4,32,89,125,1.32,0.04765467177450164,672,I told them to back off
4502,1434,5,30,90,125,1.32,0.04898979485566356,672,These guys are working overtime and they don't even know it.
4674,1434,6,28,91,125,1.32,0.05028948456749697,672,Stay back! it might be catching.
4902,1434,10,20,95,125,1.32,0.05518298007830476,672,"Oh they’re aggravating, but they do control the fleas"
5470,1434,5,30,90,125,1.32,0.04898979485566356,672,I refuse to let these become the dominant species.
5250,1434,8,24,93,125,1.32,0.052792961407687175,672,Can I borrow your DEET?
5150,1434,4,32,89,125,1.32,0.04765467177450164,672,Not to worry. The Ice Age is coming and the little guys will never survive.
5080,1434,6,28,91,125,1.32,0.05028948456749697,672,Shampoo seems less and less effective against these.
4657,1434,8,24,93,125,1.32,0.052792961407687175,672,"So I said to them, 'You scratch my back and I'll scratch yours.'"
4631,1434,7,26,92,125,1.32,0.05155642070711495,672,I've never had dandruff like this before.
4997,1434,6,28,91,125,1.32,0.05028948456749697,672,I don’t know. They said something about symbiosis
4946,1434,4,32,89,125,1.32,0.04765467177450164,672,"Not all of us can afford acupuncture, Mike."
2408,1434,4,32,89,125,1.32,0.04765467177450164,672,"Don't worry, it's mostly gathering."
849,1434,5,30,90,125,1.32,0.04898979485566356,672,I just ignore them.  They will disappear eventually.
2018,1434,5,30,90,125,1.32,0.04898979485566356,672,Supposed to be the  suprimo-dandruff treatment. Got my doubts.
35,1434,5,30,90,125,1.32,0.04898979485566356,672,"I really don’t see humans evolving anymore past this, Darla."
100,1434,5,30,90,125,1.32,0.04898979485566356,672,I reckon it´s only temporary and will become extinct soon.
2296,1434,5,30,90,125,1.32,0.04898979485566356,672,Even our fleas have fleas.
379,1434,5,30,90,125,1.32,0.04898979485566356,672,They're great for scratching those spots I can't reach!
946,1434,7,26,92,125,1.32,0.05155642070711495,672,"I am not concerned, they will eventually die out."
1007,1434,7,26,92,125,1.32,0.05155642070711495,672,The no-see-ums can be so pesky this time of year!
1100,1434,8,24,93,125,1.32,0.052792961407687175,672,Ha! Go ahead and stab it with your steely knives. You just won't kill this beast!
333,1434,8,24,93,125,1.32,0.052792961407687175,672,Would you mind helping? I'm going extinct over here.
1474,1434,5,30,90,125,1.32,0.04898979485566356,672,It’s still the early stages.
1680,1434,4,32,89,125,1.32,0.04765467177450164,672,"Don't worry about humans, they'll never survive evolution."
1905,1434,5,30,90,125,1.32,0.04898979485566356,672,They're fighting over me.
1910,1434,7,26,92,125,1.32,0.05155642070711495,672,Tell me again how these idiots could ever screw up our lives.
1934,1434,6,28,91,125,1.32,0.05028948456749697,672,Some day these pests will be ruling the world.
1243,1434,7,26,92,125,1.32,0.05155642070711495,672,I'm getting eaten alive out there.
3245,1476,5,36,103,144,1.3194444444444444,0.044787309001208295,672,"The last time ""Paleo Diet"" meant something."
4228,1477,4,22,68,94,1.3191489361702127,0.057022847306584766,672,You were right. Lilliput is a hoot!
5534,1478,6,28,92,126,1.3174603174603174,0.04995336701656112,672,"They are cute,  but they itch"
5492,1478,8,24,94,126,1.3174603174603174,0.05243383573857162,672,"I used to take flea meds, but I've decided to go organic."
5118,1478,7,26,93,126,1.3174603174603174,0.05120862235283609,672,Don’t worry—I’m gonna wash that Neanderthal right out of my hair.
4548,1478,6,28,92,126,1.3174603174603174,0.04995336701656112,672,It's evidently called acupuncture...
4359,1478,9,22,95,126,1.3174603174603174,0.05363106615799874,672,"Nah, it's just a comb over."
1984,1478,7,26,93,126,1.3174603174603174,0.05120862235283609,672,I'm getting damn sick of this bunch of annoying little pricks.
2518,1478,2,36,88,126,1.3174603174603174,0.04458029125470973,672,"Well, they kind of grow on you after a while."
1859,1478,7,26,93,126,1.3174603174603174,0.05120862235283609,672,My quantum GPS--why do you ask?
529,1478,9,22,95,126,1.3174603174603174,0.05363106615799874,672,"It pinches a little, but my back hasn't felt this good in ages."
1736,1478,10,20,96,126,1.3174603174603174,0.05480214762422878,672,You misread the package...Clearasil prevents pimples
3998,1478,6,28,92,126,1.3174603174603174,0.04995336701656112,672,I miss the “gathering” days.
187,1478,3,34,89,126,1.3174603174603174,0.0459824585612696,672,And we're the ones who eventually go extinct?
2084,1478,3,34,89,126,1.3174603174603174,0.0459824585612696,672,The doc says I'm Patient Zero for a new plague.
125,1478,4,32,90,126,1.3174603174603174,0.04734311589157396,672,"Honey, the trim painters are here."
2291,1492,3,33,87,123,1.3170731707317074,0.046634106190142625,672,They tell me they’re trying to start a new geologic era. Isn’t that cute?
3707,1492,9,21,93,123,1.3170731707317074,0.0545382433536534,672,Democrats.
4608,1492,4,31,88,123,1.3170731707317074,0.048041855516604504,672,I'm  pretty sure it's not contagious
1791,1492,4,31,88,123,1.3170731707317074,0.048041855516604504,672,They refused to allow my emotional support animals on board.
1079,1492,8,23,92,123,1.3170731707317074,0.05330234485252516,672,"I told them "" Sorry, but you only get down off a duck."""
1032,1492,4,31,88,123,1.3170731707317074,0.048041855516604504,672,Get my Fleanderthal collar.
830,1492,4,31,88,123,1.3170731707317074,0.048041855516604504,672,They're still trying to elect their new leader.
345,1492,9,21,93,123,1.3170731707317074,0.0545382433536534,672,Squish them against the wall and they stick.
4776,1492,8,23,92,123,1.3170731707317074,0.05330234485252516,672,The doctor says that if I don't get them treated they could continue to evolve and end up destroying the whole planet.
3824,1492,8,23,92,123,1.3170731707317074,0.05330234485252516,672,"For the last time John, they're cave people."
5180,1492,7,25,91,123,1.3170731707317074,0.05203710162425183,672,Susan recommended this new acupuncture treatment for my flareups.
4517,1492,4,31,88,123,1.3170731707317074,0.048041855516604504,672,Let’s not let it ruin date night.
5035,1504,7,28,98,133,1.3157894736842106,0.04933878245058379,672,I’ve moved on from doing the cave paintings to sculptures.
5499,1505,8,19,84,111,1.3153153153153154,0.05721059274033587,672,They’re going Paleo
3211,1506,6,28,93,127,1.31496062992126,0.04962147356605799,672,Sometimes it's unfortunate that we're vegans
421,1507,4,31,89,124,1.314516129032258,0.04772140208135556,672,"Next time, you do the shopping."
661,1507,7,25,92,124,1.314516129032258,0.051679040696349106,672,"It feels like a stabbing pain, but all the other woolly mammoths say I'm a hypochondriac."
1156,1507,8,23,93,124,1.314516129032258,0.0529325381108483,672,Talk about making a mole hill out of a mountain!
1458,1507,7,25,92,124,1.314516129032258,0.051679040696349106,672,"I don't know dear, they're always on my back about something."
1637,1507,6,27,91,124,1.314516129032258,0.05039437373093753,672,How many times have I told you to take those things off before you come inside the cave?
3378,1507,6,27,91,124,1.314516129032258,0.05039437373093753,672,I was thinking about calling it Uber.
4974,1507,4,31,89,124,1.314516129032258,0.04772140208135556,672,They are a bunch of real pricks!
520,1507,4,31,89,124,1.314516129032258,0.04772140208135556,672,Did you ever have the feeling that you're being stalked?
537,1507,8,23,93,124,1.314516129032258,0.0529325381108483,672,Said they're from the local flea market.
3150,1516,7,24,90,121,1.3140495867768596,0.05252974737874613,672,So my functional medicine doctor recommended acupuncture.
3308,1516,8,22,91,121,1.3140495867768596,0.05382485862969677,672,I get half of anything they find.
3647,1516,4,30,87,121,1.3140495867768596,0.048437085163942496,672,"Unsightly yes, but they scratch those places I just can't reach!"
3738,1516,6,26,89,121,1.3140495867768596,0.051201887785929635,672,They're posable action figures.  I bought the whole set.
2854,1516,7,24,90,121,1.3140495867768596,0.05252974737874613,672,I was having a picnic with Barb when hundreds of these things just showed up. Ruined the picnic.
4526,1516,6,26,89,121,1.3140495867768596,0.051201887785929635,672,Have any Neandertalaway??
3919,1516,8,22,91,121,1.3140495867768596,0.05382485862969677,672,"Honey, would you rub my back? I am getting the pins and needles again."
3939,1516,9,20,92,121,1.3140495867768596,0.05508953124994619,672,I'm summer camp at Lilliput.
4270,1516,6,26,89,121,1.3140495867768596,0.051201887785929635,672,Deep tissue costs only $10 more
2746,1516,5,28,88,121,1.3140495867768596,0.049838662361774665,672,I think I am suffering from Mandruff!
4318,1516,6,26,89,121,1.3140495867768596,0.051201887785929635,672,Are you sure humans are harmless?
2651,1516,5,28,88,121,1.3140495867768596,0.049838662361774665,672,"I know you're afraid of spears, honey, but I really think you should try this. My headaches are gone and I've been sleeping so much better."
2623,1516,4,30,87,121,1.3140495867768596,0.048437085163942496,672,My theory is they’re just looking for attention. Ignore them and they’ll go away.
1648,1516,4,30,87,121,1.3140495867768596,0.048437085163942496,672,They made me come home from school because the little buggers are crawling all over my fur.
1561,1516,9,20,92,121,1.3140495867768596,0.05508953124994619,672,"yeah, they're messy, they smell bad and they get into everything but I promise to clean up after them. Can i keep them? can I, please?"
2960,1516,7,24,90,121,1.3140495867768596,0.05252974737874613,672,"The medical establishment doesn't yet accept it, but it's the only thing that relieves my pain."
1012,1516,7,24,90,121,1.3140495867768596,0.05252974737874613,672,They're the most destructive pests known to elephants.
5404,1516,7,24,90,121,1.3140495867768596,0.05252974737874613,672,We're on the cutting edge of medicine with accupuncture.  It's mammoth!
5389,1516,4,30,87,121,1.3140495867768596,0.048437085163942496,672,I am guessing your brother has something to do with this.
1176,1516,7,24,90,121,1.3140495867768596,0.05252974737874613,672,I think I picked them up in Tuscany
4953,1516,6,26,89,121,1.3140495867768596,0.051201887785929635,672,WebMD says this will be the end of me.
5055,1516,6,26,89,121,1.3140495867768596,0.051201887785929635,672,It happens every year when the Hunter College alumni are in town!
4531,1516,6,26,89,121,1.3140495867768596,0.051201887785929635,672,I'm going down to the waterfall to wash off this infestation.
57,1516,8,22,91,121,1.3140495867768596,0.05382485862969677,672,Do we have any Deet in the house?
600,1516,6,26,89,121,1.3140495867768596,0.051201887785929635,672,They got my order wrong at the drive-thru again.
4389,1516,6,26,89,121,1.3140495867768596,0.051201887785929635,672,"Until someone invents the backscratcher, I guess this will have to do."
4491,1516,5,28,88,121,1.3140495867768596,0.049838662361774665,672,Can we try out that new bug spray?
5528,1543,6,31,100,137,1.313868613138686,0.04719689263364732,672,"And after my acupuncture, I get a pedicure..."
4310,1544,6,30,98,134,1.3134328358208955,0.047867685118643165,672,I hired them to do acupuncture but I think they're trying to kill me.
1772,1545,4,28,83,115,1.3130434782608695,0.04996599513585972,672,They were under control until somebody had to go spreading rumors about the vaccine.
2956,1545,6,24,85,115,1.3130434782608695,0.05293119375670831,672,I had asked for the de-lousing special but they threw in the extra spear massage for free.
3553,1545,6,24,85,115,1.3130434782608695,0.05293119375670831,672,I can't wait 2 Million Years for Flea Collars
920,1548,7,27,97,131,1.3129770992366412,0.04976040004149827,672,What they lack in civility they make up for in brutality
3220,1549,8,23,94,125,1.312,0.05256762158125168,672,That cheap repellent just isn't cutting it.
2528,1549,2,35,88,125,1.312,0.04460001446549743,672,The acupuncture seems to be working.
1861,1551,3,37,98,138,1.3115942028985508,0.04339443239272868,672,It's a new kind of therapy: Paleopucnture.
4067,1552,5,28,89,122,1.3114754098360655,0.049495445321656076,672,They keep on mentioning a Dr Seuss
5569,1552,7,24,91,122,1.3114754098360655,0.05216095380029806,672,I still don’t believe in vaccines.
5362,1552,5,28,89,122,1.3114754098360655,0.049495445321656076,672,This was the only acupuncture service provider available under my Medicaid supplemental.
3951,1552,6,26,90,122,1.3114754098360655,0.05084566947610128,672,Accupuncture. It's a new age thing.
3804,1552,7,24,91,122,1.3114754098360655,0.05216095380029806,672,It's the first step in getting hair transplants.
3297,1552,6,26,90,122,1.3114754098360655,0.05084566947610128,672,They'll never last as a species.
2707,1552,7,24,91,122,1.3114754098360655,0.05216095380029806,672,I’m a lot more concerned about that meteor.
2683,1552,3,32,87,122,1.3114754098360655,0.04667797246904866,672,"So, acupuncture therapy is a sham."
2026,1552,6,26,90,122,1.3114754098360655,0.05084566947610128,672,That’s the last thing I order on Amazon without reading the reviews first
1549,1552,5,28,89,122,1.3114754098360655,0.049495445321656076,672,"Listen Todd, I've got to get something off my back..."
1302,1552,3,32,87,122,1.3114754098360655,0.04667797246904866,672,On days like today extinction seems a good option.
1710,1552,7,24,91,122,1.3114754098360655,0.05216095380029806,672,"With extinction coming on, I decided to go all out with those that bug me."
840,1564,9,24,102,135,1.3111111111111111,0.05093559886023872,672,"That's right, stay back.  They're contagious."
3399,1565,4,29,86,119,1.3109243697478992,0.04884056531560706,672,oh an occasional deep wound but they are very effective against ticks.
2568,1565,3,31,85,119,1.3109243697478992,0.04736001443254454,672,"My skin care routine wasn't effective enough, so I've hired some estheticians."
2553,1565,3,31,85,119,1.3109243697478992,0.04736001443254454,672,"The stabs don't bother me too much, it's the buzzing around my ears that really gets me."
3156,1565,3,31,85,119,1.3109243697478992,0.04736001443254454,672,I'm guessing it was a slow week for the gatherers.
2452,1565,4,29,86,119,1.3109243697478992,0.04884056531560706,672,Another successful manhunt!
2391,1565,9,19,91,119,1.3109243697478992,0.05565563841008685,672,"I've told them 'draw the pictures on the walls; they'll last longer' but you know...Sapiens."""
3200,1565,4,29,86,119,1.3109243697478992,0.04884056531560706,672,But it feels so good when they hit my shiatsu points.
3341,1565,6,25,88,119,1.3109243697478992,0.05167456363572488,672,The doctor said it was a classic case of pins and Neanderthals
4116,1565,8,21,90,119,1.3109243697478992,0.054361017591074236,672,"They call themselves Homo erectus, and want me to represent what they call 'their party.'"""
4814,1565,5,27,87,119,1.3109243697478992,0.05027753647152304,672,Please tell me you packed the repellant like I asked?
4370,1565,10,17,92,119,1.3109243697478992,0.05692082167477543,672,I think they're trying to describe me.
4382,1565,5,27,87,119,1.3109243697478992,0.05027753647152304,672,"It's a synergism.  After they eat fleas, I eat them."
4677,1565,4,29,86,119,1.3109243697478992,0.04884056531560706,672,They asked for a ride to the battlefield. Who am I to deny them
4807,1565,7,23,89,119,1.3109243697478992,0.0530348034807317,672,"They said they're gatherers, probably just hair samples."
4999,1565,9,19,91,119,1.3109243697478992,0.05565563841008685,672,"Try acupuncture, they said..."
2036,1565,9,19,91,119,1.3109243697478992,0.05565563841008685,672,It’s called acupuncture and it’s amazing.
5457,1565,6,25,88,119,1.3109243697478992,0.05167456363572488,672,This acupuncture is definitely helping ease the pain.
4911,1565,4,29,86,119,1.3109243697478992,0.04884056531560706,672,A little bit of lavender shampoo and they'll be gone by morning.
4180,1565,5,27,87,119,1.3109243697478992,0.05027753647152304,672,You better get that checked before it turns into something serious.
1885,1565,7,23,89,119,1.3109243697478992,0.0530348034807317,672,"In the future....they will
be yellow and called minions"
5285,1565,6,25,88,119,1.3109243697478992,0.05167456363572488,672,And we're the ones becoming extinct!
1622,1565,4,29,86,119,1.3109243697478992,0.04884056531560706,672,"You know what they say: ""It takes a village."""
66,1565,6,25,88,119,1.3109243697478992,0.05167456363572488,672,Ever have an itch you can't scratch?
80,1565,5,27,87,119,1.3109243697478992,0.05027753647152304,672,I think I've just invented the back scratcher.
222,1565,6,25,88,119,1.3109243697478992,0.05167456363572488,672,"Jerry! I've gone forward in time and it's terrible! There's war everywhere, civilization is terrible, and people voted for Donald Trump!"
248,1565,5,27,87,119,1.3109243697478992,0.05027753647152304,672,They call it group acupuncture and it’s covered under my plan.
278,1565,8,21,90,119,1.3109243697478992,0.054361017591074236,672,Their a great massage until they build a fire.
528,1565,4,29,86,119,1.3109243697478992,0.04884056531560706,672,I tried some new cologne today. I didn't get the reaction I was looking for.
575,1565,6,25,88,119,1.3109243697478992,0.05167456363572488,672,They still think that they live on a turtle.
1868,1565,5,27,87,119,1.3109243697478992,0.05027753647152304,672,Good gawd ... these millennials.
750,1565,6,25,88,119,1.3109243697478992,0.05167456363572488,672,These people have been fighting for as long as I can remember!
862,1565,5,27,87,119,1.3109243697478992,0.05027753647152304,672,Wanna buy a back-scratcher?
1051,1565,5,27,87,119,1.3109243697478992,0.05027753647152304,672,"Sure, use up the last can of Off without telling me. Nice going."
1145,1565,5,27,87,119,1.3109243697478992,0.05027753647152304,672,I wandered by Lilliput again.
1342,1565,7,23,89,119,1.3109243697478992,0.0530348034807317,672,I’m gonna go take a shower. It’s been a long day.
1534,1565,11,15,93,119,1.3109243697478992,0.05815848857586342,672,I said I'm fine.
742,1565,6,25,88,119,1.3109243697478992,0.05167456363572488,672,It's the constant chatter..
4136,1602,5,25,83,113,1.3097345132743363,0.05195246967372173,672,They’re my base.
4210,1603,9,19,92,120,1.3083333333333333,0.05525068073567392,672,The shampoo isn’t working.
4149,1603,5,27,88,120,1.3083333333333333,0.04992407868072794,672,I've featured them in my new mural.
4087,1603,8,21,91,120,1.3083333333333333,0.05396833978682692,672,I give them rides and they give me accupuncture treatments.
4084,1603,3,31,86,120,1.3083333333333333,0.04703511015509146,672,The health benefits of an active biome simply cannot be overstated.
3941,1603,8,21,91,120,1.3083333333333333,0.05396833978682692,672,"Midge, call the exterminator - they're at it again."
3788,1603,6,25,89,120,1.3083333333333333,0.05130759840928513,672,It’s a symbiotic relationship. They eat the fleas.
3478,1603,5,27,88,120,1.3083333333333333,0.04992407868072794,672,Nit-anderthals.
3578,1603,4,29,87,120,1.3083333333333333,0.04850110936577174,672,...and they're all licensed accupuncturists!...
3462,1603,4,29,87,120,1.3083333333333333,0.04850110936577174,672,They just won’t get off my back!
3437,1603,5,27,88,120,1.3083333333333333,0.04992407868072794,672,I  love  acupuncture.
3359,1603,5,27,88,120,1.3083333333333333,0.04992407868072794,672,They do help with the flea problem
4328,1603,5,27,88,120,1.3083333333333333,0.04992407868072794,672,"Yeah, it's another bad hair day."
3746,1603,4,29,87,120,1.3083333333333333,0.04850110936577174,672,The doctor said this problem is spreading.
4366,1603,4,29,87,120,1.3083333333333333,0.04850110936577174,672,"Barbara,  just this one time , why can't  I have  your support instead of  your judgement"
5147,1603,7,23,90,120,1.3083333333333333,0.052654778291598966,672,"I know it looks painful, but it really helps my anxiety."
4422,1603,7,23,90,120,1.3083333333333333,0.052654778291598966,672,They'll just be a nuisance until they invent guns.
4579,1603,4,29,87,120,1.3083333333333333,0.04850110936577174,672,‘I’m not sure my acupuncturists new treatment plan is working for me ‘
4827,1603,10,17,93,120,1.3083333333333333,0.056503926803049116,672,Fleas again. I'll go take a bath.
4852,1603,4,29,87,120,1.3083333333333333,0.04850110936577174,672,Yeah. I ran out of the ointment.
4921,1603,6,25,89,120,1.3083333333333333,0.05130759840928513,672,I think I need something stronger than Head & Shoulders shampoo.
4934,1603,5,27,88,120,1.3083333333333333,0.04992407868072794,672,Want to play army men?
3339,1603,5,27,88,120,1.3083333333333333,0.04992407868072794,672,"They keep saying,""  Gulliven this ... and Gulliver that....!"
5227,1603,7,23,90,120,1.3083333333333333,0.052654778291598966,672,You ever stand up too fast and get a prickly feeling all over?
5326,1603,7,23,90,120,1.3083333333333333,0.052654778291598966,672,Lend me your human collar.
5350,1603,5,27,88,120,1.3083333333333333,0.04992407868072794,672,"They’re a little bit annoying, but my migraines have almost stopped!"
5384,1603,4,29,87,120,1.3083333333333333,0.04850110936577174,672,I got this new backscratcher from the as seen on the wall of that’s cave store
5553,1603,3,31,86,120,1.3083333333333333,0.04703511015509146,672,I hope you don’t mind - I invited the neighbors for dinner.
5575,1603,5,27,88,120,1.3083333333333333,0.04992407868072794,672,"The big one's named Hannibal, and he's been trying to take Rome for fifteen years."
4387,1603,5,27,88,120,1.3083333333333333,0.04992407868072794,672,"You scratch my back, I’ll scratch your back."
3257,1603,2,33,85,120,1.3083333333333333,0.04552192400253557,672,I like to think of it as free acupuncture.
3385,1603,5,27,88,120,1.3083333333333333,0.04992407868072794,672,It was my Mother's idea to name me Gulliver.
2989,1603,8,21,91,120,1.3083333333333333,0.05396833978682692,672,It's going around in my preschool.
239,1603,5,27,88,120,1.3083333333333333,0.04992407868072794,672,"Don’t tell them, but I’m considering the Paleo diet."
172,1603,5,27,88,120,1.3083333333333333,0.04992407868072794,672,"On the plus side, it's fixed my back pain"
386,1603,7,23,90,120,1.3083333333333333,0.052654778291598966,672,My hunter repellent is working.
478,1603,6,25,89,120,1.3083333333333333,0.05130759840928513,672,It's supposed to help with my lower back pain.
524,1603,5,27,88,120,1.3083333333333333,0.04992407868072794,672,The ticks are evolving. I hope they aren't carrying some new infectious disease. Most be related to climate  crisis.
1095,1603,1,35,84,120,1.3083333333333333,0.04395667801920045,672,Did you use the last of the caveman repellent?
1244,1603,3,31,86,120,1.3083333333333333,0.04703511015509146,672,"I know, I know, ‘stay out of the tall grass.’"
1251,1603,5,27,88,120,1.3083333333333333,0.04992407868072794,672,You DID suggest acupuncture. She was busy so she subcontracted it.
1338,1603,6,25,89,120,1.3083333333333333,0.05130759840928513,672,You said you were tested.
1462,1603,4,29,87,120,1.3083333333333333,0.04850110936577174,672,Do you have any pterodactyl balls? I hear they’re good for getting rid of pests on coats.
1564,1603,3,31,86,120,1.3083333333333333,0.04703511015509146,672,It's cheaper than acupuncture.
1779,1603,4,29,87,120,1.3083333333333333,0.04850110936577174,672,My mom says we have to use a special shampoo and comb.
2067,1603,6,25,89,120,1.3083333333333333,0.05130759840928513,672,I can sum up our strategy with one word: attrition.
2127,1603,8,21,91,120,1.3083333333333333,0.05396833978682692,672,"It’s carpool Uber, obviously."
2142,1603,3,31,86,120,1.3083333333333333,0.04703511015509146,672,It's the only acupuncture treatment covered by my insurance.
115,1603,4,29,87,120,1.3083333333333333,0.04850110936577174,672,"Honestly Larry, have to tried acupuncture? It's changed my life, you don't hear me complaining about back pain anymore."
2660,1603,7,23,90,120,1.3083333333333333,0.052654778291598966,672,Eh. The ride sharing economy won't last.
2786,1603,7,23,90,120,1.3083333333333333,0.052654778291598966,672,"all those warnings about safe sex, Bob... I should have listened."
3214,1603,7,23,90,120,1.3083333333333333,0.052654778291598966,672,You wouldn’t believe how good this feels
2870,1603,5,27,88,120,1.3083333333333333,0.04992407868072794,672,They're always fighting about who gets to ride shotgun.
2958,1603,3,31,86,120,1.3083333333333333,0.04703511015509146,672,"Let them tire themselves out.  Then, I'll swat them off and we'll have snacks."
284,1603,2,33,85,120,1.3083333333333333,0.04552192400253557,672,God love 'em.  They scratch an itch I could never reach.
269,1603,4,29,87,120,1.3083333333333333,0.04850110936577174,672,Let's talk about the 150-pound people in the room.
2614,1658,5,31,97,133,1.3082706766917294,0.04674461859389941,672,There are days like today when you need thick skin
5066,1659,7,22,88,117,1.3076923076923077,0.053552735138737206,672,I call them my Woolly Bullies
2479,1659,5,26,86,117,1.3076923076923077,0.050726433032338,672,Why don't you ever scratch my back like this?
2540,1659,6,24,87,117,1.3076923076923077,0.052158731047754654,672,If I die at least they will too
5441,1659,1,34,82,117,1.3076923076923077,0.04453899575510585,672,"Hey Herb, notice anything new?"
2674,1659,5,26,86,117,1.3076923076923077,0.050726433032338,672,I accidentally squashed one of the little ones and now they won't get off my back about it.
2677,1659,7,22,88,117,1.3076923076923077,0.053552735138737206,672,"Well, how'd you get rid of yours?"
2729,1659,6,24,87,117,1.3076923076923077,0.052158731047754654,672,I still think a flea collar is more subtle.
2754,1659,3,30,84,117,1.3076923076923077,0.04773307632584353,672,"I could get vaccinated against them, but what’s the worst they could do to me?"
2883,1659,5,26,86,117,1.3076923076923077,0.050726433032338,672,Eventually they will evolve into a smarter species called fleas.
3215,1659,7,22,88,117,1.3076923076923077,0.053552735138737206,672,I saw one by the tree out front and now I feel like they're all over me.
3311,1659,7,22,88,117,1.3076923076923077,0.053552735138737206,672,"Yeah, it helps, but my insurance won't cover it."
3314,1659,5,26,86,117,1.3076923076923077,0.050726433032338,672,I'm earning a little extra money as a Tuber driver.
3391,1659,2,32,83,117,1.3076923076923077,0.04616366925625682,672,I already tried the special shampoo. Next I’m supposed to go to some specialist who charges a tusk and a leg to pick them off individually.
3401,1659,7,22,88,117,1.3076923076923077,0.053552735138737206,672,"I've tried picking them out, but I hear you have to get the eggs."
5083,1659,8,20,89,117,1.3076923076923077,0.054911361822190065,672,They taste just like chicken.
3722,1659,9,18,90,117,1.3076923076923077,0.056237175191284336,672,Switch to Uber.
3868,1659,4,28,85,117,1.3076923076923077,0.049252500361469345,672,My acupuncturist swears by these guys.
3931,1659,6,24,87,117,1.3076923076923077,0.052158731047754654,672,They call themselves Democrats
4186,1659,4,28,85,117,1.3076923076923077,0.049252500361469345,672,I never should have poked the hive.
4299,1659,9,18,90,117,1.3076923076923077,0.056237175191284336,672,It'll take these guys 65 million years to invent GrubHub.
4339,1659,5,26,86,117,1.3076923076923077,0.050726433032338,672,Can't wait to see how this evolves
4666,1659,4,28,85,117,1.3076923076923077,0.049252500361469345,672,They're fun to watch and not bad at killing fleas.
4755,1659,5,26,86,117,1.3076923076923077,0.050726433032338,672,I strayed too close to the village and picked up a flesh-eating bacteria.
5325,1659,7,22,88,117,1.3076923076923077,0.053552735138737206,672,This new virus is going to be the death of me!
5218,1659,4,28,85,117,1.3076923076923077,0.049252500361469345,672,It's officially spear tick season.
5200,1659,3,30,84,117,1.3076923076923077,0.04773307632584353,672,I tried eating garlic but it just seemed to attract more.
5177,1659,5,26,86,117,1.3076923076923077,0.050726433032338,672,I’ve changed my mind about vaccinations
2448,1659,4,28,85,117,1.3076923076923077,0.049252500361469345,672,It’s surprisingly therapeutic.
5076,1659,7,22,88,117,1.3076923076923077,0.053552735138737206,672,Bad news. I think I may have picked something up at the bog again.
3860,1659,3,30,84,117,1.3076923076923077,0.04773307632584353,672,"I was going to roll over and squish them, but they are doing a pretty good job at scratching my back."
2212,1659,5,26,86,117,1.3076923076923077,0.050726433032338,672,It’s symbiotic. I carry them to the next village and they give me a great grooming.
2554,1659,3,30,84,117,1.3076923076923077,0.04773307632584353,672,Forgot my caveman spray again
2105,1659,4,28,85,117,1.3076923076923077,0.049252500361469345,672,They thought I was their Uber driver...
2110,1659,5,26,86,117,1.3076923076923077,0.050726433032338,672,Don’t worry. My doctor said it’s not contagious.
69,1659,5,26,86,117,1.3076923076923077,0.050726433032338,672,Have you seen my No Pest collar?
192,1659,3,30,84,117,1.3076923076923077,0.04773307632584353,672,Acupuncture -- you should try it!
231,1659,6,24,87,117,1.3076923076923077,0.052158731047754654,672,Have you ever tried acupuncture?
374,1659,4,28,85,117,1.3076923076923077,0.049252500361469345,672,You should see what they're doing to the Earth!
526,1659,5,26,86,117,1.3076923076923077,0.050726433032338,672,Too big for lice.
955,1659,5,26,86,117,1.3076923076923077,0.050726433032338,672,I liked it better when they were just gatherers.
1038,1659,7,22,88,117,1.3076923076923077,0.053552735138737206,672,They said they're only gathering.
1069,1659,3,30,84,117,1.3076923076923077,0.04773307632584353,672,"Well, if you didn't cheat on me, then HOW exactly did I get them?!"
1157,1659,3,30,84,117,1.3076923076923077,0.04773307632584353,672,The medical marijuana didn't help so I'm trying acupuncture.
1207,1659,4,28,85,117,1.3076923076923077,0.049252500361469345,672,"Is it just me, or are the mosquitoes really bad this year?"
794,1659,3,30,84,117,1.3076923076923077,0.04773307632584353,672,Someday there'll be a whole diet craze based on these idiots.
1227,1659,5,26,86,117,1.3076923076923077,0.050726433032338,672,My campaign message is for them to go back where they came from.
1245,1659,4,28,85,117,1.3076923076923077,0.049252500361469345,672,Actually it tickles!
1260,1659,6,24,87,117,1.3076923076923077,0.052158731047754654,672,I'm thinking of becoming a carnivore.
1305,1659,5,26,86,117,1.3076923076923077,0.050726433032338,672,At least they haven't discovered fire yet.
1396,1659,2,32,83,117,1.3076923076923077,0.04616366925625682,672,"But Mom, everyone wears them!"
1761,1659,6,24,87,117,1.3076923076923077,0.052158731047754654,672,I have it again - that feeling of pins and needles.
1918,1659,6,24,87,117,1.3076923076923077,0.052158731047754654,672,But keep your eye out for Gulliver!
1932,1659,10,16,91,117,1.3076923076923077,0.05753244380193613,672,Can't figure out why my back pain is getting worse
1211,1659,5,26,86,117,1.3076923076923077,0.050726433032338,672,"If I fall asleep in the wrong position, I wake up with pins and needles."
2080,1659,4,28,85,117,1.3076923076923077,0.049252500361469345,672,"They're small, so I'm getting them into painting."
3283,1714,3,29,82,114,1.3070175438596492,0.04846213288355209,672,Do you have any Neanderthal spray?
3874,1715,7,23,91,121,1.3057851239669422,0.052279940485995435,672,Can you spare a little flea  powder?
4044,1716,6,24,88,118,1.305084745762712,0.051780516327184625,672,They're not interested in a symbiotic relationship.
3725,1716,4,28,86,118,1.305084745762712,0.048902891201046676,672,Do you ever feel like there's something you just can't shake?
3387,1716,2,32,84,118,1.305084745762712,0.04584499606863309,672,I just hope they don't multiply.
2572,1716,7,22,89,118,1.305084745762712,0.05316094828682091,672,Just blow them off please.
2898,1716,7,22,89,118,1.305084745762712,0.05316094828682091,672,My name's Gulliver.  What's yours?
2714,1716,6,24,88,118,1.305084745762712,0.051780516327184625,672,"Sure it's annoying, but their optimistic ambition is just so darn cute."
2283,1716,8,20,90,118,1.305084745762712,0.05450643057840294,672,Works so much better than a flea collar.
4094,1716,6,24,88,118,1.305084745762712,0.051780516327184625,672,Do you believe we have a fossil fuel problem now?
1706,1716,7,22,89,118,1.305084745762712,0.05316094828682091,672,We can only hope that climate change will take care of these annoying pests.
3172,1716,3,30,85,118,1.305084745762712,0.047398609854901824,672,You get used to it after awhile.
4468,1716,8,20,90,118,1.305084745762712,0.05450643057840294,672,They’ve done wonders for my backache.
5425,1716,4,28,86,118,1.305084745762712,0.048902891201046676,672,School nurse said there’s a shampoo for it.
4632,1716,6,24,88,118,1.305084745762712,0.051780516327184625,672,"I’m shocked to report this is somehow relieving my back, neck and trunk pain."
4672,1716,4,28,86,118,1.305084745762712,0.048902891201046676,672,It’s only until I finish posing for the cave drawing.
4887,1716,9,18,91,118,1.305084745762712,0.05581949055699516,672,Apparently it's some sort of flash mob.
4962,1716,4,28,86,118,1.305084745762712,0.048902891201046676,672,"I don’t know, Janet, the acupuncture doesn’t seem to be working..."
4970,1716,4,28,86,118,1.305084745762712,0.048902891201046676,672,I'm going to try a different shampoo.
5145,1716,3,30,85,118,1.305084745762712,0.047398609854901824,672,I wish this weren’t such a hands-on exhibit.
5212,1716,6,24,88,118,1.305084745762712,0.051780516327184625,672,I’m not sure if they’re trying to eat me or worship me as a god.
5348,1716,6,24,88,118,1.305084745762712,0.051780516327184625,672,Isn't there a spray that gets rid of these?
1565,1716,6,24,88,118,1.305084745762712,0.051780516327184625,672,This too shall pass.
5500,1716,6,24,88,118,1.305084745762712,0.051780516327184625,672,It's just until I pay off my student loans
5581,1716,7,22,89,118,1.305084745762712,0.05316094828682091,672,"Help me, Sam! I’ve got a bad case of the wooly bullies!"
4486,1716,5,26,87,118,1.305084745762712,0.05036226086531086,672,They're very helpful when my back itches...
1488,1716,4,28,86,118,1.305084745762712,0.048902891201046676,672,I try to get acupuncture once a month as a part of my self-care routine.
2603,1716,6,24,88,118,1.305084745762712,0.051780516327184625,672,That's politics - I can never get these Democrats off my back.
1479,1716,6,24,88,118,1.305084745762712,0.051780516327184625,672,You're sitting on him
1483,1716,7,22,89,118,1.305084745762712,0.05316094828682091,672,It's a symbiotic relationship
123,1716,5,26,87,118,1.305084745762712,0.05036226086531086,672,"Don’t worry honey, you’ve helped me develop a thick skin"
171,1716,3,30,85,118,1.305084745762712,0.047398609854901824,672,I would just roll over on them if I could get back up.
180,1716,7,22,89,118,1.305084745762712,0.05316094828682091,672,I just followed the sign.  Have you ever heard of Liliputia?
444,1716,3,30,85,118,1.305084745762712,0.047398609854901824,672,Now they want me to scratch THEIR backs.
612,1716,6,24,88,118,1.305084745762712,0.051780516327184625,672,The doctor recommended acupuncture for my upper humpback
670,1716,6,24,88,118,1.305084745762712,0.051780516327184625,672,Some days I feel like I have a target painted on my back.
724,1716,5,26,87,118,1.305084745762712,0.05036226086531086,672,Should I tell them?
562,1716,5,26,87,118,1.305084745762712,0.05036226086531086,672,"They're harmless, I swear."
777,1716,6,24,88,118,1.305084745762712,0.051780516327184625,672,"It's better than scratching against the wall, but I promised to feed them when they're done."
854,1716,5,26,87,118,1.305084745762712,0.05036226086531086,672,"It’s called acupuncture, but they also make good appetizers."
925,1716,5,26,87,118,1.305084745762712,0.05036226086531086,672,Worst year for Neanderthals that I can remember.
1212,1716,7,22,89,118,1.305084745762712,0.05316094828682091,672,I'm going to go roll in the tar pit. Then we'll see who has the last laugh.
1254,1716,4,28,86,118,1.305084745762712,0.048902891201046676,672,So much for the flea collar.
1403,1716,5,26,87,118,1.305084745762712,0.05036226086531086,672,I wanted to build an army of these toy soldiers but they keep killing each other.
1425,1716,7,22,89,118,1.305084745762712,0.05316094828682091,672,Can I keep them? There's room for all of us.
3641,1759,3,29,83,115,1.3043478260869565,0.04811300111402382,672,"I know you're skeptical, but acupuncture really works."
3833,1759,7,21,87,115,1.3043478260869565,0.05408402796930844,672,It’s the verbal barbs that get me - like “you’ll never make it past the Pleistocene.”
3793,1759,2,31,82,115,1.3043478260869565,0.04650059757574452,672,They told me it was massage therapy.
3726,1759,5,25,85,115,1.3043478260869565,0.05118565696356253,672,"After they're done, I'm gonna eat 'em."
3717,1759,5,25,85,115,1.3043478260869565,0.05118565696356253,672,"On the form, they said they were artists."
3687,1759,5,25,85,115,1.3043478260869565,0.05118565696356253,672,"Don't worry, they're so inept they'll soon be extinct."
3675,1759,4,27,84,115,1.3043478260869565,0.04967309309369387,672,"Dammit, another outbreak!  Have we got any homopathic remedies?"
3956,1759,6,23,86,115,1.3043478260869565,0.05265478876691291,672,It's not that bad. At least they haven't discovered how to burn coal yet.
3628,1759,5,25,85,115,1.3043478260869565,0.05118565696356253,672,They keep off the lady bugs.
2879,1759,6,23,86,115,1.3043478260869565,0.05265478876691291,672,"I tell ya Sam, “wooly bully” is becoming a real issue."
3240,1759,7,21,87,115,1.3043478260869565,0.05408402796930844,672,They're called man.  Worse than ticks if you ask me.
3212,1759,8,19,88,115,1.3043478260869565,0.05547645791398057,672,They're so adorable when they're hungry.
3032,1759,6,23,86,115,1.3043478260869565,0.05265478876691291,672,"Get the tweezers, Ethel."
2952,1759,5,25,85,115,1.3043478260869565,0.05118565696356253,672,"Which word do you not understand,symbiosis or acupuncture?"
2935,1759,6,23,86,115,1.3043478260869565,0.05265478876691291,672,Mini-acupuncturists were buy-one-get-one-free
2932,1759,6,23,86,115,1.3043478260869565,0.05265478876691291,672,The bugs are really bad tonight
3983,1759,5,25,85,115,1.3043478260869565,0.05118565696356253,672,"Yeh,they’re evolving,they’re so cute."
2747,1759,5,25,85,115,1.3043478260869565,0.05118565696356253,672,"They are a nuisance, but at this rate, they'll be extinct soon and I won't have to put up with them."""
2738,1759,6,23,86,115,1.3043478260869565,0.05265478876691291,672,The moss on my fur seems to be part of a new fad they call the Precambrian diet.
3254,1759,7,21,87,115,1.3043478260869565,0.05408402796930844,672,Do we have anything for this?
4069,1759,5,25,85,115,1.3043478260869565,0.05118565696356253,672,I've tried a flea and tick collar...
4565,1759,4,27,84,115,1.3043478260869565,0.04967309309369387,672,"My back scratchers, and they're free!"
4185,1759,8,19,88,115,1.3043478260869565,0.05547645791398057,672,... they can never find the right spot.
4804,1759,5,25,85,115,1.3043478260869565,0.05118565696356253,672,Overconfidence does not bode well for the neanderthal species.
4870,1759,5,18,69,92,1.3043478260869565,0.05933846657583573,672,"""They seemed nice at first but then I realized they were just a bunch of neanderthals."""
5255,1759,7,21,87,115,1.3043478260869565,0.05408402796930844,672,The Cro-MAGAs are a lot worse this year. But luckily climate change will take care of them soon enough.
5272,1759,4,27,84,115,1.3043478260869565,0.04967309309369387,672,I got a mammoth back ache
5550,1759,6,23,86,115,1.3043478260869565,0.05265478876691291,672,They're more of a nuisance than anything - I don't think we really need to worry.
2594,1759,5,25,85,115,1.3043478260869565,0.05118565696356253,672,"They claim that acupuncture will help my arthritis, but I can't help questioning their motives."
4996,1759,7,21,87,115,1.3043478260869565,0.05408402796930844,672,"I'm trying to finish my taxes, but I just can't get those Cossackountants off my back."
4966,1759,5,25,85,115,1.3043478260869565,0.05118565696356253,672,"Wow, I didn’t think my fears would manifest this obviously."
4918,1759,7,21,87,115,1.3043478260869565,0.05408402796930844,672,They left their cell phones at home.
4889,1759,7,21,87,115,1.3043478260869565,0.05408402796930844,672,"Don't forget your OFF, the people are horrible today."
4741,1759,4,27,84,115,1.3043478260869565,0.04967309309369387,672,"Well, if you ignore  your problems, they'll just get bigger. Then where will we be?"
4662,1759,6,23,86,115,1.3043478260869565,0.05265478876691291,672,How much longer do we have to wait before extinction?
4658,1759,6,23,86,115,1.3043478260869565,0.05265478876691291,672,You and one more and we'll have a minyan.
4569,1759,5,25,85,115,1.3043478260869565,0.05118565696356253,672,We can’t seem to get rid of them.  I just know they will outlast us!
4557,1759,6,23,86,115,1.3043478260869565,0.05265478876691291,672,They want my Netflix password.
4551,1759,4,27,84,115,1.3043478260869565,0.04967309309369387,672,"Parasites,no cure in sight. But the way they behave they sure will extinct themselves one day."
4550,1759,5,25,85,115,1.3043478260869565,0.05118565696356253,672,I told you acupuncture wouldn't get rid of my stress.
4418,1759,7,21,87,115,1.3043478260869565,0.05408402796930844,672,It's something called Pokemon Go: the Iron Age Edition.
4350,1759,6,23,86,115,1.3043478260869565,0.05265478876691291,672,It's just a bunch of small pricks. Reduces the need for acupunture.
4120,1759,5,25,85,115,1.3043478260869565,0.05118565696356253,672,Sure it's annoying but it's not like they're gonna hunt us to extinction.
2278,1759,5,25,85,115,1.3043478260869565,0.05118565696356253,672,Stay away
63,1759,6,23,86,115,1.3043478260869565,0.05265478876691291,672,Secret Service protection.
2137,1759,7,21,87,115,1.3043478260869565,0.05408402796930844,672,"Do I look like a ""happy hunting ground?"""
1011,1759,6,23,86,115,1.3043478260869565,0.05265478876691291,672,You know I can't leave Sephora empty-handed.
997,1759,6,23,86,115,1.3043478260869565,0.05265478876691291,672,Acupuncture is the only thing that works for my headaches
987,1759,7,21,87,115,1.3043478260869565,0.05408402796930844,672,I’m going to go roll in the tar pit to get rid of these annoying stickers.
970,1759,9,17,89,115,1.3043478260869565,0.0568347841025052,672,Wait until you host the debate tomorrow night...
768,1759,5,25,85,115,1.3043478260869565,0.05118565696356253,672,My doctor says it's nothing to worry about.
556,1759,3,29,83,115,1.3043478260869565,0.04811300111402382,672,Today they told me that the ride is too bumpy and that I should go extinct.
1056,1759,7,21,87,115,1.3043478260869565,0.05408402796930844,672,Remember when I said you'd be hearing the pitter patter of little feet..?
467,1759,4,27,84,115,1.3043478260869565,0.04967309309369387,672,This woolly hurts.
318,1759,3,29,83,115,1.3043478260869565,0.04811300111402382,672,You we're wrong.  Size does matter.
312,1759,6,23,86,115,1.3043478260869565,0.05265478876691291,672,This Backupunture has really eliminated a ton of pain.
230,1759,5,25,85,115,1.3043478260869565,0.05118565696356253,672,I should have gotten my shot.
2234,1759,7,21,87,115,1.3043478260869565,0.05408402796930844,672,I paid a little extra for piercings. Worth every penny!
50,1759,6,23,86,115,1.3043478260869565,0.05265478876691291,672,"It’s symbiotic. I get acupuncture relief for my arthritis, and they release their primitive instincts."
41,1759,4,27,84,115,1.3043478260869565,0.04967309309369387,672,I can't wait for these to become extinct.
449,1759,6,23,86,115,1.3043478260869565,0.05265478876691291,672,"It's called acupuncture, and it feels great!"
1108,1759,5,25,85,115,1.3043478260869565,0.05118565696356253,672,I don't know where I got these little buggers but they sure take care of the ticks.
947,1759,4,27,84,115,1.3043478260869565,0.04967309309369387,672,"Morton had no idea how on-the-tusk Wilbur was when he told him, ""Ugh, these humans are going to be the death of me."""
1170,1759,2,31,82,115,1.3043478260869565,0.04650059757574452,672,They scratch my itch like you never did.
2013,1759,5,25,85,115,1.3043478260869565,0.05118565696356253,672,This dandruff is driving me nuts.
1167,1759,5,25,85,115,1.3043478260869565,0.05118565696356253,672,I’ve got an itch that just won’t go away
1980,1759,5,25,85,115,1.3043478260869565,0.05118565696356253,672,Someone needs to invent a better back scratcher.
1950,1759,4,27,84,115,1.3043478260869565,0.04967309309369387,672,And it's so much easier than using a lice comb.
1930,1759,4,27,84,115,1.3043478260869565,0.04967309309369387,672,The barbers are just about finished
1920,1759,4,27,84,115,1.3043478260869565,0.04967309309369387,672,"If  we ignore them, in time they'll go away."
1794,1759,7,21,87,115,1.3043478260869565,0.05408402796930844,672,"I call them ""action figures"""
2006,1759,8,19,88,115,1.3043478260869565,0.05547645791398057,672,So I told them a bunch of lies so they're more focused on fighting each other than coming after us!
1727,1759,5,25,85,115,1.3043478260869565,0.05118565696356253,672,I much prefer the Paleolithic Era re-enactors over the Mesolithic ones. Their spears are a lot less sharp.
1625,1759,2,31,82,115,1.3043478260869565,0.04650059757574452,672,This acupuncture treatment works wonders for my back pain
1604,1759,6,23,86,115,1.3043478260869565,0.05265478876691291,672,The tick season is really bad this year.
1543,1759,7,21,87,115,1.3043478260869565,0.05408402796930844,672,Would it kill you to say hi to the new neighbors?
1495,1759,5,25,85,115,1.3043478260869565,0.05118565696356253,672,"It's annoying, but my back and my Qi are aligned."
1267,1759,6,23,86,115,1.3043478260869565,0.05265478876691291,672,Keep your thoughts to yourself...I had an itch.
1780,1759,6,23,86,115,1.3043478260869565,0.05265478876691291,672,It's accu-tenderizing.
1713,1838,7,20,85,112,1.3035714285714286,0.05505245789298452,672,I'm beginning to have my doubts about accupuncture.
1976,1838,6,22,84,112,1.3035714285714286,0.05357142857142856,672,"If you scratch my back, I'll scratch yours."
2339,1838,4,26,82,112,1.3035714285714286,0.050479180237334983,672,I was warming myself up by this fire and all of a sudden they jumped me.
2456,1838,6,22,84,112,1.3035714285714286,0.05357142857142856,672,Doctor says roll over twice and see him in the morning
3017,1838,4,26,82,112,1.3035714285714286,0.050479180237334983,672,"I'm not telling you to get off my back, I'm telling them to."
4193,1838,4,26,82,112,1.3035714285714286,0.050479180237334983,672,Maybe this will change for our ancestors
4865,1838,8,18,86,112,1.3035714285714286,0.056494674801559785,672,I can’t tell you how much acupuncture has helped my back.
4708,1838,8,18,86,112,1.3035714285714286,0.056494674801559785,672,Better the hunter than the hunted.
4938,1838,5,24,83,112,1.3035714285714286,0.052048273730341064,672,"I know we are supposed to think big, but my first inclination was to use bug spray. When that didn't work, I switched to logic only  to have them poke holes in it."
5197,1838,3,28,81,112,1.3035714285714286,0.048859722436360505,672,They call it acupuncture. Try it.
5415,1838,5,24,83,112,1.3035714285714286,0.052048273730341064,672,"I thought it was a fad, too, but acupuncture changed my life."
1685,1838,5,24,83,112,1.3035714285714286,0.052048273730341064,672,I've solved my flea problem
4466,1838,5,24,83,112,1.3035714285714286,0.052048273730341064,672,Just call me “Gulliver.”
1389,1838,7,20,85,112,1.3035714285714286,0.05505245789298452,672,I haven’t had a flea in years
247,1838,7,20,85,112,1.3035714285714286,0.05505245789298452,672,"They are cute, but dumb. Definitely going to go extinct at some point soon."
966,1838,7,20,85,112,1.3035714285714286,0.05505245789298452,672,"They help with the ticks, that's for sure."
783,1838,7,20,85,112,1.3035714285714286,0.05505245789298452,672,"From an evolutionary perspective, they’re rather primitive"
1128,1838,5,24,83,112,1.3035714285714286,0.052048273730341064,672,They’ll eventually go away.
216,1838,6,22,84,112,1.3035714285714286,0.05357142857142856,672,That extinction option is sounding better and better.
4652,1857,1,34,84,119,1.3025210084033614,0.043938397802101084,672,"Actually, our relationship is codependent rather than symbiotic"
4860,1858,5,25,86,116,1.3017241379310345,0.05081026762656237,672,"Relax, they're legal immigrants."
4805,1858,6,23,87,116,1.3017241379310345,0.05226479057419202,672,They work for Mastodon flea and tick removal service.
2284,1858,7,21,88,116,1.3017241379310345,0.053679915901996444,672,Once the Ice Age begins these Neanderthals are history
2153,1858,8,19,89,116,1.3017241379310345,0.055058681501890964,672,"This group is harmless, but there is a R&D team working something called a Clovis point."
1969,1858,6,23,87,116,1.3017241379310345,0.05226479057419202,672,Easy solution:  I’m importing a couple of Saber Tooth Tigers.  What could go wrong?
1711,1858,2,31,83,116,1.3017241379310345,0.046172591261906815,672,Prehistoric Accupuncture.
448,1858,4,27,85,116,1.3017241379310345,0.04931286098779539,672,You could've at least helped with the groceries.
5288,1858,2,31,83,116,1.3017241379310345,0.046172591261906815,672,They say it’s a symbiotic relationship
1286,1858,6,23,87,116,1.3017241379310345,0.05226479057419202,672,It's doing wonders for my sciatica.
5383,1867,5,24,84,113,1.3008849557522124,0.051655518856673466,672,It’s supposed to relieve stress.
2130,1867,5,24,84,113,1.3008849557522124,0.051655518856673466,672,The doctor said I have jabs
2370,1867,6,22,85,113,1.3008849557522124,0.05316314927886814,672,It  just feels a little close to Caption Contest #665.
2427,1867,7,20,86,113,1.3008849557522124,0.05462918866450688,672,"Really honey, it’s gonna work. Dr Oz said so!"
2471,1867,5,24,84,113,1.3008849557522124,0.051655518856673466,672,It takes a village to look this good.
2546,1867,5,24,84,113,1.3008849557522124,0.051655518856673466,672,"I was skeptical at first, but I think the acupuncture is actually helping."
2565,1867,5,24,84,113,1.3008849557522124,0.051655518856673466,672,Worried? No. It's just a bunch of little pricks.
2926,1867,6,22,85,113,1.3008849557522124,0.05316314927886814,672,They're small but meaty
2982,1867,3,28,82,113,1.3008849557522124,0.04849986600560881,672,They're itchy but they'll go away soon.
3081,1867,4,26,83,113,1.3008849557522124,0.05010254300389431,672,"When you go to the stream, watch out! These things are all over the place."
3090,1867,6,22,85,113,1.3008849557522124,0.05316314927886814,672,"Look, sometimes it's hard to ignore the tribe in the room."
3127,1867,7,20,86,113,1.3008849557522124,0.05462918866450688,672,I'm pretty sure I got them from sleeping with Nancy.
3252,1867,8,18,87,113,1.3008849557522124,0.05605690026247755,672,"Yeah they are loud,angry and destructive but I needed  my back scratched."
3459,1867,4,26,83,113,1.3008849557522124,0.05010254300389431,672,Should I use that killer Tweet or just let them destroy each other on their own?
3614,1867,9,16,88,113,1.3008849557522124,0.05744914168142485,672,They aren't as bad as the crabs.
3752,1867,6,22,85,113,1.3008849557522124,0.05316314927886814,672,They scratch where it itches.
3867,1867,6,22,85,113,1.3008849557522124,0.05316314927886814,672,At least the ticks are gone.
4039,1867,5,24,84,113,1.3008849557522124,0.051655518856673466,672,My salon has that new tar treatment. I hear it gets ‘em right out.
4085,1867,7,20,86,113,1.3008849557522124,0.05462918866450688,672,They keep yapping about some dude named Hannibal.
4438,1867,5,24,84,113,1.3008849557522124,0.051655518856673466,672,"The good news is, we'll both be extinct in 10,000 years."
2112,1867,7,20,86,113,1.3008849557522124,0.05462918866450688,672,These pesky things are a mammoth pain in the neck!
4583,1867,8,18,87,113,1.3008849557522124,0.05605690026247755,672,I’m a believer. This acupuncture service is a godsend for my back.
4627,1867,7,20,86,113,1.3008849557522124,0.05462918866450688,672,"OK, the flea collar didn't work.  Got any other ideas?"
4637,1867,6,22,85,113,1.3008849557522124,0.05316314927886814,672,I’m spearheading the committee
4775,1867,6,22,85,113,1.3008849557522124,0.05316314927886814,672,These early hominids are driving me crazy. Let's hope they go extinct  when the next asteroid hits.
4961,1867,3,28,82,113,1.3008849557522124,0.04849986600560881,672,I just see it as free acupuncture.
5130,1867,5,24,84,113,1.3008849557522124,0.051655518856673466,672,These things act like they are trying to take over the world.
5246,1867,2,30,81,113,1.3008849557522124,0.04684238667774027,672,If they get too bothersome I do a rollover.
2094,1867,6,22,85,113,1.3008849557522124,0.05316314927886814,672,Yeah Sally. I’ve got a bad case of annoying humans.
4213,1867,5,24,84,113,1.3008849557522124,0.051655518856673466,672,"The angrier they get, the better the back scratch!"
1867,1867,5,24,84,113,1.3008849557522124,0.051655518856673466,672,Performance Art.  Why?
2051,1867,6,22,85,113,1.3008849557522124,0.05316314927886814,672,They'll be telling tales around the campfire for many years about the big one that got away.
113,1867,5,24,84,113,1.3008849557522124,0.051655518856673466,672,I hired them to get rid of  fleas
332,1867,4,26,83,113,1.3008849557522124,0.05010254300389431,672,"Acupuncture hasn't been invented yet, Karl."
428,1867,8,18,87,113,1.3008849557522124,0.05605690026247755,672,I think I touched a nerve. Three more just joined ‘The Squad’.”
458,1867,4,26,83,113,1.3008849557522124,0.05010254300389431,672,"No worries! Once the climate changes, they’ll make themselves extinct."
502,1867,7,20,86,113,1.3008849557522124,0.05462918866450688,672,My self-confidence has soared since I started micro-spearing.
508,1867,3,28,82,113,1.3008849557522124,0.04849986600560881,672,In another thousand years they will be big enough to become a problem!
542,1867,5,24,84,113,1.3008849557522124,0.051655518856673466,672,"I don't know why, but my neck suddenly feels better."
696,1867,4,26,83,113,1.3008849557522124,0.05010254300389431,672,"Salty, excellent crunch, squishy inside — snatch yourself a trunkful, you'll see..."
853,1867,3,28,82,113,1.3008849557522124,0.04849986600560881,672,My chiropractor suggested acupuncture. I carry a lot of weight in the trunk.
863,1867,5,24,84,113,1.3008849557522124,0.051655518856673466,672,Think of the fossil it will make!
1062,1867,4,26,83,113,1.3008849557522124,0.05010254300389431,672,Their going to be the end of us.
1232,1867,9,16,88,113,1.3008849557522124,0.05744914168142485,672,They’re curing my arthritis.
1234,1867,6,22,85,113,1.3008849557522124,0.05316314927886814,672,They want to cross the Alps. We'll be extinct before it happens.
1272,1867,6,22,85,113,1.3008849557522124,0.05316314927886814,672,I don't get a prickly heat rash when it is cold and icy.
1447,1867,5,24,84,113,1.3008849557522124,0.051655518856673466,672,Doc says I have 6 months to live.
1542,1867,7,20,86,113,1.3008849557522124,0.05462918866450688,672,You write one controversial tweet...
1608,1867,5,24,84,113,1.3008849557522124,0.051655518856673466,672,"I need to get something off my back."""
1611,1867,6,22,85,113,1.3008849557522124,0.05316314927886814,672,They’re just nitpicking.
21,1867,6,22,85,113,1.3008849557522124,0.05316314927886814,672,"They leave after killing the parasites. Quite harmless, really."
855,1918,3,31,89,123,1.3008130081300813,0.0460848317988001,672,Can you get out the nit comb?
2466,1918,4,29,90,123,1.3008130081300813,0.04750885962900499,672,"Don't worry... I hear there is this thing called a ""homo sapien"" that is going to get rid of them"
5549,1920,5,23,82,110,1.3,0.05254173447414248,672,I just want these monkey's off my back.
2209,1920,5,26,89,120,1.3,0.04964862530219501,672,"Parasites"""
1437,1920,3,27,80,110,1.3,0.04926482029567993,672,These things thrive on global warm ups.
1444,1920,4,25,81,110,1.3,0.05092963960365776,672,"Symbiotic? I snack on them, then pick my teeth with the spears."
4304,1920,8,17,85,110,1.3,0.05710561159579481,672,My physical therapist said dry needling would do wonders for my back.
4338,1925,4,30,93,127,1.2992125984251968,0.046519883558478206,672,"The deep tissue massage was good last time, but I'm thinking hot stone today."
5437,1926,7,21,89,117,1.2991452991452992,0.05328158030711152,672,I gave the Valkyries a ride.
2911,1926,5,25,87,117,1.2991452991452992,0.05044008690880406,672,Then we just cross tusks... and it's an ivory bridge to you!
5309,1928,2,30,82,114,1.2982456140350878,0.046504627901988,672,How do they know exactly where I itch?
2888,1928,7,20,87,114,1.2982456140350878,0.05421215169984737,672,Right now they’re just gathering. The hunting part comes later.
3208,1928,6,22,86,114,1.2982456140350878,0.05276079981200326,672,"Yeah....heigh ho, heigh ho, my ass!"
3519,1928,8,18,88,114,1.2982456140350878,0.0556256486438787,672,That bug spray you got me doesn’t work
3619,1928,7,20,87,114,1.2982456140350878,0.05421215169984737,672,Many years from now our descendants will be the mascot for a political party and the descendants of these guys on my back will be doing the same thing for the other party.
3630,1928,6,22,86,114,1.2982456140350878,0.05276079981200326,672,"It's called  acupuncture.  Seems kind of crazy, but it actually works."
3778,1928,3,28,83,114,1.2982456140350878,0.0481449458554825,672,I figure...What the hell? Let them have their little fun.
4211,1928,5,24,85,114,1.2982456140350878,0.0512683781845818,672,My holistic guy says it should help.
4697,1928,6,22,86,114,1.2982456140350878,0.05276079981200326,672,I couldn’t reach the itch...
4380,1928,4,26,84,114,1.2982456140350878,0.049731189474537224,672,Who’s this Gulliver they keep yelling about?
4409,1928,6,22,86,114,1.2982456140350878,0.05276079981200326,672,I had to take the Bering Land Bridge.
4580,1928,6,22,86,114,1.2982456140350878,0.05276079981200326,672,They're trying to get me to refinance my credit cards
4771,1928,6,22,86,114,1.2982456140350878,0.05276079981200326,672,Do you see something on my back? I feel something on my back.
4780,1928,6,22,86,114,1.2982456140350878,0.05276079981200326,672,It's my hair club for mammals.
4944,1928,5,24,85,114,1.2982456140350878,0.0512683781845818,672,Should I let them unionize?
2802,1928,7,20,87,114,1.2982456140350878,0.05421215169984737,672,The new Kevlar undercoat seems to be working well
4243,1928,6,22,86,114,1.2982456140350878,0.05276079981200326,672,"Not to worry, it's time for my dust bath."""
2676,1928,5,24,85,114,1.2982456140350878,0.0512683781845818,672,They showed up after my vacation in the tropics.
4964,1928,7,20,87,114,1.2982456140350878,0.05421215169984737,672,These hair-plug clips itch.
2059,1928,5,24,85,114,1.2982456140350878,0.0512683781845818,672,They’re dealing with my fleas.
2425,1928,7,20,87,114,1.2982456140350878,0.05421215169984737,672,Dave’s got lice again.
4850,1928,5,24,85,114,1.2982456140350878,0.0512683781845818,672,If these cavemen have lice I'm gonna freak.
364,1928,9,16,89,114,1.2982456140350878,0.05700410671326431,672,"Evidently, shampoo won't do the trick. We'll need a lice comb."
399,1928,6,22,86,114,1.2982456140350878,0.05276079981200326,672,"I specifically asked for vegan, non-vegan hors d’oeuvres."
592,1928,5,24,85,114,1.2982456140350878,0.0512683781845818,672,I am less worried about climate change now
1019,1928,4,26,84,114,1.2982456140350878,0.049731189474537224,672,"Wow, this is akin to phase II conversion therapy, Mr President.""  ....""I get it Mike, now order these little Congresswomen to STOP!"""
1255,1928,8,18,88,114,1.2982456140350878,0.0556256486438787,672,Is this the complaint department? This coat has humans.
1293,1928,6,22,86,114,1.2982456140350878,0.05276079981200326,672,So apparently the new neighbors are runter-gatherers.
98,1928,3,28,83,114,1.2982456140350878,0.0481449458554825,672,Will you check me for neanderthals?
1535,1928,7,20,87,114,1.2982456140350878,0.05421215169984737,672,"I don’t have your problem, as I wear the New Flea, Tick, and Hunter Gatherer Collar.!!"
1540,1928,8,18,88,114,1.2982456140350878,0.0556256486438787,672,No matter how much I exercise I just can't seem to lose any weight.
1579,1928,5,24,85,114,1.2982456140350878,0.0512683781845818,672,"It's annoying, but I'm achieving total Qi."
1596,1928,5,24,85,114,1.2982456140350878,0.0512683781845818,672,"I know we said no pets, but they scratch exactly where my trunk can't reach."
1682,1928,7,20,87,114,1.2982456140350878,0.05421215169984737,672,They spend a couple of days up there and come down as vegans.
1765,1928,4,26,84,114,1.2982456140350878,0.049731189474537224,672,Don't get too close; they're contagious.
1357,1928,4,26,84,114,1.2982456140350878,0.049731189474537224,672,It’s really disappointing how much smaller they seem off-cave.
1802,1928,4,26,84,114,1.2982456140350878,0.049731189474537224,672,"When they stop praising me, I'll eat 'em."
3899,1965,6,21,84,111,1.2972972972972974,0.053684238623566895,672,Where's the caveman repellent spray?
3916,1965,6,21,84,111,1.2972972972972974,0.053684238623566895,672,Eviction or Extinction?
3928,1965,5,23,83,111,1.2972972972972974,0.052136333902489805,672,Can I borrow your brush?
4027,1965,4,25,82,111,1.2972972972972974,0.050541044201636194,672,Sometimes it pinches a little but they've done wonders for my sciatica.
4028,1965,6,21,84,111,1.2972972972972974,0.053684238623566895,672,Humans? huh? I was hoping they were bedbugs.
4059,1965,6,21,84,111,1.2972972972972974,0.053684238623566895,672,I'll never babysit for the Smith's again.
4131,1965,4,25,82,111,1.2972972972972974,0.050541044201636194,672,With time I can domesticate them.
4078,1965,4,25,82,111,1.2972972972972974,0.050541044201636194,672,"Yeah, the pachydermatologist recommended I try the Human Conditioner"
4135,1965,3,27,81,111,1.2972972972972974,0.04889373155315086,672,They are great. Keep away the flees!
4141,1965,7,19,85,111,1.2972972972972974,0.05518874559538598,672,"Those puny humans, they think they will actually survive"
4168,1965,6,21,84,111,1.2972972972972974,0.053684238623566895,672,I’ll be glad when this species dies out.
3869,1965,6,21,84,111,1.2972972972972974,0.053684238623566895,672,It's something I picked up on my last trip to the East.
4071,1965,2,29,80,111,1.2972972972972974,0.04718894808523937,672,I can feel my back again
3801,1965,4,25,82,111,1.2972972972972974,0.050541044201636194,672,Just some guys I met at the pub.
3287,1965,8,17,86,111,1.2972972972972974,0.05665331238500004,672,My wife said I should get some small picks for the cheese platter.
3669,1965,3,27,81,111,1.2972972972972974,0.04889373155315086,672,They're from Monarch Delousing and Vermin Pest Control.
3026,1965,4,25,82,111,1.2972972972972974,0.050541044201636194,672,It's exhausting having so many followers.
3045,1965,4,25,82,111,1.2972972972972974,0.050541044201636194,672,It’s cheaper than a massage.
3064,1965,5,23,83,111,1.2972972972972974,0.052136333902489805,672,Did that guy really just ask for more ketchup?
3082,1965,5,23,83,111,1.2972972972972974,0.052136333902489805,672,Better than a flea collar!!
3093,1965,7,19,85,111,1.2972972972972974,0.05518874559538598,672,"I hate to bring up the elephant in the room, but it feels like a #metoo movement taking place on my back- I guess I will keep my trunk to myself!"
3136,1965,4,25,82,111,1.2972972972972974,0.050541044201636194,672,It will only get worse as this place gets warmer.
3785,1965,3,27,81,111,1.2972972972972974,0.04889373155315086,672,What worries me most is Lyme Disease.
3204,1965,8,17,86,111,1.2972972972972974,0.05665331238500004,672,It's called acupuncture.  Try it!
3400,1965,4,25,82,111,1.2972972972972974,0.050541044201636194,672,Ha.  Bet they didn’t think that whole Jurassic Park cloning thing would end up like this...
3429,1965,4,25,82,111,1.2972972972972974,0.050541044201636194,672,I actually thought they were smarter.
3636,1965,7,19,85,111,1.2972972972972974,0.05518874559538598,672,I wish they knew the words to something besides “Alley Oop”
3650,1965,3,27,81,111,1.2972972972972974,0.04889373155315086,672,Can I borrow that shampoo again?
3652,1965,6,21,84,111,1.2972972972972974,0.053684238623566895,672,"Useless, annoying little pests.  Can't wait for evolution to get rid of them."
3657,1965,3,27,81,111,1.2972972972972974,0.04889373155315086,672,I have a feeling these pesky new humans are not going to be good for the planet.
4181,1965,4,25,82,111,1.2972972972972974,0.050541044201636194,672,Doc says 10 to 14 eons should clear it up.
4237,1965,4,25,82,111,1.2972972972972974,0.050541044201636194,672,"Yes, acupuncture is expensive, but I'm worth it."
4485,1965,4,25,82,111,1.2972972972972974,0.050541044201636194,672,Meet my new backscratchers.
4345,1965,7,19,85,111,1.2972972972972974,0.05518874559538598,672,They say acupuncture can prevent extinction.
5573,1965,3,27,81,111,1.2972972972972974,0.04889373155315086,672,Apparently there's a collar available.
2941,1965,5,23,83,111,1.2972972972972974,0.052136333902489805,672,"So I washed and rinsed, but I didn't repeat, and the next day THIS happened."
5451,1965,3,27,81,111,1.2972972972972974,0.04889373155315086,672,Acupuncture isn't covered by my HMO.
5585,1965,3,27,81,111,1.2972972972972974,0.04889373155315086,672,Sometimes  the natives are a little annoying
5416,1965,8,17,86,111,1.2972972972972974,0.05665331238500004,672,I'm afraid my back problem is evolving.
5378,1965,5,23,83,111,1.2972972972972974,0.052136333902489805,672,It's a new Chinese treatment for toothaches.
5298,1965,5,23,83,111,1.2972972972972974,0.052136333902489805,672,Behold the seven chakras in a mammoth body.
5278,1965,4,25,82,111,1.2972972972972974,0.050541044201636194,672,Maybe they'll be less annoying once they develop agriculture.
5259,1965,5,23,83,111,1.2972972972972974,0.052136333902489805,672,"Pesky, yes, but doomed."
5235,1965,9,15,87,111,1.2972972972972974,0.05808096046031404,672,"No, No. Nothing so mundane! I got this when I attended a conference in Berkeley and ran smack into a Pro-Trump ``Proud Boys'' rally."
5181,1965,6,21,84,111,1.2972972972972974,0.053684238623566895,672,Apparently I have energy blockages in my deltoids.
5172,1965,5,23,83,111,1.2972972972972974,0.052136333902489805,672,"They're having fun now, but when I'm extinct the party's over."
5082,1965,8,17,86,111,1.2972972972972974,0.05665331238500004,672,I took your advice and introduced some divisive issues. Should be good to go in a week or so...
5047,1965,5,23,83,111,1.2972972972972974,0.052136333902489805,672,"it's good for hair growth, you ought to try it"
5045,1965,3,27,81,111,1.2972972972972974,0.04889373155315086,672,"If you sleep with mastiffs, you get fleas."
5010,1965,5,23,83,111,1.2972972972972974,0.052136333902489805,672,Sure they're parasites. But they give a great back scratch.
4950,1965,6,21,84,111,1.2972972972972974,0.053684238623566895,672,They've invented a way to kill fleas.
5510,1965,6,21,84,111,1.2972972972972974,0.053684238623566895,672,"If you lie down with mastodons, you get up with humans."
4358,1965,8,17,86,111,1.2972972972972974,0.05665331238500004,672,I tried the flea collar...they keep coming back!
4362,1965,7,19,85,111,1.2972972972972974,0.05518874559538598,672,This isn't our cave!
4364,1965,5,23,83,111,1.2972972972972974,0.052136333902489805,672,What happened to that scrimshaw back scratcher your mother gave us?
4374,1965,6,21,84,111,1.2972972972972974,0.053684238623566895,672,So much for being friendly to the natives
4391,1965,2,29,80,111,1.2972972972972974,0.04718894808523937,672,It must be my perfume!
4308,1965,5,23,83,111,1.2972972972972974,0.052136333902489805,672,"Don’t worry, they have a special shampoo for this"
4488,1965,4,25,82,111,1.2972972972972974,0.050541044201636194,672,Take a look at what I brought back home from the trunk sale.
4633,1965,4,25,82,111,1.2972972972972974,0.050541044201636194,672,Dude the weed is hitting me
4643,1965,6,21,84,111,1.2972972972972974,0.053684238623566895,672,The latest in flea control..
4665,1965,3,27,81,111,1.2972972972972974,0.04889373155315086,672,This new alternative medicine really helps with my chronic back pain.
4822,1965,5,23,83,111,1.2972972972972974,0.052136333902489805,672,I wish there was a collar for this.
4832,1965,3,27,81,111,1.2972972972972974,0.04889373155315086,672,"You ever roll in the dirt, and get up more itchy than when you started?"
4919,1965,5,23,83,111,1.2972972972972974,0.052136333902489805,672,"I've even tried tar shampoo, but I just can't seem to get rid of the damned things."
4523,1965,5,23,83,111,1.2972972972972974,0.052136333902489805,672,These flies are out of contorl.
2877,1965,2,29,80,111,1.2972972972972974,0.04718894808523937,672,The itches are wonderfully scratched.
24,1965,4,25,82,111,1.2972972972972974,0.050541044201636194,672,I survived the Ice Age for this?
2773,1965,4,25,82,111,1.2972972972972974,0.050541044201636194,672,"Not fleas, more like mosquitoes!"
1475,1965,5,23,83,111,1.2972972972972974,0.052136333902489805,672,Is acupuncture really beneficial?
1454,1965,6,21,84,111,1.2972972972972974,0.053684238623566895,672,They’ll detail your car too.
1453,1965,2,29,80,111,1.2972972972972974,0.04718894808523937,672,May I borrow a comb?
1417,1965,5,23,83,111,1.2972972972972974,0.052136333902489805,672,That's the last time I sleep in a cave.
1411,1965,4,25,82,111,1.2972972972972974,0.050541044201636194,672,They won't evolve without team building.
1406,1965,4,25,82,111,1.2972972972972974,0.050541044201636194,672,Have you received your shot? Think of the herd immunity!
1340,1965,5,23,83,111,1.2972972972972974,0.052136333902489805,672,"I know how it looks, but you promised me to try new things on this spa weekend in Lilliput."
1214,1965,6,21,84,111,1.2972972972972974,0.053684238623566895,672,I just had the strangest dream.
1149,1965,5,23,83,111,1.2972972972972974,0.052136333902489805,672,The itching won't stop but I checked my bed and can't find a thing!
1131,1965,7,19,85,111,1.2972972972972974,0.05518874559538598,672,They said something about wanting a Trojan Mastodon.
1064,1965,5,23,83,111,1.2972972972972974,0.052136333902489805,672,The kids brought them home from elementary school! AGAIN!
903,1965,6,21,84,111,1.2972972972972974,0.053684238623566895,672,"You have to try this latest homeopathic  massage and acupuncture technique, so relaxing."
885,1965,6,21,84,111,1.2972972972972974,0.053684238623566895,672,You're just jealous because you don't have your own tick patrol keeping you clean.
2876,1965,7,19,85,111,1.2972972972972974,0.05518874559538598,672,Do you like my manscaping?
1489,1965,4,25,82,111,1.2972972972972974,0.050541044201636194,672,"Hey, could you scratch my back? Another tiny spear infestation."
769,1965,4,25,82,111,1.2972972972972974,0.050541044201636194,672,Easiest hunting expedition ever.
697,1965,4,25,82,111,1.2972972972972974,0.050541044201636194,672,Bed humans again! Time to fumigate.
622,1965,7,19,85,111,1.2972972972972974,0.05518874559538598,672,Run for it and go freeze yourself while you still can!
578,1965,3,27,81,111,1.2972972972972974,0.04889373155315086,672,You really need to be careful where you sleep.
545,1965,5,23,83,111,1.2972972972972974,0.052136333902489805,672,"Oh, them? They're no problem at all. In fact, they keep my coat clean and woolly."
489,1965,3,27,81,111,1.2972972972972974,0.04889373155315086,672,"The enlightened frugivores now want to eat prey, love."
480,1965,5,23,83,111,1.2972972972972974,0.052136333902489805,672,I knew mobile acupuncture was a bad idea
451,1965,5,23,83,111,1.2972972972972974,0.052136333902489805,672,They're Wooly Bullies Sam.
285,1965,3,27,81,111,1.2972972972972974,0.04889373155315086,672,They're great for removing ticks.
273,1965,8,17,86,111,1.2972972972972974,0.05665331238500004,672,This acupuncture is really helping my back.
253,1965,2,29,80,111,1.2972972972972974,0.04718894808523937,672,"Honey, in what drawer do we keep the Raid Human Spray?"
166,1965,3,27,81,111,1.2972972972972974,0.04889373155315086,672,They're my nitpickers.
165,1965,2,29,80,111,1.2972972972972974,0.04718894808523937,672,"I figure we wait for them to die and degrade then use their tiny bodies as fuel"""
158,1965,6,21,84,111,1.2972972972972974,0.053684238623566895,672,It's always nice to get your back scratched.
142,1965,5,23,83,111,1.2972972972972974,0.052136333902489805,672,Can you see whether they have Clovis points?
727,1965,6,21,84,111,1.2972972972972974,0.053684238623566895,672,"They call themselves ""Democrats"",or something. If they ever unite, they could be a problem"
1499,1965,6,21,84,111,1.2972972972972974,0.053684238623566895,672,I don’t know...some new thing called ‘Acupuncture’.
1361,1965,5,23,83,111,1.2972972972972974,0.052136333902489805,672,It’s what I get for going out without the flea collar
1581,1965,5,23,83,111,1.2972972972972974,0.052136333902489805,672,Did those big white tic birds go extinct?
2751,1965,7,19,85,111,1.2972972972972974,0.05518874559538598,672,They make good back scratchers.
2744,1965,7,19,85,111,1.2972972972972974,0.05518874559538598,672,You're not going to believe the results of my genealogy testing.
2682,1965,7,19,85,111,1.2972972972972974,0.05518874559538598,672,I'll start to get concerned when they develop language.
2645,1965,6,21,84,111,1.2972972972972974,0.053684238623566895,672,"I don’t know, this whole acupuncture thing is a little too new-age for my tastes."
2580,1965,2,29,80,111,1.2972972972972974,0.04718894808523937,672,I'm being nice because one day they may rule this place.
2502,1965,4,25,82,111,1.2972972972972974,0.050541044201636194,672,It's called acupuncture. I'm hoping it helps with my migraines.
1538,1965,4,25,82,111,1.2972972972972974,0.050541044201636194,672,"Something’s been weighing on me, and I need to get it off of my back."
2305,1965,5,23,83,111,1.2972972972972974,0.052136333902489805,672,Couldn't sleep--my back's been killing me all night.
2292,1965,5,23,83,111,1.2972972972972974,0.052136333902489805,672,They’re annoying but harmless. I don’t expect them to be much trouble.
2241,1965,4,25,82,111,1.2972972972972974,0.050541044201636194,672,Almost found the spot....just scratch a little higher.
2227,1965,7,19,85,111,1.2972972972972974,0.05518874559538598,672,They're good at getting the nits.
2172,1965,4,25,82,111,1.2972972972972974,0.050541044201636194,672,Better watch out; it might be contagious.
2145,1965,4,25,82,111,1.2972972972972974,0.050541044201636194,672,They love to dance and it feels so good!
2091,1965,4,25,82,111,1.2972972972972974,0.050541044201636194,672,You can’t even go out for a walk anymore.
2047,1965,8,17,86,111,1.2972972972972974,0.05665331238500004,672,You got to try it. It's the best cure for fleas ever.
2457,1965,2,29,80,111,1.2972972972972974,0.04718894808523937,672,"When they're exhausted  fighting over who gets the
tusks, I'll just eat them."""
2027,1965,7,19,85,111,1.2972972972972974,0.05518874559538598,672,Got any Quell?
2008,1965,5,23,83,111,1.2972972972972974,0.052136333902489805,672,"You know those pedicures that use little fish to nibble on your feet? Well, this is the massage version of that."
1996,1965,5,23,83,111,1.2972972972972974,0.052136333902489805,672,These acupuncturists are total Neanderthals. One star!
1911,1965,7,19,85,111,1.2972972972972974,0.05518874559538598,672,"Manhood for them, acupuncture for me."
1833,1965,8,17,86,111,1.2972972972972974,0.05665331238500004,672,Acupuncture is awesome.
1776,1965,3,27,81,111,1.2972972972972974,0.04889373155315086,672,Suddenly extinction doesn't seem so bad.
1768,1965,6,21,84,111,1.2972972972972974,0.053684238623566895,672,The doc swears it'll help with my back pain.
2029,1965,5,23,83,111,1.2972972972972974,0.052136333902489805,672,"I just auditioned for a ""back pain"" commercial."
1714,1965,4,25,82,111,1.2972972972972974,0.050541044201636194,672,Barbara swears it'll do wonders for my lumbago.
1594,1965,7,19,85,111,1.2972972972972974,0.05518874559538598,672,"They're mostly a nuisance, but they really get in the way when I'm on a date."
1677,1965,4,25,82,111,1.2972972972972974,0.050541044201636194,672,Thanks for the Acupuncture tip. Definitely helps with blood circulation.
4122,2095,5,20,76,101,1.297029702970297,0.05548089396483922,672,"Aren’t they cute?
Can we keep them?"
2298,2096,3,26,79,108,1.2962962962962963,0.04967749792909111,672,I swear it’s not contagious
2478,2096,6,20,82,108,1.2962962962962963,0.05465404468179352,672,I think this problem might be bigger than it looks.
1816,2096,4,24,80,108,1.2962962962962963,0.05138992184293592,672,"They gave me three months if left untreated. It's this or the fire ants."""
2897,2096,4,24,80,108,1.2962962962962963,0.05138992184293592,672,"Unsightly , I know—but it’s so much cheaper than acupuncture!"
3880,2100,4,26,85,115,1.2956521739130435,0.04936501916575575,672,Cavemen? What cavemen?
866,2101,5,23,84,112,1.2946428571428572,0.05173687396429152,672,"No, they just like lice."
2748,2101,3,27,82,112,1.2946428571428572,0.04852786628161868,672,That caveman repellent obviously doesn’t work.
4915,2101,5,23,84,112,1.2946428571428572,0.05173687396429152,672,"You know,you're absolutely right. I can hardly feel the acupuncture spears at all!"
2347,2104,5,22,82,109,1.2935779816513762,0.0526284205017466,672,I'm not sure community acupuncture is worth the lower price.
3458,2104,8,16,85,109,1.2935779816513762,0.057266348237260505,672,They like Dancing to Wooly Bully
3422,2104,5,22,82,109,1.2935779816513762,0.0526284205017466,672,I’ve been pain free the entire way home.  They call it alternative medicine.
2798,2104,5,22,82,109,1.2935779816513762,0.0526284205017466,672,"You really should try massage, Janice. It's so relaxing."
3157,2104,7,18,84,109,1.2935779816513762,0.055763249323579414,672,My theory is survival of the biggest.
2933,2104,4,24,81,109,1.2935779816513762,0.05098878287624791,672,Definitely more annoying than lice and ticks...
2709,2104,6,20,83,109,1.2935779816513762,0.05421849601211906,672,They scratch the itch pretty well. You should try them.
2430,2104,6,20,83,109,1.2935779816513762,0.05421849601211906,672,I guess these Dems know I'm more of an elephant than you are.
2388,2104,6,20,83,109,1.2935779816513762,0.05421849601211906,672,"They needed a ride. They're obviously harmless, so why not?"
2319,2104,6,20,83,109,1.2935779816513762,0.05421849601211906,672,It’s like a stabbing pain in my back that just won’t go away.
3569,2104,5,22,82,109,1.2935779816513762,0.0526284205017466,672,Your anthropologist told my zoologist they’re supposedly symbiotic.”
3319,2104,4,24,81,109,1.2935779816513762,0.05098878287624791,672,"No, they're not trained in acupuncture per se."
3582,2104,3,26,80,109,1.2935779816513762,0.04929463778032701,672,"Yep, that's the future you're looking at."
4060,2104,6,20,83,109,1.2935779816513762,0.05421849601211906,672,"Sometimes, it takes more than a village."
3595,2104,4,24,81,109,1.2935779816513762,0.05098878287624791,672,"a little to the right and down, please"
3716,2104,5,22,82,109,1.2935779816513762,0.0526284205017466,672,"For them, lice is a delicacy."
3877,2104,5,22,82,109,1.2935779816513762,0.0526284205017466,672,They needed a place to practice.
2237,2104,4,24,81,109,1.2935779816513762,0.05098878287624791,672,"They’re cute little guys, but they’ll probably be extinct in about  a hundred years."
5109,2104,4,24,81,109,1.2935779816513762,0.05098878287624791,672,It's called acupuncture. I feel great!
5229,2104,5,22,82,109,1.2935779816513762,0.0526284205017466,672,This new massage therapy is so relaxing.
4980,2104,4,24,81,109,1.2935779816513762,0.05098878287624791,672,I can't tell if they're fighting each other or mad at me.
4826,2104,6,20,83,109,1.2935779816513762,0.05421849601211906,672,"OK,Hold still. They're just getting you groomed for the next GOP convention."
4648,2104,6,20,83,109,1.2935779816513762,0.05421849601211906,672,They’re calling it the new age of acupuncture.
4471,2104,1,30,78,109,1.2935779816513762,0.045718398739223405,672,They’re so cute when they get mad.
4278,2104,5,22,82,109,1.2935779816513762,0.0526284205017466,672,At least they can’t build a fire yet.
4414,2104,7,18,84,109,1.2935779816513762,0.055763249323579414,672,You simply should try this Neanderthal acupuncture; it simply is spin-tingling!
5456,2104,3,26,80,109,1.2935779816513762,0.04929463778032701,672,I hate to bring work home.
2157,2104,6,20,83,109,1.2935779816513762,0.05421849601211906,672,And you think your fleas are annoying.
212,2104,7,18,84,109,1.2935779816513762,0.055763249323579414,672,I think their prehistory is a bit off
1990,2104,7,18,84,109,1.2935779816513762,0.055763249323579414,672,"Yeah, and they itch too."
149,2104,6,20,83,109,1.2935779816513762,0.05421849601211906,672,He gave me a special shampoo but I think I’ll just shave and be done with it.
2028,2104,5,22,82,109,1.2935779816513762,0.0526284205017466,672,"It's a lot cheaper than acupuncture, I'll tell you that!"
160,2104,4,24,81,109,1.2935779816513762,0.05098878287624791,672,This species will go extinct long before we do.
321,2104,4,24,81,109,1.2935779816513762,0.05098878287624791,672,I’ve always found their paintings to appear a bit grandiose.
325,2104,4,24,81,109,1.2935779816513762,0.05098878287624791,672,It’s just until my back pain is gone.
398,2104,5,22,82,109,1.2935779816513762,0.0526284205017466,672,We have Bedouin bugs again.
574,2104,6,20,83,109,1.2935779816513762,0.05421849601211906,672,Check out my new back scratcher.
637,2104,4,24,81,109,1.2935779816513762,0.05098878287624791,672,I should have know better than sleep in a cave
308,2104,5,22,82,109,1.2935779816513762,0.0526284205017466,672,It's a good thing they're not the size of monkeys.
787,2104,6,20,83,109,1.2935779816513762,0.05421849601211906,672,The Cro Magnon repellant isn't working.
1014,2104,4,24,81,109,1.2935779816513762,0.05098878287624791,672,Stay calm and they'll go extinct.
1485,2104,5,22,82,109,1.2935779816513762,0.0526284205017466,672,Love acupuncture day
1498,2104,3,26,80,109,1.2935779816513762,0.04929463778032701,672,They're my acupuncturist team.
1569,2104,2,28,79,109,1.2935779816513762,0.04754015827262393,672,The lady at the Macy's beauty counter swears these are the latest hair accessory coming out of Paris.
1721,2104,4,24,81,109,1.2935779816513762,0.05098878287624791,672,We're still in the early days of ride-share technology.
1923,2104,4,24,81,109,1.2935779816513762,0.05098878287624791,672,They misheard ‘Spare me.’ as “Spear me.’
680,2104,5,22,82,109,1.2935779816513762,0.0526284205017466,672,They keep the flies off.
4095,2151,5,23,85,113,1.2920353982300885,0.05134323397766262,672,Its called the Neander Cleaning Service.  They chiseled their location on the cave wall we sleep in.”
372,2152,2,31,87,120,1.2916666666666667,0.044902373611302976,672,I'm in a clinical trial for a new flea medicine.
782,2153,4,24,82,110,1.290909090909091,0.050593565285346906,672,"‘They tickle a bit, but haven’t been too much trouble.’"
814,2153,7,18,85,110,1.290909090909091,0.0553184043737809,672,Quite a stupid species”
850,2153,5,22,83,110,1.290909090909091,0.05221603699703269,672,"Don't worry, Marsha, they may be stupid, violent and annoying, but before you know it they'll be extinct."
4284,2153,4,24,82,110,1.290909090909091,0.050593565285346906,672,There are more of them than there are of us
2999,2153,4,24,82,110,1.290909090909091,0.050593565285346906,672,Finally a dandruff treatment that really works!
3062,2153,7,18,85,110,1.290909090909091,0.0553184043737809,672,They are much more effective than a flea and tick spray.
4763,2153,6,20,84,110,1.290909090909091,0.053789591847013624,672,"It's acupuncture, I'm trying to lose weight"
1952,2153,2,28,80,110,1.290909090909091,0.04718153776104595,672,Standing on the shoulders of giants just doesn't work with these jerks !
778,2153,7,18,85,110,1.290909090909091,0.0553184043737809,672,Cleaning my rug.
571,2153,4,24,82,110,1.290909090909091,0.050593565285346906,672,Do you charge them separately or as a group?
4204,2163,5,21,81,107,1.2897196261682242,0.05313209848747781,672,Makes me just wanna run off a cliff.
1877,2163,4,23,80,107,1.2897196261682242,0.05144593420696998,672,I just don't have the heart-besides my sciatica has never felt better
2306,2163,7,17,83,107,1.2897196261682242,0.05635327298563374,672,"Environmentalists protecting my tusks, it's all the rage!"
2420,2163,5,21,81,107,1.2897196261682242,0.05313209848747781,672,It’s just an annoyance really - I give them two...three weeks tops.
2485,2163,3,25,79,107,1.2897196261682242,0.04970259956151918,672,My pachydermatologist recommended them.
2591,2163,4,23,80,107,1.2897196261682242,0.05144593420696998,672,"Mom, my back hair is itching"
2601,2163,5,21,81,107,1.2897196261682242,0.05313209848747781,672,They can be yours for $25 an hour.
2605,2163,7,17,83,107,1.2897196261682242,0.05635327298563374,672,"No, I'm not going to the doctor. How bad could it get?"
2680,2163,4,23,80,107,1.2897196261682242,0.05144593420696998,672,What? They're not gonna kill me!
2694,2163,3,25,79,107,1.2897196261682242,0.04970259956151918,672,Dandruff shampoo didn‘t help a bit!
2767,2163,4,23,80,107,1.2897196261682242,0.05144593420696998,672,It’s to bad I’m not on the Paleo diet... then I could just eat them.
3357,2163,5,21,81,107,1.2897196261682242,0.05313209848747781,672,"Whaddya think--pack hunters, or parasites?"
3377,2163,2,27,78,107,1.2897196261682242,0.04789585222039136,672,I've grown quite fond of them.
1866,2163,3,25,79,107,1.2897196261682242,0.04970259956151918,672,"Yeah, I  was  going  to eat  them but they made  me an offer and I gotta tell  you, I'm feeling like a kid again."
3873,2163,8,15,84,107,1.2897196261682242,0.057896693510497775,672,Bad hair day.
4003,2163,6,19,82,107,1.2897196261682242,0.05476637319503821,672,How can you just sit there? I am Democracy and I'm under attack.
4083,2163,4,23,80,107,1.2897196261682242,0.05144593420696998,672,They say it'll help restore my qi.
4088,2163,3,25,79,107,1.2897196261682242,0.04970259956151918,672,I pay them by the flea.
4090,2163,2,27,78,107,1.2897196261682242,0.04789585222039136,672,I don't think they're blind but so far they have me as some sort of dome.
5485,2163,4,23,80,107,1.2897196261682242,0.05144593420696998,672,What an itch! I'm going to need some anti-man-druff shampoo!
4877,2163,5,21,81,107,1.2897196261682242,0.05313209848747781,672,"Yes, I do have a mammoth problem;
but they are small and should die-off soon."
4779,2163,6,19,82,107,1.2897196261682242,0.05476637319503821,672,"Try symbiosis,"" they said. ""It'll be great."
4737,2163,6,19,82,107,1.2897196261682242,0.05476637319503821,672,"Well it’s like they say, the best-laid plans of mammoths and men often go awry"
4645,2163,4,23,80,107,1.2897196261682242,0.05144593420696998,672,I gotta get these monkeys off my back.
4567,2163,6,19,82,107,1.2897196261682242,0.05476637319503821,672,They're not so deplorable when you get to know them.
4511,2163,5,21,81,107,1.2897196261682242,0.05313209848747781,672,Are these microfauna giving me a massage?
4410,2163,5,21,81,107,1.2897196261682242,0.05313209848747781,672,So this is death by a thousand pricks.
3950,2163,4,23,80,107,1.2897196261682242,0.05144593420696998,672,No I don't think they carry Lyme's disease but please be careful when you remove them.
1640,2163,4,23,80,107,1.2897196261682242,0.05144593420696998,672,Is this a sign of our impending extinction as a species?
4869,2163,4,23,80,107,1.2897196261682242,0.05144593420696998,672,It's the Atila the Hun's flea and tick control!
1512,2163,5,21,81,107,1.2897196261682242,0.05313209848747781,672,The worst part is having to shave these locks to get rid of them.
1612,2163,3,25,79,107,1.2897196261682242,0.04970259956151918,672,"Neanderthals, I tell ya."
51,2163,4,23,80,107,1.2897196261682242,0.05144593420696998,672,Try as they may they can’t get rid of me.
77,2163,4,23,80,107,1.2897196261682242,0.05144593420696998,672,You don't like my model caveman collection then?
82,2163,4,23,80,107,1.2897196261682242,0.05144593420696998,672,I've got to get one of those repellent collars.
111,2163,5,21,81,107,1.2897196261682242,0.05313209848747781,672,You scratch your back; they’ll scratch mine.
167,2163,3,25,79,107,1.2897196261682242,0.04970259956151918,672,I see you lost your flea and Neanderthal collar again.
392,2163,5,21,81,107,1.2897196261682242,0.05313209848747781,672,"It's not the job, it's the commute."
533,2163,4,23,80,107,1.2897196261682242,0.05144593420696998,672,"Ugh, I forgot to spray before my walk."
737,2163,6,19,82,107,1.2897196261682242,0.05476637319503821,672,I wish they'd quit fighting over me.
105,2163,3,25,79,107,1.2897196261682242,0.04970259956151918,672,Eventually they’ll give up and turn to agriculture.
841,2163,6,19,82,107,1.2897196261682242,0.05476637319503821,672,It's those damn Hannibal kids again...
880,2163,4,23,80,107,1.2897196261682242,0.05144593420696998,672,"I've tried to forget, but the pricks are annoying!"
930,2163,8,15,84,107,1.2897196261682242,0.057896693510497775,672,Can I borrow your repellent?
1030,2163,1,29,77,107,1.2897196261682242,0.046018223745190455,672,I hate the prickly heat.
1035,2163,3,25,79,107,1.2897196261682242,0.04970259956151918,672,What a bunch of  Neandrathals.
1045,2163,3,25,79,107,1.2897196261682242,0.04970259956151918,672,They say they're just gathering.
1106,2163,3,25,79,107,1.2897196261682242,0.04970259956151918,672,You can always expect pests at economy lodgings
1135,2163,4,23,80,107,1.2897196261682242,0.05144593420696998,672,...it's much more convenient than having to wait for an acupuncturist appointment
1461,2163,9,13,85,107,1.2897196261682242,0.059400024096827375,672,Witch hunt!
807,2163,4,23,80,107,1.2897196261682242,0.05144593420696998,672,"Don’t worry Honey, the infestation usually disappears in the winter. No worries."
5332,2214,5,23,86,114,1.2894736842105263,0.05095529609423011,672,I suspect these pests will soon go extinct.
4361,2215,5,20,79,104,1.2884615384615385,0.05409496552888029,672,They say they are going to evolve and one day become the dominant species on earth.
3743,2216,4,24,83,111,1.2882882882882882,0.05020414897705795,672,"Man is so egotistical, they make a weapon and believe they are the rulers wherever they roam!"
1644,2216,5,22,84,111,1.2882882882882882,0.05180981314684307,672,Be careful - they multiply and spread like lice.
3084,2216,4,24,83,111,1.2882882882882882,0.05020414897705795,672,Next week you be the rideodon.
2602,2219,5,21,82,108,1.287037037037037,0.052706147914873866,672,I view it as acupuncture.
1796,2219,6,19,83,108,1.287037037037037,0.05432318376671947,672,They’re mini-Neanderthals. I really like them.
2109,2221,7,16,82,105,1.2857142857142858,0.0569594125052752,672,"Don't worry, they'll die off soon."
2538,2221,4,22,79,105,1.2857142857142858,0.05191265860554197,672,Flea hunters.
2649,2221,4,22,79,105,1.2857142857142858,0.05191265860554197,672,These idiots will eat anything.
2861,2221,6,18,81,105,1.2857142857142858,0.05532833351724881,672,I've found my calling as a creation myth.
2469,2221,2,26,77,105,1.2857142857142858,0.048255815786236424,672,Gwyneth said they have anti-aging properties.
2376,2221,4,22,79,105,1.2857142857142858,0.05191265860554197,672,Do you ever wonder how this survival of the fittest will play out?
5211,2221,6,18,81,105,1.2857142857142858,0.05532833351724881,672,I forgot the Neanderthal repellent.
3431,2221,7,16,82,105,1.2857142857142858,0.0569594125052752,672,I call it Neanderpuncture; it does wonders for my sciatica!
3445,2221,4,22,79,105,1.2857142857142858,0.05191265860554197,672,Today's new word is anthropocene.
3666,2221,6,18,81,105,1.2857142857142858,0.05532833351724881,672,No matter what I do I can't seem to get these monkeys off my back
3829,2221,4,22,79,105,1.2857142857142858,0.05191265860554197,672,They’re raving about the view!
4373,2221,6,18,81,105,1.2857142857142858,0.05532833351724881,672,What do you mean I looks like a diorama?
2074,2221,8,14,83,105,1.2857142857142858,0.05854506688096174,672,"I know I should feel conquered, 
but it just tickles sometimes."
3246,2221,4,22,79,105,1.2857142857142858,0.05191265860554197,672,They're much better than a loofah...
1618,2221,6,18,81,105,1.2857142857142858,0.05532833351724881,672,Do I have any flies on my back?
305,2221,6,18,81,105,1.2857142857142858,0.05532833351724881,672,They're doing wonders for my chronic fatigue syndrome.
1366,2221,5,20,80,105,1.2857142857142858,0.053647686871343615,672,Size matters.
1303,2221,6,18,81,105,1.2857142857142858,0.05532833351724881,672,You didn't catch them from me...
1021,2221,3,24,78,105,1.2857142857142858,0.0501176011032588,672,"It was kind of funny when they jumped me but honestly, it's getting old."
860,2221,4,22,79,105,1.2857142857142858,0.05191265860554197,672,My doctor recommended some acupuncture to relieve my back pain.
800,2221,6,18,81,105,1.2857142857142858,0.05532833351724881,672,"How was your day, dear?"
607,2221,6,18,81,105,1.2857142857142858,0.05532833351724881,672,They're calling it Acupuncture.
499,2221,7,16,82,105,1.2857142857142858,0.0569594125052752,672,Know where I can find a back scratcher?
3921,2221,3,26,83,112,1.2857142857142858,0.04817882055187921,672,"Ever since Trump ended their military exercises, they don’t know what to do with themselves."
1398,2221,4,22,79,105,1.2857142857142858,0.05191265860554197,672,So gross! And they say these things would survive an ice age!
2868,2246,4,22,80,106,1.2830188679245282,0.05149118153223209,672,My back is much better since the acupuncture
2890,2246,3,24,79,106,1.2830188679245282,0.04971566409360453,672,They help keep the tickosaurs under control.
2948,2246,5,20,81,106,1.2830188679245282,0.053207483448312415,672,"I know it's controversial, but it does seem to ease some lower back pain."
2961,2246,3,24,79,106,1.2830188679245282,0.04971566409360453,672,"Well, I think it is better than fleas, but what do I know?"
3110,2246,6,18,82,106,1.2830188679245282,0.05487012679245056,672,There used to be eight
3119,2246,5,20,81,106,1.2830188679245282,0.053207483448312415,672,"Go ahead, one won't kill you,"" you said"
3406,2246,6,18,82,106,1.2830188679245282,0.05487012679245056,672,I'll need your help getting the toothpicks into the hors d' oeuvres.
4713,2246,5,20,81,106,1.2830188679245282,0.053207483448312415,672,This commute just gets worse by the day.
3847,2246,4,22,80,106,1.2830188679245282,0.05149118153223209,672,They come out this time every year!
5096,2246,4,22,80,106,1.2830188679245282,0.05149118153223209,672,This is what happens when there is an elephant in the arena.
5063,2246,2,26,78,106,1.2830188679245282,0.0478743432012488,672,Carpooling might help is keep this Ice Age around a bit longer.
4555,2246,5,20,81,106,1.2830188679245282,0.053207483448312415,672,Got any anti-mandruff shampoo?
4236,2246,3,24,79,106,1.2830188679245282,0.04971566409360453,672,I don’t have that flea problem anymore.
4125,2246,4,22,80,106,1.2830188679245282,0.05149118153223209,672,Don’t they know my coat is blood and gore-Tex?
2777,2246,6,18,82,106,1.2830188679245282,0.05487012679245056,672,I think it's Titus Andronicus.
3495,2246,5,20,81,106,1.2830188679245282,0.053207483448312415,672,"They keep chanting, ""We are the Master Dons!"" 
It's getting under my skin."
2761,2246,6,18,82,106,1.2830188679245282,0.05487012679245056,672,Hair plugs. I'm losing my woolly...
890,2246,4,22,80,106,1.2830188679245282,0.05149118153223209,672,These little critters will be the death of me yet!
2244,2246,7,16,83,106,1.2830188679245282,0.056483850201068636,672,"I should have waited for the sun to go down, the bipeds are bad out there."
2133,2246,3,24,79,106,1.2830188679245282,0.04971566409360453,672,Crack open the peanut butter- they just discovered fire.
2049,2246,2,26,78,106,1.2830188679245282,0.0478743432012488,672,I've got humans - they're worse than fleas.
1786,2246,6,18,82,106,1.2830188679245282,0.05487012679245056,672,It does wonders for my sciatica.
1643,2246,6,18,82,106,1.2830188679245282,0.05487012679245056,672,"If I had known I'd have guests, I would've conditioned."
1626,2246,4,22,80,106,1.2830188679245282,0.05149118153223209,672,I just have this sinking feeling that the world is out to get me
1586,2246,2,26,78,106,1.2830188679245282,0.0478743432012488,672,Do you have any bug spray?
1370,2246,5,20,81,106,1.2830188679245282,0.053207483448312415,672,Don't worry. They'll be extinct by morning.
1317,2246,6,18,82,106,1.2830188679245282,0.05487012679245056,672,I feel like we’re avoiding the tribesmen in the room.
1304,2246,6,18,82,106,1.2830188679245282,0.05487012679245056,672,"I feel sorry for them -- behaving like that, they're likely to go extinct."
1093,2246,2,26,78,106,1.2830188679245282,0.0478743432012488,672,Why exterminate? I'll just let them kill each other.
2315,2246,4,22,80,106,1.2830188679245282,0.05149118153223209,672,"It's okay, actually. They eat the bugs."
4969,2276,5,18,76,99,1.2828282828282829,0.055681908749133445,672,One more evening like this and I throw myself into the fjord.
2970,2276,6,16,77,99,1.2828282828282829,0.05750320013036443,672,I wouldn't mind so much if  they'd just get along with each other
1508,2276,1,26,72,99,1.2828282828282829,0.047706422091822624,672,Just taking my cave people for a walk.
872,2276,6,16,77,99,1.2828282828282829,0.05750320013036443,672,"They haven’t invented language, yet, so they don’t quite grasp that there’s a very good reason we’re called mammoths."
5433,2276,6,16,77,99,1.2828282828282829,0.05750320013036443,672,"I'm so sorry, honey. Just one calf came to school with them, and now the entire herd has them."
5078,2281,7,15,81,103,1.2815533980582525,0.057582286576893085,672,Found out what happened to old Charlie.
2765,2281,5,19,79,103,1.2815533980582525,0.05417550100575275,672,Of course it's painful. That's what you have to do if you want immortality through art.
2833,2281,5,19,79,103,1.2815533980582525,0.05417550100575275,672,The seem harmless enough
2866,2281,4,21,78,103,1.2815533980582525,0.0523890971493569,672,You should try this deep tissue massage.
3169,2281,2,25,76,103,1.2815533980582525,0.04861977665441945,672,"A pack of Pomeranians could take me down, but not these guys."
3189,2281,4,21,78,103,1.2815533980582525,0.0523890971493569,672,My hairdresser calls it “the cutting edge.”
3233,2281,3,23,77,103,1.2815533980582525,0.05053958934365407,672,"I'm never using that travel site again. That last cave we stayed in was NOT five stars, and these aren't bedbugs!"
3267,2281,4,21,78,103,1.2815533980582525,0.0523890971493569,672,Now you can you stop nitpicking me?
3271,2281,4,21,78,103,1.2815533980582525,0.0523890971493569,672,I think they are trying to communicate.
3300,2281,4,21,78,103,1.2815533980582525,0.0523890971493569,672,Just a little pygmy-up from my fur dresser.
3360,2281,5,19,79,103,1.2815533980582525,0.05417550100575275,672,Gulliver's got nothing on me!
3369,2281,5,19,79,103,1.2815533980582525,0.05417550100575275,672,Research shows they evolved from ticks. Same MO.
3414,2281,6,17,80,103,1.2815533980582525,0.05590485057956849,672,There is no way that by ignoring a small problem it will grow and eventually threaten the future habitability of a species.
5290,2281,5,19,79,103,1.2815533980582525,0.05417550100575275,672,"My doctor recommended it, it's called Group Acupuncture"
3503,2281,4,21,78,103,1.2815533980582525,0.0523890971493569,672,"They don't live very long, so I just wait for them to die and drop off."
3812,2281,1,27,75,103,1.2815533980582525,0.04662097460184706,672,It's the new thing - acupuncture.
3952,2281,5,19,79,103,1.2815533980582525,0.05417550100575275,672,We can roam just as soon as I get these guys out my hair.
4098,2281,3,23,77,103,1.2815533980582525,0.05053958934365407,672,The school nurse said you need to buy me a special shampoo.
4341,2281,5,19,79,103,1.2815533980582525,0.05417550100575275,672,Visit www.urgentcareforliceremoval.com
4515,2281,4,21,78,103,1.2815533980582525,0.0523890971493569,672,"I know they're parasites, but they tickle."
4591,2281,4,21,78,103,1.2815533980582525,0.0523890971493569,672,"I”m sorry Wooly, it appears you have head lice”"
4925,2281,4,21,78,103,1.2815533980582525,0.0523890971493569,672,I have the feeling this isn't a completely symbiotic relationship.
5530,2281,1,27,75,103,1.2815533980582525,0.04662097460184706,672,Where do we keep the Lilliputian spray?
2679,2281,3,23,77,103,1.2815533980582525,0.05053958934365407,672,It’s called symbiosis. By the way you can get a set down by the river.
5460,2281,5,19,79,103,1.2815533980582525,0.05417550100575275,672,"They're nearly extinct, so I let them practice hunting."
5410,2281,6,17,80,103,1.2815533980582525,0.05590485057956849,672,I'll take bedbugs any day.
5014,2281,6,17,80,103,1.2815533980582525,0.05590485057956849,672,Don't go outside - it's evolution again.
3579,2281,3,23,77,103,1.2815533980582525,0.05053958934365407,672,"For the last time, I’m not going to the doctor. I’m sure they’ll go away on their own."
2377,2281,2,25,76,103,1.2815533980582525,0.04861977665441945,672,You get used to them after a while.
1220,2281,4,21,78,103,1.2815533980582525,0.0523890971493569,672,"If acupuncture doesn't relieve the pain, I'm exploring cryonics."
169,2281,6,17,80,103,1.2815533980582525,0.05590485057956849,672,Explain 'law of attraction' to me again...
446,2281,3,23,77,103,1.2815533980582525,0.05053958934365407,672,It doesn't look like this is going to clear up any time soon...
503,2281,9,11,83,103,1.2815533980582525,0.06079847486263587,672,"It's come to my attention, these guys are idiots."
639,2281,4,21,78,103,1.2815533980582525,0.0523890971493569,672,I forget.
645,2281,6,17,80,103,1.2815533980582525,0.05590485057956849,672,I'm one good jump away from being a cave painter.
710,2281,3,23,77,103,1.2815533980582525,0.05053958934365407,672,I think there’s a special shampoo that will kill them off.
785,2281,3,23,77,103,1.2815533980582525,0.05053958934365407,672,I'm teaching them to fetch.
789,2281,5,19,79,103,1.2815533980582525,0.05417550100575275,672,"So I said, Lillipu-whats?"
919,2281,4,21,78,103,1.2815533980582525,0.0523890971493569,672,"A little more to the left, and down a rib..."
1060,2281,5,19,79,103,1.2815533980582525,0.05417550100575275,672,"I know they are Lilliputians,
I just forget what they want"
924,2281,2,25,76,103,1.2815533980582525,0.04861977665441945,672,Rhinos have it easy.
1123,2281,5,19,79,103,1.2815533980582525,0.05417550100575275,672,I'm trying acupuncture.
1205,2281,5,19,79,103,1.2815533980582525,0.05417550100575275,672,Last time I bring home fast food!
2289,2281,2,25,76,103,1.2815533980582525,0.04861977665441945,672,They make me appreciate fleas.
1348,2281,7,15,81,103,1.2815533980582525,0.057582286576893085,672,I'm letting them have their moment.
1392,2281,4,21,78,103,1.2815533980582525,0.0523890971493569,672,They’re great at keeping the flies away.
1605,2281,3,23,77,103,1.2815533980582525,0.05053958934365407,672,"Don’t worry, they’ll die out. Hell, they don’t even think this is an  Ice Age!"
1647,2281,7,15,81,103,1.2815533980582525,0.057582286576893085,672,"It's called colonialism, Jerry."
1700,2281,3,23,77,103,1.2815533980582525,0.05053958934365407,672,I know your feelings on alternative medicines but with my back the way it is I'm willing to try anything.
1759,2281,4,21,78,103,1.2815533980582525,0.0523890971493569,672,"Frankly, I've had better shiatsu."
1115,2281,4,21,78,103,1.2815533980582525,0.0523890971493569,672,Do you have any disinfectant?
8,2281,4,21,78,103,1.2815533980582525,0.0523890971493569,672,"Can you pick up some more Deet tomorrow, meanwhile you want to see a neat trick?"
4282,2333,5,20,82,107,1.280373831775701,0.05277419771887758,672,"I’ve just had a brainstorm!
I’m naming it ‘The Hunt and Peck Method.’"
4772,2334,5,21,85,111,1.2792792792792793,0.051466887283750935,672,I called 1-800-BACKSCRATCH.
1712,2334,6,19,86,111,1.2792792792792793,0.05303433463784087,672,I believe they call it Accupuncture
3692,2336,4,19,74,97,1.2783505154639174,0.05432787544248239,672,"As I was saying, it’s called an Ego, and it’s destroyed them before."
2352,2336,2,23,72,97,1.2783505154639174,0.05021916751091231,672,"I tell you Steve, I've just got that itch that global warming is coming."
2386,2338,5,15,70,90,1.2777777777777777,0.05918248251508745,672,"You should try it - it's free with Medicare"""
3872,2339,4,20,77,101,1.2772277227722773,0.05287536603096511,672,Don't worry. They only act like cavemen.
3841,2339,3,22,76,101,1.2772277227722773,0.0509684660444901,672,I know I shouldn’t but I feel sorry for them.
3822,2339,5,18,78,101,1.2772277227722773,0.05471584902830932,672,The cavemen are really bad this time of year.
3723,2339,2,24,75,101,1.2772277227722773,0.04898739357169499,672,I picked them up for my cave portrait.
3545,2339,4,20,77,101,1.2772277227722773,0.05287536603096511,672,Is it kicking in for you yet?
3543,2339,6,16,79,101,1.2772277227722773,0.05649640640668161,672,"They’re too small to bother us, so what’s the harm in leaving them alone?"
3392,2339,3,22,76,101,1.2772277227722773,0.0509684660444901,672,"No, not cute, they want our ivory"
3388,2339,2,24,75,101,1.2772277227722773,0.04898739357169499,672,"I'm trying out not showering,"
3321,2339,4,20,77,101,1.2772277227722773,0.05287536603096511,672,Don't worry. They will evolve.
3251,2339,2,24,75,101,1.2772277227722773,0.04898739357169499,672,"Trust me, they won't survive. Look how small they are."
3142,2339,3,22,76,101,1.2772277227722773,0.0509684660444901,672,Gaming conventions will be the death of mammoths.
2950,2339,6,16,79,101,1.2772277227722773,0.05649640640668161,672,Don't worry in a million years their species will be extinct. It will be all ours.
2778,2339,5,18,78,101,1.2772277227722773,0.05471584902830932,672,Just because I picked up men does mean I have been with anyone else.
2616,2339,7,14,80,101,1.2772277227722773,0.058222536348471916,672,What was the name of that shampoo you used?
2628,2339,6,16,79,101,1.2772277227722773,0.05649640640668161,672,You're sure this is acupuncture?
2763,2339,3,22,76,101,1.2772277227722773,0.0509684660444901,672,We have a largely symbiotic relationship.
2641,2339,6,16,79,101,1.2772277227722773,0.05649640640668161,672,I regret nothing.
2636,2339,1,26,74,101,1.2772277227722773,0.04692275489533777,672,"They are playing Lord of Flies, how stupid is that?"
3949,2339,4,20,77,101,1.2772277227722773,0.05287536603096511,672,"I brought a few friends home to dinner, dear."
4849,2339,5,18,78,101,1.2772277227722773,0.05471584902830932,672,I carry my emotions.
4041,2339,5,18,78,101,1.2772277227722773,0.05471584902830932,672,My flea removal squad. Told them to make it quick. I'll be gone soon.
5583,2339,4,20,77,101,1.2772277227722773,0.05287536603096511,672,"It's your turn to give them a piggyback, I am going to extinct now."
5493,2339,4,20,77,101,1.2772277227722773,0.05287536603096511,672,"You watch the little ones for a while, I took them out for a walk."
5465,2339,5,18,78,101,1.2772277227722773,0.05471584902830932,672,Is Lilliput nearby?
5340,2339,4,20,77,101,1.2772277227722773,0.05287536603096511,672,They just look bigger in the cave art.
5311,2339,4,20,77,101,1.2772277227722773,0.05287536603096511,672,It beats having fleas.
4900,2339,4,20,77,101,1.2772277227722773,0.05287536603096511,672,"Between you and me, I'm just acting like it hurts. Common courtesy, you know? Give em a little ego boost."
4880,2339,5,18,78,101,1.2772277227722773,0.05471584902830932,672,"Baby, scratch my back."
2604,2339,4,20,77,101,1.2772277227722773,0.05287536603096511,672,I'm a nice guy. Why is everyone picking on me?
4834,2339,5,18,78,101,1.2772277227722773,0.05471584902830932,672,My primary care told me it's due to stress.
4785,2339,5,18,78,101,1.2772277227722773,0.05471584902830932,672,Someone should tell them there's a reason we're called mammoths.
4721,2339,4,20,77,101,1.2772277227722773,0.05287536603096511,672,Is there enough for a shish kabob lunch?
4607,2339,3,22,76,101,1.2772277227722773,0.0509684660444901,672,"Boy, the bugs are really biting this morning."
4512,2339,3,22,76,101,1.2772277227722773,0.0509684660444901,672,"Let live, let others live!"
4396,2339,5,18,78,101,1.2772277227722773,0.05471584902830932,672,You say try Head & Shoulders?
4347,2339,5,18,78,101,1.2772277227722773,0.05471584902830932,672,Don't come too close I'm infected with a heptad.
4337,2339,6,16,79,101,1.2772277227722773,0.05649640640668161,672,This dandruff is making me terribly itchy!
4206,2339,4,20,77,101,1.2772277227722773,0.05287536603096511,672,"Leave them alone, they're harmless."
4162,2339,5,18,78,101,1.2772277227722773,0.05471584902830932,672,I see a natural catastrophe as threatening; not these little fellas
4092,2339,4,20,77,101,1.2772277227722773,0.05287536603096511,672,I need a better caveman repellent.
4030,2339,4,20,77,101,1.2772277227722773,0.05287536603096511,672,"I know, I promised not to bring work home."
2346,2339,4,20,77,101,1.2772277227722773,0.05287536603096511,672,They needed a sanctuary and a purpose.
3130,2339,5,18,78,101,1.2772277227722773,0.05471584902830932,672,I should probably get this treated before it infects The World
2230,2339,4,20,77,101,1.2772277227722773,0.05287536603096511,672,This pesticide ban is driving me crazy.
1077,2339,4,20,77,101,1.2772277227722773,0.05287536603096511,672,Paleolithic men don't bother me much.
1050,2339,3,22,76,101,1.2772277227722773,0.0509684660444901,672,Beats a back scratcher.
839,2339,3,22,76,101,1.2772277227722773,0.0509684660444901,672,I'm growing weary of being an Airbnb host.
733,2339,5,18,78,101,1.2772277227722773,0.05471584902830932,672,I miss Whoville.
597,2339,5,18,78,101,1.2772277227722773,0.05471584902830932,672,I'm told it's just the season for it.
568,2339,3,22,76,101,1.2772277227722773,0.0509684660444901,672,Don't worry- the doctor says they aren't contagious
501,2339,3,22,76,101,1.2772277227722773,0.0509684660444901,672,"Don't be scared, what harm can they do?"
1089,2339,6,16,79,101,1.2772277227722773,0.05649640640668161,672,"So then I said, I want the 6 cylinder, same price, and now you can just throw in an extra cylinder or I walk!"
469,2339,3,22,76,101,1.2772277227722773,0.0509684660444901,672,"I can't decide if its a symbiotic or parasitic relationship, what do you think"
2260,2339,5,18,78,101,1.2772277227722773,0.05471584902830932,672,They will be the end of me
316,2339,4,20,77,101,1.2772277227722773,0.05287536603096511,672,Climate change? I don't see the connection.
229,2339,4,20,77,101,1.2772277227722773,0.05287536603096511,672,I'm thinking it's just a bad case of dandruff
108,2339,4,20,77,101,1.2772277227722773,0.05287536603096511,672,"The wheel massages are kind of nice, but I could do without the nightly bon fires."
102,2339,5,18,78,101,1.2772277227722773,0.05471584902830932,672,Make Mammoths Great Again.
36,2339,3,22,76,101,1.2772277227722773,0.0509684660444901,672,9 out of 10 Walrus’ recommended this form of acupuncture
30,2339,4,20,77,101,1.2772277227722773,0.05287536603096511,672,If you groom them off me I might not have a headache tonight...
380,2339,4,20,77,101,1.2772277227722773,0.05287536603096511,672,The smart money is on the Ice Age killing us off before these guys do.
1132,2339,6,16,79,101,1.2772277227722773,0.05649640640668161,672,I haven't had the heart to tell them they're not on the veld.
327,2339,3,22,76,101,1.2772277227722773,0.0509684660444901,672,Do you ever get the feeling that we're not the only ones here?
1241,2339,3,22,76,101,1.2772277227722773,0.0509684660444901,672,"My doctor calls it ""alternative."""
2224,2339,4,20,77,101,1.2772277227722773,0.05287536603096511,672,They make great backscratchers. What could possibly go wrong?
2171,2339,4,20,77,101,1.2772277227722773,0.05287536603096511,672,Could you check me for ticks?
2122,2339,3,22,76,101,1.2772277227722773,0.0509684660444901,672,It looks worse than it is. Usually clears up in the first hail storm.
2118,2339,5,18,78,101,1.2772277227722773,0.05471584902830932,672,I'm going to call it acupuncture.
2093,2339,4,20,77,101,1.2772277227722773,0.05287536603096511,672,"Sweep them off with your trunk, then we'll step on them."
2076,2339,6,16,79,101,1.2772277227722773,0.05649640640668161,672,We carry their primitive past on our backs.
1919,2339,7,14,80,101,1.2772277227722773,0.058222536348471916,672,"I keep hearing them murmur, ""One bite at a time..."""
1895,2339,5,18,78,101,1.2772277227722773,0.05471584902830932,672,This early mandruff is killing me.
2162,2339,7,14,80,101,1.2772277227722773,0.058222536348471916,672,I'm about to sneeze--isn't it nice to be at the top of the food chain?
1766,2339,2,24,75,101,1.2772277227722773,0.04898739357169499,672,Luckily I’ve developed a thick skin.
1751,2339,3,22,76,101,1.2772277227722773,0.0509684660444901,672,Please can we keep them? they wont evolve
1665,2339,4,20,77,101,1.2772277227722773,0.05287536603096511,672,We're having neanderthal for dinner again tonight.
1650,2339,1,26,74,101,1.2772277227722773,0.04692275489533777,672,Will they ever learn. Not likely. Short memory.
1539,2339,6,16,79,101,1.2772277227722773,0.05649640640668161,672,Sciatica.
1876,2339,5,18,78,101,1.2772277227722773,0.05471584902830932,672,O for a comb!
1521,2339,7,14,80,101,1.2772277227722773,0.058222536348471916,672,Masto-dON/Masto-dOFF.   It my second job.
1315,2339,4,20,77,101,1.2772277227722773,0.05287536603096511,672,Word in the herd is if humans don't get you global warming will.
3121,2420,5,17,76,98,1.2755102040816326,0.05576507681623158,672,They never want to play fetch.
3265,2420,3,21,74,98,1.2755102040816326,0.051855153272077,672,These new neighbors are a real pain in the ass.
3285,2420,4,19,75,98,1.2755102040816326,0.053845615945918975,672,This acupuncture is the greatest!
3342,2420,2,23,73,98,1.2755102040816326,0.04978517334654759,672,I didn't use to believe in acupuncture either.
3607,2420,4,19,75,98,1.2755102040816326,0.053845615945918975,672,Snow White got caught in traffic.
3530,2420,4,19,75,98,1.2755102040816326,0.053845615945918975,672,I'm giving up on the citronella — where's the 100% DEET?
3097,2420,3,21,74,98,1.2755102040816326,0.051855153272077,672,I asked for an acupuncturist !
3627,2420,4,19,75,98,1.2755102040816326,0.053845615945918975,672,I've tried everything...even Head&Shoulders...
3678,2420,3,21,74,98,1.2755102040816326,0.051855153272077,672,I picked these up at a flee market.
3477,2420,4,19,75,98,1.2755102040816326,0.053845615945918975,672,"They get free transport, and I get free Paleo diet tips."
3023,2420,3,21,74,98,1.2755102040816326,0.051855153272077,672,Still have that cootie catcher?”
2936,2420,2,23,73,98,1.2755102040816326,0.04978517334654759,672,What brand do you use?
2987,2420,0,27,71,98,1.2755102040816326,0.045362722732395395,672,"You wouldn't have a flea collar I could borrow, would you?"
2967,2420,5,17,76,98,1.2755102040816326,0.05576507681623158,672,"Believe me, you should just put up with the fleas"
2931,2420,5,17,76,98,1.2755102040816326,0.05576507681623158,672,I blame global warming for my infestation!
2853,2420,3,21,74,98,1.2755102040816326,0.051855153272077,672,They kinda tickle.
2816,2420,2,23,73,98,1.2755102040816326,0.04978517334654759,672,Their oblivious egotism is hard to ignore.
2539,2420,5,17,76,98,1.2755102040816326,0.05576507681623158,672,And then they said get some dogs to get rid of the cats to get rid of the mice and it kept going until...
2803,2420,4,19,75,98,1.2755102040816326,0.053845615945918975,672,You say there's a collar I can wear that kills these pests?
2698,2420,1,25,72,98,1.2755102040816326,0.047625308916803756,672,Their checking my fat content
2723,2420,4,19,75,98,1.2755102040816326,0.053845615945918975,672,It could have been worse - like fleas.
2769,2420,3,21,74,98,1.2755102040816326,0.051855153272077,672,"It was expensive, but the fleas were making me crazy."
3690,2420,6,15,77,98,1.2755102040816326,0.05762063196499162,672,I'm going for the Night at the Museum look.
3020,2420,4,19,75,98,1.2755102040816326,0.053845615945918975,672,I hear you'll be hosting the third round of debates.”
5577,2420,5,17,76,98,1.2755102040816326,0.05576507681623158,672,They’re Fleaistoric Pests
5361,2420,4,19,75,98,1.2755102040816326,0.053845615945918975,672,"On the plus side, they got rid of the lice."
4148,2420,2,23,73,98,1.2755102040816326,0.04978517334654759,672,Party's moving to my cave. Boogie Down!!
2521,2420,6,15,77,98,1.2755102040816326,0.05762063196499162,672,"Not sure what they are upset about, 
but I keep hearing little voices screaming, ""Impeachment!"""
5322,2420,6,15,77,98,1.2755102040816326,0.05762063196499162,672,"The mammoth, upon noticing the spot of humans on his back, did not bother getting it checked. None of them did..."
5313,2420,4,19,75,98,1.2755102040816326,0.053845615945918975,672,The doc says acupuncture is my only hope.
5402,2420,3,21,74,98,1.2755102040816326,0.051855153272077,672,Happen to have a can of 'Raid' handy?
5429,2420,4,19,75,98,1.2755102040816326,0.053845615945918975,672,I could get used to the tickling if only they would stop fighting.
5535,2420,5,17,76,98,1.2755102040816326,0.05576507681623158,672,"It's a little painful, but they do a great job of flea and tick removal."
5204,2420,1,25,72,98,1.2755102040816326,0.047625308916803756,672,It's the latest in tick removal technology. It's ALL the rage!
5146,2420,3,21,74,98,1.2755102040816326,0.051855153272077,672,Where's Gulliver when we really need him
5104,2420,5,17,76,98,1.2755102040816326,0.05576507681623158,672,I keep hearing that this is a metaphor for climate change.
5092,2420,3,21,74,98,1.2755102040816326,0.051855153272077,672,They say that acupuncture relieves stress
4781,2420,3,21,74,98,1.2755102040816326,0.051855153272077,672,See what I have to resort to when you refuse to give me a back massage?
4134,2420,4,19,75,98,1.2755102040816326,0.053845615945918975,672,"I kind of feel sorry for them. They're about to become extinct."""
4747,2420,4,19,75,98,1.2755102040816326,0.053845615945918975,672,"Yeah, they're a little untidy-looking, but they do keep the fleas away..."
4650,2420,3,21,74,98,1.2755102040816326,0.051855153272077,672,Oh thanks! I ordered these cute little Sapiens online.
4609,2420,3,21,74,98,1.2755102040816326,0.051855153272077,672,They get the flies!
4578,2420,3,21,74,98,1.2755102040816326,0.051855153272077,672,Ask for the Mammoth Massage. It gets the knots out.
4570,2420,5,17,76,98,1.2755102040816326,0.05576507681623158,672,They have this fantasy that they’ll evolve faster than us!
4513,2420,4,19,75,98,1.2755102040816326,0.053845615945918975,672,"Don’t worry, they’re not cretaceous."
4423,2420,4,19,75,98,1.2755102040816326,0.053845615945918975,672,Someone lost their retainer.
4384,2420,4,19,75,98,1.2755102040816326,0.053845615945918975,672,"The commercial warned about the fleas, ticks, and mosquitos, but it didn't say anything about cavemen."
4315,2420,2,23,73,98,1.2755102040816326,0.04978517334654759,672,"Doris, Where’s the OFF?"
4289,2420,3,21,74,98,1.2755102040816326,0.051855153272077,672,These damn hunters are going to drive me to extinction!
4259,2420,3,21,74,98,1.2755102040816326,0.051855153272077,672,My new hairstylist said this method was so simple even a caveman could do it.
4195,2420,4,19,75,98,1.2755102040816326,0.053845615945918975,672,"Unfortunately, the acupuncture has done nothing for my arthritis."
4687,2420,6,15,77,98,1.2755102040816326,0.05762063196499162,672,"Hey Martha, gimme a spritz with the DEET would'ya."
2483,2420,2,23,73,98,1.2755102040816326,0.04978517334654759,672,"They're a nuisance, but they keep the flies off me."
2654,2420,4,19,75,98,1.2755102040816326,0.053845615945918975,672,"Sticks and stones may break my bones, but hordes will never hurt me."
2404,2420,3,21,74,98,1.2755102040816326,0.051855153272077,672,All that will be left after the ice age will be twinkies and whatever these things are
1017,2420,6,15,77,98,1.2755102040816326,0.05762063196499162,672,Want to see some caveman art?
1004,2420,5,17,76,98,1.2755102040816326,0.05576507681623158,672,"Gloria, I’m having a Mammoth problem.”"
943,2420,2,23,73,98,1.2755102040816326,0.04978517334654759,672,They've been scratching my back for an hour. I thought I'd bring them home for dinner to say thanks.
910,2420,4,19,75,98,1.2755102040816326,0.053845615945918975,672,"Yes, they are an annoyance, but I doubt they’ll be my demise.

David Covintree, New York, NY"
833,2420,6,15,77,98,1.2755102040816326,0.05762063196499162,672,"I tried goat yoga, but this is so much more stimulating!"
722,2420,4,19,75,98,1.2755102040816326,0.053845615945918975,672,Are they fur real?
660,2420,4,19,75,98,1.2755102040816326,0.053845615945918975,672,I’ll be glad when tick season is over.
636,2420,3,21,74,98,1.2755102040816326,0.051855153272077,672,I'm holding auditions for Gulliver's Travels.
632,2420,3,21,74,98,1.2755102040816326,0.051855153272077,672,Good thing I’m Woolly!
591,2420,0,27,71,98,1.2755102040816326,0.045362722732395395,672,"If I don't find a cure for this dandruff, I'm going to go extinct."
1020,2420,2,23,73,98,1.2755102040816326,0.04978517334654759,672,I snack  on them.
452,2420,3,21,74,98,1.2755102040816326,0.051855153272077,672,They'll be gone before we know it.
341,2420,4,19,75,98,1.2755102040816326,0.053845615945918975,672,"They call it ""accupressure"
335,2420,6,15,77,98,1.2755102040816326,0.05762063196499162,672,"Sure they're a little itchy, but it is not like they will kill us all."
293,2420,3,21,74,98,1.2755102040816326,0.051855153272077,672,They saw my mug drawn on some cave wall.
264,2420,2,23,73,98,1.2755102040816326,0.04978517334654759,672,Think anyone will notice I haven't shampooed for a month.
258,2420,4,19,75,98,1.2755102040816326,0.053845615945918975,672,"Help me, I have an itch I can't reach."
201,2420,2,23,73,98,1.2755102040816326,0.04978517334654759,672,"Okay, you win.  I'll call pest control first thing in the morning."
131,2420,4,19,75,98,1.2755102040816326,0.053845615945918975,672,I’m trying a new naturopath
76,2420,2,23,73,98,1.2755102040816326,0.04978517334654759,672,No TV no Radio what else they got to do.
42,2420,3,21,74,98,1.2755102040816326,0.051855153272077,672,"Our health plan only covers acupuncture, but I'm sure we'll be fine."
2439,2420,3,21,74,98,1.2755102040816326,0.051855153272077,672,"These guys are great entertainment, and oh boy do they take themselves so seriously..."
416,2420,4,19,75,98,1.2755102040816326,0.053845615945918975,672,"It's called ""acupuncture"". The doctor says that it'll help my lumbago."
1033,2420,3,21,74,98,1.2755102040816326,0.051855153272077,672,I'd be extinct before I could get an appointment with a good acupuncturist
440,2420,4,19,75,98,1.2755102040816326,0.053845615945918975,672,You woolly aren't going to help?
1354,2420,4,19,75,98,1.2755102040816326,0.053845615945918975,672,"Hey Ned, you should really check out the neighboring cave; they’ve got killer acupuncture."
2103,2420,5,17,76,98,1.2755102040816326,0.05576507681623158,672,The spa was offering  Neandertherapy this week
2098,2420,2,23,73,98,1.2755102040816326,0.04978517334654759,672,Sometimes Western medicine just doesn't cut it
2070,2420,4,19,75,98,1.2755102040816326,0.053845615945918975,672,"Yes, they are the neighbors’ kids, and no, they are not cute."
2054,2420,2,23,73,98,1.2755102040816326,0.04978517334654759,672,At first I would just roll over and squish them. Then I realized how good it felt to have my back scratched.
2053,2420,4,19,75,98,1.2755102040816326,0.053845615945918975,672,I'm just happy I'm mammoth.
2400,2420,2,23,73,98,1.2755102040816326,0.04978517334654759,672,"Big mistake, but their lease is up next week"
2038,2420,4,19,75,98,1.2755102040816326,0.053845615945918975,672,The coming Ice Age should freeze them off and the we'll be rid of this problem forever.
1858,2420,5,17,76,98,1.2755102040816326,0.05576507681623158,672,Acupuncture has made me feel like a new mammoth!
1808,2420,3,21,74,98,1.2755102040816326,0.051855153272077,672,3D art exhibits are all the rage now.
2169,2420,2,23,73,98,1.2755102040816326,0.04978517334654759,672,"Honey, I brought dinner."
1805,2420,4,19,75,98,1.2755102040816326,0.053845615945918975,672,Did you also forget to pack repellent?
1652,2420,5,17,76,98,1.2755102040816326,0.05576507681623158,672,"I was going to eat them before I came home, but it actually feels pretty good!"
1623,2420,3,21,74,98,1.2755102040816326,0.051855153272077,672,A buddy of mine recommended this acupuncture treatment.
1574,2420,5,17,76,98,1.2755102040816326,0.05576507681623158,672,The doctor says it's not contagious.
1186,2420,4,19,75,98,1.2755102040816326,0.053845615945918975,672,They haven't invented measuring tape yet.
1426,2420,6,15,77,98,1.2755102040816326,0.05762063196499162,672,"Again, no hostess gift."
1778,2420,3,21,74,98,1.2755102040816326,0.051855153272077,672,I'm gonna call it acupuncture.
2183,2420,4,19,75,98,1.2755102040816326,0.053845615945918975,672,It's not just a mammoth problem
1864,2519,7,13,79,99,1.2727272727272727,0.05888082471314044,672,It's raining hairless primates out there.
1537,2519,3,21,75,99,1.2727272727272727,0.05140407829886543,672,I scheduled you an acupuncture appointment after they are done with me.
1484,2519,5,17,77,99,1.2727272727272727,0.05526902742339265,672,"Do you hear a who, Horton"
1419,2519,4,19,76,99,1.2727272727272727,0.053371549809255195,672,I stopped using Roundup because I heard it was carcinogenic.
949,2519,5,17,77,99,1.2727272727272727,0.05526902742339265,672,I'm going back to the flea collar. This isn't working at all.
3304,2519,1,25,73,99,1.2727272727272727,0.047223861968119965,672,My shoulder feels better already I think I'll skip the cupping this time.
3396,2519,5,17,77,99,1.2727272727272727,0.05526902742339265,672,You have to do something to stimulate your mind so you don't forget things.
3559,2519,4,19,76,99,1.2727272727272727,0.053371549809255195,672,When they aren't fighting they are great groomers!
4558,2519,6,15,78,99,1.2727272727272727,0.057103488996852456,672,"How can you be so sure that they don't carry Lyme disease""."
4604,2519,7,13,79,99,1.2727272727272727,0.05888082471314044,672,It's guaranteed to make me look 20 years younger.
4801,2519,2,23,74,99,1.2727272727272727,0.04935824351078518,672,Don't worry - they can't get through my hide and they make my back feel great!
5101,2519,2,23,74,99,1.2727272727272727,0.04935824351078518,672,I give their species ten years at the most.
2190,2519,5,17,77,99,1.2727272727272727,0.05526902742339265,672,They said Uber charges too much . I told them that if I charge a lot of their friends might get hurt
559,2519,5,17,77,99,1.2727272727272727,0.05526902742339265,672,I'm finally getting my tetanus shot
3584,2533,5,18,80,103,1.2718446601941749,0.05378174115766111,672,The doctor gave me some lotion.
4103,2533,3,22,78,103,1.2718446601941749,0.05011727111236739,672,Our cousin Chang recommended that I have acupuncture for my back pain.
3715,2535,8,13,86,107,1.2710280373831775,0.05722386942722666,672,I knew I should not have shared your hairbrush.
3597,2536,4,18,74,96,1.2708333333333333,0.054368718969083525,672,Umm ... has anyone thought about how we get down?
1573,2536,3,20,73,96,1.2708333333333333,0.052313089726426475,672,Try a fine tooth comb.”
1632,2536,4,18,74,96,1.2708333333333333,0.054368718969083525,672,They breed like fleas!
1998,2536,4,18,74,96,1.2708333333333333,0.054368718969083525,672,I brought dessert
2267,2536,3,20,73,96,1.2708333333333333,0.052313089726426475,672,The obvious elephant in the cave is that acupuncture will help us survive as a species.
2397,2536,5,16,75,96,1.2708333333333333,0.05634940858565613,672,They said they wanted to perform a mammoth task.
2947,2536,4,18,74,96,1.2708333333333333,0.054368718969083525,672,And they think they have a free ride!
3041,2536,5,16,75,96,1.2708333333333333,0.05634940858565613,672,Can you spray more Homo sapiens repellent on my back?
4863,2536,3,20,73,96,1.2708333333333333,0.052313089726426475,672,Acupuncture does nothing for me.
4440,2536,2,22,72,96,1.2708333333333333,0.050173310744967906,672,I brought company
3810,2536,3,20,73,96,1.2708333333333333,0.052313089726426475,672,They’ll grow out of it.
5167,2536,2,22,72,96,1.2708333333333333,0.050173310744967906,672,If you ask me... this acupuncture thing is WAY over-rated.
1518,2536,3,20,73,96,1.2708333333333333,0.052313089726426475,672,They say it's better than a deep tissue massage.
3556,2536,3,20,73,96,1.2708333333333333,0.052313089726426475,672,I carry my own bodyguards.
5478,2536,4,18,74,96,1.2708333333333333,0.054368718969083525,672,"It's some new thing my doctor recommended, called acupuncture"
3714,2536,3,20,73,96,1.2708333333333333,0.052313089726426475,672,My bed was infested with them
3656,2536,4,18,74,96,1.2708333333333333,0.054368718969083525,672,"I must have picked up a case of ""Little Women""."
4957,2536,4,18,74,96,1.2708333333333333,0.054368718969083525,672,"I've heard if the earth gets hit by a comet, these things are all that will survive."
1469,2536,1,24,71,96,1.2708333333333333,0.047938114955607895,672,I've got cavemange!
593,2536,3,20,73,96,1.2708333333333333,0.052313089726426475,672,I drive for Uber now.
980,2536,4,18,74,96,1.2708333333333333,0.054368718969083525,672,These guys really stink!
952,2536,4,18,74,96,1.2708333333333333,0.054368718969083525,672,These fuckers are worse than fleas.
898,2536,2,22,72,96,1.2708333333333333,0.050173310744967906,672,It’s really painful...I have to use a special shampoo for 3 weeks.
834,2536,4,18,74,96,1.2708333333333333,0.054368718969083525,672,Silly cavemen can’t stop bickering but we won’t have to worry much longer about them. They’re not hairy enough to survive.
1341,2536,4,18,74,96,1.2708333333333333,0.054368718969083525,672,"It's a symbiotic relationship: they eat my fleas, I eat them."
307,2536,2,22,72,96,1.2708333333333333,0.050173310744967906,672,Why sweat about it?  They'll be extinct in no time.
43,2536,2,22,72,96,1.2708333333333333,0.050173310744967906,672,Skeeters are bad today.
5,2536,3,20,73,96,1.2708333333333333,0.052313089726426475,672,It's supposed to stimulate hair growth.
4110,2536,2,22,72,96,1.2708333333333333,0.050173310744967906,672,Let’s hope they don’t set camp up there.
396,2565,3,15,60,78,1.2692307692307692,0.05961659307208677,672,They're geocaching.
3472,2566,1,23,69,93,1.2688172043010753,0.04868486633407214,672,"Honey, do you have that special comb?  I feel itchy. I think those little buggers are back."
2314,2566,4,17,72,93,1.2688172043010753,0.055420920978058744,672,"I asked you to bring something to eat, and you delivered both food and entertainment!"
3664,2568,5,16,76,97,1.268041237113402,0.0558353154957798,672,"Apparently, these guys have a plan on how to get our future right."
3799,2568,4,18,75,97,1.268041237113402,0.05387769319682185,672,I think they might want to stay for dinner.
4160,2568,2,22,73,97,1.268041237113402,0.04973180631754744,672,I just don't think acupuncture works.
4201,2568,2,22,73,97,1.268041237113402,0.04973180631754744,672,They’re kind of itchy.
3760,2568,4,18,75,97,1.268041237113402,0.05387769319682185,672,All that scratching kinda feels good.
4257,2568,3,20,74,97,1.268041237113402,0.051846207112077713,672,"Yeah, it hurts a little as they go in, but my migraines have been so much better."
5108,2568,3,20,74,97,1.268041237113402,0.051846207112077713,672,Is the flea and tick prevention med on sale yet?
4572,2568,2,22,73,97,1.268041237113402,0.04973180631754744,672,"They're just irritating initially, but if they reproduce and spread, then you've really got trouble."
4983,2568,4,18,75,97,1.268041237113402,0.05387769319682185,672,These men make me hope our extinction comes first.
3490,2568,6,14,77,97,1.268041237113402,0.05772658909736201,672,Head and Shoulders has been suggested.
5144,2568,3,20,74,97,1.268041237113402,0.051846207112077713,672,This new acupuncture treatment seems to be working.
5482,2568,3,20,74,97,1.268041237113402,0.051846207112077713,672,Extinction? I'm not too worried about it.
5529,2568,6,14,77,97,1.268041237113402,0.05772658909736201,672,"""They were a lot worse when they were in day care."""
4478,2568,3,20,74,97,1.268041237113402,0.051846207112077713,672,They’ re my weekly Flea-and-Lice Removal Service!
3003,2568,7,12,78,97,1.268041237113402,0.059557835094285284,672,I bought them to help with the woolly itch.
3871,2568,6,14,77,97,1.268041237113402,0.05772658909736201,672,"Next time, YOU go to the acupuncturist."
2652,2568,5,16,76,97,1.268041237113402,0.0558353154957798,672,"Honey, I shrank the Cro-Magnons."
2759,2568,3,20,74,97,1.268041237113402,0.051846207112077713,672,Mastadon't
244,2568,1,24,72,97,1.268041237113402,0.047523425037592215,672,Fruits and vegetables be damned . . . meat IS in the Paleo diet!
429,2568,3,20,74,97,1.268041237113402,0.051846207112077713,672,I blame the Trojans
973,2568,3,20,74,97,1.268041237113402,0.051846207112077713,672,"Apparently, tenderizing is recommended prior to freezing."
1477,2568,3,20,74,97,1.268041237113402,0.051846207112077713,672,... so you're telling me if I change my shampoo I won't have this problem?
714,2568,1,24,72,97,1.268041237113402,0.047523425037592215,672,It’s the latest in acupuncture.
1817,2568,5,16,76,97,1.268041237113402,0.0558353154957798,672,I've got some monkeys on my back
2096,2568,2,22,73,97,1.268041237113402,0.04973180631754744,672,Elephantidae Siphonaptera!
2396,2568,2,22,73,97,1.268041237113402,0.04973180631754744,672,Do you have an extra can of Man-Off?
1807,2568,7,12,78,97,1.268041237113402,0.059557835094285284,672,"Now that I am working full time, I thought I would hire in some cleaning ladies."
1164,2595,4,19,78,101,1.2673267326732673,0.052447218368907034,672,I just got back from Flores.
2760,2596,3,19,72,94,1.2659574468085106,0.05277807773655784,672,Do you think they will get all the bugs out?
3050,2596,4,17,73,94,1.2659574468085106,0.05490269655464396,672,"Yeah I know, but the repellant is toxic."
2992,2596,4,17,73,94,1.2659574468085106,0.05490269655464396,672,"Quick, Henry, the Flit!"
2969,2596,4,17,73,94,1.2659574468085106,0.05490269655464396,672,They have large brains relative to their body size.
2766,2596,4,17,73,94,1.2659574468085106,0.05490269655464396,672,"They're playing some hunting game called ""Freeze!"""
2435,2596,6,13,75,94,1.2659574468085106,0.058922553303312086,672,My doctor told me to inform all my recent partners of my current STI status.
2547,2596,6,13,75,94,1.2659574468085106,0.058922553303312086,672,My prickly people is acting up again
2524,2596,2,21,71,94,1.2659574468085106,0.05056426495224639,672,Best flea-catchers I've tried; I'll share if you like.
3054,2596,5,15,74,94,1.2659574468085106,0.05694810522200439,672,Next I’m going to try cupping.”
2363,2596,1,23,70,94,1.2659574468085106,0.048248982276891623,672,Don't ask about the job interview...
2320,2596,4,17,73,94,1.2659574468085106,0.05490269655464396,672,Can you grab the bug spray?
2548,2596,3,19,72,94,1.2659574468085106,0.05277807773655784,672,Now the fleas are evolving.
3352,2596,2,21,71,94,1.2659574468085106,0.05056426495224639,672,So do you understand your privilege at all now?
3759,2596,6,13,75,94,1.2659574468085106,0.058922553303312086,672,I'm a pacifist. Could you take some of these guys?
3467,2596,4,17,73,94,1.2659574468085106,0.05490269655464396,672,I can't wait until extra large flea collars are invented.
4749,2596,4,17,73,94,1.2659574468085106,0.05490269655464396,672,"In the future, our descendants will use this same technique against the Democrats."
3521,2596,5,15,74,94,1.2659574468085106,0.05694810522200439,672,"'The salon said it's the latest craze, do you like it?'"
3600,2596,3,19,72,94,1.2659574468085106,0.05277807773655784,672,"Yeah, I know, but their friend Gulliver seems cool."
3787,2596,5,15,74,94,1.2659574468085106,0.05694810522200439,672,"""That tar shampoo of yours was really the pits."""
4220,2596,4,17,73,94,1.2659574468085106,0.05490269655464396,672,Do you have any dandruff shampoo I can use?
4813,2596,6,13,75,94,1.2659574468085106,0.058922553303312086,672,"They’re killing me softly, Ethel, but they’re still killing me."
5070,2596,2,21,71,94,1.2659574468085106,0.05056426495224639,672,The bugs are biting tonight.
4842,2596,1,23,70,94,1.2659574468085106,0.048248982276891623,672,I'm just going to drop them at the tar pits and I'll be right back.
4893,2596,5,15,74,94,1.2659574468085106,0.05694810522200439,672,My wife says I should try acupuncture.
5022,2596,4,17,73,94,1.2659574468085106,0.05490269655464396,672,"Look, even symbiotic relationships have their rough patches."
5049,2596,4,17,73,94,1.2659574468085106,0.05490269655464396,672,My doctor recommended it for dandruff but I doubt it would help with your hemorrhoids.
5064,2596,4,17,73,94,1.2659574468085106,0.05490269655464396,672,Think I should go to the vet about this?
3433,2596,4,17,73,94,1.2659574468085106,0.05490269655464396,672,They're so cute and tiny and absolutely no trouble at all!
2313,2596,2,21,71,94,1.2659574468085106,0.05056426495224639,672,You think this is bad? You should see my wooly undercarriage!
4479,2596,3,19,72,94,1.2659574468085106,0.05277807773655784,672,Do you know what they call this dance?
1988,2596,7,11,76,94,1.2659574468085106,0.06083295066973839,672,Don't mess with me.  These are my new best friends.
291,2596,2,21,71,94,1.2659574468085106,0.05056426495224639,672,And you're complaining about fleas
641,2596,3,19,72,94,1.2659574468085106,0.05277807773655784,672,They make a non toxic spray now that you can use to get rid of those.
698,2596,3,19,72,94,1.2659574468085106,0.05277807773655784,672,"What’s new Ned?”
“Not much. What’s new with you Phil?”
“Not much."
703,2596,4,17,73,94,1.2659574468085106,0.05490269655464396,672,I hired them to eliminate my fleas
745,2596,2,21,71,94,1.2659574468085106,0.05056426495224639,672,"It's a symbiotic relationship:  they kill the vermin that pester me, and they get to eat the vermin."
772,2596,5,15,74,94,1.2659574468085106,0.05694810522200439,672,"We should be anxious about these little guys? I'm telling you, all this talk of extinction is Fake News!"
894,2596,6,13,75,94,1.2659574468085106,0.058922553303312086,672,"They say they're good for picking lice, so what's the harm?"
2256,2596,3,19,72,94,1.2659574468085106,0.05277807773655784,672,It's a Dothraki reenactment.
1107,2596,6,13,75,94,1.2659574468085106,0.058922553303312086,672,They overshot our size when they recreated us from our DNA!
1133,2596,3,19,72,94,1.2659574468085106,0.05277807773655784,672,They call it “acupuncture”. I call it painful.
356,2596,3,19,72,94,1.2659574468085106,0.05277807773655784,672,Can I borrow your Neanderthal repellant?
1258,2596,4,17,73,94,1.2659574468085106,0.05490269655464396,672,"Hey, Horton, have you heard what they're going to do to anywho
who crosses party lines?"
1345,2596,4,17,73,94,1.2659574468085106,0.05490269655464396,672,I am not worried.  They are vegans!
1352,2596,5,15,74,94,1.2659574468085106,0.05694810522200439,672,Can you please scratch my back?
1513,2596,3,19,72,94,1.2659574468085106,0.05277807773655784,672,"No, it doesn't hurt. They also keep the flies away."
1523,2596,4,17,73,94,1.2659574468085106,0.05490269655464396,672,It's just for the weekend.
1526,2596,5,15,74,94,1.2659574468085106,0.05694810522200439,672,"Yeah, Sydney, I know it looks silly, but you got to admire their sheer moxie."
1550,2596,1,23,70,94,1.2659574468085106,0.048248982276891623,672,My acupuncturist says it's more efficient to come with a team.
1563,2596,1,23,70,94,1.2659574468085106,0.048248982276891623,672,It's kind of like a flea collar
1821,2596,1,23,70,94,1.2659574468085106,0.048248982276891623,672,Harmless.  They're not mammoth enough.
1953,2596,5,15,74,94,1.2659574468085106,0.05694810522200439,672,I’m not going.  I understand that they’re putting new immigrants in cages.
1240,2596,5,15,74,94,1.2659574468085106,0.05694810522200439,672,May I borrow your Head & Shoulders shampoo?
2827,2649,5,16,77,98,1.2653061224489797,0.055330273602931246,672,"If they had any better aim, I'd call it acupuncture."
1494,2649,2,22,74,98,1.2653061224489797,0.04929765582460097,672,Where do we keep the cave man spray? I was only out for 5 minutes and look what I picked up!
3131,2649,3,20,75,98,1.2653061224489797,0.051387277662137534,672,It's supposed to get rid of fleas.
1476,2649,4,18,76,98,1.2653061224489797,0.05339518462605429,672,Oh this is nothing. The last match was 9 vs 9 with three refs.
976,2653,3,18,70,91,1.2637362637362637,0.05376011665628522,672,"It's  called ""symbiosis"""
1081,2654,2,21,72,95,1.263157894736842,0.050107446290437146,672,"They’re a bit irritating alright, but I don’t let them get under my skin."
3839,2654,6,13,76,95,1.263157894736842,0.05836619601004484,672,"It tickles a little, but the vet said this is the best treatment available for prehistoric lice."
3975,2654,4,17,74,95,1.263157894736842,0.054393791053906224,672,The doctor said this plague will be over by the end of summer
4935,2654,3,19,73,95,1.263157894736842,0.052294553631162456,672,Do you have anything for a persistent skin irritation?
3230,2658,4,23,91,118,1.2627118644067796,0.04727542059150977,672,"Dude,trust me,these idiots will pay through the nose for war party rental space."
2196,2659,2,23,78,103,1.2621359223300972,0.047718088814447515,672,"They were advertised on Amazon as therapy pets, but they are mostly just annoying."
154,2660,3,17,68,88,1.2613636363636365,0.05479685620357946,672,I'm glad you're sitting down for this...I may have an STD.
1215,2660,5,13,70,88,1.2613636363636365,0.05937307040656718,672,"I know, I know-one bite at a time."
5540,2660,4,15,69,88,1.2613636363636365,0.057130801409130204,672,"They scratch my back, I stomp their's."""
5562,2663,5,14,73,92,1.2608695652173914,0.05756146140293596,672,That bug spray you bought me isn't working.
2085,2663,1,22,69,92,1.2608695652173914,0.048556726268192844,672,It’s spearpuncture. You haven’t tried it to relieve extinction anxiety?
3423,2663,4,16,72,92,1.2608695652173914,0.055447545442538,672,Their sticks and stones don’t bother me much but their name calling is really hurtful.
2980,2663,2,20,70,92,1.2608695652173914,0.05095730771070601,672,"Luckily, after 40 million years of marriage I’ve developed a thick skin"
2510,2663,4,16,72,92,1.2608695652173914,0.055447545442538,672,I know you said you were lonely Herb but this brings it to a whole other level.
3507,2663,2,20,70,92,1.2608695652173914,0.05095730771070601,672,"So, that's how you get rid of 'em."
1559,2663,5,14,73,92,1.2608695652173914,0.05756146140293596,672,The guy at Brookstone said this was the best back scratcher option.
962,2663,5,14,73,92,1.2608695652173914,0.05756146140293596,672,It was the only way I could figure to keep my back scratched.
324,2663,4,16,72,92,1.2608695652173914,0.055447545442538,672,I haven't been poked this much since our wedding night.
263,2663,5,14,73,92,1.2608695652173914,0.05756146140293596,672,"That flea, tick, and Atilla the Hun collar really works!"
377,2673,4,17,75,96,1.2604166666666667,0.05389396604466397,672,I´m getting too old for these stag do´s
3162,2674,4,16,73,93,1.2580645161290323,0.054919776177983784,672,Since their here illegally I  pay them  less than the minimum wage to get rid of the fleas
4536,2674,4,16,73,93,1.2580645161290323,0.054919776177983784,672,They're at it again.
4203,2674,3,18,72,93,1.2580645161290323,0.05274872249394527,672,They’re easier to control when they’re fighting each other.
3729,2674,4,16,73,93,1.2580645161290323,0.054919776177983784,672,They say they’re good for exfoliation
3529,2674,4,16,73,93,1.2580645161290323,0.054919776177983784,672,They were annoying at first but now I'm feeling some relief ...
3322,2674,5,14,74,93,1.2580645161290323,0.057008209111814964,672,It's hard to get them to the right spot to scratch.
2815,2674,3,18,72,93,1.2580645161290323,0.05274872249394527,672,They make it hard to be outside in the evening.
2114,2674,6,12,75,93,1.2580645161290323,0.05902279218092795,672,You mean the fleas evolved?
1982,2674,4,16,73,93,1.2580645161290323,0.054919776177983784,672,"It's OK, we'll all be extinct soon enough"""
725,2674,3,18,72,93,1.2580645161290323,0.05274872249394527,672,I had the dandruff so I switched to Head & Sherpa.
644,2674,4,16,73,93,1.2580645161290323,0.054919776177983784,672,'It looks like they are here to stay'
634,2674,3,18,72,93,1.2580645161290323,0.05274872249394527,672,I just wasn't getting results with the chiropractor.
5321,2674,4,16,73,93,1.2580645161290323,0.054919776177983784,672,I keep telling you we need to get an exterminator out here.
3522,2687,2,19,69,90,1.2555555555555555,0.05135154867031013,672,Look what I got to take care of those invasive saberteeth
5509,2687,5,13,72,90,1.2555555555555555,0.058189734672459324,672,Thinking collagen won’t make me look so prehistoric.
3739,2687,3,17,70,90,1.2555555555555555,0.05372773437412524,672,This Stone Age acupuncture is great.
3749,2687,4,15,71,90,1.2555555555555555,0.056003190365495135,672,Acupuncture. My rheumatism is killing me.
3898,2687,2,19,69,90,1.2555555555555555,0.05135154867031013,672,"Don’t worry, dear, they said that the acupuncture stops pain naturally and safely."
3293,2687,1,21,68,90,1.2555555555555555,0.048859939221226036,672,"You ought to try Acupuncture, it really works!"
2587,2687,2,19,69,90,1.2555555555555555,0.05135154867031013,672,They told me this will fix my sciatica.
3985,2687,2,19,69,90,1.2555555555555555,0.05135154867031013,672,The acupuncture seems to help maintain a state of well-being.
2984,2687,3,17,70,90,1.2555555555555555,0.05372773437412524,672,They think I'm a glacier.
2972,2687,5,13,72,90,1.2555555555555555,0.058189734672459324,672,They say acupuncture will help balance my flow of energy.
2671,2687,4,15,71,90,1.2555555555555555,0.056003190365495135,672,It doesn't hurt as much as you'd think it would.
2633,2687,3,17,70,90,1.2555555555555555,0.05372773437412524,672,For some reason I feel it's not going well.
3166,2687,3,17,70,90,1.2555555555555555,0.05372773437412524,672,They don't make spatula big enough for my back scratching.
4207,2687,3,17,70,90,1.2555555555555555,0.05372773437412524,672,I've got a  little itch.  Could you scratch my back?
5152,2687,2,19,69,90,1.2555555555555555,0.05135154867031013,672,"When they invent gunpowder, we’ll have something to worry about."
4401,2687,6,11,73,90,1.2555555555555555,0.06029704065199671,672,"I got them to scratch my back, but now how do I get rid of them?"
4430,2687,2,19,69,90,1.2555555555555555,0.05135154867031013,672,Can you check me for ticks?
4446,2687,3,17,70,90,1.2555555555555555,0.05372773437412524,672,"Eat the future, I always say"
4458,2687,3,17,70,90,1.2555555555555555,0.05372773437412524,672,That new caveman shampoo doesn’t seem to be working!
4798,2687,3,17,70,90,1.2555555555555555,0.05372773437412524,672,I guess you were right I am pretty thick skinned
4993,2687,2,19,69,90,1.2555555555555555,0.05135154867031013,672,NRA? What’s that?
5124,2687,4,15,71,90,1.2555555555555555,0.056003190365495135,672,"The ""Wooly"" look was so Ice Age. I needed a change."
5292,2687,3,17,70,90,1.2555555555555555,0.05372773437412524,672,I brought home the appetizer.  You need to go catch the main course.
5186,2687,2,19,69,90,1.2555555555555555,0.05135154867031013,672,Don't know what it is but it itches like crazy.
5467,2687,3,17,70,90,1.2555555555555555,0.05372773437412524,672,Hi Honey--brought home a few guests for dinner...
5461,2687,1,21,68,90,1.2555555555555555,0.048859939221226036,672,Can I borrow your saber tooth nit comb?
5420,2687,4,15,71,90,1.2555555555555555,0.056003190365495135,672,I keep hearing fossil fuels are the new fire.
4224,2687,6,11,73,90,1.2555555555555555,0.06029704065199671,672,Their bite is worse than their bark.
2529,2687,3,17,70,90,1.2555555555555555,0.05372773437412524,672,They're a bit of a nuisance but they scratch my itches very well.
3479,2687,3,17,70,90,1.2555555555555555,0.05372773437412524,672,"Get the nit shampoo again, dear."
2497,2687,4,15,71,90,1.2555555555555555,0.056003190365495135,672,"They keep shrieking, ""RINO, RINO!  MAGA!""  It's all beyond me."
272,2687,2,19,69,90,1.2555555555555555,0.05135154867031013,672,They're from the Shiatzu Tribe.
340,2687,4,15,71,90,1.2555555555555555,0.056003190365495135,672,That nagging itch is a thing of the past.
393,2687,3,17,70,90,1.2555555555555555,0.05372773437412524,672,My dermatologist told me I needed a few biopsies
620,2687,3,17,70,90,1.2555555555555555,0.05372773437412524,672,They said these acupuncture sessions will help me evolve into a better self.
711,2687,5,13,72,90,1.2555555555555555,0.058189734672459324,672,I can feed a village with what they find in my fur
726,2687,2,19,69,90,1.2555555555555555,0.05135154867031013,672,"I told the barber, ""a little off the top"" and they sent in the whole team"
937,2687,5,13,72,90,1.2555555555555555,0.058189734672459324,672,Thank God they're not ticks.
967,2687,0,23,67,90,1.2555555555555555,0.046234248891536815,672,"Like clockwork!  Every time I go past that other cave, I break out in Neanderthals."
983,2687,4,15,71,90,1.2555555555555555,0.056003190365495135,672,Wanna play?
1073,2687,1,21,68,90,1.2555555555555555,0.048859939221226036,672,They say they’re my friends but I get the sense that I’m being stabbed in the back
1284,2687,3,17,70,90,1.2555555555555555,0.05372773437412524,672,At least they quit graffiti
851,2687,3,17,70,90,1.2555555555555555,0.05372773437412524,672,My doctor swears by acupuncture for his back problems.
1645,2687,2,19,69,90,1.2555555555555555,0.05135154867031013,672,The acupuncture place said they do house calls
1383,2687,2,19,69,90,1.2555555555555555,0.05135154867031013,672,I know we're vegan but come on...
2460,2687,1,21,68,90,1.2555555555555555,0.048859939221226036,672,What? It's not like we'll go extinct.
2513,2687,1,21,68,90,1.2555555555555555,0.048859939221226036,672,The doctor said it's nothing to worry about
2446,2687,6,11,73,90,1.2555555555555555,0.06029704065199671,672,"Ugh, it's so human out today."
2384,2687,2,19,69,90,1.2555555555555555,0.05135154867031013,672,The acupuncturist says they'll get rid of the migraine.
2496,2687,3,17,70,90,1.2555555555555555,0.05372773437412524,672,They'll be extinct soon enough.
2243,2687,2,19,69,90,1.2555555555555555,0.05135154867031013,672,We stopped at this island but I slept standing.
2071,2687,5,13,72,90,1.2555555555555555,0.058189734672459324,672,I don't get it; it worked for the Tojans.
1683,2687,5,13,72,90,1.2555555555555555,0.058189734672459324,672,I let them have their monthly Mastodon Lodge meeting up there.
2323,2687,4,15,71,90,1.2555555555555555,0.056003190365495135,672,"Take my word for it, this really gets your blood flowing."
942,2741,2,20,72,94,1.2553191489361701,0.05001983183172017,672,Guess which species suffers from a really mammoth delusion . ..
2867,2741,4,16,74,94,1.2553191489361701,0.05440169827573315,672,They came with the cave I sub-leased.
5020,2741,4,16,74,94,1.2553191489361701,0.05440169827573315,672,This is SO not symbiotic.
2673,2744,1,20,66,87,1.2528735632183907,0.04964022070378384,672,Tribal elders.....ask me.... they're a bunch of friggin Neanderthals!
5370,2744,2,18,67,87,1.2528735632183907,0.052263368795766554,672,They’re from Greece and they tried to hide inside me
4105,2744,4,14,69,87,1.2528735632183907,0.05714959431707434,672,They say these pests will be here long after we're gone. I don't believe it.
4026,2744,3,16,68,87,1.2528735632183907,0.05476100733408983,672,I'm gonna run to the drug store and get one of those combs.
4021,2744,3,16,68,87,1.2528735632183907,0.05476100733408983,672,"When I have an itch,I indulge their aggression"
3397,2744,1,20,66,87,1.2528735632183907,0.04964022070378384,672,Wanna go for a swim?
3116,2744,1,20,66,87,1.2528735632183907,0.04964022070378384,672,the cave ticks are giving me hell
1481,2744,5,12,70,87,1.2528735632183907,0.05944227735348059,672,It's the latest treatment for lice.
2727,2744,4,14,69,87,1.2528735632183907,0.05714959431707434,672,"Finally, I get that itch scratched."
954,2744,3,16,68,87,1.2528735632183907,0.05476100733408983,672,We'll never survive the scourge of the humans!!!!
705,2744,6,10,71,87,1.2528735632183907,0.06164975704193851,672,"What a piece of work is a man, how noble in reason, how
infinite in faculties, in form and moving how express and
admirable, in action how like an angel, in apprehension how like
a god! the beauty of the world, the paragon of animals—"
242,2744,1,20,66,87,1.2528735632183907,0.04964022070378384,672,I hope this acupuncture works.
1122,2744,0,22,65,87,1.2528735632183907,0.04687049503854674,672,My insurance won’t cover PT so I’m trying this new acupuncture thing.
3476,2757,4,15,72,91,1.2527472527472527,0.055455504374433896,672,I think this acupuncture is helping my back!
5182,2757,3,17,71,91,1.2527472527472527,0.05320820163492291,672,"I got them to clear the ticks, but I'm not sure what I'm going to do next."
3320,2759,4,14,70,88,1.25,0.056569466085583144,672,They're hunting for pressure points. Really helps my back pain.
3336,2759,1,20,67,88,1.25,0.049156946952051576,672,"Liberals, amirite?"
3386,2759,2,18,68,88,1.25,0.051745902770176135,672,How does #Mammoth Undertaking grab you?
3424,2759,4,14,70,88,1.25,0.056569466085583144,672,According to Hatty its called woolly bullying.
3505,2759,1,20,67,88,1.25,0.049156946952051576,672,"I got them on Special - - buy 6, get one free at www.woolymamoth.com"
3513,2759,3,16,69,88,1.25,0.05421135926495693,672,"Yeah, they're kind of annoying, but they hit that one spot I can't scratch."
3648,2759,4,14,70,88,1.25,0.056569466085583144,672,Would you mind checking me for ticks?
3236,2759,2,18,68,88,1.25,0.051745902770176135,672,"Little piss ants, one can only hope for another asteroid."
3670,2759,2,18,68,88,1.25,0.051745902770176135,672,My primitive dance company has incorporated synchronized stick waving into its new rouitine.
3828,2759,4,14,70,88,1.25,0.056569466085583144,672,Mannnn my back is itchy
3836,2759,1,20,67,88,1.25,0.049156946952051576,672,How did you manage to get rid of your fleas?
3848,2759,2,18,68,88,1.25,0.051745902770176135,672,"Our deal is if they just kill my fleas, I won't step on them"
3589,2759,4,14,70,88,1.25,0.056569466085583144,672,"Geez Marg, the bugs are bad this year!"
3228,2759,1,20,67,88,1.25,0.049156946952051576,672,It's a new thing called acupuncture.
3147,2759,4,14,70,88,1.25,0.056569466085583144,672,"Quick, where's the bug spray, or should I wait for global warming to get rid of these pests?"
3195,2759,4,14,70,88,1.25,0.056569466085583144,672,My back is itchy.
2847,2759,2,15,59,76,1.25,0.056584047097789955,672,"It's not the work,  but the people that really bug me."
2860,2759,4,14,70,88,1.25,0.056569466085583144,672,I heard Kwell works...
2873,2759,1,20,67,88,1.25,0.049156946952051576,672,Apparently it's the least invasive Lyme Disease prophylaxis on the market.
2913,2759,3,16,69,88,1.25,0.05421135926495693,672,Don't worry. They will be extinct soon.
2930,2759,3,16,69,88,1.25,0.05421135926495693,672,Maybe I’ll try that Neanderthal & Tick collar your cousin sent last year.
2953,2759,1,20,67,88,1.25,0.049156946952051576,672,"Yes, it IS hard to believe that we're the ones who will be extinct."
3219,2759,3,16,69,88,1.25,0.05421135926495693,672,"They claim to be nit-pickers, but I'm not so sure."
2991,2759,4,14,70,88,1.25,0.056569466085583144,672,"I don't know what they're trying to do, but sticking me with all those needles has done wonders for my aching back!"
3022,2759,4,14,70,88,1.25,0.056569466085583144,672,Something needs to change.
3069,2759,6,10,72,88,1.25,0.061012871862545205,672,Unfortunately they’re resistant to treatment so I’ll need your help picking them out one by one.
3091,2759,4,14,70,88,1.25,0.056569466085583144,672,I'm beginning to suspect this isn't just dandruff...
3128,2759,2,18,68,88,1.25,0.051745902770176135,672,Such is inequality.
3139,2759,5,12,71,88,1.25,0.0588331327829961,672,The Neanderthals are spreading.
3875,2759,4,14,70,88,1.25,0.056569466085583144,672,"Honey, I've caught fleas again."
3005,2759,1,20,67,88,1.25,0.049156946952051576,672,They're hunting the flea not me.
3900,2759,6,10,72,88,1.25,0.061012871862545205,672,The Dems  finally realize  that I am taking Them for a ride.
4065,2759,3,16,69,88,1.25,0.05421135926495693,672,I'm treating them with all natural essential oils.
3979,2759,4,14,70,88,1.25,0.056569466085583144,672,They call it cromagno-dermabrasion.
2794,2759,2,18,68,88,1.25,0.051745902770176135,672,They make me feel like I'm living large.
5445,2759,3,15,66,84,1.25,0.05585357054399395,672,"To be honest, I don't get all the fuss about body piercing."
4403,2759,3,15,66,84,1.25,0.05585357054399395,672,"Mark my words, Earl.  If this is all they have, humans will be extinct in no time!"
5587,2759,2,18,68,88,1.25,0.051745902770176135,672,"if i'm going extinct, i'm going out IN STYLE!"
5522,2759,3,16,69,88,1.25,0.05421135926495693,672,Looks like I got a case of scavies!
5484,2759,4,14,70,88,1.25,0.056569466085583144,672,"Please, please, can I keep them?"
5436,2759,2,18,68,88,1.25,0.051745902770176135,672,Someone is going to make a fortune creating a repellant for these parasites.
5379,2759,5,12,71,88,1.25,0.0588331327829961,672,"Next, they rub salt in my wounds."
5347,2759,1,20,67,88,1.25,0.049156946952051576,672,"I just can’t seem to get them off my back, you know?"
5261,2759,3,16,69,88,1.25,0.05421135926495693,672,They’re much better than that back scratcher you got me for Christmas.
5202,2759,3,16,69,88,1.25,0.05421135926495693,672,"Sorry, I'm late --I'm having a bad hair day."
5162,2759,2,18,68,88,1.25,0.051745902770176135,672,It’s alright — they only want a gene sample.
5488,2759,4,14,70,88,1.25,0.056569466085583144,672,..Its like Uber for Acupuncture
5056,2759,3,16,69,88,1.25,0.05421135926495693,672,"Yes, Edna, they’re low carb."
3972,2759,2,18,68,88,1.25,0.051745902770176135,672,‘It’s a symbiotic relationship. They scratch my back and I don’t trample on them.’
4932,2759,2,18,68,88,1.25,0.051745902770176135,672,Do you have any of that No More Cromags spray?
4884,2759,3,16,69,88,1.25,0.05421135926495693,672,Do these look better than that bandana I usually wear?
4782,2759,2,18,68,88,1.25,0.051745902770176135,672,Ungrateful race! You give them a playground and they stab you in the back.
4717,2759,3,16,69,88,1.25,0.05421135926495693,672,I think I'm coming down with a bad case of species extinction.
4701,2759,3,16,69,88,1.25,0.05421135926495693,672,"Doc says it's called ""human lice.""  Prognosis is grim."
4603,2759,3,16,69,88,1.25,0.05421135926495693,672,How can you tell if the acupuncture is working?
4598,2759,3,16,69,88,1.25,0.05421135926495693,672,Fleas?  What fleas...
4568,2759,4,14,70,88,1.25,0.056569466085583144,672,I think it’s getting cold in here.
4455,2759,3,16,69,88,1.25,0.05421135926495693,672,They followed me home …. Why can't I keep them?
4372,2759,4,14,70,88,1.25,0.056569466085583144,672,"They itch, for sure, but they're harmless"
4368,2759,3,16,69,88,1.25,0.05421135926495693,672,"Honey, meet my acupuncturists."
4332,2759,2,18,68,88,1.25,0.051745902770176135,672,Why do they exult brother? It is because they believe they've found the Promised Land of Tuscany.
4215,2759,3,16,69,88,1.25,0.05421135926495693,672,I think the warm weather is aggravating the pest problem!
4183,2759,2,18,68,88,1.25,0.051745902770176135,672,Relax. They're just Lilliputians.
4111,2759,2,18,68,88,1.25,0.051745902770176135,672,"Acupuncture is all the rage these days, you really should try it"
4891,2759,4,14,70,88,1.25,0.056569466085583144,672,They mean well.
5112,2759,2,18,68,88,1.25,0.051745902770176135,672,The doctor told me not to scratch. They should be gone in a few days.
1691,2759,2,18,68,88,1.25,0.051745902770176135,672,I'm waiting for them to kill themselves off and go extinct.
136,2759,4,14,70,88,1.25,0.056569466085583144,672,Its global trade: I provide transport and they have my back!”
1418,2759,4,14,70,88,1.25,0.056569466085583144,672,The origins of acupuncture.
1350,2759,3,16,69,88,1.25,0.05421135926495693,672,I’m beginning to think they aren’t licensed acupuncturists.
1290,2759,5,12,71,88,1.25,0.0588331327829961,672,The Neanderthals were clearly superior groomers.
1276,2759,0,22,66,88,1.25,0.046423834544262965,672,It’s a symbiotic thang baby!
1239,2759,6,10,72,88,1.25,0.061012871862545205,672,It's a youth sports league.
1228,2759,4,14,70,88,1.25,0.056569466085583144,672,"Oh, spear me the details Frank!"
1213,2759,2,18,68,88,1.25,0.051745902770176135,672,"I’d get rid of them, but they scratch my itches."
1160,2759,5,12,71,88,1.25,0.0588331327829961,672,It's this new thing called acupuncture.
1150,2759,4,14,70,88,1.25,0.056569466085583144,672,"So, I says to my Doc,"" Give me something to get rid of the fleas!"""
1111,2759,4,14,70,88,1.25,0.056569466085583144,672,I just hope they don't drive me to extinction!
1068,2759,5,12,71,88,1.25,0.0588331327829961,672,You should sign up with Uber and make the most of your time on the road with requests from the largest network of active riders.”
897,2759,3,16,69,88,1.25,0.05421135926495693,672,It's done wonders for my chi.
648,2759,4,14,70,88,1.25,0.056569466085583144,672,It is an alternative method to combat parasites that is supposed to reduce my carbon footprint
585,2759,4,14,70,88,1.25,0.056569466085583144,672,It happens every time I take a roll in the grass.
557,2759,4,14,70,88,1.25,0.056569466085583144,672,They're harmless...
407,2759,5,12,71,88,1.25,0.0588331327829961,672,I don't get it. Why are the groceries trying to eat us?
389,2759,3,16,69,88,1.25,0.05421135926495693,672,Guess who has lice again?
370,2759,3,16,69,88,1.25,0.05421135926495693,672,My new flea exterminators
368,2759,4,14,70,88,1.25,0.056569466085583144,672,"So far, I'm not a fan of the gig economy."
290,2759,5,12,71,88,1.25,0.0588331327829961,672,It's called acupuncture
251,2759,3,16,69,88,1.25,0.05421135926495693,672,I lied and told Hannibal I was on the Pill
205,2759,4,14,70,88,1.25,0.056569466085583144,672,I'm trying a new thing — it's called the human conditioner.
197,2759,5,12,71,88,1.25,0.0588331327829961,672,And you thought they were extinct.
153,2759,3,16,69,88,1.25,0.05421135926495693,672,Payback's a bitch.
95,2759,3,16,69,88,1.25,0.05421135926495693,672,"I don't mind, as long as they show my good side in the cave drawings."
44,2759,3,16,69,88,1.25,0.05421135926495693,672,I can assure you they’re harmless.
1223,2759,1,21,70,92,1.25,0.047951340999798225,672,I call it the devil’s dandruff.
1435,2759,5,12,71,88,1.25,0.0588331327829961,672,The box said “Kills Ticks”
1576,2759,4,14,70,88,1.25,0.056569466085583144,672,They seem to be planning something special...so did not want to toss them off
1008,2759,2,18,68,88,1.25,0.051745902770176135,672,"They've had their fun; now, flick 'em off."
2733,2759,3,16,69,88,1.25,0.05421135926495693,672,Stay calm and carry on: as soon as the Neanderthals tire-or kill each other off-we'll let them know we're now their party's new logo.
2607,2759,3,16,69,88,1.25,0.05421135926495693,672,"Yes, they're irritating, but my back is feeling better."
1657,2759,2,18,68,88,1.25,0.051745902770176135,672,"While unsightly, they provide effective relief for ticks and fleas."
2525,2759,2,18,68,88,1.25,0.051745902770176135,672,I need a new conditioner.
2464,2759,2,18,68,88,1.25,0.051745902770176135,672,'My Homo-Dandruffus is acting up again.'
2451,2759,1,20,67,88,1.25,0.049156946952051576,672,It's something new. They call it acupuncture.
2422,2759,1,20,67,88,1.25,0.049156946952051576,672,"The doctor says they're not serious, but my wife thinks I'm starting to look a little extinct."
2401,2759,5,12,71,88,1.25,0.0588331327829961,672,"Frankly Jerry, never again am I doing acupuncture!"
2389,2759,4,14,70,88,1.25,0.056569466085583144,672,"Hey, you haven't got any of that anti-caveman shampoo left have you?"
2383,2759,3,16,69,88,1.25,0.05421135926495693,672,Humans can be so entertaining.
2340,2759,2,18,68,88,1.25,0.051745902770176135,672,I love home beauty services.
2293,2759,3,16,69,88,1.25,0.05421135926495693,672,Works wonders. Much better than mothballs.
2276,2759,3,16,69,88,1.25,0.05421135926495693,672,"A minor nuisance, but they’ll start dying off soon."
2262,2759,4,14,70,88,1.25,0.056569466085583144,672,I don't think the acupuncture is working out.
2598,2759,5,12,71,88,1.25,0.0588331327829961,672,"I found these guys at the side of the highway, and they asked if I could give them a lift to Mammoth Caves.  I told them to go ahead and take a stab at it."
2186,2759,2,18,68,88,1.25,0.051745902770176135,672,My cousin suggested acupuncture so I said I would give it a try.
2200,2759,5,12,71,88,1.25,0.0588331327829961,672,And you thought fleas were bad.
1752,2759,2,18,68,88,1.25,0.051745902770176135,672,I  can't wait for the next Ice Age to get these annoying pests off my back!
1760,2759,4,14,70,88,1.25,0.056569466085583144,672,My chakras have never been better aligned.
1767,2759,2,18,68,88,1.25,0.051745902770176135,672,"But will we make it through the Lice Age?

-Jim Kingman, Austin, Texas"
1860,2759,2,18,68,88,1.25,0.051745902770176135,672,"I'll let them get to the Bronze Age, but then I'm calling a doctor."
1926,2759,3,16,69,88,1.25,0.05421135926495693,672,I fell asleep on the ground Eric.
1716,2759,3,16,69,88,1.25,0.05421135926495693,672,You didn't apply enough dung on my back.
1957,2759,4,14,70,88,1.25,0.056569466085583144,672,There's a procedure to get them off my back but the side effects are just as bad
1981,2759,2,18,68,88,1.25,0.051745902770176135,672,"How do you eat a mammoth with a toothpick?
Same as an elephant;  one bite at a time."
1992,2759,2,18,68,88,1.25,0.051745902770176135,672,I wish I could get these pricks off my back.
2124,2759,3,16,69,88,1.25,0.05421135926495693,672,It’s only problematic when they get hungry
1956,2759,3,16,69,88,1.25,0.05421135926495693,672,I told them nicely to please get off my back.
3138,2885,3,17,73,93,1.2473118279569892,0.052197869432388244,672,"Gee, this acupuncture hurts more than I would have thought"
2732,2886,5,12,72,89,1.247191011235955,0.05823611478692686,672,Deet doesn't seem to be very effective - and have you noticed they're using tools?
3338,2887,6,9,70,85,1.2470588235294118,0.0624115785802593,672,"Sad thing is, acupuncture won't outlast us."
3343,2887,1,19,65,85,1.2470588235294118,0.049946420460231636,672,"When I itches, they scratches."
3372,2887,5,11,69,85,1.2470588235294118,0.060125644246543875,672,I've tried everything to quit smoking.
3432,2887,4,13,68,85,1.2470588235294118,0.05774929481166006,672,...I can't wait till hunting season's over!
3639,2887,2,17,66,85,1.2470588235294118,0.05267596189542411,672,Have you tried with baking soda?
3549,2887,1,19,65,85,1.2470588235294118,0.049946420460231636,672,I've decided to go Paleo.
3501,2887,3,15,67,85,1.2470588235294118,0.05527086941984991,672,It's easier than cutting notches in my belt.
3558,2887,3,15,67,85,1.2470588235294118,0.05527086941984991,672,Where did you put my flea collar?
3276,2887,0,21,64,85,1.2470588235294118,0.047058823529411764,672,"Once you've developed a thick skin, its no biggie."
3573,2887,2,17,66,85,1.2470588235294118,0.05267596189542411,672,Let them try. I’m wearing underarmour.
3455,2887,3,15,67,85,1.2470588235294118,0.05527086941984991,672,My acupuncturist recommended it.
3193,2887,1,19,65,85,1.2470588235294118,0.049946420460231636,672,"Sure, it hurts, but they scare the flies away."
2908,2887,3,15,67,85,1.2470588235294118,0.05527086941984991,672,"If it start to tickle too much, I'll just roll over."
3076,2887,6,9,70,85,1.2470588235294118,0.0624115785802593,672,"No more ""mi casa es tu casa"" fir the next two years, hopefully."
3037,2887,2,17,66,85,1.2470588235294118,0.05267596189542411,672,Don't worry; it's only a cosmetic procedure.
3009,2887,5,11,69,85,1.2470588235294118,0.060125644246543875,672,"It’s a nuisance, but my arthritis is gone."
3008,2887,4,13,68,85,1.2470588235294118,0.05774929481166006,672,They insisted on paying less for a group ride.
2996,2887,3,15,67,85,1.2470588235294118,0.05527086941984991,672,I’ll miss them once they all kill each other.
2772,2887,5,11,69,85,1.2470588235294118,0.060125644246543875,672,I think I paid too much for this insect repellent
2369,2887,3,15,67,85,1.2470588235294118,0.05527086941984991,672,I need a new human collar.
2730,2887,5,11,69,85,1.2470588235294118,0.060125644246543875,672,Tomorrow I go for my horoscope.
2638,2887,2,17,66,85,1.2470588235294118,0.05267596189542411,672,I'm beginning to question the motive of these Acupuncturists.
2627,2887,1,19,65,85,1.2470588235294118,0.049946420460231636,672,He told me to throw out the bedding and wash with a special soap every day for a week.
3734,2887,5,11,69,85,1.2470588235294118,0.060125644246543875,672,To hell with Western medicine
3146,2887,3,15,67,85,1.2470588235294118,0.05527086941984991,672,I thought acupuncture was supposed to relieve my stress.
3764,2887,2,17,66,85,1.2470588235294118,0.05267596189542411,672,Dr. Mitchell says it's Cavemeningitis.
4076,2887,3,15,67,85,1.2470588235294118,0.05527086941984991,672,"I don't mind the shampoo, but combing them out is a real hassle."
3892,2887,4,13,68,85,1.2470588235294118,0.05774929481166006,672,The Inland Revenue are here.
5431,2887,3,15,67,85,1.2470588235294118,0.05527086941984991,672,I hear that diatomaceous earth gets rid of these pests
2357,2887,3,15,67,85,1.2470588235294118,0.05527086941984991,672,Do you have any of that medicated shampoo?  It looks like I picked something up out on the glacier.
5220,2887,4,13,68,85,1.2470588235294118,0.05774929481166006,672,It takes a village to look my best!
5173,2887,3,15,67,85,1.2470588235294118,0.05527086941984991,672,The pamphlet calls it “Hot Stone”...
5148,2887,1,19,65,85,1.2470588235294118,0.049946420460231636,672,"Don't you remember, we agreed to be an externship site for the new acupuncturist program?"
5126,2887,2,17,66,85,1.2470588235294118,0.05267596189542411,672,Honestly it's a stretch say we coexist with humans.
5072,2887,3,15,67,85,1.2470588235294118,0.05527086941984991,672,They’re great for getting the tics.
5028,2887,3,15,67,85,1.2470588235294118,0.05527086941984991,672,"It's called ""acupunture"", really helping my headaches!"
4979,2887,3,15,67,85,1.2470588235294118,0.05527086941984991,672,This can't be hunting-it must be gathering.
4965,2887,4,13,68,85,1.2470588235294118,0.05774929481166006,672,They're better than my acupuncturist ...and they're only $10 per hour.
4937,2887,3,15,67,85,1.2470588235294118,0.05527086941984991,672,"Don't go outside, it seems it's raining men"
3886,2887,3,15,67,85,1.2470588235294118,0.05527086941984991,672,I told you to quit sharing hats with the kids at school
4817,2887,3,15,67,85,1.2470588235294118,0.05527086941984991,672,Do you ever get the feeling you've got little critters in your hair poking you
4694,2887,3,15,67,85,1.2470588235294118,0.05527086941984991,672,"I know it seems barbaric, but my doctor says these things really work for a bad dodo infestation."
4693,2887,3,15,67,85,1.2470588235294118,0.05527086941984991,672,It's a protection against poachers
4586,2887,1,19,65,85,1.2470588235294118,0.049946420460231636,672,Call pest control. They are all over the yard again!
4541,2887,4,13,68,85,1.2470588235294118,0.05774929481166006,672,"Hey, do you have any more of that dandruff shampoo?"
4494,2887,2,17,66,85,1.2470588235294118,0.05267596189542411,672,Hey Jerry? ... I think those insects are back.
4245,2887,4,13,68,85,1.2470588235294118,0.05774929481166006,672,"Yes, I realize they can be a little annoying. But I hear they are working on warming up this world."
4222,2887,4,13,68,85,1.2470588235294118,0.05774929481166006,672,The alternative was a man-sized duck.
4107,2887,2,17,66,85,1.2470588235294118,0.05267596189542411,672,"They're kinda cute now, but real annoying the bigger they get."
4072,2887,2,17,66,85,1.2470588235294118,0.05267596189542411,672,The bugs are getting bad outside.  I think it may storm.
3925,2887,4,13,68,85,1.2470588235294118,0.05774929481166006,672,"You think they are attacking, but actually they are cleaning me."
3912,2887,4,13,68,85,1.2470588235294118,0.05774929481166006,672,Why do they always land on me and never you??
4787,2887,2,17,66,85,1.2470588235294118,0.05267596189542411,672,People who can't see the whole elephant call them fleas
2333,2887,1,19,65,85,1.2470588235294118,0.049946420460231636,672,Look who's coming to dinner.
2878,2887,2,17,66,85,1.2470588235294118,0.05267596189542411,672,"It feels less like an extinction, and more like an annoyance."
2253,2887,2,17,66,85,1.2470588235294118,0.05267596189542411,672,They’re worse than fleas
1057,2887,3,15,67,85,1.2470588235294118,0.05527086941984991,672,"They're not as cute as the birds, but they seem to know just where to scratch."
1005,2887,1,19,65,85,1.2470588235294118,0.049946420460231636,672,"Trust me, they’re a dying species."
877,2887,2,17,66,85,1.2470588235294118,0.05267596189542411,672,They eat insects.
811,2887,2,17,66,85,1.2470588235294118,0.05267596189542411,672,That’s it; just sit down when you want them off.
719,2887,2,17,66,85,1.2470588235294118,0.05267596189542411,672,"So you don’t think they will overstay their welcome, right?"
687,2887,4,13,68,85,1.2470588235294118,0.05774929481166006,672,I love this spa!  Once they remove the fat they inject it into my laugh lines!
666,2887,4,13,68,85,1.2470588235294118,0.05774929481166006,672,"Don't worry, these Neanderthals will be extinct in no time."
659,2887,3,15,67,85,1.2470588235294118,0.05527086941984991,672,I hope they’re gone before they do the census.
631,2887,2,17,66,85,1.2470588235294118,0.05267596189542411,672,These nits are starting to bother me.
564,2887,2,17,66,85,1.2470588235294118,0.05267596189542411,672,The doctor says I've got a mild case of Prehistoric Man. The next ice age should take care of it.
1126,2887,4,13,68,85,1.2470588235294118,0.05774929481166006,672,Bedbugs
530,2887,2,17,66,85,1.2470588235294118,0.05267596189542411,672,Do I have something on my back?
479,2887,2,17,66,85,1.2470588235294118,0.05267596189542411,672,"They are on a corporate
retreat...I make a good living by hosting these events"
462,2887,1,19,65,85,1.2470588235294118,0.049946420460231636,672,"They’re annoying, but I don’t want them to end up like the dinosaurs."
432,2887,3,15,67,85,1.2470588235294118,0.05527086941984991,672,I've got lice again.
336,2887,1,19,65,85,1.2470588235294118,0.049946420460231636,672,Now I can see why we need feminism.
326,2887,2,17,66,85,1.2470588235294118,0.05267596189542411,672,I still haven't tried the cream my dermatologist prescribed.
127,2887,3,15,67,85,1.2470588235294118,0.05527086941984991,672,I feel manipulated.
118,2887,2,17,66,85,1.2470588235294118,0.05267596189542411,672,The acupuncture is helping.
109,2887,4,13,68,85,1.2470588235294118,0.05774929481166006,672,Forget fish pedicure. THIS is the latest trend.
84,2887,2,17,66,85,1.2470588235294118,0.05267596189542411,672,It feels good until they go back in the cave.
45,2887,2,17,66,85,1.2470588235294118,0.05267596189542411,672,"Oh, please can we keep them? They only live 85 years."
493,2887,5,11,69,85,1.2470588235294118,0.060125644246543875,672,They're a joke compared to climate change.
1159,2887,3,15,67,85,1.2470588235294118,0.05527086941984991,672,It really helps with my migraines
857,2887,2,17,66,85,1.2470588235294118,0.05267596189542411,672,Could we practice that 'Roll Over' command again?
1178,2887,3,15,67,85,1.2470588235294118,0.05527086941984991,672,"I'm telling you Doris, since starting this accupuncture therapy, I've never felt better."
2223,2887,3,15,67,85,1.2470588235294118,0.05527086941984991,672,I like these slant eyed ones. Their  little needles feel good.
2184,2887,6,9,70,85,1.2470588235294118,0.0624115785802593,672,I think someone sold them that one bite at a time idea .
2149,2887,3,15,67,85,1.2470588235294118,0.05527086941984991,672,"Screw these guys, I'm going with Hannibal!"
2146,2887,2,17,66,85,1.2470588235294118,0.05267596189542411,672,It's actually very entertaining.
2019,2887,5,11,69,85,1.2470588235294118,0.060125644246543875,672,Didn't we just do this same joke with sharks?
1902,2887,3,15,67,85,1.2470588235294118,0.05527086941984991,672,"I asked for leeches, but the vet swore this would work"""
1853,2887,0,21,64,85,1.2470588235294118,0.047058823529411764,672,You must try this - it's the latest in spa treatments
1702,2887,3,15,67,85,1.2470588235294118,0.05527086941984991,672,What does not kill me makes me itch.
1177,2887,2,17,66,85,1.2470588235294118,0.05267596189542411,672,The fleas are big this year.
1699,2887,2,17,66,85,1.2470588235294118,0.05267596189542411,672,So many hopefuls! You'd think we were extinct already!
1678,2887,2,17,66,85,1.2470588235294118,0.05267596189542411,672,How's the back feeling now?
1654,2887,5,11,69,85,1.2470588235294118,0.060125644246543875,672,It's a new incurable disease.
1587,2887,2,17,66,85,1.2470588235294118,0.05267596189542411,672,I could use a spritz of your anthrax with DEET.
2270,2887,3,15,67,85,1.2470588235294118,0.05527086941984991,672,It's supposed to stop my sugar cravings.
1362,2887,3,15,67,85,1.2470588235294118,0.05527086941984991,672,"Yeah, it was a bummer when I found out that wearing a no-pest strip made my hair fall out."
1510,2887,0,21,64,85,1.2470588235294118,0.047058823529411764,672,"They claim it's acupuncture, but I'm starting to get suspicious."
1464,2887,1,19,65,85,1.2470588235294118,0.049946420460231636,672,They think of me as dinner. I think of them as acupuncture.
1443,2887,5,11,69,85,1.2470588235294118,0.060125644246543875,672,They just don’t realize they’re only getting rid of my lice.
1410,2887,4,13,68,85,1.2470588235294118,0.05774929481166006,672,They're paying good money.
1395,2887,3,15,67,85,1.2470588235294118,0.05527086941984991,672,"""I went to see that big black slab. Suddenly I hear 'Also Sprach Zarathustra''. Now I gotta shampoo every damn day."
1529,2887,2,17,66,85,1.2470588235294118,0.05267596189542411,672,"The longer we can keep up a symbiotic relationship, the better we are."
1253,2887,2,17,66,85,1.2470588235294118,0.05267596189542411,672,If you step on them they get  jammed between your toes which is worse.
1209,2887,4,13,68,85,1.2470588235294118,0.05774929481166006,672,They're Democrats still looking for Russian collusion.
5541,2992,2,15,60,77,1.2467532467532467,0.0559386569469335,672,It's just that you've never made me feel this desirable.
1000,2993,4,16,78,98,1.2448979591836735,0.052421330536158,672,You really should get some; my sciatica is completely gone!
3933,2994,4,13,69,86,1.244186046511628,0.05714609523118613,672,"Yes, they are unsightly, but how much harm can they do?
Drew Bridges, Wake Forest, NC"
3926,2994,1,19,66,86,1.244186046511628,0.049445755798847524,672,"It's called ""acupuncture to-go."""
3844,2994,3,15,68,86,1.244186046511628,0.05469989386602394,672,Was this acupuncture really worth the money?
3330,2994,2,17,67,86,1.244186046511628,0.0521390504107696,672,They're the best backscratchers I ever had
3371,2994,0,21,65,86,1.244186046511628,0.04659704878317674,672,It’s called the caveman massage.
3938,2994,2,17,67,86,1.244186046511628,0.0521390504107696,672,They offered backscratching for the ride.
3198,2994,3,15,68,86,1.244186046511628,0.05469989386602394,672,"Together we're mighty hunters!  They're small and weak but smart.  I""m big and strong but stupid."
3274,2994,2,17,67,86,1.244186046511628,0.0521390504107696,672,I guess eventually they'll kill me and take over the world.
3205,2994,3,15,68,86,1.244186046511628,0.05469989386602394,672,"Yeah it is archaic, but it is the only acupuncture I can afford."
3727,2994,3,15,68,86,1.244186046511628,0.05469989386602394,672,I  much prefer a back scratch to a tummy rub.
3362,2994,1,19,66,86,1.244186046511628,0.049445755798847524,672,They call it hunting. I call it free acupuncture.
4989,2994,1,19,66,86,1.244186046511628,0.049445755798847524,672,I hired them to scratch that itch that I just can't reach--you know the one!
4047,2994,3,15,68,86,1.244186046511628,0.05469989386602394,672,"Sure, they constantly try to kill me, but you should my cave's new paint job!"
4268,2994,1,19,66,86,1.244186046511628,0.049445755798847524,672,Don't they sell a comb for this?
4306,2994,3,15,68,86,1.244186046511628,0.05469989386602394,672,Cheap labor to keep the gnat off!
4311,2994,4,13,69,86,1.244186046511628,0.05714609523118613,672,Medicare is paying for treatment
4349,2994,4,13,69,86,1.244186046511628,0.05714609523118613,672,Hey!  They don't bite and keep the bugs away.
4407,2994,4,13,69,86,1.244186046511628,0.05714609523118613,672,"Yeah, it's a new therapy. They're calling it, Acupuncture."
4792,2994,4,13,69,86,1.244186046511628,0.05714609523118613,672,Seriously...acunpuncture works for backaches!
4806,2994,3,15,68,86,1.244186046511628,0.05469989386602394,672,The doctor prescribed acupuncture.
2981,2994,0,21,65,86,1.244186046511628,0.04659704878317674,672,"Yes, I know but the free acupuncture had terms and conditions."
5164,2994,3,15,68,86,1.244186046511628,0.05469989386602394,672,Early prototype of the Trojan Horse
5205,2994,2,17,67,86,1.244186046511628,0.0521390504107696,672,It's called acupuncture and you've gotta try it for that sciatica.
5546,2994,3,15,68,86,1.244186046511628,0.05469989386602394,672,This weather is war on my skin.
4018,2994,4,13,69,86,1.244186046511628,0.05714609523118613,672,"It's pronounced ""crabs""."
2806,2994,3,15,68,86,1.244186046511628,0.05469989386602394,672,"I’ll say this for them, they never give up."
304,2994,3,15,68,86,1.244186046511628,0.05469989386602394,672,They call it ack-u-punk-ture. I thought it's worth a try.
2009,2994,0,21,65,86,1.244186046511628,0.04659704878317674,672,Acupuncture isn’t what it used to be.
2597,2994,3,15,68,86,1.244186046511628,0.05469989386602394,672,Few more years and they won't be my problem anymore.
58,2994,4,13,69,86,1.244186046511628,0.05714609523118613,672,They tend to destroy anything they live on
61,2994,6,9,71,86,1.244186046511628,0.0617484560341942,672,"Yes, they're annoying, but what real harm can they do?"
217,2994,3,15,68,86,1.244186046511628,0.05469989386602394,672,The doctor says it's contagious.
426,2994,2,17,67,86,1.244186046511628,0.0521390504107696,672,This acupuncture may end up costing me an arm and a leg
712,2994,1,19,66,86,1.244186046511628,0.049445755798847524,672,To them I am mammoth. To you I am just Fred.
729,2994,2,17,67,86,1.244186046511628,0.0521390504107696,672,"I like the backscratching, but when I have enough I just sneeze."
1098,2994,2,17,67,86,1.244186046511628,0.0521390504107696,672,If you were a chimpanzee you would help by picking them off!
14,2994,1,19,66,86,1.244186046511628,0.049445755798847524,672,If we just ignore them they'll be dead in a few thousand years.
1165,2994,3,15,68,86,1.244186046511628,0.05469989386602394,672,I guess they don't want any more sequels about us.
1197,2994,2,17,67,86,1.244186046511628,0.0521390504107696,672,Do you have any anti-itch powder?
1731,2994,5,11,70,86,1.244186046511628,0.05949179784969777,672,It's just dandruff.
1742,2994,2,17,67,86,1.244186046511628,0.0521390504107696,672,my cousin sent them to me to help relieve stress.
1847,2994,2,17,67,86,1.244186046511628,0.0521390504107696,672,The fleas were better.
1147,2994,1,19,66,86,1.244186046511628,0.049445755798847524,672,Enough of these little guys & you begin to feel it.
1883,2994,2,17,67,86,1.244186046511628,0.0521390504107696,672,"Pass me the flea spray, wouldja?"
569,3038,2,14,58,74,1.2432432432432432,0.057114403566085395,672,"The doctor says it'll take care of itself in 20,000 years."
4978,3039,1,20,70,91,1.2417582417582418,0.04775972458023919,672,This Acupuncture isn’t doing a thing for me.
5463,3040,4,13,70,87,1.2413793103448276,0.0565551142867373,672,But their momma was a monkey.
1404,3040,5,11,71,87,1.2413793103448276,0.058870953435016256,672,"Kevin, just roll over and play dead."
1804,3042,2,16,65,83,1.2409638554216869,0.053086795805151125,672,"Acupuncture is born:
""They said it will help my backache and I'll sleep better"""
1968,3042,3,14,66,83,1.2409638554216869,0.055785896507344584,672,The pterydactyls had already eaten.
2017,3042,3,14,66,83,1.2409638554216869,0.055785896507344584,672,Lucky for us they will be extinct
2258,3042,2,16,65,83,1.2409638554216869,0.053086795805151125,672,The doctor said there's no vaccine for anti-vaxxer lice.
2907,3042,2,16,65,83,1.2409638554216869,0.053086795805151125,672,How many pin curls are we talking about?
2684,3042,1,18,64,83,1.2409638554216869,0.05024290525623953,672,It's  fun  listening  to  them
3154,3042,3,14,66,83,1.2409638554216869,0.055785896507344584,672,My dermatologist suggested I try a paleo diet.
3167,3042,2,16,65,83,1.2409638554216869,0.053086795805151125,672,What part of symbiotic don't you understand?
3337,3042,2,16,65,83,1.2409638554216869,0.053086795805151125,672,"'It's working the bald spot is all gone!"""
1748,3042,2,16,65,83,1.2409638554216869,0.053086795805151125,672,"“‘Full speed ahead,’ didn’t bother me. ‘The devil take the hindmost’ did."
3572,3042,5,10,68,83,1.2409638554216869,0.060825841298488094,672,I wish I were woollier.
2635,3042,2,16,65,83,1.2409638554216869,0.053086795805151125,672,I can't wait for these pesky Neanderthals to go extinct.
1695,3042,3,14,66,83,1.2409638554216869,0.055785896507344584,672,‘We have a mammoth problem; looks like we’re into the ‘mini’ ice age
5125,3042,3,14,66,83,1.2409638554216869,0.055785896507344584,672,Whada you say we put these Neanderthals on ice?
933,3042,3,14,66,83,1.2409638554216869,0.055785896507344584,672,"Ticks , lice , some new thing to get worked up over."
628,3042,1,18,64,83,1.2409638554216869,0.05024290525623953,672,Ya... I’ve got some baggage
129,3042,5,10,68,83,1.2409638554216869,0.060825841298488094,672,Attention Whole Foods shoppers...”
64,3042,3,14,66,83,1.2409638554216869,0.055785896507344584,672,Im all out of the spray.
3943,3042,2,16,65,83,1.2409638554216869,0.053086795805151125,672,Trending: 3-D human print wool shawl
5286,3042,4,12,67,83,1.2409638554216869,0.058360299942670876,672,"Sorry, hon, but I had to bring a little work home with me."
5052,3042,3,14,66,83,1.2409638554216869,0.055785896507344584,672,The hunters seem to be gathering again.
3971,3042,3,14,66,83,1.2409638554216869,0.055785896507344584,672,Would you be a little Hun and scratch my back?
5033,3042,2,16,65,83,1.2409638554216869,0.053086795805151125,672,Have you got parasites again?
5506,3042,5,10,68,83,1.2409638554216869,0.060825841298488094,672,Could you scratch my back?  Something tickles.
116,3042,3,14,66,83,1.2409638554216869,0.055785896507344584,672,"How much damage can they do, anyway, with their little spears and MAGA chants?"
4413,3042,2,16,65,83,1.2409638554216869,0.053086795805151125,672,This new strain of bugs is a pain but they'll be extinct in no time.
4392,3042,2,16,65,83,1.2409638554216869,0.053086795805151125,672,It remains to be seen if this 'acupuncture' survives the ages!
1146,3042,4,12,67,83,1.2409638554216869,0.058360299942670876,672,They’re hunting for fleas.
3970,3042,3,14,66,83,1.2409638554216869,0.055785896507344584,672,The shampoo didn't work.
2619,3071,5,11,72,88,1.2386363636363635,0.058262723756929945,672,Where's a school nurse when you need one?
5537,3071,1,19,68,88,1.2386363636363635,0.0484728057797513,672,Remind me again: Why are we going extinct?
2613,3071,5,11,72,88,1.2386363636363635,0.058262723756929945,672,"Trust me honey, ancient acupuncture should work."
5257,3074,4,12,68,84,1.2380952380952381,0.057732660874787296,672,My doctor engaged this specialist team to treat my elephantiasis.
4038,3074,0,20,64,84,1.2380952380952381,0.04675054225464914,672,"They keep making these little grunts that sound like 
'Eye! Voh! Ree!'"
3995,3074,2,16,66,84,1.2380952380952381,0.05252938859717925,672,The cavemen are out of control this summer. It must be the humidity!
3988,3074,4,12,68,84,1.2380952380952381,0.057732660874787296,672,Doctor says I caught them from a toilet seat.
3903,3074,4,12,68,84,1.2380952380952381,0.057732660874787296,672,I’ve gotta come clean Jennifer.....I have herpes. And not the good kind either.
3834,3074,3,14,67,84,1.2380952380952381,0.055192376276423635,672,They are wooly but they’re quite small
3813,3074,2,16,66,84,1.2380952380952381,0.05252938859717925,672,"If you guys don't agree on a strategy right now, we're gonna get our asses kicked."
3710,3074,3,14,67,84,1.2380952380952381,0.055192376276423635,672,I tolerate them because they kill the ticks.
3698,3074,2,16,66,84,1.2380952380952381,0.05252938859717925,672,"QUICK, HENRY BRIMG ME THE FLICK!"
3629,3074,2,16,66,84,1.2380952380952381,0.05252938859717925,672,It's called anger management.  I don't recommend it.
3537,3074,2,16,66,84,1.2380952380952381,0.05252938859717925,672,Just a trim this time guys.
3473,3074,3,14,67,84,1.2380952380952381,0.055192376276423635,672,Some day they will take over the world!
3389,3074,2,16,66,84,1.2380952380952381,0.05252938859717925,672,That's right. I'm a pygmy elephant. You got a problem with that?
4068,3074,1,18,65,84,1.2380952380952381,0.049723987508531534,672,My back scratcher is missing the spot.
3366,3074,3,14,67,84,1.2380952380952381,0.055192376276423635,672,"These pesky creatures are claiming that by using their little darts, that they will render us extinct! Can you believe their gall?"
3301,3074,2,16,66,84,1.2380952380952381,0.05252938859717925,672,"Yeah, my insurance covers acupuncture."
3247,3074,4,12,68,84,1.2380952380952381,0.057732660874787296,672,"A little more to the left, please"
3203,3074,3,14,67,84,1.2380952380952381,0.055192376276423635,672,You got that broccoli spray hon. They hate that stuff.
3191,3074,2,16,66,84,1.2380952380952381,0.05252938859717925,672,Their symbiotic task is to bag my fleas. Hence the idiom....
3178,3074,1,18,65,84,1.2380952380952381,0.049723987508531534,672,"Don't worry, they're not contagious."
2983,3074,3,14,67,84,1.2380952380952381,0.055192376276423635,672,Tell me again the name of the repellent you're using.
2975,3074,2,16,66,84,1.2380952380952381,0.05252938859717925,672,Best back scratch I've had in centuries.
2954,3074,1,18,65,84,1.2380952380952381,0.049723987508531534,672,Paleo spa is the best.
2942,3074,4,12,68,84,1.2380952380952381,0.057732660874787296,672,You SAT on your Shakespeareans!
3407,3074,2,16,66,84,1.2380952380952381,0.05252938859717925,672,Have you tried a topical ointment?
4132,3074,4,12,68,84,1.2380952380952381,0.057732660874787296,672,My job put me on Humana HMO and this is what they have authorized for my knee bursitis.
4190,3074,3,14,67,84,1.2380952380952381,0.055192376276423635,672,"The society is not so open-minded to try this newest human therapy, like they are still in the Mesozoic era you know..."
5254,3074,2,16,66,84,1.2380952380952381,0.05252938859717925,672,Acupuncture is doing wonders for my hair loss.
5353,3074,4,12,68,84,1.2380952380952381,0.057732660874787296,672,I'm not so sure about this organic flea control
5365,3074,3,14,67,84,1.2380952380952381,0.055192376276423635,672,Give it a billion years...we’ll see if anything changes.
5458,3074,4,12,68,84,1.2380952380952381,0.057732660874787296,672,It Pays To  Think Big
2852,3074,3,14,67,84,1.2380952380952381,0.055192376276423635,672,They keep the flies away.
5486,3074,3,14,67,84,1.2380952380952381,0.055192376276423635,672,"Come on, we agreed to switch places so I could watch the second half."
5249,3074,4,12,68,84,1.2380952380952381,0.057732660874787296,672,"I yelled I'm Havin a Ball!  Then, next thing, I'm trudging these guys over the Alps."
5238,3074,5,10,69,84,1.2380952380952381,0.060165786493056504,672,My doctor said to try acupuncture.
5193,3074,3,14,67,84,1.2380952380952381,0.055192376276423635,672,It's called acupuncture. I never heard of it either.
5171,3074,3,14,67,84,1.2380952380952381,0.055192376276423635,672,It combines a back walking massage with acupuncture.
5140,3074,3,14,67,84,1.2380952380952381,0.055192376276423635,672,"I call them, Bashful – Doc – Dopey – Grumpy – Happy – Sleepy – Sneezy."
5123,3074,2,16,66,84,1.2380952380952381,0.05252938859717925,672,I call them ticks.
4184,3074,2,16,66,84,1.2380952380952381,0.05252938859717925,672,Hey Arthur...caveman-fleas again?
5119,3074,1,18,65,84,1.2380952380952381,0.049723987508531534,672,"Yea they are annoying, but I’ll call the doctor next week"
4905,3074,4,12,68,84,1.2380952380952381,0.057732660874787296,672,"I know, I know. I should have paid for the optional vaccines too."
4873,3074,3,14,67,84,1.2380952380952381,0.055192376276423635,672,No one else would adopt them.
4720,3074,1,18,65,84,1.2380952380952381,0.049723987508531534,672,"I told 'em it was a ""hairy mountain"" & they bought it!"
4679,3074,1,18,65,84,1.2380952380952381,0.049723987508531534,672,I don't know.  I thought accupuncture was going to help.  But I think I'd rather have the backache.
4600,3074,3,14,67,84,1.2380952380952381,0.055192376276423635,672,"I know you swear by it, but I don't think acupuncture is doing it for me."
4576,3074,5,10,69,84,1.2380952380952381,0.060165786493056504,672,Where did that comb go?
4547,3074,2,16,66,84,1.2380952380952381,0.05252938859717925,672,I have to get one of those woolly mammoth pest collars.
4490,3074,4,12,68,84,1.2380952380952381,0.057732660874787296,672,I think that I'm becoming an attackyderm.
4465,3074,1,18,65,84,1.2380952380952381,0.049723987508531534,672,They're like fleas but not as convivial.
4327,3074,5,10,69,84,1.2380952380952381,0.060165786493056504,672,"Nonsense! We rule the world, they will never be more than flea-pickers on my back!"
4254,3074,4,12,68,84,1.2380952380952381,0.057732660874787296,672,Come on. You said our sex life needs a little novelty.
4972,3074,1,18,65,84,1.2380952380952381,0.049723987508531534,672,I keep telling them a little more to the right and a little higher.
2788,3074,2,16,66,84,1.2380952380952381,0.05252938859717925,672,"The principal says ""no school until the lice are gone""."
4046,3074,2,16,66,84,1.2380952380952381,0.05252938859717925,672,Insects haven't been invented yet.
2574,3074,2,16,66,84,1.2380952380952381,0.05252938859717925,672,I've got Neanderthals.
1236,3074,2,16,66,84,1.2380952380952381,0.05252938859717925,672,I think these spas have gone too far.
1216,3074,1,18,65,84,1.2380952380952381,0.049723987508531534,672,"Don’t give me that look, at least SOMEONE has my back now!"
1188,3074,2,16,66,84,1.2380952380952381,0.05252938859717925,672,Yeah they're annoying--but I have an itch.
1179,3074,3,14,67,84,1.2380952380952381,0.055192376276423635,672,The scientists are calling it mutualism
1119,3074,3,14,67,84,1.2380952380952381,0.055192376276423635,672,I take pride in trusting strangers.
1114,3074,3,14,67,84,1.2380952380952381,0.055192376276423635,672,"Well it started as a flea problem, so I got some spiders. Long story short the problem has evolved to this."
1103,3074,2,16,66,84,1.2380952380952381,0.05252938859717925,672,I give em six weeks.
979,3074,2,16,66,84,1.2380952380952381,0.05252938859717925,672,Don't tell Doc but this Acupuncturi tribe has been doing wonders for my back!
957,3074,3,14,67,84,1.2380952380952381,0.055192376276423635,672,"Matty! Hatty! I think this it!
It has two big horns and a wooly jaw!"
944,3074,1,18,65,84,1.2380952380952381,0.049723987508531534,672,I got a gig modeling for cave paintings.
922,3074,4,12,68,84,1.2380952380952381,0.057732660874787296,672,This new acupuncture treatment is working wonders for me!.
836,3074,1,18,65,84,1.2380952380952381,0.049723987508531534,672,So much for our symbiotic relationship.
822,3074,2,16,66,84,1.2380952380952381,0.05252938859717925,672,No fair!!
643,3074,3,14,67,84,1.2380952380952381,0.055192376276423635,672,I’m not worried. We’ll survive these pests.
580,3074,3,14,67,84,1.2380952380952381,0.055192376276423635,672,They are so cute angry.
454,3074,1,18,65,84,1.2380952380952381,0.049723987508531534,672,I brought a floor show and seasoning to liven up tonight's dinner.
423,3074,2,16,66,84,1.2380952380952381,0.05252938859717925,672,I’m heading into town for a human collar.
390,3074,5,10,69,84,1.2380952380952381,0.060165786493056504,672,"I've got this stabbing, itchy, burning sensation all over my back that's driving me crazy. What else could it be but shingles?"""
309,3074,6,8,70,84,1.2380952380952381,0.06250426863001379,672,The acupuncturist said it would cure my elbow pain.
107,3074,3,14,67,84,1.2380952380952381,0.055192376276423635,672,"It's the only thing that stops the mosquitos from biting!""

Camille Adams, Atlantic Beach, FL"
92,3074,2,16,66,84,1.2380952380952381,0.05252938859717925,672,Pass me the swatter.
1295,3074,0,20,64,84,1.2380952380952381,0.04675054225464914,672,Have we figured out how to make cocktails yet?
1337,3074,2,16,66,84,1.2380952380952381,0.05252938859717925,672,"Cupping is so last era, this is what really gets the knots out."
662,3074,2,16,66,84,1.2380952380952381,0.05252938859717925,672,Their back.
2551,3074,3,14,67,84,1.2380952380952381,0.055192376276423635,672,You wouldn't belive how much acupuncture costs.
1363,3074,3,14,67,84,1.2380952380952381,0.055192376276423635,672,My therapist says our relationship can't move forward until I get these monkeys off my back.
2474,3074,2,16,66,84,1.2380952380952381,0.05252938859717925,672,"When it hasn't been your day, your week, or even your year."
2362,3074,5,10,69,84,1.2380952380952381,0.060165786493056504,672,Hair & makeup for The Pachylorette....
2344,3074,5,10,69,84,1.2380952380952381,0.060165786493056504,672,Ticks me off . . . . they're worse than fleas!
2311,3074,2,16,66,84,1.2380952380952381,0.05252938859717925,672,"Bill your doing the Paleo diet all wrong, it's 5 meat heads a day."
2233,3074,5,10,69,84,1.2380952380952381,0.060165786493056504,672,They kill the fleas
2215,3074,0,20,64,84,1.2380952380952381,0.04675054225464914,672,I hear you can get them out with a really fine-toothed comb.
2622,3074,3,14,67,84,1.2380952380952381,0.055192376276423635,672,Tick hunting training's gone well. Teeth flossing starts next week.
2069,3074,2,16,66,84,1.2380952380952381,0.05252938859717925,672,Got that neander-comb?
2050,3074,1,18,65,84,1.2380952380952381,0.049723987508531534,672,"Honey, I shrunk the kids."
2158,3074,5,10,69,84,1.2380952380952381,0.060165786493056504,672,Acupuncture really keeps me going.
1958,3074,3,14,67,84,1.2380952380952381,0.055192376276423635,672,It’s something new...and really helps with stress and my low back pain.
1375,3074,3,14,67,84,1.2380952380952381,0.055192376276423635,672,"I could flick them off, but whatever their game is, it’s working as my back scratcher."
1515,3074,3,14,67,84,1.2380952380952381,0.055192376276423635,672,I've heard you can add more followers for free!
1963,3074,4,12,68,84,1.2380952380952381,0.057732660874787296,672,I’m giving a reward for hunting that irritating flea!
1746,3074,1,18,65,84,1.2380952380952381,0.049723987508531534,672,Do you have any Doans?
1787,3074,2,16,66,84,1.2380952380952381,0.05252938859717925,672,I'm really getting into this whole acupuncture thing.
1800,3074,2,16,66,84,1.2380952380952381,0.05252938859717925,672,You wanna get stoned?
1671,3074,3,14,67,84,1.2380952380952381,0.055192376276423635,672,"They'll have great resell value on eBay, as long as you don't take the tags off."
1937,3074,4,12,68,84,1.2380952380952381,0.057732660874787296,672,"It hurts a little, but no big deal.  What harm can they do?"
1827,3074,3,14,67,84,1.2380952380952381,0.055192376276423635,672,"I've told them to get off my back, but we'll be extinct soon. anyway."
3626,3176,3,14,68,85,1.2352941176470589,0.05461107413662156,672,I feel the weight of our situation.
1660,3176,2,16,67,85,1.2352941176470589,0.05198324127579627,672,The gig economy is starting to grow on me.
4244,3176,3,14,68,85,1.2352941176470589,0.05461107413662156,672,"I am telling you, they have set themselves up for a mammoth task."
4529,3176,4,12,69,85,1.2352941176470589,0.0571181360267779,672,You have any of those flea tablets left?
3436,3176,4,12,69,85,1.2352941176470589,0.0571181360267779,672,"I KNEW you'd say that, mom.  All the kids are doing it."
3275,3176,2,16,67,85,1.2352941176470589,0.05198324127579627,672,"Hi Honey,
Can you please remove these blackheads for me?"
2655,3176,2,16,67,85,1.2352941176470589,0.05198324127579627,672,Oh I swear by acupuncture
2500,3176,2,16,67,85,1.2352941176470589,0.05198324127579627,672,"I've been better, I'm having sharp pains in my back."
2423,3176,5,10,70,85,1.2352941176470589,0.05951969008648676,672,I’m hoping they’ll scratch my itch.
1854,3176,0,20,65,85,1.2352941176470589,0.04628210543937899,672,"No, no scratchy scalp.  Why do you ask?"
1801,3176,3,14,68,85,1.2352941176470589,0.05461107413662156,672,I don't think they quite understood the meaning of Extinction Rebellion...
1555,3176,5,10,70,85,1.2352941176470589,0.05951969008648676,672,Happens every time I forget my flea collar.
5002,3176,3,14,68,85,1.2352941176470589,0.05461107413662156,672,I told you this would happen if I stopped wearing the collar.
1202,3176,3,14,68,85,1.2352941176470589,0.05461107413662156,672,Can you scratch a little closer to my shoulder?
735,3176,2,16,67,85,1.2352941176470589,0.05198324127579627,672,No I don't want to hurt them.  I've heard they are soon going to be extinct.
220,3176,3,14,68,85,1.2352941176470589,0.05461107413662156,672,They make me feel more mammoth.
3303,3176,3,14,68,85,1.2352941176470589,0.05461107413662156,672,I'm tired. Its been an under mammoth taking
4712,3176,3,14,68,85,1.2352941176470589,0.05461107413662156,672,There on a search and destroy mission for fleas.
5116,3176,2,16,67,85,1.2352941176470589,0.05198324127579627,672,The doctor says it will only get worse if i don't take care of it now.
5231,3176,2,16,67,85,1.2352941176470589,0.05198324127579627,672,"They're a nuisance, but harmless, right?"
4847,3176,4,12,69,85,1.2352941176470589,0.0571181360267779,672,I fear the Lyme ticks are back.
5366,3176,3,14,68,85,1.2352941176470589,0.05461107413662156,672,My vet says they can carry Lyme disease.
1545,3176,1,18,66,85,1.2352941176470589,0.04921529567847502,672,"Yes dear, you were right.  Next time I will wear a raincoat."
2618,3199,3,17,78,98,1.2346938775510203,0.049828277400809425,672,'They thought I was Snow White.'
2360,3200,0,19,62,81,1.2345679012345678,0.047374281121851596,672,What are you looking at?
2355,3200,2,15,64,81,1.2345679012345678,0.05349398529208222,672,Can't touch this!!
4480,3200,1,17,63,81,1.2345679012345678,0.050526868962175626,672,They call it” a hunt”.  I call it a great “deep tissue massage”.
3161,3200,1,17,63,81,1.2345679012345678,0.050526868962175626,672,....and WE'RE the ones who'll become extinct?
4176,3200,2,15,64,81,1.2345679012345678,0.05349398529208222,672,Have they considered fasting? Always with the Paleo
4415,3200,5,9,67,81,1.2345679012345678,0.061542931262293925,672,"They're harmless, I swear. 
Big problems always start small, Richard."
1922,3200,1,17,63,81,1.2345679012345678,0.050526868962175626,672,The doctor says they'll be gone in two to three millennia.
5098,3200,2,15,64,81,1.2345679012345678,0.05349398529208222,672,They got mad when I wouldn't sit for a cave drawing.
3164,3200,3,13,65,81,1.2345679012345678,0.05630495926415497,672,My pores were blocked
1463,3200,4,11,66,81,1.2345679012345678,0.05898211943501855,672,Won 'em in a card game.
5430,3200,3,13,65,81,1.2345679012345678,0.05630495926415497,672,I've had a sharp pain in my back for over two weeks...should I call a doctor?
804,3200,1,17,63,81,1.2345679012345678,0.050526868962175626,672,The other flea repellants were too exstincky
675,3200,1,17,63,81,1.2345679012345678,0.050526868962175626,672,"If they get too annoying, I just flick them off with my trunk."
663,3200,3,13,65,81,1.2345679012345678,0.05630495926415497,672,It's the bickering that really drives you nuts.
175,3200,2,15,64,81,1.2345679012345678,0.05349398529208222,672,"They’ll be tired soon...so, how’s Diane?"
848,3200,3,13,65,81,1.2345679012345678,0.05630495926415497,672,They say acupuncture is good for back pain.
2681,3216,0,22,72,94,1.2340425531914894,0.04390442166566773,672,I feel like I have the weight of the world on my shoulders.
4819,3217,4,9,60,73,1.2328767123287672,0.06327126237694529,672,"Yes, and worse: the pecky buggers may outlive us..."
2810,3218,2,16,68,86,1.2325581395348837,0.05144802965162532,672,How’ they look? They’re trying out the 3-3-1 combination for the first time.
4896,3218,3,14,69,86,1.2325581395348837,0.054041628086615126,672,How did they get there?  I forget!
2266,3220,4,11,68,83,1.2289156626506024,0.05768911891870085,672,"It's Lime's Disease."""
3315,3221,2,14,63,79,1.2278481012658229,0.0538952278235385,672,"HURRY UP MEN, HE'S MAKING EYES AT HER!"
4335,3221,2,14,63,79,1.2278481012658229,0.0538952278235385,672,"If I give you my best Bogart impression, can you get these filthy little devils off my back?"
4309,3221,1,16,62,79,1.2278481012658229,0.050794937122985086,672,I'm sorry for bringing work home with me honey.
4292,3221,1,16,62,79,1.2278481012658229,0.050794937122985086,672,"Yeah, kinda like cleaner shrimp."
4255,3221,1,16,62,79,1.2278481012658229,0.050794937122985086,672,Just a bunch of far-left liberals trying to bring down the system!
4089,3221,1,16,62,79,1.2278481012658229,0.050794937122985086,672,I find their indifference to futility rather cute.
3913,3221,3,12,64,79,1.2278481012658229,0.05682662691885053,672,Mammites...
3797,3221,2,14,63,79,1.2278481012658229,0.0538952278235385,672,"Since your tusks started to curl, you just haven't been able to scratch my itch like they do."
2902,3221,0,18,61,79,1.2278481012658229,0.04749269093771061,672,My back feels much better since I've given up traditional Western therapies.
3711,3221,2,14,63,79,1.2278481012658229,0.0538952278235385,672,"I just thought, why run and hide when I can walk with hide."
3536,3221,5,8,66,79,1.2278481012658229,0.062276844947544076,672,"They're little pricks, but they're tasty to snack on."
4352,3221,3,12,64,79,1.2278481012658229,0.05682662691885053,672,They're just starting overtime.
2784,3221,1,16,62,79,1.2278481012658229,0.050794937122985086,672,They're an annoyance but I'm sure we'll outlive them.
3329,3221,4,10,65,79,1.2278481012658229,0.059614054314375706,672,Sorry.  He wanted  help to change the elephant in his room.
3827,3221,2,14,63,79,1.2278481012658229,0.0538952278235385,672,"These guys usually do cave walls.  I asked for a dragon... trust me, it only hurts a little."
4390,3221,2,14,63,79,1.2278481012658229,0.0538952278235385,672,"End of the line! For your safety, return all spears and stone weapons to the bins and please  return to your seats until the mammoth comes to a complete stop."
4704,3221,2,14,63,79,1.2278481012658229,0.0538952278235385,672,Our relationship is strictly symbiotic.
4467,3221,1,16,62,79,1.2278481012658229,0.050794937122985086,672,You try getting rid of these little parasites.
5512,3221,0,18,61,79,1.2278481012658229,0.04749269093771061,672,Spare me the CBD oil testimonial.
5394,3221,0,18,61,79,1.2278481012658229,0.04749269093771061,672,Hi Sweetie. I’ve gathered some hunters for you.
5358,3221,2,14,63,79,1.2278481012658229,0.0538952278235385,672,It's symbiotic.  They kill all the woolly bugs in my fur and in return I keep the sabertooth tigers away from them.
5357,3221,2,14,63,79,1.2278481012658229,0.0538952278235385,672,This backache is killing me!
5341,3221,2,14,63,79,1.2278481012658229,0.0538952278235385,672,And apparently we’re all teeming with antibodies.
5215,3221,2,14,63,79,1.2278481012658229,0.0538952278235385,672,Little do these guys know... I hid her in the bushes!
5034,3221,5,8,66,79,1.2278481012658229,0.062276844947544076,672,I can’t wait for Lyme wiping them out.
4447,3221,3,12,64,79,1.2278481012658229,0.05682662691885053,672,"'""Just think of it as death by a thousand sword pricks."""
5029,3221,2,14,63,79,1.2278481012658229,0.0538952278235385,672,This offers no evolutionary advantage to me and I want to get rid of these guys!!
4906,3221,2,14,63,79,1.2278481012658229,0.0538952278235385,672,They’re going to drive me off a glacier.
4904,3221,2,14,63,79,1.2278481012658229,0.0538952278235385,672,I'll give you three and you'll see what I mean.
4808,3221,2,14,63,79,1.2278481012658229,0.0538952278235385,672,They'll never make us extinct throwing javelins.
4732,3221,2,14,63,79,1.2278481012658229,0.0538952278235385,672,"Honey, I shrunk the poachers."
2669,3221,1,16,62,79,1.2278481012658229,0.050794937122985086,672,"That's evolution for ya. I thought I had a monkey on my back, but it ended up being a human instead."
4681,3221,3,12,64,79,1.2278481012658229,0.05682662691885053,672,I knew we should’ve stomped them before they evolved
4596,3221,4,10,65,79,1.2278481012658229,0.059614054314375706,672,Use the pointy end.
4984,3221,3,12,64,79,1.2278481012658229,0.05682662691885053,672,"You know, extinction’s not so bad."
2661,3221,1,16,62,79,1.2278481012658229,0.050794937122985086,672,It's a team building exercise.
3324,3221,3,12,64,79,1.2278481012658229,0.05682662691885053,672,This global cooling is frightfully annoying.  Let's move out and get a place with lower ceilings.
2543,3221,2,14,63,79,1.2278481012658229,0.0538952278235385,672,They keep calling for some guy named David.
132,3221,2,14,63,79,1.2278481012658229,0.0538952278235385,672,Thus conscience does make cowards of us all.
477,3221,3,12,64,79,1.2278481012658229,0.05682662691885053,672,I think we should see other people.
2544,3221,3,12,64,79,1.2278481012658229,0.05682662691885053,672,"Circa Pleistocene era.The Origin of a Species: The Republican Party and it's original mascot,the Mammuthus primigenius conservativas"
668,3221,3,12,64,79,1.2278481012658229,0.05682662691885053,672,It'll be a cold day in hell before I take the HOV lanes again.
700,3221,2,14,63,79,1.2278481012658229,0.0538952278235385,672,It's very annoying. The kids came home with an infestation and I caught it from them.
728,3221,2,14,63,79,1.2278481012658229,0.0538952278235385,672,"Prehensile is all very nice, but it is awfully hard to scratch an itch without fingernails."
916,3221,3,12,64,79,1.2278481012658229,0.05682662691885053,672,They read my piece on Al Franken.
961,3221,2,14,63,79,1.2278481012658229,0.0538952278235385,672,My doctor says it's one of the earliest signs he's seen of humans entering the New World .
986,3221,3,12,64,79,1.2278481012658229,0.05682662691885053,672,"They're useless for fleas, but awesome for jackals and vultures!"
988,3221,2,14,63,79,1.2278481012658229,0.0538952278235385,672,Paleo soup tonight!
1066,3221,2,14,63,79,1.2278481012658229,0.0538952278235385,672,"They’re cute now, but let’s see how they do with evolution “"
1269,3221,2,14,63,79,1.2278481012658229,0.0538952278235385,672,"They wage war, but it feels sort of nice."
1277,3221,1,16,62,79,1.2278481012658229,0.050794937122985086,672,It's odd. It's actually helping my sciatica!
1349,3221,1,16,62,79,1.2278481012658229,0.050794937122985086,672,Love it. It's one place where I can't scratch the itch.
1397,3221,2,14,63,79,1.2278481012658229,0.0538952278235385,672,"It was cute at first,but it's starting to get on my nerves."
527,3221,2,14,63,79,1.2278481012658229,0.0538952278235385,672,"God, I hope this isn't the start of a trend."
1517,3221,2,14,63,79,1.2278481012658229,0.0538952278235385,672,"Yeah, I had more followers but some fell off."
1408,3221,3,12,64,79,1.2278481012658229,0.05682662691885053,672,"I tried to shake them off but they wouldn't let go, so here we are."
2517,3221,1,16,62,79,1.2278481012658229,0.050794937122985086,672,Good morning Bertha.  Do you sell any back scratchers?
2374,3221,3,12,64,79,1.2278481012658229,0.05682662691885053,672,"But I bet you're not looking at my bald spot, right?"
2373,3221,3,12,64,79,1.2278481012658229,0.05682662691885053,672,The mosquitos are awful this year!
2282,3221,2,14,63,79,1.2278481012658229,0.0538952278235385,672,Parasites. And they itch like crazy!
2167,3221,1,16,62,79,1.2278481012658229,0.050794937122985086,672,Wish I could go back to having fleas!
2476,3221,0,18,61,79,1.2278481012658229,0.04749269093771061,672,"They keep yelling ""Chaaarge!"", but I don't feel 'em moving at all."
2100,3221,1,16,62,79,1.2278481012658229,0.050794937122985086,672,Just check out ‘back scratchers’ on Amazon
2002,3221,2,14,63,79,1.2278481012658229,0.0538952278235385,672,I'm not sure that evolution is all that it is cracked up to be.
1973,3221,2,14,63,79,1.2278481012658229,0.0538952278235385,672,I tried scratching my back on the wall but the itch keeps coming back.  Have you had any luck?
1908,3221,1,16,62,79,1.2278481012658229,0.050794937122985086,672,I've invented the back scratcher!
1783,3221,3,12,64,79,1.2278481012658229,0.05682662691885053,672,Can you pick me up a bottle of Tusk & Shoulders?
2131,3221,2,14,63,79,1.2278481012658229,0.0538952278235385,672,"Someday, they'll call this a Trojan Horse!"
1747,3221,5,8,66,79,1.2278481012658229,0.062276844947544076,672,Honey I shrunk the humans
2609,3290,2,13,61,76,1.2236842105263157,0.05492797264720445,672,For bad itch...cheaper than Cortisone cream and readily available
2596,3290,1,15,60,76,1.2236842105263157,0.0516353075535489,672,"The doctor says it may hurt for a day or two, but that will go away."
5469,3290,1,15,60,76,1.2236842105263157,0.0516353075535489,672,I tried the shampoo too. Nothing is working.
2443,3290,4,9,63,76,1.2236842105263157,0.06098226434871825,672,"I keep saying, “No collusion, no obstruction.” That ass of a donkey keeps sending them."
2271,3290,3,11,62,76,1.2236842105263157,0.058034122480782775,672,I'm having my acupuncture session.
2300,3290,1,15,60,76,1.2236842105263157,0.0516353075535489,672,"SO irritating! They love me, hoe come you don’t get bitten? What kind of repellant do you use?"
2255,3290,2,13,61,76,1.2236842105263157,0.05492797264720445,672,I was promised acupuncture if I tell they friends that I was captured
2198,3290,3,11,62,76,1.2236842105263157,0.058034122480782775,672,"Sorry to bother you again, but did you say a light summer wool that breathes or bleeds?"
2615,3290,4,9,63,76,1.2236842105263157,0.06098226434871825,672,They're elephleas.
2361,3290,2,13,61,76,1.2236842105263157,0.05492797264720445,672,They'll never find me.
2666,3290,1,15,60,76,1.2236842105263157,0.0516353075535489,672,"ODD,MY BACK FEELS MUCH BETTER"
4353,3290,3,11,62,76,1.2236842105263157,0.058034122480782775,672,"What do you mean, “Picky, picky, picky?”"
2937,3290,6,5,65,76,1.2236842105263157,0.06648752477767439,672,Someone said I was pasture-raised non GMO
2957,3290,3,11,62,76,1.2236842105263157,0.058034122480782775,672,Do you like my new hair style?
3229,3290,0,17,59,76,1.2236842105263157,0.048117853164570096,672,Acupuncture is the new yoga
3292,3290,3,11,62,76,1.2236842105263157,0.058034122480782775,672,"...and don't you ever forget it sweetheart, I'm the only hunter gatherer of this family!"
3427,3290,3,11,62,76,1.2236842105263157,0.058034122480782775,672,They’re a mammoth pain in the behind.
3508,3290,1,15,60,76,1.2236842105263157,0.0516353075535489,672,"It's a win-win situation. They keep my fur free of vermin, the vermin provide them with food, and their motion up there feels a lot like a massage."
4719,3290,2,13,61,76,1.2236842105263157,0.05492797264720445,672,"They said they're only here to hunt, gather, and extinct."
4840,3290,3,11,62,76,1.2236842105263157,0.058034122480782775,672,"I thought we should try out this organic, no chemicals de-lousing service



Dear editor,  Please discard my earlier entry and keep this one."
4923,3290,2,13,61,76,1.2236842105263157,0.05492797264720445,672,I saw them on 'America's Got Talent.'
5438,3290,3,11,62,76,1.2236842105263157,0.058034122480782775,672,It’s time to fumigate.
1949,3290,2,13,61,76,1.2236842105263157,0.05492797264720445,672,The doctor says it's terminal
2846,3290,1,15,60,76,1.2236842105263157,0.0516353075535489,672,I’m hoping someday they’ll invent a flea and tick collar.
1945,3290,4,9,63,76,1.2236842105263157,0.06098226434871825,672,It beats wearing a flea collar.
1118,3290,3,11,62,76,1.2236842105263157,0.058034122480782775,672,It gets rid of the pain in my spine.
1886,3290,3,11,62,76,1.2236842105263157,0.058034122480782775,672,"Honey, do I have fleas?"
1929,3290,3,11,62,76,1.2236842105263157,0.058034122480782775,672,Mr. Hyde-Pearce has nothing on me!!
34,3290,2,13,61,76,1.2236842105263157,0.05492797264720445,672,"Honey, do we still have that special shampoo?"
267,3290,2,13,61,76,1.2236842105263157,0.05492797264720445,672,It apparently only prevents fleas and ticks.
394,3290,1,15,60,76,1.2236842105263157,0.0516353075535489,672,It’s a new deep tissue release method.
410,3290,2,13,61,76,1.2236842105263157,0.05492797264720445,672,There must be an easier way to get the flu vaccine.
595,3290,4,9,63,76,1.2236842105263157,0.06098226434871825,672,Didn't you hear? Piercings are in!
718,3290,1,15,60,76,1.2236842105263157,0.0516353075535489,672,Cavemen? They're more like cave wimps.
743,3290,2,13,61,76,1.2236842105263157,0.05492797264720445,672,Nothing helps my back pain like acupuncture
802,3290,4,9,63,76,1.2236842105263157,0.06098226434871825,672,They're not fire ants -- they don't know what fire is yet.
672,3290,1,15,60,76,1.2236842105263157,0.0516353075535489,672,Uber pays more for multi-passenger rides
1052,3290,3,11,62,76,1.2236842105263157,0.058034122480782775,672,'' You'd better use a flea cream''
1080,3290,3,11,62,76,1.2236842105263157,0.058034122480782775,672,"Yea, I know I have an evolved monkey on my back."
1246,3290,2,13,61,76,1.2236842105263157,0.05492797264720445,672,I love having my back scratched.
1360,3290,2,13,61,76,1.2236842105263157,0.05492797264720445,672,These stylists could go much faster if they used combs with more than one tooth.
1514,3290,1,15,60,76,1.2236842105263157,0.0516353075535489,672,Brenda borrowed my scrunchie.
1696,3290,2,13,61,76,1.2236842105263157,0.05492797264720445,672,I figure eventually they'll scratch my itch.
1743,3290,2,13,61,76,1.2236842105263157,0.05492797264720445,672,"They want to stay for the whole season, but at least I'll be able to pay off my student loan"
1016,3290,3,11,62,76,1.2236842105263157,0.058034122480782775,672,"See, you luddites rub the fleas off on the wall of the cave - I have the new automated system......"
1781,3290,3,11,62,76,1.2236842105263157,0.058034122480782775,672,"Doc said it's nothing to worry about, just a mild irritation."
1558,3336,2,15,68,85,1.223529411764706,0.05124902291405896,672,Do you have any menquito repellent?
3989,3337,2,13,62,77,1.2207792207792207,0.05428770923216617,672,"No matter how many you squish, there's always more."
3700,3337,1,15,61,77,1.2207792207792207,0.05104303942770242,672,Get acupuncture they said.You'll feel better they said.
3709,3337,1,15,61,77,1.2207792207792207,0.05104303942770242,672,"and we're the ones who will be extinct, hu!"
3965,3337,2,13,62,77,1.2207792207792207,0.05428770923216617,672,I ignore them because they’ll all die off soon enough.
3914,3337,4,9,64,77,1.2207792207792207,0.06025514395462593,672,I tried to rub them off on a tree but they just come back.
3927,3337,3,11,63,77,1.2207792207792207,0.057349096534596404,672,These guys give the best back scratch!
3615,3337,0,17,60,77,1.2207792207792207,0.0475776037055225,672,It gets annoying but it’s not like they’ll do any real harm.
3856,3337,4,9,64,77,1.2207792207792207,0.06025514395462593,672,I need a Snickers.
3613,3337,3,11,63,77,1.2207792207792207,0.057349096534596404,672,I love these guys!  Too bad yours didn't survive your anal gland issues...
2965,3337,1,15,61,77,1.2207792207792207,0.05104303942770242,672,They work for free and need a place to stay.
3408,3337,2,13,62,77,1.2207792207792207,0.05428770923216617,672,They were all out of spearless.
3384,3337,3,11,63,77,1.2207792207792207,0.057349096534596404,672,"You don't get down from a duck, you get down from a mammoth."
3288,3337,5,7,65,77,1.2207792207792207,0.06302734226231446,672,The doctor said it will take care of itself soon.
3258,3337,2,13,62,77,1.2207792207792207,0.05428770923216617,672,"Nothing permanent,they'll be gone by nightfall!"
3231,3337,1,15,61,77,1.2207792207792207,0.05104303942770242,672,The doctor says my condition isn't evolving.
3134,3337,1,15,61,77,1.2207792207792207,0.05104303942770242,672,It's called acupuncture and it's treating my insomnia.
3046,3337,2,13,62,77,1.2207792207792207,0.05428770923216617,672,I call it uber...
4000,3337,4,9,64,77,1.2207792207792207,0.06025514395462593,672,My Neanderthal cousins from Ohio won’t be invited back.
2924,3337,1,15,61,77,1.2207792207792207,0.05104303942770242,672,Any spare Neanderthal collars?
3538,3337,2,13,62,77,1.2207792207792207,0.05428770923216617,672,I don’t know. Fleas?
4029,3337,2,13,62,77,1.2207792207792207,0.05428770923216617,672,My therapist prescribed acupuncture.
4552,3337,2,13,62,77,1.2207792207792207,0.05428770923216617,672,No Lyme disease for me.
4053,3337,4,9,64,77,1.2207792207792207,0.06025514395462593,672,This isn't the hair treatment I expected
5571,3337,4,9,64,77,1.2207792207792207,0.06025514395462593,672,"Have you tried a different deodorant?""

."
5556,3337,3,11,63,77,1.2207792207792207,0.057349096534596404,672,"Man, the exterminator is late again!"
5555,3337,4,9,64,77,1.2207792207792207,0.06025514395462593,672,I gave them a ride to the closest man cave.
5481,3337,3,11,63,77,1.2207792207792207,0.057349096534596404,672,"Cave Men, you say - I thought they were lice!!!"
5468,3337,2,13,62,77,1.2207792207792207,0.05428770923216617,672,Ten minutes a day...no more neck pain.
5390,3337,1,15,61,77,1.2207792207792207,0.05104303942770242,672,Really? And I was just about to ask you to scratch my back.
5043,3337,1,15,61,77,1.2207792207792207,0.05104303942770242,672,I’ve brought them here to paint the family portrait.
4892,3337,3,11,63,77,1.2207792207792207,0.057349096534596404,672,"You said the acupuncture place was the third cave on the left,but I don't think they're interested in holistic healing."
4769,3337,5,7,65,77,1.2207792207792207,0.06302734226231446,672,"I'll see you again in 12,000 years."
4050,3337,2,13,62,77,1.2207792207792207,0.05428770923216617,672,"Yeah, I know, I really gotta get these slightly evolved monkeys off my back."
4691,3337,1,15,61,77,1.2207792207792207,0.05104303942770242,672,Just got these back scratchers from Amazon!
4640,3337,4,9,64,77,1.2207792207792207,0.06025514395462593,672,I hired them to keep the flies away.
2917,3337,3,11,63,77,1.2207792207792207,0.057349096534596404,672,"My dermatologist said to use a steroid cream, but it’s not helping."
4538,3337,3,11,63,77,1.2207792207792207,0.057349096534596404,672,"These little buggers thought that they could turn me into T-bone steaks, so I thought that I would take them for a ride."
4463,3337,3,11,63,77,1.2207792207792207,0.057349096534596404,672,"I scratch your back, you colonize mine?"
4431,3337,2,13,62,77,1.2207792207792207,0.05428770923216617,672,I thought I’d give acupuncture a try!  They came highly recommended.
4405,3337,1,15,61,77,1.2207792207792207,0.05104303942770242,672,If the shampoo doesn't work the Doctor said they'd have to shave me
4386,3337,0,17,60,77,1.2207792207792207,0.0475776037055225,672,I am getting my back scratched and we can switch
4365,3337,3,11,63,77,1.2207792207792207,0.057349096534596404,672,It's acupuncture and massage all in one!
4194,3337,2,13,62,77,1.2207792207792207,0.05428770923216617,672,"They are pesky,but at least no lime disease."
4683,3337,2,13,62,77,1.2207792207792207,0.05428770923216617,672,We're going extinct? Yeah right. And these bugs on my back are going to take over the world!
2886,3337,1,15,61,77,1.2207792207792207,0.05104303942770242,672,#metoo
3762,3337,2,13,62,77,1.2207792207792207,0.05428770923216617,672,That anthrocide powder just seems to excite them.
2380,3337,1,15,61,77,1.2207792207792207,0.05104303942770242,672,Do you know if we have any caveman repellent left?
1018,3337,3,11,63,77,1.2207792207792207,0.057349096534596404,672,What you call smashing them into the cave walls I like to think of as art .
956,3337,2,13,62,77,1.2207792207792207,0.05428770923216617,672,My doctor calls it 'acupuncture'
936,3337,1,15,61,77,1.2207792207792207,0.05104303942770242,672,Stay back. It’s contagious.
926,3337,2,13,62,77,1.2207792207792207,0.05428770923216617,672,"They haven't figured out how to pierce the hide, so it actually feels kind of good"
829,3337,3,11,63,77,1.2207792207792207,0.057349096534596404,672,"This neighborhood has gotten so expensive, I had to become an airbnb just to pay my landlord!"
721,3337,4,9,64,77,1.2207792207792207,0.06025514395462593,672,"Sure, they're annoying, but what will that be worth in 12,000 years?"
621,3337,2,13,62,77,1.2207792207792207,0.05428770923216617,672,I've been told that they come in peace
615,3337,1,15,61,77,1.2207792207792207,0.05104303942770242,672,Stockholm syndrome.
538,3337,2,13,62,77,1.2207792207792207,0.05428770923216617,672,"I'm just saying, between climate change and these pesky humans, I'm worried we won't live to see the next ice age."
496,3337,3,11,63,77,1.2207792207792207,0.057349096534596404,672,Best acupuncture ever!
488,3337,3,11,63,77,1.2207792207792207,0.057349096534596404,672,It's going around school.
382,3337,2,13,62,77,1.2207792207792207,0.05428770923216617,672,"I have admit, I was a bit skeptical when my doctor recommended acupuncture...."
314,3337,2,13,62,77,1.2207792207792207,0.05428770923216617,672,How about we do lunch? After I roll over your choice of entree.
199,3337,0,17,60,77,1.2207792207792207,0.0475776037055225,672,This is why we shouldn't stay at cheap motels.
120,3337,3,11,63,77,1.2207792207792207,0.057349096534596404,672,If we could only find a cave without bedbugs....
46,3337,2,13,62,77,1.2207792207792207,0.05428770923216617,672,"Yeah, but does your acupuncturist make house calls?"
2664,3337,1,15,61,77,1.2207792207792207,0.05104303942770242,672,My back scratches are so much better since they invented spears.
1036,3337,1,15,61,77,1.2207792207792207,0.05104303942770242,672,Why am I so itchy all the time?
1088,3337,1,15,61,77,1.2207792207792207,0.05104303942770242,672,July is the worst for fleas and sticks.
723,3337,4,9,64,77,1.2207792207792207,0.06025514395462593,672,I kind of feel like this could be the plot line for a major literary work someday.
1171,3337,2,13,62,77,1.2207792207792207,0.05428770923216617,672,"Howard says they're great for flea control but I find the constant, unintelligible grunting and bellowing a bit much.  They're such neanderthals."
2342,3337,1,15,61,77,1.2207792207792207,0.05104303942770242,672,Guess who's coming to dinner?
1097,3337,0,17,60,77,1.2207792207792207,0.0475776037055225,672,These little nut cases won't survive the Ice Age.
2324,3337,3,11,63,77,1.2207792207792207,0.057349096534596404,672,They got upset when I criticized their cave-painting of me.
2248,3337,2,13,62,77,1.2207792207792207,0.05428770923216617,672,"Just pose for a painting they said 

 They are just getting me a tattoo, don’t worry honey 

 When you see them during the day does that mean they have rabies?"
2021,3337,3,11,63,77,1.2207792207792207,0.057349096534596404,672,"Its a scratch my back, I'll scratch yours situation"
2007,3337,2,13,62,77,1.2207792207792207,0.05428770923216617,672,I hired them to scratch my back.
2003,3337,4,9,64,77,1.2207792207792207,0.06025514395462593,672,"I ""am"" big. It's the ""hunter-gatherers"" that got small."
1986,3337,1,15,61,77,1.2207792207792207,0.05104303942770242,672,They are hunting mammoth fleas!
2338,3337,2,13,62,77,1.2207792207792207,0.05428770923216617,672,It's acupuncture for my tuskache.
1723,3337,3,11,63,77,1.2207792207792207,0.057349096534596404,672,Well it all started when one of them called the other a Neanderthal.
1722,3337,2,13,62,77,1.2207792207792207,0.05428770923216617,672,I thought we would save them for dessert.
1553,3337,4,9,64,77,1.2207792207792207,0.06025514395462593,672,They’re customs inspectors!
1536,3337,1,15,61,77,1.2207792207792207,0.05104303942770242,672,My hairdresser says this new application will make me age slower and still have all my hair!
1493,3337,2,13,62,77,1.2207792207792207,0.05428770923216617,672,I got the idea from that show we saw about remora fish during Shark Week....
1311,3337,1,15,61,77,1.2207792207792207,0.05104303942770242,672,I think this new “puncture” procedure could take off if it just had a bit more accuracy
1309,3337,2,13,62,77,1.2207792207792207,0.05428770923216617,672,"Oh my, it feels so great! 
Much better than acupuncture."
1838,3337,4,9,64,77,1.2207792207792207,0.06025514395462593,672,Next time I'll read the bug report before I book a new hotel.
4411,3422,0,16,57,73,1.2191780821917808,0.04875378197274571,672,The usual suspects
945,3422,1,14,58,73,1.2191780821917808,0.05251141552511415,672,"My back hurts, so I'm trying out this new thing called acupuncture."
3610,3422,2,12,59,73,1.2191780821917808,0.056017553179841535,672,Do you have any more of that anti-human shampoo?
2494,3425,2,13,63,78,1.2179487179487178,0.05366189554465242,672,"I take your point, Barb, but for once can you get off my back."
3055,3425,2,13,63,78,1.2179487179487178,0.05366189554465242,672,Forgot my flea collar.
3218,3425,0,17,61,78,1.2179487179487178,0.04704889337109345,672,It's better than chewing on tree bark for my pain.
3335,3425,3,11,64,78,1.2179487179487178,0.05667979681019967,672,"They're action figures, not dolls!"
3695,3425,3,11,64,78,1.2179487179487178,0.05667979681019967,672,Someday there will be a cure for this condition.
4886,3425,2,13,63,78,1.2179487179487178,0.05366189554465242,672,"Next time, remind me to go around Lilliput."
4048,3425,4,9,65,78,1.2179487179487178,0.059544938487211936,672,Always Yelp the acupuncturist first
4272,3425,2,13,63,78,1.2179487179487178,0.05366189554465242,672,I think our cave has bedbugs again.
4901,3425,1,15,62,78,1.2179487179487178,0.05046383557008775,672,"Ah Thursday,acupuncture"
4924,3425,3,11,64,78,1.2179487179487178,0.05667979681019967,672,Apparently it takes a small village to raise good hair.
5093,3425,1,15,62,78,1.2179487179487178,0.05046383557008775,672,It feels great! It's called acupuncture.
2202,3425,1,15,62,78,1.2179487179487178,0.05046383557008775,672,I'm hoping for a symbiotic relationship.
3845,3425,2,13,63,78,1.2179487179487178,0.05366189554465242,672,"You got to believe me honey, I got them off a toilet seat!"
2060,3425,1,15,62,78,1.2179487179487178,0.05046383557008775,672,Acupuncture is the latest treatment for migraines.
1083,3425,3,11,64,78,1.2179487179487178,0.05667979681019967,672,They're taking my DNA so I don't go extinct
1729,3425,2,13,63,78,1.2179487179487178,0.05366189554465242,672,Are you sure that these ladies bugging me are good luck?
1571,3425,4,9,65,78,1.2179487179487178,0.059544938487211936,672,Don't worry. I'm sure we'll out-survive them.
1470,3425,3,11,64,78,1.2179487179487178,0.05667979681019967,672,The ones on my back feel good. The one on my head is too close to my eye. Will flick him off with your trunk?
1459,3425,2,13,63,78,1.2179487179487178,0.05366189554465242,672,"I could crush them,but I'm curious to see how they'll draw this scene."
519,3425,2,13,63,78,1.2179487179487178,0.05366189554465242,672,"Don't worry, they're just gathering."
400,3425,2,13,63,78,1.2179487179487178,0.05366189554465242,672,"""It'll go away on its own."
224,3425,2,13,63,78,1.2179487179487178,0.05366189554465242,672,"When I left the cave this morning, what did you mean when you said ""Be extra careful today, it's the Ides of March""?"
1954,3425,3,11,64,78,1.2179487179487178,0.05667979681019967,672,"They're mastodonalds and, boy, are they hard to get rid of."
1738,3448,3,9,57,69,1.2173913043478262,0.061487546190134565,672,I rent the space to them once a week at market price.  Costs extra if they want me to jump up and down.
4404,3449,1,14,59,74,1.2162162162162162,0.05188155518422758,672,I’m infested again!
4256,3449,3,10,61,74,1.2162162162162162,0.05858465893239631,672,I read about it on GOOP.
4223,3449,4,8,62,74,1.2162162162162162,0.06166356711357833,672,I can explain....
4199,3449,3,10,61,74,1.2162162162162162,0.05858465893239631,672,"I know it looks crazy, but they pay me 15$ per hour for each and I can pet them fo free!"
4145,3449,2,12,60,74,1.2162162162162162,0.05533469992039017,672,"They say it's a tested Chinese remedy for pain."""
4075,3449,2,12,60,74,1.2162162162162162,0.05533469992039017,672,You've got a monkey on your back.
3923,3449,2,12,60,74,1.2162162162162162,0.05533469992039017,672,"Feels good, they jumped on me over by Acupuncture Ridge."
3935,3449,2,12,60,74,1.2162162162162162,0.05533469992039017,672,"Believe it or not, this is actually a symbiotic relationship."
5091,3449,3,10,61,74,1.2162162162162162,0.05858465893239631,672,"yeah, scratch me more to the right"
3888,3449,0,16,58,74,1.2162162162162162,0.04818155789706759,672,"I went in for the coelacanth pedicure but they were all out, so..."
3780,3449,3,10,61,74,1.2162162162162162,0.05858465893239631,672,"Honey, can you grab the bug zapper please?"
3653,3449,1,14,59,74,1.2162162162162162,0.05188155518422758,672,"Yes, they are annoying, but they also carry disease"
3502,3449,1,14,59,74,1.2162162162162162,0.05188155518422758,672,The best summer deal: they pay for hunting my lice
3486,3449,2,12,60,74,1.2162162162162162,0.05533469992039017,672,"They feel a sense of accomplishment, I get my itch scratched. No one is harmed. It’s a win-win."
3958,3449,3,10,61,74,1.2162162162162162,0.05858465893239631,672,I didn’t want to hurt their self-esteem.
4475,3449,2,12,60,74,1.2162162162162162,0.05533469992039017,672,"Is big, hairy, audacious goal still a thing?"
4610,3449,1,14,59,74,1.2162162162162162,0.05188155518422758,672,"All I can say is, be careful who you sleep with."
4519,3449,0,16,58,74,1.2162162162162162,0.04818155789706759,672,My acupuncturist said it’s either this or extinction
5017,3449,1,14,59,74,1.2162162162162162,0.05188155518422758,672,Whose covering your back?
5310,3449,1,14,59,74,1.2162162162162162,0.05188155518422758,672,Is it their mating season again already?
5179,3449,3,10,61,74,1.2162162162162162,0.05858465893239631,672,Steve was having a garage sale. Said they'd keep away the neighbors.
5386,3449,1,14,59,74,1.2162162162162162,0.05188155518422758,672,"I can't believe I forgot how much I hate these casino day trips.
These seniors act like cavemen"
3237,3449,0,16,58,74,1.2162162162162162,0.04818155789706759,672,They call themselves the Clan of the Flea Hunters.
5483,3449,3,10,61,74,1.2162162162162162,0.05858465893239631,672,It's some kind of spear phishing outbreak.
5459,3449,0,16,58,74,1.2162162162162162,0.04818155789706759,672,I find that these guys are not as good as the oxpeckers.
4864,3449,3,10,61,74,1.2162162162162162,0.05858465893239631,672,"I think  the blind man and the elephant is a 
thing  of the future."
4816,3449,2,12,60,74,1.2162162162162162,0.05533469992039017,672,I've got humans.
4797,3449,2,12,60,74,1.2162162162162162,0.05533469992039017,672,Thank God they couldn't find the stakes and twine!
4664,3449,1,14,59,74,1.2162162162162162,0.05188155518422758,672,Honey I shrunk the neighbors
4660,3449,3,10,61,74,1.2162162162162162,0.05858465893239631,672,"I've been feeling down in the mouth lately, so Dr. Wu recommended that I try acupuncture.  I'm not sure it it works, but at least it keeps them from putting graffiti all over our walls."
4639,3449,2,12,60,74,1.2162162162162162,0.05533469992039017,672,"They’re harmless, I can just shake them off"
4585,3449,3,10,61,74,1.2162162162162162,0.05858465893239631,672,"When they finish, I’ll be 95% woolly, and 5% acrylic."
4584,3449,4,8,62,74,1.2162162162162162,0.06166356711357833,672,"I'm so anxious about the prospect of global icing."""
5174,3449,2,12,60,74,1.2162162162162162,0.05533469992039017,672,I've got micros again.
3209,3449,2,12,60,74,1.2162162162162162,0.05533469992039017,672,It’s faster and cheaper than those little birds.
3221,3449,3,10,61,74,1.2162162162162162,0.05858465893239631,672,Its an exfoliating neanderthal treatment
3078,3449,3,10,61,74,1.2162162162162162,0.05858465893239631,672,"...and then she said, Why don't you try accupuncture honey, it's been around for about a year now..."
37,3449,3,10,61,74,1.2162162162162162,0.05858465893239631,672,"Well, you were right about that traditional acupuncture guy."
138,3449,1,14,59,74,1.2162162162162162,0.05188155518422758,672,Speak  softly   and  carry  a   big stick   sounds  like   a   rallying cry.
190,3449,3,10,61,74,1.2162162162162162,0.05858465893239631,672,I'm not a fan of acupuncture.
283,3449,0,16,58,74,1.2162162162162162,0.04818155789706759,672,They seem harmless.
355,3449,3,10,61,74,1.2162162162162162,0.05858465893239631,672,We were going to attack Gondor but the saddle guy is late
357,3449,1,14,59,74,1.2162162162162162,0.05188155518422758,672,I have 'sweet blood'
511,3449,1,14,59,74,1.2162162162162162,0.05188155518422758,672,It's a living!
755,3449,1,14,59,74,1.2162162162162162,0.05188155518422758,672,"This is only mild discomfort, and it's not like their persistence will wipe us out."
918,3449,3,10,61,74,1.2162162162162162,0.05858465893239631,672,"I put up with the noise, they’re GREAT at scratching behind my ears."
984,3449,3,10,61,74,1.2162162162162162,0.05858465893239631,672,They're harmless and no zoo will accept me as long as I have them.
985,3449,1,14,59,74,1.2162162162162162,0.05188155518422758,672,I am not going back to the ice ages!
1235,3449,3,10,61,74,1.2162162162162162,0.05858465893239631,672,I think that they are Remora-Magnons
1582,3449,3,10,61,74,1.2162162162162162,0.05858465893239631,672,"'' He said he got tested recently! Gosh, I'm so done with online dating''"
875,3449,1,14,59,74,1.2162162162162162,0.05188155518422758,672,"It's the latest thing from Matel, Cavemen!"
1675,3449,1,14,59,74,1.2162162162162162,0.05188155518422758,672,THIS is why I don't like picnicking.
3143,3449,2,12,60,74,1.2162162162162162,0.05533469992039017,672,The Dr. said it’s called gentrification and it is starting to spread.
1672,3449,4,8,62,74,1.2162162162162162,0.06166356711357833,672,Their killing Large Tic's!
2740,3449,0,16,58,74,1.2162162162162162,0.04818155789706759,672,"It’s wonderful! They kill and eat my prehistoric ticks.”

Don Dechman —- Austin, T"
2578,3449,1,14,59,74,1.2162162162162162,0.05188155518422758,672,They are just playing King on the Mountain.
2564,3449,2,12,60,74,1.2162162162162162,0.05533469992039017,672,I tried to get them to scratch a little lower on my back.
2482,3449,2,12,60,74,1.2162162162162162,0.05533469992039017,672,I can’t wait for them to invent the wheel.
2160,3449,3,10,61,74,1.2162162162162162,0.05858465893239631,672,Sometimes is hard to know what's gotten under your skin.
2949,3449,2,12,60,74,1.2162162162162162,0.05533469992039017,672,"No, they ain't trying to kill me -- in fact, I've hired 'em to scratch my back."
2011,3449,2,12,60,74,1.2162162162162162,0.05533469992039017,672,"Another dress rehearsal,this time without the hats."
1857,3449,1,14,59,74,1.2162162162162162,0.05188155518422758,672,God willing we won’t be around when they become civilized
1775,3449,1,14,59,74,1.2162162162162162,0.05188155518422758,672,They are evolving.
1681,3449,1,14,59,74,1.2162162162162162,0.05188155518422758,672,"It looks silly, but they do wonders for my pores."
2081,3449,1,14,59,74,1.2162162162162162,0.05188155518422758,672,Little People. They don’t effect me now and they won’t int 2020.
4629,3514,4,9,66,79,1.2151898734177216,0.05885107394843846,672,"It costs a bit more than a single acupuncturist, but it’s worth it!"
5567,3515,3,9,58,70,1.2142857142857142,0.06068230798361479,672,I thought they were hunters too but as it turns out they're acupuncturists and they're in network.
5495,3515,4,7,59,70,1.2142857142857142,0.06400329036203155,672,I said eight Neanderthals. Not ate Neanderthals.
1891,3515,0,18,66,84,1.2142857142857142,0.04503911913297598,672,"Go extinct and let go extinct, I always say."
5038,3515,3,12,69,84,1.2142857142857142,0.05375041813985263,672,When you have an itch scratch it.....
3771,3519,4,8,63,75,1.2133333333333334,0.06090409928165189,672,I’m gonna swat these Neanderthals.
4506,3519,3,10,62,75,1.2133333333333334,0.057870104103491554,672,I’ve heard it’s best to not engage and just let them get their pokes in.
4217,3519,3,10,62,75,1.2133333333333334,0.057870104103491554,672,KBut they do stimulate the follicles.
3282,3522,3,9,59,71,1.2112676056338028,0.05989760866882798,672,It was either acupuncture or wait for the ice age.
4625,3522,1,13,57,71,1.2112676056338028,0.05275314730327469,672,They call it acupuncture or something. I'm not even sure. I just know I have to lose at least half a ton before beach season.
4927,3522,1,13,57,71,1.2112676056338028,0.05275314730327469,672,"Sorry, but there is simply no scientific link between human activity and our extinction."
5462,3522,2,11,58,71,1.2112676056338028,0.05643854212612625,672,The goats were already booked.
886,3522,1,13,57,71,1.2112676056338028,0.05275314730327469,672,Do you remember where I put the pest spray?
2254,3522,2,11,58,71,1.2112676056338028,0.05643854212612625,672,I don't think this is the acupuncture I paid for.
4601,3522,2,11,58,71,1.2112676056338028,0.05643854212612625,672,It's my new acupuncture treatment.
2675,3529,2,12,62,76,1.2105263157894737,0.054016857257335626,672,"Don't sweat the little things,"" she said, ""and they're all little."
4450,3529,4,8,64,76,1.2105263157894737,0.060162905963095606,672,I told you - you need the spray with DEET in it.
1531,3529,3,14,78,95,1.2105263157894737,0.049396666362498,672,"Yes, they are a bit irritating, but they can't be that bad."
3106,3532,1,13,58,72,1.2083333333333333,0.05209800262902861,672,"I know they're persistence hunters, but it's been three weeks!!"
3238,3532,2,11,59,72,1.2083333333333333,0.05572645856918899,672,Would you scratch my back
3244,3532,2,11,59,72,1.2083333333333333,0.05572645856918899,672,I can’t wait for these things to go extinct
3272,3532,2,11,59,72,1.2083333333333333,0.05572645856918899,672,They hurt but it's not the end of the world.
3331,3532,2,11,59,72,1.2083333333333333,0.05572645856918899,672,They are my back scratchers.
3395,3532,3,9,60,72,1.2083333333333333,0.05913268547421808,672,"At first I thought they were cute, trying to bring me down; now it’s getting annoying."
3439,3532,1,13,58,72,1.2083333333333333,0.05209800262902861,672,It should clear up in about a week.
3527,3532,2,11,59,72,1.2083333333333333,0.05572645856918899,672,I'm out of tick killer. You got any?
3568,3532,2,11,59,72,1.2083333333333333,0.05572645856918899,672,Thank goodness those little pests are never going to get big enough to actually inflict any real harm on the civil world we live in.
3570,3532,2,11,59,72,1.2083333333333333,0.05572645856918899,672,"Yes, I know they are annoying but I doubt they’ll cause any real harm."
3662,3532,1,13,58,72,1.2083333333333333,0.05209800262902861,672,They're taking care of the back lice....my tusks can't reach them.  It's almost like a massage.
3100,3532,1,13,58,72,1.2083333333333333,0.05209800262902861,672,Move over and we'll paint the cave wall with them for a change.
3682,3532,3,9,60,72,1.2083333333333333,0.05913268547421808,672,I'm been having this stabbing pain in my back.
3693,3532,1,13,58,72,1.2083333333333333,0.05209800262902861,672,Look who else is a hunter-gatherer.
3735,3532,1,13,58,72,1.2083333333333333,0.05209800262902861,672,It all started when I mentioned my back itched....
3740,3532,2,11,59,72,1.2083333333333333,0.05572645856918899,672,"Honey,    Can you get me the neanderthal spray?"
3750,3532,2,11,59,72,1.2083333333333333,0.05572645856918899,672,They're hunter groomers.
3768,3532,3,9,60,72,1.2083333333333333,0.05913268547421808,672,"Listen babe, your not the ideal Snow White either!"
3866,3532,4,7,61,72,1.2083333333333333,0.06235311378048466,672,It's not a symbiotic relationship
3876,3532,2,11,59,72,1.2083333333333333,0.05572645856918899,672,I can't get there with a backscratcher
3882,3532,2,11,59,72,1.2083333333333333,0.05572645856918899,672,I'm afraid my skin condition is evolving.
3598,3532,2,11,59,72,1.2083333333333333,0.05572645856918899,672,Do you want to tell them or should I?
3095,3532,3,9,60,72,1.2083333333333333,0.05913268547421808,672,They are just fleas until they discover fire in the next ice age. We will outlast them.
3047,3532,3,9,60,72,1.2083333333333333,0.05913268547421808,672,Talk about itching for a fight!
2560,3532,1,13,58,72,1.2083333333333333,0.05209800262902861,672,I guess the repellant wears off after a while.
3909,3532,3,9,60,72,1.2083333333333333,0.05913268547421808,672,"Really Bob, I’m telling you, I told the wife last week that I just want these savage family feuds off my back for good"
2512,3532,0,15,57,72,1.2083333333333333,0.048197153144195225,672,I'm allergic to flea collars
2498,3532,3,9,60,72,1.2083333333333333,0.05913268547421808,672,Pesky micro-fauna in this alternate universe.
2495,3532,2,11,59,72,1.2083333333333333,0.05572645856918899,672,"This will be the evolution of fleas, I'm sure."
2617,3532,2,11,59,72,1.2083333333333333,0.05572645856918899,672,"On second thought, dandruff wasn't so bad."
2686,3532,3,9,60,72,1.2083333333333333,0.05913268547421808,672,"The vet said that if I do nothing about it, I would only have 1 era of life left."
2693,3532,2,11,59,72,1.2083333333333333,0.05572645856918899,672,Did you move my hairbrush again?
2699,3532,3,9,60,72,1.2083333333333333,0.05913268547421808,672,I've gone Paleo...
2702,3532,1,13,58,72,1.2083333333333333,0.05209800262902861,672,"Oh, I got these from my dermatologist."
2706,3532,2,11,59,72,1.2083333333333333,0.05572645856918899,672,I think we're about to be extinct
3088,3532,3,9,60,72,1.2083333333333333,0.05913268547421808,672,I think the lice are evolving.
2753,3532,1,13,58,72,1.2083333333333333,0.05209800262902861,672,Something tells me these pests are going to inherit the Earth someday.
2791,3532,1,13,58,72,1.2083333333333333,0.05209800262902861,672,They’re killing me.
2822,3532,3,9,60,72,1.2083333333333333,0.05913268547421808,672,I’m making a few extra bucks as a trans-Siberian Uber pool driver
2823,3532,1,13,58,72,1.2083333333333333,0.05209800262902861,672,... it balances my Qi
2838,3532,1,13,58,72,1.2083333333333333,0.05209800262902861,672,It tickles but they are looking for lice.
2858,3532,1,13,58,72,1.2083333333333333,0.05209800262902861,672,Hide the atlatls.
2938,3532,4,7,61,72,1.2083333333333333,0.06235311378048466,672,I've been having some unexplained back pain.
2939,3532,3,9,60,72,1.2083333333333333,0.05913268547421808,672,"Hazel, your recommendation for acupuncture is helping my arthritis."
2973,3532,2,11,59,72,1.2083333333333333,0.05572645856918899,672,"It's some kind of new acupuncture treatment.

Elizabeth Stryks-Shaw
San Francisco, Calif."
3006,3532,3,9,60,72,1.2083333333333333,0.05913268547421808,672,Flea control. I call them anti-bodies.
3035,3532,2,11,59,72,1.2083333333333333,0.05572645856918899,672,It’s fine they get rid of the fleas and this itch.
2776,3532,5,5,62,72,1.2083333333333333,0.06541519016903742,672,I'm perfectly safe. They can't see the forest for the trees.
3961,3532,1,13,58,72,1.2083333333333333,0.05209800262902861,672,The horror and embarrassment of mandruff!
4642,3532,2,11,59,72,1.2083333333333333,0.05572645856918899,672,It's better than acupuncture.
3999,3532,1,13,58,72,1.2083333333333333,0.05209800262902861,672,Mom says i shouldn't scratch them
4861,3532,4,7,61,72,1.2083333333333333,0.06235311378048466,672,They seem to know right where it itches.
4866,3532,3,9,60,72,1.2083333333333333,0.05913268547421808,672,Mark my words - these annoying little pests will be extinction in no time!
4908,3532,0,15,57,72,1.2083333333333333,0.048197153144195225,672,They call them man ticks.
4945,3532,3,9,60,72,1.2083333333333333,0.05913268547421808,672,"When the ad mentioned shag, I had no idea they meant carpet"
4959,3532,2,11,59,72,1.2083333333333333,0.05572645856918899,672,I need a new shampoo.
5026,3532,3,9,60,72,1.2083333333333333,0.05913268547421808,672,In the old days it was a monkey on my back.
5095,3532,2,11,59,72,1.2083333333333333,0.05572645856918899,672,Even mammoth flea collars do not work.
5100,3532,2,11,59,72,1.2083333333333333,0.05572645856918899,672,It's a new dandruff control treatment.
5111,3532,3,9,60,72,1.2083333333333333,0.05913268547421808,672,"Your coat looks great, but I hope you know side effects may include extinction."
5114,3532,3,9,60,72,1.2083333333333333,0.05913268547421808,672,I finally found a way to get rid of that itch.
5115,3532,1,13,58,72,1.2083333333333333,0.05209800262902861,672,"I was going to get treated for them, but they kind of grow on you."
5153,3532,3,9,60,72,1.2083333333333333,0.05913268547421808,672,They’re driving me out of my mind and into the tar pit !
5188,3532,2,11,59,72,1.2083333333333333,0.05572645856918899,672,I'm testing out the latest trend in grooming regimens.
5191,3532,5,5,62,72,1.2083333333333333,0.06541519016903742,672,Got any RID ?
5217,3532,2,11,59,72,1.2083333333333333,0.05572645856918899,672,Thought I'd try some acupuncture for my bad back
5352,3532,1,13,58,72,1.2083333333333333,0.05209800262902861,672,"With my bad back, it's a LOT cheaper than acupuncture."
5442,3532,1,13,58,72,1.2083333333333333,0.05209800262902861,672,So they were all out of acupuncture needles and she said that this would be better for fixing my chi
5472,3532,2,11,59,72,1.2083333333333333,0.05572645856918899,672,I've brought a few friends home for dinner.
5533,3532,3,9,60,72,1.2083333333333333,0.05913268547421808,672,"They call it micro-cranial stimulation, but I think they're actually just looking for loose change."
5552,3532,2,11,59,72,1.2083333333333333,0.05572645856918899,672,I was afraid at first but they've been a godsend for my sciatica.
5564,3532,4,7,61,72,1.2083333333333333,0.06235311378048466,672,I need a better shampoo and conditioner.
4851,3532,2,11,59,72,1.2083333333333333,0.05572645856918899,672,"Ignore them: and like those Neanderthals,they'll just disappear."
4846,3532,3,9,60,72,1.2083333333333333,0.05913268547421808,672,"Do a little dance, hit a big pressure point, let’s get down tonight.”
Rachna Khosla, Pacific Palisades, C"
4795,3532,3,9,60,72,1.2083333333333333,0.05913268547421808,672,"My back has been killing me all day."""
4729,3532,1,13,58,72,1.2083333333333333,0.05209800262902861,672,This tick spray you recommended really isn't working.
4022,3532,3,9,60,72,1.2083333333333333,0.05913268547421808,672,"They kept offering free acupuncture, so I decided to give it a try."
4052,3532,1,13,58,72,1.2083333333333333,0.05209800262902861,672,Regular acupuncture didn't quite do it for me.
4058,3532,1,13,58,72,1.2083333333333333,0.05209800262902861,672,"Don’t worry, dear. It’s called symbiosis!"
4099,3532,0,15,57,72,1.2083333333333333,0.048197153144195225,672,"With rare exceptions, I skip the fiction."
4104,3532,2,11,59,72,1.2083333333333333,0.05572645856918899,672,Food fight.
4138,3532,3,9,60,72,1.2083333333333333,0.05913268547421808,672,'They're Finish flea hunters'
4231,3532,1,13,58,72,1.2083333333333333,0.05209800262902861,672,Maybe they will find those ticks that are biting me.
4248,3532,1,13,58,72,1.2083333333333333,0.05209800262902861,672,I wonder if Calamine lotion will clear up the itch.
4262,3532,0,15,57,72,1.2083333333333333,0.048197153144195225,672,I hired them to kill my fleas.
4290,3532,1,13,58,72,1.2083333333333333,0.05209800262902861,672,Do you happen to have any more Dawn for Men?
3968,3532,2,11,59,72,1.2083333333333333,0.05572645856918899,672,My doctor says that they should be extinct in a week or two.
4321,3532,1,13,58,72,1.2083333333333333,0.05209800262902861,672,Yeah.  Cavemen. Same as the last time you used edibles.
4400,3532,2,11,59,72,1.2083333333333333,0.05572645856918899,672,Damn gnats!
4456,3532,3,9,60,72,1.2083333333333333,0.05913268547421808,672,It’s a new stress-relief treatment they’re working on out on the plain: ‘random-puncture’.
4546,3532,2,11,59,72,1.2083333333333333,0.05572645856918899,672,They call it ‘dynamic acupuncture’
4556,3532,1,13,58,72,1.2083333333333333,0.05209800262902861,672,They said you're next
4560,3532,2,11,59,72,1.2083333333333333,0.05572645856918899,672,"By the time humans realized that nostalgia was a force they could not control, it was too late."
4602,3532,2,11,59,72,1.2083333333333333,0.05572645856918899,672,The CBD oil you lent me has consequences
4621,3532,3,9,60,72,1.2083333333333333,0.05913268547421808,672,"The symbiosis has gone out of the relationship, it’s just parasitism now."
4634,3532,0,15,57,72,1.2083333333333333,0.048197153144195225,672,Keep your friends close but your enemies closer
2472,3532,3,9,60,72,1.2083333333333333,0.05913268547421808,672,It tickles.
4715,3532,2,11,59,72,1.2083333333333333,0.05572645856918899,672,Do you happen to know of a local Dermatogist?
4329,3532,2,11,59,72,1.2083333333333333,0.05572645856918899,672,"I.
""I'm going with the premium peel"""
2409,3532,1,13,58,72,1.2083333333333333,0.05209800262902861,672,There’re new immigrants and they do a super back massage!
2781,3532,2,11,59,72,1.2083333333333333,0.05572645856918899,672,"I don't know what's wrong with me, but I've been itchy all morning."
2365,3532,4,7,61,72,1.2083333333333333,0.06235311378048466,672,"Don’t worry, you said, paleo’s another fad diet, it’ll never catch on."
994,3532,3,9,60,72,1.2083333333333333,0.05913268547421808,672,Suddenly I have a craving for spearmint gum.
995,3532,1,13,58,72,1.2083333333333333,0.05209800262902861,672,Really it’s their bigger cousins that worry me. This evolutionary branch? Not so much.
1027,3532,4,7,61,72,1.2083333333333333,0.06235311378048466,672,Would you please call the Rhinos and see if we can borrow their oxpeckers?
1067,3532,2,11,59,72,1.2083333333333333,0.05572645856918899,672,"Acupuncture, even miniature cavemen can do it."
1082,3532,0,15,57,72,1.2083333333333333,0.048197153144195225,672,My cosmetologist says that this new  treatment opens the pores of my skin.
1140,3532,2,11,59,72,1.2083333333333333,0.05572645856918899,672,"Don't worry, we're still several million years away from them calling it 'wellness.'"
1168,3532,1,13,58,72,1.2083333333333333,0.05209800262902861,672,And they're great for rejuvenating your scalp.
1183,3532,2,11,59,72,1.2083333333333333,0.05572645856918899,672,Smells like team spear it.
1191,3532,2,11,59,72,1.2083333333333333,0.05572645856918899,672,They've been watching Game of Thrones.
1206,3532,1,13,58,72,1.2083333333333333,0.05209800262902861,672,"It may have been funny the first time, but please stop shouting ‘ride ‘em cavemen.’"
1208,3532,2,11,59,72,1.2083333333333333,0.05572645856918899,672,They say it's the only known cure for Mammoth mites
1242,3532,3,9,60,72,1.2083333333333333,0.05913268547421808,672,"Your not going to believe this, but, there's this island called Lilliput..."
1249,3532,3,9,60,72,1.2083333333333333,0.05913268547421808,672,Please get me that electric fly zapper.
1279,3532,2,11,59,72,1.2083333333333333,0.05572645856918899,672,Funny thing happened on the way to the zoo today.
1313,3532,2,11,59,72,1.2083333333333333,0.05572645856918899,672,Have you tried using Calamine lotion?
1356,3532,1,13,58,72,1.2083333333333333,0.05209800262902861,672,"I can't brush them off now, they're about to invent diplomacy"
1358,3532,0,15,57,72,1.2083333333333333,0.048197153144195225,672,"I'm telling you, just stick a dryer sheet behind your ear...it keeps them away!"
1369,3532,1,13,58,72,1.2083333333333333,0.05209800262902861,672,"It makes them so happy, I don't have the heart to shake them off."
1381,3532,3,9,60,72,1.2083333333333333,0.05913268547421808,672,"'It was a mammoth undertaking, but most of the fleas have been dealt with...'"
1394,3532,1,13,58,72,1.2083333333333333,0.05209800262902861,672,I should really see someone about getting these removed.
1412,3532,2,11,59,72,1.2083333333333333,0.05572645856918899,672,This acupuncture is going to cost an arm and a leg!
972,3532,3,9,60,72,1.2083333333333333,0.05913268547421808,672,Help me out with some nitwit picking?
1415,3532,1,13,58,72,1.2083333333333333,0.05209800262902861,672,Do you think a little spray would remove these tics?
932,3532,1,13,58,72,1.2083333333333333,0.05209800262902861,672,"Yeah, I’m on my third round of antibiotics but I can’t seem to shake ‘em."
765,3532,2,11,59,72,1.2083333333333333,0.05572645856918899,672,Be careful! It might be contagious.
17,3532,1,13,58,72,1.2083333333333333,0.05209800262902861,672,This is the non-vegan tribe.
19,3532,1,13,58,72,1.2083333333333333,0.05209800262902861,672,I'm gonna wash Paleolithic Man right outta my hair....
25,3532,1,13,58,72,1.2083333333333333,0.05209800262902861,672,It’s actually better to have guys on your back who don’t have a clue what they’re doing.
39,3532,1,13,58,72,1.2083333333333333,0.05209800262902861,672,Some of us have mouths to feed.
68,3532,2,11,59,72,1.2083333333333333,0.05572645856918899,672,"OK, OKAY—I'll tell yah why I'm drunk."
71,3532,0,15,57,72,1.2083333333333333,0.048197153144195225,672,"I think this ""Magic Fingers"" still needs work."
184,3532,1,13,58,72,1.2083333333333333,0.05209800262902861,672,"Don't just sit there, go find Tarzan!"
188,3532,1,13,58,72,1.2083333333333333,0.05209800262902861,672,Once a week and the dandruff is gone!
221,3532,2,11,59,72,1.2083333333333333,0.05572645856918899,672,"It's ok, you can eat them whole."
2394,3532,1,13,58,72,1.2083333333333333,0.05209800262902861,672,"My chiropractor recommended them for my scoliois, but they make way too much noise.."
237,3532,1,13,58,72,1.2083333333333333,0.05209800262902861,672,They say they're from Extinction Rebellion.
252,3532,2,11,59,72,1.2083333333333333,0.05572645856918899,672,The vet forgot my monthly pest treatment.
322,3532,1,13,58,72,1.2083333333333333,0.05209800262902861,672,I don’t think symbiotic relationships work this way.
328,3532,1,13,58,72,1.2083333333333333,0.05209800262902861,672,You should give acupuncture a try sometime.
387,3532,3,9,60,72,1.2083333333333333,0.05913268547421808,672,"I've never used better terminators for lice and ticks."""
388,3532,2,11,59,72,1.2083333333333333,0.05572645856918899,672,"It's the new Black"""
455,3532,3,9,60,72,1.2083333333333333,0.05913268547421808,672,Care for any appetizers?
470,3532,3,9,60,72,1.2083333333333333,0.05913268547421808,672,At this rate I'm more likely to die of ice age.
594,3532,1,13,58,72,1.2083333333333333,0.05209800262902861,672,"It’s called acupuncture, an ancient treatment they invented yesterday."
652,3532,1,13,58,72,1.2083333333333333,0.05209800262902861,672,"Sure they itch.  But so what, they won't kill you."
738,3532,4,7,61,72,1.2083333333333333,0.06235311378048466,672,They can't find my heart.
786,3532,1,13,58,72,1.2083333333333333,0.05209800262902861,672,"They promised me immortality. _
Said something about my bone structure."
1422,3532,1,13,58,72,1.2083333333333333,0.05209800262902861,672,I prefer organic treatments for fighting dandruff.
226,3532,2,11,59,72,1.2083333333333333,0.05572645856918899,672,"Doris, Neanderthals bite the most but Homo sapiens buzz a hell of a lot more"
1440,3532,2,11,59,72,1.2083333333333333,0.05572645856918899,672,This is just a symptom of the problem.
1909,3532,1,13,58,72,1.2083333333333333,0.05209800262902861,672,Evolved Pilot Fish
1927,3532,2,11,59,72,1.2083333333333333,0.05572645856918899,672,Something about the portions being mammoth.”
1951,3532,3,9,60,72,1.2083333333333333,0.05913268547421808,672,"Poor you Doris, I've heard, that wet tree combing takes care of head infestation of cavemen."""
1985,3532,3,9,60,72,1.2083333333333333,0.05913268547421808,672,"The slightest mention of making the Ice Age cold again, and I swear, these donkeys jumped all over me."
2032,3532,2,11,59,72,1.2083333333333333,0.05572645856918899,672,who'd believe that they are the agents of our eventual extinction!
2043,3532,3,9,60,72,1.2083333333333333,0.05913268547421808,672,"It's better than a flea collar. They take care of flea's, ticks, and ear mites."
2045,3532,2,11,59,72,1.2083333333333333,0.05572645856918899,672,The garden’s infested again.
2055,3532,1,13,58,72,1.2083333333333333,0.05209800262902861,672,They really help with the fleas.
2082,3532,1,13,58,72,1.2083333333333333,0.05209800262902861,672,No problem. They scratch my back after their drills.
1882,3532,1,13,58,72,1.2083333333333333,0.05209800262902861,672,Sometimes they have to really dig to get the nits.
2088,3532,3,9,60,72,1.2083333333333333,0.05913268547421808,672,"I told the chief, kill a mammoth, eat for a week; kill the critters on its back, eat for a lifetime."
2128,3532,1,13,58,72,1.2083333333333333,0.05209800262902861,672,"Man, those citronella candles never really work."
2176,3532,0,15,57,72,1.2083333333333333,0.048197153144195225,672,Should've gone to therapy when they were still monkeys..
2178,3532,2,11,59,72,1.2083333333333333,0.05572645856918899,672,They've not understood perspective yet
2204,3532,1,13,58,72,1.2083333333333333,0.05209800262902861,672,These primitive exterminators really help with the flea problem.
2228,3532,4,7,61,72,1.2083333333333333,0.06235311378048466,672,Is this the Democratic debate?
2245,3532,3,9,60,72,1.2083333333333333,0.05913268547421808,672,These acupuncturists won’t leave me alone!
2325,3532,3,9,60,72,1.2083333333333333,0.05913268547421808,672,Call the exterminator Alice...
2343,3532,2,11,59,72,1.2083333333333333,0.05572645856918899,672,"Ya, it's this fancy new acupuncture technique, supposed to help you lose weight or whatever."
1431,3532,4,7,61,72,1.2083333333333333,0.06235311378048466,672,Thought I ‘d try some highlights for mating season.
2090,3532,3,9,60,72,1.2083333333333333,0.05913268547421808,672,I’ve been itching to see you.
1879,3532,3,9,60,72,1.2083333333333333,0.05913268547421808,672,"They're a dime a dozen at the corner store, and a big help opening my pores"
2089,3532,2,11,59,72,1.2083333333333333,0.05572645856918899,672,"That repellent that I bought doesn't work at all, and I've heard that they carry Lyme disease."
1482,3532,1,13,58,72,1.2083333333333333,0.05209800262902861,672,It's some new health thing called 'acupuncture'.
1826,3532,3,9,60,72,1.2083333333333333,0.05913268547421808,672,I see them as weapons of mass destruction in years to come.
1455,3532,1,13,58,72,1.2083333333333333,0.05209800262902861,672,"Sorry, my inaccupuncture treatment's running long."
1457,3532,1,13,58,72,1.2083333333333333,0.05209800262902861,672,They’re cute aren’t they? They keep shouting about my travels.
1468,3532,3,9,60,72,1.2083333333333333,0.05913268547421808,672,They seem to bother me more than most.
1478,3532,1,13,58,72,1.2083333333333333,0.05209800262902861,672,It's my new dandruff medication...and I can actually feel it working!
1502,3532,1,13,58,72,1.2083333333333333,0.05209800262902861,672,They mostly keep to themselves
1528,3532,2,11,59,72,1.2083333333333333,0.05572645856918899,672,I told them it was game night.
1600,3532,2,11,59,72,1.2083333333333333,0.05572645856918899,672,Let them be for now. We'll spice things up when the kids get home from school.
1606,3532,2,11,59,72,1.2083333333333333,0.05572645856918899,672,i don't know what it is. i just made an appointment with the dermatologist
1616,3532,2,11,59,72,1.2083333333333333,0.05572645856918899,672,Don't drink the water
1661,3532,1,13,58,72,1.2083333333333333,0.05209800262902861,672,"Sitting upright helps, but for back relief I use acupuncturists."
1449,3532,2,11,59,72,1.2083333333333333,0.05572645856918899,672,They are a species that hasn't learned to adapt to the environment.
1750,3532,0,15,57,72,1.2083333333333333,0.048197153144195225,672,"I wouldn't worry about them just now, but when they grow up, we've got a problem."
1689,3532,2,11,59,72,1.2083333333333333,0.05572645856918899,672,My herbalist recommended acupuncture for my tennis elbow.
1690,3532,3,9,60,72,1.2083333333333333,0.05913268547421808,672,I think it's dandruff.
1697,3532,4,7,61,72,1.2083333333333333,0.06235311378048466,672,Do you have a better idea to get these tangles out!
1698,3532,2,11,59,72,1.2083333333333333,0.05572645856918899,672,These pesky pests are killing me!
1704,3532,1,13,58,72,1.2083333333333333,0.05209800262902861,672,"These little warriors are cute, but I think they'll be extinct soon."
1719,3532,1,13,58,72,1.2083333333333333,0.05209800262902861,672,I’ve got bed bugs again.
1753,3532,0,15,57,72,1.2083333333333333,0.048197153144195225,672,Just one more and I'll have the complete set.
1673,3532,3,9,60,72,1.2083333333333333,0.05913268547421808,672,Prehistoric insect repellent.
1822,3532,2,11,59,72,1.2083333333333333,0.05572645856918899,672,Got any Ug repellent on you?
3074,3730,2,12,63,77,1.2077922077922079,0.05338078923628006,672,I call these guys the elephant in the room
3464,3731,3,10,65,78,1.205128205128205,0.05582599374914914,672,It's a third way--fight AND flea.
3284,3732,3,11,69,83,1.2048192771084338,0.05355160463762834,672,Next time try the repellent with DEET
572,3733,3,7,54,64,1.203125,0.06369760335066812,672,"Sure sapienpuncture is alternative medicine, but it helps with my backpain."
3680,3734,3,8,58,69,1.2028985507246377,0.06047450247559489,672,Did you pach the bug stuff?
2504,3734,1,12,56,69,1.2028985507246377,0.052958951374245035,672,"In the olden days, the insect repellants were much stronger"
3870,3734,2,10,57,69,1.2028985507246377,0.05684107660983553,672,"It's this new thing called acupuncture, you should try it."
3802,3734,3,8,58,69,1.2028985507246377,0.06047450247559489,672,"I know its a little ""out there"" but it does wonders for my back."
3461,3734,3,8,58,69,1.2028985507246377,0.06047450247559489,672,It is likely that evolution will change these differences in size.
2725,3734,1,12,56,69,1.2028985507246377,0.052958951374245035,672,I think I have been spending too much time at the Museum of Natural History.
2899,3734,1,12,56,69,1.2028985507246377,0.052958951374245035,672,Acupuncture really works for my lower trunk pain.
2787,3734,2,10,57,69,1.2028985507246377,0.05684107660983553,672,I’m itchy. I think I need a new flea collar.
3878,3734,1,12,56,69,1.2028985507246377,0.052958951374245035,672,Are you cool shaking it off or do yo need a helping trunk?
2648,3734,4,6,59,69,1.2028985507246377,0.06390166593427964,672,I preferred the monkey on my back.
2962,3734,2,10,57,69,1.2028985507246377,0.05684107660983553,672,Men just don't see me.
5479,3734,1,12,56,69,1.2028985507246377,0.052958951374245035,672,Global warming or just a nasty rash?
5110,3734,3,8,58,69,1.2028985507246377,0.06047450247559489,672,"If you can tune out all the grunting, acupuncture is wonderful."
4093,3734,3,8,58,69,1.2028985507246377,0.06047450247559489,672,"Don't worry, Mildred ...they're just scratching my back.



Carla Berman"
4276,3734,2,10,57,69,1.2028985507246377,0.05684107660983553,672,Everyone nowadays has a smart tip but nary a good point.
4421,3734,3,8,58,69,1.2028985507246377,0.06047450247559489,672,fiirn
4659,3734,1,12,56,69,1.2028985507246377,0.052958951374245035,672,"No, they aren't certified acupuncturists."
4696,3734,0,14,55,69,1.2028985507246377,0.048768771474726615,672,It's an ancient Neanderthal treatment called attackupuncture.
4711,3734,3,8,58,69,1.2028985507246377,0.06047450247559489,672,My back is trying to kill me!!
4956,3734,3,8,58,69,1.2028985507246377,0.06047450247559489,672,"OK you were right, I should have used the higher SPF Neanderthal cream."
5012,3734,1,12,56,69,1.2028985507246377,0.052958951374245035,672,It seems as though it is that time of year where human season is upon us!
5137,3734,2,10,57,69,1.2028985507246377,0.05684107660983553,672,"Yeah they itch a little, but it's not like they'll cause the end of the Ice Age."
2492,3734,1,12,56,69,1.2028985507246377,0.052958951374245035,672,"Please, tell me you something.."
5158,3734,3,8,58,69,1.2028985507246377,0.06047450247559489,672,Either this will be the death of me or I'm going to finally have an amazing perm.
4070,3734,1,12,56,69,1.2028985507246377,0.052958951374245035,672,"I could easily blow them off with a couple of ear flaps or a water spray, but I kind of like the way they tickle."
2418,3734,3,8,58,69,1.2028985507246377,0.06047450247559489,672,"Ugh i've got humans! 
- Ewww do you know they pretty good survivors?
 Yeah sure, maybe they will rule the world some day haha! 
- LOL"
749,3734,0,14,55,69,1.2028985507246377,0.048768771474726615,672,"Yeah, they're annoying, but they keep the rats off."
2236,3734,1,12,56,69,1.2028985507246377,0.052958951374245035,672,I shall call them The University of Alabama.
2382,3734,1,12,56,69,1.2028985507246377,0.052958951374245035,672,I can't believe they would stab me in the back like that.
38,3734,4,6,59,69,1.2028985507246377,0.06390166593427964,672,I hate Mondays!
148,3734,2,10,57,69,1.2028985507246377,0.05684107660983553,672,"Would you scratch my back, please?"
183,3734,3,8,58,69,1.2028985507246377,0.06047450247559489,672,Do you have man powder ?
185,3734,1,12,56,69,1.2028985507246377,0.052958951374245035,672,I'll deal with it when they advance to scorched-earth militarization.
439,3734,1,12,56,69,1.2028985507246377,0.052958951374245035,672,Devolution.
492,3734,2,10,57,69,1.2028985507246377,0.05684107660983553,672,I don’t know. I think they are bedbugs or something.
583,3734,2,10,57,69,1.2028985507246377,0.05684107660983553,672,My back hasn't bothered me since we started hosting these exchange students.
869,3734,2,10,57,69,1.2028985507246377,0.05684107660983553,672,"I went to the Mastodontist, today, and he said I have an infestation of headhunters."
67,3734,0,14,55,69,1.2028985507246377,0.048768771474726615,672,New on the market - the Back Scratch Kit!
1009,3734,2,10,57,69,1.2028985507246377,0.05684107660983553,672,"A Frontline Plus Ad. 
So simple, a cave man could do it."
1006,3734,1,12,56,69,1.2028985507246377,0.052958951374245035,672,You have to admire their sticktoitiviiy.
1941,3734,1,12,56,69,1.2028985507246377,0.052958951374245035,672,I have a feeling they’ll always fight their wars on the backs of us animals.
1938,3734,3,8,58,69,1.2028985507246377,0.06047450247559489,672,Oh! I feel so much better!
1471,3734,3,8,58,69,1.2028985507246377,0.06047450247559489,672,I humor them and it beats a scratching post.
2132,3734,0,14,55,69,1.2028985507246377,0.048768771474726615,672,Ignore them. They'll die off soon.
1330,3734,2,10,57,69,1.2028985507246377,0.05684107660983553,672,"Men of prey. They're multiplying, though I never see any females."
1325,3734,1,12,56,69,1.2028985507246377,0.052958951374245035,672,They're surgically removing those moles.
1129,3734,0,14,55,69,1.2028985507246377,0.048768771474726615,672,"Honestly, these humans are beginning to annoy me no end"
1401,3734,2,10,57,69,1.2028985507246377,0.05684107660983553,672,Acupuncture  really works wonders!
3269,3782,1,12,57,70,1.2,0.05227733021739333,672,What should I tip them?
2590,3782,1,12,57,70,1.2,0.05227733021739333,672,What can I do? They're the dominant species.
2509,3782,3,8,59,70,1.2,0.05967475684537697,672,I really wish I hadn't been raised grass fed.
2459,3782,1,12,57,70,1.2,0.05227733021739333,672,Doctor's orders.  She calls it ongoing acupuncture to alleviate stress.
2417,3782,1,12,57,70,1.2,0.05227733021739333,672,Quit rubbin' yourself raw. I found a great tick remedy.
2410,3782,2,10,58,70,1.2,0.056098109857700425,672,It’s kind of like hot yoga.
2135,3782,3,8,59,70,1.2,0.05967475684537697,672,Definitely much better than acupuncture.
4279,3782,4,6,60,70,1.2,0.06304883249912806,672,Damn it. I went out without my flea collar again.
349,3782,1,12,57,70,1.2,0.05227733021739333,672,No ticks on this one!
176,3782,4,6,60,70,1.2,0.06304883249912806,672,Does magic for my tusk pain
5102,3782,0,14,56,70,1.2,0.04815434123430769,672,They had me at 'free acupuncture.' '
5337,3782,0,14,56,70,1.2,0.04815434123430769,672,"Yeah, we wanted more but we'd need a bigger cave."
5368,3782,1,12,57,70,1.2,0.05227733021739333,672,How difficult is it to find a white mouse
5374,3782,3,8,59,70,1.2,0.05967475684537697,672,They respect me as the alpha.
3854,3782,1,12,57,70,1.2,0.05227733021739333,672,"Ted, have you thought about your future? A future fueled by the power of carbon?"
1874,3782,2,10,58,70,1.2,0.056098109857700425,672,What? I was trying something new Wendy.
4169,3782,2,10,58,70,1.2,0.056098109857700425,672,Easy--they were discharged for wool-gathering.
828,3799,3,8,61,72,1.1944444444444444,0.05813645141504052,672,They don't bite - they just prick.
5514,3799,0,14,58,72,1.1944444444444444,0.04696954399337483,672,"I don’t know whether this is their cave or not, but I am going to ask them to get off."
5521,3799,4,6,62,72,1.1944444444444444,0.0614091466303077,672,Gathering was last week's event.
3379,3802,1,11,55,67,1.1940298507462686,0.053119792298663225,672,And now I have an infection of Zogs... this is the LAST time I listen to your anti-vax nonsense!
5403,3802,2,9,56,67,1.1940298507462686,0.057218846267874955,672,They're called symbiotes.
5588,3802,1,11,55,67,1.1940298507462686,0.053119792298663225,672,I think your fancy Paris hotel gave us bedbugs.
3500,3802,1,11,55,67,1.1940298507462686,0.053119792298663225,672,"They’re kinda cute, don’t you think?"
3468,3802,2,9,56,67,1.1940298507462686,0.057218846267874955,672,"Help, I’m stuck."
3442,3802,1,11,55,67,1.1940298507462686,0.053119792298663225,672,I was diagnosed with a mammoth case of the seven cave-man itch.
4942,3802,1,11,55,67,1.1940298507462686,0.053119792298663225,672,They say these pests will be around long after we're extinct.
2844,3802,1,11,55,67,1.1940298507462686,0.053119792298663225,672,"- Does it tickle?

Only when I sit still?"
3930,3802,1,11,55,67,1.1940298507462686,0.053119792298663225,672,It’s free massage
2185,3802,2,9,56,67,1.1940298507462686,0.057218846267874955,672,"I can't say I understand their motivation, but it's kind of relaxes me."
2793,3802,2,9,56,67,1.1940298507462686,0.057218846267874955,672,well- they're great for the itch you can't scratch.
1355,3802,1,11,55,67,1.1940298507462686,0.053119792298663225,672,Well they were okay at first but........
1336,3802,1,11,55,67,1.1940298507462686,0.053119792298663225,672,Acupuncture may save us from extinction.
1136,3802,3,7,57,67,1.1940298507462686,0.061043266644244185,672,It’s called Community Acupuncture!
74,3802,2,9,56,67,1.1940298507462686,0.057218846267874955,672,These guys seem a bit underdressed for the the cold snap we are expecting.
3132,3817,1,10,52,63,1.1904761904761905,0.054763574408528054,672,It's raining man!
4267,3818,2,10,62,74,1.1891891891891893,0.05330844518372845,672,Persistent little buggers!
3551,3819,1,10,53,64,1.1875,0.053983205795288855,672,We're still one short of a minyan.
3583,3819,0,12,52,64,1.1875,0.0491747370293402,672,"Honey, they are more afraid of your then you are of them."
3609,3819,0,12,52,64,1.1875,0.0491747370293402,672,This?  Oh
3623,3819,4,4,56,64,1.1875,0.06634969288573796,672,It’s called acupuncture. It’s really helping my lumbago.
3638,3819,3,6,55,64,1.1875,0.0625,672,What can I say? Manscaping is in!
3754,3819,1,10,53,64,1.1875,0.053983205795288855,672,It's actually a pretty good way to get a back scratch when you need it.
3756,3819,0,12,52,64,1.1875,0.0491747370293402,672,It's a dude ranch for CEO's.
3817,3819,2,8,54,64,1.1875,0.058397074018894594,672,"Until they recognize us as meals on wheels, they’re into pest control."
3808,3819,2,8,54,64,1.1875,0.058397074018894594,672,"They're really annoying, but in no time they'll be extinct."
3540,3819,0,12,52,64,1.1875,0.0491747370293402,672,"They scratch my back, I step on some bozo who's been bothering them.  It' s an easy gig."
3879,3819,0,12,52,64,1.1875,0.0491747370293402,672,"Some crazy new treatment, supposed to be good for my hip."
3906,3819,3,6,55,64,1.1875,0.0625,672,Not sure this ride-sharing gig is gonna work out....
3948,3819,1,10,53,64,1.1875,0.053983205795288855,672,Won't those DNA scientists be surprised when they analyze the fleas in my fur.
3993,3819,1,10,53,64,1.1875,0.053983205795288855,672,Did you forget to spray on your caveman repellent again?
4016,3819,2,8,54,64,1.1875,0.058397074018894594,672,"Mammoth battle, dude!"
3796,3819,2,8,54,64,1.1875,0.058397074018894594,672,"Have you ever read ""Gulliver's Travels""?"
3487,3819,1,10,53,64,1.1875,0.053983205795288855,672,"They scratch my back, they scratch your back"
3280,3819,3,6,55,64,1.1875,0.0625,672,"Considering the cost of flea collars these days, I prefer this"""
3310,3819,1,10,53,64,1.1875,0.053983205795288855,672,They say this new acupuncture treatment may help lower back pain.
2832,3819,1,10,53,64,1.1875,0.053983205795288855,672,Little Woolly brought them home from school. It’s going around.
2872,3819,2,8,54,64,1.1875,0.058397074018894594,672,I am not too happy with my exterminator's choice of sub-contractors.
2963,3819,3,6,55,64,1.1875,0.0625,672,"If you don't have enemies, you don't have character""
Paul Newma"
2968,3819,0,12,52,64,1.1875,0.0491747370293402,672,They really enjoy it and I got 'Most Valuable Mammoth'  for two months in a row!
3013,3819,2,8,54,64,1.1875,0.058397074018894594,672,I dunno...but my Tusk ache is suddenly feeling better
3083,3819,1,10,53,64,1.1875,0.053983205795288855,672,Apparently I'm part of some new diet fad.
3085,3819,2,8,54,64,1.1875,0.058397074018894594,672,It’s acupuncture.
3441,3819,1,10,53,64,1.1875,0.053983205795288855,672,Ignore the elephant in the room.  These humans won’t ruin our date plans.
3087,3819,0,12,52,64,1.1875,0.0491747370293402,672,"Damn, is it already the Pleistocene Epoch!?!?"
3155,3819,3,6,55,64,1.1875,0.0625,672,They'll have the results in three weeks.
3181,3819,1,10,53,64,1.1875,0.053983205795288855,672,"At first I was skeptical, but this acupuncture really works."
3185,3819,1,10,53,64,1.1875,0.053983205795288855,672,It’s so difficult to scratch back there.
3194,3819,2,8,54,64,1.1875,0.058397074018894594,672,I think we are ready to take this show on the road.
3242,3819,2,8,54,64,1.1875,0.058397074018894594,672,My doctor says it will relieve back pain.
4020,3819,1,10,53,64,1.1875,0.053983205795288855,672,Lice pickers are so Uber annoying!
3305,3819,2,8,54,64,1.1875,0.058397074018894594,672,Please tell me it isn't mice.
3104,3819,2,8,54,64,1.1875,0.058397074018894594,672,"Ever since my pachydermatologist put me on the a Paleo Diet I’ve felt amazing! I’m about to grab a quick snack, you interested?"
4066,3819,1,10,53,64,1.1875,0.053983205795288855,672,They've been on my back for days!
4525,3819,2,8,54,64,1.1875,0.058397074018894594,672,They said they'd pay me big bucks to host their political convention.
4436,3819,2,8,54,64,1.1875,0.058397074018894594,672,"Honey, could you please get that jar of gasoline from the garage?"
5081,3819,1,10,53,64,1.1875,0.053983205795288855,672,"Eventually, we’ll evolve and build the Acropolis."
5185,3819,2,8,54,64,1.1875,0.058397074018894594,672,What was the name of that flea spray you were using?
5199,3819,1,10,53,64,1.1875,0.053983205795288855,672,Quick! Get your paintbrush!
5203,3819,1,10,53,64,1.1875,0.053983205795288855,672,I decided to go with acupuncture for my back pain.
5236,3819,2,8,54,64,1.1875,0.058397074018894594,672,How did they go from so few pixels to be the dominant species?
5251,3819,1,10,53,64,1.1875,0.053983205795288855,672,Now they’ve invented crowdsourcing...
5262,3819,1,10,53,64,1.1875,0.053983205795288855,672,"I know, I know - That's what I get for taking the short cut."
5062,3819,3,6,55,64,1.1875,0.0625,672,I've discovered a remarkable remedy for my rheumatism: spear puncture.
5274,3819,0,12,52,64,1.1875,0.0491747370293402,672,You ever get that tingling feeling right before something's about to happen?
5391,3819,2,8,54,64,1.1875,0.058397074018894594,672,I bet they’ll paint a different picture when they get home.
5393,3819,1,10,53,64,1.1875,0.053983205795288855,672,Oh...you battle with yours on the inside?
5401,3819,2,8,54,64,1.1875,0.058397074018894594,672,"By treaty, we keep the cave, but they can spearfish for woolly worms."
5407,3819,1,10,53,64,1.1875,0.053983205795288855,672,Its my latest invention..... I call it a flea collar.
5409,3819,0,12,52,64,1.1875,0.0491747370293402,672,Now they're inventing the haircut.
5527,3819,2,8,54,64,1.1875,0.058397074018894594,672,"I thought I'd humor them for a change-  
it won't be long before the poor saps are extinct."
5544,3819,2,8,54,64,1.1875,0.058397074018894594,672,Something called acupuncture. I think it needs some work.
5349,3819,3,6,55,64,1.1875,0.0625,672,"I just wanted a plain cut, but they say the deconstructed wave is the new power look."
4179,3819,1,10,53,64,1.1875,0.053983205795288855,672,They're the seven for this year's itch.
4933,3819,3,6,55,64,1.1875,0.0625,672,The mosquitos are thick this year.
4825,3819,2,8,54,64,1.1875,0.058397074018894594,672,We can die at home sweetheart! No need to move from our rent control.  The Museum of Natural History is coming to get these folks off my back and get them into a diorama.
2818,3819,0,12,52,64,1.1875,0.0491747370293402,672,This new flea medicine really tingles.
4549,3819,1,10,53,64,1.1875,0.053983205795288855,672,"Seriously, this paleo acupuncture is really working for me"
4563,3819,1,10,53,64,1.1875,0.053983205795288855,672,I think there's a cream for that?
4593,3819,2,8,54,64,1.1875,0.058397074018894594,672,They said they take care of my house guest for a Uber Ride.
4636,3819,0,12,52,64,1.1875,0.0491747370293402,672,Great News.   They now think fleas are an aphrodisiac!
4667,3819,2,8,54,64,1.1875,0.058397074018894594,672,Do you feel these mosquitoes?
4670,3819,2,8,54,64,1.1875,0.058397074018894594,672,So much worse than lice.
4930,3819,2,8,54,64,1.1875,0.058397074018894594,672,"Sure, we can grab some coffee once I finish my shift."
4700,3819,2,8,54,64,1.1875,0.058397074018894594,672,I always thought acupuncture would be more restorative
4710,3819,1,10,53,64,1.1875,0.053983205795288855,672,Have you tried this new alternative medicine called acupuncture yet?
4723,3819,0,12,52,64,1.1875,0.0491747370293402,672,Everyone’s raving about it. It’s the latest form of acupuncture.
4734,3819,0,12,52,64,1.1875,0.0491747370293402,672,"Watch it now, watch it, here they come. Wooly bullies."
4744,3819,1,10,53,64,1.1875,0.053983205795288855,672,They haven’t evolved enough yet to go out on their own.
4753,3819,2,8,54,64,1.1875,0.058397074018894594,672,The Acupuncture helps my migraines.
4777,3819,1,10,53,64,1.1875,0.053983205795288855,672,"I think they are yelling ""Woolly Man Mouth"""
4818,3819,0,12,52,64,1.1875,0.0491747370293402,672,"Don't worry, honey. These little pests will soon go extinct."
4707,3819,3,6,55,64,1.1875,0.0625,672,They take care of the fleas--I give them a warm place to sleep.
2770,3819,1,10,53,64,1.1875,0.053983205795288855,672,Acupuncture in the age of the wooly mammoth
2785,3819,0,12,52,64,1.1875,0.0491747370293402,672,Word to the wise — don’t use the word Lilliputian anywhere near the village.
2750,3819,3,6,55,64,1.1875,0.0625,672,They say  they are going to impeach me. Whatever that is.
625,3819,2,8,54,64,1.1875,0.058397074018894594,672,They're adorable. I don't see how they could possibly hurt anyone.
763,3819,2,8,54,64,1.1875,0.058397074018894594,672,"I said ""don't go all Cro-Magnon on me!"" and things multiplied from there."
838,3819,3,6,55,64,1.1875,0.0625,672,My therapist calls it acupuncture.
902,3819,1,10,53,64,1.1875,0.053983205795288855,672,...no more itching...
975,3819,0,12,52,64,1.1875,0.0491747370293402,672,It's a jungle out there!
1043,3819,1,10,53,64,1.1875,0.053983205795288855,672,They're my new management team.
1154,3819,1,10,53,64,1.1875,0.053983205795288855,672,We may have a mild case of global extinction.
611,3819,1,10,53,64,1.1875,0.053983205795288855,672,"They say that with a catastrophe these things are going to take over the earth, but I don't see how."
1257,3819,0,12,52,64,1.1875,0.0491747370293402,672,You ever get that itch?
1351,3819,1,10,53,64,1.1875,0.053983205795288855,672,I found these cute toys at Big Bone Park in Kentucky.
1384,3819,3,6,55,64,1.1875,0.0625,672,It’s better than pulling ticks off by hand.
1386,3819,1,10,53,64,1.1875,0.053983205795288855,672,With the MeToo movement I’m afraid to touch them.
1436,3819,2,8,54,64,1.1875,0.058397074018894594,672,And they say there's no evidence of global warming
2762,3819,0,12,52,64,1.1875,0.0491747370293402,672,Flea and tick collar fell off.
1533,3819,2,8,54,64,1.1875,0.058397074018894594,672,I'm having a little work done.
1578,3819,3,6,55,64,1.1875,0.0625,672,I got the idea from a sharkasuarus.  It gets rid of parasites.
1347,3819,1,10,53,64,1.1875,0.053983205795288855,672,There’s really no excuse for poor grooming.
1601,3819,0,12,52,64,1.1875,0.0491747370293402,672,They are called “Hunters”.
552,3819,1,10,53,64,1.1875,0.053983205795288855,672,They're way cheaper than acupuncture.
505,3819,0,12,52,64,1.1875,0.0491747370293402,672,What are they going to do next week when we're extinct?
65,3819,0,12,52,64,1.1875,0.0491747370293402,672,Cave stirs up “prehistoric flashback” in elephant’s memory.
161,3819,2,8,54,64,1.1875,0.058397074018894594,672,Told you! Global Spearing is no myth!
179,3819,2,8,54,64,1.1875,0.058397074018894594,672,At least they stopped using plastic.
219,3819,1,10,53,64,1.1875,0.053983205795288855,672,"Move over, my back is killing me."
301,3819,1,10,53,64,1.1875,0.053983205795288855,672,"It's expensive, but this is the best back-scratch I've had in years."
317,3819,1,10,53,64,1.1875,0.053983205795288855,672,I blame it on global cooling.
337,3819,3,6,55,64,1.1875,0.0625,672,I don't think this new trend will last long. They're so fragile.
540,3819,1,10,53,64,1.1875,0.053983205795288855,672,I'd shake them off but their combat gently exfoliates.
338,3819,1,10,53,64,1.1875,0.053983205795288855,672,"They are annoying, but they can scratch those hard-to-reach spots."
378,3819,2,8,54,64,1.1875,0.058397074018894594,672,I’m trying a new program to prevent Lyme disease.
381,3819,0,12,52,64,1.1875,0.0491747370293402,672,"As the saying goes: Megafauna, more problems."
412,3819,1,10,53,64,1.1875,0.053983205795288855,672,I hope you remember the things that I do just so you can pursue your passion for cave painting.
434,3819,2,8,54,64,1.1875,0.058397074018894594,672,See?  Just showing the wall encourages them to climb over you.
456,3819,1,10,53,64,1.1875,0.053983205795288855,672,"Don't worry, I'm not contagious."
494,3819,0,12,52,64,1.1875,0.0491747370293402,672,primitive acupuncture
500,3819,1,10,53,64,1.1875,0.053983205795288855,672,I just don't have the heart to tell them I'm not 'that' Snow White.
360,3819,1,10,53,64,1.1875,0.053983205795288855,672,They must be some sort of advanced biting insects.
1646,3819,1,10,53,64,1.1875,0.053983205795288855,672,I got 50% off dry needling on Groupon!
1473,3819,0,12,52,64,1.1875,0.0491747370293402,672,"Honey, I brought you the latest, new Game of Thrones."
2413,3819,3,6,55,64,1.1875,0.0625,672,"They say “You are what you wear.”, well that makes them one of us."
2368,3819,1,10,53,64,1.1875,0.053983205795288855,672,I call it a fite bit
2406,3819,0,12,52,64,1.1875,0.0491747370293402,672,after i get groomed i'm taking you to the spa
1733,3819,4,4,56,64,1.1875,0.06634969288573796,672,"Lucky or not, I'm fed up with these ladybugs."
2415,3819,2,8,54,64,1.1875,0.058397074018894594,672,There's just something about today that's bothering me.
2429,3819,1,10,53,64,1.1875,0.053983205795288855,672,My doctor said the acupuncture may help my fibromyalgia
2438,3819,3,6,55,64,1.1875,0.0625,672,"Looks like it’s just another bad hair day, Thelma!"
2447,3819,2,8,54,64,1.1875,0.058397074018894594,672,They are bug hunting
2508,3819,2,8,54,64,1.1875,0.058397074018894594,672,"Be careful, I think I've got fleas."
2511,3819,1,10,53,64,1.1875,0.053983205795288855,672,It helps with my back pain.
2515,3819,0,12,52,64,1.1875,0.0491747370293402,672,Know the enemy.
2549,3819,2,8,54,64,1.1875,0.058397074018894594,672,Have we ever yet had a picnic without them?
2610,3819,1,10,53,64,1.1875,0.053983205795288855,672,I told you that cave we stayed at had bed bugs.
2659,3819,1,10,53,64,1.1875,0.053983205795288855,672,It's a lot cheaper than a day spa.
2690,3819,3,6,55,64,1.1875,0.0625,672,"It's a symbiotic relationship - I let them live on me, and they do my taxes."
2736,3819,3,6,55,64,1.1875,0.0625,672,"Yeah, I have growths, sure. But you know what?  You couldn't even get the New Yorker cartoonist to give you 4 legs."
2350,3819,2,8,54,64,1.1875,0.058397074018894594,672,They call it hunting.  I call it free acupuncture.  Great for my back!
2330,3819,1,10,53,64,1.1875,0.053983205795288855,672,"I told you, We can't afford a Tesla."
2341,3819,0,12,52,64,1.1875,0.0491747370293402,672,You said Head and Shoulders would get rid of this stuff!
2317,3819,0,12,52,64,1.1875,0.0491747370293402,672,Seven warring people.  You would think they were playing a Game over a Throne or something. We will see how this plays out.
1745,3819,1,10,53,64,1.1875,0.053983205795288855,672,Do you have an ointment for this?
1844,3819,0,12,52,64,1.1875,0.0491747370293402,672,"Yeah, they're pesky little creatures, but I'll take them over ticks and fleas any day!"
1846,3819,0,12,52,64,1.1875,0.0491747370293402,672,"I'll try it, but this acupuncture thing still seems kind of woo-woo to me."
1875,3819,2,8,54,64,1.1875,0.058397074018894594,672,It’s a new thing. It’s called acupuncture
1878,3819,2,8,54,64,1.1875,0.058397074018894594,672,"The Beginning of Acupuncture for Mammouths:
""Someone told me it didn't hurt, so thought I'd try them out."""
1916,3819,2,8,54,64,1.1875,0.058397074018894594,672,Hey Phill you want I should get them money's off your back?  No thanks trying to save on acupuncture.
2322,3819,2,8,54,64,1.1875,0.058397074018894594,672,We’re going to have to dig in our hands and feet when this guy mounts her!
1994,3819,0,12,52,64,1.1875,0.0491747370293402,672,For some reason they call me Uber.
1979,3819,2,8,54,64,1.1875,0.058397074018894594,672,Man I hate #mammothmonday
2097,3819,2,8,54,64,1.1875,0.058397074018894594,672,You didn’t get the from me...
2104,3819,1,10,53,64,1.1875,0.053983205795288855,672,They help me to get up and go.
2107,3819,1,10,53,64,1.1875,0.053983205795288855,672,They just don’t get it.
2108,3819,1,10,53,64,1.1875,0.053983205795288855,672,...and it actually helps with depression.
2136,3819,3,6,55,64,1.1875,0.0625,672,acupuncture my dear... it is not what you think !
2239,3819,1,10,53,64,1.1875,0.053983205795288855,672,"I know we were created by DNA found from our ancestors, but how did these freeloaders get here?"
2261,3819,1,10,53,64,1.1875,0.053983205795288855,672,"Boy, I wish they went extinct"
2031,3819,1,10,53,64,1.1875,0.053983205795288855,672,Please use your trunk to swipe left!
3592,3974,1,10,54,65,1.1846153846153846,0.053224432704223244,672,"To be honest, it really fucking hurts, Tim."
3170,3974,1,10,54,65,1.1846153846153846,0.053224432704223244,672,"I did warn you, that’s what a day with the Wilsons will do to you."
3340,3974,2,8,55,65,1.1846153846153846,0.05756395979652216,672,"There will come a day when they follow you around virtually, but for now this is how it's going to be."
3354,3974,1,10,54,65,1.1846153846153846,0.053224432704223244,672,The doctor said if i continue with the medication it should be cleared up in a week or so
3660,3974,0,12,53,65,1.1846153846153846,0.048498154665071104,672,I've had this nagging feeling that some little punk put a hit on me.
4616,3974,0,12,53,65,1.1846153846153846,0.048498154665071104,672,Climate change? Next thing they'll say is we're going to become extinct and our pets will rule the world
3772,3974,0,12,53,65,1.1846153846153846,0.048498154665071104,672,"I didn't used to believe in acupuncture, but it is doing wonders for my back pain."
3936,3974,2,8,55,65,1.1846153846153846,0.05756395979652216,672,"The Doctor says it's a case of ""congressional crabs""! But I swear"
5054,3974,1,10,54,65,1.1846153846153846,0.053224432704223244,672,"``Lindsey, don't they know we don't have backbones?''"
5021,3974,1,10,54,65,1.1846153846153846,0.053224432704223244,672,It is a symbiotic relationship. They find my parasites crunchy.
3071,3974,0,12,53,65,1.1846153846153846,0.048498154665071104,672,"Watching my life fall apart, slowly but surely."
5561,3974,2,8,55,65,1.1846153846153846,0.05756395979652216,672,"If they can scratch my back, they can also scratch yours."
3004,3974,1,10,54,65,1.1846153846153846,0.053224432704223244,672,They're mining for something or other.  We've agreed to split the profits.
608,3974,1,10,54,65,1.1846153846153846,0.053224432704223244,672,"So how many millennia do you figure before ""OFF"" gets invented?"
2576,3974,1,10,54,65,1.1846153846153846,0.053224432704223244,672,"When it comes to back scratchers, nothing scratches a mastodon's  back better than these."
2174,3974,1,10,54,65,1.1846153846153846,0.053224432704223244,672,A friend recommended it for my arthritis.
2106,3974,1,10,54,65,1.1846153846153846,0.053224432704223244,672,They're my groomers.
1955,3974,1,10,54,65,1.1846153846153846,0.053224432704223244,672,"They like to make threatening noises, but they're best at combing out the fleas."
1812,3974,2,8,55,65,1.1846153846153846,0.05756395979652216,672,Please hose me off.
1335,3974,0,12,53,65,1.1846153846153846,0.048498154665071104,672,I'll admit that my homeopathic remedy is somewhat primitive.
1142,3974,1,10,54,65,1.1846153846153846,0.053224432704223244,672,It's symbiotic.
433,3974,2,8,55,65,1.1846153846153846,0.05756395979652216,672,They'll go the way of the buffalo.
350,3974,0,12,53,65,1.1846153846153846,0.048498154665071104,672,Our babies first podcast
2703,3974,0,12,53,65,1.1846153846153846,0.048498154665071104,672,Great back scratchers!  And they're free!!!
5502,3998,0,12,54,66,1.1818181818181819,0.047839528325837946,672,Scratch my back and I'll scratch yours.
5269,3999,2,7,52,61,1.180327868852459,0.05963548986123849,672,These parasites are killing me.
1774,4000,1,10,56,67,1.1791044776119404,0.051768249597247296,672,This was the 24 hour flea control plan.
3654,4001,2,7,53,62,1.1774193548387097,0.058737796974655074,672,Who are these guys?
4008,4001,1,9,52,62,1.1774193548387097,0.054049126391304346,672,"I would have preferred fleas, myself."
3826,4001,4,3,55,62,1.1774193548387097,0.06713993039154131,672,Why don’t you paint a picture? It’ll last longer.
3964,4001,3,5,54,62,1.1774193548387097,0.063078915044636,672,"It's the summer camp class for baby cave men.


Susan Elwood. Monterey CA"
3605,4001,1,9,52,62,1.1774193548387097,0.054049126391304346,672,"I'm trying to go organic, can you pick them off?"
3667,4001,3,5,54,62,1.1774193548387097,0.063078915044636,672,"So, tell me how did you got rid of your fleas?"
3554,4001,1,9,52,62,1.1774193548387097,0.054049126391304346,672,"My back used to itch a lot, so I don't ask."
3176,4001,0,11,51,62,1.1774193548387097,0.04891305893000953,672,Pin therapy
3349,4001,1,9,52,62,1.1774193548387097,0.054049126391304346,672,How was I supposed to know what a “Mammoth Accupuncture Sale”was?
3188,4001,1,9,52,62,1.1774193548387097,0.054049126391304346,672,It’s new!  It’s called acupuncture
4082,4001,0,11,51,62,1.1774193548387097,0.04891305893000953,672,"He said it's called ""acupuncture"" and will help relieve my anxiety, but... I don't think that's right."
3080,4001,2,7,53,62,1.1774193548387097,0.058737796974655074,672,"Hi. My name's Gulliver, what's yours."
3036,4001,0,11,51,62,1.1774193548387097,0.04891305893000953,672,It's better than cryotherapy
3027,4001,2,7,53,62,1.1774193548387097,0.058737796974655074,672,The monkey-on-my-back problem has evolved
3546,4001,2,7,53,62,1.1774193548387097,0.058737796974655074,672,I can't do anything about them; they are an endangered species.
4158,4001,4,3,55,62,1.1774193548387097,0.06713993039154131,672,I'm  training them to scratch that itch up there.
4617,4001,2,7,53,62,1.1774193548387097,0.058737796974655074,672,"On the contrary, Janet, I finally understand what the bears are doing with those trees."
4354,4001,1,9,52,62,1.1774193548387097,0.054049126391304346,672,"I told them you and I will soon be extinct, but these pesky hunter-gatherers STILL won't give farming a shot!"
5582,4001,1,9,52,62,1.1774193548387097,0.054049126391304346,672,"Lilli put them on my big end, Ian."
5566,4001,1,9,52,62,1.1774193548387097,0.054049126391304346,672,The whole thing is a witch hunt.
5517,4001,1,9,52,62,1.1774193548387097,0.054049126391304346,672,"HONEY, COULD YOU SCRATCH MY BACK. PLEASE?"
5355,4001,3,5,54,62,1.1774193548387097,0.063078915044636,672,Work on the street is they are on the endangered species list.
5289,4001,2,7,53,62,1.1774193548387097,0.058737796974655074,672,They work for my dermatologist.  I wanted to get some Botox and filler before the social season starts.
5088,4001,2,7,53,62,1.1774193548387097,0.058737796974655074,672,"If we stab all his fleas, he’ll Uber us !"
4260,4001,1,9,52,62,1.1774193548387097,0.054049126391304346,672,They came with my new cave.
4985,4001,2,7,53,62,1.1774193548387097,0.058737796974655074,672,"I getting tired of dung for breakfast, lunch and dinner.  Let's branch out and share these little backstabbers as appetizers for starts."
4678,4001,1,9,52,62,1.1774193548387097,0.054049126391304346,672,"Keep this up, and  they'll be extinct before we are!"
4668,4001,1,9,52,62,1.1774193548387097,0.054049126391304346,672,This weekly grooming really helps with my unmanageable coat.
2869,4001,2,7,53,62,1.1774193548387097,0.058737796974655074,672,Do you know anything about pest control? I have a bad case of cavemen.
4442,4001,1,9,52,62,1.1774193548387097,0.054049126391304346,672,"I think this was a bad idea. They're trying to kill me, aren't they?"
4393,4001,0,11,51,62,1.1774193548387097,0.04891305893000953,672,I forgot to spray on 'OFF' this morning
4381,4001,2,7,53,62,1.1774193548387097,0.058737796974655074,672,It's a synergestic relationship. It keeps them amused. And it keeps the flies off my back.
4830,4001,1,9,52,62,1.1774193548387097,0.054049126391304346,672,It’s a cost effective alternative for my chronic lower back pain.
2835,4001,2,7,53,62,1.1774193548387097,0.058737796974655074,672,We got this one
5296,4001,0,11,51,62,1.1774193548387097,0.04891305893000953,672,Daughter swears she’ll have them cave broken by the fall.
2755,4001,3,5,54,62,1.1774193548387097,0.063078915044636,672,"They sort of like mosquitoes
You have to learn to ignore them."
758,4001,0,11,51,62,1.1774193548387097,0.04891305893000953,672,You know? I think the acupuncture is working!
677,4001,1,9,52,62,1.1774193548387097,0.054049126391304346,672,"Honest honey, I must have gotten them off a toilet seat."
635,4001,2,7,53,62,1.1774193548387097,0.058737796974655074,672,I'm hoping that the next ice age will wipe them out.
617,4001,0,11,51,62,1.1774193548387097,0.04891305893000953,672,I can’t wait to be extinct!
561,4001,2,7,53,62,1.1774193548387097,0.058737796974655074,672,"It’s not scabbies, it’s caveies."
375,4001,1,9,52,62,1.1774193548387097,0.054049126391304346,672,We'll Photoshop them out of the cave mural.
1025,4001,2,7,53,62,1.1774193548387097,0.058737796974655074,672,"I'm Shake-spear, the rider."
362,4001,3,5,54,62,1.1774193548387097,0.063078915044636,672,"I'm telling you, Carl, you HAVE to try microdermabrasion"
196,4001,1,9,52,62,1.1774193548387097,0.054049126391304346,672,"Where did these people grow up, in a cave?!"
159,4001,0,11,51,62,1.1774193548387097,0.04891305893000953,672,At least they haven't discovered electricity yet.
79,4001,0,11,51,62,1.1774193548387097,0.04891305893000953,672,This Paleolithic blowout is to die for!
4,4001,3,5,54,62,1.1774193548387097,0.063078915044636,672,"'This is the last time I host a flash mob!"""
0,4001,3,5,54,62,1.1774193548387097,0.063078915044636,672, 
2814,4001,1,9,52,62,1.1774193548387097,0.054049126391304346,672,The doctor said 10 days' worth of penicillin should clear it up.
207,4001,3,5,54,62,1.1774193548387097,0.063078915044636,672,Have you seen my bug spray?
1065,4001,1,9,52,62,1.1774193548387097,0.054049126391304346,672,I am *big.* It's the *neanderthals* that got small.
843,4001,2,7,53,62,1.1774193548387097,0.058737796974655074,672,Better than ticks.
1182,4001,0,11,51,62,1.1774193548387097,0.04891305893000953,672,They’ll outlast us all.
2462,4001,2,7,53,62,1.1774193548387097,0.058737796974655074,672,Aren’t they cute?They’re neandersmalls.
2375,4001,0,11,51,62,1.1774193548387097,0.04891305893000953,672,"They're futurists, searching for something called petroleum"
2285,4001,2,7,53,62,1.1774193548387097,0.058737796974655074,672,Don't forget your bug spray - they're swarming out there today!
2274,4001,3,5,54,62,1.1774193548387097,0.063078915044636,672,It helps with my lower back tension.
2272,4001,2,7,53,62,1.1774193548387097,0.058737796974655074,672,These humans are great for perspective.  It’s what I’ve been telling you.  We’re out just elephants.  We’re mammoth elephants!
1072,4001,0,11,51,62,1.1774193548387097,0.04891305893000953,672,I sent them back to where they came from.
2180,4001,0,11,51,62,1.1774193548387097,0.04891305893000953,672,"It's the dawn of feminism, they're going to do it all by themselves!"
2217,4001,0,11,51,62,1.1774193548387097,0.04891305893000953,672,Even with a conductor they can’t achieve
1884,4001,0,11,51,62,1.1774193548387097,0.04891305893000953,672,Evidently this variety is treatment resistant.
1837,4001,0,11,51,62,1.1774193548387097,0.04891305893000953,672,"The lice we’re getting outta control, so I hired these guys- they may have an opening after mine, want me to check?"
1784,4001,0,11,51,62,1.1774193548387097,0.04891305893000953,672,Great for back combing
1749,4001,0,11,51,62,1.1774193548387097,0.04891305893000953,672,Do we have that shampoo for mandruff?
1739,4001,0,11,51,62,1.1774193548387097,0.04891305893000953,672,I feel like I have a monkey on my back.
1451,4001,1,9,52,62,1.1774193548387097,0.054049126391304346,672,"Eh, I outgrew them."
2057,4001,2,7,53,62,1.1774193548387097,0.058737796974655074,672,It amuses me to consider how confused these beings are concerning the retavity of territoriality.
2742,4070,1,10,57,68,1.1764705882352942,0.051069236647683494,672,"On branded content: ""Petco has collars to deal with those nasty critters."""
2042,4071,2,7,54,63,1.1746031746031746,0.057866499516996066,672,Extinction schmextinction. I''ll beat them with my new Iceagexit plan.
5363,4071,1,9,53,63,1.1746031746031746,0.053258792666124335,672,"Trust me, you don’t want to see where they’re doing their cave paintings."
3494,4071,1,9,53,63,1.1746031746031746,0.053258792666124335,672,They seem a lot more harmless than saber tooth tigers for acupuncture therapy
1575,4071,0,11,52,63,1.1746031746031746,0.04821271851032602,672,I have monkeys on my back!
1318,4071,3,5,55,63,1.1746031746031746,0.06213344136974703,672,Global warning.
1172,4071,0,11,52,63,1.1746031746031746,0.04821271851032602,672,They are discovering acupuncture
4064,4071,2,7,54,63,1.1746031746031746,0.057866499516996066,672,You warned me if I trunked Sharon I'd get humans.
3075,4078,1,10,58,69,1.173913043478261,0.050388608077731906,672,They're called Demi-crats
509,4079,0,10,48,58,1.1724137931034482,0.050032844835173236,672,The guy at the store said that they were the ultimate in back scratchers....
3751,4079,1,8,49,58,1.1724137931034482,0.05575164786673556,672,"It usually goes away on its own.  If not, I get the lava cleanse."
4483,4081,0,11,53,64,1.171875,0.04753177456453702,672,Acupuncture. They said it would relieve my back pain
1831,4082,1,10,59,70,1.1714285714285715,0.0497256596779289,672,Who knows. It's probably one of those community efforts that usually go nowhere.
3312,4083,0,10,50,60,1.1666666666666667,0.04851854247829848,672,"Yes, Dear, I know. The match trick is an old wives’ tale."
3523,4083,0,10,50,60,1.1666666666666667,0.04851854247829848,672,"Strangely enough, I’ve forgotten why they do this."
3525,4083,0,10,50,60,1.1666666666666667,0.04851854247829848,672,"For some reason, I've got stabbing pains in my back!"
3539,4083,1,8,51,60,1.1666666666666667,0.05402796234942498,672,Goat massage is just too weird for me.
3552,4083,3,4,53,60,1.1666666666666667,0.06363147191803552,672,You oughta hear their mission statement.
3706,4083,0,10,50,60,1.1666666666666667,0.04851854247829848,672,They can scratch your back too if you'll let them.
3676,4083,0,10,50,60,1.1666666666666667,0.04851854247829848,672,These acupunture treatments have really helped my shoulders and back!
3286,4083,0,10,50,60,1.1666666666666667,0.04851854247829848,672,My doctor referred me to a tribe of acupuncturists.
3737,4083,1,8,51,60,1.1666666666666667,0.05402796234942498,672,"I don't know what it is, I keep getting a prickly sensation up and down my back."
3969,4083,1,8,51,60,1.1666666666666667,0.05402796234942498,672,I thought the Ice Age would take care of these annoying little parasites.
3982,4083,0,10,50,60,1.1666666666666667,0.04851854247829848,672,May I use your Cro-Magnon spray?  My back is really itchy.
3991,4083,0,10,50,60,1.1666666666666667,0.04851854247829848,672,"Be happy you don't have these creatures keeping you awake half the night, playing their loud music and partying like it's 1999."
3671,4083,2,6,52,60,1.1666666666666667,0.059025354442335316,672,Grooming sure ain't what it used to be.
3201,4083,2,6,52,60,1.1666666666666667,0.059025354442335316,672,Just a bit of manscaping before the big stampede.
3145,4083,0,10,50,60,1.1666666666666667,0.04851854247829848,672,I'm telling you. Cupping is SO Cretaceous.
3183,4083,0,10,50,60,1.1666666666666667,0.04851854247829848,672,Future generations will think having a monkey on your back is a big deal
3149,4083,3,4,53,60,1.1666666666666667,0.06363147191803552,672,"Sheila, what have I told you about these Neanderthals you keep bringing home? They're only after one thing... Or several, I guess, if you count tusks, bone, pelt..."
3992,4083,0,10,50,60,1.1666666666666667,0.04851854247829848,672,"""My  acupuncturist  does  house  calls !"""
3137,4083,1,8,51,60,1.1666666666666667,0.05402796234942498,672,I think they truly believe we are doomed. Unbelievable.
3120,4083,1,8,51,60,1.1666666666666667,0.05402796234942498,672,They're looking for white walkers; have you seen any?
3114,4083,0,10,50,60,1.1666666666666667,0.04851854247829848,672,I have to get more of that powder. The itch is really annoying.
3096,4083,0,10,50,60,1.1666666666666667,0.04851854247829848,672,SCARES OFF ALL POACHERS!
3094,4083,0,10,50,60,1.1666666666666667,0.04851854247829848,672,Do you recommend any good flea medications?
2993,4083,2,6,52,60,1.1666666666666667,0.059025354442335316,672,I find they’re very good at reaching those hard-to-get itches...
2940,4083,1,8,51,60,1.1666666666666667,0.05402796234942498,672,"My doctor said if this doesn’t work, surgery it is."
2892,4083,0,10,50,60,1.1666666666666667,0.04851854247829848,672,"Actually, they kill a lot of fleas."
2875,4083,0,10,50,60,1.1666666666666667,0.04851854247829848,672,They’re flea hunters.
2829,4083,0,10,50,60,1.1666666666666667,0.04851854247829848,672,I did check the bed big registry.
2811,4083,0,10,50,60,1.1666666666666667,0.04851854247829848,672,"I know you said not to spend any money but they are just so cute, I had to have them."
3192,4083,1,8,51,60,1.1666666666666667,0.05402796234942498,672,"I think I'll name it ""acupuncture."""
4045,4083,0,10,50,60,1.1666666666666667,0.04851854247829848,672,Those self-help cave etching are creating unrealistic expectations.
5113,4083,2,6,52,60,1.1666666666666667,0.059025354442335316,672,I just think if them as dry-land  wrasse-cals
4170,4083,0,10,50,60,1.1666666666666667,0.04851854247829848,672,My barber said that I have a severe case of mandruff !
2799,4083,2,6,52,60,1.1666666666666667,0.059025354442335316,672,They're perfect for those hard to reach itches.
5413,4083,2,6,52,60,1.1666666666666667,0.059025354442335316,672,Ever have that ONE spot you just can't reach with your trunk?
5396,4083,0,10,50,60,1.1666666666666667,0.04851854247829848,672,If you lie down in caves you'll wake up with humans.
5328,4083,0,10,50,60,1.1666666666666667,0.04851854247829848,672,I sure hope this acupuncture works.
5295,4083,2,6,52,60,1.1666666666666667,0.059025354442335316,672,"Maybe we're doomed, but I see a bright future for acupuncture"
5225,4083,1,8,51,60,1.1666666666666667,0.05402796234942498,672,I thought this flea circus war enactment was going to be on your turf ?
5214,4083,1,8,51,60,1.1666666666666667,0.05402796234942498,672,Just can't seem to get rid of this dandruff.
5584,4083,1,8,51,60,1.1666666666666667,0.05402796234942498,672,I hope I’m not allergic to cavemen.
5190,4083,1,8,51,60,1.1666666666666667,0.05402796234942498,672,I'm rethinking my choice of death by a thousand pokes over saber toothed tiger.
5073,4083,1,8,51,60,1.1666666666666667,0.05402796234942498,672,I'm done picking up hitchhikers
5042,4083,1,8,51,60,1.1666666666666667,0.05402796234942498,672,Word has it they'll soon be extinct.
5031,4083,2,6,52,60,1.1666666666666667,0.059025354442335316,672,I still can’t believe acupuncture is covered by my insurance
5008,4083,2,6,52,60,1.1666666666666667,0.059025354442335316,672,"Did Walt Disney leave me a message?  It's snowing, I'm white, and it's about time he took his dwarfs back."
5004,4083,1,8,51,60,1.1666666666666667,0.05402796234942498,672,They’re saying I’ve become a training camp for evolutionaries
4077,4083,0,10,50,60,1.1666666666666667,0.04851854247829848,672,Stand over here if you want to be in the picture
4916,4083,1,8,51,60,1.1666666666666667,0.05402796234942498,672,"Harmless? OMG! We're screwed! The saber tooth tiger had ""just an infestation""."
4809,4083,2,6,52,60,1.1666666666666667,0.059025354442335316,672,"Thank you for taking the time to see me, doctor."
4793,4083,0,10,50,60,1.1666666666666667,0.04851854247829848,672,Its the latest in acupuncture therapy!
4789,4083,1,8,51,60,1.1666666666666667,0.05402796234942498,672,"They're cute, but they make me itch."
4774,4083,1,8,51,60,1.1666666666666667,0.05402796234942498,672,They itch but the vet says it should clear up before we’re extinct.
4649,4083,0,10,50,60,1.1666666666666667,0.04851854247829848,672,The annual infestation.
4624,4083,0,10,50,60,1.1666666666666667,0.04851854247829848,672,And I thought the war zone in my BRAIN was bad!
4577,4083,0,10,50,60,1.1666666666666667,0.04851854247829848,672,"Yoga helps, but I prefer acupuncture."
4561,4083,1,8,51,60,1.1666666666666667,0.05402796234942498,672,It started with just one guy - Dan Druff
4524,4083,1,8,51,60,1.1666666666666667,0.05402796234942498,672,After making America great again... they couldn't resist but make the GOP mammoth again too.
4495,4083,1,8,51,60,1.1666666666666667,0.05402796234942498,672,You have any remedies for back pain?
4433,4083,1,8,51,60,1.1666666666666667,0.05402796234942498,672,Can you please just check your app for a well rated exterminator?
4251,4083,0,10,50,60,1.1666666666666667,0.04851854247829848,672,I'm in a preclinical test for acupuncture
4225,4083,1,8,51,60,1.1666666666666667,0.05402796234942498,672,Time to get out the hunter spray.
4214,4083,2,6,52,60,1.1666666666666667,0.059025354442335316,672,I'll give you mine.
4888,4083,0,10,50,60,1.1666666666666667,0.04851854247829848,672,"Yeah, they're from the Gnat tribe."
2797,4083,1,8,51,60,1.1666666666666667,0.05402796234942498,672,The school nurse sent me home. She says they’re highly contagious.
5201,4083,1,8,51,60,1.1666666666666667,0.05402796234942498,672,Ooooo that’s the spot
2737,4083,1,8,51,60,1.1666666666666667,0.05402796234942498,672,Lemme guess... been to your acupuncturist?
1379,4083,1,8,51,60,1.1666666666666667,0.05402796234942498,672,"Red Rover, Red Rover, let Tiny come over."
1377,4083,2,6,52,60,1.1666666666666667,0.059025354442335316,672,The Chinese swear by it
1359,4083,0,10,50,60,1.1666666666666667,0.04851854247829848,672,"They itch a bit, but they'll be gone
when the snow flies."
1275,4083,1,8,51,60,1.1666666666666667,0.05402796234942498,672,Damn squatters.
1121,4083,1,8,51,60,1.1666666666666667,0.05402796234942498,672,Not the extinction event I had in mind.
1078,4083,0,10,50,60,1.1666666666666667,0.04851854247829848,672,"I know, but my back has been soooo itch lately."
963,4083,0,10,50,60,1.1666666666666667,0.04851854247829848,672,"They're fun to be with, but eventually I'll have to eat them"
940,4083,2,6,52,60,1.1666666666666667,0.059025354442335316,672,Give them a few millenia. They'll figure it out.
900,4083,0,10,50,60,1.1666666666666667,0.04851854247829848,672,They keep the rodents out of my fur . . . and they tickle.
893,4083,0,10,50,60,1.1666666666666667,0.04851854247829848,672,Damn fleas.
874,4083,1,8,51,60,1.1666666666666667,0.05402796234942498,672,Seeing you again makes me tingle all over.
842,4083,0,10,50,60,1.1666666666666667,0.04851854247829848,672,What if we called it acupuncture?  I think that has a nice ring it.
837,4083,1,8,51,60,1.1666666666666667,0.05402796234942498,672,Doc says it’s not meningitis.
801,4083,1,8,51,60,1.1666666666666667,0.05402796234942498,672,I think my fleas are evolving.
1432,4083,2,6,52,60,1.1666666666666667,0.059025354442335316,672,Where’d you put the off?
791,4083,1,8,51,60,1.1666666666666667,0.05402796234942498,672,"Oh, I’m not really bothered. They should be easy to get rid of."
658,4083,1,8,51,60,1.1666666666666667,0.05402796234942498,672,Haven’t had a single flea since I got em !
613,4083,1,8,51,60,1.1666666666666667,0.05402796234942498,672,I made clear that a little hunting here and there is OK as long as they promise to stay away from fossil fuels.
590,4083,1,8,51,60,1.1666666666666667,0.05402796234942498,672,"Honey, you know me and the guys play poker on Wednesdays."
522,4083,0,10,50,60,1.1666666666666667,0.04851854247829848,672,It's something called 'acupuncture'.
518,4083,0,10,50,60,1.1666666666666667,0.04851854247829848,672,It's just for the cave painting.
464,4083,0,10,50,60,1.1666666666666667,0.04851854247829848,672,"Look fellas, we gotta find the 'spot' and prove to the ladies that size doesn't matter."
443,4083,1,8,51,60,1.1666666666666667,0.05402796234942498,672,"Humans are so stupid!..... Just because I am large and white, they think I am a walking Kilimanjaro."
369,4083,1,8,51,60,1.1666666666666667,0.05402796234942498,672,I've tried just about everything but these things have a knack for survival.
346,4083,0,10,50,60,1.1666666666666667,0.04851854247829848,672,"Relax, they hunt like gatherers.”"
181,4083,1,8,51,60,1.1666666666666667,0.05402796234942498,672,Medical treatment has really come a long way since the Paleolithic Era.
133,4083,2,6,52,60,1.1666666666666667,0.059025354442335316,672,"They want me for what's inside. Unlike you, Doug."
122,4083,1,8,51,60,1.1666666666666667,0.05402796234942498,672,"You should give acupuncture a try. It's a mammoth relief."""
117,4083,0,10,50,60,1.1666666666666667,0.04851854247829848,672,Can you get me my man-collar!
89,4083,0,10,50,60,1.1666666666666667,0.04851854247829848,672,"Let’s reframe the situation, and call it “Uber”."
761,4083,1,8,51,60,1.1666666666666667,0.05402796234942498,672,Would rolling over be obnoxious?
1433,4083,1,8,51,60,1.1666666666666667,0.05402796234942498,672,Don’t worry. It’s just my weekly acupuncture session
2782,4083,0,10,50,60,1.1666666666666667,0.04851854247829848,672,Where did we put that prescription shampoo?
1507,4083,0,10,50,60,1.1666666666666667,0.04851854247829848,672,They don't really bother me. They'll be extinct soon enough.
2665,4083,1,8,51,60,1.1666666666666667,0.05402796234942498,672,I didn't believe in acupuncture either.
2631,4083,1,8,51,60,1.1666666666666667,0.05402796234942498,672,"What do you think I’m allergic to, Doc?"
1505,4083,0,10,50,60,1.1666666666666667,0.04851854247829848,672,I think I have a flea problem.
2534,4083,1,8,51,60,1.1666666666666667,0.05402796234942498,672,I have some bad news.
2532,4083,0,10,50,60,1.1666666666666667,0.04851854247829848,672,"I shampooed, rinsed and repeated twice. Obviously it did not help."
2514,4083,1,8,51,60,1.1666666666666667,0.05402796234942498,672,Are there studies on the long-term effects of acupuncture?”
2411,4083,2,6,52,60,1.1666666666666667,0.059025354442335316,672,This is the Mammoth.Competition we have every year. The winners go to the Nationals.
2367,4083,1,8,51,60,1.1666666666666667,0.05402796234942498,672,I think I have shingles.
2337,4083,1,8,51,60,1.1666666666666667,0.05402796234942498,672,We should change our name to “Mammoth”
2334,4083,1,8,51,60,1.1666666666666667,0.05402796234942498,672,It does wonders for my sore back!
2316,4083,1,8,51,60,1.1666666666666667,0.05402796234942498,672,"I call it, "" Caveman-puncture"""
2263,4083,1,8,51,60,1.1666666666666667,0.05402796234942498,672,"These are the new animals that have the advanced brains, right? Based on how their attack is going, I don't think they are as smart as everyone says!"
2247,4083,2,6,52,60,1.1666666666666667,0.059025354442335316,672,"They may be simple cavemen, but they are still reluctant to talk about the elephant in the room."
2712,4083,1,8,51,60,1.1666666666666667,0.05402796234942498,672,They get way more ticks than the men.
2193,4083,1,8,51,60,1.1666666666666667,0.05402796234942498,672,It's called acupuncture. It's all the rage in what's going to be China.
2141,4083,1,8,51,60,1.1666666666666667,0.05402796234942498,672,"Baaby Baaby, they’re rehearsing the opening scene at the Music Box."
2117,4083,0,10,50,60,1.1666666666666667,0.04851854247829848,672,At least my mom is still alive.
2044,4083,1,8,51,60,1.1666666666666667,0.05402796234942498,672,"Grab the bug spray, would ya?"
2030,4083,1,8,51,60,1.1666666666666667,0.05402796234942498,672,They seem harmless unless they eventually discover more sophisticated weapons.
2024,4083,2,6,52,60,1.1666666666666667,0.059025354442335316,672,So adorbs when they're hunting!
2023,4083,2,6,52,60,1.1666666666666667,0.059025354442335316,672,I think it's called acupuncture.
1962,4083,2,6,52,60,1.1666666666666667,0.059025354442335316,672,And then I find out they're more valuable if kept in the original packaging.
1865,4083,4,2,54,60,1.1666666666666667,0.0679259594696179,672,"It doesn't really hurt, but it does itch."
1830,4083,1,8,51,60,1.1666666666666667,0.05402796234942498,672,At least thy're white.
1634,4083,0,10,50,60,1.1666666666666667,0.04851854247829848,672,They're calling it the paleo diet.
1599,4083,2,6,52,60,1.1666666666666667,0.059025354442335316,672,Do these guys make my butt look big?
1583,4083,1,8,51,60,1.1666666666666667,0.05402796234942498,672,"Well, that's it. I'm only giving this Cave-man, 3 month supply, treatment one star on Amazon!"
1572,4083,0,10,50,60,1.1666666666666667,0.04851854247829848,672,"Don't worry, my doctor says I'm no longer contagious."
2150,4083,1,8,51,60,1.1666666666666667,0.05402796234942498,672,I love the back scratching and body work but the unhappy ending is not so much fun
2717,4083,0,10,50,60,1.1666666666666667,0.04851854247829848,672,It helps with the itch
4590,4214,0,10,51,61,1.1639344262295082,0.04779468766266639,672,The white elephant’s burden
514,4215,1,8,53,62,1.1612903225806452,0.05240664126018632,672,"To get that itch, it's better than rubbing against the cave wall."
1076,4215,0,10,52,62,1.1612903225806452,0.047091775485760316,672,I feel like I'm carrying more weight than usual. I'm thinking of starting that paleo diet.
2845,4217,0,9,47,56,1.1607142857142858,0.04952230059306297,672,They'll go away as soon as I find the flea & tick spray.
2857,4217,1,7,48,56,1.1607142857142858,0.055693885709118325,672,Looks like that Frontline resistance is getting worse.
3374,4217,2,5,49,56,1.1607142857142858,0.06124671056253539,672,"Woolly ,The tribe is to up in arms for the next inning"
3807,4217,0,9,47,56,1.1607142857142858,0.04952230059306297,672,"Yes, I love my Scratch-O-Matic!"
4121,4217,0,9,47,56,1.1607142857142858,0.04952230059306297,672,The bugs are really going at it today.
5087,4217,0,9,47,56,1.1607142857142858,0.04952230059306297,672,They forgot to put on my pick collar.
3067,4223,0,10,53,63,1.1587301587301588,0.04640892840955829,672,Do you know any good pest control company?
3317,4223,2,6,55,63,1.1587301587301588,0.05637245937794518,672,How do you get rid of fleas?
2629,4223,0,10,53,63,1.1587301587301588,0.04640892840955829,672,It's part of my new twelve-step fur regimen.
4057,4226,1,7,49,57,1.1578947368421053,0.054780684196477185,672,Have you seen my toy Neanderthals?
3033,4226,0,9,48,57,1.1578947368421053,0.04872737367223956,672,Please scratch my back.
3174,4226,1,7,49,57,1.1578947368421053,0.054780684196477185,672,The mosquitoes are bitting bad today!
3295,4226,1,7,49,57,1.1578947368421053,0.054780684196477185,672,The bride's family is having a pre-wedding tasting event.
3381,4226,0,9,48,57,1.1578947368421053,0.04872737367223956,672,"At first they were annoying, but they're swell at getting those hard-to-reach itches."
3532,4226,0,9,48,57,1.1578947368421053,0.04872737367223956,672,"You know, I do feel a lot better after the acupuncture."
3694,4226,0,9,48,57,1.1578947368421053,0.04872737367223956,672,"You scratch my back, I’ll scratch yours."
3932,4226,2,5,50,57,1.1578947368421053,0.06022864581803467,672,They only like clean heads. Really.
4005,4226,1,7,49,57,1.1578947368421053,0.054780684196477185,672,"They're not hunters, they're environmental activists. Apparently my ""toxic emissions"" flowed a little too close to their community."
4106,4226,0,9,48,57,1.1578947368421053,0.04872737367223956,672,I need to get this off my back.
2934,4226,0,9,48,57,1.1578947368421053,0.04872737367223956,672,S’okay ... they’re digging out the lice.
4395,4226,1,7,49,57,1.1578947368421053,0.054780684196477185,672,They need to tire themselves out before nap time.
4493,4226,1,7,49,57,1.1578947368421053,0.054780684196477185,672,They want to see the cave paintings you modeled for.
4714,4226,2,5,50,57,1.1578947368421053,0.06022864581803467,672,The doctor gave me a special comb to get rid of them.
4740,4226,1,7,49,57,1.1578947368421053,0.054780684196477185,672,Where did I leave my flea collar? I'm worried about getting Lyme disease.
5447,4226,0,9,48,57,1.1578947368421053,0.04872737367223956,672,"I can’t seem to get rid of them, so I just switched to forehead and broader shoulders shampoo. Hopefully it’ll work..."
4857,4226,0,9,48,57,1.1578947368421053,0.04872737367223956,672,“I’m trying out this new App for acupuncture.”
4951,4226,3,3,51,57,1.1578947368421053,0.06522312621390028,672,"Yeah dude, I think I’m at the right level to appreciate the cool parts of Midsommar without really caring about, like, the plot holes. Well I’ll be tripping for like eight hours, so no rush"
5044,4226,0,9,48,57,1.1578947368421053,0.04872737367223956,672,"Well - I think they're adorable. Besides, what could go wrong?"
5149,4226,1,7,49,57,1.1578947368421053,0.054780684196477185,672,"A sad, lingering  adolescent dream: ""We're both horney, and I dig your curves...but right now I have a back problem ."""
5221,4226,0,9,48,57,1.1578947368421053,0.04872737367223956,672,"Yes, I do believe in global manning"
4317,4226,2,5,50,57,1.1578947368421053,0.06022864581803467,672,"Next time I get itchy, I'll just rub against a tree."
4799,4226,0,9,48,57,1.1578947368421053,0.04872737367223956,672,"I told them I'm a mamouth, not a mountain!"
4581,4226,3,3,51,57,1.1578947368421053,0.06522312621390028,672,They say this is an effective prevention for Glacial Lyme Disease.
2405,4226,0,9,48,57,1.1578947368421053,0.04872737367223956,672,"It's called acupuncture , it relieves my back pain. You should try it sometime..."
2668,4226,0,9,48,57,1.1578947368421053,0.04872737367223956,672,My acupuncturist recommended them
203,4226,2,5,50,57,1.1578947368421053,0.06022864581803467,672,The hunter-gatherers youth camp started today.
241,4226,1,7,49,57,1.1578947368421053,0.054780684196477185,672,"Let them be, we will both be extinct before you know it."
295,4226,1,7,49,57,1.1578947368421053,0.054780684196477185,672,The acupuncture seems to be helping...
342,4226,1,7,49,57,1.1578947368421053,0.054780684196477185,672,so annoying!
441,4226,1,7,49,57,1.1578947368421053,0.054780684196477185,672,I've been working on this global warming issue for months and I can't seem to get the homo-erectus off my back!
468,4226,0,9,48,57,1.1578947368421053,0.04872737367223956,672,"Okay, it’s voodoo, but it cured my sciatica."
565,4226,1,7,49,57,1.1578947368421053,0.054780684196477185,672,"""Just another day of Dems spearing themselves in the foot."""
649,4226,0,9,48,57,1.1578947368421053,0.04872737367223956,672,"I keep telling them, 'I'm going to be re-elected.'"
667,4226,1,7,49,57,1.1578947368421053,0.054780684196477185,672,I just rescued them from a cave-in
266,4226,1,7,49,57,1.1578947368421053,0.054780684196477185,672,I guess when you lie down with aardvarks you get up with cavemen. I thought I owed it to you to share that I caught these from you. You're my aardvark. Do you know how many cave visits I have to make now?  Burp! I'm Willy the Embarrassed Mammoth.
810,4226,1,7,49,57,1.1578947368421053,0.054780684196477185,672,Be a dear and flick them off with your tusks.
2269,4226,2,5,50,57,1.1578947368421053,0.06022864581803467,672,"I don't know how ""chi"" works, I just know my sinuses have never felt better."
1210,4226,0,9,48,57,1.1578947368421053,0.04872737367223956,672,"Thanks to acupuncture, I've never felt less extinct."
1233,4226,1,7,49,57,1.1578947368421053,0.054780684196477185,672,Our fleas are a delicacy so it’s win win.
1607,4226,2,5,50,57,1.1578947368421053,0.06022864581803467,672,I call it a back scratcher.
1834,4226,0,9,48,57,1.1578947368421053,0.04872737367223956,672,Donna said it's the latest in exfoliating spa treatments. I think she might be pulling the wool over my eyes.
2182,4226,1,7,49,57,1.1578947368421053,0.054780684196477185,672,It actually feels good. They know all the right spots to hit.
740,4226,2,5,50,57,1.1578947368421053,0.06022864581803467,672,"Yeah, they're a damn a nuisance; my only worry is that they will evolve to become a real threat!"
2220,4226,1,7,49,57,1.1578947368421053,0.054780684196477185,672,It’s called ‘acupuncture’. Supposed to make you live longer.
2251,4226,1,7,49,57,1.1578947368421053,0.054780684196477185,672,This new flea powder is not working
2371,4272,2,5,52,59,1.152542372881356,0.058290267645485117,672,I've got fleas.
1983,4273,1,7,52,60,1.15,0.05221100171960861,672,I dunno something about “climate change.”
2624,4273,0,9,51,60,1.15,0.046486739497974515,672,"I wouldn't worry, they said they're on there way out."
3686,4275,0,8,46,54,1.1481481481481481,0.04879689797371372,672,This feels like a situation better suited to a donkey.
4119,4275,1,6,47,54,1.1481481481481481,0.05549729066741694,672,And I thought the cave artists were a pain in the backside.
4080,4275,1,6,47,54,1.1481481481481481,0.05549729066741694,672,"Kevin, if this ain't the perfect example of ""You scratch my back, I'll scratch yours"" then I don't know what is. Help a brother out!"
4034,4275,0,8,46,54,1.1481481481481481,0.04879689797371372,672,The anti-dandruff treatment is working just fine
3917,4275,0,8,46,54,1.1481481481481481,0.04879689797371372,672,I'm an Ow-Brrr
3859,4275,0,8,46,54,1.1481481481481481,0.04879689797371372,672,It's called grooming.
3852,4275,0,8,46,54,1.1481481481481481,0.04879689797371372,672,Can I bum a spritz of your Off?
3820,4275,2,4,48,54,1.1481481481481481,0.06147162996855134,672,They give a good scratch and they eat the fleas too.
4152,4275,1,6,47,54,1.1481481481481481,0.05549729066741694,672,Doctor prescribed flea killers
3790,4275,0,8,46,54,1.1481481481481481,0.04879689797371372,672,"They are so annoying, but I just can't reach that spot myself."
3736,4275,2,4,48,54,1.1481481481481481,0.06147162996855134,672,Mind over Mastodon.
3733,4275,1,6,47,54,1.1481481481481481,0.05549729066741694,672,The powder is clearly not working. Do you think the new collars come in extra large?
3699,4275,1,6,47,54,1.1481481481481481,0.05549729066741694,672,They so love killing things and each other --- much more fun than the poodle.
4140,4275,1,6,47,54,1.1481481481481481,0.05549729066741694,672,"Look at that, not a smartphone in sight. Reallly takes you back."
3665,4275,1,6,47,54,1.1481481481481481,0.05549729066741694,672,"Martha, can you scratch my back and get rid of these itchy Pleistocene man bugs?"
3250,4275,1,6,47,54,1.1481481481481481,0.05549729066741694,672,These humanoid mosquitoes are such a nuisance !
3587,4275,1,6,47,54,1.1481481481481481,0.05549729066741694,672,Hannibel can kiss my grits!
2974,4275,1,6,47,54,1.1481481481481481,0.05549729066741694,672,I wish someone would invent a flea collar.
3060,4275,0,8,46,54,1.1481481481481481,0.04879689797371372,672,"Though I may sound nosey , size still counts..."
3175,4275,1,6,47,54,1.1481481481481481,0.05549729066741694,672,I told you it wasn't Mastodon Mange!
3197,4275,0,8,46,54,1.1481481481481481,0.04879689797371372,672,If this doesn't get rid of my back pain I don't know what will
4197,4275,1,6,47,54,1.1481481481481481,0.05549729066741694,672,We were just talking about extinction the other day.
3298,4275,0,8,46,54,1.1481481481481481,0.04879689797371372,672,I found the acupuncture place.
3620,4275,1,6,47,54,1.1481481481481481,0.05549729066741694,672,"Sure, but it's done wonders for those headaches."
3358,4275,0,8,46,54,1.1481481481481481,0.04879689797371372,672,What is it  about mammoth that they don't understand?
3425,4275,1,6,47,54,1.1481481481481481,0.05549729066741694,672,I'M NOT CALLED A MAMMOTH FOR NOTHING
3430,4275,2,4,48,54,1.1481481481481481,0.06147162996855134,672,"Yes, we are going to Rome for the weekend!"
3482,4275,1,6,47,54,1.1481481481481481,0.05549729066741694,672,Which flea product do you prefer?
3533,4275,0,8,46,54,1.1481481481481481,0.04879689797371372,672,"As long as it doesn't kill me, I'm fine with acupuncture."
3555,4275,1,6,47,54,1.1481481481481481,0.05549729066741694,672,I’m trying not to let the little things get me down.
3565,4275,0,8,46,54,1.1481481481481481,0.04879689797371372,672,Next thing you know they will be doing the moonwalk
3361,4275,2,4,48,54,1.1481481481481481,0.06147162996855134,672,"Yep, bad tick season!"
4208,4275,1,6,47,54,1.1481481481481481,0.05549729066741694,672,Now if only they would invent a toothbrush.
4855,4275,2,4,48,54,1.1481481481481481,0.06147162996855134,672,"Of course climate change, but there's a more immediate issue."
4301,4275,0,8,46,54,1.1481481481481481,0.04879689797371372,672,Do you still have that bedbug spray?
5176,4275,0,8,46,54,1.1481481481481481,0.04879689797371372,672,"I’m sorry, but this Neighborhood Watch thing is just not working for me.”"
5209,4275,1,6,47,54,1.1481481481481481,0.05549729066741694,672,You were right. I should have worn my full-length skort.
5241,4275,0,8,46,54,1.1481481481481481,0.04879689797371372,672,I'm thinking of franchising a mite cleansing service.
5263,4275,0,8,46,54,1.1481481481481481,0.04879689797371372,672,They are generic but great on fleas.
5266,4275,1,6,47,54,1.1481481481481481,0.05549729066741694,672,I'm so tired of all this tribalism!
5331,4275,2,4,48,54,1.1481481481481481,0.06147162996855134,672,"Honey, I've been doing some thinking, and you're right. You're not just a piece of meat."
5103,4275,0,8,46,54,1.1481481481481481,0.04879689797371372,672,Apparently our fur makes really nice blankets.
5369,4275,1,6,47,54,1.1481481481481481,0.05549729066741694,672,'They seem to be hunting for something called 'DNA'!
5385,4275,0,8,46,54,1.1481481481481481,0.04879689797371372,672,Never underestimate the benefits of exfoliation
5388,4275,1,6,47,54,1.1481481481481481,0.05549729066741694,672,They rode me home.
5424,4275,1,6,47,54,1.1481481481481481,0.05549729066741694,672,They help me forget the ringing in my ears.
5491,4275,0,8,46,54,1.1481481481481481,0.04879689797371372,672,I need to get more dandruff shampoo.
3842,4275,3,2,49,54,1.1481481481481481,0.06691467186318137,672,Sit down Martha and I will explain everything...
2919,4275,2,4,48,54,1.1481481481481481,0.06147162996855134,672,Could you just scratch these little mites off my back?
5382,4275,0,8,46,54,1.1481481481481481,0.04879689797371372,672,Get off your butt and suited up. It’s time for the big dance.
4247,4275,0,8,46,54,1.1481481481481481,0.04879689797371372,672,"I tried the shampoo, but it still itches."
5071,4275,0,8,46,54,1.1481481481481481,0.04879689797371372,672,It's like they want us to go extinct.
5024,4275,1,6,47,54,1.1481481481481481,0.05549729066741694,672,"Granted, they ARE pests, but science is telling us that, ecologically speaking, we can't live without them."
4379,4275,0,8,46,54,1.1481481481481481,0.04879689797371372,672,"It is a win-win situation Larry!
An amazing acupuncture for my arthritis and a delicious midnight snack for later."
4460,4275,1,6,47,54,1.1481481481481481,0.05549729066741694,672,It really does take a village to keep this fur manageable.
4527,4275,1,6,47,54,1.1481481481481481,0.05549729066741694,672,Do we have any RID left?
4575,4275,0,8,46,54,1.1481481481481481,0.04879689797371372,672,That itch on my back that was so hard to reach is finally gone.
4675,4275,0,8,46,54,1.1481481481481481,0.04879689797371372,672,"They said acupuncture would feel good, but now my back is killing me."
4705,4275,1,6,47,54,1.1481481481481481,0.05549729066741694,672,"Don't worry, their side gig is acupuncture."
5058,4275,0,8,46,54,1.1481481481481481,0.04879689797371372,672,What they don’t know won’t hurt them.
4731,4275,0,8,46,54,1.1481481481481481,0.04879689797371372,672,My HMO doesn't cover Acupuncture!
4796,4275,0,8,46,54,1.1481481481481481,0.04879689797371372,672,"BE A PEACH OF A PACHYDERM , NOW THAT THEY'RE OFF YOUR MIND, GET THEM OFF MY BACK  !"
4820,4275,0,8,46,54,1.1481481481481481,0.04879689797371372,672,Hi mom. The teacher sent me home because I have lice.
4890,4275,0,8,46,54,1.1481481481481481,0.04879689797371372,672,The rock artist could not convince these damn Neanderthals to stay still; we'll try with a different artist tomorrow.
4963,4275,0,8,46,54,1.1481481481481481,0.04879689797371372,672,"Honey, I brought home some appetizers for dinner!"
4982,4275,1,6,47,54,1.1481481481481481,0.05549729066741694,672,They are relieving the itch a little bit.
5011,4275,1,6,47,54,1.1481481481481481,0.05549729066741694,672,"Dude, you're so lucky. You're getting free back massage."
4790,4275,0,8,46,54,1.1481481481481481,0.04879689797371372,672,"The first recorded case of the disease known as ""human-itis"". Symptoms: Extinction."
2912,4275,1,6,47,54,1.1481481481481481,0.05549729066741694,672,"They're kind of annoying, but my HMO has approved acupuncture."
2535,4275,1,6,47,54,1.1481481481481481,0.05549729066741694,672,Do you think this outfit makes me look Hun-ey.
2863,4275,0,8,46,54,1.1481481481481481,0.04879689797371372,672,"Alice, where’s the spray? Neanderthal season has started."
40,4275,2,4,48,54,1.1481481481481481,0.06147162996855134,672,Is it bigger than a bread box?
1074,4275,1,6,47,54,1.1481481481481481,0.05549729066741694,672,I think we need to discuss our open relationship.
1090,4275,1,6,47,54,1.1481481481481481,0.05549729066741694,672,"I could only make out ""Step aside, boys!"""
1094,4275,2,4,48,54,1.1481481481481481,0.06147162996855134,672,"I went and got us a village. Now let's have a Wooly Mammoth heir, M'Lady."
1117,4275,0,8,46,54,1.1481481481481481,0.04879689797371372,672,We don’t have a vaccine yet?
1151,4275,2,4,48,54,1.1481481481481481,0.06147162996855134,672,I thought they would help with the fleas but I was wrong.
989,4275,3,2,49,54,1.1481481481481481,0.06691467186318137,672,Democrats! I’ve tried to tell them I’m a Wooly Mammoth.
1161,4275,0,8,46,54,1.1481481481481481,0.04879689797371372,672,Stand tall pal if you want to attract a party!
1265,4275,1,6,47,54,1.1481481481481481,0.05549729066741694,672,"Infestation, you say, of the little buggers? Now I know why my back felt so ticklish."
1285,4275,1,6,47,54,1.1481481481481481,0.05549729066741694,672,Yes it’s a little pricier for the added attention  but I leave feeling like a new woman.
1308,4275,0,8,46,54,1.1481481481481481,0.04879689797371372,672,"They know exactly where to put them to cure my tension headache!"""
1373,4275,0,8,46,54,1.1481481481481481,0.04879689797371372,672,"You have to admire their determination, once they tire out I'm going to offer them jobs as my entourage."
1400,4275,0,8,46,54,1.1481481481481481,0.04879689797371372,672,"I’ve got a new sales pitch for Geico”, 
Do you have their number"
1452,4275,0,8,46,54,1.1481481481481481,0.04879689797371372,672,Eventually they'll get that itch.
1201,4275,1,6,47,54,1.1481481481481481,0.05549729066741694,672,I've tried everything else. Why not acupuncture?
1506,4275,1,6,47,54,1.1481481481481481,0.05549729066741694,672,I think if we just ignore the little burgers that they will go extinct.
935,4275,1,6,47,54,1.1481481481481481,0.05549729066741694,672,I call it symbiosis
774,4275,1,6,47,54,1.1481481481481481,0.05549729066741694,672,I hear one dose is enough if you are quick.  Don't wait for the bull's-eye rash.
2906,4275,1,6,47,54,1.1481481481481481,0.05549729066741694,672,"My insurance won't pay for brand name anti itch cream, I got the generic one."
146,4275,1,6,47,54,1.1481481481481481,0.05549729066741694,672,Don't believe what you're seeing. It's fake news.
173,4275,0,8,46,54,1.1481481481481481,0.04879689797371372,672,The school nurse sent me home and said you should deal with it.
210,4275,0,8,46,54,1.1481481481481481,0.04879689797371372,672,All those little punctures do is relieve my back pain.It wont kill you to try it.
225,4275,1,6,47,54,1.1481481481481481,0.05549729066741694,672,They say it will kill you but it just feels SO good!
245,4275,1,6,47,54,1.1481481481481481,0.05549729066741694,672,They were cute when there were only two.
816,4275,3,2,49,54,1.1481481481481481,0.06691467186318137,672,shhh.....go get the skewers !
371,4275,2,4,48,54,1.1481481481481481,0.06147162996855134,672,Somehow I sense that our extinction is drawing near.
601,4275,1,6,47,54,1.1481481481481481,0.05549729066741694,672,I have to admit the backscratcher is pretty good.
619,4275,0,8,46,54,1.1481481481481481,0.04879689797371372,672,They come highly recommended for fleas.
646,4275,0,8,46,54,1.1481481481481481,0.04879689797371372,672,The good news is I no longer have fleas!
708,4275,0,8,46,54,1.1481481481481481,0.04879689797371372,672,It's just an infection. It'll go away.
734,4275,0,8,46,54,1.1481481481481481,0.04879689797371372,672,"Little pricks on my back are one thing, mess with the climate and they'll get tossed."
753,4275,1,6,47,54,1.1481481481481481,0.05549729066741694,672,"It's part of their mating ritual. The unfortunate thing is that they have no mating season, per se."
384,4275,0,8,46,54,1.1481481481481481,0.04879689797371372,672,HOLY FUCKING SHIT PEOPLE ARE STABBING MY BACK WITH SPEARS!!!!! AHHHHHHHHH!!!!
1546,4275,0,8,46,54,1.1481481481481481,0.04879689797371372,672,"It’s a long story, “Wooly Mammoth’s Travels”."
1044,4275,1,6,47,54,1.1481481481481481,0.05549729066741694,672,"For the reference cave, make sure you accurately carve how this acupuncture thing is done."
1653,4275,1,6,47,54,1.1481481481481481,0.05549729066741694,672,"I know it's the Ice Age, dummy, I'm talking about the new Lice Age."
2840,4275,0,8,46,54,1.1481481481481481,0.04879689797371372,672,Do you think they're going for a murder or a massage?
1585,4275,1,6,47,54,1.1481481481481481,0.05549729066741694,672,I'm told it has therapeutic value.
2821,4275,0,8,46,54,1.1481481481481481,0.04879689797371372,672,Do their bites itch?!
2807,4275,2,4,48,54,1.1481481481481481,0.06147162996855134,672,"Sorry, this is my UBER."
2796,4275,1,6,47,54,1.1481481481481481,0.05549729066741694,672,"No, I'm glad you said something. That's why I keep telling you we need an entryway mirror here."
2789,4275,0,8,46,54,1.1481481481481481,0.04879689797371372,672,They are micro-needling to promote healing in my latissimus dorsi.
2774,4275,0,8,46,54,1.1481481481481481,0.04879689797371372,672,Just call an exterminator before they multiply any further.
2758,4275,1,6,47,54,1.1481481481481481,0.05549729066741694,672,They don't see the Mammoths in their living room.
2721,4275,0,8,46,54,1.1481481481481481,0.04879689797371372,672,They keep the wool from piling.
2542,4275,1,6,47,54,1.1481481481481481,0.05549729066741694,672,"Fur, is indeed, murder."
2527,4275,1,6,47,54,1.1481481481481481,0.05549729066741694,672,It was on sale.
2519,4275,3,2,49,54,1.1481481481481481,0.06691467186318137,672,Would you like to join me for a nice roll in the dust?
2461,4275,2,4,48,54,1.1481481481481481,0.06147162996855134,672,Just make sure they’re cutting it even.
2331,4275,1,6,47,54,1.1481481481481481,0.05549729066741694,672,You’ve never tried acupuncture?
2238,4275,0,8,46,54,1.1481481481481481,0.04879689797371372,672,Everyone fights their own battle.
2454,4275,1,6,47,54,1.1481481481481481,0.05549729066741694,672,We're out of caveman repellent again.
1907,4275,0,8,46,54,1.1481481481481481,0.04879689797371372,672,The fleas on this one are gargantuan!
1668,4275,1,6,47,54,1.1481481481481481,0.05549729066741694,672,"Grandma says mud bath, but, you know, she's s-o-o Pliocene."
1810,4275,1,6,47,54,1.1481481481481481,0.05549729066741694,672,"If I find a single lice left, so help me god..."
1811,4275,0,8,46,54,1.1481481481481481,0.04879689797371372,672,Is it a drill or a battle?
1814,4275,0,8,46,54,1.1481481481481481,0.04879689797371372,672,I'm pretty sure they were invented by the Pentagon during the cold war.
2225,4275,0,8,46,54,1.1481481481481481,0.04879689797371372,672,Where’s the “Off?”
1942,4275,0,8,46,54,1.1481481481481481,0.04879689797371372,672,They are cheaper than my acupuncturist!
1666,4275,0,8,46,54,1.1481481481481481,0.04879689797371372,672,The acupuncture place was booked
2005,4275,2,4,48,54,1.1481481481481481,0.06147162996855134,672,"Don't laugh, you could be next and they are really annoying."
2099,4275,1,6,47,54,1.1481481481481481,0.05549729066741694,672,Stay away from the caves ...
2102,4275,0,8,46,54,1.1481481481481481,0.04879689797371372,672,Pay Attention Now! She is just a distraction!
2208,4275,0,8,46,54,1.1481481481481481,0.04879689797371372,672,"If you go out, don’t forget your Neanderthal spray."
2219,4275,1,6,47,54,1.1481481481481481,0.05549729066741694,672,Can I borrow some of your anti-primitive-hunter shampoo
2016,4275,1,6,47,54,1.1481481481481481,0.05549729066741694,672,"Alice, think you could get one of these cute little critters to jump off and paint a picture of this on the cave wall? It would be hilarious in the history books!"
1663,4275,1,6,47,54,1.1481481481481481,0.05549729066741694,672,There goes the nieghborhood.
3713,4413,1,6,48,55,1.1454545454545455,0.05454545454545457,672,"The border was crowded and monitored, so I gave them cover for entry into our lands."""
3728,4413,0,8,47,55,1.1454545454545455,0.04797713974560777,672,I would burn them off but man has not invented fire yet.
3418,4413,1,6,48,55,1.1454545454545455,0.05454545454545457,672,It's the latest thing. They're so much more efficient  than those pesky little noisy birds.
3517,4413,2,4,49,55,1.1454545454545455,0.06040370257667094,672,It feels nice. Kinda like acupuncture.
3815,4413,1,6,48,55,1.1454545454545455,0.05454545454545457,672,"Quick,get the bug spray!"
3658,4413,1,6,48,55,1.1454545454545455,0.05454545454545457,672,They keep my back scratched.
5444,4413,0,8,47,55,1.1454545454545455,0.04797713974560777,672,I’m afraid it’s a terminal condition.
4051,4413,1,6,48,55,1.1454545454545455,0.05454545454545457,672,Doc says a good soak and some Calamine should make it clear up in a few days.
3981,4413,0,8,47,55,1.1454545454545455,0.04797713974560777,672,"Overestimated? Yes. First, I let them scratch my back. Then I eat them”"
3994,4413,1,6,48,55,1.1454545454545455,0.05454545454545457,672,Maybe it's YOU who really has the 7 mini-cavemen hunting his back! Ever think of that?!
4019,4413,1,6,48,55,1.1454545454545455,0.05454545454545457,672,The internecine warfare among my Lilliputians keeps their number under control.
4040,4413,1,6,48,55,1.1454545454545455,0.05454545454545457,672,The doc recommended acupuncture for my back
3351,4413,1,6,48,55,1.1454545454545455,0.05454545454545457,672,"Ya got any spray. Jeesh, these gnatty things are driving me crazy with their pokey bites."
4073,4413,1,6,48,55,1.1454545454545455,0.05454545454545457,672,I've got fleas again
3855,4413,1,6,48,55,1.1454545454545455,0.05454545454545457,672,Be honest -- Do these little things strike the right note of middle-aged whimsy?
3345,4413,1,6,48,55,1.1454545454545455,0.05454545454545457,672,Do I really have dandruf
2979,4413,1,6,48,55,1.1454545454545455,0.05454545454545457,672,It's a new way to get rid of fleaosaurs.
3268,4413,0,8,47,55,1.1454545454545455,0.04797713974560777,672,I'm hoping it doesn't get to the nuclear stage.
2955,4413,1,6,48,55,1.1454545454545455,0.05454545454545457,672,I couldn't find a tree big enough to rub my back on.
2901,4413,1,6,48,55,1.1454545454545455,0.05454545454545457,672,They're just Lilli-primevals I picked up in my travels.
2990,4413,0,8,47,55,1.1454545454545455,0.04797713974560777,672,I’m trying homeopathy.
2995,4413,0,8,47,55,1.1454545454545455,0.04797713974560777,672,"The Deal is supposed to be 'Symbiotic,' but I'm not sure what that means."
3024,4413,0,8,47,55,1.1454545454545455,0.04797713974560777,672,These guys are a riot.  You should hear all their reasons on why the ice has totally melted from my hump.  Where's that new truck wash I've been hearing so much about?
3059,4413,2,4,49,55,1.1454545454545455,0.06040370257667094,672,I eat sweets!
3323,4413,0,8,47,55,1.1454545454545455,0.04797713974560777,672,I'd hoped they would have evolved by now.
3061,4413,1,6,48,55,1.1454545454545455,0.05454545454545457,672,They call themselves The Resistance.
3165,4413,1,6,48,55,1.1454545454545455,0.05454545454545457,672,It's supposed to be good for the woolly.
3171,4413,0,8,47,55,1.1454545454545455,0.04797713974560777,672,It's a new fangled thing called acupuncture.Supposed to relieve the pain in my joints.
3177,4413,0,8,47,55,1.1454545454545455,0.04797713974560777,672,"To be honest, it kind of tickles."
3199,4413,2,4,49,55,1.1454545454545455,0.06040370257667094,672,"The treatments can be a little painful, but my dandruff is almost wiped out."""
3232,4413,0,8,47,55,1.1454545454545455,0.04797713974560777,672,They've discovered iron and want to curl my hair.
3261,4413,2,4,49,55,1.1454545454545455,0.06040370257667094,672,I know it's not covered by insurance but this acupuncture is totally worth it.
3102,4413,0,8,47,55,1.1454545454545455,0.04797713974560777,672,"It's called, ""Acupuncture by committee."""
4144,4413,1,6,48,55,1.1454545454545455,0.05454545454545457,672,I wonder what they're looking for?
5342,4413,0,8,47,55,1.1454545454545455,0.04797713974560777,672,"Believe me, EVERYONE will be getting ‘em soon."
4234,4413,0,8,47,55,1.1454545454545455,0.04797713974560777,672,The mere thought of extinction sends prickles down my spine!
4998,4413,0,8,47,55,1.1454545454545455,0.04797713974560777,672,Are you sure I’m the father?
5003,4413,0,8,47,55,1.1454545454545455,0.04797713974560777,672,"And ever since, I've been flea-free."
5048,4413,0,8,47,55,1.1454545454545455,0.04797713974560777,672,"Performance art, you think it will last?"
5084,4413,1,6,48,55,1.1454545454545455,0.05454545454545457,672,These guys are the best. I found if I wear a flea collar it accentuates my goiter.
5159,4413,2,4,49,55,1.1454545454545455,0.06040370257667094,672,"Blimey, mate. I need a Tickbuster"
5163,4413,1,6,48,55,1.1454545454545455,0.05454545454545457,672,I've just been so fed up with the shortcomings of Western Medicine.
4973,4413,2,4,49,55,1.1454545454545455,0.06040370257667094,672,I replaced my fleas with a Neanderthal  Massage Team.
5192,4413,1,6,48,55,1.1454545454545455,0.05454545454545457,672,"Hold up everyone! Put down your weapons, apparently this mammoth has a Mammouth"
5281,4413,2,4,49,55,1.1454545454545455,0.06040370257667094,672,I’m the only Uber that accommodates  seven plus luggage. ( by Hugo Kahn)
5318,4413,0,8,47,55,1.1454545454545455,0.04797713974560777,672,"A little steroid cream,and I don’t even know they are there!"
5339,4413,0,8,47,55,1.1454545454545455,0.04797713974560777,672,You thought head lice was bad?
5343,4413,2,4,49,55,1.1454545454545455,0.06040370257667094,672,It's the latest dance craze.
5443,4413,1,6,48,55,1.1454545454545455,0.05454545454545457,672,"Don’t mention it, honey. It’s better they destroy me than the Earth."
2887,4413,0,8,47,55,1.1454545454545455,0.04797713974560777,672,My dermatologist says that they are irritating but not dangerous if you avoid scratching.
5198,4413,2,4,49,55,1.1454545454545455,0.06040370257667094,672,"It's easy, Hank. The secret: never lose your sense of proportion."
4883,4413,0,8,47,55,1.1454545454545455,0.04797713974560777,672,The thought of extinction is stressful so I thought I would try acupuncture.
4875,4413,1,6,48,55,1.1454545454545455,0.05454545454545457,672,When we made this trip to Mammoth Hot Springs I’d no idea it would include acupuncture.
4874,4413,1,6,48,55,1.1454545454545455,0.05454545454545457,672,I'm trying this new shampoo is it working.
4298,4413,1,6,48,55,1.1454545454545455,0.05454545454545457,672,Sorry I'm late. Just woolgathering again.
4313,4413,1,6,48,55,1.1454545454545455,0.05454545454545457,672,Some of them tip well so I keep picking them up. I'm between jobs so every little bit helps.
4424,4413,2,4,49,55,1.1454545454545455,0.06040370257667094,672,"It's a new technique. They call it ""acupuncture."""
4435,4413,1,6,48,55,1.1454545454545455,0.05454545454545457,672,"I’ve been looking for a back scratcher for the longest time, found them at Cave & Barrel!"
4535,4413,1,6,48,55,1.1454545454545455,0.05454545454545457,672,Apparently I have the DT's without the ants
4543,4413,1,6,48,55,1.1454545454545455,0.05454545454545457,672,I forgot to put the flea killer on this month.
4589,4413,1,6,48,55,1.1454545454545455,0.05454545454545457,672,"Come on, baby, let's do the twist."
4606,4413,1,6,48,55,1.1454545454545455,0.05454545454545457,672,Just wait them out.  Their kind won't stay around for long.
4635,4413,1,6,48,55,1.1454545454545455,0.05454545454545457,672,They were on shale for a dozen.
4727,4413,1,6,48,55,1.1454545454545455,0.05454545454545457,672,It's a new anti-stress therapy. I can't stand the idea of ​​thawing.
4746,4413,2,4,49,55,1.1454545454545455,0.06040370257667094,672,Whose the lucky one?
4764,4413,0,8,47,55,1.1454545454545455,0.04797713974560777,672,"I'm not worried that they'll do any damage; it's the Democratic candidates, after all."
4821,4413,0,8,47,55,1.1454545454545455,0.04797713974560777,672,do you really think this acupuncture is going to work?
4835,4413,1,6,48,55,1.1454545454545455,0.05454545454545457,672,YOU gave me cavies! I've only been with one mammoth.
4872,4413,1,6,48,55,1.1454545454545455,0.05454545454545457,672,"After you get one robo  hunter,  they just don't stop multiplying,"
4147,4413,2,4,49,55,1.1454545454545455,0.06040370257667094,672,They're trying to find kindred spirits.
2865,4413,2,4,49,55,1.1454545454545455,0.06040370257667094,672,It’s a flea and tick collar...saw it advertised on TV and just had to have it.
4246,4413,1,6,48,55,1.1454545454545455,0.05454545454545457,672,The doctor thought it might be good for my sciatica.
2817,4413,1,6,48,55,1.1454545454545455,0.05454545454545457,672,"They scratch my back, I clothe them."
730,4413,1,6,48,55,1.1454545454545455,0.05454545454545457,672,"I still haven't found the right shampoo for these pesky hair
 lice."
779,4413,1,6,48,55,1.1454545454545455,0.05454545454545457,672,They're matadors who think I am that kind of bull.
868,4413,1,6,48,55,1.1454545454545455,0.05454545454545457,672,They were out of Neanderthal Powder at RiteAid.
884,4413,1,6,48,55,1.1454545454545455,0.05454545454545457,672,I'm going to order some cave man repellent.
934,4413,1,6,48,55,1.1454545454545455,0.05454545454545457,672,"There a new medication for these damn things. 
Doc says my coat will clear up in 7-10 days."
977,4413,0,8,47,55,1.1454545454545455,0.04797713974560777,672,You’ve never had acupuncture?
1124,4413,1,6,48,55,1.1454545454545455,0.05454545454545457,672,"Here at Cro-Magnon Acupuncture, we specialize in stress reduction for Woolly Mammoths."
1139,4413,1,6,48,55,1.1454545454545455,0.05454545454545457,672,"So far all the stuff they’re doing feels sort of good, but if they learn to better sharpen the stones on the sticks, they’d be much more annoying. 
Still, we’ll be around long after they’re gone."
1144,4413,0,8,47,55,1.1454545454545455,0.04797713974560777,672,It’s called “performance art.”
1270,4413,3,2,50,55,1.1454545454545455,0.06574198018292114,672,So they said I need to comb each one out
1294,4413,3,2,50,55,1.1454545454545455,0.06574198018292114,672,"I thought it was some rare disease, but it turns out Sondheim was right: it's fleas."
1339,4413,0,8,47,55,1.1454545454545455,0.04797713974560777,672,And I thought fleas were bad - got any Neanderthal spray?
1368,4413,0,8,47,55,1.1454545454545455,0.04797713974560777,672,A little to the left.
1372,4413,1,6,48,55,1.1454545454545455,0.05454545454545457,672,"Thankfully, they haven't been doing well in Clovis class."
1393,4413,0,8,47,55,1.1454545454545455,0.04797713974560777,672,"These aren’t crabs, dude. For one thing they’re not on my balls."
717,4413,2,4,49,55,1.1454545454545455,0.06040370257667094,672,This is what the party has come to.  They’re all fighting to see who gets to be the next Trump-ette.
1568,4413,0,8,47,55,1.1454545454545455,0.04797713974560777,672,I love to be tickled by Pygmies. They make me feel even bigger.
647,4413,2,4,49,55,1.1454545454545455,0.06040370257667094,672,You wouldn't BELIEVE how much the accupuncturist wanted!
551,4413,2,4,49,55,1.1454545454545455,0.06040370257667094,672,"Man, summer came a week ago and they're already here again."
2843,4413,1,6,48,55,1.1454545454545455,0.05454545454545457,672,Hard to believe that we are the ones going extinct.
1,4413,0,8,47,55,1.1454545454545455,0.04797713974560777,672,I can't wait until they invent beauty salons.
10,4413,2,4,49,55,1.1454545454545455,0.06040370257667094,672,Did you check the expiration date on that flea medication you gave me!
31,4413,1,6,48,55,1.1454545454545455,0.05454545454545457,672,"You scratch my back, I'll let them scratch yours."
106,4413,2,4,49,55,1.1454545454545455,0.06040370257667094,672,I don't know. They just followed me home.
174,4413,0,8,47,55,1.1454545454545455,0.04797713974560777,672,This wool is just too damn itchy
178,4413,1,6,48,55,1.1454545454545455,0.05454545454545457,672,"You have got to try this new thing, I think they call it acupuncture."
206,4413,0,8,47,55,1.1454545454545455,0.04797713974560777,672,Not into alternative medicine?
238,4413,1,6,48,55,1.1454545454545455,0.05454545454545457,672,"Wasn’t it you who said , “Not in the mood for a big dinner, just a nice red and several appetizers “"
260,4413,2,4,49,55,1.1454545454545455,0.06040370257667094,672,I forgot to put on pest spray again.
268,4413,0,8,47,55,1.1454545454545455,0.04797713974560777,672,"I need something for my ""dry and itchy"" scalp"
294,4413,1,6,48,55,1.1454545454545455,0.05454545454545457,672,Could you please bring me some Off?
404,4413,0,8,47,55,1.1454545454545455,0.04797713974560777,672,Stop! Let's listen for his heart now as it pounds harder.
409,4413,1,6,48,55,1.1454545454545455,0.05454545454545457,672,That DNR order you had me sign is null and void if I die under suspicious circumstances.
427,4413,1,6,48,55,1.1454545454545455,0.05454545454545457,672,I predict we’ll be extinct by 2020.
566,4413,1,6,48,55,1.1454545454545455,0.05454545454545457,672,"Listen, I’m all for historical re-enactments, but playing the hill in “Grand Old Duke of York” is ridiculous."
1591,4413,0,8,47,55,1.1454545454545455,0.04797713974560777,672,It’s so much easier than going to the salon.
3469,4413,0,8,47,55,1.1454545454545455,0.04797713974560777,672,My acupuncturist is on vacation
1624,4413,0,8,47,55,1.1454545454545455,0.04797713974560777,672,They've solved the flea problem.
2356,4413,1,6,48,55,1.1454545454545455,0.05454545454545457,672,"Dad, check out my back flix Warrior's Dance Part II"
2392,4413,0,8,47,55,1.1454545454545455,0.04797713974560777,672,"Well, don’t just sit there and stare, do something!"
2412,4413,1,6,48,55,1.1454545454545455,0.05454545454545457,672,"No, I haven't officially been diagnosed, but it's killing me!"
2499,4413,1,6,48,55,1.1454545454545455,0.05454545454545457,672,That blasted website made an egregious error. This is most certainly not what I meant when I ordered a piqué wool sweater!
2541,4413,2,4,49,55,1.1454545454545455,0.06040370257667094,672,They say they won't stop until I run the jackass out of town.
2556,4413,1,6,48,55,1.1454545454545455,0.05454545454545457,672,"I guess I shouldn't have hit ""reply all"""
2328,4413,1,6,48,55,1.1454545454545455,0.05454545454545457,672,Their great! No more lice!
2577,4413,0,8,47,55,1.1454545454545455,0.04797713974560777,672,Fleahistoric
2608,4413,2,4,49,55,1.1454545454545455,0.06040370257667094,672,I got you a protein snack pack before their extinct.
2642,4413,2,4,49,55,1.1454545454545455,0.06040370257667094,672,Can you recommend something for parasites?
2643,4413,1,6,48,55,1.1454545454545455,0.05454545454545457,672,I feel like take-out.
2672,4413,1,6,48,55,1.1454545454545455,0.05454545454545457,672,Got 'em on Mastodon Prime. Should'a got the extra large.
2741,4413,0,8,47,55,1.1454545454545455,0.04797713974560777,672,Itchy
2790,4413,0,8,47,55,1.1454545454545455,0.04797713974560777,672,I hope we invent a cure for this problem real soon.
2583,4413,1,6,48,55,1.1454545454545455,0.05454545454545457,672,"Hon, can you hand me the DEET?"
2318,4413,1,6,48,55,1.1454545454545455,0.05454545454545457,672,Never just bring tusks to a spear fight.
2646,4413,1,6,48,55,1.1454545454545455,0.05454545454545457,672,I hear they can cause infections. I’d better call the exterminator.
2181,4413,1,6,48,55,1.1454545454545455,0.05454545454545457,672,"It'll be symbiotic"", they said. So I signed the contract, but they hardly do a thing. Five years, Clint. Five years before I get 'em off my back"
2265,4413,0,8,47,55,1.1454545454545455,0.04797713974560777,672,Looks like the “Squad” is into acupuncture.
1629,4413,1,6,48,55,1.1454545454545455,0.05454545454545457,672,Better stay away. Kids brought it home from preschool.
1670,4413,2,4,49,55,1.1454545454545455,0.06040370257667094,672,Why do I always attract the homos?
1701,4413,0,8,47,55,1.1454545454545455,0.04797713974560777,672,Greetings! I will sell you two in exchange for fifteen goats. Very fresh and tender.
1757,4413,1,6,48,55,1.1454545454545455,0.05454545454545457,672,I'm letting my immune system get stronger. Vaccines aren't natural.
1764,4413,0,8,47,55,1.1454545454545455,0.04797713974560777,672,They are just a nuisance and will soon be extinct.
1803,4413,0,8,47,55,1.1454545454545455,0.04797713974560777,672,Democrats are too busy with their circular firing squad to see the elephant in the room.
1633,4413,2,4,49,55,1.1454545454545455,0.06040370257667094,672,This intermittent fasting is quite arduous.
1890,4413,0,8,47,55,1.1454545454545455,0.04797713974560777,672,Stay back the cure for this fur lice is really bad.
1901,4413,2,4,49,55,1.1454545454545455,0.06040370257667094,672,They keep away those pesky birds pecking at my tusks.
1940,4413,1,6,48,55,1.1454545454545455,0.05454545454545457,672,"No idea what they are or what I did, but they certainly aren't cro-magnanimous"
2075,4413,0,8,47,55,1.1454545454545455,0.04797713974560777,672,They are terrific for fleas
2175,4413,1,6,48,55,1.1454545454545455,0.05454545454545457,672,Ouch. Ouch. Ouch. Ouch.
1603,4413,0,8,47,55,1.1454545454545455,0.04797713974560777,672,"Nah, not worth a flick of the trunk."
2129,4413,0,8,47,55,1.1454545454545455,0.04797713974560777,672,Keep your distance. I think I picked up a virus.
1881,4413,0,8,47,55,1.1454545454545455,0.04797713974560777,672,"They call it acupuncture.  It probably won’t last, but it’s worth a try."
2416,4558,0,9,54,63,1.1428571428571428,0.04444078691701821,672,The joy of getting some relaxation both ways!
539,4558,0,9,54,63,1.1428571428571428,0.04444078691701821,672,"Honey, do you still have some of that Triple-Shield Caveman Removal shampoo?"
93,4558,1,7,55,63,1.1428571428571428,0.04986999410368025,672,"The seven deadly sins are both helpful and a curse."""
4157,4561,0,7,45,52,1.1346153846153846,0.04779328093727965,672,How do you catch Fly's??
3742,4561,0,7,45,52,1.1346153846153846,0.04779328093727965,672,"I am going to try the Epley maneuver on these vermin: Lie on my stomach, turn my trunk to the right and roll to the left, then turn my trunk to the left and roll to the right."
4202,4561,0,7,45,52,1.1346153846153846,0.04779328093727965,672,Try Neanderthal Repellent
4031,4561,0,7,45,52,1.1346153846153846,0.04779328093727965,672,"It's a new grooming service but I think I like the Monkeys better."""
3990,4561,1,5,46,52,1.1346153846153846,0.055121189353288455,672,They can forget my posing for the cave painting.”
3986,4561,2,3,47,52,1.1346153846153846,0.0615832227858564,672,"Next thing you know,they will invent a thing called fire!"
3962,4561,0,7,45,52,1.1346153846153846,0.04779328093727965,672,I've got to quit rolling in the encampment - I'm all pins and needles again.
3858,4561,0,7,45,52,1.1346153846153846,0.04779328093727965,672,"I have your back, this is excessive."
3850,4561,1,5,46,52,1.1346153846153846,0.055121189353288455,672,I have lice.
4128,4561,0,7,45,52,1.1346153846153846,0.04779328093727965,672,"Humans fight so much, I'm worried they might go extinct."
3685,4561,0,7,45,52,1.1346153846153846,0.04779328093727965,672,I picked them up by the river. Sooo cute!
3158,4561,1,5,46,52,1.1346153846153846,0.055121189353288455,672,"Yeah, but give it 50,000 years and they’ll invent feminism."
3655,4561,2,3,47,52,1.1346153846153846,0.0615832227858564,672,It's my side hustle. I rent out my back for exercise classes.
3535,4561,1,5,46,52,1.1346153846153846,0.055121189353288455,672,They take care of those big fleas
3470,4561,1,5,46,52,1.1346153846153846,0.055121189353288455,672,"You wouldn't happen to have a pair of tweezers, now would you?"
3454,4561,0,7,45,52,1.1346153846153846,0.04779328093727965,672,"Hey Mars, Got any more of that repellent?"
3435,4561,1,5,46,52,1.1346153846153846,0.055121189353288455,672,Cheers. Missing any links? I think I've found them. Snort. See what I did there?  I'll be here all week!
3270,4561,1,5,46,52,1.1346153846153846,0.055121189353288455,672,"Quick, call pest control."
3182,4561,0,7,45,52,1.1346153846153846,0.04779328093727965,672,You think the pharmacy has anything for this?
3168,4561,0,7,45,52,1.1346153846153846,0.04779328093727965,672,This is definitely a late Pliocene Period  problem.
3117,4561,1,5,46,52,1.1346153846153846,0.055121189353288455,672,"We're shooting the prequel, Carpool Carry Pokey."
2925,4561,1,5,46,52,1.1346153846153846,0.055121189353288455,672,It's called group therapy: three sessions is all you need.
4242,4561,0,7,45,52,1.1346153846153846,0.04779328093727965,672,The pills didn't work - I think they're getting drug resistant.
3679,4561,1,5,46,52,1.1346153846153846,0.055121189353288455,672,Doing wonders for my knee. Try acupuncture for your tusk abscess.
4295,4561,1,5,46,52,1.1346153846153846,0.055121189353288455,672,"Hey, let’s be gatherers until these things get smaller!"
5301,4561,1,5,46,52,1.1346153846153846,0.055121189353288455,672,This can’t be what they mean by “mammoth uprising”...
4554,4561,0,7,45,52,1.1346153846153846,0.04779328093727965,672,We need to get a grip.
5538,4561,0,7,45,52,1.1346153846153846,0.04779328093727965,672,"Neanderthals!! Be patient, they will soon be extinct!"
5519,4561,0,7,45,52,1.1346153846153846,0.04779328093727965,672,You know the story about the blind men and the elephant?
5497,4561,0,7,45,52,1.1346153846153846,0.04779328093727965,672,"Well, pesky and pesty but not threatsy."
5439,4561,0,7,45,52,1.1346153846153846,0.04779328093727965,672,I prefer to think of it as acupuncture for my chronic back pain.
5426,4561,1,5,46,52,1.1346153846153846,0.055121189353288455,672,"Of course you know, they choose me for their winter clothing!"
5392,4561,1,5,46,52,1.1346153846153846,0.055121189353288455,672,I have an appointment with the dermatologists tomorrow.
5356,4561,0,7,45,52,1.1346153846153846,0.04779328093727965,672,These ticks are going to outlast us
2923,4561,1,5,46,52,1.1346153846153846,0.055121189353288455,672,Personally? I'm opting for extinction.
5120,4561,2,3,47,52,1.1346153846153846,0.0615832227858564,672,Where did you leave the Neanderthal spray?
5094,4561,0,7,45,52,1.1346153846153846,0.04779328093727965,672,It’s way cheaper than acupuncture.
5090,4561,0,7,45,52,1.1346153846153846,0.04779328093727965,672,"Yes, they are a bit awkward on a date."
4378,4561,0,7,45,52,1.1346153846153846,0.04779328093727965,672,"Dude, I can't believe these fleas outlive us."
5036,4561,0,7,45,52,1.1346153846153846,0.04779328093727965,672,"Hello. My name is Snow White, and they're the Seven Dweebs."
4910,4561,1,5,46,52,1.1346153846153846,0.055121189353288455,672,I love the way they scratch my back.
4897,4561,0,7,45,52,1.1346153846153846,0.04779328093727965,672,We come in peace.
4868,4561,2,3,47,52,1.1346153846153846,0.0615832227858564,672,This is worse than the fleas.
4786,4561,1,5,46,52,1.1346153846153846,0.055121189353288455,672,Don't worry. They're not after me.
4768,4561,1,5,46,52,1.1346153846153846,0.055121189353288455,672,It’s the thing of the future
4762,4561,0,7,45,52,1.1346153846153846,0.04779328093727965,672,I'm hoping to see the patent on it before I'm extinct.
4759,4561,2,3,47,52,1.1346153846153846,0.0615832227858564,672,My insurance won’t cover acupuncture.
4756,4561,0,7,45,52,1.1346153846153846,0.04779328093727965,672,"DEET is the only thing that seems to work on them , but it causes such a rash!"
4745,4561,0,7,45,52,1.1346153846153846,0.04779328093727965,672,Acupuncture is not what it's going to be.
4736,4561,0,7,45,52,1.1346153846153846,0.04779328093727965,672,I prefer it to the spray.
4656,4561,2,3,47,52,1.1346153846153846,0.0615832227858564,672,I knew I should’ve picked the dancing squirrel
5007,4561,1,5,46,52,1.1346153846153846,0.055121189353288455,672,I don't get it. They traded vacation days for extra pay.
2914,4561,0,7,45,52,1.1346153846153846,0.04779328093727965,672,"I always say, ""Keep your enemies close."""
4750,4561,2,3,47,52,1.1346153846153846,0.0615832227858564,672,Foraging hasn't been great; these corporate team-building gigs help pay the bills.
2830,4561,1,5,46,52,1.1346153846153846,0.055121189353288455,672,The troop surge worked -- the Nits are in full retreat.
1323,4561,1,5,46,52,1.1346153846153846,0.055121189353288455,672,I need to evolve me a thicker skin!
1301,4561,0,7,45,52,1.1346153846153846,0.04779328093727965,672,"Actually yeah, the acupuncture has been helping with my lower back pain."
1298,4561,1,5,46,52,1.1346153846153846,0.055121189353288455,672,These human mosquitos will soon go extinct cause they’re not getting any of my blood to help them reproduce.
1288,4561,0,7,45,52,1.1346153846153846,0.04779328093727965,672,"Don't worry, honey. The doctor said, I'll die with not it, not of it."
1280,4561,2,3,47,52,1.1346153846153846,0.0615832227858564,672,It’s the latest in environmentally friendly flea and tick control.
1250,4561,1,5,46,52,1.1346153846153846,0.055121189353288455,672,Team acupuncture.
1238,4561,0,7,45,52,1.1346153846153846,0.04779328093727965,672,They're the best interior decorators around.
1138,4561,1,5,46,52,1.1346153846153846,0.055121189353288455,672,They have me covered!
1054,4561,2,3,47,52,1.1346153846153846,0.0615832227858564,672,It's a really wooly great massage.
1048,4561,0,7,45,52,1.1346153846153846,0.04779328093727965,672,The acupuncture therapy has been doing wonders for my back pain.
1413,4561,0,7,45,52,1.1346153846153846,0.04779328093727965,672,It's called spearing...the hot new thing at PT. So I said what the hell.
998,4561,1,5,46,52,1.1346153846153846,0.055121189353288455,672,I think I preferred having fleas.
716,4561,1,5,46,52,1.1346153846153846,0.055121189353288455,672,I let them play up there: those cute little things won't ever take over or amount to anything!
560,4561,1,5,46,52,1.1346153846153846,0.055121189353288455,672,We go extinct and these knuckleheads survive?
536,4561,1,5,46,52,1.1346153846153846,0.055121189353288455,672,"S-Y-M-B-I-O-T-I-C! ""Sim-Bi-Otic, Symbiotic""!"
507,4561,0,7,45,52,1.1346153846153846,0.04779328093727965,672,These things are even worse than that flea episode I had last summer.
461,4561,1,5,46,52,1.1346153846153846,0.055121189353288455,672,"Could you check me for ticks?
And Nicks?"
438,4561,0,7,45,52,1.1346153846153846,0.04779328093727965,672,"I am working on a Perspectives Thesis
Frank Buckley
Andover, MA"
310,4561,1,5,46,52,1.1346153846153846,0.055121189353288455,672,Chill. They're more of a nuisance than a real threat to us.
276,4561,0,7,45,52,1.1346153846153846,0.04779328093727965,672,The vet said exploratory surgery
140,4561,0,7,45,52,1.1346153846153846,0.04779328093727965,672,"Annoying little buggers, but it led to the discovery of Acupuncture."
59,4561,1,5,46,52,1.1346153846153846,0.055121189353288455,672,"Annoying, but just the type to survive global cooling."
847,4561,0,7,45,52,1.1346153846153846,0.04779328093727965,672,Can you go extinct from embarrassment?
1519,4561,1,5,46,52,1.1346153846153846,0.055121189353288455,672,"Yeah, my scalp itches. What do you use for a dandruff shampoo?"
1331,4561,2,3,47,52,1.1346153846153846,0.0615832227858564,672,"Literally, fuck me."
1627,4561,1,5,46,52,1.1346153846153846,0.055121189353288455,672,"Oh Sally, they'll be the death of me!"
2903,4561,0,7,45,52,1.1346153846153846,0.04779328093727965,672,They’re great for scratching where I can’t reach
2752,4561,0,7,45,52,1.1346153846153846,0.04779328093727965,672,Let them eat fire.
2644,4561,1,5,46,52,1.1346153846153846,0.055121189353288455,672,"If they don't stop fighting, we'll all be extinct!"
2566,4561,1,5,46,52,1.1346153846153846,0.055121189353288455,672,"They keep rooting for Trump, so I ignore them."
2475,4561,1,5,46,52,1.1346153846153846,0.055121189353288455,672,I can’t get em off my back!
2428,4561,0,7,45,52,1.1346153846153846,0.04779328093727965,672,Don't you think I'd send them back if I could?
2398,4561,1,5,46,52,1.1346153846153846,0.055121189353288455,672,"They are calling it Acupuncture nowadays.
Saiqua Sultan, Bengaluru, India"
2359,4561,1,5,46,52,1.1346153846153846,0.055121189353288455,672,Yeah...that's Dan Druff's family being a pain again.
2304,4561,1,5,46,52,1.1346153846153846,0.055121189353288455,672,They don't know they're in the same county.
2299,4561,0,7,45,52,1.1346153846153846,0.04779328093727965,672,I used to find them irritating war like creatures until I discovered they just wanted to feel useful
1619,4561,1,5,46,52,1.1346153846153846,0.055121189353288455,672,"Look, George, they're doing a little dance!"
2177,4561,0,7,45,52,1.1346153846153846,0.04779328093727965,672,"Why yes,  funny you should ask, it is a Symbiotic Relationship."
2188,4561,1,5,46,52,1.1346153846153846,0.055121189353288455,672,These are the real Seven Dwarves
2039,4561,0,7,45,52,1.1346153846153846,0.04779328093727965,672,They say they're tired of gathering and are trying something new.
1898,4561,0,7,45,52,1.1346153846153846,0.04779328093727965,672,I don't know...do these people make me look fat?
1806,4561,1,5,46,52,1.1346153846153846,0.055121189353288455,672,"""I believe one of them is Sam the Sham."
1798,4561,1,5,46,52,1.1346153846153846,0.055121189353288455,672,I've got this tingling sensation across my back.
1744,4561,0,7,45,52,1.1346153846153846,0.04779328093727965,672,Shave me.
1694,4561,2,3,47,52,1.1346153846153846,0.0615832227858564,672,I'm hosting the Neanderthal Party -- they're caucusing again.
1669,4561,0,7,45,52,1.1346153846153846,0.04779328093727965,672,I love it when they tickle me.
1667,4561,2,3,47,52,1.1346153846153846,0.0615832227858564,672,"I'm testing arsenic as a new human repellant.  If my theory is correct, I' will be rid of the little pests shortly.  The beauty, they will be preserved for future generations to see in a museum."
1655,4561,1,5,46,52,1.1346153846153846,0.055121189353288455,672,Wait until you see what they do to the ice caps.
2139,4561,1,5,46,52,1.1346153846153846,0.055121189353288455,672,"The directions say, ‘wait two to fours hours then crush them under your foot’..."
486,4665,0,8,52,60,1.1333333333333333,0.044255719836307675,672,"Don't worry, it's just another few thousand years until lice shampoo is invented."
4725,4666,1,5,47,53,1.1320754716981132,0.05413078722488102,672,How was your day?
2349,4666,2,3,48,53,1.1320754716981132,0.06046347269649694,672,And they thought all that fresh air up there will do them good.
2205,4666,1,5,47,53,1.1320754716981132,0.05413078722488102,672,Woe is Me!  I'm 'The Elephant' who carries regrets!
306,4666,0,7,46,53,1.1320754716981132,0.04695159976668159,672,They'll never be a real threat to us.
2221,4666,1,5,47,53,1.1320754716981132,0.05413078722488102,672,Oh....so this is Acupuncture?
16,4666,1,5,47,53,1.1320754716981132,0.05413078722488102,672,It's the latest  Wooly hair pick.
130,4666,0,7,46,53,1.1320754716981132,0.04695159976668159,672,The 3-caveman massage is $30. The 7-caveman is a better value at $50.
265,4673,0,7,47,54,1.1296296296296295,0.04613879568230499,672,"The safari is going well, don't you think?"
2885,4674,0,7,48,55,1.1272727272727272,0.04535342286998717,672,I wish we had insurance.
2168,4675,0,6,42,48,1.125,0.04824031156174748,672,"I got them at the Toys-R-Us closing sale at a terrific price.
Pretty cool."
1589,4675,0,6,42,48,1.125,0.04824031156174748,672,"Bedbugs......
They’re driving me insane!"
3798,4677,1,4,44,49,1.1224489795918366,0.055578689246150295,672,I just had an asthma attack; and now this ...
3953,4677,0,6,43,49,1.1224489795918366,0.04731438007905969,672,Wait'll they find out how chewy Mastadon meat is!
3562,4677,0,6,43,49,1.1224489795918366,0.04731438007905969,672,"Seriously, this is the last time I'm staying at this motel.  The bed bugs are killing me..."
3603,4677,1,4,44,49,1.1224489795918366,0.055578689246150295,672,Is there any of that Kwell left?
3621,4677,1,4,44,49,1.1224489795918366,0.055578689246150295,672,First instance of microaggressions in history...
3645,4677,1,4,44,49,1.1224489795918366,0.055578689246150295,672,I think my social following is engaged enough already.
3661,4677,0,6,43,49,1.1224489795918366,0.04731438007905969,672,"Let's talk this thing out, while they solve problems the human way."
3697,4677,0,6,43,49,1.1224489795918366,0.04731438007905969,672,Talk about one heck of a back scratch.
3705,4677,0,6,43,49,1.1224489795918366,0.04731438007905969,672,Global warming's brought on a tick infestation.
3730,4677,1,4,44,49,1.1224489795918366,0.055578689246150295,672,It's all in your head
3741,4677,0,6,43,49,1.1224489795918366,0.04731438007905969,672,Why are they only attracted to me?
3757,4677,0,6,43,49,1.1224489795918366,0.04731438007905969,672,"First the heat, then these pests. They are going to be the death of me."
3945,4677,0,6,43,49,1.1224489795918366,0.04731438007905969,672,We're out of man-spray.
3774,4677,0,6,43,49,1.1224489795918366,0.04731438007905969,672,"Well, this is one for the history books..."
3781,4677,1,4,44,49,1.1224489795918366,0.055578689246150295,672,It really helps but the nice thing about it: it's covered by my insurance!
3782,4677,1,4,44,49,1.1224489795918366,0.055578689246150295,672,They may be small but I find they are great for scratching my itching back.
3789,4677,1,4,44,49,1.1224489795918366,0.055578689246150295,672,"You were right about the acupuncture, my back doesn't hurt anymore."
3794,4677,0,6,43,49,1.1224489795918366,0.04731438007905969,672,Who knew they breed like rabbits!
3862,4677,0,6,43,49,1.1224489795918366,0.04731438007905969,672,They were cheaper than an exterminator .
3548,4677,0,6,43,49,1.1224489795918366,0.04731438007905969,672,"They take care of all my mites, lice and flies...a bargain!"
3452,4677,0,6,43,49,1.1224489795918366,0.04731438007905969,672,Where did you get your flee collar?
3480,4677,0,6,43,49,1.1224489795918366,0.04731438007905969,672,Not to worry. They need a bigger weapon.
3980,4677,0,6,43,49,1.1224489795918366,0.04731438007905969,672,I have a thousand little devils on my shoulder because the Earth is too early for me to have had the opportunity to do anything wrong yet
3118,4677,0,6,43,49,1.1224489795918366,0.04731438007905969,672,"My doctor recommends Pleistomycin for my mild to moderate outbreaks. Side effects are uncommon and may include itchiness, weight gain…"
3109,4677,0,6,43,49,1.1224489795918366,0.04731438007905969,672,"Yeah, a little annoying, but I can't swat them off very easily.  Legs are a bit short, you know."
3123,4677,1,4,44,49,1.1224489795918366,0.055578689246150295,672,Humans. I simply cannot wait for them to go extinct and leave us alone.
3125,4677,0,6,43,49,1.1224489795918366,0.04731438007905969,672,They said acupuncture leads to longevity.
3184,4677,1,4,44,49,1.1224489795918366,0.055578689246150295,672,"Hey, do you have a good dermatologist?  I keep getting a funny itching feeling on my back."
3187,4677,1,4,44,49,1.1224489795918366,0.055578689246150295,672,Have you asked them nicely to move?
3190,4677,0,6,43,49,1.1224489795918366,0.04731438007905969,672,I know you’re a skeptic about acupuncture but you really should give these guys a try
3224,4677,1,4,44,49,1.1224489795918366,0.055578689246150295,672,"It feels better than it looks, trust me. I call it ‘randupuncture’."
3526,4677,0,6,43,49,1.1224489795918366,0.04731438007905969,672,"Wait your turn, they are doing a left part for me first!"
3255,4677,0,6,43,49,1.1224489795918366,0.04731438007905969,672,It amuses them.
3277,4677,0,6,43,49,1.1224489795918366,0.04731438007905969,672,What can I say ? I feel completely defenseless against these little things.
3278,4677,1,4,44,49,1.1224489795918366,0.055578689246150295,672,My holistic therapist suggested acupuncture for stress relief
3353,4677,0,6,43,49,1.1224489795918366,0.04731438007905969,672,"You should try acupuncture
Yayo Chinea Antioch  CA."
3367,4677,0,6,43,49,1.1224489795918366,0.04731438007905969,672,Fleas.
3402,4677,0,6,43,49,1.1224489795918366,0.04731438007905969,672,"Don’t tell them, but I’m thinking of a new look so I might go bald"
3409,4677,0,6,43,49,1.1224489795918366,0.04731438007905969,672,"Oh, it's just a little back problem."
3412,4677,1,4,44,49,1.1224489795918366,0.055578689246150295,672,"Nothing to worry about. It will be ages before they can l



L"
3108,4677,0,6,43,49,1.1224489795918366,0.04731438007905969,672,They say acupuncture is good for a headache.
3443,4677,0,6,43,49,1.1224489795918366,0.04731438007905969,672,Humora
3256,4677,0,6,43,49,1.1224489795918366,0.04731438007905969,672,I’ve angered them by saying that God doesn’t exist. Apparently only talking mammouths know that.
3984,4677,0,6,43,49,1.1224489795918366,0.04731438007905969,672,"Be patient, dear Snowy, our honeymoon awaits, as soon
as your dwarfs finish their tick-exorcism dance."
5213,4677,1,4,44,49,1.1224489795918366,0.055578689246150295,672,The ticks are evolving much too quickly.
4033,4677,0,6,43,49,1.1224489795918366,0.04731438007905969,672,I just love that new spa! They do in-home  treatments.
5127,4677,2,2,45,49,1.1224489795918366,0.06276408873212902,672,"They're a little annoying, but those collars irritate my fur."
5156,4677,1,4,44,49,1.1224489795918366,0.055578689246150295,672,They are good for my environment. Keeps the fleas down.
5244,4677,0,6,43,49,1.1224489795918366,0.04731438007905969,672,"I’m not worried. Their arms get tired long before 1,000."
5264,4677,1,4,44,49,1.1224489795918366,0.055578689246150295,672,"Honey, you need to try the new hot stone massage!"
5270,4677,0,6,43,49,1.1224489795918366,0.04731438007905969,672,"You'll love these guy's tales, especially something Trozan Horse."
5304,4677,1,4,44,49,1.1224489795918366,0.055578689246150295,672,Got my flea bath water warm yet?
5305,4677,0,6,43,49,1.1224489795918366,0.04731438007905969,672,"They’re annoying, but they’ll soon be extinct."
5314,4677,0,6,43,49,1.1224489795918366,0.04731438007905969,672,"Just out of curiosity, are they hunters or gatherers?"
5319,4677,1,4,44,49,1.1224489795918366,0.055578689246150295,672,Something about making America great again?
5580,4677,1,4,44,49,1.1224489795918366,0.055578689246150295,672,I can’t take this anymore. I’m going out for a tar bath.
5327,4677,0,6,43,49,1.1224489795918366,0.04731438007905969,672,"These cavemen really itch."""
5351,4677,0,6,43,49,1.1224489795918366,0.04731438007905969,672,I hope you’ve got a thick skin when I tell you this!
5397,4677,0,6,43,49,1.1224489795918366,0.04731438007905969,672,"Mark my words, this whole glacial warming thing will be the end of us."
5428,4677,1,4,44,49,1.1224489795918366,0.055578689246150295,672,I knew you'd cave in to mammoth firepower.
5446,4677,0,6,43,49,1.1224489795918366,0.04731438007905969,672,I'll be so glad when the debate season is over... Being 'the establishment' every fourth year begins to take a toll on the psyche.
5476,4677,1,4,44,49,1.1224489795918366,0.055578689246150295,672,"Y'know what, Fred, it's a cold world out there but at least this bullshit seems surreal and symbolic enough to make for a pretty goddamned good cartoon in a few millennia when we're all dead.  Just shut up nothing matters especially when things melt."
5487,4677,0,6,43,49,1.1224489795918366,0.04731438007905969,672,I should have worn repellent.
5579,4677,0,6,43,49,1.1224489795918366,0.04731438007905969,672,Were living in a Lice Age! Absolutely Paleolithic!
3058,4677,0,6,43,49,1.1224489795918366,0.04731438007905969,672,"Ironically, just two weeks ago I was working on a caption for this cartoon of a shark..."
5520,4677,0,6,43,49,1.1224489795918366,0.04731438007905969,672,I can't believe this is covered by insurance!
5346,4677,0,6,43,49,1.1224489795918366,0.04731438007905969,672,"I’m still working out the kinks, but I call it ‘symbiosis’."
4907,4677,0,6,43,49,1.1224489795918366,0.04731438007905969,672,How do you suppose they got up there?
4898,4677,0,6,43,49,1.1224489795918366,0.04731438007905969,672,I picked them up in Sojutsu class.
4881,4677,0,6,43,49,1.1224489795918366,0.04731438007905969,672,A roll in the tar pits is not without its hangers on.
4196,4677,0,6,43,49,1.1224489795918366,0.04731438007905969,672,Their pedicure team is top rated as well.
4271,4677,0,6,43,49,1.1224489795918366,0.04731438007905969,672,It's the latest thing - hot spear acupuncture.
4280,4677,0,6,43,49,1.1224489795918366,0.04731438007905969,672,"It's actually a newly evolved form of symbiotic mutualism. I give them a free ride and they comb me."""
4296,4677,0,6,43,49,1.1224489795918366,0.04731438007905969,672,"Bro, get off my back"
4319,4677,0,6,43,49,1.1224489795918366,0.04731438007905969,672,I told the men not to stay out all night.
4322,4677,0,6,43,49,1.1224489795918366,0.04731438007905969,672,This is the best acupuncture treatment EVER!
4336,4677,0,6,43,49,1.1224489795918366,0.04731438007905969,672,They're searching for a bone one of them threw into the air.
4344,4677,1,4,44,49,1.1224489795918366,0.055578689246150295,672,So I went to the doctor and told them I've been having some stabbing back pains. Still waiting on the MRI results.
4357,4677,1,4,44,49,1.1224489795918366,0.055578689246150295,672,If only there was something I could use to get rid of this infestation.
4385,4677,0,6,43,49,1.1224489795918366,0.04731438007905969,672,"Relax, Eddie.  They`re better than fleas."
4439,4677,0,6,43,49,1.1224489795918366,0.04731438007905969,672,They're annoying but not as bad as the mosquitos.
4469,4677,3,0,46,49,1.1224489795918366,0.06920744880740068,672,That’s a spicy meat-a-ball!!
4476,4677,0,6,43,49,1.1224489795918366,0.04731438007905969,672,I'm getting mammothilated.
4501,4677,0,6,43,49,1.1224489795918366,0.04731438007905969,672,"Oh come on, give it a try! I'ts really quite invigorating."
4644,4677,0,6,43,49,1.1224489795918366,0.04731438007905969,672,the doctor says it's Picts
4655,4677,0,6,43,49,1.1224489795918366,0.04731438007905969,672,The doctor suggested acupuncture.
4689,4677,0,6,43,49,1.1224489795918366,0.04731438007905969,672,I think they're serious.
4770,4677,1,4,44,49,1.1224489795918366,0.055578689246150295,672,Now you can see why we are called mammoths.
4823,4677,0,6,43,49,1.1224489795918366,0.04731438007905969,672,"It's supposed to help my back pain,I think they call it acupuncture."
4828,4677,0,6,43,49,1.1224489795918366,0.04731438007905969,672,"I know it looks like predation,but it's really mutualism. Three fleas can feed a family for a week."
4879,4677,1,4,44,49,1.1224489795918366,0.055578689246150295,672,Be a sport...hose 'em off.
4014,4677,0,6,43,49,1.1224489795918366,0.04731438007905969,672,Doc says there's a medicated shampoo I can use to get rid of them
3042,4677,0,6,43,49,1.1224489795918366,0.04731438007905969,672,My lice are getting more aggressive.
602,4677,1,4,44,49,1.1224489795918366,0.055578689246150295,672,I hope they go extinct.
2951,4677,0,6,43,49,1.1224489795918366,0.04731438007905969,672,Evidently they are part of a survival think tank exploring new food options.
744,4677,0,6,43,49,1.1224489795918366,0.04731438007905969,672,I'm thinking maybe I should see a specialist who understands this sort of problem--so I called up Jordan Peterson.
775,4677,0,6,43,49,1.1224489795918366,0.04731438007905969,672,It’s my weekly acupuncture session.
820,4677,0,6,43,49,1.1224489795918366,0.04731438007905969,672,"Yeah, their smell is kind of funky, but it keeps the moths away."
856,4677,0,6,43,49,1.1224489795918366,0.04731438007905969,672,"They're a bit of an irritant, but I'm sure they'll go away."
867,4677,1,4,44,49,1.1224489795918366,0.055578689246150295,672,And you thought they were funny for not seeing the forest  for the trees.
904,4677,0,6,43,49,1.1224489795918366,0.04731438007905969,672,"They’re a bit annoying, but they really scare away the fleas."
909,4677,1,4,44,49,1.1224489795918366,0.055578689246150295,672,Their inadvertent tick-killing makes it a nice symbiotic relationship.
948,4677,1,4,44,49,1.1224489795918366,0.055578689246150295,672,It's the only sure treatment for dandruff.
959,4677,1,4,44,49,1.1224489795918366,0.055578689246150295,672,Sure beats throwing sand on my back.
964,4677,0,6,43,49,1.1224489795918366,0.04731438007905969,672,Evolutionary beginnings:  a mammoth spirit
974,4677,1,4,44,49,1.1224489795918366,0.055578689246150295,672,Damn. I really wanted to see how this Ice Age was going to end.
999,4677,0,6,43,49,1.1224489795918366,0.04731438007905969,672,I don't mind.  They're actually good for my sciatica
1022,4677,0,6,43,49,1.1224489795918366,0.04731438007905969,672,And you think you got a dandruff problem.
1031,4677,0,6,43,49,1.1224489795918366,0.04731438007905969,672,I don’t know but I highly recommend them.   My back has never felt better.
1039,4677,0,6,43,49,1.1224489795918366,0.04731438007905969,672,It's The Latest Type Of Ancupuncture
1055,4677,0,6,43,49,1.1224489795918366,0.04731438007905969,672,The mosquitos are out of control this summer.
1058,4677,1,4,44,49,1.1224489795918366,0.055578689246150295,672,"They're annoying, but they're so cute."
1061,4677,0,6,43,49,1.1224489795918366,0.04731438007905969,672,"‘Tis a symbiotic relationship,
devoutly to be wished!"
3018,4677,0,6,43,49,1.1224489795918366,0.04731438007905969,672,Enough with the anti-vaxxer nonsense. These antibodies are for real!”
731,4677,1,4,44,49,1.1224489795918366,0.055578689246150295,672,"And then I thought ""what the heck, they probably couldn't do any harm."""
1130,4677,0,6,43,49,1.1224489795918366,0.04731438007905969,672,Ugh....can you pull these stickers off ......
704,4677,0,6,43,49,1.1224489795918366,0.04731438007905969,672,Please swat these pesky primitive hunters for me.
638,4677,0,6,43,49,1.1224489795918366,0.04731438007905969,672,"You go down to the river, how come you don't get these things?"
70,4677,1,4,44,49,1.1224489795918366,0.055578689246150295,672,I forgot to spray on my human repellant.
73,4677,0,6,43,49,1.1224489795918366,0.04731438007905969,672,"I know, I need to get a new flea collar."
103,4677,0,6,43,49,1.1224489795918366,0.04731438007905969,672,Totally psyched to be part of their Last Man Standing documentary.
135,4677,0,6,43,49,1.1224489795918366,0.04731438007905969,672,This stab in the back is rubbing me the wrong way.
150,4677,0,6,43,49,1.1224489795918366,0.04731438007905969,672,Free acupuncture.”
155,4677,2,2,45,49,1.1224489795918366,0.06276408873212902,672,They take the O'Jays song 'Back Stabbers' literally!
236,4677,0,6,43,49,1.1224489795918366,0.04731438007905969,672,"Yes it's painful, but it's also half the cost of laser treatments."
257,4677,0,6,43,49,1.1224489795918366,0.04731438007905969,672,It's an evolutionary flea / tick control system.
315,4677,0,6,43,49,1.1224489795918366,0.04731438007905969,672,"Once you get used to them, you forget they're there."
353,4677,0,6,43,49,1.1224489795918366,0.04731438007905969,672,"I don't know what they are but they keep yelling ""I'm Rick James, bitch."""
403,4677,0,6,43,49,1.1224489795918366,0.04731438007905969,672,Hank and I visited the big mountain last weekend and I got these guys from a motel toilet seat on the way home.
419,4677,0,6,43,49,1.1224489795918366,0.04731438007905969,672,I’ve tried everything else.  Where can I get that musk you’re using?
442,4677,0,6,43,49,1.1224489795918366,0.04731438007905969,672,"Well, they gave me $50 for a re-enactment, and they promised to be done by morning."
476,4677,2,2,45,49,1.1224489795918366,0.06276408873212902,672,Let's go swimming.
497,4677,0,6,43,49,1.1224489795918366,0.04731438007905969,672,I call them The Squad.
534,4677,0,6,43,49,1.1224489795918366,0.04731438007905969,672,The doctor says it's a virus and won't last more than a few days.
553,4677,0,6,43,49,1.1224489795918366,0.04731438007905969,672,You won't believe how much more they like lice than our meat.
577,4677,0,6,43,49,1.1224489795918366,0.04731438007905969,672,Their ad says acupuncture fixes 99% of upper back pain...
630,4677,0,6,43,49,1.1224489795918366,0.04731438007905969,672,These Uber pool rides are a pain.
665,4677,2,2,45,49,1.1224489795918366,0.06276408873212902,672,"you'd be surprised , they itch less than Fleas"
1162,4677,1,4,44,49,1.1224489795918366,0.055578689246150295,672,"Until evolution comes up with oxpeckers, this is the best I can do"
1104,4677,0,6,43,49,1.1224489795918366,0.04731438007905969,672,At least you don't have to comb for eggs.
1185,4677,1,4,44,49,1.1224489795918366,0.055578689246150295,672,My back is killing me.
2203,4677,0,6,43,49,1.1224489795918366,0.04731438007905969,672,Ticks me off no end!  Probably get Lyme disease.
1169,4677,1,4,44,49,1.1224489795918366,0.055578689246150295,672,Told you the cryonics would work!
2264,4677,1,4,44,49,1.1224489795918366,0.055578689246150295,672,Flea patrol.
2303,4677,1,4,44,49,1.1224489795918366,0.055578689246150295,672,I tend to wear my battles on my back.
2381,4677,0,6,43,49,1.1224489795918366,0.04731438007905969,672,My paleo diet isn't working
2390,4677,1,4,44,49,1.1224489795918366,0.055578689246150295,672,My first and last party bus gig.
2449,4677,1,4,44,49,1.1224489795918366,0.055578689246150295,672,Can you scratch my back?
2555,4677,1,4,44,49,1.1224489795918366,0.055578689246150295,672,Whatta you make of this?!
2559,4677,1,4,44,49,1.1224489795918366,0.055578689246150295,672,They brought their work home with them.
2561,4677,0,6,43,49,1.1224489795918366,0.04731438007905969,672,You can borrow a couple if you have an itch.
2573,4677,0,6,43,49,1.1224489795918366,0.04731438007905969,672,I thought they were supposed to get bigger and we were supposed to get smaller.
2585,4677,0,6,43,49,1.1224489795918366,0.04731438007905969,672,"Yeah, it looks like hell, but they've done wonders for my bug problems."
2592,4677,0,6,43,49,1.1224489795918366,0.04731438007905969,672,"They were trying to kill me, so I asked them over for dinner."
2595,4677,0,6,43,49,1.1224489795918366,0.04731438007905969,672,Every great leader has an army behind him.
2691,4677,2,2,45,49,1.1224489795918366,0.06276408873212902,672,This might be the best reason for extinction
2700,4677,0,6,43,49,1.1224489795918366,0.04731438007905969,672,This is how i keep unemployment rate low
2718,4677,0,6,43,49,1.1224489795918366,0.04731438007905969,672,It's a season allergy. They come and go.
2826,4677,0,6,43,49,1.1224489795918366,0.04731438007905969,672,Power in numbers? How little they know.
2880,4677,0,6,43,49,1.1224489795918366,0.04731438007905969,672,"This family feud has been going on so long, even I forgot when or where it started."
2159,4677,1,4,44,49,1.1224489795918366,0.055578689246150295,672,"Don't worry, its not sexually transmittable."
2116,4677,0,6,43,49,1.1224489795918366,0.04731438007905969,672,I picked up a game I thought you would enjoy.
2249,4677,0,6,43,49,1.1224489795918366,0.04731438007905969,672,The doc thought I should try acupuncture.
2073,4677,0,6,43,49,1.1224489795918366,0.04731438007905969,672,Got any of that non-dandruff shampoo?
1198,4677,1,4,44,49,1.1224489795918366,0.055578689246150295,672,They don't eat much but it sure itches sometimes.
1252,4677,1,4,44,49,1.1224489795918366,0.055578689246150295,672,I tried telling them to buzz off but they wouldn’t
1307,4677,0,6,43,49,1.1224489795918366,0.04731438007905969,672,We have an understanding: they scratch my back and I agree not to stomp on them.
1420,4677,0,6,43,49,1.1224489795918366,0.04731438007905969,672,"Well, they ARE pretty good at picking fleas and ticks!"
1465,4677,0,6,43,49,1.1224489795918366,0.04731438007905969,672,It's amazing how it's cleared up my bursitis!
2083,4677,1,4,44,49,1.1224489795918366,0.055578689246150295,672,Ever hear of acupuncture?
1560,4677,0,6,43,49,1.1224489795918366,0.04731438007905969,672,I heard from a friend that you can use lavender oil to get rid of them.
1588,4677,1,4,44,49,1.1224489795918366,0.055578689246150295,672,I find it hard to sleep these days.
1614,4677,1,4,44,49,1.1224489795918366,0.055578689246150295,672,"Actually, I don’t mind at all. It’s like a free acupuncture."
1501,4677,0,6,43,49,1.1224489795918366,0.04731438007905969,672,"I feel like the weight of the world is on my shoulders.""

""I wouldn't worry about it. A nice, hot bath will wash it all away."
1850,4677,1,4,44,49,1.1224489795918366,0.055578689246150295,672,So what repellent do you use?
2046,4677,1,4,44,49,1.1224489795918366,0.055578689246150295,672,I have a new team of acupuncturists.
1615,4677,1,4,44,49,1.1224489795918366,0.055578689246150295,672,"You were right, Rebecca. I should have taken a reference picture to the salon."
2001,4677,0,6,43,49,1.1224489795918366,0.04731438007905969,672,they pick off the nits...
2000,4677,0,6,43,49,1.1224489795918366,0.04731438007905969,672,Mom I got fleas!
2010,4677,0,6,43,49,1.1224489795918366,0.04731438007905969,672,Do we still have that can of Caveman-B-Gone?
1959,4677,0,6,43,49,1.1224489795918366,0.04731438007905969,672,Mayonnaise doesn’t work.
1948,4677,2,2,45,49,1.1224489795918366,0.06276408873212902,672,It's an ancient dance routine called The Harlem Shake.
1869,4677,1,4,44,49,1.1224489795918366,0.055578689246150295,672,"I put up with it all the way home because I thought they were yelling, 'Spirit! Spirit!'"
54,4677,1,4,44,49,1.1224489795918366,0.055578689246150295,672,Do you happen to have any lice shampoo?
3515,4861,1,4,45,50,1.12,0.05451081150953976,672,Look I've got human intelligence back scratchers!
4474,4861,0,6,44,50,1.12,0.046423076597919784,672,Don’t worry: I’ll be spearheading the move.
4522,4861,0,6,44,50,1.12,0.046423076597919784,672,Their prices are pretty reasonable and so far they're doing a good job keeping the fleas off.
1148,4861,0,6,44,50,1.12,0.046423076597919784,672,I blew my audition for 'Ice Age.'
2287,4861,0,6,44,50,1.12,0.046423076597919784,672,I refuse to go near a cliff  !
2281,4861,1,4,45,50,1.12,0.05451081150953976,672,"Sure, call it pseudoscience, but I haven't had back pain in weeks."
2079,4861,0,6,44,50,1.12,0.046423076597919784,672,"Hi, Honey, where's the DEET ?"
3905,4861,1,4,45,50,1.12,0.05451081150953976,672,Sorry but you know how they love visiting Woollies.
899,4861,1,4,45,50,1.12,0.05451081150953976,672,No need to scratch your back against the wall.  Try these human back scratchers . They love to scrape around looking for ticks and chiggers which are for them a succulent food source
690,4861,0,6,44,50,1.12,0.046423076597919784,672,I'm tired of working with these Neanderthals. They don't even know class is over.
650,4861,1,4,45,50,1.12,0.05451081150953976,672,I just ignore them
411,4861,0,6,44,50,1.12,0.046423076597919784,672,"...so then she yells, 'get France out of the Tuamotus!'"
2,4861,0,6,44,50,1.12,0.046423076597919784,672,Have you got a better way to kill lice?
776,4861,0,6,44,50,1.12,0.046423076597919784,672,Would you mind scratching my back?
3376,4875,0,6,45,51,1.1176470588235294,0.04556450995538139,672,My dermatologist says it must be some new strain that is immune to the medicine.
405,4875,1,4,46,51,1.1176470588235294,0.05348306547837592,672,Climate change is real.
5273,4875,1,4,46,51,1.1176470588235294,0.05348306547837592,672,Once upon a wild and wooly time ....far and fro astray.
2801,4878,0,6,46,52,1.1153846153846154,0.044736922925984586,672,I tolerate it because the poking improves the blood circulation to my hump.
4265,4879,2,2,49,53,1.1132075471698113,0.05815484908461297,672,Get off my back!
5195,4879,0,6,47,53,1.1132075471698113,0.043938680706010445,672,"A little to the left...ahhhh, that's the spot!"
3029,4881,0,6,49,55,1.1090909090909091,0.04242424242424242,672,Getting warm again. Need some of that Flea and Ticked Off.
3819,4881,1,4,50,55,1.1090909090909091,0.04973144899026735,672,"Honey, do we have anymore of that flea, tick, and simian medication? They seem attracted to my fur and the spike marks itch like crazy!"
3731,4883,1,3,42,46,1.108695652173913,0.05584883729854405,672,I think I picked up a few parasites.
3959,4883,0,5,41,46,1.108695652173913,0.04639945099589022,672,Where's my lint roller?
3786,4883,0,5,41,46,1.108695652173913,0.04639945099589022,672,It's a new treatment called 'acupuncture.'
3805,4883,0,5,41,46,1.108695652173913,0.04639945099589022,672,"You can find it on the Dating Websites, just do not put your credit card number."
3818,4883,0,5,41,46,1.108695652173913,0.04639945099589022,672,"They're a quadruple threat, Helga. They sing, dance, act, and eat parasitic bugs."
3955,4883,2,1,43,46,1.108695652173913,0.06391616542376796,672,I thought you weren't ticklish?
3769,4883,0,5,41,46,1.108695652173913,0.04639945099589022,672,When you've got lice the size of mine?  Drastic measures needed!
3987,4883,0,5,41,46,1.108695652173913,0.04639945099589022,672,"Is it Wednesday, Already?"
4239,4883,0,5,41,46,1.108695652173913,0.04639945099589022,672,"I know it looks crazy, but i earn 15$ per hour for each and I can pet them fo free!"
4010,4883,0,5,41,46,1.108695652173913,0.04639945099589022,672,« It’s hard to stay alive »
4187,4883,0,5,41,46,1.108695652173913,0.04639945099589022,672,I think I have Gits.
4221,4883,0,5,41,46,1.108695652173913,0.04639945099589022,672,I’m trying to decide between a Fro or Dreads.
4233,4883,1,3,42,46,1.108695652173913,0.05584883729854405,672,"They said something like, ""A peacock today, a feather duster tomorrow."""
3724,4883,0,5,41,46,1.108695652173913,0.04639945099589022,672,Quite honestly?  The message I’m getting is that we are soon done”
4264,4883,0,5,41,46,1.108695652173913,0.04639945099589022,672,Flea market for hunters and gatherers.
4293,4883,0,5,41,46,1.108695652173913,0.04639945099589022,672,It's tick season again.
4009,4883,1,3,42,46,1.108695652173913,0.05584883729854405,672,"It's great for getting rid of ticks, gnats, fleas, flies, mosquitos and other vermin...truly saves on my grooming costs."
3663,4883,1,3,42,46,1.108695652173913,0.05584883729854405,672,It’s infectious but they’ll clear up in 6000 years if I leave them alone
3488,4883,0,5,41,46,1.108695652173913,0.04639945099589022,672,My hair is whet and I can’t do a thing with it!
3616,4883,0,5,41,46,1.108695652173913,0.04639945099589022,672,"Now you mention it, they do get a little itchy at times."
2997,4883,0,5,41,46,1.108695652173913,0.04639945099589022,672,They are from the knitting class.
3072,4883,0,5,41,46,1.108695652173913,0.04639945099589022,672,I’m spearheading a new idea for a back scratcher.
3133,4883,0,5,41,46,1.108695652173913,0.04639945099589022,672,"Honey, I had an affair, and now my back is itchy."
3144,4883,0,5,41,46,1.108695652173913,0.04639945099589022,672,This new species is already getting under my skin.
3163,4883,1,3,42,46,1.108695652173913,0.05584883729854405,672,My Qi is out of whack.
3196,4883,0,5,41,46,1.108695652173913,0.04639945099589022,672,It’s just Democrats. They’re a nuisance more than anything.
3296,4883,0,5,41,46,1.108695652173913,0.04639945099589022,672,"They're from ""Neanderthal Acupuncture and Chiropractics""  working on my arthritis."
3316,4883,1,3,42,46,1.108695652173913,0.05584883729854405,672,Trying acupuncture for my gastrointestinal issues.
3380,4883,0,5,41,46,1.108695652173913,0.04639945099589022,672,I just cat get rid of them. What shampoo do you use?
3405,4883,1,3,42,46,1.108695652173913,0.05584883729854405,672,It's an accommodation versus confrontation strategy.
3416,4883,0,5,41,46,1.108695652173913,0.04639945099589022,672,So what do I do to get rid of fleaples?
3417,4883,1,3,42,46,1.108695652173913,0.05584883729854405,672,What should we do? Move out or go extinct?
4307,4883,1,3,42,46,1.108695652173913,0.05584883729854405,672,I don’t think these acupuncture treatments are doing helping my back pain.
3542,4883,0,5,41,46,1.108695652173913,0.04639945099589022,672,They eliminate the fleas
3575,4883,0,5,41,46,1.108695652173913,0.04639945099589022,672,Do you think this is what they call acupuncture?
3580,4883,0,5,41,46,1.108695652173913,0.04639945099589022,672,I had a choice between ants and humans
3593,4883,1,3,42,46,1.108695652173913,0.05584883729854405,672,I find them a small annoyance.  Much like ants. We will see how it works out.  Either they will give up or we will be extinct.
3634,4883,1,3,42,46,1.108695652173913,0.05584883729854405,672,"They come in packs of 5.  Cheap, and great for Mammoth Itch!"
4346,4883,0,5,41,46,1.108695652173913,0.04639945099589022,672,"What, these guys?  I think they want to eat me."
4595,4883,0,5,41,46,1.108695652173913,0.04639945099589022,672,". . . and now, with these underpaid gig workers, I’m parasite-free!"
4452,4883,0,5,41,46,1.108695652173913,0.04639945099589022,672,"This could require more then just
a flea and tick collar."
5025,4883,1,3,42,46,1.108695652173913,0.05584883729854405,672,Got my flea flickers! I'm ready for the game!
5151,4883,1,3,42,46,1.108695652173913,0.05584883729854405,672,I tried the special shampoo but they're still here.
5178,4883,0,5,41,46,1.108695652173913,0.04639945099589022,672,"It's worth the rent but I should have included the ""no weapons"" clause in the lease"
5183,4883,0,5,41,46,1.108695652173913,0.04639945099589022,672,Brought to you by the creators of King Kong on Broadway!
5184,4883,1,3,42,46,1.108695652173913,0.05584883729854405,672,Hopefully this will solve the Lyme problem
5208,4883,1,3,42,46,1.108695652173913,0.05584883729854405,672,"I know, it’s annoying, but what’s a mammoth to do?"
5222,4883,1,3,42,46,1.108695652173913,0.05584883729854405,672,"they sound terrible, but at least i feel something"
5294,4883,0,5,41,46,1.108695652173913,0.04639945099589022,672,"Nancy, they insist they are from the battleground states!"
5359,4883,0,5,41,46,1.108695652173913,0.04639945099589022,672,You learn to accept it. It's a back septet.
5373,4883,0,5,41,46,1.108695652173913,0.04639945099589022,672,Sometimes I just wish I was extinct.
5387,4883,0,5,41,46,1.108695652173913,0.04639945099589022,672,My pachydermotologist says they'll do wonders for the skin.
5454,4883,0,5,41,46,1.108695652173913,0.04639945099589022,672,"Hey don’t just sit there, get me the caveman repellent."
5511,4883,0,5,41,46,1.108695652173913,0.04639945099589022,672,I sure wish we hadn’t watched that Horton documentary. Now what am I going to do????
5539,4883,2,1,43,46,1.108695652173913,0.06391616542376796,672,I’m petrified.
5545,4883,1,3,42,46,1.108695652173913,0.05584883729854405,672,Where'd we put that oxpecker bird?
5557,4883,2,1,43,46,1.108695652173913,0.06391616542376796,672,It's cheaper than a massage parlor.
4514,4883,0,5,41,46,1.108695652173913,0.04639945099589022,672,This acupuncture really works you should try it....
5006,4883,0,5,41,46,1.108695652173913,0.04639945099589022,672,"I'm an independent contractor, which sounds cool, but really it just means they don't have to offer me health insurance."
4399,4883,0,5,41,46,1.108695652173913,0.04639945099589022,672,Tick check.
4971,4883,0,5,41,46,1.108695652173913,0.04639945099589022,672,Do you have any DEET?
4926,4883,1,3,42,46,1.108695652173913,0.05584883729854405,672,"I've had pains in my back and these guys
have found a cure.  It's called acupuncture."
4497,4883,1,3,42,46,1.108695652173913,0.05584883729854405,672,These are the kind of perks you get working  for Hannibal.
4500,4883,0,5,41,46,1.108695652173913,0.04639945099589022,672,"I’ve tried everything, but I just can’t get rid of this mandruff!"
4507,4883,1,3,42,46,1.108695652173913,0.05584883729854405,672,"You remember when I said that I thought a massage would be a good idea Louise? Well, I take it back."""
4545,4883,0,5,41,46,1.108695652173913,0.04639945099589022,672,They can subpoena all they want-- I'll still take Michigan & Pennsylvania in 2020.
2946,4883,1,3,42,46,1.108695652173913,0.05584883729854405,672,"Yes, I do find them to be rather annoying."
4663,4883,0,5,41,46,1.108695652173913,0.04639945099589022,672,And it's the perfect cave wall for back scratching too
4673,4883,1,3,42,46,1.108695652173913,0.05584883729854405,672,If they beat extinction they'll probably ruin this planet.
4682,4883,0,5,41,46,1.108695652173913,0.04639945099589022,672,I’ve heard that acupuncture is good for a bad back.
4699,4883,1,3,42,46,1.108695652173913,0.05584883729854405,672,Acupuncture helps my fading memory.
4722,4883,0,5,41,46,1.108695652173913,0.04639945099589022,672,Don't worry it's symbiotic - they scratch the hard-to-reach itches.
4829,4883,0,5,41,46,1.108695652173913,0.04639945099589022,672,"Look Snow White, I picked up seven little dwarfs for you."
4836,4883,0,5,41,46,1.108695652173913,0.04639945099589022,672,"No problem, their just dancing."
4839,4883,0,5,41,46,1.108695652173913,0.04639945099589022,672,It was a truncated battle.
4841,4883,0,5,41,46,1.108695652173913,0.04639945099589022,672,Harry you have to get some back scratchers!
4859,4883,0,5,41,46,1.108695652173913,0.04639945099589022,672,I always want to look my best before we go out.
4871,4883,1,3,42,46,1.108695652173913,0.05584883729854405,672,They said the Agricultural Revolution doesn't come for another five-thousand years.
4913,4883,0,5,41,46,1.108695652173913,0.04639945099589022,672,It’s called acupuncture... supposed to be the latest cure for curved tusks.
4952,4883,0,5,41,46,1.108695652173913,0.04639945099589022,672,I'm thinking that I might have Psoriasis
2850,4883,0,5,41,46,1.108695652173913,0.04639945099589022,672,"I'm not sure which is Worse, the fleas or the cure."
5578,4883,1,3,42,46,1.108695652173913,0.05584883729854405,672,"""

""They said 'we have your back'"".  I replied '10,000 years late'.     

John Curliano, Alameda, C"
2836,4883,0,5,41,46,1.108695652173913,0.04639945099589022,672,I am going to see a doctor about this.
688,4883,0,5,41,46,1.108695652173913,0.04639945099589022,672,Did you order the acupuncture kit?
689,4883,0,5,41,46,1.108695652173913,0.04639945099589022,672,Forgive them for they know not what they do to the mammoth steppe ecosystem.
713,4883,0,5,41,46,1.108695652173913,0.04639945099589022,672,Apparently they think they are a superior species.
736,4883,0,5,41,46,1.108695652173913,0.04639945099589022,672,The one who kills the most fleas gets to ride on my tusk.
754,4883,0,5,41,46,1.108695652173913,0.04639945099589022,672,They ‘re called Republicans. One of our descendants will be the emblem of their party.
770,4883,1,3,42,46,1.108695652173913,0.05584883729854405,672,My massage therapist recommended them.
773,4883,0,5,41,46,1.108695652173913,0.04639945099589022,672,I think my flea collar has worn out
671,4883,0,5,41,46,1.108695652173913,0.04639945099589022,672,It’s a good thing I’m both woolly and mammoth.
832,4883,0,5,41,46,1.108695652173913,0.04639945099589022,672,"Sheesh, this climate change is bringing on my prickly heat."
861,4883,1,3,42,46,1.108695652173913,0.05584883729854405,672,I gotta get a new Neth collar.
876,4883,0,5,41,46,1.108695652173913,0.04639945099589022,672,Of course they itch.
917,4883,0,5,41,46,1.108695652173913,0.04639945099589022,672,What flea powder do you use?
927,4883,0,5,41,46,1.108695652173913,0.04639945099589022,672,"IT'S CALLED MAMMOTH ACUPUNCTURE 
BY LITTLE SPEAR PEOPLE"
1003,4883,1,3,42,46,1.108695652173913,0.05584883729854405,672,I regret my modeling career for cave art.
1070,4883,1,3,42,46,1.108695652173913,0.05584883729854405,672,"More every year, but how bad can they be?"
1085,4883,1,3,42,46,1.108695652173913,0.05584883729854405,672,I feel like I’ll be extinct before this acupuncture works.
844,4883,2,1,43,46,1.108695652173913,0.06391616542376796,672,Give me a stink spray please. The humans are biting.
654,4883,0,5,41,46,1.108695652173913,0.04639945099589022,672,"My doctor told me to try acupuncture, but my jury's still out..."
653,4883,1,3,42,46,1.108695652173913,0.05584883729854405,672,I'm here to pick up a prescription for lindane.
550,4883,0,5,41,46,1.108695652173913,0.04639945099589022,672,They work for peanuts
2837,4883,1,3,42,46,1.108695652173913,0.05584883729854405,672,"Is it me, or do they keep evolving?"
9,4883,1,3,42,46,1.108695652173913,0.05584883729854405,672,Why are they fighting over me up there?
86,4883,0,5,41,46,1.108695652173913,0.04639945099589022,672,yeah my boss has riding my back all week. my boss is seven Stone Age humans by the way.
124,4883,0,5,41,46,1.108695652173913,0.04639945099589022,672,"Man, I can't wait 'til these little fuckers die out and everything gets back to normal."
156,4883,0,5,41,46,1.108695652173913,0.04639945099589022,672,There's not much meat on them but they're great little back scratchers.
275,4883,2,1,43,46,1.108695652173913,0.06391616542376796,672,"I've tried all of the medicated shampoos and stuff, but no luck. I guess I'll have to get one of those collars now."
292,4883,0,5,41,46,1.108695652173913,0.04639945099589022,672,"Help me get the angry bugs off."""
319,4883,1,3,42,46,1.108695652173913,0.05584883729854405,672,"I've got a permit, but it's not concealed carry."
329,4883,0,5,41,46,1.108695652173913,0.04639945099589022,672,"Talented group,their perm is to die for !"
334,4883,0,5,41,46,1.108695652173913,0.04639945099589022,672,"Strange, they say they are looking for my memory>"
408,4883,0,5,41,46,1.108695652173913,0.04639945099589022,672,It's just a flare-up.
453,4883,0,5,41,46,1.108695652173913,0.04639945099589022,672,I think they are looking for peanuts  !
457,4883,0,5,41,46,1.108695652173913,0.04639945099589022,672,"Frankly, I miss the rocks."
460,4883,0,5,41,46,1.108695652173913,0.04639945099589022,672,Acupuncture
513,4883,1,3,42,46,1.108695652173913,0.05584883729854405,672,"It's the latest in fur maintenance, Mag-nono technology"
523,4883,1,3,42,46,1.108695652173913,0.05584883729854405,672,They're primitive but they give the best back scratches.
548,4883,1,3,42,46,1.108695652173913,0.05584883729854405,672,"If evolution makes us any smaller, I suspect that these miniature acupuncturist cavemen are going to be a problem."
1152,4883,0,5,41,46,1.108695652173913,0.04639945099589022,672,So how do you get rid of your fleas?
1153,4883,0,5,41,46,1.108695652173913,0.04639945099589022,672,They've decided to workshop it
298,4883,1,3,42,46,1.108695652173913,0.05584883729854405,672,Acupuncture is really reducing my back pain.
1282,4883,0,5,41,46,1.108695652173913,0.04639945099589022,672,New acupuncturists?
2192,4883,0,5,41,46,1.108695652173913,0.04639945099589022,672,"I swear, every time I destroy their campfires, they attack me and call me a mammoth problem"
2195,4883,0,5,41,46,1.108695652173913,0.04639945099589022,672,Don’t worry. They’ll die out in the cold.
2199,4883,0,5,41,46,1.108695652173913,0.04639945099589022,672,They say they want sushi
2207,4883,1,3,42,46,1.108695652173913,0.05584883729854405,672,So good for scratching the itch I can't reach.
1180,4883,0,5,41,46,1.108695652173913,0.04639945099589022,672,Didn't you opt for the summer cold storage special for full length coats?
2309,4883,1,3,42,46,1.108695652173913,0.05584883729854405,672,It's awkward.
2327,4883,0,5,41,46,1.108695652173913,0.04639945099589022,672,They've started wondering if I taste like dinosaur
2191,4883,2,1,43,46,1.108695652173913,0.06391616542376796,672,It’s a flea treatment.
2378,4883,0,5,41,46,1.108695652173913,0.04639945099589022,672,have been here for a weeks now. is there any medicine?
2825,4883,0,5,41,46,1.108695652173913,0.04639945099589022,672,"I swear Bill, that's the last time I sleep with a Mastodon."""
2473,4883,1,3,42,46,1.108695652173913,0.05584883729854405,672,They don't bother me and they keep me clean by removing annoying small animals -
2550,4883,0,5,41,46,1.108695652173913,0.04639945099589022,672,Can you check for split ends?
2579,4883,1,3,42,46,1.108695652173913,0.05584883729854405,672,You still have that lice comb?
2620,4883,1,3,42,46,1.108695652173913,0.05584883729854405,672,I’m sure they will go away
2637,4883,0,5,41,46,1.108695652173913,0.04639945099589022,672,Do you have any of that shampoo left over?
2812,4883,2,1,43,46,1.108695652173913,0.06391616542376796,672,And they say we're the ones who are going extinct.
2395,4883,0,5,41,46,1.108695652173913,0.04639945099589022,672,Have you tried this new acupuncture method?
2119,4883,2,1,43,46,1.108695652173913,0.06391616542376796,672,The choice was either these or one neanderthal-sized oxpecker.
2273,4883,0,5,41,46,1.108695652173913,0.04639945099589022,672,George!  You're so out of the loop.  It's acupuncture.
2066,4883,1,3,42,46,1.108695652173913,0.05584883729854405,672,It kinda feels like when your leg falls asleep.
1300,4883,1,3,42,46,1.108695652173913,0.05584883729854405,672,Do you have any more of that Homo Sapiens repellant spray in your trunk?
2115,4883,0,5,41,46,1.108695652173913,0.04639945099589022,672,It's something new. They call it acupuncture. Feels great!
1332,4883,0,5,41,46,1.108695652173913,0.04639945099589022,672,My naturopath says this will help; apparently bouldering is so Pleistocene.
1364,4883,1,3,42,46,1.108695652173913,0.05584883729854405,672,The little fellas call it acupuncture.  Hasta Luego Lumbago...it feels like I could live forever now.
1371,4883,0,5,41,46,1.108695652173913,0.04639945099589022,672,They say they are here to save me from something called 7%22%2C%22session_count%22:1%2C%22last_session_ts%22:1563862
1388,4883,0,5,41,46,1.108695652173913,0.04639945099589022,672,They're my second choice back scratchers.
1428,4883,1,3,42,46,1.108695652173913,0.05584883729854405,672,"Babe c’mon, the guys said it was this or one Neanderthal-sized mouse!"
1434,4883,0,5,41,46,1.108695652173913,0.04639945099589022,672,I've tried everything to no avail. I'm starting to think they're just genetically predisposed to violent behavior.
1319,4883,0,5,41,46,1.108695652173913,0.04639945099589022,672,The fluffy mammoth look is in
1636,4883,1,3,42,46,1.108695652173913,0.05584883729854405,672,"Doctor says it's highly contagious, and is likely to evolve."
1662,4883,0,5,41,46,1.108695652173913,0.04639945099589022,672,This is what I get for trying to be a good neighbor.
1687,4883,0,5,41,46,1.108695652173913,0.04639945099589022,672,"Sorry honey, but I think I caught a Cenozoic Transmitted Disease."
1734,4883,1,3,42,46,1.108695652173913,0.05584883729854405,672,"It may look painful, but you should see the way my coat shines after it's done."
1785,4883,2,1,43,46,1.108695652173913,0.06391616542376796,672,Have you tried a new product on the market to kill fleas?
1845,4883,1,3,42,46,1.108695652173913,0.05584883729854405,672,I think they call themselves ants
1917,4883,0,5,41,46,1.108695652173913,0.04639945099589022,672,"Sure they itch a bit, but they rinse right off."
1991,4883,1,3,42,46,1.108695652173913,0.05584883729854405,672,"Where's that can of deet, Marge?"
1541,4883,2,1,43,46,1.108695652173913,0.06391616542376796,672,Beats a flea collar.
5399,5045,0,5,42,47,1.1063829787234043,0.04546036031565445,672,"In a few million years, this will be called acupuncture."
5315,5045,0,5,42,47,1.1063829787234043,0.04546036031565445,672,"It’s called acupuncture, apparently the tusks, pelt and body are all part of the real you."
5016,5045,1,3,43,47,1.1063829787234043,0.05469656058869374,672,"Sticks and stones may break my bones,  but their “words” will never hurt me."
3594,5045,0,5,42,47,1.1063829787234043,0.04546036031565445,672,Meals on Toe Nails
2056,5045,0,5,42,47,1.1063829787234043,0.04546036031565445,672,"Tried the new acupuncturist, Geoff?"
2078,5045,0,5,42,47,1.1063829787234043,0.04546036031565445,672,Tonight's entertainment: Carnivorous Morons Kill Each Other.
1200,5045,1,3,43,47,1.1063829787234043,0.05469656058869374,672,"You know Al, it was funny the first time, but now it's just tired, okay?"
3011,5045,0,5,42,47,1.1063829787234043,0.04546036031565445,672,All the old models have to meet new thick-skin tolerance standards.
3368,5053,0,5,43,48,1.1041666666666667,0.044558346215878446,672,You should try this symbiotic stuff.
4360,5053,0,5,43,48,1.1041666666666667,0.044558346215878446,672,"This is my mammoth. You go over to that one, you caveman."
5330,5053,2,1,45,48,1.1041666666666667,0.06130657275434796,672,"Call Terminix, it's bedbugs again."
3333,5053,1,3,44,48,1.1041666666666667,0.053590773834580184,672,I've got a me-sized problem.
2348,5053,0,5,43,48,1.1041666666666667,0.044558346215878446,672,I forgot to put on the pest repellent.
1718,5053,0,5,43,48,1.1041666666666667,0.044558346215878446,672,"they eat dead skin, and… inflammation? guess there’s some in charcoal you cram in your vagina— saw a rich girl talk about it on youtube. i worry sometimes about… where everything is going? but the rich girl says self-care is political."
474,5053,0,5,43,48,1.1041666666666667,0.044558346215878446,672,"I picked them up at a sleepover, and boy do they itch!"
163,5053,1,3,44,48,1.1041666666666667,0.053590773834580184,672,I don't seem to remember now whether I signed up with Uber or Airbnb.
29,5053,0,5,43,48,1.1041666666666667,0.044558346215878446,672,They’re pest exterminators.
965,5053,0,5,43,48,1.1041666666666667,0.044558346215878446,672,The acupuncture is working great on my arthritis.
1259,5063,0,6,52,58,1.103448275862069,0.04033776909417944,672,"OK. You're right. If I was more of a bookish type like your dad, this probably wouldn't be happening."
4958,5064,1,3,45,49,1.1020408163265305,0.05252872520911736,672,Can we  keep them?  What do you think the eat?
4791,5064,0,5,44,49,1.1020408163265305,0.0436912672743712,672,You better hope that Hannibal doesn't take the battle to your topside.
4612,5064,0,5,44,49,1.1020408163265305,0.0436912672743712,672,These goddamn remoras!
4192,5064,0,5,44,49,1.1020408163265305,0.0436912672743712,672,"I would take that new medication, but they say one of the possible side effects is piercing pain."
1374,5064,0,5,44,49,1.1020408163265305,0.0436912672743712,672,"I mentioned the word ""taxes"" and they went mad!"
2364,5064,0,5,44,49,1.1020408163265305,0.0436912672743712,672,"I don’t know if it really works, but it’s better than those stupid herbs."
1450,5064,0,5,44,49,1.1020408163265305,0.0436912672743712,672,"Snow White, it's your turn for these back-scratchers."
2915,5064,0,5,44,49,1.1020408163265305,0.0436912672743712,672,"I've tried everything ... essential oils, lysol, fine combing... but can't get rid of these pests!"
4163,5072,0,5,45,50,1.1,0.04285714285714286,672,Supposedly more die with them than from them.
5440,5072,0,5,45,50,1.1,0.04285714285714286,672,"Don’t worry dear, the doctors said it will clear my flea problem."
5154,5074,1,3,48,52,1.0961538461538463,0.049580558825364524,672,Do you have any flea spray?
3683,5075,0,4,39,43,1.0930232558139534,0.04481972612369448,672,This is getting old. Do you think Nancy would take them for a while? I hear donkeys don't mind in-fighting.
4566,5075,0,4,39,43,1.0930232558139534,0.04481972612369448,672,"Sydney ...That is Some Mammoth Case of  ""Pacydermitis,""  my Friend. Have You Heard About the New and Improved ""Hadrians,""  Dandruff  Shampoo?"
2621,5075,0,4,39,43,1.0930232558139534,0.04481972612369448,672,I'm getting cancelled for this one
2037,5075,1,2,40,43,1.0930232558139534,0.055823181223160837,672,I told them to get down of my back and they replied 'but you're not a duck'
1944,5075,1,2,40,43,1.0930232558139534,0.055823181223160837,672,Their are the same as fleas....
1390,5075,0,4,39,43,1.0930232558139534,0.04481972612369448,672,Keep it up. We're almost at the trump.
2068,5075,0,4,39,43,1.0930232558139534,0.04481972612369448,672,"I think it’s called acupuncture in China. Whatever, my back never felt so good."
4297,5082,0,4,40,44,1.0909090909090908,0.04384025656094653,672,I thought you said the Caveman spray would work...
3313,5082,0,4,40,44,1.0909090909090908,0.04384025656094653,672,"Please, Harold, don't tell me this is how we become extinct."
3449,5082,1,2,41,44,1.0909090909090908,0.054580679253385125,672,"They seem cute now, but wait for the Anthropocene."
3273,5082,0,4,40,44,1.0909090909090908,0.04384025656094653,672,I'm hoping it doesn't get to the Atomic Age.
3602,5082,1,2,41,44,1.0909090909090908,0.054580679253385125,672,That's why we're called mammoths!
3732,5082,0,4,40,44,1.0909090909090908,0.04384025656094653,672,"At first, I thought it was fleas."
3779,5082,0,4,40,44,1.0909090909090908,0.04384025656094653,672,This cane was supposed to be much less stabby.
3803,5082,0,4,40,44,1.0909090909090908,0.04384025656094653,672,I'll end up being extinct while you'll join the circus.
3891,5082,0,4,40,44,1.0909090909090908,0.04384025656094653,672,It’s my back-scratcher
4159,5082,0,4,40,44,1.0909090909090908,0.04384025656094653,672,I have one of those Cadillac health plans. It covers in-home acupuncture.
4161,5082,0,4,40,44,1.0909090909090908,0.04384025656094653,672,"He Al, look who I picked up. They said some girl name Snow White dumped them."
4273,5082,0,4,40,44,1.0909090909090908,0.04384025656094653,672,Would you spray my back with repellant?
4457,5082,0,4,40,44,1.0909090909090908,0.04384025656094653,672,"Look, evolution is very over-hyped"
5448,5082,0,4,40,44,1.0909090909090908,0.04384025656094653,672,"Sorry, my boss is on my back to finish this project."
3126,5082,0,4,40,44,1.0909090909090908,0.04384025656094653,672,Doc said the infection has evolved.
4521,5082,1,2,41,44,1.0909090909090908,0.054580679253385125,672,To me it’s like dandruff
4532,5082,0,4,40,44,1.0909090909090908,0.04384025656094653,672,"Dude, my back has been so itchy"
4537,5082,0,4,40,44,1.0909090909090908,0.04384025656094653,672,I lease it out every weekend for their reenactments ... not bad money and I get a mini back massage.
4754,5082,0,4,40,44,1.0909090909090908,0.04384025656094653,672,I pay the children to do this so the parents won’t. So far it works.
4848,5082,0,4,40,44,1.0909090909090908,0.04384025656094653,672,I like this new hunter-gatherer thing we decided to try.
5139,5082,0,4,40,44,1.0909090909090908,0.04384025656094653,672,"I said, ""climb the Matterhorn!"""
5242,5082,0,4,40,44,1.0909090909090908,0.04384025656094653,672,I thought you had contacted the exterminator
5338,5082,0,4,40,44,1.0909090909090908,0.04384025656094653,672,I'm covering for Bruce this week.
5542,5082,0,4,40,44,1.0909090909090908,0.04384025656094653,672,"They keep chanting, ""Big Top Start-Up""."
5548,5082,1,2,41,44,1.0909090909090908,0.054580679253385125,672,"I appreciate your suggestion, but no more acupuncture for me."
5586,5082,0,4,40,44,1.0909090909090908,0.04384025656094653,672,"It’s okay, they’ll tucker themselves out."
4510,5082,0,4,40,44,1.0909090909090908,0.04384025656094653,672,"Painful, but they help control the ticks."
3043,5082,0,4,40,44,1.0909090909090908,0.04384025656094653,672,It feels really good - you should try it.
1010,5082,0,4,40,44,1.0909090909090908,0.04384025656094653,672,They can't jump well but I wouldn't get to close.
2670,5082,0,4,40,44,1.0909090909090908,0.04384025656094653,672,I told you I was participating in an alternative care medicine workshop with our neighboors. You should try you seem a bit stiff.
11,5082,1,2,41,44,1.0909090909090908,0.054580679253385125,672,I thought they were extinct
23,5082,0,4,40,44,1.0909090909090908,0.04384025656094653,672,"'""Their sticks and stones won't break my bones, but should hear the names they call me.'"""
213,5082,1,2,41,44,1.0909090909090908,0.054580679253385125,672,I think we have an ant problem.
249,5082,0,4,40,44,1.0909090909090908,0.04384025656094653,672,Do we have any bug-spray?
323,5082,1,2,41,44,1.0909090909090908,0.054580679253385125,672,"Sure they're a nuisance, but they keep the pteranodons away."
339,5082,0,4,40,44,1.0909090909090908,0.04384025656094653,672,They apparently have developed an immunity to the rinse I used before.
581,5082,0,4,40,44,1.0909090909090908,0.04384025656094653,672,They claim to be DNA relatives
693,5082,0,4,40,44,1.0909090909090908,0.04384025656094653,672,"If these mites get any bigger, I'll be in trouble"
799,5082,0,4,40,44,1.0909090909090908,0.04384025656094653,672,They seem to play something called 'Hunters v. Gatherers'.
845,5082,0,4,40,44,1.0909090909090908,0.04384025656094653,672,Flee season
1071,5082,0,4,40,44,1.0909090909090908,0.04384025656094653,672,"They're pesky, that's true, but the entertainment of it all is well worth keeping them."
1189,5082,0,4,40,44,1.0909090909090908,0.04384025656094653,672,I told you to NOT lick off my flea medicine
968,5082,0,4,40,44,1.0909090909090908,0.04384025656094653,672,"Yea, my thoughts exactly!"
1496,5082,0,4,40,44,1.0909090909090908,0.04384025656094653,672,There were too many to carry in my trunk.
2505,5082,1,2,41,44,1.0909090909090908,0.054580679253385125,672,I’ll just wait and see how this evolves...
2503,5082,0,4,40,44,1.0909090909090908,0.04384025656094653,672,That blasted website made a mammoth error. This is most certainly not what I meant when I ordered a piqué wool sweater!
2345,5082,0,4,40,44,1.0909090909090908,0.04384025656094653,672,"These little guys don’t look dangerous, but rumor has it they’ll wipe out our icy abode in a couple thousand years."
2768,5082,0,4,40,44,1.0909090909090908,0.04384025656094653,672,Do you have a comb I could borrow?
2111,5082,1,2,41,44,1.0909090909090908,0.054580679253385125,672,I promised them a ride into the cave. They’re late for their martial arts class.
1997,5082,1,2,41,44,1.0909090909090908,0.054580679253385125,672,My doctor said I should try acupuncture to help with my existential dread. I hope it helps but I doubt it will.
2120,5082,0,4,40,44,1.0909090909090908,0.04384025656094653,672,It pleases they and don't hurt I.
1913,5082,0,4,40,44,1.0909090909090908,0.04384025656094653,672,"No offense, but your attempts at back-scratching just didn't get the job done."
1773,5082,0,4,40,44,1.0909090909090908,0.04384025656094653,672,Primatechnology.
1758,5082,0,4,40,44,1.0909090909090908,0.04384025656094653,672,"I've been using a topical control, but it's not as effective since they evolved."
1656,5082,0,4,40,44,1.0909090909090908,0.04384025656094653,672,We're the ones who are going to survive.
1936,5082,0,4,40,44,1.0909090909090908,0.04384025656094653,672,It's your turn to hide the pests.
762,5138,0,4,41,45,1.0888888888888888,0.042902546629485463,672,"I'm going to call it neandopuncture, good for back pain."
990,5138,0,4,41,45,1.0888888888888888,0.042902546629485463,672,We have to find a way to get rid of them without harming the environment.
2743,5138,0,4,41,45,1.0888888888888888,0.042902546629485463,672,Happens three times a day. I hear the first is the most important.
4055,5141,0,3,37,40,1.075,0.04217636961434866,672,They're just a bunch of nit-pickers!
5344,5141,0,3,37,40,1.075,0.04217636961434866,672,"We need to call Schwarzenegger, the ex-terminator."
4300,5141,0,3,37,40,1.075,0.04217636961434866,672,"Honey, I got a little drunk at the Cave Man Draft, but we’ll make it all back at the Super Hunt next year."
2584,5141,0,3,37,40,1.075,0.04217636961434866,672,"Hey, can you check me for lice? I think I got some from Jimmy."
3881,5141,0,3,37,40,1.075,0.04217636961434866,672,I just let them do their thing
2326,5141,0,3,37,40,1.075,0.04217636961434866,672,Stings slightly more than giving blood.
352,5141,0,3,37,40,1.075,0.04217636961434866,672,They're a little annoying sure but they do wonders for your posture.
2477,5141,1,1,38,40,1.075,0.055325377864931344,672,They claim to be cave artists of some sort!
2062,5141,0,3,37,40,1.075,0.04217636961434866,672,"Humans, the Mosquitoes of the Pleistocene Epoch"
4001,5150,0,3,38,41,1.0731707317073171,0.04117547077105886,672,They call themselves Amazons.
3518,5150,0,3,38,41,1.0731707317073171,0.04117547077105886,672,Do the fleas seem larger this year to you too?
3544,5150,1,1,39,41,1.0731707317073171,0.05399010639311867,672,Please swat them off.  They have become irritating.
3547,5150,0,3,38,41,1.0731707317073171,0.04117547077105886,672,"These tiny barbarians do a splendid job with the fleas and scratching my back, I highly recommend them all my Mastodon friends."
3560,5150,0,3,38,41,1.0731707317073171,0.04117547077105886,672,Someone stole their ladder and they're mad as Hell!
3561,5150,0,3,38,41,1.0731707317073171,0.04117547077105886,672,It's not a bad way to make extra money except for all the little pricks.
3563,5150,0,3,38,41,1.0731707317073171,0.04117547077105886,672,Almost makes one wish he was extinct.
3608,5150,0,3,38,41,1.0731707317073171,0.04117547077105886,672,One thing in the world I hate: spellcheckers. Filthy little devils.
3485,5150,0,3,38,41,1.0731707317073171,0.04117547077105886,672,"Annoying, but as long as they don’t multiply!"
3770,5150,1,1,39,41,1.0731707317073171,0.05399010639311867,672,What part of “mammoth” do they not understand?
3776,5150,0,3,38,41,1.0731707317073171,0.04117547077105886,672,"When they do their tap dancing number I have to tell them 'hey guys, there's someone else in the room'."
3849,5150,0,3,38,41,1.0731707317073171,0.04117547077105886,672,"Oh you remember these guys, they're my weekly Acupuncture  crew."
3967,5150,0,3,38,41,1.0731707317073171,0.04117547077105886,672,"I itch, would you please scratch my back?"
3974,5150,0,3,38,41,1.0731707317073171,0.04117547077105886,672,"Unless we evolve a longer tail to swat them off, I fear we will become extinct."
3691,5150,0,3,38,41,1.0731707317073171,0.04117547077105886,672,They misunderstood when I told them the Neanderthal Ball was going to be a mammoth party this year.
3748,5150,0,3,38,41,1.0731707317073171,0.04117547077105886,672,I need more than one acupuncturist.
3463,5150,0,3,38,41,1.0731707317073171,0.04117547077105886,672,It's an adverse reaction to my meds.
3428,5150,0,3,38,41,1.0731707317073171,0.04117547077105886,672,"Do me a favour, check me for fleas."
4032,5150,0,3,38,41,1.0731707317073171,0.04117547077105886,672,"Is it my imagination, or is someone trying to get my attention?"
2874,5150,1,1,39,41,1.0731707317073171,0.05399010639311867,672,The world's second oldest profession. . . acupuncture.
2921,5150,0,3,38,41,1.0731707317073171,0.04117547077105886,672,I scratched your back...
2927,5150,0,3,38,41,1.0731707317073171,0.04117547077105886,672,They're Hairbnb...I'm saving up for the migration.
3019,5150,0,3,38,41,1.0731707317073171,0.04117547077105886,672,This Paleo diet is killing me.
5560,5150,0,3,38,41,1.0731707317073171,0.04117547077105886,672,I wonder what ever happened to the Llliputians ?
3122,5150,0,3,38,41,1.0731707317073171,0.04117547077105886,672,I see that Jonathan Swift has visited again.
3141,5150,1,1,39,41,1.0731707317073171,0.05399010639311867,672,They knock away the ticks.
3148,5150,0,3,38,41,1.0731707317073171,0.04117547077105886,672,I'm not convinced that theses hunter-gatherers know the correct acupuncture points.
3173,5150,0,3,38,41,1.0731707317073171,0.04117547077105886,672,I have some monkeys on my back.
3223,5150,1,1,39,41,1.0731707317073171,0.05399010639311867,672,They ordered a gargantuan-sized Uber
3281,5150,1,1,39,41,1.0731707317073171,0.05399010639311867,672,Only Disney Could Pull This Off
3332,5150,0,3,38,41,1.0731707317073171,0.04117547077105886,672,Neanderthal acupuncture
3363,5150,0,3,38,41,1.0731707317073171,0.04117547077105886,672,Don’t just sit there. Do something!
3426,5150,0,3,38,41,1.0731707317073171,0.04117547077105886,672,It's death by a thousand slices!
2715,5150,0,3,38,41,1.0731707317073171,0.04117547077105886,672,Those are my Wingmen.
4049,5150,0,3,38,41,1.0731707317073171,0.04117547077105886,672,"You should come next time, a good stroll on the tundra is great for clearing the mind of day-to-day doldrums and ennui."
4920,5150,0,3,38,41,1.0731707317073171,0.04117547077105886,672,"When you're this woolly, it's hard to tell if you have an infestation of very large fleas or very small Neanderthals."
4171,5150,0,3,38,41,1.0731707317073171,0.04117547077105886,672,Do you have ointments for caveman cooties?
5019,5150,0,3,38,41,1.0731707317073171,0.04117547077105886,672,"My therapist says when I’ve got a dozen problems picking at me, call a friend."
5023,5150,0,3,38,41,1.0731707317073171,0.04117547077105886,672,"If I could only get these humans off my back, I feel I could amount to something."
5106,5150,0,3,38,41,1.0731707317073171,0.04117547077105886,672,Thank goodness this mammoth gnat problem is only temporary!
5117,5150,0,3,38,41,1.0731707317073171,0.04117547077105886,672,Do you see their point?
5136,5150,0,3,38,41,1.0731707317073171,0.04117547077105886,672,Symbiotic my ass!
5224,5150,0,3,38,41,1.0731707317073171,0.04117547077105886,672,I call it mutualism.
5001,5150,0,3,38,41,1.0731707317073171,0.04117547077105886,672,"I brought the appetizers, tusk tusk"
5230,5150,0,3,38,41,1.0731707317073171,0.04117547077105886,672,It's an infestation I get when I walk through the bushes.
5371,5150,0,3,38,41,1.0731707317073171,0.04117547077105886,672,I guess there is something to be said for flatulence
5408,5150,0,3,38,41,1.0731707317073171,0.04117547077105886,672,"It pains me to say, but I predict, someday, of an odorous ring, encircles our ruffs, will eliminate this necessary inconvenience.” “What say you, dear?"
5524,5150,0,3,38,41,1.0731707317073171,0.04117547077105886,672,"Sure they're irritating, but kind of cute, too."
5526,5150,0,3,38,41,1.0731707317073171,0.04117547077105886,672,We are a dying breed—but did you know that the blue whale is the largest animal that ever lived?
2692,5150,0,3,38,41,1.0731707317073171,0.04117547077105886,672,"Give us a scratch, love."
5554,5150,0,3,38,41,1.0731707317073171,0.04117547077105886,672,Isn’t there a pill I can take for this?
5240,5150,0,3,38,41,1.0731707317073171,0.04117547077105886,672,This infection is going to kill me. It's like death by a thousand pin pricks!
4994,5150,0,3,38,41,1.0731707317073171,0.04117547077105886,672,It’s not the poking that gets to me - it’s the politics.
4988,5150,0,3,38,41,1.0731707317073171,0.04117547077105886,672,PEACHES!!!
4882,5150,0,3,38,41,1.0731707317073171,0.04117547077105886,672,I think it’s pronounced “ACupuncture”.
4229,5150,0,3,38,41,1.0731707317073171,0.04117547077105886,672,The old fleas were all about coexisting; these just want to end you!
4274,5150,0,3,38,41,1.0731707317073171,0.04117547077105886,672,"Their efforts are doomed to failure, of course, but you have to commend them on their optimism and work ethic."
4305,5150,0,3,38,41,1.0731707317073171,0.04117547077105886,672,I forgot to put on the collar.
4340,5150,0,3,38,41,1.0731707317073171,0.04117547077105886,672,They thought they would fight better in the shade.
4417,5150,0,3,38,41,1.0731707317073171,0.04117547077105886,672,"Finally, this year’s model has arrived!"
4432,5150,1,1,39,41,1.0731707317073171,0.05399010639311867,672,I think I prefer Swedish massage to acupuncture.
4518,5150,0,3,38,41,1.0731707317073171,0.04117547077105886,672,Only a slightly painful symbiotic relationship.
4571,5150,0,3,38,41,1.0731707317073171,0.04117547077105886,672,"Extinction aside, I’m gl"
4582,5150,0,3,38,41,1.0731707317073171,0.04117547077105886,672,I’m just grateful they’re not mice.
4619,5150,0,3,38,41,1.0731707317073171,0.04117547077105886,672,"I told them that if they got all the ticks out of my fur, 
they could have you for lunch."
4685,5150,0,3,38,41,1.0731707317073171,0.04117547077105886,672,I'm sure the ice age will get rid of them....
4698,5150,0,3,38,41,1.0731707317073171,0.04117547077105886,672,I just hope they're cannibals.
4703,5150,1,1,39,41,1.0731707317073171,0.05399010639311867,672,This is hunting and gathering? No skin off my back.
4803,5150,0,3,38,41,1.0731707317073171,0.04117547077105886,672,"Don’t worry, what’s the worse they could do?"
4876,5150,1,1,39,41,1.0731707317073171,0.05399010639311867,672,You really should try this nw orchestrated massage therapy.
4154,5150,0,3,38,41,1.0731707317073171,0.04117547077105886,672,"Thinking about it, it's kind of embarrassing that we'll be made extinct by these guys."
2625,5150,0,3,38,41,1.0731707317073171,0.04117547077105886,672,These idiots are going to battle themselves into extinction!
3107,5150,0,3,38,41,1.0731707317073171,0.04117547077105886,672,Could not keep up with the payments on the horse!
2589,5150,0,3,38,41,1.0731707317073171,0.04117547077105886,672,I'm awaiting the leftovers!
681,5150,0,3,38,41,1.0731707317073171,0.04117547077105886,672,"They are like ticks on a mammoth's butt."""
732,5150,0,3,38,41,1.0731707317073171,0.04117547077105886,672,You feed them once and they just keep coming back.
751,5150,0,3,38,41,1.0731707317073171,0.04117547077105886,672,Annoying but serving a purpose. I wouldn't miss them if they go extinct.
780,5150,0,3,38,41,1.0731707317073171,0.04117547077105886,672,They're from the 'Itch-B-Gone' line. Why?
815,5150,0,3,38,41,1.0731707317073171,0.04117547077105886,672,It's a new service called Uber Hunt and Gather.
858,5150,0,3,38,41,1.0731707317073171,0.04117547077105886,672,"I don’t know; something about if you can’t beat them, join them!"
627,5150,0,3,38,41,1.0731707317073171,0.04117547077105886,672,Don't mind them. They're artists along for the ride.
865,5150,0,3,38,41,1.0731707317073171,0.04117547077105886,672,It.s a win win for me
905,5150,0,3,38,41,1.0731707317073171,0.04117547077105886,672,They've devolved into Homo Nitpickus.
915,5150,0,3,38,41,1.0731707317073171,0.04117547077105886,672,I don't think mindfulness will help my aches.
929,5150,0,3,38,41,1.0731707317073171,0.04117547077105886,672,keep the door shut.
960,5150,0,3,38,41,1.0731707317073171,0.04117547077105886,672,"It's my own symbiotic effect - they shoo the horseflies off my back, and I shake the fruit trees for these guys."
993,5150,0,3,38,41,1.0731707317073171,0.04117547077105886,672,"Once they get the fleas out, I just have to roll over to fix lunch."
1001,5150,0,3,38,41,1.0731707317073171,0.04117547077105886,672,My dandruff's killing me.
883,5150,0,3,38,41,1.0731707317073171,0.04117547077105886,672,Ticks.
1024,5150,0,3,38,41,1.0731707317073171,0.04117547077105886,672,"They asked for a ride.  I gave them a ride and it turns out,all along,they had planned to kill and eat me.  Am I gullible or what?"
549,5150,0,3,38,41,1.0731707317073171,0.04117547077105886,672,The worst part is they just argue about politics.
498,5150,0,3,38,41,1.0731707317073171,0.04117547077105886,672,It's a primitive form of acupuncture.
56,5150,0,3,38,41,1.0731707317073171,0.04117547077105886,672,They've started taming me.
72,5150,0,3,38,41,1.0731707317073171,0.04117547077105886,672,"Hey, is it me or are there Homo Sapiens on my back."
96,5150,0,3,38,41,1.0731707317073171,0.04117547077105886,672,They're the big game hunter's mercenaries.
104,5150,0,3,38,41,1.0731707317073171,0.04117547077105886,672,I'm hoping it will help with my back pain.
137,5150,0,3,38,41,1.0731707317073171,0.04117547077105886,672,"I don’t know, Doris. This acupuncture stuff seems a bit primitive."
194,5150,0,3,38,41,1.0731707317073171,0.04117547077105886,672,"Feeling a bit nippy out today, yeah?"
521,5150,0,3,38,41,1.0731707317073171,0.04117547077105886,672,Climate change. Might as well just get used to it.
254,5150,0,3,38,41,1.0731707317073171,0.04117547077105886,672,"That's it. I finally know how they are going to make us go extinct, Fred!"
302,5150,0,3,38,41,1.0731707317073171,0.04117547077105886,672,"I told you to spray my back, too.”"
2599,5150,0,3,38,41,1.0731707317073171,0.04117547077105886,672,"Get this -- they think I'm either a spear, a tree, a fan, a rope, a..."
401,5150,0,3,38,41,1.0731707317073171,0.04117547077105886,672,"What? No, I don't even know her, I got them at the gym."
471,5150,0,3,38,41,1.0731707317073171,0.04117547077105886,672,"They get the buggers out of my hair and shine up my horns, all for a few droppings"
472,5150,1,1,39,41,1.0731707317073171,0.05399010639311867,672,"I know they’re annoying but they’re too small to be any threat. Once they’re gone, we’ll rule the world once again."
490,5150,0,3,38,41,1.0731707317073171,0.04117547077105886,672,Let me take my curlers out before we go
280,5150,1,1,39,41,1.0731707317073171,0.05399010639311867,672,mammoth hears a aghhh
1091,5150,0,3,38,41,1.0731707317073171,0.04117547077105886,672,Let me know when they've killed their quota of pests.
558,5150,0,3,38,41,1.0731707317073171,0.04117547077105886,672,"How do you like my new "" ADJUSTABLE HAIRPIKS "" ?"
1141,5150,0,3,38,41,1.0731707317073171,0.04117547077105886,672,Have you heard about acupuncture?
2545,5150,0,3,38,41,1.0731707317073171,0.04117547077105886,672,"When I asked what it felt like to be stabbed in the back, it was rhetorical Bill. If I really wanted this, I could’ve just tweeted an unpopular opinion for ‘funsies’"
2537,5150,0,3,38,41,1.0731707317073171,0.04117547077105886,672,"No, the ticks have definitely gotten much bigger."
2501,5150,0,3,38,41,1.0731707317073171,0.04117547077105886,672,"It's actually quite relaxing.""
THE PROVENIENCE OF ACUPUNCTUR"
2487,5150,0,3,38,41,1.0731707317073171,0.04117547077105886,672,Got anything for parasites?
2442,5150,0,3,38,41,1.0731707317073171,0.04117547077105886,672,You should see the other guys.
2407,5150,1,1,39,41,1.0731707317073171,0.05399010639311867,672,Sometimes the room picks the elephant
2379,5150,0,3,38,41,1.0731707317073171,0.04117547077105886,672,"OK,I brought the models now YOU start to paint that picture and make the walls of our cave look nicer."
2290,5150,0,3,38,41,1.0731707317073171,0.04117547077105886,672,They’re Atilla’s descendants.
2147,5150,1,1,39,41,1.0731707317073171,0.05399010639311867,672,It’s the new paleo-fur-care regime.
2134,5150,0,3,38,41,1.0731707317073171,0.04117547077105886,672,Not to worry - they say it’s just cosplay.
2034,5150,1,1,39,41,1.0731707317073171,0.05399010639311867,672,"They're like fleas, only more annoying."
1999,5150,0,3,38,41,1.0731707317073171,0.04117547077105886,672,"I'd use a pesticide, but I don't want to harm the environment."
1995,5150,1,1,39,41,1.0731707317073171,0.05399010639311867,672,These humans never give up!
1933,5150,0,3,38,41,1.0731707317073171,0.04117547077105886,672,"No, I didn’t see THAT Twilight Zone show."
1873,5150,0,3,38,41,1.0731707317073171,0.04117547077105886,672,"And to think, someday they will be the dominant species!"
1105,5150,0,3,38,41,1.0731707317073171,0.04117547077105886,672,"Nothing to worry about honey. It’s probably just a rash, and it will disappear after a few days."
1872,5150,0,3,38,41,1.0731707317073171,0.04117547077105886,672,Wrong flea powder
1297,5150,0,3,38,41,1.0731707317073171,0.04117547077105886,672,"Grab the one near my ear, and pass the mustard sauce."
1446,5150,0,3,38,41,1.0731707317073171,0.04117547077105886,672,"As a species, these critters are doomed."
1497,5150,0,3,38,41,1.0731707317073171,0.04117547077105886,672,Usually you are tap dancing on my last nerve - now you are just taking cheap jabs.
1530,5150,0,3,38,41,1.0731707317073171,0.04117547077105886,672,You know you should really get yourself checked for lice.
1544,5150,0,3,38,41,1.0731707317073171,0.04117547077105886,672,I think the elephant in the room is what they’ll do to this place when they’re in charge.
1577,5150,0,3,38,41,1.0731707317073171,0.04117547077105886,672,I don't mind them playing on my back. I just wish they would be more careful with their spears.
2552,5150,0,3,38,41,1.0731707317073171,0.04117547077105886,672,I've always wanted to adopt!
1609,5150,0,3,38,41,1.0731707317073171,0.04117547077105886,672,"Acupuncture, it’s the newest thing."
1688,5150,0,3,38,41,1.0731707317073171,0.04117547077105886,672,Sharon and I have a human infestation. Disgusting creatures. I swear these things will outlive us all.
1720,5150,0,3,38,41,1.0731707317073171,0.04117547077105886,672,"they eat dead skin, and… inflammation? guess there’s some in charcoal or something you cram in your vagina— saw a rich girl talk about it on youtube. i worry sometimes about… where everything is going? but the rich girl says self-care is political."
1815,5150,0,3,38,41,1.0731707317073171,0.04117547077105886,672,I felt sorry for them. They might go extinct.
1819,5150,1,1,39,41,1.0731707317073171,0.05399010639311867,672,You should really try this acupuncture stuff for your bad back.
1839,5150,1,1,39,41,1.0731707317073171,0.05399010639311867,672,Some “visionary” told them “mobile”was they way  of the future....
1841,5150,0,3,38,41,1.0731707317073171,0.04117547077105886,672,The Dr. says there's no cure.
1651,5150,0,3,38,41,1.0731707317073171,0.04117547077105886,672,Mom says that they are stimulating my fur follicles.
2571,5150,0,3,38,41,1.0731707317073171,0.04117547077105886,672,It's some new form of acupuncture.
4355,5293,0,3,41,44,1.0681818181818181,0.03843843094202265,672,What are you- a Neanderthal? This isn't our cave!
4356,5294,0,2,35,37,1.054054054054054,0.03768738858261605,672,It is easier to be a gatherer than a hunter
4127,5294,0,2,35,37,1.054054054054054,0.03768738858261605,672,They say is takes five million years off of your coat
4115,5294,0,2,35,37,1.054054054054054,0.03768738858261605,672,"The doctor told me this condition would only
persist until they all go on Social Security."
4074,5294,0,2,35,37,1.054054054054054,0.03768738858261605,672,"It's a new thing called 'Twitter,' and it's a mammoth pain."
4006,5294,0,2,35,37,1.054054054054054,0.03768738858261605,672,"Could be worse, could be bed bugs."
3942,5294,0,2,35,37,1.054054054054054,0.03768738858261605,672,They call it performance art.  I think I die in the end.
3889,5294,0,2,35,37,1.054054054054054,0.03768738858261605,672,"I'm telling you, these pricks are just killing me."
4177,5294,0,2,35,37,1.054054054054054,0.03768738858261605,672,The parasites or my parasites are my friends
3766,5294,0,2,35,37,1.054054054054054,0.03768738858261605,672,It's that horrible Disney tune....It's a small world after all......          I just can't get it out of my head.
3642,5294,0,2,35,37,1.054054054054054,0.03768738858261605,672,It may be “New Age” but acupuncture really works.
3631,5294,1,0,36,37,1.054054054054054,0.05405405405405408,672,You'll have to check me for a telltale bullseye rash.
3557,5294,0,2,35,37,1.054054054054054,0.03768738858261605,672,"Acupuncture promotes hair growth Linda, and it has been unseasonably cold lately"
3531,5294,0,2,35,37,1.054054054054054,0.03768738858261605,672,Acupuncture is a practice that dates back to the hot stone age.
3496,5294,0,2,35,37,1.054054054054054,0.03768738858261605,672,That's absurd; a college mascot
3475,5294,0,2,35,37,1.054054054054054,0.03768738858261605,672,Hannibal 's  warriors on their way to Italy
3681,5294,0,2,35,37,1.054054054054054,0.03768738858261605,672,"Yeah, it's bad... but no worse than fleas."
3390,5294,0,2,35,37,1.054054054054054,0.03768738858261605,672,Move over. It my turn to use the back scratcher.
4249,5294,0,2,35,37,1.054054054054054,0.03768738858261605,672,"I've been meaning to get an organic mattress, anyway."
4434,5294,0,2,35,37,1.054054054054054,0.03768738858261605,672,I hear there's a new powder that gets rid of them.
5559,5294,0,2,35,37,1.054054054054054,0.03768738858261605,672,Don’t look at me like that. I know what I’m doing.
5536,5294,0,2,35,37,1.054054054054054,0.03768738858261605,672,Sorry - my anti-vaxxer parents never understood the concept of herd immunity.
5515,5294,1,0,36,37,1.054054054054054,0.05405405405405408,672,This organic pygmy repellent just isn't doing the trick.
5513,5294,1,0,36,37,1.054054054054054,0.05405405405405408,672,It’s the latest flea treatment.
5505,5294,0,2,35,37,1.054054054054054,0.03768738858261605,672,"Do  you  have  any  better ideas of
what  these cavemen is doing to me!"
5432,5294,1,0,36,37,1.054054054054054,0.05405405405405408,672,"""It's better than fleas""."
4428,5294,0,2,35,37,1.054054054054054,0.03768738858261605,672,"Actually, I’d rather have the fleas back."
5267,5294,0,2,35,37,1.054054054054054,0.03768738858261605,672,It's just a circular firing squad.
5086,5294,0,2,35,37,1.054054054054054,0.03768738858261605,672,THEY KIND OF ITCH BUT THEY KEEP OFF THE HORSEFLIES
4975,5294,0,2,35,37,1.054054054054054,0.03768738858261605,672,I’m beginning to think that acupuncture is a scam.
4837,5294,0,2,35,37,1.054054054054054,0.03768738858261605,672,"They say it's a 'symbiotic' relationship, but I beg to differ."
4812,5294,0,2,35,37,1.054054054054054,0.03768738858261605,672,The back scratchers from heaven ensemble
4553,5294,0,2,35,37,1.054054054054054,0.03768738858261605,672,"Global warming has become a reality, my whole body is bitten."
4542,5294,0,2,35,37,1.054054054054054,0.03768738858261605,672,Get them off me!
5131,5294,0,2,35,37,1.054054054054054,0.03768738858261605,672,"They're not heavy, they're my brothers."
3327,5294,0,2,35,37,1.054054054054054,0.03768738858261605,672,They get that spot I just can't reach.
2385,5294,0,2,35,37,1.054054054054054,0.03768738858261605,672,I think I need a new neanderthal repellent.
3226,5294,0,2,35,37,1.054054054054054,0.03768738858261605,672,The flea collar expired back in the Pleistocene.
1296,5294,0,2,35,37,1.054054054054054,0.03768738858261605,672,"Cave mans first Republican Convention....
Rahway New Jersey, 27AD"
1291,5294,0,2,35,37,1.054054054054054,0.03768738858261605,672,Fear of mice is our has made us a fantastic team.
1224,5294,0,2,35,37,1.054054054054054,0.03768738858261605,672,Sleep with a dog and you get lice.
1173,5294,0,2,35,37,1.054054054054054,0.03768738858261605,672,The doctor says it’s manageable.
864,5294,0,2,35,37,1.054054054054054,0.03768738858261605,672,"My doctor recommended acupuncture, but I’m not sure it’s really helping."
788,5294,1,0,36,37,1.054054054054054,0.05405405405405408,672,"Pheromones... 
They can't help themselves."
1312,5294,0,2,35,37,1.054054054054054,0.03768738858261605,672,"I think I told them where to put those pig stickers, but they don't remember things the way that we do."
624,5294,0,2,35,37,1.054054054054054,0.03768738858261605,672,How's acupuncture going?
475,5294,0,2,35,37,1.054054054054054,0.03768738858261605,672,This gang warfare might really catch on.
431,5294,0,2,35,37,1.054054054054054,0.03768738858261605,672,They’re having some sort of boarder war.
209,5294,1,0,36,37,1.054054054054054,0.05405405405405408,672,I think I'll visit my sister in Area 52 until this storming thing blows over.
139,5294,0,2,35,37,1.054054054054054,0.03768738858261605,672,"They call it acupuncture """
85,5294,0,2,35,37,1.054054054054054,0.03768738858261605,672,They call it acupuncture if the spears don't kill you the bill will
3264,5294,0,2,35,37,1.054054054054054,0.03768738858261605,672,Don't tell me I've got head humans again!
618,5294,0,2,35,37,1.054054054054054,0.03768738858261605,672,I hope this paleo craze dies out soon.
1346,5294,0,2,35,37,1.054054054054054,0.03768738858261605,672,I don't know.  I just can't seem to relax.
437,5294,0,2,35,37,1.054054054054054,0.03768738858261605,672,"eh, they get the hard to reach spots"
1617,5294,0,2,35,37,1.054054054054054,0.03768738858261605,672,I was hoping they're insectivores.
1467,5294,0,2,35,37,1.054054054054054,0.03768738858261605,672,They're a mite pesky...but I not worried !
3063,5294,0,2,35,37,1.054054054054054,0.03768738858261605,672,"They were so cute, I just couldn’t say no."
3014,5294,0,2,35,37,1.054054054054054,0.03768738858261605,672,can I borrow your fine tooth comb
3098,5294,0,2,35,37,1.054054054054054,0.03768738858261605,672,The worst part about mid-July humidity. Any chance you have any Deet human repellent??
2695,5294,0,2,35,37,1.054054054054054,0.03768738858261605,672,Last time it was 8 guys - where is my friend Bob?
2647,5294,0,2,35,37,1.054054054054054,0.03768738858261605,672,They offered me free acupuncture session.
2567,5294,0,2,35,37,1.054054054054054,0.03768738858261605,672,"They told me I'd be symbiotic, so I said why not?"
2928,5294,1,0,36,37,1.054054054054054,0.05405405405405408,672,can you spare me your fine-tooth comb?
2152,5294,0,2,35,37,1.054054054054054,0.03768738858261605,672,The doctor says it's time to consider hospice.
1906,5294,0,2,35,37,1.054054054054054,0.03768738858261605,672,I hope the portraitist won't be late.
1870,5294,0,2,35,37,1.054054054054054,0.03768738858261605,672,"They haven't fertilized each other yet, so we can just pick them out."
1849,5294,0,2,35,37,1.054054054054054,0.03768738858261605,672,They tend to keep the flea population in check...
1740,5294,0,2,35,37,1.054054054054054,0.03768738858261605,672,"Once the species called ""scientists"" evolves, they will call this a ""symbiotic relationship."""
1692,5294,0,2,35,37,1.054054054054054,0.03768738858261605,672,The little things whoop and holler a bit but the acupuncture has done wonders for my back.
1621,5294,0,2,35,37,1.054054054054054,0.03768738858261605,672,"Maybe there's something to abstinence-only education. Now I've got a bad case of people."""
3689,5364,0,2,36,38,1.0526315789473684,0.0367097806559429,672,"I got the idea last night when Gorko asked the question, 'How many angels can dance on the head of a pin?'"
3773,5364,0,2,36,38,1.0526315789473684,0.0367097806559429,672,I'm waiting on a human reduction policy.
3783,5364,1,0,37,38,1.0526315789473684,0.0526315789473684,672,Try as they will...I don't think they'll ever evolve.
3814,5364,0,2,36,38,1.0526315789473684,0.0367097806559429,672,"Thanks Donald, Republicans er...mastodons are great again."
3893,5364,0,2,36,38,1.0526315789473684,0.0367097806559429,672,"As parasites go, they're quite entertaining."
3954,5364,0,2,36,38,1.0526315789473684,0.0367097806559429,672,Lie down with auroxen...
4117,5364,1,0,37,38,1.0526315789473684,0.0526315789473684,672,They’ve worked wonders on my low back pain!
4035,5364,0,2,36,38,1.0526315789473684,0.0367097806559429,672,Those pests are so annoying !
4086,5364,0,2,36,38,1.0526315789473684,0.0367097806559429,672,"I know what you're thinking, ""Cole Porter, Cole Porter""."
4101,5364,0,2,36,38,1.0526315789473684,0.0367097806559429,672,I lost my  Flea and Caveman collar.
3918,5364,0,2,36,38,1.0526315789473684,0.0367097806559429,672,One more in biz speaks mean a group up to 100 people.
3659,5364,0,2,36,38,1.0526315789473684,0.0367097806559429,672,These tiny warriors understand that the reports about the deaths of all the mammoths are greatly exaggerated.
3394,5364,0,2,36,38,1.0526315789473684,0.0367097806559429,672,"The cute little mice have befriended me. Can you still cancel the exterminators?"""
5568,5364,0,2,36,38,1.0526315789473684,0.0367097806559429,672,Cancel that couples acupuncture appointment we had. I think I'm onto something.
3601,5364,0,2,36,38,1.0526315789473684,0.0367097806559429,672,Dude!  Tune time live!  Easy-listenin' arrow-tippin' rumble-ready caveman swamp stompin' metal is my sound!
3571,5364,0,2,36,38,1.0526315789473684,0.0367097806559429,672,My back itchs.  Do you have paleo powder laying around?
3550,5364,0,2,36,38,1.0526315789473684,0.0367097806559429,672,I can't believe these midgets are going to outlive us some day!
3419,5364,1,0,37,38,1.0526315789473684,0.0526315789473684,672,Definitely beats acupuncture
3346,5364,0,2,36,38,1.0526315789473684,0.0367097806559429,672,I heard bats also attract fleas in caves...  you too?
3306,5364,0,2,36,38,1.0526315789473684,0.0367097806559429,672,We’ll commence the Domestication Program with these.
3217,5364,1,0,37,38,1.0526315789473684,0.0526315789473684,672,"I know I said I'm cool about the voyeurism stuff and even your sadistic inclinations, but maybe, just maybe, things have gone too far."
3103,5364,0,2,36,38,1.0526315789473684,0.0367097806559429,672,"What d'ya mean ... kill us, stuff us and put us in some museum? I think they're cute!"
4156,5364,0,2,36,38,1.0526315789473684,0.0367097806559429,672,It's the best remedy I've found for ticks.
2779,5364,1,0,37,38,1.0526315789473684,0.0526315789473684,672,"I ordered  a Neanderthal Swiss army knife,
and these pesky critters arrived"
3617,5364,0,2,36,38,1.0526315789473684,0.0367097806559429,672,Geez I took my tick medicine!
4191,5364,0,2,36,38,1.0526315789473684,0.0367097806559429,672,Can you stop by the store and pick up homosapien shampoo? My fur is really itchy.
5032,5364,0,2,36,38,1.0526315789473684,0.0367097806559429,672,I guess this is the beginning of the end
4285,5364,1,0,37,38,1.0526315789473684,0.0526315789473684,672,"Don't worry, this species won't evolve beyond this size."
2719,5364,0,2,36,38,1.0526315789473684,0.0367097806559429,672,They're just figuring out that plant-based is way better than paleo.
5475,5364,0,2,36,38,1.0526315789473684,0.0367097806559429,672,Trust me. One acupuncture session per week and the back pain disappears
5422,5364,0,2,36,38,1.0526315789473684,0.0367097806559429,672,"They claim they're hunting for bugs,but I have my doubts"
5419,5364,1,0,37,38,1.0526315789473684,0.0526315789473684,672,"It is either us or them,Tie will tell"
5364,5364,0,2,36,38,1.0526315789473684,0.0367097806559429,672,It's a new way to get rid of dandruff.
5336,5364,0,2,36,38,1.0526315789473684,0.0367097806559429,672,They said acupuncture would help my sinuses.
5323,5364,0,2,36,38,1.0526315789473684,0.0367097806559429,672,I need a new flea collar
5226,5364,0,2,36,38,1.0526315789473684,0.0367097806559429,672,Don't worry. They won't amount to anything
5210,5364,1,0,37,38,1.0526315789473684,0.0526315789473684,672,"Contrary to flat mammoth conspiracy theories, they just discovered mammoths are round."
5134,5364,0,2,36,38,1.0526315789473684,0.0367097806559429,672,I just called in a new order of that prescription shampoo.
5059,5364,0,2,36,38,1.0526315789473684,0.0367097806559429,672,I need all of the protection that I can get. The Fake News keeps me on constant alert but I am quick on my feet from the Fake Dems.
5013,5364,0,2,36,38,1.0526315789473684,0.0367097806559429,672,They tinks I gis a pretty good ride.
4947,5364,0,2,36,38,1.0526315789473684,0.0367097806559429,672,It feels really good and helps me relax.
4885,5364,0,2,36,38,1.0526315789473684,0.0367097806559429,672,"Picky, picky, picky"
4844,5364,0,2,36,38,1.0526315789473684,0.0367097806559429,672,"About last night . . .I’m sorry.  I , uh was with Mastodonna. It won’t happen again."
4794,5364,0,2,36,38,1.0526315789473684,0.0367097806559429,672,"I've tried everything, but I can't get rid of them."
4718,5364,0,2,36,38,1.0526315789473684,0.0367097806559429,672,Way better than laser removal.
4613,5364,1,0,37,38,1.0526315789473684,0.0526315789473684,672,I'll take small-game hunters anytime.
4611,5364,1,0,37,38,1.0526315789473684,0.0526315789473684,672,Should we speak about the big mammoth in the cave?
4587,5364,0,2,36,38,1.0526315789473684,0.0367097806559429,672,Do you know of any professional lice pickers?
4539,5364,0,2,36,38,1.0526315789473684,0.0367097806559429,672,This acupuncture therapy really works! Dwarfs modern meds for sure !
4498,5364,0,2,36,38,1.0526315789473684,0.0367097806559429,672,When is the next extinction event due?
4481,5364,0,2,36,38,1.0526315789473684,0.0367097806559429,672,Yeah I find they're 87% friendlier when they know I'm gonna let them drink the sweat off my grundle.
4459,5364,1,0,37,38,1.0526315789473684,0.0526315789473684,672,Do you know a good remedy for a people infection?
5507,5364,0,2,36,38,1.0526315789473684,0.0367097806559429,672,The work crew has arrived.
4283,5364,0,2,36,38,1.0526315789473684,0.0367097806559429,672,It's taking ages for the back-scratcher to arrive!
2678,5364,0,2,36,38,1.0526315789473684,0.0367097806559429,672,"Don't worry, their harmless little things...and they tickle!"
1928,5364,0,2,36,38,1.0526315789473684,0.0367097806559429,672,"I dunno, dear. Maybe it's a new type of acupuncture?"
2569,5364,0,2,36,38,1.0526315789473684,0.0367097806559429,672,You really should try one of these humassages. You’ll feel so much better during yoga class.
1143,5364,0,2,36,38,1.0526315789473684,0.0367097806559429,672,These ticks are really annoying.
1113,5364,0,2,36,38,1.0526315789473684,0.0367097806559429,672,My qi is flowing again.
1112,5364,0,2,36,38,1.0526315789473684,0.0367097806559429,672,I would use flea powder but I don't want to pollute the environment.
1109,5364,0,2,36,38,1.0526315789473684,0.0367097806559429,672,"No, actually it's not mammoths all the way down it's just me and that hurts please stop"
1084,5364,0,2,36,38,1.0526315789473684,0.0367097806559429,672,"We'll see who's here 10,000years from now (Tee-hee )"
1040,5364,0,2,36,38,1.0526315789473684,0.0367097806559429,672,They are going to be purple highlights.
951,5364,1,0,37,38,1.0526315789473684,0.0526315789473684,672,"Yes, its like a deep tissue massage and you are right that there will probably not be a happy ending."
938,5364,0,2,36,38,1.0526315789473684,0.0367097806559429,672,I was born with these long time ago.
912,5364,0,2,36,38,1.0526315789473684,0.0367097806559429,672,"Hey Mike, can you see if the Dem-Off spray worked? I still have an itch."
911,5364,0,2,36,38,1.0526315789473684,0.0367097806559429,672,"Don't worry, dear, just a bunch of boisterous kids playing hunters with their needles."
831,5364,0,2,36,38,1.0526315789473684,0.0367097806559429,672,Acupuncture.  More of them one cave over.
1187,5364,0,2,36,38,1.0526315789473684,0.0367097806559429,672,"I know they're annoying, but they must serve some evolutionary purpose."
812,5364,0,2,36,38,1.0526315789473684,0.0367097806559429,672,My acupuncturist is getting a 1-star rating.
720,5364,0,2,36,38,1.0526315789473684,0.0367097806559429,672,"I don't know how they got together on the acupuncture, but it has worked wonders!"
599,5364,0,2,36,38,1.0526315789473684,0.0367097806559429,672,OK. I'l raise you a quarter.
532,5364,0,2,36,38,1.0526315789473684,0.0367097806559429,672,I think I'd better go to the vet.
491,5364,0,2,36,38,1.0526315789473684,0.0367097806559429,672,They help with my hygiene.
485,5364,0,2,36,38,1.0526315789473684,0.0367097806559429,672,Apparently I’m the secret ingredient on Iron Age Chef.
297,5364,0,2,36,38,1.0526315789473684,0.0367097806559429,672,It’s a “Poor Mammoth’s” acupuncture.
189,5364,0,2,36,38,1.0526315789473684,0.0367097806559429,672,The flea-spearing season is so annoying.
78,5364,0,2,36,38,1.0526315789473684,0.0367097806559429,672,These dwarves keep prodding me about some woman named Snow White.
62,5364,0,2,36,38,1.0526315789473684,0.0367097806559429,672,Let me pick my brain on that thought.
20,5364,0,2,36,38,1.0526315789473684,0.0367097806559429,672,"#670 Caption ""I couldn't find the mugger money"""
2586,5364,0,2,36,38,1.0526315789473684,0.0367097806559429,672,Zelda! Quick! Get the stone carving rock!
808,5364,0,2,36,38,1.0526315789473684,0.0367097806559429,672,Hey do you have anymore of that parasite repellent?
1193,5364,0,2,36,38,1.0526315789473684,0.0367097806559429,672,They’re my back scratchers a little extravagant but you know
12,5364,0,2,36,38,1.0526315789473684,0.0367097806559429,672,Do you have a break?
1219,5364,0,2,36,38,1.0526315789473684,0.0367097806559429,672,Good.  This cave is uninhabited.
2562,5364,0,2,36,38,1.0526315789473684,0.0367097806559429,672,Day comes they ever evolve – into a much larger species – then I'll worry about it.
2533,5364,0,2,36,38,1.0526315789473684,0.0367097806559429,672,"Ok, I''ll go on a diet!"
2489,5364,0,2,36,38,1.0526315789473684,0.0367097806559429,672,"They are supposed to be the smart ones, but all they keep saying is: ""No-Deal Brexit."""
2450,5364,0,2,36,38,1.0526315789473684,0.0367097806559429,672,"It's annoying , but my chi has never been stronger."
2201,5364,0,2,36,38,1.0526315789473684,0.0367097806559429,672,Stop nit-picking.
2095,5364,1,0,37,38,1.0526315789473684,0.0526315789473684,672,"''Ugh, I've got lice again.''"
2035,5364,0,2,36,38,1.0526315789473684,0.0367097806559429,672,I have an itch.
1971,5364,0,2,36,38,1.0526315789473684,0.0367097806559429,672,Woolieworths had a going out of business sale.
1947,5364,1,0,37,38,1.0526315789473684,0.0526315789473684,672,Imagine what it must be like if Mastodon was playing on YOUR back.
1894,5364,0,2,36,38,1.0526315789473684,0.0367097806559429,672,Early chiropractors developed their techniques by training on elephants
1705,5364,0,2,36,38,1.0526315789473684,0.0367097806559429,672,It's so expensive getting a perm these days.
2086,5364,0,2,36,38,1.0526315789473684,0.0367097806559429,672,I am delivering my Uber pool riders.
1593,5364,0,2,36,38,1.0526315789473684,0.0367097806559429,672,I was randomly assigned to the control group.
1225,5364,0,2,36,38,1.0526315789473684,0.0367097806559429,672,If you plan to knock them off you it's best that you don't give them names.
1631,5364,0,2,36,38,1.0526315789473684,0.0367097806559429,672,"There were a lot more, but I was feeling peckish."
1229,5364,0,2,36,38,1.0526315789473684,0.0367097806559429,672,These are are called hors d'oeuvres.
1264,5364,0,2,36,38,1.0526315789473684,0.0367097806559429,672,"I’m not normally one for Chinese medicine, but I haven’t smoked in a week..."
1271,5364,1,0,37,38,1.0526315789473684,0.0526315789473684,672,I'm going to get my picture painted.
1292,5364,0,2,36,38,1.0526315789473684,0.0367097806559429,672,I thought I’d try acupuncture.
1204,5364,0,2,36,38,1.0526315789473684,0.0367097806559429,672,"If, in the distant future, Darwin is to be believed, we are the ancestors of the Republican Party"
1552,5364,0,2,36,38,1.0526315789473684,0.0367097806559429,672,Stop calling me 'The Ivory Tower' and get these things off me!
1438,5364,0,2,36,38,1.0526315789473684,0.0367097806559429,672,I was wondering why I was so itchy.
1504,5364,0,2,36,38,1.0526315789473684,0.0367097806559429,672,Flea killers. Niche start up vis-a-vis climate change.
1551,5364,0,2,36,38,1.0526315789473684,0.0367097806559429,672,"Luckily, it's not a very advanced infestation"
1316,5364,0,2,36,38,1.0526315789473684,0.0367097806559429,672,"'They're more aggressive than usual, maybe they have head lice."""
1184,5474,0,2,38,40,1.05,0.03489912202260563,672,These things are worst than fleas !
331,5475,0,2,39,41,1.048780487804878,0.034059122057973054,672,"You're so unevolved."""
110,5476,0,2,42,44,1.0454545454545454,0.031765283723713976,672,These kids will be the death of me.
3924,5477,0,1,33,34,1.0294117647058822,0.029854071701326604,672,I think I'm gonna need another delousing
3947,5477,0,1,33,34,1.0294117647058822,0.029854071701326604,672,"I don't know where I got them, but I will try a flea collar first"
4013,5477,0,1,33,34,1.0294117647058822,0.029854071701326604,672,Wanna grab lunch?  I'm thinking Paleo.
3885,5477,0,1,33,34,1.0294117647058822,0.029854071701326604,672,These guys are a real pain in my backside.
4079,5477,0,1,33,34,1.0294117647058822,0.029854071701326604,672,"It's covered under my supplemental plan, with no co-pay."
4097,5477,0,1,33,34,1.0294117647058822,0.029854071701326604,672,"They keep mumbling something about how they are the ""ninety-nine percent""..."
4151,5477,0,1,33,34,1.0294117647058822,0.029854071701326604,672,I’d prefer tickbirds...
4054,5477,0,1,33,34,1.0294117647058822,0.029854071701326604,672,Thank God I'm ready for bath time
4114,5477,0,1,33,34,1.0294117647058822,0.029854071701326604,672,Let's move.  They want our apartment.
3299,5477,0,1,33,34,1.0294117647058822,0.029854071701326604,672,SCRATCH MY BACK?
3816,5477,0,1,33,34,1.0294117647058822,0.029854071701326604,672,"Don’t forget about that knot, Stefan."
3721,5477,0,1,33,34,1.0294117647058822,0.029854071701326604,672,This is one painful acupuncture session.
3674,5477,0,1,33,34,1.0294117647058822,0.029854071701326604,672,Someone told them they could anything if they put their minds to it. Didn’t have the heart to discourage them.
3618,5477,0,1,33,34,1.0294117647058822,0.029854071701326604,672,Just ry it.
3612,5477,0,1,33,34,1.0294117647058822,0.029854071701326604,672,Where is the flea shampoo?
3504,5477,0,1,33,34,1.0294117647058822,0.029854071701326604,672,"""These little fellows are getting heavy."
3493,5477,0,1,33,34,1.0294117647058822,0.029854071701326604,672,You've obviously never ridden bikes in NYC
3440,5477,0,1,33,34,1.0294117647058822,0.029854071701326604,672,Something makes me itch.
4258,5477,0,1,33,34,1.0294117647058822,0.029854071701326604,672,I went paleo two weeks ago.
3227,5477,0,1,33,34,1.0294117647058822,0.029854071701326604,672,"In 20 million years they'll evolve into fleas 
But I've already invented flea powder"
3864,5477,0,1,33,34,1.0294117647058822,0.029854071701326604,672,I have some cave men
4277,5477,0,1,33,34,1.0294117647058822,0.029854071701326604,672,"If we invade again, I think they should hide UNDER my coat."
5050,5477,0,1,33,34,1.0294117647058822,0.029854071701326604,672,Sustainable flea and tick control really works!
4312,5477,0,1,33,34,1.0294117647058822,0.029854071701326604,672,"They’re eating me alive, do something my friend!!!"
3129,5477,0,1,33,34,1.0294117647058822,0.029854071701326604,672,I can do anything better than you
5450,5477,0,1,33,34,1.0294117647058822,0.029854071701326604,672,"You know, when you get that sharp, stabbing pain?"
5333,5477,0,1,33,34,1.0294117647058822,0.029854071701326604,672,They kill my fleas and ticks. I’m planning to assemble them on a collar!
5300,5477,0,1,33,34,1.0294117647058822,0.029854071701326604,672,Love those Happy Meals.
5282,5477,0,1,33,34,1.0294117647058822,0.029854071701326604,672,I hired them to keep insects away.
5260,5477,0,1,33,34,1.0294117647058822,0.029854071701326604,672,They say they live in caves.  Isn't that hilarious?
5258,5477,0,1,33,34,1.0294117647058822,0.029854071701326604,672,"They're harmless.  Besides, they're kinda cute."
5247,5477,0,1,33,34,1.0294117647058822,0.029854071701326604,672,GNATS
5187,5477,0,1,33,34,1.0294117647058822,0.029854071701326604,672,"Acupuncture really relaxes the muscles, man."
5099,5477,0,1,33,34,1.0294117647058822,0.029854071701326604,672,Why would they send a girl to do a woman's job?
4294,5477,0,1,33,34,1.0294117647058822,0.029854071701326604,672,Tell me who you walk with and I’ll tell you who you are.
5075,5477,0,1,33,34,1.0294117647058822,0.029854071701326604,672,Have you considered a dip?
4936,5477,0,1,33,34,1.0294117647058822,0.029854071701326604,672,"They said performing their periodic spot-check on our pachyderm patriotism scores would take much longer this time around, so we just need to keep our cool, buddy."
4867,5477,0,1,33,34,1.0294117647058822,0.029854071701326604,672,Where is the “Raid”?
4692,5477,0,1,33,34,1.0294117647058822,0.029854071701326604,672,Are you sure it isn't your stomach making those noises?
4638,5477,0,1,33,34,1.0294117647058822,0.029854071701326604,672,"Me? Uh, I guess I'm listening to A Tribe Says Stab."
4504,5477,0,1,33,34,1.0294117647058822,0.029854071701326604,672,Do you have a femtofauna that will kill this microfauna infection?
4453,5477,0,1,33,34,1.0294117647058822,0.029854071701326604,672,"They were highly recommended as exterminators, but they're overrated, I still itch."
4427,5477,0,1,33,34,1.0294117647058822,0.029854071701326604,672,You’ve really never tried acupuncture?
4398,5477,0,1,33,34,1.0294117647058822,0.029854071701326604,672,I needed something new to fight the fleas.
4363,5477,0,1,33,34,1.0294117647058822,0.029854071701326604,672,"Drag, I think I have fleas again."
4351,5477,0,1,33,34,1.0294117647058822,0.029854071701326604,672,I guess the flea-bath didn
4987,5477,0,1,33,34,1.0294117647058822,0.029854071701326604,672,"It's a win-win. They eat whatever they find, and my skin gets exfoliated."
3101,5477,0,1,33,34,1.0294117647058822,0.029854071701326604,672,This is one mammoth task!
1424,5477,0,1,33,34,1.0294117647058822,0.029854071701326604,672,they should help me get rid of the fleas
3025,5477,0,1,33,34,1.0294117647058822,0.029854071701326604,672,"There’s got to be an easier way to
 get rid of fleas."
1042,5477,0,1,33,34,1.0294117647058822,0.029854071701326604,672,I scraped that darn village again.
1013,5477,0,1,33,34,1.0294117647058822,0.029854071701326604,672,"Yeah, I already told Snow White aboout it."
996,5477,0,1,33,34,1.0294117647058822,0.029854071701326604,672,At least they keep those fricken birds away!
928,5477,0,1,33,34,1.0294117647058822,0.029854071701326604,672,The Doctor said they’re a little sketchy but they should go away if I stay out of the cave for a while.
888,5477,0,1,33,34,1.0294117647058822,0.029854071701326604,672,"I pretend I'm their hunting ground, and they pretend that my fleas are wild boar."
3068,5477,0,1,33,34,1.0294117647058822,0.029854071701326604,672,"They get a free ride,protection,and left over fragments from the  battles,in return,my friends keep the fleas and ticks off me and scratch my back."
797,5477,0,1,33,34,1.0294117647058822,0.029854071701326604,672,My best solution for fleas so far.
792,5477,0,1,33,34,1.0294117647058822,0.029854071701326604,672,"They're kind of a nuisance, but they keep the fleas away."
757,5477,0,1,33,34,1.0294117647058822,0.029854071701326604,672,You should try it.  Running these cave tours is a great source of supplemental income.
1110,5477,0,1,33,34,1.0294117647058822,0.029854071701326604,672,It's supposed to help with back pain.
752,5477,0,1,33,34,1.0294117647058822,0.029854071701326604,672,"Their mom said she wanted pickled mastodon for her birthday, but her kids haven't quite got the hang of it yet."
707,5477,0,1,33,34,1.0294117647058822,0.029854071701326604,672,Maybe if we didn't live in a Cave we could avoid these Cave Pixies
673,5477,0,1,33,34,1.0294117647058822,0.029854071701326604,672,So the concept is lots of little guys versus one mammoth guy. Think it'll sell?
596,5477,0,1,33,34,1.0294117647058822,0.029854071701326604,672,They were all over me when I came out of the woods.
588,5477,0,1,33,34,1.0294117647058822,0.029854071701326604,672,I think I have fleas
587,5477,0,1,33,34,1.0294117647058822,0.029854071701326604,672,"Oh, do you think I MAY have an infestation all over me, Jerry? Your incredible powers of observation lead you to that powerful fuckin insight? Just hand me the damned prescription shampoo…"
573,5477,0,1,33,34,1.0294117647058822,0.029854071701326604,672,Will they know this is not OK if I induce myself a fever?
391,5477,0,1,33,34,1.0294117647058822,0.029854071701326604,672,I think I'll go for a swim.
288,5477,0,1,33,34,1.0294117647058822,0.029854071701326604,672,"Oh, don't mind them. They're just reenacting a scene from last night's episode of Game of Stones."
22,5477,0,1,33,34,1.0294117647058822,0.029854071701326604,672,Meet my entourage
709,5477,0,1,33,34,1.0294117647058822,0.029854071701326604,672,They keep me neat and tidy!
1174,5477,0,1,33,34,1.0294117647058822,0.029854071701326604,672,"-""They are so small, they will become extinct soon""
-""I think so.."""
871,5477,0,1,33,34,1.0294117647058822,0.029854071701326604,672,Now if I could only get them to scratch where it itches.
1278,5477,0,1,33,34,1.0294117647058822,0.029854071701326604,672,I swear; Doc' said it's not contagious!
2959,5477,0,1,33,34,1.0294117647058822,0.029854071701326604,672,I am not perfect!  Look in the mirror before you judge me!
2900,5477,0,1,33,34,1.0294117647058822,0.029854071701326604,672,Hiding out in here?  Are you some kind of prima donna megafauna?
1218,5477,0,1,33,34,1.0294117647058822,0.029854071701326604,672,"I guess the ""Go Vegan"" campaign is not working the way we wanted"
2697,5477,0,1,33,34,1.0294117647058822,0.029854071701326604,672,That Flea and Tick spray needs adjusting
2593,5477,0,1,33,34,1.0294117647058822,0.029854071701326604,672,"I'm not really sure either."""
2536,5477,0,1,33,34,1.0294117647058822,0.029854071701326604,672,They didn't have a doggy bag.
2480,5477,0,1,33,34,1.0294117647058822,0.029854071701326604,672,They seem to be attracted by hair spray.
2468,5477,0,1,33,34,1.0294117647058822,0.029854071701326604,672,Where do you get your acupuncture?
2354,5477,0,1,33,34,1.0294117647058822,0.029854071701326604,672,This is a non starter. The Trojan horse model worked because oppo researchers got inside information!
2294,5477,0,1,33,34,1.0294117647058822,0.029854071701326604,672,"My therapist told me to confront my demons, but this doesn't seem to help. I still can't get over the divorce."
2871,5477,0,1,33,34,1.0294117647058822,0.029854071701326604,672,I have a splitting hair ache.
2125,5477,0,1,33,34,1.0294117647058822,0.029854071701326604,672,Don't think of an elephant!
1993,5477,0,1,33,34,1.0294117647058822,0.029854071701326604,672,I am living under adverse conditions
1967,5477,0,1,33,34,1.0294117647058822,0.029854071701326604,672,This pressure point bodywork is amazing!
1904,5477,0,1,33,34,1.0294117647058822,0.029854071701326604,672,"Acupuncture, they say it does wonders!"
1818,5477,0,1,33,34,1.0294117647058822,0.029854071701326604,672,Who needs a grocery store when you've already got snacks on your back?
1557,5477,0,1,33,34,1.0294117647058822,0.029854071701326604,672,My new itch remedy.
1486,5477,0,1,33,34,1.0294117647058822,0.029854071701326604,672,Got an itch you can’t scratch?
1391,5477,0,1,33,34,1.0294117647058822,0.029854071701326604,672,It's called acupuncture. They said it stimulates the follicles resulting in a noticeable increase in volume and density. But I shouldn't expect results overnight.
1382,5477,0,1,33,34,1.0294117647058822,0.029854071701326604,672,We should've thought of another strategy because we are getting nowhere fast!
1380,5477,0,1,33,34,1.0294117647058822,0.029854071701326604,672,The fleas are growing larger.
2206,5477,0,1,33,34,1.0294117647058822,0.029854071701326604,672,"I've drenched my hair in olive oil, then wrap it in a plastic bag for several hours. That still didn't kill the little bastards. Should I try NIX?"
1190,5573,0,1,34,35,1.0285714285714285,0.028988551782622423,672,I’d do anything to be just a little less woolly.
1620,5573,0,1,34,35,1.0285714285714285,0.028988551782622423,672,"We're taking the gig on the road, and calling it Wully Bully!"""
415,5573,0,1,34,35,1.0285714285714285,0.028988551782622423,672,Delousing.
4343,5576,0,1,35,36,1.0277777777777777,0.028171808490950554,672,I’m the Trojan horse who hates secrets.
4023,5577,0,1,36,37,1.027027027027027,0.02739983121755955,672,"Sam The Sham And The Pharaohs knocked around local watering holes, when a chance encounter with a wooly mammoth, led to rock magic."
701,5578,0,1,37,38,1.0263157894736843,0.02666903735313325,672,No you go. I’ve got a migraine.
3528,5578,0,1,37,38,1.0263157894736843,0.02666903735313325,672,"They're getting more aggressive, honey!"
3688,5578,0,1,37,38,1.0263157894736843,0.02666903735313325,672,They're great tick finders.
3702,5578,0,1,37,38,1.0263157894736843,0.02666903735313325,672,This itch is driving me mad - I hope it goes away soon.
4416,5578,0,1,37,38,1.0263157894736843,0.02666903735313325,672,Hi honey. I have just a few tiny things to finish up at work and I’ll be right back.
4939,5578,0,1,37,38,1.0263157894736843,0.02666903735313325,672,bro this straight up sucks really bad
879,5584,0,1,38,39,1.0256410256410255,0.025976216673306556,672,"Please stand up, it’s  for our family portrait"
5005,5585,0,0,31,31,1.0,0.032791291789197645,672,"OK, OK, you were right.  Petoar agrees that these  deimocraks are a sign of global warming ."
2805,5585,0,0,31,31,1.0,0.032791291789197645,672,"Annoying little pests, but you get used to them."
2864,5585,0,0,32,32,1.0,0.031750031750047626,672,Gee. I thought the story about Hannibal was somehow different
3112,5585,0,0,31,31,1.0,0.032791291789197645,672,Occasionally they find a rogue hare.
5291,5585,0,0,31,31,1.0,0.032791291789197645,672,"They call it Acupuncture, but trust me - it's a work in progress."
