target_id,rank,funny,somewhat_funny,unfunny,count,score,precision,contest,caption
2235,1,6182,6264,2848,15294,2.217993984569112,0.005958213661411214,680,"Mobster, Larry. The invitation said to dress like a mobster."
6063,2,5652,5230,3387,14269,2.158735720793328,0.0065293225529087316,680,You pinch me one more time and your going to find yourself in hot water.
5327,3,5424,6211,3617,15252,2.1184762654078155,0.006160158317394353,680,Do that again and I'll put the rubber bands back on.
3329,4,4715,4821,3494,13030,2.0937068303914046,0.006905092745248506,680,I can’t believe you wore shorts. EVERYONE was staring.
3670,5,3944,4074,3849,11867,2.0080053931069353,0.007438896267516472,680,"When you said on the phone "" I'm Claude""  , I assumed it was your name."
6055,6,3733,4824,3748,12305,1.9987809833401056,0.0070293525646799625,680,You need to stop introducing yourself as my Maine squeeze.
4932,7,3643,4481,3845,11969,1.983123067925474,0.007228435476325095,680,It's not the claws. It's the screaming every time you get in the hot tub.
1333,8,2931,3979,3372,10282,1.9571095117681385,0.0077101806946433295,680,She comes to a party with a wooden mallet and a pick.  Don't tell me she didn't have her eyes on you the whole night!
1507,9,2601,3509,3154,9264,1.9403065630397236,0.008165794083920713,680,"Oh, I’M crabby?"
4949,10,2985,3775,3736,10496,1.9284489329268293,0.00777984117400265,680,"I figured ""must love shellfish""  was coded language for ""not Jewish."""
1131,11,2345,4018,3788,10151,1.8578465175844745,0.007585111913528151,680,I thought you said selfish.
2726,12,2343,4271,3995,10609,1.8442831558111037,0.00735063401886794,680,I thought you said your relatives were mobsters
3023,13,2298,3071,3767,9136,1.839207530647986,0.008357128914564612,680,Let’s just skip the foreplay.
351,14,1849,2598,3095,7542,1.8347918324051975,0.009127391874069643,680,You deserve butter.
396,15,1697,3335,3166,8198,1.820809953647231,0.008273449593263022,680,Yeah. Like you’re such a great catch.
5567,16,1748,2281,3024,7053,1.8190840776974337,0.009555202412095214,680,"How would you like always being introduced as ""the turf""?"
5919,17,1831,2778,3395,8004,1.8045977011494252,0.008764352786968013,680,The worst part is - my last boyfriend's hands were clammy!
5549,18,1622,2565,3144,7331,1.792388487245942,0.009100120726563651,680,How did you even manage to swipe right?
4770,19,1617,2264,3167,7048,1.7800794551645858,0.00945821304444969,680,Why would you think that’s what I meant by “grow a pair”?
2485,20,1361,2562,2867,6790,1.77820324005891,0.009190914725159979,680,It's just that I could use a hand every once and a while.
2855,21,1356,2266,2801,6423,1.7750272458352794,0.009638374262800752,680,"With you, it's always one step forward, two steps sideways."
5281,22,844,1464,1775,4083,1.771981386235611,0.012016724721700777,680,"If you pinch me one more time,  I'm putting the rubber bands back on."
3777,23,1397,3067,3138,7602,1.7709813207050775,0.008460686172449775,680,I just think having all of your profile pictures be headshots was misleading.
4781,24,610,1051,1362,3023,1.7512404895798874,0.013977987165910862,680,"The nerve, kicking us out! The sign clearly says they serve seafood!"
2258,25,279,697,703,1679,1.7474687313877308,0.01762237826485774,680,'That 'clawed your way to the top' thing is just not funny anymore..
1865,26,723,1307,1703,3733,1.7374765604071791,0.012476783339649392,680,"Usually, 'a long line of lobstermen' refers to one's profession."""
657,27,1103,1571,2521,5195,1.7270452358036574,0.010952777281396623,680,Your fly's unzipped.
1432,28,543,1021,1338,2902,1.7260509993108202,0.014055653629365165,680,I notice those aren't handy for picking up the check.
1964,29,730,1119,1757,3606,1.7151968940654465,0.012992807688025862,680,"You had three wishes, Gary! Three!"
130,30,1118,2365,3093,6576,1.6996654501216546,0.009147361720896453,680,Don't make me put the rubber bands back on.
406,31,521,1247,1514,3282,1.6974405850091407,0.01269176646667181,680,Yes - I do think my parents will notice.
887,32,667,1571,1980,4218,1.688715030820294,0.011217663131687506,680,"When you said you were transitioning, I had something else in mind."
5555,33,654,1196,1810,3660,1.6841530054644809,0.012519072301586684,680,"Sorry, I prefer men with big mussels """
5389,34,747,1808,2274,4829,1.683785462828743,0.010433873995871758,680,"So, now that you've taken the gloves off, is there anything else I should know?"
405,35,174,415,623,1212,1.6295379537953796,0.020728846557438042,680,I do the parking meter. I do the ATM. I'm sick of it.
2067,36,662,1200,2152,4014,1.6287992027902343,0.011847274508256221,680,...but no....you had to go and snap my mother's head off.
2806,37,437,827,1460,2724,1.6244493392070485,0.014281211840329279,680,How come they didn't ask the woman who had the frog legs to leave?
1266,38,489,1308,1887,3684,1.6205211726384365,0.011662590132272749,680,You expect me to believe that's why you never text me back??!!
2754,39,424,968,1565,2957,1.6141359485965505,0.013310974597406844,680,Shorts and a long sleeve shirt? Really?
691,40,298,786,1170,2254,1.6131322094055014,0.014921304355059624,680,This is New York City - I told you no one would notice.
3294,41,286,491,958,1735,1.6126801152737753,0.018082634056077764,680,"Let's taunt the witch,"" you said. ""It'll be fun,"" you said"
1998,42,244,643,962,1849,1.6116819902650081,0.01647268465390297,680,"Well, your profile did mention long walks on the beach..."
5368,43,462,746,1527,2735,1.6106032906764167,0.01450991249714564,680,"When I said I was in the mood for a spineless crustacean, I assumed you knew I meant a Republican."
4851,44,67,162,269,498,1.5943775100401607,0.03203899757848254,680,I told you they wouldn't let you in with shorts on!
225,45,128,359,553,1040,1.5913461538461537,0.02166793149730399,680,Something about this relationship doesn't seem kosher.
2623,46,287,668,1149,2104,1.5903041825095057,0.015643721770390674,680,"I'm going to need a little more than ""I went to Maine with a buddy but the rest is a blur."""
6094,47,191,402,746,1339,1.585511575802838,0.019864550649423343,680,Please stop saying that you’re on a roll.
1937,48,288,582,1111,1981,1.5845532559313478,0.016416501125202657,680,My mercury test came back positive.
476,49,209,604,957,1770,1.577401129943503,0.016475262940604283,680,"I get your issues with a hot bath, but it wouldn’t kill you to take a shower."
527,50,271,648,1151,2070,1.5748792270531402,0.015642033105864664,680,You always find a way to avoid picking up the check.
5362,51,278,481,1053,1812,1.5722958057395144,0.017452571741663894,680,"Look, wear the claws if you want, but I’m not going to the party dressed as a piece of tail!"
498,52,265,577,1112,1954,1.5665301944728762,0.016267292085601858,680,You get one wish and you go for lobster claws?
1,53,317,445,1147,1909,1.565217391304348,0.01740288634791171,680,Your slow rollout of Halloween is annoying.
257,54,190,451,843,1484,1.5599730458221024,0.0184070247335811,680,Well I feel like chicken but you don't see me sprouting feathers.
1713,55,234,442,958,1634,1.5569155446756426,0.01806930810986581,680,I just wish you were a little less shellfish at times
4618,56,179,454,832,1465,1.5542662116040955,0.018321353120455797,680,"So,what were your first two wishes?"
6121,57,172,422,790,1384,1.5534682080924855,0.018932006512368538,680,There was no need to freak out.  The melted butter was for your popcorn.
352,58,217,385,880,1482,1.5526315789473684,0.019096355062827253,680,"It's not me, it's you."
4271,59,64,147,288,499,1.5511022044088176,0.031809598926247434,680,"Yeah, but Edward Scissorhands hasn't been out of work for the last five years."
853,60,164,406,762,1332,1.5510510510510511,0.019258220730108445,680,Gloria complains about her husband having two left feet. She has no idea how lucky she is.
2277,61,175,401,788,1364,1.5505865102639296,0.019230219810516137,680,"Mobster, mobster, the party's theme was mobsters."
1163,62,187,466,877,1530,1.5490196078431373,0.01793895473868655,680,"‘I thought you were joking when you said   
you clawed your way to the top!’"
182,63,204,365,841,1410,1.54822695035461,0.019522981732991964,680,"Despite your exquisite taste, we’re just not compatible."
2730,64,176,418,815,1409,1.546486870120653,0.018800340379088912,680,I attract nothing but bottom feeders.
4022,65,167,425,806,1398,1.5429184549356223,0.01867230001642259,680,I TOLD you not to insult the magician!
2626,66,157,358,729,1244,1.540192926045016,0.02007219680755265,680,"I was just getting used to the scissors, Edward."
936,67,151,362,719,1232,1.5389610389610389,0.020024597132304204,680,Don't you snap at me.
2388,68,138,367,692,1197,1.5371762740183792,0.0200165977481713,680,"I don't know Michael. Why do YOU think we never hold hands any more?"""
1178,69,145,370,714,1229,1.5370219690805533,0.019865049028783076,680,I am so embarrassed. I can't believe you're wearing shorts!
92,70,146,277,640,1063,1.535277516462841,0.022201138362514843,680,"You need to give up this dream of yours to be a Proctologist, Jack."
977,71,142,308,657,1107,1.5347786811201445,0.021375394320750418,680,I SAW you pinch her!
2539,72,102,288,543,933,1.527331189710611,0.022406278907928512,680,...I think I'm allergic to your family
777,73,114,311,600,1025,1.5258536585365854,0.021464237442654376,680,That's no excuse  for not texting me.
1424,74,128,297,628,1053,1.5251661918328585,0.021636505655208707,680,"You are, hands down, the most shellfish man I’ve ever met!"
4337,75,38,140,234,412,1.5242718446601942,0.03249094565899452,680,Being from Maine doesn't explain everything.
2197,76,121,328,640,1089,1.5234159779614325,0.020821234790400794,680,"This isn’t what I meant when I said, “I could go for lobster.”"
4300,77,112,293,583,988,1.5232793522267207,0.021964757613837534,680,Couldn't you just use the salad tongs like everyone else?
5233,78,121,263,584,968,1.521694214876033,0.022728316735624376,680,You can forget about getting to second base
2810,79,126,253,591,970,1.5206185567010309,0.02292736972057587,680,Must you always be so shellfish?
5237,80,104,249,528,881,1.5187287173666288,0.023494307370067517,680,"Oh, sure.  “Let’s just try the 3D printer.  What could go wrong?” you said!"
2909,81,79,257,465,801,1.5181023720349562,0.023635929676426876,680,"Well, when a Genie offers you a wish, maybe you should be a bit more specific."
6049,82,102,266,543,911,1.5159165751920967,0.022814984717354558,680,"From now on, just let the Sommelier open the bottle."
4483,83,119,226,555,900,1.5155555555555555,0.02391592776411711,680,"If you do that again , the rubberbands go back on ."
5728,84,101,233,512,846,1.5141843971631206,0.024045555592152244,680,Stop snapping at me all the time!
3800,85,88,269,511,868,1.512672811059908,0.02284808606206181,680,Not what I meant when I said you needed to break out of your shell.
4479,86,84,215,449,748,1.5120320855614973,0.025202105673653073,680,Do you know how it makes me feel when you say that you’re a bottom feeder?
4913,87,100,235,516,851,1.5111633372502937,0.023884353879953208,680,I liked you better before you came out of your shell.
5488,88,118,207,543,868,1.51036866359447,0.02453211279004308,680,I don’t care if you don’t like how it feels. We’re using a rubber band.
2111,89,96,248,522,866,1.508083140877598,0.02335064875785403,680,Crushing beer cans is not a super power.
4840,90,94,207,484,785,1.5031847133757963,0.024986738918093183,680,"Well, next time we go to a party I'm bringing the rubber bands."
3007,91,94,190,469,753,1.50199203187251,0.025776866445437523,680,Admit it. Gene splicing is trickier than you thought.
6041,92,93,203,479,775,1.5019354838709678,0.025160884234876554,680,Just for once could you try not to be so shellfish?
3977,93,88,251,513,852,1.5011737089201878,0.023162720574132177,680,How exactly did your parents meet?
1772,94,76,206,433,715,1.5006993006993008,0.02545350359637067,680,Of course I support your transition. It's just that I'm going to miss the lobster I fell in love with.
3131,95,79,220,456,755,1.5006622516556292,0.024680211593483985,680,Don't even think about getting to second base.
3520,96,83,213,461,757,1.500660501981506,0.024914834343550074,680,"It isn't gonna work Jim, but i appreciated the help with the jars."
99,97,81,225,467,773,1.500646830530401,0.024398798955942224,680,"What do you mean, how did I know you pinched her?"
3832,98,79,226,463,768,1.5,0.02437562332748059,680,You can't deny it this time. I caught you red handed.
467,99,88,187,453,728,1.4986263736263736,0.026008049619137334,680,You could've wished for world peace...
4930,100,77,208,442,727,1.4979367262723522,0.025221475690481786,680,"Again, if they ask if you want to hold the baby, say ""No thank you!"""
6046,101,84,186,442,712,1.497191011235955,0.026143259055428393,680,Three wishes. You had three wishes.
3883,102,69,218,432,719,1.4951321279554937,0.024808726350037197,680,I don’t care that you can get things done in a pinch.
2537,103,89,164,441,694,1.4927953890489913,0.027032988330223134,680,Mother always said that you’re a shellfish bastard.
4569,104,76,189,428,693,1.492063492063492,0.026041131071492436,680,"Look, when your dating profile stated ""must like lobster"".."
4097,105,82,174,431,687,1.4919941775836973,0.02668941806718645,680,All the super powers and you went with “lobster claws?”
1249,106,84,169,432,685,1.491970802919708,0.02690656908112858,680,Why is that impossible for you to grasp?
4397,107,75,186,422,683,1.4919472913616398,0.026239213127471128,680,I guess what happens in Maine doesn't necessarily stay in Maine
3285,108,73,206,437,716,1.4916201117318435,0.025194082777308332,680,I've waded too far out in the dating pool.
5933,109,69,200,419,688,1.4912790697674418,0.025607760739268966,680,You never return my texts.
3619,110,75,189,427,691,1.4905933429811866,0.026015274644668133,680,Try that again and you'll be in hot water.
1882,111,67,195,409,671,1.4903129657228018,0.025904765272849788,680,When they said you were clawed I thought that was your name.
1286,112,75,179,418,672,1.4895833333333333,0.02655326112286545,680,White shorts. After labor day. I've never been so embarrassed in my life.
2322,113,61,197,394,652,1.4892638036809815,0.025909013030798234,680,"The rubber bands are going back on when we get home, mister!"
3373,114,57,212,398,667,1.4887556221889056,0.02513591004953738,680,Yeah I do think it should have been something you mentioned in your profile.
2818,115,81,160,418,659,1.4886191198786038,0.027447033440162083,680,So I guess foreplay's out of the question
4335,116,76,171,415,662,1.487915407854985,0.02693245918258762,680,Next time don't ask to hold the baby.
471,117,75,195,439,709,1.4866008462623412,0.025527929979817666,680,"Your profile said Christian, not crustacean!"
2183,118,70,176,404,650,1.4861538461538462,0.026772824440431327,680,You look ridiculous in those baggy shorts.Everyone is looking at you
3642,119,54,202,382,638,1.4858934169278997,0.0256494910510168,680,So I  guess this means the hot tub is out.
5458,120,68,173,396,637,1.4850863422291993,0.02698935172454875,680,"When you said you have an ""unusual reaction"" to seafood, you could have been more specific."
509,120,65,179,393,637,1.4850863422291993,0.026713575549813476,680,So you're telling me that I'm crabby?
4449,120,71,167,399,637,1.4850863422291993,0.02726233838773212,680,Pinch me again and I'll crack you.
5703,123,62,187,393,642,1.4844236760124612,0.026286071585570645,680,And I thought you said your father was a Mobster...
5737,124,69,167,394,630,1.4841269841269842,0.0273002404065515,680,Don’t talk to me about boiling points...
4665,124,53,199,378,630,1.4841269841269842,0.025778869337618648,680,Just once I'd like to see you pick up the check.
5275,126,54,194,376,624,1.483974358974359,0.026051563325375542,680,No.... I don't mind the beard.
5588,127,64,177,391,632,1.4825949367088607,0.026770987126546474,680,What good are pincer implants if you still can't pick up a tab once in a while?
1800,128,69,166,395,630,1.4825396825396826,0.027298699758859044,680,"They all know you're from Maine, Bob."
3696,129,59,179,378,616,1.4821428571428572,0.02678549431507889,680,"When you said 'My dad was a lobsterman, his dad was a lobsterman and I'm a lobsterman.', I thought you meant the family business."
5597,130,36,136,260,432,1.4814814814814814,0.031079709331137496,680,I know you're angry.  Your claws always get red when you're angry.
1598,131,52,192,371,615,1.48130081300813,0.026115380153431247,680,You snap at me again and the rubber bands go back on.
4997,132,69,154,384,607,1.4810543657331137,0.028055481163960724,680,Mobsters! I said I’m attracted to mobsters!
1715,133,66,187,411,664,1.480421686746988,0.02600649270287061,680,They're not going to let you in without your rubber band.
3116,134,62,166,376,604,1.4801324503311257,0.027466345869352645,680,Then how did Marci get that rip in her skirt?
1840,135,62,167,379,608,1.4786184210526316,0.02733314504336685,680,"Well, you can forget about bases 2 and 3."
5564,136,47,151,314,512,1.478515625,0.029113858800040363,680,"The problem with you, Joel,is that you never completely come out of your shell."
2805,137,66,156,380,602,1.478405315614618,0.027929158440154547,680,That was my nicest bra.
6075,138,65,143,363,571,1.478108581436077,0.028934030193869476,680,Seek kelp.
4636,139,68,146,376,590,1.4779661016949153,0.028547847480300384,680,You are NOT the Catch of the Day.
5667,140,55,170,361,586,1.477815699658703,0.027338372499798338,680,Some catch you turned out to be.
5461,141,94,137,450,681,1.4772393538913362,0.027800406362219646,680,In medical school you may want to rethink gynecology as your specialty.
1597,142,59,159,363,581,1.4767641996557659,0.02793336295589446,680,Of course you can't help with laundry or dishes. How convenient.
5619,143,26,112,207,345,1.4753623188405798,0.034104730215988616,680,"I'm a good catch, too, you know."
3818,144,63,154,373,590,1.4745762711864407,0.028034448734895103,680,Did you get them the same place you got the crabs?
4931,145,62,146,361,569,1.4745166959578206,0.028682231442832336,680,Agh... I should've kissed the frog...
65,146,60,147,356,563,1.4742451154529308,0.02868656728178151,680,"No, I do not want to see your mussels."
2824,147,59,146,352,557,1.4739676840215439,0.028800089635194003,680,You know I hate that shirt.
4176,148,67,129,360,556,1.473021582733813,0.029721814091276878,680,How you think it makes me feel when you let the waitress butter you up like that?
3094,149,55,149,344,548,1.4726277372262773,0.02868159332536813,680,"Dating you would be getting into a gray area, according to my rabbi."
3807,150,52,157,344,553,1.4719710669077757,0.028145567467303824,680,"You sort of buried the lead in your dating profile there, wouldn’t you say?"
3261,150,57,147,349,553,1.4719710669077757,0.028721635693278215,680,We’re finally meeting my Mother and you can’t even put on a tie?
556,152,68,128,364,560,1.4714285714285715,0.029668436584787624,680,Seriously?! We are going to a nice restaurant and you're wearing shorts?
5418,153,66,131,362,559,1.4704830053667264,0.02948982887941084,680,Why can't you just accept it--no one wants to hear you play the piano!
5962,154,50,154,336,540,1.4703703703703703,0.02838599795390245,680,And don't think this won't land you in hot water!
802,155,58,143,350,551,1.47005444646098,0.02890830580906448,680,Stop blaming Kafka...
1532,156,60,135,348,543,1.4696132596685083,0.029449785931665744,680,I just don’t like people calling us Surf n Turf.
2525,157,53,143,336,532,1.468045112781955,0.029053720147251206,680,Why not just a tattoo like everybody else?
4410,157,46,157,329,532,1.468045112781955,0.028187935873921252,680,You better hope that skips a generation
1744,159,62,123,343,528,1.4678030303030303,0.030299323956825174,680,"And stop referring to me as the ""Turf"". It's so objectifying."
4270,160,55,138,338,531,1.4670433145009416,0.029334446418236966,680,So you're sweet and tender on the inside huh?
486,161,52,138,330,520,1.4653846153846153,0.029406518065160762,680,You didn't have to ask to hold the baby.
2778,161,72,98,350,520,1.4653846153846153,0.031826990523186716,680,You're becoming more and more shellfish.
1869,163,53,135,330,518,1.4652509652509653,0.02961473146204573,680,"'I come from a long line of lobstermen' usually refers to one's profession."""
3716,164,51,138,327,516,1.4651162790697674,0.029443298959671082,680,I just can't believe you wore shorts to meet my parents.
2975,165,51,131,321,503,1.463220675944334,0.029987732602101986,680,"Please stop referring to us as ""surf and turf""..."
3350,166,55,128,331,514,1.4630350194552528,0.03003056832215218,680,I cannot believe you are wearing shorts to meet my parents.
3786,166,47,144,323,514,1.4630350194552528,0.02900268750218473,680,"So, you're saying it's ME, I'm the crabby one?"
3262,168,47,135,313,495,1.4626262626262627,0.029793560754916504,680,All you seem to do lately is snap at everyone!
655,169,49,134,319,502,1.4621513944223108,0.0297624194228862,680,"Well the doctor said if it lasts more than four hours than it's probably time to panic."""
5557,170,45,140,313,498,1.461847389558233,0.029389059883064467,680,"I just feel like I’m moving forward in this relationship, and you’re moving sideways."
2876,171,50,134,324,508,1.4606299212598426,0.02963620282610879,680,Last time I take you out without your rubber bands.
5405,172,37,150,302,489,1.4580777096114519,0.028614587193435816,680,"Let's move to Maine, he says.  What could go wrong? he says."
5769,173,49,122,310,481,1.4573804573804574,0.03068406814921442,680,That was my FAVORITE bra!”
1416,173,50,120,311,481,1.4573804573804574,0.03082490140857134,680,Those shorts make you look ridiculous.
3988,175,56,118,329,503,1.4572564612326044,0.03062551750268388,680,Anything else I should know about?
1848,176,40,139,300,479,1.4572025052192066,0.02947174337161495,680,"When you told me you come from a long line of lobstermen, I didn't know you were being literal."
4437,177,56,103,313,472,1.4555084745762712,0.032099521454677475,680,A thousand restaurants in New York and you had to recognize the main course.
2589,178,45,130,308,483,1.455486542443064,0.030019148654482297,680,"No, I will not be Mrs. Claws for Halloween."
4418,179,44,126,300,470,1.4553191489361703,0.030463290645878587,680,"No, I don't want to go to your Halloween party as the turf."
5681,180,48,114,300,462,1.4545454545454546,0.0314413716731509,680,Maybe next time when you meet a genie you won’t be drunk in a seafood restaurant.
4806,181,46,122,303,471,1.454352441613588,0.03070953097122696,680,On the phone I thought you said you were an ex-mobster.
1351,182,51,114,311,476,1.453781512605042,0.031192089608159387,680,You might want to elaborate on the 'transitioning' reference in your ad
312,183,39,133,293,465,1.4537634408602151,0.029928222901476842,680,Try that again and I’m bringing out the rubber bands.
680,183,43,125,297,465,1.4537634408602151,0.03054139422352053,680,"Well, SOMEBODY must have pinched her!"
5598,185,52,108,308,468,1.452991452991453,0.031724605205419955,680,I don’t care what they say about big claws.
2797,186,53,101,303,457,1.4529540481400438,0.032435298686493454,680,"OK, I'm sorry. I wish I'd never told you to grow a pair."
2952,187,42,122,291,455,1.4527472527472527,0.030860727452249957,680,"I don’t care if you live at the beach, shorts after Labor day isn’t done in Manhattan."
5017,188,44,114,291,449,1.4498886414253898,0.03146284455001184,680,Bob just couldn't quite put his finger on the problem he was having with Julie.
4234,189,40,126,292,458,1.4497816593886463,0.03039314270197197,680,"You look ridiculous, Kevin. Who wears shorts with a sweatshirt?"
5125,190,43,116,291,450,1.448888888888889,0.03125079118578302,680,Tonight was not the time to come out of your shell.
2061,191,48,99,288,435,1.4482758620689655,0.03283860367125346,680,Don't complain to me. You're the one who bought shorts with buttons.
1778,192,49,100,293,442,1.4479638009049773,0.03261163249041764,680,We’ve talked about this. You can take them off when you learn to put down the phone.
6058,192,62,74,306,442,1.4479638009049773,0.034596318614826635,680,I just wish you would be less shellfish.
2791,194,49,104,298,451,1.4478935698447895,0.032130975714278844,680,I just think you're being shellfish.
4313,195,46,104,288,438,1.447488584474886,0.032348510282281154,680,"When you said ""lobsterman,"" I thought you worked on a boat or something."
463,196,47,97,284,428,1.4462616822429906,0.03306151960040448,680,Well that was embarrassing!  You yelling murderer at the seafood restaurant.
2841,197,50,95,292,437,1.4462242562929062,0.033039492678516365,680,You could have at least shaved to meet my mother for the first time...
6056,198,48,98,289,435,1.445977011494253,0.03283007401917376,680,Look - if I had known my assistant was also a genie I never would have yelled “Give me a hand - and make it snappy!”
857,199,48,101,293,442,1.4457013574660633,0.03244553180543792,680,Don't you even think about trying to get to second base!
2653,199,43,111,288,442,1.4457013574660633,0.0316450622029205,680,"If you're allergic, why do you keep ordering it?"
1704,201,39,111,275,425,1.4447058823529413,0.03186320896671364,680,You just had to snap at the waiter again didn’t you.
1019,201,48,93,284,425,1.4447058823529413,0.03339390809511695,680,"You just can't let go of anything, can you?"
2135,203,45,123,313,481,1.4428274428274428,0.03006387248483558,680,You’re not going to claw your way out of this one Jack. I caught you red handed!
4554,204,37,111,270,418,1.4425837320574162,0.03187719485078924,680,One day those things are gonna land you in a lot of hot water.
1127,205,33,122,270,425,1.4423529411764706,0.030790333812160623,680,Something other than a head shot on your profile wouldn't hurt.
3,206,32,120,264,416,1.4423076923076923,0.031066107184723787,680,"Somehow, it never feels like a playful pinch."
4653,207,31,122,264,417,1.4412470023980815,0.030823206340472854,680,Why can't you just get tattoos like everybody else
1881,208,38,102,264,404,1.4405940594059405,0.03283879514777644,680,"...and when the guy in the turban asked, 'And what would you wish for?' I just thought he was the waiter."
946,209,34,112,263,409,1.4400977995110025,0.03180327455242144,680,My old-school Yankee parents would eat you alive.
4118,210,40,118,292,450,1.44,0.03073624333410789,680,"Don't talk to me, you had  your claws all over her"
4023,211,31,117,259,407,1.4398034398034398,0.031337607306732455,680,At least your face looks like your pictures.
1743,212,38,106,270,414,1.4396135265700483,0.032264357243158535,680,Pinch me one more time and you'll be swimming in butter.
3175,213,42,95,271,408,1.4387254901960784,0.03332985275237504,680,I can't believe our friends think you look weird with a beard.
424,214,37,104,265,406,1.438423645320197,0.0325263183996205,680,"Not every problem can be solved with lemon and butter, John."
895,215,36,102,260,398,1.4371859296482412,0.03279425654616048,680,Tell it to Kafka.
4648,216,35,103,258,396,1.4368686868686869,0.032715966530120766,680,Lamest.  Superpower.  Ever.
4174,217,36,103,262,401,1.4364089775561097,0.032615460446659895,680,"And no more jokes about how I trapped you, or you're cooked."
4578,217,43,89,269,401,1.4364089775561097,0.03392712860910658,680,And I suppose you want me to clarify something.
5908,217,36,103,262,401,1.4364089775561097,0.032615460446659895,680,"Stop calling it ""our"" fetish."
5436,220,32,104,250,386,1.4352331606217616,0.03269728791824216,680,Your profile only said you that you had clawed your way to the top.
2902,220,35,98,253,386,1.4352331606217616,0.033308959317979406,680,I don’t think I like us being referred to as ‘Surf and Turf!
3337,220,37,94,255,386,1.4352331606217616,0.03371057489778337,680,Will you stop snapping at me?
103,220,32,104,250,386,1.4352331606217616,0.03269728791824216,680,"You couldn't settle for a tattoo or a simple piercing, no not you!"
3730,224,36,92,249,377,1.4350132625994696,0.034082119084411146,680,"Great, now I HAVE to get checked."
3158,225,33,102,252,387,1.434108527131783,0.03283657719244609,680,It's nice for once to go out with a man who isn't all hands.
3392,225,40,88,259,387,1.434108527131783,0.03423390511194563,680,"Sorry, I’m kosher"
4776,225,38,92,257,387,1.434108527131783,0.03384055660530808,680,How were you even able to swipe right?
1207,228,37,97,260,394,1.4340101522842639,0.03321081551053153,680,I regret saying get a”better grip” on things.
3137,228,37,97,260,394,1.4340101522842639,0.03321081551053153,680,Going forward safe sex will also include rubber bands.
5026,228,27,117,250,394,1.4340101522842639,0.031205678088149853,680,"You’re in hot water, mister."
602,231,35,104,262,401,1.4339152119700749,0.03241127858529665,680,You are so shellfish!
4802,232,33,101,251,385,1.4337662337662338,0.032955211858572406,680,You might've mentioned it in your profile.
5314,233,35,98,255,388,1.4329896907216495,0.03317489437055168,680,Somewhere there's a lobster with hands.
6028,233,39,90,259,388,1.4329896907216495,0.0339683903179019,680,"I still say it was insensitive to ask if you wanted your water flat, sparkling, or boiling."
2875,235,38,88,253,379,1.432717678100264,0.03434961833099222,680,"I knew Edward Sissorhands. Edward Sissorhands was a friend of mine. You, sir, are no Edward Sissorhands."
3370,236,31,103,248,382,1.431937172774869,0.03271089925959881,680,No wonder you didn’t respond to my texts.
5624,237,35,100,259,394,1.4314720812182742,0.0328063521345085,680,"I get that you wanted to impress my father with a firm handshake, but for God’s sake, Ira, THINK!"
1790,238,33,96,247,376,1.4308510638297873,0.03349628196363072,680,You think you can just claw your way back into my life?
3657,238,35,92,249,376,1.4308510638297873,0.033917100402500414,680,I know you clawed your way to the top but look what it's cost you.
3344,240,30,105,248,383,1.4308093994778068,0.03243481680166749,680,Next time we are meeting new friends: wear the rubber-bands
4818,240,40,85,258,383,1.4308093994778068,0.03447777740140804,680,So that's your excuse for not texting!
4821,240,36,93,254,383,1.4308093994778068,0.03367546907034434,680,Nipple play is a hard no.
4014,243,31,99,244,374,1.4304812834224598,0.033192207696726886,680,Well THAT was an embarrassing way to find out I'm allergic to shellfish.
1283,244,34,89,244,367,1.4277929155313351,0.034279159359283475,680,"Social media can be so miss leading......""when you said you were a lobsterman I thought it meant you worked in Maine"""
2939,245,31,97,244,372,1.4274193548387097,0.03330002131300312,680,Something doesn't feel kosher about all of this.
1654,245,33,93,246,372,1.4274193548387097,0.03373239402166856,680,"Well, what would your fourth wish have been?"
2195,247,37,82,246,365,1.4273972602739726,0.035061506717891766,680,"First of all, asking a genie for some lobster claws is a really dumb wish. Secondly..."
5211,248,30,97,241,368,1.4266304347826086,0.03332853492459333,680,I'm the one who needs some buttering up Henry
4720,249,33,85,237,355,1.4253521126760564,0.03486629772664899,680,I can’t believe you fell for that trap.
453,250,37,77,242,356,1.4241573033707866,0.03568694296700855,680,I thought you said you were SELFISH.
3229,251,37,79,245,361,1.4238227146814404,0.03532323640270044,680,I'm sorry you didn't enjoy the hot tub.
5714,252,36,78,240,354,1.423728813559322,0.03560773607845461,680,That “can’t reach my wallet” excuse is getting old.
4785,252,24,102,228,354,1.423728813559322,0.03280019028730794,680,"I'm sorry, Jimmy, I'm just not turned on by men with beards."
4220,252,41,68,245,354,1.423728813559322,0.03671423696644677,680,I can't believe you brought those to the bris.
4844,252,40,70,244,354,1.423728813559322,0.03649562070371321,680,It's October. Those shorts are so embarrassing.
3469,252,38,74,242,354,1.423728813559322,0.036054411652266485,680,"Look, I like you... it just wouldn't be kosher"
3340,252,30,90,234,354,1.423728813559322,0.03423275734962412,680,Your dating profile should mention that you need help with zippers.
3785,252,23,104,227,354,1.423728813559322,0.03255530091098076,680,"They said you'd be a real 'catch'"""
5679,259,32,88,239,359,1.4233983286908078,0.03434971170192952,680,I'm just saying... you could have wished for world peace
4638,260,25,99,228,352,1.4232954545454546,0.03316890501625575,680,The restaurant I am taking you to advertises that they serve lobsters. I just wanted to make sure that we get served.
4809,260,28,93,231,352,1.4232954545454546,0.03389304956093424,680,Would you please just TRY the hand cream?
5471,260,24,101,227,352,1.4232954545454546,0.032923984324347504,680,"I don’t care, you still should’ve picked up the tab."
3553,263,28,94,233,355,1.4225352112676057,0.03368790313239016,680,I can't take you anywhere without your rubber bands.
4218,263,34,82,239,355,1.4225352112676057,0.035076530626540224,680,"And remember when we get there, don't scuttle."
2145,265,35,79,239,353,1.4220963172804533,0.03544487154791046,680,Another restaurant we cannot go to.  Would it kill you to put on a tie?
356,266,36,77,241,354,1.42090395480226,0.03559027328936602,680,That’s not what my father meant when he said you should grow a pair.
5295,267,29,88,230,347,1.420749279538905,0.03445975693311822,680,I just don’t like holding hands in public. It’s nothing personal.
4429,267,29,88,230,347,1.420749279538905,0.03445975693311822,680,You should have been more specific when you said were a lobsterman.
4328,267,28,90,229,347,1.420749279538905,0.034217200176040956,680,"I’m sure she didn’t mean anything by it—and besides, she’s right: would it really kill you to come out of your shell?"
696,270,28,87,225,340,1.4205882352941177,0.03470905851937775,680,"Brilliant first wish, Bob.  Now how are you going to rub the lamp?"
1812,270,31,81,228,340,1.4205882352941177,0.03545102204478688,680,Don't sidestep the question.
2753,270,24,95,221,340,1.4205882352941177,0.03369436820910019,680,True... but you always get a seat on the subway.
2011,273,26,96,230,352,1.4204545454545454,0.033393099982822236,680,"Well, honestly! When you said you had crab claws, I thought you'd be making dinner!"
2551,274,25,94,224,343,1.4198250728862973,0.03374069400895805,680,"Alright, alright, we won't get a hot tub."
3518,275,21,101,219,341,1.4193548387096775,0.032839337663740566,680,Your 'help me with my fly' routine is getting old.
6022,275,22,99,220,341,1.4193548387096775,0.0331009425858759,680,When I said 'grow a pair' that's not what I meant.
6071,277,25,92,222,339,1.4188790560471976,0.034008005402006346,680,Just for once I'd like to order the bisque!
4264,277,25,92,222,339,1.4188790560471976,0.034008005402006346,680,"Yes, but I can hide my acrylic nails by folding my arms."
4880,277,29,84,226,339,1.4188790560471976,0.03501947209311244,680,If you crack your knuckles one more time ...
5834,277,31,80,228,339,1.4188790560471976,0.035514404441141546,680,Really? ...Shorts.
1949,281,27,89,226,342,1.4181286549707601,0.03430037318031,680,I told you that CBD oil wasn't FDA approved.
1421,281,34,75,233,342,1.4181286549707601,0.036007798610328295,680,You shouldn't have taken that job at the nuclear power plant.
1055,281,37,69,236,342,1.4181286549707601,0.03671525336325104,680,Foreplay is off the table
6112,284,27,91,229,347,1.4178674351585014,0.03395312300304573,680,"I know you looked at my phone, you left butter on it."
2331,285,36,72,237,345,1.4173913043478261,0.03624334163294766,680,My mother warned me about dating men from Maine!
5331,286,25,90,221,336,1.4166666666666667,0.03420155706349348,680,Last time I'll use a dating app with just head shots!
5487,286,33,74,229,336,1.4166666666666667,0.036220062346309236,680,Everyone's always trying to butter you up.
2446,288,25,89,220,334,1.4161676646706587,0.03433944397452224,680,"Not every handshake has to be firm."""
5450,288,30,79,225,334,1.4161676646706587,0.035624537639530704,680,You can't just claw your way back into my good graces.
1922,290,21,88,204,313,1.415335463258786,0.03476188321688754,680,"First, those were scissors and, second, you're no Johnny Depp."
3231,291,30,77,223,330,1.415151515151515,0.035925408896324056,680,You don't bring lobster claws to a clam bake; it's just rude.
2721,292,23,76,195,294,1.4149659863945578,0.03691294997213861,680,I told you not to eat the genetically modified lobster.
5850,293,31,73,222,326,1.4141104294478528,0.036492655984041604,680,"No, I'm not upset because you're late."
4553,293,25,85,216,326,1.4141104294478528,0.03490634567829938,680,"Bob, there's just something about you that's not kosher."
4068,293,25,85,216,326,1.4141104294478528,0.03490634567829938,680,Snap. Snap. Snap. And you never let anything go.
5318,293,22,91,213,326,1.4141104294478528,0.034085517196231464,680,You didn’t even shave
320,293,34,67,225,326,1.4141104294478528,0.03726049418416168,680,You're in hot water when we get home.
2776,298,30,74,220,324,1.4135802469135803,0.03638956793752964,680,It's not about the claws. It's about you being unwilling to change.
4623,298,28,78,218,324,1.4135802469135803,0.03586054570462076,680,Your last name is actually Thermidor?!?!
4726,300,24,88,217,329,1.4133738601823709,0.03441109827154335,680,I told you to stop reading Kafka
3644,301,30,78,226,334,1.4131736526946108,0.03560299545283583,680,You're sure you're out of wishes?
478,302,34,65,223,322,1.4130434782608696,0.037591785390137786,680,Your mother was wrong as usual. It didn't make you blind.
4210,303,32,82,240,354,1.4124293785310735,0.034621479958626286,680,"We can go to my place, but first I need to grab some butter and a lemon."
1862,304,25,82,214,321,1.411214953271028,0.0352615431167903,680,They could have TOLD us they kept kosher before they invited us to dinner.
2397,305,30,69,216,315,1.4095238095238096,0.037104184933722514,680,YOU feel trapped!!
776,306,27,74,212,313,1.4089456869009584,0.036437207742919225,680,"Omg, we get it. You're from Maine."
5325,306,25,78,210,313,1.4089456869009584,0.035870740210410826,680,"Sure it makes it hard to text, but you could have called."
4631,308,26,75,210,311,1.4083601286173633,0.03631425145996473,680,"And now you understand the difference between ""a lifetime supply of crab claws"" and ""crab claws for life."""
6001,309,26,74,209,309,1.4077669902912622,0.03647530126648417,680,Maybe leave the baby cheek-pinching to me next time.
3579,309,26,74,209,309,1.4077669902912622,0.03647530126648417,680,Something about you isn't kosher.
84,309,17,92,200,309,1.4077669902912622,0.03378337380115194,680,You didn't think to mention them in your profile?
576,309,27,72,210,309,1.4077669902912622,0.036762238596175854,680,I just wish you weren’t so shellfish.
3545,309,21,84,204,309,1.4077669902912622,0.035005352188970766,680,Don't expect me to butter you up.
366,314,26,75,211,312,1.4070512820512822,0.03622132761163924,680,Our first date and you're wearing shorts!!
4404,315,29,75,223,327,1.4067278287461773,0.03583664080353668,680,Only if those things vibrate.
711,316,23,75,202,300,1.4033333333333333,0.036299980600568306,680,"I know all my friends think you're a real catch, but.  .  ."
2167,316,28,65,207,300,1.4033333333333333,0.037804382176938274,680,At least you don't have crabs
2471,316,22,77,201,300,1.4033333333333333,0.03599155522571873,680,And definitely no foreplay.
2821,316,22,77,201,300,1.4033333333333333,0.03599155522571873,680,"Well, maybe I don't want to mate for life."
5757,316,29,63,208,300,1.4033333333333333,0.03809813454508872,680,"So I guess we have to sell the hot tub now, too?"
6035,316,26,69,205,300,1.4033333333333333,0.03720992103873185,680,"He was a genii, not a waiter.  So when he said ""Do you want the crab claws …"""
3502,322,27,66,205,298,1.4026845637583893,0.03768278726994934,680,I called you selfish not shellfish
1088,322,26,68,204,298,1.4026845637583893,0.037381748466312766,680,Why don’t you just hold up a sign saying ‘it’s our first time in Maine’?
2398,322,23,74,201,298,1.4026845637583893,0.03646372312721148,680,Nope... no foreplay.
14,325,21,77,198,296,1.402027027027027,0.035998737664249006,680,"Do it, again, and the rubber bands go back on."
3507,326,20,72,187,279,1.4014336917562724,0.037149022204394554,680,You can be so shellfish at times!
1692,327,29,62,208,299,1.4013377926421404,0.0381732935717223,680,And it wasn't fun trying to explain all the little claw marks to my doctor.
5642,327,23,74,202,299,1.4013377926421404,0.03636651248728719,680,It just seems like you're becoming more shellfish...
3702,329,21,75,196,292,1.4006849315068493,0.03632481064053386,680,"When you said you were born into a long line of lobstermen, I didn't think you meant genetically."
5046,329,21,75,196,292,1.4006849315068493,0.03632481064053386,680,‘So who did pinch her backside?’
4971,329,20,77,195,292,1.4006849315068493,0.03599937086793069,680,No such claws in our pre-nup!
4734,329,25,67,200,292,1.4006849315068493,0.03759841125374772,680,I can't put my finger on it...I just feel trapped.
4470,329,25,67,200,292,1.4006849315068493,0.03759841125374772,680,"No, I will not go to the Halloween party dressed as butter."
3114,329,29,59,204,292,1.4006849315068493,0.038830261260275396,680,"Even if they offer, don't hold the baby."
2608,329,24,69,199,292,1.4006849315068493,0.037284089952982866,680,"Don’t you lie to me. You’ve been caught, well, red-handed."
2648,329,26,65,201,292,1.4006849315068493,0.03791012653618777,680,We know you're from Maine.
1872,329,23,71,198,292,1.4006849315068493,0.036967096159129034,680,"Keep it up, you're on a roll."
327,329,25,67,200,292,1.4006849315068493,0.03759841125374772,680,"Still, you didn't have to wear the bib to my mother's funeral."
119,329,26,65,201,292,1.4006849315068493,0.03791012653618777,680,I'm only dating you during months with an R
23,329,22,73,197,292,1.4006849315068493,0.0366473605223414,680,Nothing like a bisque walk!
2127,329,24,69,199,292,1.4006849315068493,0.037284089952982866,680,Sorry. I don’t date bottom feeders.
1837,342,29,60,206,295,1.4,0.03853658785767976,680,They still hurt from last time.
5566,342,21,76,198,295,1.4,0.036063666366897555,680,"I told you a thousand times, rock still beats scissor."
563,342,24,70,201,295,1.4,0.03701038025043195,680,"No, I will NOT dip you in butter."
3232,342,20,78,197,295,1.4,0.03574252313892622,680,"When you said you were Claude, I sure didn't expect this!"
1758,346,19,79,195,293,1.3993174061433447,0.03557530350368714,680,"No, we're not spending another summer with your family in Maine."
5866,347,21,69,189,279,1.3978494623655915,0.03745994993551427,680,Couldn’t you have just taken the bib?
1107,348,26,62,200,288,1.3958333333333333,0.03824115944435355,680,"Yes, it did fix your texting addiction, but I'd recommend changing therapists."
5099,349,26,60,197,283,1.3957597173144876,0.03872431871505404,680,"I don’t care what you say, Edward Scissorhands was not a documentary."
3668,349,20,72,191,283,1.3957597173144876,0.03673156987806343,680,"If you had a backbone, you'd have said something."
5029,349,23,66,194,283,1.3957597173144876,0.03774109885557217,680,"Kiss a frog, get a prince.  Kiss a lobster, get a pinch."
137,352,24,63,194,281,1.395017793594306,0.03825652333152155,680,"I don't know what I was thinking, Pincer is the worst dating app ever."
3569,352,24,63,194,281,1.395017793594306,0.03825652333152155,680,"Well, I hope you do not have to use the bathroom."
4010,352,24,63,194,281,1.395017793594306,0.03825652333152155,680,"When you said you had reactions to shellfish, I figured you meant the hives."
5089,352,24,63,194,281,1.395017793594306,0.03825652333152155,680,Don't look to me for sympathy. How do you think the lobster's doing with your hands?
6109,352,26,59,196,281,1.395017793594306,0.03891529799821248,680,You should have never agreed to participate in that study.
3310,357,34,39,198,271,1.3948339483394834,0.04259467062835312,680,Shellfish asshole.
3674,358,21,83,213,317,1.3943217665615142,0.03427939118396075,680,That's the last time we go out in public without your rubber bands
4912,359,29,52,198,279,1.3942652329749103,0.040085585763178666,680,"You just had to impress my father with a firm handshake, didn't you?"
5604,359,18,74,187,279,1.3942652329749103,0.03637595543043807,680,"OK, you are what you eat. I get it!"
5920,359,20,70,189,279,1.3942652329749103,0.037078049832566656,680,I broke up with my last boyfriend because he wouldn't stop cracking his knuckles.
6149,359,26,58,195,279,1.3942652329749103,0.03910878056285485,680,You only care about yourself. You're just Shellfish.
816,363,25,63,199,287,1.3937282229965158,0.03799716300079116,680,You never answer my texts.
2349,364,21,69,192,282,1.3936170212765957,0.037140630697108656,680,And this is your excuse for not texting me back?!
5061,365,22,65,190,277,1.3935018050541517,0.037950334621514405,680,How many times have I told you not to pick children up!
3256,365,25,59,193,277,1.3935018050541517,0.03897061089042535,680,"I’m not angry that you ate your children, Andrew… I’m just disappointed."
2833,365,21,67,189,277,1.3935018050541517,0.037604091436822494,680,"Well, I guess it's slightly better than your actually having crabs!"
5612,368,23,62,190,275,1.3927272727272728,0.03848240138379488,680,"No, I don't want to see what you did with the third wish."
158,368,25,58,192,275,1.3927272727272728,0.03916606716016243,680,I distinctly said I was interested in an upper crust Asian.
617,370,24,83,227,334,1.3922155688622755,0.03387377608815291,680,"No, a back rub would not help."
1913,371,25,57,191,273,1.3919413919413919,0.039364133438668215,680,"Well, you didn't have to snap at me."
1979,371,19,69,185,273,1.3919413919413919,0.03725495804047702,680,Hey the good news? I have two more wishes left
2994,373,23,60,188,271,1.3911439114391144,0.03886786968789016,680,"When you said ""I'm Claude now"", I thought you meant you got a name change."
5486,373,22,62,187,271,1.3911439114391144,0.03851464250652485,680,"I caught you red-handed, and still you deny it!"
5453,375,30,45,194,269,1.3903345724907064,0.04147566365859273,680,I don't want to be your Maine squeeze.
4857,376,26,58,198,282,1.3900709219858156,0.038767156042743396,680,I wish you had mentioned in your profile that you have a beard and always wear shorts.
4666,377,16,74,182,272,1.3897058823529411,0.03621798835627947,680,OK. The psoriasis is gone. Big deal. Didn't you pay attention to the other side effects?!
2741,377,25,56,191,272,1.3897058823529411,0.039445358395917354,680,But how was i to know that was your cousin on my plate!
3431,377,23,60,189,272,1.3897058823529411,0.038751400625622934,680,I don't care if you identify as a lobster now; we can't afford that beach house.
490,377,24,58,190,272,1.3897058823529411,0.03909991911391824,680,I can’t believe you wore shorts to meet my parents
1911,377,26,54,192,272,1.3897058823529411,0.03978779867308302,680,Shorts?! In October?!  People are staring!
308,377,21,64,187,272,1.3897058823529411,0.03804478679021202,680,I am going to have to get you declawed. It solved my problem with the cat.
4563,383,21,53,170,244,1.389344262295082,0.04107037297157823,680,What the hell did you put in those brownies?
5762,384,26,53,191,270,1.3888888888888888,0.039992885686116426,680,I’m glad you’re coming out of your shell but do you have to snap at everyone?
5753,384,19,67,184,270,1.3888888888888888,0.03750564080144637,680,"It was all right, except for the foreplay."
5733,384,14,77,179,270,1.3888888888888888,0.035622871015305285,680,I think blowing your nose is the least of your problems.
5439,384,20,65,185,270,1.3888888888888888,0.03787096410758415,680,They said you were a bottom feeder.  I thought they were kidding.
4501,384,24,57,189,270,1.3888888888888888,0.03929831096219225,680,You wasted money on a genetic profile just to learn the obvious.
4144,384,21,63,186,270,1.3888888888888888,0.03823279682352228,680,I think I’d rather you just keep biting your nails.
3733,384,20,65,185,270,1.3888888888888888,0.03787096410758415,680,Just go back to your man bun - it was surprisingly less stupid.
3662,384,21,63,186,270,1.3888888888888888,0.03823279682352228,680,"You're in hot water now, mister."
2922,384,24,57,189,270,1.3888888888888888,0.03929831096219225,680,"No,not even LIGHT fondling until you've gone to the dermatologist."
2710,384,19,67,184,270,1.3888888888888888,0.03750564080144637,680,Something doesn't seem kosher.
2356,384,12,81,177,270,1.3888888888888888,0.03484128697897742,680,Is it too much to ask to put rubber bands on when we go out?
4052,384,21,63,186,270,1.3888888888888888,0.03823279682352228,680,Isn't there some other way for you to stop looking at your phone so much?
2091,384,25,55,190,270,1.3888888888888888,0.039647119378234376,680,"I admit they look great on you, but who wears red lobster claws to a black and white cartoon?"
1915,384,18,69,183,270,1.3888888888888888,0.03713672389180702,680,I asked you not to wear shorts.
1617,384,23,59,188,270,1.3888888888888888,0.03894637870162451,680,You change anymore and you'll be in hot water.
1508,384,15,75,180,270,1.3888888888888888,0.036007301619031186,680,Don't think that this gets you out of washing dishes
1411,384,19,67,184,270,1.3888888888888888,0.03750564080144637,680,"Well I’m sorry it triggers you, but I want to eat at the seafood place."
2230,384,20,65,185,270,1.3888888888888888,0.03787096410758415,680,Would it kill you to put on a nice pair of rubber bands?
1338,384,20,65,185,270,1.3888888888888888,0.03787096410758415,680,"Of course I'm crabby, I caught you red-handed."""
1315,384,15,75,180,270,1.3888888888888888,0.036007301619031186,680,Don't give me that innocent look. I saw you pinch that waitress.
122,384,19,67,184,270,1.3888888888888888,0.03750564080144637,680,You haven't been the same since we got back from Newberg.
300,384,16,73,181,270,1.3888888888888888,0.03638767099437245,680,I'm not wearing the bib until you put on the whole costume.
456,384,17,71,182,270,1.3888888888888888,0.0367641051965841,680,It's rubber bands for you when we get home.
1017,407,24,55,186,265,1.3886792452830188,0.03982631634535039,680,I can’t believe you wore shorts!
4628,408,27,50,191,268,1.3880597014925373,0.04054691215994094,680,"I'm crabby? Look in the mirror, Rob."
3254,409,20,62,181,263,1.3878326996197718,0.03855746932510911,680,Should I call you my Maine squeeze?
3868,410,18,64,176,258,1.3875968992248062,0.03829541258590532,680,"What if we have children, will they be able to text?"
1608,411,15,71,175,261,1.3869731800766283,0.03680340006834872,680,"Oh sure, but when I wanted to wear my mermaid tail I was the one who was nuts!"
1746,411,17,67,177,261,1.3869731800766283,0.037595679846519924,680,"Oh well, at least you can walk forwards."
3481,411,25,51,185,261,1.3869731800766283,0.04061052436556807,680,Why must we spend every vacation in Maine?
4847,411,19,63,179,261,1.3869731800766283,0.03837160447066447,680,"Sure thing, and I'm 1/16th Navajo"
5993,411,17,67,177,261,1.3869731800766283,0.037595679846519924,680,"""You do that again and I'll get the rubber bands."""
2411,416,21,59,182,262,1.3854961832061068,0.039010472091000926,680,You could have added 'literally' in your profile when you said you clawed your way to becoming partner in your law firm.
5336,416,20,61,181,262,1.3854961832061068,0.03863378663786606,680,You could have said something in your profile!
4482,416,21,59,182,262,1.3854961832061068,0.039010472091000926,680,Just my luck. I get a male with small claws.
1573,416,19,63,180,262,1.3854961832061068,0.03825339210053868,680,As long as we're clear that this date ends at first base.
2238,416,17,67,178,262,1.3854961832061068,0.03748102295338732,680,You can unzip your own pants from now on.
4169,416,18,65,179,262,1.3854961832061068,0.0378691767063261,680,Never wear white after Labor Day!  Everyone’s staring.
637,422,18,68,184,270,1.385185185185185,0.0370948193074343,680,Everyone is staring at us because you insist on wearing white after Labor Day
2624,423,21,58,181,260,1.3846153846153846,0.039211575987122035,680,"Honestly, Jared.  Shorts in October?"
1813,423,24,52,184,260,1.3846153846153846,0.04033172176456064,680,Is it really too much to ask that you wear slacks when we go out? I'm tired of everyone staring.
5886,425,24,55,189,268,1.3843283582089552,0.039459102655621914,680,"As Gregor Samsa's cousin Howard awoke one morning from uneasy dreams, he found himself without opposable thumbs BUT with a hot girlfriend."
1310,426,13,72,170,255,1.384313725490196,0.03651002829575137,680,"The on-line post says, ""Loves seafood,"" but a little more specificity would have been welcome."
1433,426,18,62,175,255,1.384313725490196,0.038566496234481065,680,"I’m not a mind reader, Bob. How could I have known you’d be terrified of steam baths?"
4171,428,26,49,188,263,1.3840304182509506,0.04071262568799644,680,For god's sake get a grip
5579,429,23,53,182,258,1.3837209302325582,0.04017344456430396,680,You seem a little crabby.
5209,429,18,63,177,258,1.3837209302325582,0.03825035599920539,680,I'm just saying it's weird when you order ONLY butter and no popcorn.
1917,429,18,63,177,258,1.3837209302325582,0.03825035599920539,680,My last boyfriend was a shrimp.
4987,429,23,53,182,258,1.3837209302325582,0.04017344456430396,680,"Let it go, Harold. All I ordered were the tails.”"
1148,429,14,71,173,258,1.3837209302325582,0.03663928223627946,680,Must you snap at everybody?
1557,429,20,59,179,258,1.3837209302325582,0.03903096334583673,680,At least it’s not crabs.
4178,435,20,67,192,279,1.3835125448028673,0.03696196024385226,680,I see that you are not only dangerous but also not kosher.
672,436,19,64,183,266,1.3834586466165413,0.03783156592595882,680,"I'm a catch, too, you know."
2429,436,18,66,182,266,1.3834586466165413,0.03745470012656111,680,You look different than you did in the tank.
6020,438,20,58,178,256,1.3828125,0.039233693495127474,680,"Really? After I found you under a rock, now  you're feeling trapped?!"
3351,438,21,56,179,256,1.3828125,0.039622215487925064,680,Removing big hands from preferences on my dating app.
1083,438,17,64,175,256,1.3828125,0.038044328625482744,680,I like you better when you’re crabby.
1582,438,25,48,183,256,1.3828125,0.041139627851736964,680,I can't see how it's any more difficult to put on a nice pair of slacks.
1938,438,20,58,178,256,1.3828125,0.039233693495127474,680,"I'm just saying, you should be more specific on your dating profile than simply saying, ""in transition"""
2201,438,18,62,176,256,1.3828125,0.03844487216087064,680,Was it worth it for the free dinner at Red Lobster?
2244,438,16,66,174,256,1.3828125,0.03763952292021997,680,"If my husband see us together, we're both going to be in hot water."
4446,438,20,58,178,256,1.3828125,0.039233693495127474,680,"When you promised me you were the type to ""Claw your way to the top""  I didn't think you were quite so literal."
2156,446,19,59,176,254,1.3818897637795275,0.039042708515059095,680,And yet you can’t pick up the check.
4951,447,25,48,184,257,1.3813229571984436,0.04100630137812839,680,Ugh. Another bris ruined.
375,448,25,46,181,252,1.380952380952381,0.04159376499071411,680,"It's just for the party, you said. You can turn the gene back off, you said. You think you're so smart."
1225,448,22,52,178,252,1.380952380952381,0.04043739142807115,680,Why did I buy so much butter? No reason.
1601,448,19,58,175,252,1.380952380952381,0.03924696121881706,680,I wish you’d grow a backbone.
2453,448,15,66,171,252,1.380952380952381,0.037601140285684335,680,"No, I don’t think you should wait for your annual. It is worth the co-pay!"
2968,448,21,54,177,252,1.380952380952381,0.04004451363139697,680,"You never listen to me--I said I was a Presbyterian, not a Pescatarian."
4872,448,12,72,168,252,1.380952380952381,0.036317861861458765,680,"You're gonna be in hot water when we get home, mister!"
5536,448,18,60,174,252,1.380952380952381,0.03884204437693034,680,You know they won’t seat you if you wear shorts.
6108,448,16,64,172,252,1.380952380952381,0.03801927543122853,680,I just can't believe how impatient your guitar teacher was today.
2018,456,21,57,182,260,1.3807692307692307,0.03916712460020859,680,"To be honest, your shelfishness is claws for concern."
5651,457,17,61,172,250,1.38,0.038631198245869185,680,Another night starring Mr. Parlor Tricks ends in tragedy.
3061,457,15,65,170,250,1.38,0.03779037509471422,680,"Seriously, Gerald, Crocs were one thing, but this is RIDICULOUS."
2639,457,17,61,172,250,1.38,0.038631198245869185,680,"Larry, I think we should take a little break from the foreplay."
1622,457,15,65,170,250,1.38,0.03779037509471422,680,"But nooo, you just HAD to try them on"
1887,461,16,66,176,258,1.37984496124031,0.0374058493528454,680,Get a grip! I was just kidding about the hot tub.
252,462,18,58,172,248,1.3790322580645162,0.0392504723266978,680,I'm not crabby. You're crabby.
1012,462,20,54,174,248,1.3790322580645162,0.040073673447913676,680,How about a nice hot bath and then some drawn butter?
2829,462,13,68,167,248,1.3790322580645162,0.037112669851628706,680,Seriously Don.  How did you not know the try-out was for mobster!
5043,462,19,56,173,248,1.3790322580645162,0.03966420856060846,680,Really Edward. Lobsterhands this time?
5341,462,14,66,168,248,1.3790322580645162,0.03754996839394896,680,I thought you meant your name was Claude.
1119,467,19,62,183,264,1.378787878787879,0.0379737259383045,680,"C'est fini, Jean-Clawed."
4881,468,17,59,170,246,1.3780487804878048,0.03903631392420419,680,I’m not pointing fingers either.
5463,468,19,55,172,246,1.3780487804878048,0.039877334607617644,680,You could always just stop biting your nails.
4620,468,20,53,173,246,1.3780487804878048,0.04029126233710407,680,She had no business asking about your tail!
5752,468,20,53,173,246,1.3780487804878048,0.04029126233710407,680,I think it's time to return Kafka to the library.
5650,468,19,55,172,246,1.3780487804878048,0.039877334607617644,680,"Well you know what? My hands are cold too, so just grow up."
3541,468,21,51,174,246,1.3780487804878048,0.040700980651905444,680,And you're the one calling me crabby!?!?
3913,468,20,53,173,246,1.3780487804878048,0.04029126233710407,680,Couldn't you have at least worn socks?
3172,468,20,53,173,246,1.3780487804878048,0.04029126233710407,680,Now I know why your dating profile said former marine.
3479,468,17,59,170,246,1.3780487804878048,0.03903631392420419,680,"""I was not trying to butter you up!"""
2612,468,19,55,172,246,1.3780487804878048,0.039877334607617644,680,Claude you look ridiculous. I told you yesterday you can’t wear white after Labor Day.
2307,468,19,55,172,246,1.3780487804878048,0.039877334607617644,680,"They say ""bottom dweller"" a lot more than they say ""cutting edge."""
1861,468,21,51,174,246,1.3780487804878048,0.040700980651905444,680,Stop being so shellfish.
1619,468,16,61,169,246,1.3780487804878048,0.03860893419248422,680,How dare your mother ask me to convert.
1340,468,19,55,172,246,1.3780487804878048,0.039877334607617644,680,"Nice try, but nobody thinks those things mean you have a big penis."
2755,482,20,52,172,244,1.3770491803278688,0.040512027486611486,680,I'm over your salary being determined by market price.
3870,482,16,60,168,244,1.3770491803278688,0.03881106694474047,680,"They're decorative oven mitts, Paul, not winter gloves."
5202,482,26,40,178,244,1.3770491803278688,0.04293730955248851,680,"You had to open every jar in the store, didn't you?"
5427,482,23,46,175,244,1.3770491803278688,0.041742286249570625,680,That oughta keep you from picking your nose.
5901,486,20,51,171,242,1.3760330578512396,0.04073604200288386,680,My mother will hate those shorts.
4454,486,18,55,169,242,1.3760330578512396,0.03988534021982821,680,"Sorry Bert, this isn't working out.  I am tired of being referred to as Mrs. Claws."
2190,486,19,53,170,242,1.3760330578512396,0.04031293516051743,680,I still don't understand why you refuse to wear socks.
1103,486,17,57,168,242,1.3760330578512396,0.03945311125433341,680,"When you said you had pincers, I assumed you meant dobermans!"
739,486,15,61,166,242,1.3760330578512396,0.038574126484439496,680,That's the third bra you've ruined this week.
233,486,16,59,167,242,1.3760330578512396,0.039016094254066144,680,"I mean, you don't see me wearing my California Roll hat when we go out for sushi."
3713,492,14,61,162,237,1.3755274261603376,0.03865591575954545,680,Jeff we talked about this. You have to wear the full suit or you just look dumb
5911,493,16,58,166,240,1.375,0.03922408177832668,680,"When I said 'pinch me,' I didn't mean it literally."
5838,493,14,62,164,240,1.375,0.038324842913955416,680,I can’t believe you’re wearing those shorts to meet my parents.
5760,493,20,50,170,240,1.375,0.04096338127278876,680,"I bring up my ex once, and the claws come out..."
5711,493,21,48,171,240,1.375,0.04138678664485334,680,"Sure, everyone says they're willing to claw their way to the top, but can you stand the heat?"
5696,493,19,52,169,240,1.375,0.04053555355256802,680,How many wishes do you have left?
5639,493,21,48,171,240,1.375,0.04138678664485334,680,"When you described yourself as a lobsterman, I expected a salty hunk from Maine."
5531,493,17,56,167,240,1.375,0.03966605721318429,680,I just think you should at least get tested.
4780,493,16,58,166,240,1.375,0.03922408177832668,680,"The Seafood Festival was 3 days ago, Jake. Time to move on."
3366,493,17,56,167,240,1.375,0.03966605721318429,680,You're not exactly a perfect catch.
2992,493,16,58,166,240,1.375,0.03922408177832668,680,I’m the one who’s always crabby?
1114,493,15,60,165,240,1.375,0.03877706909845184,680,Do we have to visit Maine for every vacation?
2553,493,18,54,168,240,1.375,0.04010316194923238,680,My therapist thinks I’ve got an overactive imagination.
2809,493,25,40,175,240,1.375,0.04303877464256635,680,"So, anything new in the CRISPR research?"
480,493,13,64,163,240,1.375,0.037867216439720096,680,"When your dating profile indicated ‘lobsterman,’  I thought you meant your profession!"
775,493,18,54,168,240,1.375,0.04010316194923238,680,That’s the last time I’m helping you with your zipper!
950,493,11,68,161,240,1.375,0.03693495734286297,680,"And don't try and deny it. I saw you pinch that waitress"""
145,493,18,54,168,240,1.375,0.04010316194923238,680,Can’t you just get a tattoo like the rest of the guys?
1901,493,14,62,164,240,1.375,0.038324842913955416,680,That’s still no reason not to shake my father’s hand.
2016,493,19,52,169,240,1.375,0.04053555355256802,680,It would just be nice to have help putting on my necklace.
2033,493,17,56,167,240,1.375,0.03966605721318429,680,"Acceptance can only go so far, I refuse to wear a bib in bed."
2300,513,19,50,167,236,1.3728813559322033,0.04099080330081876,680,"Why I ever considered dating a bottom feeder, I'll never know."
426,514,22,45,172,239,1.3723849372384938,0.041898978857135255,680,"We're stuck in this, for butter or worse."
1215,514,15,59,165,239,1.3723849372384938,0.038851008677337415,680,"And yes, you're still in hot water."
3633,514,11,67,161,239,1.3723849372384938,0.03699674099668268,680,Look on the bright side. You no longer bite your nails.
5738,514,20,49,170,239,1.3723849372384938,0.04105122913915251,680,'I'll get the glassware down' he says...
6140,514,23,43,173,239,1.3723849372384938,0.042316485404489804,680,Need I remind you–last time we held hands I ended up in the ER.
5804,519,16,55,164,235,1.3702127659574468,0.03972800077393481,680,You aren't wearing the wedding ring again.
3462,519,22,43,170,235,1.3702127659574468,0.04238555815736068,680,It’s me or the 3D printer.
5867,519,19,49,167,235,1.3702127659574468,0.041078276411047054,680,I’m just saying it would be nice to order the lobster just once without you judging me.
376,519,17,53,165,235,1.3702127659574468,0.040183134455016964,680,My mother always has to bring up her allergy to shellfish when we visit.
286,519,21,45,169,235,1.3702127659574468,0.04195432386744896,680,It's not the sarcasm--it's the air quotes.
1580,519,19,49,167,235,1.3702127659574468,0.041078276411047054,680,Sometimes you can be so shellfish.
526,525,18,50,165,233,1.3690987124463518,0.040862009729816816,680,I can’t decide if I am more mortified as a vegan or a fashionista.
1773,525,17,52,164,233,1.3690987124463518,0.04040674660389888,680,"Hands down, the profile pic is always misleading."
1916,525,12,62,159,233,1.3690987124463518,0.038048808534196475,680,I told you I prefer the tail!
4911,525,15,56,162,233,1.3690987124463518,0.03948047409816394,680,"It's not you, it's me. I don't like holding hands."
642,529,10,64,154,228,1.368421052631579,0.037569687311018694,680,"If you didn't want to hold my hand you could've just said so."""
3610,529,17,50,161,228,1.368421052631579,0.041011967074142903,680,You're OK. It's the handsy guys I can't stand.
2173,531,19,43,158,220,1.3681818181818182,0.04302230703484064,680,I don’t care Bob. You’re still spineless.
3682,532,17,51,163,231,1.367965367965368,0.040633729998697785,680,"I'm an independent woman, Larry, I'm not trying to trap you."
604,533,15,53,158,226,1.3672566371681416,0.0402835815717602,680,"NO, to every intimate thought you might be having."
1422,533,10,63,153,226,1.3672566371681416,0.037763873085578534,680,I'm NOT helping you with zippers.
2490,533,18,47,161,226,1.3672566371681416,0.0417224285551985,680,"You looked different in the tank"""
2622,533,17,49,160,226,1.3672566371681416,0.04124839000226128,680,So tell me again how you're going to claw your way to the top.
2738,533,16,51,159,226,1.3672566371681416,0.04076883995177755,680,All you ever talk about is clawing your way to the top.
3279,533,16,51,159,226,1.3672566371681416,0.04076883995177755,680,"Frankly, I prefer to be tickled."
5953,539,19,42,157,218,1.3669724770642202,0.04328746504671823,680,So you're trans crustacean?
5203,540,16,52,161,229,1.3668122270742358,0.04039275427953712,680,I just don't understand why you have to be so shellfish.
3281,540,20,44,165,229,1.3668122270742358,0.042246846982216216,680,Seriously?  You had one wish.  And this is what you came up with?!
3968,540,18,48,163,229,1.3668122270742358,0.041330198875796954,680,You call ME crabby?!?!?
5689,543,19,44,161,224,1.3660714285714286,0.042442575021201405,680,I just don’t like how other women look at you like they want to dip you in melted butter.
1239,543,15,52,157,224,1.3660714285714286,0.04051195412261196,680,Oh please!  I caught you red-handed.
5888,543,18,46,160,224,1.3660714285714286,0.04196824677694896,680,Do you need to tell EVERYONE your first name is Santa?
341,543,14,54,156,224,1.3660714285714286,0.0400147471556824,680,There's something fishy about your mother's past.
485,547,17,45,154,216,1.3657407407407407,0.04255676694260581,680,You embarrass me so much every time  we go out Todd...Cargo shorts? Really?
3898,548,20,43,164,227,1.3656387665198237,0.042497189531341226,680,"Well, I think she was out of line for saying they looked delicious."
4145,548,19,45,163,227,1.3656387665198237,0.042036011741880486,680,"You know, sometimes you're so shellfish."
4484,548,12,59,156,227,1.3656387665198237,0.03865400935050522,680,So what else can you do besides open jars?
3500,551,16,48,155,219,1.365296803652968,0.04163921990931544,680,Just because they serve seafood doesn't mean it's someone you knew.
2035,552,18,45,159,222,1.364864864864865,0.04221795726821971,680,"Well, there was no reason to snap at me!"
2304,552,14,53,155,222,1.364864864864865,0.0402404886813372,680,They may be warm but they LOOK ridiculous.
1409,552,15,51,156,222,1.364864864864865,0.04074385445634626,680,"Sorry, but it's not what I meant when I said I was looking for a catch."
855,552,14,53,155,222,1.364864864864865,0.0402404886813372,680,"Oh, I guess I'M the crabby one?!"
5194,552,15,51,156,222,1.364864864864865,0.04074385445634626,680,"I am from Maine, why do you ask?"
3498,552,18,45,159,222,1.364864864864865,0.04221795726821971,680,Sometimes it’s like you’ve been living under a rock.
5284,552,21,39,162,222,1.364864864864865,0.0436422977837158,680,"I am positive I said ""claw foot"".  And I was talking about a bath tub."
5638,552,14,53,155,222,1.364864864864865,0.0402404886813372,680,You had ONE wish!!! Only ONE!!! And all you could think of was FOOD????!!!!
6150,552,15,51,156,222,1.364864864864865,0.04074385445634626,680,Didn't I tell you I keep kosher?
586,552,18,45,159,222,1.364864864864865,0.04221795726821971,680,That joke about being a gynecologist stopped being funny a long time ago.
2950,552,8,65,149,222,1.364864864864865,0.03707706095998212,680,You’ll do in a pinch.
5497,563,14,57,162,233,1.3648068669527897,0.03894594455651618,680,"Yeah Roger, nipples *are* pretty sensitive. Just don""t let it happen again."
125,564,13,56,156,225,1.3644444444444443,0.039368919423556484,680,You've changed.
4546,565,13,54,153,220,1.3636363636363635,0.039953556191239144,680,Why do you always think that I trapped you?
4764,565,15,50,155,220,1.3636363636363635,0.04097936862808801,680,"Yeah, I'm upset. You were caught red handed!"
5217,565,14,52,154,220,1.3636363636363635,0.0404697127830383,680,Red-handed means different things to different people
3273,565,19,42,159,220,1.3636363636363635,0.0429575680738233,680,"Hopefully, this will keep you from picking you nose!"""
3738,565,15,50,155,220,1.3636363636363635,0.04097936862808801,680,"If they keep setting your bail at the market price per pound, I’m not going to pay it again."
3446,565,20,40,160,220,1.3636363636363635,0.04343804386977242,680,Well who else could have given me crabs?
6118,565,19,42,159,220,1.3636363636363635,0.0429575680738233,680,I am not holding your claw till you put the rubber band back on.
4304,565,19,42,159,220,1.3636363636363635,0.0429575680738233,680,It's just...I think you should have mentioned it in your profile...
2580,565,16,48,156,220,1.3636363636363635,0.041482763330952695,680,We are not naming our son Thermador.
1928,565,18,44,158,220,1.3636363636363635,0.042471657071534816,680,Anything else huge and pink?
2528,565,14,52,154,220,1.3636363636363635,0.0404697127830383,680,What happened to the man who treated me with kid gloves?
2500,565,13,54,153,220,1.3636363636363635,0.039953556191239144,680,Why must you put those on every time we visit my parents?
1694,565,14,52,154,220,1.3636363636363635,0.0404697127830383,680,"So... You think You're on a roll, Eh ?"
88,565,21,38,161,220,1.3636363636363635,0.04391326286724073,680,I'd love to see the lobster that got your hands!
2530,565,16,48,156,220,1.3636363636363635,0.041482763330952695,680,"Not quite what I was expecting when your dating profile said ""a part of me yearns for the open sea."""
993,580,13,53,152,218,1.3623853211009174,0.04017979495428695,680,"No, I never ever said I thought Edward Scissorhands was cute."
1765,581,12,56,153,221,1.3619909502262444,0.03928629111167141,680,I guess you are what you eat.
5965,581,13,54,154,221,1.3619909502262444,0.03980638145528898,680,"Because I'm allergic to shellfish, that's why."
5328,583,14,45,143,202,1.3613861386138615,0.04286970069757098,680,Maybe next time you'll listen to me and read the FULL list of side effects.
4374,584,12,54,150,216,1.3611111111111112,0.03987311197859162,680,So don't order the bisque. You didn't have to make such a scene.
5856,585,12,55,152,219,1.360730593607306,0.039503400941670014,680,Charlie the Tuna says you take the dive in the third round - got it?
5827,585,22,35,162,219,1.360730593607306,0.04449086466648375,680,"Well, the frog just needed a KISS!"
5406,585,11,57,151,219,1.360730593607306,0.03896956313171899,680,We never go out any more. I feel like you’re turning into a hermit.
3935,585,16,47,156,219,1.360730593607306,0.04157025411377167,680,"At least you're more of a gentleman than my last boyfriend... 
he was a real octopus."
3600,585,12,55,152,219,1.360730593607306,0.039503400941670014,680,"It’s taken a while, but you’re finally coming out of your shell!"
442,585,19,41,159,219,1.360730593607306,0.04305533106280175,680,If you touch me again I'll suck out your hand.
3129,585,15,49,155,219,1.360730593607306,0.041063294945757174,680,Mention my sister again and you'll be in hot water.
219,585,17,45,157,219,1.360730593607306,0.04207110483888977,680,"It's not you, it's me. I don't date Genetically Modified Organisms"
2438,585,18,43,158,219,1.360730593607306,0.04256606274540972,680,I told you to take Benadryl before we ordered.
1489,594,14,47,147,208,1.3605769230769231,0.042001644218833165,680,"Dave, once again, please don't click-clack your claws along with the music. It's SO embarrassing. The whole restaurant was looking at us!"
3142,594,19,37,152,208,1.3605769230769231,0.04468102263963659,680,And stop referring to me as “my little buttercup”
5337,596,16,44,151,211,1.3601895734597156,0.042656535947760116,680,"Technically, you didn't catch me red-handed."
198,597,14,44,142,200,1.36,0.043142861896996544,680,"I am your wife, Brandon. And not even I have a clue what you're protesting."
4927,598,15,47,152,214,1.3598130841121496,0.041708497940797146,680,"No, you’re snappy..."
3698,599,16,41,146,203,1.3596059113300492,0.04382260413194425,680,"When you said you came from a long line of lobstermen, I didn't think you meant genetically."
1753,599,15,43,145,203,1.3596059113300492,0.04326253902238829,680,You just don't seem very evolved.
4678,601,12,54,151,217,1.359447004608295,0.03972381118582412,680,When I told you I like lobster this is not what I meant!
3547,601,13,52,152,217,1.359447004608295,0.0402573045873058,680,"Not even to first base, buddy!"
1556,601,14,50,153,217,1.359447004608295,0.04078381995526191,680,"The invitation specifically said ""No Shorts""!"
4875,601,15,48,154,217,1.359447004608295,0.04130362414669356,680,"I can't believe we're going to Le Bernardin, and you're wearing shorts."
2323,605,16,42,148,206,1.3592233009708738,0.04336581360291152,680,"I know I said I would be supportive of your transformation, but I’m not going to call you “Claw-dia”."
2239,606,14,48,150,212,1.3584905660377358,0.04142317458146587,680,I can't believe you are wearing white after Labor Day
5969,607,13,47,144,204,1.357843137254902,0.04195014674179659,680,"You have a real shellfish streak, Rob."""
3323,608,16,42,149,207,1.357487922705314,0.043190685788295276,680,Every time you hold me I feel I need to smash you with a hammer.
3039,608,18,38,151,207,1.357487922705314,0.04426329822137128,680,"Really, Jeremy, you at least could have shaved and wore pants; this dinner is important to me!"
305,608,17,40,150,207,1.357487922705314,0.0437302807462821,680,You want a what job?
4852,608,14,46,147,207,1.357487922705314,0.04209074848814705,680,"Look Crabclaws, I dated Edward Scissorhands, and you’re NO EDWARD SCISSORHANDS!"
3607,612,16,43,151,210,1.3571428571428572,0.042750684211522644,680,"I swear to God, if you quote T.S. Eliot one more time..."
5973,612,11,53,146,210,1.3571428571428572,0.03999723324741151,680,This wasn't exactly the infidelity claws I was thinking of.
5134,612,10,55,145,210,1.3571428571428572,0.039423472713939624,680,Definitely not tonight!
5079,612,14,47,149,210,1.3571428571428572,0.041671141900734315,680,You know damn well my parents are strictly kosher...
4701,612,17,41,152,210,1.3571428571428572,0.043280358907643424,680,"I'm told you must be at least 3 1/4 inches to keep, and can’t be over 5 inches."
1156,612,13,49,148,210,1.3571428571428572,0.04112074416508092,680,"Sometimes I need to be buttered up, too."
1586,612,14,47,149,210,1.3571428571428572,0.041671141900734315,680,"We just started dating, you should be wearing a rubber band."
2852,612,10,55,145,210,1.3571428571428572,0.039423472713939624,680,Button your own shorts from now on!
3467,612,12,51,147,210,1.3571428571428572,0.04056287876949735,680,"If you didn't like holding hands, you could have just said so."
4601,612,12,51,147,210,1.3571428571428572,0.04056287876949735,680,Do your new gloves pinch?
4295,612,10,55,145,210,1.3571428571428572,0.039423472713939624,680,"No Bob,I don't know how to ""dress up as butter."""
4082,623,8,60,145,213,1.3568075117370892,0.037905871638880415,680,Now I'M steaming.
1926,624,16,39,144,199,1.35678391959799,0.04439794644529781,680,Well the meet-up profile said C-L-A-U-D-E.
641,625,12,54,153,219,1.356164383561644,0.0394282740107459,680,It's over.  I've had enough of your shellfishness.
5160,625,14,50,155,219,1.356164383561644,0.040476813881888826,680,"I can't stand it! Everyone just assumes we're from Maine"""
6051,625,14,50,155,219,1.356164383561644,0.040476813881888826,680,Pinch me one more time and the rubber bands are going back on.
2377,628,16,47,159,222,1.3558558558558558,0.04110281831630797,680,So you think you can just claw your way back into my life.”
1878,629,13,48,147,208,1.3557692307692308,0.04136543197348654,680,"I don't care what you say, Raymond. We're not going to Maine this year."
3616,629,9,56,143,208,1.3557692307692308,0.0390550179710946,680,"It’s like you are always trying to embarrase me in front of my friends. I’ve told you before, those shorts look bad on you."
3688,629,15,44,149,208,1.3557692307692308,0.04247353563300862,680,Touch me again and you'll be up to your wrists in butter.
4535,629,14,46,148,208,1.3557692307692308,0.041923145108171425,680,Did you have to embarrass me by wearing shorts?
789,629,12,50,146,208,1.3557692307692308,0.040800095942846594,680,I bet you’d love to get your claws into her.
192,629,13,48,147,208,1.3557692307692308,0.04136543197348654,680,Must you make a scene every time you see a distant cousin on the menu?
79,629,16,42,150,208,1.3557692307692308,0.04301688462192617,680,You’re so bisque averse.
2985,636,21,33,157,211,1.3554502369668247,0.045153573855732806,680,"Well, well, Mr. Wandering Hands! That will teach you to goose a witch!"
3896,636,11,53,147,211,1.3554502369668247,0.03984319078173565,680,I don't care...you're still going to wear a wedding band!
3970,636,13,49,149,211,1.3554502369668247,0.04096038241673106,680,"We finally meet a genie, and you have to start quoting T.S. Eliot!"
3829,639,15,46,153,214,1.355140186915888,0.04163346379098366,680,Shorts? You're wearing shorts on a first date while I'm wearing a dress?
6076,639,13,50,151,214,1.355140186915888,0.040565889233162164,680,That was your last wish Todd! What happened to world peace?
3100,639,16,44,154,214,1.355140186915888,0.042157114182710974,680,I need you to know that I'm not kosher.
5264,639,17,42,155,214,1.355140186915888,0.04267433942304338,680,"Well, your profile picture wasn’t a full body shot, either."
2236,643,18,41,158,217,1.3548387096774193,0.04275396978012925,680,No! I won't help you 'pee'.
6101,643,17,43,157,217,1.3548387096774193,0.042252012194120385,680,Your profile didn't mention that you're Republican.
1179,643,11,55,151,217,1.3548387096774193,0.039105193381486485,680,"I was worried when the doctor said there may be side effects, but I feel fine. How about you?"
2499,643,20,37,160,217,1.3548387096774193,0.04374060730004122,680,Well I don't know what kind of job you think you're going to get now but you're finished as a masseuse
4302,643,17,43,157,217,1.3548387096774193,0.042252012194120385,680,If you pinch me... you’ll be in such hot water!
6,643,15,47,155,217,1.3548387096774193,0.041229767637422886,680,I just don't like you as much since you've come out of your shell!
5014,643,12,53,152,217,1.3548387096774193,0.03964701182827732,680,"Yeah, I know my Tinder profile says likes seafood, but really?"
2420,650,12,49,145,206,1.354368932038835,0.0410411124280735,680,That's not what I meant when I told you to get a grip.
3371,650,14,45,147,206,1.354368932038835,0.04217928760813355,680,"Well, at least it’s not crabs."
5849,650,14,45,147,206,1.354368932038835,0.04217928760813355,680,. . . and no more clicking along with the castanets!
1829,653,15,44,150,209,1.354066985645933,0.04230408606708257,680,"I knew you didn’t want to shake hands with my ex, but this is ridiculous!"
2511,654,11,53,148,212,1.3537735849056605,0.03969023543377185,680,So.....Who got the tail?
3645,654,14,47,151,212,1.3537735849056605,0.04134545868268219,680,No sex until you molt.
5334,654,17,41,154,212,1.3537735849056605,0.04293692022693898,680,Remember to stay out of the hot tub.
2518,657,13,50,152,215,1.3534883720930233,0.04041054360925212,680,I can't believe you regrew them.
788,657,14,48,153,215,1.3534883720930233,0.04094485127489515,680,How do you even swipe right with those?
114,657,7,62,146,215,1.3534883720930233,0.037043206772999195,680,"You're an adult, I shouldn't have to tie your shoes."
3301,657,13,50,152,215,1.3534883720930233,0.04041054360925212,680,My profile clearly states I have a shellfish allergy.
2324,661,12,47,142,201,1.3532338308457712,0.04170507622978402,680,Sandy Claws? Seriously?
1130,662,17,38,149,204,1.3529411764705883,0.04411362227689125,680,"So, why the slow boil?"
5988,662,9,54,141,204,1.3529411764705883,0.03949240723556948,680,...and you think I’m crabby in the morning!?
640,664,14,52,161,227,1.3524229074889869,0.03944128712442836,680,Don't you dare pinch my ass!
5258,665,17,41,155,213,1.352112676056338,0.04276712680000768,680,"Let me be clear, foreplay is not an option."
2508,665,14,47,152,213,1.352112676056338,0.04118439542814909,680,I told you we shouldn’t have spent the summer in Maine.
2445,665,15,45,153,213,1.352112676056338,0.04171864486570415,680,When did you become so shellfish?
5457,665,19,37,157,213,1.352112676056338,0.043790511986332464,680,"Hands down, you are the most shellfish person I know!"
2745,665,13,49,151,213,1.352112676056338,0.04064312394653678,680,Of all the superhero's you could have chosen and you pick Lobster Man?
149,670,13,44,142,199,1.3517587939698492,0.04256176801778707,680,All that money for dental school down the drain.
2731,671,16,40,149,205,1.351219512195122,0.04338394070278433,680,"I'm sorry, but who wears long sleeves and shorts?"
2932,672,12,49,147,208,1.3509615384615385,0.040716538222988416,680,Don't even think about it.
4182,673,11,53,150,214,1.3504672897196262,0.039387547594532495,680,"Before we go any further, you need to know I was raised orthodox."
1185,673,14,47,153,214,1.3504672897196262,0.0410245025862412,680,You’re becoming so shellfish”
4846,673,13,49,152,214,1.3504672897196262,0.04048620559486315,680,So we’re agreed - we’ll skip right past foreplay.
5649,676,14,49,157,220,1.35,0.04024881105324315,680,Why don't you ever return my texts?
6129,677,11,49,143,203,1.3497536945812807,0.04077227459883447,680,"No, Brian, they are not going to be the next big thing."
353,678,11,51,147,209,1.3492822966507176,0.03998481272932637,680,I told you they'd grow back
1332,678,14,45,150,209,1.3492822966507176,0.04167499398753743,680,Which part of “get your claws off me” didn’t you understand?
4677,678,13,47,149,209,1.3492822966507176,0.04111932026319608,680,"For once, I would like to vacation somewhere other than Maine."
322,681,14,49,158,221,1.3484162895927603,0.04009756347836654,680,"'Don't be silly,' you said, 'genetically modified food is perfectly safe.'"
394,682,16,38,147,201,1.3482587064676617,0.043941925306968235,680,And you think I’m being crabby today?
1359,682,12,46,143,201,1.3482587064676617,0.04161595636962819,680,Of all the radioactive creatures to have been bitten by...
1821,682,15,40,146,201,1.3482587064676617,0.043372128791449485,680,I thought you said you got tested for crabs
3244,682,14,42,145,201,1.3482587064676617,0.04279474631448336,680,"Gosh Barry, sometimes you can really be a shellfish jerk."
5178,682,13,44,144,201,1.3482587064676617,0.04220946657255801,680,I can't believe you forgot the rubber bands again!
5914,682,16,38,147,201,1.3482587064676617,0.043941925306968235,680,And what about all that money we wasted on piano lessons...
651,688,16,42,155,213,1.3474178403755868,0.042167311981635085,680,I was expecting this night to go a little differently when you said you had big hands.
66,688,12,50,151,213,1.3474178403755868,0.04001148071694126,680,"Any excuse not to hold hands in public!"""
3560,690,12,46,144,202,1.3465346534653466,0.041445298636999084,680,I have asked you repeatedly to stop snapping at me.
3330,691,13,45,147,205,1.3463414634146342,0.041610844317784,680,"You will do Anything  to avoid foreplay, won’t you??!"
5302,692,16,40,152,208,1.3461538461538463,0.04285564550507341,680,"Frankly, I'm shell shocked."
1415,693,16,42,156,214,1.3457943925233644,0.04200119274536738,680,"I support your transition Tom, but you have to at least compromise about the garlic butter."
1218,694,8,51,135,194,1.3453608247422681,0.03998451463724194,680,I preferred it when your hands were just clammy.
6147,695,13,42,142,197,1.3451776649746192,0.042738510808954806,680,Why'd I bother taking the rubber bands off if you still won't hold my hand?
840,695,9,50,138,197,1.3451776649746192,0.04024165542559681,680,"Oh, and another thing ...""lobster-man"" is the dumbest idea for a superhero I have ever heard"
1312,695,12,44,141,197,1.3451776649746192,0.04212817272886965,680,And you get all upset when I spend a lousy forty bucks to have my nails done.
3148,695,15,38,144,197,1.3451776649746192,0.04393375744862358,680,No one claps that loud at an Aquaman movie.
3459,695,15,38,144,197,1.3451776649746192,0.04393375744862358,680,Next time wear the whole thing.
3595,695,9,50,138,197,1.3451776649746192,0.04024165542559681,680,You’re too old to have to claw your way to the top.
4298,695,13,42,142,197,1.3451776649746192,0.042738510808954806,680,You are not going to claw your way to the top in shorts.
6152,695,13,42,142,197,1.3451776649746192,0.042738510808954806,680,I just thought by now you would have come out of your shell.
2632,703,13,40,139,192,1.34375,0.043474889193664386,680,"For the last time, I will not dip you in melted butter."
3599,703,12,42,138,192,1.34375,0.04284306791753349,680,Pinch me one more time and  you’re going directly into the steamer.
3656,703,10,46,136,192,1.34375,0.04155061281084035,680,"We don't need the whole costume, you said. Minimalism, you said. Suggestive irony, you said. And then Herb and Sheila win everything with a horse costume."
4036,703,10,46,136,192,1.34375,0.04155061281084035,680,So I assume seafood is out of the question?
5975,703,9,48,135,192,1.34375,0.04088906825963831,680,No one wears crustacean anymore.
5397,703,13,40,139,192,1.34375,0.043474889193664386,680,I'm getting tired of your excuses for not doing the dishes.
5972,703,13,40,139,192,1.34375,0.043474889193664386,680,We never get to go to my parents in Indiana...it's always back to your parents in Maine for Thanksgiving
5665,703,13,40,139,192,1.34375,0.043474889193664386,680,"Okay, fine.  Yes, you look like your profile picture but it was still misleading."
4273,703,12,42,138,192,1.34375,0.04284306791753349,680,"So when Lois first accused you of pinching her, you said ‘that’s impossible.’ Now you’re saying it might have happened??"
2559,703,13,40,139,192,1.34375,0.043474889193664386,680,No need denying it. You were caught red handed!
1567,703,12,42,138,192,1.34375,0.04284306791753349,680,Your profile said you were a real catch.
1891,703,12,42,138,192,1.34375,0.04284306791753349,680,I told you not to wear shorts to dinner
123,703,13,40,139,192,1.34375,0.043474889193664386,680,"Let's find you a good pair of rubber bands."""
423,703,11,44,137,192,1.34375,0.04220178843095845,680,Tell me again!  What was the bet?
446,703,11,44,137,192,1.34375,0.04220178843095845,680,How is this less embarrassing than a doggie bag?
2189,703,13,40,139,192,1.34375,0.043474889193664386,680,So what was it like growing up in Maine?
1070,703,9,48,135,192,1.34375,0.04088906825963831,680,You didn’t have to snap at me.
1551,703,13,40,139,192,1.34375,0.043474889193664386,680,"For the last time, I'm not calling you ""CrawDaddy""."
738,703,15,36,141,192,1.34375,0.04471175498715538,680,I keep kosher.
5764,722,15,37,143,195,1.3435897435897435,0.044221909106573636,680,You were being a bit crabby back there.
1452,722,16,35,144,195,1.3435897435897435,0.044815681843917855,680,"Well, I'm boiling too."
3722,722,7,53,135,195,1.3435897435897435,0.039148850458070934,680,Sometimes a woman wants to open to her own walnuts.
667,725,11,47,143,201,1.3432835820895523,0.04092020898503121,680,Just my luck to fall for the guy who’s least likely to give good back rubs.
4088,725,17,35,149,201,1.3432835820895523,0.0444181378050138,680,You wasted your last wish on lobster claws?
4407,725,15,39,147,201,1.3432835820895523,0.043283582089552235,680,My mother warned me about bottom-feeders like you.
4460,725,17,35,149,201,1.3432835820895523,0.0444181378050138,680,If they were any color other than orange …
4810,725,11,47,143,201,1.3432835820895523,0.04092020898503121,680,"'You'll do in a pinch' is not what I was hoping to hear."""
704,725,9,51,141,201,1.3432835820895523,0.03968577850838308,680,That's what you get for teasing the wizard about his small hands.
1988,731,12,38,131,181,1.3425414364640884,0.044584718723152984,680,"No, I will not wear a bib."
2012,732,13,39,138,190,1.3421052631578947,0.04375928366146613,680,I told you this would not get you a discount at Red Lobster.
4571,732,13,39,138,190,1.3421052631578947,0.04375928366146613,680,"When they said ""independent clause,"" didn't you ask them to spell it?"
5801,732,12,41,137,190,1.3421052631578947,0.04311821093259505,680,You didn’t need to butter up my mother like that.
2747,732,14,37,139,190,1.3421052631578947,0.04439109932296738,680,Figure a new way to pee..I'm not your mother...
2564,732,11,43,136,190,1.3421052631578947,0.042467461914869144,680,So ”I'd love lobster claws” was your 3rd wish?
3278,732,10,45,135,190,1.3421052631578947,0.04180658475592049,680,"Your mother really is a witch, isn't she?"
1451,732,12,41,137,190,1.3421052631578947,0.04311821093259505,680,Why are you in such a crabby mood?
988,732,20,25,145,190,1.3421052631578947,0.04800769161627063,680,"Next time, spare me the foreplay."
1149,732,14,37,139,190,1.3421052631578947,0.04439109932296738,680,You should have thought about that before you made your last wish
4329,741,14,38,141,193,1.3419689119170986,0.04390472019319388,680,"So how, exactly, did you manage to swipe right?"
6038,742,9,49,138,196,1.3418367346938775,0.04030786117903837,680,No! You're on your own in the Restroom!
5601,743,14,40,145,199,1.3417085427135678,0.04297329051477275,680,"If you get the matching shoes, it's divorce"
5013,743,14,40,145,199,1.3417085427135678,0.04297329051477275,680,I don't think I should have to quit eating lobster just because we're dating.
2659,743,10,48,141,199,1.3417085427135678,0.04054217950175202,680,I warned you that wearing shorts without socks on such a chilly day would bring unwanted attention.
1651,743,10,48,141,199,1.3417085427135678,0.04054217950175202,680,"Anything ELSE you want to tell me about your ""business trip"" to Vegas?!"
1453,743,14,40,145,199,1.3417085427135678,0.04297329051477275,680,I just want to hold hands in public.
2616,743,11,46,142,199,1.3417085427135678,0.04116342021116534,680,"No, no, second base is so not happening."
190,743,10,48,141,199,1.3417085427135678,0.04054217950175202,680,And I'm sick of sending text after text with no response.
1388,750,10,40,126,176,1.3409090909090908,0.04396923900579273,680,Pinch me one more time and I’ll have those claws wired shut!
3269,751,4,55,126,185,1.3405405405405406,0.03815129521080028,680,Maybe I'm just tired of being referred to as Mrs. Claws.
5791,752,10,44,134,188,1.3404255319148937,0.04206685332868772,680,"If you think this means you never have to do the dishes again, think again mister."
2455,752,12,40,136,188,1.3404255319148937,0.04339814207828805,680,"Claus is spelled CLAUS.  Next year, I will order the costumes."
5984,752,9,46,133,188,1.3404255319148937,0.04138515259778982,680,I just wanted to talk and you come out with your claws on.
5042,752,10,44,134,188,1.3404255319148937,0.04206685332868772,680,"No way dude...I mean, if you were Johnny Depp I'd think about it, maybe."
4988,752,11,42,135,188,1.3404255319148937,0.042737681762261046,680,"How can you even try to deny pinching our hostess's butt, when you were caught red-handed?"
4861,752,13,38,137,188,1.3404255319148937,0.044048700653733834,680,"I fought the claw, and the claw won."
4507,752,16,32,140,188,1.3404255319148937,0.04594514021729804,680,"Mister Big Shot.  Kafka, you had to say, who reads Kafka any more?"
2984,752,14,36,138,188,1.3404255319148937,0.04468978991578756,680,"You just keep getting yourself into hot water, Paul."
2688,752,17,30,141,188,1.3404255319148937,0.046560124602734405,680,Tell the Kafka Institute we want our money back.
2672,752,11,42,135,188,1.3404255319148937,0.042737681762261046,680,I said the theme was “Mobsters”!
1328,752,12,40,136,188,1.3404255319148937,0.04339814207828805,680,I told you that I was wearing a dress and YOU decide to wear shorts.
1098,752,11,42,135,188,1.3404255319148937,0.042737681762261046,680,The claws are impressive. Its the accent I don't get.
980,752,14,36,138,188,1.3404255319148937,0.04468978991578756,680,"On your tindr profile, you had rubber bands on."
866,752,11,42,135,188,1.3404255319148937,0.042737681762261046,680,"No
I don't want to hold your Hand!"
750,752,16,32,140,188,1.3404255319148937,0.04594514021729804,680,"As your attorney,  I want you to understand that you misunderstood me when I said that we need to replace the clause."
636,752,13,38,137,188,1.3404255319148937,0.044048700653733834,680,Why can't you be more like your brother Ed with those sexy scissor-hands?
365,752,12,40,136,188,1.3404255319148937,0.04339814207828805,680,"It's not you, I'm just not into holding hands in public."
260,752,15,34,139,188,1.3404255319148937,0.045321811704213705,680,"No, you may not touch my nipples."
4640,770,11,45,141,197,1.3401015228426396,0.041410562828917294,680,You just keep your claws to yourself!
3602,770,16,35,146,197,1.3401015228426396,0.04442771159170882,680,We're putting the rubber bands back on.
3584,770,14,39,144,197,1.3401015228426396,0.0432461191309546,680,You expect me to believe you weren't clawing that other woman?
54,770,12,43,142,197,1.3401015228426396,0.04203132263564135,680,"No, butter will not make me like you any better."
4405,774,13,37,136,186,1.3387096774193548,0.04434327872396561,680,You're claws weren't the issue ... it was your stupid shorts.
4424,774,13,37,136,186,1.3387096774193548,0.04434327872396561,680,"How many times have I told you.
You are what you eat"
4639,774,10,43,133,186,1.3387096774193548,0.042331530230879925,680,"What now, a high two?"
5812,774,8,47,131,186,1.3387096774193548,0.040935475741125826,680,How were you able to swipe right in the first place?
4112,774,14,35,137,186,1.3387096774193548,0.04499387743637018,680,Why does it always have to be about you?
3933,774,13,37,136,186,1.3387096774193548,0.04434327872396561,680,"My suggestion, skip ballet lessons and try Flamenco."
2858,774,13,37,136,186,1.3387096774193548,0.04434327872396561,680,NOT in your eharmony profile.
2828,774,12,39,135,186,1.3387096774193548,0.04368299130352111,680,But I am trying to break out of my shell.
2306,774,9,45,132,186,1.3387096774193548,0.041639354136683016,680,No I won’t pick your nose.
1784,774,16,31,139,186,1.3387096774193548,0.046267637548233445,680,There's more to life than just being good in a pinch.
2873,774,11,41,134,186,1.3387096774193548,0.043012568982283554,680,"They're not the most stylish of gloves, but they'll do in a pinch."
1066,774,12,39,135,186,1.3387096774193548,0.04368299130352111,680,Stop telling me to get a grip.
910,774,13,37,136,186,1.3387096774193548,0.04434327872396561,680,I wished you take off that stupid human outfit.
357,774,8,47,131,186,1.3387096774193548,0.040935475741125826,680,"Well, my nightmare is getting married somewhere OTHER than New England."
1175,774,12,39,135,186,1.3387096774193548,0.04368299130352111,680,OK.  Cured your finger snapping.  Now we’ll work on your gum popping.
10,774,16,31,139,186,1.3387096774193548,0.046267637548233445,680,"You know, sometimes you can be so shellfish."
3996,790,9,47,136,192,1.3385416666666667,0.04078299143713435,680,Would it kill you to wear gloves?
5060,791,13,42,146,201,1.3383084577114428,0.04202434288499901,680,That's no excuse for not picking up the check.
3802,792,15,40,152,207,1.3381642512077294,0.04230820381351435,680,"kEEP YOUR  CLAWS OFF ME, HEAR?!"
4098,793,12,38,134,184,1.3369565217391304,0.043972893215409904,680,You look ridiculous in those shorts.
3841,793,10,42,132,184,1.3369565217391304,0.04260073092387842,680,That has got to be the most ironic Viagra side effect yet.
3810,793,12,38,134,184,1.3369565217391304,0.043972893215409904,680,"You knew we were meeting my parents for lunch, you couldn't have even put on pants?"
3677,793,12,38,134,184,1.3369565217391304,0.043972893215409904,680,"No, Steve, you can’t just claw your way back into my life."
4265,793,14,34,136,184,1.3369565217391304,0.045303514214892794,680,... and how come everyone but you knows the Goldbergs keep kosher
3659,793,13,36,135,184,1.3369565217391304,0.04464316150292694,680,"Don't be silly, of course no one will notice."
3558,793,15,32,137,184,1.3369565217391304,0.04595437880617655,680,For the last time Jason; the lobster mac and cheese was the special!  She was not making fun of your claws!
3776,793,11,40,133,184,1.3369565217391304,0.043292248803813216,680,Well that's the last time we visit my parents without your rubber bands.
4276,793,12,38,134,184,1.3369565217391304,0.043972893215409904,680,I wish you wouldn't be so shellfish.
4584,793,9,44,131,184,1.3369565217391304,0.04189780118342866,680,"Walking shorts and a pullover, you call that dressing up?"
4444,793,11,40,133,184,1.3369565217391304,0.043292248803813216,680,For the last time I said that I loved Lobster tails.
4493,793,13,36,135,184,1.3369565217391304,0.04464316150292694,680,I know your profile said you're from Maine but this was a surprise.
4644,793,11,40,133,184,1.3369565217391304,0.043292248803813216,680,"Well dirty boy,  when we  get home what  do you say I draw a nice hot bath for you."
4825,793,12,38,134,184,1.3369565217391304,0.043972893215409904,680,Well I can tell you this Mister; the elastics are going back on!
5162,793,6,50,128,184,1.3369565217391304,0.03971443251864981,680,I notice you never pick up the check
6133,793,10,42,132,184,1.3369565217391304,0.04260073092387842,680,They were on sale??  That's all you have to say?
5744,793,8,46,130,184,1.3369565217391304,0.04118287523672358,680,I told you not to trust any surgeon for your carpal tunnel syndrome!
5552,793,17,28,139,184,1.3369565217391304,0.047229207001036125,680,"Yeah, I'm the one who's always crabby."
3445,793,7,48,129,184,1.3369565217391304,0.04045531709826244,680,"I’m not kink-shaming, I just don’t want to wear a bib."
4380,793,14,34,136,184,1.3369565217391304,0.045303514214892794,680,"I love you, Roger, but the pinching has to stop."
3379,793,11,40,133,184,1.3369565217391304,0.043292248803813216,680,Don't you think you're being a little shellfish?
2918,793,11,40,133,184,1.3369565217391304,0.043292248803813216,680,"You lost the key to the handcuffs, you couldn't untie the rope, and now this?"
2999,793,11,40,133,184,1.3369565217391304,0.043292248803813216,680,"I'm not saying I would've swiped left, I just don't understand how you swiped right."
178,793,12,38,134,184,1.3369565217391304,0.043972893215409904,680,I'm so tired of your excuses for making  me pay.
206,793,10,42,132,184,1.3369565217391304,0.04260073092387842,680,"I suppose if you have them removed, they'll just grow back..."
1078,793,12,38,134,184,1.3369565217391304,0.043972893215409904,680,It’s that they’re orange. Who in their right mind wants to look orange?
1141,793,10,42,132,184,1.3369565217391304,0.04260073092387842,680,"Don’t get snappy with me, Mister!"
1196,793,12,38,134,184,1.3369565217391304,0.043972893215409904,680,"Larry couldn't wait to get his claws on Jill, especially after she buttered him up a little."
3034,793,13,36,135,184,1.3369565217391304,0.04464316150292694,680,How was I supposed to know she really was a sorceress?
1702,793,10,42,132,184,1.3369565217391304,0.04260073092387842,680,"The rubber bands go right back on the next time you pinch someone again."""
1886,793,12,38,134,184,1.3369565217391304,0.043972893215409904,680,Try groping some woman now!
2045,793,9,44,131,184,1.3369565217391304,0.04189780118342866,680,"No honey, they weren’t wondering why you wore shorts."
2212,793,17,28,139,184,1.3369565217391304,0.047229207001036125,680,So much for snap chat!
2326,793,11,40,133,184,1.3369565217391304,0.043292248803813216,680,"No, I'm steamed..."
2725,793,7,48,129,184,1.3369565217391304,0.04045531709826244,680,When you said in your profile you were really in to shellfish... you can imagine what I assumed.
2847,793,9,44,131,184,1.3369565217391304,0.04189780118342866,680,I suppose you'll want your own pool now.
2894,793,14,34,136,184,1.3369565217391304,0.045303514214892794,680,I told you that guy wasn’t a real dermatologist
1981,793,11,40,133,184,1.3369565217391304,0.043292248803813216,680,"We’ve tried your specialists, now will you see a marine biologist ?"
194,831,9,41,126,176,1.3352272727272727,0.04310271291560162,680,"No, not even if you bathe in butter."
3743,831,13,33,130,176,1.3352272727272727,0.04601721547882955,680,"I don't care if it is a B52's concert, you aren't going dressed like that."
2310,833,9,43,130,182,1.335164835164835,0.042160602392699094,680,It not the claws that bother me. It’s all the mercury.
5272,833,8,45,129,182,1.335164835164835,0.04143432907891929,680,It is not going to help us get a table.
3016,833,10,41,131,182,1.335164835164835,0.04287457477352228,680,Sorry! Still no excuse for leaving the toilet seat up.
5882,833,10,41,131,182,1.335164835164835,0.04287457477352228,680,You and your allergies.
2494,833,12,37,133,182,1.335164835164835,0.04426798727975477,680,"The kids are expecting Santa Claus, not Lobster Claws, you boob!"
2204,833,13,35,134,182,1.335164835164835,0.04494849792479853,680,You really don’t understand why we can’t go to third base???
1318,833,8,45,129,182,1.335164835164835,0.04143432907891929,680,Take them off. That's only cool in Boston.
1701,833,12,37,133,182,1.335164835164835,0.04426798727975477,680,I'm sure this is another excuse for not touching me
295,841,12,39,137,188,1.3351063829787233,0.04329167767360518,680,"I caught you red handed Bob, it's over"
4000,842,8,44,128,180,1.3333333333333333,0.04168993763562226,680,Your shoplifting days are over.
4039,842,9,42,129,180,1.3333333333333333,0.04242786992641584,680,"If I ever get another chance, I'm gonna kiss an enchanted frog!"
4213,842,6,48,126,180,1.3333333333333333,0.0401734291192636,680,"I told you my Mom is allergic to shellfish, but you just had to hug her."
4277,842,11,38,131,180,1.3333333333333333,0.043866509313534835,680,"I don’t care if everyone in your family, genus, AND phylum mates for life; I want a divorce!"
4758,842,10,40,130,180,1.3333333333333333,0.04315318520021031,680,I said keep your claws off of me.
4954,842,14,32,134,180,1.3333333333333333,0.04594007377711537,680,"I wanted pizza, but, no, you had to try the new seafood place doing molecular gastronomy."
5005,842,14,32,134,180,1.3333333333333333,0.04594007377711537,680,I'm boiling mad!
5073,842,13,34,133,180,1.3333333333333333,0.045259442464705806,680,Now I see why you chose a headshot for your Tinder profile
5181,842,9,42,129,180,1.3333333333333333,0.04242786992641584,680,You can't just claw your way to the top.
5437,842,13,34,133,180,1.3333333333333333,0.045259442464705806,680,I could replace you with a nutcracker.
5538,842,11,38,131,180,1.3333333333333333,0.043866509313534835,680,"Look on the bright side, at least you can crack walnuts."
3019,842,13,34,133,180,1.3333333333333333,0.045259442464705806,680,I keep texting you and texting you. No reply. Don’t tell me you never got them!
5656,842,12,36,132,180,1.3333333333333333,0.04456841803099171,680,Are you sure you won’t see The Nutcracker with me?
5585,842,12,36,132,180,1.3333333333333333,0.04456841803099171,680,You are just a shell of the man you used to be.
5844,842,12,36,132,180,1.3333333333333333,0.04456841803099171,680,"We can’t compromise on this, the claws are just as bad as the whole suit."
5890,842,15,30,135,180,1.3333333333333333,0.046610767265489114,680,Are you sure the dinner invitation said to just bring yourself and a big pot?
5228,842,13,33,131,177,1.3333333333333333,0.04579567253210014,680,‘Good in a pinch’ isn’t good enough.
2974,842,10,40,130,180,1.3333333333333333,0.04315318520021031,680,Don’t pretend you’ve never heard it before: You’re a shellfish lover.
878,842,9,42,129,180,1.3333333333333333,0.04242786992641584,680,It's not going to be much of a relationship if I have to tie your shoes every time.
2467,842,11,38,131,180,1.3333333333333333,0.043866509313534835,680,"So, you're transitioning into a crustacean?"
2020,842,10,40,130,180,1.3333333333333333,0.04315318520021031,680,I just feel like you’re constantly snapping at me.
330,842,12,38,136,186,1.3333333333333333,0.043573763509878294,680,That's the third buffet we were thrown out of.
1666,842,11,38,131,180,1.3333333333333333,0.043866509313534835,680,It's obvious you didn't catch it from me.
1257,842,14,32,134,180,1.3333333333333333,0.04594007377711537,680,"How can I expect you to be ""more hands-on"" when you're so shellfish."
942,842,10,40,130,180,1.3333333333333333,0.04315318520021031,680,All I'm saying is that I think you should have mentioned that you used to work in Fukushima in your profile.
705,842,9,42,129,180,1.3333333333333333,0.04242786992641584,680,You could have asked for the tail.
436,842,8,44,128,180,1.3333333333333333,0.04168993763562226,680,Seems like a pretty lame excuse to not cuddle.
403,842,14,32,134,180,1.3333333333333333,0.04594007377711537,680,What I just did for you in that restroom will haunt me forever.
360,842,8,44,128,180,1.3333333333333333,0.04168993763562226,680,Let's see if you can control yourself without the rubber bands.
40,842,9,42,129,180,1.3333333333333333,0.04242786992641584,680,Those shorts make you look like a dork.
2862,842,9,42,129,180,1.3333333333333333,0.04242786992641584,680,"I get it John, you want to move back to Maine"
94,842,11,38,131,180,1.3333333333333333,0.043866509313534835,680,"I want ""pinchy-pinchy-pinchy"" out of your vocabulary."
3765,874,11,37,130,178,1.3314606741573034,0.04416136315641928,680,I GET it!  You're from Maine.
3187,874,11,37,130,178,1.3314606741573034,0.04416136315641928,680,I can't believe you said I trapped you.
2941,874,9,41,128,178,1.3314606741573034,0.04269971957396818,680,"Look, it's not you. It's me and my allergies."
4077,874,13,33,132,178,1.3314606741573034,0.04557615538821557,680,"I say one little thing, and your claws come out!"
2832,874,10,39,129,178,1.3314606741573034,0.043436689834336295,680,Really? That’s how you think you can claw your way to the top?
2692,874,12,35,131,178,1.3314606741573034,0.04487433529203478,680,"You know, what was funny in college is less so
        now that you're Secretary of Defense."
2947,874,12,35,131,178,1.3314606741573034,0.04487433529203478,680,I should have left you in the tank
4087,874,11,37,130,178,1.3314606741573034,0.04416136315641928,680,So your third wish was to have giant lobster claws?
5111,874,10,39,129,178,1.3314606741573034,0.043436689834336295,680,And after the Hell you gave me for cutting my hair short.
4330,874,15,29,134,178,1.3314606741573034,0.04694833206950376,680,"IF we ever try that again, wear your octopus hands!"
4752,874,14,31,133,178,1.3314606741573034,0.04626733093706166,680,I should have married Eddie Scissorhands.
5067,874,15,29,134,178,1.3314606741573034,0.04694833206950376,680,"Don't worry my Dermatologist has seen everything"""
1920,874,13,33,132,178,1.3314606741573034,0.04557615538821557,680,I like visiting your mom - but your dad's such a crab...
5128,874,10,39,129,178,1.3314606741573034,0.043436689834336295,680,"Look, they caught you red-handed, so as your counsel I say we accept the plea offer."
5411,874,10,39,129,178,1.3314606741573034,0.043436689834336295,680,Now both of us are crabby.
5629,874,12,35,131,178,1.3314606741573034,0.04487433529203478,680,"Don't lie to me.  I caught you . . . well, you know."
5655,874,8,43,127,178,1.3314606741573034,0.04194980428591663,680,"What do you mean, ‘playful pinching’ is in your DNA?"
5783,874,11,37,130,178,1.3314606741573034,0.04416136315641928,680,"Really? You didn't think ""I have lobster claws for hands"" was worth mentioning in your Tinder bio?"
4279,874,9,41,128,178,1.3314606741573034,0.04269971957396818,680,Couldn't you tell she was just buttering you up?
1553,874,8,43,127,178,1.3314606741573034,0.04194980428591663,680,"I thought you were being metaphorical in your dating profile, when you said you clawed your way to the top."
3003,874,15,29,134,178,1.3314606741573034,0.04694833206950376,680,You're not getting those things anywhere near my clam!
1496,874,13,33,132,178,1.3314606741573034,0.04557615538821557,680,Look - Crocs were ugly but practical. Your invention... not so much.
1396,874,12,35,131,178,1.3314606741573034,0.04487433529203478,680,What I need most is you treat me with a pair of kid gloves.
1269,874,11,37,130,178,1.3314606741573034,0.04416136315641928,680,I completely misunderstood the ‘clause’ in the pre-nup.”
1189,874,9,41,128,178,1.3314606741573034,0.04269971957396818,680,They warned you the plate was hot.
1513,874,8,43,127,178,1.3314606741573034,0.04194980428591663,680,"Marry someone with soft hands,"" Mom said. But,would I listen"
1038,874,11,37,130,178,1.3314606741573034,0.04416136315641928,680,"Hearing ‘he looks half-mobster and may be a bit selfish’ raised red flags, but I should've paid closer attention."
170,874,11,37,130,178,1.3314606741573034,0.04416136315641928,680,Thats the last time you're going to embarrass me with that 'she's already tried the lobster' joke.
778,874,13,33,132,178,1.3314606741573034,0.04557615538821557,680,"Halloween is not one of the High Holidays, Steve. And shellfish?!"
665,874,14,31,133,178,1.3314606741573034,0.04626733093706166,680,Pinch me in public again and I'll boil you.
629,874,9,41,128,178,1.3314606741573034,0.04269971957396818,680,"Every time I criticize you, you snap back."
481,874,8,43,127,178,1.3314606741573034,0.04194980428591663,680,"Frankly, I'd prefer you bit your nails."
466,874,9,41,128,178,1.3314606741573034,0.04269971957396818,680,Must you insist on salt water at every restaurant?
6154,907,13,32,130,175,1.3314285714285714,0.04612296795142708,680,"I thought your dating profile said  selfish, not shellfish”"
1018,907,10,38,127,175,1.3314285714285714,0.04393499559204485,680,Touch me and you will be baked and stuffed in no time.
3478,909,10,40,132,182,1.3296703296703296,0.04275575715138692,680,...and don't start sidestepping!
2185,910,13,32,131,176,1.3295454545454546,0.04589880301340934,680,That waitress was really buttering you up!
3635,910,7,44,125,176,1.3295454545454546,0.041437781413263,680,"If you don't want to hold my hand, you can just say so."
5423,912,7,45,128,180,1.3277777777777777,0.04081004394600619,680,"``We should have left as soon as they brought 
out the bibs and butter sauce.''"
173,912,10,39,131,180,1.3277777777777777,0.043031144839143214,680,You would think that you could pick up a check once in awhile.
367,912,11,37,132,180,1.3277777777777777,0.0437464589721055,680,You're just shellfish!
3122,912,8,43,129,180,1.3277777777777777,0.04156360106277781,680,He has to stop referring to me as his “Maine squeeze”.
5064,916,13,32,132,177,1.3276836158192091,0.04567671223280236,680,We need to think of something that will make you stand out ... something that can make you seem unique on these college applications
4033,916,11,36,130,177,1.3276836158192091,0.04424883466965751,680,"I'll just *bet* that slut Suzanne ""loves claw meat""!"
1313,916,11,36,130,177,1.3276836158192091,0.04424883466965751,680,You grow a tail and we’re through.
5484,919,8,41,125,174,1.3275862068965518,0.04248274093191007,680,Mrs. Newberg is not amused.
3911,919,11,35,128,174,1.3275862068965518,0.04476723781130151,680,Why didn't you TELL me you had a shellfish allergy?
3764,919,12,33,129,174,1.3275862068965518,0.04550325646927813,680,"I don't care if we get free butter at the bodega, take them off."
3757,919,11,35,128,174,1.3275862068965518,0.04476723781130151,680,"This isn't working. I don't care how much of a ""catch"" you are!"
3091,919,13,31,130,174,1.3275862068965518,0.04622755798616428,680,You’re telling me you read ALL the possible side effects before you take your medicine?
3925,919,9,39,126,174,1.3275862068965518,0.04325764724465567,680,Well you told me to wear something snappy...
3086,919,11,35,128,174,1.3275862068965518,0.04476723781130151,680,Now who's being crabby?
2750,919,10,37,127,174,1.3275862068965518,0.04401891426646442,680,"I applaud your support for sustainable lobster fishing, but couldn't you have just worn the t-shirt?"
2436,919,15,27,132,174,1.3275862068965518,0.047643138577078845,680,I thought you were getting a tattoo!
2400,919,10,37,127,174,1.3275862068965518,0.04401891426646442,680,"Your little stunt just got us permanently
banned from all Red Lobsters."
3354,919,12,33,129,174,1.3275862068965518,0.04550325646927813,680,How can you be so shellfish?
4228,919,12,33,129,174,1.3275862068965518,0.04550325646927813,680,"You can't claw your way out of this one, Jeffery"
5387,919,10,37,127,174,1.3275862068965518,0.04401891426646442,680,You didn’t need to snap at my mother.
4609,919,8,41,125,174,1.3275862068965518,0.04248274093191007,680,Foreplay is out of the question
4706,919,11,35,128,174,1.3275862068965518,0.04476723781130151,680,I can only imagine what Seinfeld would do with this.
4953,919,12,33,129,174,1.3275862068965518,0.04550325646927813,680,"Admit it, Steve - I caught you redhanded."
5092,919,8,41,125,174,1.3275862068965518,0.04248274093191007,680,"Easy for you to say, ""get a grip."""
5724,919,13,31,130,174,1.3275862068965518,0.04622755798616428,680,"I thought you said you got a job AT Red Lobster, not a job AS a red lobster."
5632,919,13,31,130,174,1.3275862068965518,0.04622755798616428,680,Can we walk sideways for once??
5712,919,11,35,128,174,1.3275862068965518,0.04476723781130151,680,Most people only have to get their cat declawed.
2294,919,11,35,128,174,1.3275862068965518,0.04476723781130151,680,"When I say ""Keep your hands off me!"" don't ask why."
5960,919,14,29,131,174,1.3275862068965518,0.04694068475661022,680,"I keep telling you, “Never wash your hands with hot water,” but do you listen?"
6114,919,11,35,128,174,1.3275862068965518,0.04476723781130151,680,"My profile says that I like hot tubs, butter, and Maine vacations, and you swiped right?"
5413,919,13,31,130,174,1.3275862068965518,0.04622755798616428,680,"I suppose it’s an improvement, Edward."
4523,919,11,35,128,174,1.3275862068965518,0.04476723781130151,680,I can't believe you're wearing jorts.
2087,919,12,33,129,174,1.3275862068965518,0.04550325646927813,680,"One more time,. and it's the rubber bands!"
2657,919,10,37,127,174,1.3275862068965518,0.04401891426646442,680,Couldn't you have just settled for the Maine t-shirt instead?
1910,919,10,37,127,174,1.3275862068965518,0.04401891426646442,680,"For God’s sake, Henry, give it a rest.  You’re never getting into dental school."
70,919,9,39,126,174,1.3275862068965518,0.04325764724465567,680,If you weren't such a great back scratcher I would leave you
373,919,10,37,127,174,1.3275862068965518,0.04401891426646442,680,"I've gotta be honest, when the app asked if I was open to dating half-animals, I was at least expecting a centaur or a satyr."
818,919,11,35,128,174,1.3275862068965518,0.04476723781130151,680,"Becky's text said ""mobster.""
""Ooh! Exciting!"" I thought."
832,919,11,35,128,174,1.3275862068965518,0.04476723781130151,680,"Yes, I did say 'claws for concern.'"
892,919,11,35,128,174,1.3275862068965518,0.04476723781130151,680,At least Edward Scissorhands could cut hair well.
1058,919,9,39,126,174,1.3275862068965518,0.04325764724465567,680,"It is NOT ""just like The Little Mermaid."""
1197,919,12,33,129,174,1.3275862068965518,0.04550325646927813,680,And don't think I didn't notice you eyeing that woman with the large dorsal fin.
1241,919,11,35,128,174,1.3275862068965518,0.04476723781130151,680,"Stop complaining, Harold, they're a valid stipulation of the restraining order."
638,919,12,33,129,174,1.3275862068965518,0.04550325646927813,680,My ex was hung like a horse.
1465,919,13,31,130,174,1.3275862068965518,0.04622755798616428,680,The last guy I dated was a total octopus. Now this!
1495,919,11,35,128,174,1.3275862068965518,0.04476723781130151,680,"I said get dressed for dinner not dress ""as"" dinner Harold."
1613,919,11,35,128,174,1.3275862068965518,0.04476723781130151,680,"I swear, Ted, I thought you were mature enough to go out without your rubber bands."
1782,919,12,33,129,174,1.3275862068965518,0.04550325646927813,680,At this point in our relationship I don’t care how stupid you look. You just better pay very close attention when you get into that voting booth and don’t click “Trump” by mistake.
1787,919,12,33,129,174,1.3275862068965518,0.04550325646927813,680,Would it kill you to dress up before meeting my parents?
1941,919,11,35,128,174,1.3275862068965518,0.04476723781130151,680,"Oh sure, it's fun for you, but just stay away from my nipples."
1789,919,11,35,128,174,1.3275862068965518,0.04476723781130151,680,"For the millionth time, you're my Maine man!"
1818,919,8,41,125,174,1.3275862068965518,0.04248274093191007,680,Jazz hands were fine! I should never have said a word.
1289,919,11,35,128,174,1.3275862068965518,0.04476723781130151,680,Caught you red handed!
4342,965,9,38,124,171,1.327485380116959,0.04375747760106747,680,Mother warned me you would never change.
4183,965,12,32,127,171,1.327485380116959,0.04605556638258975,680,"Damn it Winston... Get this through your thick head. I ‘m the one who takes off my bra from now on, and that’s final."
4119,965,7,42,122,171,1.327485380116959,0.04215587677654345,680,"If they ask how we met, let me do the talking."
4105,965,11,34,126,171,1.327485380116959,0.04530249160053703,680,And now we are banned from pottery class too!
4084,965,8,40,123,171,1.327485380116959,0.04296414082003175,680,You can't claw your way out this time. I caught you red handed.
3965,965,15,26,130,171,1.327485380116959,0.04824431099761235,680,And if you try that again you won't like what happens to another body part.
2795,965,10,36,125,171,1.327485380116959,0.044536684829613496,680,"God, what is up with you damn Kafkas."
3013,965,10,36,125,171,1.327485380116959,0.044536684829613496,680,"I thought he said, ""Do you agree to the clause?"""
2819,965,9,38,124,171,1.327485380116959,0.04375747760106747,680,I'm sorry - when I said I was excited to meet a lobsterman I was expecting something different.
2767,965,9,38,124,171,1.327485380116959,0.04375747760106747,680,and you wonder why I'm in a crabby mood?!
2620,965,11,34,126,171,1.327485380116959,0.04530249160053703,680,I warned your sister I shouldn't hold the baby.
4514,965,13,30,128,171,1.327485380116959,0.04679652384980678,680,"I don't know, John. There's something fishy about the whole thing."
3852,965,9,38,124,171,1.327485380116959,0.04375747760106747,680,This is why I don't take you nice places.
4586,965,11,34,126,171,1.327485380116959,0.04530249160053703,680,I don't like having them pinched!
5501,965,11,34,126,171,1.327485380116959,0.04530249160053703,680,"I get that it's a medical condition, but I just want to go bowling sometimes!"
4649,965,12,32,127,171,1.327485380116959,0.04605556638258975,680,I can’t believe you wore shorts to the party! Didn’t you notice everyone staring?
4690,965,12,32,127,171,1.327485380116959,0.04605556638258975,680,Never date a guy named Kafka.
4748,965,11,34,126,171,1.327485380116959,0.04530249160053703,680,"I'm sorry. It's just that when you told me about your mutant super power, I kind of pictured you as Wolverine."
4935,965,10,36,125,171,1.327485380116959,0.044536684829613496,680,"No, muggers won’t be a problem, but if we meet an octopus you’re going to be in trouble."
5058,965,7,42,122,171,1.327485380116959,0.04215587677654345,680,Please tell me this is the last of your elaborate ploys to avoid helping around the house!
5096,965,8,40,123,171,1.327485380116959,0.04296414082003175,680,"This is not what I meant by ""evolving""."
5167,965,12,32,127,171,1.327485380116959,0.04605556638258975,680,Well that was un-clawed for.
2439,965,7,42,122,171,1.327485380116959,0.04215587677654345,680,Who is she trying to impress with all that butter and lemon?
5507,965,11,34,126,171,1.327485380116959,0.04530249160053703,680,"You’re just too shellfish, Brad."
5934,965,10,36,125,171,1.327485380116959,0.044536684829613496,680,"Louis, I was so embarrassed when everyone was staring at us.  I told you not to wear shorts to dinner!"
5946,965,9,38,124,171,1.327485380116959,0.04375747760106747,680,Seafood allergy! Who knew?
5978,965,14,28,129,171,1.327485380116959,0.04752593075395723,680,What happened to your rubber bands THIS time?
6092,965,8,40,123,171,1.327485380116959,0.04296414082003175,680,You say you it wasn't a pinch.  I say it was a pinch.
4602,965,11,34,126,171,1.327485380116959,0.04530249160053703,680,"Just because something is on sale, doesn’t mean you should buy it."
2393,965,12,32,127,171,1.327485380116959,0.04605556638258975,680,"Take off the gloves, Bob. Why can't you just say 'I'm allergic to shellfish,' like everyone else does?!"
1590,965,6,44,121,171,1.327485380116959,0.0413318097498127,680,"Seriously, you need me to spell it out?"
867,965,9,38,124,171,1.327485380116959,0.04375747760106747,680,Why do you always have to call attention to yourself when we go out? I told you that wearing shorts in October would make you too conspicuous.
81,965,14,28,129,171,1.327485380116959,0.04752593075395723,680,"Even if you were hungry, you shouldn’t have told the genie “I want lobster claws!”"
111,965,9,38,124,171,1.327485380116959,0.04375747760106747,680,I warned you the #Me Too movement has methods of revenge.
262,965,15,26,130,171,1.327485380116959,0.04824431099761235,680,It’s a good thing you’re not the President.
369,965,14,28,129,171,1.327485380116959,0.04752593075395723,680,I'm NOT buttering you up!
2347,965,14,28,129,171,1.327485380116959,0.04752593075395723,680,"I thought you said, ""Claud."""
905,965,11,34,126,171,1.327485380116959,0.04530249160053703,680,The claws are bad enough. But those horrid shorts!
906,965,8,40,123,171,1.327485380116959,0.04296414082003175,680,Of course they are sore...
924,965,11,34,126,171,1.327485380116959,0.04530249160053703,680,Porn Addiction Recovery
987,965,12,32,127,171,1.327485380116959,0.04605556638258975,680,"You’re quite a catch, but I wonder sometimes whether you’re a keeper."
1008,965,10,36,125,171,1.327485380116959,0.044536684829613496,680,"Once again, your claws have gotten you into hot water."
907,965,9,38,124,171,1.327485380116959,0.04375747760106747,680,"Wouldn't it be a lot less weird just to wear a ""Proud to be a Mainer"" T-shirt?"
1233,965,10,36,125,171,1.327485380116959,0.044536684829613496,680,Don’t touch me!
1161,965,12,32,127,171,1.327485380116959,0.04605556638258975,680,"So what, we’ll just never go bowling?"
2206,965,9,38,124,171,1.327485380116959,0.04375747760106747,680,"I'm serious this time, John. If you pinch me one more time, the rubber bands are going back on!"
2057,965,7,42,122,171,1.327485380116959,0.04215587677654345,680,"Beautiful wife, enormous mansion...why did you waste your third wish on lobster hands?"
1834,965,8,40,123,171,1.327485380116959,0.04296414082003175,680,There's no such thing as Lobsterman.
2221,965,14,28,129,171,1.327485380116959,0.04752593075395723,680,"You did it again Larry, you got crabs and now I have to go get tested."
1377,965,10,36,125,171,1.327485380116959,0.044536684829613496,680,Maine men are the worst; you'll latch on to anyone.
1246,965,8,40,123,171,1.327485380116959,0.04296414082003175,680,"Yes, I don't notice your receding hairline as much."
4489,1016,7,17,71,95,1.3263157894736841,0.06250125241864155,680,I told you not to eat that gas station sushi
4669,1017,9,40,129,178,1.3258426966292134,0.04257216068594883,680,I know I said I wanted someone of mixed parentage.
845,1017,12,34,132,178,1.3258426966292134,0.04475297511536729,680,I never should have taken off the rubber bands.
1100,1017,9,40,129,178,1.3258426966292134,0.04257216068594883,680,"I know you're self-conscious, but for the last time you do not need a nose job!"
1671,1017,7,44,127,178,1.3258426966292134,0.04105397570677684,680,You're not touching me without wearing your rubber bands!
4461,1017,8,42,128,178,1.3258426966292134,0.041819958075079836,680,"I know they mean a lot to you, I just wish you didn't have to always wear them every time we go out."
955,1022,11,35,129,175,1.3257142857142856,0.04455003486396484,680,"Sure, but when's the last time you actually crushed a mollusk?"
1382,1022,12,33,130,175,1.3257142857142856,0.04528119975632572,680,"... and every time you made that annoying clacking sound with your fingers, the Rosenthals just looked at each other."
1816,1024,11,34,127,172,1.3255813953488371,0.045078562162536646,680,I just don't understand why you won't wear the tail.
3192,1024,11,34,127,172,1.3255813953488371,0.045078562162536646,680,"I, Claudius"
4520,1024,9,38,125,172,1.3255813953488371,0.043543976100408846,680,"I know you don't like to wear them, but would it kill you to remember your rubber bands the next time you meet one of my friends?"
4043,1024,12,32,128,172,1.3255813953488371,0.045826588599262245,680,"Yes, my issue with your mother IS the cross species divide."
1272,1024,8,40,124,172,1.3255813953488371,0.042756033476325006,680,Look who's calling who crabby!
2034,1024,12,32,128,172,1.3255813953488371,0.045826588599262245,680,Told you your hands needed sunscreen too.
4981,1024,10,36,126,172,1.3255813953488371,0.04431791184879234,680,After Edward Scissorhands you’d think I’d learn. But nooo....
914,1024,7,42,123,172,1.3255813953488371,0.041953294776742776,680,"Well, I thought it wouldn't kill you to at least try to pick up the check."
5323,1024,10,36,126,172,1.3255813953488371,0.04431791184879234,680,I still can't believe you were able to put that shirt on.
372,1024,16,24,132,172,1.3255813953488371,0.04870394282461576,680,"No I'm not being crabby, you're being crabby!"
282,1024,10,36,126,172,1.3255813953488371,0.04431791184879234,680,"If you want me to be responsible for my own orgasms, just say so."
643,1024,10,36,126,172,1.3255813953488371,0.04431791184879234,680,Day one of the worst honeymoon ever.
3899,1036,8,39,122,169,1.3254437869822486,0.04324657189207239,680,You know what they say about big hands.
4029,1036,6,43,120,169,1.3254437869822486,0.041585829607533556,680,Now that we've broken up you will have to get someone else to tie your shoes for you.
4130,1036,9,37,123,169,1.3254437869822486,0.04405347158341635,680,I’m just going to pop in and grab a couple of pounds of butter for after the surgery.
4301,1036,12,31,126,169,1.3254437869822486,0.04639003656988135,680,"... and if you touch me again, I'll change another part of your anatomy!"
4435,1036,9,37,123,169,1.3254437869822486,0.04405347158341635,680,"It's not you, I just don't like back rubs."
4610,1036,11,33,125,169,1.3254437869822486,0.045624479337524976,680,I can't believe you think I am crabby.
4615,1036,10,35,124,169,1.3254437869822486,0.044845855289932395,680,"It offered us three wishes, and you still threw it in the pot!"
4652,1036,11,33,125,169,1.3254437869822486,0.045624479337524976,680,OK it was funny the first time you pinched me.
4814,1036,10,35,124,169,1.3254437869822486,0.044845855289932395,680,I sense a trap.
4862,1036,9,37,123,169,1.3254437869822486,0.04405347158341635,680,"No, I'm not really into holding hands and long walks on the beach."
4936,1036,9,37,123,169,1.3254437869822486,0.04405347158341635,680,"No, you said, ""Look at these huge claws, that means something else must be pretty big."""
5093,1036,13,29,127,169,1.3254437869822486,0.04714316356683772,680,I didn’t expect this when you started clawing your way to the top.
5124,1036,11,33,125,169,1.3254437869822486,0.045624479337524976,680,"Brad, when the Devil says ""sign here"" you ALWAYS look for the hidden claws!"
5154,1036,10,35,124,169,1.3254437869822486,0.044845855289932395,680,I'm tired of hearing your shelfish excuses.
5169,1036,8,39,122,169,1.3254437869822486,0.04324657189207239,680,It’s always two steps sideways and one step back in this relationship.
5212,1036,8,39,122,169,1.3254437869822486,0.04324657189207239,680,Just keep your red hot mitts off me.
5219,1036,11,33,125,169,1.3254437869822486,0.045624479337524976,680,Why would you think you got the crabs from ME?
5382,1036,11,33,125,169,1.3254437869822486,0.045624479337524976,680,"When you bragged about 'clawing your way to the top', this is not what I had in mind."
5556,1036,13,29,127,169,1.3254437869822486,0.04714316356683772,680,And I guess you’ll want to replace our wedding ring with a rubber band?
5859,1036,8,39,122,169,1.3254437869822486,0.04324657189207239,680,"On the app, you didn’t say you were from Maine."
3684,1036,8,39,122,169,1.3254437869822486,0.04324657189207239,680,Just tell me that you did NOT pinch that woman on the butt.
3494,1036,8,39,122,169,1.3254437869822486,0.04324657189207239,680,I dunno. Scissorhands at least would have been useful!
4275,1036,10,35,124,169,1.3254437869822486,0.044845855289932395,680,You have serious issues with letting things go.
3042,1036,9,37,123,169,1.3254437869822486,0.04405347158341635,680,"Bill, I know it's high fashion in Maine, but you are in New York"
3212,1036,8,39,122,169,1.3254437869822486,0.04324657189207239,680,"I wish I""d never taken off your rubber bands."
49,1036,8,39,122,169,1.3254437869822486,0.04324657189207239,680,"But nooooo, you just had to eat that GMO crab meat!"
112,1036,9,37,123,169,1.3254437869822486,0.04405347158341635,680,$300 for the biggest lobster they had just so you could wear the claws?  Really?
391,1036,13,29,127,169,1.3254437869822486,0.04714316356683772,680,We're not buying the hot tub.
745,1036,6,43,120,169,1.3254437869822486,0.041585829607533556,680,I know you are angry at the rabbi but don't you think you are taking this a bit too far?
2092,1036,9,37,123,169,1.3254437869822486,0.04405347158341635,680,That's it. I'm done online dating.
2181,1036,8,39,122,169,1.3254437869822486,0.04324657189207239,680,And you still haven’t clawed your way to the top?
844,1036,12,31,126,169,1.3254437869822486,0.04639003656988135,680,You're not touching me with those things tonight.
2295,1036,10,35,124,169,1.3254437869822486,0.044845855289932395,680,I just wanted to look different. Everyone has a beard these days.
2314,1036,12,31,126,169,1.3254437869822486,0.04639003656988135,680,Hard to believe I thought you were quite a catch all those years ago.
2506,1036,11,33,125,169,1.3254437869822486,0.045624479337524976,680,It’s inappropriate for Yom Kippur.
2652,1036,12,31,126,169,1.3254437869822486,0.04639003656988135,680,"First Edward Scissorhands, now you.  I really need to change my Match profile."
2868,1036,10,35,124,169,1.3254437869822486,0.044845855289932395,680,You should have known the party required tails.
2282,1036,8,39,122,169,1.3254437869822486,0.04324657189207239,680,So the old ‘can’t get to my wallet’ bit strikes again.
3821,1074,7,35,109,151,1.3245033112582782,0.045600887712760656,680,What? Do you think I should have gone with the tail instead?
3243,1075,13,30,130,173,1.323699421965318,0.046330908082552615,680,Don’t you dare try to butter me up
3089,1075,9,38,126,173,1.323699421965318,0.043332432464046874,680,Don’t apologize.  You are literally spineless.
3581,1075,10,36,127,173,1.323699421965318,0.044101168220092225,680,"Yes, Sebastian, sometimes I do have regrets."
3601,1075,7,42,124,173,1.323699421965318,0.04175252127716128,680,"You'll always be a bottom feeder, Frank!"
3835,1075,9,38,126,173,1.323699421965318,0.043332432464046874,680,You never want to hold hands
3948,1075,16,24,133,173,1.323699421965318,0.04845815771499166,680,Yes you’re “walking and talking” but the hospital’s 3D printer still has bugs!
4333,1075,9,38,126,173,1.323699421965318,0.043332432464046874,680,"I knew Santa Claus, and those are not Santa's claws."
6128,1075,15,26,132,173,1.323699421965318,0.0477596033694305,680,"Good luck trying to piss, genius."
5150,1075,10,36,127,173,1.323699421965318,0.044101168220092225,680,"Your dating profile had been appealing when you stated that you weren't a micro-managing, hands-on guy."
4406,1075,9,38,126,173,1.323699421965318,0.043332432464046874,680,Tie your own shoes for a change.
6103,1075,8,40,125,173,1.323699421965318,0.042549810435835014,680,And don't come crawling back.
5974,1075,13,30,130,173,1.323699421965318,0.046330908082552615,680,This was not what I was expecting from your dating profile comment ‘native of Maine’.
5594,1075,14,28,131,173,1.323699421965318,0.047050678835481516,680,A dentist! That's what you decided as a profession?
5435,1075,13,30,130,173,1.323699421965318,0.046330908082552615,680,"My friends warned me that you were shellfish, but I guess I chose not to see it."
4996,1075,8,40,125,173,1.323699421965318,0.042549810435835014,680,Pinch me again and I’ll boil you alive!
4950,1075,10,36,127,173,1.323699421965318,0.044101168220092225,680,Nobody cares if you are from Maine.
2554,1075,11,34,128,173,1.323699421965318,0.04485673164088709,680,Stop cracking your knuckles.
4383,1075,7,42,124,173,1.323699421965318,0.04175252127716128,680,"So when you meet my parents, it's fist pumps or hugs only.  Are we clear?"
2527,1075,12,32,129,173,1.323699421965318,0.04559977750634591,680,You’re shellfish.
464,1075,9,38,126,173,1.323699421965318,0.043332432464046874,680,"I didn't know he was your cousin."""
1697,1075,9,38,126,173,1.323699421965318,0.043332432464046874,680,You shellfish bastard.
1612,1075,8,40,125,173,1.323699421965318,0.042549810435835014,680,I'm just saying that it would have been nice to mention in your tinder profile
1564,1075,14,28,131,173,1.323699421965318,0.047050678835481516,680,"The claws I can live with, but the butter and garlic cologne is a dealbreaker!"
1423,1075,15,26,132,173,1.323699421965318,0.0477596033694305,680,"If you forget your rubber bands again, you're history."
1281,1075,9,38,126,173,1.323699421965318,0.043332432464046874,680,Why would you think I'm just trying to butter you up?
1117,1075,10,36,127,173,1.323699421965318,0.044101168220092225,680,"Sure, I was interested—when I thought you said ‘part mobster.’"
666,1075,13,30,130,173,1.323699421965318,0.046330908082552615,680,My profile specified strictly kosher.
612,1075,13,30,130,173,1.323699421965318,0.046330908082552615,680,We should've never bought the generic fish oil pills.
237,1075,8,40,125,173,1.323699421965318,0.042549810435835014,680,The last guy I dated was such an octopus.
139,1075,9,38,126,173,1.323699421965318,0.043332432464046874,680,So this is how you plan to claw your way to the top?
1227,1105,10,34,123,167,1.3233532934131738,0.04516078505285336,680,"0h come on now, your name can’t really be Claude."
2483,1106,9,37,125,171,1.3216374269005848,0.04361933937062729,680,You could at least try reaching for the bill.
412,1107,11,39,140,190,1.3210526315789475,0.04202338181477324,680,"Because ""old Gypsy woman"" is ageist, ethnically insensitive, and misogynistic, that's why I'm taking her side."
5716,1108,13,28,128,169,1.319526627218935,0.04701035318867211,680,I thought you'd be happy that I finally came out of the clawsit.
141,1108,10,34,125,169,1.319526627218935,0.04470622073626484,680,"Well, I guess it's better than you having crabs."
3118,1108,9,36,124,169,1.319526627218935,0.04391131738384708,680,I told you to stop being so crabby!
2321,1108,5,44,120,169,1.319526627218935,0.040576277328584584,680,"I just don't see ""Lobster-Man"" as a viable superhero."
3011,1112,9,35,122,166,1.319277108433735,0.04443401450320272,680,Well Edward Sissorhands got a big role.
3525,1112,8,37,121,166,1.319277108433735,0.04360461322776577,680,I can’t believe you wore shorts to brunch with my Mom.  And you could have at least TRIED to pick up the check.
3157,1112,10,33,123,166,1.319277108433735,0.04524821537915737,680,I’d invite you back to my place but I’m not sure what we’d do.
4775,1112,11,31,124,166,1.319277108433735,0.04604802216302452,680,"For once, I would have preferred being pawed."
1880,1112,11,31,124,166,1.319277108433735,0.04604802216302452,680,No - my nipples still hurt from last night.
1468,1112,11,31,124,166,1.319277108433735,0.04604802216302452,680,If this doesn't stop your nasty habit nothing will.
1317,1112,6,41,119,166,1.319277108433735,0.04189658213371919,680,I will not go anywhere with you until you get rubber bands for those claws.
1264,1112,10,33,123,166,1.319277108433735,0.04524821537915737,680,You knew the genie only gave you one goddamn wish!
271,1112,10,33,123,166,1.319277108433735,0.04524821537915737,680,"This is the last time I help you look. If you can't hold on to your phone, then don't use it."
5115,1112,9,35,122,166,1.319277108433735,0.04443401450320272,680,"I said, ‘Eat too much lobster, you’ll turn into a lobster.’ But did you listen to me? No..."
6019,1112,11,31,124,166,1.319277108433735,0.04604802216302452,680,Just how do you expect me not to mention them
4020,1112,7,39,120,166,1.319277108433735,0.04275912703289512,680,"No Mark, I said he was Croatian."
4510,1112,9,35,122,166,1.319277108433735,0.04443401450320272,680,"Not everything is about your hands, you know."
2246,1125,10,33,124,167,1.3173652694610778,0.045017067328523216,680,And you call me shellfish?
4326,1125,13,27,127,167,1.3173652694610778,0.04736001426877904,680,"Except for some side effects, dear, I really like your new hand lotion."
5673,1125,10,33,124,167,1.3173652694610778,0.045017067328523216,680,Couldn't you have asked for a doggy bag?
3556,1128,5,42,117,164,1.3170731707317074,0.041261799568357446,680,"Well, good luck regenerating this relationship."
2402,1128,9,34,121,164,1.3170731707317074,0.04474151204383071,680,My mother warned me about someone so shellfish.
2532,1128,9,34,121,164,1.3170731707317074,0.04474151204383071,680,I just wish you'd stop snapping at me.
3448,1128,9,34,121,164,1.3170731707317074,0.04474151204383071,680,You ruined all the romance of the couples bath with your shrieking.
1490,1128,4,44,116,164,1.3170731707317074,0.04034500470358216,680,And you can forget about 2nd Base.
4053,1128,10,32,122,164,1.3170731707317074,0.04556994183730636,680,"Well, I warned you not to try them on!"
5085,1128,14,24,126,164,1.3170731707317074,0.0487430651006318,680,"That’s it, I’m gonna start keeping kosher."
1440,1128,6,40,118,164,1.3170731707317074,0.042158662249963993,680,Keep your hands to yourself!
5084,1128,8,36,120,164,1.3170731707317074,0.0438974509610867,680,"Yes, this is going to affect your piano playing!"
1102,1128,10,32,122,164,1.3170731707317074,0.04556994183730636,680,I prefer the right to bear arms.
769,1128,7,38,119,164,1.3170731707317074,0.04303683889174222,680,You have a hard time letting go.
1358,1128,7,38,119,164,1.3170731707317074,0.04303683889174222,680,What do you mean I'm the crabby one?
5775,1140,10,31,120,161,1.3167701863354038,0.04614179490094294,680,Over time her crabbiness really began to grow on him.
3783,1140,11,29,121,161,1.3167701863354038,0.04697557863649451,680,"And what's your first name, Mr, Newburg?"
800,1140,5,41,115,161,1.3167701863354038,0.04172369205759131,680,"On Nantucket, you were marginally acceptable. Fifth Avenue . . . not so much."
1962,1140,10,31,120,161,1.3167701863354038,0.04614179490094294,680,I knew you were from New England.
5245,1144,8,34,117,159,1.3144654088050314,0.04473592320055395,680,I'm through!  You'll have to find someone else to deal with your zipper.
5175,1144,10,30,119,159,1.3144654088050314,0.046481456694104126,680,I stated clearly in my profile that I was allergic to shellfish.
5515,1144,7,36,116,159,1.3144654088050314,0.04383709991212755,680,I'm sick and tired of being snapped at.
2193,1144,9,32,118,159,1.3144654088050314,0.045617039804286615,680,"You just had to shake my fathers hand, didn’t you?!"
6023,1144,6,38,115,159,1.3144654088050314,0.04291945750828924,680,"Well, maybe you should mention your shellfish allergy on your profile page!"
6090,1144,9,32,118,159,1.3144654088050314,0.045617039804286615,680,"Pull something like that again, and we’re going to find out if they grow back."
5024,1144,10,30,119,159,1.3144654088050314,0.046481456694104126,680,This isn't working Larry. I'm going back to ham-fisted Hank.
4577,1144,5,40,114,159,1.3144654088050314,0.04198176195570926,680,"I mean...you should have, at least, mentioned it in your profile."
3250,1144,7,36,116,159,1.3144654088050314,0.04383709991212755,680,"For the last time, I am not going to let you claw your way back into this family"
2706,1144,8,34,117,159,1.3144654088050314,0.04473592320055395,680,"Well, congratulations, genius scientist, but until you find an antidote the engagement is over."
2689,1144,10,30,119,159,1.3144654088050314,0.046481456694104126,680,If you had asked I would have told you to stick with the man bun.
2359,1144,10,30,119,159,1.3144654088050314,0.046481456694104126,680,You assured me you’d be done moulting before Dr. Earles party tomorrow
2312,1144,9,32,118,159,1.3144654088050314,0.045617039804286615,680,"I do not want to hear ""I can't get at my wallet."""
5503,1144,7,36,116,159,1.3144654088050314,0.04383709991212755,680,Meet my parents? Totally not kosher.
1825,1144,8,34,117,159,1.3144654088050314,0.04473592320055395,680,I'm simply not going to let you claw your way back into my life!
2419,1144,13,24,122,159,1.3144654088050314,0.048983265551674905,680,I'm just saying ...foreplay just isn’t the same anymore
1723,1144,7,36,116,159,1.3144654088050314,0.04383709991212755,680,I told you we shouldn't buy a home next to that nuclear reactor!
1376,1144,15,20,124,159,1.3144654088050314,0.050582440588665914,680,Do you always have to be so shellfish?
1297,1144,10,30,119,159,1.3144654088050314,0.046481456694104126,680,This is a deal breaker...I told you I was Kosher.
1256,1144,9,32,118,159,1.3144654088050314,0.045617039804286615,680,"Well, I guess we're not going to be eating Chinese..."
1115,1144,11,28,120,159,1.3144654088050314,0.047330088868561035,680,I liked it better when you were all lobster.
1090,1144,7,36,116,159,1.3144654088050314,0.04383709991212755,680,It wasn't funny what you did with that gentleman's bib.
932,1144,6,38,115,159,1.3144654088050314,0.04291945750828924,680,"I appreciate your coming out of your shell a bit, but I still want to know who helped type your dating profile."
350,1144,9,32,118,159,1.3144654088050314,0.045617039804286615,680,You don't have to be so snippy about it.
42,1144,10,30,119,159,1.3144654088050314,0.046481456694104126,680,Can't believe I caught you red-handed pinching that woman's bottom!
1822,1144,10,30,119,159,1.3144654088050314,0.046481456694104126,680,On Match you said you were Jewish!
4447,1170,9,31,116,156,1.314102564102564,0.046199201131996555,680,Just once I'd like to go out to dinner with friends without your mentioning that they're blue before boiling.
5966,1171,9,36,127,172,1.313953488372093,0.04326160448732171,680,I'm tired of watching you try to claw your way to the top.
4458,1172,9,31,117,157,1.3121019108280254,0.04594757252133935,680,And why should I let you scuttle back to me this time?
3665,1172,7,35,115,157,1.3121019108280254,0.04413457585552992,680,I knew I shouldn't have let you meet my sisters without wearing your rubber bands.
3010,1172,8,33,116,157,1.3121019108280254,0.04505019537444462,680,"When you said you were caught 'red-handed', 
I thought you were just using colorful language."
3375,1172,11,27,119,157,1.3121019108280254,0.04769169796998167,680,Be careful. I am boiling mad.
3111,1172,9,31,117,157,1.3121019108280254,0.04594757252133935,680,I told you not to go to Chernobyl.
4476,1172,8,33,116,157,1.3121019108280254,0.04505019537444462,680,Really?  You had one wish and you went with lobster claws?
2743,1172,9,31,117,157,1.3121019108280254,0.04594757252133935,680,Why didn't you just take the bib?
3523,1172,9,31,117,157,1.3121019108280254,0.04594757252133935,680,Seriously? Shorts in October!
4662,1172,9,31,117,157,1.3121019108280254,0.04594757252133935,680,"No, it’s the clause you added to the prenup I’m really upset about."
6119,1172,4,41,112,157,1.3121019108280254,0.041266000944642105,680,Let’s just say balloon animals are not your forte.
5136,1172,7,35,115,157,1.3121019108280254,0.04413457585552992,680,You knew the costume party was hosted by a vegan.
5214,1172,8,33,116,157,1.3121019108280254,0.04505019537444462,680,...and please stop reminding me that I knew what you were when I married you.
5396,1172,9,31,117,157,1.3121019108280254,0.04594757252133935,680,Stop trying to claw back into my good graces.
5945,1172,11,27,119,157,1.3121019108280254,0.04769169796998167,680,"Really, then why did she have marks all over her?"
5907,1172,7,35,115,157,1.3121019108280254,0.04413457585552992,680,I have told you a million times. Do not snap at me in public.
5777,1172,6,37,114,157,1.3121019108280254,0.043199554032645034,680,"No, it's not your flaws that I find irritating."
5432,1172,8,33,116,157,1.3121019108280254,0.04505019537444462,680,You’re still more of a man than my last boyfriend.
2412,1172,7,35,115,157,1.3121019108280254,0.04413457585552992,680,I expect you to keep your claws to yourself.
4838,1172,8,33,116,157,1.3121019108280254,0.04505019537444462,680,"When you said you felt like lobster claws, I thought you wanted to go out for seafood."
2364,1172,8,33,116,157,1.3121019108280254,0.04505019537444462,680,There was no need to snap at me like that...
1398,1172,6,37,114,157,1.3121019108280254,0.043199554032645034,680,So what's your super power?
2274,1172,10,29,118,157,1.3121019108280254,0.046827756063384525,680,"No offense Charley, but I prefer the tail over the claw."
2184,1172,9,31,117,157,1.3121019108280254,0.04594757252133935,680,Because of what happened last time I held your hand!
1983,1172,11,27,119,157,1.3121019108280254,0.04769169796998167,680,I know your stance on rubber bands. You still have to wear a wedding band.
1925,1172,12,25,120,157,1.3121019108280254,0.04854026547710736,680,"We met on J-date, of course I thought you were kosher!"
1903,1172,9,31,117,157,1.3121019108280254,0.04594757252133935,680,"Hear me out . . .
They say Lobsters mate for life!"
1827,1172,7,35,115,157,1.3121019108280254,0.04413457585552992,680,"I want to fit in too, but why not adopt a Boston accent instead?"
1625,1172,9,31,117,157,1.3121019108280254,0.04594757252133935,680,"The lobster claws are fine, but I truly hate your beard."
1526,1172,7,35,115,157,1.3121019108280254,0.04413457585552992,680,"Maine lobsterman. Well, La Di Da!"
2345,1172,6,37,114,157,1.3121019108280254,0.043199554032645034,680,This isn’t what I meant when I said I wanted you to change.
1326,1172,10,29,118,157,1.3121019108280254,0.046827756063384525,680,"I told them I wanted to meet someone who wasn’t completely selfish, not shellfish!"
941,1172,9,31,117,157,1.3121019108280254,0.04594757252133935,680,"I told you sooner or later you'd be caught redhanded, but this is ridiculous."
662,1172,9,31,117,157,1.3121019108280254,0.04594757252133935,680,Don't try to deny that you pinched my sister - I caught you red-handed!
270,1172,7,35,115,157,1.3121019108280254,0.04413457585552992,680,Would it have killed you to wear rubber bands before meeting my parents.
89,1172,7,35,115,157,1.3121019108280254,0.04413457585552992,680,"Charles, either you wear the rubber bands or our relationship is over."
2199,1207,8,32,114,154,1.3116883116883118,0.045620974131008275,680,"So sleep with the fishes, not me."
5236,1207,7,34,113,154,1.3116883116883118,0.0446809897253688,680,"I'm sorry, but I just don't like beards."
2636,1207,7,34,113,154,1.3116883116883118,0.0446809897253688,680,I didn't know that you were THAT allergic to Seafood!
2060,1207,9,30,115,154,1.3116883116883118,0.04654197802506615,680,You're right-- it does help to remember that it's not your first fashion faux pas.
2264,1211,6,39,119,164,1.3109756097560976,0.04199331758118013,680,I hate it when you don’t wear socks.
5526,1212,8,38,128,174,1.3103448275862069,0.04205590406650257,680,I just don't see why your mom had to snap at me like that.
2263,1213,10,33,128,171,1.3099415204678362,0.04411461267075381,680,"I don't know what it is, you've just been acting really crabby lately."
3334,1214,11,26,118,155,1.3096774193548386,0.04806062183552926,680,"I told you, it was a one night swim."
3345,1214,6,36,113,155,1.3096774193548386,0.04348433589708921,680,I'm beginning to think this seafood diet of yours isn't such a good idea.
4616,1214,10,28,117,155,1.3096774193548386,0.04718088798079555,680,"Sorry, I didn’t mean to snap at you."
3359,1214,7,34,114,155,1.3096774193548386,0.044437311450764606,680,I can’t believe you talked me into taking you to my manicurist.”
3427,1214,10,28,117,155,1.3096774193548386,0.04718088798079555,680,The doctor says l have crabs.
3530,1214,9,30,116,155,1.3096774193548386,0.04628443593795871,680,"I know you are proud of being from Maine, George, but this is going a bit too far!"
3629,1214,11,26,118,155,1.3096774193548386,0.04806062183552926,680,"...and furthermore, I’m allergic to shell fish."
3669,1214,9,30,116,155,1.3096774193548386,0.04628443593795871,680,"When your profile said you were crabby, I thought you meant more crabby 'brusque' then crabby bisque."
3903,1214,9,30,116,155,1.3096774193548386,0.04628443593795871,680,"Jon, Professor Xavier is going to know those aren't real"
3963,1214,5,38,112,155,1.3096774193548386,0.04251000220947427,680,I don't care how ridiculous you look going to a business meeting like this - I'm NOT going to change your pants for you!
4002,1214,11,26,118,155,1.3096774193548386,0.04806062183552926,680,Consider the lobster?! How come it’s never consider the woman who has to hold hands with the lobster?
4426,1214,9,30,116,155,1.3096774193548386,0.04628443593795871,680,At least you stopped scratching yourself.
3164,1214,9,30,116,155,1.3096774193548386,0.04628443593795871,680,"All those fish in the sea, and I had to catch a lobster..."
4629,1214,7,34,114,155,1.3096774193548386,0.044437311450764606,680,Sometimes a bib is just a bib.
5443,1214,4,40,111,155,1.3096774193548386,0.04151280654554848,680,"Say what you want Rick, it’s obvious you’ve reached your boiling point."
4898,1214,10,28,117,155,1.3096774193548386,0.04718088798079555,680,I just can't believe how shellfish you are.
4940,1214,10,28,117,155,1.3096774193548386,0.04718088798079555,680,I'd be more excited if  you had a tail.
4968,1214,9,30,116,155,1.3096774193548386,0.04628443593795871,680,I’m reaching my boiling point
4973,1214,10,28,117,155,1.3096774193548386,0.04718088798079555,680,"One wish, Zoltar says. So what does my husband, super genius lobster lover wish for?”"
5044,1214,10,28,117,155,1.3096774193548386,0.04718088798079555,680,"They're nice people, and you can't expect everyone to know the difference between a crab and a lobster claw."
5063,1214,8,32,115,155,1.3096774193548386,0.04537027473504684,680,"Oh of course, I'M the shellfish one."
5179,1214,5,38,112,155,1.3096774193548386,0.04251000220947427,680,If you do that again I'll make you wear the rubber bands.
5199,1214,7,34,114,155,1.3096774193548386,0.044437311450764606,680,"Well, you most certainly did not get them from me!"
5361,1214,11,26,118,155,1.3096774193548386,0.04806062183552926,680,What I don't understand is wearing a long-sleeve shirt with shorts.
3008,1214,10,28,117,155,1.3096774193548386,0.04718088798079555,680,One more word about my mother and the elastic bands go back on!
5451,1214,6,36,113,155,1.3096774193548386,0.04348433589708921,680,You're particularly crabby this evening.
5532,1214,9,30,116,155,1.3096774193548386,0.04628443593795871,680,"Just remember to start with the fork on the outside first, and no one will notice."
5551,1214,12,24,119,155,1.3096774193548386,0.04892453936195134,680,It's not like we mentioned her crows' feet.
4887,1214,7,34,114,155,1.3096774193548386,0.044437311450764606,680,You could have mentioned this in your dating profile
2959,1214,10,28,117,155,1.3096774193548386,0.04718088798079555,680,You'll wear them until you promise to keep your hands off the hot intern at work!
2545,1214,8,32,115,155,1.3096774193548386,0.04537027473504684,680,I didn't KNOW they had hot tub...but you didn't have to snap at them like that!
2887,1214,10,28,117,155,1.3096774193548386,0.04718088798079555,680,You didn't need to snap at me..
2917,1214,10,28,117,155,1.3096774193548386,0.04718088798079555,680,"We all get it, Larry, you're a VIP Rouge member at Red Lobster."
52,1214,6,36,113,155,1.3096774193548386,0.04348433589708921,680,Do you have a dime for the parking meter?
416,1214,7,34,114,155,1.3096774193548386,0.044437311450764606,680,"You’re no catch, Robert."
494,1214,7,34,114,155,1.3096774193548386,0.044437311450764606,680,To you it’s a statement on the Kafkaesque nature of the human condition. To me you’re a jackass.
562,1214,13,22,120,155,1.3096774193548386,0.04977346413843927,680,Next time you even think of wearing jean shorts I'm putting the rubber bands back on.
615,1214,11,26,118,155,1.3096774193548386,0.04806062183552926,680,I'm Kosher.
954,1214,10,28,117,155,1.3096774193548386,0.04718088798079555,680,You were expecting Oysters Rockefeller?
975,1214,8,32,115,155,1.3096774193548386,0.04537027473504684,680,You can’t use that as an excuse for everything Andrew.
1122,1214,8,32,115,155,1.3096774193548386,0.04537027473504684,680,I just assumed if you could swipe right your hands would be normal.
1125,1214,8,32,115,155,1.3096774193548386,0.04537027473504684,680,Don't even try to butter me up.
1278,1214,11,26,118,155,1.3096774193548386,0.04806062183552926,680,"Well, you didn't get it from me.  I'm Jewish!"
1472,1214,7,34,114,155,1.3096774193548386,0.044437311450764606,680,I think it IS an affectation.
960,1214,9,30,116,155,1.3096774193548386,0.04628443593795871,680,You should have mentioned it in you online profile.
2856,1214,3,42,110,155,1.3096774193548386,0.040491059837040065,680,I promised to love you in sickness and in health. I don't recall anything about lobster hands.
2866,1214,7,34,114,155,1.3096774193548386,0.044437311450764606,680,I specifically mentioned in my dating profile that I'm Jewish.
1610,1214,11,26,118,155,1.3096774193548386,0.04806062183552926,680,"Yeah, sure. As if everyone didn’t see you pinch her ass."
2712,1214,10,28,117,155,1.3096774193548386,0.04718088798079555,680,I’m sorry I snapped.
2696,1214,10,28,117,155,1.3096774193548386,0.04718088798079555,680,"Honey!, You are not the only one feeling crabby today!"
2472,1214,11,26,118,155,1.3096774193548386,0.04806062183552926,680,And you accuse ME of being crabby!
2584,1214,8,32,115,155,1.3096774193548386,0.04537027473504684,680,Holding hands shouldn't be this painful.
2202,1214,10,28,117,155,1.3096774193548386,0.04718088798079555,680,"Yeah, yeah, you should have been a pair of ragged claws
scuttling across the floors of silent seas."
2120,1214,10,28,117,155,1.3096774193548386,0.04718088798079555,680,You know what they say about a man with big hands!
2053,1214,4,40,111,155,1.3096774193548386,0.04151280654554848,680,Who’s a good catch now?
1675,1214,9,30,116,155,1.3096774193548386,0.04628443593795871,680,"Serves you right. You could have wished for anything. But no, you had to wish for a stronger grip!"
2937,1270,6,35,111,152,1.3092105263157894,0.0440158569524737,680,I just don’t know why you can’t just keep your claws to yourself.
4373,1271,6,25,89,120,1.3083333333333333,0.05130759840928513,680,"Fine, if butter makes you nervous, don't eat it. But don't expect me to give it up."
6139,1272,7,38,124,169,1.3076923076923077,0.041964978891537,680,You DON’T ask for a piece of tail!
3506,1272,8,32,116,156,1.3076923076923077,0.045122189237339475,680,don't snap at me!
3526,1274,3,41,109,153,1.3071895424836601,0.04072046990626666,680,I know you’re really good on the inside.
3501,1274,5,37,111,153,1.3071895424836601,0.04278031432093711,680,Not what I had in mind for a lobster dinner.
3609,1274,4,39,110,153,1.3071895424836601,0.041763093532360275,680,"I don’t care what your therapist says, this isn’t healthy."
2577,1274,8,31,114,153,1.3071895424836601,0.045696315271744704,680,"Honestly, I don’t understand your silly refusal to join us in Sally and Mike’s backyard hot tub."
3099,1274,8,31,114,153,1.3071895424836601,0.045696315271744704,680,"""Let me guess: Edward Scissorhands incognito?"""
2996,1274,8,31,114,153,1.3071895424836601,0.045696315271744704,680,"You are always side-stepping my questions, Gary."
2708,1274,6,35,112,153,1.3071895424836601,0.04377390324615433,680,"This is why our sex life is dying, Gerald."
3641,1274,9,29,115,153,1.3071895424836601,0.04662780867057975,680,They do not help you pick up things better.
3302,1274,4,39,110,153,1.3071895424836601,0.041763093532360275,680,Is this your way of saying you won’t hold hands with me in public?
3803,1274,9,29,115,153,1.3071895424836601,0.04662780867057975,680,"I'll do the melted butter, but I am not wearing that little bib."
5686,1274,9,29,115,153,1.3071895424836601,0.04662780867057975,680,This is what I get for moving to Maine.
3979,1274,10,27,116,153,1.3071895424836601,0.04754105439959968,680,I’ve had bad manicures too. Quit complaining!
3986,1274,8,31,114,153,1.3071895424836601,0.045696315271744704,680,"Okay, but this is the last time I help you go to the bathroom."
3993,1274,8,31,114,153,1.3071895424836601,0.045696315271744704,680,Deal with it. You're not in Maine anymore.
4075,1274,7,33,113,153,1.3071895424836601,0.04474543459850608,680,I told you not to put your hands in the lobster tank
4549,1274,5,37,111,153,1.3071895424836601,0.04278031432093711,680,Just because they add a little color to our lives doesn't mean I have to like them!
4561,1274,5,37,111,153,1.3071895424836601,0.04278031432093711,680,"No, I don't hold hands on a blind date."
4854,1274,8,31,114,153,1.3071895424836601,0.045696315271744704,680,Okay I get it... No need to snap at me!
5346,1274,9,29,115,153,1.3071895424836601,0.04662780867057975,680,"Rule #1: When I say 'hands off', I mean it!"
2461,1274,4,39,110,153,1.3071895424836601,0.041763093532360275,680,'Bastard! You'd do anything to avoid a wedding ring!'
6057,1274,4,39,110,153,1.3071895424836601,0.041763093532360275,680,"No, I haven’t told my parents about you yet, and it has nothing to do with you not being Jewish."
3915,1274,11,25,117,153,1.3071895424836601,0.04843708460912156,680,Next time you see my parents just don’t shake their hands.
2050,1274,7,33,113,153,1.3071895424836601,0.04474543459850608,680,mobster you said?
1174,1274,8,31,114,153,1.3071895424836601,0.045696315271744704,680,Remind me to boil some water when we get home.
1792,1274,6,35,112,153,1.3071895424836601,0.04377390324615433,680,"When my doubles partner called you the ""lob-ster"", 
I thought she was commending your backcourt return."
1836,1274,6,35,112,153,1.3071895424836601,0.04377390324615433,680,"When you said you’d claw your way to the top, I thought it was metaphorical!"
50,1274,7,33,113,153,1.3071895424836601,0.04474543459850608,680,"Why yes, I did date Edward Scissorhands. Why do you ask?"
157,1274,5,37,111,153,1.3071895424836601,0.04278031432093711,680,Didn't you learn anything from Jeff Goldblum?!?
323,1274,6,35,112,153,1.3071895424836601,0.04377390324615433,680,You have absolutely no grasp on reality.
540,1274,9,29,115,153,1.3071895424836601,0.04662780867057975,680,"I don't know what that couples counselor was talking about, YOU'RE the crabby one in this relationship-- you get it from your mother's side."
729,1274,8,31,114,153,1.3071895424836601,0.045696315271744704,680,Just keep your hands to yourself!
872,1274,5,37,111,153,1.3071895424836601,0.04278031432093711,680,You've been kind of a crab lately...
515,1274,9,29,115,153,1.3071895424836601,0.04662780867057975,680,"You could be a billionaire right now, but NO! You had to ask for a claw. Then, you wished for a ""monster hog,"" knowing that genies are very literal-minded. Still, I could forgive all that — but how did you, with one wish left, ask for a SECOND CLAW!?"
945,1274,7,33,113,153,1.3071895424836601,0.04474543459850608,680,If you say you got caught red-handed one more time I will scream.
1024,1274,9,29,115,153,1.3071895424836601,0.04662780867057975,680,"Yes, I understand, they're your favorite mittens."
1089,1274,7,33,113,153,1.3071895424836601,0.04474543459850608,680,"The bib wasn’t enough, was it? Ya haaad to haaave the lil’ lobstah claws."
1473,1274,9,29,115,153,1.3071895424836601,0.04662780867057975,680,"I told you I keep Kosher when we met,"
1563,1274,6,35,112,153,1.3071895424836601,0.04377390324615433,680,"Oh, NOW you develop a butter allergy."
916,1274,11,25,117,153,1.3071895424836601,0.04843708460912156,680,"I warned you time and time again, she really is a witch and she’s ultra sensitive about the way her hands look, but would you listen..."
1693,1274,11,25,117,153,1.3071895424836601,0.04843708460912156,680,"You can just be so shellfish sometimes, Frank.."
4370,1314,6,34,110,150,1.3066666666666666,0.04431599634096886,680,This isn't what I had in mind when I said I wanted to go out for lobster.
4332,1314,7,32,111,150,1.3066666666666666,0.04531437950922137,680,I wish I’d married a Taurus.
4074,1314,9,28,113,150,1.3066666666666666,0.04724789844566308,680,What I don't understand is why you decided to boil them.
3113,1314,8,30,112,150,1.3066666666666666,0.04629123511982281,680,Could we try something other than seafood tonight?
3260,1314,8,30,112,150,1.3066666666666666,0.04629123511982281,680,It's only just that I think the shorts are inappropriate.
3372,1314,6,34,110,150,1.3066666666666666,0.04431599634096886,680,I can't believe that you wore shorts to dinner.  You couldn't dress up a little to meet my parents??!?!
3117,1314,7,32,111,150,1.3066666666666666,0.04531437950922137,680,You have a way of always leading me into a trap.
4499,1314,8,30,112,150,1.3066666666666666,0.04629123511982281,680,How could you have known that the drug trials would have resulted in adding color to the New Yorker cartoon at great expense?!
3252,1314,8,30,112,150,1.3066666666666666,0.04629123511982281,680,Everyone is staring at your jean shorts.
3429,1314,7,32,111,150,1.3066666666666666,0.04531437950922137,680,You could have just said that you don't want to wear your wedding ring.
4527,1314,5,36,109,150,1.3066666666666666,0.04329459634965766,680,"You just had to go to Area 51, didn't you?"
5643,1314,7,32,111,150,1.3066666666666666,0.04531437950922137,680,"I said keep your filthy
 claws off of me"
4762,1314,10,26,114,150,1.3066666666666666,0.04818557217824302,680,I'm not the one who's crabby
4765,1314,6,34,110,150,1.3066666666666666,0.04431599634096886,680,My lawyer said to pull up the prenuptual claws
4924,1314,7,32,111,150,1.3066666666666666,0.04531437950922137,680,Good luck trying to claw your way out of this one.
4944,1314,7,32,111,150,1.3066666666666666,0.04531437950922137,680,It always boils down to 'I feel trapped' with you
5421,1314,8,30,112,150,1.3066666666666666,0.04629123511982281,680,"John, you must give up this idea of becoming a pianist."
5580,1314,8,30,112,150,1.3066666666666666,0.04629123511982281,680,"If you call me crabby again, you'll be in hot water, mister."
5759,1314,9,28,113,150,1.3066666666666666,0.04724789844566308,680,"Not all they’re cracked up to be, are they?"
5823,1314,8,30,112,150,1.3066666666666666,0.04629123511982281,680,One more time and—I swear—I'm gonna put your rubber bands back on.
5924,1314,11,24,115,150,1.3066666666666666,0.04910534415679868,680,Why is that so hard to grasp?
5218,1314,6,34,110,150,1.3066666666666666,0.04431599634096886,680,I said we’re through. Can’t you grasp anything?
5206,1314,6,34,110,150,1.3066666666666666,0.04431599634096886,680,Sometimes you're such a crab!
4614,1314,3,40,107,150,1.3066666666666666,0.04117585646776324,680,Will you stop ending everything you say with '...in a pinch.'
3084,1314,10,26,114,150,1.3066666666666666,0.04818557217824302,680,Why can’t I meet a normal man with “We’re #1” foam hands?
2027,1314,8,30,112,150,1.3066666666666666,0.04629123511982281,680,That is the LAST time I take you to look at waterbeds.
2955,1314,9,28,113,150,1.3066666666666666,0.04724789844566308,680,Let's skip the foreplay today.
3027,1314,7,32,111,150,1.3066666666666666,0.04531437950922137,680,Don’t talk about ME being snippy!
448,1314,4,38,108,150,1.3066666666666666,0.042248510204110336,680,That’s the last time I ask you to scratch my back.
608,1314,6,34,110,150,1.3066666666666666,0.04431599634096886,680,When we got married I didn't read that lobster clause carefully enough.
677,1314,9,28,113,150,1.3066666666666666,0.04724789844566308,680,I don't understand- you said you liked lobster claws...
757,1314,7,32,111,150,1.3066666666666666,0.04531437950922137,680,You need to update your profile picture.
1531,1314,9,28,113,150,1.3066666666666666,0.04724789844566308,680,"I'm not being shellfish, you're just being crabby."
1533,1314,7,32,111,150,1.3066666666666666,0.04531437950922137,680,You're being so shellfish!
298,1314,6,34,110,150,1.3066666666666666,0.04431599634096886,680,Would you mind not cracking your hands?
1756,1314,7,32,111,150,1.3066666666666666,0.04531437950922137,680,"frankly, you're being you're being a bit crabby."
1735,1314,4,38,108,150,1.3066666666666666,0.042248510204110336,680,No! You cannot hold my hand.
2780,1314,8,30,112,150,1.3066666666666666,0.04629123511982281,680,"You just had to pinch the baby's cheeks, didn't you?"
2391,1314,10,26,114,150,1.3066666666666666,0.04818557217824302,680,"I’m really not interested in your ancestry, but I wouldn’t mind a look at your DNA"
2815,1314,5,36,109,150,1.3066666666666666,0.04329459634965766,680,At least you lost the tail.
2162,1314,5,36,109,150,1.3066666666666666,0.04329459634965766,680,When you said you had crabs I thought you were kidding.
2237,1314,7,32,111,150,1.3066666666666666,0.04531437950922137,680,I'm tired of being the turf to your surf.
2226,1356,8,32,117,157,1.305732484076433,0.044876680047285566,680,You are just so shellfish
2724,1357,10,27,117,154,1.3051948051948052,0.04727344083948388,680,And all this time I thought you were a Gemini!
1668,1358,9,38,137,184,1.3043478260869565,0.041127969941067405,680,"I just get tired of the ""butter wouldn't melt in your mouth"" joke..."
961,1359,10,24,111,145,1.303448275862069,0.04925123054167483,680,"Well, in the bright side , we got you out of hot water just in time"
3999,1360,10,27,118,155,1.303225806451613,0.04700871533023784,680,I told you to wear pants.
3087,1361,6,28,98,132,1.303030303030303,0.04802289763845537,680,Will you take those fucking things off?
3024,1362,8,27,107,142,1.3028169014084507,0.047920951603750116,680,Your dating profile definitely should have mentioned this.
5903,1363,5,36,111,152,1.3026315789473684,0.0428175847436635,680,Please tell me this is just until Halloween.
2126,1363,5,36,111,152,1.3026315789473684,0.0428175847436635,680,I hate it when you snap at me!
3512,1363,6,34,112,152,1.3026315789473684,0.043823326425791564,680,Why did you have to snap at me in public?
4086,1363,7,32,113,152,1.3026315789473684,0.044806498577351,680,I can’t believe you’re wearing jorts on Date Night.
4189,1363,9,28,115,152,1.3026315789473684,0.046710802457713245,680,I just dont understand your fear of jacuzzis.
1381,1363,8,30,114,152,1.3026315789473684,0.045768555696054404,680,There must be another way to get to the top.
3092,1363,7,32,113,152,1.3026315789473684,0.044806498577351,680,I hope you saved the receipt...
1324,1363,8,30,114,152,1.3026315789473684,0.045768555696054404,680,Better this than your right to bear arms.
1799,1363,8,30,114,152,1.3026315789473684,0.045768555696054404,680,"It's my fault. When you said you were into ""roll playing,"" I had something else in mind."
1020,1363,8,30,114,152,1.3026315789473684,0.045768555696054404,680,Just because you have them doesn't mean you have to keep using them that way.
829,1363,8,30,114,152,1.3026315789473684,0.045768555696054404,680,I admit I didn't think about the impact on our sex life.
1034,1363,10,26,116,152,1.3026315789473684,0.047634414470886344,680,"It's not cold enough for mittens, you're making us look weird."
32,1363,10,26,116,152,1.3026315789473684,0.047634414470886344,680,"Oh sure, you think you’ve grown a pair, but you’re spineless –just an exoskeleton of your former self!"
5979,1376,6,33,110,149,1.3020134228187918,0.044367798464572124,680,You could've at least tried the bisque.
4287,1376,10,25,114,149,1.3020134228187918,0.04828333487717794,680,"No Steve! That, I don't mind. It's the garlic butter!"
4187,1376,9,27,113,149,1.3020134228187918,0.04733482550189134,680,Do you really think role playing will reignite our sex life?
4155,1376,8,29,112,149,1.3020134228187918,0.04636691690987549,680,"...and, my parents likely won’t believe you’re Jewish."
3998,1376,8,29,112,149,1.3020134228187918,0.04636691690987549,680,"If you have to use the restroom, you're on your own!"
3856,1376,10,25,114,149,1.3020134228187918,0.04828333487717794,680,Why do people keep calling me Mrs. Claus?
2,1376,7,31,111,149,1.3020134228187918,0.04537836777761066,680,How can we maintain a healthy relationship when you are always so shellfish?
4688,1383,8,28,110,146,1.3013698630136987,0.04698753391366206,680,"It amuses me that your mother thought that I would be trying to get my claws into you."""
4143,1383,7,30,109,146,1.3013698630136987,0.045971241358027104,680,"Crustacean Liberation Front, my ass. That's the last time I'm going grocery shopping with you."
4028,1383,7,30,109,146,1.3013698630136987,0.045971241358027104,680,"I assumed you meant transgender, not trans-species."
3826,1383,10,24,112,146,1.3013698630136987,0.048956868423814276,680,You know you were flirting. I caught you red-handed.
3555,1383,7,30,109,146,1.3013698630136987,0.045971241358027104,680,The woman on the boat thought you were quite the catch.
3509,1383,10,24,112,146,1.3013698630136987,0.048956868423814276,680,Must you jump in the tank with them every single time we're out for dinner?
3443,1383,10,24,112,146,1.3013698630136987,0.048956868423814276,680,Now look who's in a crabby mood.
3435,1383,7,30,109,146,1.3013698630136987,0.045971241358027104,680,You really should have put this in your Tinder bio.
4223,1383,11,22,113,146,1.3013698630136987,0.04991240604455193,680,If I have to be The Turf again this year you are in hot water.
4339,1383,7,30,109,146,1.3013698630136987,0.045971241358027104,680,Damn.hurry back to the ocean. You're already transforming.
4181,1383,7,30,109,146,1.3013698630136987,0.045971241358027104,680,Sometimes you’re just so shellfish.
4730,1383,7,30,109,146,1.3013698630136987,0.045971241358027104,680,I still don't understand your emails.
5641,1383,8,28,110,146,1.3013698630136987,0.04698753391366206,680,"Don't forget, we have to be in Kennebunkport by April."
5365,1383,3,38,105,146,1.3013698630136987,0.04165887404671109,680,There’s always an excuse to not hold hands
5528,1383,11,22,113,146,1.3013698630136987,0.04991240604455193,680,I really don't like when you refer to me as 'The ol' rubber band'
5608,1383,9,26,111,146,1.3013698630136987,0.047982305640486916,680,Touch me again and you sleep in the butter dish tonight!
6011,1383,4,36,106,146,1.3013698630136987,0.042777740685189296,680,Why the hell is it I keep having to fish you out of hot water?
5904,1383,6,32,108,146,1.3013698630136987,0.04493196769237266,680,arent you getting tired of finger foods???
5814,1383,7,30,109,146,1.3013698630136987,0.045971241358027104,680,Once again I caught you red-handed!
5648,1383,8,28,110,146,1.3013698630136987,0.04698753391366206,680,The B-52s are a band not a lifestyle.
5780,1383,8,28,110,146,1.3013698630136987,0.04698753391366206,680,"Honey, I'm glad your no longer smoking but when can you take the claws off?"
5748,1383,7,30,109,146,1.3013698630136987,0.045971241358027104,680,I don’t even know why I agreed to remove your rubber bands for tonight?
5761,1383,12,20,114,146,1.3013698630136987,0.05084999103683092,680,"Well, you certainly didn't get the crabs from me."
3415,1383,5,34,107,146,1.3013698630136987,0.04386807961854337,680,Don't you get snappy with me
4766,1383,8,28,110,146,1.3013698630136987,0.04698753391366206,680,Why can't you claw your way to the top the same way everyone else does?
3384,1383,9,26,111,146,1.3013698630136987,0.047982305640486916,680,"Did you really call me ""crabby""?"
5800,1383,10,24,112,146,1.3013698630136987,0.048956868423814276,680,"No, I don't think our nickname should be ""Surf 'n Turf""!"
3206,1383,7,30,109,146,1.3013698630136987,0.045971241358027104,680,I thought you said you were mainstream. Not Maine stream!
169,1383,5,34,107,146,1.3013698630136987,0.04386807961854337,680,"I don't mean to be critical, but you need a shave, a new wardrobe,
a haircut, and hand moisturizer."
197,1383,8,28,110,146,1.3013698630136987,0.04698753391366206,680,"Yes, I’m angry right now, but you are constantly crabby!!"
3322,1383,9,26,111,146,1.3013698630136987,0.047982305640486916,680,"You just HAD to snap at that wizard, didn't you."
808,1383,10,24,112,146,1.3013698630136987,0.048956868423814276,680,"I am very sorry I cannot see you again, I have a shellfish Allergy."
923,1383,9,26,111,146,1.3013698630136987,0.047982305640486916,680,...and I suppose those are the Thermidore shorts that came with them?
1683,1383,6,32,108,146,1.3013698630136987,0.04493196769237266,680,I’m the one who should feel trapped.
2082,1383,6,32,108,146,1.3013698630136987,0.04493196769237266,680,"Stop whining about it, your brother got the tail!"
1448,1383,10,24,112,146,1.3013698630136987,0.048956868423814276,680,Why does it always have to be a seafood restaurant?
2213,1383,8,28,110,146,1.3013698630136987,0.04698753391366206,680,At least you don't walk sideways.
2385,1383,9,26,111,146,1.3013698630136987,0.047982305640486916,680,"Nope, the other two wishes are mine."
2546,1383,8,28,110,146,1.3013698630136987,0.04698753391366206,680,"Sorry, Brad, but I don't think those will really help you claw your way to the top."
2711,1383,8,28,110,146,1.3013698630136987,0.04698753391366206,680,"Honestly, I've always preferred the tails."
2756,1383,10,24,112,146,1.3013698630136987,0.048956868423814276,680,"No, David...I don't think shorts were too casual."
2989,1383,8,28,110,146,1.3013698630136987,0.04698753391366206,680,"Oh sure, but you were fine with Johnny Depp and the scissorhands thing."
3168,1383,8,28,110,146,1.3013698630136987,0.04698753391366206,680,And it so happens that your name is Claude
2172,1383,7,30,109,146,1.3013698630136987,0.045971241358027104,680,You promised to have that taken care of after we got married.
2586,1427,4,35,104,143,1.3006993006993006,0.04329909793178602,680,Now I don't want you to hurt him. I just want you to scare him.
2590,1428,8,30,115,153,1.3006535947712419,0.04551143393936879,680,"Please stop snapping at me, you're not the only one who can be crabby."""
2233,1429,6,40,127,173,1.300578034682081,0.04031814191443905,680,I just wish you'd stop molting.
4045,1430,7,31,112,150,1.3,0.04511977596847296,680,"Well, maybe I'm feeling a little trapped, too..."
4225,1430,10,25,115,150,1.3,0.048002609921587766,680,Larry couldn't understand Olivia's clawstrophobia.
4146,1430,5,35,110,150,1.3,0.04309087219144258,680,Mary Jane’s boyfriend Peter got bit by a radioactive spider does all kinds of cool stuff.  And all you can say is that you’re tasty with butter?!
2860,1430,6,33,111,150,1.3,0.04411698907260348,680,"I don't care what you think, ""Lobsessive"" Compulsive Disorder isn't a real thing."
3694,1430,9,27,114,150,1.3,0.047061290894652906,680,"Doesn't matter what the powers are, ""lobsterman"" is an occupation, not a superhero."
3561,1430,10,25,115,150,1.3,0.048002609921587766,680,Don’t bother lying.  When you left tonight you were tailed.
3355,1430,9,27,114,150,1.3,0.047061290894652906,680,"You've been so shellfish lately, Tom."
3104,1430,8,29,113,150,1.3,0.04610075533066856,680,"Seriously, Frank. You know I hate it when you grow a beard!"
2830,1430,10,25,115,150,1.3,0.048002609921587766,680,"When my parents are visiting, please don’t scuttle."
3763,1430,6,33,111,150,1.3,0.04411698907260348,680,"I know, I know. It's the only contraception Planned Parenthood offers."
4389,1430,11,23,116,150,1.3,0.048925821586326905,680,"As I just said, everything was wonderful except the foreplay"
5242,1430,9,27,114,150,1.3,0.047061290894652906,680,You're not the only one who feels trapped in this relationship.
4613,1430,9,27,114,150,1.3,0.047061290894652906,680,"And if all the other hipsters jumped off the roof, would you do that too?"
4792,1430,9,27,114,150,1.3,0.047061290894652906,680,You knew it was a witch's restaurant before you ordered the lobster claws.
4919,1430,10,25,115,150,1.3,0.048002609921587766,680,"The next time we go to a ""meet and greet""  I'm putting the rubber bands back on."
5098,1430,11,23,116,150,1.3,0.048925821586326905,680,Whoever said ‘love conquers all’ was a fool.
5106,1430,11,23,116,150,1.3,0.048925821586326905,680,How many times do I have to tell you? I prefer the tail.
2768,1430,8,29,113,150,1.3,0.04610075533066856,680,It was a simple request. Leave the rubber bands on at the hot air balloon show.
5781,1430,8,29,113,150,1.3,0.04610075533066856,680,I'm a crab?  You're a crab!
5790,1430,8,29,113,150,1.3,0.04610075533066856,680,"If I hear you talking about clawing your way to the top, one more time, I'm going to scream."
5819,1430,6,33,111,150,1.3,0.04411698907260348,680,Okay! I promise to never again tell you to 'Get a grip!'
5998,1430,8,29,113,150,1.3,0.04610075533066856,680,You'll regret it if they're serving finger food.
6084,1430,8,29,113,150,1.3,0.04610075533066856,680,"No Ethan, you're a shellfish jerk."
4427,1430,4,37,109,150,1.3,0.04203971702576343,680,"You” and your
“Save the lobsters”
Campaign !!!"
2732,1430,6,33,111,150,1.3,0.04411698907260348,680,Let's get our Halloween costumes straight. You're the vegan-animal-rights-environmentalist. And I'm the bitch.
4367,1430,9,27,114,150,1.3,0.047061290894652906,680,And to think that I gave up Edward Scissorhands for you!
2163,1430,7,31,112,150,1.3,0.04511977596847296,680,"Okay, I'll show you where the nail salon is, but I'm not going in with you!"
2192,1430,4,37,109,150,1.3,0.04203971702576343,680,You're in really hot water after this.
722,1430,8,29,113,150,1.3,0.04610075533066856,680,You woke up a little crabby today.
27,1430,7,31,112,150,1.3,0.04511977596847296,680,Did you have to wear shorts?
138,1430,9,27,114,150,1.3,0.047061290894652906,680,You pick up stuff.  It's not a super power.
223,1430,5,35,110,150,1.3,0.04309087219144258,680,Exactly how long will this crustacean phase last?
235,1430,5,35,110,150,1.3,0.04309087219144258,680,"Your handshake was fine, but it would it have killed you to shave?"
523,1430,11,23,116,150,1.3,0.048925821586326905,680,". . . it's just that I never would have guessed you were Jewish. 
Nothing to get steamed about."
567,1430,6,33,111,150,1.3,0.04411698907260348,680,Why do you have to get so crabby when we go visit my mother?
296,1430,15,15,120,150,1.3,0.05245643766354129,680,"Mother was right.  You are cray cray, Bruce."
897,1430,8,29,113,150,1.3,0.04610075533066856,680,"And would you stop singing ""Sandy Claws is coming to town""?"
1108,1430,11,23,116,150,1.3,0.048925821586326905,680,"You are, hands down, the most insensitive lover ever."
1430,1430,9,27,114,150,1.3,0.047061290894652906,680,This is the last time I go out with a pescatarian
1481,1430,8,29,113,150,1.3,0.04610075533066856,680,"No, I didn't take you literally when  you said you'll claw your way to the top."
1506,1430,9,27,114,150,1.3,0.047061290894652906,680,"This is never going to work. I'm a Sagittarius who likes change, and I think we both know what you are."
1541,1430,6,33,111,150,1.3,0.04411698907260348,680,I smell a trap.
1629,1430,13,19,118,150,1.3,0.05072185855351756,680,Freakin' surrealists! Can't you just PAINT lobsters - do you have to paint AS a lobster!
1678,1430,8,29,113,150,1.3,0.04610075533066856,680,I told you to get the whole costume. Now they'll all know we're lobsters.
700,1430,8,29,113,150,1.3,0.04610075533066856,680,My mother always said you were not the catch I claimed you were.
4125,1475,7,30,110,147,1.2993197278911566,0.04570344578181841,680,Why are you being such a crab?
5000,1475,12,20,115,147,1.2993197278911566,0.050544482952240996,680,"I didn’t say you were grouchy, I said you were crabby"
4868,1475,6,32,109,147,1.2993197278911566,0.0446723292007039,680,Well someone's a bit crabby today.
1426,1475,5,34,108,147,1.2993197278911566,0.04361684349079503,680,Would have it been so terrible to ask for a doggie bag??
1437,1479,8,26,107,141,1.297872340425532,0.04800443331758258,680,"Yeah, so you really think the jury's going to buy that?"
2787,1480,6,32,110,148,1.2972972972972974,0.044415531342953396,680,You could have mentioned those in your Tinder profile.
4352,1480,9,26,113,148,1.2972972972972974,0.047418618859563805,680,"It's not ""float like a butterfly, pinch like a bee"""
362,1482,5,36,114,155,1.2967741935483872,0.04212037485683376,680,You won't even commit to a simple rubber band.
226,1483,11,21,113,145,1.296551724137931,0.050023115280434356,680,"Well, if she is just an old friend, why did she spend the whole meal buttering you up?"
522,1483,7,29,109,145,1.296551724137931,0.04603444688390985,680,And you were complaining about my red shoes.
3364,1485,10,25,117,152,1.2960526315789473,0.04745052622423986,680,I think you should keep your claws to yourself.
735,1485,7,31,114,152,1.2960526315789473,0.04461095506414591,680,You could have at least tried to fit in.
3298,1487,6,30,106,142,1.295774647887324,0.045569606006042214,680,This is the last time we see Dr. Moreau for your arthritis.
3317,1487,7,28,107,142,1.295774647887324,0.04665275031992182,680,"You know, the HR department making you wear the “Pinchers of Shame” is actually something to be ashamed of."
3451,1487,10,22,110,142,1.295774647887324,0.04976092317284823,680,Right! You couldn't help pinching the waitress!
3563,1487,4,34,104,142,1.295774647887324,0.043322150798544456,680,"And for god’s sake, don’t monopolize the Beluga hors d’oeuvres."
3620,1487,7,28,107,142,1.295774647887324,0.04665275031992182,680,How am I the snappy one?
3721,1487,5,32,105,142,1.295774647887324,0.044460081766443844,680,Get over it. Edward Scissorhands tanked his first audition.
3178,1487,5,32,105,142,1.295774647887324,0.044460081766443844,680,I’m getting tired of your constant snapping at me.
6021,1487,4,34,104,142,1.295774647887324,0.043322150798544456,680,I seriously doubt this will land Maine an NFL team.
4651,1487,9,24,109,142,1.295774647887324,0.048746890712609126,680,"I specifically said ""Lobster Roll""....not stroll...."
5180,1487,7,28,107,142,1.295774647887324,0.04665275031992182,680,But you used to love it when I rubbed you with butter
5360,1487,6,30,106,142,1.295774647887324,0.045569606006042214,680,I have never understood a single sentence in The New Yorker
5546,1487,5,32,105,142,1.295774647887324,0.044460081766443844,680,So that's all you could think of when the genie gave you a free wish.
5666,1487,6,30,106,142,1.295774647887324,0.045569606006042214,680,"Nothing against lobstermen, I just think your pictures were misleading."
4103,1487,6,30,106,142,1.295774647887324,0.045569606006042214,680,I told you not to take the rubberbands off until the second date.
2561,1487,5,32,105,142,1.295774647887324,0.044460081766443844,680,"I coulda sworn your profile said part motocyclist, part MOB-ster..."
1740,1487,8,26,108,142,1.295774647887324,0.04771131137665376,680,I don't care if you like the tail - I'm not wearing one.
2198,1487,7,28,107,142,1.295774647887324,0.04665275031992182,680,What's wrong with the tank you have?
5694,1487,8,26,108,142,1.295774647887324,0.04771131137665376,680,All of the animal kingdom and you choose this?
1216,1487,5,32,105,142,1.295774647887324,0.044460081766443844,680,Looks like you got yourself into some hot water
1025,1487,6,30,106,142,1.295774647887324,0.045569606006042214,680,Don't you feel crabby sometimes?
674,1487,5,32,105,142,1.295774647887324,0.044460081766443844,680,And did you notice the smirk on that waiter’s face when we asked for more butter?
639,1487,5,32,105,142,1.295774647887324,0.044460081766443844,680,"Market price is good, if you ever pinch me again I'd sleep with one eye open if I were you."
211,1487,6,30,106,142,1.295774647887324,0.045569606006042214,680,That's the last time I help you go to the bathroom.
171,1487,7,28,107,142,1.295774647887324,0.04665275031992182,680,"I know my profile said I love lobster, but.."
6113,1487,5,32,105,142,1.295774647887324,0.044460081766443844,680,"I mean, you could have at least wished for jazz hands."
2504,1487,6,30,106,142,1.295774647887324,0.045569606006042214,680,You caught me red handed.  Again.
5810,1487,6,30,106,142,1.295774647887324,0.045569606006042214,680,I think we need to talk about our sex life.
4425,1514,3,35,101,139,1.2949640287769784,0.04265854639642596,680,Next time maybe we take the genie more seriously?
4336,1514,3,35,101,139,1.2949640287769784,0.04265854639642596,680,"New York on a Saturday, you'd think it'd be easy to find some butter."
4320,1514,7,27,105,139,1.2949640287769784,0.047294917685490004,680,"If you're thinking 'this might be the night,' then you can forget it."
4255,1514,4,33,102,139,1.2949640287769784,0.04386360672825866,680,What did you think the replacement clause meant ?
5210,1514,7,27,105,139,1.2949640287769784,0.047294917685490004,680,"I thought you and Dad would get along, considering how much he values a firm handshake."
4443,1514,3,35,101,139,1.2949640287769784,0.04265854639642596,680,You don’t have to tell me that Maine is in your blood.
3398,1514,9,23,107,139,1.2949640287769784,0.04945035963456586,680,That’s not what I was talking about when I said lobster is an aphrodisiac.
5976,1514,8,25,106,139,1.2949640287769784,0.0483846427436701,680,I'd've thought that would be on your profile.
5142,1514,8,25,106,139,1.2949640287769784,0.0483846427436701,680,I liked it better when you were all hands.
5837,1514,7,27,105,139,1.2949640287769784,0.047294917685490004,680,Yet another reason why full body shots in dating profiles should be mandatory.
5589,1514,5,31,103,139,1.2949640287769784,0.04503643424791367,680,Remember when we used to hold hands?
3152,1514,4,33,102,139,1.2949640287769784,0.04386360672825866,680,"So... I thought that when you said you were into lobsters, you meant eating them!"
4823,1514,6,29,104,139,1.2949640287769784,0.046179484885844745,680,"Can't you play anything besides ""Chopsticks""?"
2596,1514,4,33,102,139,1.2949640287769784,0.04386360672825866,680,"No, I didn’t choose you from the tank."
2516,1514,7,27,105,139,1.2949640287769784,0.047294917685490004,680,You know what I hate most about this whole lobster claw hands phase you are going through? Helping you pee!
1132,1514,4,33,102,139,1.2949640287769784,0.04386360672825866,680,You could've just said you don't like holding hands in public.
821,1514,7,27,105,139,1.2949640287769784,0.047294917685490004,680,At least the remote control is all mine now!
221,1514,8,25,106,139,1.2949640287769784,0.0483846427436701,680,I don’t care if they are your favorite team.
2848,1514,8,25,106,139,1.2949640287769784,0.0483846427436701,680,That is the last time we go to Red Lobster for sex advice!
5186,1533,7,29,110,146,1.2945205479452055,0.04576315380847012,680,You just can't keep your claws off
1354,1533,7,29,110,146,1.2945205479452055,0.04576315380847012,680,I should never have let you start a species reassignment surgery
347,1533,9,25,112,146,1.2945205479452055,0.0477829767707791,680,"You agree? Pinch me, I must be dreaming."
967,1533,6,31,109,146,1.2945205479452055,0.044719044435320085,680,Why do you always have to be such a crab about everything?
468,1533,9,25,112,146,1.2945205479452055,0.0477829767707791,680,You couldn't just buy a corvette like all the other men going through a mid-life crisis...
6079,1538,2,40,108,150,1.2933333333333332,0.03962538976206638,680,I guess I'll pass on the lobster roll.
4413,1539,5,31,104,140,1.292857142857143,0.04476319854099585,680,Oh you don't think my parents are going to ask if your Jewish?
3643,1539,8,25,107,140,1.292857142857143,0.048083975629902284,680,"From now on, keep your claws off me."
3590,1539,6,29,105,140,1.292857142857143,0.04589682850197191,680,"I'm sorry, Larry, but you simply can't blame everything on that."
3692,1539,8,25,107,140,1.292857142857143,0.048083975629902284,680,If runway designers jumped off a cliff would you do that too?
3450,1539,6,29,105,140,1.292857142857143,0.04589682850197191,680,"I said Prenuptial ""clause""!"
3715,1539,7,27,106,140,1.292857142857143,0.04700312531585776,680,Josephine told me last night you couldn't keep your claws off her.
3748,1539,9,23,108,140,1.292857142857143,0.049141058548792416,680,Beware.  I'm boiling mad!
3848,1539,8,25,107,140,1.292857142857143,0.048083975629902284,680,When you said you had crabs I didn't know it was this serious
3967,1539,7,27,106,140,1.292857142857143,0.04700312531585776,680,You couldn’t get a doggie bag like everyone else?
4376,1539,5,31,104,140,1.292857142857143,0.04476319854099585,680,I just feel like we're not the same type.
4683,1539,10,21,109,140,1.292857142857143,0.05017587625756677,680,I'm translobster.
5222,1539,7,27,106,140,1.292857142857143,0.04700312531585776,680,I told you don't get grabby...now you've ruined a nice evening.
4800,1539,7,27,106,140,1.292857142857143,0.04700312531585776,680,And you call me a crab?
5120,1539,10,21,109,140,1.292857142857143,0.05017587625756677,680,Did you have to start crying when you saw your cousin on the plate?
5121,1539,7,27,106,140,1.292857142857143,0.04700312531585776,680,That's it...were getting rubber bands!
5126,1539,9,23,108,140,1.292857142857143,0.049141058548792416,680,Say one more thing and I'll boil you head first
3274,1539,6,29,105,140,1.292857142857143,0.04589682850197191,680,"If you had cloven feet, or even scales, fine, but my parents don’t like me dating shellfish men."
5247,1539,5,31,104,140,1.292857142857143,0.04476319854099585,680,I just don't think it's a big enough reason not to have children.
5575,1539,6,29,105,140,1.292857142857143,0.04589682850197191,680,It’s always the same excuse with you.
5881,1539,9,23,108,140,1.292857142857143,0.049141058548792416,680,I guess they're better than alligator arms when the check comes.
6077,1539,5,31,104,140,1.292857142857143,0.04476319854099585,680,I can’t bring you home for dinner because my parents keep kosher.
6100,1539,7,27,106,140,1.292857142857143,0.04700312531585776,680,"I said you are being selfish, not shellfish!"
6148,1539,4,33,103,140,1.292857142857143,0.043600103448292474,680,"and in the era of ""me too!"""
4729,1539,6,29,105,140,1.292857142857143,0.04589682850197191,680,I preferred the scissors...
3156,1539,8,25,107,140,1.292857142857143,0.048083975629902284,680,"Yes, you did tell me your name was Clawed, but I didn't think it was spelled that way."
3924,1539,4,33,103,140,1.292857142857143,0.043600103448292474,680,"And don't you dare tell me you got them from trying on pants!"""
3037,1539,8,25,107,140,1.292857142857143,0.048083975629902284,680,I told you I had a thing for mobsters.
3143,1539,5,31,104,140,1.292857142857143,0.04476319854099585,680,"Well, clawing your way to the top hasn't worked, has it!"
146,1539,4,33,103,140,1.292857142857143,0.043600103448292474,680,"Let's go eat lobster, you said. It'll be fun, you said."
148,1539,4,33,103,140,1.292857142857143,0.043600103448292474,680,I knew we stayed too long in Maine
388,1539,4,33,103,140,1.292857142857143,0.043600103448292474,680,Do that once more and I'm getting out the rubber bands.
449,1539,7,27,106,140,1.292857142857143,0.04700312531585776,680,"You're just like your father, you never let things go."
554,1539,8,25,107,140,1.292857142857143,0.048083975629902284,680,I told you to wear your long pants
683,1539,7,27,106,140,1.292857142857143,0.04700312531585776,680,Some guys are all hands--but not you.
817,1539,6,29,105,140,1.292857142857143,0.04589682850197191,680,How can you win first prize when you've lost the rest of the costume?
835,1539,7,27,106,140,1.292857142857143,0.04700312531585776,680,"Honestly Jeff, sometimes you can be just a pinch annoying."
852,1539,11,19,110,140,1.292857142857143,0.051189779069004196,680,It’s not an accident that nobody makes a lobster claw dildo
1007,1539,7,27,106,140,1.292857142857143,0.04700312531585776,680,You cray cray.
420,1539,6,29,105,140,1.292857142857143,0.04589682850197191,680,"Enough with the ""oh snap!"""
2925,1539,13,15,112,140,1.292857142857143,0.053159602396660906,680,"How many times have I told you ""pinch me, I'm must be dreaming"" is a figure of speech, not meant literally?"
1643,1539,8,25,107,140,1.292857142857143,0.048083975629902284,680,I told you to wear rubber bands when we go out in public.
1795,1539,5,31,104,140,1.292857142857143,0.04476319854099585,680,"No, I will not wear eau de clarified butter and thats final!"
1842,1539,8,25,107,140,1.292857142857143,0.048083975629902284,680,"I told you not to participate in that stupid gene splicing experiment.
What dd you expect, the hands of Horowitz?"
2618,1539,8,25,107,140,1.292857142857143,0.048083975629902284,680,"Well I can tell you right now Nephro, we are never visiting another petting zoo!"
2752,1539,8,25,107,140,1.292857142857143,0.048083975629902284,680,It's humiliating enough! Did they have to print us in two colors?
2840,1539,9,23,108,140,1.292857142857143,0.049141058548792416,680,I just don't want to get hurt again.
1304,1539,9,23,108,140,1.292857142857143,0.049141058548792416,680,If I could wipe my own butt I wouldn't be asking you to!
2921,1539,3,35,102,140,1.292857142857143,0.042405118768646284,680,This is not going to get you out of doing the dishes.
3964,1587,7,26,104,137,1.2919708029197081,0.04765945636245658,680,"Foreplay is out, dream date."
3972,1587,5,30,102,137,1.2919708029197081,0.045351288480630324,680,"You were all handsy earlier, and now this? Your mood swings are out of control!"
2605,1587,7,26,104,137,1.2919708029197081,0.04765945636245658,680,I can't believe you won't introduce me your parents!
4208,1587,7,26,104,137,1.2919708029197081,0.04765945636245658,680,No way am I letting you bring those into the bedroom.
3830,1587,9,22,106,137,1.2919708029197081,0.04986088842646562,680,No pussy grabbing for you
4559,1587,4,32,101,137,1.2919708029197081,0.04415197798397687,680,"I am not ""A prisoner of binary thinking""!"
4121,1587,4,32,101,137,1.2919708029197081,0.04415197798397687,680,"I know you’re achey, but I wouldn’t take a hot bath if I were you."
4531,1587,5,30,102,137,1.2919708029197081,0.045351288480630324,680,Try to be less crabby when we visit my parents.
3504,1587,8,24,105,137,1.2919708029197081,0.048772594637979616,680,I wish they were just clammy again.
3626,1587,5,30,102,137,1.2919708029197081,0.045351288480630324,680,Of course people were staring all night - look at the way you're dressed!
3594,1587,11,18,108,137,1.2919708029197081,0.05196915054710826,680,That’s it. We’re putting the rubber bands back on.
3320,1587,7,26,104,137,1.2919708029197081,0.04765945636245658,680,I’m just so tired of everyone calling you ‘Santa’...
2987,1587,6,28,103,137,1.2919708029197081,0.04651969017318503,680,"I think it's a bit of a stretch to call those ""loving hands""
in your dating profile"
2611,1587,10,20,107,137,1.2919708029197081,0.05092593054262463,680,"Well, Jeff, I still contend your protest over the tariffs is a tad too subtle."
2524,1587,5,30,102,137,1.2919708029197081,0.045351288480630324,680,Now I know what it feels like  to be caught red-handed.
4585,1587,6,28,103,137,1.2919708029197081,0.04651969017318503,680,My mother warned me about dating someone from Maine.
3654,1587,5,30,102,137,1.2919708029197081,0.045351288480630324,680,"I can’t put my finger on it, but something about this relationship isn’t kosher."
4591,1587,5,30,102,137,1.2919708029197081,0.045351288480630324,680,I hate that the kids call you CrawDad
5543,1587,5,30,102,137,1.2919708029197081,0.045351288480630324,680,I'm just  sick of your shellfishness
4754,1587,5,30,102,137,1.2919708029197081,0.045351288480630324,680,"No, I will NOT call you. Crawdaddy."
5742,1587,9,22,106,137,1.2919708029197081,0.04986088842646562,680,So shellfish... you KNOW I'm allergic to hyperbole.
2505,1587,6,28,103,137,1.2919708029197081,0.04651969017318503,680,All I said was why don't we try that seafood restaurant on 48th street.
5755,1587,5,30,102,137,1.2919708029197081,0.045351288480630324,680,"When you told me that they caught you red-handed, I didn't think you meant it literally!"
5710,1587,7,26,104,137,1.2919708029197081,0.04765945636245658,680,I wish you had transplanted another part of your anatomy.
5818,1587,7,26,104,137,1.2919708029197081,0.04765945636245658,680,You dropped a ming vase? You wonder why they call you butterfingers!
6073,1587,3,34,100,137,1.2919708029197081,0.04291916766366518,680,"You can't let go of anything, can you?"
6126,1587,4,32,101,137,1.2919708029197081,0.04415197798397687,680,No one appreciates you pointing out that's your friend in the tank.
4741,1587,6,28,103,137,1.2919708029197081,0.04651969017318503,680,You bet I'm boiling mad.
5697,1587,9,22,106,137,1.2919708029197081,0.04986088842646562,680,"No, when they say, “You literally have to claw your way to the top here,” they do not actually mean “literally.”"
5333,1587,9,22,106,137,1.2919708029197081,0.04986088842646562,680,He definitely won’t be able to find my clit now.
5316,1587,4,32,101,137,1.2919708029197081,0.04415197798397687,680,I'm tired of having you pick up fish for dinner
5224,1587,6,28,103,137,1.2919708029197081,0.04651969017318503,680,"No, actually, I couldn't see them on your Tinder profile."
5182,1587,5,30,102,137,1.2919708029197081,0.045351288480630324,680,Stay away from the cat.
5140,1587,6,28,103,137,1.2919708029197081,0.04651969017318503,680,I didn't like the way you looked at that crab.
4901,1587,5,30,102,137,1.2919708029197081,0.045351288480630324,680,I don't care if you saw lint on my blouse and skirt!
4899,1587,4,32,101,137,1.2919708029197081,0.04415197798397687,680,Why don’t you just say you want to move to Maine
5496,1587,5,30,102,137,1.2919708029197081,0.045351288480630324,680,My father loathes a weak handshake.
2486,1587,8,24,105,137,1.2919708029197081,0.048772594637979616,680,Edward Lobster-Hands and his agent after failing their audition.
2390,1587,9,22,106,137,1.2919708029197081,0.04986088842646562,680,"And second, Mom, dental school was your dream, not mine."
2375,1587,7,26,104,137,1.2919708029197081,0.04765945636245658,680,"If the theater is going to insist on rubber bands, they should at least provide them."
46,1587,7,26,104,137,1.2919708029197081,0.04765945636245658,680,"Even if I do dress as a cup of melted butter, I don't think we're gonna win."
86,1587,7,26,104,137,1.2919708029197081,0.04765945636245658,680,I suppose you also have crabs?
132,1587,8,24,105,137,1.2919708029197081,0.048772594637979616,680,"I just want you to stop saying ""vice-like grip""."
267,1587,6,28,103,137,1.2919708029197081,0.04651969017318503,680,And you say I'm crabby.
310,1587,2,36,99,137,1.2919708029197081,0.04164988290482973,680,"When your profile said that you identify as a lobster, I thought you were joking."
381,1587,5,30,102,137,1.2919708029197081,0.045351288480630324,680,YOU CAN FORGET THE FOREPLAY!
415,1587,6,28,103,137,1.2919708029197081,0.04651969017318503,680,"When you asked me if I was allergic to shellfish, I thought you were being ironic."
569,1587,9,22,106,137,1.2919708029197081,0.04986088842646562,680,"How do you even wipe your a- nevermind. I don't want to know. God why can’t I just meet a normal guy? Fuck you, Tinder."
708,1587,8,24,105,137,1.2919708029197081,0.048772594637979616,680,Now what's the matter?
848,1587,6,28,103,137,1.2919708029197081,0.04651969017318503,680,Pinch my ass one more time and you'll be relocated to Riker's Island!
1053,1587,4,32,101,137,1.2919708029197081,0.04415197798397687,680,It's not going to happen. Stop singing I want to hold you hand.
1110,1587,6,28,103,137,1.2919708029197081,0.04651969017318503,680,I saw you clawing that woman!
1380,1587,6,28,103,137,1.2919708029197081,0.04651969017318503,680,"I've got your nose?... Larry ... Seriously, you played I've got your nose?"
1405,1587,6,28,103,137,1.2919708029197081,0.04651969017318503,680,It's that darn sex offender registration.
952,1587,4,32,101,137,1.2919708029197081,0.04415197798397687,680,what possibly could have happened that you stopped taking my calls?
2066,1587,4,32,101,137,1.2919708029197081,0.04415197798397687,680,Is THIS the anti-mugging device that you ordered off the internet?
2367,1587,10,20,107,137,1.2919708029197081,0.05092593054262463,680,How did you even swipe right with those things?
2298,1587,6,28,103,137,1.2919708029197081,0.04651969017318503,680,I caught him red-handed.
2188,1587,9,22,106,137,1.2919708029197081,0.04986088842646562,680,"I don’t think we’re at the stage where you meet my parents. Also, my father is allergic to shellfish."
1511,1587,9,22,106,137,1.2919708029197081,0.04986088842646562,680,"I thought you were saying you wanted to be ""selfish"" for once."
2009,1587,9,22,106,137,1.2919708029197081,0.04986088842646562,680,"You might have mentioned that ""The Metamorphosis"" is your favorite book in your profile."
1898,1587,7,26,104,137,1.2919708029197081,0.04765945636245658,680,Online you said you were Kosher
1857,1587,7,26,104,137,1.2919708029197081,0.04765945636245658,680,"I told you, don’t snap at me!"
1823,1587,9,22,106,137,1.2919708029197081,0.04986088842646562,680,I told you the maitre d' wouldn't seat a man wearing shorts.
1717,1587,7,26,104,137,1.2919708029197081,0.04765945636245658,680,"Ok, you’ve clawed your way to the top; now what?"
1652,1587,6,28,103,137,1.2919708029197081,0.04651969017318503,680,"So what, we'll just never thumb wrestle?"
1615,1587,7,26,104,137,1.2919708029197081,0.04765945636245658,680,You seem to always forget your wallet.
1572,1587,5,30,102,137,1.2919708029197081,0.045351288480630324,680,Touch my butt again and I'll turn you into a toad.
1728,1587,5,30,102,137,1.2919708029197081,0.045351288480630324,680,I told you 'prenuptial claws'  was a stupid bit.
3960,1656,6,27,101,134,1.291044776119403,0.047167112381067695,680,"I know your profile said you've been slowly coming out of your shell, but honestly I just feel deceived."
109,1657,3,28,86,117,1.2905982905982907,0.047108914100976874,680,We have to get you more out of your shell.
918,1658,5,30,103,138,1.289855072463768,0.04507114226758212,680,You promised me that you were going to get a manicure beforeour anniversary dinner!
725,1658,7,26,105,138,1.289855072463768,0.04736011941389737,680,I don't know why you insist on shopping at that second-hand store.
2242,1658,9,22,107,138,1.289855072463768,0.049543455233689644,680,I didn't understand the special 'claws' in our prenuptial agreement.  Now I'm going to leave you red-handed !
5007,1658,7,26,105,138,1.289855072463768,0.04736011941389737,680,I'm crabby?
2684,1658,8,24,106,138,1.289855072463768,0.04846408395601442,680,"You just had to touch the china, didn't you?!"
3439,1658,5,30,103,138,1.289855072463768,0.04507114226758212,680,Your solidarity with the ocean population goes too far.
3873,1658,6,28,104,138,1.289855072463768,0.04622979978435579,680,You're the shellfish one in this relationship!
624,1658,6,28,104,138,1.289855072463768,0.04622979978435579,680,You could at least aspire to be some sort of superhero.
5977,1658,6,28,104,138,1.289855072463768,0.04622979978435579,680,Sometimes I wish you hadn't come out of your shell.
2269,1658,8,24,106,138,1.289855072463768,0.04846408395601442,680,Looks like you're cooked.
502,1658,8,24,106,138,1.289855072463768,0.04846408395601442,680,The way you touch me just isn't kosher
1976,1658,7,26,105,138,1.289855072463768,0.04736011941389737,680,"No, you can't pinch my butt."
241,1658,8,24,106,138,1.289855072463768,0.04846408395601442,680,"You can beg all you want, no butter sauce in bed"
69,1658,6,28,104,138,1.289855072463768,0.04622979978435579,680,So much for trying to claw your way to the top.
487,1658,7,26,105,138,1.289855072463768,0.04736011941389737,680,This is FAR worse than when you fell in love with 'Raiders of the Lost Ark' and wore that stupid fedora for three months.
1369,1673,8,22,102,132,1.2878787878787878,0.04990194297647228,680,"Of course I’m not going to forgive you! I’ve just caught you
red- handed."
613,1674,3,34,102,139,1.2877697841726619,0.042402813271088025,680,"Well, your interspecies dating fling has certainly presented a challenge to our relationship."
4308,1674,7,26,106,139,1.2877697841726619,0.04706438389614813,680,"Just once could you not say ""I'll just have a pinch, please."""
3059,1674,7,26,106,139,1.2877697841726619,0.04706438389614813,680,I suppose you think my allergy to shellfish is the only problem?
2813,1674,8,24,107,139,1.2877697841726619,0.04815932563978985,680,"I still don't see why you aren't letting me get a unicorn horn, Bill."
4008,1678,3,21,70,94,1.2872340425531914,0.05373775775420209,680,"That's not what I meant when I said, 'Wear something snappy!'."
3966,1679,6,21,88,115,1.2869565217391303,0.05205937083496271,680,"No,no! A comma puts a pause at the end of your clause."
4491,1680,6,27,103,136,1.286764705882353,0.04656862745098039,680,Stop saying that I'm trying to butter you up.
6027,1680,7,25,104,136,1.286764705882353,0.04772388840551284,680,You and your allergies have once again ruined our evening!
5717,1680,5,29,102,136,1.286764705882353,0.04538396854390949,680,How can you possibly think they don’t define you?!
5476,1680,5,29,102,136,1.286764705882353,0.04538396854390949,680,"Oh right, you always win the I felt awkward thing."
2094,1680,7,25,104,136,1.286764705882353,0.04772388840551284,680,It isn’t as good as spiderman but it is better than roachboy.
1873,1680,6,27,103,136,1.286764705882353,0.04656862745098039,680,"Clawing your way to the top is fine, but you might want to consider a business suit."
1243,1680,6,27,103,136,1.286764705882353,0.04656862745098039,680,When you molt they will come off
3438,1680,4,31,101,136,1.286764705882353,0.044167546218019944,680,Your love for lobster is getting out of hand.
135,1680,7,25,104,136,1.286764705882353,0.04772388840551284,680,I should be the one who is crabby.
3045,1689,6,26,101,133,1.2857142857142858,0.047218640111304305,680,That's not what you father meant when he said you have to claw your way to success.
3055,1689,6,26,101,133,1.2857142857142858,0.047218640111304305,680,You give me claws for alarm.
3062,1689,6,26,101,133,1.2857142857142858,0.047218640111304305,680,"We should've known, with a name like 'Prosthetics R Us'."
3587,1689,3,32,98,133,1.2857142857142858,0.0434492402039741,680,Oh yeah?  And you’re no Prufrock.
3102,1689,7,24,102,133,1.2857142857142858,0.04840992811927757,680,"It’s always the same story - we go out, you drink too much and then you start clawing at me."
3303,1689,11,16,106,133,1.2857142857142858,0.05290752126800691,680,"I don't know what you were thinking - you know the tail is my favorite part."""
3726,1689,8,22,103,133,1.2857142857142858,0.049572596331706964,680,"If you have to wear them, fine! But I will not call you Santa."
3617,1689,4,30,99,133,1.2857142857142858,0.04474100625662531,680,All your friends wear rubber bands. Why do you have to be different?
3025,1689,8,22,103,133,1.2857142857142858,0.049572596331706964,680,You can bet you're gonna be in hot water!
3820,1689,3,32,98,133,1.2857142857142858,0.0434492402039741,680,Just tell me how you got the rubber bands off!
4108,1689,7,24,102,133,1.2857142857142858,0.04840992811927757,680,You embarrassed me in that balloon modelling class.
4177,1689,8,22,103,133,1.2857142857142858,0.049572596331706964,680,Just get a grip!
4241,1689,5,28,100,133,1.2857142857142858,0.04599650864368002,680,"Fine, I get it — You feel like a pair of ragged claws scuttling across the floors of silent seas. But at least you could’ve shaved."
4297,1689,6,26,101,133,1.2857142857142858,0.047218640111304305,680,I’m sick of you ignoring my texts.
4436,1689,5,28,100,133,1.2857142857142858,0.04599650864368002,680,"This won't work Bill, you're too shellfish."
5467,1689,7,24,102,133,1.2857142857142858,0.04840992811927757,680,You could have at least tried on the tail.
4532,1689,3,32,98,133,1.2857142857142858,0.0434492402039741,680,Well....o.k. But no foreplay
6136,1689,8,22,103,133,1.2857142857142858,0.049572596331706964,680,"Well, I do feel left out when you go to your crustacean group meetings."
2998,1689,3,32,98,133,1.2857142857142858,0.0434492402039741,680,Why am I disappointed?  Of course I assumed your profile was referring to dinner.
6037,1689,5,28,100,133,1.2857142857142858,0.04599650864368002,680,Why couldn't you just ask for a doggy bag?
6016,1689,5,28,100,133,1.2857142857142858,0.04599650864368002,680,"""You're been acting very shellfish lately."""
5982,1689,9,20,104,133,1.2857142857142858,0.050708613406591115,680,"I know they cost $1200, but you look ridiculous."
5799,1689,5,28,100,133,1.2857142857142858,0.04599650864368002,680,And if I get wet I turn into a little mermaid.
5736,1689,9,20,104,133,1.2857142857142858,0.050708613406591115,680,There's a reason we don't hold hands in public
5700,1689,7,24,102,133,1.2857142857142858,0.04840992811927757,680,I saw you pinch her ass
5653,1689,9,20,104,133,1.2857142857142858,0.050708613406591115,680,Just because you're buying me dinner doesn't mean you can put your claws all over me later on.
5373,1689,6,26,101,133,1.2857142857142858,0.047218640111304305,680,I'm allowed to be crabby sometimes too!
5332,1689,5,28,100,133,1.2857142857142858,0.04599650864368002,680,"Yet again, Malcolm mysteriously finds himself facing accusations of getting ""grabby"" in public."
5309,1689,8,22,103,133,1.2857142857142858,0.049572596331706964,680,Seriously? That makes up for giving me crabs?
5304,1689,9,20,104,133,1.2857142857142858,0.050708613406591115,680,I can get crabby sometimes. You made your point.
5143,1689,7,24,102,133,1.2857142857142858,0.04840992811927757,680,"I double-checked your online dating profile again.  You definitely did not include a hyphen in your occupation, ‘Lobster-Man’."
5032,1689,8,22,103,133,1.2857142857142858,0.049572596331706964,680,You must admit you have been more than a little crabby lately
4481,1689,5,28,100,133,1.2857142857142858,0.04599650864368002,680,When you called me to tell me you had crabs I didn’t think that THIS is what you meant.
2891,1689,11,16,106,133,1.2857142857142858,0.05290752126800691,680,"Yes, I know how it feels to be trapped"
1035,1689,3,32,98,133,1.2857142857142858,0.0434492402039741,680,Clawed? Clawed? Being pawed is bad enough.
2796,1689,4,30,99,133,1.2857142857142858,0.04474100625662531,680,I just don't think 'Lobsterman' has much of a superhero ring to it!
19,1689,4,30,99,133,1.2857142857142858,0.04474100625662531,680,"I caught you red-handed  flirting with my best friend, Larry."
3471,1689,10,20,110,140,1.2857142857142858,0.04995960782214444,680,Why couldn't you pick a normal pair of gloves?
150,1689,5,28,100,133,1.2857142857142858,0.04599650864368002,680,"Red Lobster doesn't and will never need a mascot, Bill. Quit trying."
401,1689,8,22,103,133,1.2857142857142858,0.049572596331706964,680,"You transition, you get crabby."""
497,1689,6,26,101,133,1.2857142857142858,0.047218640111304305,680,Try that again and I'm getting out the rubber bands.
1193,1689,5,28,100,133,1.2857142857142858,0.04599650864368002,680,"I can't order lobster, but you can order ladyfingers?"
1427,1689,5,28,100,133,1.2857142857142858,0.04599650864368002,680,If they had boiled the rest of you we wouldn’t be having this conversation.
1461,1689,4,30,99,133,1.2857142857142858,0.04474100625662531,680,If you grab my butt one more time . . .
2802,1689,7,24,102,133,1.2857142857142858,0.04840992811927757,680,You can’t claw your way out this time.
1542,1689,7,24,102,133,1.2857142857142858,0.04840992811927757,680,Whenever we visit my family in Maine its like you grow a shell that you want hide in
1520,1689,6,26,101,133,1.2857142857142858,0.047218640111304305,680,Those were NOT apparent from your profile pictures!
1621,1689,7,24,102,133,1.2857142857142858,0.04840992811927757,680,"You can't wear those forever, David. You're going to have to hold my sister's newborn eventually."
1677,1689,8,22,103,133,1.2857142857142858,0.049572596331706964,680,It's fine. I can get my ring resized.
1794,1689,5,28,100,133,1.2857142857142858,0.04599650864368002,680,You didn’t need to take me so seriously when I suggested you should try clawing your way to the top.
1908,1689,5,28,100,133,1.2857142857142858,0.04599650864368002,680,I miss the days when your hands were just cold and clammy.
2029,1689,7,24,102,133,1.2857142857142858,0.04840992811927757,680,You know I never have liked that shirt.
2129,1689,5,28,100,133,1.2857142857142858,0.04599650864368002,680,Oh so the rubber bands come off and suddenly you’re Mr. Big Shot?
2369,1689,7,24,102,133,1.2857142857142858,0.04840992811927757,680,"I look at you, and all I see is red!!"
2465,1689,4,30,99,133,1.2857142857142858,0.04474100625662531,680,Don’t be embarrassed Phil.  I’m sure there were some other people who also thought Lobsterfest was like Comic-Con for seafood lovers.
2493,1689,7,24,102,133,1.2857142857142858,0.04840992811927757,680,"God, I hate your circus friends."
2760,1689,6,26,101,133,1.2857142857142858,0.047218640111304305,680,"Why are you always so crabby?""
""Because you have no idea who I am!"
1581,1689,5,28,100,133,1.2857142857142858,0.04599650864368002,680,"And what a wasted wish that was, Mr. Prufrock!"
685,1747,5,29,103,137,1.2846715328467153,0.04510008086298866,680,"Not what I meant by ""Arbitration Clause"""
1194,1747,5,29,103,137,1.2846715328467153,0.04510008086298866,680,"I normally like a lot of foreplay, but . . ."
2036,1747,8,23,106,137,1.2846715328467153,0.04853909676452005,680,Why do you always have to be so shellfish?
2069,1747,7,25,105,137,1.2846715328467153,0.047420477725974734,680,"You always have to take the rubber bands off, don't you?"
2335,1747,6,27,104,137,1.2846715328467153,0.04627482577821218,680,"God, what a mistake. You seemed like such a catch."
5767,1747,6,27,104,137,1.2846715328467153,0.04627482577821218,680,Pinching was supposed to just be our special thing.
4109,1747,6,27,104,137,1.2846715328467153,0.04627482577821218,680,That “little pinch” was far more than just a tease  sir!
4670,1747,7,25,105,137,1.2846715328467153,0.047420477725974734,680,"Claude, how many times do I have to tell you. Stop pinching me. It hurts."
5004,1747,9,21,107,137,1.2846715328467153,0.04963251073309929,680,"You clearly don’t understand a pre-nuptial clause, or a homonym."
5031,1747,8,23,106,137,1.2846715328467153,0.04853909676452005,680,You're taking your T. S. Eliot infatuation too far.
663,1747,7,25,105,137,1.2846715328467153,0.047420477725974734,680,This isn't gonna work if you keep sidestepping all my advances.
5916,1747,9,21,107,137,1.2846715328467153,0.04963251073309929,680,I just wish you’d gotten bitten by a Merman instead.
2871,1747,8,23,106,137,1.2846715328467153,0.04853909676452005,680,"I want a divorce, Clawed."
470,1747,8,23,106,137,1.2846715328467153,0.04853909676452005,680,John if I hear you say 'claw-ful' one more time we are done...
83,1747,7,25,105,137,1.2846715328467153,0.047420477725974734,680,The days I only got a peck on the cheek are looking good now.
78,1747,6,27,104,137,1.2846715328467153,0.04627482577821218,680,Rabbi doesn't approve of us.
12,1747,6,27,104,137,1.2846715328467153,0.04627482577821218,680,I knew you weren't having safe sex!
811,1747,8,23,106,137,1.2846715328467153,0.04853909676452005,680,"You just had to say ""Let's get tanked!"""
4140,1747,7,25,105,137,1.2846715328467153,0.047420477725974734,680,"I thought your profile said a couple of small flaws, 
not huge tall claws!!"
6097,1766,10,18,106,134,1.2835820895522387,0.0514757421065385,680,Butter might free me but it seems like bad karma.
5768,1766,9,20,105,134,1.2835820895522387,0.05037391363379276,680,You were nicer with a tail.
4656,1766,6,26,102,134,1.2835820895522387,0.046913416235472225,680,"Well, you certainly were crabby this evening."
2415,1766,10,18,106,134,1.2835820895522387,0.0514757421065385,680,Did you really have to go to such lengths not to hold my bag?
943,1766,6,26,102,134,1.2835820895522387,0.046913416235472225,680,You know how I love to be buttered up.
831,1766,6,26,102,134,1.2835820895522387,0.046913416235472225,680,That’s not even your Maine problem!
4349,1766,7,24,103,134,1.2835820895522387,0.04809458881742017,680,Maybe you could be less shellfish.
842,1773,3,31,97,131,1.282442748091603,0.04371853759779039,680,Never.
4661,1773,7,23,101,131,1.282442748091603,0.04879620659513006,680,I see you were caught red-handed.  What's your excuse this time?
4358,1773,7,23,101,131,1.282442748091603,0.04879620659513006,680,You're taking your T.S.Eliot thesis waaay too seriously.
3522,1773,4,29,98,131,1.282442748091603,0.04504165118849121,680,You are just so damned shellfish.
2857,1773,9,19,103,131,1.282442748091603,0.05114635277580617,680,OK but the claws weren't in any of your Tinder photos.
2599,1773,6,25,100,131,1.282442748091603,0.04757762043207198,680,And your calling me crabby!!
1994,1773,7,23,101,131,1.282442748091603,0.04879620659513006,680,your wearing shorts in October !
5444,1773,9,19,103,131,1.282442748091603,0.05114635277580617,680,"You do everything halfway, Jeffrey.
I was a mermaid."""
1245,1773,4,29,98,131,1.282442748091603,0.04504165118849121,680,"The next time someone says she could use a hand, try to remember the last three lawsuits"
926,1773,5,27,99,131,1.282442748091603,0.04632699163427313,680,"At least they stopped commenting on my ""tail."""
911,1773,7,23,101,131,1.282442748091603,0.04879620659513006,680,Date night and you are wearing board shorts and a sweatshirt. We are not going to Applebees! I hate my life.
4972,1773,10,17,104,131,1.282442748091603,0.05228182489511547,680,Keep your claws to yourself! You're not the President!
737,1773,4,29,98,131,1.282442748091603,0.04504165118849121,680,So you won't be a piano player... It's OK..
4965,1773,2,33,96,131,1.282442748091603,0.04235411098810965,680,I'm sorry but that's not an excuse for pinching her.
4490,1787,5,25,94,124,1.282258064516129,0.04798658440758398,680,"It's not you, I just don't like holding hands."
151,1788,5,26,97,128,1.28125,0.04697741436722461,680,"No, Peter, you were supposed to get bitten by a spider, not a spider crab!"""
443,1788,2,32,94,128,1.28125,0.042869371029220206,680,I don’t care if they were on sale.
3425,1788,4,28,96,128,1.28125,0.04564916170716533,680,Maybe massage therapy just isn't your thing..
3874,1788,4,28,96,128,1.28125,0.04564916170716533,680,That's no excuse for not reaching for the check
4346,1788,4,28,96,128,1.28125,0.04564916170716533,680,"Don't even THINK about holding my hand."""
6145,1788,4,28,96,128,1.28125,0.04564916170716533,680,They better be returnable.
5915,1788,7,22,99,128,1.28125,0.04952716883444788,680,Your piano gig at the seafood restaurant did not go well!
4829,1788,4,28,96,128,1.28125,0.04564916170716533,680,If the Mayor wants you to do ribbon cuttings he should pay you.
5792,1788,6,24,98,128,1.28125,0.04826913047376049,680,What did you think of the crab cakes?
3953,1788,5,26,97,128,1.28125,0.04697741436722461,680,Look Ma no hands.
5018,1798,7,27,112,146,1.2808219178082192,0.045322703395465715,680,"Clawing your way back won't work, Harry."
17,1799,10,17,105,132,1.2803030303030303,0.05192834118746558,680,Rubber Bands are Wedding Bands in Maine
5394,1799,7,23,102,132,1.2803030303030303,0.04847237724178624,680,I’m just tired of you always snapping at me.
5267,1799,6,25,101,132,1.2803030303030303,0.04726426699385176,680,‘That’s the last time I go on Plenty of Fish.’
3559,1799,6,25,101,132,1.2803030303030303,0.04726426699385176,680,I suppose you think I'm going to change the kitty litter from  now on!
3103,1799,5,27,100,132,1.2803030303030303,0.046024455602018496,680,You're REALLY going to be in hot water when we get home.
5870,1804,11,16,109,136,1.2794117647058822,0.05186203466407415,680,"Stop it, before I get crabby!"
3193,1804,9,20,107,136,1.2794117647058822,0.049717257725566,680,I just wish you’d leave skeletons in the closet instead of on the bathroom floor.
2379,1804,5,28,103,136,1.2794117647058822,0.0451228973832111,680,I caught you red handed buttering her up at the seafood bar.
2538,1807,9,18,102,129,1.2790697674418605,0.05159371903865945,680,"You can stop trying to butter me up, I’m real steamed"
2769,1807,4,28,97,129,1.2790697674418605,0.0453463525457271,680,"Well, you're the one whose crabby!"
2977,1807,6,24,99,129,1.2790697674418605,0.04794308866997281,680,I told you not to eat the lobster bisque with your fingers.
3038,1807,4,28,97,129,1.2790697674418605,0.0453463525457271,680,and you said I'M a crab?
4771,1807,5,26,98,129,1.2790697674418605,0.046662787317188016,680,I told you to shave and I hate those shorts!
3470,1807,5,26,98,129,1.2790697674418605,0.046662787317188016,680,"Oh, I'm the one being snippy?"
3566,1807,4,28,97,129,1.2790697674418605,0.0453463525457271,680,This is so humiliating; all my friends say that you must be lousy in bed.
3638,1807,5,26,98,129,1.2790697674418605,0.046662787317188016,680,I did not say you're a crab. I just said you're acting like one.
4012,1807,5,26,98,129,1.2790697674418605,0.046662787317188016,680,"Okay, okay, you've made your point.  You're not a shellfish guy."
4206,1807,5,26,98,129,1.2790697674418605,0.046662787317188016,680,"You’re right, I should have put this in my profile."
5293,1807,3,30,96,129,1.2790697674418605,0.04399054055355104,680,"I said our prenuptial agreement contained a 'clause,' not.."
5420,1807,5,26,98,129,1.2790697674418605,0.046662787317188016,680,You're being shellfish again.
5422,1807,6,24,99,129,1.2790697674418605,0.04794308866997281,680,You wouldn’t even try on the mittens my mother knit you.
1592,1807,2,32,95,129,1.2790697674418605,0.04259159103844169,680,Can’t say I ever thought I would be banned from a Red Lobster.
1364,1807,5,26,98,129,1.2790697674418605,0.046662787317188016,680,"When you wrote on your dating profile that your friends call you “Claude,” I didn’t know they meant that literally."
805,1807,6,24,99,129,1.2790697674418605,0.04794308866997281,680,I really mean when I say “keep your claws off me!”.
1013,1807,7,22,100,129,1.2790697674418605,0.04919007808719789,680,"What next, tails?"
974,1807,7,22,100,129,1.2790697674418605,0.04919007808719789,680,So that's how you were able to claw your way to the top?
790,1807,4,28,97,129,1.2790697674418605,0.0453463525457271,680,Did you notice Chloe's slight about you growing up in Maine?
188,1807,9,18,102,129,1.2790697674418605,0.05159371903865945,680,You should have told me your crabs had gotten worse.
1181,1807,3,30,96,129,1.2790697674418605,0.04399054055355104,680,I've never teased you about YOUR mother.
893,1828,7,23,103,133,1.2781954887218046,0.04815268618576098,680,What did you expect they were gonna tell you when you asked for a manicure?!
579,1828,7,23,103,133,1.2781954887218046,0.04815268618576098,680,I'm boiling right now! No offense.
30,1828,8,21,104,133,1.2781954887218046,0.04932141881026054,680,I begged you not to play that piano.
2557,1831,8,19,99,126,1.2777777777777777,0.051193859861100074,680,"When your transition is complete, you'll be doing your own zipping."
921,1832,7,27,114,148,1.277027027027027,0.044788060842162865,680,Why do you have to be so shellfish?
2816,1833,10,16,104,130,1.2769230769230768,0.05239110820443715,680,"This week on ""Botched"". . ."
3233,1833,6,24,100,130,1.2769230769230768,0.04762127551191367,680,You are so bathetic.
532,1833,8,20,102,130,1.2769230769230768,0.050063030772570245,680,"If you call me the crabby one ONE MORE TIME, so help me God, I’ll—"
3517,1833,7,22,101,130,1.2769230769230768,0.04885740952771086,680,You know the Halloween party is on cape cod...Lobster costumes are out sharks are in ....
5440,1833,5,26,99,130,1.2769230769230768,0.04635218761832849,680,And they named you Claude why?
461,1833,6,24,100,130,1.2769230769230768,0.04762127551191367,680,"I just don’t see Broadway being that interested in doing a musical about your life, that’s all.”"
495,1833,9,18,103,130,1.2769230769230768,0.051240293075978584,680,"I should have been suspicious when your Match.com nickname was ""Giant Lobster Claws"""
76,1833,6,24,100,130,1.2769230769230768,0.04762127551191367,680,"NO!!  I don't care,
I don't want us to help each other in the restroom"
3690,1841,8,26,118,152,1.2763157894736843,0.04495977096993022,680,Another successful dinner with the in-claws...
4468,1842,5,22,89,116,1.2758620689655173,0.049866699215382615,680,Do NOT make me take out the rubber bands again!!
5853,1843,6,23,98,127,1.2755905511811023,0.04831515160958265,680,There’s nothing in your Tinder profile about been a CRISPR afionado
1475,1844,10,16,105,131,1.2748091603053435,0.05203259639900345,680,Just wait 'til I get a piranha mouth.
6007,1845,4,26,94,124,1.2741935483870968,0.046287153869638685,680,You should have told me that your mother is a lobster.
3731,1846,3,29,96,128,1.2734375,0.04397068042410376,680,If you didn't want to see the palm reader you should have just said so!
6031,1846,6,23,99,128,1.2734375,0.047984531102717234,680,"I thought I had finally cracked you, Lou, but wow, you're a lot of work."
5478,1846,7,21,100,128,1.2734375,0.04924983980898445,680,Can we stop at Walgreen’s? I need some rubber bands.
4293,1846,7,21,100,128,1.2734375,0.04924983980898445,680,I said I have a thing for MOBsters
4158,1846,7,21,100,128,1.2734375,0.04924983980898445,680,"You know, you can just say that you don't like going to the sign language class with me."
3908,1846,8,19,101,128,1.2734375,0.05048344498222781,680,"So, you're a witch who doesn't like men who get ""handsy"" on first dates.  Noted!"
968,1846,8,19,101,128,1.2734375,0.05048344498222781,680,"I am NOT crabby. 
You Are!!!"
144,1846,8,19,101,128,1.2734375,0.05048344498222781,680,You could have told me you didn’t want to go to Red Lobster and spared me your tirade.
501,1846,8,19,101,128,1.2734375,0.05048344498222781,680,"Your online profile said ""suffers from clammy hands"" but this is a little too much for me."
2923,1855,4,16,68,88,1.2727272727272727,0.05766093902328693,680,"For dinner, I wanted lobster for dinner."
5260,1855,3,27,91,121,1.2727272727272727,0.045454545454545456,680,"""Sorry...I just don't see us mating for life."
4453,1857,6,28,113,147,1.272108843537415,0.04376918552853482,680,I suppose you want me to come and go talking of Michelangelo.
3917,1858,4,26,95,125,1.272,0.04596773061686336,680,"No Bermudas in months with an R, what on earth...?"
4135,1858,4,26,95,125,1.272,0.04596773061686336,680,"You asked me to draw you a hot bath. So what if it was over an open flame."""
4222,1858,7,20,98,125,1.272,0.050001290305931756,680,"I've been catfished, but never crawfished."
4387,1858,11,12,102,125,1.272,0.05492047035956748,680,You deserve crabs! That's what you get for cheating!
3473,1858,6,22,97,125,1.272,0.04869390900506499,680,"Cold hands, warm heart."
3482,1858,7,20,98,125,1.272,0.050001290305931756,680,You can take the man out of Maine but...
3363,1858,5,24,96,125,1.272,0.04735044367404632,680,There is no need to snap at me!
3416,1858,5,24,96,125,1.272,0.04735044367404632,680,"If you touch my hair again, you’ll be in hot water."
4398,1858,3,28,94,125,1.272,0.04454211490264018,680,No! Not if you’re going to keep snapping at me like that.”
3772,1858,6,22,97,125,1.272,0.04869390900506499,680,"I guess we won’t be holding hands any time soon,"
4401,1858,3,28,94,125,1.272,0.04454211490264018,680,"I mean, we GOT our flu shots. Why won't she let us hold the new baby?"
5896,1858,4,26,95,125,1.272,0.04596773061686336,680,You’re gonna be in hot water when we get home.
4475,1858,6,22,97,125,1.272,0.04869390900506499,680,I can't believe you didn't speak to me before you had it done.
4558,1858,8,18,99,125,1.272,0.05127534778353611,680,A first-class restaurant would have put your takeaway leftovers in a bag.
4813,1858,6,22,97,125,1.272,0.04869390900506499,680,"If I have to say it again, our divorce will be at ‘Market Price’."
4963,1858,9,16,100,125,1.272,0.052518506722745814,680,I'm sorry. Jewish parents like mine just have old-fashioned ideas about potential husband material.
4993,1858,10,14,101,125,1.272,0.053732911762267396,680,"You can't claw your way out of this, Jeff!"
5008,1858,7,20,98,125,1.272,0.050001290305931756,680,"Remember me telling you, 'you are what you eat'?"
5138,1858,4,26,95,125,1.272,0.04596773061686336,680,You should have told me you were related before I ordered.
5383,1858,4,26,95,125,1.272,0.04596773061686336,680,"If you're going to claw your way up, you might want to re-think the shorts."
5854,1858,5,24,96,125,1.272,0.04735044367404632,680,We’re together and you should wear your bands
3176,1858,6,22,97,125,1.272,0.04869390900506499,680,That was the first and last time we go to second base.
5938,1858,6,22,97,125,1.272,0.04869390900506499,680,Not from Maine? Boston perhaps?
4433,1858,5,24,96,125,1.272,0.04735044367404632,680,Just another excuse to avoid chores
3170,1858,7,20,98,125,1.272,0.050001290305931756,680,Mother didn't think it was funny either!
5991,1858,5,24,96,125,1.272,0.04735044367404632,680,I’m just afraid you’re going to get attached.
2598,1858,5,24,96,125,1.272,0.04735044367404632,680,You don't think that's an over-reaction to #MeToo?
2682,1858,8,18,99,125,1.272,0.05127534778353611,680,"Any new strategies for ""clawing your way to the top""?"
31,1858,4,26,95,125,1.272,0.04596773061686336,680,And you still can't grab a cab!
530,1858,3,28,94,125,1.272,0.04454211490264018,680,You are not allowed in a thrift store alone anymore.
687,1858,6,22,97,125,1.272,0.04869390900506499,680,I thought you were kidding when you said our pre-nup had a lobster clause.
710,1858,4,26,95,125,1.272,0.04596773061686336,680,I thought your NAME was Claude.
763,1858,5,24,96,125,1.272,0.04735044367404632,680,"If I have told you once, I have told you a thousand times to keep your claws off me, or there will be consequences."
876,1858,4,26,95,125,1.272,0.04596773061686336,680,I hate it when you get so crabby.
1284,1858,4,26,95,125,1.272,0.04596773061686336,680,This wouldn’t happen if you kept your hands to yourself.
1636,1858,3,28,94,125,1.272,0.04454211490264018,680,Don't shake anybody's hand- our insurance won't cover it.
1050,1858,6,22,97,125,1.272,0.04869390900506499,680,"Sorry, but scuttling across the floors of silent seas is not my idea of a hot first date."
1705,1858,4,26,95,125,1.272,0.04596773061686336,680,Not only too expensive but they're starting to smell bad.
2570,1858,8,18,99,125,1.272,0.05127534778353611,680,And keep your claws off me!
2529,1858,3,28,94,125,1.272,0.04454211490264018,680,Butter fingers is not a compliment.
1640,1858,5,24,96,125,1.272,0.04735044367404632,680,Quit trying to butter me up.
2313,1858,9,16,100,125,1.272,0.052518506722745814,680,"My last boyfriend has Russian hands and the previous Roman fingers but you
win out as a bottom feeder."
2138,1858,8,18,99,125,1.272,0.05127534778353611,680,Will you put those things away!
2362,1858,4,26,95,125,1.272,0.04596773061686336,680,I told you to use hand lotion.
1721,1858,5,24,96,125,1.272,0.04735044367404632,680,Embarrass me again and you are in hot water!
1710,1858,7,20,98,125,1.272,0.050001290305931756,680,"Whatever you read on the Internet, I can assure you that walking around with huge lobster claws on your hands will not raise your IQ."
1885,1858,5,24,96,125,1.272,0.04735044367404632,680,"OK, but no more foreplay"
231,1905,4,27,98,129,1.2713178294573644,0.04504511356267232,680,All I'm saying is that you've been crabby lately.
3885,1906,6,21,95,122,1.2704918032786885,0.04943370578426822,680,Did you have to be that snappy to the waiter?
5270,1906,5,23,94,122,1.2704918032786885,0.048043816154440755,680,"So you're Claude, eh? I should have known.."
3313,1906,5,23,94,122,1.2704918032786885,0.048043816154440755,680,"Never, repeat, never pat me on the bottom again!"
2961,1906,7,19,96,122,1.2704918032786885,0.050785571419936636,680,"Well, you do have a nice thorax."
2953,1906,4,25,93,122,1.2704918032786885,0.04661250126090437,680,"Oh, get a grip, Frank."
2735,1906,4,25,93,122,1.2704918032786885,0.04661250126090437,680,Stop lying. I caught you red-handed.
1999,1906,5,23,94,122,1.2704918032786885,0.048043816154440755,680,My favorite movie? Edward Scissorhands!
1791,1906,4,25,93,122,1.2704918032786885,0.04661250126090437,680,"I thought once I cut the rubber bands off, we could at least try holding hands."
521,1906,5,23,94,122,1.2704918032786885,0.048043816154440755,680,"We can't go on like this, Carl.  I keep kosher."
5865,1915,4,26,96,126,1.2698412698412698,0.04565251558666045,680,You have the right to bear arms.  You do not have the right to lobster arms.
5863,1915,5,24,97,126,1.2698412698412698,0.047022721171518796,680,And another thing: why do I always have to carry your wallet. I'm not your mother.
4668,1915,5,24,97,126,1.2698412698412698,0.047022721171518796,680,It's nothing that a little butter couldn't fix.
3795,1915,3,28,95,126,1.2698412698412698,0.04423989209306628,680,"I know you're uncomfortable at seafood restaurants, but sometimes I just have to have some."
3376,1915,7,20,99,126,1.2698412698412698,0.049649819338469466,680,I asked you to call a cab...
3217,1915,6,22,98,126,1.2698412698412698,0.04835411495786609,680,I had way more fun dating that fly with the human head and arms.
1121,1915,7,20,99,126,1.2698412698412698,0.049649819338469466,680,Good luck hailing a cab.
438,1915,5,24,97,126,1.2698412698412698,0.047022721171518796,680,I told you I preferred clammy hands.
4515,1915,9,16,101,126,1.2698412698412698,0.05214472949695789,680,"Your father runs a lobster boat, what does your mother do?"
41,1915,4,26,96,126,1.2698412698412698,0.04565251558666045,680,There's no need to get snippy!
60,1915,7,20,99,126,1.2698412698412698,0.049649819338469466,680,"I'll ""do in a pinch""?  That really hurts!"
4246,1926,4,16,69,89,1.2696629213483146,0.05709167972413532,680,I said I’m sorry. Just please stop saying you’re boiling mad!
3380,1927,6,20,93,119,1.26890756302521,0.05020606872186163,680,It's not my fault the text autocorrected Lakers to Lobsters!
3449,1927,4,24,91,119,1.26890756302521,0.04728413719113198,680,A toilet seat?  I don't believe you!
3580,1927,6,20,93,119,1.26890756302521,0.05020606872186163,680,"Ok, like you never do any frivolous shopping"
3634,1927,6,20,93,119,1.26890756302521,0.05020606872186163,680,"My colleague will recover but the next time I introduce you to someone, first put on your rubber bands."
4839,1927,7,18,94,119,1.26890756302521,0.05160503066370123,680,You KNOW how crabby it makes me when you pinch women on the subway!
5011,1927,6,20,93,119,1.26890756302521,0.05020606872186163,680,"I just wish we could eat somewhere that serves more than starfish, sea urchins, and marine worms"
5055,1927,3,26,90,119,1.26890756302521,0.04575324880937461,680,"How many times do I have to say it, the drawn butter was for my toast."
5151,1927,4,24,91,119,1.26890756302521,0.04728413719113198,680,Only you would interpret this as clawing your way to the top
5370,1927,7,18,94,119,1.26890756302521,0.05160503066370123,680,"Great, we'll never have lunch with Poseidon again."
5574,1927,6,20,93,119,1.26890756302521,0.05020606872186163,680,I know why I'm crabby.  What's your excuse?
5706,1927,5,22,92,119,1.26890756302521,0.04876699173833713,680,This is the last year you're entering The Dumbest Mittens Contest.
2903,1927,5,22,92,119,1.26890756302521,0.04876699173833713,680,People make assumptions when they see a man with big crab hands.
5808,1927,3,26,90,119,1.26890756302521,0.04575324880937461,680,You'll do anything to get out of paying the check!
5857,1927,7,18,94,119,1.26890756302521,0.05160503066370123,680,"Get a grip pal, your casual butt pinching days are over with those new gloves I got you."
5879,1927,8,16,95,119,1.26890756302521,0.05296705620570955,680,"No, you can lie about your age and weight online, not about having claws for hands."
5137,1927,5,22,92,119,1.26890756302521,0.04876699173833713,680,"Stop saying ""Don't bite the hand that feeds you."""
2444,1927,3,26,90,119,1.26890756302521,0.04575324880937461,680,I'm sorry. I just don't trust you without the rubber bands.
4995,1927,5,22,92,119,1.26890756302521,0.04876699173833713,680,"I am sure you said: Dress For Dinner, not Dress AS Dinner."
1923,1927,5,22,92,119,1.26890756302521,0.04876699173833713,680,And I thought your Hulk hands were bad!
1954,1927,4,24,91,119,1.26890756302521,0.04728413719113198,680,You sure you don’t need a hand?
1745,1927,3,26,90,119,1.26890756302521,0.04575324880937461,680,Of course I'm upset! You never help with the dishes!
1537,1927,5,22,92,119,1.26890756302521,0.04876699173833713,680,How do you expect to claw your way to the top wearing shorts in October?
1521,1927,2,28,89,119,1.26890756302521,0.04416933238475864,680,I hate the fact that you now always have to wear loafers.
1353,1927,3,26,90,119,1.26890756302521,0.04575324880937461,680,I had something else in mind when I read in your dating profile that you clawed your way to the top.
1277,1927,3,26,90,119,1.26890756302521,0.04575324880937461,680,"We're in quite a pinch, aren't we?"
1217,1927,4,24,91,119,1.26890756302521,0.04728413719113198,680,No need to get all snappy
1177,1927,4,24,91,119,1.26890756302521,0.04728413719113198,680,"I know you think you can claw your way to the top, but this is ridiculous."
1074,1927,6,20,93,119,1.26890756302521,0.05020606872186163,680,And another thing. No more sex.
1033,1927,4,24,91,119,1.26890756302521,0.04728413719113198,680,"I’m frustrated, too. They said they had an iPhone for everybody."
454,1927,7,18,94,119,1.26890756302521,0.05160503066370123,680,"I did say that I love lobster, but this changes nothing for us."
3805,1957,7,19,97,123,1.2682926829268293,0.05041897065444284,680,"So, this is what you meant when you said you had hot hands."
2908,1957,5,23,95,123,1.2682926829268293,0.04770233284865596,680,I had the strangest dream last night. Your feet were duck feet.
1393,1957,5,23,95,123,1.2682926829268293,0.04770233284865596,680,"It wasn't your claws that kept us from getting a table, but that you thought jean shorts were proper dress for a 5-star restaurant."
246,1957,8,17,98,123,1.2682926829268293,0.05172381098854155,680,Pinch me one more time and I swear I'll turn those red claws blue.
3020,1957,5,23,95,123,1.2682926829268293,0.04770233284865596,680,"4th of July,Portland,Maine"
1851,1962,6,22,99,127,1.2677165354330708,0.04801889352575499,680,Draw me like one of your French girls? You can't even draw butter.
3404,1962,7,20,100,127,1.2677165354330708,0.049303128829625766,680,How many times do I have to say it? I am a capable independent woman who can crack open her own mussels at dinner.
1512,1964,5,25,101,131,1.2671755725190839,0.04575256729499358,680,Please don’t try anything on our first date.
4261,1965,6,20,94,120,1.2666666666666666,0.049836333439760135,680,"Yeah, but Ross wasn't ACTUALLY a lobster."
4243,1965,3,26,91,120,1.2666666666666666,0.0454256762579498,680,"When you said you were a Lobster fisherman, I wasn’t expecting this."
4195,1965,7,18,95,120,1.2666666666666666,0.05122222323491941,680,We’ve been through this! You can pick your nose! You can pick your girlfriend! But you CANNOT PICK YOUR GIRLFRIEND’’S NOSE!!
4034,1965,4,24,92,120,1.2666666666666666,0.04694196508350526,680,"Yeah, you know what else goes well with lobster? A nice hot bath, followed by a glass of chardonnay!"
4016,1965,3,26,91,120,1.2666666666666666,0.0454256762579498,680,This is probably a good time to put things on ice.
4007,1965,5,22,93,120,1.2666666666666666,0.04841078504124872,680,....but did you have to sit in the tank All diner..?
3064,1965,5,22,93,120,1.2666666666666666,0.04841078504124872,680,I can’t love a man whose touch is so shellfish!
3992,1965,4,24,92,120,1.2666666666666666,0.04694196508350526,680,"First it was global warning protests, now it's transmutation of DNA from animals into humans.  What's next, membership in EarthMom.org?  Just can keep your claws to yourself tonight buster."
3941,1965,6,20,94,120,1.2666666666666666,0.049836333439760135,680,I just knew that sex therapist was going to lead us astray!
3929,1965,5,22,93,120,1.2666666666666666,0.04841078504124872,680,"God, I can't believe you snapped at the waiter again. If you can't control your attitude, we're not doing brunch anymore"
3892,1965,7,18,95,120,1.2666666666666666,0.05122222323491941,680,I said I love Santa Claus not lobster claws
3745,1965,7,18,95,120,1.2666666666666666,0.05122222323491941,680,I told you male enhancement using CRISPR was a bad idea!
3712,1965,4,24,92,120,1.2666666666666666,0.04694196508350526,680,Stop being so snippy
3652,1965,6,20,94,120,1.2666666666666666,0.049836333439760135,680,"No, it doesn't sort of give you permission to say to a complete stranger, ""Hey, your tail looks delicious""."
3307,1965,6,20,94,120,1.2666666666666666,0.049836333439760135,680,If you realized the waiter was a genie I suppose you wouldn't have ordered the lobster claws.
3604,1965,3,26,91,120,1.2666666666666666,0.0454256762579498,680,"Look, your profile said arthropod.  I thought that meant you have arthritis."
3550,1965,4,24,92,120,1.2666666666666666,0.04694196508350526,680,I told you to use sunscreen.
3411,1965,6,20,94,120,1.2666666666666666,0.049836333439760135,680,Why doesn't anyone take my shellfish allergy seriously?
3409,1965,4,24,92,120,1.2666666666666666,0.04694196508350526,680,Fine. You made your point. But did you need to wear them during the salad course too?
3067,1965,4,24,92,120,1.2666666666666666,0.04694196508350526,680,"I don't want to sound insensitive, but you think you might have included this in your Tinder profile?!"""
4431,1965,4,24,92,120,1.2666666666666666,0.04694196508350526,680,I still don't see why you had to have it done on both hands.
3150,1965,5,22,93,120,1.2666666666666666,0.04841078504124872,680,"I don't care if they were serving lobster, I wanted to eat there."
3386,1965,6,20,94,120,1.2666666666666666,0.049836333439760135,680,I am NOT in a crabby mood!
3222,1965,5,22,93,120,1.2666666666666666,0.04841078504124872,680,"I don't know, Jim...why do you THINK I'm feeling crabby?"
3296,1965,5,22,93,120,1.2666666666666666,0.04841078504124872,680,You used to hate parties before you came out of your shell.
3362,1965,3,26,91,120,1.2666666666666666,0.0454256762579498,680,Who are they calling bottom feeders?
3325,1965,7,18,95,120,1.2666666666666666,0.05122222323491941,680,I misunderstood your profile when you said you’ve had to claw yourself to the top.
3693,1965,2,28,90,120,1.2666666666666666,0.0438569953494662,680,"Hell, it wasn't a problem with the cat."
4503,1965,7,18,95,120,1.2666666666666666,0.05122222323491941,680,"I told you, I don't like it when you get handsy."
4966,1965,5,22,93,120,1.2666666666666666,0.04841078504124872,680,I didn’t appreciate the gossip at the party that I have crabs.
4564,1965,5,22,93,120,1.2666666666666666,0.04841078504124872,680,"Well, if couples therapy doesn't work, how about a manicure."
5869,1965,5,22,93,120,1.2666666666666666,0.04841078504124872,680,You can be so shellfish sometimes.
5831,1965,4,24,92,120,1.2666666666666666,0.04694196508350526,680,Okay I get it. No holding hands in public.
2872,1965,6,20,94,120,1.2666666666666666,0.049836333439760135,680,"I told you Stanley, sometimes it can be worse than just hairy palms . . ."
5922,1965,5,22,93,120,1.2666666666666666,0.04841078504124872,680,"Yeah, pretty sure the patent's in the bag, David. I'd be more concerned about not having a single sale in over two years on pincerpowerbadass.com."
5948,1965,4,24,92,120,1.2666666666666666,0.04694196508350526,680,Oh please. I'm not the one who's crabby.
5957,1965,6,20,94,120,1.2666666666666666,0.049836333439760135,680,Would it have killed you to get a doggie bag?
6117,1965,5,22,93,120,1.2666666666666666,0.04841078504124872,680,"This makes no sense at all , Larry."
6134,1965,10,12,98,120,1.2666666666666666,0.05517140763434271,680,"Unlike my brother Edward, I can pass airline security check"
5743,1965,5,22,93,120,1.2666666666666666,0.04841078504124872,680,"Oh, I'M a little crabby?"
5682,1965,5,22,93,120,1.2666666666666666,0.04841078504124872,680,"I refuse to wear the tail, at least not in public."
5621,1965,4,24,92,120,1.2666666666666666,0.04694196508350526,680,You accuse me of being crabby?
5592,1965,2,28,90,120,1.2666666666666666,0.0438569953494662,680,"Pinch, pinch, pinch-- all you do is pinch."
5586,1965,4,24,92,120,1.2666666666666666,0.04694196508350526,680,I thought you meant you were in a bad mood.
4513,1965,5,22,93,120,1.2666666666666666,0.04841078504124872,680,Next time just wear the stupid apron!
5581,1965,5,22,93,120,1.2666666666666666,0.04841078504124872,680,Do you really think this will help you claw your way to the top?
5319,1965,3,26,91,120,1.2666666666666666,0.0454256762579498,680,I sure hope that claw back provision in or contract is revocable.
5166,1965,5,22,93,120,1.2666666666666666,0.04841078504124872,680,I suppose it IS better than going blind.
5145,1965,5,22,93,120,1.2666666666666666,0.04841078504124872,680,You're always getting caught red-handed.
5066,1965,4,24,92,120,1.2666666666666666,0.04694196508350526,680,"No, it has nothing to do with the Me Too movement...your pinching at work just has to stop."
5050,1965,2,28,90,120,1.2666666666666666,0.0438569953494662,680,"You can't just claw your way out of everything, Jeff!"
5041,1965,3,26,91,120,1.2666666666666666,0.0454256762579498,680,This wasn't the reaction I was expecting when I told you to keep your hands off other women.
4793,1965,5,22,93,120,1.2666666666666666,0.04841078504124872,680,"Listen Alan, if you feel like a wus, I don’t care anymore...buy some hand lotion."
4773,1965,7,18,95,120,1.2666666666666666,0.05122222323491941,680,"Just can’t keep your hands to yourself, can you?"
4768,1965,5,22,93,120,1.2666666666666666,0.04841078504124872,680,So now there’s a ‘lobster fight club’?!
4746,1965,5,22,93,120,1.2666666666666666,0.04841078504124872,680,The claws are the sweetest part.
4731,1965,6,20,94,120,1.2666666666666666,0.049836333439760135,680,I distinctly remember telling you my mother was allergic to shell fish.
4580,1965,4,24,92,120,1.2666666666666666,0.04694196508350526,680,"If you're going to be crabby, I'm going home."
4567,1965,5,22,93,120,1.2666666666666666,0.04841078504124872,680,When you said role playing I thought you meant in the bed not at lunch...
5527,1965,6,20,94,120,1.2666666666666666,0.049836333439760135,680,The last time you wore those out it got us both in hot water.
2785,1965,4,24,92,120,1.2666666666666666,0.04694196508350526,680,We should probably watch Edward Scissorhands
5967,1965,5,22,93,120,1.2666666666666666,0.04841078504124872,680,Did you just crab my ass?
2683,1965,7,18,95,120,1.2666666666666666,0.05122222323491941,680,"Once again, caught red-handed."
1209,1965,4,24,92,120,1.2666666666666666,0.04694196508350526,680,I told you to delete the lobster clause.
1153,1965,7,18,95,120,1.2666666666666666,0.05122222323491941,680,I don’t care what you’ve read on the internet.  Antibiotics will work.
1081,1965,4,24,92,120,1.2666666666666666,0.04694196508350526,680,Don’t you think those lab experiments has gone a little too far..?
915,1965,6,20,94,120,1.2666666666666666,0.049836333439760135,680,It's bad enough you slept with her but did you have to catch the crabs?
885,1965,4,24,92,120,1.2666666666666666,0.04694196508350526,680,You didn't know it was a kosher restaurant?
834,1965,8,16,96,120,1.2666666666666666,0.05257159095497189,680,Men o Claws
824,1965,5,22,93,120,1.2666666666666666,0.04841078504124872,680,"I know he was my ex, but did you have to shake his hand like that?"
781,1965,4,24,92,120,1.2666666666666666,0.04694196508350526,680,It's already bad enough that you wore shorts...
767,1965,4,24,92,120,1.2666666666666666,0.04694196508350526,680,You don't always have to claw your way to the top.
648,1965,6,20,94,120,1.2666666666666666,0.049836333439760135,680,I thought you said you were going for a manicure.
630,1965,4,24,92,120,1.2666666666666666,0.04694196508350526,680,You don't have to be so snappy.
1235,1965,4,24,92,120,1.2666666666666666,0.04694196508350526,680,One more pinch and I’m getting out the rubber bands.
578,1965,6,20,94,120,1.2666666666666666,0.049836333439760135,680,Maybe you should go back to Maine.
520,1965,5,22,93,120,1.2666666666666666,0.04841078504124872,680,The only thing all men seem to have in common is the audacity.
457,1965,4,24,92,120,1.2666666666666666,0.04694196508350526,680,"Please stop saying you'll 'Be there in a pinch."""
393,1965,6,20,94,120,1.2666666666666666,0.049836333439760135,680,"Oh, so I'm the crabby one?"
379,1965,6,20,94,120,1.2666666666666666,0.049836333439760135,680,"I told you when you meet my family, not to shake hands!"
342,1965,7,18,95,120,1.2666666666666666,0.05122222323491941,680,That's the last time we watch a Johnny Depp movie before dinner.
291,1965,4,24,92,120,1.2666666666666666,0.04694196508350526,680,Edward Scissorshand You're Not
200,1965,5,22,93,120,1.2666666666666666,0.04841078504124872,680,I draw the line with the melted butter!
165,1965,5,22,93,120,1.2666666666666666,0.04841078504124872,680,And then you overreacted when I simply recommended a hot bath.
101,1965,4,24,92,120,1.2666666666666666,0.04694196508350526,680,"No, I'm NOT getting the sexy lobster bib."
5,1965,8,16,96,120,1.2666666666666666,0.05257159095497189,680,"When you phoned me and said you’d acquired superhero powers, at first I was excited."
4,1965,6,20,94,120,1.2666666666666666,0.049836333439760135,680,This is why I can't date East Coast men.
557,1965,7,18,95,120,1.2666666666666666,0.05122222323491941,680,They stay until you learn to keep your hands to yourself.
1363,1965,8,16,96,120,1.2666666666666666,0.05257159095497189,680,and you think I'M crabby.
166,1965,5,22,93,120,1.2666666666666666,0.04841078504124872,680,"Clause, Henry. Prenuptial clause."
1480,1965,5,22,93,120,1.2666666666666666,0.04841078504124872,680,You would have had him if it wasn't for that thing he did with his tail.
2507,1965,5,22,93,120,1.2666666666666666,0.04841078504124872,680,I told you not to eat the Chernobyl lobster just because it was cheap.
2679,1965,5,22,93,120,1.2666666666666666,0.04841078504124872,680,I suspect you’re going to want me to give you a butter bath when we get home!
2497,1965,7,18,95,120,1.2666666666666666,0.05122222323491941,680,No!  You can't add the tail.
1417,1965,6,20,94,120,1.2666666666666666,0.049836333439760135,680,I THOUGHT WE AGREED TO LEAVE THE EPISODE IN BAR HARBOR BEHIND US!
2491,1965,3,26,91,120,1.2666666666666666,0.0454256762579498,680,Why didn't you tell me you're allergic to shellfish?
2459,1965,4,24,92,120,1.2666666666666666,0.04694196508350526,680,You were right again. They caught me red-handed.
2283,1965,4,24,92,120,1.2666666666666666,0.04694196508350526,680,How was I supposed to know she had a shellfish allergy?
2248,1965,4,24,92,120,1.2666666666666666,0.04694196508350526,680,"I’m not against public displays of affection, Marion - I’d just feel awful if something went wrong."
2169,1965,6,20,94,120,1.2666666666666666,0.049836333439760135,680,"Well no, it's not exactly a super power."
2153,1965,5,22,93,120,1.2666666666666666,0.04841078504124872,680,I told you Alexa was listening.
2142,1965,3,26,91,120,1.2666666666666666,0.0454256762579498,680,I liked you better when you weren't so crabby.
2133,1965,8,16,96,120,1.2666666666666666,0.05257159095497189,680,It seems like you just can't take a crack anymore.
2096,1965,5,22,93,120,1.2666666666666666,0.04841078504124872,680,I hope that teaches you to keep your claws off other women.
2081,1965,5,22,93,120,1.2666666666666666,0.04841078504124872,680,My mom caught me jerking off!
2074,1965,7,18,95,120,1.2666666666666666,0.05122222323491941,680,You should have no problem clawing your way to the top.
1905,1965,5,22,93,120,1.2666666666666666,0.04841078504124872,680,I suppose this means that we will not be able to visit any friends who have a fish tank.
1853,1965,3,26,91,120,1.2666666666666666,0.0454256762579498,680,"I thought you said you ""loved"" lobster, not that you're ""part"" lobster."
1761,1965,7,18,95,120,1.2666666666666666,0.05122222323491941,680,I know you're mad. I'm sorry I was snappy.
1669,1965,5,22,93,120,1.2666666666666666,0.04841078504124872,680,"Honestly John, just because you won the Silent Auction last week, does not mean you should wear your new gloves everywhere."
1577,1965,5,22,93,120,1.2666666666666666,0.04841078504124872,680,YOU are the one who's crabby.
1503,1965,4,24,92,120,1.2666666666666666,0.04694196508350526,680,Choosing to wear crab claws shouldn't grant you a disability parking permit.
1488,1965,2,28,90,120,1.2666666666666666,0.0438569953494662,680,You always crack under pressure!
2565,1965,2,28,90,120,1.2666666666666666,0.0438569953494662,680,I didn't break you out of SeaWorld just to hear you complain about the integrity of my Bouillabaisse.
2582,1965,6,20,94,120,1.2666666666666666,0.049836333439760135,680,You’re always so crabby.
3219,2080,8,17,99,124,1.2661290322580645,0.051350590635686706,680,"If you ever call me Melania again, we'll see who has the sharper claws."
1517,2080,5,23,96,124,1.2661290322580645,0.047365516232269395,680,You didn't have to steal them.  They were part of the meal.
316,2082,6,22,100,128,1.265625,0.04768815691594056,680,You hand models are something else.
4166,2083,3,24,86,113,1.2654867256637168,0.04706576604042045,680,I don't do shellfish.
1986,2083,3,24,86,113,1.2654867256637168,0.04706576604042045,680,Quit asking me what I'd do in a pinch!
5438,2085,6,20,95,121,1.2644628099173554,0.04947185949330019,680,"If you don't want to do the dishes, just say so."
4048,2085,7,18,96,121,1.2644628099173554,0.05084492038106454,680,"I’m not saying you have to use your new powers for good, but if a radioactive lobster bit me, I might do thing differently."
2063,2087,7,19,99,125,1.264,0.049701041723359256,680,You don't ever want to pinch my hand anymore.
1561,2087,5,23,97,125,1.264,0.04703327579765272,680,I do love you. It's just that you're always clawing at me.
1807,2087,4,25,96,125,1.264,0.04564095500965716,680,Why didn't you just text me?
2170,2087,7,19,99,125,1.264,0.049701041723359256,680,"Had I known this is what you meant by ""trans,"" I never would have messaged you on Tinder."
2309,2087,8,17,100,125,1.264,0.050982602978384826,680,It's time you got your OWN nail polish!
3746,2087,6,21,98,125,1.264,0.0483855483623218,680,Foreplay? I don't think so...
4046,2087,3,27,95,125,1.264,0.04420480195780808,680,I use speech to text.
4162,2087,4,25,96,125,1.264,0.04564095500965716,680,Didn't I tell you to keep your claws to yourself.
4547,2087,6,21,98,125,1.264,0.0483855483623218,680,I can't see how you're comfortable going out to dinner in shorts.
5147,2087,7,19,99,125,1.264,0.049701041723359256,680,Well at least they got the color right!
5355,2087,5,23,97,125,1.264,0.04703327579765272,680,Unique doesn't cut it when you can't tie your own shoes.
1366,2087,9,15,101,125,1.264,0.05223272982064148,680,Colin Farrell you are not.
1341,2087,6,21,98,125,1.264,0.0483855483623218,680,"What does she have that I don't, besides the claws?"
877,2087,6,21,98,125,1.264,0.0483855483623218,680,You could just say you don't like to shake hands.
1079,2087,8,17,100,125,1.264,0.050982602978384826,680,"Stop saying you don't have a phone, that's ridiculous."
5563,2087,6,21,98,125,1.264,0.0483855483623218,680,Maybe after you moult...
5520,2087,6,21,98,125,1.264,0.0483855483623218,680,That's not what I meant when I said I hope our neighbor gets pinched for stealing our newspapers.
1095,2087,8,17,100,125,1.264,0.050982602978384826,680,"Maybe you're OK with the side effect from your virility prescription, but you can be sure there won't be any more foreplay."
880,2105,7,21,105,133,1.263157894736842,0.047607054407015306,680,Damn it Glen!  I told you to lay off the breast stuff!
3492,2106,7,17,94,118,1.2627118644067796,0.051667775712108836,680,At least you don’t have clammy hands.
3472,2106,5,21,92,118,1.2627118644067796,0.04878350073281292,680,It’s a strange way to tell me that you can’t use your credit card this weekend for my shopping!
3735,2106,7,17,94,118,1.2627118644067796,0.051667775712108836,680,I would have preferred the tail.
3456,2106,6,19,93,118,1.2627118644067796,0.0502463381291868,680,what  do you mean we are meeting your family at Red Lobster?
3221,2106,4,23,91,118,1.2627118644067796,0.04727542059150977,680,"Well, I use sunblock, and my hands aren't red."
2913,2106,4,23,91,118,1.2627118644067796,0.04727542059150977,680,Well that was an interesting massage.
2874,2106,3,25,90,118,1.2627118644067796,0.04571762067802669,680,"Goosing women is still wrong if you use those, buddy."
2772,2106,4,23,91,118,1.2627118644067796,0.04727542059150977,680,It just seems a bit shellfish to me.
2633,2106,6,19,93,118,1.2627118644067796,0.0502463381291868,680,One issue is that I love to hold hands.
3762,2106,7,17,94,118,1.2627118644067796,0.051667775712108836,680,I don’t think I’m being unreasonable because I refuse to wear the bib in bed.
5793,2106,4,23,91,118,1.2627118644067796,0.04727542059150977,680,"You need to put the rubber bands back on. That guy you shook hands with might sue."""
3951,2106,7,17,94,118,1.2627118644067796,0.051667775712108836,680,How's the moiel business?
2427,2106,6,19,93,118,1.2627118644067796,0.0502463381291868,680,"yep.  I have a ""sweeet"" tail too"
4173,2106,1,29,88,118,1.2627118644067796,0.04243078760960617,680,"It’s just that every time we see Janet and Ted, the claws come out."
6082,2106,8,15,95,118,1.2627118644067796,0.05305114135135074,680,"Yes, my friends in New England adore you, and you never seem to age. But I just can’t get past the fact that you’re a heartless crustacean.”"
6033,2106,4,23,91,118,1.2627118644067796,0.04727542059150977,680,I'm sick and tired of catching you red-handed.
4560,2106,7,17,94,118,1.2627118644067796,0.051667775712108836,680,"Couldn't you have, at least, worn trousers for our special occasion?"
4986,2106,7,17,94,118,1.2627118644067796,0.051667775712108836,680,"I can’t believe you even said, ‘There’s no way that’s contagious.’”"
5034,2106,5,21,92,118,1.2627118644067796,0.04878350073281292,680,Don't think you can claw your way back into my heart.
5395,2106,7,17,94,118,1.2627118644067796,0.051667775712108836,680,"At least I only  





























""At least I only ACT crabby"""
5540,2106,6,19,93,118,1.2627118644067796,0.0502463381291868,680,"What angers me is the way you handle everything so carelessly"""
3828,2106,9,13,96,118,1.2627118644067796,0.05439933961295127,680,It's not my fault. They're not retractable.
2418,2106,5,21,92,118,1.2627118644067796,0.04878350073281292,680,"Okay, well I didn't see the claws in our prenuptial agreement."
1170,2106,4,23,91,118,1.2627118644067796,0.04727542059150977,680,"Climate control, schlimate control, moving to Maine is not an option."
2064,2106,5,21,92,118,1.2627118644067796,0.04878350073281292,680,"From now on my G-Spot is off limits to you, Bud."
281,2106,5,21,92,118,1.2627118644067796,0.04878350073281292,680,I wouldn't be crabby if you weren't wearing your claws.
328,2106,3,25,90,118,1.2627118644067796,0.04571762067802669,680,I thought you would be a peel-and-eat-shrimp sort of guy.
427,2106,5,21,92,118,1.2627118644067796,0.04878350073281292,680,"Don’t worry, when she turned you into a newt you got better..."
595,2106,5,21,92,118,1.2627118644067796,0.04878350073281292,680,"Ragged claws, scuttling the floors of silent seas,” my ass"
694,2106,2,27,89,118,1.2627118644067796,0.04410483294170516,680,And you didn't even wear a bib.
856,2106,8,15,95,118,1.2627118644067796,0.05305114135135074,680,"I should have been a subordinate clause, scuttling across a silent street."
730,2106,3,25,90,118,1.2627118644067796,0.04571762067802669,680,Told you we should have used “protection.”
1734,2106,4,23,91,118,1.2627118644067796,0.04727542059150977,680,Did I ever tell you about that time I used to work at a walnut factory?
1838,2106,4,23,91,118,1.2627118644067796,0.04727542059150977,680,"I don't mind the shorts, but couldn't you at least where a button down shirt."
2266,2106,2,27,89,118,1.2627118644067796,0.04410483294170516,680,Drawn butter!  Drawn butter!  Everything with you is drawn butter!
2031,2106,3,25,90,118,1.2627118644067796,0.04571762067802669,680,"See, I told you my mother doesn’t like East Coasters."
903,2106,3,25,90,118,1.2627118644067796,0.04571762067802669,680,"No, your profile said you had “an active imagination”, not “hands of a crustacean.”"
5433,2143,5,22,95,122,1.2622950819672132,0.04771329536090051,680,Look at the bright side
3389,2144,6,21,99,126,1.2619047619047619,0.0480457076404931,680,I wish we had gotten the chicken.
5996,2144,7,19,100,126,1.2619047619047619,0.049349510125834724,680,"Just to be clear, we are never going out for lobster again"
5075,2144,5,23,98,126,1.2619047619047619,0.04670552318186373,680,"Don’t take it personally, some people just don’t like being hugged."
5012,2144,6,21,99,126,1.2619047619047619,0.0480457076404931,680,So does this mean our flute duets are over?
4905,2144,5,23,98,126,1.2619047619047619,0.04670552318186373,680,"Okay, my mother was crabby. You didn't need to grab her like that."
3348,2149,1,28,86,115,1.2608695652173914,0.04294099782182836,680,How many stores do we have to go to before we find mittens you like?
4347,2149,5,20,90,115,1.2608695652173914,0.04953938331389631,680,I'm not willing to give up surf and turf for you.
4341,2149,6,18,91,115,1.2608695652173914,0.05105590857499128,680,I can't believe your left one isn't bigger.
4209,2149,5,20,90,115,1.2608695652173914,0.04953938331389631,680,"All right, you win, sorry I called you crabby"
4153,2149,4,22,89,115,1.2608695652173914,0.04797494343742813,680,"Okay, okay. We should have gone to Maine on vacation. Now let it go."
4131,2149,1,28,86,115,1.2608695652173914,0.04294099782182836,680,I thought I'd finally caught you red handed!
4051,2149,6,18,91,115,1.2608695652173914,0.05105590857499128,680,How many times did I tell you not to go snorkeling in Fukushima?
3093,2149,4,22,89,115,1.2608695652173914,0.04797494343742813,680,"Your. profile said you were a blueboood, but I wasn’t expecting this!"
3985,2149,5,20,90,115,1.2608695652173914,0.04953938331389631,680,"Darling, I told you I was strickly Kosher."
3906,2149,8,14,93,115,1.2608695652173914,0.053961249086833675,680,Ugh! You’re more and more shellfish every day!
3862,2149,4,22,89,115,1.2608695652173914,0.04797494343742813,680,They better be oven-mitts and not mutations.
3846,2149,6,18,91,115,1.2608695652173914,0.05105590857499128,680,"Oh yeah, I'm going to show you a real slow boil."
3814,2149,7,16,92,115,1.2608695652173914,0.0525286693312765,680,I just wish you could have dressed a little better to meet my Mother.
3804,2149,6,18,91,115,1.2608695652173914,0.05105590857499128,680,Do you wear those to bed too?
3768,2149,4,22,89,115,1.2608695652173914,0.04797494343742813,680,I knew there was something fishy about your dating profile
3700,2149,4,22,89,115,1.2608695652173914,0.04797494343742813,680,"You know, you're really starting to come out of your shell"
3614,2149,3,24,88,115,1.2608695652173914,0.04635773825940722,680,I will say this: your Tinder photo was artfully cropped.
3527,2149,5,20,90,115,1.2608695652173914,0.04953938331389631,680,"Actually, Mark, I believe you CAN help pinching the waitress' butt."
3365,2149,3,24,88,115,1.2608695652173914,0.04635773825940722,680,"It's not you, I just prefer tails."
3382,2149,4,22,89,115,1.2608695652173914,0.04797494343742813,680,Didn't I tell you not to shake my father's hand so hard.
3410,2149,4,22,89,115,1.2608695652173914,0.04797494343742813,680,I just wish you told you me about the procedure before I got you those nice leather gloves for your birthday.
3414,2149,3,24,88,115,1.2608695652173914,0.04635773825940722,680,Butterfingers!
3335,2149,7,16,92,115,1.2608695652173914,0.0525286693312765,680,Trying to claw your way back into my heart isn't working.
3324,2149,6,18,91,115,1.2608695652173914,0.05105590857499128,680,Look I was fine with the claws until you took me to meet your family.
3341,2149,4,22,89,115,1.2608695652173914,0.04797494343742813,680,"I wanted to go to Florida, but you had to insist on Maine."
4363,2149,6,18,91,115,1.2608695652173914,0.05105590857499128,680,I said I wanted a prenuptial clause.  You never listen.
3185,2149,2,26,87,115,1.2608695652173914,0.044682038843711996,680,Your profile on Bumble said you had clammy hands.
3140,2149,5,20,90,115,1.2608695652173914,0.04953938331389631,680,"Sorry Fred, I don't think this is going to work.
I'm allergic to Shellfish"
3440,2149,4,22,89,115,1.2608695652173914,0.04797494343742813,680,"Well, who's stopping you from scuttling across the ocean floor?"
3484,2149,3,24,88,115,1.2608695652173914,0.04635773825940722,680,I AM––I am keeping my paws off of you.
3505,2149,5,20,90,115,1.2608695652173914,0.04953938331389631,680,You asked me to differentiate myself
3510,2149,5,20,90,115,1.2608695652173914,0.04953938331389631,680,"I know, I know... you identify as a lobster.  But can you stop pinching me then?"
3195,2149,3,24,88,115,1.2608695652173914,0.04635773825940722,680,I told you not to wear red!
4377,2149,8,14,93,115,1.2608695652173914,0.053961249086833675,680,‘Are you feeling any less crabby?’
4795,2149,5,20,90,115,1.2608695652173914,0.04953938331389631,680,You were paying attention to the pretty one in the lobster tank than you did me.
4439,2149,3,24,88,115,1.2608695652173914,0.04635773825940722,680,"Fine, nothing but a bib, birthday boy."
5630,2149,5,20,90,115,1.2608695652173914,0.04953938331389631,680,"Oh, so I should have just GUESSED that the Red Lobster waitress was also a Gypsy???"
5635,2149,6,18,91,115,1.2608695652173914,0.05105590857499128,680,I guess now you’ll have to wear those clothes forever.
5898,2149,2,26,87,115,1.2608695652173914,0.044682038843711996,680,I don't care if it helps your knees. You need to lay off Chondroitin.
5862,2149,7,16,92,115,1.2608695652173914,0.0525286693312765,680,Do you have to be SO shellfish?
5841,2149,4,22,89,115,1.2608695652173914,0.04797494343742813,680,Very funny. When I said to keep your paws off me I meant it categorically!
5828,2149,5,20,90,115,1.2608695652173914,0.04953938331389631,680,"Not only were you handsy, you drew blood."
5558,2149,4,22,89,115,1.2608695652173914,0.04797494343742813,680,"Look, I just feel there would have been other ways to get out of washing the dishes."
5816,2149,8,14,93,115,1.2608695652173914,0.053961249086833675,680,Why would I marry someone named Larry
5797,2149,5,20,90,115,1.2608695652173914,0.04953938331389631,680,"It's fine, I guess walnuts are just more important than me."
5788,2149,7,16,92,115,1.2608695652173914,0.0525286693312765,680,"I’m sorry I’m an Aries, I don’t get along with people who are Cancer."
5646,2149,2,26,87,115,1.2608695652173914,0.044682038843711996,680,"I have never been so embarrassed, all you had to do was place the ring on my finger."
5675,2149,3,24,88,115,1.2608695652173914,0.04635773825940722,680,"I do love Lobster Thermidor, but I still won't marry you!"
2980,2149,5,20,90,115,1.2608695652173914,0.04953938331389631,680,No! I won't give you a hand job.
5659,2149,5,20,90,115,1.2608695652173914,0.04953938331389631,680,Would you mind if we kept more of an arms length relationship?
5802,2149,4,22,89,115,1.2608695652173914,0.04797494343742813,680,That was my sister. I told you to keep your claws off her.
5379,2149,5,20,90,115,1.2608695652173914,0.04953938331389631,680,"I was prepared for 'middle crisis"" to mean an affair or a corvette, but this?"
5288,2149,5,20,90,115,1.2608695652173914,0.04953938331389631,680,"Yes, he's my boss, but you shouldn't have shaken his hand."
5168,2149,6,18,91,115,1.2608695652173914,0.05105590857499128,680,"You know I have an allergy, and yet you still gave in to your shellfish desires."
4500,2149,4,22,89,115,1.2608695652173914,0.04797494343742813,680,"Yeah, your profile said you are from Maine."
4533,2149,2,26,87,115,1.2608695652173914,0.044682038843711996,680,I just wish you'd let me order lobster once in a while.
4543,2149,2,26,87,115,1.2608695652173914,0.044682038843711996,680,"From now on, if anyone calls them claws instead of pincers, just suck it up."
4587,2149,6,18,91,115,1.2608695652173914,0.05105590857499128,680,You had one wish and you had to be a Flamenco artist?
4626,2149,8,14,93,115,1.2608695652173914,0.053961249086833675,680,"Don't think you can just claw your way to the top, mister."
4660,2149,5,20,90,115,1.2608695652173914,0.04953938331389631,680,You always turn into a crab when I take you shopping.
4791,2149,3,24,88,115,1.2608695652173914,0.04635773825940722,680,"I guess I understand, but I still think it's rude that you don't open doors for me."
4853,2149,2,26,87,115,1.2608695652173914,0.044682038843711996,680,How come they never have claws in my size?
4937,2149,6,18,91,115,1.2608695652173914,0.05105590857499128,680,"You couldn't be happy just going by Rob?  No, everyone has to call you 'The Robster.'"
5003,2149,6,18,91,115,1.2608695652173914,0.05105590857499128,680,Wish I could figure out how you were able to post your profile on Tinder
5045,2149,1,28,86,115,1.2608695652173914,0.04294099782182836,680,"For the last time, I'm NOT going to wear a mermaid tail!!!"
5069,2149,4,22,89,115,1.2608695652173914,0.04797494343742813,680,"Yes, they look delicious, but I still won't go to the Halloween party as ""Dish of  Melted Butter."""
5082,2149,4,22,89,115,1.2608695652173914,0.04797494343742813,680,"So long as it's not crabs, do you wanna Netflix and chill tonight?"
5094,2149,7,16,92,115,1.2608695652173914,0.0525286693312765,680,I told you not to grow that beard!
5116,2149,2,26,87,115,1.2608695652173914,0.044682038843711996,680,They're part of  a plea bargain? Why not just register as a sex offender?
4432,2149,4,22,89,115,1.2608695652173914,0.04797494343742813,680,I wish I hadn't married a Cancer.
2963,2149,6,18,91,115,1.2608695652173914,0.05105590857499128,680,"I bet if I'd pinched YOUR ass at the party you'd have scream, too!"
59,2149,4,22,89,115,1.2608695652173914,0.04797494343742813,680,That wasn't in your profile
2904,2149,5,20,90,115,1.2608695652173914,0.04953938331389631,680,"Next time, try standing outside under a FULL moon."
1530,2149,6,18,91,115,1.2608695652173914,0.05105590857499128,680,You and your excuses.
1523,2149,7,16,92,115,1.2608695652173914,0.0525286693312765,680,No! I'm not going to go home and put butter on your claws... I have a headache.
1501,2149,7,16,92,115,1.2608695652173914,0.0525286693312765,680,Those stupid lobster pills were supposed to improve your memory.
1484,2149,6,18,91,115,1.2608695652173914,0.05105590857499128,680,You dripped cocktail sauce on my dress.
2907,2149,5,20,90,115,1.2608695652173914,0.04953938331389631,680,"No, actually, I do not read David Foster Wallace."
1406,2149,5,20,90,115,1.2608695652173914,0.04953938331389631,680,You're soaking those things in drawn butter and lemon the second we get home.
1319,2149,6,18,91,115,1.2608695652173914,0.05105590857499128,680,I'm not selfish! You're shellfish!
1224,2149,3,24,88,115,1.2608695652173914,0.04635773825940722,680,"I’m not picky, but you gave me maybe the worst massage ever."
1195,2149,8,14,93,115,1.2608695652173914,0.053961249086833675,680,You're behaving so shellfishly
1182,2149,3,24,88,115,1.2608695652173914,0.04635773825940722,680,"Honestly Roger, I finally get why people call you Dependent Clause.”"
1150,2149,5,20,90,115,1.2608695652173914,0.04953938331389631,680,A free wish and you go with lobster claws?
1105,2149,6,18,91,115,1.2608695652173914,0.05105590857499128,680,"I meant to order lobster from Maine, not lobster les mains! Stupid autocorrect."
1602,2149,1,28,86,115,1.2608695652173914,0.04294099782182836,680,"It's not that I don't like you personally Jonathan, it's just that I've finally decided to go kosher."
1101,2149,3,24,88,115,1.2608695652173914,0.04635773825940722,680,"So, how'd you manage the right swipe?  I should have known your profile was too good to be true..."
728,2149,6,18,91,115,1.2608695652173914,0.05105590857499128,680,"After dating for six months, I thought you were ready for a more intimate physical relationship.  I was wrong."
690,2149,6,18,91,115,1.2608695652173914,0.05105590857499128,680,"If we're going to date, you're going to have to wear rubber bands."
649,2149,5,20,90,115,1.2608695652173914,0.04953938331389631,680,Why are you always snapping at me?
551,2149,2,26,87,115,1.2608695652173914,0.044682038843711996,680,Just keep your claws to yourself!
538,2149,7,16,92,115,1.2608695652173914,0.0525286693312765,680,"Yeah? well my pussy's market price, and there's a 45 minute wait."
387,2149,4,22,89,115,1.2608695652173914,0.04797494343742813,680,There must be less conspicuous ways to give up texting.
371,2149,5,20,90,115,1.2608695652173914,0.04953938331389631,680,"Picky, picky, picky!"
337,2149,4,22,89,115,1.2608695652173914,0.04797494343742813,680,And another thing. When we talk about money stop referring to dollars as clams.
334,2149,7,16,92,115,1.2608695652173914,0.0525286693312765,680,"I date mobsters, not lobsters."
290,2149,2,26,87,115,1.2608695652173914,0.044682038843711996,680,We'll settle this over dinner.
126,2149,5,20,90,115,1.2608695652173914,0.04953938331389631,680,My friends warned me about you.
5943,2149,6,18,91,115,1.2608695652173914,0.05105590857499128,680,"I can't believe you gave me crabs."""
1086,2149,4,22,89,115,1.2608695652173914,0.04797494343742813,680,The last time we held hands I lost a finger.
1611,2149,2,26,87,115,1.2608695652173914,0.044682038843711996,680,"It was this or our first born, Linda"
1456,2149,4,22,89,115,1.2608695652173914,0.04797494343742813,680,I hope those are imitation lobster.
1684,2149,3,24,88,115,1.2608695652173914,0.04635773825940722,680,Being Lobsterman is not a superpower to brag about.
2893,2149,7,16,92,115,1.2608695652173914,0.0525286693312765,680,"Well, pardon me, but I thought you said you were a lawyer who worked with mobster laws..."""
2823,2149,8,14,93,115,1.2608695652173914,0.053961249086833675,680,"Damn that auto-correct! On my dating profile I typed that I secretly like ‘mobster’ -types, not ‘lobster’-types."
2720,2149,4,22,89,115,1.2608695652173914,0.04797494343742813,680,I'm done with snapchat.
2690,2149,5,20,90,115,1.2608695652173914,0.04953938331389631,680,Is it too much to ask that you--just once--touch me without clawing at me!?
2686,2149,1,28,86,115,1.2608695652173914,0.04294099782182836,680,"So, what? You aren't going to hold my hand?"
2646,2149,4,22,89,115,1.2608695652173914,0.04797494343742813,680,"Daddy warned me about men with hands like an octopus, but never this!"
2512,2149,5,20,90,115,1.2608695652173914,0.04953938331389631,680,For a free consultation call 1-800-LOBSTER-HANDS.  Operators are standing by.
2476,2149,7,16,92,115,1.2608695652173914,0.0525286693312765,680,Your back rubs are terrible now.
1633,2149,5,20,90,115,1.2608695652173914,0.04953938331389631,680,I told my folks you are mostly kosher.
2431,2149,4,22,89,115,1.2608695652173914,0.04797494343742813,680,You just don't hold me the way you use to.
2417,2149,5,20,90,115,1.2608695652173914,0.04953938331389631,680,My friend warned me you were cray-cray.
2407,2149,4,22,89,115,1.2608695652173914,0.04797494343742813,680,"Any court in the land would agree with me, it's never just a ""little pinch""!"
2329,2149,3,24,88,115,1.2608695652173914,0.04635773825940722,680,Yes I'm aware that they made a movie about Edward Scissorhands.
2182,2149,6,18,91,115,1.2608695652173914,0.05105590857499128,680,"Your clawing days are over, buddy!"
2433,2149,6,18,91,115,1.2608695652173914,0.05105590857499128,680,Me crabby?  You should talk!
5981,2149,6,18,91,115,1.2608695652173914,0.05105590857499128,680,"No, I’m not holding hands until you boil those things!"
2125,2149,5,20,90,115,1.2608695652173914,0.04953938331389631,680,I said I preferred you when you were cloying.
1755,2149,6,18,91,115,1.2608695652173914,0.05105590857499128,680,You forced me to sit through a labor law lecture just so you could stand up and make a lame 'noncompete claws' joke?
1824,2149,4,22,89,115,1.2608695652173914,0.04797494343742813,680,Is it contagious?
1845,2149,5,20,90,115,1.2608695652173914,0.04953938331389631,680,It's a bit heavy-handed. Just sayin'.
1890,2149,4,22,89,115,1.2608695652173914,0.04797494343742813,680,So you clawed your way to the top. I'm supposed to be impressed?
1846,2149,5,20,90,115,1.2608695652173914,0.04953938331389631,680,I can’t believe we’ve been dating for 2 years and you still won’t hold hands
1914,2149,5,20,90,115,1.2608695652173914,0.04953938331389631,680,"Ralph,when you took the rubber bands off; I thought you wanted to hold my hand!"
1918,2149,3,24,88,115,1.2608695652173914,0.04635773825940722,680,"I don't care what you say, the dishwater was too hot."
1929,2149,4,22,89,115,1.2608695652173914,0.04797494343742813,680,And you never text me anymore!
1951,2149,4,22,89,115,1.2608695652173914,0.04797494343742813,680,"Well, that's still no reason to snap at me!"
2073,2149,4,22,89,115,1.2608695652173914,0.04797494343742813,680,I told you to stop pinching me!
1896,2149,4,22,89,115,1.2608695652173914,0.04797494343742813,680,NO I don't carry butter in my purse!
1708,2149,5,20,90,115,1.2608695652173914,0.04953938331389631,680,Behave or I'll put the rubberbands back on!
4202,2281,6,19,94,119,1.2605042016806722,0.04987119839993938,680,"It’s my hair, isn’t it?"
5454,2281,5,21,93,119,1.2605042016806722,0.04842217029986229,680,What's the point of having claws if you can't help me out when I'm in a pinch?
3897,2281,9,13,97,119,1.2605042016806722,0.05398542386364925,680,Empathy is not looking like them when you eat them.
5001,2281,6,19,94,119,1.2605042016806722,0.04987119839993938,680,"… yeah, but after his radioactive arthropod bite, he could climb walls and wound up with a fantastic movie contract."
5239,2281,4,23,92,119,1.2605042016806722,0.046928421273803936,680,Let me see you claw your way out of this situation
2171,2281,4,23,92,119,1.2605042016806722,0.046928421273803936,680,NO... I will not wear a bib when I kiss you!
5587,2281,3,25,91,119,1.2605042016806722,0.04538553591128305,680,"I can open my own jars, thank you."
3691,2281,7,17,95,119,1.2605042016806722,0.051279296827700035,680,"Next time, bring me a pair.  I look like an idiot!"
3508,2281,4,23,92,119,1.2605042016806722,0.046928421273803936,680,"When you said you had to claw your way to the top, you weren't kidding."
3184,2281,3,25,91,119,1.2605042016806722,0.04538553591128305,680,If I'm clamming up then just what do you call what you're doing?
5918,2281,4,23,92,119,1.2605042016806722,0.046928421273803936,680,"I'm disgusted with how my parents treated you at dinner. I knew they were a bit racist, but their clawstrophobia surprised me."
5811,2281,4,23,92,119,1.2605042016806722,0.046928421273803936,680,You just have to accept the fact that pinching is not a superpower.
4314,2281,6,19,94,119,1.2605042016806722,0.04987119839993938,680,I feel you.
2174,2281,4,23,92,119,1.2605042016806722,0.046928421273803936,680,"I don't care what the therapist said, you've got to wear those rubber bands at night!"
1274,2281,4,23,92,119,1.2605042016806722,0.046928421273803936,680,Dinner was going fine until one of us couldn't stop dipping our claws in the melted butter.
3843,2281,3,25,91,119,1.2605042016806722,0.04538553591128305,680,You don’t have to be embarrassed. Last week I dated a real mollusk!
2851,2297,6,20,97,123,1.2601626016260163,0.048758269408004706,680,"I’m sure she WANTED to shake hands, but I already told you Mila’s Kosher!"
5674,2298,6,17,89,112,1.2589285714285714,0.051903186337415405,680,"I'm sorry, Dave, but we're having you de-clawed."
5900,2299,5,20,91,116,1.2586206896551724,0.04916192633304226,680,You might want to forget about going to dental school.
4588,2299,3,24,89,116,1.2586206896551724,0.046011356487425534,680,You really need a better superhero name than lobster man.
1116,2299,6,18,92,116,1.2586206896551724,0.05066379415575519,680,Enough of your Method acting.  Ted was just trying to shake hands.
5481,2302,7,17,96,120,1.2583333333333333,0.050896491507821925,680,Why so angry? I thought I was your lobster.
3934,2302,6,19,95,120,1.2583333333333333,0.04950148306259951,680,You're being awfully crabby today.
2733,2302,4,23,93,120,1.2583333333333333,0.046586315378863125,680,"What do you mean, you want to see other mollusks?"
1187,2302,7,17,96,120,1.2583333333333333,0.050896491507821925,680,Something smells fishy. Are you cheating on me?
3782,2306,6,17,90,113,1.2566371681415929,0.051492823904971695,680,I still think you should have gone with the Santa claws.
3787,2306,6,17,90,113,1.2566371681415929,0.051492823904971695,680,"It's not you, it's me.  I'm allergic to shellfish."
3811,2306,3,23,87,113,1.2566371681415929,0.046662913271925226,680,You can't even carry my shopping bags
3842,2306,5,19,89,113,1.2566371681415929,0.04993478848271368,680,"I said selfish, not shellfish."
3849,2306,5,19,89,113,1.2566371681415929,0.04993478848271368,680,You should see my brother's.
3855,2306,9,11,93,113,1.2566371681415929,0.05590701523416926,680,Planning on clawing your way to the top?
4303,2306,3,23,87,113,1.2566371681415929,0.046662913271925226,680,"Jeez, some pro shop!  You’d think that was the first time anyone asked them to drill holes in a bowling ball."
3927,2306,5,19,89,113,1.2566371681415929,0.04993478848271368,680,"Well, I think the surgery was a success."
3943,2306,5,19,89,113,1.2566371681415929,0.04993478848271368,680,Why do you do this when we go for seafood?
3962,2306,3,23,87,113,1.2566371681415929,0.046662913271925226,680,"When we were dating I liked being pinched, but it's getting old."
4095,2306,5,19,89,113,1.2566371681415929,0.04993478848271368,680,"Snap at me again, Larry, and you'll really be in hot water!"
4186,2306,5,19,89,113,1.2566371681415929,0.04993478848271368,680,"That's not what they meant by ""morality clause."""
4266,2306,7,15,91,113,1.2566371681415929,0.053005082082791775,680,"If I’ve told you once I’ve told a million times, Don’t PINCH them!"
4263,2306,7,15,91,113,1.2566371681415929,0.053005082082791775,680,"Jerry, the issue isn’t that you couldn’t find it..."
3734,2306,6,17,90,113,1.2566371681415929,0.051492823904971695,680,"I don't care if they're your hands, you can't bring shellfish to a Hanukkah dinner."
4115,2306,4,21,88,113,1.2566371681415929,0.04832654847926019,680,"”When the dating-app people warned me I might find an unusual clause or two, I guess I should have taken them more literally."
4133,2306,3,23,87,113,1.2566371681415929,0.046662913271925226,680,"I kept telling you not to bite your nails, but  --  no  --  you wouldn't listen."
4138,2306,4,21,88,113,1.2566371681415929,0.04832654847926019,680,You could have mentioned that you self identify as a crustacean.
4164,2306,5,19,89,113,1.2566371681415929,0.04993478848271368,680,You really know how to claw your way out of dinner with my parents
4251,2306,5,19,89,113,1.2566371681415929,0.04993478848271368,680,"When I suggested satiating your midlife crisis, I meant get a Harley or something. You KNOW that I'm kosher!"
4203,2306,7,15,91,113,1.2566371681415929,0.053005082082791775,680,"Well, you were right.  You said this time you wouldn't end up half man half fly."
4004,2306,2,25,86,113,1.2566371681415929,0.04493773094102712,680,You could've just bought the flippers.
3710,2306,4,21,88,113,1.2566371681415929,0.04832654847926019,680,You're just mad because I look good.
3433,2306,4,21,88,113,1.2566371681415929,0.04832654847926019,680,When I think that you cannot even swim!
3615,2306,8,13,92,113,1.2566371681415929,0.054475375533341336,680,I caught you...
3054,2306,4,21,88,113,1.2566371681415929,0.04832654847926019,680,and you think I am a crab...
3068,2306,0,29,84,113,1.2566371681415929,0.04127158873048149,680,Using a little moisturizer wouldn't kill you.
3073,2306,3,23,87,113,1.2566371681415929,0.046662913271925226,680,When you're out in public you' re supposed to have to have the rubber bands on.
3076,2306,4,21,88,113,1.2566371681415929,0.04832654847926019,680,"Gosh, I thought this will be some romantic outing.  If you don't want to hold my hand, just say so!"
3115,2306,4,21,88,113,1.2566371681415929,0.04832654847926019,680,How come we never hold hands?
3130,2306,3,23,87,113,1.2566371681415929,0.046662913271925226,680,Just stay away from boiling water.
3139,2306,7,15,91,113,1.2566371681415929,0.053005082082791775,680,I don't care how warm it's getting.  We're not moving to Canada!
3165,2306,5,19,89,113,1.2566371681415929,0.04993478848271368,680,Don't be like Melania!
3171,2306,7,15,91,113,1.2566371681415929,0.053005082082791775,680,"Yes dear, I said that I loved lobster, but not the masquerading kind!"
3194,2306,8,13,92,113,1.2566371681415929,0.054475375533341336,680,You know there are less embarrassing ways to stop smoking.
3248,2306,7,15,91,113,1.2566371681415929,0.053005082082791775,680,We're never going back to that sushi restaurant again.
3249,2306,4,21,88,113,1.2566371681415929,0.04832654847926019,680,Bigger is not better
3282,2306,3,23,87,113,1.2566371681415929,0.046662913271925226,680,I can do crabby just as well as you without the paraphernalia.
3308,2306,1,27,85,113,1.2566371681415929,0.04314361887038542,680,"No Jerry, I think it is going to take more than gloves to help our relationship."
3315,2306,4,21,88,113,1.2566371681415929,0.04832654847926019,680,"For the last time, I don't want a back rub."
3318,2306,2,25,86,113,1.2566371681415929,0.04493773094102712,680,You should have just taken the to-go box.
3357,2306,7,15,91,113,1.2566371681415929,0.053005082082791775,680,There has to be a way for us to hold hands without you snapping at me.
3421,2306,3,23,87,113,1.2566371681415929,0.046662913271925226,680,But I told you I would be no good with chopsticks.
4343,2306,3,23,87,113,1.2566371681415929,0.046662913271925226,680,You look like a scavenger!
3529,2306,2,25,86,113,1.2566371681415929,0.04493773094102712,680,"The episode aired over twenty years ago, and besides, Ross was never even good for her."
3531,2306,6,17,90,113,1.2566371681415929,0.051492823904971695,680,"Who says ""I should have been a pair of ragged claws. Scuttling across the floors of silent seas."" to a GENIE?"
3687,2306,6,17,90,113,1.2566371681415929,0.051492823904971695,680,That wasn’t the clause they were referring to.
4422,2306,1,27,85,113,1.2566371681415929,0.04314361887038542,680,You’ve changed since we first met
4594,2306,3,23,87,113,1.2566371681415929,0.046662913271925226,680,Right now I could see you with melted butter.
4494,2306,5,19,89,113,1.2566371681415929,0.04993478848271368,680,I don’t know why you’re offended. I said “keep your paws off me”
5448,2306,6,17,90,113,1.2566371681415929,0.051492823904971695,680,I keep telling you that you need to come out of your shell.
5529,2306,5,19,89,113,1.2566371681415929,0.04993478848271368,680,"It's not you, it's me. . .and that I hate your claws."
5577,2306,5,19,89,113,1.2566371681415929,0.04993478848271368,680,That’s it! You’re not going to any more parties without your rubber bands.
5600,2306,7,15,91,113,1.2566371681415929,0.053005082082791775,680,And you are a penny pincher too
5606,2306,6,17,90,113,1.2566371681415929,0.051492823904971695,680,Why do you always have to ask for melted butter?
5660,2306,1,27,85,113,1.2566371681415929,0.04314361887038542,680,Think you are going a little overboard to crack this case
5688,2306,4,21,88,113,1.2566371681415929,0.04832654847926019,680,I told you not to use the hot tub.
5704,2306,6,17,90,113,1.2566371681415929,0.051492823904971695,680,...and I’m sick of you always saying that you’ll get things done “in a pinch.”
5732,2306,2,25,86,113,1.2566371681415929,0.04493773094102712,680,That went poorly--why did you have to shake my dad's hand?
5766,2306,6,17,90,113,1.2566371681415929,0.051492823904971695,680,You could have sent one picture from the wrist down.
5784,2306,4,21,88,113,1.2566371681415929,0.04832654847926019,680,You never give me a hand.
5817,2306,3,23,87,113,1.2566371681415929,0.046662913271925226,680,It’s not contagious.
5839,2306,4,21,88,113,1.2566371681415929,0.04832654847926019,680,I can't just claw my way to the top like you did.
5864,2306,4,21,88,113,1.2566371681415929,0.04832654847926019,680,"No, this is just a first date.  I don’t think we should hold hands."
5921,2306,4,21,88,113,1.2566371681415929,0.04832654847926019,680,"It was fun at first, Finley, but you are always so crabby."
5952,2306,2,25,86,113,1.2566371681415929,0.04493773094102712,680,I just always thought you’d get declawed.
6000,2306,7,15,91,113,1.2566371681415929,0.053005082082791775,680,Pinch me again and I’ll pound you.
6091,2306,7,15,91,113,1.2566371681415929,0.053005082082791775,680,It's me or the kelp granules.
6102,2306,3,23,87,113,1.2566371681415929,0.046662913271925226,680,Just be grateful I removed the rubber bands.
6127,2306,4,21,88,113,1.2566371681415929,0.04832654847926019,680,I just wish you could stop being so shellfish.
6155,2306,4,21,88,113,1.2566371681415929,0.04832654847926019,680,"You can sing that Beatle song all you want Bob, it isn’t going to happen."
5424,2306,4,21,88,113,1.2566371681415929,0.04832654847926019,680,"Pinch my ass one more time, I swear..."
4423,2306,3,23,87,113,1.2566371681415929,0.046662913271925226,680,You’ve hit rock bottom. I’m not giving you a hand this time.
5385,2306,5,19,89,113,1.2566371681415929,0.04993478848271368,680,"Like I said, I’ve already asked my parents to leave the hot tub covered during our visit this year."
5324,2306,4,21,88,113,1.2566371681415929,0.04832654847926019,680,"No, I will not hold your hand."
4511,2306,6,17,90,113,1.2566371681415929,0.051492823904971695,680,"You ate a whole Maine lobster in record time and so it was free.  We all get it, Larry."
4519,2306,3,23,87,113,1.2566371681415929,0.046662913271925226,680,"well, they keep growing back BIGGER!"
3033,2306,7,15,91,113,1.2566371681415929,0.053005082082791775,680,"Look, keep your claws off of Pamela, or I’ll have to bring the rubber bands on again..."
4645,2306,10,9,94,113,1.2566371681415929,0.057302898402163766,680,"No, a ""pair of ragged claws"" don't make you seem literate at all."
4674,2306,7,15,91,113,1.2566371681415929,0.053005082082791775,680,I can't wait to watch you pee.....
4682,2306,5,19,89,113,1.2566371681415929,0.04993478848271368,680,"For the last time, No! I will not go to your place to watch Deadliest Catch!"
4709,2306,7,15,91,113,1.2566371681415929,0.053005082082791775,680,Well we’re definitely getting you a pedicure somewhere else!
4751,2306,5,19,89,113,1.2566371681415929,0.04993478848271368,680,I thought you’d do in a pinch.
4787,2306,3,23,87,113,1.2566371681415929,0.046662913271925226,680,I’m still not having you over for dinner
4828,2306,6,17,90,113,1.2566371681415929,0.051492823904971695,680,"OK, “Sea monster” crossed the line, But you were rather snappy"
4860,2306,5,19,89,113,1.2566371681415929,0.04993478848271368,680,I'm not really comfortable with PDA...
4866,2306,4,21,88,113,1.2566371681415929,0.04832654847926019,680,And you think I’m the one who’s crabby?
4878,2306,3,23,87,113,1.2566371681415929,0.046662913271925226,680,"Yes, I'm steamed! I thought you'd be an authority on that."
4886,2306,3,23,87,113,1.2566371681415929,0.046662913271925226,680,All I'm saying is you're never gonna find a decent manicurist this far below 23rd
4889,2306,7,15,91,113,1.2566371681415929,0.053005082082791775,680,I think I'll have a headache tonight.
4904,2306,5,19,89,113,1.2566371681415929,0.04993478848271368,680,"You always have to make a show! I mean, who cuts up spaghetti?!!"
4906,2306,2,25,86,113,1.2566371681415929,0.04493773094102712,680,I told you you'd turn into a lobster if you didn't wear sunscreen.
5065,2306,3,23,87,113,1.2566371681415929,0.046662913271925226,680,If you didn't want to hold my hand you should have just said.
5207,2306,3,23,87,113,1.2566371681415929,0.046662913271925226,680,Stop it. You know full well why your parents named you Claudius.
5240,2306,7,15,91,113,1.2566371681415929,0.053005082082791775,680,And you wait until now to tell me that you can't use chop-sticks?
5290,2306,5,19,89,113,1.2566371681415929,0.04993478848271368,680,Just remember to keep your hands to yourself!
5356,2306,4,21,88,113,1.2566371681415929,0.04832654847926019,680,You didn't realize when you ordered that our waiter was also a genie?
2973,2306,2,25,86,113,1.2566371681415929,0.04493773094102712,680,Now I know why all your Tinder photos were taken from the waist up.
4850,2306,2,25,86,113,1.2566371681415929,0.04493773094102712,680,"Ted, I told you going as Edward Lobsterhands wouldn't be funny."
2954,2306,5,19,89,113,1.2566371681415929,0.04993478848271368,680,I should have asked for a full body pic before swiping right...
846,2306,5,19,89,113,1.2566371681415929,0.04993478848271368,680,That's the last time you're ordering the lobster.
930,2306,5,19,89,113,1.2566371681415929,0.04993478848271368,680,You've changed.  You weren't always this crabby.
958,2306,5,19,89,113,1.2566371681415929,0.04993478848271368,680,"I'm sorry Michael, but I'm getting pretty tired of your hermit lifestyle."
965,2306,2,25,86,113,1.2566371681415929,0.04493773094102712,680,"You said, and I quote ""Just take the rubber bands off, it'll be fine."
1057,2306,4,21,88,113,1.2566371681415929,0.04832654847926019,680,Are you serious? You are in a movie called “Edward  Lobster-hands”!
1060,2306,4,21,88,113,1.2566371681415929,0.04832654847926019,680,Try not to shake hands when you meet my parents.
1068,2306,3,23,87,113,1.2566371681415929,0.046662913271925226,680,"You  know, when they say ""Lobstafest"", it's about the food."
1071,2306,3,23,87,113,1.2566371681415929,0.046662913271925226,680,I suppose I have to send all the holiday cards again this year?
1077,2306,7,15,91,113,1.2566371681415929,0.053005082082791775,680,This is what you get for not reading Yelp reviews beforehand.
1126,2306,3,23,87,113,1.2566371681415929,0.046662913271925226,680,"It's always the same with your mother–""When are you going to settle down and move to Maine?"""
1128,2306,3,23,87,113,1.2566371681415929,0.046662913271925226,680,As if your claws weren't noticeable enough - you've now gone used all my nail polish!!
1129,2306,3,23,87,113,1.2566371681415929,0.046662913271925226,680,You pinch me one more time with those stupid claws of yours and I’ll be having some drawn butter with them.
1191,2306,5,19,89,113,1.2566371681415929,0.04993478848271368,680,"If you don't want to hold hands in public, just say so!"
1199,2306,2,25,86,113,1.2566371681415929,0.04493773094102712,680,I thought you said you got tested when we met.
1213,2306,3,23,87,113,1.2566371681415929,0.046662913271925226,680,Eating with your hands goes beyond the pale...
1251,2306,3,23,87,113,1.2566371681415929,0.046662913271925226,680,She was dreading the moment the date moved to the bedroom.
1261,2306,6,17,90,113,1.2566371681415929,0.051492823904971695,680,"Pinch my ass, really?"
1386,2306,3,23,87,113,1.2566371681415929,0.046662913271925226,680,I just thought the hot butter was over the top.
1403,2306,3,23,87,113,1.2566371681415929,0.046662913271925226,680,"I don’t know, Dave, you just seem a lot more clingy lately."
827,2306,2,25,86,113,1.2566371681415929,0.04493773094102712,680,Maybe the hot tub will put me in the mood.
1467,2306,3,23,87,113,1.2566371681415929,0.046662913271925226,680,"I KNOW you said you were in a band, but..."
804,2306,2,25,86,113,1.2566371681415929,0.04493773094102712,680,I will never ask you again to come with me to an audition!
706,2306,2,25,86,113,1.2566371681415929,0.04493773094102712,680,Last time I’m going glove shopping with you.
2966,2306,5,19,89,113,1.2566371681415929,0.04993478848271368,680,"Did I mention, my horoscope sign is Cancer."
16,2306,5,19,89,113,1.2566371681415929,0.04993478848271368,680,You're extremely irritating  when you get  crabby.
38,2306,2,25,86,113,1.2566371681415929,0.04493773094102712,680,"No, you won't be clawing your way back into my heart."
110,2306,2,25,86,113,1.2566371681415929,0.04493773094102712,680,"From now on, just say, 
‘Nice to meet you’, okay?"
131,2306,5,19,89,113,1.2566371681415929,0.04993478848271368,680,What else did the hospital say about the witchdoctor's curse?
177,2306,3,23,87,113,1.2566371681415929,0.046662913271925226,680,"It’s not Kafkaesque, it’s just annoying and I’m not the one that’s snapping."
179,2306,3,23,87,113,1.2566371681415929,0.046662913271925226,680,You just aren't happy unless you have your claws in everything.
224,2306,4,21,88,113,1.2566371681415929,0.04832654847926019,680,"Yes, I know they're cheaper in the summer, but I am certainly not going to spend my entire day shopping for winter gloves."
247,2306,6,17,90,113,1.2566371681415929,0.051492823904971695,680,I wish we had never moved to Brooklyn.
279,2306,1,27,85,113,1.2566371681415929,0.04314361887038542,680,"With the cost of EpiPens, I just don't think this relationship is going to work."
309,2306,3,23,87,113,1.2566371681415929,0.046662913271925226,680,My codependent therapist is going to eat this up.
402,2306,4,21,88,113,1.2566371681415929,0.04832654847926019,680,At least my ex only had clammy hands
444,2306,5,19,89,113,1.2566371681415929,0.04993478848271368,680,You said on the dating app your NAME was Claude.
462,2306,5,19,89,113,1.2566371681415929,0.04993478848271368,680,That’s the LAST time we go to Red Lobster.
489,2306,4,21,88,113,1.2566371681415929,0.04832654847926019,680,I had to ask for the biggest one in the tank.
511,2306,5,19,89,113,1.2566371681415929,0.04993478848271368,680,"Well, that's certainly the last time I'll ask you to unzip my best ball gown"
529,2306,2,25,86,113,1.2566371681415929,0.04493773094102712,680,"You're a nice guy and all, but I think I need someone with opposable thumbs.""

Anders Bengtson, Minneapolis, MN"
566,2306,5,19,89,113,1.2566371681415929,0.04993478848271368,680,You didn't have to snap at the waiter like that
573,2306,7,15,91,113,1.2566371681415929,0.053005082082791775,680,Simmer down? Can't you sea I'm crabby because you're being shellfish?
798,2306,5,19,89,113,1.2566371681415929,0.04993478848271368,680,Just because I said they make me want to dip you in butter doesn't mean you have to wear them everywhere.
1536,2306,6,17,90,113,1.2566371681415929,0.051492823904971695,680,Why are you so crabby today?
4215,2306,6,17,90,113,1.2566371681415929,0.051492823904971695,680,Well I’d love to try that new steakhouse if you weren’t such a penny pincer
2716,2306,2,25,86,113,1.2566371681415929,0.04493773094102712,680,"You had to stir the pot, didn't you?"
2108,2306,5,19,89,113,1.2566371681415929,0.04993478848271368,680,"Don't you snap your fingers at me, mister!"
2131,2306,6,17,90,113,1.2566371681415929,0.051492823904971695,680,"Stop complaining!  The jacuzzi was not too hot
."
2158,2306,3,23,87,113,1.2566371681415929,0.046662913271925226,680,"Jeez, I said declawed-not neutered!"
2164,2306,3,23,87,113,1.2566371681415929,0.046662913271925226,680,Can you hail the taxi?
2249,2306,6,17,90,113,1.2566371681415929,0.051492823904971695,680,How vain of that shrimp saying that you claud at her!
2334,2306,4,21,88,113,1.2566371681415929,0.04832654847926019,680,Everything with you is one step forward and two steps back.
2401,2306,5,19,89,113,1.2566371681415929,0.04993478848271368,680,"I love you, but no more affectionate pinches on the butt"
2450,2306,3,23,87,113,1.2566371681415929,0.046662913271925226,680,What am I suppose to think when you could have opted for ankle bracelet monitoring?
2535,2306,3,23,87,113,1.2566371681415929,0.046662913271925226,680,I TOLD you Allison was allergic to seafood!
2547,2306,3,23,87,113,1.2566371681415929,0.046662913271925226,680,"I understand it's a Maine thing, but we live in New York."
2575,2306,4,21,88,113,1.2566371681415929,0.04832654847926019,680,I hate when you snap your fingers at me.
2629,2306,5,19,89,113,1.2566371681415929,0.04993478848271368,680,Would it kill you to lend a hand once in a while?
2638,2306,4,21,88,113,1.2566371681415929,0.04832654847926019,680,Having your tail done before your claws is pure vanity.
2673,2306,3,23,87,113,1.2566371681415929,0.046662913271925226,680,"If it's cold enough for your fancy mittens, put on long pants."
2707,2306,6,17,90,113,1.2566371681415929,0.051492823904971695,680,They could have told us they were allergic to shellfish before inviting us over.
2761,2306,8,13,92,113,1.2566371681415929,0.054475375533341336,680,"No, I told you. I can't go to dinner with you. I'm Jewish!"
2850,2306,2,25,86,113,1.2566371681415929,0.04493773094102712,680,Okay but I'm not wearing the bib.
1560,2306,4,21,88,113,1.2566371681415929,0.04832654847926019,680,"Yes, it's #MeToo shaming.
just behave yourself."
2869,2306,4,21,88,113,1.2566371681415929,0.04832654847926019,680,"You idiot!  I said ""frustration"" not ""crustacean""!"
2103,2306,5,19,89,113,1.2566371681415929,0.04993478848271368,680,"Not only are they a turn-off,
 they are violation of the emoluments claws."
2059,2306,3,23,87,113,1.2566371681415929,0.046662913271925226,680,Did you have to tell my mother that I bring out the crustacean in you like nobody else?
2284,2306,2,25,86,113,1.2566371681415929,0.04493773094102712,680,"Just to be clear, going to Red Lobster was your idea."
1987,2306,4,21,88,113,1.2566371681415929,0.04832654847926019,680,You can't say 'that could be my cousin' every time we eat at Red Lobster.
1593,2306,9,11,93,113,1.2566371681415929,0.05590701523416926,680,"That outfit says ""I've clawed my way to the bottom."""
1614,2306,7,15,91,113,1.2566371681415929,0.053005082082791775,680,You’re a hot mess Rob. I’m going to need a bib.
1642,2306,2,25,86,113,1.2566371681415929,0.04493773094102712,680,You need to get a grip.
2026,2306,3,23,87,113,1.2566371681415929,0.046662913271925226,680,You told me the will had a clause for you.
1686,2306,5,19,89,113,1.2566371681415929,0.04993478848271368,680,I miss foreplay.
1695,2306,0,29,84,113,1.2566371681415929,0.04127158873048149,680,"It's  sort of difficult for me to fully explain Except,  for the time being, I'd rather not hold hands with you."
1716,2306,3,23,87,113,1.2566371681415929,0.046662913271925226,680,"I suppose it beats ""I forgot my wallet""..."
1724,2306,5,19,89,113,1.2566371681415929,0.04993478848271368,680,"I thought you said ""clause"" not ""claws."""
1811,2306,5,19,89,113,1.2566371681415929,0.04993478848271368,680,"I'm all in favor of you self-actualizing as a crustacean, but you really need to pay that woman's doctor bill."
1826,2306,3,23,87,113,1.2566371681415929,0.046662913271925226,680,You're always so picky!
1644,2306,4,21,88,113,1.2566371681415929,0.04832654847926019,680,"No, my dad was not impressed with your firm handshake."
1876,2306,7,15,91,113,1.2566371681415929,0.053005082082791775,680,Why are you upset? I'm the one who should be in a crabby mood!
1883,2306,2,25,86,113,1.2566371681415929,0.04493773094102712,680,"I don't care what all of your hipster friends are wearing, they look ridiculous."
1970,2306,3,23,87,113,1.2566371681415929,0.046662913271925226,680,I'm steaming mad.
1866,2306,5,19,89,113,1.2566371681415929,0.04993478848271368,680,I'm supposed to give up shellfish entirely because you THINK your great grandfather MAY have been a lobster? I want to see that 23andMe report.
1894,2306,7,15,91,113,1.2566371681415929,0.053005082082791775,680,What makes you think the FDA drug approval process is compromised?
1924,2306,7,15,91,113,1.2566371681415929,0.053005082082791775,680,You really need to read the description of the Specials more carefully.
1960,2306,4,21,88,113,1.2566371681415929,0.04832654847926019,680,Pinch me! I must be dreaming!
1942,2306,2,25,86,113,1.2566371681415929,0.04493773094102712,680,Your turning into someone I hardly recognize.
1443,2494,5,22,98,125,1.256,0.0467029045169846,680,"You better keep your claws to yourself, Mister"
313,2494,5,22,98,125,1.256,0.0467029045169846,680,"Ok, I get it-you don't like doing the dishes"
1073,2496,4,27,106,137,1.2554744525547445,0.042754550603220934,680,Don't try clawing your way out of this one
3211,2497,5,18,87,110,1.2545454545454546,0.050743206444089264,680,"Maine-iac, Maine-iac, MAINE-iac."
4767,2497,7,14,89,110,1.2545454545454546,0.05393036568588347,680,"Well I know I told you I’d give you a hand if you got crabby, but I didn’t mean literally!"
4582,2497,6,16,88,110,1.2545454545454546,0.05236104154445641,680,"No, you defininately may not come up for a drink!"
4354,2497,4,20,86,110,1.2545454545454546,0.04907206261035535,680,A handshake?  You couldn't have just high-fived?
4240,2497,4,20,86,110,1.2545454545454546,0.04907206261035535,680,"Look, I'm sorry I called you crabby. You don't need to prove a point."
4132,2497,5,18,87,110,1.2545454545454546,0.050743206444089264,680,When I said 'I'll have the lobster' this isn't what I meant.
4009,2497,4,20,86,110,1.2545454545454546,0.04907206261035535,680,You'll be the only one there wearing shorts and a pullover!  I should've stayed home.
4001,2497,2,24,84,110,1.2545454545454546,0.04554619617541053,680,"Your profile said ""built like Wolverine""."
3881,2497,3,22,85,110,1.2545454545454546,0.04734196507794969,680,Feel free to use my hand cream anytime.
3035,2497,2,24,84,110,1.2545454545454546,0.04554619617541053,680,"I don’t care if you did drop those passes, I still think your coach’s punishment is out of line."
3744,2497,5,18,87,110,1.2545454545454546,0.050743206444089264,680,You need to claw your way back into reality and stop this fear of being boiled alive.
3588,2497,4,20,86,110,1.2545454545454546,0.04907206261035535,680,"Oh yea, you’ll tell me next your morphing into Santa Claws"
3121,2497,5,18,87,110,1.2545454545454546,0.050743206444089264,680,Your wooing tactics are a little heavy-handed.
4830,2497,5,18,87,110,1.2545454545454546,0.050743206444089264,680,I guarantee you won't ever get to second base!
3490,2497,3,22,85,110,1.2545454545454546,0.04734196507794969,680,"I don’t care that we already met our deductible, elective surgery is still surgery."
3049,2497,5,18,87,110,1.2545454545454546,0.050743206444089264,680,Well I hope you had fun.
3169,2497,5,18,87,110,1.2545454545454546,0.050743206444089264,680,Spare me your excuses; I caught you red handed.
4849,2497,5,18,87,110,1.2545454545454546,0.050743206444089264,680,You won’t be disappointed. They are ideally shaped for a blended orgasm.
1893,2497,5,18,87,110,1.2545454545454546,0.050743206444089264,680,There is no such thing as LGBTCrustacean.
5068,2497,7,14,89,110,1.2545454545454546,0.05393036568588347,680,"I told the waiter I just wanted lobster claws, but I think he misunderstood me."
6144,2497,4,20,86,110,1.2545454545454546,0.04907206261035535,680,I guess you're all  thumbs too!
6050,2497,6,16,88,110,1.2545454545454546,0.05236104154445641,680,"For the last time, I know what pescatarian means."
5951,2497,3,22,85,110,1.2545454545454546,0.04734196507794969,680,I  guess no bowling today !
2949,2497,3,22,85,110,1.2545454545454546,0.04734196507794969,680,Don't even think about it tonight.
5929,2497,7,14,89,110,1.2545454545454546,0.05393036568588347,680,"An occasional ""thinking of you"" text would be nice."
5926,2497,6,16,88,110,1.2545454545454546,0.05236104154445641,680,I don't care if it was unintentional.  A vasectomy is a vasectomy.
5730,2497,6,16,88,110,1.2545454545454546,0.05236104154445641,680,That story about where you were is pretty fishy.
5644,2497,5,18,87,110,1.2545454545454546,0.050743206444089264,680,"Seriously, how hard can it be to pull one stuffed animal out of a whole box of them?"
5582,2497,5,18,87,110,1.2545454545454546,0.050743206444089264,680,"If you think you can claw your way back into my heart, you’re mistaken."
5485,2497,3,22,85,110,1.2545454545454546,0.04734196507794969,680,You said you wouldn't wear those to meet Mother.
5459,2497,4,20,86,110,1.2545454545454546,0.04907206261035535,680,I told you to keep your dirty claws off her.
5456,2497,3,22,85,110,1.2545454545454546,0.04734196507794969,680,Get over it. Our Maine vacation is over.
5380,2497,3,22,85,110,1.2545454545454546,0.04734196507794969,680,Admit it: I caught you red-handed with your secretary so don’’t try to claw your way out of it on a technicality.
5369,2497,5,18,87,110,1.2545454545454546,0.050743206444089264,680,Turns out 'crabby' isn't a good look on either of us.
5269,2497,7,14,89,110,1.2545454545454546,0.05393036568588347,680,But you told me you like lobster.
5232,2497,5,18,87,110,1.2545454545454546,0.050743206444089264,680,You're hard to handle when you get crabby.
5148,2497,5,18,87,110,1.2545454545454546,0.050743206444089264,680,"So what exactly is so great about the floors of silent seas, anyway?"
4952,2497,4,20,86,110,1.2545454545454546,0.04907206261035535,680,"You said it’s a nice seafood place, so I dressed up. What’s the problem?"
2943,2497,3,22,85,110,1.2545454545454546,0.04734196507794969,680,"Just once you could meet someone and not say ""Let's shake on it!"""
1267,2497,5,18,87,110,1.2545454545454546,0.050743206444089264,680,"Honney, I'm sorry I snapped at you."
2481,2497,4,20,86,110,1.2545454545454546,0.04907206261035535,680,Your desire to standout is becoming upsetting!
71,2497,3,22,85,110,1.2545454545454546,0.04734196507794969,680,"I told you Harry, either a man hug or a peck on the cheek will do just fine."""
208,2497,5,18,87,110,1.2545454545454546,0.050743206444089264,680,Some SuperHero you are if all you can do is crack open nuts.
332,2497,1,26,83,110,1.2545454545454546,0.0436766564042642,680,Did you really just say better red than spread?
377,2497,5,18,87,110,1.2545454545454546,0.050743206444089264,680,Did you ever consider becoming a mohel?
439,2497,4,20,86,110,1.2545454545454546,0.04907206261035535,680,"Delicious, yes. Practical, no."
558,2497,5,18,87,110,1.2545454545454546,0.050743206444089264,680,I warned you not to order the GMO lobster.
2790,2497,5,18,87,110,1.2545454545454546,0.050743206444089264,680,I think they already know you’re from Maine.
679,2497,3,22,85,110,1.2545454545454546,0.04734196507794969,680,"I told you to use sunscreen, but no, you went for the melted butter!"
749,2497,3,22,85,110,1.2545454545454546,0.04734196507794969,680,"Well, so much for clawing your way to the top."
833,2497,6,16,88,110,1.2545454545454546,0.05236104154445641,680,Do you have to wear them even in bed - you know?
1084,2497,7,14,89,110,1.2545454545454546,0.05393036568588347,680,I told you not to forget the nutcracker
1287,2497,5,18,87,110,1.2545454545454546,0.050743206444089264,680,"I know you hate them, but the rubber bands are there for a reason."
1374,2497,3,22,85,110,1.2545454545454546,0.04734196507794969,680,Good luck getting to second base.
1331,2497,5,18,87,110,1.2545454545454546,0.050743206444089264,680,This is what i get from a fisherman's dating site.
1946,2497,3,22,85,110,1.2545454545454546,0.04734196507794969,680,I think you're missing the point of the Me Too movement.
1628,2497,5,18,87,110,1.2545454545454546,0.050743206444089264,680,"Sorry Tim, but I'm allergic to shellfish."
2234,2497,3,22,85,110,1.2545454545454546,0.04734196507794969,680,It was so embarrassing when you asked for that extra vat of butter sauce.
1630,2497,2,24,84,110,1.2545454545454546,0.04554619617541053,680,You're not the only one who feels crabby sometimes.
1665,2497,4,20,86,110,1.2545454545454546,0.04907206261035535,680,You didn't have to set everyone's dinners free.
1699,2497,2,24,84,110,1.2545454545454546,0.04554619617541053,680,"If you can't handle a puppy, how are we ever going to have kids?"
1877,2497,3,22,85,110,1.2545454545454546,0.04734196507794969,680,"FOR lobster, Kevin. It said I like going out FOR lobster."
1395,2497,6,16,88,110,1.2545454545454546,0.05236104154445641,680,"When you said you were volunteering for a medical experiment, I thought it was for your clogged sinuses."
1948,2497,3,22,85,110,1.2545454545454546,0.04734196507794969,680,So this was what the “big surprise” was to call me away from work?
2022,2497,4,20,86,110,1.2545454545454546,0.04907206261035535,680,I caught you red-handed.  You are SO in hot water.
2052,2497,1,26,83,110,1.2545454545454546,0.0436766564042642,680,"I thought that 'clawing one's way to the top' was a metaphor."""
2143,2497,3,22,85,110,1.2545454545454546,0.04734196507794969,680,"Damn, I forgot the rubber bands again."
2175,2497,5,18,87,110,1.2545454545454546,0.050743206444089264,680,You should be scuttling across the floors of silent seas.
4902,2565,6,17,91,114,1.2543859649122806,0.05108875702500376,680,If you ever meet another genie be more specific.
3793,2565,5,19,90,114,1.2543859649122806,0.049545995794159706,680,They keep me from biting my nails.
3624,2565,4,21,89,114,1.2543859649122806,0.047953626600184374,680,You just had to wave at your friends in front of my friends!
4305,2568,6,18,94,118,1.2542372881355932,0.04989695404704999,680,"When I asked you to shake his hand in a snap, I did not expect you to cut it off."
3875,2569,6,16,89,111,1.2522522522522523,0.05193782660713643,680,My nipples are going to be sore for a week.
3859,2569,4,20,87,111,1.2522522522522523,0.04868200391389657,680,I've had better dates...
3812,2569,4,20,87,111,1.2522522522522523,0.04868200391389657,680,Pinching women is never acceptable but for you it's an absolute no-no.
3889,2569,5,18,88,111,1.2522522522522523,0.05033624607450187,680,How many times have I told you to keep your claws off me when we are in public?!
4310,2569,6,16,89,111,1.2522522522522523,0.05193782660713643,680,I just wish you would stop being so crabby
3930,2569,4,20,87,111,1.2522522522522523,0.04868200391389657,680,I can't believe you ate your half-brother
4221,2569,1,26,84,111,1.2522522522522523,0.043342092862160564,680,I just can’t do this anymore. You’re so grabby.
4154,2569,3,22,86,111,1.2522522522522523,0.04696953631102267,680,"No, you may not squeeze my girls again."
4091,2569,1,26,84,111,1.2522522522522523,0.043342092862160564,680,"No, I won't go out with you again Sebastian, you're all claws."
4085,2569,5,18,88,111,1.2522522522522523,0.05033624607450187,680,I just hate it when you pick at your food!
4055,2569,4,20,87,111,1.2522522522522523,0.04868200391389657,680,"For the last time, stop asking me to butter you up."
3984,2569,6,16,89,111,1.2522522522522523,0.05193782660713643,680,Well it looks like you're done.
3808,2569,3,22,86,111,1.2522522522522523,0.04696953631102267,680,Don't tell me that kiss was innocent. I caught you red handed!
3912,2569,4,20,87,111,1.2522522522522523,0.04868200391389657,680,"I don’t get it......Edward Scissorhands you loved!
I thought “Cory Crab Claws” would thrill you!"
4283,2569,4,20,87,111,1.2522522522522523,0.04868200391389657,680,Hoping to claw your way to the top?
3697,2569,5,18,88,111,1.2522522522522523,0.05033624607450187,680,And I'm the one who's being crabby?
4486,2569,5,18,88,111,1.2522522522522523,0.05033624607450187,680,"I couldn't see your hands on the dating site, but actually they're kind of cute."
3557,2569,7,14,90,111,1.2522522522522523,0.05349147592348833,680,"Obviously, you just can't wait to get your claws into me."
3327,2569,4,20,87,111,1.2522522522522523,0.04868200391389657,680,Just pinch my ass one more time...
3403,2569,3,22,86,111,1.2522522522522523,0.04696953631102267,680,I think you’re being shellfish.
3275,2569,4,20,87,111,1.2522522522522523,0.04868200391389657,680,"I expected you to paw me, not claw me."
3177,2569,4,20,87,111,1.2522522522522523,0.04868200391389657,680,No I’m still sore from the last time we held hands”..
3044,2569,6,16,89,111,1.2522522522522523,0.05193782660713643,680,Don't ever pinch me again!
3040,2569,4,20,87,111,1.2522522522522523,0.04868200391389657,680,"All I said is I want crab for dinner, and you took it that personally"
3015,2569,4,20,87,111,1.2522522522522523,0.04868200391389657,680,I hate when you get snappy.
2951,2569,4,20,87,111,1.2522522522522523,0.04868200391389657,680,That's what you get for being a bottom pincher.
3412,2569,2,24,85,111,1.2522522522522523,0.045192224745771406,680,I guess I've just had it with your 'hands-off' approach to life.
3466,2569,7,14,90,111,1.2522522522522523,0.05349147592348833,680,"No, I'm not gonna be The Little Mermaid for Halloween just because you decide to be a crab."
3468,2569,3,22,86,111,1.2522522522522523,0.04696953631102267,680,"For the millionth time, Harry, this IS  about your balloon fetish"
3477,2569,5,18,88,111,1.2522522522522523,0.05033624607450187,680,I’m getting tired of having sex with butter.
3489,2569,4,20,87,111,1.2522522522522523,0.04868200391389657,680,It's like you want me to be crabby.
3521,2569,3,22,86,111,1.2522522522522523,0.04696953631102267,680,"If you're going to take my Alexander McQueen lobster claw heels to wear out, at least put them on your feet."
3535,2569,4,20,87,111,1.2522522522522523,0.04868200391389657,680,"I need you to transfer out of research, and tell me the symptoms are reversible."
3564,2569,3,22,86,111,1.2522522522522523,0.04696953631102267,680,Botox is different!  You are just being contrary Gary.
2978,2569,6,16,89,111,1.2522522522522523,0.05193782660713643,680,"I don't see the big deal with  Edward Scissorhands"""
4525,2569,3,22,86,111,1.2522522522522523,0.04696953631102267,680,It's not going to work - I'm allergic to shellfish.
4843,2569,4,20,87,111,1.2522522522522523,0.04868200391389657,680,I don't see why you have to be so shellfish.
5690,2569,3,22,86,111,1.2522522522522523,0.04696953631102267,680,I wouldn't have worn the crab legs if you'd paid me.
5698,2569,5,18,88,111,1.2522522522522523,0.05033624607450187,680,I‘m pretty sure you said “Get Out Clause”.
5746,2569,3,22,86,111,1.2522522522522523,0.04696953631102267,680,Sometimes I wish you COULD manhandle me!
5803,2569,4,20,87,111,1.2522522522522523,0.04868200391389657,680,"If you’re the surf, I suppose that makes me the turf!?"
5807,2569,6,16,89,111,1.2522522522522523,0.05193782660713643,680,You're getting more shellfish by the day.
5832,2569,6,16,89,111,1.2522522522522523,0.05193782660713643,680,Then you claw back what you can. Got it?
2945,2569,2,24,85,111,1.2522522522522523,0.045192224745771406,680,"eHarmony spelled it ""Claude"", dammit."
5851,2569,6,16,89,111,1.2522522522522523,0.05193782660713643,680,I really don’t see how you can be so shellfish
5913,2569,4,20,87,111,1.2522522522522523,0.04868200391389657,680,"The steam room at the gym is way too hot, don't you think?"
5961,2569,4,20,87,111,1.2522522522522523,0.04868200391389657,680,Why couldn't 'Love Shack' be your favorite song?
5986,2569,6,16,89,111,1.2522522522522523,0.05193782660713643,680,I used to love when you touched me
6008,2569,6,16,89,111,1.2522522522522523,0.05193782660713643,680,Why did I ever think you'd do in a pinch?
6036,2569,5,18,88,111,1.2522522522522523,0.05033624607450187,680,Why didn't you tell me high cholesterol runs in your family?
6137,2569,6,16,89,111,1.2522522522522523,0.05193782660713643,680,"I asked you not to have your crabby pants on for once, and this is how you respond? Typical, Jeremy, just typical."
6161,2569,2,24,85,111,1.2522522522522523,0.045192224745771406,680,Your fly is always down and it’s embarrassing!
5595,2569,5,18,88,111,1.2522522522522523,0.05033624607450187,680,"Excuses, excuses."
4650,2569,4,20,87,111,1.2522522522522523,0.04868200391389657,680,Not only did I catch you red-handed with her; I now have the worst case of the crabs!
5571,2569,3,22,86,111,1.2522522522522523,0.04696953631102267,680,How did you even swipe right on me?
5446,2569,8,12,91,111,1.2522522522522523,0.055001255988143545,680,All this over a little pinch?
4895,2569,5,18,88,111,1.2522522522522523,0.05033624607450187,680,I’ll thank you to keep your feelers to yourself.
4921,2569,5,18,88,111,1.2522522522522523,0.05033624607450187,680,Your just so steamed.
4980,2569,2,24,85,111,1.2522522522522523,0.045192224745771406,680,Did you forget the last time we held hands I lost a finger.
5010,2569,5,18,88,111,1.2522522522522523,0.05033624607450187,680,I said I caught you red-handed
5037,2569,4,20,87,111,1.2522522522522523,0.04868200391389657,680,Next time I’m wearing a bib.
5040,2569,5,18,88,111,1.2522522522522523,0.05033624607450187,680,"When I asked if you could be any crabbier, I was being sarcastic"
5048,2569,6,16,89,111,1.2522522522522523,0.05193782660713643,680,Don't even think about pinching my butt or you're toast.
5078,2569,4,20,87,111,1.2522522522522523,0.04868200391389657,680,So what else did you do in Maine.
5131,2569,6,16,89,111,1.2522522522522523,0.05193782660713643,680,I'm crabby? You're one to talk!
5196,2569,4,20,87,111,1.2522522522522523,0.04868200391389657,680,You need to grow up and get a job.
5274,2569,5,18,88,111,1.2522522522522523,0.05033624607450187,680,My hands aren’t clammy per say
5303,2569,5,18,88,111,1.2522522522522523,0.05033624607450187,680,Does everyone need to know you went to Bowdoin?
5350,2569,7,14,90,111,1.2522522522522523,0.05349147592348833,680,Don't you think you're maybe being just a little claws-minded?
5366,2569,6,16,89,111,1.2522522522522523,0.05193782660713643,680,"Fred, I’ve warned you! The grabbing and pinching has to end."
5374,2569,5,18,88,111,1.2522522522522523,0.05033624607450187,680,"Not again, Tinder."
5449,2569,4,20,87,111,1.2522522522522523,0.04868200391389657,680,You said crabs wasn’t contagious.
2884,2569,1,26,84,111,1.2522522522522523,0.043342092862160564,680,"Evidently, we have very different ideas of what dinner on me means."
4054,2569,6,16,89,111,1.2522522522522523,0.05193782660713643,680,It wasn't polite for you to grab her by her exoskeleton.
2702,2569,2,24,85,111,1.2522522522522523,0.045192224745771406,680,"Seriously, was that woman eating out of your hand, or trying to eat your hand?"
1329,2569,3,22,86,111,1.2522522522522523,0.04696953631102267,680,"All I said was, let's go for sushi."
1303,2569,4,20,87,111,1.2522522522522523,0.04868200391389657,680,I told you there’d be bad side effects to that new  drug.
1300,2569,4,20,87,111,1.2522522522522523,0.04868200391389657,680,You'll never be EDWARD !!!
1250,2569,2,24,85,111,1.2522522522522523,0.045192224745771406,680,"You are such a penny pincher, John."
1223,2569,2,24,85,111,1.2522522522522523,0.045192224745771406,680,"Don't worry - I'll think of some way to get you out of your shell."""
1201,2569,6,16,89,111,1.2522522522522523,0.05193782660713643,680,I don’t think that’s the best way to crawl your way to the top.
1168,2569,4,20,87,111,1.2522522522522523,0.04868200391389657,680,I told you I don't date Cancers...
1134,2569,5,18,88,111,1.2522522522522523,0.05033624607450187,680,I don't think I can ever eat lobster again after this.
1097,2569,3,22,86,111,1.2522522522522523,0.04696953631102267,680,"Pinochet me again, and this date is over."
1040,2569,8,12,91,111,1.2522522522522523,0.055001255988143545,680,Keep your claws off me!
1010,2569,1,26,84,111,1.2522522522522523,0.043342092862160564,680,You calling me a crab?
1000,2569,2,24,85,111,1.2522522522522523,0.045192224745771406,680,I saw you! You couldn’t keep your claws off of her.
978,2569,4,20,87,111,1.2522522522522523,0.04868200391389657,680,I don't know what makes you think this will go any better than your audition for the lead in Edward Scissorhands!
934,2569,7,14,90,111,1.2522522522522523,0.05349147592348833,680,Now you're making ME crabby!
928,2569,3,22,86,111,1.2522522522522523,0.04696953631102267,680,So the bib wasn't enough for you!
909,2569,6,16,89,111,1.2522522522522523,0.05193782660713643,680,"If you want to hold hands it's going to have to be the soft, rubbery inside part..."
814,2569,4,20,87,111,1.2522522522522523,0.04868200391389657,680,"So this is what you meant by ""Just call me Claude"" ..."
715,2569,4,20,87,111,1.2522522522522523,0.04868200391389657,680,Your pictures on Bumble were very misleading.
698,2569,3,22,86,111,1.2522522522522523,0.04696953631102267,680,"Just leave the eyelash next time, okay?"
599,2569,4,20,87,111,1.2522522522522523,0.04868200391389657,680,How could you be so shellfish?
590,2569,6,16,89,111,1.2522522522522523,0.05193782660713643,680,I just don’t understand how some men let themselves get bitten by radioactive lobsters.
580,2569,5,18,88,111,1.2522522522522523,0.05033624607450187,680,"My nipples are still throbbing, you motherfucker!"
430,2569,3,22,86,111,1.2522522522522523,0.04696953631102267,680,"Look, I know we’ve been trying to experiment more in the bedroom, but that hot butter was just too much."
106,2569,4,20,87,111,1.2522522522522523,0.04868200391389657,680,Stay away from my boobs!
64,2569,4,20,87,111,1.2522522522522523,0.04868200391389657,680,Rubber bands last night was your idea
58,2569,5,18,88,111,1.2522522522522523,0.05033624607450187,680,"It's not you, Harry. It's me."
33,2569,4,20,87,111,1.2522522522522523,0.04868200391389657,680,You haven't touched me in weeks.
1349,2569,3,22,86,111,1.2522522522522523,0.04696953631102267,680,"Michael, I do not accept that you were transformed by our summer vacation in Maine."
1392,2569,4,20,87,111,1.2522522522522523,0.04868200391389657,680,I thought you said your research wouldn't have any negative effects.
693,2569,4,20,87,111,1.2522522522522523,0.04868200391389657,680,"Christ, Jerry, can’t you wait for Halloween?"
2879,2569,6,16,89,111,1.2522522522522523,0.05193782660713643,680,I told you to stop pinching my ass in public.
1477,2569,4,20,87,111,1.2522522522522523,0.04868200391389657,680,"You may be neurotic, but at least you're not all hands."
2601,2569,4,20,87,111,1.2522522522522523,0.04868200391389657,680,"I'm a feminist, but I wish you could open your own doors."
2536,2569,4,20,87,111,1.2522522522522523,0.04868200391389657,680,We could try a pincer movement.
2406,2569,5,18,88,111,1.2522522522522523,0.05033624607450187,680,"Still not happy about that pinch you gave me. Please don't make me resort to the rubber bands again."""
2374,2569,4,20,87,111,1.2522522522522523,0.04868200391389657,680,If I only had a nutcracker...
2373,2569,4,20,87,111,1.2522522522522523,0.04868200391389657,680,"I told ya, eating at Red Lobster's always costs a lot."
2358,2569,5,18,88,111,1.2522522522522523,0.05033624607450187,680,I can't believe the Fightin Lobsters turned the ball over in the 4th.
2348,2569,6,16,89,111,1.2522522522522523,0.05193782660713643,680,There’s more than one way to claw your way to the top.
2333,2569,5,18,88,111,1.2522522522522523,0.05033624607450187,680,I liked it better when you were ham-handed.
2291,2569,2,24,85,111,1.2522522522522523,0.045192224745771406,680,"If I told you once, I told you a thousand times ""Don't pinch my butt!"""
2288,2569,6,16,89,111,1.2522522522522523,0.05193782660713643,680,You enhance the wrong appendage dummy!
2253,2569,5,18,88,111,1.2522522522522523,0.05033624607450187,680,Next time keep your hands to yourself.
2232,2569,6,16,89,111,1.2522522522522523,0.05193782660713643,680,"Okay, wear the bib."
2208,2569,3,22,86,111,1.2522522522522523,0.04696953631102267,680,I told you not to watch that Yorgos Lanthimos film again...
2203,2569,5,18,88,111,1.2522522522522523,0.05033624607450187,680,"First you had the crabs, now you've got the lobsters."
2562,2569,5,18,88,111,1.2522522522522523,0.05033624607450187,680,I just don't know why  you have to be so grabby all the time.
2113,2569,5,18,88,111,1.2522522522522523,0.05033624607450187,680,Why do always have to be so crabby ?
1587,2569,5,18,88,111,1.2522522522522523,0.05033624607450187,680,"Harvey, I just don’t know how it’s going to work if you keep going around pinching everyone."
1502,2569,3,22,86,111,1.2522522522522523,0.04696953631102267,680,Don't get snappy with me
1589,2569,3,22,86,111,1.2522522522522523,0.04696953631102267,680,"I get it, you think I’m crabby..."
1618,2569,5,18,88,111,1.2522522522522523,0.05033624607450187,680,"Really? Your justification is 'They're not crab hands, they're lobster hands...'"
1626,2569,8,12,91,111,1.2522522522522523,0.055001255988143545,680,Don't you dare snap at me!
1687,2569,6,16,89,111,1.2522522522522523,0.05193782660713643,680,Soft shell my ass!
1729,2569,5,18,88,111,1.2522522522522523,0.05033624607450187,680,You didn't have to snap at me like that when I spilled the drawn butter on you.
2200,2569,5,18,88,111,1.2522522522522523,0.05033624607450187,680,"Yeah... I get it, Claude."
2072,2569,3,22,86,111,1.2522522522522523,0.04696953631102267,680,I just don't like it when you snap at me.
2077,2569,7,14,90,111,1.2522522522522523,0.05349147592348833,680,I told you on Tinder ... I'm Santa Claws.
2099,2569,5,18,88,111,1.2522522522522523,0.05033624607450187,680,Try as you might I still think you're too handsy.
1817,2569,4,20,87,111,1.2522522522522523,0.04868200391389657,680,This relationship isn't working because you're too shellfish!
1639,2704,3,22,87,112,1.25,0.04660273245009,680,You coulda just waved.
1404,2704,4,21,91,116,1.25,0.047224304468501524,680,I can't believe you didn't clap once at my show!
854,2704,1,27,88,116,1.25,0.04219431028100774,680,"You can come up, but we're not going past first base."
774,2704,3,23,90,116,1.25,0.04560931807265346,680,You should have told me Gregor Samsa was your cousin.
1539,2704,7,15,94,116,1.25,0.05176784759846126,680,All right! Quadrille lessons are out.
1731,2704,3,22,87,112,1.25,0.04660273245009,680,"No, you can't claw your way back!"
2466,2704,5,18,89,112,1.25,0.04993560847296239,680,I thought I could break through your hard shell to the good man underneath. I was wrong.
1993,2704,5,19,92,116,1.25,0.04878585829946003,680,You just had to have that extra week in Maine.
2423,2704,5,19,92,116,1.25,0.04878585829946003,680,No! I will absolutely not give you the name of my manicurist.
496,2704,6,17,93,116,1.25,0.05029895632611329,680,"If I'm being honest, you look a lot more in-shape in your profile pictures."
3096,2704,2,25,89,116,1.25,0.04393500719894347,680,You DO understand? No more cuddling.
3304,2704,3,23,90,116,1.25,0.04560931807265346,680,Right. You “had” to pinch her.
3332,2704,5,19,92,116,1.25,0.04878585829946003,680,Don't deny it.  I caught you red-handed!
3428,2704,3,23,90,116,1.25,0.04560931807265346,680,Why do I always have to pick up the check?
1788,2704,5,19,92,116,1.25,0.04878585829946003,680,Must you offer to crack the crab legs for the entire restaurant?
227,2704,4,20,88,112,1.25,0.048297927830185765,680,"I don't care that you're transforming, Harry.  I do care you ate all the seafood dip at the Millers."
6098,2704,2,25,89,116,1.25,0.04393500719894347,680,Nothing's been the same with us ever since you clawed your way to the top.
5338,2704,5,18,89,112,1.25,0.04993560847296239,680,You never should have asked my sister if you could hold the baby - and offering her a back rub only made things worse!
3989,2704,2,24,86,112,1.25,0.044843500208385956,680,"When I said I wanted to date a lobsterman, this is NOT what I had in mind"
160,2704,5,18,89,112,1.25,0.04993560847296239,680,"Must you always knock the butter off the table, Larry?"
4855,2704,3,23,90,116,1.25,0.04560931807265346,680,Great experiment! I can never eat crustaceans again.
5897,2704,4,19,85,108,1.25,0.04944307347557363,680,I thought we were beyond rubber bands.
5375,2704,4,21,91,116,1.25,0.047224304468501524,680,There's no talking to you when you're being crabby.
6087,2704,4,21,91,116,1.25,0.047224304468501524,680,I do get so tired of your clawing at me sometimes.
773,2728,6,16,91,113,1.247787610619469,0.05111118839882061,680,I asked you not to wear the jeans shorts.
1750,2728,3,22,88,113,1.247787610619469,0.04624143316177091,680,"You should have told me you were lousy at bowling.  Really! How hard is it to say, ""Marg,! I'm all thumbs""."
4402,2730,5,17,87,109,1.2477064220183487,0.050743643077079084,680,Try it again and you're getting the rubber bands.
4325,2730,6,15,88,109,1.2477064220183487,0.05239095320798721,680,Dr. Newburg said most cases of clawsgrowphobia don’t come to this.
3831,2730,5,17,87,109,1.2477064220183487,0.050743643077079084,680,I knew it was a mistake to take your rubber bands off.
3625,2730,7,13,89,109,1.2477064220183487,0.053988023147259374,680,When you asked if I liked shellfish I thought you were taking me to Red Lobster...
3242,2730,5,17,87,109,1.2477064220183487,0.050743643077079084,680,David Foster Wallace  you are not!
2924,2730,3,21,85,109,1.2477064220183487,0.04727714016434345,680,I'll need to stop on the way to get a lot more butter.
3235,2730,1,25,83,109,1.2477064220183487,0.043535487266182726,680,One remark and now your mother thinks I am the crab.
4081,2730,5,17,87,109,1.2477064220183487,0.050743643077079084,680,I don’t know why every time before we visit my parents you get half-boiled.
4737,2730,4,19,86,109,1.2477064220183487,0.0490410302443422,680,"If you weren’t so damned crabby, we could make love once in a while!"
4480,2730,4,19,86,109,1.2477064220183487,0.0490410302443422,680,"No, neither one of us can use my cell phone again."
4505,2730,5,17,87,109,1.2477064220183487,0.050743643077079084,680,"We are not going back to the Franz
Kafka marriage counselor again"
4575,2730,3,21,85,109,1.2477064220183487,0.04727714016434345,680,"No, I don't think it's a good idea to moisturize with drawn butter."
4684,2730,4,19,86,109,1.2477064220183487,0.0490410302443422,680,From now on I'm only swiping right is there's a full body shot.
4747,2730,3,21,85,109,1.2477064220183487,0.04727714016434345,680,"We all feel crabby now and then, but nobody else takes it this far."
4824,2730,3,21,85,109,1.2477064220183487,0.04727714016434345,680,Now can you claw your way into a job?
5047,2730,2,23,84,109,1.2477064220183487,0.04544483817565497,680,I warned you not to use your crusher claw to shake hands.
5110,2730,3,21,85,109,1.2477064220183487,0.04727714016434345,680,You should have known china shops are off limits!
5310,2730,5,17,87,109,1.2477064220183487,0.050743643077079084,680,That's the last time we eat at Illegal Sea Foods!
2854,2730,4,19,86,109,1.2477064220183487,0.0490410302443422,680,No more shellfish for you
5329,2730,1,25,83,109,1.2477064220183487,0.043535487266182726,680,How many times do I have to remind you to wear your rubber bands?
5847,2730,4,19,86,109,1.2477064220183487,0.0490410302443422,680,"Hands down, I'll never go again online  seeking a blind date."
4441,2730,2,23,84,109,1.2477064220183487,0.04544483817565497,680,‘Louis CK’s bottom-feeder’ comedy show seems a bit on the nose.
2630,2730,3,21,85,109,1.2477064220183487,0.04727714016434345,680,"If I am ever dreaming, please don't pinch me."
4463,2730,4,19,86,109,1.2477064220183487,0.0490410302443422,680,I hate going shopping with you. You are such a penny pincer.
2241,2730,3,21,85,109,1.2477064220183487,0.04727714016434345,680,"I don't mind the stares... I really don't, but it's just that, well, you have LOBSTER hands."
1815,2730,2,23,84,109,1.2477064220183487,0.04544483817565497,680,"(He's a real catch, she said. Ha! More like 'catch of the day.')"
1663,2730,2,23,84,109,1.2477064220183487,0.04544483817565497,680,The butter up isn't working.
1268,2730,2,23,84,109,1.2477064220183487,0.04544483817565497,680,It's not that I don't like you...you're just so grabby.
847,2730,3,21,85,109,1.2477064220183487,0.04727714016434345,680,"Yes, I've fantasized about being with a merman, but this isn't what I pictured."
772,2730,4,19,86,109,1.2477064220183487,0.0490410302443422,680,Don't you grab my ass!
726,2730,2,23,84,109,1.2477064220183487,0.04544483817565497,680,"I have never been so embarrassed, you used those pincers on every woman at the club!"
240,2730,5,17,87,109,1.2477064220183487,0.050743643077079084,680,Give it a rest--Maine can't be THAT great.
104,2730,3,21,85,109,1.2477064220183487,0.04727714016434345,680,I told you to keep your claws to your self.
2404,2730,3,21,85,109,1.2477064220183487,0.04727714016434345,680,"I said you were acting crabby, you didn't need to find a costume to match your attitude."
5718,2764,2,18,69,89,1.247191011235955,0.051238239828633764,680,That was no love pinch.
539,2765,4,20,90,114,1.2456140350877194,0.047547202392240334,680,"Yes, I bought a new handbag. One handbag. How many sweaters have you ruined the sleeves of  *this week*?"""
2839,2766,1,25,84,110,1.2454545454545454,0.04319663061869463,680,It is not my fault that I am allergic to shellfish.
2474,2766,5,17,88,110,1.2454545454545454,0.050330622710028694,680,"It's an expression, Tom. You didn't have to pinch her."
1492,2766,4,19,87,110,1.2454545454545454,0.04864530718359612,680,I don't know why you seem to be allergic to butter.
2276,2766,6,15,89,110,1.2454545454545454,0.05196130535092515,680,I warned not to pick your nose in public!
1689,2766,6,15,89,110,1.2454545454545454,0.05196130535092515,680,"There is no 'playful pinching' with you,Ted."
1672,2766,6,15,89,110,1.2454545454545454,0.05196130535092515,680,I wish you were a real one.
3708,2766,4,19,87,110,1.2454545454545454,0.04864530718359612,680,"I've been cat-fished before, but never lobstered."
2372,2766,4,19,87,110,1.2454545454545454,0.04864530718359612,680,You complain that my hands are clammy?
3770,2766,2,23,85,110,1.2454545454545454,0.045086079539041465,680,I just hate it when you get touchy feely.
4420,2766,6,15,89,110,1.2454545454545454,0.05196130535092515,680,I don't care if it IS your name. I refuse to call you Claus.
4317,2766,7,13,90,110,1.2454545454545454,0.053542347027048694,680,I didn't ask for hand-holding
4384,2766,5,17,88,110,1.2454545454545454,0.050330622710028694,680,You always get so crabby when I mention my mother.
1051,2766,5,17,88,110,1.2454545454545454,0.050330622710028694,680,All the other investigators I've worked with cracked their cases without lobster claws!
4634,2766,0,27,83,110,1.2454545454545454,0.04122066502878282,680,"When you said you could help me out ""in a pinch,"" this is NOT what I had in mind."
4870,2766,4,19,87,110,1.2454545454545454,0.04864530718359612,680,you're not clawing your way out of this one...
4947,2766,4,19,87,110,1.2454545454545454,0.04864530718359612,680,"I don’t care if it’s a different kind of crabs, we’re through."
5291,2766,6,15,89,110,1.2454545454545454,0.05196130535092515,680,"First, let's talk about the crabs."
5568,2766,6,15,89,110,1.2454545454545454,0.05196130535092515,680,"The Lobster was a metaphor, not a wishlist..."
6014,2766,6,15,89,110,1.2454545454545454,0.05196130535092515,680,"Well, you’re certainly no Edward Sissorhands!"
3893,2766,3,21,86,110,1.2454545454545454,0.046899469502261974,680,"You're an idiot, not an influencer."
913,2766,2,23,85,110,1.2454545454545454,0.045086079539041465,680,That’s not what escape clause means.
3704,2766,4,19,87,110,1.2454545454545454,0.04864530718359612,680,Idiot. Your dermatologist told you were allergic to shell fish. You
689,2766,5,17,88,110,1.2454545454545454,0.050330622710028694,680,I wish you weren't always so crabby.
716,2766,3,21,86,110,1.2454545454545454,0.046899469502261974,680,‘You know we can go back to Bar Harbor next summer.’
4025,2766,2,23,85,110,1.2454545454545454,0.045086079539041465,680,I didn't believe you when you said that you'd clawed your way to success.
74,2766,4,19,87,110,1.2454545454545454,0.04864530718359612,680,It's time to grow up; you're not a lobster boy anymore.
105,2766,4,19,87,110,1.2454545454545454,0.04864530718359612,680,It's too much 'L. L. Bean meets J. Alfred Prufrock' for my taste.
293,2766,2,23,85,110,1.2454545454545454,0.045086079539041465,680,"My shellfish allergy aside; I rather would prefer ""it's me not you""
Frank Buckley
Andover, MA"
565,2766,4,19,87,110,1.2454545454545454,0.04864530718359612,680,Don't talk to me about that waitress. Butter wouldn't melt in your mouth.
433,2766,3,21,86,110,1.2454545454545454,0.046899469502261974,680,"To think that I swiped left for a guy with ""two left hands!?"""
440,2766,4,19,87,110,1.2454545454545454,0.04864530718359612,680,"If you're going to cosplay, you to commit to it more than that."
441,2766,4,19,87,110,1.2454545454545454,0.04864530718359612,680,Didn't I tell you getting in the hot tub was NOT a good idea?
358,2766,3,21,86,110,1.2454545454545454,0.046899469502261974,680,If you ever touch me again I'll boil you live!
3809,2799,2,22,82,106,1.2452830188679245,0.046069834007945745,680,Can't you at least talk to a doctor?
3932,2799,6,14,86,106,1.2452830188679245,0.05330298005541827,680,I warned you that I'm all thumbs.
4694,2799,2,22,82,106,1.2452830188679245,0.046069834007945745,680,"Well, we sure are in a bit of a pinch."
3939,2799,2,22,82,106,1.2452830188679245,0.046069834007945745,680,When I said you are my lobster I didn’t mean it literally.
3949,2799,5,16,85,106,1.2452830188679245,0.051589855237935654,680,"I can’t take you anywhere with those ridiculous shoes.



(Not sure if this submitted correctly the first time!)"
4018,2799,6,14,86,106,1.2452830188679245,0.05330298005541827,680,Good luck with your Juilliard audition.
4047,2799,2,22,82,106,1.2452830188679245,0.046069834007945745,680,You look silly without your rubber bands
4226,2799,2,22,82,106,1.2452830188679245,0.046069834007945745,680,"Ted, today you seem crabbier than ever."
4232,2799,4,18,84,106,1.2452830188679245,0.049817854672336064,680,"I always said your parents had a sick sense of humor, Sandy."
4324,2799,3,20,83,106,1.2452830188679245,0.04798045565474379,680,"I said aardvark snout. But, oh no, you had to have the lobster claws. Do you have any idea how much it will cost to have your ring re-sized?  And by the way, this isn't a purse. It's an ironic accessory. Burp! I'm your girlfriend!"
4340,2799,3,20,83,106,1.2452830188679245,0.04798045565474379,680,"Don't bother me, I am crabby."
4362,2799,2,22,82,106,1.2452830188679245,0.046069834007945745,680,You never hold hands with me anymore!
3717,2799,3,20,83,106,1.2452830188679245,0.04798045565474379,680,"For this relationship to work, you need to be less shellfish."
4369,2799,2,22,82,106,1.2452830188679245,0.046069834007945745,680,I’m kinda a big deal in Maine
4504,2799,5,16,85,106,1.2452830188679245,0.051589855237935654,680,"When you signed on the dating site as lobster boy, thought you just like seafood."
4621,2799,6,14,86,106,1.2452830188679245,0.05330298005541827,680,I thought the shorts were enough of a fashion statement.
6156,2799,5,16,85,106,1.2452830188679245,0.051589855237935654,680,"I don’t care how colorful it makes you, I’m not transitioning."
4655,2799,4,18,84,106,1.2452830188679245,0.049817854672336064,680,They will give me an edge when I'm fishing with the boys.
4278,2799,2,22,82,106,1.2452830188679245,0.046069834007945745,680,Don't you want to be more than just a raw-bar tender?
2656,2799,4,18,84,106,1.2452830188679245,0.049817854672336064,680,"I guess I should have known, when I signed up on Lobster dating app."
3268,2799,3,20,83,106,1.2452830188679245,0.04798045565474379,680,In the future I’d appreciate it if you would keep your claws off me
3546,2799,5,16,85,106,1.2452830188679245,0.051589855237935654,680,Now you’ve got me paranoid. Do you really think people are staring at my big butt?
3218,2799,4,18,84,106,1.2452830188679245,0.049817854672336064,680,How could you lose your tail ?
4705,2799,3,20,83,106,1.2452830188679245,0.04798045565474379,680,I wrote you on eHarmony I have a shellfish allergy
3190,2799,4,18,84,106,1.2452830188679245,0.049817854672336064,680,You're just wrong. A wedding band is not the same as a claw band.
3161,2799,6,14,86,106,1.2452830188679245,0.05330298005541827,680,I LOVE it when you pinch My Ass.
3080,2799,1,24,81,106,1.2452830188679245,0.04407646862218562,680,I'm tired of you snapping at me all the time!
2919,2799,4,18,84,106,1.2452830188679245,0.049817854672336064,680,"Tell me again, how you made it to the top."
2881,2799,4,18,84,106,1.2452830188679245,0.049817854672336064,680,"I'm just sick and tired of the SpongeBob jokes, Larry"""
2798,2799,2,22,82,106,1.2452830188679245,0.046069834007945745,680,"In your case, there is no such thing as an innocent butt pinch."
2792,2799,1,24,81,106,1.2452830188679245,0.04407646862218562,680,I thought that table was going to pick you
2771,2799,1,24,81,106,1.2452830188679245,0.04407646862218562,680,I TOLD you not to hold the baby!
2718,2799,2,22,82,106,1.2452830188679245,0.046069834007945745,680,"Yes, this is just as stupid as you using straws to make yourself a walrus."
2677,2799,5,16,85,106,1.2452830188679245,0.051589855237935654,680,Don't you think you're taking your Prufrock obsession a bit too far?
3226,2799,6,14,86,106,1.2452830188679245,0.05330298005541827,680,"I get an Instapot, and you're all ""do we really need it?"""
3228,2799,5,16,85,106,1.2452830188679245,0.051589855237935654,680,"... then explain why your name in her phone is ""claw-daddy""..."
3240,2799,6,14,86,106,1.2452830188679245,0.05330298005541827,680,"Every since the accident at the lab, you refuse to eat at Red Lobster"
3253,2799,2,22,82,106,1.2452830188679245,0.046069834007945745,680,"Well, it was your idea that I claw my way to the top."
3314,2799,5,16,85,106,1.2452830188679245,0.051589855237935654,680,"No, I won't call you 'Edward Scissorhands'."
3426,2799,4,18,84,106,1.2452830188679245,0.049817854672336064,680,You lied about your profile on a Lot of Fish!
3539,2799,3,20,83,106,1.2452830188679245,0.04798045565474379,680,I thought your on-line profile said your name was Claude.
3689,2799,4,18,84,106,1.2452830188679245,0.049817854672336064,680,I should have been a pair of ragged claws scuttling across the floors of silent seas.
4715,2799,6,14,86,106,1.2452830188679245,0.05330298005541827,680,I know you're clawing your way to the top. But...
5353,2799,2,22,82,106,1.2452830188679245,0.046069834007945745,680,Lunch is on me.
4807,2799,2,22,82,106,1.2452830188679245,0.046069834007945745,680,Not tonight. I haven't healed yet.
5590,2799,3,20,83,106,1.2452830188679245,0.04798045565474379,680,Cut the crab!
5605,2799,1,24,81,106,1.2452830188679245,0.04407646862218562,680,Why would you be wearing claws? It's summer!
5645,2799,4,18,84,106,1.2452830188679245,0.049817854672336064,680,"It's just a YouTube movie, Frank! I dont think you need to ""get into character"" for Edward Lobsterhands"
5683,2799,1,24,81,106,1.2452830188679245,0.04407646862218562,680,Just once I’d like you to pick up the check.
5729,2799,2,22,82,106,1.2452830188679245,0.046069834007945745,680,"No, my mother did not find your Shabbat humor funny."
5805,2799,6,14,86,106,1.2452830188679245,0.05330298005541827,680,"I don't think when the therapist said I need to be more sensitive to your pain, she meant we can never make pasta again."
5822,2799,4,18,84,106,1.2452830188679245,0.049817854672336064,680,"Dave, it's over.  You're just too shellfish."
6089,2799,5,16,85,106,1.2452830188679245,0.051589855237935654,680,"Well, Mr. Prufrock, maybe you should have consider something more romantic that doesn't involve 'scuttling.'"
5489,2799,4,18,84,106,1.2452830188679245,0.049817854672336064,680,I told you I hate it when you start trimming my parents' garden
6086,2799,3,20,83,106,1.2452830188679245,0.04798045565474379,680,"Why couldn't you have gotten a normal superpower, like x-ray vision?"
6066,2799,5,16,85,106,1.2452830188679245,0.051589855237935654,680,Well how was I supposed to know you had crabs?
5954,2799,3,20,83,106,1.2452830188679245,0.04798045565474379,680,"True, I checked the comic book superhero box on the dating website. But Lobster Man, really?"
5936,2799,0,26,80,106,1.2452830188679245,0.04198857662371223,680,Fine. But quit snapping at me.
5909,2799,3,20,83,106,1.2452830188679245,0.04798045565474379,680,I wanted lobster claws ... for dinner!
5889,2799,5,16,85,106,1.2452830188679245,0.051589855237935654,680,"THAT""s what you mean by a 'pre-nip"" agreement?'"
5878,2799,3,20,83,106,1.2452830188679245,0.04798045565474379,680,Never thought that you were very subtle.
2651,2799,2,22,82,106,1.2452830188679245,0.046069834007945745,680,"I should have listened to my mum.
She told me to marry Marc.
He could carry my bags at least."
5874,2799,7,12,87,106,1.2452830188679245,0.054962734667276865,680,This wasn't what I had in mind when I said you needed to claw your way to the top.
6083,2799,6,14,86,106,1.2452830188679245,0.05330298005541827,680,When I invited you for a seafood dinner I expected the whole you.
5460,2799,3,20,83,106,1.2452830188679245,0.04798045565474379,680,"Well, it's not MY idea of lobster night."
5452,2799,3,20,83,106,1.2452830188679245,0.04798045565474379,680,"Hey, can I get a lil’ tail over here?"
5408,2799,3,20,83,106,1.2452830188679245,0.04798045565474379,680,I feel like this crustacean research project of yours is getting out of hand.
4893,2799,5,16,85,106,1.2452830188679245,0.051589855237935654,680,United Healthcare didn’t cover the Epi Pen
4934,2799,2,22,82,106,1.2452830188679245,0.046069834007945745,680,I’m just saying you could have said a little more in your tinder profile than “loves seafood” .
4945,2799,7,12,87,106,1.2452830188679245,0.054962734667276865,680,Don't be so crabby Louie!
4948,2799,2,22,82,106,1.2452830188679245,0.046069834007945745,680,"Well, I don't think they're funny."
4977,2799,4,18,84,106,1.2452830188679245,0.049817854672336064,680,It's a movie! No one's trying to trap you.
5107,2799,3,20,83,106,1.2452830188679245,0.04798045565474379,680,"No, you wouldn’t make a good Santa Claus."
5118,2799,3,20,83,106,1.2452830188679245,0.04798045565474379,680,You never even shave anymore.
5132,2799,2,22,82,106,1.2452830188679245,0.046069834007945745,680,"A little snappy? Okay, Tom."
5149,2799,3,20,83,106,1.2452830188679245,0.04798045565474379,680,I told you to be more gentle last night. What will we tell the doctor?
5192,2799,4,18,84,106,1.2452830188679245,0.049817854672336064,680,"Just had to order the daily radioactive special, huh?"
5200,2799,5,16,85,106,1.2452830188679245,0.051589855237935654,680,I told you not to order the GMO lobster!
5216,2799,2,22,82,106,1.2452830188679245,0.046069834007945745,680,"Our social lives, George. Because of our social lives."
5256,2799,3,20,83,106,1.2452830188679245,0.04798045565474379,680,There is definitely something in the water!
5259,2799,3,20,83,106,1.2452830188679245,0.04798045565474379,680,stop being such a crab
5282,2799,5,16,85,106,1.2452830188679245,0.051589855237935654,680,Just because it worked out for Spiderman doesn't mean the radioactive lobster was a good choice.
5285,2799,6,14,86,106,1.2452830188679245,0.05330298005541827,680,So that's why your parents named you Claude
5298,2799,4,18,84,106,1.2452830188679245,0.049817854672336064,680,You should've thought through the idea of being a pinch hitter just a little more carefully.
5313,2799,2,22,82,106,1.2452830188679245,0.046069834007945745,680,"Well, I guess there’s no use in trying to butter you up."
5322,2799,2,22,82,106,1.2452830188679245,0.046069834007945745,680,I wanted to grab the check but I couldn't.
4772,2799,2,22,82,106,1.2452830188679245,0.046069834007945745,680,"For the last time, keep your claws off the waitress."
2635,2799,3,20,83,106,1.2452830188679245,0.04798045565474379,680,Still doesn’t justify your crabiness.
1169,2799,2,22,82,106,1.2452830188679245,0.046069834007945745,680,I just wish you weren’t always so shellfish.
2548,2799,4,18,84,106,1.2452830188679245,0.049817854672336064,680,"I said you're selfish, not shellfish."
549,2799,3,20,83,106,1.2452830188679245,0.04798045565474379,680,There were many other ways to get that waitress's attention.
559,2799,3,20,83,106,1.2452830188679245,0.04798045565474379,680,Stop being crabby.
603,2799,3,20,83,106,1.2452830188679245,0.04798045565474379,680,"I’m a proud New Englandah too, I just don’t weah it on my sleeve."
623,2799,2,22,82,106,1.2452830188679245,0.046069834007945745,680,I TOLD you the dishwater was too hot!
670,2799,3,20,83,106,1.2452830188679245,0.04798045565474379,680,"In your great and unmatched wisdom, you decided that claws, with a longer lineage, beat opposable thumbs?"
770,2799,2,22,82,106,1.2452830188679245,0.046069834007945745,680,What’s your excuse this time for not picking up the check?
785,2799,3,20,83,106,1.2452830188679245,0.04798045565474379,680,"If I'm so crabby, how come I let you wear the claws?"
504,2799,4,18,84,106,1.2452830188679245,0.049817854672336064,680,I thought we agreed the relationship between the two parties should not be subject to any binding claws.
791,2799,1,24,81,106,1.2452830188679245,0.04407646862218562,680,I didn't say it's about you being 'selfish'
963,2799,3,20,83,106,1.2452830188679245,0.04798045565474379,680,You should have thought of that before we left home.
964,2799,6,14,86,106,1.2452830188679245,0.05330298005541827,680,Just don't get all grabby!
1004,2799,4,18,84,106,1.2452830188679245,0.049817854672336064,680,PETA is going to boil you alive when they see this.
1042,2799,5,16,85,106,1.2452830188679245,0.051589855237935654,680,Get a grip.
1052,2799,3,20,83,106,1.2452830188679245,0.04798045565474379,680,"You've been seeing that mermaid again, haven't you?"
1120,2799,5,16,85,106,1.2452830188679245,0.051589855237935654,680,"I don't believe you ""can't help pinching."""
1133,2799,3,20,83,106,1.2452830188679245,0.04798045565474379,680,"No, I do NOT want to hold hands."
919,2799,5,16,85,106,1.2452830188679245,0.051589855237935654,680,"I told you - that’s
how I roll!"
1205,2799,2,22,82,106,1.2452830188679245,0.046069834007945745,680,I think I'll just stick with the diet . . .
499,2799,6,14,86,106,1.2452830188679245,0.05330298005541827,680,That's not what I meant when I told you to keep your paws off me.
484,2799,4,18,84,106,1.2452830188679245,0.049817854672336064,680,Why are you acting so crabby?
2617,2799,3,20,83,106,1.2452830188679245,0.04798045565474379,680,Frankly it might have been better if you’d turned into a complete lobster
9,2799,4,18,84,106,1.2452830188679245,0.049817854672336064,680,I knew I should have stayed away with our astrological incompatibility.
34,2799,6,14,86,106,1.2452830188679245,0.05330298005541827,680,"I don't care how safe they make you feel, this is clearly a case of cultural misappropriation!"
107,2799,4,18,84,106,1.2452830188679245,0.049817854672336064,680,"Look, if you want human hands, you have to give up your voice. That's the way it works, Sebastian."
155,2799,3,20,83,106,1.2452830188679245,0.04798045565474379,680,Your very shellfish.
167,2799,1,24,81,106,1.2452830188679245,0.04407646862218562,680,I just wish you'd complete the transformation and be done with it.
174,2799,2,22,82,106,1.2452830188679245,0.046069834007945745,680,Let me guess you pulled a mussel?
493,2799,4,18,84,106,1.2452830188679245,0.049817854672336064,680,I warned you not to sign your employment contract with a clawback provision.
189,2799,3,20,83,106,1.2452830188679245,0.04798045565474379,680,I see that I am not the only one feeling crabby today.
220,2799,3,20,83,106,1.2452830188679245,0.04798045565474379,680,I hate Sports!
311,2799,5,16,85,106,1.2452830188679245,0.051589855237935654,680,Another fashion statement?
325,2799,5,16,85,106,1.2452830188679245,0.051589855237935654,680,Fishy isn't half of it.
348,2799,3,20,83,106,1.2452830188679245,0.04798045565474379,680,"No more touch pools for you, mister."
361,2799,4,18,84,106,1.2452830188679245,0.049817854672336064,680,The drawn butter was for my potato.
380,2799,7,12,87,106,1.2452830188679245,0.054962734667276865,680,"Yes, you saved a bundle at Discount Prosthetics...but, come on!!"
417,2799,5,16,85,106,1.2452830188679245,0.051589855237935654,680,"You just *had* to play with their cat, didn’t you?"
210,2799,4,18,84,106,1.2452830188679245,0.049817854672336064,680,I still say this won't get us in without a reservation
1248,2799,2,22,82,106,1.2452830188679245,0.046069834007945745,680,"Sorry Andy, but Lobster Man is just not an impressive superhero."
115,2799,6,14,86,106,1.2452830188679245,0.05330298005541827,680,It's either the Lobster Boxing Club or me!
1321,2799,5,16,85,106,1.2452830188679245,0.051589855237935654,680,Keep your filthy claws off my silky drawers.
1927,2799,3,20,83,106,1.2452830188679245,0.04798045565474379,680,You should have left my mom's nose alone.
1933,2799,5,16,85,106,1.2452830188679245,0.051589855237935654,680,"First, we're not allowed in Bubba Gump Shrimp, and now we can't go into red lobster?! Thanks a lot, Greg!"
1939,2799,3,20,83,106,1.2452830188679245,0.04798045565474379,680,You can't freak out like that everytime a waiter serves us butter.
2024,2799,2,22,82,106,1.2452830188679245,0.046069834007945745,680,"Lobster-Man"" is already licensed by Disney"
2038,2799,3,20,83,106,1.2452830188679245,0.04798045565474379,680,Somehow I don’t believe you when you say you feel my pain.
2084,2799,3,20,83,106,1.2452830188679245,0.04798045565474379,680,"I love your claws, but I would also love you to where a pair of pants and maybe a dress shirt when we go out."
2149,2799,3,20,83,106,1.2452830188679245,0.04798045565474379,680,"Maybe you think it's funny that I need a nipple transplant, Mr.Lobsterhands!"
2209,2799,3,20,83,106,1.2452830188679245,0.04798045565474379,680,That bathroom was filthy!
2211,2799,3,20,83,106,1.2452830188679245,0.04798045565474379,680,"Alright.  Ya know, let's just forget about foreplay."
2220,2799,4,18,84,106,1.2452830188679245,0.049817854672336064,680,I hate it when your friends call me Turf.
2227,2799,6,14,86,106,1.2452830188679245,0.05330298005541827,680,"No Sheila, I'm not in a good mood."
2255,2799,3,20,83,106,1.2452830188679245,0.04798045565474379,680,"So, I can’t count on you for “Slow Hands.”"
2262,2799,4,18,84,106,1.2452830188679245,0.049817854672336064,680,"My mother says she wants to drown you in butter, literally."
2302,2799,4,18,84,106,1.2452830188679245,0.049817854672336064,680,Keep your hands off me!
2308,2799,4,18,84,106,1.2452830188679245,0.049817854672336064,680,"Ok, the hand lotion I gave you WAS butter but you don't need to get snippy about it."
2403,2799,5,16,85,106,1.2452830188679245,0.051589855237935654,680,Sorry I pinched a nerve.
1835,2799,4,18,84,106,1.2452830188679245,0.049817854672336064,680,"Everyone says if you love him put a ring on it but how am I supposed to do that, KEVIN?!"
1907,2799,2,22,82,106,1.2452830188679245,0.046069834007945745,680,Why must you be so crabby all the time!
1751,2799,5,16,85,106,1.2452830188679245,0.051589855237935654,680,When I told you that you needed to claw your way to the top
1357,2799,6,14,86,106,1.2452830188679245,0.05330298005541827,680,Fine...we WON'T hold hands.
1410,2799,5,16,85,106,1.2452830188679245,0.051589855237935654,680,Lois Lane gets Superman and I get stick with this
1413,2799,5,16,85,106,1.2452830188679245,0.051589855237935654,680,I TOLD  you we shouldn't have eaten at Cafe Fukushima!
1436,2799,4,18,84,106,1.2452830188679245,0.049817854672336064,680,Finish moulting and I promise you bucket-loads of crab bisque for Thanksgiving
1449,2799,3,20,83,106,1.2452830188679245,0.04798045565474379,680,"All my friends boyfriends hold hand s, but you. Never!"
1483,2799,5,16,85,106,1.2452830188679245,0.051589855237935654,680,The Geni said  “butterfingers “ and I said  “me too”!
1529,2799,4,18,84,106,1.2452830188679245,0.049817854672336064,680,"You know you're going to die in a vat of hot butter, don't you?"
1783,2799,2,22,82,106,1.2452830188679245,0.046069834007945745,680,It's not that you're becoming a lobster.  It's you eating all the shrimp cocktails.
1538,2799,4,18,84,106,1.2452830188679245,0.049817854672336064,680,"The next time someone offers to improve your physique, think before you answer."
1570,2799,5,16,85,106,1.2452830188679245,0.051589855237935654,680,I think you gave me crabs!
1605,2799,6,14,86,106,1.2452830188679245,0.05330298005541827,680,"I'm not 'feeling it now', Mr. Crabs."
1662,2799,3,20,83,106,1.2452830188679245,0.04798045565474379,680,I knew I should have swiped left.
1703,2799,2,22,82,106,1.2452830188679245,0.046069834007945745,680,I won't butter it up; it hurts to be with you.
1552,2799,7,12,87,106,1.2452830188679245,0.054962734667276865,680,That's  not what I meant when I said to keep your mitts off me.
2509,2799,5,16,85,106,1.2452830188679245,0.051589855237935654,680,"When a woman says “keep your claws off me” , Respect It!"
3871,2963,2,21,79,102,1.2450980392156863,0.0471190483714801,680,I just can’t take these snap decisions.
68,2963,5,15,82,102,1.2450980392156863,0.05293973839875468,680,I guess I will have to pick up the kids
3286,2963,4,17,81,102,1.2450980392156863,0.051073269338898615,680,My profile said 'looking for turf' not surf.
536,2963,4,17,81,102,1.2450980392156863,0.051073269338898615,680,I have a pretty good idea where I caught them.
4011,2963,6,13,83,102,1.2450980392156863,0.05474260646419278,680,I’m just saying your intimate touch is lacking.
2645,2968,3,23,93,119,1.2436974789915967,0.044600789096914985,680,You don't have to be snappy with me.
1434,2969,3,22,90,115,1.2434782608695651,0.04553488256049453,680,"If you try to pet another dog, I'm buying some giant rubber bands."
4863,2969,4,20,91,115,1.2434782608695651,0.04718030130356046,680,"Yes, you do pinch me in your sleep!"
4955,2971,4,19,88,111,1.2432432432432432,0.04825576177861831,680,"Put some lotion on your hands, they're as red as lobster  claws."
4842,2971,5,17,89,111,1.2432432432432432,0.04992412952305652,680,Do that again and it's the nutcracker for you.
2501,2973,3,20,84,107,1.2429906542056075,0.04758517314361994,680,'I told you it was a fantasy... it doesnt work in real life.'
1990,2973,6,14,87,107,1.2429906542056075,0.052852208401104314,680,"Please stop, Rock Lobster wasn't even cool in 1978."
1982,2973,5,16,86,107,1.2429906542056075,0.0511568195807617,680,The evening is spread out against the sky again.
1762,2973,5,16,86,107,1.2429906542056075,0.0511568195807617,680,"I know you wanted to make a funny first impression, but this is weird."
1543,2973,5,16,86,107,1.2429906542056075,0.0511568195807617,680,"Bill, you know I hate it when you bring your lab work home with you."
782,2973,7,12,88,107,1.2429906542056075,0.05449487752191869,680,I said I like White Claw
626,2973,4,18,85,107,1.2429906542056075,0.04940328376093482,680,I don't think your parents liked me.
13,2973,5,16,86,107,1.2429906542056075,0.0511568195807617,680,Can you blame me? Your profile said nothing about you being a ginger.
3052,2973,4,18,85,107,1.2429906542056075,0.04940328376093482,680,"When I told you I love everything that has to do with lobster, you over-interpreted a bit."
3876,2973,7,12,88,107,1.2429906542056075,0.05449487752191869,680,Have you tried being less clingy?
2647,2973,2,22,83,107,1.2429906542056075,0.04569478044430381,680,"Snap your hands, everybody! Really?"
4365,2973,4,18,85,107,1.2429906542056075,0.04940328376093482,680,No more ‘All-you-can-eat Stone crab’ nights out for you...
4673,2973,5,16,86,107,1.2429906542056075,0.0511568195807617,680,"Yes, I am in a crabby mood, but you're one to talk."
6012,2973,2,22,83,107,1.2429906542056075,0.04569478044430381,680,That's not what I meant when I said I would like to catch you red handed!
3136,2973,3,20,84,107,1.2429906542056075,0.04758517314361994,680,Biting remarks and word of mouth are not necessarily  one and the same...
2669,2973,2,22,83,107,1.2429906542056075,0.04569478044430381,680,This is not a date and I don't want to hold your hand.
4699,2989,5,15,83,103,1.2427184466019416,0.052477220167314625,680,You are just so crabby today.
1064,2990,5,16,87,108,1.2407407407407407,0.05073084824220075,680,I'm being Crabby?  Do you have any self-awareness?
4597,2990,4,18,86,108,1.2407407407407407,0.048995394649344264,680,"I said I love lobster, not you as a lobster"
5273,2990,2,22,84,108,1.2407407407407407,0.0453255795747674,680,The procedure had less complications than a vasectomy
3290,2990,0,26,82,108,1.2407407407407407,0.04133119440243834,680,"I'm just saying, do the dishes; fold the laundry.  You could try a little harder."
1607,2994,3,19,82,104,1.2403846153846154,0.04830045123945618,680,"When I told you I love seafood, I meant on my plate not as a body part."
1664,2994,3,19,82,104,1.2403846153846154,0.04830045123945618,680,"I like intellectual debate too, I just wish you wouldn't tear me apart like that."
2047,2994,3,19,82,104,1.2403846153846154,0.04830045123945618,680,My profile clearly said I hate Red Lobster.
2056,2994,4,17,83,104,1.2403846153846154,0.05019601664794919,680,Don’t for one moment think that you’re going to get to second base tonight.
2097,2994,5,15,84,104,1.2403846153846154,0.052022558421393514,680,"There is a limit to ""All you can eat."""
2496,2994,4,17,83,104,1.2403846153846154,0.05019601664794919,680,Just because your name is Newburg...
2603,2994,2,21,81,104,1.2403846153846154,0.046327390305832834,680,So you're the only one that's allowed to be crabby?
2770,2994,5,15,84,104,1.2403846153846154,0.052022558421393514,680,I always find a nice fountain.  I always supply the proper coin.  I don't see why it's always you who gets your wish.
2781,2994,4,17,83,104,1.2403846153846154,0.05019601664794919,680,"I do take your acting career seriously, but I'm telling you--you don't need to be in character for your Halloween costume for a whole month"
1661,2994,2,21,81,104,1.2403846153846154,0.046327390305832834,680,This was NOT  mentioned on your eHarmony profile...
2983,2994,4,17,83,104,1.2403846153846154,0.05019601664794919,680,Sorry Ross. You can't claw you're way back into my life.
3125,2994,3,19,82,104,1.2403846153846154,0.04830045123945618,680,My therapist thinks there should be less foreplay.
3183,2994,4,17,83,104,1.2403846153846154,0.05019601664794919,680,They make me a much better goalie
3570,2994,2,21,81,104,1.2403846153846154,0.046327390305832834,680,So you're not on board with the dancing lobsters costume idea this year?
3797,2994,3,19,82,104,1.2403846153846154,0.04830045123945618,680,Must you snap the head off everyone who calls you crabby!
4381,2994,4,17,83,104,1.2403846153846154,0.05019601664794919,680,...And here I told my mother that you'd graduated from law school
4544,2994,2,21,81,104,1.2403846153846154,0.046327390305832834,680,You don't have to shake hands with everyone Glen.
4760,2994,3,19,82,104,1.2403846153846154,0.04830045123945618,680,"I don’t know why, but you always seem so crabby when we see my parents."
5257,2994,3,19,82,104,1.2403846153846154,0.04830045123945618,680,If you don’t cut it out the rubber bands are going back on.
3107,2994,3,19,82,104,1.2403846153846154,0.04830045123945618,680,"You think you're so funny, Claus."
1645,2994,3,19,82,104,1.2403846153846154,0.04830045123945618,680,You promised I could wear those out tonight.
5305,2994,1,23,80,104,1.2403846153846154,0.044266472585500476,680,I think you’re just being hard headed.  Or soft headed.
1576,2994,3,19,82,104,1.2403846153846154,0.04830045123945618,680,'Crabby? That makes two of us.'
5388,2994,4,17,83,104,1.2403846153846154,0.05019601664794919,680,I swear to God - if you pinch me one more time ...
5955,2994,7,11,86,104,1.2403846153846154,0.05549558162123828,680,"Harold, I am so angry I could drop you in a pot of boiling water."
5280,2994,5,15,84,104,1.2403846153846154,0.052022558421393514,680,Those shorts are telling the wrong color story.
62,2994,4,17,83,104,1.2403846153846154,0.05019601664794919,680,It’s just a movie!
5809,2994,3,19,82,104,1.2403846153846154,0.04830045123945618,680,Ask to go out with s mobster and look what you get.
275,2994,5,15,84,104,1.2403846153846154,0.052022558421393514,680,And don't you call ME crabbie!
63,2994,4,17,83,104,1.2403846153846154,0.05019601664794919,680,This is not going to work.  I prefer tail meat.
653,2994,3,19,82,104,1.2403846153846154,0.04830045123945618,680,"I know you're trying to claw your way up the corporate ladder, but this is ridiculous!"
723,2994,2,21,81,104,1.2403846153846154,0.046327390305832834,680,I really think you shouldn’t wear those to job interviews.
976,2994,2,21,81,104,1.2403846153846154,0.046327390305832834,680,This is why we don't go to garage sales
1462,2994,5,15,84,104,1.2403846153846154,0.052022558421393514,680,The Hulk fists were funny...but this is going too far!
1504,2994,2,21,81,104,1.2403846153846154,0.046327390305832834,680,Might be a good time to give up seafood.
585,2994,2,21,81,104,1.2403846153846154,0.046327390305832834,680,How many times have I told you not to pinch?
5613,2994,4,17,83,104,1.2403846153846154,0.05019601664794919,680,"Frankly, I thought you’d come through in a pinch."
5815,3031,6,12,82,100,1.24,0.0552679423766206,680,The exact reason I warned you my grandmother would pinch your cheeks when she met you is so you wouldn't do it back!
1515,3031,5,14,81,100,1.24,0.053409037180286764,680,Stop volunteering to pinch people’s bottoms at parties! It’s embarrassing!
218,3033,3,16,73,92,1.2391304347826086,0.05211614894390474,680,How about I scratch your back and you scratch your back?
858,3034,2,17,69,88,1.2386363636363635,0.051096437449348664,680,...and just how do you plan on slipping a ring on my finger?
1247,3035,3,20,86,109,1.238532110091743,0.046813302765362025,680,well one of us is going to have to change
1327,3035,2,22,85,109,1.238532110091743,0.0449621023807155,680,"Ok, Ok, so I was a little  crabby. I've been under a lot of stress. Get over it."
1720,3035,3,20,86,109,1.238532110091743,0.046813302765362025,680,Stop trying to butter me up
4198,3035,4,18,87,109,1.238532110091743,0.048594032361072494,680,Don't butter me up just break it off with me.
4739,3035,3,20,86,109,1.238532110091743,0.046813302765362025,680,"Of corse I’m upset, you’re shellfish"
3200,3035,3,20,86,109,1.238532110091743,0.046813302765362025,680,You don’t have to bring your work home with you.
3524,3035,5,16,88,109,1.238532110091743,0.05031177443120517,680,Surely there were other ways to become Master of Your Domain.
3532,3035,5,16,88,109,1.238532110091743,0.05031177443120517,680,I should had listened to my friends when they told  me I was kissing the wrong animal at the bar.
3755,3035,2,22,85,109,1.238532110091743,0.0449621023807155,680,Don't think this gets you out of being caught red-handed.
3198,3035,4,18,87,109,1.238532110091743,0.048594032361072494,680,You sure spent a LOT OF MONEY at the Manicurist this month..
3072,3035,5,16,88,109,1.238532110091743,0.05031177443120517,680,You don't have to be so Crabby! Get over it!
2757,3035,2,22,85,109,1.238532110091743,0.0449621023807155,680,Contract claws my ass!
2940,3035,4,18,87,109,1.238532110091743,0.048594032361072494,680,I'm so tired of the seafood lover in you...
2930,3035,3,20,86,109,1.238532110091743,0.046813302765362025,680,"Having giant lobster claws does not automatically increase your ""net worth."""
2130,3035,4,18,87,109,1.238532110091743,0.048594032361072494,680,You can just be so crabby
1136,3035,3,20,86,109,1.238532110091743,0.046813302765362025,680,I don’t care what your excuse is. I want you to take me dancing!
4710,3035,2,22,85,109,1.238532110091743,0.0449621023807155,680,Let's see you claw your way out of this one!
944,3035,2,22,85,109,1.238532110091743,0.0449621023807155,680,"This is how you impress my father? He owns a 'pawn' shop 
you idiot !"
4497,3035,1,24,84,109,1.238532110091743,0.043031337246086515,680,I told Cheryl to set me up with a guy that wouldn't get too handsy but his is ridiculous.
5989,3035,3,20,86,109,1.238532110091743,0.046813302765362025,680,This is the last time I bail you out of jail for your lobster's rights protests.
5789,3035,1,24,84,109,1.238532110091743,0.043031337246086515,680,A manicure is not an unmanly thing.
1112,3035,2,22,85,109,1.238532110091743,0.0449621023807155,680,I don't appreciate you always being so snippy.
5414,3035,4,18,87,109,1.238532110091743,0.048594032361072494,680,"Yes, you should have been a pair of ragged claws scuttling across the floors of silent seas!"
5640,3035,3,20,86,109,1.238532110091743,0.046813302765362025,680,I Still don't understand why you couldn't have opened the door for me!
4969,3035,4,18,87,109,1.238532110091743,0.048594032361072494,680,It’s fine if you don’t want to get dressed up but you could at least be a little less crabby.
4897,3035,5,16,88,109,1.238532110091743,0.05031177443120517,680,"If that's your super power, all I can say is Wolverine you ain't."
0,3035,2,22,85,109,1.238532110091743,0.0449621023807155,680,Your profile said you were a tail man.
72,3035,3,20,86,109,1.238532110091743,0.046813302765362025,680,Go with the bro hug greeting.
836,3035,5,16,88,109,1.238532110091743,0.05031177443120517,680,Lamont Lobsterclaws? How derivative.
5398,3035,5,16,88,109,1.238532110091743,0.05031177443120517,680,You never said you were allergic to seafood.
1044,3065,3,19,83,105,1.2380952380952381,0.04789298495629314,680,"You say I'm crabby, but look in the mirror!"
4030,3065,3,19,83,105,1.2380952380952381,0.04789298495629314,680,I wish you'd get your own nail polish.
2514,3065,4,17,84,105,1.2380952380952381,0.049768345272611834,680,"No, I will not stop calling you cray-cray now."
3660,3065,5,15,85,105,1.2380952380952381,0.05157555985468396,680,And I thought Edward Scissorhands was a bad date
3077,3069,4,16,81,101,1.2376237623762376,0.05102613357118861,680,At least you're not wearing your Hulk hands.
2740,3070,5,18,95,118,1.2372881355932204,0.04765691481847308,680,"Pinch someone else, loverboy."
1760,3070,4,20,94,118,1.2372881355932204,0.04611200470995581,680,Oh now we're in a pinch.
5751,3072,2,17,70,89,1.2359550561797752,0.05059016341997872,680,"For the second time, your hands are NOT clammy!"
3258,3073,4,17,85,106,1.2358490566037736,0.049347743443954886,680,"Henry, have you had a chance to go on Ancestry.com?  Is there anything you haven't told me about yourself?"
5146,3074,4,16,82,102,1.2352941176470589,0.050577082470770814,680,I tried removing them but they just grew back.
4073,3074,3,18,81,102,1.2352941176470589,0.04861999805111321,680,You forgot the butter and lost the car key? How could you!
4127,3074,5,14,83,102,1.2352941176470589,0.05246120787801261,680,"Damn it, I can't dress you forever!"
4141,3074,3,18,81,102,1.2352941176470589,0.04861999805111321,680,You don't have to be so crabby all the time.
4179,3074,4,16,82,102,1.2352941176470589,0.050577082470770814,680,Keep your slimy claws away from me!
4216,3074,4,16,82,102,1.2352941176470589,0.050577082470770814,680,"This is ridiculous!  You think you can walk down 5th avenue with a pair of lobster claws on and people won't say anything.  
Yeah, right.  They just think and know you're a raving IDIOT."
4289,3074,2,20,80,102,1.2352941176470589,0.04658075943697518,680,I distinctly said “Santa Claus”.
4307,3074,2,20,80,102,1.2352941176470589,0.04658075943697518,680,You're never gonna claw your way to the top wearing shorts.
4355,3074,6,12,84,102,1.2352941176470589,0.05427997229904371,680,"This wasn't what I expected when your profile said ""Heavy Handed"""
4412,3074,2,20,80,102,1.2352941176470589,0.04658075943697518,680,You are the most shellfish person I have ever met.
4428,3074,3,18,81,102,1.2352941176470589,0.04861999805111321,680,"You just have to touch everything, don't you?"
4040,3074,3,18,81,102,1.2352941176470589,0.04861999805111321,680,I hate it when you save the best part for later eating.
3833,3074,4,16,82,102,1.2352941176470589,0.050577082470770814,680,There’s nothing you can say. I caught you red-handed.
3727,3074,6,12,84,102,1.2352941176470589,0.05427997229904371,680,YOU CANNOT JUST CLAW YOURSELF BACK INTO MY HEART
4466,3074,2,20,80,102,1.2352941176470589,0.04658075943697518,680,"It's not you I don't like, Brad. It's that snappy tone you use."
3681,3074,5,14,83,102,1.2352941176470589,0.05246120787801261,680,It is really time you decide whether you are a left handed or right handed pincher.
3613,3074,6,12,84,102,1.2352941176470589,0.05427997229904371,680,"""Are you crabby?"""
3598,3074,5,14,83,102,1.2352941176470589,0.05246120787801261,680,"I said I’d go if they’d SERVE lobster, not if you’d BE a lobster!"
3565,3074,2,20,80,102,1.2352941176470589,0.04658075943697518,680,And how is my mother supposed to knit gloves for those?
3399,3074,3,18,81,102,1.2352941176470589,0.04861999805111321,680,But I don't want to be in a roll.
3239,3074,5,14,83,102,1.2352941176470589,0.05246120787801261,680,"You""res wearing king when I""m in a hermit mood."
3208,3074,5,14,83,102,1.2352941176470589,0.05246120787801261,680,I wish you would stop shaking hands and just hug people.
3110,3074,4,16,82,102,1.2352941176470589,0.050577082470770814,680,This is why I don’t like you drinking with your friends.
3105,3074,7,10,85,102,1.2352941176470589,0.05603973994898488,680,Don’t get snippy with me! I caught you red-handed!
2971,3074,4,16,82,102,1.2352941176470589,0.050577082470770814,680,I work so hard to claw my way to the top! A little support would ne nice! Do you always have to be so shellfish?
3806,3074,4,16,82,102,1.2352941176470589,0.050577082470770814,680,You don't literally need claws in order to claw your way to the top.
4522,3074,2,20,80,102,1.2352941176470589,0.04658075943697518,680,We are NEVER going to Red Lobster again.
4783,3074,4,16,82,102,1.2352941176470589,0.050577082470770814,680,"Oh, and what would've you spent your lottery winnings on?"
4692,3074,1,22,79,102,1.2352941176470589,0.044448060575917735,680,"Yes, I remember. I did agree to a marriage clause"
6160,3074,1,22,79,102,1.2352941176470589,0.044448060575917735,680,"I hate holding your hand when you're being such a crab."""
6078,3074,2,20,80,102,1.2352941176470589,0.04658075943697518,680,I don't care if my dress was wedged in or not!
6025,3074,3,18,81,102,1.2352941176470589,0.04861999805111321,680,Fine.  I won’t try to hold your hand in public anymore.
5942,3074,2,20,80,102,1.2352941176470589,0.04658075943697518,680,Your mom was a real crab.
5927,3074,2,20,80,102,1.2352941176470589,0.04658075943697518,680,Jeez!  Don't you know that there's the pincer claw and a much larger crusher claw?
5787,3074,5,14,83,102,1.2352941176470589,0.05246120787801261,680,Should have ordered the chicken.
5741,3074,2,20,80,102,1.2352941176470589,0.04658075943697518,680,"Remind me to never, ever, make out with you again!"
5735,3074,3,18,81,102,1.2352941176470589,0.04861999805111321,680,"As usual, you have it all backwards again!"
5719,3074,3,18,81,102,1.2352941176470589,0.04861999805111321,680,You keep saying that. Next time maybe just wear a collared-shirt.
5652,3074,3,18,81,102,1.2352941176470589,0.04861999805111321,680,How dare your mother treat me like that --now I'm steamed!
5647,3074,3,18,81,102,1.2352941176470589,0.04861999805111321,680,"Put those away, you look ridiculous"
5512,3074,3,18,81,102,1.2352941176470589,0.04861999805111321,680,I feel it's best if we keep our relationship platonic.
5491,3074,4,16,82,102,1.2352941176470589,0.050577082470770814,680,"I said stop being so ""selfish"""
5468,3074,3,18,81,102,1.2352941176470589,0.04861999805111321,680,Just because your name is Claude? You could have gotten a T-shirt!
5343,3074,2,20,80,102,1.2352941176470589,0.04658075943697518,680,You really need to start coming out of your shell.
5315,3074,3,18,81,102,1.2352941176470589,0.04861999805111321,680,Don’t be so sensitive. My father always asks for extra melted butter with dinner.
5276,3074,2,20,80,102,1.2352941176470589,0.04658075943697518,680,You're spending way too much time at the beach.
5103,3074,1,22,79,102,1.2352941176470589,0.044448060575917735,680,I said I wanted to have a lobster dinner but of course you had to overdo it.
5022,3074,3,18,81,102,1.2352941176470589,0.04861999805111321,680,"The relationship is over, don't try to claw your way back in!"
5019,3074,3,18,81,102,1.2352941176470589,0.04861999805111321,680,"So, this is your brilliant plan to claw your way to the top? Really??"
5015,3074,4,16,82,102,1.2352941176470589,0.050577082470770814,680,Go ahead!  You said you wanted freedom to grab all you wanted.
4942,3074,4,16,82,102,1.2352941176470589,0.050577082470770814,680,Don’t tell me “ it’s out of my hands”
4836,3074,1,22,79,102,1.2352941176470589,0.044448060575917735,680,It’s not an excuse to pinch everyone.
4788,3074,4,16,82,102,1.2352941176470589,0.050577082470770814,680,Well I thought the genetic testing guy was quite insulting!
2942,3074,3,18,81,102,1.2352941176470589,0.04861999805111321,680,"I said you need a cause, not claws."
4635,3074,2,20,80,102,1.2352941176470589,0.04658075943697518,680,If we don't find you a shell  to live in you'll just have to come back to the apartment.
2827,3074,4,16,82,102,1.2352941176470589,0.050577082470770814,680,How many times do I have to tell you not to leave home without rubber bands?
4137,3074,4,16,82,102,1.2352941176470589,0.050577082470770814,680,Well at least I’m not clammy.
2803,3074,3,18,81,102,1.2352941176470589,0.04861999805111321,680,I told you I’m allergic to shellfish.
1620,3074,3,18,81,102,1.2352941176470589,0.04861999805111321,680,"You've got to face facts:  you may be the best hand model in town, but your range is limited."
1578,3074,2,20,80,102,1.2352941176470589,0.04658075943697518,680,"If you embarrass me like that one more time, I'm going to get the rubber bands out again."
1474,3074,2,20,80,102,1.2352941176470589,0.04658075943697518,680,"And I'm telling you they don't actually mate for life, they've got harems"
1262,3074,4,16,82,102,1.2352941176470589,0.050577082470770814,680,"This is not what I expected when said you were clawing your way up the corporate ladder, Simon!"
1234,3074,2,20,80,102,1.2352941176470589,0.04658075943697518,680,The oven mitts fit. They might not acquit.
984,3074,5,14,83,102,1.2352941176470589,0.05246120787801261,680,"Either you drop them, or I’ll drop you."
874,3074,6,12,84,102,1.2352941176470589,0.05427997229904371,680,"Dear New Yorker:  this cartoon should not be published, because there is actually a birth deformity similar to this image."
792,3074,5,14,83,102,1.2352941176470589,0.05246120787801261,680,Hands or claws; keep them to yourself
740,3074,1,22,79,102,1.2352941176470589,0.044448060575917735,680,Its not like I'm the only one being crabby.
703,3074,5,14,83,102,1.2352941176470589,0.05246120787801261,680,I know you’re upset - I just can’t put a finger on why
678,3074,3,18,81,102,1.2352941176470589,0.04861999805111321,680,And don't even consider heavy petting at this point in our  relationship.
656,3074,5,14,83,102,1.2352941176470589,0.05246120787801261,680,I’m afraid my old-school New England family might eat you alive.
571,3074,3,18,81,102,1.2352941176470589,0.04861999805111321,680,But what is this saying about me?
547,3074,5,14,83,102,1.2352941176470589,0.05246120787801261,680,"I said, 'there ain't no laws when you DRINKING Claws'"
437,3074,3,18,81,102,1.2352941176470589,0.04861999805111321,680,"I'll be your emotional support lobster. Everybody has them nowadays, they'll never know."" You know, my mother was right about you"
354,3074,5,14,83,102,1.2352941176470589,0.05246120787801261,680,I talked about Michelangelo till I was blue in the face; I told you nobody was going to get my Mrs. Prufrock costume. Next T.S. Eliot Theme Night we're going as Practical Cats and be done with it.
326,3074,3,18,81,102,1.2352941176470589,0.04861999805111321,680,I needed you in a pinch and you weren't there.
324,3074,4,16,82,102,1.2352941176470589,0.050577082470770814,680,You didn't have to scream when you slipped into the hot tub with me...
280,3074,2,20,80,102,1.2352941176470589,0.04658075943697518,680,"Now that you've clawed your way to the top, what's next?"
265,3074,2,20,80,102,1.2352941176470589,0.04658075943697518,680,I'd have accepted your proposal had you not shot those rubber bands at me.
2808,3074,4,16,82,102,1.2352941176470589,0.050577082470770814,680,Try that one more time when we're with my friends and the pegs are going right back in.
1635,3074,5,14,83,102,1.2352941176470589,0.05246120787801261,680,How could you think my vegan parents would that funny?
1714,3074,4,16,82,102,1.2352941176470589,0.050577082470770814,680,I just don't understand why that restaurant offers everyone garlic butter except us.
3497,3074,5,18,96,119,1.2352941176470589,0.04729679185138561,680,No! We are NOT serving lobster rolls at our wedding reception.
1774,3074,3,18,81,102,1.2352941176470589,0.04861999805111321,680,"Damn it, Brian. You are not my lobster, I said it's over!"
1719,3074,5,14,83,102,1.2352941176470589,0.05246120787801261,680,I'm sorry but this is it. The foreplay is horrible and butter leaves grease stains on the sheets!
2727,3074,3,18,81,102,1.2352941176470589,0.04861999805111321,680,Relax—just because I'm upset with you doesn't mean I'm going to boil you alive.
2697,3074,1,22,79,102,1.2352941176470589,0.044448060575917735,680,You've seen that damned movie too many times.
2658,3074,3,18,81,102,1.2352941176470589,0.04861999805111321,680,No more birthday parties at Red Lobster.
2637,3074,2,20,80,102,1.2352941176470589,0.04658075943697518,680,"If you try to hold my hand once more, the rubber bands are going back on."
2615,3074,4,16,82,102,1.2352941176470589,0.050577082470770814,680,"With that attitude, you bet one of your claws is going to grow bigger."
2566,3074,2,20,80,102,1.2352941176470589,0.04658075943697518,680,They never even try getting your pronouns right
2558,3074,3,18,81,102,1.2352941176470589,0.04861999805111321,680,You have to stop playing with your food.
2463,3074,5,14,83,102,1.2352941176470589,0.05246120787801261,680,"I know your nickname was ""Larry, the Lobster"" in high school, but you're 42 now and it's really time to give up the lobster mitts."
2341,3074,5,14,83,102,1.2352941176470589,0.05246120787801261,680,"I always feel like a fish out of water with you..."""
2392,3074,3,18,81,102,1.2352941176470589,0.04861999805111321,680,"Next time, keep your claws to yourself!"
2275,3074,2,20,80,102,1.2352941176470589,0.04658075943697518,680,It’s just that my last boyfriend couldn’t keep his paws off of me.
1802,3074,4,16,82,102,1.2352941176470589,0.050577082470770814,680,I told you not to order the soup.
1875,3074,4,16,82,102,1.2352941176470589,0.050577082470770814,680,It is certainly NOT making me any less irritable!
1912,3074,4,16,82,102,1.2352941176470589,0.050577082470770814,680,That crab was so overpriced!
2320,3074,4,16,82,102,1.2352941176470589,0.050577082470770814,680,I’m about to snap.
2040,3074,4,16,82,102,1.2352941176470589,0.050577082470770814,680,Blind dates never work out for me.
2000,3074,2,20,80,102,1.2352941176470589,0.04658075943697518,680,Don't get snippy with me again.
2224,3074,1,22,79,102,1.2352941176470589,0.044448060575917735,680,Summer's over. You're holding on to the beach vibe too long!
2247,3074,6,12,84,102,1.2352941176470589,0.05427997229904371,680,"I thought your online profile said ""mobster"", not ""lobster""!"
2078,3074,7,10,85,102,1.2352941176470589,0.05603973994898488,680,I said I'd edit the dependent clause and you should take on the main clause ... not the MAINE CLAWS!
1092,3178,4,15,79,98,1.2346938775510203,0.051896538077764114,680,You've been spending way too much time in Maine.
582,3179,3,20,88,111,1.2342342342342343,0.046065428942378965,680,A class on Origami? Really?
5930,3180,4,16,83,103,1.233009708737864,0.05013570674702158,680,You and red wine do not pair well.
3916,3180,5,14,84,103,1.233009708737864,0.05199958173026883,680,What was I thinking - introducing you to Ms. Butterfingers?
753,3180,5,14,84,103,1.233009708737864,0.05199958173026883,680,I'm so tired of this heat.
4089,3180,2,20,81,103,1.233009708737864,0.046182835261861316,680,"When I said “full disclosure,”  I meant full in the context of online dating."
1828,3180,4,16,83,103,1.233009708737864,0.05013570674702158,680,It's from my mother's side
1459,3180,2,20,81,103,1.233009708737864,0.046182835261861316,680,Jill bitterly regretted not checking the prenup after her request to add an extra clause...
3237,3180,4,16,83,103,1.233009708737864,0.05013570674702158,680,I knew they’d kick us out.
4258,3187,3,14,69,86,1.2325581395348837,0.054041628086615126,680,Don't you dare get snappy with me!
2834,3188,2,19,78,99,1.2323232323232323,0.04724590344515121,680,"I'm sick of getting thrown out of every restaurant that has a lobster tank that you feel the need to dive into.  AND THEN, blaming it on a zagillion years of  DNA programming!"
3773,3188,3,17,79,99,1.2323232323232323,0.04937933227205966,680,Once the primaries begin the electorate starts looking more closely at potential first spouses.
3813,3188,3,17,79,99,1.2323232323232323,0.04937933227205966,680,I thought shaking hands was a socially acceptable custom for a first date.
3853,3188,1,21,77,99,1.2323232323232323,0.04501146886142054,680,"No, I do not want a hug !!"
3863,3188,3,17,79,99,1.2323232323232323,0.04937933227205966,680,How are things at the office?
3900,3188,5,13,81,99,1.2323232323232323,0.05339105339105338,680,I swear-- you'll do anything to not hold hands in public.
3969,3188,4,15,80,99,1.2323232323232323,0.051424328084287034,680,"They were out of tails, really?!"
3983,3188,5,13,81,99,1.2323232323232323,0.05339105339105338,680,No. We are not having lunch at a Kosher deli.
3987,3188,2,19,78,99,1.2323232323232323,0.04724590344515121,680,Just keep your hands off me!
4064,3188,1,21,77,99,1.2323232323232323,0.04501146886142054,680,Pinching is so passé
4219,3188,3,17,79,99,1.2323232323232323,0.04937933227205966,680,"You know, you’ve been acting really crabby lately."
4224,3188,3,17,79,99,1.2323232323232323,0.04937933227205966,680,You should try to be less shellfish sometimes
4256,3188,4,15,80,99,1.2323232323232323,0.051424328084287034,680,You say they’re big in Brooklyn. But are they vegan?
4391,3188,3,17,79,99,1.2323232323232323,0.04937933227205966,680,That’s not an excuse—so am I!
4438,3188,2,19,78,99,1.2323232323232323,0.04724590344515121,680,"You just ""forgot"" to bring the rubber bands, huh?"
4473,3188,5,13,81,99,1.2323232323232323,0.05339105339105338,680,"That damn genie sure took things literally
Jon E. Kensington, CA"
4496,3188,2,19,78,99,1.2323232323232323,0.04724590344515121,680,My mother worked at Red Lobster.
3742,3188,4,15,80,99,1.2323232323232323,0.051424328084287034,680,"Harold, I've told you a dozen times, I won't date a guy with the crabs!"
3661,3188,3,17,79,99,1.2323232323232323,0.04937933227205966,680,Okay - so I didn't say keep your CLAWS off me
3630,3188,3,17,79,99,1.2323232323232323,0.04937933227205966,680,"I'm just saying, I feel like I'm hiding under a rock with you."
3628,3188,3,17,79,99,1.2323232323232323,0.04937933227205966,680,"Before “Me Too”, I occasionally liked it when you pinched me."
2843,3188,6,11,82,99,1.2323232323232323,0.055287861646949536,680,I've told you a thousand times my dad collects *mobster* memorabilia.
2920,3188,1,21,77,99,1.2323232323232323,0.04501146886142054,680,Of course I'm upset! They *know* we don't eat shellfish!
2967,3188,4,15,80,99,1.2323232323232323,0.051424328084287034,680,"If this is how you come to our first date, I wonder what you'll look like for a divorce."
3004,3188,1,21,77,99,1.2323232323232323,0.04501146886142054,680,"‘You’re not clawing your way out of this one, Dennis.’"
3005,3188,3,17,79,99,1.2323232323232323,0.04937933227205966,680,"Face it, John! Being caught red handed usually results in an arrest.
You were lucky I was here to vouch for you!"
3109,3188,2,19,78,99,1.2323232323232323,0.04724590344515121,680,Don't pull your J. Alfred Prufrock act again.
4521,3188,5,13,81,99,1.2323232323232323,0.05339105339105338,680,I’m sorry I snapped at you
3166,3188,3,17,79,99,1.2323232323232323,0.04937933227205966,680,"That's it for me!  Absolutely no more internet dating!  And I'm getting an app that can block incoming hands-free texts!  Claude, another thing:  Don't you get why you should change your name?!"
3173,3188,3,17,79,99,1.2323232323232323,0.04937933227205966,680,"Aw, c'mon! I thought Crustacean was a sect. And you open jars for a living?"
3238,3188,2,19,78,99,1.2323232323232323,0.04724590344515121,680,Your scarlet pincers are just as embarrassing for me.
3246,3188,5,13,81,99,1.2323232323232323,0.05339105339105338,680,What were you saying about Gregor Samsa?
3266,3188,3,17,79,99,1.2323232323232323,0.04937933227205966,680,"Not funny, 'Rock Lobster' is so passe'"
3276,3188,3,17,79,99,1.2323232323232323,0.04937933227205966,680,"#fallsoutclawsout is never going to trend, Brad."
3316,3188,4,15,80,99,1.2323232323232323,0.051424328084287034,680,jefhrbgyfvbgyrhnb9geryheuejhutrhfhtgerhfvtre3fygfretchnjdkslkdjfn
3408,3188,1,21,77,99,1.2323232323232323,0.04501146886142054,680,So you don't hold hands in public and you don't drive. I don't see how this date can possibly get any worse.
3475,3188,3,17,79,99,1.2323232323232323,0.04937933227205966,680,I can’t believe Betty served crab bisque.
3511,3188,3,17,79,99,1.2323232323232323,0.04937933227205966,680,"No, I had fun too...it’s just that some women don’t enjoy having their breasts played with."
2801,3188,6,11,82,99,1.2323232323232323,0.055287861646949536,680,"Last week you ordered pig's feet.  Today, crab claws.  What'll it be  next week...beef tongue?"
4607,3188,3,17,79,99,1.2323232323232323,0.04937933227205966,680,"You’ve just been really, I dunno...clingy."
5958,3188,5,13,81,99,1.2323232323232323,0.05339105339105338,680,So you think you can claw your way to the top in those clothes?
4728,3188,2,19,78,99,1.2323232323232323,0.04724590344515121,680,I thought 'tenacity' was an admirable quality in your profile!
5391,3188,2,19,78,99,1.2323232323232323,0.04724590344515121,680,Stop snipping at me.
5493,3188,2,19,78,99,1.2323232323232323,0.04724590344515121,680,I must hand it to you—you do act normal.
5537,3188,3,17,79,99,1.2323232323232323,0.04937933227205966,680,God I’ll be glad when Lobtober is over.
5539,3188,4,15,80,99,1.2323232323232323,0.051424328084287034,680,I get it. You're a lobsterman. Literally!
5561,3188,5,13,81,99,1.2323232323232323,0.05339105339105338,680,I told you eating shellfish always gives you a bad reaction!
5685,3188,2,19,78,99,1.2323232323232323,0.04724590344515121,680,You are always coming up with excuses to avoid rubbing my feet!
5702,3188,3,17,79,99,1.2323232323232323,0.04937933227205966,680,"Since you insisted we declaw the cat, it's time we do the same to you."
5721,3188,3,17,79,99,1.2323232323232323,0.04937933227205966,680,They said you could keep the bib!
5747,3188,5,13,81,99,1.2323232323232323,0.05339105339105338,680,"When my friends say anything, you take their heads off."
2786,3188,2,19,78,99,1.2323232323232323,0.04724590344515121,680,"I said, at least a 5 ft distance!"
5836,3188,4,15,80,99,1.2323232323232323,0.051424328084287034,680,"It's nickels, dimes, and the dollars that we have to worry about, not just pinching pennies."
5894,3188,2,19,78,99,1.2323232323232323,0.04724590344515121,680,I know your dating profile said you were a little crabby but I'm still surprised.
6013,3188,4,15,80,99,1.2323232323232323,0.051424328084287034,680,Why don't you just go and scuttle across the floors of silent seas?
6131,3188,4,15,80,99,1.2323232323232323,0.051424328084287034,680,You never want to get sushi.
6132,3188,4,15,80,99,1.2323232323232323,0.051424328084287034,680,I'M not the one who's being crabby!
6141,3188,6,11,82,99,1.2323232323232323,0.055287861646949536,680,I bet you think you can claw your way to the top again
6162,3188,3,17,79,99,1.2323232323232323,0.04937933227205966,680,I regret telling you that you remind me of Colin Farrell.
5386,3188,2,19,78,99,1.2323232323232323,0.04724590344515121,680,This superhero stuff is getting out of hand
4642,3188,4,15,80,99,1.2323232323232323,0.051424328084287034,680,A bisque? Is that what you called me? So what do you mean by that?
5363,3188,5,13,81,99,1.2323232323232323,0.05339105339105338,680,You just had  to make fun of the lobsters in the tank didn't you?
5299,3188,3,17,79,99,1.2323232323232323,0.04937933227205966,680,"Nobu doesn’t think it’s funny.
I don’t think it’s funny."
4740,3188,5,13,81,99,1.2323232323232323,0.05339105339105338,680,I hope we get home before you change any more
4769,3188,3,17,79,99,1.2323232323232323,0.04937933227205966,680,You say your name is Edward Scissorclaws?
4786,3188,1,21,77,99,1.2323232323232323,0.04501146886142054,680,I wish you hadn't put those claws in our prenup.
4789,3188,3,17,79,99,1.2323232323232323,0.04937933227205966,680,I tried to call you
4798,3188,3,17,79,99,1.2323232323232323,0.04937933227205966,680,I just HATE it when you're a crab.
4831,3188,2,19,78,99,1.2323232323232323,0.04724590344515121,680,I hope you're not planning on being crabby all evening...
4900,3188,3,17,79,99,1.2323232323232323,0.04937933227205966,680,I thought Edward Lobsterhands was just his name!
4910,3188,4,15,80,99,1.2323232323232323,0.051424328084287034,680,"Well then, un-boil them."
4941,3188,1,21,77,99,1.2323232323232323,0.04501146886142054,680,You didn’t have to get so snippy with me!
4962,3188,3,17,79,99,1.2323232323232323,0.04937933227205966,680,You could at least stop trying to grab the check.
5016,3188,4,15,80,99,1.2323232323232323,0.051424328084287034,680,You know I don’t like it when you act shellfishly.
5070,3188,5,13,81,99,1.2323232323232323,0.05339105339105338,680,Foreplay is difficult
5074,3188,2,19,78,99,1.2323232323232323,0.04724590344515121,680,2That saleswoman was practically salivating over you.
5109,3188,1,21,77,99,1.2323232323232323,0.04501146886142054,680,I’m tired of clawing my way up in the Firm!
5119,3188,3,17,79,99,1.2323232323232323,0.04937933227205966,680,How did you even set up a Tinder profile with those things?
5184,3188,5,13,81,99,1.2323232323232323,0.05339105339105338,680,Get a rubber band.
5223,3188,3,17,79,99,1.2323232323232323,0.04937933227205966,680,Ok !No groping
5342,3188,3,17,79,99,1.2323232323232323,0.04937933227205966,680,"They all KNOW you're a blue blood, Timothy; no need to accentuate it."
2742,3188,4,15,80,99,1.2323232323232323,0.051424328084287034,680,I still think boxing gloves would be more effective.
1585,3188,2,19,78,99,1.2323232323232323,0.04724590344515121,680,We are never doing foreplay again
2675,3188,5,13,81,99,1.2323232323232323,0.05339105339105338,680,Now I see why you never text me back--pure shellfishness!
851,3188,3,17,79,99,1.2323232323232323,0.04937933227205966,680,Dominance hierarchies be damned! You want something you gotta grab it with both claws!
868,3188,4,15,80,99,1.2323232323232323,0.051424328084287034,680,So much for adding color to marriage. I’m a redhead and no one will ever know.
949,3188,4,15,80,99,1.2323232323232323,0.051424328084287034,680,"OK, now you can claw back that money we lost."
1005,3188,3,17,79,99,1.2323232323232323,0.04937933227205966,680,I can't believe how shellfish you are!
1030,3188,3,17,79,99,1.2323232323232323,0.04937933227205966,680,What are you so crabby about?
1032,3188,2,19,78,99,1.2323232323232323,0.04724590344515121,680,"You love the B52's more than you love me!"""
1080,3188,3,17,79,99,1.2323232323232323,0.04937933227205966,680,Want to play grab ass?
1096,3188,3,17,79,99,1.2323232323232323,0.04937933227205966,680,"Claws you're mine"""
1171,3188,5,13,81,99,1.2323232323232323,0.05339105339105338,680,You'll wear those 'til you stop pinching waitresses.
1173,3188,3,17,79,99,1.2323232323232323,0.04937933227205966,680,I’m not mad. I have claws-trophobia.
1214,3188,4,15,80,99,1.2323232323232323,0.051424328084287034,680,You should have warned me about the crabs.
1226,3188,4,15,80,99,1.2323232323232323,0.051424328084287034,680,"No, I didn’t forget the butter. Why?"
1232,3188,3,17,79,99,1.2323232323232323,0.04937933227205966,680,Next time I pick where we eat. The kids officially have enough lobster mitts!
1293,3188,1,21,77,99,1.2323232323232323,0.04501146886142054,680,I  didn't pick red.
1442,3188,5,13,81,99,1.2323232323232323,0.05339105339105338,680,I meant I was in the mood for a lobster roll not a stroll
801,3188,3,17,79,99,1.2323232323232323,0.04937933227205966,680,I’m sorry. I thought it was a kind of manicure.
744,3188,5,13,81,99,1.2323232323232323,0.05339105339105338,680,"It's over, John. I told you on our first date that I was kosher!"
682,3188,3,17,79,99,1.2323232323232323,0.04937933227205966,680,Keep your filthy claws off of me!
675,3188,3,17,79,99,1.2323232323232323,0.04937933227205966,680,Don't  try to claw your way back into my affections.
67,3188,2,19,78,99,1.2323232323232323,0.04724590344515121,680,"First stop, my manicurist."
121,3188,1,21,77,99,1.2323232323232323,0.04501146886142054,680,Listen I know you're in a pinch but you don't have to be so hard-shelled
228,3188,2,19,78,99,1.2323232323232323,0.04724590344515121,680,No I will not call you 'David Pincer'
229,3188,2,19,78,99,1.2323232323232323,0.04724590344515121,680,I get it.  You're a freak.  But do you have to be so crabby about it?
244,3188,4,15,80,99,1.2323232323232323,0.051424328084287034,680,"Stop being such a crab, John."
345,3188,4,15,80,99,1.2323232323232323,0.051424328084287034,680,That is the most pathetic boxing outfit I have ever seen.
385,3188,5,13,81,99,1.2323232323232323,0.05339105339105338,680,I know you are a good catch but you don't have to act so crabby.
1485,3188,2,19,78,99,1.2323232323232323,0.04724590344515121,680,I just don't like public displays of affection.
398,3188,4,15,80,99,1.2323232323232323,0.051424328084287034,680,"I WISH YOU WEREN""T SO SHELLFISH"
455,3188,4,15,80,99,1.2323232323232323,0.051424328084287034,680,We'd still be together if you weren't so shellfish.
465,3188,5,13,81,99,1.2323232323232323,0.05339105339105338,680,There must be a clause in the pre-nup...
2713,3188,4,15,80,99,1.2323232323232323,0.051424328084287034,680,"Why in the world would you ask for ""crab claws only"" !"
597,3188,4,15,80,99,1.2323232323232323,0.051424328084287034,680,I told you to keep your CLAWS off me
632,3188,4,15,80,99,1.2323232323232323,0.051424328084287034,680,"No Claude, I will not ""check your nose""."
658,3188,5,13,81,99,1.2323232323232323,0.05339105339105338,680,"And to make matters worse, your parents named you Claude!"
664,3188,2,19,78,99,1.2323232323232323,0.04724590344515121,680,"We talked about this, you were to grabby in bed."
429,3188,4,15,80,99,1.2323232323232323,0.051424328084287034,680,"No, I’m not holding hands."
1500,3188,4,15,80,99,1.2323232323232323,0.051424328084287034,680,We will NOT have a cheering section at the next Bris.
574,3188,4,15,80,99,1.2323232323232323,0.051424328084287034,680,No more foreplay.
2634,3188,6,11,82,99,1.2323232323232323,0.055287861646949536,680,Sorry I couldn't pick up the tab.
2395,3188,6,11,82,99,1.2323232323232323,0.055287861646949536,680,"I might be hangry, but you’re the crabby one."
2413,3188,5,13,81,99,1.2323232323232323,0.05339105339105338,680,Stage five of the Kabourophobia treatment plan.
2448,3188,5,13,81,99,1.2323232323232323,0.05339105339105338,680,"Do you want the rubber bands back on? Then, shut up!"
2473,3188,2,19,78,99,1.2323232323232323,0.04724590344515121,680,"Sorry, I prefer calamari."
2484,3188,1,21,77,99,1.2323232323232323,0.04501146886142054,680,"Yes, I call that ‘foreplay’."
2487,3188,4,15,80,99,1.2323232323232323,0.051424328084287034,680,"Look, Donald, it may be O.K. to pinch a kitty, but..."
2352,3188,2,19,78,99,1.2323232323232323,0.04724590344515121,680,You've been so crabby recently
2503,3188,3,17,79,99,1.2323232323232323,0.04937933227205966,680,I can hardly wait until you've finished molting.
2571,3188,4,15,80,99,1.2323232323232323,0.051424328084287034,680,And all these years I called you “Ham Handed”.
2604,3188,5,13,81,99,1.2323232323232323,0.05339105339105338,680,I'm having serious issues with your #metoo therapist.
2606,3188,2,19,78,99,1.2323232323232323,0.04724590344515121,680,But our anniversary slipped your mind.
2621,3188,5,13,81,99,1.2323232323232323,0.05339105339105338,680,I prefer to think of myself as upper crust.
2674,3188,5,13,81,99,1.2323232323232323,0.05339105339105338,680,I wonder if my dating app has a clawback feature?
1574,3188,4,15,80,99,1.2323232323232323,0.051424328084287034,680,I can't take you anywhere!
2555,3188,4,15,80,99,1.2323232323232323,0.051424328084287034,680,Is this how you plan on clawing your way to the top?
2343,3188,4,15,80,99,1.2323232323232323,0.051424328084287034,680,Edward Scissorshands was better.
2522,3188,4,15,80,99,1.2323232323232323,0.051424328084287034,680,I just hate it when they require formal attire.
2319,3188,3,17,79,99,1.2323232323232323,0.04937933227205966,680,That’s your whole plan? To scuttle across the floor of silent seas?
2330,3188,2,19,78,99,1.2323232323232323,0.04724590344515121,680,"When I said you were ‘too handsy’ on our  first date, I didn’t expect this kind of reaction.”"
1659,3188,4,15,80,99,1.2323232323232323,0.051424328084287034,680,"No, I don’t think it’s “cool.”"
1696,3188,1,21,77,99,1.2323232323232323,0.04501146886142054,680,I can't BELIEVE he's wearing shorts
1742,3188,1,21,77,99,1.2323232323232323,0.04501146886142054,680,"Oh, I'M being crabby?"
1867,3188,5,13,81,99,1.2323232323232323,0.05339105339105338,680,We'll never be allowed back.
1995,3188,1,21,77,99,1.2323232323232323,0.04501146886142054,680,And you think I’m being crabby!
2001,3188,4,15,80,99,1.2323232323232323,0.051424328084287034,680,I hope you won't expect me to participate in your personal hygiene!
1849,3188,3,17,79,99,1.2323232323232323,0.04937933227205966,680,Did you have to tell everyone you clawed your way to the top?
2166,3188,3,17,79,99,1.2323232323232323,0.04937933227205966,680,I think you are going to have to claw your way to the top if you want to get anywhere...
2281,3188,4,15,80,99,1.2323232323232323,0.051424328084287034,680,"I told you to stop, but at least your eyes didn't go bad."
2004,3188,6,11,82,99,1.2323232323232323,0.055287861646949536,680,"NEXT time, it'll be McDonalds!! Hear me, Buster???"
2270,3188,6,11,82,99,1.2323232323232323,0.055287861646949536,680,"I said that if I wanted to live dangerously, I should have married a MOBSTER!"
2252,3188,4,15,80,99,1.2323232323232323,0.051424328084287034,680,Talk about clawing your way to the top!
1596,3188,3,17,79,99,1.2323232323232323,0.04937933227205966,680,I'm so tired of you using your clawdicap as both an excuse and a means for attention.
2207,3188,3,17,79,99,1.2323232323232323,0.04937933227205966,680,"I didn't say ""pinch her""."
2205,3188,4,15,80,99,1.2323232323232323,0.051424328084287034,680,My last relationship boiled me alive.
5699,3345,1,22,81,104,1.2307692307692308,0.043705275295351925,680,You’re definitely in hot water with me.
5376,3345,6,12,86,104,1.2307692307692308,0.05332619971058358,680,"You promised me not to go on stage during the B52's Rock Lobster"""
4419,3345,5,14,85,104,1.2307692307692308,0.05154587353209697,680,I don't care if you say they're retractable.
370,3345,3,18,83,104,1.2307692307692308,0.04778665172843477,680,No need to ask what your superpower is.
1547,3349,3,17,80,100,1.23,0.04893822120745191,680,FOREPLAY????  I have 16 stitches and PTSD!
869,3349,2,19,79,100,1.23,0.0468287229478799,680,"If you sing Rock Lobster one more time, I'm out of here!"
1634,3349,3,17,80,100,1.23,0.04893822120745191,680,"Next time, warn me before you reach for a loose button on my blouse."
783,3349,0,23,77,100,1.23,0.04229525846816508,680,Let’s not hold hands for now.
434,3349,3,17,80,100,1.23,0.04893822120745191,680,"I’m not going to put up with the crabby attitude you’re giving me today, Bob."
2542,3349,3,17,80,100,1.23,0.04893822120745191,680,How about peel and eat shrimp for dinner followed by a game of Jenga?...for money
5407,3349,6,11,83,100,1.23,0.05478147589295219,680,I’ve told you time after time...you are not a plumber!
3709,3349,3,17,80,100,1.23,0.04893822120745191,680,I said no PDA!
4201,3349,3,17,80,100,1.23,0.04893822120745191,680,Just please don’t make me wear the stupid bib in public
4457,3349,1,21,78,100,1.23,0.04461960433384738,680,Ugh you never hold my hands in public
4474,3349,2,19,79,100,1.23,0.0468287229478799,680,Toxic clawsculinity.
4647,3349,3,17,80,100,1.23,0.04893822120745191,680,"Uh, I don't remember you mentioning those in your profile on Match.com."
5611,3349,3,17,80,100,1.23,0.04893822120745191,680,You could have dressed nicer to meet my parents.
5701,3349,4,15,81,100,1.23,0.05096047190685834,680,I just feel like I’m crawling backwards in circles with you.”
2573,3349,1,21,78,100,1.23,0.04461960433384738,680,Your territory is not in need of expansion Brian.
5990,3349,3,17,80,100,1.23,0.04893822120745191,680,I thought you said they might get “clammy.”
3493,3349,3,17,80,100,1.23,0.04893822120745191,680,It’s obvious why I ask you to tie my shoes
3486,3349,0,23,77,100,1.23,0.04229525846816508,680,"I'm not so keen on the shorts, but you could at least have worn a shirt with a collar."
4974,3367,3,14,70,87,1.2298850574712643,0.053483689652870973,680,"I heard you were frugal, but you’re a downright penny-pincher!"
236,3367,4,12,71,87,1.2298850574712643,0.055926856386234985,680,The only place you coulda been a contender is on the waterfront.
5892,3369,4,17,88,109,1.2293577981651376,0.04812669371707594,680,"I told you not to touch that, you don't know where it's been and I told you to wash your hands but did you listen to me no because you never listen to me and I don't see why I always have to be the one to clean after your mistakes because you nev ."
1231,3369,4,17,88,109,1.2293577981651376,0.04812669371707594,680,And you wanna be what for Halloween?
2498,3369,6,13,90,109,1.2293577981651376,0.05153608423961075,680,Worst finger-bang ever!
5163,3372,4,14,78,96,1.2291666666666667,0.052313089726426475,680,It felt like the Rothsteins were glaring at you all dinner.
2394,3373,3,20,91,114,1.2280701754385965,0.04498630563125218,680,"Ugh, at the very least, you could've shaved."
1160,3374,5,13,83,101,1.2277227722772277,0.05242852394009396,680,"I'm not the only one who's crabby today"""
3651,3374,5,13,83,101,1.2277227722772277,0.05242852394009396,680,"Her: ""I'm crabby""
Him: ""You too, huh?"""
3902,3376,4,14,79,97,1.2268041237113403,0.05182484925036314,680,Keep snapping at me and you may find yourself in some VERY hot water.
4147,3376,2,18,77,97,1.2268041237113403,0.04750012352845047,680,We need to get out more....I'm tired of living like a hermit.
3001,3376,5,12,80,97,1.2268041237113403,0.05385714095758584,680,"If you think you can claw your way back into this relationship, you've got another thing coming, and I don't mean a tail."
3088,3376,2,18,77,97,1.2268041237113403,0.04750012352845047,680,So much for foreplay now!
3434,3376,2,18,77,97,1.2268041237113403,0.04750012352845047,680,I am not putting on my sexy lingerie.  What’s the difference?  We are out of butter sauce anyway.
3374,3376,2,18,77,97,1.2268041237113403,0.04750012352845047,680,"As soon as you saw Sheila, you just couldn't wait to get your claws on her."
3203,3376,3,16,78,97,1.2268041237113403,0.049709540005118326,680,"Hmph! Your profile said ""merman""."
4161,3376,3,16,78,97,1.2268041237113403,0.049709540005118326,680,definitely no nipple play tonight OK !
3021,3376,4,14,79,97,1.2268041237113403,0.05182484925036314,680,"I’m disappointed Gerald, I thought you of all people should have been able to win me that stuffed animal."
3603,3376,3,16,78,97,1.2268041237113403,0.049709540005118326,680,"I swear, I'm not contagious."
4456,3376,3,16,78,97,1.2268041237113403,0.049709540005118326,680,“Please do not anything about clawing your way out of this one.”
5505,3376,2,18,77,97,1.2268041237113403,0.04750012352845047,680,"Let’s go to MY restaurant, you said. We’ll have a fun time, you said."
4676,3376,3,16,78,97,1.2268041237113403,0.049709540005118326,680,"No, no, no.  It was an idiom, and I just wanted you to put a little more energy into your career."
4946,3376,4,14,79,97,1.2268041237113403,0.05182484925036314,680,"No, my profile said I like White Claw!"
5330,3376,3,16,78,97,1.2268041237113403,0.049709540005118326,680,Where's the rest of the poor thing?
6104,3376,2,18,77,97,1.2268041237113403,0.04750012352845047,680,You could have at least warned me about your family.”
6074,3376,2,18,77,97,1.2268041237113403,0.04750012352845047,680,I thought your profile said that you were slightly SELFISH!
5899,3376,3,16,78,97,1.2268041237113403,0.049709540005118326,680,I told you not to wear the knee-length shorts.
5687,3376,3,16,78,97,1.2268041237113403,0.049709540005118326,680,Am I out of hot water yet?
5572,3376,1,20,76,97,1.2268041237113403,0.04518279653712958,680,You had to cut the blue wire didn't you...
5614,3376,3,16,78,97,1.2268041237113403,0.049709540005118326,680,"Let me be absolutely clear, you're not my taste in men!"
4478,3376,2,18,77,97,1.2268041237113403,0.04750012352845047,680,You're taking the hands off clause too literally.
2642,3376,3,16,78,97,1.2268041237113403,0.049709540005118326,680,If that's your idea of foreplay...
2820,3376,4,14,79,97,1.2268041237113403,0.05182484925036314,680,You couldn't do a boxing  workout?
24,3376,4,14,79,97,1.2268041237113403,0.05182484925036314,680,"When you want me to buy bread please stop asking me to ""pinch a loaf""."
159,3376,1,20,76,97,1.2268041237113403,0.04518279653712958,680,"The game was yesterday, Brian."
378,3376,2,18,77,97,1.2268041237113403,0.04750012352845047,680,"I should have listened when my mother said marry a rich one, not a po-boy"
425,3376,2,18,77,97,1.2268041237113403,0.04750012352845047,680,Why would you think it was okay to introduce me as 'Turf''?
697,3376,4,14,79,97,1.2268041237113403,0.05182484925036314,680,"Yeah, well, I think that Gregor Samsa would have at least been courteous enough to put this on his profile."
766,3376,4,14,79,97,1.2268041237113403,0.05182484925036314,680,"Don't try to claw your way to the top  mister, #Metoo."
1166,3376,2,18,77,97,1.2268041237113403,0.04750012352845047,680,You are such a shellfish penny pincher.
1111,3376,4,14,79,97,1.2268041237113403,0.05182484925036314,680,I will not dip your hands in butter when we hold hands in movie!
1579,3376,3,16,78,97,1.2268041237113403,0.049709540005118326,680,"Taking it 'to go' seems to mean something different to you"""
1858,3376,3,16,78,97,1.2268041237113403,0.049709540005118326,680,"Trust me, the superhero look is not working!"
2254,3376,3,16,78,97,1.2268041237113403,0.049709540005118326,680,Hah!  YOU'RE calling ME crabby?!
2458,3376,4,14,79,97,1.2268041237113403,0.05182484925036314,680,Butter sauce? Really>
2517,3376,2,18,77,97,1.2268041237113403,0.04750012352845047,680,"Look, I just thought that finishing with a pinch was the way to go."
2531,3376,2,18,77,97,1.2268041237113403,0.04750012352845047,680,Now is not the time to butter up to me.
1265,3376,1,20,76,97,1.2268041237113403,0.04518279653712958,680,"For the last time, tickling is NOT my love language."
2556,3376,4,14,79,97,1.2268041237113403,0.05182484925036314,680,"I'm sorry I'm the one to tell you Larry, but you lost your grip back there."
1252,3416,2,20,84,106,1.2264150943396226,0.045027732031695245,680,"I really don't care if you need them to claw your way to the top, I'm getting bad cuts all over my body!"
3872,3416,5,14,87,106,1.2264150943396226,0.05066142723877443,680,Why won’t you use my hand cream?
1706,3416,4,16,86,106,1.2264150943396226,0.048855764148690535,680,"Genie,” I said, “I wish he’d never play another frigging note on the piano, whether or not you get him a Steinway."
1385,3416,3,18,85,106,1.2264150943396226,0.046980753199957474,680,"When I asked you to be more spontaneous, this is not what I had in mind.”"
6122,3420,3,16,79,98,1.2244897959183674,0.049254087406169565,680,"Sure, NOW it's obvious the adoption agency was double-checking that I had ""read THE clause,"" but you've got to admit the voicemail was tough to decipher."
886,3420,4,14,80,98,1.2244897959183674,0.051345482390755634,680,"Keep your claws off of me, you freak!"
1559,3420,3,16,79,98,1.2244897959183674,0.049254087406169565,680,I was embarrassed by how you ate all those frog legs.
2933,3420,2,18,78,98,1.2244897959183674,0.04706985968207029,680,"I know you had to claw your way to the top, but I don't like the trade-off!"
3593,3420,3,16,79,98,1.2244897959183674,0.049254087406169565,680,"I’m not saying you’re catfishing me, I just think you should have put your claws in your profile."
3703,3420,1,20,77,98,1.2244897959183674,0.04477921677257186,680,How about we discuss the phrase 'hold me tight' for starters....
4790,3426,2,15,68,85,1.223529411764706,0.05124902291405896,680,And now I have a case of the crabs.
4983,3426,3,13,69,85,1.223529411764706,0.053912655234774585,680,"Nope, no grope."
1670,3426,2,15,68,85,1.223529411764706,0.05124902291405896,680,You’re too rough when it comes to playing around down there.
4067,3429,2,17,75,94,1.2234042553191489,0.04819851261634567,680,I don’t care how manly you feel: long shorts are passé.
4031,3429,2,17,75,94,1.2234042553191489,0.04819851261634567,680,Claude why must you take everthing so literal?
4538,3429,2,17,75,94,1.2234042553191489,0.04819851261634567,680,How did you get your shirt on without stretching it?
3944,3429,2,17,75,94,1.2234042553191489,0.04819851261634567,680,NO!!!! This is not an acceptable alternative to keeping your clammy hands off of me!!!!!!!!
4545,3429,4,13,77,94,1.2234042553191489,0.052731943044405004,680,You didn’t tell me you sucked at foosball?!
4551,3429,3,15,76,94,1.2234042553191489,0.05051610849850969,680,First thing I want to do is boil some water.
4455,3429,3,15,76,94,1.2234042553191489,0.05051610849850969,680,"I told you not to pinch that witch, ""Your Boss."""
3890,3429,1,19,74,94,1.2234042553191489,0.04576369761091057,680,"I’ve told you many times, Larry; if you insist on holding my hand in public, use your pincer!"
4327,3429,3,15,76,94,1.2234042553191489,0.05051610849850969,680,I'll bet you find them handy in a pinch!
3758,3429,6,9,79,94,1.2234042553191489,0.056905351383228574,680,I'm just saying you ought be less crabby at dinner.
3671,3429,3,15,76,94,1.2234042553191489,0.05051610849850969,680,That wasn't the shocker I was expecting.
3499,3429,4,13,77,94,1.2234042553191489,0.052731943044405004,680,The last place I want to be with you is in hot water
4619,3429,3,15,76,94,1.2234042553191489,0.05051610849850969,680,No--you're not dressed right to meet them.
3417,3429,4,13,77,94,1.2234042553191489,0.052731943044405004,680,Even after I reminded you to take your allergy medication.
3342,3429,3,15,76,94,1.2234042553191489,0.05051610849850969,680,"I don't care what they cost , you are not touching

 me with those claws!!"
3319,3429,4,13,77,94,1.2234042553191489,0.052731943044405004,680,"You’re endangered, and you never told me?!"
3790,3429,2,17,75,94,1.2234042553191489,0.04819851261634567,680,I'm tired of being called the crabby one in this relationship.
4657,3429,4,13,77,94,1.2234042553191489,0.052731943044405004,680,Couldn’t you just get the crabs like everyone else?
5693,3429,1,19,74,94,1.2234042553191489,0.04576369761091057,680,I get why your Tinder profile only consisted of headshots
4975,3429,4,13,77,94,1.2234042553191489,0.052731943044405004,680,OK OK — I get it — no wedding rings
5944,3429,5,11,78,94,1.2234042553191489,0.0548583486503517,680,So now you're a Kafka fanboy?
5824,3429,5,11,78,94,1.2234042553191489,0.0548583486503517,680,I just don't like being in a pinch.
5731,3429,1,19,74,94,1.2234042553191489,0.04576369761091057,680,What do you want me to do? The sunscreen washed off.
3056,3429,5,11,78,94,1.2234042553191489,0.0548583486503517,680,"For God’s sake, we are just going to see your  mother-in-law"
5662,3429,6,9,79,94,1.2234042553191489,0.056905351383228574,680,Discover your very own Maine thing.
5658,3429,4,13,77,94,1.2234042553191489,0.052731943044405004,680,It’s not our fault she’s allergic.
5615,3429,3,15,76,94,1.2234042553191489,0.05051610849850969,680,"How will you claw your way out of that one, Harry?"
4711,3429,3,15,76,94,1.2234042553191489,0.05051610849850969,680,You could have wished for beef tongue.
5519,3429,2,17,75,94,1.2234042553191489,0.04819851261634567,680,Tell me again how you became so successful?
5474,3429,2,17,75,94,1.2234042553191489,0.04819851261634567,680,I can’t believe you dropped the ball
5404,3429,1,19,74,94,1.2234042553191489,0.04576369761091057,680,Do not pinch my tush again!
5312,3429,3,15,76,94,1.2234042553191489,0.05051610849850969,680,How about we just this once consider the girlfriend?
5250,3429,3,15,76,94,1.2234042553191489,0.05051610849850969,680,I thought you said it was just a hobby.
5190,3429,3,15,76,94,1.2234042553191489,0.05051610849850969,680,I told you using gene modification to fix your hand problem was a bad idea.
5122,3429,3,15,76,94,1.2234042553191489,0.05051610849850969,680,I still don't want to move to Maine.
4991,3429,4,13,77,94,1.2234042553191489,0.052731943044405004,680,"Did the doctor say when you’d transform into a ‘Lobster Man’, with a job?!!"
5475,3429,4,13,77,94,1.2234042553191489,0.052731943044405004,680,"I hope you are pleased with yourself.  And to think, that was your third wish!"
2886,3429,0,21,73,94,1.2234042553191489,0.04319184436462157,680,"Well, that makes two of us now."
1820,3429,2,17,75,94,1.2234042553191489,0.04819851261634567,680,Who am I in your little fantasy? Mrs Claws?
1302,3429,1,19,74,94,1.2234042553191489,0.04576369761091057,680,We just have to face it. You’ve been typecast.
2774,3429,3,15,76,94,1.2234042553191489,0.05051610849850969,680,This is why we can't have nice things.
1146,3429,3,15,76,94,1.2234042553191489,0.05051610849850969,680,"Every time one of my friends has nearly climbed out of the tank, you reach up and pull them back down."
966,3429,4,13,77,94,1.2234042553191489,0.052731943044405004,680,Why does stuff always have to happen to me?
762,3429,5,11,78,94,1.2234042553191489,0.0548583486503517,680,You ALWAYS feel like seafood. I want a burger.
724,3429,3,15,76,94,1.2234042553191489,0.05051610849850969,680,"Not every problem can be solved with ""a pinch of salt."""
713,3429,3,15,76,94,1.2234042553191489,0.05051610849850969,680,We have to get you better mittens.
1348,3429,3,15,76,94,1.2234042553191489,0.05051610849850969,680,"You'll wear them until I say, you can take them off."
512,3429,5,11,78,94,1.2234042553191489,0.0548583486503517,680,Never before in my life have I had to get my vagina fumigated after third base.
399,3429,4,13,77,94,1.2234042553191489,0.052731943044405004,680,"No, you're the one who's crabby!!"
276,3429,2,17,75,94,1.2234042553191489,0.04819851261634567,680,"Claw Hand Luke? Jean Clawed Van Damme?"""
254,3429,3,15,76,94,1.2234042553191489,0.05051610849850969,680,You have a lot of nerve to call me a ‘crab’!
183,3429,4,13,77,94,1.2234042553191489,0.052731943044405004,680,One little joke about your hands and you go MAGA on me.
140,3429,1,19,74,94,1.2234042553191489,0.04576369761091057,680,"Honestly,it's the wearing shorts to dinner that annoys me the most."
124,3429,2,17,75,94,1.2234042553191489,0.04819851261634567,680,"Sorry darling, it's not my fault that I'm a catch."
503,3429,3,15,76,94,1.2234042553191489,0.05051610849850969,680,"I'm not 'crabby', I'm not 'boiling mad', I just want to go home, OK?"
15,3429,2,17,75,94,1.2234042553191489,0.04819851261634567,680,You're as aloof as your brother Edward.
1407,3429,5,11,78,94,1.2234042553191489,0.0548583486503517,680,At least we could hold hands when you were a Cheesehead.
1519,3429,1,19,74,94,1.2234042553191489,0.04576369761091057,680,You're sleeping on the couch until you claw your way back from this one.
2563,3429,4,13,77,94,1.2234042553191489,0.052731943044405004,680,I'm sorry. It was a pinch decision!
2541,3429,5,11,78,94,1.2234042553191489,0.0548583486503517,680,Pinch me again and you'll literally be in hot water.
2526,3429,4,13,77,94,1.2234042553191489,0.052731943044405004,680,Why you can't behave like everyone else?
2482,3429,3,15,76,94,1.2234042553191489,0.05051610849850969,680,This doesn’t help me decide whether I’d look good with a lob.
2478,3429,2,17,75,94,1.2234042553191489,0.04819851261634567,680,Why can’t you just pinch like a normal pervert?!
2251,3429,4,13,77,94,1.2234042553191489,0.052731943044405004,680,I can’t believe you let her bait you like that.
1505,3429,2,17,75,94,1.2234042553191489,0.04819851261634567,680,"No, I didn't notice the ""Lobster Clause"" in your contract!"
2216,3429,1,19,74,94,1.2234042553191489,0.04576369761091057,680,Absolutely NO ONE believed in you’re in the Broadway cast of ‘SpongeBob SquarePants!’
2076,3429,0,21,73,94,1.2234042553191489,0.04319184436462157,680,It’s not what you said. It’s your table manners.
2048,3429,3,15,76,94,1.2234042553191489,0.05051610849850969,680,"I don't want the whole lobster"" you said.
""I just want the claws""  you said"
2039,3429,3,15,76,94,1.2234042553191489,0.05051610849850969,680,"I would NEVER ask you to be something you're not. I said stop being""selfish""."
1972,3429,5,11,78,94,1.2234042553191489,0.0548583486503517,680,"Obviously, he should be impeached. I'm just worried the proceedings will hurt the elect -- wait, did you forget to take off your oven mitts again?"
6002,3429,3,15,76,94,1.2234042553191489,0.05051610849850969,680,"''For god's sake, Dave. Get those things removed.''"
1647,3429,3,15,76,94,1.2234042553191489,0.05051610849850969,680,That's the last time I let you give me a 'massage.'
2178,3429,4,13,77,94,1.2234042553191489,0.052731943044405004,680,All I said was I don't like you clawing at me in public.
8,3429,4,13,77,94,1.2234042553191489,0.052731943044405004,680,You’re shellfish in bed.
4421,3503,4,16,88,108,1.2222222222222223,0.048037522351901875,680,Your texting skills are horrendous.
3287,3503,2,18,79,99,1.2222222222222223,0.04664712806708402,680,"No, I have no idea how you got crabs!"
55,3505,1,19,75,95,1.2210526315789474,0.04534043768734446,680,"Yeah, yeah, it's your 'spirit animal"""
2991,3505,1,19,75,95,1.2210526315789474,0.04534043768734446,680,Look!  Just because we're from Maine and your brother-in-law likes to brag about how  your sister's mittens look like Michigan when he's drunk doesn't mean you have to go down that same rabbit hole.  And it's too warm for mittens anyway!
3750,3507,4,11,71,86,1.2209302325581395,0.05585099090320066,680,"Okay, I'll keep them off of you. However they're claws not paws and they're not dirty."
671,3507,2,15,69,86,1.2209302325581395,0.05071624554750068,680,Looking for a life partner
1023,3507,2,15,69,86,1.2209302325581395,0.05071624554750068,680,"Come on John, get a grip -- you're over 30"
3127,3507,2,15,69,86,1.2209302325581395,0.05071624554750068,680,You owe me a new lamp.
4244,3511,3,15,78,96,1.21875,0.04956637628367376,680,I'm pregnent with your crustacean.
4464,3512,1,18,73,92,1.2173913043478262,0.045918161263364475,680,I'm through with X-Men.
2777,3512,3,14,75,92,1.2173913043478262,0.050855290976328946,680,I wished you stop being so shellfish all the time.
3299,3512,2,16,74,92,1.2173913043478262,0.04844965507666401,680,"Of course I feel duped! I thought ""Art"" was short for Arthur, not Arthropod!"
3463,3512,3,14,75,92,1.2173913043478262,0.050855290976328946,680,"Yes, Michael. Nova Scotia was a long time ago. Why do you persist in bringing it up?"
3542,3512,2,16,74,92,1.2173913043478262,0.04844965507666401,680,"Molting season ended on Labor Day, you really need to find a new stylist."
3940,3512,3,14,75,92,1.2173913043478262,0.050855290976328946,680,Really? You actually thought this would help you “claw” your way to the top?
4184,3512,3,14,75,92,1.2173913043478262,0.050855290976328946,680,I liked it better when you were just ham-handed.
4469,3512,4,12,76,92,1.2173913043478262,0.05315216047844578,680,"Actually, we are quite compatible."
4557,3512,4,12,76,92,1.2173913043478262,0.05315216047844578,680,"Well, I thought the surgery was a success."
4617,3512,5,10,77,92,1.2173913043478262,0.055353804808394365,680,I'm sure you can relate to feeling crabby.
4727,3512,3,14,75,92,1.2173913043478262,0.050855290976328946,680,That's not what I meant when I said I wanted crab claws.
5052,3512,3,14,75,92,1.2173913043478262,0.050855290976328946,680,"I emailed you the audition sheet, Tim. Which part of ‘CLAUS, The Musical’ did you NOT understand?"
5469,3512,3,14,75,92,1.2173913043478262,0.050855290976328946,680,"If you didn’t feel the need to stick your claws in everything, we could stay at parties longer."
5821,3512,1,18,73,92,1.2173913043478262,0.045918161263364475,680,How could you just stand there while he had his paws all over me?
2709,3512,3,14,75,92,1.2173913043478262,0.050855290976328946,680,Why do you ask if I'm familiar with David Foster Wallace?
2705,3512,2,16,74,92,1.2173913043478262,0.04844965507666401,680,"You really have to always grab the best parts, don't you!?"
3213,3512,4,12,76,92,1.2173913043478262,0.05315216047844578,680,Of course it hurt!
2128,3512,3,14,75,92,1.2173913043478262,0.050855290976328946,680,"My voicemail said I think we need to talk about you being selfish, not shellfish."
2177,3512,5,10,77,92,1.2173913043478262,0.055353804808394365,680,"They said, 'Pincer,' not 'Pinch her.'"
162,3512,2,16,74,92,1.2173913043478262,0.04844965507666401,680,I'm done venting.  You can put your claws away.
187,3512,2,16,74,92,1.2173913043478262,0.04844965507666401,680,Please don't ever pinch me again.
418,3512,3,14,75,92,1.2173913043478262,0.050855290976328946,680,"I don't know Rob, I'm pretty sure the invite said Kafka-ESQUE!!"
1026,3512,1,18,73,92,1.2173913043478262,0.045918161263364475,680,What kind of hot water are you in now?
117,3512,5,10,77,92,1.2173913043478262,0.055353804808394365,680,"Ya think you're some big superhero, gonna take the law into your own claws."
1172,3512,4,12,76,92,1.2173913043478262,0.05315216047844578,680,You think I'm EVER going to let you feel me up again?
1412,3512,1,18,73,92,1.2173913043478262,0.045918161263364475,680,Since you insist on being all 'crabby and grabby' you might as well dress the part!
1798,3512,5,10,77,92,1.2173913043478262,0.055353804808394365,680,It was a horrible date. The restaurant didn’t have drawn butter and you were a bit handsy with the server.
1140,3512,2,16,74,92,1.2173913043478262,0.04844965507666401,680,Could you not just wear mitts like a normal person?
4096,3540,3,12,69,84,1.2142857142857142,0.05375041813985263,680,"I'M CRABBY????????? No, no, no, n-n-no, YOU  are BEING CRABBY!"
2842,3540,3,12,69,84,1.2142857142857142,0.05375041813985263,680,Just keep walking straight ahead
3247,3540,3,12,69,84,1.2142857142857142,0.05375041813985263,680,"Seriously, Julie? You're 'boiling mad'  because I'm wearing white pants after Labor Day?"
5108,3543,3,13,73,89,1.2134831460674158,0.05171203292685246,680,Let’s see how the “Sweet Science” deals with a PhD in Bioengineering...
4211,3543,5,9,75,89,1.2134831460674158,0.056434560149382106,680,"Displaying that you know that you are in hot water with me was a bit hit with our therapist, huh, bottom feeder."
4124,3543,4,11,74,89,1.2134831460674158,0.054124827614885296,680,After my conviction for shoplifting l have to wear these.
568,3543,4,11,74,89,1.2134831460674158,0.054124827614885296,680,"I swear, David -- This is the last time I'm paying your bail."
4392,3547,2,16,76,94,1.2127659574468086,0.04752472998434697,680,"And another thing, stop picking lint off my collar!"
3197,3547,3,14,77,94,1.2127659574468086,0.049873645941421386,680,"Let me get this straight, your calling me crabby?"
3405,3547,1,18,75,94,1.2127659574468086,0.04505351662944766,680,Lobsterman is just not a super hero!
3706,3547,2,16,76,94,1.2127659574468086,0.04752472998434697,680,Sorry if I'm being a little shellfish!
4472,3547,4,12,78,94,1.2127659574468086,0.05211680303793997,680,You're in hot water David.
4403,3547,5,10,79,94,1.2127659574468086,0.054267317588955866,680,Right.  You traded with the lobster because you thought it would be interesting hear it play the violin.  Then it swam away with my violin and I'm just supposed to explain this to my conductor.  Maybe you could come along for back up.
3339,3547,2,16,76,94,1.2127659574468086,0.04752472998434697,680,I get it Pete you went to Chernobyl once
4509,3547,5,10,79,94,1.2127659574468086,0.054267317588955866,680,"I know your clammy hands were an issue. But, this is not the right solution."
3153,3547,2,16,76,94,1.2127659574468086,0.04752472998434697,680,You're not kosher!
4985,3547,2,16,76,94,1.2127659574468086,0.04752472998434697,680,So... We're not holding hands on this date?
5153,3547,4,12,78,94,1.2127659574468086,0.05211680303793997,680,You didn’t include those clauses in the pre-nuptials
5634,3547,2,16,76,94,1.2127659574468086,0.04752472998434697,680,I feel you baited me with the cheesehead; I'm not attracted anymore.
5499,3547,2,16,76,94,1.2127659574468086,0.04752472998434697,680,I think you'll like this place--they say the crowd boils over.
5625,3547,2,16,76,94,1.2127659574468086,0.04752472998434697,680,"Coming from you, 'who's got your nose?'
is not funny!"
5985,3547,3,14,77,94,1.2127659574468086,0.049873645941421386,680,"Still, you should've texted me back."
5970,3547,4,12,78,94,1.2127659574468086,0.05211680303793997,680,You’ve been eating way too much shellfish.
5663,3547,2,16,76,94,1.2127659574468086,0.04752472998434697,680,"All right, I could have been more sensitive, is “grouchy” better?!?  Gosh, you’re so touchy these days..."
4832,3547,2,16,76,94,1.2127659574468086,0.04752472998434697,680,"The pincer movement was supposed to be very effective, but he was starting to have his doubts."
2912,3547,3,14,77,94,1.2127659574468086,0.049873645941421386,680,"Look, I'll be into it if you bring the butter next time."
5628,3547,3,14,77,94,1.2127659574468086,0.049873645941421386,680,"You know ""Pinch a Ginger Day"" isn't mandatory, right?"
2864,3547,3,14,77,94,1.2127659574468086,0.049873645941421386,680,Your T. S. Eliot fetish has gotten WAY out of hand!
2885,3547,4,12,78,94,1.2127659574468086,0.05211680303793997,680,You said your hands get clammy but now this??
2845,3547,4,12,78,94,1.2127659574468086,0.05211680303793997,680,"Yeah, the street view van is coming, you couldn't just go with the horse head like everyone else?"
843,3547,1,18,75,94,1.2127659574468086,0.04505351662944766,680,He'd better keep his claws off of me!
1065,3547,4,12,78,94,1.2127659574468086,0.05211680303793997,680,I don’t see what the issue is...your eharmony requirement  was to date a snappy dresser who’d clawed his way to success.
1135,3547,3,14,77,94,1.2127659574468086,0.049873645941421386,680,I think it’s time to use some hand cream.
1145,3547,6,8,80,94,1.2127659574468086,0.05633579996508232,680,caught red handed
553,3547,3,14,77,94,1.2127659574468086,0.049873645941421386,680,The doctor warned you this could happen if you kept going to Crabfest.
1352,3547,3,14,77,94,1.2127659574468086,0.049873645941421386,680,Take no prisoners. Claw your way to the top!
2602,3547,1,18,75,94,1.2127659574468086,0.04505351662944766,680,"Well, you do everything to get out of doing the dishes."
1314,3547,2,16,76,94,1.2127659574468086,0.04752472998434697,680,Whether you will be my 'current' will depend on what you can help me claw-back from my ex.
2544,3547,3,14,77,94,1.2127659574468086,0.049873645941421386,680,please don't tell me you are going  out with that crab again.
2112,3547,2,16,76,94,1.2127659574468086,0.04752472998434697,680,"No foreplay tonight, hon."
1439,3547,2,16,76,94,1.2127659574468086,0.04752472998434697,680,"I'm warning you, keep those claws off of me."
2457,3547,3,14,77,94,1.2127659574468086,0.049873645941421386,680,I'm boiling right now
3154,3582,2,15,73,90,1.211111111111111,0.04868929863285577,680,"Harry, next time just ask! I'll be happy to undo my own bra clasp."
3844,3582,5,9,76,90,1.211111111111111,0.0558543773734109,680,I just don't love lobster THAT way!
3752,3582,3,13,74,90,1.211111111111111,0.05118921460128822,680,"""Seriously-Shoplifting?! Stop pinching items!"""
3739,3582,3,13,74,90,1.211111111111111,0.05118921460128822,680,Okay I know I said I wanted a man who wasn’t “all hands” in the ad but this isn’t what I meant.
3680,3582,2,15,73,90,1.211111111111111,0.04868929863285577,680,"When you wrote ""Consider the Lobster""  on the dating site, I thought you meant the book."
3534,3582,2,15,73,90,1.211111111111111,0.04868929863285577,680,You could have mentioned them on your profile
3453,3582,1,17,72,90,1.211111111111111,0.04605388052294923,680,"Holding hands, yes, that's romantic. Losing a finger, not so much."
3305,3582,1,17,72,90,1.211111111111111,0.04605388052294923,680,All I said was that I wanted to get closer to the ocean... you took this too far!
3210,3582,5,9,76,90,1.211111111111111,0.0558543773734109,680,Seriously?! You lost your hands in a seafood shop?
3147,3582,4,11,75,90,1.211111111111111,0.05357260103480199,680,"At least I don’t have alligator arms!
Justin NY, NY"
2714,3582,1,17,72,90,1.211111111111111,0.04605388052294923,680,I'm against overfishing too but you broke a lot of glasses.
3123,3582,2,15,73,90,1.211111111111111,0.04868929863285577,680,I can’t believe you went to pee and accidentally snipped your dick off with your lobster hands!
3058,3582,1,17,72,90,1.211111111111111,0.04605388052294923,680,"Sorry, it was a clause in my contract."
3026,3582,4,11,75,90,1.211111111111111,0.05357260103480199,680,We can’t even afford a crab dinner from that clinical study...
3014,3582,2,15,73,90,1.211111111111111,0.04868929863285577,680,You really have put us in a pinch.
2948,3582,1,17,72,90,1.211111111111111,0.04605388052294923,680,Why do you have to be such a penny pincher?
2734,3582,2,15,73,90,1.211111111111111,0.04868929863285577,680,Can't you keep your claws out of anything?
3845,3582,2,15,73,90,1.211111111111111,0.04868929863285577,680,"The scratchy beard I put up with, but this? This will kill our romantic life, dead."
2751,3582,5,9,76,90,1.211111111111111,0.0558543773734109,680,That’s the last time we go antiquing  without rubber bands.
2794,3582,1,17,72,90,1.211111111111111,0.04605388052294923,680,Don't lose the rubber bands again...
3138,3582,3,13,74,90,1.211111111111111,0.05118921460128822,680,I am NOT going to see the midnight showing of Annie Hall again!
3891,3582,2,15,73,90,1.211111111111111,0.04868929863285577,680,I told you my parents wouldn't think we were kosher.
6130,3582,3,13,74,90,1.211111111111111,0.05118921460128822,680,First time in NY? I could show you some great underwater spots.
3938,3582,1,17,72,90,1.211111111111111,0.04605388052294923,680,You’re the one that said you bet I couldn’t pinch an inch.
2698,3582,2,15,73,90,1.211111111111111,0.04868929863285577,680,"Hawaii or not, I'm not going to the Extreme Sports lobster wrestling championships with you."
6142,3582,3,13,74,90,1.211111111111111,0.05118921460128822,680,"You've changed, John."
6111,3582,2,15,73,90,1.211111111111111,0.04868929863285577,680,It's embarrassing when you spill drinks on yourself.
6070,3582,3,13,74,90,1.211111111111111,0.05118921460128822,680,I told you not to get snippy in there.
5860,3582,1,17,72,90,1.211111111111111,0.04605388052294923,680,"Just because I said I loved lobster, doesn't mean you can claw and pinch me!""

Wes Dingman, North Creek, N"
5843,3582,3,13,74,90,1.211111111111111,0.05118921460128822,680,You just are not handy.
5773,3582,3,13,74,90,1.211111111111111,0.05118921460128822,680,This couple's massage class is a bad idea.
5511,3582,1,17,72,90,1.211111111111111,0.04605388052294923,680,"I know it was you, Gary. My backside wouldn’t hurt nearly as much if ANYONE else had pinched it."
5442,3582,2,15,73,90,1.211111111111111,0.04868929863285577,680,I see the Clarks ahead - just keep walking perhaps they wouldn’t notice us
3926,3582,3,13,74,90,1.211111111111111,0.05118921460128822,680,"I know you have an unusual condition, but do you really have to scream every time you see a dish of melted butter?"
5335,3582,3,13,74,90,1.211111111111111,0.05118921460128822,680,You'd think in this day and age society would be more accepting of lobster-people.
5174,3582,5,9,76,90,1.211111111111111,0.0558543773734109,680,It beggars belief that you have the gall to accuse ME of being crabby.
5113,3582,4,11,75,90,1.211111111111111,0.05357260103480199,680,"I wanted you to come out of your shell 

Thomas Hurley - Hopewell NJ"
4833,3582,2,15,73,90,1.211111111111111,0.04868929863285577,680,"This time, keep your hands to yourself!"
4697,3582,4,11,75,90,1.211111111111111,0.05357260103480199,680,The next time for the lobsters or shoplift smaller ones.
4259,3582,1,17,72,90,1.211111111111111,0.04605388052294923,680,"Well, you kept telling me I was such a crab, so I figured I’d play the part."
4136,3582,2,15,73,90,1.211111111111111,0.04868929863285577,680,Now your hands won’t get you into anymore trouble.
4129,3582,4,11,75,90,1.211111111111111,0.05357260103480199,680,"Well Jonathan,... you're not in Bangor, and nobody here knows the Lobstas are in the playoffs....."
4104,3582,4,11,75,90,1.211111111111111,0.05357260103480199,680,"Well, who's being crabby now?"
3973,3582,5,9,76,90,1.211111111111111,0.0558543773734109,680,"Let's face it Larry, this will never work. I just have to have a hot tub, and you, well..."
5238,3582,3,13,74,90,1.211111111111111,0.05118921460128822,680,you had to pinch the waitress` butt didn't you.
2670,3582,2,15,73,90,1.211111111111111,0.04868929863285577,680,"No more trick-or-treating after this year. We all gotta grow up sometime, Josh."
3971,3582,3,13,74,90,1.211111111111111,0.05118921460128822,680,"I'm just sayin...if someone gave me a chance for a superpower, I would not pick lobster boy.
Drew Bridges, Wake Forest, NC"
2625,3582,3,13,74,90,1.211111111111111,0.05118921460128822,680,you just HAD to go through with the hand transplant the weekend my parents are visiting
917,3582,4,11,75,90,1.211111111111111,0.05357260103480199,680,What part of vegan didn't you understand?
795,3582,3,13,74,90,1.211111111111111,0.05118921460128822,680,"Honestly Tyler .
Not even a pair of nice jeans?"
712,3582,4,11,75,90,1.211111111111111,0.05357260103480199,680,I’m never taking you out to eat again!
686,3582,0,19,71,90,1.211111111111111,0.04325820177821489,680,I thought the dating service said your name was Claude.
676,3582,3,13,74,90,1.211111111111111,0.05118921460128822,680,"I just feel like our relationship was better when you had the rubber bands"""
654,3582,1,17,72,90,1.211111111111111,0.04605388052294923,680,"Ok Edward, I understand. But when you told me you had something in common with Johnny Depp, I thought of something else."
619,3582,2,15,73,90,1.211111111111111,0.04868929863285577,680,Why is it you never come prepared with rubber bands?
581,3582,5,9,76,90,1.211111111111111,0.0558543773734109,680,"She was right. Around women, you're all claws."
542,3582,2,15,73,90,1.211111111111111,0.04868929863285577,680,You had to opt for lobster claws instead of a lizard's tongue.
492,3582,2,15,73,90,1.211111111111111,0.04868929863285577,680,They know I only date Cancers. I'll just tell them I met you on Crustacean Mingle.
428,3582,2,15,73,90,1.211111111111111,0.04868929863285577,680,Is your lack of opposable thumbs REALLY the reason you haven’t put a ring on it?
346,3582,3,13,74,90,1.211111111111111,0.05118921460128822,680,The bull behaved better in that china shop!
344,3582,1,17,72,90,1.211111111111111,0.04605388052294923,680,"That's so typical of Claire, inviting us to a seafood buffet."
234,3582,3,13,74,90,1.211111111111111,0.05118921460128822,680,"If you think that's all a girl wants is to have her ass pinched, then you really are a crustacean."
147,3582,2,15,73,90,1.211111111111111,0.04868929863285577,680,#MeToo
73,3582,4,11,75,90,1.211111111111111,0.05357260103480199,680,"if you went full lobster once in a while, we’d probably still be together."
2655,3582,3,13,74,90,1.211111111111111,0.05118921460128822,680,You always get so crabby when you're hungry!
1027,3582,3,13,74,90,1.211111111111111,0.05118921460128822,680,Cape Cod baseball season is over. Would you please take them off now?
1104,3582,3,13,74,90,1.211111111111111,0.05118921460128822,680,Why? Claws I said so.
995,3582,4,11,75,90,1.211111111111111,0.05357260103480199,680,I'd still prefer it if you wore the standard rubber bands when we go out.
1350,3582,4,11,75,90,1.211111111111111,0.05357260103480199,680,Believe me. It's a lot more than just not being able to find gloves.
2550,3582,2,15,73,90,1.211111111111111,0.04868929863285577,680,"So... how long do you think 'your Maine thing' is going to last, once you go back to work?"
2477,3582,5,9,76,90,1.211111111111111,0.0558543773734109,680,"Every time we go out in public you wear those on purpose just to embarrass me. I warned you, no more button or zipper fly pants."
2456,3582,3,13,74,90,1.211111111111111,0.05118921460128822,680,"Omg....I'm not a fan, but when I first saw them I thought you said BOXING!"
2442,3582,3,13,74,90,1.211111111111111,0.05118921460128822,680,Don't blame me: the neck massage was your mother's idea.
2389,3582,3,13,74,90,1.211111111111111,0.05118921460128822,680,"I knew our wedding vows had some strange claws' in them, but I should have read the fine print ............"
2303,3582,3,13,74,90,1.211111111111111,0.05118921460128822,680,"If that’s how you’re going to act, the rubber bands are going back on."
2168,3582,3,13,74,90,1.211111111111111,0.05118921460128822,680,"''I  TOLD YOU NOT TO GO FISHING WITH THOSE IDIOTS"""
1192,3582,0,19,71,90,1.211111111111111,0.04325820177821489,680,"I appreciate the irony of cheering for a minor league baseball  team called the Rock Lobsters, but I just can't sit through one of their games with you."
2043,3582,3,13,74,90,1.211111111111111,0.05118921460128822,680,Babe! Babe! Yorgos Lanthimos shook my hand last night at the pub!
1975,3582,4,11,75,90,1.211111111111111,0.05357260103480199,680,I was speaking figuratively when I told you to keep your paws off of me!
2075,3582,3,13,74,90,1.211111111111111,0.05118921460128822,680,I don’t care what fashion week recommends
1963,3582,1,17,72,90,1.211111111111111,0.04605388052294923,680,"OK, I admit it. I would feel safer if you banded your hands."
1906,3582,1,17,72,90,1.211111111111111,0.04605388052294923,680,couldn't you have just asked for a doggy bag like everybody else?
1754,3582,4,11,75,90,1.211111111111111,0.05357260103480199,680,"I'm sorry, but there's just no excuse for you not wearing your wedding ring."
1681,3582,2,15,73,90,1.211111111111111,0.04868929863285577,680,"I'm sorry, I'm just not comfortable walking hand in claw."
1673,3582,1,17,72,90,1.211111111111111,0.04605388052294923,680,Your obsession with seafood is getting embarrassing!
1653,3582,2,15,73,90,1.211111111111111,0.04868929863285577,680,"You're the one who told me to act more selfish sometimes, I just misunderstood at first."
1482,3582,2,15,73,90,1.211111111111111,0.04868929863285577,680,I should have listened to my mother...
1969,3582,2,15,73,90,1.211111111111111,0.04868929863285577,680,How many times have I told you to moisturize?
2685,3670,4,14,87,105,1.2095238095238094,0.04821965555951266,680,You always grab the dessert before I can get a bite.
1463,3671,1,21,88,110,1.209090909090909,0.041036314082411394,680,My mother told me to accept no imitation.
1276,3671,2,19,89,110,1.209090909090909,0.04302074784174658,680,I'm tired of your campaign to bring a professional sports team to Maine.
5715,3673,4,11,76,91,1.2087912087912087,0.053031387753417904,680,"I don't care if you were born with them, keep your claws to yourself!"
4883,3673,4,11,76,91,1.2087912087912087,0.053031387753417904,680,"I told you that if you didn't stop eating so much lobster, you'd turn into one."
3895,3673,3,13,75,91,1.2087912087912087,0.05067669921031872,680,Did I NOT say CRAB claws!
820,3673,1,17,73,91,1.2087912087912087,0.045604027831460565,680,"This celibacy thing has gone too far, Shawn."
3585,3673,2,15,74,91,1.2087912087912087,0.048207132238423746,680,"Sorry Andy, but I'd hoped you were different."
616,3673,3,13,75,91,1.2087912087912087,0.05067669921031872,680,Don't bite more than you can chew.
652,3673,5,9,77,91,1.2087912087912087,0.05528587822630302,680,"I didnt mean to pinch you, the ad said ""get a firm grip on life"""
3606,3680,1,18,77,96,1.2083333333333333,0.04422001081778641,680,"You are right, crab is the new sexy"
2865,3681,1,16,70,87,1.206896551724138,0.04664049472641468,680,Have you been taking my calcium supplements again?
4382,3681,3,12,72,87,1.206896551724138,0.052057200856832346,680,"Why can't you be like your father, he clawed his way to the top of his profession?"
4290,3681,4,10,73,87,1.206896551724138,0.054564277392910844,680,"I only asked for a trim, Robert."
4288,3681,3,12,72,87,1.206896551724138,0.052057200856832346,680,Go ahead-let's see how you try to claw your way out of this one.
4269,3681,3,12,72,87,1.206896551724138,0.052057200856832346,680,You know that’s not what I meant when I said “You really. Need to get a grip!
4257,3681,0,18,69,87,1.206896551724138,0.04368097459950705,680,"It seems to me this goes far beyond simply being a ""seafood lover."""
4238,3681,2,14,71,87,1.206896551724138,0.049423111543959376,680,"Honestly Wayne, our one nice dinner out, couldn’t you just humor me and worn long pants?"
4230,3681,2,14,71,87,1.206896551724138,0.049423111543959376,680,"Look—your family's just really expensive, and they're way too tough to crack."
4148,3681,2,14,71,87,1.206896551724138,0.049423111543959376,680,"It’s just that every time we socialize, you have your claws out for somebody."
4100,3681,2,14,71,87,1.206896551724138,0.049423111543959376,680,"The shorts are ""bleh"", but the lobster claws are actually kind of snappy."
3995,3681,1,16,70,87,1.206896551724138,0.04664049472641468,680,Just let me do the talking. We're not agreeing to a clawback provision.
3974,3681,1,16,70,87,1.206896551724138,0.04664049472641468,680,I think a lobster T-shirt would have been more appropriate
4506,3681,2,14,71,87,1.206896551724138,0.049423111543959376,680,Now all Pleasantville knows you love your mittens more than me.
3923,3681,2,14,71,87,1.206896551724138,0.049423111543959376,680,"If you don't put the rubber bands back on, no love tonight!"
3678,3681,5,8,74,87,1.206896551724138,0.05696111457628315,680,"You know, I find it a little shellfish that you’re insisting we get a place by the bay."
3675,3681,3,12,72,87,1.206896551724138,0.052057200856832346,680,'Suitable donor' my ass.
3672,3681,5,8,74,87,1.206896551724138,0.05696111457628315,680,You're were a little hands'y back there Steve.
3397,3681,4,10,73,87,1.206896551724138,0.054564277392910844,680,Size does matter! Haven’t you ever heard of a g spot.
3214,3681,3,12,72,87,1.206896551724138,0.052057200856832346,680,"Despite not having met your deductible, you still should call your dermatologist."
2997,3681,2,14,71,87,1.206896551724138,0.049423111543959376,680,Clawing my way to the top didn't work out!
2944,3681,1,16,70,87,1.206896551724138,0.04664049472641468,680,"I don't think your playing ""Santa Claws"" at the Christmas Party is so funny."
2926,3681,1,16,70,87,1.206896551724138,0.04664049472641468,680,Can you believe that Jeweler? How can we choose the right wedding set if we’re not allowed to try the rings on!
2800,3681,4,10,73,87,1.206896551724138,0.054564277392910844,680,"I said the tails,get the tails, they're a better fit, but you never listen."
3937,3681,3,12,72,87,1.206896551724138,0.052057200856832346,680,Admit it.  They caught you red handed!
4696,3681,1,16,70,87,1.206896551724138,0.04664049472641468,680,Claude only laughed because he was being polite.
4858,3681,3,12,72,87,1.206896551724138,0.052057200856832346,680,"Empathy yes, this no."
2782,3681,2,14,71,87,1.206896551724138,0.049423111543959376,680,"Year, well, I for one LIKE melted butter."
6146,3681,2,14,71,87,1.206896551724138,0.049423111543959376,680,Why can't you be like the other guys and just root for a sports team?
5806,3681,3,12,72,87,1.206896551724138,0.052057200856832346,680,You think you're gonna claw your way back into my life?
6068,3681,4,10,73,87,1.206896551724138,0.054564277392910844,680,"Pinch me, I think I must be dreaming."
6043,3681,3,12,72,87,1.206896551724138,0.052057200856832346,680,"I've heard of clawing your way to the top, but this is ridiculous!"
5691,3681,4,10,73,87,1.206896551724138,0.054564277392910844,680,I said to keep your paws off of me - this changes nothing.
5680,3681,4,10,73,87,1.206896551724138,0.054564277392910844,680,I don’t believe I’m the only one getting all steamed up!
5623,3681,2,14,71,87,1.206896551724138,0.049423111543959376,680,I just can't take your clawing me all the time.
5610,3681,2,14,71,87,1.206896551724138,0.049423111543959376,680,Of course it’s not about that. I’m just not in relationship mode right now.
5607,3681,3,12,72,87,1.206896551724138,0.052057200856832346,680,"So tell me again, how many years of sign language did you say you have?"
4834,3681,3,12,72,87,1.206896551724138,0.052057200856832346,680,"Hands Accross America ! 

Ann J Hulyo"
5593,3681,1,16,70,87,1.206896551724138,0.04664049472641468,680,Prenuptial clawback clause invoked!
5378,3681,3,12,72,87,1.206896551724138,0.052057200856832346,680,You can't treat me like I'm some cheap theriomorphic-Nerval-phile.
5347,3681,3,12,72,87,1.206896551724138,0.052057200856832346,680,"No, I said I wanted to see ""JAWS"""
5320,3681,2,14,71,87,1.206896551724138,0.049423111543959376,680,"Like I said before, you'd better keep your claws off me!"
5289,3681,1,16,70,87,1.206896551724138,0.04664049472641468,680,"Yes, maybe my heart wasn't quite in the whole ""kiss the enchanted lobster"" thing. But there is no way in HELL I am going to ""finish the job,"" as you so euphemistically put it."
5283,3681,3,12,72,87,1.206896551724138,0.052057200856832346,680,‘ I’ve heard better pickup lines from a cheese-head.’
5261,3681,2,14,71,87,1.206896551724138,0.049423111543959376,680,"I said I wanted you to be MY lobster, not A lobster."
5164,3681,2,14,71,87,1.206896551724138,0.049423111543959376,680,Didn't I tell you not to come crawling back?
5020,3681,1,16,70,87,1.206896551724138,0.04664049472641468,680,Keep this up and I’ll get the rubber bands
4958,3681,3,12,72,87,1.206896551724138,0.052057200856832346,680,Make sure you just pinch my ass.  You’re not the Donald !
4914,3681,4,10,73,87,1.206896551724138,0.054564277392910844,680,I’ve had it with creepy guys—do not pinch me again!
5573,3681,1,16,70,87,1.206896551724138,0.04664049472641468,680,Even the Mets are not interested - you should perhaps consider a different sport.
2722,3681,1,16,70,87,1.206896551724138,0.04664049472641468,680,That's the last time you're going to the nail salon on your own.
5431,3681,3,18,95,116,1.206896551724138,0.043320294123598405,680,Where are the rubber bands?
2649,3681,2,14,71,87,1.206896551724138,0.049423111543959376,680,We'll try again.  With the rubber bands on.
1220,3681,0,18,69,87,1.206896551724138,0.04368097459950705,680,"Corporate loyalty can go too far, Jim."
1118,3681,3,12,72,87,1.206896551724138,0.052057200856832346,680,"I'm more concerned with your garlic butter moisturizer, to tell you the truth."
1094,3681,2,14,71,87,1.206896551724138,0.049423111543959376,680,"Don't be naive, Brian - he's clearly just buttering you up."
956,3681,3,12,72,87,1.206896551724138,0.052057200856832346,680,I don't care how difficult it is. I won't go in another public rest room with you.
922,3681,3,12,72,87,1.206896551724138,0.052057200856832346,680,I don’t know what was more embarrassing - the cargo shorts of you picking a fight with “Mr. Big Foam Hulk Hands”.
882,3681,2,14,71,87,1.206896551724138,0.049423111543959376,680,"I'm sorry, but they're just not kosher."
755,3681,3,12,72,87,1.206896551724138,0.052057200856832346,680,Do you always have to snap at me?!
727,3681,3,12,72,87,1.206896551724138,0.052057200856832346,680,"Arnie, you are dressed way too casual to claw your way to the top."""
699,3681,1,16,70,87,1.206896551724138,0.04664049472641468,680,How could you go and pinch her like that?  We should have never taken those rubber bands off.
1221,3681,4,10,73,87,1.206896551724138,0.054564277392910844,680,I warned you not to use the jacuzzi after your workout.
692,3681,3,12,72,87,1.206896551724138,0.052057200856832346,680,I’d like more that a pinch.
584,3681,1,16,70,87,1.206896551724138,0.04664049472641468,680,"Well, excuse me if I made a scene back there, I told you I was not comfortable with going to a sea food restaurant."
508,3681,2,14,71,87,1.206896551724138,0.049423111543959376,680,Fine... we don't need to hold hands
447,3681,2,14,71,87,1.206896551724138,0.049423111543959376,680,Yes. The rubber bands go back on when we're in bed.
318,3681,4,10,73,87,1.206896551724138,0.054564277392910844,680,And I thought having clammy hands was bad...
268,3681,2,14,71,87,1.206896551724138,0.049423111543959376,680,Last week it was a Rhino horn. I think you're trapped in your own delusions.
253,3681,4,10,73,87,1.206896551724138,0.054564277392910844,680,Couldn't you at least TRY for a legit excuse not to tip?
195,3681,2,14,71,87,1.206896551724138,0.049423111543959376,680,That's what you get if you tell them you're sort of seeing someone.
43,3681,2,14,71,87,1.206896551724138,0.049423111543959376,680,Those were your best pants.
39,3681,2,14,71,87,1.206896551724138,0.049423111543959376,680,"Well, I guess the party was sort of over anyway when you acted out “grabby.”"
625,3681,3,12,72,87,1.206896551724138,0.052057200856832346,680,"When you said you had to claw you're way to the top, I thought that meant you were a hard worker."
1259,3681,2,14,71,87,1.206896551724138,0.049423111543959376,680,If I told you once I've told you a thousand times---DON'T SHAKE HANDS!!!
1015,3681,3,12,72,87,1.206896551724138,0.052057200856832346,680,"You’re incredibly clingy, but your meat is delicious."
1387,3681,2,14,71,87,1.206896551724138,0.049423111543959376,680,Those are going to make it even harder to convince my parents you're not a bottom-dweller.
2519,3681,2,14,71,87,1.206896551724138,0.049423111543959376,680,"You have caught crabs, haven’t you?"
2426,3681,1,16,70,87,1.206896551724138,0.04664049472641468,680,"No, I don’t think pots should be illegal!"
2425,3681,2,14,71,87,1.206896551724138,0.049423111543959376,680,I knew it was too soon to take you out of the tank
2422,3681,4,10,73,87,1.206896551724138,0.054564277392910844,680,Don’t be so crabby!
2344,3681,2,14,71,87,1.206896551724138,0.049423111543959376,680,"When you looked into the lobster's eyes, screamed ""It's my mother!"" and waved those fake claws in the air, did you expect them to laugh?  You owe me for the check and your bail."
1305,3681,2,14,71,87,1.206896551724138,0.049423111543959376,680,"Henry, sometimes you can be so shellfish."
2225,3681,1,16,70,87,1.206896551724138,0.04664049472641468,680,Don’t ever expect to get to second base with ME.
2147,3681,1,16,70,87,1.206896551724138,0.04664049472641468,680,What clause in the prenup?
2704,3681,0,18,69,87,1.206896551724138,0.04368097459950705,680,"You know, the effects of global warming are happening much sooner than I expected."
1934,3681,4,10,73,87,1.206896551724138,0.054564277392910844,680,Out here you're so proper but at my place it's all hands when the gloves come off.
2311,3681,3,12,72,87,1.206896551724138,0.052057200856832346,680,"So, tell me why you thought the lobster claw transplant was a good idea?"
1804,3681,4,10,73,87,1.206896551724138,0.054564277392910844,680,It's like cannibalism when you order lobster.
1685,3681,3,12,72,87,1.206896551724138,0.052057200856832346,680,What do you mean you don't have crabs? I caught you red handed!
1609,3681,4,10,73,87,1.206896551724138,0.054564277392910844,680,Your going to wear those until you learn to keep your hands off me
1594,3681,4,10,73,87,1.206896551724138,0.054564277392910844,680,When you asked if I like Lobster Claws I didn't think you meant on you.
1498,3681,3,12,72,87,1.206896551724138,0.052057200856832346,680,This should make carrying my bags easier for you
1457,3681,1,16,70,87,1.206896551724138,0.04664049472641468,680,Seriously? You're working there again next summer?
1420,3681,3,12,72,87,1.206896551724138,0.052057200856832346,680,I hate it when you’re grabby.
1402,3681,5,8,74,87,1.206896551724138,0.05696111457628315,680,"Next time, use cold water"
1833,3681,2,14,71,87,1.206896551724138,0.049423111543959376,680,Shorts?  You're going to stand out like a sore thumb.
1394,3777,1,19,82,102,1.2058823529411764,0.042578134678858966,680,We needed crushers not pincers to close this deal.
3864,3778,5,7,71,83,1.2048192771084338,0.05878342521328233,680,Bisque please.
5786,3779,2,14,72,88,1.2045454545454546,0.04891479303131595,680,"You know, I''m really getting tired of buttoning your pants and buckling your belt"
4592,3779,3,12,73,88,1.2045454545454546,0.05151591984183321,680,"When you said you'd mate for life, I just thought it'd be easier..."
4763,3779,3,12,73,88,1.2045454545454546,0.05151591984183321,680,This isn't what I expected when you said Lobsterfest was back.
4784,3779,4,10,74,88,1.2045454545454546,0.053991879176445545,680,DON'T EVEN TRY TO CLAW YOUR WAY OUT OF IT!
5560,3779,1,16,71,88,1.2045454545454546,0.04616734730784048,680,"Clawed, yes Janine. I’m boiling mad over the way you acted at dinner."
5152,3779,5,8,75,88,1.2045454545454546,0.05635916994471799,680,Do you remember where you last put your keys
5506,3779,4,10,74,88,1.2045454545454546,0.053991879176445545,680,It's always easier for men to understand the binary number system.
4524,3779,2,14,72,88,1.2045454545454546,0.04891479303131595,680,You'll never get that job with Allstate.
4907,3779,3,12,73,88,1.2045454545454546,0.05151591984183321,680,"I don't think we should do this again, you were a little crabby tonight"
4379,3779,3,12,73,88,1.2045454545454546,0.05151591984183321,680,You said you were in the mood for lobster.
386,3779,1,16,71,88,1.2045454545454546,0.04616734730784048,680,I really hope you can keep your claws off my friends!
1401,3779,2,14,72,88,1.2045454545454546,0.04891479303131595,680,You've been acting even more crabby than usual.
912,3779,2,14,72,88,1.2045454545454546,0.04891479303131595,680,Oh no. A fly just wasn't good enough for you!
2962,3779,5,8,75,88,1.2045454545454546,0.05635916994471799,680,"Get a job, you're not getting your claws into me!"
242,3779,4,10,74,88,1.2045454545454546,0.053991879176445545,680,My mother caught me at it. This is my punishment
4411,3794,3,10,66,79,1.2025316455696202,0.055175935994185736,680,They don't grab me.
1688,3794,3,10,66,79,1.2025316455696202,0.055175935994185736,680,When were you going to tell me you had crabs?
2150,3796,1,15,68,84,1.2023809523809523,0.04724104126249248,680,Just because you read Kafka doesn’t mean you have to be so crabby.
1389,3797,1,16,72,89,1.202247191011236,0.0457034878880431,680,You made a scene at the B-52s concert!
564,3797,4,10,75,89,1.202247191011236,0.05343123290615736,680,I hope they an sew it back on.
1980,3797,4,10,75,89,1.202247191011236,0.05343123290615736,680,Your feet are not an option.
95,3797,4,10,75,89,1.202247191011236,0.05343123290615736,680,Don’t try anything with those pinchers buddy!
3388,3801,4,10,76,90,1.2,0.0528819853025402,680,"Even foreplay is out of the question now, Stanley!"
4245,3801,0,17,68,85,1.2,0.04364357804719847,680,I thought you said the mitts were off. . .
4167,3801,2,13,70,85,1.2,0.04964862530219501,680,It’s just that if you had phrased things differently you could have saved a wish for me.
3120,3801,2,13,70,85,1.2,0.04964862530219501,680,"Dear Lord, I said I wanted you to ""Paw me"" not ""Claw me"".  You look ridiculous, Stuart."
4160,3801,2,14,74,90,1.2,0.04792836935744237,680,Ok. Maybe you should just move to Maine.
4063,3801,2,13,70,85,1.2,0.04964862530219501,680,That’s it. Next time we’re going for Thai food.
4026,3801,1,15,69,85,1.2,0.04674263524428026,680,"I told you that  ""all shellfish"" diet was going to be a problem..."
3991,3801,4,9,72,85,1.2,0.05500190982169267,680,"Don't lie to me, I saw you making eyes at that lobster in the tank, and all this time I just thought you liked that restaurant._"
3878,3801,3,11,71,85,1.2,0.05239368319955837,680,"Red-handed, Red-clawed, it's the same thing. You have been caught.  Asshole."
3767,3801,1,16,73,90,1.2,0.045248654113974406,680,I'm just upset you didn't leave the lobster legs for me.
3664,3801,1,15,69,85,1.2,0.04674263524428026,680,"I may have been a little shellfish, but you’re acting awfully crabby"
3574,3801,2,13,70,85,1.2,0.04964862530219501,680,"I'm really sorry Samantha, that I neglected to mention it in my profile"""
3474,3801,2,14,74,90,1.2,0.04792836935744237,680,Yrs. ok. I admit it. I was trying to swipe left. Boil me!
4306,3801,1,15,69,85,1.2,0.04674263524428026,680,In what world could anyone be upset about 5% off Red Lobster for life?
3133,3801,2,13,70,85,1.2,0.04964862530219501,680,I hate having to butter you up anytime I want you to come out with me.
3216,3801,2,13,70,85,1.2,0.04964862530219501,680,"You are not a bionically enhanced human, you are a bionically enhanced lobster!"
3424,3801,2,14,74,90,1.2,0.04792836935744237,680,"When I said ‘stop pawing me in public’, you knew what I meant!"
4378,3801,1,15,69,85,1.2,0.04674263524428026,680,"You can try all you like to claw me back, but it's over!"
4689,3801,2,13,70,85,1.2,0.04964862530219501,680,Do you expect me to walk with you all the way back to Maine?
4516,3801,2,14,74,90,1.2,0.04792836935744237,680,I'm just not in the mood for finger food tonight.
3017,3801,0,18,72,90,1.2,0.04239991520025441,680,I told you the fish supplements might not work
6005,3801,4,10,76,90,1.2,0.0528819853025402,680,This is what you get for clawing your way to success.
6006,3801,2,13,70,85,1.2,0.04964862530219501,680,I know those tanks look like death row — but for everyone else it’s just dim sum.
6069,3801,3,11,71,85,1.2,0.05239368319955837,680,I told you not to be so handsy with Elphaba
6105,3801,2,13,70,85,1.2,0.04964862530219501,680,It's just basic common sense... don't be hungry for your final genie wish!
5842,3801,2,13,70,85,1.2,0.04964862530219501,680,"Next time, Rock, remember to put on your rubber bands."
5542,3801,4,9,72,85,1.2,0.05500190982169267,680,I’m sorry to hear you have clap.
4440,3801,3,12,75,90,1.2,0.05046599329648382,680,"Like I said, Sandy, it's not even Christmas time yet."
5495,3801,1,15,69,85,1.2,0.04674263524428026,680,Next time I just wish you would keep your claws off other women!
5277,3801,0,18,72,90,1.2,0.04239991520025441,680,"You never listen, Sean. I asked you to get us a couple of WHITE Claws."
4970,3801,2,13,70,85,1.2,0.04964862530219501,680,"I can live without hand holding, but how can you not even take a selfie?"
4874,3801,2,14,74,90,1.2,0.04792836935744237,680,"She did not say ""Keep your claws off me."" She said I was ""handsy."""
4777,3801,3,11,71,85,1.2,0.05239368319955837,680,"You never hold my hand anymore. 
Why are you so shelfish, all of the sudden?"
4725,3801,4,9,72,85,1.2,0.05500190982169267,680,"Sorry, but I need a man who can give me a soft caress."
4537,3801,1,16,73,90,1.2,0.045248654113974406,680,"I'm just saying, it's a kid's soccer game. You didn't have to shout ""Rock Lobster!"" every time they made a goal."
4536,3801,1,15,69,85,1.2,0.04674263524428026,680,"Eventually, global warming is not only going to change the entire Ecco system, but us humans as well."
5472,3801,2,13,70,85,1.2,0.04964862530219501,680,"So, nobody guessed David Foster Wallace.  Let it go."
3006,3801,3,12,75,90,1.2,0.05046599329648382,680,I knew removing your tape in there was a bad idea.
3132,3801,4,9,72,85,1.2,0.05500190982169267,680,You put those hands on me again and I'm calling a cop.
2817,3801,3,12,75,90,1.2,0.05046599329648382,680,"I'm not being crabby, you are."
1425,3801,4,9,72,85,1.2,0.05500190982169267,680,"Fine, I promise I will never use 'Kafkaesque' improperly."
1270,3801,1,16,73,90,1.2,0.045248654113974406,680,"So, I dreamt I was a crustacean."
1244,3801,0,18,72,90,1.2,0.04239991520025441,680,Tell me again how you got on that shirt.
1061,3801,3,11,71,85,1.2,0.05239368319955837,680,"After his lobotomy, Lobo makes the decision he's a lobster and is now craving his favorite seafood."
992,3801,3,11,71,85,1.2,0.05239368319955837,680,And you think you're going to stand behind me and hold my boobs???  NO WAY!!
865,3801,2,13,70,85,1.2,0.04964862530219501,680,How will you shuck the oysters for the party?
1431,3801,1,16,73,90,1.2,0.045248654113974406,680,"No, for the last time, I do Not want to move to Maine!"
786,3801,1,16,73,90,1.2,0.045248654113974406,680,Your seafood allergy is totally out of hand.
759,3801,2,14,74,90,1.2,0.04792836935744237,680,They are for WINTER cycling! You can take them off now!
746,3801,3,11,71,85,1.2,0.05239368319955837,680,Must you always be so grabby at parties.
684,3801,2,14,74,90,1.2,0.04792836935744237,680,I told you.  Keep your damned claws to yourself.
668,3801,3,11,71,85,1.2,0.05239368319955837,680,"Have you noticed how everyone is crossing to the other side of the street?
The IPO is gonna SUCK !"
413,3801,2,14,74,90,1.2,0.04792836935744237,680,I TOLD you it wasn't worth trying to get the last bits of finger meat.
395,3801,3,11,71,85,1.2,0.05239368319955837,680,Next time ask for paper.
768,3801,2,13,70,85,1.2,0.04964862530219501,680,I’d just a misunderstanding. I thought you said ‘I’m Claude.’
98,3801,1,16,73,90,1.2,0.045248654113974406,680,I don't want anymore back rubs from you
1599,3801,2,13,70,85,1.2,0.04964862530219501,680,I'm just saying 'surgeon' may not have been the best career move.
2194,3801,2,14,74,90,1.2,0.04792836935744237,680,But I love lobster bisque.
2717,3801,3,12,75,90,1.2,0.05046599329648382,680,I can’t believe you forgot your wallet at home.
2667,3801,1,16,73,90,1.2,0.045248654113974406,680,I told you those claws wouldn’t help us catch a cab!
2882,3801,5,7,73,85,1.2,0.05749193098906611,680,GO SCRATCH
2644,3801,2,13,70,85,1.2,0.04964862530219501,680,Forget about going to the All -You Can Eat pork buffet tomorrow.
2640,3801,1,15,69,85,1.2,0.04674263524428026,680,Those your pre-nuptial claws?
2588,3801,2,14,74,90,1.2,0.04792836935744237,680,"Well, you don't have to be so snippy."
2191,3801,3,11,71,85,1.2,0.05239368319955837,680,"Edward Lobsterhands will  be great""...yeah right....."
2574,3801,3,11,71,85,1.2,0.05239368319955837,680,Well I told you she would give you clawmidiya
2523,3801,5,8,77,90,1.2,0.055192320658542765,680,Don't think you can claw your way back into my life like that.
2399,3801,2,14,74,90,1.2,0.04792836935744237,680,"I said, it’s okay to be a little bit “selfish” sometimes, Harold."
2376,3801,4,10,76,90,1.2,0.0528819853025402,680,Winter is two months away and all you can think of is mittens.
2361,3801,3,11,71,85,1.2,0.05239368319955837,680,"When I told you to stop being so handsy in public, I didn't mean you should bankrupt us with expensive experimental lobster surgery."
2272,3801,2,14,74,90,1.2,0.04792836935744237,680,You wouldn’t even try the crab salad.
2210,3801,1,15,69,85,1.2,0.04674263524428026,680,We never hold hands anymore.
2552,3801,1,15,69,85,1.2,0.04674263524428026,680,"I'm sorry, but you're just a little too touchy feely for me."
47,3801,3,11,71,85,1.2,0.05239368319955837,680,Yes but you're not 'my lobster.'
4237,3875,2,14,75,91,1.1978021978021978,0.047449684731754656,680,"It was either this or the jumpsuit and I know you hate the jumpsuit.
Richard Bruno, San Francisco, CA"
4916,3876,2,13,71,86,1.197674418604651,0.04912299937443237,680,Serves you right for trying to get the last of the crabmeat bare-handed!
5455,3877,1,17,79,97,1.1958762886597938,0.043075433459524665,680,And you always complain that my gloves are too expensive!
507,3878,0,18,74,92,1.1956521739130435,0.041585659081903516,680,"You've really taken this 'All you can eat thing' too far."""
1977,3879,2,13,72,87,1.1954022988505748,0.04860821683203345,680,Do you have to take everything I say so literally?
4159,3880,2,12,68,82,1.1951219512195121,0.050409417988450604,680,"''Honey, you can be so crabby sometimes."""
4152,3880,3,10,69,82,1.1951219512195121,0.05331250832765854,680,I must say you’ve taken ‘being crabby’  to a whole new level.
4142,3880,3,10,69,82,1.1951219512195121,0.05331250832765854,680,I guess you are not my lobster after all.
4122,3880,2,12,68,82,1.1951219512195121,0.050409417988450604,680,Massage therapy not gonna happen.
4117,3880,1,14,67,82,1.1951219512195121,0.047328588608598864,680,Why do I have to always pick up the check?
4113,3880,2,12,68,82,1.1951219512195121,0.050409417988450604,680,You spent $500 for a pair of “authentic” crab hands and you ask why I’m in a crabby mood?
4070,3880,5,6,71,82,1.1951219512195121,0.05868945210760898,680,Your Santa Claus joke was not funny.
4451,3880,2,12,68,82,1.1951219512195121,0.050409417988450604,680,I know I said I like sushi but is it too much to ask to get a cheeseburger once in a great while.
4059,3880,2,12,68,82,1.1951219512195121,0.050409417988450604,680,"You were caught red-handed, you know that, right!"
4038,3880,3,10,69,82,1.1951219512195121,0.05331250832765854,680,"Okay, so it was a crab instead of a fly...I'd still make a good movie."
4037,3880,3,10,69,82,1.1951219512195121,0.05331250832765854,680,You just had to pinch her.
4035,3880,3,10,69,82,1.1951219512195121,0.05331250832765854,680,are those prosthetic lobster claws
4024,3880,1,14,67,82,1.1951219512195121,0.047328588608598864,680,I told you not to eat the glowing crab!
3994,3880,2,12,68,82,1.1951219512195121,0.050409417988450604,680,"My dad finally agrees to meet you, and this is the meal you choose to mix meat with dairy?!"
3980,3880,2,12,68,82,1.1951219512195121,0.050409417988450604,680,"ove lobster, but still ...."
4069,3880,2,12,68,82,1.1951219512195121,0.050409417988450604,680,The doctor said I’ll grow out of this allergy with time.
4459,3880,1,14,67,82,1.1951219512195121,0.047328588608598864,680,I preferred it when your hands were clammy.
4192,3880,3,10,69,82,1.1951219512195121,0.05331250832765854,680,"Yes, I do think you might have mentioned your “hands” on your profile."
4194,3880,2,12,68,82,1.1951219512195121,0.050409417988450604,680,Moaybe it’s time we move out of the city and live near your parents in Maine.
3950,3880,1,14,67,82,1.1951219512195121,0.047328588608598864,680,Don't you think you could have told me your father was a lobster before we got married?
4415,3880,2,12,68,82,1.1951219512195121,0.050409417988450604,680,I'm going for an MRI--they prevent clawstrophobia
4409,3880,3,10,69,82,1.1951219512195121,0.05331250832765854,680,"It's bad enough you chewed your ""fingernails"", but did you have to stick them in the butter first?"
4408,3880,1,14,67,82,1.1951219512195121,0.047328588608598864,680,Why would your boss be afraid  you of clawing your way to the your way to the top.
4390,3880,4,8,70,82,1.1951219512195121,0.05606547660048022,680,I told you this would happen if you didn't get a balanced diet.
4364,3880,3,10,69,82,1.1951219512195121,0.05331250832765854,680,Grabbing is NOT ok.
4357,3880,1,14,67,82,1.1951219512195121,0.047328588608598864,680,"I know your from Maine, but really !"
4351,3880,2,12,68,82,1.1951219512195121,0.050409417988450604,680,"I don't care what Jordan Peterson says about your serotonin, you still look ridiculous..."
4344,3880,3,10,69,82,1.1951219512195121,0.05331250832765854,680,"No, your parents were lovely.  But I could tell they kept dragging you down."
4316,3880,2,12,68,82,1.1951219512195121,0.050409417988450604,680,So I guess this explains your fear of hot tubs. allergy to mayonnaise and your hatred of Red Lobster.
4299,3880,3,10,69,82,1.1951219512195121,0.05331250832765854,680,That's your Halloween costume?
4281,3880,2,12,68,82,1.1951219512195121,0.050409417988450604,680,I don’t know why you keep calling me a cold fish.
4227,3880,2,12,68,82,1.1951219512195121,0.050409417988450604,680,"So, were you fired for claws or for cause?"
4214,3880,0,16,66,82,1.1951219512195121,0.044032728480411704,680,No need to get crabby...I'm just not sure you'll still love me to mornay
4207,3880,3,10,69,82,1.1951219512195121,0.05331250832765854,680,You should have read more carefully that clause in your contract.
4172,3880,5,6,71,82,1.1951219512195121,0.05868945210760898,680,That’s not what I meant.
3936,3880,2,12,68,82,1.1951219512195121,0.050409417988450604,680,One more move like that and I'm putting the rubber bands back on mister.
3496,3880,1,14,67,82,1.1951219512195121,0.047328588608598864,680,I did say that I clawed my way to the top in my dating profile.
3840,3880,2,12,68,82,1.1951219512195121,0.050409417988450604,680,"No, I don’t want a lobster roll in the hay."
3420,3880,2,12,68,82,1.1951219512195121,0.050409417988450604,680,You should have slept your way to the top
3413,3880,3,10,69,82,1.1951219512195121,0.05331250832765854,680,"Yeah sure, I'M the one who's crabby."
3390,3880,4,8,70,82,1.1951219512195121,0.05606547660048022,680,hhh
3387,3880,5,6,71,82,1.1951219512195121,0.05868945210760898,680,"...So like my Tinder profile says I'm a Lobtaur. It's like a centaur but with a lobster. I'm mostly human except for my hands...and genitals."""
3369,3880,1,14,67,82,1.1951219512195121,0.047328588608598864,680,Every time you see a cracker we have to leave the restaurant.
3367,3880,3,10,69,82,1.1951219512195121,0.05331250832765854,680,Yeah..right..I'M crabby!
3311,3880,3,10,69,82,1.1951219512195121,0.05331250832765854,680,Not so picky when it comes to dress sense
3455,3880,2,12,68,82,1.1951219512195121,0.050409417988450604,680,This is ridiculous. For the umpteenth time you’re allergic!
3297,3880,0,16,66,82,1.1951219512195121,0.044032728480411704,680,"No, I do not think batteries would improve them."
3167,3880,0,16,66,82,1.1951219512195121,0.044032728480411704,680,Have you noticed that nobody has noticed you.
3124,3880,2,12,68,82,1.1951219512195121,0.050409417988450604,680,"Ok,I get it , you’re not a hand holder!"
3050,3880,4,8,70,82,1.1951219512195121,0.05606547660048022,680,"Patrick, you need to learn to be less grabby!"
3036,3880,2,12,68,82,1.1951219512195121,0.050409417988450604,680,‘’It’s just that you like the bath water so cold.’’
2964,3880,4,8,70,82,1.1951219512195121,0.05606547660048022,680,"No, Gerald, what I said was ""subordinate CLAUSE."""
3009,3880,3,10,69,82,1.1951219512195121,0.05331250832765854,680,I knew those oven mitts would be too small for your hands.
4528,3880,5,6,71,82,1.1951219512195121,0.05868945210760898,680,Don't even think about second base tonight.
3272,3880,1,14,67,82,1.1951219512195121,0.047328588608598864,680,You had to order the lobster again! You know you are allergic!
3928,3880,1,14,67,82,1.1951219512195121,0.047328588608598864,680,Don't get snappy with me or I'll eat you alive.
3458,3880,2,12,68,82,1.1951219512195121,0.050409417988450604,680,Would it kill you to text me more often?
3552,3880,3,10,69,82,1.1951219512195121,0.05331250832765854,680,Don’t anticipate as much as a handshake at the end of our date.
3836,3880,2,12,68,82,1.1951219512195121,0.050409417988450604,680,I don’t care if it was two for one.
3825,3880,1,14,67,82,1.1951219512195121,0.047328588608598864,680,"You definitely need to see a dermatologist, Fred."
3817,3880,3,10,69,82,1.1951219512195121,0.05331250832765854,680,It's not just me who thinks you're crabby.
3799,3880,3,10,69,82,1.1951219512195121,0.05331250832765854,680,"Ugh... When will you get the circumcision, Gilbert"
3789,3880,5,6,71,82,1.1951219512195121,0.05868945210760898,680,"This is just like our relationship, you can't ever fully commit."
3780,3880,2,12,68,82,1.1951219512195121,0.050409417988450604,680,"Next time we do it, use more butter and lemon."
3753,3880,3,10,69,82,1.1951219512195121,0.05331250832765854,680,"When I said dress up for the party, I didn't mean you should wear your halloween costume."
3483,3880,3,10,69,82,1.1951219512195121,0.05331250832765854,680,They promised me you would get your entire human body back if we went shopping as a couple.
3737,3880,2,12,68,82,1.1951219512195121,0.050409417988450604,680,"I should have known with a nickname of ""Market Price"" on Match.com!"
3705,3880,2,12,68,82,1.1951219512195121,0.050409417988450604,680,Claws? What’s it going to be next time? Flippers?
3679,3880,1,14,67,82,1.1951219512195121,0.047328588608598864,680,What does it matter if I ordered the lobster?
3666,3880,2,12,68,82,1.1951219512195121,0.050409417988450604,680,"Seriously, when we’re in public, you need to stop taking off your rubber bands."
3663,3880,2,12,68,82,1.1951219512195121,0.050409417988450604,680,And just because it came from the Vincent Price museum doesn't make it a bargain.
3632,3880,3,10,69,82,1.1951219512195121,0.05331250832765854,680,"Fine, I told you not to be so ""handsy."""
3597,3880,1,14,67,82,1.1951219512195121,0.047328588608598864,680,"If you want another date with me, you will have to put rubberbands on those things."
3568,3880,4,8,70,82,1.1951219512195121,0.05606547660048022,680,"Your sister asked me if I liked lobster, I didn't realize THIS is what she meant"
3707,3880,2,12,68,82,1.1951219512195121,0.050409417988450604,680,"OK, as your agent, am I supposed to be mindreader, too?  How was I supposed to know that when they said no mollusks, they also meant no crustaceans?"
4529,3880,3,10,69,82,1.1951219512195121,0.05331250832765854,680,Your mother's always getting her claws in.
6067,3880,4,8,70,82,1.1951219512195121,0.05606547660048022,680,Animal instinct my ass!
4540,3880,1,14,67,82,1.1951219512195121,0.047328588608598864,680,Your pincer movement failed.
5664,3880,0,16,66,82,1.1951219512195121,0.044032728480411704,680,"Boy, getting close to you really hurts."
5637,3880,1,14,67,82,1.1951219512195121,0.047328588608598864,680,"I agreed to sickness and health, but THIS, Terry??"
5602,3880,2,12,68,82,1.1951219512195121,0.050409417988450604,680,I wasn't being literal when I said you need to claw your way to the top.
5599,3880,3,10,69,82,1.1951219512195121,0.05331250832765854,680,"But John, the chef told you NOT to touch the lobster!"
5553,3880,3,10,69,82,1.1951219512195121,0.05331250832765854,680,"So you thought ""Santa Claws"" was a typo?"
5548,3880,4,8,70,82,1.1951219512195121,0.05606547660048022,680,Men! You all just want to be lobsters.
5545,3880,2,12,68,82,1.1951219512195121,0.050409417988450604,680,"'Hate to sound like your mother, Eric, but have you been moisturising? You haven't,have you?'"
5492,3880,1,14,67,82,1.1951219512195121,0.047328588608598864,680,No arm wrestling joke with my father.
5482,3880,5,6,71,82,1.1951219512195121,0.05868945210760898,680,Well today you got off the wrong side of bed cause you are a little snapping today.
5425,3880,0,16,66,82,1.1951219512195121,0.044032728480411704,680,"I know you're studying to be a marine biologist, but this is ridiculous."
5415,3880,2,12,68,82,1.1951219512195121,0.050409417988450604,680,"I knew we shouldn't have taken you to see The Little Mermaid, Sebastian."
5367,3880,4,8,70,82,1.1951219512195121,0.05606547660048022,680,"Harold, take off those novelty gloves: our vacation to Maine is over."
5364,3880,1,14,67,82,1.1951219512195121,0.047328588608598864,680,"I warned you about that ""unlimited lobster claws"" special. But would you listen?"
5359,3880,3,10,69,82,1.1951219512195121,0.05331250832765854,680,You had to open your big trap!
5357,3880,4,8,70,82,1.1951219512195121,0.05606547660048022,680,"On our way to a ""Bring-your-own-claw"" lobster party !"
5669,3880,3,10,69,82,1.1951219512195121,0.05331250832765854,680,You smell like fish!
5774,3880,1,14,67,82,1.1951219512195121,0.047328588608598864,680,How is Edward Lobsterhands not the natural sequel?
5782,3880,3,10,69,82,1.1951219512195121,0.05331250832765854,680,I guess I'm your mate for life now.
5833,3880,2,12,68,82,1.1951219512195121,0.050409417988450604,680,"Okay, fine, just go on pretending you don't understand the degree of hot water you're about to find yourself in."
6143,3880,3,10,69,82,1.1951219512195121,0.05331250832765854,680,No....you're not Santa Claws!
6099,3880,3,10,69,82,1.1951219512195121,0.05331250832765854,680,"Your pants are rolled up, so eat the damn peach."""
6096,3880,1,14,67,82,1.1951219512195121,0.047328588608598864,680,I don't want to hear your squealing.
6088,3880,2,12,68,82,1.1951219512195121,0.050409417988450604,680,"Great, now *I'm* feeling crabby."
2929,3880,3,10,69,82,1.1951219512195121,0.05331250832765854,680,I don't know how I contracted Crabs?
6060,3880,3,10,69,82,1.1951219512195121,0.05331250832765854,680,I'm sick of your dad's cracks about my Native American ancestry.
6052,3880,2,12,68,82,1.1951219512195121,0.050409417988450604,680,O.K.. I’m sorry. Next time I’ll use a knife and fork.
5349,3880,1,14,67,82,1.1951219512195121,0.047328588608598864,680,Trader Joe's butter is as good as Zabar's and it's a lot closer.
6034,3880,3,10,69,82,1.1951219512195121,0.05331250832765854,680,You didn't have to get so snippy with that waitress.
6010,3880,1,14,67,82,1.1951219512195121,0.047328588608598864,680,"Of all the gin joints, a guy from Maine had to walk into mine."
6003,3880,2,12,68,82,1.1951219512195121,0.050409417988450604,680,Frustration Crustacean
5999,3880,3,10,69,82,1.1951219512195121,0.05331250832765854,680,I told you to leave those stupid oven mitts at home.
5947,3880,1,14,67,82,1.1951219512195121,0.047328588608598864,680,"When the subway moves suddenly you can grab...what, exactly?"
5931,3880,3,10,69,82,1.1951219512195121,0.05331250832765854,680,You have never been so grabby.
5880,3880,3,10,69,82,1.1951219512195121,0.05331250832765854,680,Some people may think you look crabby but when I'm crabby everyone knows it.
5835,3880,2,12,68,82,1.1951219512195121,0.050409417988450604,680,There's such a thing as being too even-handed.
6015,3880,4,8,70,82,1.1951219512195121,0.05606547660048022,680,A pinch is too an assault.
5326,3880,2,12,68,82,1.1951219512195121,0.050409417988450604,680,I told you not to go on the “seafood diet”.
5292,3880,2,12,68,82,1.1951219512195121,0.050409417988450604,680,"I didn’t mean it literally when I said you were my lobster, I had just finished watching Friends"
5234,3880,3,10,69,82,1.1951219512195121,0.05331250832765854,680,"No Dave, if I was being snarky I would have called it a shellfish wish."
4959,3880,0,16,66,82,1.1951219512195121,0.044032728480411704,680,I feel like I’ve been crawfished.
4933,3880,2,12,68,82,1.1951219512195121,0.050409417988450604,680,"Diane, my therapist says it’s okay to be shellfish sometimes."
4928,3880,2,12,68,82,1.1951219512195121,0.050409417988450604,680,I suppose those damn lobster claws are your idea of middle-aged whimsy?
4884,3880,3,10,69,82,1.1951219512195121,0.05331250832765854,680,What do you expect after clawing your way to the top?
4867,3880,2,12,68,82,1.1951219512195121,0.050409417988450604,680,"This is definitely not ""the way life should be."""
4835,3880,2,12,68,82,1.1951219512195121,0.050409417988450604,680,Consider the lobster? Are you kidding me?
4817,3880,1,14,67,82,1.1951219512195121,0.047328588608598864,680,I should never have taken off those rubber bands...
4964,3880,2,12,68,82,1.1951219512195121,0.050409417988450604,680,"It’s cat and claw. Meow and butter, hiss and boil, yet we keep walking together."
4782,3880,4,8,70,82,1.1951219512195121,0.05606547660048022,680,"Don't even say the words, ""G spot!"""
4759,3880,1,14,67,82,1.1951219512195121,0.047328588608598864,680,It was a figure of speech!
4753,3880,2,12,68,82,1.1951219512195121,0.050409417988450604,680,Honestly! You could have told me you literally got caught red-handed!
4693,3880,2,12,68,82,1.1951219512195121,0.050409417988450604,680,I told you I had no problem with the pinch marks.  But I draw the line at all that melted butter.
4646,3880,2,12,68,82,1.1951219512195121,0.050409417988450604,680,But you said I was your lobster!
4643,3880,2,12,68,82,1.1951219512195121,0.050409417988450604,680,"Just my luck. When Sue's husband got the clawback,they took a cruise."
4596,3880,3,10,69,82,1.1951219512195121,0.05331250832765854,680,"Okay, Mister Edward Lobsterhands, you sleep in your tank tonight!"
4590,3880,2,12,68,82,1.1951219512195121,0.050409417988450604,680,"Everytime. Everytime! We go to Red Lobster for a good time and you always have to do the 'Myyyy brotheeers"" thing? You didn't even go to the Lobster Aquarium, you went to the Crabs like a misinformed loser. You're better than this Todd"
4761,3880,5,6,71,82,1.1951219512195121,0.05868945210760898,680,Okay.I'll keep my claws to myself.
4530,3880,4,8,70,82,1.1951219512195121,0.05606547660048022,680,Yes. I said it. Your father is a cock.
4999,3880,1,14,67,82,1.1951219512195121,0.047328588608598864,680,I thought we talked about this.
5009,3880,4,8,70,82,1.1951219512195121,0.05606547660048022,680,Big...meaty...claws!
5226,3880,2,12,68,82,1.1951219512195121,0.050409417988450604,680,The tail is actually the best part
5205,3880,3,10,69,82,1.1951219512195121,0.05331250832765854,680,I've really had enough of your sex toys!
5204,3880,3,10,69,82,1.1951219512195121,0.05331250832765854,680,"Why do you keep calling them ""craws,"" they're ""craws!"""
5177,3880,2,12,68,82,1.1951219512195121,0.050409417988450604,680,"Stop trying to butter me up too, Dale."
5159,3880,5,6,71,82,1.1951219512195121,0.05868945210760898,680,"When you told me you had crabs, this is not what I thought you meant.”"
5100,3880,3,10,69,82,1.1951219512195121,0.05331250832765854,680,"Fine, but you'll still need to sign the autographs."
5097,3880,2,12,68,82,1.1951219512195121,0.050409417988450604,680,It goes beyond not being handy.
5002,3880,2,12,68,82,1.1951219512195121,0.050409417988450604,680,"NO, this is not just like ‘Splash’ - I’m sorry but you are not attractive or sexy in any way..."
5087,3880,1,14,67,82,1.1951219512195121,0.047328588608598864,680,"Working with this new firm is turning you into a real bottom feeder, Larry"
5080,3880,1,14,67,82,1.1951219512195121,0.047328588608598864,680,Am I the crabby to your patty?
5076,3880,2,12,68,82,1.1951219512195121,0.050409417988450604,680,Did you say you were from Maine?
5062,3880,2,12,68,82,1.1951219512195121,0.050409417988450604,680,Tweeted for a Handsome Scorpio guy to bodyguard you?
5059,3880,6,4,72,82,1.1951219512195121,0.061201028675535035,680,Why are you always so grabby?
5049,3880,2,12,68,82,1.1951219512195121,0.050409417988450604,680,Don't think I didn't see her giving you those hungry eyes.
5039,3880,1,14,67,82,1.1951219512195121,0.047328588608598864,680,Dinner was ruined because you hid all the butter!  That was very shellfish!
5033,3880,3,10,69,82,1.1951219512195121,0.05331250832765854,680,Great. ‘I’ll just grow a new one.’ Do you even listen to yourself?
5081,3880,3,10,69,82,1.1951219512195121,0.05331250832765854,680,"I am not Phoebe and you are not ""my lobster!"
2910,3880,3,10,69,82,1.1951219512195121,0.05331250832765854,680,I told you to keep your trap shut!
1730,3880,3,10,69,82,1.1951219512195121,0.05331250832765854,680,"I didn't want to hold your ""hand"" anyway."
2804,3880,1,14,67,82,1.1951219512195121,0.047328588608598864,680,I thought you said c-l-a-u-s-e.
2846,3880,2,12,68,82,1.1951219512195121,0.050409417988450604,680,I can’t believe you’re wearing shorts to dinner.
765,3880,3,10,69,82,1.1951219512195121,0.05331250832765854,680,I just hate it when you get all handsy with me.
761,3880,1,14,67,82,1.1951219512195121,0.047328588608598864,680,I didn't know about your shellfish allergies....
756,3880,4,8,70,82,1.1951219512195121,0.05606547660048022,680,Do you always have be so crabby?
731,3880,2,12,68,82,1.1951219512195121,0.050409417988450604,680,They have a mind of their own.
721,3880,2,12,68,82,1.1951219512195121,0.050409417988450604,680,Your crab mentality is very obvious!
719,3880,1,14,67,82,1.1951219512195121,0.047328588608598864,680,"Must we go over this every time, eating lobster doesn't make you a cannibal."
659,3880,2,12,68,82,1.1951219512195121,0.050409417988450604,680,I miss Bob Fosse.
631,3880,2,12,68,82,1.1951219512195121,0.050409417988450604,680,"No, this is not a good work around to ""keep your hands to yourself""."
620,3880,2,12,68,82,1.1951219512195121,0.050409417988450604,680,"I said. . . you were being too grabby, not crabby."
614,3880,2,12,68,82,1.1951219512195121,0.050409417988450604,680,"Bob,why do you always insist on singing 'Happy Talk' at the Karaoke?"
609,3880,1,14,67,82,1.1951219512195121,0.047328588608598864,680,I told you to put sunblock on your hands.
607,3880,0,16,66,82,1.1951219512195121,0.044032728480411704,680,"The drugs are getting the best of you, Jimmy"
605,3880,5,6,71,82,1.1951219512195121,0.05868945210760898,680,I didn’t say I don’t like them. Of course I like them. I said you should have asked.
601,3880,2,12,68,82,1.1951219512195121,0.050409417988450604,680,"Ugh, Jeff, I told you massive lobster claws were not legal in the boxing ring!!!"
819,3880,3,10,69,82,1.1951219512195121,0.05331250832765854,680,"Just keep those claws away from me - or the next thing you know I'll have them steamed, shelled and dripping with melted butter."
825,3880,2,12,68,82,1.1951219512195121,0.050409417988450604,680,They were easier to take before you stuck them in the boiling water.
881,3880,3,10,69,82,1.1951219512195121,0.05331250832765854,680,"Oh yeah, like I didn't hear you doing the ""let me crab you a napkin"" joke to her, Frederick."
889,3880,1,14,67,82,1.1951219512195121,0.047328588608598864,680,"I don't care if you are wearing them ironically, take those damn claws off!"
1202,3880,1,14,67,82,1.1951219512195121,0.047328588608598864,680,That’s NOT what I meant by “Get a grip!”.
1198,3880,4,8,70,82,1.1951219512195121,0.05606547660048022,680,Putting out feelers is fine. But you're getting way too handsy.
1180,3880,1,14,67,82,1.1951219512195121,0.047328588608598864,680,"I'm sorry I reacted that way at dinner, I just have this phobia about drawn butter."
1159,3880,1,14,67,82,1.1951219512195121,0.047328588608598864,680,"I think about how, with just a pinch of ambition, you would have been such a  natural to claw your way to the  top."
1106,3880,2,12,68,82,1.1951219512195121,0.050409417988450604,680,Are you still not talking to me? is it the claws?
1075,3880,2,12,68,82,1.1951219512195121,0.050409417988450604,680,My mother was only kidding when she said you reminded her of Santa Claws.
1016,3880,2,12,68,82,1.1951219512195121,0.050409417988450604,680,"Geez.  It was just a compliment.  I'm not trying to ""butter you up."""
600,3880,3,10,69,82,1.1951219512195121,0.05331250832765854,680,You and your penny pinching!
1003,3880,2,12,68,82,1.1951219512195121,0.050409417988450604,680,"Okay, I know it's disappointing, but can we agree that being a pick pocket is not your natural calling?"
996,3880,0,16,66,82,1.1951219512195121,0.044032728480411704,680,No way am I trying to butter you up.
986,3880,1,14,67,82,1.1951219512195121,0.047328588608598864,680,"Why couldn't it be ""Talk like a pirate"" day instead."
972,3880,3,10,69,82,1.1951219512195121,0.05331250832765854,680,Can’t we just quietly enjoy lobsterfest?
940,3880,2,12,68,82,1.1951219512195121,0.050409417988450604,680,My bad. I thought you meant your name is Claude.
935,3880,1,14,67,82,1.1951219512195121,0.047328588608598864,680,To eat! I thought you wanted some to eat!
925,3880,2,12,68,82,1.1951219512195121,0.050409417988450604,680,Stop with the denials already.  I caught you red handed.
894,3880,3,10,69,82,1.1951219512195121,0.05331250832765854,680,I knew there were two many clause in that prenuptial.
999,3880,4,8,70,82,1.1951219512195121,0.05606547660048022,680,I told you Karma would get you!
1208,3880,2,12,68,82,1.1951219512195121,0.050409417988450604,680,No pinching!  I’m in a crabby mood.
591,3880,2,12,68,82,1.1951219512195121,0.050409417988450604,680,"Don't try to butter me up, Derek."
561,3880,1,14,67,82,1.1951219512195121,0.047328588608598864,680,"Clawed, when are you going to come completely out of your shell and talk to me?"
258,3880,4,8,70,82,1.1951219512195121,0.05606547660048022,680,I just don't want to be one of those couples that are always holding hands.
250,3880,2,12,68,82,1.1951219512195121,0.050409417988450604,680,Stop denying it. I know it was you that pinched my ass.
239,3880,2,12,68,82,1.1951219512195121,0.050409417988450604,680,Here's a 13th rule for Mr. Peterson: walking in lockstep with strangers is creepy.
230,3880,1,14,67,82,1.1951219512195121,0.047328588608598864,680,"No, I won't ""Get the butter""."
215,3880,1,14,67,82,1.1951219512195121,0.047328588608598864,680,I told you the Crustacean Diet was extreme.
209,3880,1,14,67,82,1.1951219512195121,0.047328588608598864,680,That's your excuse for everything.
203,3880,5,6,71,82,1.1951219512195121,0.05868945210760898,680,No crackin jokes all right!
202,3880,2,12,68,82,1.1951219512195121,0.050409417988450604,680,You are a dream; and I don't have to pinch myself.
153,3880,2,12,68,82,1.1951219512195121,0.050409417988450604,680,Worst foreplay ever.
113,3880,3,10,69,82,1.1951219512195121,0.05331250832765854,680,"I know it's not good for the environment, but you could still take a doggie bag."
93,3880,2,12,68,82,1.1951219512195121,0.050409417988450604,680,"You’re a very “shellfish” lover, Gregory. Haha. Get it? I’m makin fun of your deformity, ya little mutant bitch."
29,3880,1,14,67,82,1.1951219512195121,0.047328588608598864,680,If I am crabby it's because you are.
28,3880,1,14,67,82,1.1951219512195121,0.047328588608598864,680,This is not what I meant by 'pinching pennies'
25,3880,3,10,69,82,1.1951219512195121,0.05331250832765854,680,"We're not suited for each other, you're just a bottom feeder!"
11,3880,3,10,69,82,1.1951219512195121,0.05331250832765854,680,And here I am with no lemon or butter in the house.
261,3880,2,12,68,82,1.1951219512195121,0.050409417988450604,680,I didn't think you'd take'Get a grip on yourself' literally.
266,3880,2,12,68,82,1.1951219512195121,0.050409417988450604,680,There must be better ways to protest your company's clawbacks!
306,3880,3,10,69,82,1.1951219512195121,0.05331250832765854,680,I refuse to call you Philip Clawhands.
317,3880,0,16,66,82,1.1951219512195121,0.044032728480411704,680,"Well, I DON'T think they're the best part."
560,3880,4,8,70,82,1.1951219512195121,0.05606547660048022,680,"I don't have a dirty vagina, dick. It's your fucking shellfish hands that are leaving the lingering smell."
552,3880,3,10,69,82,1.1951219512195121,0.05331250832765854,680,"From now on you wear the rubber bands whenever we go out, NO exceptions"
550,3880,0,16,66,82,1.1951219512195121,0.044032728480411704,680,"I said I wanted a boyfriend with Roman hands, not Lobster paws!"
543,3880,2,12,68,82,1.1951219512195121,0.050409417988450604,680,So I told your cousin Shelly to keep his clammy hands to himself.
534,3880,2,12,68,82,1.1951219512195121,0.050409417988450604,680,"Bob, you realize the claws are the most tasty part. What am I going to do with the rest of you?"
524,3880,4,8,70,82,1.1951219512195121,0.05606547660048022,680,It must have been tough growing up in the grotto.
517,3880,4,8,70,82,1.1951219512195121,0.05606547660048022,680,I told you I think you may be eating too much shellfish lately!
572,3880,3,10,69,82,1.1951219512195121,0.05331250832765854,680,why do you always have   behave so shellfish!
514,3880,1,14,67,82,1.1951219512195121,0.047328588608598864,680,Really? There's no substitute for White Claw.
473,3880,1,14,67,82,1.1951219512195121,0.047328588608598864,680,All this talk of butter is making me uncomfortable.
469,3880,3,10,69,82,1.1951219512195121,0.05331250832765854,680,Big fan of Schindler's List?
460,3880,0,16,66,82,1.1951219512195121,0.044032728480411704,680,I guess you will do in a pinch.
419,3880,1,14,67,82,1.1951219512195121,0.047328588608598864,680,You take lobster fest too seriously.
414,3880,3,10,69,82,1.1951219512195121,0.05331250832765854,680,You know I am allergic to shellfish
410,3880,3,10,69,82,1.1951219512195121,0.05331250832765854,680,My last on-line date had Russian hands and Roman fingers.
355,3880,1,14,67,82,1.1951219512195121,0.047328588608598864,680,And screw your T.S. Eliot!
488,3880,5,6,71,82,1.1951219512195121,0.05868945210760898,680,"As she cradled her bleeding nipples, Helen scolded David for being ""a little too grabby"" in the movie theater."
1271,3880,1,14,67,82,1.1951219512195121,0.047328588608598864,680,You could have asked for a doggie bag.
812,3880,3,10,69,82,1.1951219512195121,0.05331250832765854,680,One claw touches me and impeachment proceedings begin...
1323,3880,2,12,68,82,1.1951219512195121,0.050409417988450604,680,Look who's telling who who's crabby!
2231,3880,3,10,69,82,1.1951219512195121,0.05331250832765854,680,"When I said you were a crab, I didn't mean it literally!"
2228,3880,3,10,69,82,1.1951219512195121,0.05331250832765854,680,"I told you this Halloween I want to be a mobster's moll, Colton.  You never listen to me"
2223,3880,6,4,72,82,1.1951219512195121,0.061201028675535035,680,"I’ll consider it, but only AFTER you’ve clawed your way to the top!"
2222,3880,2,12,68,82,1.1951219512195121,0.050409417988450604,680,"Yeah, right. You think I'm crabby?"
2155,3880,4,8,70,82,1.1951219512195121,0.05606547660048022,680,Grrrr—That's the last time we Flamenco!
2141,3880,3,10,69,82,1.1951219512195121,0.05331250832765854,680,You're crabby.
2090,3880,2,12,68,82,1.1951219512195121,0.050409417988450604,680,I just don't have a good feeling about this.
2058,3880,3,10,69,82,1.1951219512195121,0.05331250832765854,680,The Costco special on drawn butter is too good to pass up.
2046,3880,4,8,70,82,1.1951219512195121,0.05606547660048022,680,"No, I don't think that's how Aquaman worked, and I'd appreciate it if you stop insisting I call you ""Ocean Master"" Darren."
2044,3880,3,10,69,82,1.1951219512195121,0.05331250832765854,680,You gave me crabs!
2037,3880,0,16,66,82,1.1951219512195121,0.044032728480411704,680,"All the better to pinch you with, my dear."
2032,3880,3,10,69,82,1.1951219512195121,0.05331250832765854,680,I’ve just had it with you.  I told you no more time together if you don’t shave that scrawny beard off!
2023,3880,2,12,68,82,1.1951219512195121,0.050409417988450604,680,Everything is sore!  You're on your own until you get over the lobster fetish.
2005,3880,3,10,69,82,1.1951219512195121,0.05331250832765854,680,"Really Ralph, how do you expect me to bake Christmas cookies this year if I can't use butter!"
1997,3880,3,10,69,82,1.1951219512195121,0.05331250832765854,680,I’m tired of hearing your excuses.  Do something about it!
2260,3880,2,12,68,82,1.1951219512195121,0.050409417988450604,680,"Honey, I’m wearing these lobster claw oven mitts to the sex party tonight whether you like it or not."
2268,3880,2,12,68,82,1.1951219512195121,0.050409417988450604,680,So just do a fist bump if you  hate shaking hands.
2318,3880,1,14,67,82,1.1951219512195121,0.047328588608598864,680,"No more ""Gotcha""!"
2325,3880,1,14,67,82,1.1951219512195121,0.047328588608598864,680,Why didn't you think about foreplay before you agreed?
2788,3880,1,14,67,82,1.1951219512195121,0.047328588608598864,680,What did that lawyer mean when he told us to pay particular attention to tho claws?
2746,3880,2,12,68,82,1.1951219512195121,0.050409417988450604,680,"Please stop saying ""allergy"" instead of ""preference"" when you order the omakase."
2739,3880,2,12,68,82,1.1951219512195121,0.050409417988450604,680,"When your dating profile said you were a real catch, I had hoped you could warm the cockles of my heart."
2663,3880,2,12,68,82,1.1951219512195121,0.050409417988450604,680,How could you have bet on Miami?
2610,3880,3,10,69,82,1.1951219512195121,0.05331250832765854,680,"Speed it up. Otherwise, I'll be serving the dinner party without a main course."
2607,3880,2,12,68,82,1.1951219512195121,0.050409417988450604,680,Why couldn't you genetically modify yourself  into something useful like an oyster?
2600,3880,1,14,67,82,1.1951219512195121,0.047328588608598864,680,"It’s not you, Joe, it’s ME. I just don’t think I’m equipped to give you the kind of love you need."
1996,3880,2,12,68,82,1.1951219512195121,0.050409417988450604,680,"No, we are not installing a melted butter dispenser in the jacuzzi.”  Lloyd Berkowitz, Boca Raton, F"
2583,3880,3,10,69,82,1.1951219512195121,0.05331250832765854,680,"When you asked if I liked shellfish, I did not know you were talking about yourself."
2495,3880,3,10,69,82,1.1951219512195121,0.05331250832765854,680,Even Biden learned to keep his hands in check.
2475,3880,2,12,68,82,1.1951219512195121,0.050409417988450604,680,It's going to be a long time before you get back inside my dungeness.
2371,3880,3,10,69,82,1.1951219512195121,0.05331250832765854,680,"I know, I know. Your bio specifically said you loved puns and had a strict “no hand holding clause”"
2357,3880,3,10,69,82,1.1951219512195121,0.05331250832765854,680,Of course I don’t feel like Seafood.
2354,3880,2,12,68,82,1.1951219512195121,0.050409417988450604,680,So now it's goodbye to the tender caress
1306,3880,3,10,69,82,1.1951219512195121,0.05331250832765854,680,"When you grew the beard, fine.
But the hands?"
2338,3880,2,12,68,82,1.1951219512195121,0.050409417988450604,680,"So you offended the witch with a ""red snapper"" joke ?"
2534,3880,3,10,69,82,1.1951219512195121,0.05331250832765854,680,My hands are starting to feel a bit clammy
1973,3880,2,12,68,82,1.1951219512195121,0.050409417988450604,680,I don't care if you're in a crabby mood. You don't snap at my mother like that.
2118,3880,2,12,68,82,1.1951219512195121,0.050409417988450604,680,"When I said,”I’ll go with the lobster claws,” this isn’t what I had in mind."
1900,3880,0,16,66,82,1.1951219512195121,0.044032728480411704,680,I need a hammer lemon and butter.
1583,3880,2,12,68,82,1.1951219512195121,0.050409417988450604,680,Hollywood's 'It Couple' remained stylish even after Labor Day.
1549,3880,5,6,71,82,1.1951219512195121,0.05868945210760898,680,"If I had a hammer, I'd hammer in the morning, I'd hammer in the evening, all over those hands."
1544,3880,3,10,69,82,1.1951219512195121,0.05331250832765854,680,You've got some nerve calling me crabby!
1516,3880,3,10,69,82,1.1951219512195121,0.05331250832765854,680,"Please, not seafood again!"
1499,3880,3,10,69,82,1.1951219512195121,0.05331250832765854,680,"What about, “Please stop pinching me” did you not understand?"
1478,3880,0,16,66,82,1.1951219512195121,0.044032728480411704,680,"Remember, you're just my subordinate claws."
1588,3880,1,14,67,82,1.1951219512195121,0.047328588608598864,680,"You know you can just turn off your phone during dinner, right?"
1450,3880,1,14,67,82,1.1951219512195121,0.047328588608598864,680,"No, this is no way to face my claustrophobia."
1438,3880,0,16,66,82,1.1951219512195121,0.044032728480411704,680,We'll never be allowed in THAT  Red Lobster again!
1337,3880,3,10,69,82,1.1951219512195121,0.05331250832765854,680,I'm cancelling your GQ subscription
1435,3880,1,14,67,82,1.1951219512195121,0.047328588608598864,680,That's why I asked for a full body picture on your dating profile.
1919,3880,2,12,68,82,1.1951219512195121,0.050409417988450604,680,"So you’re the crab, but i’m the poor schmuck who has to wear these ridiculous appendages."
1342,3880,3,10,69,82,1.1951219512195121,0.05331250832765854,680,I was crabby and now you’re literally crabbier. And you don’t think you’re too over-competitive?
1399,3880,2,12,68,82,1.1951219512195121,0.050409417988450604,680,I thought you said you worked at Red Lobster!
1447,3880,2,12,68,82,1.1951219512195121,0.050409417988450604,680,There’s no such thing as butterphobia.
1372,3880,2,12,68,82,1.1951219512195121,0.050409417988450604,680,Don’t even think to put a hand on me tonight... or ever.
1330,3880,1,14,67,82,1.1951219512195121,0.047328588608598864,680,I keep telling you. Can't you keep them to yourself?
1624,3880,4,8,70,82,1.1951219512195121,0.05606547660048022,680,"Well, obviously my opinion didn't matter when I told you not to eat that cursed lobster roll."
1899,3880,3,10,69,82,1.1951219512195121,0.05331250832765854,680,What was the number bad things come in?
1847,3880,2,12,68,82,1.1951219512195121,0.050409417988450604,680,"If you really loved me Gilbert, you wouldn't be afraid to hold my hand in public."
1801,3880,4,8,70,82,1.1951219512195121,0.05606547660048022,680,My mother was right. Dont touch me.
1780,3880,3,10,69,82,1.1951219512195121,0.05331250832765854,680,I told you to watch the nipples!!
1606,3880,1,14,67,82,1.1951219512195121,0.047328588608598864,680,"We get it, you're the Rock Lobster"
1737,3880,4,8,70,82,1.1951219512195121,0.05606547660048022,680,Isn't this high season for those We're #1 foam hands?”
1764,3880,3,10,69,82,1.1951219512195121,0.05331250832765854,680,Why are you so snappy today?
1736,3880,2,12,68,82,1.1951219512195121,0.050409417988450604,680,"You can insist on celebrating Lobsterfest when its our turn to buy, but you can't grab your wallet?"
1325,3880,1,14,67,82,1.1951219512195121,0.047328588608598864,680,I don't care that you're not kosher.
1725,3880,2,12,68,82,1.1951219512195121,0.050409417988450604,680,"I HAVE HEARD OF RUSSIAN HANDS AND ROMAN FINGERS, BUT CLAWS?"
1718,3880,3,10,69,82,1.1951219512195121,0.05331250832765854,680,I have a crushtacean on you... and on my hands
1638,3880,3,10,69,82,1.1951219512195121,0.05331250832765854,680,"That game of ""Would You Rather?"" wasn't meant to be taken seriously."
1371,3880,3,10,69,82,1.1951219512195121,0.05331250832765854,680,Coming home from the Molt Shoppe
2139,4185,4,8,71,83,1.1927710843373494,0.05543573906097862,680,You must remember to read all the fine print in the claws.
2271,4185,2,12,69,83,1.1927710843373494,0.04985383079259017,680,"Remember,this time don't shake hands with anybody."
3031,4185,3,10,70,83,1.1927710843373494,0.05271871399196457,680,I can't believe you said on eharmony that you played the piano.
3402,4185,2,12,69,83,1.1927710843373494,0.04985383079259017,680,"You don't have to use every ""buy 1, get 1 free"" coupon you find."
5983,4189,6,10,99,115,1.191304347826087,0.047669809160541525,680,"Why does Disney have to turn The Fugitive into an underwater
kid's movie?"
2825,4190,0,18,77,95,1.1894736842105262,0.04041979281351409,680,"Listen Rupert, if we are talking bisque, I'm down with it. If we are talking a weekend in the Hamptons, I 'm just not felling it."
4593,4191,2,12,71,85,1.188235294117647,0.048778116640986524,680,I refuse to wear the tail
1059,4191,2,12,71,85,1.188235294117647,0.048778116640986524,680,"When the sea starts rising, I'll be the one laughing!"
5057,4191,4,8,73,85,1.188235294117647,0.0542174211179169,680,Dinner will be late again.
3267,4194,0,15,65,80,1.1875,0.04391357305815797,680,How about some seafood tonight.
3224,4194,0,15,65,80,1.1875,0.04391357305815797,680,"In a pinch ?"" That's your reason for being late"
4695,4194,1,13,66,80,1.1875,0.0473799281862764,680,"Honestly, how do you even go to the bathroom?"
2831,4194,3,9,68,80,1.1875,0.053644841199706916,680,I'm telling you we will not make it as a pickpocket team!
2468,4194,2,11,67,80,1.1875,0.050609418996262354,680,Why is it whenever we go to see my mother you just have to get your claws out?
2447,4194,3,9,68,80,1.1875,0.053644841199706916,680,"How will we afford all the butter, Jerry?"
2261,4194,2,11,67,80,1.1875,0.050609418996262354,680,"Ugh, your mom can be so crabby."
3060,4194,1,13,66,80,1.1875,0.0473799281862764,680,Are you sure it’s only pediculosis manus?
3822,4194,3,9,68,80,1.1875,0.053644841199706916,680,"How does me saying, 'My parents love Halloween' turn into you thinking it's a good idea to meet them in your crab-leg costume?"
3349,4194,1,13,66,80,1.1875,0.0473799281862764,680,Heavy petting does not include pinching
3378,4194,1,13,66,80,1.1875,0.0473799281862764,680,...and no...it doesn't make me feel better that it looked stupider with hands.
3540,4194,2,11,67,80,1.1875,0.050609418996262354,680,"No, I do NOT like being pinched and grabbed!"
3720,4194,2,11,67,80,1.1875,0.050609418996262354,680,"That's not what I meant by a ""no PDA"" clause."
4193,4194,2,11,67,80,1.1875,0.050609418996262354,680,"Look, it got old just as soon as I realized I was going to have to shave you."""
4170,4194,0,15,65,80,1.1875,0.04391357305815797,680,The nerve of her to call you handsy.
4120,4194,2,11,67,80,1.1875,0.050609418996262354,680,Shark Tank will love it you said!
2124,4194,1,13,66,80,1.1875,0.0473799281862764,680,But what if  I want to bite the hand that feeds me?
3957,4194,2,11,67,80,1.1875,0.050609418996262354,680,"I just think you're taking this Yorgos Lanthimos obsession a little far, ok?"
3905,4194,2,11,67,80,1.1875,0.050609418996262354,680,"I really don’t think I’ll ever be able to crack you, mister."
3946,4194,2,11,67,80,1.1875,0.050609418996262354,680,"Admit it, I caught you red-handed!"
3347,4194,3,9,68,80,1.1875,0.053644841199706916,680,"Look - you’re cute and everything, but a pair of pincers can be deceiving"
1860,4194,1,13,66,80,1.1875,0.0473799281862764,680,"Lately, you’ve turned into such a crab."
6159,4194,0,15,65,80,1.1875,0.04391357305815797,680,I’m not going to say it again.  Keep your claws off me!
1763,4194,2,11,67,80,1.1875,0.050609418996262354,680,What? The waiter said we could keep them!
5220,4194,2,11,67,80,1.1875,0.050609418996262354,680,"I don't care if it's a white claw party, Helen. I'm being ostentatious."
5165,4194,1,13,66,80,1.1875,0.0473799281862764,680,"I don't see the advantage, unless you just want to pinch someone's ass."""
4803,4194,3,9,68,80,1.1875,0.053644841199706916,680,Menopause and Menoclaws
5684,4194,2,11,67,80,1.1875,0.050609418996262354,680,"So, now you're telling me clarified butter is your kryptonite?"
4756,4194,1,13,66,80,1.1875,0.0473799281862764,680,Sometimes I get so caught up in the big picture that I miss the obvious. Wanna hold hands?
5709,4194,1,13,66,80,1.1875,0.0473799281862764,680,I’m not happy with your  crustacean in life.
1841,4194,4,7,69,80,1.1875,0.05651747237398629,680,I meant clause not claws.
4231,4194,3,9,68,80,1.1875,0.053644841199706916,680,I've never seen you so crabby
4624,4194,0,15,65,80,1.1875,0.04391357305815797,680,"Told you that no one would get that ""Get Smart"" joke!"
513,4194,3,9,68,80,1.1875,0.053644841199706916,680,I'll show you what it really looks like to be crabby.
598,4194,3,9,68,80,1.1875,0.053644841199706916,680,"When I said you could lobster me, I didn’t think you would just pinch me on the butt."
701,4194,4,7,69,80,1.1875,0.05651747237398629,680,"No, cracking shellfish for me is NOT a love language."
939,4194,0,15,65,80,1.1875,0.04391357305815797,680,I don't give a damn what Jordan Peterson says!
1206,4194,3,9,68,80,1.1875,0.053644841199706916,680,We're finished Bob. Clawing your way to the top has just made you too crabby.
1320,4194,2,11,67,80,1.1875,0.050609418996262354,680,When are you going to grow up and stop molting?
1344,4194,2,11,67,80,1.1875,0.050609418996262354,680,"I'm sorry, but I just don't believe that you didn't give me crabs!"
1419,4194,3,9,68,80,1.1875,0.053644841199706916,680,All Hands on Deck.
4603,4235,2,12,72,86,1.186046511627907,0.048257256089076536,680,Your obsession with crab legs has gone a bit too far.
1458,4235,2,12,72,86,1.186046511627907,0.048257256089076536,680,"White Claws are all the rage, Jerry, White Claws."
3083,4235,2,12,72,86,1.186046511627907,0.048257256089076536,680,I  didn't know we got takeout.
1965,4238,2,12,73,87,1.1839080459770115,0.04774726195683065,680,But Tom felt like standing his ground that day. Nevermind that he was not quite sure what exactly it was he was insisting on.
1408,4238,1,14,72,87,1.1839080459770115,0.04486081606493881,680,So you told the Genie you wanted Ann to be a princess and he thought you said ...
35,4240,1,13,68,82,1.1829268292682926,0.04632878319045733,680,"Ok, Mr. Fitness-trend-of-the-month. How much are your Crab Theory classes?"
5992,4240,1,13,68,82,1.1829268292682926,0.04632878319045733,680,"So your liver, pancreas and intestines are all one edible, jelly-like organ? You're a real catch, Tom Alley."
4938,4240,2,11,69,82,1.1829268292682926,0.04947191399330266,680,Being the world’s best looking Thalidomide baby just isn't enough.
4805,4240,3,9,70,82,1.1829268292682926,0.05242694342046911,680,I’m sorry my claws came out
4296,4240,1,13,68,82,1.1829268292682926,0.04632878319045733,680,It isn’t exact science.
3954,4240,1,13,68,82,1.1829268292682926,0.04632878319045733,680,I told you to get White Claws.
2339,4240,2,11,69,82,1.1829268292682926,0.04947191399330266,680,I am not impressed by you improving your grip strength.
2002,4240,3,9,70,82,1.1829268292682926,0.05242694342046911,680,"My mother said you would be ""handsy"" but this ...."
628,4240,2,11,69,82,1.1829268292682926,0.04947191399330266,680,You could at least offered me a bib.
5846,4249,3,8,66,77,1.1818181818181819,0.054613764471464606,680,"Well 'claw back' might be an effect legal strategy, but it won't work with me."
5083,4249,2,10,65,77,1.1818181818181819,0.05138968544451671,680,I told you right from the beginning “We’re not holding hands”
4749,4249,2,10,65,77,1.1818181818181819,0.05138968544451671,680,"No compete, Claws."
3514,4249,3,8,66,77,1.1818181818181819,0.054613764471464606,680,I’m just asking you to stop clawing me all the time
3291,4249,2,10,65,77,1.1818181818181819,0.05138968544451671,680,You realize I know you don’t play for the Cardinals.
1397,4249,1,12,64,77,1.1818181818181819,0.0479493093842668,680,"Movie, dinner, OK...but, this time, keep your claws to yourself."
1379,4249,1,12,64,77,1.1818181818181819,0.0479493093842668,680,After 3 years of marriage you've finally revealed your hand.
779,4249,2,10,65,77,1.1818181818181819,0.05138968544451671,680,You can't claw yourself out of this one!
1099,4249,3,8,66,77,1.1818181818181819,0.054613764471464606,680,"I keep telling you, the Guinness Book of Records is NOT going to put you in as ""largest land-based rock lobster""..."
849,4249,3,8,66,77,1.1818181818181819,0.054613764471464606,680,Why won't you marry me Christine?  I think I've proven I truly am your lobster!
644,4249,3,8,66,77,1.1818181818181819,0.054613764471464606,680,"It's Not that I don't Love You, But..."
1229,4249,3,8,66,77,1.1818181818181819,0.054613764471464606,680,Excuse me? You think I’m crabby?
2179,4261,4,6,68,78,1.1794871794871795,0.05696155395733173,680,Fuck you and your fucking claws
3945,4261,2,10,66,78,1.1794871794871795,0.05078009416329737,680,Stop being so snappy with me.
4837,4261,3,8,67,78,1.1794871794871795,0.05395941341632321,680,"I'm sorry, I meant to say you are selfish."
2042,4261,1,12,65,78,1.1794871794871795,0.04738794815386097,680,"I don't understand, why you just can't claw your way to the top."
1641,4261,3,8,67,78,1.1794871794871795,0.05395941341632321,680,"I don't care if you ARE Italian.
Pinch me one more time and we are finished."
1039,4261,5,4,69,78,1.1794871794871795,0.059813200568389145,680,Really Tim......you going to wear those Red Lobster giveaway.
1649,4261,1,12,65,78,1.1794871794871795,0.04738794815386097,680,You look ridiculous.  Halloween isn’t until the end of the month.
4848,4268,2,10,67,79,1.1772151898734178,0.05018464339431694,680,I can’t believe how shellfish you were at brunch just now
4719,4268,2,10,67,79,1.1772151898734178,0.05018464339431694,680,I told you already - you're too clingy.
4714,4268,2,10,67,79,1.1772151898734178,0.05018464339431694,680,You and your damned CRISPR machine!
4707,4268,1,12,66,79,1.1772151898734178,0.04683939034393648,680,There will be NO second date...
4680,4268,2,10,67,79,1.1772151898734178,0.05018464339431694,680,So how's the new strategy to quit your cell phone going?
4664,4268,2,10,67,79,1.1772151898734178,0.05018464339431694,680,You are dreaming if you think you can just claw your way back in ...
4633,4268,2,10,67,79,1.1772151898734178,0.05018464339431694,680,"I only said ""yes"" to the Crawdads game cuz you said you'd catch me a foul ball!"
4599,4268,2,10,67,79,1.1772151898734178,0.05018464339431694,680,"I'm not going to get you out of the tank again!"""
4502,4268,2,10,67,79,1.1772151898734178,0.05018464339431694,680,Walking with you makes it look like I’m dating Jameis Winston
4498,4268,1,12,66,79,1.1772151898734178,0.04683939034393648,680,"Ok, I give up. Is it David Foster Wallace or Jordan Peterson this time?"
4372,4268,2,10,67,79,1.1772151898734178,0.05018464339431694,680,"Sorry honey,I just don't think the avant garde piano playing career is going to work out."
4199,4268,1,12,66,79,1.1772151898734178,0.04683939034393648,680,"Honey, why do you have to always gamble like that?"
3880,4268,1,12,66,79,1.1772151898734178,0.04683939034393648,680,You know I've always told you foreplay isn't your strength.
3865,4268,2,10,67,79,1.1772151898734178,0.05018464339431694,680,"I told you, nobody wants to be clawed!"
3838,4268,3,8,68,79,1.1772151898734178,0.05332043114452347,680,You always have an excuse for no foreplay
3815,4268,0,14,65,79,1.1772151898734178,0.04323607918126412,680,I’m still crabby.
3769,4268,1,12,66,79,1.1772151898734178,0.04683939034393648,680,"On our first date I wondered if I was just imagining it, but then I saw my brothers, my father, the men in my office,  ... oh dear!"
3503,4268,4,6,69,79,1.1772151898734178,0.05628177611146416,680,Why is he always clawing at me?
3562,4268,1,12,66,79,1.1772151898734178,0.04683939034393648,680,The shellfish obsession has got to end somewhere.
4371,4268,2,10,67,79,1.1772151898734178,0.05018464339431694,680,"You know, I really deserve someone less shellfish."
4873,4268,3,8,68,79,1.1772151898734178,0.05332043114452347,680,Your online dating profile was a little misleading.
5483,4268,2,10,67,79,1.1772151898734178,0.05018464339431694,680,Never mind white shoes after Labor Day...
4926,4268,0,14,65,79,1.1772151898734178,0.04323607918126412,680,Why do you always need to be so snappy?
6123,4268,3,8,68,79,1.1772151898734178,0.05332043114452347,680,"When you said lobster dinner, this isn't what I had in mind."
5964,4268,2,10,67,79,1.1772151898734178,0.05018464339431694,680,What do you have to be crabby about?
5937,4268,1,12,66,79,1.1772151898734178,0.04683939034393648,680,The rest of my Halloween costume hasn't' come yet.
5928,4268,1,12,66,79,1.1772151898734178,0.04683939034393648,680,At least you've shed most of your shell.
5813,4268,3,8,68,79,1.1772151898734178,0.05332043114452347,680,Maybe try being polite to the manicurist next time?
5776,4268,1,12,66,79,1.1772151898734178,0.04683939034393648,680,I repeat:  We are not moving to Maine
5672,4268,2,10,67,79,1.1772151898734178,0.05018464339431694,680,"Look, I just don't like you clawing at me when we're out."
5569,4268,1,12,66,79,1.1772151898734178,0.04683939034393648,680,"If I have to resort to the rubber bands at tonight’s party, we’re through!"
3480,4268,0,14,65,79,1.1772151898734178,0.04323607918126412,680,I think it’s time you stopped the iodine tablets.
5429,4268,2,10,67,79,1.1772151898734178,0.05018464339431694,680,"Don’t be crabby that I don’t want to hold hands, honey"
5416,4268,4,6,69,79,1.1772151898734178,0.05628177611146416,680,Really?!?! You got the idea from that old Access Hollywood tape?!
5271,4268,1,12,66,79,1.1772151898734178,0.04683939034393648,680,Don’t you dare pinching me!
5213,4268,2,10,67,79,1.1772151898734178,0.05018464339431694,680,Do we always need to leave right when somebody mentions hot tubbing?
5198,4268,1,12,66,79,1.1772151898734178,0.04683939034393648,680,You said you'd wear the gloves I got you!
5172,4268,1,12,66,79,1.1772151898734178,0.04683939034393648,680,It was bound to happen. You should have kept the rubber bands on.
5155,4268,2,10,67,79,1.1772151898734178,0.05018464339431694,680,"How many times have I said, ""Don't stick your claws in boiling water!"" ?"
5095,4268,1,12,66,79,1.1772151898734178,0.04683939034393648,680,And I thought you were just being crabby.
4982,4268,0,14,65,79,1.1772151898734178,0.04323607918126412,680,And don't even think about getting handsy.
4929,4268,1,12,66,79,1.1772151898734178,0.04683939034393648,680,Some people just like butter and lemon.
4920,4268,2,10,67,79,1.1772151898734178,0.05018464339431694,680,If you wanted a Kafkian experience you should have come with me to the DMV
3444,4268,2,10,67,79,1.1772151898734178,0.05018464339431694,680,Obviously you didn't think about folding laundry
2703,4268,2,10,67,79,1.1772151898734178,0.05018464339431694,680,"I know I'm crabby, but I'm tired of you forgetting the butter!"
3108,4268,1,12,66,79,1.1772151898734178,0.04683939034393648,680,"Oh, but I’M ‘so crabby all the time,’ huh?!”"
1258,4268,2,10,67,79,1.1772151898734178,0.05018464339431694,680,Just because my name is Donald and your name is Melania doesn't mean that I am going to force you to hold my hand.
1186,4268,2,10,67,79,1.1772151898734178,0.05018464339431694,680,"Steve, when I say, If I eat another cookie I'll turn into one, it's not to be taken literally."
1054,4268,2,10,67,79,1.1772151898734178,0.05018464339431694,680,Of course I won't hold hands!
994,4268,2,10,67,79,1.1772151898734178,0.05018464339431694,680,"OKay, Okay, we'll go for seafood!"
951,4268,1,12,66,79,1.1772151898734178,0.04683939034393648,680,Just don't expect any help with your next shell change.
813,4268,2,10,67,79,1.1772151898734178,0.05018464339431694,680,"When you said, ""join me and we'll claw our way to the top,"" I didn't think you mean literally."
751,4268,3,8,68,79,1.1772151898734178,0.05332043114452347,680,You're not coming near me unless you cut your nails
3418,4268,1,12,66,79,1.1772151898734178,0.04683939034393648,680,I'm really getting tired of calling an ambulance every time you shake someone's hand.
1273,4268,2,10,67,79,1.1772151898734178,0.05018464339431694,680,Red Lobster again!?
622,4268,1,12,66,79,1.1772151898734178,0.04683939034393648,680,I would hold hands if I wasn't allergic to shellfish.
555,4268,1,12,66,79,1.1772151898734178,0.04683939034393648,680,"I forgot to tell you, I’m allergic to shellfish."
432,4268,1,12,66,79,1.1772151898734178,0.04683939034393648,680,I meant “selfish!”
431,4268,1,12,66,79,1.1772151898734178,0.04683939034393648,680,Another dinner party disaster. This is why I buy you gloves for your birthday every year. Do you have any idea how hard it is to find them in your size? And shape?!
421,4268,2,10,67,79,1.1772151898734178,0.05018464339431694,680,"Listen Tom, if you want to continue dating me you really need to do something about that five o'clock shadow."""
349,4268,2,10,67,79,1.1772151898734178,0.05018464339431694,680,Its just that I'm having a hard time with your clinginess...
331,4268,0,14,65,79,1.1772151898734178,0.04323607918126412,680,This is not about you...it's about them.
232,4268,1,12,66,79,1.1772151898734178,0.04683939034393648,680,Not what I expected when your on-line description said you were clawing your way to the top.
168,4268,1,12,66,79,1.1772151898734178,0.04683939034393648,680,Must you always choose to claw yourself to the the top?
596,4268,1,12,66,79,1.1772151898734178,0.04683939034393648,680,I really thought you'd be better in a pinch like that.
1292,4268,4,6,69,79,1.1772151898734178,0.05628177611146416,680,You are so totally shellfish!
717,4268,1,12,66,79,1.1772151898734178,0.04683939034393648,680,This is  the last time I go to the Crab Shack with you.
1522,4268,2,10,67,79,1.1772151898734178,0.05018464339431694,680,You and your obsession with Kafka and shellfish!
1455,4268,1,12,66,79,1.1772151898734178,0.04683939034393648,680,You didn't have to shake his hand.
2779,4268,0,14,65,79,1.1772151898734178,0.04323607918126412,680,This isn't working. One of us is always crabby.
2758,4268,1,12,66,79,1.1772151898734178,0.04683939034393648,680,"Excuse me,I think its quite obvious who has been in a crabby mood today!"
2681,4268,2,10,67,79,1.1772151898734178,0.05018464339431694,680,I think you're taking this 'Clawing Your Way to the Top' a little too literal!
2567,4268,2,10,67,79,1.1772151898734178,0.05018464339431694,680,- I can't believe you actually pinched her!
2469,4268,0,14,65,79,1.1772151898734178,0.04323607918126412,680,You really thought those wouldn’t hurt !
2315,4268,1,12,66,79,1.1772151898734178,0.04683939034393648,680,"Once upon a time ticking was fun, OK?"
2187,4268,1,12,66,79,1.1772151898734178,0.04683939034393648,680,It's time to take off the gloves in this relationship.
2513,4268,1,12,66,79,1.1772151898734178,0.04683939034393648,680,How do you think I know?
2054,4268,2,10,67,79,1.1772151898734178,0.05018464339431694,680,I’m afraid your basketball career is over.
1528,4268,2,10,67,79,1.1772151898734178,0.05018464339431694,680,"But Jane, you like lobster and now I have really yuge hands!  How can you be upset?"
2106,4268,1,12,66,79,1.1772151898734178,0.04683939034393648,680,When my hands are cold I don't get crabby about it.
1749,4268,1,12,66,79,1.1772151898734178,0.04683939034393648,680,"Claw your way back to the top!""--it's so easy for you to say"
1759,4268,0,14,65,79,1.1772151898734178,0.04323607918126412,680,Do you know how to be gentle..?!
1698,4268,2,10,67,79,1.1772151898734178,0.05018464339431694,680,I just don’t think the lobster was the best thing to order.
2003,4268,2,10,67,79,1.1772151898734178,0.05018464339431694,680,"It's not just that you're so grabby, you're shellfish too."
2008,4268,1,12,66,79,1.1772151898734178,0.04683939034393648,680,"Okay, so that's your punishment, but don't worry, this whole Me-Too thing will blow over in a couple of years."
1844,4268,2,10,67,79,1.1772151898734178,0.05018464339431694,680,"When you told me your dad was a lobsterman, I didn't know you were being literal."""
3300,4354,1,11,62,74,1.1756756756756757,0.0485178627857396,680,That’s no excuse for not returning my text!
4200,4354,3,7,64,74,1.1756756756756757,0.05562777636385448,680,"If you were going to catfish me, you could have at least had paws"
3695,4354,2,9,63,74,1.1756756756756757,0.052194025100977134,680,"You just had to claw your way back in, huh?"
3723,4354,2,9,63,74,1.1756756756756757,0.052194025100977134,680,"I did mention that ""Discount prosthetics r us"" sounded dodgy."
3816,4354,1,11,62,74,1.1756756756756757,0.0485178627857396,680,"For the last time it’s “Law and order”, not “claw and order”"
4050,4354,1,11,62,74,1.1756756756756757,0.0485178627857396,680,Will you please give me a hand?  I am in a crabby mood.
4065,4354,2,9,63,74,1.1756756756756757,0.052194025100977134,680,"Come on, pinching her didn't mean anything..."
4165,4354,2,9,63,74,1.1756756756756757,0.052194025100977134,680,"The problem that we are discussing, that you asked about, is double relative claws."
4217,4354,2,9,63,74,1.1756756756756757,0.052194025100977134,680,I'm sure you were dying to get your claws in her!
5626,4354,1,11,62,74,1.1756756756756757,0.0485178627857396,680,I wish you would leave those in thew bedroom!
4416,4354,1,11,62,74,1.1756756756756757,0.0485178627857396,680,"You know, Vince, mother was right about you."
4744,4354,1,11,62,74,1.1756756756756757,0.0485178627857396,680,I don’t know why you have to be so crabby.
4989,4354,1,11,62,74,1.1756756756756757,0.0485178627857396,680,I told you those are not boxing gloves.
5340,4354,1,11,62,74,1.1756756756756757,0.0485178627857396,680,"From now on, please ignore questions about our sex life."
5352,4354,3,7,64,74,1.1756756756756757,0.05562777636385448,680,"Sorry, but for me “surf and turf” is not just a dinner order. It’s a way of life."
5547,4354,2,9,63,74,1.1756756756756757,0.052194025100977134,680,"Behind every angry woman, stands a man, who has no idea what he did wrong. If you are​ a male and you touch a woman they will panic like seeing lobster claws touching their soft skin."
6095,4354,1,11,62,74,1.1756756756756757,0.0485178627857396,680,"Frankly, Edward Scissorhands has a lot more going for him."
3257,4354,2,9,63,74,1.1756756756756757,0.052194025100977134,680,Do we really have to see another superhero movie?
4322,4354,2,9,63,74,1.1756756756756757,0.052194025100977134,680,We wouldn't be in a pinch for time if you could crab your stuff and go!
3251,4354,1,11,62,74,1.1756756756756757,0.0485178627857396,680,"I liked T.S. Eliot too, but I got over it."
2662,4354,1,11,62,74,1.1756756756756757,0.0485178627857396,680,"Again, I’m sorry. I told you not to tickle me.”"
3063,4354,1,11,62,74,1.1756756756756757,0.0485178627857396,680,Some comfort food for lunch?
287,4354,1,11,62,74,1.1756756756756757,0.0485178627857396,680,I should have listened to my parents. They said you could get crabby.
459,4354,1,11,62,74,1.1756756756756757,0.0485178627857396,680,I'm finished buttering you up
528,4354,2,9,63,74,1.1756756756756757,0.052194025100977134,680,Should have been in your dating app profile.
647,4354,1,11,62,74,1.1756756756756757,0.0485178627857396,680,You don't want to hold my hand--fine. But at least put your arm around me.
875,4354,1,11,62,74,1.1756756756756757,0.0485178627857396,680,I don't care if there's no Access Hollywood video.  You can't put your giant claws all over that  guppy's gills and expect me to pretend everything's normal.
998,4354,2,9,63,74,1.1756756756756757,0.052194025100977134,680,"Ive had it with your fake make-believe texts .  “Lobster claws dinner out” ?
Stupid  me , I even changed to to high heels for this ..     You’ll need  better than a presidential pardon to get out of this one, honey !!!"
1486,4354,1,11,62,74,1.1756756756756757,0.0485178627857396,680,"When I said keep your paws off me, What made you think this would work."
794,4354,0,13,61,74,1.1756756756756757,0.04453930581352026,680,"Fred, why are you angry with me? I didn’t get you fired? How was I supposed to know that you would take me literally, when I told you to, “claw your way to the top”?"
1646,4354,1,11,62,74,1.1756756756756757,0.0485178627857396,680,"No more buffets, Stephen."
1558,4354,2,9,63,74,1.1756756756756757,0.052194025100977134,680,"That 'clean your room' rule is fine, but  you may still be a bit TOO much of a Jordan Peterson fan."
2654,4354,2,9,63,74,1.1756756756756757,0.052194025100977134,680,"... until one day, Pleasantville was invaded by the Claw People..."
2578,4354,2,9,63,74,1.1756756756756757,0.052194025100977134,680,"That hemisphere specialization stuff—one’s for holding, one’s for grabbing—just doesn’t work anymore."
3207,4354,1,11,62,74,1.1756756756756757,0.0485178627857396,680,"Keep your hands to yourself, you'll never be more than a friend."
2265,4354,2,9,63,74,1.1756756756756757,0.052194025100977134,680,I don’t care what you do- you’re still “from away”- and always will be!
2079,4354,2,9,63,74,1.1756756756756757,0.052194025100977134,680,That’s what you deserve for feeling up that witch.
2296,4354,2,9,63,74,1.1756756756756757,0.052194025100977134,680,I can't believe that you are taking lobster claws to a fiddler crab fight!
2614,4392,2,9,64,75,1.1733333333333333,0.05154664932909856,680,You know I hate when you claw at your food.
4681,4392,2,9,64,75,1.1733333333333333,0.05154664932909856,680,Next time It's the cone for you!
2906,4392,1,11,63,75,1.1733333333333333,0.04792386354100322,680,This DEFINITELY violates the lobster clause of our prenup.
3227,4392,1,11,63,75,1.1733333333333333,0.04792386354100322,680,"I said I feel like a lobster, not I feel like lobster."
3356,4392,1,11,63,75,1.1733333333333333,0.04792386354100322,680,That's the last time we vacation in Maine.
3536,4392,2,9,64,75,1.1733333333333333,0.05154664932909856,680,"Well next time your'e in a pinch, just hail a crab."
3719,4392,1,11,63,75,1.1733333333333333,0.04792386354100322,680,"But I’m your lobster, Rachel!"
4294,4392,1,11,63,75,1.1733333333333333,0.04792386354100322,680,"Do that one more time and I’m out of here.”
Don Dechman —. Austin, T"
4750,4392,2,9,64,75,1.1733333333333333,0.05154664932909856,680,"I'll make extra money at ribbon cutting ceremonies, you said. And I'll keep my job at the hospital, you said. HA!"
5798,4392,3,7,65,75,1.1733333333333333,0.05493102417957832,680,"Well, I've finally got to hand it to you."
4992,4392,2,9,64,75,1.1733333333333333,0.05154664932909856,680,Truth in advertising? He said he was a real catch! She said this was her first and last time on PlentyOfFish.
5025,4392,1,11,63,75,1.1733333333333333,0.04792386354100322,680,"I don't think it's going to work out between us. I'm a Pisces, and you're obviously a Cancer"
5294,4392,3,7,65,75,1.1733333333333333,0.05493102417957832,680,It's just that I thought you were trying to win me the giant stuffed bear.
5434,4392,1,11,63,75,1.1733333333333333,0.04792386354100322,680,"When I told you to get a grip on our relationship, that's not what I meant."
5516,4392,1,11,63,75,1.1733333333333333,0.04792386354100322,680,"Yes, I feel safer now that your hands are lethal weapons, and No! I don't want to have your baby."
5695,4392,2,9,64,75,1.1733333333333333,0.05154664932909856,680,What happened to your hands?   Why are they are so red?
2587,4392,2,9,64,75,1.1733333333333333,0.05154664932909856,680,I am absolutely done with public Men's rooms!
5971,4392,2,9,64,75,1.1733333333333333,0.05154664932909856,680,"Oh, no ! Not the red pair."
4915,4392,1,11,63,75,1.1733333333333333,0.04792386354100322,680,I know you are a marine biologist but try not to touch me in bed.
2386,4392,3,7,65,75,1.1733333333333333,0.05493102417957832,680,I still don't understand why you won't take me to Red Lobster.
4185,4392,1,11,63,75,1.1733333333333333,0.04792386354100322,680,That was not a pretty hand orgasm.
2186,4392,1,11,63,75,1.1733333333333333,0.04792386354100322,680,"Oh, so now I'm the one who's acting all crabby!"
2350,4392,1,11,63,75,1.1733333333333333,0.04792386354100322,680,By all means avoid any semblance of a hot tub.
172,4392,0,13,62,75,1.1733333333333333,0.044003821837839685,680,How many pairs of mittens have you lost this year?
392,4392,1,11,63,75,1.1733333333333333,0.04792386354100322,680,I've lost all faith in Tinder.
661,4392,1,11,63,75,1.1733333333333333,0.04792386354100322,680,Don't you think you're being just a bit shellfish?
1045,4392,2,9,64,75,1.1733333333333333,0.05154664932909856,680,"That's not what I meant on my Tinder profile. Besides, you lied, too."
1082,4392,1,11,63,75,1.1733333333333333,0.04792386354100322,680,I didn't hear anything about a surgeon. I thought you said lobster and sturgeon!
1188,4392,4,5,66,75,1.1733333333333333,0.058118652580542315,680,"I know money is tight, but when did you turn into a penny pincher?"
1290,4392,2,9,64,75,1.1733333333333333,0.05154664932909856,680,"I'm sorry, Rory. I just need to make my life a bit more Marvel-less."
37,4392,4,5,66,75,1.1733333333333333,0.058118652580542315,680,"I can´t believe you screamed at that guy for ordering lobster, Claudio."""
1631,4392,2,9,64,75,1.1733333333333333,0.05154664932909856,680,And you can keep your claws off my money!
1690,4392,2,9,64,75,1.1733333333333333,0.05154664932909856,680,They're still not going to let you register them as lethal weapons.
1892,4392,3,7,65,75,1.1733333333333333,0.05493102417957832,680,You couldn't get enough of the guy with the bib! I can't do this anymore.
1947,4392,2,9,64,75,1.1733333333333333,0.05154664932909856,680,"No, I don't think you're a snappy dresser."
2088,4392,1,11,63,75,1.1733333333333333,0.04792386354100322,680,I know you hate shopping but do you have to be such a crab?
1378,4392,0,13,62,75,1.1733333333333333,0.044003821837839685,680,"Dick - I told you your penchant for pinching would not end well.  
Claw your way out of this one pal!"
2134,4392,0,13,62,75,1.1733333333333333,0.044003821837839685,680,How could you forget the butter1
3053,4430,2,9,65,76,1.1710526315789473,0.050914988985724385,680,"You can't expect the trick-or-treaters to get the District 9 reference, Humphrey!"
20,4430,0,13,63,76,1.1710526315789473,0.04348082011015344,680,"Sebastian, we need to talk about your claws. They've been making me feel crabby."
3223,4432,1,12,69,82,1.170731707317073,0.045266376933577414,680,"We're moving in.  The contract said ""escape clause'."
3548,4433,1,10,61,72,1.1666666666666667,0.048450158311150925,680,You left that detail out of your bio.
3571,4433,1,10,61,72,1.1666666666666667,0.048450158311150925,680,You're such a penny pincher.
3578,4433,1,10,61,72,1.1666666666666667,0.048450158311150925,680,Caught red-clawed.
3648,4433,2,8,62,72,1.1666666666666667,0.05233215213522994,680,you just always seem so jealous of anybody else's success.
3649,4433,1,10,61,72,1.1666666666666667,0.048450158311150925,680,You're getting more shellfish every day.
3655,4433,1,10,61,72,1.1666666666666667,0.048450158311150925,680,Why must you always clawback the tip?
4071,4433,0,12,60,72,1.1666666666666667,0.04422874103618961,680,When I said “Stop pawing me” this is not what I meant.
3952,4433,2,8,62,72,1.1666666666666667,0.05233215213522994,680,Holding hands isn’t kosher anymore!
3961,4433,2,8,62,72,1.1666666666666667,0.05233215213522994,680,"A clause. You said there was ""a"" clause for you in that will."
4003,4433,1,10,61,72,1.1666666666666667,0.048450158311150925,680,We are never going to eat lobster in public again if you insist on bring your own claws..!!
4058,4433,1,10,61,72,1.1666666666666667,0.048450158311150925,680,"Say 'surf & turf relationship' one more time and I'm leaving you, Dennis."
4062,4433,2,8,62,72,1.1666666666666667,0.05233215213522994,680,I promise never again to make a fuss over the crab legs.
3538,4433,1,10,61,72,1.1666666666666667,0.048450158311150925,680,"Believe me, you're no great catch."
4090,4433,1,10,61,72,1.1666666666666667,0.048450158311150925,680,Why do you always want to beat me in how many lobsters you can eat in one sitting?
3910,4433,1,10,61,72,1.1666666666666667,0.048450158311150925,680,"Well, you have to admit that you were a little crabby, dear."
3465,4433,1,10,61,72,1.1666666666666667,0.048450158311150925,680,I'm not going to fight with you.
3048,4433,3,6,63,72,1.1666666666666667,0.05594542388644594,680,At least Donald didn't leave a scar!
3326,4433,1,10,61,72,1.1666666666666667,0.048450158311150925,680,No it does NOT feel like a vacation being married to you.
2901,4433,1,10,61,72,1.1666666666666667,0.048450158311150925,680,I was dreaming of crab legs.
4094,4433,3,6,63,72,1.1666666666666667,0.05594542388644594,680,"When I said to the Doctor I wanted to grasp more, this  is not what I expected."
2899,4433,0,12,60,72,1.1666666666666667,0.04422874103618961,680,Do you know how embarrassing it is for me when you use those man claws to pinch the waitress.
2877,4433,2,8,62,72,1.1666666666666667,0.05233215213522994,680,"Take the gloves off Jim, it's a bad joke. You're not Colin Farrell"
2982,4433,2,8,62,72,1.1666666666666667,0.05233215213522994,680,"It’s fine that you’re anti-rubber band, but do you always have to bring it up on mixed company?"
3030,4433,2,8,62,72,1.1666666666666667,0.05233215213522994,680,"Didn’t I tell you, no hugs, my mother is allergic to shellfish."
3032,4433,2,8,62,72,1.1666666666666667,0.05233215213522994,680,I told you pesticides were mutagenic.  Will you now at least eat organic.
2870,4433,2,8,62,72,1.1666666666666667,0.05233215213522994,680,"I'll bet that's the last one you boil alive """
3144,4433,1,10,61,72,1.1666666666666667,0.048450158311150925,680,I can't be seen with a man that wears mittens
3149,4433,1,10,61,72,1.1666666666666667,0.048450158311150925,680,"No, you are not going to claw your way back into my heart."
3159,4433,1,10,61,72,1.1666666666666667,0.048450158311150925,680,"I don't think Phoebe Buffay meant it literally, Hank."
3162,4433,2,8,62,72,1.1666666666666667,0.05233215213522994,680,"Remember, act normal and keep your mitts out of the butter."
3196,4433,2,8,62,72,1.1666666666666667,0.05233215213522994,680,You just can’t keep your hands to yourself!
3236,4433,2,8,62,72,1.1666666666666667,0.05233215213522994,680,Don't even think about getting fresh.
3270,4433,0,12,60,72,1.1666666666666667,0.04422874103618961,680,"I volunteered you'd come dressed as Santa Claus, not Hands Are Claws."
3368,4433,1,10,61,72,1.1666666666666667,0.048450158311150925,680,Don't take me out again when you're so crabby.
4157,4433,2,8,62,72,1.1666666666666667,0.05233215213522994,680,"You know, sometimes you're a real pinch in the arm."
5726,4433,3,6,63,72,1.1666666666666667,0.05594542388644594,680,All right! I won
4338,4433,0,12,60,72,1.1666666666666667,0.04422874103618961,680,You should have worn your rubber bands
5401,4433,2,8,62,72,1.1666666666666667,0.05233215213522994,680,I thought I could save them.
5464,4433,1,10,61,72,1.1666666666666667,0.048450158311150925,680,It'll do in a pinch.
5480,4433,3,6,63,72,1.1666666666666667,0.05594542388644594,680,Your new Yeezy pinchers come off as a little tone def
5525,4433,1,10,61,72,1.1666666666666667,0.048450158311150925,680,Claws? Really? You are no Edward Scissorhands.
5562,4433,1,10,61,72,1.1666666666666667,0.048450158311150925,680,"No.  I am not leading you into a trap from which, if you remained calm, could easily escape but will more likely become confused and  captured."
5705,4433,0,12,60,72,1.1666666666666667,0.04422874103618961,680,You should have just let me throw the ball back to them.
5354,4433,1,10,61,72,1.1666666666666667,0.048450158311150925,680,I thought I had married a man who would claw his way to the top.
5707,4433,2,8,62,72,1.1666666666666667,0.05233215213522994,680,'Your claustrophobia's showing.'
5785,4433,2,8,62,72,1.1666666666666667,0.05233215213522994,680,Your dating profile didn't mention that you always wear shorts.
5871,4433,1,10,61,72,1.1666666666666667,0.048450158311150925,680,"“And then you dropped your orderve plate on her white carpet.  You're all lobster claws today."""
6004,4433,1,10,61,72,1.1666666666666667,0.048450158311150925,680,"Really David, you're over-reacting to our divorce."
6153,4433,3,6,63,72,1.1666666666666667,0.05594542388644594,680,You're not touching me with those hands.
6124,4433,1,10,61,72,1.1666666666666667,0.048450158311150925,680,That's exactly why I told you to keep your hands to yourself!
2811,4433,3,6,63,72,1.1666666666666667,0.05594542388644594,680,Like I said -- keep your claws off me.
5754,4433,1,10,61,72,1.1666666666666667,0.048450158311150925,680,"Yes, the steak was overdone. But did you have to snap at the waiter like that?"
5287,4433,1,10,61,72,1.1666666666666667,0.048450158311150925,680,I don't enjoy using a nutcracker.
5278,4433,1,10,61,72,1.1666666666666667,0.048450158311150925,680,"So let me get this right, you went into a deep density displacement simulation machine with a Red Lobster menu in your back pocket and came out like this."
5262,4433,1,10,61,72,1.1666666666666667,0.048450158311150925,680,i prefer your roman hands and russian fingers.
4385,4433,4,4,64,72,1.1666666666666667,0.05933908290969267,680,Are you sure you don't want me to wrap my arms around you to keep you warm?
4430,4433,2,8,62,72,1.1666666666666667,0.05233215213522994,680,You could've just said you were from Maine on your dating profile.
4600,4433,2,8,62,72,1.1666666666666667,0.05233215213522994,680,This is the LAST time I will go to an all you can eat buffet with you”
4637,4433,1,10,61,72,1.1666666666666667,0.048450158311150925,680,You  could have told me you could handle it.
4716,4433,2,8,62,72,1.1666666666666667,0.05233215213522994,680,"Yes, I have considered the lobster."
4718,4433,2,8,62,72,1.1666666666666667,0.05233215213522994,680,Don'tpinch me!
4779,4433,0,12,60,72,1.1666666666666667,0.04422874103618961,680,I'm becoming very impatient of your attempts to claw up the corporate ladder!
4804,4433,0,12,60,72,1.1666666666666667,0.04422874103618961,680,I just don't understand your aversion to seafood!
4841,4433,3,6,63,72,1.1666666666666667,0.05594542388644594,680,What I said was you need to revise your pre-nip clause.
4888,4433,1,10,61,72,1.1666666666666667,0.048450158311150925,680,"For the last time:  No, you cannot explore my erogenous zones!"
4892,4433,1,10,61,72,1.1666666666666667,0.048450158311150925,680,How many times did I tell you I'm kosher?
4894,4433,1,10,61,72,1.1666666666666667,0.048450158311150925,680,Crabby much???
4909,4433,4,4,64,72,1.1666666666666667,0.05933908290969267,680,Those are not castanets.
5072,4433,2,8,62,72,1.1666666666666667,0.05233215213522994,680,I don’t care if it’s the newest fashion—I think it’s ostentatious.
5185,4433,1,10,61,72,1.1666666666666667,0.048450158311150925,680,Forget it Frank. I'm not your roe to hoe.
4248,4433,2,8,62,72,1.1666666666666667,0.05233215213522994,680,I warned you about eating one more lobster roll.
2693,4433,1,10,61,72,1.1666666666666667,0.048450158311150925,680,Just don't be so grabby this time!
1766,4433,1,10,61,72,1.1666666666666667,0.048450158311150925,680,You just had to pinch her cheek
2666,4433,1,10,61,72,1.1666666666666667,0.048450158311150925,680,You don't have to be so crabby.
1355,4433,2,8,62,72,1.1666666666666667,0.05233215213522994,680,That's the last time we go out where the crawdads sing!
1291,4433,1,10,61,72,1.1666666666666667,0.048450158311150925,680,I didn’t say you were crabby!
1288,4433,3,6,63,72,1.1666666666666667,0.05594542388644594,680,"she hadn't wanted to go but
he'd gotten his claws into her"
1275,4433,2,8,62,72,1.1666666666666667,0.05233215213522994,680,"I thought you were referring to a CLAWS in the pre-nup, alright?"
1138,4433,2,8,62,72,1.1666666666666667,0.05233215213522994,680,"No, I don't think there'll be a third date."
1091,4433,1,10,61,72,1.1666666666666667,0.048450158311150925,680,"I told them, absolutely no seafood restaurants. And did they listen? Noooooo."
1067,4433,1,10,61,72,1.1666666666666667,0.048450158311150925,680,"Forget it!  You’ve seen your last cookie jar, Mister."
1056,4433,2,8,62,72,1.1666666666666667,0.05233215213522994,680,"I mean, besides 'Me Too' ..."
1047,4433,3,6,63,72,1.1666666666666667,0.05594542388644594,680,"I know a nice crab house, Claud"
997,4433,1,10,61,72,1.1666666666666667,0.048450158311150925,680,"Next time you get horny, I want to watch."
990,4433,1,10,61,72,1.1666666666666667,0.048450158311150925,680,"Dear, I know you love lobster but do you always have to ask the waiter for the lobster's claws?"
989,4433,0,12,60,72,1.1666666666666667,0.04422874103618961,680,"Your online profile said you were 'handsy.'"""
948,4433,2,8,62,72,1.1666666666666667,0.05233215213522994,680,"I don't care if Joan Benoit put them on at the end of the Bay to
Breaker's Race, on you they just look stupid."
870,4433,1,10,61,72,1.1666666666666667,0.048450158311150925,680,Man Hands!  Are you really going to go that route and tell me I have man hands?
850,4433,2,8,62,72,1.1666666666666667,0.05233215213522994,680,"This isn’t what they meant when they asked you to pick up some claws on the way to the party, George."
823,4433,1,10,61,72,1.1666666666666667,0.048450158311150925,680,That is not what the meant when they said they were looking for pinch hitters.
810,4433,2,8,62,72,1.1666666666666667,0.05233215213522994,680,She said I was too handsy
82,4433,2,8,62,72,1.1666666666666667,0.05233215213522994,680,That Tinder profile picture of yours must have taken some skill..
184,4433,1,10,61,72,1.1666666666666667,0.048450158311150925,680,"For the record, Jim, I still think you should have taken Ursula's offer to trade those in."
207,4433,2,8,62,72,1.1666666666666667,0.05233215213522994,680,I am not going to Red Lobster again.
251,4433,2,8,62,72,1.1666666666666667,0.05233215213522994,680,Why are your hands always too clammy?
255,4433,1,10,61,72,1.1666666666666667,0.048450158311150925,680,"How can you call me ""crabby"""
263,4433,2,8,62,72,1.1666666666666667,0.05233215213522994,680,How many times do I need to remind you to pack your rubber bands?
1540,4433,1,10,61,72,1.1666666666666667,0.048450158311150925,680,You ever pinch me again. Lets just say you will be sorry lobster boy.
289,4433,1,10,61,72,1.1666666666666667,0.048450158311150925,680,"No, red does not look good on you"
409,4433,0,12,60,72,1.1666666666666667,0.04422874103618961,680,You know I don't like holding your claw in public.
477,4433,3,6,63,72,1.1666666666666667,0.05594542388644594,680,I don't want to hold hands anymore.
525,4433,1,10,61,72,1.1666666666666667,0.048450158311150925,680,I'm not the one who's a crab!
544,4433,1,10,61,72,1.1666666666666667,0.048450158311150925,680,The commercial said  “ Nip your smoking habit in the bud”
546,4433,1,10,61,72,1.1666666666666667,0.048450158311150925,680,"I thought you were my lobster, but you're just as spineless as the rest of them!"
606,4433,0,12,60,72,1.1666666666666667,0.04422874103618961,680,"You can't put ""Sometimes I get a little bit crabby on your profile""."
368,4433,3,6,63,72,1.1666666666666667,0.05594542388644594,680,Don’t try to claw your way out of this one.
1627,4433,0,12,60,72,1.1666666666666667,0.04422874103618961,680,I can’t believe you told the therapist that it’s time for us to part waters.
1650,4433,1,10,61,72,1.1666666666666667,0.048450158311150925,680,I like a soft touch.
2196,4433,2,8,62,72,1.1666666666666667,0.05233215213522994,680,Edward  lobster claws? Nothing original there....
2597,4433,2,8,62,72,1.1666666666666667,0.05233215213522994,680,"Yes, they're staying on until you can be trusted  in my sorority gatherings."""
2585,4433,1,10,61,72,1.1666666666666667,0.048450158311150925,680,"Well, it’s you're own damn fault. You had to to have lobster every single day from June through September!"
2540,4433,2,8,62,72,1.1666666666666667,0.05233215213522994,680,First week was funny Claude.  Now it's just fishy.
2502,4433,3,6,63,72,1.1666666666666667,0.05594542388644594,680,Maybe I don’t want to butter you up and be eating out of your hands.
2454,4433,1,10,61,72,1.1666666666666667,0.048450158311150925,680,"After you eat crab, you wear your dinner."" Yeah... I did say that"
2428,4433,2,8,62,72,1.1666666666666667,0.05233215213522994,680,"I don’t care how hard it is to reach your wallet, this is the third meal I’ve paid for this week!"
2410,4433,2,8,62,72,1.1666666666666667,0.05233215213522994,680,Sorry I've been so crabby lately.
2405,4433,4,4,64,72,1.1666666666666667,0.05933908290969267,680,"Yes, I think it did freak out my mom when you stuck your hands in the pot of boiling water. So much for the spaghetti dinner."
2353,4433,2,8,62,72,1.1666666666666667,0.05233215213522994,680,"If you were more of a go-getter, you wouldn't need to claw your way to the top."
2351,4433,2,8,62,72,1.1666666666666667,0.05233215213522994,680,I wish you’d quit being so crabby.
2332,4433,1,10,61,72,1.1666666666666667,0.048450158311150925,680,"Ok, I get it, you want to go to Maine"
2299,4433,1,10,61,72,1.1666666666666667,0.048450158311150925,680,How many times have I warned you about putting your claws in hot water?
2289,4433,2,8,62,72,1.1666666666666667,0.05233215213522994,680,Why do you always object when I have a yen for seafood?
2279,4433,0,12,60,72,1.1666666666666667,0.04422874103618961,680,You should've realized that before the surgery.
1674,4433,1,10,61,72,1.1666666666666667,0.048450158311150925,680,"You just couldn't keep your hands off of her, could you?"
2161,4433,2,8,62,72,1.1666666666666667,0.05233215213522994,680,"I don't care what Jordan Peterson says about lobsters, I'm not giving up my career to marry you!"
2144,4433,1,10,61,72,1.1666666666666667,0.048450158311150925,680,I'm not holding your hand; you're being very shell-fish.
2676,4433,0,12,60,72,1.1666666666666667,0.04422874103618961,680,"When your bio said you loved lobster, I thought it meant to eat."
1805,4433,1,10,61,72,1.1666666666666667,0.048450158311150925,680,You need to work on your caresses.
1810,4433,1,10,61,72,1.1666666666666667,0.048450158311150925,680,I know you're crabby but those are lobster claws.
1843,4433,2,8,62,72,1.1666666666666667,0.05233215213522994,680,Stop being such a penny pincer!
1850,4433,1,10,61,72,1.1666666666666667,0.048450158311150925,680,That’s not what they mean by claw your way to the top.
1889,4433,1,10,61,72,1.1666666666666667,0.048450158311150925,680,I'm in the mood for seafood tonight
2609,4433,0,12,60,72,1.1666666666666667,0.04422874103618961,680,I'm going alone to the next social function - you'll never completely come out of your shell.
1935,4433,3,6,63,72,1.1666666666666667,0.05594542388644594,680,I said I was into Flamenco. Not flamingo's!
1959,4433,2,8,62,72,1.1666666666666667,0.05233215213522994,680,"I'm warning you. Keep your claws to
 yourself or, I'll scream!"
1966,4433,1,10,61,72,1.1666666666666667,0.048450158311150925,680,So much for the thumb war competition.
1967,4433,1,10,61,72,1.1666666666666667,0.048450158311150925,680,"I hated that movie.  And no, I don’t love you enough to reciprocate."
1978,4433,0,12,60,72,1.1666666666666667,0.04422874103618961,680,my dish at the restaurant was called transformation for a reason.
2068,4433,2,8,62,72,1.1666666666666667,0.05233215213522994,680,You're the one who said that specialty shot would save your tennis career.
2109,4433,1,10,61,72,1.1666666666666667,0.048450158311150925,680,I don't care if they were only 8.99/lb...
1943,4433,2,8,62,72,1.1666666666666667,0.05233215213522994,680,You're calling me shell fish?
2627,4433,2,8,62,72,1.1666666666666667,0.05233215213522994,680,How many times have I asked you not to shake hands with my friends?
3947,4575,2,8,63,73,1.1643835616438356,0.051660769401756894,680,"NO BUTTER.  I really wish we'd never watched ""Last Tango in Paris""."
2691,4575,1,10,62,73,1.1643835616438356,0.04783636264784695,680,Stop this crab!
128,4575,2,8,63,73,1.1643835616438356,0.051660769401756894,680,"Leave me alone, I`ll be filing a clawsuit!"
2979,4578,1,11,68,80,1.1625,0.04515707466615905,680,Exactly what here looks like a silent sea?
6158,4579,1,10,63,74,1.162162162162162,0.047237758050578095,680,Waste of a wish
6061,4579,2,8,64,74,1.162162162162162,0.05100626464063538,680,But why are they boiled?
5254,4579,3,6,65,74,1.162162162162162,0.05451488126682573,680,"Yes, but Trump has ""small hands"" that does the grabbing."
5235,4579,1,10,63,74,1.162162162162162,0.047237758050578095,680,Your shellfishness is fine; it's your selfishness I struggle with.
5112,4579,0,12,62,74,1.162162162162162,0.043141308959040406,680,They do eliminate any ambiguity.
5035,4579,2,8,64,74,1.162162162162162,0.05100626464063538,680,I told you there wouldn't be a market for your stupid lobster pincers invention.
4882,4579,3,6,65,74,1.162162162162162,0.05451488126682573,680,My one simple request has always been that you stop wearing those obnoxious shorts!
4820,4579,1,10,63,74,1.162162162162162,0.047237758050578095,680,"Honey, I think you should take Jordan B. Peterson just seriously, not literally."
4583,4579,1,10,63,74,1.162162162162162,0.047237758050578095,680,Why would you order the Lobster Bisque?
4579,4579,1,10,63,74,1.162162162162162,0.047237758050578095,680,"Well, obviously clawing your way to the top didn't work out."
4568,4579,1,10,63,74,1.162162162162162,0.047237758050578095,680,You said you didn't have any seafood allergies.
4879,4579,3,6,65,74,1.162162162162162,0.05451488126682573,680,"I liked 'My Best Friend's Wedding' too, but, seriously?"
2080,4579,1,10,63,74,1.162162162162162,0.047237758050578095,680,I don't care if the audition is tomorrow. This Brooklyn thing has gone too far.
2017,4579,2,8,64,74,1.162162162162162,0.05100626464063538,680,"Don’t try and butter it up, you can’t claw your way out of this one."
1936,4579,2,8,64,74,1.162162162162162,0.05100626464063538,680,"The gloves aren't funny, Matthew. I am NOT getting crabby!"
1604,4579,1,10,63,74,1.162162162162162,0.047237758050578095,680,"I think with those hands we wont have any trouble
picking  out the right fish at the market"
1491,4579,1,10,63,74,1.162162162162162,0.047237758050578095,680,You selfish shellfish!
862,4579,1,10,63,74,1.162162162162162,0.047237758050578095,680,The first man to receive the lobster claws of shame.
718,4579,2,8,64,74,1.162162162162162,0.05100626464063538,680,But why aren't they green like everyoe else's?
245,4579,2,8,64,74,1.162162162162162,0.05100626464063538,680,You’re classless!
3646,4579,3,6,65,74,1.162162162162162,0.05451488126682573,680,Me? Compensating? For what?
2593,4600,2,8,65,75,1.16,0.05036801501882853,680,"Your continuous rendition of ""Down by the Sea"" is freaking me out."
4123,4601,2,7,60,69,1.1594202898550725,0.05313363777948607,680,"Remember that Friends episode where Phoebe says Ross is Rachel’s lobster?”
“Again, no. Please stop following me"
4110,4601,0,11,58,69,1.1594202898550725,0.04439221265797129,680,I wouldn't have been so upset you've had handled it better
4061,4601,1,9,59,69,1.1594202898550725,0.04895841096457367,680,And do you want to know why I'm so crabby Kyle? Because you've been singing songs from Moana all day long.
4044,4601,2,7,60,69,1.1594202898550725,0.05313363777948607,680,"Why do you have to be so crabby?"""
3921,4601,1,9,59,69,1.1594202898550725,0.04895841096457367,680,"No, they don’t make you a catch"
3901,4601,2,7,60,69,1.1594202898550725,0.05313363777948607,680,That's the last time I go to a bottom feeder restaurant.
3981,4601,2,7,60,69,1.1594202898550725,0.05313363777948607,680,"Well, Roger, the claws really came out at that party."
3914,4601,2,7,60,69,1.1594202898550725,0.05313363777948607,680,I’m done with the group hug therapy!
4233,4601,3,5,61,69,1.1594202898550725,0.05700386761604138,680,NO! Your not going to make a Good Santa Claws!
4032,4601,0,11,58,69,1.1594202898550725,0.04439221265797129,680,Maxwell's silver hammer does not apply here.
4285,4601,1,9,59,69,1.1594202898550725,0.04895841096457367,680,"And here I thought, after all those wolves..."
4595,4601,2,7,60,69,1.1594202898550725,0.05313363777948607,680,"When you said we were going 'lobstering', this isn't what I had in mind."
4309,4601,2,7,60,69,1.1594202898550725,0.05313363777948607,680,"It is not the looks, you just can't text!"
4334,4601,1,9,59,69,1.1594202898550725,0.04895841096457367,680,No I am not going to wear a bib.
4414,4601,1,9,59,69,1.1594202898550725,0.04895841096457367,680,Women these days are so angry all the time.
4442,4601,2,7,60,69,1.1594202898550725,0.05313363777948607,680,I’m hungry and you’re being shellfish.
4512,4601,0,11,58,69,1.1594202898550725,0.04439221265797129,680,"OK, you win. Your hands aren't clammy anymore."
4542,4601,1,9,59,69,1.1594202898550725,0.04895841096457367,680,Maybe it’s time to lay off the White Claw.
4548,4601,2,7,60,69,1.1594202898550725,0.05313363777948607,680,If one more person calls me Edward Lobsterhands....
3894,4601,2,7,60,69,1.1594202898550725,0.05313363777948607,680,If you weren't as dumb as you look I would call you a nephropidae.
4550,4601,1,9,59,69,1.1594202898550725,0.04895841096457367,680,I don't know what a counselor is going to tell us... I just don't like foreplay!
4562,4601,1,9,59,69,1.1594202898550725,0.04895841096457367,680,And to think I broke up with Kevin because he was too handsy.
4292,4601,1,9,59,69,1.1594202898550725,0.04895841096457367,680,I get so self-conscious when I chip my nail polish.
3887,4601,1,9,59,69,1.1594202898550725,0.04895841096457367,680,"Well, at least they're organic."
3596,4601,2,7,60,69,1.1594202898550725,0.05313363777948607,680,Boiling point.
3847,4601,2,7,60,69,1.1594202898550725,0.05313363777948607,680,"If you touch me again, I'll turn the rest of you into a lobster."
3180,4601,3,5,61,69,1.1594202898550725,0.05700386761604138,680,I told you to have our lawyer go over the fine print.
3134,4601,3,5,61,69,1.1594202898550725,0.05700386761604138,680,Last time I ever swipe right for a for a Claude
3186,4601,2,7,60,69,1.1594202898550725,0.05313363777948607,680,Is this because I said that thing about Labor Day?
3191,4601,0,11,58,69,1.1594202898550725,0.04439221265797129,680,"'You just had to pick him up, didn't you?'"
3241,4601,1,9,59,69,1.1594202898550725,0.04895841096457367,680,I don't think this is going to work out.
3245,4601,1,9,59,69,1.1594202898550725,0.04895841096457367,680,I don’t know why exactly but sometimes I feel you are clawing at me.
3333,4601,2,7,60,69,1.1594202898550725,0.05313363777948607,680,Pinch me again and I
3419,4601,0,11,58,69,1.1594202898550725,0.04439221265797129,680,"When life hands you crabs, you don’t make crab hands."
3460,4601,1,9,59,69,1.1594202898550725,0.04895841096457367,680,Have you tweeted that you're looking for a partner with Scorpio personality?
3515,4601,0,11,58,69,1.1594202898550725,0.04439221265797129,680,You think this is funny?
3879,4601,2,7,60,69,1.1594202898550725,0.05313363777948607,680,I told you I’d adopt a hands off approach.
3537,4601,1,9,59,69,1.1594202898550725,0.04895841096457367,680,Born-to-pinch is no excuse.
3181,4601,1,9,59,69,1.1594202898550725,0.04895841096457367,680,So did you really think this would make you an irresistible hire at Red Lobster?  Asshole
3622,4601,2,7,60,69,1.1594202898550725,0.05313363777948607,680,"Keep those
 claws away from me!"
3658,4601,3,5,61,69,1.1594202898550725,0.05700386761604138,680,"I wish you'd stop calling everyone a ""handist."""
3667,4601,2,7,60,69,1.1594202898550725,0.05313363777948607,680,Why must you always be so soft-shelled?
3683,4601,1,9,59,69,1.1594202898550725,0.04895841096457367,680,I'm uncomfortable with public displays of affliction.
3714,4601,2,7,60,69,1.1594202898550725,0.05313363777948607,680,You have to stop eating so much lobster...
3754,4601,0,11,58,69,1.1594202898550725,0.04439221265797129,680,Wait 'til I find out who ate my leftover lobster.
3774,4601,2,7,60,69,1.1594202898550725,0.05313363777948607,680,"Don't give me that 'It was out of anger, not lust' line again, Carl."
3819,4601,0,11,58,69,1.1594202898550725,0.04439221265797129,680,"Next time, have a ""sex on the beach"" instead of a ""sandy claws."""
3834,4601,0,11,58,69,1.1594202898550725,0.04439221265797129,680,"I know pinching is normal for you, but it hurts and I don't like it."
3544,4601,0,11,58,69,1.1594202898550725,0.04439221265797129,680,This is your stupidest diet scheme yet.
4598,4601,2,7,60,69,1.1594202898550725,0.05313363777948607,680,"For the last time, I am not your lobster!"
5910,4601,3,5,61,69,1.1594202898550725,0.05700386761604138,680,Boston Legal
4672,4601,2,7,60,69,1.1594202898550725,0.05313363777948607,680,"But, I'll give you a mani/pedi"
5494,4601,2,7,60,69,1.1594202898550725,0.05313363777948607,680,I knew I should have brought the elastics.
5500,4601,2,7,60,69,1.1594202898550725,0.05313363777948607,680,And you always insist that I'm the crabby one!
5504,4601,1,9,59,69,1.1594202898550725,0.04895841096457367,680,"Look, I'm sorry you had to pay, again."
5509,4601,1,9,59,69,1.1594202898550725,0.04895841096457367,680,"And you only making a quarter per kid, after paying for all the stuffed animals, isn't helping much with the bills."
5523,4601,3,5,61,69,1.1594202898550725,0.05700386761604138,680,You could have at least tried the crab salad..
5533,4601,1,9,59,69,1.1594202898550725,0.04895841096457367,680,Please stop being so snippy.
6151,4601,0,11,58,69,1.1594202898550725,0.04439221265797129,680,Me ‘getting crabs’ is not what you think it is.
5554,4601,3,5,61,69,1.1594202898550725,0.05700386761604138,680,"So I’m crabby?
You’re not even kosher!"
5578,4601,1,9,59,69,1.1594202898550725,0.04895841096457367,680,Just because they give you free Cheddar Bay Biscuits doesn't mean it's worth it.
5618,4601,0,11,58,69,1.1594202898550725,0.04439221265797129,680,"I definitely want some clarification on that ""in sickness and in health"" vow"
5348,4601,1,9,59,69,1.1594202898550725,0.04895841096457367,680,"I'm very open-minded, but I think you could have mentioned it in your profile."
5676,4601,1,9,59,69,1.1594202898550725,0.04895841096457367,680,That comment was totally unclawed for!
5723,4601,0,11,58,69,1.1594202898550725,0.04439221265797129,680,I told you...keep your claws to yourself.
5749,4601,0,11,58,69,1.1594202898550725,0.04439221265797129,680,Just be sure you put the rubber bands back on before you greet people at the party.
5796,4601,0,11,58,69,1.1594202898550725,0.04439221265797129,680,You’re carrying this poetry thing way too far!
5826,4601,1,9,59,69,1.1594202898550725,0.04895841096457367,680,"No, dear, I do NOT have clawstrophobia."
5902,4601,0,11,58,69,1.1594202898550725,0.04439221265797129,680,You’ve taken penny-pinching to a whole new level.
5905,4601,1,9,59,69,1.1594202898550725,0.04895841096457367,680,I know they’re not clammy. I still don’t want to hold them.
5987,4601,2,7,60,69,1.1594202898550725,0.05313363777948607,680,Don't expect me to pull you out of the pot again!
3126,4601,2,7,60,69,1.1594202898550725,0.05313363777948607,680,So what makes you think you know what it's really like to claw your way up the career ladder?
6115,4601,1,9,59,69,1.1594202898550725,0.04895841096457367,680,Good luck burpin' the worm!
6062,4601,1,9,59,69,1.1594202898550725,0.04895841096457367,680,I think it would be nice if we could hold hands sometime
5722,4601,1,9,59,69,1.1594202898550725,0.04895841096457367,680,You're so crabby lately
4658,4601,1,9,59,69,1.1594202898550725,0.04895841096457367,680,Seriously? You're telling me that I'M the one who's crabby?
5345,4601,2,7,60,69,1.1594202898550725,0.05313363777948607,680,At least I don't have to eat the paper anymore.
5268,4601,2,7,60,69,1.1594202898550725,0.05313363777948607,680,"If lobster claws are de rigueur, maybe this won’t be my kind of party."
4736,4601,1,9,59,69,1.1594202898550725,0.04895841096457367,680,"The Sports Authority ran out of boxing gloves today, but I figured these would work just fine in mixed martial arts."
4743,4601,1,9,59,69,1.1594202898550725,0.04895841096457367,680,I wanted a date with Santa - not Mr. Claws!
4745,4601,2,7,60,69,1.1594202898550725,0.05313363777948607,680,"I don't like the way they look, even if you would've never made it to the top without them."
4755,4601,1,9,59,69,1.1594202898550725,0.04895841096457367,680,I'm SO glad I didn't order the Crispr Crab.
4774,4601,2,7,60,69,1.1594202898550725,0.05313363777948607,680,"'Loot & scoot' or 'snatch & grab'"", I think your behavior is deplorable"
4796,4601,2,7,60,69,1.1594202898550725,0.05313363777948607,680,Straw hats in winter has a different connotation then mittens in summer
4799,4601,2,7,60,69,1.1594202898550725,0.05313363777948607,680,You should have told about those before we got so involved.
4811,4601,0,11,58,69,1.1594202898550725,0.04439221265797129,680,"You heard me say ""Santy Claus,""not handy claws!"
4812,4601,2,7,60,69,1.1594202898550725,0.05313363777948607,680,I believe in Santa claws but not in lobster claws
4890,4601,0,11,58,69,1.1594202898550725,0.04439221265797129,680,I think I am going to have lobster today.
5300,4601,3,5,61,69,1.1594202898550725,0.05700386761604138,680,It's not that I don't like you...
4891,4601,2,7,60,69,1.1594202898550725,0.05313363777948607,680,Lobster cafe? I better find a way to claw out of this one.
4939,4601,0,11,58,69,1.1594202898550725,0.04439221265797129,680,The irony here is that lobster doesn’t stand a chance in the wild with your milk toast grip.
4956,4601,0,11,58,69,1.1594202898550725,0.04439221265797129,680,You sure woke up crabby today.
4978,4601,1,9,59,69,1.1594202898550725,0.04895841096457367,680,Don't tell me to claw down!
4994,4601,2,7,60,69,1.1594202898550725,0.05313363777948607,680,You should have been more specific when you asked the genie for a lifetime supply of Stone Crab.
5056,4601,1,9,59,69,1.1594202898550725,0.04895841096457367,680,"If you are going to claw your way to the top, you're gonna need a better wardrobe"
5114,4601,1,9,59,69,1.1594202898550725,0.04895841096457367,680,Hot water chief -tester!
5170,4601,1,9,59,69,1.1594202898550725,0.04895841096457367,680,"Well my dentist is also from Maine, and he says you only have to wrap the floss around your fingers a couple of times"
5188,4601,2,7,60,69,1.1594202898550725,0.05313363777948607,680,Even you cannot claw your way back into this relationship.
5229,4601,1,9,59,69,1.1594202898550725,0.04895841096457367,680,Subtlety is not your strength
5231,4601,1,9,59,69,1.1594202898550725,0.04895841096457367,680,I'm sorry. I told you before we went out that I was a little shellfish.
4918,4601,0,11,58,69,1.1594202898550725,0.04439221265797129,680,Have you ever seen a 165 lb lobsterman?
3069,4601,2,7,60,69,1.1594202898550725,0.05313363777948607,680,"Well, you just can't rely on other people to unzip for you."
435,4601,3,5,61,69,1.1594202898550725,0.05700386761604138,680,"While I appreciate the similarities, your name is Greg Simpson, New York is not an ‘unnamed Eastern state’, and you did not ‘wake up with’ the novelty lobster claws you bought last summer."
3057,4601,1,9,59,69,1.1594202898550725,0.04895841096457367,680,You should never take the claw into your own hands!
803,4601,2,7,60,69,1.1594202898550725,0.05313363777948607,680,Does this mean we can get rid of the Buffalo Wild Wings?
838,4601,1,9,59,69,1.1594202898550725,0.04895841096457367,680,"No more ""Bangkok Calling.""  Ever!"
863,4601,1,9,59,69,1.1594202898550725,0.04895841096457367,680,"Clawing your way to the top hasn’t worked, how about dishwashing at Red Lobster?"
873,4601,1,9,59,69,1.1594202898550725,0.04895841096457367,680,The chill really in the air really does a number on your hands.
883,4601,2,7,60,69,1.1594202898550725,0.05313363777948607,680,"Okay, okay, I get why you found the Access Hollywood tape so disgusting.  Now give me back my hands, please."
890,4601,2,7,60,69,1.1594202898550725,0.05313363777948607,680,"Go ahead, be angry. But I just can't keep eating lobsters."
937,4601,2,7,60,69,1.1594202898550725,0.05313363777948607,680,"""And you've been snippy and not at all tender with me lately."""
979,4601,1,9,59,69,1.1594202898550725,0.04895841096457367,680,"Now, you'll have to claw your way to the top!!"
1021,4601,2,7,60,69,1.1594202898550725,0.05313363777948607,680,"Yeah, but I can do this."
1028,4601,0,11,58,69,1.1594202898550725,0.04439221265797129,680,I get it.  We’re going to the Red Lobster . . . again.
1029,4601,2,7,60,69,1.1594202898550725,0.05313363777948607,680,"Cherie, I'll take off these pinchers when you forgive me for wrongly thinking your favorite Stevie Wonder song lyrics were saying: ""My Chelae Amour distant as the Milky Way."""
1072,4601,0,11,58,69,1.1594202898550725,0.04439221265797129,680,"When you warned me you had crabs, this was the last thing I was expecting."
1085,4601,1,9,59,69,1.1594202898550725,0.04895841096457367,680,"Sorry, I know you want to hold hands - it's just that they get a little 'clam'my."
1087,4601,3,5,61,69,1.1594202898550725,0.05700386761604138,680,This is our first date.  I expect you to keep your hands to yourself.
1123,4601,2,7,60,69,1.1594202898550725,0.05313363777948607,680,Most people make do with just a bib.
1124,4601,3,5,61,69,1.1594202898550725,0.05700386761604138,680,I don't see why YOU'RE pouting. I'm the one who got crabs.
1147,4601,2,7,60,69,1.1594202898550725,0.05313363777948607,680,I know you guys don't get on but there's no need to be so snippy
1152,4601,0,11,58,69,1.1594202898550725,0.04439221265797129,680,I told you I was a cheap date.
1184,4601,0,11,58,69,1.1594202898550725,0.04439221265797129,680,And you say it is just an extension of your personality?
1203,4601,1,9,59,69,1.1594202898550725,0.04895841096457367,680,I knew it was to good to be true when you said you didn’t have crabs.
1210,4601,2,7,60,69,1.1594202898550725,0.05313363777948607,680,"I get it, you're a big fan. But on your NEXT 'first date,' either skip the hockey game, or consider leaving your rubber claws at home."""
764,4601,2,7,60,69,1.1594202898550725,0.05313363777948607,680,Is this going happen every time someone asks for butter?
1296,4601,1,9,59,69,1.1594202898550725,0.04895841096457367,680,"Dave, I told you, no one wants to shake hands with you."
758,4601,2,7,60,69,1.1594202898550725,0.05313363777948607,680,"You, of all people, calling me 'crabby'!"
714,4601,1,9,59,69,1.1594202898550725,0.04895841096457367,680,Keep your claws to yourself!
85,4601,1,9,59,69,1.1594202898550725,0.04895841096457367,680,I warned you about getting crabs from me last night.
90,4601,2,7,60,69,1.1594202898550725,0.05313363777948607,680,I told you it wasn't flaxseed.
91,4601,0,11,58,69,1.1594202898550725,0.04439221265797129,680,I told you last week that we were out of rubber bands.
116,4601,3,5,61,69,1.1594202898550725,0.05700386761604138,680,"Is it bacause of that shopping trip, Jimmy?"
199,4601,1,9,59,69,1.1594202898550725,0.04895841096457367,680,Now we just have to find you a job where you can claw your way to the top.
238,4601,0,11,58,69,1.1594202898550725,0.04439221265797129,680,"You've changed, Tim... ever since that weekend we spent in Maine..."
302,4601,0,11,58,69,1.1594202898550725,0.04439221265797129,680,The Apartment's a mess-you can't pick up a broom?
336,4601,0,11,58,69,1.1594202898550725,0.04439221265797129,680,How can I date you when I’m allergic to your hands?
359,4601,1,9,59,69,1.1594202898550725,0.04895841096457367,680,"I know...I know: when God past out hands, you thought he said cans."
363,4601,1,9,59,69,1.1594202898550725,0.04895841096457367,680,I'm acting crabby?  Look who's talking!
389,4601,1,9,59,69,1.1594202898550725,0.04895841096457367,680,I should have suspected something on Tinder when you listed your name as Fred Lobster.
390,4601,1,9,59,69,1.1594202898550725,0.04895841096457367,680,"As a matter of fact, I am crabby! I said grab me early only in case of emergency!"
404,4601,1,9,59,69,1.1594202898550725,0.04895841096457367,680,"Why would you surgically implant giant, meaty lobster claws over your hands? How can you still wipe Harold? How do you WIPE?!"
451,4601,2,7,60,69,1.1594202898550725,0.05313363777948607,680,I misunderstood when you said you needed to claw your way to the top.
500,4601,1,9,59,69,1.1594202898550725,0.04895841096457367,680,"I told you to keep your hands to yourself, but no."
510,4601,1,9,59,69,1.1594202898550725,0.04895841096457367,680,"It will be worth it if it cures your ""online"" addiction."
537,4601,0,11,58,69,1.1594202898550725,0.04439221265797129,680,"I’ve told you before, I’m a Long John Silvers girl."
593,4601,1,9,59,69,1.1594202898550725,0.04895841096457367,680,No sir...it’s clear now that the gloves are off!
594,4601,1,9,59,69,1.1594202898550725,0.04895841096457367,680,And don't give me that old lobster claw excuse again.
702,4601,0,11,58,69,1.1594202898550725,0.04439221265797129,680,There are love pinches and there are love pinches...and then there's...
707,4601,0,11,58,69,1.1594202898550725,0.04439221265797129,680,"When I told you to keep your mitts off me, I did not mean to suggest that clawing was okay."
752,4601,1,9,59,69,1.1594202898550725,0.04895841096457367,680,"When I called you a crab, I didn't mean for you to take it literally."
1299,4601,1,9,59,69,1.1594202898550725,0.04895841096457367,680,They're only supposed to be red AFTER they've been cooked.
588,4601,2,7,60,69,1.1594202898550725,0.05313363777948607,680,Those don't make it any less metoo!
1391,4601,3,5,61,69,1.1594202898550725,0.05700386761604138,680,"... and he has the stones to say that he’s breaking up with me because I have, and I quote, “a fishy smell”. Can you fucken believe that shit? Can you? Hello? What the fuck dude, I honestly expected your support on this, you literally reek like fish."
2218,4601,0,11,58,69,1.1594202898550725,0.04439221265797129,680,Your sister liked it
2267,4601,0,11,58,69,1.1594202898550725,0.04439221265797129,680,What part of White Claws did you not understand?
2292,4601,1,9,59,69,1.1594202898550725,0.04895841096457367,680,I'm really getting tired of your pinching me and then saying that you can't help it!
2342,4601,1,9,59,69,1.1594202898550725,0.04895841096457367,680,And don't go thinking we're doing that trick with the herbed butter again either!
2363,4601,1,9,59,69,1.1594202898550725,0.04895841096457367,680,"When I asked you to give me a hand once in a while, I was speaking metaphorically"
2380,4601,2,7,60,69,1.1594202898550725,0.05313363777948607,680,"I'm not sure this is how you're going to claw your way to the top."""
2437,4601,1,9,59,69,1.1594202898550725,0.04895841096457367,680,"How many times do I have to tell you, no foreplay!"
2451,4601,2,7,60,69,1.1594202898550725,0.05313363777948607,680,I don't want you to change who you are. I just wish that you would wear gloves when we go out.
2560,4601,2,7,60,69,1.1594202898550725,0.05313363777948607,680,I always thought your mother was a crusty old bat!
2619,4601,0,11,58,69,1.1594202898550725,0.04439221265797129,680,"I keep telling you, it’s not quite crawfish season yet."
2665,4601,1,9,59,69,1.1594202898550725,0.04895841096457367,680,I don’t care. The Cheesehead was too expensive!
2668,4601,1,9,59,69,1.1594202898550725,0.04895841096457367,680,"Next time we go for lobster, I would appreciate it if you’re more specific."
2744,4601,1,9,59,69,1.1594202898550725,0.04895841096457367,680,I thought I was clear: No petting!
2822,4601,1,9,59,69,1.1594202898550725,0.04895841096457367,680,At least it wasn't your head. Remember uncle Andre.
2835,4601,0,11,58,69,1.1594202898550725,0.04439221265797129,680,You and your food allergies.
2911,4601,2,7,60,69,1.1594202898550725,0.05313363777948607,680,Actually clawing is exactly the right word.
2916,4601,2,7,60,69,1.1594202898550725,0.05313363777948607,680,"That was preposition, not proposition."
2970,4601,3,5,61,69,1.1594202898550725,0.05700386761604138,680,Over the top for a simple nose-picking issue. His minor in marine biology might have been a tip-off.
3046,4601,2,7,60,69,1.1594202898550725,0.05313363777948607,680,"I said I wanted some foreplay, not clawplay!"
3051,4601,2,7,60,69,1.1594202898550725,0.05313363777948607,680,You shouldn't have snapped like that back there.
3066,4601,1,9,59,69,1.1594202898550725,0.04895841096457367,680,This is the last time I will join you for a lobster dinner.
2151,4601,2,7,60,69,1.1594202898550725,0.05313363777948607,680,"This is very shellfish of you,Ted."
2117,4601,3,5,61,69,1.1594202898550725,0.05700386761604138,680,"Lobster Jaws
Lion Jaws
What's the menacing impeachment flaw -
A Trumpet Draw ...
Without Law!
Or, Legislative War ...
Imposing Lawless Law!"
2140,4601,1,9,59,69,1.1594202898550725,0.04895841096457367,680,Your use of the word clause was very misleading.
1726,4601,1,9,59,69,1.1594202898550725,0.04895841096457367,680,"No, you tell our daughter you wouldn’t feel safe attending her Christmas ballet recital."
1493,4601,1,9,59,69,1.1594202898550725,0.04895841096457367,680,You better not get handsy with me!
1518,4601,1,9,59,69,1.1594202898550725,0.04895841096457367,680,I still don't understand why you must always climb into the lobster tank at our favourite restaurant!
1554,4601,1,9,59,69,1.1594202898550725,0.04895841096457367,680,"Red handed, red clawed, it’s all the same thing."
1568,4601,2,7,60,69,1.1594202898550725,0.05313363777948607,680,"I like melted butter, what is wrong with you?"
1569,4601,1,9,59,69,1.1594202898550725,0.04895841096457367,680,I've got crabs
1591,4601,2,7,60,69,1.1594202898550725,0.05313363777948607,680,"Next time, why don’t we just skip the foreplay."
1637,4601,1,9,59,69,1.1594202898550725,0.04895841096457367,680,"As Dr. Davis said, I carry the money from now on."
1711,4601,2,7,60,69,1.1594202898550725,0.05313363777948607,680,Looks like your a little crabby.
2115,4601,2,7,60,69,1.1594202898550725,0.05313363777948607,680,Well next week I'm picking the game for Game Night.  I've had it with Jenga.
1752,4601,1,9,59,69,1.1594202898550725,0.04895841096457367,680,"Oh no, you're too good for hooks.  You damn-well-KNOW shellfish give me hives!"
1809,4601,1,9,59,69,1.1594202898550725,0.04895841096457367,680,Don't you think that The Crab Shack will find you offending?
1832,4601,0,11,58,69,1.1594202898550725,0.04439221265797129,680,I wish you would just wear gloves like everybody else !
1852,4601,0,11,58,69,1.1594202898550725,0.04439221265797129,680,"Sorry, but you're not touching me until you get rid of those."
1856,4601,2,7,60,69,1.1594202898550725,0.05313363777948607,680,"Sure, it's politics, but  let's leave the gloves on, until after the primaries, anyway."
1895,4601,0,11,58,69,1.1594202898550725,0.04439221265797129,680,Maybe foreplay's just not for us.
1902,4601,0,11,58,69,1.1594202898550725,0.04439221265797129,680,You know what they say about big claws...
1932,4601,2,7,60,69,1.1594202898550725,0.05313363777948607,680,"John, the Boston Lobsters are just a tennis team."
1992,4601,2,7,60,69,1.1594202898550725,0.05313363777948607,680,"You told me that helping out with Chernobyl wouldn't be a problem.              If you think I'm ever sleeping with you again, you're crazy."
2089,4601,3,5,61,69,1.1594202898550725,0.05700386761604138,680,"I don't care how nice they seemed. When you smell drawn butter, you head for the door!"
2110,4601,2,7,60,69,1.1594202898550725,0.05313363777948607,680,"Normal people would ask for a take-home bib."""
1460,4601,1,9,59,69,1.1594202898550725,0.04895841096457367,680,Not only are you a tight arse but you're a penny pincher too.
1444,4601,0,11,58,69,1.1594202898550725,0.04439221265797129,680,"The fitter failed you, Derek. You needed the smalls."
4794,4802,1,9,60,70,1.1571428571428573,0.048307650572300034,680,But the takeout boxes were all so small.
3747,4802,1,9,60,70,1.1571428571428573,0.048307650572300034,680,"Sorry, but I refuse to believe that your given name is ""Santa""."
5887,4802,2,7,61,70,1.1571428571428573,0.05241858238033226,680,So this is the surprise clause you wanted in the prenup?
3264,4802,0,11,59,70,1.1571428571428573,0.043812674294856725,680,We are done with sex.
5117,4802,1,9,60,70,1.1571428571428573,0.048307650572300034,680,I'll take care of it. Can you pick up the kids at school?
1632,4802,2,7,61,70,1.1571428571428573,0.05241858238033226,680,"My girlfriend warned me you were ALL hands, but this? This?"
3283,4808,1,9,61,71,1.1549295774647887,0.0476738049630549,680,"I hate your stupid line about marriage....”Easy to enter, impossible to exit.”"
3589,4809,1,8,57,66,1.1515151515151516,0.04943703698482351,680,That’s not what biohacking means
3608,4809,3,4,59,66,1.1515151515151516,0.05810698373035499,680,There should be better ways of settling this Maine vacation issue.
3631,4809,2,6,58,66,1.1515151515151516,0.05394646505600968,680,I'm not going to speak with you if you are going to be this crabby.
3699,4809,1,8,57,66,1.1515151515151516,0.04943703698482351,680,"I didn't see that episode of ""Friends."""
3736,4809,0,10,56,66,1.1515151515151516,0.04447269004274805,680,You do know the “Would you rather” game isn’t literal...
3756,4809,2,6,58,66,1.1515151515151516,0.05394646505600968,680,DO  you have any creme for chapped hands?
3759,4809,1,8,57,66,1.1515151515151516,0.04943703698482351,680,"I don't care if we are on our honeymoon, keep your hands to yourself."
3798,4809,0,10,56,66,1.1515151515151516,0.04447269004274805,680,Just once can you not pick sushi!
3824,4809,1,8,57,66,1.1515151515151516,0.04943703698482351,680,"No way am I going out with you, Lobsterman. I’m holding out for Spiderman."
3837,4809,0,10,56,66,1.1515151515151516,0.04447269004274805,680,So I guess I melted all that butter for nothing.
3882,4809,1,8,57,66,1.1515151515151516,0.04943703698482351,680,You said strolling was going to be better than scrolling.
3955,4809,1,8,57,66,1.1515151515151516,0.04943703698482351,680,"Look, I don't know what the girls are like back in Maine, but I'm just not into PDAs."
3978,4809,1,8,57,66,1.1515151515151516,0.04943703698482351,680,"Your ""It's the claw!"" thing to the child in the next booth was simply uncalled for."
2775,4809,3,4,59,66,1.1515151515151516,0.05810698373035499,680,That's not what I meant by grab some claws...
4027,4809,0,10,56,66,1.1515151515151516,0.04447269004274805,680,"I don't care if you CAN put them in the stupid pot, the point is I asked you not to.  And by the way:  I hope you realize everyone was laughing _at_ you, and not _with_ you."
4083,4809,2,6,58,66,1.1515151515151516,0.05394646505600968,680,"How could you think that? I said I felt like ‘blintzes’, not ‘pincers’"
4101,4809,2,6,58,66,1.1515151515151516,0.05394646505600968,680,We're getting a divorce.
4175,4809,2,6,58,66,1.1515151515151516,0.05394646505600968,680,So when we get there put the squeeze on them.
4205,4809,3,4,59,66,1.1515151515151516,0.05810698373035499,680,Stop yacking about the upcoming  foreplay. It ain’t gone happened!
4242,4809,2,6,58,66,1.1515151515151516,0.05394646505600968,680,"Say 'Red Lobster' one more time, Frank. Say it, I dare you."
4247,4809,1,8,57,66,1.1515151515151516,0.04943703698482351,680,I told you that would-you-rather wasn’t a hypothetical.
4250,4809,2,6,58,66,1.1515151515151516,0.05394646505600968,680,Don’t even think about groping me.
4268,4809,2,6,58,66,1.1515151515151516,0.05394646505600968,680,...and will all that you still cant scratch my itch.
4284,4809,2,6,58,66,1.1515151515151516,0.05394646505600968,680,That wasn’t your reaction to Edward Scissorhands.
4348,4809,2,6,58,66,1.1515151515151516,0.05394646505600968,680,"I thought ""US"" would work out, but you just keep hurting me."
4350,4809,0,10,56,66,1.1515151515151516,0.04447269004274805,680,All I said was I wish you could be more gentle in foreplay.
3575,4809,1,8,57,66,1.1515151515151516,0.04943703698482351,680,You thought Red Lobster 'all you can eat' was a good idea?
4017,4809,0,10,56,66,1.1515151515151516,0.04447269004274805,680,You just couldn't resist bragging about multi-tasking.
3572,4809,1,8,57,66,1.1515151515151516,0.04943703698482351,680,"Ok , now you point it out, I agree my shellfish addiction may be having some unusual side effects!"
3401,4809,1,8,57,66,1.1515151515151516,0.04943703698482351,680,Well I am sorry I can't let you boil my hand.
2763,4809,0,10,56,66,1.1515151515151516,0.04447269004274805,680,Looks like I've caught you in flagrante delicious.
2736,4809,1,8,57,66,1.1515151515151516,0.04943703698482351,680,You never want to hold hands in public.
4375,4809,0,10,56,66,1.1515151515151516,0.04447269004274805,680,Don’t  you think an expensive nutcracker would have been more practical?
2853,4809,2,6,58,66,1.1515151515151516,0.05394646505600968,680,This is the last time you're using the past to get out of making dinner.
2859,4809,0,10,56,66,1.1515151515151516,0.04447269004274805,680,I do a great Edward Scissorhands
2867,4809,1,8,57,66,1.1515151515151516,0.04943703698482351,680,I knew I should have married someone with opposing thumbs...
2878,4809,1,8,57,66,1.1515151515151516,0.04943703698482351,680,"Caribbean health plan, eh?!?!"
2888,4809,1,8,57,66,1.1515151515151516,0.04943703698482351,680,I AM keeping my hands off you.
2900,4809,1,8,57,66,1.1515151515151516,0.04943703698482351,680,You just had to wear your human suit!
2934,4809,0,10,56,66,1.1515151515151516,0.04447269004274805,680,I never said you were crabby dear
2935,4809,0,10,56,66,1.1515151515151516,0.04447269004274805,680,"Gerry, how could you? We spoke about you growing a beard!"
2957,4809,2,6,58,66,1.1515151515151516,0.05394646505600968,680,"But, normal is a wide spectrum"
2976,4809,1,8,57,66,1.1515151515151516,0.04943703698482351,680,Mom was very hurt that you wouldn’t even try her lobster bisque.
2990,4809,1,8,57,66,1.1515151515151516,0.04943703698482351,680,"Next time, please use a knife and fork, as stipulated in our pre-nup"
2993,4809,2,6,58,66,1.1515151515151516,0.05394646505600968,680,"Claw removal surgery is painful, but, I'll do it for you!"
3002,4809,1,8,57,66,1.1515151515151516,0.04943703698482351,680,Feels good to get the rubberbands off.
3043,4809,0,10,56,66,1.1515151515151516,0.04447269004274805,680,"Sorry, but I consider you that fish that should have been thrown back."
3070,4809,1,8,57,66,1.1515151515151516,0.04943703698482351,680,"You don't believe I clawed her, do you?"
3074,4809,1,8,57,66,1.1515151515151516,0.04943703698482351,680,This Dr. Jordan Peterson fan club meeting better be fun.
3079,4809,2,6,58,66,1.1515151515151516,0.05394646505600968,680,But you knew I was clawed when you married me.
3097,4809,0,10,56,66,1.1515151515151516,0.04447269004274805,680,"Oh, yeah, be sure to call me when the Lob Streppelin tribute tour reaches the Garden."
3106,4809,1,8,57,66,1.1515151515151516,0.04943703698482351,680,I know that you are claw-striphobic; but the hand surgeon said it was the only option for my condition.
3209,4809,1,8,57,66,1.1515151515151516,0.04943703698482351,680,Boston sucks.
3331,4809,0,10,56,66,1.1515151515151516,0.04447269004274805,680,Why does this planet only have one color?
3396,4809,1,8,57,66,1.1515151515151516,0.04943703698482351,680,I'm tired of getting thrown out of pizza places.
3516,4809,1,8,57,66,1.1515151515151516,0.04943703698482351,680,You are in such hot water.
4386,4809,1,8,57,66,1.1515151515151516,0.04943703698482351,680,"I did not say, pinch me I'm dreaming."
6018,4809,0,10,56,66,1.1515151515151516,0.04447269004274805,680,I'll never understand why you hate melted butter.
4526,4809,2,6,58,66,1.1515151515151516,0.05394646505600968,680,HA!  You keep your claws off of me.
5390,4809,2,6,58,66,1.1515151515151516,0.05394646505600968,680,I really don't appreciate the snippiness of your tone.
5426,4809,1,8,57,66,1.1515151515151516,0.04943703698482351,680,How would I have known that he would  order the lobster at the the diner?
5445,4809,2,6,58,66,1.1515151515151516,0.05394646505600968,680,Unbelievable. I told you to bring White Claws to the party.
5465,4809,0,10,56,66,1.1515151515151516,0.04447269004274805,680,"Do you ever feel like a pair of ragged claws, scuttling across the floors of silent seas?"
5544,4809,2,6,58,66,1.1515151515151516,0.05394646505600968,680,Don't tell anyone we met on Okay Cupid. Tell them we met at Oyster Happy Hour.
5583,4809,1,8,57,66,1.1515151515151516,0.04943703698482351,680,"The next time we go to a Fabergé egg exhibit, you're wearing rubber bands."
5620,4809,0,10,56,66,1.1515151515151516,0.04447269004274805,680,No crusher claw?! That's like giving you two left hands!
5720,4809,1,8,57,66,1.1515151515151516,0.04943703698482351,680,Well at LEAST you don’t have crabs...
5727,4809,2,6,58,66,1.1515151515151516,0.05394646505600968,680,I don't think 'clawing up the ladder of success' should be taken literally.
5750,4809,3,4,59,66,1.1515151515151516,0.05810698373035499,680,Jorts? Really?
5758,4809,2,6,58,66,1.1515151515151516,0.05394646505600968,680,Call me crabby one more time and we’ll both be steamed.
5794,4809,1,8,57,66,1.1515151515151516,0.04943703698482351,680,"Well, you did ask me not to be crabbie today."
5855,4809,2,6,58,66,1.1515151515151516,0.05394646505600968,680,"Red socks or not, I'm not into puppet shows."
5876,4809,1,8,57,66,1.1515151515151516,0.04943703698482351,680,"I don't care what you say, I am not wearing the plastic bib!"
5891,4809,1,8,57,66,1.1515151515151516,0.04943703698482351,680,"I don't care if I was being difficult, she didn't have to call me crabby."
5917,4809,1,8,57,66,1.1515151515151516,0.04943703698482351,680,Sometimes you behave like an evil circus freak child.
5940,4809,0,10,56,66,1.1515151515151516,0.04447269004274805,680,My mom agrees with me—you’re definitely more crabby than you used to be.
5994,4809,1,8,57,66,1.1515151515151516,0.04943703698482351,680,"""They are for show, only."""
5995,4809,1,8,57,66,1.1515151515151516,0.04943703698482351,680,I've told you before-- you have no idea how to eat sushi !
2719,4809,1,8,57,66,1.1515151515151516,0.04943703698482351,680,This is what they meant when they said there'd be no leftover boxes George.
6032,4809,1,8,57,66,1.1515151515151516,0.04943703698482351,680,I know you wanted to change your name to San T. Claws but this is ridiculous
6053,4809,1,8,57,66,1.1515151515151516,0.04943703698482351,680,"Don't get handsy."""
6064,4809,0,10,56,66,1.1515151515151516,0.04447269004274805,680,"If you didn’t want to go to Long John Silver’s, you could’ve just told me."
6065,4809,1,8,57,66,1.1515151515151516,0.04943703698482351,680,At least that explains the itching and burning.
6135,4809,2,6,58,66,1.1515151515151516,0.05394646505600968,680,"I thought we were going to taste them, not wear them."
5384,4809,1,8,57,66,1.1515151515151516,0.04943703698482351,680,How could you say that my hands are clammy?
5381,4809,1,8,57,66,1.1515151515151516,0.04943703698482351,680,You could have told me that going totally vegan isn't in your DNA.
5252,4809,1,8,57,66,1.1515151515151516,0.04943703698482351,680,I said the money will go to a monster cause!
5251,4809,1,8,57,66,1.1515151515151516,0.04943703698482351,680,Don't pinch my butt in front of your mother ever again.
4556,4809,1,8,57,66,1.1515151515151516,0.04943703698482351,680,"Last week - Steakhouse and Horns - This week Seafood and ----"""
4565,4809,1,8,57,66,1.1515151515151516,0.04943703698482351,680,"Say, that reminds me: Do we have any drawn butter?"
4576,4809,1,8,57,66,1.1515151515151516,0.04943703698482351,680,Of course my Jewish kosher parents weren’t going to think those are funny.
4608,4809,1,8,57,66,1.1515151515151516,0.04943703698482351,680,I knew I should have went with the cheese head.
4622,4809,1,8,57,66,1.1515151515151516,0.04943703698482351,680,Gah!  I hate the B-52s!
4630,4809,1,8,57,66,1.1515151515151516,0.04943703698482351,680,"Almost as bad as the guy who wore his company windbreaker out to dinner, but only ALMOST."
4632,4809,1,8,57,66,1.1515151515151516,0.04943703698482351,680,And keep them to yourself.
4663,4809,1,8,57,66,1.1515151515151516,0.04943703698482351,680,It's been my experience that a bib is what's required at those kinds of restaurants.
4685,4809,2,6,58,66,1.1515151515151516,0.05394646505600968,680,I hate shopping with you because you’ve become a crabby penny-pincher!
4687,4809,2,6,58,66,1.1515151515151516,0.05394646505600968,680,My great catch has tanked on me.
4722,4809,2,6,58,66,1.1515151515151516,0.05394646505600968,680,So what if I just like the cheddar biscuits?
4732,4809,0,10,56,66,1.1515151515151516,0.04447269004274805,680,What if I promise not to pick my nose in public?
4487,4809,0,10,56,66,1.1515151515151516,0.04447269004274805,680,I think your mother’s a crab.
4778,4809,1,8,57,66,1.1515151515151516,0.04943703698482351,680,I just wanted to hold your hand....
4816,4809,0,10,56,66,1.1515151515151516,0.04447269004274805,680,Stop with the butt pinching!
4869,4809,1,8,57,66,1.1515151515151516,0.04943703698482351,680,I hate it when you start to turn shell fish.
4885,4809,1,8,57,66,1.1515151515151516,0.04943703698482351,680,What really embarrassed me was when you asked for a bib with your Lobster Newburg.
4917,4809,1,8,57,66,1.1515151515151516,0.04943703698482351,680,I thought Tinder said you were “The Rock.” But you’re not The Rock. You’re a Rock Lobster.
4976,4809,1,8,57,66,1.1515151515151516,0.04943703698482351,680,It just wasn’t your roll.
5028,4809,0,10,56,66,1.1515151515151516,0.04447269004274805,680,Definitely not how I see a seafood buffet.
5071,4809,1,8,57,66,1.1515151515151516,0.04943703698482351,680,"Of course my mother likes you, but she knows as well as I do that you are not allergic to cocktail sauce!"
5102,4809,1,8,57,66,1.1515151515151516,0.04943703698482351,680,I hate it when you get handsy.
5133,4809,1,8,57,66,1.1515151515151516,0.04943703698482351,680,You only ever think about yourself--why do you have to be so shellfish?
5183,4809,1,8,57,66,1.1515151515151516,0.04943703698482351,680,Mother said I was a fool for dating a Miskatonic boy.
5230,4809,0,10,56,66,1.1515151515151516,0.04447269004274805,680,"Getting a little late in the season for that clamdiggers and lobster claws look, don't you think?"
5246,4809,2,6,58,66,1.1515151515151516,0.05394646505600968,680,What? It was but one get one free!
4815,4809,0,10,56,66,1.1515151515151516,0.04447269004274805,680,You could have just left them home ...
2715,4809,1,8,57,66,1.1515151515151516,0.04943703698482351,680,I'm so sorry! I didn't mean to pinch you in front of your DAD!
1527,4809,2,6,58,66,1.1515151515151516,0.05394646505600968,680,"Well, if you’re gonna be a fanboy of “American Horror Story,” at least you’re not Mr. Jingles from the current season..."
2664,4809,1,8,57,66,1.1515151515151516,0.04943703698482351,680,"I'll show you what crabby looks like, wiseguy!"
491,4809,2,6,58,66,1.1515151515151516,0.05394646505600968,680,"You know, you never put that you didn't like shellfish on your profile."
589,4809,0,10,56,66,1.1515151515151516,0.04447269004274805,680,"No, Jack, it's not the smell.  It's the color."
621,4809,1,8,57,66,1.1515151515151516,0.04943703698482351,680,Jane's going to hear from me -- she told me you never get handsy!
645,4809,1,8,57,66,1.1515151515151516,0.04943703698482351,680,I'm still going to cook with butter.
709,4809,2,6,58,66,1.1515151515151516,0.05394646505600968,680,And I thought my mother was clingy...
720,4809,2,6,58,66,1.1515151515151516,0.05394646505600968,680,I liked you better when you were all paws.
732,4809,3,4,59,66,1.1515151515151516,0.05810698373035499,680,Your name is not Trump; leave it alone!
734,4809,2,6,58,66,1.1515151515151516,0.05394646505600968,680,"Well, the next time you lose a bet, Richard, let’s just agree to cancel any dinner plans."
780,4809,0,10,56,66,1.1515151515151516,0.04447269004274805,680,Really? You should have them banded before you hurt yourself!
796,4809,0,10,56,66,1.1515151515151516,0.04447269004274805,680,Alright.  if you put away those crab mittens I'll stop wearing my Princess Ariel costume on the subway.
839,4809,0,10,56,66,1.1515151515151516,0.04447269004274805,680,Clawing your way to the top is so passé...
884,4809,1,8,57,66,1.1515151515151516,0.04943703698482351,680,"Now I get it, it was not magic salad with mushrooms, but magic mushrooms salad!"
896,4809,1,8,57,66,1.1515151515151516,0.04943703698482351,680,I told you that you were being crabby
899,4809,1,8,57,66,1.1515151515151516,0.04943703698482351,680,And we forgot to bring wine!
931,4809,0,10,56,66,1.1515151515151516,0.04447269004274805,680,"Yes, I do understand you're in the Maine event."
933,4809,0,10,56,66,1.1515151515151516,0.04447269004274805,680,They don't bark and they know the secrets of the sea.
953,4809,2,6,58,66,1.1515151515151516,0.05394646505600968,680,"I wanted to just cuddle a little, okay? And yes, maybe when I said ""You're getting a little too handsy,"" I could have chosen my words better."
971,4809,0,10,56,66,1.1515151515151516,0.04447269004274805,680,I wished I were a pair of ragged claws.
973,4809,1,8,57,66,1.1515151515151516,0.04943703698482351,680,"Just because you don't eat shellfish, doesn't mean the rest of us have to suffer.""

Mark Cohen
Buffalo Grove, I"
2687,4809,1,8,57,66,1.1515151515151516,0.04943703698482351,680,Well now we’re both feeling crabby!
1076,4809,1,8,57,66,1.1515151515151516,0.04943703698482351,680,I am not ‘hiding behind‘ my shellfish allergy!
1151,4809,0,10,56,66,1.1515151515151516,0.04447269004274805,680,"For the last time, I don't want seafood."
1165,4809,0,10,56,66,1.1515151515151516,0.04447269004274805,680,I still think rouge is wrong for you.
1222,4809,1,8,57,66,1.1515151515151516,0.04943703698482351,680,What makes you think I feel crabby?
1236,4809,1,8,57,66,1.1515151515151516,0.04943703698482351,680,"First you clam up on me, now this!"
482,4809,1,8,57,66,1.1515151515151516,0.04943703698482351,680,The 'bucket of crabs' metaphor doesn't explain your behavior when it's just us.
1237,4809,0,10,56,66,1.1515151515151516,0.04447269004274805,680,Will you never stop your crabbing?!
400,4809,1,8,57,66,1.1515151515151516,0.04943703698482351,680,I don't care how pelagic they are. You still should have mentioned them in your profile.
319,4809,0,10,56,66,1.1515151515151516,0.04447269004274805,680,I told you that hot tub was too hot.
18,4809,1,8,57,66,1.1515151515151516,0.04943703698482351,680,I forgot butter.
21,4809,1,8,57,66,1.1515151515151516,0.04943703698482351,680,Shelfish? Me??
22,4809,2,6,58,66,1.1515151515151516,0.05394646505600968,680,"If you don't want to hold hands, I don't want to hold hands."
26,4809,2,6,58,66,1.1515151515151516,0.05394646505600968,680,"Well, Jeremy, think of it like there is a huge beak where my mouth should be."
51,4809,1,8,57,66,1.1515151515151516,0.04943703698482351,680,"I had no idea that's what you intended to do 
when you requested two lobster claws to go."
53,4809,1,8,57,66,1.1515151515151516,0.04943703698482351,680,"Every week, it's something different. Elliott, just stop evolving, already."
56,4809,0,10,56,66,1.1515151515151516,0.04447269004274805,680,Embarrassing enough you ate the whole thing.
61,4809,1,8,57,66,1.1515151515151516,0.04943703698482351,680,You did pinch her there.
80,4809,2,6,58,66,1.1515151515151516,0.05394646505600968,680,"Son, I found a stick of butter under your mattress."
102,4809,1,8,57,66,1.1515151515151516,0.04943703698482351,680,You try to grab me by ANYTHING and I am going to boil your hands for dinner!
118,4809,1,8,57,66,1.1515151515151516,0.04943703698482351,680,No one has ever accused me of being too handsy before.
175,4809,0,10,56,66,1.1515151515151516,0.04447269004274805,680,It still doesn't excuse you being so grabby.
191,4809,1,8,57,66,1.1515151515151516,0.04943703698482351,680,The mermaid lost all of her fish parts - what is wrong with you?
201,4809,1,8,57,66,1.1515151515151516,0.04943703698482351,680,I know it was on Broadway.  But it's still a kids show.
214,4809,1,8,57,66,1.1515151515151516,0.04943703698482351,680,You and I have very different ideas about Surf & Turf
216,4809,1,8,57,66,1.1515151515151516,0.04943703698482351,680,Keep your slimy claws to yourself.
243,4809,1,8,57,66,1.1515151515151516,0.04943703698482351,680,This is the third time this week you forgot your rubber bands.
248,4809,1,8,57,66,1.1515151515151516,0.04943703698482351,680,"I didn't pinch that mermaid. She backed into my claw."""
259,4809,1,8,57,66,1.1515151515151516,0.04943703698482351,680,"Frank, for the last time, I'm not the only one who guessed your secret identity, Lobster-Man!"
272,4809,1,8,57,66,1.1515151515151516,0.04943703698482351,680,"Now all I think about is drawn butter """
273,4809,1,8,57,66,1.1515151515151516,0.04943703698482351,680,I have never been so embarrassed. You were all claws tonight.
274,4809,1,8,57,66,1.1515151515151516,0.04943703698482351,680,"Yes, you're always there in a pinch--pinching pennies!"
278,4809,0,10,56,66,1.1515151515151516,0.04447269004274805,680,I can't believe you asked for a fork.
299,4809,1,8,57,66,1.1515151515151516,0.04943703698482351,680,I don't think that I'm the one attracting all the weird looks!
307,4809,0,10,56,66,1.1515151515151516,0.04447269004274805,680,I preferred them clammy.
343,4809,1,8,57,66,1.1515151515151516,0.04943703698482351,680,"Deny, deflect, dismiss, but you were caught red-handed."
1240,4809,1,8,57,66,1.1515151515151516,0.04943703698482351,680,Seriously? 'Come here and I'll pinch you to death.'
1011,4809,1,8,57,66,1.1515151515151516,0.04943703698482351,680,I've had enough of your crabby excuses.
1336,4809,2,6,58,66,1.1515151515151516,0.05394646505600968,680,"I""m only crabby during my period."
1797,4809,1,8,57,66,1.1515151515151516,0.04943703698482351,680,I was all for the clambake.
1839,4809,0,10,56,66,1.1515151515151516,0.04447269004274805,680,But why did you have to choose red!
1864,4809,2,6,58,66,1.1515151515151516,0.05394646505600968,680,You're too clingy.
1868,4809,1,8,57,66,1.1515151515151516,0.04943703698482351,680,You said you were going to fight the shark king with gloves off.
1279,4809,0,10,56,66,1.1515151515151516,0.04447269004274805,680,I told you not to eat all that lobster only with your hands.
1945,4809,1,8,57,66,1.1515151515151516,0.04943703698482351,680,Forget it. Butter will not ease the pain. Just wait till the count.newyorker.com/?retURL
1956,4809,0,10,56,66,1.1515151515151516,0.04447269004274805,680,I'm positive she over charged us.
2071,4809,2,6,58,66,1.1515151515151516,0.05394646505600968,680,Those so did not work in your let's get back to intimacy idea.
2098,4809,2,6,58,66,1.1515151515151516,0.05394646505600968,680,Aha!  I always said you were a crab!!!!
2116,4809,0,10,56,66,1.1515151515151516,0.04447269004274805,680,"On the bright side, my tongue has not been impacted."
2152,4809,1,8,57,66,1.1515151515151516,0.04943703698482351,680,At least you can always find work as Santa Claws.
2154,4809,0,10,56,66,1.1515151515151516,0.04447269004274805,680,"No, it is not just like being Santa Claus!"
2229,4809,2,6,58,66,1.1515151515151516,0.05394646505600968,680,"it's the third time this month you've been cutting my hair by mistake, if it doesn't stop i'll end up bald."
2243,4809,1,8,57,66,1.1515151515151516,0.04943703698482351,680,"I told you, Carol and Bob don't like it when you tickle their kids."
2259,4809,0,10,56,66,1.1515151515151516,0.04447269004274805,680,I don't care if your profile said you love to hold hands...
2305,4809,1,8,57,66,1.1515151515151516,0.04943703698482351,680,Your Tinder said you were west coast.
2336,4809,2,6,58,66,1.1515151515151516,0.05394646505600968,680,"If I were you, I’d stay away from anyone with butter and lemon juice."
2346,4809,0,10,56,66,1.1515151515151516,0.04447269004274805,680,"Can't take you anywhere! 
Eating with your hands!"
2366,4809,1,8,57,66,1.1515151515151516,0.04943703698482351,680,"Really, I think Al's Seafood Buffet for dinner is a bad idea."
2383,4809,1,8,57,66,1.1515151515151516,0.04943703698482351,680,"No, you’re being crabby."
2414,4809,1,8,57,66,1.1515151515151516,0.04943703698482351,680,just when I thought you only have crabs in a bucket mentality!!
2416,4809,1,8,57,66,1.1515151515151516,0.04943703698482351,680,"If you think I'm going to start melting butter, Frank, you've got another think coming."
2424,4809,0,10,56,66,1.1515151515151516,0.04447269004274805,680,Fall must be here. It feels a bit nippy.
2515,4809,0,10,56,66,1.1515151515151516,0.04447269004274805,680,"All I wanted was a little nose-job, but you far too make it all about you."
2650,4809,1,8,57,66,1.1515151515151516,0.04943703698482351,680,Keep it up and I'll break out the rubber bands.
1776,4809,2,6,58,66,1.1515151515151516,0.05394646505600968,680,But your email said you were into exploring different ways of doing it!
1775,4809,1,8,57,66,1.1515151515151516,0.04943703698482351,680,Next time we go to a party keep your claws to yourself.
1909,4809,1,8,57,66,1.1515151515151516,0.04943703698482351,680,It's just melted butter. I don't understand why you always have to make such a scene.
1770,4809,1,8,57,66,1.1515151515151516,0.04943703698482351,680,At least I wouldn't have had to walk home with lobster oven mit's stuck to my hands if I had gotten the head chef job.
1339,4809,1,8,57,66,1.1515151515151516,0.04943703698482351,680,I miss the days when you were too handsy.”
1360,4809,1,8,57,66,1.1515151515151516,0.04943703698482351,680,Thought I was the crab. Why is she being crabby?
1370,4809,2,6,58,66,1.1515151515151516,0.05394646505600968,680,test
1384,4809,1,8,57,66,1.1515151515151516,0.04943703698482351,680,If you say you’re just crabby one more time...
1414,4809,2,6,58,66,1.1515151515151516,0.05394646505600968,680,"Remember, it's a first date, so keep your hands to yourself."
1771,4809,0,10,56,66,1.1515151515151516,0.04447269004274805,680,"Yes, a half-lobster is better than a half-fly"
1494,4809,1,8,57,66,1.1515151515151516,0.04943703698482351,680,"There goes our ""Fifty Shades"" night."
1509,4809,0,10,56,66,1.1515151515151516,0.04447269004274805,680,You must be in a crabby mood if you won't hold hands.
1534,4809,1,8,57,66,1.1515151515151516,0.04943703698482351,680,NOT TONIGHT
1535,4809,0,10,56,66,1.1515151515151516,0.04447269004274805,680,If you keep complaining I'm going to get you a bib.
1545,4809,1,8,57,66,1.1515151515151516,0.04943703698482351,680,"Well, at least you're not crabby."
1548,4809,1,8,57,66,1.1515151515151516,0.04943703698482351,680,You would have to join the off shore fight club !
1487,4809,1,8,57,66,1.1515151515151516,0.04943703698482351,680,Did they really tease you that much?
1603,4809,2,6,58,66,1.1515151515151516,0.05394646505600968,680,"There's plenty of humans on land...okay, maybe I should go back to the sea"
1562,4809,2,6,58,66,1.1515151515151516,0.05394646505600968,680,My great great grandmother had a fair with a fisherman who is half lobster...
1769,4809,2,6,58,66,1.1515151515151516,0.05394646505600968,680,So have you ever heard of Edward Scissorhands?...
1748,4809,0,10,56,66,1.1515151515151516,0.04447269004274805,680,"If you can't do it softer, then don't pinch my butt ever again."
1738,4809,1,8,57,66,1.1515151515151516,0.04943703698482351,680,It's a living!
1691,4809,1,8,57,66,1.1515151515151516,0.04943703698482351,680,"I always thought your mother was an old crab .""

Anya Laurence
Windsor, ON Canad"
1741,4809,0,10,56,66,1.1515151515151516,0.04447269004274805,680,I am so sick of seafood.
1680,4809,1,8,57,66,1.1515151515151516,0.04943703698482351,680,You have clammy hands.
1679,4809,3,4,59,66,1.1515151515151516,0.05810698373035499,680,Why do I have the claws she’s the crabby one
1660,4809,3,4,59,66,1.1515151515151516,0.05810698373035499,680,You don't get my snatch!!
1656,4809,1,8,57,66,1.1515151515151516,0.04943703698482351,680,Tell me again why you don't want to attend my knitting class?
4079,5038,0,10,57,67,1.1492537313432836,0.043862224898899904,680,"Well, hell, I guess they’ll do on a pinch.”"
2479,5038,2,6,59,67,1.1492537313432836,0.0531832947628186,680,You expect me to believe that your lawyer drafted a request to Santa for those?  The Claus claws clause? You better hope he included a clawback provision.
2694,5038,2,6,59,67,1.1492537313432836,0.0531832947628186,680,I was expecting lobster
2799,5038,1,8,58,67,1.1492537313432836,0.048746064532998575,680,"Look, I know what I said online about second base, but..."
3205,5038,2,6,59,67,1.1492537313432836,0.0531832947628186,680,She wasn't talking about that kind of claws.
3854,5038,0,10,57,67,1.1492537313432836,0.043862224898899904,680,"Seriously, 'Lobster Man'"""
2592,5038,0,10,57,67,1.1492537313432836,0.043862224898899904,680,"Your handwork in bed could be better. No, let's make it clear: It's downright crabby."
4252,5038,1,8,58,67,1.1492537313432836,0.048746064532998575,680,I really don’t think you’re in any position to say I’m being snippy!
5873,5038,1,8,58,67,1.1492537313432836,0.048746064532998575,680,"You we’re not listening. I told you not to get near the hot tub. So, talk to the hand."
4871,5038,0,10,57,67,1.1492537313432836,0.043862224898899904,680,So what if I did order the lobster?
5077,5038,0,10,57,67,1.1492537313432836,0.043862224898899904,680,So where are we going for dinner
6048,5038,0,10,57,67,1.1492537313432836,0.043862224898899904,680,Sooooo - what would you say to a little pink sauce tonight?
5795,5038,2,6,59,67,1.1492537313432836,0.0531832947628186,680,"No,I don't want your brother Edward to join us."
5176,5038,0,10,57,67,1.1492537313432836,0.043862224898899904,680,Enough with the Fra Diavolo!
5522,5038,1,8,58,67,1.1492537313432836,0.048746064532998575,680,It's the only thing I could find that fit your personality.
2007,5038,0,10,57,67,1.1492537313432836,0.043862224898899904,680,"I told you you could not rock that lobster, Fred."
4735,5038,2,6,59,67,1.1492537313432836,0.0531832947628186,680,Why can't you commit to me the way you commit to an all-you-can-eat seafood buffet?
1859,5038,0,10,57,67,1.1492537313432836,0.043862224898899904,680,I don't know why you are always so crabby.
193,5038,1,8,58,67,1.1492537313432836,0.048746064532998575,680,I think it's just that you're too clawing
1768,5038,1,8,58,67,1.1492537313432836,0.048746064532998575,680,Whats got you so crabby?
333,5038,1,8,58,67,1.1492537313432836,0.048746064532998575,680,"No, you just don't want to hold my hand."
577,5038,2,6,59,67,1.1492537313432836,0.0531832947628186,680,"Maybe they will help you claw back the funds, but you're sleeping in the bath, Mr. Assistant District Attorney."
1779,5038,1,8,58,67,1.1492537313432836,0.048746064532998575,680,"Just because I can pinch like a crab, you won't go out with me?"
733,5038,1,8,58,67,1.1492537313432836,0.048746064532998575,680,I don't understand why you're always so crabby.
981,5038,1,8,58,67,1.1492537313432836,0.048746064532998575,680,Don't talk to me about kinder gentler hands
787,5038,2,6,59,67,1.1492537313432836,0.0531832947628186,680,I know you have claws but I’m busy trying to think of a stupid pun that the editors would choose to win the cartoon contest.
1158,5038,1,8,58,67,1.1492537313432836,0.048746064532998575,680,"And ... In What world would Dave's  
""drawn butter"" remark Not be insensitive?"
1219,5038,1,8,58,67,1.1492537313432836,0.048746064532998575,680,So--claw your way to the top yet?
1375,5038,1,8,58,67,1.1492537313432836,0.048746064532998575,680,"I said I wanted a main squeeze, 
not a Maine squeeze!"
1400,5038,0,10,57,67,1.1492537313432836,0.043862224898899904,680,"So , is that a no to the rock lobster ?"
1747,5038,0,10,57,67,1.1492537313432836,0.043862224898899904,680,"Honey, I'm sorry. I didn't mean to snap."""
985,5038,0,10,57,67,1.1492537313432836,0.043862224898899904,680,...but you don't have to act crabby about it.
610,5070,1,9,64,74,1.1486486486486487,0.04586747660388901,680,I thought you said you had “Crabs”
807,5071,1,8,59,68,1.1470588235294117,0.04807399313332187,680,"This was our first date and instead of pawing me, you're clawing me! I'll walk home my myself."
4126,5071,1,8,59,68,1.1470588235294117,0.04807399313332187,680,Get your own hands back or else I’ll call you Pinchy for the rest of your life!
2631,5071,3,4,61,68,1.1470588235294117,0.05647186858367098,680,Next time forget the damn MetroCard and take a cab.
3920,5071,2,6,60,68,1.1470588235294117,0.052441304127157654,680,Your beard looks terrible. You look like crab.
1955,5075,1,9,65,75,1.1466666666666667,0.045295161459604626,680,"No one's gonna get the Dick Tracy reference to your costume, but I think you're a Dick for pinching my ass."
3956,5076,1,7,56,64,1.140625,0.04913531839612815,680,"When I asked for a different type of touch, I meant soft paws."
3796,5076,1,7,56,64,1.140625,0.04913531839612815,680,"It is good we're taking a sidestreet, the avenue is full of fisherman baiting traps."
3794,5076,1,7,56,64,1.140625,0.04913531839612815,680,"I'm a strong independent woman, Phil. I don't need a man or claws to defend me."
3784,5076,2,5,57,64,1.140625,0.053947300765845876,680,Disappointment at its finest
3729,5076,1,7,56,64,1.140625,0.04913531839612815,680,You're calling ME crabby?
3592,5076,1,7,56,64,1.140625,0.04913531839612815,680,Well! Madam Smith....I'm your Prince Charming
3567,5076,3,3,58,64,1.140625,0.05836388443166186,680,"Sorry, I just prefer white claws."
3430,5076,1,7,56,64,1.140625,0.04913531839612815,680,I think you took “claw is the law” too literally
3394,5076,1,7,56,64,1.140625,0.04913531839612815,680,Color in the New Yorker Cartoon Caption Contest! What next?
3160,5076,2,5,57,64,1.140625,0.053947300765845876,680,"Frankly, RSVPing affirmatively to your brother's beach party may not have been a very good idea."
3085,5076,0,9,55,64,1.140625,0.043797805514170944,680,"It means 'fear of enclosed spaces,' There is no need to overreact"
2766,5076,1,7,56,64,1.140625,0.04913531839612815,680,"Well, Comi-con sure sounds like a Japanese restaurant."
3075,5076,2,5,57,64,1.140625,0.053947300765845876,680,Lois regretted her decision to accept a blind with her friends brother because he was in a pinch.
2995,5076,0,9,55,64,1.140625,0.043797805514170944,680,You know I hate it when you start getting all crabby.
2988,5076,0,9,55,64,1.140625,0.043797805514170944,680,I was warned you were a repeat pincher.
2969,5076,1,7,56,64,1.140625,0.04913531839612815,680,Who leaves a crab in a telepod?
2960,5076,1,7,56,64,1.140625,0.04913531839612815,680,Sponge Bob maybe but not Sandy the Squirrel
2915,5076,2,5,57,64,1.140625,0.053947300765845876,680,"If you really must, at least take a shave with them..."
2807,5076,0,9,55,64,1.140625,0.043797805514170944,680,I think I'm dreaming. Is there something you can do about that?
2643,5076,1,7,56,64,1.140625,0.04913531839612815,680,"Well, you still could pick up the phone once in a while."
4235,5076,0,9,55,64,1.140625,0.043797805514170944,680,Confess. You’re trying to claw your way to the top by befriending all bottom feeders.
2660,5076,2,5,57,64,1.140625,0.053947300765845876,680,Just because they’re red you still don’t look like Santa Clause.
2701,5076,2,5,57,64,1.140625,0.053947300765845876,680,"I won't be brought down by you, Sebastian. 
Our relationship is going sideways."
2773,5076,0,9,55,64,1.140625,0.043797805514170944,680,Must you always put them on when we go to  seafood restaurant?
3065,5076,0,9,55,64,1.140625,0.043797805514170944,680,Why the attitude?  These new claws have cured my smart phone addiction”
4239,5076,0,9,55,64,1.140625,0.043797805514170944,680,It’s always seafood with your family.
5038,5076,0,9,55,64,1.140625,0.043797805514170944,680,She found her lobster
4671,5076,0,9,55,64,1.140625,0.043797805514170944,680,"Well, the girls at the office are totally fed up with your attention !"
6072,5076,1,7,56,64,1.140625,0.04913531839612815,680,"Look, this is only going to work if I get to be the crabby one."
5949,5076,2,5,57,64,1.140625,0.053947300765845876,680,All I ask is that you consider me.
5923,5076,1,7,56,64,1.140625,0.04913531839612815,680,"You’ve got an answer for everything, don’t you?"
5883,5076,1,7,56,64,1.140625,0.04913531839612815,680,You're a disgrace...picking your nose in public.
5872,5076,2,5,57,64,1.140625,0.053947300765845876,680,"I’m sorry honey, but I need my pot."
5734,5076,0,9,55,64,1.140625,0.043797805514170944,680,I said I wanted a White Claw!
5713,5076,2,5,57,64,1.140625,0.053947300765845876,680,So I’m the other Mrs. Norman Maine?
5622,5076,2,5,57,64,1.140625,0.053947300765845876,680,I love these walks with you. I’m nearly fully out of my shell.
5603,5076,1,7,56,64,1.140625,0.04913531839612815,680,Remember what I told you--no cracking your knuckles in the seafood restaurant.
5565,5076,2,5,57,64,1.140625,0.053947300765845876,680,How do you forget to put sunscreen there?
5534,5076,2,5,57,64,1.140625,0.053947300765845876,680,I'll have to soak them before the movie.
4654,5076,1,7,56,64,1.140625,0.04913531839612815,680,You couldn’t possibly have problems hanging on to a girlfriend.
5430,5076,1,7,56,64,1.140625,0.04913531839612815,680,Really? Lobster hands?
5410,5076,1,7,56,64,1.140625,0.04913531839612815,680,Are you getting cold feet?
5321,5076,2,5,57,64,1.140625,0.053947300765845876,680,"It’s lobster, lobster, lobster for you.  Why can’t you order shrimp once in a while?"
5249,5076,3,3,58,64,1.140625,0.05836388443166186,680,How come we never eat lobster?
5086,5076,0,9,55,64,1.140625,0.043797805514170944,680,I don’t believe your surgeon heard claws instead if paws.We should sue.
2628,5076,0,9,55,64,1.140625,0.043797805514170944,680,But next year you have to choose -- Shark Week OR Lobsterfest.
4826,5076,1,7,56,64,1.140625,0.04913531839612815,680,"I think you are being very ""Shellfish"""
4757,5076,1,7,56,64,1.140625,0.04913531839612815,680,I am sorry you are disappointed. I see now you wanted more.
4738,5076,1,7,56,64,1.140625,0.04913531839612815,680,"Well, you certainly are in hot water now."
4703,5076,1,7,56,64,1.140625,0.04913531839612815,680,"Nephropidae...Nephropidae.  I specifically said--SWF, prefers arachnid mascots."
4702,5076,1,7,56,64,1.140625,0.04913531839612815,680,"It is just like you, the first time in your life you show any empathy, it is for a crustacean."
4700,5076,0,9,55,64,1.140625,0.043797805514170944,680,Its time to take off your kid gloves and get serious
5419,5076,1,7,56,64,1.140625,0.04913531839612815,680,You know it's just plain embarrassing
2488,5076,2,5,57,64,1.140625,0.053947300765845876,680,It's not you. I'm just not that into PDA.
4395,5076,0,9,55,64,1.140625,0.043797805514170944,680,My lobster will understand metaphors.
2440,5076,1,7,56,64,1.140625,0.04913531839612815,680,Why did you go with two pincer claws?  You knew I preferred crusher claws.
1139,5076,1,7,56,64,1.140625,0.04913531839612815,680,Colder and stinkier than scissor hands
957,5076,0,9,55,64,1.140625,0.043797805514170944,680,That’s not what I meant for pinching pennies!
947,5076,0,9,55,64,1.140625,0.043797805514170944,680,I grew these claws for your mouth.
908,5076,1,7,56,64,1.140625,0.04913531839612815,680,I' am tired of you eating lobster every day.
864,5076,1,7,56,64,1.140625,0.04913531839612815,680,You always make a scene.  He's just a chiropractor.
860,5076,2,5,57,64,1.140625,0.053947300765845876,680,You think you can be a pinch hitter?
784,5076,0,9,55,64,1.140625,0.043797805514170944,680,I don't appreciate being pinched by you.
742,5076,1,7,56,64,1.140625,0.04913531839612815,680,"So you want to draw some butter with a pencil, right?"
611,5076,1,7,56,64,1.140625,0.04913531839612815,680,"Sure you’re a vegan, but do you have to wear those claws every time we go to a seafood restaurant?"
575,5076,1,7,56,64,1.140625,0.04913531839612815,680,I was warned that you'd pinch me on the first date
548,5076,2,5,57,64,1.140625,0.053947300765845876,680,This is why I wanted a claws clause in our prenup.
535,5076,2,5,57,64,1.140625,0.053947300765845876,680,"I hate your ""I got mine"" philosophy"
382,5076,3,3,58,64,1.140625,0.05836388443166186,680,"I don't think you really understood ""Schindler's List."""
304,5076,1,7,56,64,1.140625,0.04913531839612815,680,I don’t care what Jordan Peterson told you.
303,5076,3,3,58,64,1.140625,0.05836388443166186,680,You never want to go to the buffet.
294,5076,1,7,56,64,1.140625,0.04913531839612815,680,I don't care: we're having _seafood_.
269,5076,0,9,55,64,1.140625,0.043797805514170944,680,It's not cold enough yet to wear mittens.
256,5076,1,7,56,64,1.140625,0.04913531839612815,680,Everything is black and white with you... except those gorgeous lobster claws.
185,5076,1,7,56,64,1.140625,0.04913531839612815,680,"Only a ""penny pitcher"" wears that outfit."
45,5076,2,5,57,64,1.140625,0.053947300765845876,680,Crabby is as crabby does.
2452,5076,0,9,55,64,1.140625,0.043797805514170944,680,"Well, you could have told me, before we met, that you had an allergic reaction to your last boyfriend."
1255,5076,0,9,55,64,1.140625,0.043797805514170944,680,Two simple procedures. Declawing first.
1285,5076,0,9,55,64,1.140625,0.043797805514170944,680,You should have told me you were bi-species before marrying me!
1022,5076,2,5,57,64,1.140625,0.053947300765845876,680,I told you to stop cracking your knuckles.y⁷
1295,5076,0,9,55,64,1.140625,0.043797805514170944,680,Don’t let your reach exceed your grasp
2381,5076,2,5,57,64,1.140625,0.053947300765845876,680,"Yes, you got my nose."
2365,5076,1,7,56,64,1.140625,0.04913531839612815,680,I'm not going to help you...wear a skirt next time.
2280,5076,1,7,56,64,1.140625,0.04913531839612815,680,What you told me to be less handsy..?
2148,5076,1,7,56,64,1.140625,0.04913531839612815,680,"I just think you should pick one New England team, at least one each season."
2019,5076,1,7,56,64,1.140625,0.04913531839612815,680,"I TOLD you about them. I got them from my old boyfriend. I TOLD you. But you
Just. Wouldn’t. Stop."
2013,5076,0,9,55,64,1.140625,0.043797805514170944,680,The marriage counselor recommended giving him melted butter next time there’s conflict.
1739,5076,0,9,55,64,1.140625,0.043797805514170944,680,I should have known from your hands
1294,5076,0,9,55,64,1.140625,0.043797805514170944,680,"Because!  I happen to LIKE lobster bisque, Paul!"
1709,5076,1,7,56,64,1.140625,0.04913531839612815,680,"Wait, aren't these my oven gloves?"
1657,5076,1,7,56,64,1.140625,0.04913531839612815,680,"And if Jordan Peterson told you to jump out of a window, would you do that, too?"
1584,5076,2,5,57,64,1.140625,0.053947300765845876,680,No. I do not love you. I do not want you to be my lobster.
1550,5076,3,3,58,64,1.140625,0.05836388443166186,680,"No, no shellfish!"
1733,5076,1,7,56,64,1.140625,0.04913531839612815,680,Anything that rhymes with paws is still unacceptable.
1479,5076,2,5,57,64,1.140625,0.053947300765845876,680,I'm sick of your childish games of lobster gloves.
1471,5076,1,7,56,64,1.140625,0.04913531839612815,680,That's the last time I take you to a T. S. Eliot poetry slam...
1469,5076,0,9,55,64,1.140625,0.043797805514170944,680,"The cold shoulder. Yup... the only logical game Here""     J K Fuller, Genoa, NV"
1428,5076,3,3,58,64,1.140625,0.05836388443166186,680,The sex is awful. His penis looks like it has been in a cheese grater.
1418,5076,1,7,56,64,1.140625,0.04913531839612815,680,"Dan, why do you insist on wearing those claws in public, it's so embarrassing to be seen with you!"
1367,5076,1,7,56,64,1.140625,0.04913531839612815,680,"Now our Halloween costumes won't match up, all because you don't know what a lobsterman is."
1334,5076,1,7,56,64,1.140625,0.04913531839612815,680,I warned you not to touch her with your grubby hands.
1347,5076,0,9,55,64,1.140625,0.043797805514170944,680,It's not that you wear them. It's that you insist that we play rummy!
1546,5076,1,7,56,64,1.140625,0.04913531839612815,680,We never hug.
5139,5179,1,7,57,65,1.1384615384615384,0.04842183966159297,680,I don't know how you ever picked me up.
5617,5180,0,9,57,66,1.1363636363636365,0.042565532289603344,680,When your profile said “Looking for my Lobster” I thought it was a Friend’s reference.
3576,5180,1,7,58,66,1.1363636363636365,0.04772866020849245,680,When your profile said you'd clawed your way up I didn't think you were being so literal.
1001,5180,1,7,58,66,1.1363636363636365,0.04772866020849245,680,I'm just not sure they'll cure your handsiness...not without the rubber bands.”
4450,5183,0,9,58,67,1.1343283582089552,0.041974785069899656,680,Who are you calling crabby?
545,5184,0,9,59,68,1.1323529411764706,0.0414000577075105,680,Jordan Peterson also talks about cleaning your room - you could've started with that instead!
3605,5185,1,6,54,61,1.1311475409836065,0.049452797144256905,680,"I don't care what your hands are, you were no 5 star meal to me last night."
5244,5185,0,8,53,61,1.1311475409836065,0.04357902084672543,680,A bib is enough for most people.
4139,5185,0,8,53,61,1.1311475409836065,0.04357902084672543,680,I thought First Prize would be two lobster dinners.
3082,5185,0,8,53,61,1.1311475409836065,0.04357902084672543,680,"Jeez, I thought you migrated north."
2883,5185,0,8,53,61,1.1311475409836065,0.04357902084672543,680,(Bummer blind date)  I thought you said you were an OBstetrician!
1497,5185,0,8,53,61,1.1311475409836065,0.04357902084672543,680,You always insist on having the perfect outfit for any event.
3877,5185,2,4,55,61,1.1311475409836065,0.054699426256796496,680,"What a dream, a husband who walks around in jorts. Somebody pinch me."
1228,5185,2,4,55,61,1.1311475409836065,0.054699426256796496,680,"Just because I wanted Chinese the other night and you wanted lobster, you don't have to hold a grudge !"
1808,5185,2,4,55,61,1.1311475409836065,0.054699426256796496,680,I should have never mentioned my ex's shellfish allergy.
587,5185,0,8,53,61,1.1311475409836065,0.04357902084672543,680,Are you mad because I clawed my self to the top.
483,5185,0,8,53,61,1.1311475409836065,0.04357902084672543,680,Lobster bibs? How about toilet seat covers?
264,5185,0,8,53,61,1.1311475409836065,0.04357902084672543,680,My friends warned me you were all hands...
143,5185,1,6,54,61,1.1311475409836065,0.049452797144256905,680,A pedicure shouldn’t cost “market price”.
1113,5185,0,8,53,61,1.1311475409836065,0.04357902084672543,680,Stop clicking those claws. I don’t know why I decided to hang out with you.
1373,5199,1,7,61,69,1.1304347826086956,0.04576266416505649,680,Which part of “unlimited seafood buffet” didn’t concern you in a landlocked state.
4249,5200,2,4,56,62,1.1290322580645162,0.053851505523430855,680,Just don't try to hold my hand again.
4267,5200,1,6,55,62,1.1290322580645162,0.048694598441382554,680,...And...Absolutely. No. Fingering. Ever.
4353,5200,2,4,56,62,1.1290322580645162,0.053851505523430855,680,"It's not just picking up the tab and having to walk because you can't drive, It's because I actually really, really hate seafood."""
4359,5200,1,6,55,62,1.1290322580645162,0.048694598441382554,680,"Crayfish, Crawfish, it’s not what I signed on for !"
4452,5200,2,4,56,62,1.1290322580645162,0.053851505523430855,680,"Now is not the time to start acting shellfish, Brad."
4573,5200,2,4,56,62,1.1290322580645162,0.053851505523430855,680,How many times have I asked you not to pinch me when I fall asleep at the movies?
4555,5200,1,6,55,62,1.1290322580645162,0.048694598441382554,680,"I don't mind turning all the doorknobs, I just wish you'd crush a small oceanic creature every once in a while."
4191,5200,0,8,54,62,1.1290322580645162,0.042922525410265526,680,"I'v been clawing my way to the top, and this is all  I have to show  for it. No logo T shirt and  non cargo shorts."
4641,5200,1,6,55,62,1.1290322580645162,0.048694598441382554,680,That's not what I meant when I said your hands were clammy.
4819,5200,0,8,54,62,1.1290322580645162,0.042922525410265526,680,You could've at least worn a button up.
4865,5200,2,4,56,62,1.1290322580645162,0.053851505523430855,680,"Damn it, Jeff! I told you not to saw off your hands and replace them with lobster claws."
4517,5200,1,6,55,62,1.1290322580645162,0.048694598441382554,680,"I tol'dja, t.s., be careful what you wish for..."
4188,5200,0,8,54,62,1.1290322580645162,0.042922525410265526,680,Worst catfish ever!
4015,5200,0,8,54,62,1.1290322580645162,0.042922525410265526,680,At least I'm not crabby.
4984,5200,0,8,54,62,1.1290322580645162,0.042922525410265526,680,Since when did you get so crabby?
3997,5200,1,6,55,62,1.1290322580645162,0.048694598441382554,680,"Cher, I dun tol' you! I only suck the haids of REAL boiled crawfish."
3976,5200,0,8,54,62,1.1290322580645162,0.042922525410265526,680,"I'm sorry, I just find you so clawing."
3958,5200,2,4,56,62,1.1290322580645162,0.053851505523430855,680,So I said you were crabby sometimes...
3766,5200,2,4,56,62,1.1290322580645162,0.053851505523430855,680,"Kevin, I may complain a lot, but you're taking this crab thing a bit too far!"
3761,5200,1,6,55,62,1.1290322580645162,0.048694598441382554,680,"I told you, you should have stayed with boxing."
3637,5200,0,8,54,62,1.1290322580645162,0.042922525410265526,680,You took it the wrong way when I said you are too hands on.
3513,5200,0,8,54,62,1.1290322580645162,0.042922525410265526,680,I’ve heard of werewolves but I’ve never heard of werelobsters!
3476,5200,1,6,55,62,1.1290322580645162,0.048694598441382554,680,This is exactly why I tell you not to play with the lobster claws at the fish market.
3400,5200,1,6,55,62,1.1290322580645162,0.048694598441382554,680,"The lobster bib was ridiculous enough, now this?"
3393,5200,1,6,55,62,1.1290322580645162,0.048694598441382554,680,But you said you loved lobster and the claws were your very favorite part?!
3391,5200,0,8,54,62,1.1290322580645162,0.042922525410265526,680,"Let the record show the reason I'm not holding your hands isn't the pinching, it's because you wore shorts for our fancy date."
3336,5200,1,6,55,62,1.1290322580645162,0.048694598441382554,680,"I'm on the tail end of a succulent, juicy story, and I'd like to pick your claws for information!"
4093,5200,1,6,55,62,1.1290322580645162,0.048694598441382554,680,"Honey, don’t be mad. You knew I was transitioning"
4998,5200,1,6,55,62,1.1290322580645162,0.048694598441382554,680,Those claws should keep you from texting all the time.
5123,5200,1,6,55,62,1.1290322580645162,0.048694598441382554,680,I can’t stand you when you get crabby
5053,5200,2,4,56,62,1.1290322580645162,0.053851505523430855,680,"The restaurant advertised ""All you can eat, NOT all you can take"" !."
6042,5200,1,6,55,62,1.1290322580645162,0.048694598441382554,680,I don't care that Marco Rubio was impressed.
6017,5200,0,8,54,62,1.1290322580645162,0.042922525410265526,680,"He challenged you, Larry.  You had the right to choose the weapon."
3328,5200,1,6,55,62,1.1290322580645162,0.048694598441382554,680,Not my fault. It was the other guy who said the gloves were coming off!
5932,5200,1,6,55,62,1.1290322580645162,0.048694598441382554,680,His dating profile didn't mention lobster claw hands.
5868,5200,0,8,54,62,1.1290322580645162,0.042922525410265526,680,Pinch me!  I must be dreaming because it looks like you have claws for hands!
5861,5200,0,8,54,62,1.1290322580645162,0.042922525410265526,680,"I said lobster red handbag, not hands"
5840,5200,2,4,56,62,1.1290322580645162,0.053851505523430855,680,"Just one accessory for each of us?  Yes, that was the deal."
5829,5200,1,6,55,62,1.1290322580645162,0.048694598441382554,680,"You can try all you want to claw your way out, but just admit you were wrong"
5770,5200,1,6,55,62,1.1290322580645162,0.048694598441382554,680,"I know it's genetic, but it doesn't mean you need to pinch me in public!"
5763,5200,2,4,56,62,1.1290322580645162,0.053851505523430855,680,"How emabarrassing, thought she said it was a crab party."
5725,5200,1,6,55,62,1.1290322580645162,0.048694598441382554,680,"Look, it's not that I don't think you're bright and creative, it's that puppetry doesn't fit into your skill-set."
5636,5200,1,6,55,62,1.1290322580645162,0.048694598441382554,680,I wish you wouldn't get snappy with me.
5633,5200,1,6,55,62,1.1290322580645162,0.048694598441382554,680,"No, you cannot rub butter sauce all over me."
5616,5200,2,4,56,62,1.1290322580645162,0.053851505523430855,680,"Mom please, my nose is itchy,I promise, I'll be a good boy."
5596,5200,1,6,55,62,1.1290322580645162,0.048694598441382554,680,"Now, who's snappy?!!"
5524,5200,1,6,55,62,1.1290322580645162,0.048694598441382554,680,Those new gloves make it very difficult to hold hands.
5498,5200,1,6,55,62,1.1290322580645162,0.048694598441382554,680,I'm not going to hold hands with you if you're going to act crabby
5392,5200,0,8,54,62,1.1290322580645162,0.042922525410265526,680,How about crab cakes tonight?
5351,5200,1,6,55,62,1.1290322580645162,0.048694598441382554,680,"Fine, the guy at Mandela's funeral was more ridiculous."
5308,5200,0,8,54,62,1.1290322580645162,0.042922525410265526,680,I told you it was a stupid idea to replace your hands with lobster claws.
6024,5200,2,4,56,62,1.1290322580645162,0.053851505523430855,680,Who would have thought I'd miss when you were a cheesehead?
5306,5200,0,8,54,62,1.1290322580645162,0.042922525410265526,680,You're just lucky they didn't pull out the zip-ties
5279,5200,1,6,55,62,1.1290322580645162,0.048694598441382554,680,"Ok fine, we're both equally crabby!"
5248,5200,0,8,54,62,1.1290322580645162,0.042922525410265526,680,"Enough already, you're not my lobster."
5225,5200,2,4,56,62,1.1290322580645162,0.053851505523430855,680,"Apparently, he forgot about the no lobster claws in our prenup again."
5158,5200,0,8,54,62,1.1290322580645162,0.042922525410265526,680,How many times have I told you I only eat the middle section of the lobster!
5129,5200,0,8,54,62,1.1290322580645162,0.042922525410265526,680,I'll talk to you when you can act less crabby
5036,5200,0,8,54,62,1.1290322580645162,0.042922525410265526,680,It's alright to go vegan - but you seem to be over-identifying with your food!
3289,5200,0,8,54,62,1.1290322580645162,0.042922525410265526,680,Why did you have to shake hands with my boss?
970,5200,0,8,54,62,1.1290322580645162,0.042922525410265526,680,When we get there you just go crazy
3163,5200,2,4,56,62,1.1290322580645162,0.053851505523430855,680,You don't look like your profile picture
1322,5200,1,6,55,62,1.1290322580645162,0.048694598441382554,680,"Of the two of us, I thought I'd be the crabby one"
1263,5200,1,6,55,62,1.1290322580645162,0.048694598441382554,680,How would I know “anything you want” meant “anything but seafood”
1260,5200,2,4,56,62,1.1290322580645162,0.053851505523430855,680,"No, I don't think there's a market for Edward Lobster-hands."
1212,5200,0,8,54,62,1.1290322580645162,0.042922525410265526,680,"I'm not paying market rate to hold your hand, Jeff."
1190,5200,0,8,54,62,1.1290322580645162,0.042922525410265526,680,I asked you to stop pawing at me. That didn't mean you should start clawing at me.
1069,5200,1,6,55,62,1.1290322580645162,0.048694598441382554,680,"And that's what you get for cheating, Glen."
1036,5200,2,4,56,62,1.1290322580645162,0.053851505523430855,680,I'm sick and tired of your crabbiness
1014,5200,0,8,54,62,1.1290322580645162,0.042922525410265526,680,They're endorsed by Screen Timers Anonymous.
962,5200,1,6,55,62,1.1290322580645162,0.048694598441382554,680,They are prejudiced. Only I know how amazing these hands are.
891,5200,0,8,54,62,1.1290322580645162,0.042922525410265526,680,"I don't care that we're dating. You can't pinch me like that, especially there!"
861,5200,2,4,56,62,1.1290322580645162,0.053851505523430855,680,I wish you'd change into your work clothes after you get to Red Lobster!
815,5200,1,6,55,62,1.1290322580645162,0.048694598441382554,680,"I thought you were looking for your ""lobster"", Phoebe 
-Kristie G, Dallas"
797,5200,0,8,54,62,1.1290322580645162,0.042922525410265526,680,This is not what I meant when I said I wanted a white claw.
793,5200,1,6,55,62,1.1290322580645162,0.048694598441382554,680,"Yes, I agreed to have dinner with you, but you said they wouldn't grow back."
531,5200,0,8,54,62,1.1290322580645162,0.042922525410265526,680,I just wanted to hold hands...
519,5200,0,8,54,62,1.1290322580645162,0.042922525410265526,680,I guess you'll have to change your name to Edward now.
450,5200,2,4,56,62,1.1290322580645162,0.053851505523430855,680,"If you answer me, 'Just beclaws' one more time..."
407,5200,1,6,55,62,1.1290322580645162,0.048694598441382554,680,"Well, I think it's a horribly sexist way to get a woman's attention."
383,5200,1,6,55,62,1.1290322580645162,0.048694598441382554,680,"No, I don't think my parents will like them Adam"
335,5200,2,4,56,62,1.1290322580645162,0.053851505523430855,680,You can't ever say I'm crabby again.
277,5200,1,6,55,62,1.1290322580645162,0.048694598441382554,680,You are most definitely not my lobster.
176,5200,0,8,54,62,1.1290322580645162,0.042922525410265526,680,"Her new boyfriend is too clingy, right?"""
163,5200,1,6,55,62,1.1290322580645162,0.048694598441382554,680,"I'm done with your fish stories, Seth."
133,5200,0,8,54,62,1.1290322580645162,0.042922525410265526,680,"Well at least your tinder profile is honest, but I didn't enjoy spoon feeding you dinner."
96,5200,2,4,56,62,1.1290322580645162,0.053851505523430855,680,...and you call me crabby.
1445,5200,0,8,54,62,1.1290322580645162,0.042922525410265526,680,Our divorce has been on the rocks for years. He never touches me anymore.
1623,5200,0,8,54,62,1.1290322580645162,0.042922525410265526,680,You're not going to claw your way out of this!
1345,5200,1,6,55,62,1.1290322580645162,0.048694598441382554,680,"Having those hideous claws is no reason to think you can get away with anything. Anyway, red clashes with the rest of the house."
1682,5200,2,4,56,62,1.1290322580645162,0.053851505523430855,680,You should have been a pair a ragged claws xcuttling across the floors of silent seas
3135,5200,0,8,54,62,1.1290322580645162,0.042922525410265526,680,You're accusing ME of being crabby?
3081,5200,0,8,54,62,1.1290322580645162,0.042922525410265526,680,Would you please tell me again why your favorite childhood dream came true?
3029,5200,0,8,54,62,1.1290322580645162,0.042922525410265526,680,"I'm sorry, but you still don't hold a candle to Johnny Depp."
2958,5200,0,8,54,62,1.1290322580645162,0.042922525410265526,680,You sure are one  pair of ragged claws.
2863,5200,1,6,55,62,1.1290322580645162,0.048694598441382554,680,"Well, when your profile said you had ‘’clawed your way to the top’ I was picturing something different."
2837,5200,2,4,56,62,1.1290322580645162,0.053851505523430855,680,I thought you said lobster was in at the moment..
2826,5200,0,8,54,62,1.1290322580645162,0.042922525410265526,680,I've never met any one so ham-fisted.
2680,5200,1,6,55,62,1.1290322580645162,0.048694598441382554,680,Ever since our trip to Maine you have become so clingy.
2641,5200,0,8,54,62,1.1290322580645162,0.042922525410265526,680,Do not get crabby with me!  I caught you red-handed.
2470,5200,1,6,55,62,1.1290322580645162,0.048694598441382554,680,Stop asking me why I'm feeling crabby!
2460,5200,0,8,54,62,1.1290322580645162,0.042922525410265526,680,At least  his radioactive spider  bite gave him super powers.
1667,5200,1,6,55,62,1.1290322580645162,0.048694598441382554,680,I just don't believe you're allergic to drawn butter.
2434,5200,0,8,54,62,1.1290322580645162,0.042922525410265526,680,I think we should slow down. You've become too clingy.
2435,5200,0,8,54,62,1.1290322580645162,0.042922525410265526,680,"No, your the crabby one..."
2301,5200,1,6,55,62,1.1290322580645162,0.048694598441382554,680,You always make such a scene when there’s not enough melted butter.
1722,5200,1,6,55,62,1.1290322580645162,0.048694598441382554,680,"I don’t understand why you have to make a scene every time you see lobster on the menu.  

Will Fortune 
Lexington, KY"
1879,5200,1,6,55,62,1.1290322580645162,0.048694598441382554,680,"If you persist with this charade, you know what I'm gonna want for dinner."
2432,5200,2,4,56,62,1.1290322580645162,0.053851505523430855,680,"Yes, not even on St. Patrick's day."
2015,5200,0,8,54,62,1.1290322580645162,0.042922525410265526,680,"So, I guess you're feeling crabby."
2049,5200,0,8,54,62,1.1290322580645162,0.042922525410265526,680,"Of course that's not what they meant by ""LobsterFest at Red Lobster""!"
1957,5200,0,8,54,62,1.1290322580645162,0.042922525410265526,680,Just don’t drink too much water!
2107,5200,1,6,55,62,1.1290322580645162,0.048694598441382554,680,"Put your claws away, please!"
2122,5200,1,6,55,62,1.1290322580645162,0.048694598441382554,680,Me?  You're more crabby than I am.
2123,5200,1,6,55,62,1.1290322580645162,0.048694598441382554,680,You never wanna hold hands in public.
2257,5200,1,6,55,62,1.1290322580645162,0.048694598441382554,680,"Those shorts aren't dresscode."" - Bridget O'Neill, New York, N"
2065,5200,0,8,54,62,1.1290322580645162,0.042922525410265526,680,"But you're just always so shellfish, Jonathan"
3215,5200,2,4,56,62,1.1290322580645162,0.053851505523430855,680,I wore these because you are always so crabby.  I thought it would make a fun joke.
4465,5318,2,4,57,63,1.126984126984127,0.0530293926364563,680,"it's not that I WISH you were a mechanic, I'm just saying you could reword your Bumble profile..."
5893,5318,0,8,55,63,1.126984126984127,0.0422853514020739,680,We are never watching American Horror Story again.
5678,5318,0,8,55,63,1.126984126984127,0.0422853514020739,680,"I told you to order a Lobster Gram, not lobster hands."
4708,5318,1,6,56,63,1.126984126984127,0.04795918799660978,680,Parody is not a fitting memorial to the artistic integrity of  Heath Ledger  et al.
3491,5318,0,8,55,63,1.126984126984127,0.0422853514020739,680,"Actually Jason, you don't crack me up."
2905,5318,1,6,56,63,1.126984126984127,0.04795918799660978,680,"C'mon, they crack right off."
1655,5324,0,8,56,64,1.125,0.041666666666666664,680,They are my shoes and I want them back!
4434,5324,0,8,56,64,1.125,0.041666666666666664,680,"You don't wear lobster gloves to a ""Lobster Shack""."
6138,5326,2,3,53,58,1.1206896551724137,0.05542328023559171,680,This is worse than being catfished
4572,5326,1,5,52,58,1.1206896551724137,0.049666682137193066,680,I KNOW you're lactose intolerant.  But you can still have butter; right?
4539,5326,1,5,52,58,1.1206896551724137,0.049666682137193066,680,So I know this great seafood restaurant that's having a special on cra....oops...never mind.
4471,5326,0,7,51,58,1.1206896551724137,0.04314879647175589,680,You are the King of all crabs!
4467,5326,1,5,52,58,1.1206896551724137,0.049666682137193066,680,I can't. I have a shellfish allergy.
4400,5326,0,7,51,58,1.1206896551724137,0.04314879647175589,680,"Why the moaning? Weren't you complaining last time that I didn't fight for your sake?""
Vivian Avraamidou, Famagusta, Cypru"
4366,5326,0,7,51,58,1.1206896551724137,0.04314879647175589,680,Why does everyone have to know that you clawed your way to the top?
4291,5326,0,7,51,58,1.1206896551724137,0.04314879647175589,680,"Sometimes I think you're some kind of underwater animal, the way you clam up on me."
4180,5326,0,7,51,58,1.1206896551724137,0.04314879647175589,680,I know I said I liked a firm handshake but don't you think this is a bit much?
4114,5326,1,5,52,58,1.1206896551724137,0.049666682137193066,680,Why so crabby?
4092,5326,0,7,51,58,1.1206896551724137,0.04314879647175589,680,This is the last time I go shopping with you.
4056,5326,0,7,51,58,1.1206896551724137,0.04314879647175589,680,"Now, now dear, let’s not be crabby."
4005,5326,0,7,51,58,1.1206896551724137,0.04314879647175589,680,You are not touching me with those!
3866,5326,0,7,51,58,1.1206896551724137,0.04314879647175589,680,And no one appreciates Eliot any more...
3861,5326,1,5,52,58,1.1206896551724137,0.049666682137193066,680,"You had to take your gloves off, didn't you...."
3858,5326,2,3,53,58,1.1206896551724137,0.05542328023559171,680,"Listen man, I've always enjoyed hanging out with you, but I literally couldn't care less about Jordan B Peterson's twelve rules to life. I don't get it, you keep talking about lobsters like it's joke or something! I don't know what that means!"
3827,5326,0,7,51,58,1.1206896551724137,0.04314879647175589,680,You never wanted to hold hands anyway
3801,5326,0,7,51,58,1.1206896551724137,0.04314879647175589,680,"Look, Paul, I told you to stay out of the hot tub."
3779,5326,1,5,52,58,1.1206896551724137,0.049666682137193066,680,"Dating profiles really ought to have a ""hand type"" field."
3778,5326,1,5,52,58,1.1206896551724137,0.049666682137193066,680,"I get the silence,but the ragged claws?"
3647,5326,0,7,51,58,1.1206896551724137,0.04314879647175589,680,"Hey Honey, What's wrong?""
""What's wrong? Your claws are slightly darker than the ones you've posted"
3621,5326,0,7,51,58,1.1206896551724137,0.04314879647175589,680,"Well, honey, at least they complement your mood."
3586,5326,0,7,51,58,1.1206896551724137,0.04314879647175589,680,You can use my cracked-had cream.
3554,5326,0,7,51,58,1.1206896551724137,0.04314879647175589,680,let me get your snap
3533,5326,1,5,52,58,1.1206896551724137,0.049666682137193066,680,Keep your lobsters to yourself.
3395,5326,1,5,52,58,1.1206896551724137,0.049666682137193066,680,You could have asked if I wanted a pair of giant lobster claws.
3869,5326,1,5,52,58,1.1206896551724137,0.049666682137193066,680,I'd like to get a bite to eat.
4574,5326,0,7,51,58,1.1206896551724137,0.04314879647175589,680,Why can't we just go out for seafood tonight?
4733,5326,0,7,51,58,1.1206896551724137,0.04314879647175589,680,I told you already. I'm not sharing my meal.
4856,5326,1,5,52,58,1.1206896551724137,0.049666682137193066,680,There are SO many reasons I didn’t want you to get those. Your inability to change a tire the least among them.
6116,5326,1,5,52,58,1.1206896551724137,0.049666682137193066,680,I don't wear my crabbiness on my sleeve.
6093,5326,0,7,51,58,1.1206896551724137,0.04314879647175589,680,"OK, I can see that makes it difficult to shave every day, but..."
5997,5326,1,5,52,58,1.1206896551724137,0.049666682137193066,680,You’ll never claw your way to the top with that outfit.
5959,5326,0,7,51,58,1.1206896551724137,0.04314879647175589,680,"No, it is not now my responsibility to take care of “Little Donny”."
5912,5326,2,3,53,58,1.1206896551724137,0.05542328023559171,680,"You don't have to tell me how long it takes to take off your pants.
I'm seeing a guy whose all thumbs."
5830,5326,1,5,52,58,1.1206896551724137,0.049666682137193066,680,I must be dreaming. Pinch me.
3202,5326,1,5,52,58,1.1206896551724137,0.049666682137193066,680,I'm feeling catty that my claws are so much smaller than your claws.
5765,5326,1,5,52,58,1.1206896551724137,0.049666682137193066,680,"Next time, let me buy you mittens."
5740,5326,2,3,53,58,1.1206896551724137,0.05542328023559171,680,"We know who isn’t mating for life 
She wanted the lobster claws for herself 
There’s only one true aggressor here 
He didn’t win her anything at the fair. 
“I don’t understand why you can just show me your hands”"
5657,5326,1,5,52,58,1.1206896551724137,0.049666682137193066,680,After the radiation I still couldn’t shoot spiderwebs
5576,5326,1,5,52,58,1.1206896551724137,0.049666682137193066,680,If you were king crab instead of snow crab my parents would have treated you like royalty.
5502,5326,1,5,52,58,1.1206896551724137,0.049666682137193066,680,And I thought you were crabby before dinner...
5441,5326,0,7,51,58,1.1206896551724137,0.04314879647175589,680,"This decision affects us both, David."
5393,5326,2,3,53,58,1.1206896551724137,0.05542328023559171,680,"This is what I end up with when I speed date at a seafood restaurant, a man with lobster genes."
5377,5326,0,7,51,58,1.1206896551724137,0.04314879647175589,680,"Well, now you'll just feel clammy ALL the time."
5372,5326,0,7,51,58,1.1206896551724137,0.04314879647175589,680,I can't feel a thing either.
5307,5326,1,5,52,58,1.1206896551724137,0.049666682137193066,680,"You don't see how that could come off as a little shellfish, Brian?"
5297,5326,0,7,51,58,1.1206896551724137,0.04314879647175589,680,"Well, Claude, clawing your way to the top has done nothing for my sex life."
5265,5326,1,5,52,58,1.1206896551724137,0.049666682137193066,680,We can't go through this every Thanksgiving.
5227,5326,2,3,53,58,1.1206896551724137,0.05542328023559171,680,I'm a virgin! How did I get crabs?
5215,5326,0,7,51,58,1.1206896551724137,0.04314879647175589,680,You're becoming a real crab!
5197,5326,0,7,51,58,1.1206896551724137,0.04314879647175589,680,Your dating profile was a bit misleading too.
4990,5326,0,7,51,58,1.1206896551724137,0.04314879647175589,680,You’re wrong! My hands do not feel clammy.
4957,5326,0,7,51,58,1.1206896551724137,0.04314879647175589,680,As long as we don’t go to a seafood restaurant.
4903,5326,0,7,51,58,1.1206896551724137,0.04314879647175589,680,"Message received, loud and clear. No hand holding."
4723,5326,1,5,52,58,1.1206896551724137,0.049666682137193066,680,I am working on a witty comment about the colored lobster hands in our black and white world.  Just you wait.
3078,5326,1,5,52,58,1.1206896551724137,0.049666682137193066,680,I didn’t kiss you. I just wanted to see if you had an eye disease before I picked you to eat
5772,5326,0,7,51,58,1.1206896551724137,0.04314879647175589,680,"""and quit complaining about your carpal tunnel syndrome!"
3022,5326,0,7,51,58,1.1206896551724137,0.04314879647175589,680,Did you think I wouldn't see that you've gotten yourself into some really hot water?
1365,5326,1,5,52,58,1.1206896551724137,0.049666682137193066,680,Who looks a little crabby now?
1253,5326,1,5,52,58,1.1206896551724137,0.049666682137193066,680,"I didn’t mind the weak grip, honestly."
1176,5326,1,5,52,58,1.1206896551724137,0.049666682137193066,680,"After I broke up with John, everyone said I'd finally find my lobster.  But this?"
1167,5326,0,7,51,58,1.1206896551724137,0.04314879647175589,680,I told you you set the hot tub too high!
1157,5326,0,7,51,58,1.1206896551724137,0.04314879647175589,680,Clever pulling rank and connections to score big one!
1043,5326,1,5,52,58,1.1206896551724137,0.049666682137193066,680,And all that BUTTER!
983,5326,1,5,52,58,1.1206896551724137,0.049666682137193066,680,I miss those days when you were a pound and a quarter.
904,5326,1,5,52,58,1.1206896551724137,0.049666682137193066,680,Phoebe was wrong!
841,5326,2,3,53,58,1.1206896551724137,0.05542328023559171,680,"Forget it, Jason, you're still not my lobster."
828,5326,1,5,52,58,1.1206896551724137,0.049666682137193066,680,"So, your Ex gave you those gloves, eh?"
688,5326,0,7,51,58,1.1206896551724137,0.04314879647175589,680,I told you artificial insemination could be dangerous
474,5326,2,3,53,58,1.1206896551724137,0.05542328023559171,680,I'm tired of you being shellfish!
408,5326,1,5,52,58,1.1206896551724137,0.049666682137193066,680,I told you that that floozie was trying to get her claws into you!
321,5326,0,7,51,58,1.1206896551724137,0.04314879647175589,680,I prefer my dates to have man hands!
301,5326,0,7,51,58,1.1206896551724137,0.04314879647175589,680,Do you have to wear absolutely everything on your sleeve?
288,5326,0,7,51,58,1.1206896551724137,0.04314879647175589,680,"I don’t know if it made it worse, but boiling them certainly didn’t improve anything."
249,5326,0,7,51,58,1.1206896551724137,0.04314879647175589,680,You're always so snippy with me.
212,5326,1,5,52,58,1.1206896551724137,0.049666682137193066,680,I wish you'd just get over your phobia of drawn butter!
196,5326,1,5,52,58,1.1206896551724137,0.049666682137193066,680,I feel like this relationship is slipping through my fingers
152,5326,1,5,52,58,1.1206896551724137,0.049666682137193066,680,My love language is no longer touch.
136,5326,1,5,52,58,1.1206896551724137,0.049666682137193066,680,"No, Darryll. You're shit at foosball."
127,5326,2,3,53,58,1.1206896551724137,0.05542328023559171,680,"I would have been a lot less embarrassed if you'd just have asked for a doggy bag!""

""This is most definitely the very, absolutely, last time we go out together, Mr. Weinstein!"
108,5326,1,5,52,58,1.1206896551724137,0.049666682137193066,680,You don't snap at ME!
44,5326,2,3,53,58,1.1206896551724137,0.05542328023559171,680,"It's just that sometimes you get so, well, irritable. No, that's not quite it..."
3071,5326,0,7,51,58,1.1206896551724137,0.04314879647175589,680,The pincers give me the willies.
1446,5326,1,5,52,58,1.1206896551724137,0.049666682137193066,680,I’m afraid you need more than an editor.
1510,5326,0,7,51,58,1.1206896551724137,0.04314879647175589,680,Your Tinder bio left out that you were the inventor of the screening equipment for breast cancer.
1476,5326,2,3,53,58,1.1206896551724137,0.05542328023559171,680,I just wish you weren't so crabby.
1676,5326,2,3,53,58,1.1206896551724137,0.05542328023559171,680,I saw you getting handsy with that waitress.
3000,5326,0,7,51,58,1.1206896551724137,0.04314879647175589,680,I expressly asked you to keep your claws off me!
2981,5326,0,7,51,58,1.1206896551724137,0.04314879647175589,680,Crabby?  Crabby?  You're calling ME crabby?
2965,5326,1,5,52,58,1.1206896551724137,0.049666682137193066,680,Was there a clause in our prenuptial agreement?
2931,5326,0,7,51,58,1.1206896551724137,0.04314879647175589,680,You don't have to be so crabby about it.
2836,5326,0,7,51,58,1.1206896551724137,0.04314879647175589,680,"Big whoop, you grilled the chops."
2492,5326,0,7,51,58,1.1206896551724137,0.04314879647175589,680,You know how hard it is to make your bed every day with these.
2489,5326,1,5,52,58,1.1206896551724137,0.049666682137193066,680,"Yes, you're a hugger, but I'm sure I had mentioned Dad's seafood allergy..."
2387,5326,0,7,51,58,1.1206896551724137,0.04314879647175589,680,You'll never understand how embarrassing it is when people stare at the psoriasis on my hands.
2382,5326,1,5,52,58,1.1206896551724137,0.049666682137193066,680,Who's crabby now?
2293,5326,0,7,51,58,1.1206896551724137,0.04314879647175589,680,I can't say anything without you snapping at me!
2290,5326,1,5,52,58,1.1206896551724137,0.049666682137193066,680,"Trust me, your friendly pinches are overrated."
2286,5326,1,5,52,58,1.1206896551724137,0.049666682137193066,680,Lobster AGAIN tonight
1595,5326,1,5,52,58,1.1206896551724137,0.049666682137193066,680,"Honey, your claws are showing."
2240,5326,0,7,51,58,1.1206896551724137,0.04314879647175589,680,"A werewolf I could take, but crabhands?  No thanks."
2104,5326,1,5,52,58,1.1206896551724137,0.049666682137193066,680,I told you I was from Maryland.
1777,5326,0,7,51,58,1.1206896551724137,0.04314879647175589,680,Well at least I don't have to buy pincers.
1803,5326,0,7,51,58,1.1206896551724137,0.04314879647175589,680,I refuse to keep telling you... No...
1831,5326,0,7,51,58,1.1206896551724137,0.04314879647175589,680,I thought clawing your way to the top wouldnt be so literal.
2119,5326,1,5,52,58,1.1206896551724137,0.049666682137193066,680,"Technically, I’m only 1/10 cannibal."
1863,5326,1,5,52,58,1.1206896551724137,0.049666682137193066,680,"Jesus, Kevin. Alright! I'll go see ""Lobster Man Returns Again.""  But only if I can emasculate you by seeing ""Downton Abbey"" three times with me."
1855,5326,0,7,51,58,1.1206896551724137,0.04314879647175589,680,My feelings are hurt literally.
1968,5326,0,7,51,58,1.1206896551724137,0.04314879647175589,680,"First you tell me you're a lobsterman, then you give me crabs ... nice first date, Norman."
2055,5326,0,7,51,58,1.1206896551724137,0.04314879647175589,680,Honey I don't think those fit the parameters of the Impeachment Clause.
2062,5326,1,5,52,58,1.1206896551724137,0.049666682137193066,680,"I might be in a bad mood, but you're getting really crabby."
2070,5326,0,7,51,58,1.1206896551724137,0.04314879647175589,680,"For the last time, I'm Not dreaming!"
2100,5326,0,7,51,58,1.1206896551724137,0.04314879647175589,680,Love your hands. Hate you.
1870,5326,1,5,52,58,1.1206896551724137,0.049666682137193066,680,"Claw at me one more time Harold, I swear..."
2569,5441,0,7,52,59,1.11864406779661,0.042460458882410665,680,Keep your dirty claws off me!
3293,5441,0,7,52,59,1.11864406779661,0.042460458882410665,680,"I told you, don't take me to expensive restaurants, I don't know how to open a lobster!"
2671,5441,0,7,52,59,1.11864406779661,0.042460458882410665,680,"We’re having dinner with the Stevenson’s at 7. Don’t order the lobster, or anything expensive, we’ll figure this out."
2297,5441,0,7,52,59,1.11864406779661,0.042460458882410665,680,I warned you about those all-you-can eat restaurants.
2783,5441,2,3,54,59,1.11864406779661,0.05451419668666752,680,You need to learn to be more claws-off!
1600,5441,1,5,53,59,1.11864406779661,0.048860455426129414,680,"Is everything funny to you, Gerald? Even losing your hands?"
809,5441,0,7,52,59,1.11864406779661,0.042460458882410665,680,The last thing I want right now is for you to pinch my hand.
315,5441,0,7,52,59,1.11864406779661,0.042460458882410665,680,You need a new wallet. I'm tired of paying for dinner because you 'can't reach it'
2180,5441,0,7,52,59,1.11864406779661,0.042460458882410665,680,"It’s metoo time, knuckleclaws- no consent, no pinching!"
646,5450,2,3,56,61,1.1147540983606556,0.05278247274773007,680,"You just had to come in last in fantasy football this year..."""
3851,5450,2,3,56,61,1.1147540983606556,0.05278247274773007,680,You're just too clawing.
4212,5452,0,6,49,55,1.1090909090909091,0.04242424242424242,680,"Will you please stop saying ""Just be-claws?""

Phil Alderman
541 349 0964
4055 Royal Avenue, Space 68
Eugene
Or. 97402"
4253,5452,1,4,50,55,1.1090909090909091,0.04973144899026735,680,Now we’re in a real pinch.
4280,5452,0,6,49,55,1.1090909090909091,0.04242424242424242,680,When your profile said you ‘clawed your way to the top’ I didn’t realize you meant it literally.
4286,5452,0,6,49,55,1.1090909090909091,0.04242424242424242,680,"Yeah, well I've got beans in my ears."
4312,5452,1,4,50,55,1.1090909090909091,0.04973144899026735,680,"Oh sure. Anyone will believe it: You are both the brother of Santa, and the Supreme Guardian of the Universe:  LOBSTER CLAUS."
4368,5452,0,6,49,55,1.1090909090909091,0.04242424242424242,680,...Do I smell butter?
4345,5452,0,6,49,55,1.1090909090909091,0.04242424242424242,680,"I knew you were going to be the only one dressed up for the ""All You Can Eat"" lobster dinner."
4396,5452,0,6,49,55,1.1090909090909091,0.04242424242424242,680,You're always so crabby when we're out shopping.
4445,5452,0,6,49,55,1.1090909090909091,0.04242424242424242,680,You wouldn't feel the same about that if things were reversed and I had shark's teeth.
4581,5452,1,4,50,55,1.1090909090909091,0.04973144899026735,680,"It's a Red Lobster, not a tailgate."
4604,5452,0,6,49,55,1.1090909090909091,0.04242424242424242,680,My mother warned me that you were ALL hands!
4321,5452,0,6,49,55,1.1090909090909091,0.04242424242424242,680,Maybe you should get the crab for dinner it will match your attitude
4197,5452,0,6,49,55,1.1090909090909091,0.04242424242424242,680,I used the butter to moisturize you hands. Not because I was hungry!
4149,5452,0,6,49,55,1.1090909090909091,0.04242424242424242,680,Now you come out of your shell.
4156,5452,0,6,49,55,1.1090909090909091,0.04242424242424242,680,you can be very melodramatic sometimes - still a hard no to the foam finger
4134,5452,0,6,49,55,1.1090909090909091,0.04242424242424242,680,And now you know why one doesn't ask for take-home at an eat-all-you-can fish place.
4099,5452,0,6,49,55,1.1090909090909091,0.04242424242424242,680,I TOLD you that water was hot!
4060,5452,1,4,50,55,1.1090909090909091,0.04973144899026735,680,Very funny. You can't get out of this this time. I caught you red-handed.
4042,5452,0,6,49,55,1.1090909090909091,0.04242424242424242,680,"I told you to confirm your order before you placed it, so you got orange, serves you right."
3990,5452,0,6,49,55,1.1090909090909091,0.04242424242424242,680,"But I can pinch an inch. Not everything is about you, Karen."
3857,5452,0,6,49,55,1.1090909090909091,0.04242424242424242,680,I told you not to pinch the waitress !
3740,5452,0,6,49,55,1.1090909090909091,0.04242424242424242,680,I know you are just clawing for attention.
3732,5452,0,6,49,55,1.1090909090909091,0.04242424242424242,680,"You realize that you're one step away from a sexual harassment suit, don't you?"
3611,5452,0,6,49,55,1.1090909090909091,0.04242424242424242,680,Yes I'm mad. You said Zabar's had a special on lobster tails.
3488,5452,1,4,50,55,1.1090909090909091,0.04973144899026735,680,"I'm not holding your hand again, stop asking."
3457,5452,0,6,49,55,1.1090909090909091,0.04242424242424242,680,Rare sighting of a U of T professor in the wild. [wife's boyfriend not pictured]
3442,5452,2,2,51,55,1.1090909090909091,0.05609472071480735,680,Of course we knew this would happen when they realized you were bottom-fishing.
4190,5452,0,6,49,55,1.1090909090909091,0.04242424242424242,680,"I thought the seafood bisque was missing lobster."""
4675,5452,1,4,50,55,1.1090909090909091,0.04973144899026735,680,"Remember this next time you say I've ""got my claws out."""
4801,5452,1,4,50,55,1.1090909090909091,0.04973144899026735,680,I'm sorry trivia night was a bust but these are my non-compete claws.
4721,5452,0,6,49,55,1.1090909090909091,0.04242424242424242,680,Couldn't you just go with me for a manicure?
3361,5452,0,6,49,55,1.1090909090909091,0.04242424242424242,680,"don’t you get snappy with me, mister."
6120,5452,0,6,49,55,1.1090909090909091,0.04242424242424242,680,I'm not seeing you again without the rubber bands.
6106,5452,1,4,50,55,1.1090909090909091,0.04973144899026735,680,Why bother date a guy who wears elastics on his claws if you won’t even braid my hair?
6080,5452,0,6,49,55,1.1090909090909091,0.04242424242424242,680,"""Clawback? No kidding."
6047,5452,0,6,49,55,1.1090909090909091,0.04242424242424242,680,And people say I'm the crabby one.
6044,5452,0,6,49,55,1.1090909090909091,0.04242424242424242,680,You street people will wear anything to get a handout.
5980,5452,0,6,49,55,1.1090909090909091,0.04242424242424242,680,I'm telling mom
5968,5452,0,6,49,55,1.1090909090909091,0.04242424242424242,680,Red...really?
5963,5452,0,6,49,55,1.1090909090909091,0.04242424242424242,680,"No, Harold, I'm not getting a matching tail."
5941,5452,0,6,49,55,1.1090909090909091,0.04242424242424242,680,It’s in my DNA”...just doesn’t work for me.
5858,5452,0,6,49,55,1.1090909090909091,0.04242424242424242,680,You really can’t afford for me to go to bed angry tonight.
5848,5452,2,2,51,55,1.1090909090909091,0.05609472071480735,680,When the marriage counselor suggested you try to keep your hands to yourself - she didn't mean so everyone would see what you are doing.
5825,5452,0,6,49,55,1.1090909090909091,0.04242424242424242,680,"Well, you should have told me before you told your mother."
4698,5452,1,4,50,55,1.1090909090909091,0.04973144899026735,680,I don't think that you will be able to get my bra off
5739,5452,0,6,49,55,1.1090909090909091,0.04242424242424242,680,Why couldn’t you have gotten the other kind of crabs?
5513,5452,0,6,49,55,1.1090909090909091,0.04242424242424242,680,"No, you may not feel me up."
5477,5452,0,6,49,55,1.1090909090909091,0.04242424242424242,680,"Listen, buddy, if I wanted lobster-lice, I'd be following you."
5470,5452,0,6,49,55,1.1090909090909091,0.04242424242424242,680,"I said, Don't touch me!"""
5462,5452,1,4,50,55,1.1090909090909091,0.04973144899026735,680,Don't judge me until you've walked a mile in my claws.
5402,5452,1,4,50,55,1.1090909090909091,0.04973144899026735,680,"It’s not some misogynistic behavior I can curb, honey. You know I’m a feminist! I just can’t help pinching your tight little butt sometimes."
5371,5452,1,4,50,55,1.1090909090909091,0.04973144899026735,680,I said I was only going to window shop no need for the penny pinchers!
5191,5452,0,6,49,55,1.1090909090909091,0.04242424242424242,680,"Frankly,I'm a little uneasy about holding your hand."
5104,5452,1,4,50,55,1.1090909090909091,0.04973144899026735,680,This is what you get for trying to steal dinner! I want a divorce!
5054,5452,0,6,49,55,1.1090909090909091,0.04242424242424242,680,They keep catching you shoplifting red handed and you say you don't know why?
5027,5452,0,6,49,55,1.1090909090909091,0.04242424242424242,680,"Well, “Lobsterine” isn’t going bring those medical bills to justice, Stewart!"
4943,5452,0,6,49,55,1.1090909090909091,0.04242424242424242,680,"No! I told you. I don’t have the crackers, shears or fork. I’m not your mother!"
4864,5452,0,6,49,55,1.1090909090909091,0.04242424242424242,680,Ask your stupid deaf genie friend if I what I wanted was to give you a claw job!
4845,5452,0,6,49,55,1.1090909090909091,0.04242424242424242,680,"I just don’t think this is going to work out, Claude."
5654,5452,0,6,49,55,1.1090909090909091,0.04242424242424242,680,I don't understand why you have to be so crabby all the time! All I said is that I wanted to eat at Red Lobster tonight.
3288,5452,1,4,50,55,1.1090909090909091,0.04973144899026735,680,"I'm sorry, things are really heating up at work."
2137,5452,2,2,51,55,1.1090909090909091,0.05609472071480735,680,Cha cha cha!
3174,5452,1,4,50,55,1.1090909090909091,0.04973144899026735,680,I'm tired of you tryin' to claw your way to the top.
1429,5452,0,6,49,55,1.1090909090909091,0.04242424242424242,680,All I'm saying is you could have kept your claws to yourself at that crusty bus station.
1390,5452,1,4,50,55,1.1090909090909091,0.04973144899026735,680,I caught you with the sitter. That's not material for your act.
1280,5452,0,6,49,55,1.1090909090909091,0.04242424242424242,680,"No, I'm not surprised that you clawed your way to the top."
1211,5452,1,4,50,55,1.1090909090909091,0.04973144899026735,680,Santa Claus! I wanted to be your
1109,5452,0,6,49,55,1.1090909090909091,0.04242424242424242,680,Why do you keep handing me your fish tales?
1031,5452,0,6,49,55,1.1090909090909091,0.04242424242424242,680,When I said hands off  I meant it.
1009,5452,0,6,49,55,1.1090909090909091,0.04242424242424242,680,It was Lobster Thermidor.  You idiot.
1006,5452,0,6,49,55,1.1090909090909091,0.04242424242424242,680,How do I hate you? Let me count the ways!
902,5452,1,4,50,55,1.1090909090909091,0.04973144899026735,680,Darn you - you broke the lobster cracker.
859,5452,1,4,50,55,1.1090909090909091,0.04973144899026735,680,"Lobsters are supposed to remain faithful for life."""
3182,5452,0,6,49,55,1.1090909090909091,0.04242424242424242,680,Always standing up for your claws. I wish for once you'd stand up for me.
760,5452,0,6,49,55,1.1090909090909091,0.04242424242424242,680,I get you can't help you have pincers; I'm saying you can help what you pinch.
681,5452,1,4,50,55,1.1090909090909091,0.04973144899026735,680,I thought you said you were going to wear a pink carnation.
669,5452,0,6,49,55,1.1090909090909091,0.04242424242424242,680,"I'm sure you're not the only person in the world who is terrified of hot baths and can't play the piano. Can we talk about something else, please?"
650,5452,0,6,49,55,1.1090909090909091,0.04242424242424242,680,I'm shellfish! I knew YOU we re the one that gave me crabs...!
635,5452,0,6,49,55,1.1090909090909091,0.04242424242424242,680,I really did not appreciate your friend's comment that we should go to the Halloween party as Steak and Lobster.
518,5452,0,6,49,55,1.1090909090909091,0.04242424242424242,680,You know why I won’t hold hands with you!
506,5452,0,6,49,55,1.1090909090909091,0.04242424242424242,680,Don't expect me to take you back when you come clawing back to me
445,5452,0,6,49,55,1.1090909090909091,0.04242424242424242,680,"No fingerprints yes
Stolen items none honey."
397,5452,0,6,49,55,1.1090909090909091,0.04242424242424242,680,"After a frustrating day of apartment hunting, Doug too started getting crabby."
292,5452,0,6,49,55,1.1090909090909091,0.04242424242424242,680,Don't even THINK of pinching me now that you've got those...
285,5452,1,4,50,55,1.1090909090909091,0.04973144899026735,680,You could be a bit less defensive.
222,5452,1,4,50,55,1.1090909090909091,0.04973144899026735,680,AND you kept forgetting the lyrics to 'Lemon Tree'!
213,5452,0,6,49,55,1.1090909090909091,0.04242424242424242,680,I told you the Pescetarian Diet was extreme.
205,5452,1,4,50,55,1.1090909090909091,0.04973144899026735,680,Death is not the end.
129,5452,1,4,50,55,1.1090909090909091,0.04973144899026735,680,When in Rome...Ha!
77,5452,0,6,49,55,1.1090909090909091,0.04242424242424242,680,I dunno...just be claws.
1441,5452,1,4,50,55,1.1090909090909091,0.04973144899026735,680,"You’re such a crab, Harold!"
1466,5452,0,6,49,55,1.1090909090909091,0.04242424242424242,680,I want to slather you with butter.
771,5452,0,6,49,55,1.1090909090909091,0.04242424242424242,680,I was sure I used my last wish for love hands.
1700,5452,1,4,50,55,1.1090909090909091,0.04973144899026735,680,This is not what I thought you meant by going for surf and turf.
3145,5452,0,6,49,55,1.1090909090909091,0.04242424242424242,680,Your ornery disposition is coming out
1616,5452,0,6,49,55,1.1090909090909091,0.04242424242424242,680,"Sorry for being crabby, but don’t you dare pinch me again!!"
3112,5452,0,6,49,55,1.1090909090909091,0.04242424242424242,680,"You have a ""deep seated"" problem!"""
2986,5452,1,4,50,55,1.1090909090909091,0.04973144899026735,680,Why are you living in such a rough neighborhood?
2895,5452,1,4,50,55,1.1090909090909091,0.04973144899026735,680,I knew that brunette wasn’t just your TA...
2789,5452,1,4,50,55,1.1090909090909091,0.04973144899026735,680,I don't know what you're so smug about. So I was wrong about the hairy palms.
2764,5452,0,6,49,55,1.1090909090909091,0.04242424242424242,680,I told you we weren't soulmates
2728,5452,0,6,49,55,1.1090909090909091,0.04242424242424242,680,It would have be seven figures without the clawback.
2678,5452,0,6,49,55,1.1090909090909091,0.04242424242424242,680,You have some nerve calling me crabby!
2572,5452,1,4,50,55,1.1090909090909091,0.04973144899026735,680,Stand up straight with your shoulders back.
2480,5452,0,6,49,55,1.1090909090909091,0.04242424242424242,680,I can’t believe our sex therapist actually suggested nipple pinching
2464,5452,0,6,49,55,1.1090909090909091,0.04242424242424242,680,I just don’t understand why we can’t go for seafood like a normal couple.
2409,5452,0,6,49,55,1.1090909090909091,0.04242424242424242,680,"Match, schmatch, no nipple twisting"
2396,5452,0,6,49,55,1.1090909090909091,0.04242424242424242,680,"I thought you said “for,” not “with.”"
3141,5452,0,6,49,55,1.1090909090909091,0.04242424242424242,680,I just wish I hadn't caught you.
2327,5452,1,4,50,55,1.1090909090909091,0.04973144899026735,680,"You just had to break out the crab claws, now we’ll never get invited back!"
2355,5452,0,6,49,55,1.1090909090909091,0.04242424242424242,680,I told you not to play with your food!
1757,5452,0,6,49,55,1.1090909090909091,0.04242424242424242,680,You know why your still single
1944,5452,1,4,50,55,1.1090909090909091,0.04973144899026735,680,"I understand, you didn’t have anything appropriate in Panettone “Living Coral” either."
1958,5452,0,6,49,55,1.1090909090909091,0.04242424242424242,680,"If you play your cards right, you'll soon have them eating out of your hands"
1974,5452,1,4,50,55,1.1090909090909091,0.04973144899026735,680,Did you really think you could claw your way out of paying the bill?
2010,5452,0,6,49,55,1.1090909090909091,0.04242424242424242,680,"When I said, “I would like some lobster claws,” that’s not what I meant!"
1727,5452,1,4,50,55,1.1090909090909091,0.04973144899026735,680,And you can just imagine what I'll do to your Mr. Johnson the next time you touch me without asking first.
2025,5452,0,6,49,55,1.1090909090909091,0.04242424242424242,680,But you knew me before you said yes!!!
2086,5452,0,6,49,55,1.1090909090909091,0.04242424242424242,680,You still know how to bring my claws out.
2176,5452,1,4,50,55,1.1090909090909091,0.04973144899026735,680,I told you it was a bad idea to wear that lobster outfit to the Red Lobster.
2278,5452,0,6,49,55,1.1090909090909091,0.04242424242424242,680,"Take my hand?""  Not as long as you're wearing those goofy gloves!
(Michael Rogness, St. Paul, Minnesot"
2021,5452,1,4,50,55,1.1090909090909091,0.04973144899026735,680,"I only eat the tail meat....God, you never listen to me!"
4262,5574,0,6,50,56,1.1071428571428572,0.0417053005800816,680,I’m sorry. I didn’t mean to snap at you.
4116,5574,0,6,50,56,1.1071428571428572,0.0417053005800816,680,Why do you insist on always wearing the  “cat” shorts?
4066,5574,0,6,50,56,1.1071428571428572,0.0417053005800816,680,That's not what I meant when I asked for the prenuptial clause.
4057,5574,0,6,50,56,1.1071428571428572,0.0417053005800816,680,You can be so crabby sometimes!
3975,5574,0,6,50,56,1.1071428571428572,0.0417053005800816,680,"If I can watch Edward Scissorhands with you every Saturday, you can walk with me now and then."
3959,5574,1,4,51,56,1.1071428571428572,0.04887415212385381,680,I presume your hairstylist is Edward Scissorhands?
3942,5574,0,6,50,56,1.1071428571428572,0.0417053005800816,680,"If you're trying to claw your way back into my affections, forget it. You're way too crabby."
3791,5574,1,4,51,56,1.1071428571428572,0.04887415212385381,680,"Keep your mitts to yourself, buster. And shave the scruff while you're at it."
4361,5574,0,6,50,56,1.1071428571428572,0.0417053005800816,680,I’m going to Red Lobster with or without you!
3775,5574,0,6,50,56,1.1071428571428572,0.0417053005800816,680,"You'll never understand, Nate. I'm sensitive about my ears."
4021,5574,0,6,50,56,1.1071428571428572,0.0417053005800816,680,I clawed my way to the top even wearing short pants.
4417,5574,0,6,50,56,1.1071428571428572,0.0417053005800816,680,"I’m not buying it, George.  HR doesn’t hand out  those claws just for nail biting."
5428,5574,0,6,50,56,1.1071428571428572,0.0417053005800816,680,Make sure you wash your hands.
4541,5574,0,6,50,56,1.1071428571428572,0.0417053005800816,680,I would have preferred the hooks instead.
4713,5574,0,6,50,56,1.1071428571428572,0.0417053005800816,680,Grabby-crabby--it amounts to the same thing!
5135,5574,0,6,50,56,1.1071428571428572,0.0417053005800816,680,"¨Yesterday the face, today the hands-what's next?¨"
5255,5574,0,6,50,56,1.1071428571428572,0.0417053005800816,680,Let me guess...you're a Cancer rising?
5403,5574,1,4,51,56,1.1071428571428572,0.04887415212385381,680,Don’t walk away from me.
5473,5574,1,4,51,56,1.1071428571428572,0.04887415212385381,680,Why do you have to be so crabby all the time?
5521,5574,0,6,50,56,1.1071428571428572,0.0417053005800816,680,"So you’re saying you want me to change who I am?”

“No! I just said no pinching!"
5671,5574,0,6,50,56,1.1071428571428572,0.0417053005800816,680,I just don't want you turning into one of those crusty old men.
5708,5574,0,6,50,56,1.1071428571428572,0.0417053005800816,680,Try to find a job with that or finish your metamorphosis before dinner.
5885,5574,0,6,50,56,1.1071428571428572,0.0417053005800816,680,"Next time pinch yourself, not me."
6045,5574,0,6,50,56,1.1071428571428572,0.0417053005800816,680,I feel like I'm the only one doing any hands-on work in this relationship.
3701,5574,0,6,50,56,1.1071428571428572,0.0417053005800816,680,Like it's our fault she's allergenic to shell fish
4485,5574,0,6,50,56,1.1071428571428572,0.0417053005800816,680,I told them at work this week I take the gloves off
3685,5574,1,4,51,56,1.1071428571428572,0.04887415212385381,680,"Come as you claw, seafood soiree"" 
has to be a misprint"
1046,5574,1,4,51,56,1.1071428571428572,0.04887415212385381,680,"So, you're too manly to use hand-lotion?"
3639,5574,0,6,50,56,1.1071428571428572,0.0417053005800816,680,Its not my fault you didn’t see that my eharmony profile said I am allergic to shellfish.
57,5574,1,4,51,56,1.1071428571428572,0.04887415212385381,680,"I don't ask much, you could at least claw up after yourself every day."
297,5574,1,4,51,56,1.1071428571428572,0.04887415212385381,680,"And who is going to make a movie on Mr. Clawhands, genius?"
422,5574,0,6,50,56,1.1071428571428572,0.0417053005800816,680,I prefer the white glove treatment!
3676,5574,1,4,51,56,1.1071428571428572,0.04887415212385381,680,"I told you, you’re too clingy."
1814,5574,1,4,51,56,1.1071428571428572,0.04887415212385381,680,Must you always show up the teppan chefs.
1830,5574,1,4,51,56,1.1071428571428572,0.04887415212385381,680,I should've known when your profile said you were an Alaskan King
1953,5574,0,6,50,56,1.1071428571428572,0.0417053005800816,680,"Did you think to ask me?
Maybe I don't like lobster!"
2041,5574,0,6,50,56,1.1071428571428572,0.0417053005800816,680,I’m staying with you beclaws i love you.
2214,5574,0,6,50,56,1.1071428571428572,0.0417053005800816,680,He is never subtle.
2219,5574,1,4,51,56,1.1071428571428572,0.04887415212385381,680,You knew damn well before you took me in.
2370,5574,0,6,50,56,1.1071428571428572,0.0417053005800816,680,"Dear, is it the least bit possible that you are projecting your own crabbiness onto me?"
2449,5574,1,4,51,56,1.1071428571428572,0.04887415212385381,680,I refuse to go to the Hallowe'en party with you if you are going as Lobsterman.
1254,5574,0,6,50,56,1.1071428571428572,0.0417053005800816,680,this is exactly why we're in couples therapy Richard...
2613,5574,0,6,50,56,1.1071428571428572,0.0417053005800816,680,Really... I would have donned long pants but the zipper....
2533,5574,1,4,51,56,1.1071428571428572,0.04887415212385381,680,"Well, yes, I suppose it is better than the 'Jaws' option."
3591,5574,0,6,50,56,1.1071428571428572,0.0417053005800816,680,I wish you would stop pinching me in public!
3543,5574,0,6,50,56,1.1071428571428572,0.0417053005800816,680,Just because you are a penny pincher shouldn’t mean I have to pay for everything.
3487,5574,1,4,51,56,1.1071428571428572,0.04887415212385381,680,You're Jewish too! I just don't wear my claws to Lobsterfest
3454,5574,0,6,50,56,1.1071428571428572,0.0417053005800816,680,"When the dim sum place offered two 
crab claws for the price of one, 
I had no idea you would order two to go"
3495,5574,1,4,51,56,1.1071428571428572,0.04887415212385381,680,"I said that I was afraid my new client might be a "" mobster*."
3295,5574,0,6,50,56,1.1071428571428572,0.0417053005800816,680,This weeks contest was a bear dripping with water. The caption reads :you must be a Drizzly Bear
2914,5574,0,6,50,56,1.1071428571428572,0.0417053005800816,680,I told you it wasn't a good idea to be bitten by a radioactive lobster.
2890,5574,0,6,50,56,1.1071428571428572,0.0417053005800816,680,"Don't deny it, I got you red handed."
2765,5574,1,4,51,56,1.1071428571428572,0.04887415212385381,680,You’re lucky you only slept an hour.
2700,5574,0,6,50,56,1.1071428571428572,0.0417053005800816,680,"That's not how crabs work, moron."
3346,5574,0,6,50,56,1.1071428571428572,0.0417053005800816,680,"When you open a door for a woman, you're supposed to use the handle"
3292,5629,0,6,51,57,1.105263157894737,0.04101019591968312,680,I hope you weren’t self conscious in our having dinner at the lobster shack.  I do wish I had more butter though.
4163,5629,1,4,52,57,1.105263157894737,0.04804583837764614,680,Yes dear there is a Santa Claws
3338,5629,1,4,52,57,1.105263157894737,0.04804583837764614,680,"Those statues are there to draw in customers not so you can make a ""Winner!"" of a Hallowe'en costume for your Fight Club."
3436,5629,0,6,51,57,1.105263157894737,0.04101019591968312,680,Stop following me and go to the dermatologist
3583,5629,1,4,52,57,1.105263157894737,0.04804583837764614,680,"Just because I have a ""thing"" for ""pinchers"" doesn't mean you should wear those out of the  house."
4078,5629,1,4,52,57,1.105263157894737,0.04804583837764614,680,You were the one who insisted I shake your Father's hand!
4128,5629,1,4,52,57,1.105263157894737,0.04804583837764614,680,I don’t understand the obsession with White Claw
4196,5629,1,4,52,57,1.105263157894737,0.04804583837764614,680,It's obvious your lobster crime scheme is not working. You're always caught red handed!
5550,5629,0,6,51,57,1.105263157894737,0.04101019591968312,680,"The grocer said they were for making fish stew, not tormenting your wife."
4492,5629,0,6,51,57,1.105263157894737,0.04101019591968312,680,"no, I've told you before...lobster claws are not finger food"
4605,5629,1,4,52,57,1.105263157894737,0.04804583837764614,680,I warned you!!  Stop being crabby!
4611,5629,1,4,52,57,1.105263157894737,0.04804583837764614,680,"keep your claws off me,"" I said, but you took me literally"
4659,5629,0,6,51,57,1.105263157894737,0.04101019591968312,680,"Ok, So technically,  you cannot help yourself"
4859,5629,1,4,52,57,1.105263157894737,0.04804583837764614,680,"You piece of crab, stop pinching me!!"
5570,5629,1,4,52,57,1.105263157894737,0.04804583837764614,680,Why do I have the feeling that your harmless-New-Man expression and body language don't tell the whole story?
6039,5629,1,4,52,57,1.105263157894737,0.04804583837764614,680,You still have clammy hands.
3271,5629,0,6,51,57,1.105263157894737,0.04101019591968312,680,You've grown too clingy.
4488,5629,1,4,52,57,1.105263157894737,0.04804583837764614,680,I just wish we could find a way to communicate without the claws.
3225,5629,0,6,51,57,1.105263157894737,0.04101019591968312,680,3D printed butter!?! Those hacks knew your rider clearly says ‘drawn’.
2160,5629,0,6,51,57,1.105263157894737,0.04101019591968312,680,"You've been really crabby today, Claude."
3146,5629,2,2,53,57,1.105263157894737,0.05417535418851449,680,I don’t care what you’re attorney says. That’s not what I meant by a pre-nuptial clause!
3189,5629,0,6,51,57,1.105263157894737,0.04101019591968312,680,One more pinch!
741,5629,0,6,51,57,1.105263157894737,0.04101019591968312,680,"I know you make an effort, but your foreplay just doesn’t work for me."
1037,5629,1,4,52,57,1.105263157894737,0.04804583837764614,680,"""We have relationship problems if I think of you as Santa Claws!"
1048,5629,0,6,51,57,1.105263157894737,0.04101019591968312,680,"Tinder said lobster boy, not lobster hands."
1162,5629,0,6,51,57,1.105263157894737,0.04101019591968312,680,I suppose this is your idea of grabbing something to eat.
1200,5629,0,6,51,57,1.105263157894737,0.04101019591968312,680,I hate when you call me crabby
1658,5629,0,6,51,57,1.105263157894737,0.04101019591968312,680,How are you balancing on your heels like that?!
1785,5629,0,6,51,57,1.105263157894737,0.04101019591968312,680,You're just trying to butter me up!
284,5629,0,6,51,57,1.105263157894737,0.04101019591968312,680,"I don't care how big that lobster was, I'm not calling you 'The Kraken."""
1884,5629,0,6,51,57,1.105263157894737,0.04101019591968312,680,"Costume, schmostume -- what are you trying to go as -- a little bit pregnant?"
1930,5629,1,4,52,57,1.105263157894737,0.04804583837764614,680,"OK, so ""red claws "" is now racist.  How is pincer grippers any better?"
2051,5629,0,6,51,57,1.105263157894737,0.04101019591968312,680,I dk not always ask for extra drawn butter.
2095,5629,0,6,51,57,1.105263157894737,0.04101019591968312,680,I just don't find your claim that no one's ever called you 'handsy' all that reassuring.
2217,5629,0,6,51,57,1.105263157894737,0.04101019591968312,680,You'll wear those until you learn not to pinch my cheek in public.
2360,5629,0,6,51,57,1.105263157894737,0.04101019591968312,680,"‘’I know I said I love lobster, but excuuusse me.”"
2844,5629,0,6,51,57,1.105263157894737,0.04101019591968312,680,"No, I  not going to discuss impeachment with you!"
1793,5629,0,6,51,57,1.105263157894737,0.04101019591968312,680,"Must you order the Surf and Turf every time?"""
6059,5667,0,6,52,58,1.103448275862069,0.04033776909417944,680,Well  I'm  a non-binary pescatarian
5358,5667,0,6,52,58,1.103448275862069,0.04033776909417944,680,keep your clammy hands off me
4961,5667,0,6,52,58,1.103448275862069,0.04033776909417944,680,Selfish doesn’t even begin to cover it Bub
4827,5667,0,6,52,58,1.103448275862069,0.04033776909417944,680,"You see ,you are  crabby!"
3686,5667,0,6,52,58,1.103448275862069,0.04033776909417944,680,"I admire your ambition, but clawing your way to the top isn't the way to go."""
3353,5667,0,6,52,58,1.103448275862069,0.04033776909417944,680,"No more pincer movements until we've seen the divorce lawyer, darling! And that's final, d' you hear me..."
134,5667,1,4,53,58,1.103448275862069,0.04724506633555822,680,"For the last time, I didn’t Catfish you."
3884,5667,0,6,52,58,1.103448275862069,0.04033776909417944,680,How many times do I have to tell you not to request drawn butter in a Sushi restaurant
3650,5675,1,3,48,52,1.0961538461538463,0.049580558825364524,680,"Honey, let's have lobster tonight for dinner  at our favorite restaurant.
Judith Morse 
San Francisco, California"
5023,5675,0,5,47,52,1.0961538461538463,0.04128055232750756,680,This is the last time you talk to me of your father after dessert !
4922,5675,0,5,47,52,1.0961538461538463,0.04128055232750756,680,Of course they're warm. They're filled with melted butter!
4566,5675,0,5,47,52,1.0961538461538463,0.04128055232750756,680,"I thought it was obvious, picking my nose comes with the package."
4495,5675,0,5,47,52,1.0961538461538463,0.04128055232750756,680,The first rule of Lobster Law Fight Club is: You do not talk about Lobster Claw Fight Club.
4393,5675,1,3,48,52,1.0961538461538463,0.049580558825364524,680,You never want to go to the Red Lobster!
4106,5675,0,5,47,52,1.0961538461538463,0.04128055232750756,680,"You collect shoes, I collect claws. That’s always been our deal."
5895,5675,0,5,47,52,1.0961538461538463,0.04128055232750756,680,That's the last time I'm going to a Jenga party with you.
3573,5675,1,3,48,52,1.0961538461538463,0.049580558825364524,680,Prepared to meet up with a giant squid on 23rd and Northern Ave. is really crazy thinking Nelson.
3907,5675,0,5,47,52,1.0961538461538463,0.04128055232750756,680,"Since I went dairy-free, your clarified butter obsession has veered out of control."
3179,5675,0,5,47,52,1.0961538461538463,0.04128055232750756,680,I can’t believe ordering the mussels was such a big deal
2430,5675,1,3,48,52,1.0961538461538463,0.049580558825364524,680,Clawing your way up the ladder is just an expression - no one takes it literally!
2165,5675,0,5,47,52,1.0961538461538463,0.04128055232750756,680,"No, I do not feel like surf & turf tonight."
1796,5675,0,5,47,52,1.0961538461538463,0.04128055232750756,680,Don’t be so stuck-up. I was only trying to give you a pinch.
1316,5675,0,5,47,52,1.0961538461538463,0.04128055232750756,680,"But Manhands, I did it for you!"
991,5675,0,5,47,52,1.0961538461538463,0.04128055232750756,680,"Well, you didn’t have to be so damned snippety to the Williams,  now did you."
452,5675,0,5,47,52,1.0961538461538463,0.04128055232750756,680,Tell them your real name.  People are too young to remember the Get Smart joke.
186,5675,1,3,48,52,1.0961538461538463,0.049580558825364524,680,You seem pretty crabby today
3188,5675,0,5,47,52,1.0961538461538463,0.04128055232750756,680,You had to be a surgeon? I told you psychiatry was where you should go.
3749,5694,2,1,50,53,1.0943396226415094,0.055627773285157625,680,I swear I didn’t grow these just so I didn’t have to hold your hand.
3823,5694,0,5,48,53,1.0943396226415094,0.04053480419091131,680,"I’m really steamed, and so should you be."
4006,5694,1,3,49,53,1.0943396226415094,0.04866990605836638,680,"I didn't want to believe chivalry was dead, but you don't even open doors for me!"
4717,5694,1,3,49,53,1.0943396226415094,0.04866990605836638,680,"Mother always said you were spineless. Stop cracking your knuckles. No, I wasn't buttering you up. Don't you snap at me. From now on, let's skip the foreplay, okay? At least they draw attention away from that stupid hipster beard."
5030,5694,0,5,48,53,1.0943396226415094,0.04053480419091131,680,I told you not to pray that one hand match the other
5925,5694,0,5,48,53,1.0943396226415094,0.04053480419091131,680,"Claws Up"" has really gotten out of han"
5339,5694,0,5,48,53,1.0943396226415094,0.04053480419091131,680,Why do you have to be such a crab!
5479,5694,0,5,48,53,1.0943396226415094,0.04053480419091131,680,I told you not to leave the rubber bands at home.
5906,5694,0,5,48,53,1.0943396226415094,0.04053480419091131,680,I said WHITE Claws are all the rage. WHITE.
3321,5694,0,5,48,53,1.0943396226415094,0.04053480419091131,680,lobster hands today I see!
6125,5694,1,3,49,53,1.0943396226415094,0.04866990605836638,680,You’re so shell fish sometimes!
5171,5694,2,1,50,53,1.0943396226415094,0.055627773285157625,680,I wish you wouldn't wear those since we're going to the lobster fest...
3151,5694,0,5,48,53,1.0943396226415094,0.04053480419091131,680,Well isn't she being a tad crabby.
4318,5694,1,3,49,53,1.0943396226415094,0.04866990605836638,680,When he's crabby
3047,5694,1,3,49,53,1.0943396226415094,0.04866990605836638,680,You can be so snippy sometimes!
2784,5694,0,5,48,53,1.0943396226415094,0.04053480419091131,680,I told you to let me do the pinch of salt in the cake batter!
2579,5694,1,3,49,53,1.0943396226415094,0.04866990605836638,680,You have some nerve to say that I'm crabby.
2287,5694,0,5,48,53,1.0943396226415094,0.04053480419091131,680,"Yes, I’ll get the Uber, again."
3098,5694,1,3,49,53,1.0943396226415094,0.04866990605836638,680,I could boil you alive.
1806,5694,0,5,48,53,1.0943396226415094,0.04053480419091131,680,My mother was right.  I should have married a squid.
1555,5694,0,5,48,53,1.0943396226415094,0.04053480419091131,680,If only I could find a pot big enough.
1204,5694,0,5,48,53,1.0943396226415094,0.04053480419091131,680,Your company's claw-back policy is very worrisome.
1154,5694,1,3,49,53,1.0943396226415094,0.04866990605836638,680,Honestly I don’t think you would be successful holding off muggers with those claws; but it’s a great outfit for the crab feast next week.
1143,5694,2,1,50,53,1.0943396226415094,0.055627773285157625,680,I'll never hold hands with you again.
1142,5694,1,3,49,53,1.0943396226415094,0.04866990605836638,680,The last guy I dated was all paws.
695,5694,0,5,48,53,1.0943396226415094,0.04053480419091131,680,"Geez, you're in a mood!"
479,5694,0,5,48,53,1.0943396226415094,0.04053480419091131,680,We'll see.
1712,5721,0,5,49,54,1.0925925925925926,0.03981542423923758,680,"Respect the drip, Karen."
2521,5722,0,5,51,56,1.0892857142857142,0.038450387280282515,680,"Every time we have an argument, you try to claw your way out of it."
5400,5723,1,3,54,58,1.0862068965517242,0.044575586536534074,680,"Don't think this prevents you from being too ""handsy""."
5692,5724,1,2,46,49,1.0816326530612246,0.049114044483651885,680,You even have a crabby attitude!
5661,5724,0,4,45,49,1.0816326530612246,0.03952023822660631,680,You’re grabbing unwanted attention.
5530,5724,1,2,46,49,1.0816326530612246,0.049114044483651885,680,I am NOT crabby. You're the one who's crabby.
5956,5724,0,4,45,49,1.0816326530612246,0.03952023822660631,680,Why the hell must you pretend to be a lobster?
5517,5724,0,4,45,49,1.0816326530612246,0.03952023822660631,680,I can't take you anywhere; ​must you always me so crabby?
5514,5724,1,2,46,49,1.0816326530612246,0.049114044483651885,680,You need to get a grip on your circumstances.
5201,5724,0,4,45,49,1.0816326530612246,0.03952023822660631,680,Don't you know I'm not colorblind?
5161,5724,1,2,46,49,1.0816326530612246,0.049114044483651885,680,You’re all thumbs “was not meant to be critica
5101,5724,0,4,45,49,1.0816326530612246,0.03952023822660631,680,I think a vegetarian restaurant would be the safest.
5090,5724,0,4,45,49,1.0816326530612246,0.03952023822660631,680,Getting  a little tired of seafood ...
4876,5724,1,2,46,49,1.0816326530612246,0.049114044483651885,680,Hey - you’re acting a little nippy
4742,5724,1,2,46,49,1.0816326530612246,0.049114044483651885,680,"I told you, no more Jordan Peterson podcasts!"
4606,5724,0,4,45,49,1.0816326530612246,0.03952023822660631,680,I'm not a cannibal. I just wanted a lobster roll.
4319,5724,0,4,45,49,1.0816326530612246,0.03952023822660631,680,"the mans thinking ""I don't know if I should mention she gave me crabs, she looks a little upset rn"""
3931,5724,1,2,46,49,1.0816326530612246,0.049114044483651885,680,There's no need to get snippy with me.
3771,5724,1,2,46,49,1.0816326530612246,0.049114044483651885,680,"Look, I told you she wouldn't like that 'choke me daddy' thing."
754,5724,0,4,45,49,1.0816326530612246,0.03952023822660631,680,I feel you snapped at me.
2936,5724,0,4,45,49,1.0816326530612246,0.03952023822660631,680,Remember when you said you'd give your right arm to go out with me?
2938,5724,0,4,45,49,1.0816326530612246,0.03952023822660631,680,"Talk about conspicuous consumption! Everyone knows you are rich enough to afford a ten pound lobster, Jeffrey."
592,5724,0,4,45,49,1.0816326530612246,0.03952023822660631,680,I'm not sure which side of your family is worse: those bottom feeders or the lobsters.
633,5724,0,4,45,49,1.0816326530612246,0.03952023822660631,680,Now I'm not so sure gun control was a good idea!
871,5724,1,2,46,49,1.0816326530612246,0.049114044483651885,680,Drown butter keeps me satisfied
879,5724,0,4,45,49,1.0816326530612246,0.03952023822660631,680,If this continues I will put him in a pot of boiling water
888,5724,0,4,45,49,1.0816326530612246,0.03952023822660631,680,I know you clawed your way to the top of the company but why does my mother need to know?
314,5724,0,4,45,49,1.0816326530612246,0.03952023822660631,680,<u>I'm</u> crabby?
1454,5724,0,4,45,49,1.0816326530612246,0.03952023822660631,680,You never want to hold my hand.
1525,5724,0,4,45,49,1.0816326530612246,0.03952023822660631,680,Is that the only reason why you ordered lobster?
1767,5724,1,2,46,49,1.0816326530612246,0.049114044483651885,680,"I'm sorry, but I like my costume. I don't want to dress as a couple. Doesn't mean you need to get all sad"
1921,5724,1,2,46,49,1.0816326530612246,0.049114044483651885,680,"Claus"", you clod"
2591,5724,0,4,45,49,1.0816326530612246,0.03952023822660631,680,I think the Shark Tank will eat your claws alive.
2729,5724,0,4,45,49,1.0816326530612246,0.03952023822660631,680,"I know...I know: when God passed out hands, I thought he sad cans."
920,5724,0,4,45,49,1.0816326530612246,0.03952023822660631,680,"When I told you to ""get a grip"", that is not what I had in mind."
4360,5756,1,2,47,50,1.08,0.04814942727529348,680,I feel like your hobbies are taking up more and more of our free time.
4315,5756,0,4,46,50,1.08,0.03875617133214439,680,Prepared for shopping!
4041,5756,1,2,47,50,1.08,0.04814942727529348,680,I clearly asked you to bring *white claws*
3982,5756,0,4,46,50,1.08,0.03875617133214439,680,That lobster joint on Amsterdam is no knock-out.
3464,5756,0,4,46,50,1.08,0.03875617133214439,680,"It's just taxation carren, it’s just taxation."
1940,5756,0,4,46,50,1.08,0.03875617133214439,680,That's not what I meant by 'Let's get some White Claws'.
2421,5756,0,4,46,50,1.08,0.03875617133214439,680,"I don't get why you have to be so selfish, Dave."
2030,5756,1,2,47,50,1.08,0.04814942727529348,680,So you were abducted by lobster like Aliens and you both decided to exchange hands?  Seriously?
901,5756,0,4,46,50,1.08,0.03875617133214439,680,"If you quit wearing those, I'll stop calling you crabby!"
97,5756,0,4,46,50,1.08,0.03875617133214439,680,Keep moving! My hands are small and ugly and allergic and..!! May be just hide them!
5241,5756,0,4,46,50,1.08,0.03875617133214439,680,"It’s okay. The doctor said it’s lobster, not crabs."
3018,5756,0,4,46,50,1.08,0.03875617133214439,680,Why do I always get crabby when we go out together?
5950,5756,0,4,46,50,1.08,0.03875617133214439,680,"I can't butter you up every time you get steamed, Larry!"
3724,5769,0,4,47,51,1.0784313725490196,0.03802101848953984,680,I'm just not a fan of PDA.
3284,5769,0,4,47,51,1.0784313725490196,0.03802101848953984,680,And here I thought you were just crabby!
4808,5769,0,4,47,51,1.0784313725490196,0.03802101848953984,680,"Genetic testing, genetic testing, who'd have thought?"
837,5769,0,4,47,51,1.0784313725490196,0.03802101848953984,680,"Next time, just ask Crabby Jack's for a doggie bag........"
2316,5769,1,2,48,51,1.0784313725490196,0.04722193952467567,680,What exactly are you trying to say? Lobster claw gloves?
1002,5774,0,4,48,52,1.0769230769230769,0.03731317308251277,680,"Admit it, you were caught red-handed reaching into the lobster tank."
3867,5774,0,4,48,52,1.0769230769230769,0.03731317308251277,680,It's your fault that the therapist had to prescribe those anti-gropers.
4877,5774,0,4,48,52,1.0769230769230769,0.03731317308251277,680,They brought melted butter and a mallet with the bread. We won’t be eating there again!
5051,5774,0,4,48,52,1.0769230769230769,0.03731317308251277,680,"George, you have to stop pinching strange women!"
1356,5778,0,4,50,54,1.0740740740740742,0.035973550457676445,680,"Yes, I wanted you to meet my mother, but you just not have hugged her!"
3909,5779,0,3,43,46,1.065217391304348,0.03680702927304431,680,I’m tired of you always being so crabby!
3918,5779,0,3,43,46,1.065217391304348,0.03680702927304431,680,You're stuck in your claw again.
4072,5779,0,3,43,46,1.065217391304348,0.03680702927304431,680,You know what your problem is? You're just so crabby.
4102,5779,0,3,43,46,1.065217391304348,0.03680702927304431,680,I can’t tell who’s the crabbier one in this relationship.
4107,5779,0,3,43,46,1.065217391304348,0.03680702927304431,680,"If I hear you quote Prufrock one more time, I’ll put
them to
good use!"
4236,5779,0,3,43,46,1.065217391304348,0.03680702927304431,680,And don't think you can your claws into me when were home
4168,5779,0,3,43,46,1.065217391304348,0.03680702927304431,680,"You call those lobster hands?
Why I’m my day, those are not enough"
4229,5779,0,3,43,46,1.065217391304348,0.03680702927304431,680,How was I supposed to know you don't like seafood?
3888,5779,0,3,43,46,1.065217391304348,0.03680702927304431,680,I told you the water was boiling  hot
4272,5779,0,3,43,46,1.065217391304348,0.03680702927304431,680,Tell me! Is it me? Wy don't you touch me anymore?
4323,5779,0,3,43,46,1.065217391304348,0.03680702927304431,680,"I don't know Mark, sometimes I feel like you're getting your claws into me."
4151,5779,0,3,43,46,1.065217391304348,0.03680702927304431,680,"Again, it’s ‘Sheila,’ not ‘chela.’"
3886,5779,0,3,43,46,1.065217391304348,0.03680702927304431,680,"Yes, I've heard of chimeras but I never thought ..."
3673,5779,1,1,44,46,1.065217391304348,0.04817614532925987,680,This doesn’t get you out of  that list of chores you said you’d finish Saturday.
3781,5779,0,3,43,46,1.065217391304348,0.03680702927304431,680,"Yeah, you're right, you win, you wore your costume until the next Halloween."
4394,5779,0,3,43,46,1.065217391304348,0.03680702927304431,680,Why do you have to be so crabby today?
3653,5779,0,3,43,46,1.065217391304348,0.03680702927304431,680,I really don't think Jordan Peterson has been a good influence on you.
3627,5779,0,3,43,46,1.065217391304348,0.03680702927304431,680,"It's not cool to pinch women these days, Brad."
3528,5779,0,3,43,46,1.065217391304348,0.03680702927304431,680,I told you not to wear shorts tonight!
3519,5779,0,3,43,46,1.065217391304348,0.03680702927304431,680,You never told me you were a clawset pescatarian!!!
3485,5779,0,3,43,46,1.065217391304348,0.03680702927304431,680,I told you that Red Lobster had a ton of health code violations.
3461,5779,0,3,43,46,1.065217391304348,0.03680702927304431,680,Come on darling. Unfold your beautiful Scorpio hands too
3447,5779,1,1,44,46,1.065217391304348,0.04817614532925987,680,"We are not visiting the president, only my mother"
3437,5779,0,3,43,46,1.065217391304348,0.03680702927304431,680,Crabs! Really?
3406,5779,0,3,43,46,1.065217391304348,0.03680702927304431,680,I get it. You're feeling crabby today
3383,5779,0,3,43,46,1.065217391304348,0.03680702927304431,680,Since when are you the one that clams up?
3788,5779,0,3,43,46,1.065217391304348,0.03680702927304431,680,"Honey, I told you that special lobster diet wouldn't work, and by the way, keep your claws off me"
4477,5779,0,3,43,46,1.065217391304348,0.03680702927304431,680,"When I said you never lay a hand on me, you didn't have to go to this to prove me right."
4667,5779,0,3,43,46,1.065217391304348,0.03680702927304431,680,I am sick of you tying to claw your way to the top. No one want someone who wears shorts.
4589,5779,0,3,43,46,1.065217391304348,0.03680702927304431,680,"You pawed her, and she clawed you?!"
6085,5779,0,3,43,46,1.065217391304348,0.03680702927304431,680,You’re shho shhelfish.
6029,5779,0,3,43,46,1.065217391304348,0.03680702927304431,680,You're dead meat if I catch you pinching women again.
6026,5779,0,3,43,46,1.065217391304348,0.03680702927304431,680,Quit telling people your name is Claude Baughs.
5935,5779,0,3,43,46,1.065217391304348,0.03680702927304431,680,Some say I am the missing link from the Early Crustacean Period.
5852,5779,0,3,43,46,1.065217391304348,0.03680702927304431,680,Oh no! You wouldn't listen when they said you were allergic to lobster!
5771,5779,0,3,43,46,1.065217391304348,0.03680702927304431,680,You really aren't looking at the upside.
5756,5779,0,3,43,46,1.065217391304348,0.03680702927304431,680,"Without accurate Tinder pics, how was I supposed to know 'claw back specialist' didn't mean 'refund specialist.'"
5677,5779,0,3,43,46,1.065217391304348,0.03680702927304431,680,"I did mention before your interview that to be a boxing ref, you must be capable of counting to 10 !"
5668,5779,0,3,43,46,1.065217391304348,0.03680702927304431,680,"So  before we pick a place, do you never eat seafood, or do you always eat seafood? The claws could go either way."
5627,5779,0,3,43,46,1.065217391304348,0.03680702927304431,680,Well I don't consider them creature comforts.
5584,5779,0,3,43,46,1.065217391304348,0.03680702927304431,680,Have you forgotten the clause in our agreement regarding hands-off any crustaceous activity?
5559,5779,0,3,43,46,1.065217391304348,0.03680702927304431,680,"I’m just so tired of you snapping at me, Darren..."
4534,5779,0,3,43,46,1.065217391304348,0.03680702927304431,680,"I'm not that surprised, Jason. You have seen "" LobsterMan vs. The Avengers "" something like 13 times already this month."
5518,5779,0,3,43,46,1.065217391304348,0.03680702927304431,680,I hope the 'non-compete claws' pun was worth half our income.
5399,5779,0,3,43,46,1.065217391304348,0.03680702927304431,680,Taking the B-52’s groupie to a new level. Don’t you think!?
5311,5779,1,1,44,46,1.065217391304348,0.04817614532925987,680,A crabby spouse is like a barking lobster : irritable and quiet.
5263,5779,0,3,43,46,1.065217391304348,0.03680702927304431,680,Drawn butter??  You cannot be serious!
5253,5779,1,1,44,46,1.065217391304348,0.04817614532925987,680,An anniversary gift! Really?
5187,5779,0,3,43,46,1.065217391304348,0.03680702927304431,680,Well....I guess he'll do in a pinch.
5127,5779,1,1,44,46,1.065217391304348,0.04817614532925987,680,. . . if only you weren't quite so grasping . . .
5021,5779,0,3,43,46,1.065217391304348,0.03680702927304431,680,I wish you wouldn't be so crabby all the time.
4960,5779,0,3,43,46,1.065217391304348,0.03680702927304431,680,I told you my Dad was difficult to hang out
4724,5779,0,3,43,46,1.065217391304348,0.03680702927304431,680,Last time I'm taking you to a Lanthimos-directed movie
4704,5779,0,3,43,46,1.065217391304348,0.03680702927304431,680,I told you not to stick your claws in the boiling water!
4691,5779,0,3,43,46,1.065217391304348,0.03680702927304431,680,You didn't tell me you had a side hustle as a lobster!
3306,5779,0,3,43,46,1.065217391304348,0.03680702927304431,680,I told you not to shake my father’s hand.
5490,5779,0,3,43,46,1.065217391304348,0.03680702927304431,680,At least you got it on your hands
3277,5779,0,3,43,46,1.065217391304348,0.03680702927304431,680,With all the lobster you eat you’ll turn into Grady Stiles.
6107,5779,0,3,43,46,1.065217391304348,0.03680702927304431,680,Your profile did say you werendc-4c20-a812-f7bbe1d52ea5%22%2C%22session_count%22:1%2C%22last_session_ts%22:1571023542684}
2928,5779,0,3,43,46,1.065217391304348,0.03680702927304431,680,I thought the job description said Rock Lobster
1164,5779,0,3,43,46,1.065217391304348,0.03680702927304431,680,Look on the bright side... I'm a shoo-in for the lobster shift!
1155,5779,1,1,44,46,1.065217391304348,0.04817614532925987,680,What were you thinking?  You know  I don’t like shellfish.
1137,5779,0,3,43,46,1.065217391304348,0.03680702927304431,680,Must you always go around clawing the women?
1062,5779,0,3,43,46,1.065217391304348,0.03680702927304431,680,You’ve got a lot of nerve calling Me crabby!
969,5779,1,1,44,46,1.065217391304348,0.04817614532925987,680,I don't care..Humans have one night stands
959,5779,0,3,43,46,1.065217391304348,0.03680702927304431,680,I asked you to keep your claws to yourself!
927,5779,1,1,44,46,1.065217391304348,0.04817614532925987,680,I don’t like the way you grab me these days.
898,5779,0,3,43,46,1.065217391304348,0.03680702927304431,680,"Sabrina, I didn't mean it literally when I said I'll have the lobster claws."
830,5779,0,3,43,46,1.065217391304348,0.03680702927304431,680,Those aren’t even stylish on The Cape after Labor Day
822,5779,0,3,43,46,1.065217391304348,0.03680702927304431,680,At least the next time he tries to cop a feel I will have proof
806,5779,0,3,43,46,1.065217391304348,0.03680702927304431,680,"I am aware it said, ""All you can eat."""
748,5779,0,3,43,46,1.065217391304348,0.03680702927304431,680,I know you want too... but you can’t use our friends hot tub.
1238,5779,0,3,43,46,1.065217391304348,0.03680702927304431,680,"Yes it was rude, but you knew it was a hot-tub party!"
747,5779,0,3,43,46,1.065217391304348,0.03680702927304431,680,"i'm never going to another wrestling match again, i don't care if the Claw is appearing or not!"
673,5779,0,3,43,46,1.065217391304348,0.03680702927304431,680,"If you wouldn't be so grabby, maybe I'd take my clothes off."
634,5779,0,3,43,46,1.065217391304348,0.03680702927304431,680,"No, it was not the best part. It was just the gift shop."
583,5779,0,3,43,46,1.065217391304348,0.03680702927304431,680,My last boyfriend was emotionally clawing.
570,5779,1,1,44,46,1.065217391304348,0.04817614532925987,680,That's not what it means with the recipe calls for 'just a pinch'!
374,5779,0,3,43,46,1.065217391304348,0.03680702927304431,680,There are any number of ways you could have proved they could without pissing me off.
364,5779,0,3,43,46,1.065217391304348,0.03680702927304431,680,Being shellfish grants morality claws for divorce.
338,5779,0,3,43,46,1.065217391304348,0.03680702927304431,680,You are walking the wrong way for all your crawfishing!
164,5779,0,3,43,46,1.065217391304348,0.03680702927304431,680,"Carl, you and I both know it was a pinch."
161,5779,0,3,43,46,1.065217391304348,0.03680702927304431,680,"Ignoring the foam hands for a second, and that you wore them to a Broadway show, ""Fiddler Crabs on the Roof"" isn't even a thing, for so many reasons."
154,5779,0,3,43,46,1.065217391304348,0.03680702927304431,680,"Sorry, I am just not taking the chance of getting crabs!"
100,5779,0,3,43,46,1.065217391304348,0.03680702927304431,680,I still don't understand why you can't hold my hand in public.
75,5779,0,3,43,46,1.065217391304348,0.03680702927304431,680,Pinch me again and before you can say Edward Crustaceanhands you’re gonna find yourself in the world's biggest lobster pot!
736,5779,1,1,44,46,1.065217391304348,0.04817614532925987,680,You did pinch me. You Mainers are all alike.
1282,5779,1,1,44,46,1.065217391304348,0.04817614532925987,680,"This was going to be date night. Now I see that after we eat, you will be playing crabman at the weekly D&D gettogether."
1298,5779,0,3,43,46,1.065217391304348,0.03680702927304431,680,We said we were going window shopping...
1308,5779,0,3,43,46,1.065217391304348,0.03680702927304431,680,I just wish you could be a little less snappy!”
2880,5779,0,3,43,46,1.065217391304348,0.03680702927304431,680,"Next time please don't take my gloves, understand !"
2793,5779,0,3,43,46,1.065217391304348,0.03680702927304431,680,"I still can't believe they went with Colin Farrell over you!"""
2762,5779,0,3,43,46,1.065217391304348,0.03680702927304431,680,"Kevin, I asked you to get me WHITE claws...!"
2737,5779,0,3,43,46,1.065217391304348,0.03680702927304431,680,"When I said, ""Take your paws off me,"" you knew exactly what I meant."
2595,5779,0,3,43,46,1.065217391304348,0.03680702927304431,680,"You push that ""You are what you eat"" motto a bit too far."
2543,5779,0,3,43,46,1.065217391304348,0.03680702927304431,680,"I don't care if you're 'wired this way,' quit pinching the staff!!"
2510,5779,0,3,43,46,1.065217391304348,0.03680702927304431,680,"You don’t have to be this attention seeking, you know?"
2408,5779,0,3,43,46,1.065217391304348,0.03680702927304431,680,At least you don’t have to worry about weekly manicures.
2384,5779,0,3,43,46,1.065217391304348,0.03680702927304431,680,Sorry!  I just wished you were more like Claude.
2378,5779,0,3,43,46,1.065217391304348,0.03680702927304431,680,I wish you wouldn’t be so touchy Feely
2337,5779,0,3,43,46,1.065217391304348,0.03680702927304431,680,"Oh great, here comes the pre-nup claws!"
2273,5779,1,1,44,46,1.065217391304348,0.04817614532925987,680,This is not what I meant when I said I would like you to be a bit more clingy from time to time.
2256,5779,0,3,43,46,1.065217391304348,0.03680702927304431,680,I hope they don’t think I’m a kleptomaniac
2159,5779,0,3,43,46,1.065217391304348,0.03680702927304431,680,This is not funny Omar.
2146,5779,0,3,43,46,1.065217391304348,0.03680702927304431,680,You better hope I don't get crabs.
2121,5779,1,1,44,46,1.065217391304348,0.04817614532925987,680,With your condition you know you should avoid boiling water.
2083,5779,0,3,43,46,1.065217391304348,0.03680702927304431,680,You seem crabby today.
2014,5779,0,3,43,46,1.065217391304348,0.03680702927304431,680,It’s unfair. I didn’t say filthy witch.
1985,5779,0,3,43,46,1.065217391304348,0.03680702927304431,680,I guess they’re better than my old boyfriend’s “meat hooks”
1950,5779,0,3,43,46,1.065217391304348,0.03680702927304431,680,You didn't even grab her this time.
1707,5779,1,1,44,46,1.065217391304348,0.04817614532925987,680,"I kept telling you, mind the seafood, and now our trip to the coast has to be cancelled."
1575,5779,0,3,43,46,1.065217391304348,0.03680702927304431,680,You could've at least painted my dress too
1566,5779,1,1,44,46,1.065217391304348,0.04817614532925987,680,Don’t be such a crab about it
1514,5779,0,3,43,46,1.065217391304348,0.03680702927304431,680,As a matter of fact I'm not happy! Your dating profile never mentioned you had lobster hands!
1464,5779,0,3,43,46,1.065217391304348,0.03680702927304431,680,"And with most men, the problem is that they’re ‘all hands’..."
1383,5779,1,1,44,46,1.065217391304348,0.04817614532925987,680,and you can keep your claws to yourself
1368,5779,1,1,44,46,1.065217391304348,0.04817614532925987,680,I’m never going to Red Lobster again - and neither are you...
3041,5779,0,3,43,46,1.065217391304348,0.03680702927304431,680,You’ll be hearing from my gynecologist.
5286,5897,1,1,45,47,1.0638297872340425,0.0471603962868858,680,"You’ll be safe at the seafood restaurant tonight, honey.  They say that the large ones are too tough!"
3718,5898,0,3,45,48,1.0625,0.035308292679127,680,Please do not pinch me again like that in public.
2157,5898,1,1,46,48,1.0625,0.04618658197582853,680,I thought they were everyone's favorite.
2695,5900,1,1,47,49,1.0612244897959184,0.045252158828741736,680,"Immersion therapy for my clau-strophobia? Now, I'm just crabby."
1565,5901,0,3,47,50,1.06,0.033926691677251195,680,When your girlfriend has that time of month and she does not want you to touch her.
5091,5902,0,3,48,51,1.0588235294117647,0.0332756132323081,680,The claw back of your bonus isn't funny.
3280,5903,0,3,52,55,1.0545454545454545,0.030903148567228995,680,You're taking Jordan Peterson way too literally.
4570,5904,0,2,41,43,1.0465116279069768,0.03249479679096613,680,"If you pinch my fanny one more time, you're really going to be in hot water when we get home!"
4111,5904,0,2,41,43,1.0465116279069768,0.03249479679096613,680,I wasn’t asking if you were literally a catfish.
4080,5904,0,2,41,43,1.0465116279069768,0.03249479679096613,680,"Dinner is served, honey."
4076,5904,1,0,42,43,1.0465116279069768,0.046511627906976744,680,You are looking sooo claimable
4049,5904,0,2,41,43,1.0465116279069768,0.03249479679096613,680,I can’t believe we spent $20 on those things at that salad bar.
4019,5904,0,2,41,43,1.0465116279069768,0.03249479679096613,680,You butter not pinch me again
3919,5904,0,2,41,43,1.0465116279069768,0.03249479679096613,680,I just can't make up my mind if your crustaceous extremities will match my new outfit or not.
3922,5904,0,2,41,43,1.0465116279069768,0.03249479679096613,680,Foreplay isn't what it used to be.
4150,5904,0,2,41,43,1.0465116279069768,0.03249479679096613,680,"Let’s go to couples counseling, he says...."
3904,5904,0,2,41,43,1.0465116279069768,0.03249479679096613,680,"My sister said you were crabby, but shellfish too? Ugh."
3860,5904,0,2,41,43,1.0465116279069768,0.03249479679096613,680,At least I’m not a furry...
4013,5904,0,2,41,43,1.0465116279069768,0.03249479679096613,680,"I knew the dollar store was not a good idea"""
4204,5904,0,2,41,43,1.0465116279069768,0.03249479679096613,680,Do you really expect me to believe this was your lawyer’s idea?
4274,5904,0,2,41,43,1.0465116279069768,0.03249479679096613,680,You’ve been so snappish lately...
3850,5904,0,2,41,43,1.0465116279069768,0.03249479679096613,680,"Honey, what's the matter?"" ""You're just so shellfish."
4282,5904,0,2,41,43,1.0465116279069768,0.03249479679096613,680,I didn't ask for a supervillain in this relationship.
4311,5904,0,2,41,43,1.0465116279069768,0.03249479679096613,680,"For you to do this, just because you thought I was going to buy you gloves again..."""
4331,5904,0,2,41,43,1.0465116279069768,0.03249479679096613,680,"Thanks to you, we were caught red-handed."
4356,5904,0,2,41,43,1.0465116279069768,0.03249479679096613,680,I should have heeded my girlfriend's warning about you being all claws.
4388,5904,0,2,41,43,1.0465116279069768,0.03249479679096613,680,No!  I won't give you a hug.
4448,5904,0,2,41,43,1.0465116279069768,0.03249479679096613,680,You're always so crabby on date night.
4462,5904,0,2,41,43,1.0465116279069768,0.03249479679096613,680,Yes I got your text. What the hell is ogtcg9otupiu?
6157,5904,0,2,41,43,1.0465116279069768,0.03249479679096613,680,You think I’m the one who can’t feel intimacy?
4508,5904,1,0,42,43,1.0465116279069768,0.046511627906976744,680,"Geez Gary, you watch one episode of Friends and now this is who you are?"
4518,5904,0,2,41,43,1.0465116279069768,0.03249479679096613,680,"I've been catfished before, but this is rediculous!"""
4552,5904,0,2,41,43,1.0465116279069768,0.03249479679096613,680,You are such a crab.
4260,5904,0,2,41,43,1.0465116279069768,0.03249479679096613,680,"No, we are not moving to Maine and this 
‘Crush and Seize manifestation exercise
is getting totally out of hand."
3839,5904,0,2,41,43,1.0465116279069768,0.03249479679096613,680,I'm going home alone. You've been clawing at me all night!
3352,5904,0,2,41,43,1.0465116279069768,0.03249479679096613,680,You're there.  You don't need the crabby import.
3760,5904,0,2,41,43,1.0465116279069768,0.03249479679096613,680,Everything I touch turns to crab.
3358,5904,0,2,41,43,1.0465116279069768,0.03249479679096613,680,Imagine if you had ordered the Napoleon for dessert!
3360,5904,0,2,41,43,1.0465116279069768,0.03249479679096613,680,"Honey, yes you may feel safer this way but so do lobsters after their rubber bands are removed..."
3377,5904,0,2,41,43,1.0465116279069768,0.03249479679096613,680,"No, you can't claw your way back into our relationship."
3381,5904,1,0,42,43,1.0465116279069768,0.046511627906976744,680,It’s not Halloween yet and you are already snapping!
3385,5904,0,2,41,43,1.0465116279069768,0.03249479679096613,680,"We used to be close, hold hands. Now I just pretend I don’t know him."
3407,5904,0,2,41,43,1.0465116279069768,0.03249479679096613,680,"When I said i want lobster for dinner, I did not mean this...."
3422,5904,1,0,42,43,1.0465116279069768,0.046511627906976744,680,You think you're steamed?
3423,5904,0,2,41,43,1.0465116279069768,0.03249479679096613,680,I hate crabby hands! All they're good for is grabbing you.
3432,5904,0,2,41,43,1.0465116279069768,0.03249479679096613,680,I told you to keep your clammy hands off me.
3441,5904,0,2,41,43,1.0465116279069768,0.03249479679096613,680,"White claws don't have foam, Dan."
3452,5904,0,2,41,43,1.0465116279069768,0.03249479679096613,680,Spare a doller for a Crust-Bum?
3549,5904,0,2,41,43,1.0465116279069768,0.03249479679096613,680,It give me Paws for concern!
3551,5904,0,2,41,43,1.0465116279069768,0.03249479679096613,680,"Let it go honey, it's not as bad as the Mites touch."
3577,5904,1,0,42,43,1.0465116279069768,0.046511627906976744,680,"No, you're NOT my lobster, Mark."""
3582,5904,0,2,41,43,1.0465116279069768,0.03249479679096613,680,Is something wrong? You're looking steamed.
3612,5904,0,2,41,43,1.0465116279069768,0.03249479679096613,680,"Won't get ME into hot water,"" you said. ""Hah!"
3618,5904,0,2,41,43,1.0465116279069768,0.03249479679096613,680,You're not clawing back that prenup!
3623,5904,1,0,42,43,1.0465116279069768,0.046511627906976744,680,They're not an excuse to pinch my butt.
3636,5904,0,2,41,43,1.0465116279069768,0.03249479679096613,680,"Yes, I saw the movie, amd no, I'm not going with you."
3640,5904,0,2,41,43,1.0465116279069768,0.03249479679096613,680,... and after you'd repaired washing machine the drum started to circle in opposite side.
3711,5904,0,2,41,43,1.0465116279069768,0.03249479679096613,680,"We've seen ""The Giant Claw"" a hundred times.  Tonight it's ""Mamma Mia"" or I'm leaving you."
3725,5904,0,2,41,43,1.0465116279069768,0.03249479679096613,680,I said you should try White Claw.
3728,5904,0,2,41,43,1.0465116279069768,0.03249479679096613,680,There's no such clause in our marriage contract.
3741,5904,0,2,41,43,1.0465116279069768,0.03249479679096613,680,I feel clawful for you.
3751,5904,0,2,41,43,1.0465116279069768,0.03249479679096613,680,Let me guess—another night of grab and go?
3792,5904,0,2,41,43,1.0465116279069768,0.03249479679096613,680,"I'm sorry I ordered the lobster paté,but you have to understand that I'm a human."
4612,5904,0,2,41,43,1.0465116279069768,0.03249479679096613,680,I’m not adding your new claws to our relationship agreement.
5409,5904,0,2,41,43,1.0465116279069768,0.03249479679096613,680,I hate how you never follow through.
4627,5904,0,2,41,43,1.0465116279069768,0.03249479679096613,680,"What possessed you to say ""lobster claws!""  to that genie?"
5412,5904,0,2,41,43,1.0465116279069768,0.03249479679096613,680,Are you sure you clicked  “Save in iCloud”?
5417,5904,1,0,42,43,1.0465116279069768,0.046511627906976744,680,"So,your name isn't ""Claude""?"
5447,5904,1,0,42,43,1.0465116279069768,0.046511627906976744,680,And I thought you were a good catch.
5466,5904,0,2,41,43,1.0465116279069768,0.03249479679096613,680,"With global warming effects on the fisheries, I bet you're quite concerned about your family's future?"
5508,5904,0,2,41,43,1.0465116279069768,0.03249479679096613,680,So you're telling me every one of the high priced lawyers I had on the call misunderstood you about the amended clause.
5510,5904,0,2,41,43,1.0465116279069768,0.03249479679096613,680,"Louie, why are you being so crabby?"
5535,5904,0,2,41,43,1.0465116279069768,0.03249479679096613,680,You weren't supposed to take those.
5541,5904,0,2,41,43,1.0465116279069768,0.03249479679096613,680,You're a glad-hander crustacean and nothing more!
5591,5904,0,2,41,43,1.0465116279069768,0.03249479679096613,680,How many times have I told you the tail is the best part!
5609,5904,0,2,41,43,1.0465116279069768,0.03249479679096613,680,Was it necessary to show everyone you're a hick from downeast Maine?
5631,5904,1,0,42,43,1.0465116279069768,0.046511627906976744,680,"Yeah, well, you could have asked me if I wanted lobster hand transplants too."
5670,5904,0,2,41,43,1.0465116279069768,0.03249479679096613,680,This won't make Tom Brady notice you.
5344,5904,0,2,41,43,1.0465116279069768,0.03249479679096613,680,"Don’t ever lay your claws on me either!”

Robert Mayer, Warsaw, IN.
Rmayer4399@comcast.ne"
5745,5904,0,2,41,43,1.0465116279069768,0.03249479679096613,680,I can’t believe they don’t serve lobster claw!
5820,5904,0,2,41,43,1.0465116279069768,0.03249479679096613,680,Have you tried dating on Snappy dot com?
5845,5904,0,2,41,43,1.0465116279069768,0.03249479679096613,680,"C'mon, Larry, get a grip."
5875,5904,0,2,41,43,1.0465116279069768,0.03249479679096613,680,"""I'm not with you in your craven and premature urge to readapt to aquatic life..."""
5877,5904,0,2,41,43,1.0465116279069768,0.03249479679096613,680,She says” keep your hands to yourself and we will have a great night”.
5884,5904,0,2,41,43,1.0465116279069768,0.03249479679096613,680,Every time we visit my parents you get so snappish.
5939,5904,0,2,41,43,1.0465116279069768,0.03249479679096613,680,You've got some nerve telling ME I'm being crabby!
6009,5904,0,2,41,43,1.0465116279069768,0.03249479679096613,680,This is so not what I meant when I told you to get over your White Claw obsession.
6040,5904,0,2,41,43,1.0465116279069768,0.03249479679096613,680,"When I searched for someone who could get a good grip on things, this is not what I had in mind."
6054,5904,0,2,41,43,1.0465116279069768,0.03249479679096613,680,You should have told me you had crabs
6081,5904,0,2,41,43,1.0465116279069768,0.03249479679096613,680,"I’m sorry, but playing 60s theme songs..?
A castanet player you’ll never be"
6110,5904,0,2,41,43,1.0465116279069768,0.03249479679096613,680,I didn't like how you snapped at me!
3343,5904,0,2,41,43,1.0465116279069768,0.03249479679096613,680,Again with the glove shopping?
5778,5904,0,2,41,43,1.0465116279069768,0.03249479679096613,680,"You may be feeling crabby, but you won't claw your way out of this one."
4625,5904,0,2,41,43,1.0465116279069768,0.03249479679096613,680,You’ve given caught red handed an entirely new meaning.
5317,5904,0,2,41,43,1.0465116279069768,0.03249479679096613,680,You're not the only one who's steamed
5296,5904,0,2,41,43,1.0465116279069768,0.03249479679096613,680,"I am not interesting in having anyone try to claw their way into my heart, thank you very much."
4679,5904,0,2,41,43,1.0465116279069768,0.03249479679096613,680,Don’t even think it.  No clawing out of this mess.
4686,5904,0,2,41,43,1.0465116279069768,0.03249479679096613,680,Does that mean the lobster got your hand?
4712,5904,0,2,41,43,1.0465116279069768,0.03249479679096613,680,So now they all know you hate meat.
4797,5904,0,2,41,43,1.0465116279069768,0.03249479679096613,680,"If you weren’t so shellfish, maybe this relationship would work."
4822,5904,0,2,41,43,1.0465116279069768,0.03249479679096613,680,"Yes, I love FRIENDS, too, but that doesn’t Mean your “my lobster.”"
4896,5904,0,2,41,43,1.0465116279069768,0.03249479679096613,680,There's nothing funny about your hands!
4908,5904,0,2,41,43,1.0465116279069768,0.03249479679096613,680,"I said I love the crab claws at Onnyoo Grill, not on you!"
4923,5904,0,2,41,43,1.0465116279069768,0.03249479679096613,680,Huh! Don’t think you are going to claw your way back.
4925,5904,0,2,41,43,1.0465116279069768,0.03249479679096613,680,If this is what you wanted all along I suppose I should feel vindicated...
4967,5904,0,2,41,43,1.0465116279069768,0.03249479679096613,680,You’re  always snapping at me.
5006,5904,1,0,42,43,1.0465116279069768,0.046511627906976744,680,Why men great 'til they gotta be great.
5088,5904,0,2,41,43,1.0465116279069768,0.03249479679096613,680,You're awfully cocksure for a two-legged lobster. I might rather marry a mobster.
5301,5904,0,2,41,43,1.0465116279069768,0.03249479679096613,680,I can’t believe you’re comparing your ‘White Claw identity’ to gender fluidity.
5105,5904,0,2,41,43,1.0465116279069768,0.03249479679096613,680,This John -Claude Van Damme thing has gone too far.
5141,5904,0,2,41,43,1.0465116279069768,0.03249479679096613,680,"Next time, skip the handshake."
5144,5904,0,2,41,43,1.0465116279069768,0.03249479679096613,680,I knew my parents wouldn’t approve. So what if you’re not kosher?
5156,5904,0,2,41,43,1.0465116279069768,0.03249479679096613,680,"No, I’m not going to hold your Halloween candy bag for you."
5157,5904,0,2,41,43,1.0465116279069768,0.03249479679096613,680,"I'm not changing my menu, regardless of your hints."
5173,5904,0,2,41,43,1.0465116279069768,0.03249479679096613,680,I think you've taken 'clawing your way to the top' just a little too seriously!
5189,5904,0,2,41,43,1.0465116279069768,0.03249479679096613,680,"OK, so even if he did get the Nobel Prize, do you have to take him that literally!?"
5193,5904,0,2,41,43,1.0465116279069768,0.03249479679096613,680,Talk about being in a pinch.
5195,5904,1,0,42,43,1.0465116279069768,0.046511627906976744,680,"Okay, I see your point. But I really didn’t know that white wine was to be ordered with shellfish."
5208,5904,0,2,41,43,1.0465116279069768,0.03249479679096613,680,"I said ""NO,"" but you kept clawing."
5221,5904,0,2,41,43,1.0465116279069768,0.03249479679096613,680,This just isn’t what I meant when I said that you’re my lobster.
5243,5904,0,2,41,43,1.0465116279069768,0.03249479679096613,680,Those claws were definitely not part of our pre-nup!
5266,5904,0,2,41,43,1.0465116279069768,0.03249479679096613,680,"Lobster-man and woman don't match, do they?"
5130,5904,0,2,41,43,1.0465116279069768,0.03249479679096613,680,When I said I would only date a man with big hands that isn’t what I was thinking
3312,5904,1,0,42,43,1.0465116279069768,0.046511627906976744,680,I told you they wouldn't give you a discount at Red Lobster just because you wore lobster hands.
2105,5904,0,2,41,43,1.0465116279069768,0.03249479679096613,680,I hate it when you get clawsy with me!
3263,5904,0,2,41,43,1.0465116279069768,0.03249479679096613,680,Being a pincher doesn’t make you much of a catch.
1063,5904,0,2,41,43,1.0465116279069768,0.03249479679096613,680,"If you think you can claw your way to my affection, you have another think coming."
1093,5904,0,2,41,43,1.0465116279069768,0.03249479679096613,680,Rocky Rock Lobster seems to ring a bell....
1144,5904,0,2,41,43,1.0465116279069768,0.03249479679096613,680,No chance at first base buster.
1183,5904,0,2,41,43,1.0465116279069768,0.03249479679096613,680,I told you I am clawstrophobic!
1230,5904,0,2,41,43,1.0465116279069768,0.03249479679096613,680,Keep your claws to yourself...'Snappy!'
1242,5904,0,2,41,43,1.0465116279069768,0.03249479679096613,680,"Well, this just proves how shellfish you are."
1307,5904,0,2,41,43,1.0465116279069768,0.03249479679096613,680,You’re just not someone I can turn to when I am in a pinch.
1309,5904,0,2,41,43,1.0465116279069768,0.03249479679096613,680,A simple walk in the neighborhood makes you crabby now?
1335,5904,0,2,41,43,1.0465116279069768,0.03249479679096613,680,Is it really too much to ask not to go out for sushi for every date night.
1343,5904,0,2,41,43,1.0465116279069768,0.03249479679096613,680,You keep your claws to yourself!
1346,5904,0,2,41,43,1.0465116279069768,0.03249479679096613,680,I’m tired of considering the lobster.
1361,5904,0,2,41,43,1.0465116279069768,0.03249479679096613,680,"I mean, you've just been so crabby lately."
1362,5904,0,2,41,43,1.0465116279069768,0.03249479679096613,680,I'm not crabby but you could have just said you don't like to hold hands!
1470,5904,0,2,41,43,1.0465116279069768,0.03249479679096613,680,I’m clawing back on my handiness to avoid any sexual conflicts.
3309,5904,0,2,41,43,1.0465116279069768,0.03249479679096613,680,"So, you have just arrived from Maine?"
1571,5904,0,2,41,43,1.0465116279069768,0.03249479679096613,680,Why are you so crabby?
1648,5904,1,0,42,43,1.0465116279069768,0.046511627906976744,680,You know it's safer for both of us when you wear a rubber band.
1732,5904,0,2,41,43,1.0465116279069768,0.03249479679096613,680,You're just not handsy enough for me.
1786,5904,0,2,41,43,1.0465116279069768,0.03249479679096613,680,Well maybe I’ve grown up and now I deserve to be with an Amazing Lobster MAN.
1854,5904,0,2,41,43,1.0465116279069768,0.03249479679096613,680,"I don't care if you want to be closer to family, Claude! I'm not moving to Bar Harbor."
1871,5904,0,2,41,43,1.0465116279069768,0.03249479679096613,680,At least your hands aren't clammy.
1874,5904,0,2,41,43,1.0465116279069768,0.03249479679096613,680,So you just had to try teleporting yourself with a crab?
1904,5904,0,2,41,43,1.0465116279069768,0.03249479679096613,680,"That Jordan Peterson guy is a dud. Lobsters claws, duh. How are you going to clean up your room now?"
1931,5904,0,2,41,43,1.0465116279069768,0.03249479679096613,680,You command armies of crustaceans to do...whatever armies of crustaceans do?
1952,5904,0,2,41,43,1.0465116279069768,0.03249479679096613,680,Just please keep your claws off me!
1049,5904,1,0,42,43,1.0465116279069768,0.046511627906976744,680,So what. You’re a crab.
1041,5904,0,2,41,43,1.0465116279069768,0.03249479679096613,680,I still don't believe that's why your hands smelled like that last night.
982,5904,0,2,41,43,1.0465116279069768,0.03249479679096613,680,You didn't have to snap at me like that when I ordered the scallops!
938,5904,0,2,41,43,1.0465116279069768,0.03249479679096613,680,"Listen Santa. No gloves, it's a permanent 'no'."
7,5904,0,2,41,43,1.0465116279069768,0.03249479679096613,680,"If you don't like to hold hands in public, you could have used your words."
87,5904,0,2,41,43,1.0465116279069768,0.03249479679096613,680,I like everything about except the foreplay.
120,5904,0,2,41,43,1.0465116279069768,0.03249479679096613,680,"The doctor said, if there is any side effects, we should not make love."
142,5904,0,2,41,43,1.0465116279069768,0.03249479679096613,680,I didn't marry such a crab.
156,5904,0,2,41,43,1.0465116279069768,0.03249479679096613,680,"#Metoo will take care of this."""
180,5904,0,2,41,43,1.0465116279069768,0.03249479679096613,680,"I don't care how much you enjoyed ""Lobsters on Broadway,"" it's still a stupid souvenir."
181,5904,0,2,41,43,1.0465116279069768,0.03249479679096613,680,"It’s your Birthday, how about a pinch to grow an Inch."
204,5904,0,2,41,43,1.0465116279069768,0.03249479679096613,680,Just keep your claws off me.
217,5904,0,2,41,43,1.0465116279069768,0.03249479679096613,680,A playful pinch is certainly not a handshake!
283,5904,0,2,41,43,1.0465116279069768,0.03249479679096613,680,I'm telling you—the B52s are back.
329,5904,0,2,41,43,1.0465116279069768,0.03249479679096613,680,"Remember, when you meet my dad, give him a firm handshake."
339,5904,0,2,41,43,1.0465116279069768,0.03249479679096613,680,"That wasn't a love story, it was a 'Deadliest Catch' marathon."
1971,5904,1,0,42,43,1.0465116279069768,0.046511627906976744,680,I just wish you were less crabby!
340,5904,0,2,41,43,1.0465116279069768,0.03249479679096613,680,I said truncate not trump-gate!
411,5904,0,2,41,43,1.0465116279069768,0.03249479679096613,680,You're a bit more crabby today than usual.
472,5904,0,2,41,43,1.0465116279069768,0.03249479679096613,680,I’m NOT your lobster.
475,5904,1,0,42,43,1.0465116279069768,0.046511627906976744,680,You Shellfish-Men are all the same! Only thinking about yourself.
505,5904,0,2,41,43,1.0465116279069768,0.03249479679096613,680,"She's not his lobster,apparently..."
516,5904,1,0,42,43,1.0465116279069768,0.046511627906976744,680,Clammy I could take!
618,5904,0,2,41,43,1.0465116279069768,0.03249479679096613,680,I think you’ve taken this water proof glove thing too far
660,5904,0,2,41,43,1.0465116279069768,0.03249479679096613,680,So we're not number one !
743,5904,0,2,41,43,1.0465116279069768,0.03249479679096613,680,"When I said I wanted a clause in our pre-nup, that's NOT what I was talking about..."
799,5904,0,2,41,43,1.0465116279069768,0.03249479679096613,680,You should have realized that before you shook hands.
826,5904,0,2,41,43,1.0465116279069768,0.03249479679096613,680,The invitation was to an introduction to kick-boxing....
900,5904,0,2,41,43,1.0465116279069768,0.03249479679096613,680,"Yes, but that didn’t have to stare."
929,5904,0,2,41,43,1.0465116279069768,0.03249479679096613,680,I can't stand it when you're so shellfish!
384,5904,0,2,41,43,1.0465116279069768,0.03249479679096613,680,I'm not the only one who's crabby.
1984,5904,0,2,41,43,1.0465116279069768,0.03249479679096613,680,I told you that bit wasn't funny.
1524,5904,0,2,41,43,1.0465116279069768,0.03249479679096613,680,Don't bother clawing me
2006,5904,0,2,41,43,1.0465116279069768,0.03249479679096613,680,"You couldn't have just said ""no thanks, I'll have the lobster roll."""
2814,5904,0,2,41,43,1.0465116279069768,0.03249479679096613,680,"I get it- you're sick of lobster roll""."
2838,5904,0,2,41,43,1.0465116279069768,0.03249479679096613,680,"You don't have to walk me all the way, Dad. You're really clamping my style."
2849,5904,0,2,41,43,1.0465116279069768,0.03249479679096613,680,"So, you're feeling trapped?"
2861,5904,1,0,42,43,1.0465116279069768,0.046511627906976744,680,Have you ever wondered why everything’s in grayscale except for your lobster-claw hands?
2889,5904,0,2,41,43,1.0465116279069768,0.03249479679096613,680,This is not what I meant when I said stop being so handsy in public!
2892,5904,0,2,41,43,1.0465116279069768,0.03249479679096613,680,I'd like to try something besides seafood for a change.
2896,5904,0,2,41,43,1.0465116279069768,0.03249479679096613,680,Don't you dare call me crabby...
2897,5904,0,2,41,43,1.0465116279069768,0.03249479679096613,680,I feel like you're always snapping at me
2898,5904,0,2,41,43,1.0465116279069768,0.03249479679096613,680,"Roy, you snap at me again and I’ll boil you!"
2927,5904,0,2,41,43,1.0465116279069768,0.03249479679096613,680,You have to stop clawing me!
1989,5904,0,2,41,43,1.0465116279069768,0.03249479679096613,680,I am not happy when you are so crabby while taking a walk with me.
2956,5904,0,2,41,43,1.0465116279069768,0.03249479679096613,680,I told you no one is old enough to understand a twist on that Jergens ad.
3012,5904,0,2,41,43,1.0465116279069768,0.03249479679096613,680,Now who’s in a crappy mood?
3028,5904,0,2,41,43,1.0465116279069768,0.03249479679096613,680,I’m glad you listened to me about clawing your way to the top.
3095,5904,0,2,41,43,1.0465116279069768,0.03249479679096613,680,"I don't care if it is a medical condition, there's no reason to treat my mother that way."
3101,5904,0,2,41,43,1.0465116279069768,0.03249479679096613,680,If you don’t walk behind me I will go back to the apartment and get the rubber band and put it around your arms.
3128,5904,0,2,41,43,1.0465116279069768,0.03249479679096613,680,"I’m sorry, I didn’t mean to snap at you earlier."
3155,5904,0,2,41,43,1.0465116279069768,0.03249479679096613,680,Please don’t put your claws on me again!
3199,5904,0,2,41,43,1.0465116279069768,0.03249479679096613,680,"O.K., you're not too handsy."
3204,5904,0,2,41,43,1.0465116279069768,0.03249479679096613,680,Maybe I wasn't supposed to be here. I did.
3220,5904,0,2,41,43,1.0465116279069768,0.03249479679096613,680,"Keep your filthy claws off my silky drawers.

Sharon Wilkins
Anniston, AL"
3230,5904,0,2,41,43,1.0465116279069768,0.03249479679096613,680,"Look, I know you say I can be snappy, but this is a step too far."
3234,5904,0,2,41,43,1.0465116279069768,0.03249479679096613,680,I don't know. Phoebe says your just not my lobster.
3255,5904,0,2,41,43,1.0465116279069768,0.03249479679096613,680,I don't know whether to kiss you or crack you!
3259,5904,1,0,42,43,1.0465116279069768,0.046511627906976744,680,I can't believe you even touched that witch!
2812,5904,0,2,41,43,1.0465116279069768,0.03249479679096613,680,I told you before - don't try to shake hands with the Maitre-d.
2759,5904,1,0,42,43,1.0465116279069768,0.046511627906976744,680,They’re not the only things that get bigger when you molt...
2946,5904,0,2,41,43,1.0465116279069768,0.03249479679096613,680,Did you have to grab me by the claws like that?
2748,5904,0,2,41,43,1.0465116279069768,0.03249479679096613,680,I was simply hoping you like lobster claws.
2749,5904,0,2,41,43,1.0465116279069768,0.03249479679096613,680,"Besides, that hand sweat lotion of yours is a complete joke."
2085,5904,0,2,41,43,1.0465116279069768,0.03249479679096613,680,I said I liked ‘White Claws’ not crab claws.
2093,5904,0,2,41,43,1.0465116279069768,0.03249479679096613,680,You were not the one I had thought I had picked to have for dinner.
2102,5904,0,2,41,43,1.0465116279069768,0.03249479679096613,680,"You can't always be so crabby when talking politics with my parents, Harold."
2114,5904,0,2,41,43,1.0465116279069768,0.03249479679096613,680,Just because I get a little crabby sometimes doesn't mean you have to follow suit.
2132,5904,0,2,41,43,1.0465116279069768,0.03249479679096613,680,I am really tired of you putting your claws on me...
2136,5904,0,2,41,43,1.0465116279069768,0.03249479679096613,680,Stop trying to claw your way into this relationship. It's over.
2245,5904,0,2,41,43,1.0465116279069768,0.03249479679096613,680,"I took my girlfriend out for seafood one day.
It didn't end so well."
2250,5904,0,2,41,43,1.0465116279069768,0.03249479679096613,680,"Don't be too worried about my security, I keep a gun."
2285,5904,0,2,41,43,1.0465116279069768,0.03249479679096613,680,I cannot believe you watched the season finale of Lost without me...
2317,5904,0,2,41,43,1.0465116279069768,0.03249479679096613,680,Well. their better than scissors....
2328,5904,0,2,41,43,1.0465116279069768,0.03249479679096613,680,You just are not as touching as you used to be
2340,5904,0,2,41,43,1.0465116279069768,0.03249479679096613,680,You should have said “may I take these to go” rather than “may I take these.
2028,5904,0,2,41,43,1.0465116279069768,0.03249479679096613,680,"I think you should have gotten the matching shoes, too."
2441,5904,0,2,41,43,1.0465116279069768,0.03249479679096613,680,"Fine! But next year, I get to be 
Olive Garden."
2368,5904,0,2,41,43,1.0465116279069768,0.03249479679096613,680,So you won’t even look at the great apartment with the hot tub?
2723,5904,0,2,41,43,1.0465116279069768,0.03249479679096613,680,"I'm telling you, you're over-thinking your all-you-can-eat seafood buffet strategy."
2699,5904,1,0,42,43,1.0465116279069768,0.046511627906976744,680,And how would I introduce you to my parents?
2661,5904,0,2,41,43,1.0465116279069768,0.03249479679096613,680,You certainly are crabby this morning
2581,5904,0,2,41,43,1.0465116279069768,0.03249479679096613,680,That's not what I had in mind when I said I needed to be held tighter.
2594,5904,0,2,41,43,1.0465116279069768,0.03249479679096613,680,"Sweet Jesus, I really hate men."
2568,5904,0,2,41,43,1.0465116279069768,0.03249479679096613,680,"Babe, I know you're in the mood for seafood, but I just can't handle it."
2549,5904,0,2,41,43,1.0465116279069768,0.03249479679096613,680,"If anyone asks, just tell them that they are lobster claws."
2520,5904,0,2,41,43,1.0465116279069768,0.03249479679096613,680,"Babe, I’m sorry, but you have to understand, I’m a scavenger. If the waiter would have just let me go through the trash, everything would have been ‘A. O.K.’"
2462,5904,0,2,41,43,1.0465116279069768,0.03249479679096613,680,You were getting a little clawsy there with the waitress.
2443,5904,0,2,41,43,1.0465116279069768,0.03249479679096613,680,Everyone said you wanted to get your claws into me.
2576,5904,0,2,41,43,1.0465116279069768,0.03249479679096613,680,"I told you, no one likes imitation crab."
5779,6138,0,2,42,44,1.0454545454545454,0.031765283723713976,680,I really regret telling you to claw your way to the top.
1781,6138,0,2,42,44,1.0454545454545454,0.031765283723713976,680,Just saying...security is alot tighter at Lobster-Con now
1888,6138,0,2,42,44,1.0454545454545454,0.031765283723713976,680,No I don’t care how much melted butter you have! I’m not eating your hands pervert!
3090,6138,0,2,42,44,1.0454545454545454,0.031765283723713976,680,Let me guess...surf 'n turf again?
533,6142,0,2,43,45,1.0444444444444445,0.031067790907534747,680,Not sea food again.
3265,6142,0,2,43,45,1.0444444444444445,0.031067790907534747,680,This is just our first date. Keep your meat hooks off me
36,6142,0,2,43,45,1.0444444444444445,0.031067790907534747,680,That marriage counselor seemed wicked smaht!
541,6145,0,2,44,46,1.0434782608695652,0.030400256468700027,680,Is the world really ready for Jean Clawed Van Damme?
4979,6146,0,2,46,48,1.0416666666666667,0.029147663515556005,680,Humph!! They'll be no romance tonight Walter!!
1301,6147,0,1,38,39,1.0256410256410255,0.025976216673306556,680,Not what I meant when I said I’d like some lobster tonight.
1897,6147,0,1,38,39,1.0256410256410255,0.025976216673306556,680,No claw back; you earned that bonus.
2215,6147,0,1,38,39,1.0256410256410255,0.025976216673306556,680,It is really time for you to get over being a beach bum.
3119,6147,0,1,38,39,1.0256410256410255,0.025976216673306556,680,Why do you have against Red Lobster?
6030,6147,0,1,38,39,1.0256410256410255,0.025976216673306556,680,"Crabby, huh?"
4399,6152,0,1,39,40,1.025,0.025318484177091666,680,A mani-pedi doesn't seem the best option for a first date.
4254,6152,0,1,39,40,1.025,0.025318484177091666,680,MAM I AM WEARING EAGLE BEAK GLOVES TO PROVE MY INTENT
3201,6152,0,1,39,40,1.025,0.025318484177091666,680,I don't want to hold your hand because I'm mad at you not because of  your claws.
2972,6152,0,1,39,40,1.025,0.025318484177091666,680,"You can grab the gusto without me, buddy!"
2101,6152,0,1,39,40,1.025,0.025318484177091666,680,"I know you're trying to get closer to my family,
But really George?
Shoving your claws up my great grandmother's ass!"
458,6152,0,1,39,40,1.025,0.025318484177091666,680,"It's a fish fry, not a costume party"
1961,6152,0,1,39,40,1.025,0.025318484177091666,680,"Hay babe, want to see crab hands?"
1819,6152,0,1,39,40,1.025,0.025318484177091666,680,"Idiot!  What I said was, ‘You don’t have a CLUE!’"
627,6152,0,1,39,40,1.025,0.025318484177091666,680,"I still don't understand why you spent our abortion money on props for your little open-mic, like anybody really believes you clawed your way out of poverty. You're in a crewneck sweatshirt for Chrissakes."
48,6152,0,1,39,40,1.025,0.025318484177091666,680,"Fine, don't hold hands, but this is going too far!"
1991,6152,0,1,39,40,1.025,0.025318484177091666,680,"Look who’s being crabby, Buster!"
1311,6163,0,1,50,51,1.0196078431372548,0.019802950859533486,680,"Well, I for one, do not like the word 'Great'."
