target_id,rank,funny,somewhat_funny,unfunny,count,score,precision,contest,caption
3586,1,2956,3895,2383,9234,2.062053281351527,0.007887014134078676,682,They must have made a fortune from the wheel.
2858,2,3356,4185,3483,11024,1.9884796806966618,0.007501192939609935,682,"We are going to go with Noah, but thanks."
399,3,3035,3769,3344,10148,1.969550650374458,0.007864963635981402,682,I guarantee he brings up the whole discovering fire thing within the first five minutes.
816,4,2890,3823,3451,10164,1.9448051948051948,0.007815785244183618,682,"What'd you expect?  She hunts-gathers, too , and they have no kids."
1986,5,2767,3385,3340,9492,1.9396333754740835,0.008210047867356227,682,Of course it’s pretentious- didn’t you see the rock he gave her?
2412,6,3049,3992,3781,10822,1.9323600073923488,0.007609270050307099,682,"Four-story brownstones? It'll never catch on, not in a million years."
2505,7,1934,3039,2449,7422,1.9306116949609269,0.008884159923618015,682,"This makes our place look like a cave."""
1822,8,2354,3377,3221,8952,1.9031501340482573,0.008278108970589376,682,If you stopped drawing on the walls and got a real job maybe we could live here too.
28,9,2318,3001,3251,8570,1.8911318553092182,0.008628513348606398,682,They’re from prehistoric money
1632,10,1514,2329,2219,6062,1.8837017485978225,0.009968421364921726,682,Of course you know that wheel was really her idea.
428,11,983,1573,1556,4112,1.8606517509727627,0.012061255670336392,682,Ever since the Babels moved into that new apartment it’s like they’re speaking an entirely different language.
2560,12,1980,2419,3179,7578,1.8417788334652943,0.009302964213177844,682,After dinner they want to go out clubbing.
1222,13,2065,2996,3447,8508,1.8375646450399623,0.008547199128629777,682,I bet she can’t wait to brag about her new granite countertops.
2644,14,394,529,717,1640,1.8030487804878048,0.01973975343008929,682,Only your parents would find a way to visit before the invention of stairs.
2259,15,1380,2377,2711,6468,1.7942176870748299,0.009552796926515839,682,We'll come back when stairs have been invented.
3316,16,1313,1428,2433,5174,1.7835330498647082,0.011441162219792836,682,It's only a matter of time before some Neanderthal decides to name one after himself.
2614,17,1273,1301,2348,4922,1.7815928484355952,0.011823868880710018,682,Congratulations... you got the Trump sign removed!
3085,18,1134,2228,2471,5833,1.770786902108692,0.009847052855626662,682,"(whispering) Oh, god! A four-story walk up. Just wave and look busy."
3520,19,1331,2817,3108,7256,1.7550992282249174,0.008721063658935806,682,I  remember when they were just cliff dwellers.
3400,20,1078,1686,2420,5184,1.7411265432098766,0.010828616412757196,682,So begins the condolithic period.
3239,21,1416,2927,3536,7879,1.7309303211067395,0.008401782831511282,682,Evidently his father invented the wheel.
2928,22,1175,2208,3040,6423,1.7096372411645648,0.0094370083936117,682,You won’t believe the view!  We can see nothing for miles.
3552,23,1161,2148,2996,6305,1.7089611419508326,0.009547290662430768,682,Any trouble finding the place?
3188,24,951,1767,2509,5227,1.701932274727377,0.010472050266416092,682,It IS flat! Come on up and see for yourself!
497,25,601,1213,1662,3476,1.6947640966628308,0.01267032693361747,682,I hope she remembered that we’re strictly paleo now
3324,26,881,1604,2506,4991,1.6744139451011821,0.01071226180710109,682,We won’t need a fire escape until someone discovers fire.
3444,27,869,1919,2814,5602,1.652802570510532,0.009790683048945184,682,A 4th floor walk-up in the pre-historic district. I’d be smug too.
2936,28,879,1784,2790,5453,1.649550706033376,0.010044160841509294,682,"Sure, the view's great, but I hear the co-op board is a bunch of Neanderthals."
1331,29,475,1002,1539,3016,1.6472148541114058,0.013424001723225835,682,They must have taken out a mammoth mortgage.
202,30,1627,1799,4489,7915,1.6384080859128238,0.009006507432363284,682,It scrape sky.
2508,31,626,1724,2401,4751,1.6263944432751,0.010234594723188396,682,They can afford it; they are a two-hunter family.
2235,32,752,1182,2360,4294,1.6255239869585467,0.011668412568774832,682,Come on up. But don't take the elevator. You'll be waiting a million years.
1293,33,662,1320,2289,4271,1.6190587684383049,0.011306074596586804,682,"They may feel like the Flintstones now, but they're one earthquake away from being the Rubbles."
3059,34,286,649,1061,1996,1.6117234468937875,0.016208092562502992,682,"They haven’t changed, Bob...they’ve evolved."
32,35,451,836,1580,2867,1.6062085803976283,0.013894909091341646,682,Oh look darling; we just invented envy.
2131,36,524,1245,2152,3921,1.5847997959704156,0.011407209388200648,682,I can hear you but it is all babel!
146,37,397,915,1631,2943,1.580699966021067,0.013208574198466622,682,Sorry we’re late! Parking was just nonexistent.
1172,38,333,1002,1571,2906,1.5739848589125947,0.01276973678045482,682,Wow. The wheel was for real. And we could have gotten in on the ground floor . . .
427,39,601,703,2039,3343,1.5698474424169908,0.013451139705800688,682,"We took an Uber, but, in retrospect, we should've taken a Lyft."
2382,40,163,432,737,1332,1.5690690690690692,0.01918658059329536,682,I can't believe you invited gatherers over
931,41,317,972,1575,2864,1.5607541899441342,0.012780935137917783,682,"Hey! We just invented stairs, come see!"
137,42,313,614,1302,2229,1.5563032750112158,0.01538951718295038,682,How will we get up there Otis?
615,43,195,293,742,1230,1.5552845528455284,0.021422496197375983,682,I can see Russia from my house!
2430,44,45,98,198,341,1.5513196480938416,0.038779008591210966,682,"What'll the Pents call their lovely, new top-floor place?"
3461,45,226,488,1009,1723,1.5455600696459664,0.0172138530349891,682,They jumped on it when the housing market was caving.
3069,46,160,378,746,1284,1.543613707165109,0.01968811829073663,682,It sort of takes cave dwelling to new heights.
78,47,82,181,379,642,1.5373831775700935,0.028042040297959585,682,"C'mon up, we're getting stoned"
3411,48,154,533,888,1575,1.533968253968254,0.0168029485764466,682,We brought flint for the housewarming.
863,49,171,566,968,1705,1.5325513196480938,0.016242132834753283,682,Kids today. A cave was good enough for us.
2809,50,151,341,730,1222,1.5261865793780687,0.02016415243343301,682,"This, my dear, is what separates the ‘caves’ from the ‘cave-nots"
1513,51,153,489,871,1513,1.5254461335095837,0.017282275328866767,682,"Let's just wave, it's a walk-up."
20,52,172,440,882,1494,1.5247657295850068,0.01792372410288321,682,Well look who's all homo habilis!
3105,53,217,467,1036,1720,1.5238372093023256,0.01708476231793016,682,Yeah. Thunderstorm coming.
87,54,186,379,871,1436,1.5229805013927578,0.01882478944909251,682,Bye.  Write when you can.
2795,55,189,377,879,1445,1.5224913494809689,0.018813228289070602,682,I just don't understand the Babels.
1418,56,147,454,831,1432,1.5223463687150838,0.01782765348478712,682,I heard that her father invented the wheel.
865,57,155,244,662,1061,1.5221489161168709,0.022605864509679427,682,"Hey, Otis here just had a crazy idea."
2343,58,114,335,630,1079,1.5217794253938832,0.02067579097008236,682,Their bathroom's three floors up and there's no plumbing - that's all I'm saying.
2788,59,162,437,866,1465,1.5194539249146757,0.01793243913130341,682,Oh I love it!  Its so NEW stone age!
2208,60,159,397,821,1377,1.5192447349310094,0.01868820163475452,682,"It's nice, but he has to kill mammoths, like, eighty hours a week."
1223,61,154,333,748,1235,1.5190283400809717,0.020109720002861625,682,Look it's the Pisas.  I guess the previous owner didn't tell them about the foundation.
1175,62,144,386,776,1306,1.5160796324655437,0.018982995399955866,682,"Well,  we wouldn’t still be cave dwellers if you had listened to me and invested in their wheel invention."
317,63,171,368,839,1378,1.5152394775036284,0.019016362155762818,682,It's a Cro-Mansion.
3456,64,137,438,807,1382,1.5151953690303908,0.018011833087662427,682,"How they can afford a penthouse on a hunter-gatherer's salary, I'll never understand."
1092,65,137,345,729,1211,1.5111478117258463,0.019836834761025338,682,Are you ready to go clubbing?
156,66,145,421,825,1391,1.5111430625449318,0.018159147324063457,682,We'll come up as soon as someone invents stairs
27,67,170,383,864,1417,1.5102328863796755,0.01859923056569056,682,Hey come on in! We just invented the stairs!
1383,68,92,308,566,966,1.5093167701863355,0.021362632337399032,682,"I still think a one floor, open concept cave is much more livable."""
2064,69,92,259,522,873,1.5074455899198167,0.022985636512466347,682,Good luck with heating that during the ice age.
2973,70,135,349,737,1221,1.506961506961507,0.019650256715276454,682,"A fourth floor walkup? What is this, the stone age?"
2068,71,31,66,157,254,1.5039370078740157,0.04419141744862325,682,"Oy. Fifth floor apartment, and their elevator won't be installed for another 20,000 years."
768,72,104,349,653,1106,1.503616636528029,0.019910478820856434,682,Remember your cave manners and no writing on the walls this time.
719,73,99,375,664,1138,1.5035149384885764,0.019310386567038856,682,I told you gathering paid better.
3465,74,119,375,728,1222,1.5016366612111294,0.019085565454924482,682,"Yeah, I heard they built it with all that wheel money."
2854,75,76,157,383,616,1.5016233766233766,0.028420495621728548,682,Home-o Erectus.
2066,76,86,389,644,1119,1.5013404825737264,0.019002562475740118,682,They love to brag but it’s a walk-up.
2465,77,134,260,670,1064,1.4962406015037595,0.021728365959567134,682,"We'd invite you up, but I just cut my hair."
1925,78,38,92,210,340,1.4941176470588236,0.03737298290996767,682,"Of course we're still alive, T-Rexes are only 3 stories tall."
219,79,96,294,595,985,1.4934010152284265,0.02126297574347214,682,They've become such show-offs since they discovered fire.
1381,80,95,262,560,917,1.4929116684841877,0.022339850677740393,682,Congrats on making it past the Neanderthals on the co-op board!
587,81,128,292,692,1112,1.4928057553956835,0.020789201097027702,682,"Oh look, the Millers have moved from the Mezzanine up to the Pleistocene."
1745,82,70,266,489,825,1.4921212121212122,0.022566914909705898,682,"Well, I wouldn't want to carry a mastodon up there is all I'm saying."
2703,83,93,284,579,956,1.49163179916318,0.021573947898508562,682,They put their pelts on one leg at a time just like us.
2731,84,104,306,637,1047,1.4909264565425024,0.020708772700603003,682,We got our patent on the wheel!
1136,85,107,293,634,1034,1.490328820116054,0.02103032701141982,682,"Sorry, just cut my hair.  You'll have to walk up"
2630,86,84,159,424,667,1.4902548725637181,0.027448534847144476,682,Everyone's so much nicer since they took down the name.
2242,87,120,280,663,1063,1.4891815616180621,0.021163409303903667,682,"Hold tight, Otis has this great idea"
2038,88,107,289,633,1029,1.488824101068999,0.021103875045943635,682,Her father invented the wheel
666,89,81,299,564,944,1.4883474576271187,0.021141205506123487,682,And we have it for the same week every year!
289,90,62,207,411,680,1.486764705882353,0.025228784323038527,682,"Love it, but we’re thinking ark."
333,91,103,264,601,968,1.4855371900826446,0.0218720719886384,682,"Her husband Jim, he's the guy who invented fire."
1784,92,148,203,681,1032,1.4835271317829457,0.022812658992742735,682,You can come down now. Trump just resigned!
3408,93,80,269,539,888,1.4831081081081081,0.022015031355904484,682,I've heard the artwork in the lobby is amazing.
2689,94,67,136,357,560,1.4821428571428572,0.029575615975804964,682,"Look, it’s the Rockefeller's!"
2507,95,95,270,591,956,1.4811715481171548,0.021668377791117858,682,It was a termite-colony foreclosure we picked up dirt cheap.
254,96,80,255,528,863,1.4808806488991888,0.022465085534122093,682,That place was built before fire codes.  Or fire.
505,97,93,248,569,910,1.476923076923077,0.022345006062836313,682,"Sure, it's a walk-up, but it's rent controlled."
2078,97,87,260,563,910,1.476923076923077,0.02201800060741613,682,Can you see that new Stonehenge from up there?
489,99,71,237,487,795,1.4767295597484276,0.023219325498151606,682,"Last year the wheel, today the ladder."
1265,100,45,205,370,620,1.4758064516129032,0.02524759341812886,682,"How can he still call himself a ""caveman"" ?"
1077,101,79,223,499,801,1.4756554307116105,0.0236289222975428,682,"Why did you invite them?! They can’t eat anything, we put out. 
It’s always “paleo this, paleo that”...!"
1820,102,36,108,235,379,1.474934036939314,0.0340923625743892,682,"No, you come down!"
379,103,76,234,503,813,1.4747847478474785,0.023180754201847682,682,The penthouse?  That's amazing.  They only just started walking upright.
2894,104,76,215,482,773,1.4747736093143597,0.024035813910291626,682,"Okay, but the minute he starts blathering on about how little he paid for the cave paintings, we’re outta there."
1995,105,106,184,550,840,1.4714285714285715,0.0244502029954778,682,"They are the only ones, I hear, who are still living in the Trump Tower."
3486,106,84,176,470,730,1.4712328767123288,0.025641547189588366,682,I guess this means means we’ll be getting a Whole Foods soon.
248,107,96,209,546,851,1.4712103407755581,0.023634174578123487,682,Welcome to our homo erectus !
1135,108,60,211,433,704,1.4701704545454546,0.024429907971932664,682,"Ever since we moved to Babel, it feels like my sister and I just don’t speak the same language."
3299,109,44,144,307,495,1.4686868686868686,0.02939323180739552,682,"It's a 4 story walk-up and it's tiny, but it still beats that cave we were in before."
1371,110,86,136,436,658,1.4680851063829787,0.02787173316598942,682,"- Look, I shaved my underarm!
- Me too!"
2482,111,28,72,174,274,1.467153284671533,0.040748520966256654,682,Let your hair down and we'll be right up.
1482,112,77,187,467,731,1.466484268125855,0.025090166451028302,682,Call us when you invent stairs.
1448,113,81,211,508,800,1.46625,0.023767778735243838,682,"As the Stone Age ended, the cycle of gentrification began again."
1614,113,72,229,499,800,1.46625,0.02316780321388276,682,Congratulations! Looks like inventing the wheel paid off nicely.
1087,115,68,171,420,659,1.4658573596358118,0.02630218284008781,682,We lucked out.  The previous tenant got eaten.
2846,116,80,215,510,805,1.4658385093167703,0.023594595166192955,682,Forget the wheel! We've invented stairs!
3506,117,65,201,446,712,1.4648876404494382,0.02463092951934496,682,"Nice cave, man."
1506,118,67,205,458,730,1.4643835616438357,0.024351481849165933,682,A simple cave was never going to be enough for her!
1332,119,54,211,422,687,1.4643377001455604,0.024325700591092334,682,Sorry we're late. Our wheel broke down.
1308,120,69,178,434,681,1.4640234948604993,0.025763313602305844,682,"Regarding the village names you suggested, we're leaning toward Pisa."
3511,121,71,216,486,773,1.463130659767141,0.023664880802570176,682,"Wow, you really do get more for your money outside of Bedrock!"
3212,122,63,212,458,733,1.461118690313779,0.023964470521085877,682,How nice can it be? There’s no doorman.
101,123,112,120,515,747,1.4605087014725568,0.027110798589805668,682,Is this Oliver and Meredith’s Tower of Prehistoric Swingers?
2570,124,60,180,412,652,1.460122699386503,0.02577400542868261,682,"Sure their view is great, but he had to give up his man cave"
1788,125,58,210,442,710,1.4591549295774648,0.024097590779984704,682,Of course it's a walk-up. What else would it be?
3295,126,44,131,303,478,1.4581589958158996,0.030106371473661176,682,"Yeah, they can afford it.  They made a fortune selling those silly cave paintings of cows."
2442,127,75,168,452,695,1.4575539568345324,0.02585778194196759,682,"Show offs. Just wait until they realize indoor plumbing is still 100,000 years away."
339,128,65,138,383,586,1.4573378839590443,0.02834533523382179,682,"The next big gust is coming. For a ""C"" sharp, block the second and fourth windows"
3090,129,68,179,444,691,1.4558610709117221,0.025391655691247444,682,Of course it's impressive. It's on the Prehistoric Register.
1137,130,63,195,447,705,1.4553191489361703,0.024620039469321012,682,Is it a walk-up?
493,131,64,189,444,697,1.45480631276901,0.024902156810571674,682,They’ll be out after they drag the first buffalo up those stairs!
738,132,69,179,450,698,1.4541547277936964,0.02528477540247364,682,This trumps our tower.
764,133,65,181,440,686,1.4533527696793003,0.025267283860661707,682,"She says the style is ""post-pre-historic"" but it looks more neo-Neolithic to me."
2667,134,74,134,416,624,1.4519230769230769,0.027897660275935283,682,She’s a Homo Erector and he has an Edifice Complex.
277,135,61,178,428,667,1.449775112443778,0.025420960541066944,682,I love the way they added on without losing yard space.
612,136,53,163,383,599,1.4490818030050083,0.026639201502022928,682,I heard they were early wheel investors.
3036,137,68,159,430,657,1.4490106544901065,0.02631891675464511,682,They're calling it Neanderth Hall.
2023,138,50,149,356,555,1.4486486486486487,0.027780184705371688,682,"Just smile, they totally overpaid."
2348,139,56,184,420,660,1.4484848484848485,0.025156359557639358,682,You didn't tell me they live in a highrise. I would have worn my good fur.
3124,140,53,167,389,609,1.4482758620689655,0.02632603158071318,682,Sorry we're late.  Our wheel is flat.
3237,141,56,137,363,556,1.4478417266187051,0.028434161773217212,682,Don’t be mean Ugg. It does not look like a dinosaur feeder.
2292,142,48,194,406,648,1.4475308641975309,0.024720856975595874,682,"The wheel is fine, but would it kill somebody to invent some stairs?"
2700,143,34,63,196,293,1.447098976109215,0.04051396651342651,682,Don’t bring up her dad’s impeachment.
1019,144,53,185,413,651,1.4470046082949308,0.025115668090134286,682,You must have a Pterodactyl's-eye view from up there.
3093,145,46,190,396,632,1.4462025316455696,0.02494607345985914,682,I told you he's compensating for something.
652,146,43,198,396,637,1.445839874411303,0.02451012273517546,682,"Sure it's new, but it's still a four story climb up in the middle of nowhere."
1326,147,54,179,411,644,1.4456521739130435,0.025397253655474787,682,Get ready to hear about his wheel invention all night long.
1718,148,59,164,410,633,1.4454976303317535,0.02618832095943647,682,The penthouse apartment and rent controlled?  You guys are so lucky!
1067,149,61,157,409,627,1.444976076555024,0.02655844481380287,682,A cave with a view!? How did you ever find this place?
2204,150,68,147,421,636,1.4449685534591195,0.02693848395733783,682,"Holy crap. Rapunzel cut her hair, got married and bought a condo!"
1523,151,54,181,415,650,1.4446153846153846,0.025228887206235187,682,They're insufferable since they invented stairs.
2995,152,47,142,344,533,1.4427767354596623,0.02820060133524257,682,"If they make us put on those stupid house slippers again, I’m leaving."
1772,153,51,138,355,544,1.4411764705882353,0.028272542054636734,682,Only a stone hedge fund manager could afford a rock like that...
510,154,62,143,402,607,1.4398682042833608,0.027270419664373838,682,"Since they moved to Babel, it is like I just don't know what they're saying."
788,155,52,159,387,598,1.439799331103679,0.026533027455751555,682,I bet it's a walkup.
2590,156,46,164,374,584,1.4383561643835616,0.026315615830627512,682,"See, they never bring anything.  Not even a bladder of wine."
1458,157,58,139,385,582,1.4381443298969072,0.027690401440434352,682,Just take the catapult up to the 5th floor
24,158,44,168,374,586,1.4368600682593857,0.026023789165620637,682,And to think my husband made fun of that wheel thing you invented!
3406,159,46,158,369,573,1.4363001745200699,0.02665831442668589,682,"Hi Julie! Hey, Noah! Still worried about sudden climate change, I see!"
2326,160,50,153,377,580,1.436206896551724,0.026879897691840453,682,Oh no! She cut her hair!
3073,161,49,154,375,578,1.4359861591695502,0.026833216216746867,682,You'll have to take the stairs. Elevator won't work for a couple thousand years.
3164,162,42,163,362,567,1.435626102292769,0.026384093794837506,682,"I am sure the view is spectacular but I hear the super is a real Neanderthal."""
631,163,55,139,378,572,1.4353146853146854,0.02770002884202391,682,GO THROUGH THE EVOLVING DOOR...
1709,164,44,141,342,527,1.4345351043643264,0.028010633153480093,682,"I'm not being obtuse, Margaret. I just don't think sand was the best choice."
1395,165,46,155,368,569,1.4340949033391917,0.026779738264764773,682,They pay a mammoth rent.
183,166,45,142,349,536,1.4328358208955223,0.027797647342338187,682,Ask them if they can bring the mail up with them.
3556,167,58,122,370,550,1.4327272727272726,0.028832266352360213,682,I hear they've got an original Lascaux.
870,168,43,91,276,410,1.4317073170731707,0.03335708144740161,682,"Oh sure, penthouses are great until you realize you're living in a T-Rex snack cupboard."
3530,169,46,140,354,540,1.4296296296296296,0.027761854388357193,682,I hate it when she brings that Neanderthal.
218,170,48,134,354,536,1.4291044776119404,0.028154390853494506,682,"Sorry, it took us a while to find your building."
925,171,47,132,349,528,1.428030303030303,0.028326192468953924,682,"But sea levels aren't estimated to rise THAT much for at least another 12,000 years"
3363,172,32,114,270,416,1.4278846153846154,0.030993412636598758,682,We didn't really need directions.
678,173,37,136,319,492,1.4268292682926829,0.028365254702020604,682,Looks like Beth and Steve didn't get those last two seats on the Ark..
583,174,51,125,356,532,1.4266917293233083,0.028666378291765392,682,See? He didn’t insist on a man cave.
2555,175,36,148,333,517,1.425531914893617,0.02726980805675651,682,Remember to ask about their new cave painting.
159,176,38,141,332,511,1.4246575342465753,0.027761289778995606,682,Hi Carol! Hi Peter!...You know they can only afford that apartment because her dad invented fire.
2912,177,41,134,334,509,1.424361493123772,0.02824872001633695,682,"They want to discuss a business opportunity, something called a pyramid scheme."
1818,177,42,132,335,509,1.424361493123772,0.028385294997547106,682,They say that's the guy that invented the wheel.
3562,179,50,108,334,492,1.4227642276422765,0.030182292997177618,682,I can see Russia
852,180,39,138,334,511,1.4227005870841487,0.02788866799989055,682,What did he have to kill to get the penthouse?
10,181,42,131,336,509,1.4223968565815324,0.028374853764225005,682,the buzzard is broken - come on up
463,182,35,137,321,493,1.4198782961460445,0.027994204618961033,682,"Hi, when did you get an above ground?"
476,183,44,116,326,486,1.4197530864197532,0.029589298417543375,682,"Don't be too jealous,  it's 30% dung"
747,184,38,124,316,478,1.4184100418410042,0.029042688692922963,682,There goes the horizon.
2871,185,43,118,327,488,1.4180327868852458,0.02934993446889416,682,"They started a spear point business, and it took off from there."
1358,186,41,121,324,486,1.4176954732510287,0.02914415803998861,682,He left hunting and gathering to go into commodities.
2048,187,47,91,306,444,1.4166666666666667,0.03204001685488869,682,"Thanks for having them over tonight Cheryl. Last time I saw them it was only me and the two of them and I was the third....you know,....the third....umm...., third......"
2924,188,41,117,320,478,1.4163179916317992,0.029479959387933453,682,"I would come down, but we haven't invented stairs yet"
2215,189,31,132,304,467,1.4154175588865097,0.028390597310410354,682,I still think they built too close to the water.
2806,190,31,135,309,475,1.414736842105263,0.028061735351156303,682,"He takes all the credit, but she got them in on the ground floor."
3510,191,44,108,321,473,1.4143763213530656,0.030137927892162835,682,My sister married for money before it was even invented
512,192,28,137,301,466,1.4141630901287554,0.027932472285988635,682,"I don't know how they can afford it, she's a stay-at-home gatherer."
2107,193,41,107,310,458,1.4126637554585153,0.030366531217125976,682,They certainly didn't waste any time snapping up the penthouse after Rapunzel left.
3570,194,36,116,304,456,1.412280701754386,0.02965738651417946,682,Did you tell them we're on the paleo diet?
2535,195,40,105,304,449,1.4120267260579065,0.03063445271201949,682,"We invented stairs, come on up"
3065,196,40,109,310,459,1.411764705882353,0.030156305758635007,682,The rope is out of order again. You'll have to walk up.
895,197,28,132,297,457,1.411378555798687,0.02827979459885269,682,The Brownstone Age
1583,197,39,110,308,457,1.411378555798687,0.030088487066731492,682,We wanted the view - before it's gone.
3326,199,33,94,263,390,1.4102564102564104,0.03251168891363893,682,The doorman's a bear -- but just ignore him!
2466,200,31,122,296,449,1.4097995545657016,0.029122145482439174,682,We'll be up when stairs are invented.
1481,201,35,116,303,454,1.4096916299559472,0.029567501263437795,682,Oh! You’re so lucky! You got the one with the mammoth view!
2058,202,38,109,305,452,1.4092920353982301,0.03014795952610945,682,I just love these old brownstones.
1713,203,27,126,288,441,1.4081632653061225,0.028762941504359197,682,I hate hearing about how they get their steps in every day.
3221,204,39,99,296,434,1.4078341013824884,0.031189984381506938,682,I can't wait until someone invents stairs.
2453,205,27,127,290,444,1.4076576576576576,0.028629118763184958,682,"Inventing fire has been very, very good to you."
2009,206,39,91,285,415,1.4072289156626505,0.032203509468329415,682,Act impressed and wave. The next tyrannosaurus rex will wipe that smile off their faces.
2530,207,39,101,300,440,1.4068181818181817,0.030878919836683304,682,"Their old home was a pit. This place, rocks."
996,208,24,123,274,421,1.4061757719714965,0.02908162838567823,682,Sorry we're late. We didn't have the exact address.
2294,209,30,115,286,431,1.406032482598608,0.029742352644795484,682,They're so pretentious since moving into Stump Tower.
914,210,28,109,270,407,1.4054054054054055,0.030538839046522603,682,No wonder they're always late to the party.
948,211,39,97,296,432,1.4050925925925926,0.03127410957018274,682,"Hi, Rapunzel!   I see you've cut yout hair!"
1130,211,31,113,288,432,1.4050925925925926,0.02986866466479253,682,I never knew gatherers could be so upwardly mobile.
2803,211,30,115,287,432,1.4050925925925926,0.029688306263394002,682,"“They’re smiling now, but just wait until someone discovers fire.”"
2991,211,27,121,284,432,1.4050925925925926,0.02914053411629308,682,"Just don't forget, they still have to haul up their berries and kills."
177,215,50,74,306,430,1.4046511627906977,0.03322125933409105,682,"these motherfuckers— you know i used to work at the coöp with her, and she’s all righteous and earthy, basically a freegan, then her dad leaves her a ton of money and she quits that same day the dumb fucken— oh shit they see us, be nice, ""Hey Elise!"""
3117,216,33,107,288,428,1.4042056074766356,0.0304158932415412,682,I still think the  classic deep cave in solid rock has better resale value long-term.
3518,217,29,112,282,423,1.4018912529550827,0.029908648949474124,682,"Oh, so that's what they meant by ""Upper Paleolithic."""
332,218,30,103,273,406,1.4014778325123152,0.03095503045518804,682,She told him she'd absolutely had it with the man-caves
3240,219,34,101,286,421,1.4014251781472684,0.0309301515138182,682,"Hi, are the bears still living on the first floor?"
1670,219,36,97,288,421,1.4014251781472684,0.03129370780238764,682,"First the wheel, and now this."
2374,221,39,80,276,395,1.4,0.033321551174366686,682,But what I want to know is why are cavemen always white?
384,222,39,87,287,413,1.3995157384987893,0.0322597504889378,682,"What are you talking about Tom? It’s 10,000 BC, of course it’s a walk-up!"
1785,222,45,75,293,413,1.3995157384987893,0.033334891948262065,682,Hey-looks like the board removed the Trump sign off of the building..
1900,222,29,107,277,413,1.3995157384987893,0.03038342150393119,682,"Stonehenge was impressive, but this is just showing off."
3025,225,33,98,280,411,1.3990267639902676,0.031249911110724792,682,"That could be us in 10,000 years."
2952,226,37,86,278,401,1.399002493765586,0.03257062162060363,682,"They are so inventive, first the wheel, and now stairs."
2757,227,34,95,280,409,1.3985330073349633,0.03154376115654492,682,"She didn't even know him that long, and look at the size of that rock!"
1231,228,33,94,275,402,1.3980099502487562,0.031732089779416585,682,Tell me they didn’t need tools to build that!
1188,229,40,81,284,405,1.3975308641975308,0.032890116349425964,682,"I don’t care how good the view is, I’m still calling them cavemen,"
3577,229,23,115,267,405,1.3975308641975308,0.02956283470584707,682,You’re calling it a “brownstone walkup”? That’ll never stick...
300,231,22,116,265,403,1.3970223325062034,0.029446669115231822,682,"So he has this idea to put rooms on top of each other, but he hasn’t worked out how to get back down"
1767,232,30,99,272,401,1.3965087281795512,0.031181544694702055,682,It is so hard keeping up with the Stoneses!
3329,233,29,100,270,399,1.3959899749373434,0.031083665797593824,682,Sorry we’re late. We couldn’t find the place.
305,233,30,98,271,399,1.3959899749373434,0.03128559699344741,682,This is going to give the archaeologists a fit.
108,235,25,106,264,395,1.3949367088607596,0.030459425592938988,682,Can you see Russia from there?
233,235,26,104,265,395,1.3949367088607596,0.030669652756282972,682,Gathering must be good! A penthouse and a cave at the coast!
1789,235,22,112,261,395,1.3949367088607596,0.02981985293783689,682,Makes our place look like the Stone Age.
2765,235,33,90,272,395,1.3949367088607596,0.03210271872233409,682,Come on up. We can see Russia from here!
537,239,29,95,265,389,1.3933161953727506,0.0316113162767973,682,Shame they couldn't find something more down to earth.
1619,239,31,91,267,389,1.3933161953727506,0.032027758548683644,682,"Steve and I would love to visit, but we hear you'll have no elevator service for the next 11,724 years."
1008,241,31,89,264,384,1.3932291666666667,0.03231932395640505,682,``Just smile. Keep walking. Wave. Don't slow down. They're insufferable.''
542,242,42,68,277,387,1.392764857881137,0.034353951883322756,682,I thought you said the G7 summit WASN'T going to be held at trump tower!?
2891,242,29,94,264,387,1.392764857881137,0.03171976653340187,682,There are still few units left at rock bottom prices
1296,244,26,99,260,385,1.3922077922077922,0.031185173385336183,682,"They call it a high rise, but I don’t think it will ever catch on."
267,245,17,51,149,217,1.391705069124424,0.04276086799241714,682,Adam and Eve discover capitalism.
2174,246,23,102,254,379,1.3905013192612137,0.030834172900570243,682,We'll be down in an hour.
2552,247,33,81,263,377,1.389920424403183,0.033140128020214446,682,"I know their sand castle looks nice, but wait until high tide."
1600,247,30,87,260,377,1.389920424403183,0.03249524026808834,682,Things are going so well for them since she invented the wheel!
499,249,15,55,148,218,1.389908256880734,0.041597948759471245,682,What are you babbling about ?
794,250,28,89,256,373,1.388739946380697,0.032285489297142776,682,Before he invented the wheel they were cave dwellers just like the rest of us.
3353,250,27,91,255,373,1.388739946380697,0.03206148823808062,682,I guess that wheel idea he kept talking about wasn't such a bad idea.
586,252,23,98,250,371,1.3881401617250675,0.03125641966103737,682,That wheel start up idea really worked out for them.
74,253,37,69,263,369,1.3875338753387534,0.03449532798484295,682,"How, high are you?"
1716,253,32,79,258,369,1.3875338753387534,0.03341086068950716,682,See you in the Smithsonian.
1887,253,33,77,259,369,1.3875338753387534,0.03363055188615408,682,Text us when you get the elevator installed.
2017,253,28,87,254,369,1.3875338753387534,0.03251725664011446,682,"'Penthouse, primal art and fixtures, natural light and room temperature - open fires every floor.'"""
3368,253,29,85,255,369,1.3875338753387534,0.032742944088043076,682,You'll eventually cave too!
1278,258,21,100,246,367,1.3869209809264305,0.0309968512564055,682,I bet she mentions it's prewar within 5 minutes.
2159,258,29,84,254,367,1.3869209809264305,0.03286215965385779,682,The neighborhood’s changing. I can see the writing on the wall.
2337,258,19,104,244,367,1.3869209809264305,0.03051271211291696,682,I should have married a gatherer.
3453,261,20,99,241,360,1.386111111111111,0.03114081738231835,682,"Wow.  First fire, then the wheel, and now this."
175,262,23,94,246,363,1.3856749311294765,0.031694830334390925,682,"The Sandcastles liked to flaunt their wealth, but high tide always brought them back to earth."
1219,262,28,84,251,363,1.3856749311294765,0.03287342841566477,682,Penthouse? I bet he got her a big rock too.
2450,262,22,96,245,363,1.3856749311294765,0.03145381160926328,682,"God, I hope it's not a walk up."
520,265,30,79,252,361,1.3850415512465375,0.03345766567244933,682,"Hurry up, Ugan has another idea! He calls it a wheel."
3137,266,33,71,252,356,1.3848314606741574,0.03448328707153362,682,I'll tell you this--the last tenant left a LOT of shampoo!
3037,267,31,75,251,357,1.3837535014005602,0.03394295525817789,682,They struck it rich in bronze futures.
1770,268,23,90,242,355,1.3830985915492957,0.03215040244060947,682,It's a great investment.  Can you imagine what it'll go for in the bronze age?
2733,269,19,65,185,269,1.3828996282527881,0.03753363881573985,682,What's she saying?  Crumb Tower?  Frump Tower?
2057,270,18,49,155,222,1.382882882882883,0.042460827997222006,682,"My God, a penthouse that's actually occupied!"
1301,271,28,79,246,353,1.3824362606232294,0.03349096697299028,682,"The very first episode of ""Love It or List It""."
1276,272,23,88,240,351,1.3817663817663817,0.03238495870323215,682,She married a retired cliff dweller.
2529,273,24,85,240,349,1.3810888252148996,0.03275632557715364,682,"Well, it's a step up from his man cave."
3183,274,27,66,222,315,1.380952380952381,0.03601380820764122,682,Enjoy your stay. Don't forget you have fourteen days after checkout to write a review.
390,275,18,96,233,347,1.3804034582132565,0.0313217068577555,682,My husband has an idea for something he calls ‘stairs.’
2059,275,26,80,241,347,1.3804034582132565,0.03338133910588108,682,They call it “The Top of the Rock”.
831,277,29,77,249,355,1.380281690140845,0.03357459895283227,682,Sorry we're late. Thad wouldn't let us ask for directions.
915,278,40,50,253,343,1.379008746355685,0.03701577299904184,682,Look! It's the last Trump Tower!
84,279,22,85,234,341,1.3782991202346042,0.032729782889992017,682,There is no running water but we can almost see it from here
549,279,26,77,238,341,1.3782991202346042,0.033767438391846455,682,"I know you gave me the address. What's an address?"""
1394,279,29,71,241,341,1.3782991202346042,0.03452521978478913,682,... and there’s underground parking for our wheel!
1953,279,21,87,233,341,1.3782991202346042,0.032465187295713106,682,Og is compensating for something else.
154,283,20,87,230,337,1.3768545994065282,0.032437190788070086,682,"Stairs"" just don't get the same acclaim as ""fire"" or ""the wheel."
172,283,22,83,232,337,1.3768545994065282,0.032977220155785546,682,Best part about this place is it is overlooking Jurassic Park.
3445,285,28,70,237,335,1.3761194029850747,0.03468497132608483,682,It looks pretty much like the way the ants left it.
3592,285,23,80,232,335,1.3761194029850747,0.03337175068930309,682,Sorry. All I'm hearing is babble.
1605,285,17,92,226,335,1.3761194029850747,0.03172421084727264,682,It looks bigger in the brochure.
2550,285,23,80,232,335,1.3761194029850747,0.03337175068930309,682,"Mom, Dad, this is Tyler.  I may have suggested to him that we're gods."
1866,289,18,89,226,333,1.3753753753753755,0.032122544491279256,682,They're so evolved.
3287,289,19,87,227,333,1.3753753753753755,0.032402904871791635,682,We forgot how to get down but we love it here.
1710,291,20,84,227,331,1.3746223564954683,0.03280458060954116,682,"Sure, the view’s nice, but who wants to live in a place that doesn’t allow you to paint the walls of your own cave?"
2005,292,28,67,234,329,1.3738601823708207,0.03510878183718758,682,We are so stoned.
18,293,22,77,226,325,1.3723076923076922,0.033751053478795034,682,Live there? Not in a million years!
642,293,25,71,229,325,1.3723076923076922,0.03458487628875575,682,They always did think they were above us.
3392,293,27,67,231,325,1.3723076923076922,0.03512976476667486,682,Here come the social climbers
3500,296,22,75,223,320,1.371875,0.034106783464459625,682,Stop up for drinks and then we'll go clubbing.
3463,297,22,68,212,302,1.3708609271523178,0.035485173737177154,682,"I have no idea what a timeshare is, but at least we get a free dinner."
1495,298,24,71,226,321,1.3707165109034267,0.03458768249533487,682,"If we have to hear the story about their woolly mammoth rug one more time, I swear Susan..."
689,299,17,59,175,251,1.3705179282868525,0.03840273742511326,682,Look! We invented windows!
1171,300,18,82,219,319,1.3699059561128526,0.03298218522009633,682,"Remember, if Steve tries to rent us one of his units again, don’t cave."
3135,300,28,62,229,319,1.3699059561128526,0.03584663914523575,682,Why do you always wave ? She still has your casserole dish
352,302,18,69,197,284,1.369718309859155,0.035655757175636286,682,I don't want to seem braggadocios but we did have to invent the number 5 to live up this high.
646,303,27,63,227,317,1.3690851735015772,0.03572080162668145,682,Welcome to our Home-o-Erectus!
1685,303,25,67,225,317,1.3690851735015772,0.03515742241291185,682,Mazel tov! They finally took the Trump Tower sign off your building.
2588,303,22,73,222,317,1.3690851735015772,0.034295005081216995,682,Jim just invented fire. Come for dinner!
1467,306,15,86,214,315,1.3682539682539683,0.03231419588841518,682,This is a huge upgrade from that cave they were living in before
1965,306,15,86,214,315,1.3682539682539683,0.03231419588841518,682,Told you they'd be in matching outfits....
1503,308,15,84,211,310,1.367741935483871,0.032644104118782484,682,I love your two water buffalo garage on your ground floor.
2198,308,23,68,219,310,1.367741935483871,0.035109394511901884,682,Let’s get stoned!
2376,308,21,72,217,310,1.367741935483871,0.034509586648839366,682,We should have met at the restaurant.
1178,311,18,79,216,313,1.3674121405750799,0.03337032085580344,682,She did say her cave drawings were selling like crazy.”
1059,312,25,64,222,311,1.3665594855305465,0.03560379344043281,682,And so began the time of condo-sapiens
570,313,25,62,219,306,1.3660130718954249,0.03600756732431311,682,We could have brought the wheel!  There's plenty of parking.
3560,313,19,74,213,306,1.3660130718954249,0.034175559747322025,682,Contractor says windows and doors are 6-8 weeks out... at least.
2460,315,17,79,213,309,1.3656957928802589,0.03332225292939441,682,"Mom, Dad, I thought you weren't coming home till 4."
2156,315,21,71,217,309,1.3656957928802589,0.0345605393010013,682,"The upper 1%, circa 7,000 BCE."
1167,317,20,72,215,307,1.3648208469055374,0.03439580059571532,682,I wish they’d stop flaunting their new pentcave.
1542,317,20,72,215,307,1.3648208469055374,0.03439580059571532,682,"WHAT, NO DOORMAN?"
2006,317,20,72,215,307,1.3648208469055374,0.03439580059571532,682,I can’t believe how fast this place is gentrifying.
198,320,11,44,126,181,1.3646408839779005,0.044298537161430986,682,Sorry we're late. Foot traffic was terrible.
2655,321,24,61,214,299,1.3645484949832776,0.03627763962919364,682,The top unit was the only unit left.  It was last but not leased.
185,322,18,75,212,305,1.3639344262295081,0.03390771854179684,682,The view is good but the bathroom is on the ground floor.
212,322,22,67,216,305,1.3639344262295081,0.03515700006645351,682,Just smile. And don't say anything about the middle school not being accredited.
418,322,23,65,217,305,1.3639344262295081,0.03546244454226664,682,"No, she left last month. She said she was tired of people checking out her hair."
1765,322,34,43,228,305,1.3639344262295081,0.038663399806035025,682,SO YOU REALLY DID MOVE ON UP TO THE EASTSIDE..?
2026,326,22,65,213,300,1.3633333333333333,0.035555265234786484,682,"Rapunzel sold!  We're the new owners, c'mon up!"
890,327,18,74,211,303,1.363036303630363,0.034045782725719544,682,"Yeah, but what do you want to bet it's a walk-up?"
2638,328,22,59,203,284,1.3626760563380282,0.036935227037773105,682,They better not draw on our walls.
3266,329,23,63,215,301,1.3621262458471761,0.03576845668936003,682,So smug now that they're at the top of the food chain.
2398,329,16,77,208,301,1.3621262458471761,0.03353123520314607,682,Good morning! Welcome to the Brownstone Age.
312,331,16,75,205,296,1.3614864864864864,0.03389525813954821,682,Living in the rock versus under it has really changed our point of view.
2880,331,17,73,206,296,1.3614864864864864,0.03423145898934203,682,"Hi Mom, this is Harold. I told you he looks just like Dad."
1970,333,16,63,184,263,1.361216730038023,0.03667539723742172,682,Karen thinks she's so important because her husband invented fire.
2525,334,17,74,208,299,1.3612040133779264,0.033998028401162596,682,We'll come up and visit when someone invents stairs.
3019,334,20,68,211,299,1.3612040133779264,0.03497434046524249,682,I love what you’ve done with the entrance!!
3304,334,16,76,207,299,1.3612040133779264,0.03366629991394132,682,"He bought her a penthouse, it’s not like he discovered fire"
1262,337,19,68,207,294,1.3605442176870748,0.035042820488379055,682,Come on up. We just invented stairs.
898,337,20,66,208,294,1.3605442176870748,0.035372542259474164,682,We’ll visit as soon as the ladder is invented.
2041,337,24,58,212,294,1.3605442176870748,0.03666178744099083,682,Look it's the Babels. I never know what they're talking about.
338,337,21,64,209,294,1.3605442176870748,0.03569921881520396,682,"Oh great, a walk-up."
741,337,17,72,205,294,1.3605442176870748,0.03437388996819686,682,We love your home. It's so neolithic!
3505,342,15,73,198,286,1.3601398601398602,0.0343017694890822,682,"Hi Sheila! We love it! It has some beautiful petroglyphs on the walls, an incredible spear cellar in the basement and something our realtor said we had to have...a fireplace!"
3052,343,19,70,211,300,1.36,0.03455724089898852,682,"Look up, the 1 percent!"
348,344,21,63,208,292,1.3595890410958904,0.035855781143859816,682,Come on up you two! Take the ladder marked “penthouse”.
364,344,23,59,210,292,1.3595890410958904,0.03650631961460952,682,"Of all the floors the Pent's could occupy, they chose the top floor."
1217,344,15,75,202,292,1.3595890410958904,0.033829189324212625,682,"Let’s not invite them up, I hate matching outfits."
1286,344,12,81,199,292,1.3595890410958904,0.03276892666508846,682,A fifth floor walk-up! It must be their starter place.
2073,344,18,69,205,292,1.3595890410958904,0.03485721655389164,682,I can't believe they got the permits to build that tower. It completely ruins the skyline.
3558,344,14,77,201,292,1.3595890410958904,0.03347949947579259,682,I thought their old place was cavernous...
3141,350,21,62,207,290,1.3586206896551725,0.03601419735491471,682,It will never get better than this.
3262,350,14,76,200,290,1.3586206896551725,0.033615143993292664,682,They say his dad got him started with just a few low income caves.
1073,352,22,59,207,288,1.3576388888888888,0.0365074137772084,682,"Just wave, smile, and keep going; I am not climbing up there!"
1421,352,14,75,199,288,1.3576388888888888,0.03375230209030539,682,"Honey, how come we never can keep up with the Cro-Magnons?"
122,354,23,56,207,286,1.3566433566433567,0.037005833283400964,682,"As they approached the building, Joe once again regretted wearing matching outfits to meet his in-laws."
1257,354,18,66,202,286,1.3566433566433567,0.035309309874142505,682,It has the comfort of a cave with a vista view.
2890,356,14,72,195,281,1.3558718861209964,0.03427156333211252,682,"We just visited Noah, he said you are well prepared!"
293,357,22,57,205,284,1.3556338028169015,0.03684021359497321,682,Alexa will let you in
1152,357,17,67,200,284,1.3556338028169015,0.03511096548687684,682,The pyramid was a scam after all.
1746,357,15,71,198,284,1.3556338028169015,0.03439493162225532,682,Is it okay if a couple of Neanderthals come up for a visit?
2044,357,17,67,200,284,1.3556338028169015,0.03511096548687684,682,Congratulations on moving to the Upper East Side!
2553,357,17,67,200,284,1.3556338028169015,0.03511096548687684,682,Can't wait to see what you've done with the walls!
3306,362,21,58,203,282,1.3546099290780143,0.03666710383331859,682,I have the same dress!
2052,362,18,64,200,282,1.3546099290780143,0.035619644593179636,682,See? This is why we need the new zoning ordinance.
1536,362,20,60,202,282,1.3546099290780143,0.036321307281865854,682,Sorry we're late! The GPS took us to the middle of nowhere.
2421,362,21,58,203,282,1.3546099290780143,0.03666710383331859,682,whaddya mean you cut your hair?
446,362,20,60,202,282,1.3546099290780143,0.036321307281865854,682,They moved here from the coast after too many biblical floods.
668,362,23,54,205,282,1.3546099290780143,0.03734909349961063,682,They are definitely looking down on us.
1201,368,22,49,192,263,1.3536121673003803,0.038871042552336,682,Look !   I cut my hair !
1622,369,18,63,199,280,1.3535714285714286,0.035777593659043094,682,I've heard he invented something called stairs
2784,369,21,57,202,280,1.3535714285714286,0.03683532439854702,682,How did they afford that on a scavenger’s salary?
3581,369,17,65,198,280,1.3535714285714286,0.03541799781928301,682,"Who cares about the wheel, know anyone that can build stairs?"
633,372,19,60,199,278,1.3525179856115108,0.03629699507775857,682,"First the wheel, now this. Isn’t Mike amazing?’!"
657,372,10,78,190,278,1.3525179856115108,0.03291996099693917,682,The value is going to skyrocket once we invent stairs.
3009,372,17,64,197,278,1.3525179856115108,0.035574258211683536,682,Just remember your manners and try not to be such a neanderthal.
3275,375,17,56,183,256,1.3515625,0.037614077912802704,682,"First the wheel, now this!"
880,375,16,58,182,256,1.3515625,0.0372045911458308,682,Wouldn't  you know they'd  be the first to have stairs.
3108,375,16,58,182,256,1.3515625,0.0372045911458308,682,We caved and got the penthouse!
3378,375,12,66,178,256,1.3515625,0.035519467658181314,682,Smile and wave honey. They'll be extinct before they can afford our rent.
739,379,16,73,210,299,1.351170568561873,0.03352216594675654,682,Another condo? I remember when that was just a big rock.”
2233,380,17,62,195,274,1.3503649635036497,0.03589243939148056,682,It is one story after the rainy season.
1960,380,10,76,188,274,1.3503649635036497,0.033182923836948555,682,Waive to the Babels honey.
3482,380,13,70,191,274,1.3503649635036497,0.03437030976602632,682,Caves are so last year.
274,380,15,66,193,274,1.3503649635036497,0.035139617235278114,682,What else is he making up for?
1947,380,11,74,189,274,1.3503649635036497,0.033583384096653415,682,They're calling it a Brownstone.
213,385,16,61,189,266,1.349624060150376,0.03622194834439897,682,"Hit the buzzard, I’ll let you in."
1841,386,18,59,195,272,1.349264705882353,0.0364287614100942,682,"How I loathe coming to game night, they always act like they're above us"
3321,386,16,63,193,272,1.349264705882353,0.03567617425311646,682,"Sorry we're early, but hey, we're early humans."
36,388,16,60,188,264,1.3484848484848484,0.036389072027422815,682,Just let yourself up. The doorman got eaten by raptors.
147,389,18,57,192,267,1.348314606741573,0.036881388940408155,682,I told you if you built it we would come...
3096,389,11,71,185,267,1.348314606741573,0.0341044693793085,682,I see you caved and bought the penthouse!
3373,389,18,57,192,267,1.348314606741573,0.036881388940408155,682,We can't understand any of your babel.
1546,392,18,58,194,270,1.348148148148148,0.03659658242837424,682,We moved on up.
1575,392,12,70,188,270,1.348148148148148,0.03426498011632198,682,C'mon up.  Howard has a new man cave.
3337,394,18,56,191,265,1.3471698113207546,0.03705503636239388,682,"Once someone invents the staircase, we’d love to have you up for dinner."
3042,394,14,64,187,265,1.3471698113207546,0.03547850986260624,682,Remember to be impressed when they talk about their two-wheel garage.
3038,394,17,58,190,265,1.3471698113207546,0.03666725999282618,682,Those Smiths.. Always showing off how evolved they are.
2595,394,19,54,192,265,1.3471698113207546,0.037438796511842544,682,Thank God they didn’t build that in my neighborhood.
2253,394,13,66,186,265,1.3471698113207546,0.03507330748067863,682,Hey sis! Guess who invented the ladder!!
2199,394,20,52,193,265,1.3471698113207546,0.03781866270364375,682,Great apartment--must be nice to have invented the wheel.
1492,394,18,56,191,265,1.3471698113207546,0.03705503636239388,682,Who cares if  they've got a view?  It's a fifth floor walk-up!
43,394,12,68,185,265,1.3471698113207546,0.03466336875142701,682,Remind your brother that the co-op frowns on wall drawings.
2304,394,17,58,190,265,1.3471698113207546,0.03666725999282618,682,They were early investors in the hand-axe.
140,403,14,65,189,268,1.3470149253731343,0.035213270974740335,682,I  bet their murals are amazing.
1361,403,16,61,191,268,1.3470149253731343,0.035998260050338994,682,We’ll come back when stairs are invented.
2258,403,18,57,193,268,1.3470149253731343,0.03676649290540471,682,Earliest recorded Airbnb booking.
2652,403,18,57,193,268,1.3470149253731343,0.03676649290540471,682,"Look honey, it's that new couple the Jones's!"
2485,407,16,57,184,257,1.3463035019455254,0.03702253352915382,682,Ugh.  Cro-Magnons think they're so much better than Neanderthals.
3369,408,18,55,190,263,1.3460076045627376,0.03723089045285438,682,They don't identify as cave-people.
3346,408,13,65,185,263,1.3460076045627376,0.03522802805760864,682,I knew we should've worn our nice pelts.
2410,408,14,63,186,263,1.3460076045627376,0.03563760667391426,682,Wow! What a view you must have. I bet you can see Stonehenge.
1239,408,20,51,192,263,1.3460076045627376,0.03800249072292969,682,The Top 1 Percent
316,408,15,61,187,263,1.3460076045627376,0.03604253123826869,682,Too modern!
245,408,20,51,192,263,1.3460076045627376,0.03800249072292969,682,Welcome to our humble adobe.
840,408,14,63,186,263,1.3460076045627376,0.03563760667391426,682,"Nice Digs, does it have a man cave?"
69,415,13,64,184,261,1.3448275862068966,0.03538461096595794,682,I can't believe they chose the brownstone walk-up.
237,415,13,64,184,261,1.3448275862068966,0.03538461096595794,682,You're gonna love them. She makes clothes for a living. And he whacks things with a rock to see what will happen.
993,415,17,56,188,261,1.3448275862068966,0.03701297699826884,682,I thought the evolutionary ladder was just a metaphor.
1521,415,18,54,189,261,1.3448275862068966,0.03740899503515063,682,You're welcome to stay with us if it starts leaning.
2496,415,14,62,185,261,1.3448275862068966,0.03579864713194813,682,There's just no dealing with them since their cave went condo
2903,415,18,54,189,261,1.3448275862068966,0.03740899503515063,682,"We thought about it, but we're finally free and clear on the cave and just want to enjoy that for now."
262,421,20,47,186,253,1.3438735177865613,0.03902213903315044,682,I love  it's  mid-Pleistocene design.
2280,422,13,62,181,256,1.34375,0.03581808270998893,682,"Hey, how's the dawn of civilization looking from up there?"
2283,423,15,59,185,259,1.3436293436293436,0.03637542901296468,682,C'mon in - the Otis guy is inventing something that he says will help.
2098,424,12,68,188,268,1.3432835820895523,0.03434743191656766,682,"Best views in the village, but their paleo dinners suck"
1647,425,15,58,184,257,1.3424124513618676,0.03654501088255498,682,"Hey, there’s Alice! She tells me the view is great, but the wi-fi sucks."
3189,426,14,59,182,255,1.3411764705882352,0.0362938037310365,682,"you guys know that the tide comes back up, right?"
581,427,12,61,177,250,1.34,0.03587125573424783,682,It use to be a termite mound.  Whaddya think?
1864,427,7,71,172,250,1.34,0.03355747931044111,682,"The yard is ""meh."""
2661,427,17,51,182,250,1.34,0.03804457330859333,682,I’d say come up but I don’t know how we got here!
72,430,15,56,182,253,1.3399209486166008,0.03689064558629775,682,How evolved! Does it have a man cave?
161,430,17,52,184,253,1.3399209486166008,0.03773140502218021,682,Let us know when you invent stairs and we'll come visit!
1364,430,16,54,183,253,1.3399209486166008,0.03731339341792459,682,"See, we too could live in luxury if you just stepped up your hunting and gathering a bit."
2939,430,12,62,179,253,1.3399209486166008,0.03559228767602424,682,We hadn't seen them for Ages!
3015,434,10,64,174,248,1.3387096774193548,0.03511868789407476,682,Can you believe it? All those walls and not one painting!
1567,434,17,50,181,248,1.3387096774193548,0.03823442531927824,682,"Oh look honey, Marge and Ed have entered the Upper Paleolithic Age."
1466,434,14,56,178,248,1.3387096774193548,0.036931310440921766,682,It’s a smart move for empty cavers.
1392,434,12,60,176,248,1.3387096774193548,0.0360363977825557,682,Hurry up - happy era just started!
1351,434,17,50,181,248,1.3387096774193548,0.03823442531927824,682,"Welcome to Trump Sand Castle. There's no elevator yet, but he promised."
2138,434,14,56,178,248,1.3387096774193548,0.036931310440921766,682,But how on earth did you get up there?
1103,434,16,52,180,248,1.3387096774193548,0.03780504485680303,682,It’s so brazenly post-Neanderthalic!
62,434,13,58,177,248,1.3387096774193548,0.03648659792325343,682,5th floor walk up. How bohemian!
1121,434,16,52,180,248,1.3387096774193548,0.03780504485680303,682,"We'd invite you up, but Rapunzel has Alopecia."
310,434,9,66,173,248,1.3387096774193548,0.03465071971158547,682,I hate how thin she looks since she started that Paleo diet.
919,434,17,50,181,248,1.3387096774193548,0.03823442531927824,682,"Once we invent the ladder, we'll invite you up!"
2403,445,13,59,179,251,1.3386454183266931,0.03619670462036842,682,You see Roger? You get so much more for your money if you're prepared to buy in a mostly Cro Magnon area.
266,446,14,55,177,246,1.3373983739837398,0.03710887728261975,682,All this just from 'the wheel'?
1762,446,13,57,176,246,1.3373983739837398,0.03665903391890042,682,"We can remain friends, even though we no longer share the same worldview."
2875,446,13,57,176,246,1.3373983739837398,0.03665903391890042,682,It was easy! You’re the only brownstone for miles.
3483,446,17,49,180,246,1.3373983739837398,0.03842682382275244,682,Can we take the elevator? He’s tired from upright walking.
52,450,17,50,182,249,1.3373493975903614,0.03810485143286503,682,It's lovely!  And everything came from Cave Depot?
945,450,15,54,180,249,1.3373493975903614,0.037245193955309855,682,"Before you get jealous, I heard their sex life's terrible."
2347,450,12,60,177,249,1.3373493975903614,0.03591714949492165,682,"Check it out.  We invented the elevator shaft."""
2646,450,13,58,178,249,1.3373493975903614,0.036365220236052244,682,Looks like he finally caved!
2969,450,15,54,180,249,1.3373493975903614,0.037245193955309855,682,Should we tell them that high tide is in two hours?
3202,450,16,52,181,249,1.3373493975903614,0.0376774745404291,682,"As Gertrude looked up with excitement, Bob knew his hunter gatherer days were numbered."
1119,456,19,42,177,238,1.3361344537815125,0.04019005210524753,682,Don't forget to learn to write.
1269,457,13,55,173,241,1.3360995850622406,0.03713828165398745,682,It's great - we can see all of known society from here!
239,458,15,52,177,244,1.3360655737704918,0.037738341266121425,682,"Hey Otis, how did you get up there?"
290,458,10,62,172,244,1.3360655737704918,0.03543339645602289,682,She is still just Jenny from the Rock.
506,458,10,62,172,244,1.3360655737704918,0.03543339645602289,682,"If they start talking about Time Shares, I’m leaving."
1202,458,14,54,176,244,1.3360655737704918,0.03728875216598879,682,I hope they don't spend the whole night talking about all the weight they've lost on the paleo diet again.
1549,458,11,60,173,244,1.3360655737704918,0.03590622436056742,682,"They may look happy, but their marriage is on the rocks."
2173,458,16,50,178,244,1.3360655737704918,0.038182636956343816,682,"Well,  somebody's ""compensating""!"
3079,458,15,52,177,244,1.3360655737704918,0.037738341266121425,682,Makes our cave seem prehistoric.
3099,458,14,54,176,244,1.3360655737704918,0.03728875216598879,682,Oh great! Now every inch of Manhattan has been developed!
3551,458,16,50,178,244,1.3360655737704918,0.038182636956343816,682,"Yes, their wallpaper's ghastly. Yes, they drew it themselves. No, you don't have to comment on it after your third skull of mead."
3499,458,12,58,174,244,1.3360655737704918,0.036372906279992456,682,"First came fire, then the wheel, and at long last, the timeshare."
2698,468,17,49,181,247,1.3360323886639676,0.03829530338516998,682,Guess who climbed up when I let down my hair!
2613,469,12,57,173,242,1.334710743801653,0.03654435238021942,682,Come on up.  Otis has a new invention!  Push 5.
182,469,12,57,173,242,1.334710743801653,0.03654435238021942,682,We'll invent the ladder and be right up.
375,469,16,49,177,242,1.334710743801653,0.038375241994132024,682,I want the same thing only taller.
1808,472,8,64,168,240,1.3333333333333333,0.034766940056237504,682,We'll be up when elevators are invented
44,472,10,60,170,240,1.3333333333333333,0.03575577055312208,682,Check this place out - all exposed stone!”
56,472,17,46,177,240,1.3333333333333333,0.03901983665079552,682,"They want to tell us about their new invention, the timeshare."
341,472,14,52,174,240,1.3333333333333333,0.037655612354528425,682,""" I wonder which rock she found him under. """
514,472,18,44,178,240,1.3333333333333333,0.0394640995810308,682,They left the cave for a 5th-floor walk-up?
909,472,13,54,173,240,1.3333333333333333,0.03718975179142452,682,"Apparently, he was an angel investor in the wheel."
921,472,14,52,174,240,1.3333333333333333,0.037655612354528425,682,You bought this sand castle kit at IKEA ?
1232,472,16,48,176,240,1.3333333333333333,0.03857045694269144,682,Hi Otis! What are you working on?
1734,472,17,46,177,240,1.3333333333333333,0.03901983665079552,682,"Hey Wilma, you need to show Fred the neat new contraption Otis just invented.  Just get in the cage and jab the number 5 Mastodon in the ass."
1869,472,19,42,179,240,1.3333333333333333,0.03990341663602586,682,It's gonna take extinction to get out of that time-share.
3206,472,14,52,174,240,1.3333333333333333,0.037655612354528425,682,Congratulations on fighting for multi-story zoning!
1910,483,12,55,171,238,1.3319327731092436,0.03689383465238338,682,It's an anthill. They're delicious. Come on up.
1455,483,13,53,172,238,1.3319327731092436,0.037371275817403314,682,"Zog thinks it’s too much cave for us, but I disagree."
2309,483,13,53,172,238,1.3319327731092436,0.037371275817403314,682,"Steve and Lisa seem nice, but these new developments have really changed the neighborhood. Now it's all cultivated grains and overpriced bone broth."
401,483,17,45,176,238,1.3319327731092436,0.039222966992217057,682,"Honey, stop waving at the gentrifiers."
234,483,17,45,176,238,1.3319327731092436,0.039222966992217057,682,We'll visit after someone invents stairs.
688,483,13,53,172,238,1.3319327731092436,0.037371275817403314,682,"Well, she wanted THE view, so he caved in."
3484,483,13,53,172,238,1.3319327731092436,0.037371275817403314,682,"Sorry, Rapunzel doesn't live here anymore."
2446,490,13,46,158,217,1.3317972350230414,0.03976339152812355,682,"If you hurry, you can get in on the ground floor."
1261,490,8,56,153,217,1.3317972350230414,0.03698351414182151,682,"Harry recently invented the pail and shovel, and well, one thing just led to another"
196,492,9,43,132,184,1.3315217391304348,0.04178014029821093,682,"Sure, it's nice, but it wiped out so much of the neighborhood's prehistory."
1444,493,13,52,171,236,1.3305084745762712,0.037555185739035456,682,"They're building a whole circle of these, opening to the Summer Solstice."
3350,493,10,58,168,236,1.3305084745762712,0.03608609006024001,682,So why are we still stuck in a cave?
2194,493,13,52,171,236,1.3305084745762712,0.037555185739035456,682,This must be the Tower of Babel because I can't understand a word you're saying
1302,493,17,44,175,236,1.3305084745762712,0.03942892444179845,682,He made all his money in recently created fuels.
455,493,12,54,170,236,1.3305084745762712,0.0370719563714616,682,Hopefully they won’t spend the whole night whining about their condo fees again.
832,493,12,54,170,236,1.3305084745762712,0.0370719563714616,682,"Just smile and wave, so Frank Wheel got to the patent office ahead of you, get over it."
930,493,15,48,173,236,1.3305084745762712,0.038503454770517045,682,"Sure they live in a penthouse...
her father made a killing in boulders!"""
471,493,12,54,170,236,1.3305084745762712,0.0370719563714616,682,Someday this will be known as the Condolithic age.
509,501,9,52,151,212,1.330188679245283,0.038086318507372305,682,I can't believe these vertical caves will ever take off.
225,502,10,57,167,234,1.329059829059829,0.03625432005804793,682,what do you think they're compensating for?
343,502,8,61,165,234,1.329059829059829,0.03522798380037585,682,Gentrification has ruined everything.
1375,502,11,55,168,234,1.329059829059829,0.0367567430954824,682,No way I’m helping pack out his rocks and boulders when they move again.
1468,505,8,60,163,231,1.329004329004329,0.03551022815084773,682,"No Sarah, we can't see Russia from up here."
2221,506,15,41,160,216,1.3287037037037037,0.040893876710223716,682,"Great... This time I'll eat the Paleo T-Rex steak, and he picks up the check."
3386,507,10,56,166,232,1.3275862068965518,0.03642464679220405,682,Take the stairs. We just invented them.
2999,507,15,46,171,232,1.3275862068965518,0.03890179826329423,682,"Oh, my God, a fifth floor walk-up... Pretend that it's great."
3553,509,11,53,165,229,1.3275109170305677,0.037247240875796936,682,You should see the art in their lobby!
3018,509,11,53,165,229,1.3275109170305677,0.037247240875796936,682,This will never catch on.
2399,509,13,49,167,229,1.3275109170305677,0.03826183076756132,682,They get a 4th floor walk up and now they think they’re gods.
181,509,10,55,164,229,1.3275109170305677,0.03672943754601622,682,I can’t believe Marcia and Dan are wearing matching pelts again...
1157,509,11,53,165,229,1.3275109170305677,0.037247240875796936,682,What are stairs?
1750,509,12,51,166,229,1.3275109170305677,0.03775794384328376,682,Thanks again for watching the pterodactyl while we're gone!
2967,515,15,44,168,227,1.3259911894273129,0.0394587004970756,682,Now THAT'S a sandcastle !
1996,515,14,46,167,227,1.3259911894273129,0.03896157350542571,682,I wonder what they pay in axes.
2926,515,11,52,164,227,1.3259911894273129,0.03743059851673518,682,We flipped the cave for windows and a view.
3398,515,13,48,166,227,1.3259911894273129,0.038458020946474436,682,Hello! Should we pick up some fire before heading up?
1179,515,14,46,167,227,1.3259911894273129,0.03896157350542571,682,Maybe we should tell them it’s built on a fault line
825,515,12,50,165,227,1.3259911894273129,0.03794778702665337,682,It's a new development called the Tower of Babel!
780,515,17,40,170,227,1.3259911894273129,0.04043462272256739,682,What the hell is this? We haven't even invented stairs or elevators yet!
1612,515,12,50,165,227,1.3259911894273129,0.03794778702665337,682,"Hi Neighbors. Does this remind you of the New Yorker Rapunzel cartoon from a couple of months ago, too?"
3432,523,16,41,168,225,1.3244444444444445,0.040167199056824296,682,They bought last year. Have you been living in a cave
3365,523,12,49,164,225,1.3244444444444445,0.03814018512462135,682,"Hey,look!  I was right...told you so!  The Earth is flat!"
3291,523,10,53,162,225,1.3244444444444445,0.03708515392950808,682,"You go girl, he invents the wheel and you get a penthouse!"
3083,523,9,55,161,225,1.3244444444444445,0.03654621871401703,682,"Yes, Honey, he did want a man cave, more than almost anything."
2798,523,12,49,164,225,1.3244444444444445,0.03814018512462135,682,"Yes, it’s a walk-up. Of course it’s a walk-up. What did you expect?"
1518,523,12,49,164,225,1.3244444444444445,0.03814018512462135,682,They invented stairs to keep the Neanderthals out of the neighborhood.
1078,523,9,55,161,225,1.3244444444444445,0.03654621871401703,682,It’s mid-century pre-historic!
740,523,13,47,165,225,1.3244444444444445,0.03865690444180609,682,Is it a pre-war or pre-historic walkup?
558,523,6,61,158,225,1.3244444444444445,0.03487948513446191,682,If Brock tries to tell us about how he invented the wheel again I swear I’m going to jump.
95,523,17,39,169,225,1.3244444444444445,0.04065816547451552,682,I can't believe the Flintstones bought the penthouse suite at Trump Tower!
1183,523,13,47,165,225,1.3244444444444445,0.03865690444180609,682,No jokes about global warming and when the flood is coming!
2664,534,12,48,163,223,1.3228699551569507,0.03833518986492636,682,"Now Harry, please don't make fun of their very, very long legs."
1,534,10,52,161,223,1.3228699551569507,0.0372664526740021,682,I hope he invented the fire escape as well.
775,534,12,48,163,223,1.3228699551569507,0.03833518986492636,682,You’ll be just fine.  The tide will never come this far!
2298,537,14,33,142,189,1.3227513227513228,0.04416669671520242,682,We're naked up here!
1099,538,13,45,163,221,1.3212669683257918,0.03906297725305986,682,"We are on our way down, see you in an hour"
1117,538,17,37,167,221,1.3212669683257918,0.041115173997990105,682,"You may feel smug now, atop your sandcastle, but the tide comes in in just two hours."
1706,538,12,47,162,221,1.3212669683257918,0.03853285424958927,682,"It's called a TowneHouse.  It comes with fire, a wheel and enough wall space to draw on for ages."
3357,538,13,45,163,221,1.3212669683257918,0.03906297725305986,682,Look how happy they are! I told you that stone and mortar was a great investment!
475,538,10,51,160,221,1.3212669683257918,0.03745010261820554,682,"Ever since they convinced everyone to wear clothing, they can’t find enough ways to spend the money."
1267,538,13,45,163,221,1.3212669683257918,0.03906297725305986,682,"I'll be damned, Krog and Linda bought a penthouse. Must have been a good year for hunting and gathering."
472,538,17,37,167,221,1.3212669683257918,0.041115173997990105,682,I can't believe they found a pre-war building with an elevator.
1692,538,6,59,156,221,1.3212669683257918,0.035184781441728416,682,"Nice evolving, Thagette!"
264,538,12,47,162,221,1.3212669683257918,0.03853285424958927,682,Cool building. But I’ve heard that their neighbors are Neanderthals.
260,538,16,39,166,221,1.3212669683257918,0.04061184799577605,682,Cro-Magonminiums
250,538,11,49,161,221,1.3212669683257918,0.03799533552118086,682,I love what you did with your mound!
102,538,11,49,161,221,1.3212669683257918,0.03799533552118086,682,"Can you imagine having to haul a wooly mammoth carcass up all those steps?  I'll keep my one story cave, thank you."
7,538,17,37,167,221,1.3212669683257918,0.041115173997990105,682,"Just look at those Jones.  Last month they bought a car before the wheel was invented, now they live in a high rise without an elevator."""
298,538,13,45,163,221,1.3212669683257918,0.03906297725305986,682,Isn't it nice? They used their new homo erector set!
3249,552,9,52,157,218,1.3211009174311927,0.03721675986334321,682,"Of course it’s a walk up, how else could we afford it?"
1942,552,12,46,160,218,1.3211009174311927,0.03888342860606169,682,"That's nice, but is it rent controlled?"
1711,552,11,48,159,218,1.3211009174311927,0.03833592420976765,682,It's a walk-up but we got a great deal
253,552,15,40,163,218,1.3211009174311927,0.0404815368482922,682,"Look, honey, the Johnsons built a T-rex feeder!"
259,552,12,46,160,218,1.3211009174311927,0.03888342860606169,682,I don't know where they get the rubble to pay for it.
1446,557,8,53,154,215,1.3209302325581396,0.036961246631045046,682,Can you believe it? A four-story climb-up!
2671,557,15,39,161,215,1.3209302325581396,0.04087071604972255,682,"Oh shit, they saw us. Act like you're just a friend."
946,559,9,40,132,181,1.3204419889502763,0.04197925641710982,682,"Look, it's the Jefferstones."
2715,560,11,47,158,216,1.3194444444444444,0.038534282121905274,682,It's nice that they live only a stone's throw away.
2718,560,15,39,162,216,1.3194444444444444,0.04070818329519197,682,Look. It's the Trumps.
3307,560,13,43,160,216,1.3194444444444444,0.03963613935441704,682,Wow! They got the best box seats so we can watch the game before we eat it!
1283,560,9,51,156,216,1.3194444444444444,0.03739997666280567,682,"what do you mean, you cut your hair!"
950,560,13,43,160,216,1.3194444444444444,0.03963613935441704,682,"Yeah, they caved in and moved to an apartment."
256,560,14,41,161,216,1.3194444444444444,0.04017573726839194,682,We heard you invented stairs!
823,566,13,42,158,213,1.3192488262910798,0.04001148071694126,682,"Don't cry for me, Mesopotamia."
3118,566,12,44,157,213,1.3192488262910798,0.03945412128680052,682,"I predict that, in the future, buildings will only grow bigger, taller, and more penis-shaped."
625,568,10,53,166,229,1.3187772925764192,0.03654452792548127,682,They're the epitome of upright mobility.
731,569,11,28,118,157,1.3184713375796178,0.04784957286568857,682,"Hard Rock Hotel? What's a ""hotel""?"
2217,570,9,50,155,214,1.3177570093457944,0.03758556072577596,682,Come up! You can see Mesopotamia from our house!
2429,570,16,36,162,214,1.3177570093457944,0.04147063006422584,682,Hi Melania!
2487,570,11,46,157,214,1.3177570093457944,0.03873536256483161,682,Sorry we didn't call first
2641,570,10,48,156,214,1.3177570093457944,0.03816479194296721,682,"She told me they were living in the first ""brownstone,"" whatever that is."
2711,570,16,36,162,214,1.3177570093457944,0.04147063006422584,682,"Just smile. She found a guy she likes who’s good with a pail and shovel. Don’t spoil it by telling her when the tide comes in, they’re toast."
2974,570,10,48,156,214,1.3177570093457944,0.03816479194296721,682,"Man invents house envy. 3,500 B.C."
1649,570,12,44,158,214,1.3177570093457944,0.03929764982804876,682,"Nice try, Helen, but my armpit is still hairier than yours."
3005,570,12,44,158,214,1.3177570093457944,0.03929764982804876,682,"Skyscraper? They’ll always be knuckle draggers to me, Carl."
3035,570,14,40,160,214,1.3177570093457944,0.040398752703096,682,You two finally got the penthouse. Congrats.
3081,570,9,50,155,214,1.3177570093457944,0.03758556072577596,682,Welcome to the Grand Opening of 30 Rock!
2841,570,10,48,156,214,1.3177570093457944,0.03816479194296721,682,They are such social climbers!
1648,570,5,58,151,214,1.3177570093457944,0.035173377704665505,682,"Stone Age Towers
What! Look at you two. You bought the pentcave!"
135,570,13,42,159,214,1.3177570093457944,0.03985200435344405,682,"Your old drawings in the cave don't even compare!"""
1190,570,13,42,159,214,1.3177570093457944,0.03985200435344405,682,We'll come down when the election is over.
35,570,11,46,157,214,1.3177570093457944,0.03873536256483161,682,"Pre-war? This is pre-door. Wave and walk, wave and walk."
1216,570,15,38,161,214,1.3177570093457944,0.04093819962998971,682,Our realtor said it's still technically Williamsburg
139,570,12,44,158,214,1.3177570093457944,0.03929764982804876,682,I still don't think they know how high tide works.
272,570,15,38,161,214,1.3177570093457944,0.04093819962998971,682,Look at the building Jake made for Nora... and you can't even fix the mammoth trap.
110,570,8,52,154,214,1.3177570093457944,0.036997262143191205,682,Did you ever notice how they're always looking down at us?
1021,570,15,38,161,214,1.3177570093457944,0.04093819962998971,682,Wait...What are you standing on?
1052,570,13,42,159,214,1.3177570093457944,0.03985200435344405,682,Can't tell you how happy we are to see you guys ! Can you put the ladder back up ?
1176,570,18,32,164,214,1.3177570093457944,0.042515492421961176,682,Is this the church of Ladder Day Saints?
826,570,6,56,152,214,1.3177570093457944,0.03579166757967618,682,"Yeah, it'll be awesome once someone invents stairs."
385,593,13,41,158,212,1.3160377358490567,0.04007099119757954,682,This is the model. My dream is a descendant will fill the land with towers and then profit by having visiting dignitaries stay there.
791,593,6,55,151,212,1.3160377358490567,0.03595426656377748,682,Imagine schlepping those stairs with a ton of mastodon steaks?
2307,593,13,41,158,212,1.3160377358490567,0.04007099119757954,682,A great view...They can see the tarpits from that window!
2545,593,10,47,155,212,1.3160377358490567,0.03836081556306325,682,Are we the first ones here?
1859,597,13,40,156,209,1.3157894736842106,0.040458216567674066,682,Congratulations! They approved your height variance last night!
1792,598,16,39,170,225,1.3155555555555556,0.039988975553080036,682,They caved and got a fifth-floor walk-up.
1909,599,14,38,158,210,1.3142857142857143,0.04085471618456514,682,I hate her.
1270,599,13,40,157,210,1.3142857142857143,0.04029316775708098,682,Is that a walkup?
3418,599,12,42,156,210,1.3142857142857143,0.03972368186962498,682,I knew you'd finally cave in!
904,599,18,30,162,210,1.3142857142857143,0.04302768528524119,682,"Someday we'll own lots of these, fill them with shit, and become President of the Greatest Democracy On Earth."
886,599,14,38,158,210,1.3142857142857143,0.04085471618456514,682,Drumpf built it - he's calling it the Drumpf Tower !
1162,599,15,36,159,210,1.3142857142857143,0.041408650076312156,682,"Rapunzel, what did you do to your hair, girl?"
3504,605,11,43,153,207,1.3140096618357489,0.03951697357731247,682,Of course it’s high. That’s why it’s called the Stone Age.
3214,605,9,47,151,207,1.3140096618357489,0.03831170800341866,682,"If it weren't the late Pleistocene, I'd be insanely jealous."
3173,605,10,45,152,207,1.3140096618357489,0.038919006737384916,682,It's almost like we never came down from the trees in the first place!
3155,605,13,39,155,207,1.3140096618357489,0.040686550987774954,682,Come into the lobby and get in the box. We will pull  you up.
3121,605,9,47,151,207,1.3140096618357489,0.03831170800341866,682,They can go spelunk themselves.
3013,605,14,37,156,207,1.3140096618357489,0.04125890869335022,682,The elevator’s broken. I’ll wake up Rapunzel.
2282,605,10,45,152,207,1.3140096618357489,0.038919006737384916,682,"Come on up! It’s apartment 10,000B.C."
2270,605,4,57,146,207,1.3140096618357489,0.035118035163035764,682,"Well sure, she looks happy - but I'd never let you drag me up four flights of stairs..."
2162,605,8,49,150,207,1.3140096618357489,0.03769462633922525,682,"No, I'm not jealous they got a penthouse. It's a walk-up."
2093,605,10,45,152,207,1.3140096618357489,0.038919006737384916,682,Bill said they're called windows!
1922,605,12,41,154,207,1.3140096618357489,0.04010602593121651,682,See how well they do when the ice cream truck goes by
1840,605,10,45,152,207,1.3140096618357489,0.038919006737384916,682,"Is it just me, or do they look like they're overcompensating?"
1623,605,11,43,153,207,1.3140096618357489,0.03951697357731247,682,They've always found a way to look down on us.
81,605,15,35,157,207,1.3140096618357489,0.041823434362228185,682,We're staying at The Mirage!
138,605,11,43,153,207,1.3140096618357489,0.03951697357731247,682,He carved this all from one stone and you are still working on this so called wheel.
1690,605,11,43,153,207,1.3140096618357489,0.03951697357731247,682,It is all that wheel money
557,605,8,49,150,207,1.3140096618357489,0.03769462633922525,682,Oh we’re still out in The Caves at Mammoth Point. Just here for brunch!
709,605,10,45,152,207,1.3140096618357489,0.038919006737384916,682,"Sorry, you'll have to climb the stairs. The elevator hasn't been invented yet."
409,605,13,39,155,207,1.3140096618357489,0.040686550987774954,682,"Thanks for the offer, but no. We like the pool at the Ramada"
844,605,9,47,151,207,1.3140096618357489,0.03831170800341866,682,See. Just a stone’s throw away.
1012,605,10,45,152,207,1.3140096618357489,0.038919006737384916,682,Wow.  Who knew inventing the wheel could be so lucrative.
1017,605,7,51,149,207,1.3140096618357489,0.03706727316067928,682,We’ll see how happy they are after the first rain!
1350,605,12,41,154,207,1.3140096618357489,0.04010602593121651,682,It looks like the Rockwell's caved-in and bought the high rise
818,605,8,49,150,207,1.3140096618357489,0.03769462633922525,682,I can't believe they paid so much for a 4th floor walk up.
1608,629,15,35,158,208,1.3125,0.041649243848983886,682,"My God, Agnes, you were so right. Kissing ass really does pay off."
1464,629,12,41,155,208,1.3125,0.03994128331650294,682,They took the fifth-floor rock-up... yikes...
2938,629,10,45,153,208,1.3125,0.038760854559127644,682,Don't wave at them. This is a class divided society now.
3310,632,11,42,152,205,1.3121951219512196,0.03973233982784261,682,"Drop us a line when you get settled,"""
3097,632,10,44,151,205,1.3121951219512196,0.039125884278100695,682,Don't be jealous. It's a walk-up.
1430,632,13,38,154,205,1.3121951219512196,0.04091829472862781,682,"They’re a nice couple, but I’m tired of that trendy paleo diet they’re always on about."
1956,632,10,44,151,205,1.3121951219512196,0.039125884278100695,682,love what you've done with the termite mound!
891,632,7,50,148,205,1.3121951219512196,0.037247319334252814,682,Just be sure you're home before the tide comes in!
2580,632,10,44,151,205,1.3121951219512196,0.039125884278100695,682,Merely walking upright wasn’t enough?
1122,638,10,43,150,203,1.3103448275862069,0.039335638934911404,682,No elevator? These guys are stuck in the brownstone age
1982,638,9,45,149,203,1.3103448275862069,0.038710710923157816,682,Nice now but what happens when they get too old to climb the walls?
2302,638,6,51,146,203,1.3103448275862069,0.03677225978168878,682,"I don't care if it's the latest trend, our old cave offers exactly the same amenities - refuge and shelter."
2610,638,6,51,146,203,1.3103448275862069,0.03677225978168878,682,Try to act impressed and don’t tell them we dwell in a one story cave.
2919,638,12,39,152,203,1.3103448275862069,0.04055661710375477,682,"It's called a high-rise cave environment. Lots more room to draw on the walls, too."
2966,638,12,39,152,203,1.3103448275862069,0.04055661710375477,682,"Look, Howard, it’s the Jeffersons."
3430,638,8,47,148,203,1.3103448275862069,0.03807552744132196,682,Lovely place. So glad you got the zoning change.
3541,645,8,46,147,201,1.308457711442786,0.03826967087289988,682,"Love what you've done to your hair, Rapunzel!"
3517,645,9,44,148,201,1.308457711442786,0.03891425127766403,682,4th Floor and no plumbing?-no thanks.
2910,645,12,38,151,201,1.308457711442786,0.04078691804787976,682,And you wouldn't believe it's rent controlled!
2454,645,8,46,147,201,1.308457711442786,0.03826967087289988,682,Someone's been busy.
1997,645,10,42,149,201,1.308457711442786,0.039548327351258114,682,luxury condos...that'll never catch on
1920,645,11,40,150,201,1.308457711442786,0.04017239649390319,682,Way to flip a termite mound!
1084,645,12,38,151,201,1.308457711442786,0.04078691804787976,682,No wonder their rent is five times higher than ours.
1702,645,10,42,149,201,1.308457711442786,0.039548327351258114,682,"A year ago, there was just a cave here!"
630,645,9,44,148,201,1.308457711442786,0.03891425127766403,682,Are you staying at The Cave down the street?
360,645,14,34,153,201,1.308457711442786,0.0419889886923542,682,We just saved a lot of money by switching to Geico.
321,645,12,38,151,201,1.308457711442786,0.04078691804787976,682,We call it hump tower
191,645,14,34,153,201,1.308457711442786,0.0419889886923542,682,Thank goodness they haven't discovered fire yet or this place would be a safety hazard.
1704,645,9,44,148,201,1.308457711442786,0.03891425127766403,682,It’s ok. We’ll wait until the elevator is invented.
1892,658,11,39,149,199,1.306532663316583,0.04039721671678925,682,"Hello!  Come on up, we’re on floor ugh, ugh, ugh, ugh, ugh."
2146,658,10,41,148,199,1.306532663316583,0.03976400726454192,682,Grok caved in and built me a high rise!
2012,658,6,49,144,199,1.306532663316583,0.0371233200942449,682,Big deal--bet it's walk-up.
1938,658,12,37,150,199,1.306532663316583,0.041020652885978434,682,"Why? Oy, what can I say, no elevator, but it's rent controlled"
3559,658,9,43,147,199,1.306532663316583,0.03912054995786548,682,Impressive but will it cave in?
1669,658,13,35,151,199,1.306532663316583,0.04163475480798013,682,"A rent-controlled penthouse! How could you have been so lucky, Wilma?"
1520,658,7,47,145,199,1.306532663316583,0.037800790197408056,682,"A walk-up is fine when you’re young, but my knees prefer a one-story cave."
357,658,9,43,147,199,1.306532663316583,0.03912054995786548,682,Welcome to our new land-before-time share!
284,658,11,39,149,199,1.306532663316583,0.04039721671678925,682,They haven't invented how to get down yet.
279,658,13,35,151,199,1.306532663316583,0.04163475480798013,682,"Don't roll your eyes if they say it's ""neoloftic""."
1861,658,11,39,149,199,1.306532663316583,0.04039721671678925,682,When your hair gets longer we can come up and see your new place.
3585,669,11,37,146,194,1.3041237113402062,0.04103799209026559,682,Be sure to admire the stairs. They invented them.
2929,669,10,39,145,194,1.3041237113402062,0.040381937110520474,682,Love it! Harry says he’ll chisel me one too.
2883,669,11,37,146,194,1.3041237113402062,0.04103799209026559,682,No we don't. What's an elevator?
2589,669,10,39,145,194,1.3041237113402062,0.040381937110520474,682,You invented the vertical cave!
1944,669,8,43,143,194,1.3041237113402062,0.03903676401538284,682,"Hi ! We hollowed out the neck of a diplodocus and invented architecture, what are you guys up to ?"
1851,669,13,33,148,194,1.3041237113402062,0.04231960177986134,682,Highly evolved.
3271,669,8,43,143,194,1.3041237113402062,0.03903676401538284,682,Now that’s what I call NeanderTALL!
1412,669,11,37,146,194,1.3041237113402062,0.04103799209026559,682,"Hey mom, throw down some money. I hear the Good Humor truck."
1408,669,11,37,146,194,1.3041237113402062,0.04103799209026559,682,What do you mean? Of COURSE it's a walk-up!
1251,669,12,35,147,194,1.3041237113402062,0.04168372278004175,682,"Sorry, the elevator's out of service again. We might have to wake up Rapunzel."
805,669,8,43,143,194,1.3041237113402062,0.03903676401538284,682,I hear it gets very drafty at night.
796,669,13,33,148,194,1.3041237113402062,0.04231960177986134,682,Love the new walkup. So Neolithic!
367,669,13,33,148,194,1.3041237113402062,0.04231960177986134,682,Here's a pizza - catch!
1759,669,8,43,143,194,1.3041237113402062,0.03903676401538284,682,Charming brownstone!
1572,683,10,39,146,195,1.3025641025641026,0.040204577941607665,682,"You were right, we love condo living."
2516,684,7,41,134,182,1.3021978021978022,0.03987531447200662,682,Lucy! Ogg! When did you folks evolve?
1410,685,14,30,148,192,1.3020833333333333,0.04321275301318439,682,"Just look at his face, Marge. This place was totally worth the money."
1558,685,10,38,144,192,1.3020833333333333,0.04061024422135924,682,"Looks like architecture just entered the Erectus period, too."
1610,685,10,38,144,192,1.3020833333333333,0.04061024422135924,682,"'The bells aren't working...come on up"""
1686,685,6,46,140,192,1.3020833333333333,0.03782911376781654,682,Destroys the view for the rest of us.
2518,685,11,36,145,192,1.3020833333333333,0.04127625779468689,682,It's called Babel Towers
2673,685,14,30,148,192,1.3020833333333333,0.04321275301318439,682,"Rapunzel ran away with a prince.  You'll have to use the stairs"""
3269,685,7,44,141,192,1.3020833333333333,0.03854321432202321,682,We'll be down as soon as Rapunzel gets home.
2817,685,7,44,141,192,1.3020833333333333,0.03854321432202321,682,Now that’s a woman cave!
2901,685,6,46,140,192,1.3020833333333333,0.03782911376781654,682,At least their name isn’t on it
3251,685,6,46,140,192,1.3020833333333333,0.03782911376781654,682,"I know it's a walkup,but look at that view!"
3272,685,10,38,144,192,1.3020833333333333,0.04061024422135924,682,"I would let you in, but I've cut my hair."
3276,685,4,50,138,192,1.3020833333333333,0.036358861434709275,682,The real estate agent sold us on the unobstructed view.
1406,685,8,42,142,192,1.3020833333333333,0.039244323055550645,682,Can you believe they're only paying four tusks a month for this place?
2769,685,8,42,142,192,1.3020833333333333,0.039244323055550645,682,Darg must be doing well. They also have a beachfront cave at the tar pits.
1397,685,10,38,144,192,1.3020833333333333,0.04061024422135924,682,"No doorman, fourth-floor walk-up—what are Maud and Bill living in? The Paleolithic Era?"
962,685,11,36,145,192,1.3020833333333333,0.04127625779468689,682,"Look Carl, the Johnson’s are evolving."
1328,685,6,46,140,192,1.3020833333333333,0.03782911376781654,682,"What an eyesore, gentrification is really ruining this neighborhood. ...Oh hey Betsy!"
109,685,9,40,143,192,1.3020833333333333,0.03993312426925087,682,Sorry we can't come down to visit. Stairs haven't been invented yet.
120,685,10,38,144,192,1.3020833333333333,0.04061024422135924,682,"Nice, but the bathroom is on the first floor."
1333,685,10,38,144,192,1.3020833333333333,0.04061024422135924,682,Up stares; down stares
201,685,9,40,143,192,1.3020833333333333,0.03993312426925087,682,"Oh look, it's the Otises, I hope they don't mind all the stairs."
485,685,5,48,139,192,1.3020833333333333,0.037101271226784104,682,Congrats on evolving into Home Erectus!
613,685,5,48,139,192,1.3020833333333333,0.037101271226784104,682,Five floors? They're really trying to keep up with the Sapiens.
143,685,10,38,144,192,1.3020833333333333,0.04061024422135924,682,He hit it big in the pits trading crude oil futures contracts.
770,685,5,48,139,192,1.3020833333333333,0.037101271226784104,682,Sorry we're late.  We had to walk as our wheel is in the shop.
787,685,9,40,143,192,1.3020833333333333,0.03993312426925087,682,"Hi, we're hunting for a gathering.  Is it here?"
1000,685,12,34,146,192,1.3020833333333333,0.04193169421032805,682,We're apartment sitting for the Kushners!
1039,685,9,40,143,192,1.3020833333333333,0.03993312426925087,682,"Keep the faith, Noah!"
1255,685,8,42,142,192,1.3020833333333333,0.039244323055550645,682,The termites left so we moved in; it's called a Hive Rise.
677,685,9,40,143,192,1.3020833333333333,0.03993312426925087,682,I don't understand.   You're just babeling.
591,715,7,44,142,193,1.3005181347150259,0.038374921656139795,682,Is that an authentic brownstone?
2659,715,10,38,145,193,1.3005181347150259,0.0404295895423199,682,"It was a total makeover.  She cut her hair, and they added three windows and a door."
1871,717,11,35,144,190,1.3,0.0415181144684701,682,Come on up. You can see the Bronze Age from here!
3546,717,12,33,145,190,1.3,0.04218351125207436,682,It’s so neo-anderthal.
3536,717,11,35,144,190,1.3,0.0415181144684701,682,Day one of the Timeshareozoic Era.
2748,717,7,43,140,190,1.3,0.038742414210647676,682,"You can take the elevator, but it's a little rocky."
2330,717,14,29,147,190,1.3,0.04348376946203813,682,"Bye bye!
--I never understand a word they say."
2213,717,10,37,143,190,1.3,0.04084187846414619,682,You didn't tell me it was a climb-up.
2040,717,13,31,146,190,1.3,0.04283857390356011,682,They must have a good Cretaceous score.
1811,717,9,39,142,190,1.3,0.04015425561435787,682,"A fourth-floor walk-up at their age?

Anything to get out of the cave, I guess."
515,717,11,35,144,190,1.3,0.0415181144684701,682,The buzzer doesn’t work
1603,717,9,39,142,190,1.3,0.04015425561435787,682,"And so, the Rocky-Fella dynasty began."
1478,717,10,37,143,190,1.3,0.04084187846414619,682,Stop babbling!
1434,717,9,39,142,190,1.3,0.04015425561435787,682,"Otis, I think you need to find a better way to get us up there."
1753,717,12,33,145,190,1.3,0.04218351125207436,682,We like your caveominium.  Is the  hairway  in the back?
464,717,7,43,140,190,1.3,0.038742414210647676,682,"Yeah it's nice, but what the hell is a ""condo""?"
313,717,8,41,141,190,1.3,0.03945465056753504,682,Someone had to invent elitism.
33,717,9,39,142,190,1.3,0.04015425561435787,682,"OK, We'll take the elevator."
3248,733,9,38,140,187,1.2994652406417113,0.04056340415802884,682,Ask them if you'll get your security deposit back if you paint on the walls.
3279,734,10,36,142,188,1.297872340425532,0.0410769063473797,682,Here comes the cave dwellers.
2637,734,6,44,138,188,1.297872340425532,0.038206741045678054,682,"Betty, I'm sure you guys love your new brownstone but think how much more you're going to love it once stairs are invented?"
2354,734,5,46,137,188,1.297872340425532,0.03745484972465548,682,Oh Hi! Sorry. The elevator's out.
1426,734,12,32,144,188,1.297872340425532,0.04243926038400473,682,Elevation?  Yes.  Evolution?  No.
2060,734,5,46,137,188,1.297872340425532,0.03745484972465548,682,I hate visiting them ever since she cut her hair.
1465,734,9,38,141,188,1.297872340425532,0.04037849602989724,682,Are you gonna let down your hair or what?
2074,734,9,38,141,188,1.297872340425532,0.04037849602989724,682,"Manhattan, 1950 BCE"
3146,741,11,33,141,185,1.2972972972972974,0.04221004241445513,682,Vertical caves are the next big thing.
3298,741,12,31,142,185,1.2972972972972974,0.04290037397518342,682,"Well, aren’t you a couple of early risers!"
3061,741,7,41,137,185,1.2972972972972974,0.03932772627940912,682,Seems like we haven’t seen you since the last ice age!
2448,741,12,31,142,185,1.2972972972972974,0.04290037397518342,682,Your mother was a hamster and your father smelt of elderberries!
1305,741,10,35,140,185,1.2972972972972974,0.041508231401128234,682,"No, but we are hunting for a gathering."
1298,741,8,39,138,185,1.2972972972972974,0.040067748388056705,682,A four story walkup. At their age!
2874,741,7,41,137,185,1.2972972972972974,0.03932772627940912,682,You'll just love their decor! It's neo Paleolithic.
98,748,9,36,138,183,1.2950819672131149,0.04102861876924943,682,Waiting For Otis
1977,748,10,34,139,183,1.2950819672131149,0.04175400338278374,682,Their hunting and gathering has worked out well.
3216,748,8,38,137,183,1.2950819672131149,0.04029017644209687,682,"Long prehistoric time, no see."
1984,751,10,33,138,181,1.292817679558011,0.042003486870161796,682,I'd invite you up but I recently cut my hair.
3374,751,11,31,139,181,1.292817679558011,0.04272797986632282,682,Fabulous place!  Those GEICO ads really paid off for you!
3341,751,9,35,137,181,1.292817679558011,0.041266276244008505,682,"Hello Betty, it's been eons!"
3318,751,5,43,133,181,1.292817679558011,0.0381753341599872,682,So typical of the Troglers to skimp on landscaping
2843,751,7,39,135,181,1.292817679558011,0.039750859696826096,682,Of course it won a prize. What architect would vote for a cave?
2456,751,7,39,135,181,1.292817679558011,0.039750859696826096,682,"Nice ascent, man!"
2396,751,9,35,137,181,1.292817679558011,0.041266276244008505,682,It so convenient. We can feed our dinosaur from here.
2018,751,8,37,136,181,1.292817679558011,0.040515653775322284,682,The character of pre-war buildings is unbeatable.
2008,751,9,35,137,181,1.292817679558011,0.041266276244008505,682,...of course they had to have the pentcave...
1934,751,6,41,134,181,1.292817679558011,0.03897105967807033,682,I gather that Crag got headhunted by that big wheel manufacturer.
129,751,8,37,136,181,1.292817679558011,0.040515653775322284,682,I hear he may run for tribal president.
1620,751,9,35,137,181,1.292817679558011,0.041266276244008505,682,You knew they wouldn't be happy until they could brag about living atop the tallest building in the world.
1472,751,9,35,137,181,1.292817679558011,0.041266276244008505,682,"It's nice, but have they invented stairs yet?"
1319,751,10,33,138,181,1.292817679558011,0.042003486870161796,682,They are always so friendly before the floods
1284,751,6,41,134,181,1.292817679558011,0.03897105967807033,682,And don't talk about sports. You can turn into such a Neanderthal.
1164,751,8,37,136,181,1.292817679558011,0.040515653775322284,682,Somehow we knew you would take the Fifth.
713,751,10,33,138,181,1.292817679558011,0.042003486870161796,682,"Hi, we'd love to come up. Is that Rapunzel girl with you"
694,751,7,39,135,181,1.292817679558011,0.039750859696826096,682,"They bid low, but the sellers decided to cave."
578,751,6,41,134,181,1.292817679558011,0.03897105967807033,682,We love condo living...you should see his new man cave!
1673,751,10,33,138,181,1.292817679558011,0.042003486870161796,682,We added yeast to the adobe!
3328,771,8,34,129,171,1.2923976608187135,0.04204119270069229,682,"Hi Mom, I love what you've done with the ivory."
2571,772,6,40,133,179,1.2905027932960893,0.03917334183898954,682,"Soon everybody's gonna wanna walk-up, right?"
3160,772,7,38,134,179,1.2905027932960893,0.03996650359328677,682,"Nice enough couple,  just can’t keep up with the Stoneses."
3123,772,11,30,138,179,1.2905027932960893,0.04299307158163635,682,"It's more climb-up than walk-up, but we made it."
3523,772,6,40,133,179,1.2905027932960893,0.03917334183898954,682,"They say these Stacked Caves are the      
wave of the future"
2635,772,12,28,139,179,1.2905027932960893,0.043716986431610115,682,He invented the wheel!
2497,772,6,40,133,179,1.2905027932960893,0.03917334183898954,682,She wants us to come up through the WHAT escape?
1343,772,10,32,137,179,1.2905027932960893,0.04225675691988006,682,They said they invented something called 'rent control'.
2406,772,9,34,136,179,1.2905027932960893,0.041507382557178375,682,"They bought it with their winnings from Flat, Round, Stone of Fortune."
1928,772,3,46,130,179,1.2905027932960893,0.03669112447064958,682,You need to move out of there.  The writing is on the wall.
1874,772,8,36,135,179,1.2905027932960893,0.04074422791157147,682,We found you on AirBNB
748,772,13,26,140,179,1.2905027932960893,0.04442910759062643,682,Sorry we're late -- parking was a nightmare!
473,772,10,32,137,179,1.2905027932960893,0.04225675691988006,682,"Hey, they made it to the Top of the Rock!"
2458,772,7,38,134,179,1.2905027932960893,0.03996650359328677,682,It’s been 10 years and they still don’t have a single widow dressing.
3496,785,10,31,135,176,1.2897727272727273,0.04272442308817333,682,That's Bob and Sheryl. They invented the wheel AND stairs.
3302,785,6,39,131,176,1.2897727272727273,0.039568119344707026,682,"Sure, it's a fifth-floor walk-up, but the views are spectacular."
2787,785,7,37,132,176,1.2897727272727273,0.04038033102157588,682,"Hey, look what baking dirt and water can do!"
2361,785,9,33,134,176,1.2897727272727273,0.04195761269760439,682,Come up for a club soda!
2301,785,9,33,134,176,1.2897727272727273,0.04195761269760439,682,I wouldn't have paid half a woolly mammoth for a 5th floor walk-up.
2277,785,8,35,133,176,1.2897727272727273,0.04117652484543964,682,Hey there! Is Rapunzel home?
1498,785,8,35,133,176,1.2897727272727273,0.04117652484543964,682,"And, the best part is you can see the Mesozoic swamp from there."
1211,785,10,31,135,176,1.2897727272727273,0.04272442308817333,682,And so began a grand tradition of innovation outpacing infrastructure.
1040,785,5,41,130,176,1.2897727272727273,0.03873888232179542,682,"Welcome.  Of course, it's a walk-up."
639,785,9,33,134,176,1.2897727272727273,0.04195761269760439,682,I just adore a pentcave view!
621,785,7,37,132,176,1.2897727272727273,0.04038033102157588,682,It's official; the Pleistocene Epoch has been gentrified.
1676,785,9,33,134,176,1.2897727272727273,0.04195761269760439,682,But this is the Pleistocene not the mezzanine!
2444,797,8,34,132,174,1.2873563218390804,0.041415467854546674,682,"Larry and Marge moved into the penthouse.
Soon to be called the T-Rex take out window."
3501,797,10,30,134,174,1.2873563218390804,0.04298979546033624,682,She said the penthouse would make it easier to feed her dinosaur but I know she just wanted to look down on us.
3100,797,6,38,130,174,1.2873563218390804,0.03977888185332051,682,Too bad these high-rise caves overlook the tar pits.
2907,797,8,34,132,174,1.2873563218390804,0.041415467854546674,682,Wow! It's Neandertall.
2622,797,4,42,128,174,1.2873563218390804,0.03807200947402007,682,"I am jealous, Brutt. Promise me we will move to a taller tree tonight."
2513,797,14,22,138,174,1.2873563218390804,0.04597701149425288,682,You better come down or God will smite you with multilingualism!
2351,797,7,36,131,174,1.2873563218390804,0.040605420938043604,682,"Too bad they didn't know that all the cool people go horizontal."""
2562,797,14,22,138,174,1.2873563218390804,0.04597701149425288,682,I heard that Trog cashed in on his father’s clout.
2150,797,10,30,134,174,1.2873563218390804,0.04298979546033624,682,Is the top one the only Airbnb ?
1761,797,8,34,132,174,1.2873563218390804,0.041415467854546674,682,"Hi guys! We were afraid you’d have trouble finding us. They took the big, gold TRUMP down last week."
1345,797,5,40,129,174,1.2873563218390804,0.03893480028772656,682,"Damn it Honey, the Joneses outdid us again."
2331,797,6,38,130,174,1.2873563218390804,0.03977888185332051,682,Thanks for having us...don't forget to chisel.
1210,797,13,24,137,174,1.2873563218390804,0.045248699626479684,682,"Movin' on Up, to the beast side."
643,797,6,38,130,174,1.2873563218390804,0.03977888185332051,682,"""Anyone who says we're not as evolved has GOT to check out Mary's wallpaper choice."""
462,797,11,28,135,174,1.2873563218390804,0.043755722846009815,682,"Hi, we'll see you in an hour."
82,797,8,34,132,174,1.2873563218390804,0.041415467854546674,682,Welcome to Prehistoric Swingers Of Pompano Beach
3201,813,9,31,131,171,1.286549707602339,0.04268228249107103,682,I hate the Joneses.
750,814,10,29,133,172,1.2848837209302326,0.04325931980487248,682,This will show that wheel guy.
1553,814,6,37,129,172,1.2848837209302326,0.03999213580146507,682,"For their sake, I hope somebody invents stairs soon."
733,814,7,35,130,172,1.2848837209302326,0.040833446853862046,682,Great flip!
2668,817,9,28,125,162,1.2839506172839505,0.04419281407390758,682,Welcome to the Post Rapunzel Era!  You'll find the stairs inside.
2831,818,6,26,102,134,1.2835820895522387,0.046913416235472225,682,"Keep walking.. their elevator doesn't exist yet, and I'm not climbing.."
2643,819,8,32,130,170,1.2823529411764707,0.04190348200105059,682,"Look, Honey--They got the penthouse in Babel."
2160,819,10,28,132,170,1.2823529411764707,0.04353308043730567,682,"Hi Hilda, sorry we're late.  The MTA was slower than a three-toed sloth."
2237,819,6,36,128,170,1.2823529411764707,0.04020789120637658,682,It’s Og and Ogette. Talk about Babel!
1975,819,7,34,129,170,1.2823529411764707,0.04106443911145132,682,I like your vertical cave.
2504,819,9,30,131,170,1.2823529411764707,0.0427260511642095,682,Chip! Joanna! Up here!
3423,819,10,28,132,170,1.2823529411764707,0.04353308043730567,682,"Wow, they went for the fifth-floor climbup."
2522,819,9,30,131,170,1.2823529411764707,0.0427260511642095,682,Can you please put your arms down? I can smell it from here
2566,819,9,30,131,170,1.2823529411764707,0.0427260511642095,682,"People, I don't get it, leaving a comfortable cave for a sand castle tower?"
2676,819,9,30,131,170,1.2823529411764707,0.0427260511642095,682,Careful Icarus.
3133,819,4,40,126,170,1.2823529411764707,0.03843757571329466,682,It's called a Rise-High!
2828,819,8,32,130,170,1.2823529411764707,0.04190348200105059,682,It was a pile of crap before they renovated.
2972,819,6,36,128,170,1.2823529411764707,0.04020789120637658,682,"Ooooh Archie, look! It's the Jeffersons!"
3034,819,12,24,134,170,1.2823529411764707,0.045103839979645656,682,Look at them up there:  pretentious and prehensile.
3051,819,8,32,130,170,1.2823529411764707,0.04190348200105059,682,You've moved up in the world!
3089,819,10,28,132,170,1.2823529411764707,0.04353308043730567,682,It's terribly expensive but it guarantees us an audience with Donald the Hun.
3209,819,9,30,131,170,1.2823529411764707,0.0427260511642095,682,I’m glad you added more wall space  because I have a long story to tell you!
3339,819,7,34,129,170,1.2823529411764707,0.04106443911145132,682,Got water?
1832,819,8,32,130,170,1.2823529411764707,0.04190348200105059,682,"Those Jones's, seriously?"
2697,819,4,40,126,170,1.2823529411764707,0.03843757571329466,682,We better invent fire escapes.
1777,819,6,36,128,170,1.2823529411764707,0.04020789120637658,682,"My sister loves the view, but she's still waiting for Lloyd to invent stairs ...."
959,819,6,36,128,170,1.2823529411764707,0.04020789120637658,682,"Wow, Sarah! Didn't know what you meant by a high-rise cave!"
1562,819,8,32,130,170,1.2823529411764707,0.04190348200105059,682,"This walk-up doesn’t work for hunters, we are strictly gatherers now."
1637,819,9,30,131,170,1.2823529411764707,0.0427260511642095,682,"I dig your new cave, man."
88,819,9,30,131,170,1.2823529411764707,0.0427260511642095,682,You caved?
142,819,6,36,128,170,1.2823529411764707,0.04020789120637658,682,They're always bragging about the view.
220,819,6,36,128,170,1.2823529411764707,0.04020789120637658,682,It has a great view of Jurassic Park!
294,819,5,38,127,170,1.2823529411764707,0.03933269468253526,682,"She wasn’t so fancy back in the Miocene era, Charles."
314,819,10,28,132,170,1.2823529411764707,0.04353308043730567,682,I heard your rent is rock solid.
398,819,9,30,131,170,1.2823529411764707,0.0427260511642095,682,"It is the newest thing in urban living.  We call it a ""Crognaminium""!"
422,819,6,36,128,170,1.2823529411764707,0.04020789120637658,682,Hi-ho! Your new place rocks!
304,819,4,40,126,170,1.2823529411764707,0.03843757571329466,682,Someone's desperately trying to keep up with the Flinstones.
567,819,6,36,128,170,1.2823529411764707,0.04020789120637658,682,God I hope they have earthquake insurance.
699,819,7,34,129,170,1.2823529411764707,0.04106443911145132,682,Looks like Bill got promoted to hunter.
705,819,11,26,133,170,1.2823529411764707,0.044325418628989886,682,We’re really getting priced out of this neighborhood.
874,819,6,36,128,170,1.2823529411764707,0.04020789120637658,682,"Babel, Babel, Babel"
1045,819,10,28,132,170,1.2823529411764707,0.04353308043730567,682,"Look, it's the modern stone-age family!"
1393,819,5,38,127,170,1.2823529411764707,0.03933269468253526,682,"Look Grom, they're calling it a brown stone building."
1402,819,8,32,130,170,1.2823529411764707,0.04190348200105059,682,Promise me we'll never buy a fourth floor walk-up.
562,819,6,36,128,170,1.2823529411764707,0.04020789120637658,682,We're here for the block party!
1532,819,5,38,127,170,1.2823529411764707,0.03933269468253526,682,Welcome to our 4 stoney walkup!
2140,859,9,29,129,167,1.281437125748503,0.04321525703478139,682,"It was just standing there, shiny black and humming, so they decided to carve it out."
2373,859,10,27,130,167,1.281437125748503,0.04404206293391515,682,Love the new monolith!
2418,859,4,39,124,167,1.281437125748503,0.03881796112779005,682,"Hey, you two! Loving the new Mid-Paleolithic Modern!"
3526,859,11,25,131,167,1.281437125748503,0.044853630559495,682,"Hi Carol! ...she claims it’s a Mesolithic Revival, but those boxy Paleolithic Colonial windows say otherwise."
2631,859,10,27,130,167,1.281437125748503,0.04404206293391515,682,What’s she babbling about?
2771,859,3,41,123,167,1.281437125748503,0.037877291867633556,682,They cant afford it you know. He hasn't been able to hunt for months.
2139,859,7,33,127,167,1.281437125748503,0.04151227176145364,682,I love how they all look like ants from up here.
2616,859,7,33,127,167,1.281437125748503,0.04151227176145364,682,This gentrification is going to take us back to the stone age
1515,859,6,35,126,167,1.281437125748503,0.040634023181369334,682,Another high rise? Soon it will be too expensive to forage here.
706,859,4,39,124,167,1.281437125748503,0.03881796112779005,682,Can you see our cave from there?
1107,859,8,31,128,167,1.281437125748503,0.04237232084379497,682,"If you get a subpoena just say you have absolutely no idea, but, if you must know, we were given the penthouse as the quid pro quo."
1037,859,8,31,128,167,1.281437125748503,0.04237232084379497,682,"I know your heart is in painting, but someday I'd like to be able to afford more than just a cave."""
875,859,5,37,125,167,1.281437125748503,0.03973636839233475,682,Is there a rooftop pool?
810,859,6,35,126,167,1.281437125748503,0.040634023181369334,682,Who needs a gym when you live in a 4 story rock-up!
579,859,7,33,127,167,1.281437125748503,0.04151227176145364,682,You didn't tell me they have a penthouse
522,859,9,29,129,167,1.281437125748503,0.04321525703478139,682,Friends in high places rock!
217,859,4,39,124,167,1.281437125748503,0.03881796112779005,682,"No future in wheels, huh? I think that penthouse cave tells a different story..."
1483,859,7,33,127,167,1.281437125748503,0.04151227176145364,682,I think they are too ahead of their time.
2268,877,5,36,124,165,1.2787878787878788,0.03994441702456406,682,Hi!  We'll buzz you in!
2649,877,7,32,126,165,1.2787878787878788,0.04175375565679171,682,We’re in 5D
2681,877,8,30,127,165,1.2787878787878788,0.04262963689095248,682,"Wow, a high five!"
3447,877,6,34,125,165,1.2787878787878788,0.04085910279778148,682,We'll come up as soon as the elevator is invented.
3136,877,9,28,128,165,1.2787878787878788,0.0434878807423614,682,What makes you think they look down on us?
3191,877,9,28,128,165,1.2787878787878788,0.0434878807423614,682,Wow! You guys have really evolved!
2076,877,4,38,123,165,1.2787878787878788,0.039008289137373,682,"Ug, look,  the new vertical cave!"
2683,877,7,32,126,165,1.2787878787878788,0.04175375565679171,682,We agree! Drumpf Tower it is! What a bigly name!
2039,877,6,34,125,165,1.2787878787878788,0.04085910279778148,682,"Gentrification circa 10,000 B.C."
2774,877,8,30,127,165,1.2787878787878788,0.04262963689095248,682,Can't wait for them to invent the elevator.
1847,877,6,34,125,165,1.2787878787878788,0.04085910279778148,682,"We would have arrived sooner, but we had to invent the wheel first."
229,877,7,32,126,165,1.2787878787878788,0.04175375565679171,682,"The day the cavemen learned the word ""Gentrification."""
552,877,10,26,129,165,1.2787878787878788,0.044329511631296344,682,"It’s okay, Harold. They no longer have the pterodactyl problem."
2036,877,6,34,125,165,1.2787878787878788,0.04085910279778148,682,"I'd tell you to take the elevator, but it's 3,000 B.C."
676,877,7,32,126,165,1.2787878787878788,0.04175375565679171,682,You left your Cave Cod home for a fourth-floor spelunk-up?
77,877,7,32,126,165,1.2787878787878788,0.04175375565679171,682,I think they call it a 'Babel'.
926,877,7,32,126,165,1.2787878787878788,0.04175375565679171,682,They sure got uppity since they redefined themselves as Condo-Magnons.
1289,877,8,30,127,165,1.2787878787878788,0.04262963689095248,682,Yeah the views are great but who wants to live in a fifth-floor rock-up?
1794,877,2,42,121,165,1.2787878787878788,0.03706517181142036,682,Wow! I love what you've done with your Mound!
867,877,8,30,127,165,1.2787878787878788,0.04262963689095248,682,"Barney, they have really made it...  top floor penthouse in the Tower of Babylon!"
2191,897,8,25,115,148,1.277027027027027,0.045802828049788774,682,"Hi. Elevator's broken, you'll have to climb. I'll buzz you in."
6,898,6,34,127,167,1.2754491017964071,0.04043686001457097,682,"Wow, you guys have the Pez penthouse!"
2445,899,7,30,123,160,1.275,0.04247640854661405,682,"Mom, Dad, meet my boyfriend, Stoné.  He lives in a cave cave, but he's potentially civilizable."""
1329,899,6,32,122,160,1.275,0.04154069006188522,682,"Honey, you remember the Joneses."
1353,899,8,28,124,160,1.275,0.04339195357690323,682,"Quick Terry change your outfit, we’re going to look ridiculous all dressed the same"
1530,899,7,30,123,160,1.275,0.04247640854661405,682,They always have to build something bigger and outdo everyone. They should call it Trump Tower.
1618,899,9,26,125,160,1.275,0.04428857626320113,682,She looks so much happier with her hair cut short.
2113,899,7,30,123,160,1.275,0.04247640854661405,682,Come see our view of the forest primeval!
2321,899,8,28,124,160,1.275,0.04339195357690323,682,Now if only someone would invent a stairway.
2663,899,1,42,117,160,1.275,0.036504070592350654,682,"Tiny bone jewelry, who knew?"
3309,899,5,34,121,160,1.275,0.04058340274812292,682,Come on up.We are waiting for the elevator mechanic.
2763,899,6,32,122,160,1.275,0.04154069006188522,682,Be nice! They might have WiFi!
2906,899,2,40,118,160,1.275,0.03756545649945675,682,We’ll be down in a Jurassic moment”.
2957,899,8,28,124,160,1.275,0.04339195357690323,682,"Yes, it’s a nice view but let’s not forget that his real plan was to make a mountain out of that molehill."
3119,899,10,24,126,160,1.275,0.04516740350764742,682,Hi! We'd have the doorman let you up but nobody's invented doors yet.
1272,899,7,30,123,160,1.275,0.04247640854661405,682,There goes the neighbourhood!
3334,899,7,30,123,160,1.275,0.04247640854661405,682,Ours has six stories.
3514,899,8,28,124,160,1.275,0.04339195357690323,682,And thus began keeping up with the Jones's.
2730,899,7,30,123,160,1.275,0.04247640854661405,682,Oh no  Jim and Amy wore the same costume
1235,899,6,32,122,160,1.275,0.04154069006188522,682,I hope that they did not only invent the skyscraper but also the elevator.
717,899,6,32,122,160,1.275,0.04154069006188522,682,"You ask me, their top floor apartment just makes them easy prey for a giganotosaurus."
887,899,6,32,122,160,1.275,0.04154069006188522,682,It was this or the wheel.
171,899,7,30,123,160,1.275,0.04247640854661405,682,These new high rises are really destroying the aesthetics of our neighborhood.
215,899,5,34,121,160,1.275,0.04058340274812292,682,"Hi!""
""Yes it is."
221,899,6,32,122,160,1.275,0.04154069006188522,682,He invented the wheel and now they're both rolling in the money.
230,899,4,36,120,160,1.275,0.03960298254443841,682,Welcome cave dwellers.
268,899,2,40,118,160,1.275,0.03756545649945675,682,"Great, more gentrification."
292,899,7,30,123,160,1.275,0.04247640854661405,682,"Hey, look, we invented subprime!"
334,899,7,30,123,160,1.275,0.04247640854661405,682,We need to start watching HGTV.
985,899,9,26,125,160,1.275,0.04428857626320113,682,WILMAAAAAAA!
373,899,6,32,122,160,1.275,0.04154069006188522,682,Madge...I can see your cave from here.
457,899,10,24,126,160,1.275,0.04516740350764742,682,What’s a garage?
479,899,5,34,121,160,1.275,0.04058340274812292,682,Looks drafty.
491,899,6,32,122,160,1.275,0.04154069006188522,682,"Wait, what do they call them again?  Stairs?"
681,899,9,26,125,160,1.275,0.04428857626320113,682,"Is it just me, or do the Rubbles seem more uppity to you since they bought the penthouse suite?"""
793,899,7,30,123,160,1.275,0.04247640854661405,682,"What, your last place too primitive?"
873,899,7,30,123,160,1.275,0.04247640854661405,682,Come on up. The elevator hasn't been invented yet!
447,899,8,28,124,160,1.275,0.04339195357690323,682,Let yourselves in.  Our doorman got eaten by a woolly mammoth.
3255,935,6,29,115,150,1.2733333333333334,0.04324289305942818,682,The elevator had better be invented by the time we get to the door.
2311,936,10,24,127,161,1.2732919254658386,0.04491847138326595,682,Looks like The Jeffersons finally got a piece of the pie?
1853,936,9,26,126,161,1.2732919254658386,0.044045763926358304,682,"No, this is 30 Rock. Rockefeller Center is just up the path."
3555,936,11,22,128,161,1.2732919254658386,0.045774543394359234,682,We'll come back when you get an elevator...whatever that is.
532,936,4,36,121,161,1.2732919254658386,0.03939328067186727,682,They say the trash chute works great.
1399,936,5,34,122,161,1.2732919254658386,0.04036669807706975,682,"Bob, I know you hate these dinners with my Aunt; but if we want the house when she dies we have to be nice so shut up, smile, and wave."
3537,941,7,29,122,158,1.2721518987341771,0.04273252894281875,682,"Honey, say hi to the Stonehenges.  They just moved in."
3532,941,5,33,120,158,1.2721518987341771,0.04080217787915183,682,Hi Linda! I brought that guy from the club that was hitting on me.
3377,941,8,27,123,158,1.2721518987341771,0.04366571521150535,682,Did you invent the elevator yet?
2984,941,2,39,117,158,1.2721518987341771,0.03772188694155695,682,The first multi-story with a man cave. He must be happy!
2872,941,7,29,122,158,1.2721518987341771,0.04273252894281875,682,Hi Betty! Hi Bob! Nice place you've hewn.
2440,941,6,31,121,158,1.2721518987341771,0.041778503740146015,682,Just a quick visit before the tide comes in.
2190,941,6,31,121,158,1.2721518987341771,0.041778503740146015,682,We'll buzz you in.
1962,941,4,35,119,158,1.2721518987341771,0.039801910313432186,682,"No, you come down. I might be afraid of heights."
1633,941,1,41,116,158,1.2721518987341771,0.03663761863642555,682,Love the stone motif.
2495,941,5,33,120,158,1.2721518987341771,0.04080217787915183,682,"Great, but is he good at ""gathering""?"
1440,941,6,31,121,158,1.2721518987341771,0.041778503740146015,682,The stairs are around the back .
1009,941,4,35,119,158,1.2721518987341771,0.039801910313432186,682,"Yeah, but the association fees are one shiny rock."
967,941,3,37,118,158,1.2721518987341771,0.03877584827589271,682,"Yes, we just got our Flu shot."
928,941,7,29,122,158,1.2721518987341771,0.04273252894281875,682,Maybe we can afford a penthouse cave once you make partner.
920,941,7,29,122,158,1.2721518987341771,0.04273252894281875,682,What the hell are stairs?
336,941,5,33,120,158,1.2721518987341771,0.04080217787915183,682,A man's home is his sandcastle
155,941,4,35,119,158,1.2721518987341771,0.039801910313432186,682,So this is the Condo of Babel?
65,941,6,31,121,158,1.2721518987341771,0.041778503740146015,682,"They may be “movin’ on up”, but she still decorated the place with her ceramic trilobite collection."
30,941,8,27,123,158,1.2721518987341771,0.04366571521150535,682,"We should have invested in these volcano shares, too."
1545,941,7,29,122,158,1.2721518987341771,0.04273252894281875,682,Idiots. That's right at apatosaurus height.
2427,961,6,30,120,156,1.2692307692307692,0.04201909236197543,682,"When you said you were staying at the Sands Hotel, I thought you meant in Vegas."
2511,961,6,30,120,156,1.2692307692307692,0.04201909236197543,682,Get decent-We're coming up!
2564,961,3,36,117,156,1.2692307692307692,0.03895465524308801,682,"Oh, look, dear--the Bradleys have become a higher life form."
3128,961,7,28,121,156,1.2692307692307692,0.04299205867207354,682,Doormen on strike again?
3077,961,3,36,117,156,1.2692307692307692,0.03895465524308801,682,The new Hard Rock Hotel​ is looking pretty nice.
2837,961,7,28,121,156,1.2692307692307692,0.04299205867207354,682,"Their penthouse suite is nice as vacation rentals go, but without a moat there’s a security issue."
2955,961,6,30,120,156,1.2692307692307692,0.04201909236197543,682,"Honey, if bronze is so bad, I don't want to be good."
2962,961,5,32,119,156,1.2692307692307692,0.0410230561633995,682,I’m ready to trade.  I’ll send Sam up.  You send Bob down.
2377,961,5,32,119,156,1.2692307692307692,0.0410230561633995,682,Eat your heart out Noah.
2756,961,4,34,118,156,1.2692307692307692,0.04000222682609853,682,"Sorry we're late.  Fred's always re-inventing the wheel."""
2365,961,3,36,117,156,1.2692307692307692,0.03895465524308801,682,"If they really wanted us to visit, they would have made stairs."
1729,961,6,30,120,156,1.2692307692307692,0.04201909236197543,682,Homo erectus isn't fooling anyone.
2249,961,8,26,122,156,1.2692307692307692,0.04394348751296154,682,Didja have to move to a fifth floor walk-up?
2121,961,8,26,122,156,1.2692307692307692,0.04394348751296154,682,"Wow, inviting fire really paid off for them!"
1870,961,6,30,120,156,1.2692307692307692,0.04201909236197543,682,Iksnay on the water balloonsay until they’re directly undersay
1742,961,6,30,120,156,1.2692307692307692,0.04201909236197543,682,It’s so much easier not having to climb the stairs on all fours.....
1674,961,7,28,121,156,1.2692307692307692,0.04299205867207354,682,Love your matching outfits.
1277,961,4,34,118,156,1.2692307692307692,0.04000222682609853,682,Inventing fire has been good to you.
535,961,8,26,122,156,1.2692307692307692,0.04394348751296154,682,Did you invent stairs yet?
392,961,9,24,123,156,1.2692307692307692,0.04487474880977718,682,We’ll wait until they invent elevators
85,961,7,28,121,156,1.2692307692307692,0.04299205867207354,682,Come on up before high tide!
2266,961,4,34,118,156,1.2692307692307692,0.04000222682609853,682,It’s rent controlled
1420,983,4,33,116,153,1.2679738562091503,0.04042955620720004,682,"I like her, but most of what she says is just babel."
1509,983,7,27,119,153,1.2679738562091503,0.04350341309745316,682,"I can't believe you guys moved into the Trump Dump Tower. 
It's going to collapse real soon."
2169,983,9,23,121,153,1.2679738562091503,0.04543727077123655,682,"Thank God they’re in that tower. All she ever does is Babylon and on. Frankly, it’s like she’s speaking a different language altogether."
2273,983,5,31,117,153,1.2679738562091503,0.04147949285028267,682,Too bad it’s a walk-up
3582,983,7,27,119,153,1.2679738562091503,0.04350341309745316,682,It's just us; you can let down your hair.
2753,983,2,37,114,153,1.2679738562091503,0.038243305180124525,682,They've come a long way since the cave years.
2773,983,2,37,114,153,1.2679738562091503,0.038243305180124525,682,I think it's great. They call it a brown stone.
3003,983,6,29,118,153,1.2679738562091503,0.04250350149249065,682,They’ve always been a hunter-gatherer power couple. The co-op board really liked that.
1181,983,8,25,120,153,1.2679738562091503,0.04448085276985102,682,You were right! Your place is above T. Rex level!
2468,983,7,27,119,153,1.2679738562091503,0.04350341309745316,682,I can’t understand what they’re Babelling about.
1065,983,4,33,116,153,1.2679738562091503,0.04042955620720004,682,A four story walk up? You’ve got to be kidding me?
2840,983,5,31,117,153,1.2679738562091503,0.04147949285028267,682,"Dial rock, rock, bone—we'll buzz you up!"
771,983,1,39,113,153,1.2679738562091503,0.037101901286789,682,"Remember, my dad’s a caveman and isn’t going to approve of this."
121,983,2,37,114,153,1.2679738562091503,0.038243305180124525,682,They were never ones to keep their feet on the ground.
376,983,6,29,118,153,1.2679738562091503,0.04250350149249065,682,So this is the new walk-up dwelling you've been talking about.
478,983,5,31,117,153,1.2679738562091503,0.04147949285028267,682,It's so post-Neanderthal.
517,983,6,29,118,153,1.2679738562091503,0.04250350149249065,682,Welcome to the big city!
876,983,7,27,119,153,1.2679738562091503,0.04350341309745316,682,You finally caved and remodeled!
530,983,2,37,114,153,1.2679738562091503,0.038243305180124525,682,They had to tear down a cave to build this
548,983,5,31,117,153,1.2679738562091503,0.04147949285028267,682,Nice!  The penthouse!
574,983,4,33,116,153,1.2679738562091503,0.04042955620720004,682,Do they have an elevator? Or is she going to let down her hair...
617,983,6,29,118,153,1.2679738562091503,0.04250350149249065,682,We'll be right down. Just gotta set the Betamax to record.
527,983,5,31,117,153,1.2679738562091503,0.04147949285028267,682,Ok I give up.  How did you get up there?
2295,1006,6,28,117,151,1.2649006622516556,0.04275499971276549,682,It's a short trip from the penthouse to the outhouse.
2288,1006,8,24,119,151,1.2649006622516556,0.04477265283562814,682,"Hi, Betty and Barney -- can we come up to see your new condo?"
2252,1006,9,22,120,151,1.2649006622516556,0.04574812195806766,682,"Sorry, the elevator isn't working today. Our dinosaur has the day off."
2177,1006,5,30,116,151,1.2649006622516556,0.041709588582099735,682,You've come up in the Neanderthal world!
2108,1006,5,30,116,151,1.2649006622516556,0.041709588582099735,682,I prefer something with a more open concept
1893,1006,7,26,118,151,1.2649006622516556,0.04377545226709975,682,Welcome!   The catapult is over there to your right.
1778,1006,4,32,115,151,1.2649006622516556,0.040637292711713374,682,"Wait, are we sharing the flat with the Airbnb hosts?"
1758,1006,7,26,118,151,1.2649006622516556,0.04377545226709975,682,"It's nice and she says it even has a parking garage. What the hell is parking?"""
2404,1006,5,30,116,151,1.2649006622516556,0.041709588582099735,682,We'll come up to visit you as soon as we invent stairs!'
1657,1006,6,28,117,151,1.2649006622516556,0.04275499971276549,682,Ring the bell when you get on the elevator and I’ll put 4 stones on in the bucket!
1959,1006,3,34,114,151,1.2649006622516556,0.03953592465324317,682,The Neandertalls think they are so much better than us.
2538,1006,11,18,122,151,1.2649006622516556,0.04763917614937664,682,"The latest Trump tower, said he was  losing money  in office."
3049,1006,3,34,114,151,1.2649006622516556,0.03953592465324317,682,They say it will all be fields around here one day.
2720,1006,2,36,113,151,1.2649006622516556,0.038402983184075284,682,This high-rise thing will never catch on here!
2783,1006,4,32,115,151,1.2649006622516556,0.040637292711713374,682,You’ll never get me up in one of those things.
2944,1006,5,30,116,151,1.2649006622516556,0.041709588582099735,682,"Come on up, I'll throw the vine down for you!"
1480,1006,6,28,117,151,1.2649006622516556,0.04275499971276549,682,Did you bring ladder and wine?
3067,1006,8,24,119,151,1.2649006622516556,0.04477265283562814,682,It’s a mammoth viewing platform
3204,1006,8,24,119,151,1.2649006622516556,0.04477265283562814,682,Look Honey. I told you they have a penthouse apartment.
3243,1006,8,24,119,151,1.2649006622516556,0.04477265283562814,682,Hey! You know you've moved into a giant anthill and not a high rise condo!
3303,1006,8,24,119,151,1.2649006622516556,0.04477265283562814,682,Cave dans le ciel. I’m there.
3427,1006,6,28,117,151,1.2649006622516556,0.04275499971276549,682,"You did it, Gloria ! You slept your way to the top."
3436,1006,3,34,114,151,1.2649006622516556,0.03953592465324317,682,What happened to the moat?
3489,1006,8,24,119,151,1.2649006622516556,0.04477265283562814,682,Don't you have any friends in low places?
2542,1006,4,32,115,151,1.2649006622516556,0.040637292711713374,682,Sorry we're late. Got a little lost at the first palm tree.
1470,1006,5,30,116,151,1.2649006622516556,0.041709588582099735,682,"Not my cup of tea Bob.  Too minimalist, too open concept 
but love the neutral palette."
3469,1006,7,26,118,151,1.2649006622516556,0.04377545226709975,682,Welcome to FlintstoneTower!
1378,1006,4,32,115,151,1.2649006622516556,0.040637292711713374,682,It's what you don't see that's amazing...they're both basketball players.
1456,1006,5,30,116,151,1.2649006622516556,0.041709588582099735,682,Any luck with the invention of stairs yet?
11,1006,7,26,118,151,1.2649006622516556,0.04377545226709975,682,What do you mean ‘What’s up?’ You’re what’s up.
26,1006,5,30,116,151,1.2649006622516556,0.041709588582099735,682,We’d like to sell you a home security system.
97,1006,5,30,116,151,1.2649006622516556,0.041709588582099735,682,"Sorry we're late. Our camel broke down and we had to walk the rest of the way."""
106,1006,8,24,119,151,1.2649006622516556,0.04477265283562814,682,"Thanks again, you guys rock!"
288,1006,3,34,114,151,1.2649006622516556,0.03953592465324317,682,Help! AirBnB is holding us hostage!
326,1006,3,34,114,151,1.2649006622516556,0.03953592465324317,682,It's such a lovely brownstone.
380,1006,2,36,113,151,1.2649006622516556,0.038402983184075284,682,He calls his new thing Real Estate but I doubt there is a future in it.
403,1006,3,34,114,151,1.2649006622516556,0.03953592465324317,682,I can't wait for you to meet the Flintstones honey!
629,1006,8,24,119,151,1.2649006622516556,0.04477265283562814,682,"They don't clean, They just build another story and move upstairs..."
710,1006,8,24,119,151,1.2649006622516556,0.04477265283562814,682,Sorry we're late. The traffic was horrendous.
846,1006,4,32,115,151,1.2649006622516556,0.040637292711713374,682,I just adore a penthouse view!
351,1006,6,28,117,151,1.2649006622516556,0.04275499971276549,682,Can you imagine carrying your hunted and gathered up those stairs?
992,1006,5,30,116,151,1.2649006622516556,0.041709588582099735,682,It's a walkup but look at all this natural light!
990,1006,5,30,116,151,1.2649006622516556,0.041709588582099735,682,"As an engineer, he worked tirelessly to find ways to look down on others."
1337,1006,7,26,118,151,1.2649006622516556,0.04377545226709975,682,I told you our neighborhood would be gentrified. LOOK!
1214,1006,4,32,115,151,1.2649006622516556,0.040637292711713374,682,Karen! I just saw your episode of Fixer Upper!
1180,1006,7,26,118,151,1.2649006622516556,0.04377545226709975,682,"First time it rains, their home will turn to mud."
1161,1006,4,32,115,151,1.2649006622516556,0.040637292711713374,682,I still can’t believe they live in a giant clarinet.
1266,1006,1,38,112,151,1.2649006622516556,0.037235586428654745,682,We got a great re-fi! In 9005 B.C. it will be all ours!
1125,1006,6,28,117,151,1.2649006622516556,0.04275499971276549,682,Sorry. No stairs. Use the Mastodon in the back.
1116,1006,8,24,119,151,1.2649006622516556,0.04477265283562814,682,Just wait’ll we invent a ladders!
1105,1006,5,30,116,151,1.2649006622516556,0.041709588582099735,682,"And so, the early condo-man era began."
1132,1006,7,26,118,151,1.2649006622516556,0.04377545226709975,682,It's not very spacious but it's rent controlled.
1365,1006,6,28,117,151,1.2649006622516556,0.04275499971276549,682,Can you believe the view they have of the Tar Pits?
1494,1059,8,23,117,148,1.2635135135135136,0.045339404091624,682,Karen! Brian! You can come up as soon as we invent stairs!
2256,1060,3,34,115,152,1.263157894736842,0.03931360593765812,682,Come on up! We're in 4A
958,1060,7,26,119,152,1.263157894736842,0.04352140984370994,682,"I TOLD you paleo-gentrification was a thing, Ogg. We couldn't afford a lean-to in this neighborhood now."
1849,1060,6,28,118,152,1.263157894736842,0.04250852548658323,682,‘You’ve solved the curtain problem !’
1918,1060,6,28,118,152,1.263157894736842,0.04250852548658323,682,Hi!  (They are such social climbers.)
2166,1064,2,35,112,149,1.261744966442953,0.03856200487602096,682,When they mentioned their 'scraper' I thought they were talking about stone tools.
2483,1064,3,33,113,149,1.261744966442953,0.03972056069122727,682,"Oh, great! A four story walk-up."
3587,1064,4,31,114,149,1.261744966442953,0.040846268656912516,682,"See, now if only you booked earlier, we could've gotten the penthouse."
3290,1064,2,35,112,149,1.261744966442953,0.03856200487602096,682,We'll be back after you invent the elevator.
1724,1064,6,27,116,149,1.261744966442953,0.04300938393335905,682,We'll come see you as soon as someone invents the elevator.
2657,1064,9,21,119,149,1.261744966442953,0.046063991045378366,682,"Hi there!
Is this a new Trump Tower?​"
1297,1064,6,27,116,149,1.261744966442953,0.04300938393335905,682,"It looks great, but what's a house?"
3161,1064,4,31,114,149,1.261744966442953,0.040846268656912516,682,They act so high and mighty since they moved up to the floor for which we not yet have a name.
602,1064,5,29,115,149,1.261744966442953,0.04194177374360649,682,We love it up here if it weren't for the nose bleeds.
523,1064,4,31,114,149,1.261744966442953,0.040846268656912516,682,Can’t wait to hear how they discovered the neighborhood.
420,1064,4,31,114,149,1.261744966442953,0.040846268656912516,682,One of Trump's early projects.
194,1064,8,23,118,149,1.261744966442953,0.045068797958914913,682,Welcome to our new come.  Take the rope to the fifth floor.
17,1064,5,29,115,149,1.261744966442953,0.04194177374360649,682,"Act natural honey, it's the owners of Stump Tower"
3567,1064,4,31,114,149,1.261744966442953,0.040846268656912516,682,"Well, of course it's a walk-up, but they got a rock-bottom price."
838,1064,5,29,115,149,1.261744966442953,0.04194177374360649,682,"Great vacation, going to be hard to return to cave life."
3245,1079,9,20,117,146,1.2602739726027397,0.04666972015618461,682,The fortune they made from hunting and gathering has brought them out of the forest and into the phallus.
2569,1079,7,24,115,146,1.2602739726027397,0.044599508482464946,682,"If they brag one more time about the Tyrannosaur-proof guarantee on their penthouse, I swear I'm gonna kill and eat them myself."
2014,1079,6,26,114,146,1.2602739726027397,0.04352749528272793,682,She cut her hair. How are we supposed to get up there now?
2000,1079,6,26,114,146,1.2602739726027397,0.04352749528272793,682,This is going to be great!  Our first swingers.
1998,1079,7,24,115,146,1.2602739726027397,0.044599508482464946,682,See ya next Solstice!
1645,1079,5,28,113,146,1.2602739726027397,0.04242840480501643,682,Jefferstones! Hi!
1628,1079,6,26,114,146,1.2602739726027397,0.04352749528272793,682,Why did you agree to go to their house? You know I hate the climb.
1340,1079,5,28,113,146,1.2602739726027397,0.04242840480501643,682,We'll be down in a minute-- the tide will come soon!
3415,1079,0,38,108,146,1.2602739726027397,0.03643903096750156,682,But the Co-op board is prehistoric
1140,1079,6,26,114,146,1.2602739726027397,0.04352749528272793,682,"Yeah, guys, the view are amazing. But the second a cash buyer comes knocking, we're flipping this place."
911,1079,6,26,114,146,1.2602739726027397,0.04352749528272793,682,"‘So long,’ said Debbie as she left the family brownstone to seek happiness in a suburban split level.”"
822,1079,2,34,110,146,1.2602739726027397,0.038945469575159306,682,I hate gentrification.
703,1079,6,26,114,146,1.2602739726027397,0.04352749528272793,682,What's their next dumb idea? Being carried by counterweights?
434,1079,5,28,113,146,1.2602739726027397,0.04242840480501643,682,Mine's a rescue too.
411,1079,4,30,112,146,1.2602739726027397,0.04130007533902064,682,"You would have four floors too, if you invented the wheel."
400,1079,7,24,115,146,1.2602739726027397,0.044599508482464946,682,"[under breath] ""So this is what 'inventing' fire gets you."""
180,1079,9,20,117,146,1.2602739726027397,0.04666972015618461,682,Love it! Kind of Rapunzel meets Neolithic.
1224,1079,5,28,113,146,1.2602739726027397,0.04242840480501643,682,God this place has gotten crowded.
31,1097,9,17,109,135,1.2592592592592593,0.049276650421100854,682,Ug awoo ug zug [homo erectus didn’t have a spoken language and I refuse to pretend they did for the sake of some frivolous “cartoon.” Good day to you.]
837,1098,10,16,113,139,1.2589928057553956,0.04932885979584882,682,"I am admittedly late with this submission, which I am making just for fun, for the cartoon appearing in the October 7th edition.
Harry Yohalem
""I asked for wild-caught Alaskan salmon, not excuses!"""
1815,1099,5,23,100,128,1.2578125,0.04606313835709762,682,"OK, so he invented the wheel. But did he have to invent stairs too?"
2345,1100,8,21,115,144,1.2569444444444444,0.045957954943081275,682,"Hi Penny!  Hi Leonard!  Sheldon and I will be up in a minute.
Are the stairs still broken?"
2457,1100,6,25,113,144,1.2569444444444444,0.04379364598089652,682,Of course there's an elevator.
2484,1100,5,27,112,144,1.2569444444444444,0.042670344868245405,682,Hi!  (I bet she's a Trumper.)
2494,1100,4,29,111,144,1.2569444444444444,0.04151666212558399,682,We promise to visit when they invent stairs.
2305,1100,5,27,112,144,1.2569444444444444,0.042670344868245405,682,"It’s nice, but I prefer door-man buildings"
2575,1100,2,33,109,144,1.2569444444444444,0.03910732718813325,682,I hear the next big invention is something called a zoning board.
2626,1100,6,25,113,144,1.2569444444444444,0.04379364598089652,682,What happened to the tree house?
2719,1100,5,27,112,144,1.2569444444444444,0.042670344868245405,682,We just couldn’t say ‘no’ to the first Brownstone on the Manhattan Schist!
2728,1100,5,27,112,144,1.2569444444444444,0.042670344868245405,682,Hey folks. Welome to Pisa.
3104,1100,7,23,114,144,1.2569444444444444,0.04488884633653656,682,"Come on up, we’ll buzz you in."
2760,1100,8,21,115,144,1.2569444444444444,0.045957954943081275,682,We call it a cave-dominium.
2781,1100,2,33,109,144,1.2569444444444444,0.03910732718813325,682,"Now remember,she's my oldest friend. Don't mention you knew his neanderthal cousin,""when""!"
2797,1100,3,31,110,144,1.2569444444444444,0.04032999053960716,682,"When the wind picks up, they’ll be playing a high C"
2932,1100,6,25,113,144,1.2569444444444444,0.04379364598089652,682,Brontosaurus broken down again? We'll take the stairs.
3143,1100,3,31,110,144,1.2569444444444444,0.04032999053960716,682,"Hi-take the rope ladder to the fourth floor. The buzzer won't be working for another few millennia."""
3163,1100,5,27,112,144,1.2569444444444444,0.042670344868245405,682,"Oh my, I hope that they have invented the elevator."
3200,1100,3,31,110,144,1.2569444444444444,0.04032999053960716,682,They are doing well. She even hired someone to draw on their pentcave walls.
3490,1100,5,27,112,144,1.2569444444444444,0.042670344868245405,682,Their first discovery was a fire.  Their second was affectation.
2214,1100,5,27,112,144,1.2569444444444444,0.042670344868245405,682,Sweet! They scored the penthouse.
2735,1100,9,19,116,144,1.2569444444444444,0.04700275225638798,682,From caveman to condoman: devolution.
2151,1100,4,29,111,144,1.2569444444444444,0.04151666212558399,682,"It's just an efficiency, but you can'
t beat the view."
1051,1100,3,31,110,144,1.2569444444444444,0.04032999053960716,682,"I don't know about you, but this whole mid-miocene modern craze is getting a little tired."
2083,1100,9,19,116,144,1.2569444444444444,0.04700275225638798,682,"Girl, I love that animal skin. Where did you club that?!"
12,1100,3,31,110,144,1.2569444444444444,0.04032999053960716,682,"I hate to break it to them, but high-rises will never catch on."
99,1100,6,25,113,144,1.2569444444444444,0.04379364598089652,682,"I hear they have an ocean view - at high tide, at least."
295,1100,6,25,113,144,1.2569444444444444,0.04379364598089652,682,I don't know what is going through their little sapien skulls...
442,1100,3,31,110,144,1.2569444444444444,0.04032999053960716,682,"Wheel, fire and now elevator.  You guys are on a roll."
609,1100,7,23,114,144,1.2569444444444444,0.04488884633653656,682,"When it came to multi-unit hut construction, Gork was no Neanderthal."
623,1100,7,23,114,144,1.2569444444444444,0.04488884633653656,682,Bye-bye.  We’re moving. We invented Scarsdale.
769,1100,5,27,112,144,1.2569444444444444,0.042670344868245405,682,Look! It's the first apart-men!
834,1100,2,33,109,144,1.2569444444444444,0.03910732718813325,682,"Looks great, but your husband still hasn't paid the laborers that built the tower."
892,1100,3,31,110,144,1.2569444444444444,0.04032999053960716,682,"In the Neo-troglodyte Period, cave dwelling was taken to a whole new level."
610,1100,4,29,111,144,1.2569444444444444,0.04151666212558399,682,"Honey, meet Freud Flintstone."
989,1100,4,29,111,144,1.2569444444444444,0.04151666212558399,682,Welcome to Club Med! No club required.
2084,1100,2,33,109,144,1.2569444444444444,0.03910732718813325,682,"Hi! She's from my club-making class."""
1086,1100,6,25,113,144,1.2569444444444444,0.04379364598089652,682,You won't believe the new kitchen!
1168,1100,9,19,116,144,1.2569444444444444,0.04700275225638798,682,"Yes, it's a walk-up. Elevators haven't been invented yet..."
916,1100,5,27,112,144,1.2569444444444444,0.042670344868245405,682,They seem to love city living.
1173,1100,8,21,115,144,1.2569444444444444,0.045957954943081275,682,Would you buzz us in?
1380,1100,4,29,111,144,1.2569444444444444,0.04151666212558399,682,"pizza delivery, catch!"
1522,1100,6,25,113,144,1.2569444444444444,0.04379364598089652,682,"Well, that's one way to make the phallic monolith homey."
1688,1100,6,25,113,144,1.2569444444444444,0.04379364598089652,682,Use the stairs. The elevator's broken.
1736,1100,7,23,114,144,1.2569444444444444,0.04488884633653656,682,"It’s a walk-up, but their tar pits view is to die for."
2137,1143,6,24,111,141,1.2553191489361701,0.04433941040440235,682,Don’t forget to act like your impressed by the view.
1036,1144,4,29,112,145,1.2551724137931035,0.04126740935865803,682,Love what you did with your redwood.
2246,1144,6,25,114,145,1.2551724137931035,0.04352665799715286,682,"Wow, from a cave to condo in just 2 million years!"
3502,1146,8,20,114,142,1.2535211267605635,0.046274253474722624,682,"Such liberation cutting our hair!  100,000 years from now, let’s burn our bras."
3397,1146,3,30,109,142,1.2535211267605635,0.04051982144960226,682,"Keeping up with the Flintstones, are you?"
3375,1146,4,28,110,142,1.2535211267605635,0.041734231167887756,682,This is the future of living! Except we haven't invented a way to get down yet.
3320,1146,1,34,107,142,1.2535211267605635,0.03797467167170185,682,Meet you down in the casino in five minutes.
3193,1146,2,32,108,142,1.2535211267605635,0.03926787248426633,682,"High, Myrna."
2821,1146,3,30,109,142,1.2535211267605635,0.04051982144960226,682,I hear they have a breathtaking view of the tar pits.
2053,1146,5,26,111,142,1.2535211267605635,0.042914288669879404,682,Look honey!  They saved enough pebbles to buy the penthouse.
1894,1146,7,22,113,142,1.2535211267605635,0.045182036405808805,682,On one hand the views are amazing but on the other you are living in a hollowed out Brontosaurus poo.
487,1146,8,20,114,142,1.2535211267605635,0.046274253474722624,682,"Hey, Deborah! DEBORAH! Can you hear me down there? You see now what I was saying about it looking like a giant dick?"
1022,1146,6,24,112,142,1.2535211267605635,0.04406275403227522,682,"After the Urks invented rebar, their home became a popular attraction in the otherwise drab neighborhood."
923,1146,5,26,111,142,1.2535211267605635,0.042914288669879404,682,We dropped the basketball. Can you throw it to us?
743,1146,3,30,109,142,1.2535211267605635,0.04051982144960226,682,"It really frees up the rest of the property for commercial development."""
536,1146,2,32,108,142,1.2535211267605635,0.03926787248426633,682,We'll be up in two shakes of a T-Rex's tail.
281,1146,4,28,110,142,1.2535211267605635,0.041734231167887756,682,"I'm sure it's lovely, but we'll wait until the elevator is invented."
236,1146,4,28,110,142,1.2535211267605635,0.041734231167887756,682,Looks like Gur and Uba finally got a piece of the pie.
1376,1146,7,22,113,142,1.2535211267605635,0.045182036405808805,682,Well we're moving on up.......to that dee-luxe hovel in the skyyyy......
1896,1162,6,23,110,139,1.2517985611510791,0.04461810422546896,682,"I'm not going up there. This thing was built by a neanderthal."""
1993,1162,7,21,111,139,1.2517985611510791,0.045771602978594964,682,It's a four story walk up with a man cave in the basement.
2042,1162,6,23,110,139,1.2517985611510791,0.04461810422546896,682,"It's easy, once we invented stairs."
2250,1162,5,25,109,139,1.2517985611510791,0.043433982204254526,682,Guess living in a cave wasn't good enough for you?
2779,1162,7,21,111,139,1.2517985611510791,0.045771602978594964,682,So happy you made it!  We'll be right down.
3292,1162,3,29,107,139,1.2517985611510791,0.04096317835579747,682,Come on up! Pole vaults are around back.
2997,1162,6,23,110,139,1.2517985611510791,0.04461810422546896,682,Nice--seems it pays well to invent both fire and fire insurance.
3095,1162,3,29,107,139,1.2517985611510791,0.04096317835579747,682,Do you think they can see our cave from up there?
3494,1162,6,23,110,139,1.2517985611510791,0.04461810422546896,682,I can’t believe we wore the same thing.
3512,1162,5,25,109,139,1.2517985611510791,0.043433982204254526,682,It’s cro-magnificent!
1882,1162,7,21,111,139,1.2517985611510791,0.045771602978594964,682,Fortunately they installed an elevator shortly after Rapunzel left.
2937,1162,6,23,110,139,1.2517985611510791,0.04461810422546896,682,"Sorry, you have to use stairs, the elevator is broken."
1858,1162,3,29,107,139,1.2517985611510791,0.04096317835579747,682,We love what you've done with that mysterious black monolith!
2845,1162,7,21,111,139,1.2517985611510791,0.045771602978594964,682,We’ll come for a visit once they invent stairs.
1737,1162,5,25,109,139,1.2517985611510791,0.043433982204254526,682,They’re moving to the suburbs. Whatever those are.
1831,1162,5,25,109,139,1.2517985611510791,0.043433982204254526,682,"Come on up and see us. We’re on the 5th floor, 4th European."
211,1162,5,25,109,139,1.2517985611510791,0.043433982204254526,682,Just come on up. We're having a paleo dinner.
712,1162,3,29,107,139,1.2517985611510791,0.04096317835579747,682,we invented stairs!
853,1162,4,27,108,139,1.2517985611510791,0.042216660165913016,682,You need to ask your boss for a raise.
906,1162,6,23,110,139,1.2517985611510791,0.04461810422546896,682,Love what you did with the mountain!
1013,1162,6,23,110,139,1.2517985611510791,0.04461810422546896,682,Sally married an engineer.
208,1162,3,29,107,139,1.2517985611510791,0.04096317835579747,682,"Sure they have a great view, but I’m not sure I’d want to ride a pterodactyl every day just to get up and down."
1273,1162,8,19,112,139,1.2517985611510791,0.04689673819985177,682,You never mentioned your brother in law was an architect.
1285,1162,3,29,107,139,1.2517985611510791,0.04096317835579747,682,"Thanks for stopping by, but unfortunately the elevator is out and the repairman won't be born for another 32,563 years."
1335,1162,6,23,110,139,1.2517985611510791,0.04461810422546896,682,"Hey, come down and have dinner with us. It’s safe. Jerry gave up cannibalism."
1550,1162,5,25,109,139,1.2517985611510791,0.043433982204254526,682,"What do you mean, there's no elevator?"
1735,1162,8,19,112,139,1.2517985611510791,0.04689673819985177,682,"Oh gross, the Smith’s are naked again. Dorothy, no, don’t wave! We’re not doing this again."
801,1189,6,23,111,140,1.25,0.044334753871226124,682,What's the buzzer number?
2341,1190,3,28,106,137,1.2481751824817517,0.041157863386336785,682,The 'Trump' sign must be on the other side.
2350,1190,7,20,110,137,1.2481751824817517,0.0460796977675794,682,I thought you said it was a quaint pied-à-terre.
2359,1190,3,28,106,137,1.2481751824817517,0.041157863386336785,682,"First, the wall drawings, now this."
2372,1190,4,26,107,137,1.2481751824817517,0.04244186524511072,682,Just smile and wave Irma
2441,1190,3,28,106,137,1.2481751824817517,0.041157863386336785,682,Look at those show offs.
2679,1190,6,22,109,137,1.2481751824817517,0.04489984787719984,682,Love the mid-century look!
2474,1190,3,28,106,137,1.2481751824817517,0.041157863386336785,682,They have air conditioning!
2675,1190,5,24,108,137,1.2481751824817517,0.043688146360768294,682,There's Wanda and Grog. They bought into WeCave early.
2323,1190,4,26,107,137,1.2481751824817517,0.04244186524511072,682,We're evolving. Come on up and check it out.
2383,1190,7,20,110,137,1.2481751824817517,0.0460796977675794,682,Ever since they moved into their pentcave they've been unbearable.
2286,1190,5,24,108,137,1.2481751824817517,0.043688146360768294,682,Great view? Sure. But I'll wait until somebody invents plumbing.
2101,1190,4,26,107,137,1.2481751824817517,0.04244186524511072,682,Hey Akhoba! I had no idea you guys were staying at the hard rock hotel this weekend!
3590,1190,5,24,108,137,1.2481751824817517,0.043688146360768294,682,"Movin' on up, to the East Side! To a de-luxe apartment in the Sky! - The Jefferstones"
2192,1190,3,28,106,137,1.2481751824817517,0.041157863386336785,682,Sorry!  Elevator’s not working; you’ll have to walk up!
2170,1190,4,26,107,137,1.2481751824817517,0.04244186524511072,682,So what if they've got the tallest hut? We own the patent rights for stairs and ladders.
2143,1190,4,26,107,137,1.2481751824817517,0.04244186524511072,682,Come on up! The kids are in bed and dinner is almost ready.
2112,1190,3,28,106,137,1.2481751824817517,0.041157863386336785,682,"Wow, you put in windows and a door in your monolith -- big improvement!"
2695,1190,6,22,109,137,1.2481751824817517,0.04489984787719984,682,You gotta give the Trump kids credit for their rebuilding effort.
2091,1190,4,26,107,137,1.2481751824817517,0.04244186524511072,682,Must be a bitch to clean.
2079,1190,7,20,110,137,1.2481751824817517,0.0460796977675794,682,Looks like the Joneses finally struck oil.
1971,1190,6,22,109,137,1.2481751824817517,0.04489984787719984,682,"Hi Sis, I found him out wandering under the palm trees again."
1901,1190,2,30,105,137,1.2481751824817517,0.039832493162901404,682,How can they afford this place? I haven't seen them catch a mastodon in months.
1899,1190,6,22,109,137,1.2481751824817517,0.04489984787719984,682,You're just in time to see the man cave!
1875,1190,2,30,105,137,1.2481751824817517,0.039832493162901404,682,"We love the apartment, even though it's a walk-up.   One is still available on the second floor."
2263,1190,3,28,106,137,1.2481751824817517,0.041157863386336785,682,I told you guys to build out not up!
2726,1190,3,28,106,137,1.2481751824817517,0.041157863386336785,682,"Great , our neighbors the Joneses carved a penthouse out of that rock !"
2945,1190,2,30,105,137,1.2481751824817517,0.039832493162901404,682,We see you had no trouble finding our place.
2745,1190,4,26,107,137,1.2481751824817517,0.04244186524511072,682,Love your early townhouse!
1844,1190,6,22,109,137,1.2481751824817517,0.04489984787719984,682,"Vegas, 'the early years.'"
3563,1190,4,26,107,137,1.2481751824817517,0.04244186524511072,682,Isn’t it great the ice age is over.
3473,1190,1,32,104,137,1.2481751824817517,0.03846147819074056,682,Where’s the fireplace?
3470,1190,5,24,108,137,1.2481751824817517,0.043688146360768294,682,"It was a little prciey, but you know what they say: “Locavetion, locavetion, locavetion”"
3459,1190,4,26,107,137,1.2481751824817517,0.04244186524511072,682,"How lucky, they landed a pre-war apartment."
3437,1190,5,24,108,137,1.2481751824817517,0.043688146360768294,682,Now there is a well rounded couple in a square hole.
3389,1190,6,22,109,137,1.2481751824817517,0.04489984787719984,682,I give this 'high-rise' trend one year at best--who wants to schlep all the way up to the penthouse?
3383,1190,4,26,107,137,1.2481751824817517,0.04244186524511072,682,Hi come on up. There's a great view of the tar pits.
3371,1190,5,24,108,137,1.2481751824817517,0.043688146360768294,682,High neighbors!
3345,1190,2,30,105,137,1.2481751824817517,0.039832493162901404,682,Take the stairs ! The elevator will come in a couple thousand years.
3342,1190,8,18,111,137,1.2481751824817517,0.04723008313889821,682,I would have invented a cheese wheel too if I had known they were coming.
2739,1190,4,26,107,137,1.2481751824817517,0.04244186524511072,682,Don't take it for granite!
3338,1190,3,28,106,137,1.2481751824817517,0.041157863386336785,682,"Yes, Marge, I’m sure they do have an enviable view of the woolly mammoths."
3261,1190,6,22,109,137,1.2481751824817517,0.04489984787719984,682,Can you spot any prey?
3184,1190,5,24,108,137,1.2481751824817517,0.043688146360768294,682,You didn't tell us you had the penthouse!
3179,1190,3,28,106,137,1.2481751824817517,0.041157863386336785,682,"We meant BEFORE your haircut, Rapunzel."
3058,1190,6,22,109,137,1.2481751824817517,0.04489984787719984,682,"Okay, I admit it - your father is the king of the sand castle and I’m the dirty rascal"
3055,1190,3,28,106,137,1.2481751824817517,0.041157863386336785,682,"Wow, a fifth-floor walkup with desert views!"
3016,1190,3,28,106,137,1.2481751824817517,0.041157863386336785,682,Hi Wilma. Unfortunately it’s a walk up.
2949,1190,6,22,109,137,1.2481751824817517,0.04489984787719984,682,We leased the rights to this tower right before the global financial and ice caps meltdown.
2911,1190,7,20,110,137,1.2481751824817517,0.0460796977675794,682,Alright! You guys can climb down now
2877,1190,6,22,109,137,1.2481751824817517,0.04489984787719984,682,Top of the Monolith to you!
2873,1190,5,24,108,137,1.2481751824817517,0.043688146360768294,682,I thought it was a big deal to walk upright. Now we have to keep up with the Jones'?!
2867,1190,5,24,108,137,1.2481751824817517,0.043688146360768294,682,I call it a penthouse
3330,1190,4,26,107,137,1.2481751824817517,0.04244186524511072,682,I love Mid-Paleolithic Modern architecture!
1823,1190,5,24,108,137,1.2481751824817517,0.043688146360768294,682,"Hi Guys! Come up! 4th floor, left out of the hoist. Apartment 3."
1377,1190,8,18,111,137,1.2481751824817517,0.04723008313889821,682,I'll bet you can see the Ice Age form up there.
1715,1190,5,24,108,137,1.2481751824817517,0.043688146360768294,682,Hi!  We love what you've done with the place!
736,1190,3,28,106,137,1.2481751824817517,0.041157863386336785,682,They had better have an elevator.
721,1190,4,26,107,137,1.2481751824817517,0.04244186524511072,682,I hear they cornered the market on stone.
695,1190,5,24,108,137,1.2481751824817517,0.043688146360768294,682,She told me they wanted a lot more room for their horse paintings.
683,1190,4,26,107,137,1.2481751824817517,0.04244186524511072,682,Are you guys ready to go to Th Olive Garden?
635,1190,6,22,109,137,1.2481751824817517,0.04489984787719984,682,Come on up - we just invented New York City!
628,1190,4,26,107,137,1.2481751824817517,0.04244186524511072,682,"I don't care who you invited over, they can't come up until we invent stairs."
563,1190,3,28,106,137,1.2481751824817517,0.041157863386336785,682,Looks like your profits from inventing the wheel have helped you invent gentrification.
533,1190,7,20,110,137,1.2481751824817517,0.0460796977675794,682,I promise we'll just stay until the tide comes in.
407,1190,6,22,109,137,1.2481751824817517,0.04489984787719984,682,"What's it like to get high?"""
393,1190,3,28,106,137,1.2481751824817517,0.041157863386336785,682,Come on up. The penthouse comes with an interpreter.
370,1190,6,22,109,137,1.2481751824817517,0.04489984787719984,682,Gentrification at it's finest.
358,1190,5,24,108,137,1.2481751824817517,0.043688146360768294,682,Yabba dabba do come on up!
240,1190,4,26,107,137,1.2481751824817517,0.04244186524511072,682,"Stairs aren't a thing yet, so they never come down."
223,1190,6,22,109,137,1.2481751824817517,0.04489984787719984,682,The penthouse view overlooks extinction.
209,1190,4,26,107,137,1.2481751824817517,0.04244186524511072,682,They got a good deal..the last owners were eaten by a pterodactyl.
197,1190,3,28,106,137,1.2481751824817517,0.041157863386336785,682,The Guggs are moving up in the world.
148,1190,5,24,108,137,1.2481751824817517,0.043688146360768294,682,What's an elevator?
1738,1190,7,20,110,137,1.2481751824817517,0.0460796977675794,682,We love the Upper Paleolithic! The clean modern lines are to die for!
92,1190,6,22,109,137,1.2481751824817517,0.04489984787719984,682,"We'd invite you up, but the lift has flown off. Pterodactyls are so unreliable!"
73,1190,4,26,107,137,1.2481751824817517,0.04244186524511072,682,So how's the new MOMA?
71,1190,7,20,110,137,1.2481751824817517,0.0460796977675794,682,"Come on up, door’s unrocked!"
50,1190,6,22,109,137,1.2481751824817517,0.04489984787719984,682,We can see your cave from here.
29,1190,4,26,107,137,1.2481751824817517,0.04244186524511072,682,"We´ll be down in a bit, elevator does not work!"
797,1190,3,28,106,137,1.2481751824817517,0.041157863386336785,682,Great news! Ogg just invented the fire ladder.
806,1190,5,24,108,137,1.2481751824817517,0.043688146360768294,682,Sorry we're late! John refused to ask for directions...
114,1190,5,24,108,137,1.2481751824817517,0.043688146360768294,682,I hate walking up all these stairs. It's so uncivilized.
899,1190,3,28,106,137,1.2481751824817517,0.041157863386336785,682,'Darn. I was supposed to gather something to the party.'
1693,1190,5,24,108,137,1.2481751824817517,0.043688146360768294,682,And he doesn't need his Viagra any more.
1662,1190,6,22,109,137,1.2481751824817517,0.04489984787719984,682,I hope they invented an elevator.
1639,1190,4,26,107,137,1.2481751824817517,0.04244186524511072,682,Hi Elle! Hi Vator! Come on up.
1555,1190,7,20,110,137,1.2481751824817517,0.0460796977675794,682,"She's nice, but the high-rise condo is a little presumptuous, don't you think?"
1551,1190,6,22,109,137,1.2481751824817517,0.04489984787719984,682,"And, of course, they took the penthouse."
1540,1190,8,18,111,137,1.2481751824817517,0.04723008313889821,682,"Remember, Barb. Fish and family smell bad after 3 days!"
1489,1190,4,26,107,137,1.2481751824817517,0.04244186524511072,682,"Big cave, good. Four-story walk-up, bad."
1474,1190,5,24,108,137,1.2481751824817517,0.043688146360768294,682,I suppose they have one of those modern house wolves too.
1450,1190,4,26,107,137,1.2481751824817517,0.04244186524511072,682,Lookit the Neanderthals! Living large on the fifth floor!
811,1190,4,26,107,137,1.2481751824817517,0.04244186524511072,682,"Yes, we know we're going to suffer through them showing off their new penthouse. Just grin and bear it and don't be classless."
1398,1190,5,24,108,137,1.2481751824817517,0.043688146360768294,682,"what a relief!  we thought you were in another rapunzel
gag!"
1368,1190,1,32,104,137,1.2481751824817517,0.03846147819074056,682,"Hey girl! No, you come down first."
1423,1190,3,28,106,137,1.2481751824817517,0.041157863386336785,682,"Archeologists agree that the Smiths predated the welcome-to-the-neighborhood jello mold by 10,000 years."
1349,1190,7,20,110,137,1.2481751824817517,0.0460796977675794,682,"""We built this city on rock and roll."""
907,1190,9,16,112,137,1.2481751824817517,0.04835310703835909,682,"Thanks, but we’re going to pass on living in a high-rise till they invent the elevator.”"
910,1190,5,24,108,137,1.2481751824817517,0.043688146360768294,682,"Yes, it's a fifth-floor climb-up, but they're great people."
1357,1190,10,14,113,137,1.2481751824817517,0.04945063363819302,682,You better call your doctor if you've been up there for more than four hours.
1058,1190,5,24,108,137,1.2481751824817517,0.043688146360768294,682,"Is it a NYC ""walk up"" or do you have an elevator?"
1094,1190,7,20,110,137,1.2481751824817517,0.0460796977675794,682,Those poor people.  Stairs haven't been invented yet.
975,1190,4,26,107,137,1.2481751824817517,0.04244186524511072,682,I think we may have swapped husbands!
1242,1190,4,26,107,137,1.2481751824817517,0.04244186524511072,682,What do you think it costs to have a giraffe?
1274,1190,3,28,106,137,1.2481751824817517,0.041157863386336785,682,Greetings from the famed Tower of Bedrock
1334,1190,3,28,106,137,1.2481751824817517,0.041157863386336785,682,Prepare yourself for another mid-century Paleolithic restoration
1348,1190,3,28,106,137,1.2481751824817517,0.041157863386336785,682,They just moved into their new mudflat yesterday. Didn't mention it was a penthouse.
1233,1190,5,24,108,137,1.2481751824817517,0.043688146360768294,682,Movin' on up!
813,1298,2,29,102,133,1.2481203007518797,0.04051111006204472,682,He kills one mammoth and next thing you know he's up there in his ivory tower.
61,1299,4,26,108,138,1.2463768115942029,0.04217155550129456,682,Can you believe they still live in a walk up?
798,1299,7,20,111,138,1.2463768115942029,0.045779904562916626,682,Why didn't you tell me our house looks like a kazoo?
3391,1301,4,25,105,134,1.2462686567164178,0.042947939981654984,682,"Love the beach house!  
We'll come back in 6 hours and avoid all the steps."
3170,1301,3,27,104,134,1.2462686567164178,0.04162096464564211,682,"Sure, it’s a pre-war walkup. But look at the neighborhood."
1891,1301,2,29,103,134,1.2462686567164178,0.0402502651842164,682,What is she babbling about now?
2554,1301,4,25,105,134,1.2462686567164178,0.042947939981654984,682,"Sorry, the buzzer is broken. Hold tight, I'll throw you the keys."
456,1301,5,23,106,134,1.2462686567164178,0.04423512630593346,682,What do you mean there's no such thing as an elevator?
356,1301,5,23,106,134,1.2462686567164178,0.04423512630593346,682,It makes it easier to feed our pet brontosaurus.
1539,1301,6,21,107,134,1.2462686567164178,0.04548590166123932,682,"How ""Hi, Rise"" got its name."
404,1308,4,25,106,135,1.2444444444444445,0.04266763404099585,682,"I’ll be honest Mary, I don’t think my back can take another four stories of rope climbing for a game of Charades and a lousy cheese platter."
708,1308,6,21,108,135,1.2444444444444445,0.04518455082971872,682,Wow! That wooly mammoth’s tusk made a great ivory tower.
934,1308,5,23,107,135,1.2444444444444445,0.04394411580826142,682,Would you mind calling us an Uber? It turns out we’re not desert people.
2461,1308,2,29,104,135,1.2444444444444445,0.039992628766177166,682,"As soon as doors are invented, they're getting a concierge."
2691,1308,5,23,107,135,1.2444444444444445,0.04394411580826142,682,"C'mon up! The eleraptor is in the back."""
2792,1308,2,29,104,135,1.2444444444444445,0.039992628766177166,682,"In the early era of humans, termites and humans worked together in the field of construction... that was before the great falling out between the two species- a bitter feud that continues today."
3452,1308,6,21,108,135,1.2444444444444445,0.04518455082971872,682,We'll be right there. The T-Rex we hired to take us up to your floor will be arriving soon. We made sure he had lunch first...
1912,1315,3,26,102,131,1.2442748091603053,0.042099347106901504,682,You've come a long way since the cave!
2152,1316,4,24,104,132,1.2424242424242424,0.04318085433421962,682,We're offering rooms in the world's first beachfront resort.
2155,1316,10,12,110,132,1.2424242424242424,0.050582098681813195,682,"God, I hate them."
2178,1316,3,26,103,132,1.2424242424242424,0.041820159732229155,682,Enough with the long good-byes already!
2207,1316,3,26,103,132,1.2424242424242424,0.041820159732229155,682,AirBnB said you were rock solid.
2312,1316,3,26,103,132,1.2424242424242424,0.041820159732229155,682,Let me know if you see my husband.  He doesn't know I'm out gathering.
3593,1316,8,16,108,132,1.2424242424242424,0.04824135015781403,682,"So, how long has the elevator been stuck this time?"
2362,1316,3,26,103,132,1.2424242424242424,0.041820159732229155,682,We're on the fourth.  I'll get the rope!
2582,1316,1,30,101,132,1.2424242424242424,0.03895644899142241,682,Can you please try to talk some sense into Noah?
2725,1316,4,24,104,132,1.2424242424242424,0.04318085433421962,682,I wish someone would invent the Elevator
2775,1316,4,24,104,132,1.2424242424242424,0.04318085433421962,682,The beginning of time share.
3165,1316,5,22,105,132,1.2424242424242424,0.044499961820624365,682,Landing a place that's rent controlled until the Iron Age; that's great!
2881,1316,1,30,101,132,1.2424242424242424,0.03895644899142241,682,Come on up—we’ll be waterfront in no time!
3030,1316,2,28,102,132,1.2424242424242424,0.040413677623117004,682,"One second, we'll hail a brontosaurus!"""
3047,1316,6,20,106,132,1.2424242424242424,0.04578107712844859,682,We’ll be down as soon as they invent stairs.
3116,1316,8,16,108,132,1.2424242424242424,0.04824135015781403,682,Nineveh is in that direction. This is Bafjyvdcx
3203,1316,5,22,105,132,1.2424242424242424,0.044499961820624365,682,You'll have to take the stairs. They haven't invented elevators yet.
3246,1316,7,18,107,132,1.2424242424242424,0.04702730530282264,682,"Hi, you’ll have to take the stairs. The elevator hasn’t been invented yet."
3336,1316,4,24,104,132,1.2424242424242424,0.04318085433421962,682,"When they invent the ladder, we'll come visit"
3343,1316,6,20,106,132,1.2424242424242424,0.04578107712844859,682,You'll have to use the stairs - the brachiosaurus is broken.
3441,1316,5,22,105,132,1.2424242424242424,0.044499961820624365,682,We're all looking forward  to the invention of the elevator.
1990,1316,3,26,103,132,1.2424242424242424,0.041820159732229155,682,"Come on up, but you'll have to use the stairs.  The elevator guy says he can't get here for another 10,000 years."
2786,1316,6,20,106,132,1.2424242424242424,0.04578107712844859,682,Is the elevator broken again?
1969,1316,4,24,104,132,1.2424242424242424,0.04318085433421962,682,Is this the brownstone advertised in the paper?
1578,1316,2,28,102,132,1.2424242424242424,0.040413677623117004,682,"Sure, the view is great, but it's gonna be at least another few hundred thousand years before someone invents the elevator."
1926,1316,3,26,103,132,1.2424242424242424,0.041820159732229155,682,What tide?
1957,1316,4,24,104,132,1.2424242424242424,0.04318085433421962,682,Now if someone would only invent stairs.
100,1316,4,24,104,132,1.2424242424242424,0.04318085433421962,682,I can't believe you're living in a highrise on the beach.
103,1316,5,22,105,132,1.2424242424242424,0.044499961820624365,682,"Yoo hoo, Mrs. Goldberg!"
162,1316,3,26,103,132,1.2424242424242424,0.041820159732229155,682,Do you have Wi-Fi up there?
232,1316,3,26,103,132,1.2424242424242424,0.041820159732229155,682,On a clear day you can see forever
251,1316,5,22,105,132,1.2424242424242424,0.044499961820624365,682,"Archie, would you look at the Jeffersons!"
285,1316,2,28,102,132,1.2424242424242424,0.040413677623117004,682,"Sure, the views are nice, but think of all the outdoor space they're giving up."
309,1316,4,24,104,132,1.2424242424242424,0.04318085433421962,682,"Hurry up, there’s one more penthouse unit left!"
481,1316,5,22,105,132,1.2424242424242424,0.044499961820624365,682,Fred! Wilma!
595,1316,6,20,106,132,1.2424242424242424,0.04578107712844859,682,Hi! I've found another one with a trendy beard.
727,1316,4,24,104,132,1.2424242424242424,0.04318085433421962,682,"Wait, I’m gonna through you down the keys, the elevator’s not working."
836,1316,4,24,104,132,1.2424242424242424,0.04318085433421962,682,We like to have never found your house.
1138,1316,4,24,104,132,1.2424242424242424,0.04318085433421962,682,Come up and see us.  Og has just invented the elevator!
1189,1316,7,18,107,132,1.2424242424242424,0.04702730530282264,682,I see us upstairs!
1254,1316,3,26,103,132,1.2424242424242424,0.041820159732229155,682,Nice job!  Did you invent stairs first?
1306,1316,6,20,106,132,1.2424242424242424,0.04578107712844859,682,Come on up; The door's open!
1347,1316,2,28,102,132,1.2424242424242424,0.040413677623117004,682,We’ll visit as soon as someone invents stairs.
1422,1316,4,24,104,132,1.2424242424242424,0.04318085433421962,682,Welcome to Pisa!
1441,1316,4,24,104,132,1.2424242424242424,0.04318085433421962,682,Can you see La Brea from up there?
1552,1316,5,22,105,132,1.2424242424242424,0.044499961820624365,682,Is the elevator invented yet?
1651,1316,7,18,107,132,1.2424242424242424,0.04702730530282264,682,My husband’s been texting some chick named Rapunzel. Anybody you know?
763,1316,4,24,104,132,1.2424242424242424,0.04318085433421962,682,We're moving on up.
2357,1363,5,22,106,133,1.2406015037593985,0.044201706232744095,682,Oh come on! A fifth floor climb up?
1354,1363,6,20,107,133,1.2406015037593985,0.04547210134179587,682,"Yo, the man cave is down there; the woman palace is up here."
1833,1363,0,32,101,133,1.2406015037593985,0.03720463682287573,682,A four-storey walk-up?!
86,1363,6,20,107,133,1.2406015037593985,0.04547210134179587,682,A fifth-floor rock up seems impractical.
1184,1363,6,20,107,133,1.2406015037593985,0.04547210134179587,682,Don't worry! It's almost as easy as climbing the border wall.
1207,1368,3,25,101,129,1.2403100775193798,0.04230403091655634,682,"Yeah, the trampoline got us up. I guess it's gravity to get down!"
3122,1368,3,25,101,129,1.2403100775193798,0.04230403091655634,682,Who would live in house like that?
2279,1370,6,20,108,134,1.2388059701492538,0.0451671846393246,682,My goodness Gronk! Have you ever seen a house so Neanderthal?
2618,1371,3,25,102,130,1.2384615384615385,0.042018035929025456,682,I hope these walk-ups don't catch on
2608,1371,4,23,103,130,1.2384615384615385,0.0434140061237124,682,Not yet. Toss it higher!
2556,1371,3,25,102,130,1.2384615384615385,0.042018035929025456,682,How's Rapunzel liking college?
2532,1371,4,23,103,130,1.2384615384615385,0.0434140061237124,682,"Honey, are they stuck?"
2479,1371,4,23,103,130,1.2384615384615385,0.0434140061237124,682,"Isn't it great, none of us knows anything about the phallic implications of towers!"
2471,1371,4,23,103,130,1.2384615384615385,0.0434140061237124,682,We’ll see you as soon as we invent the stairs
2401,1371,3,25,102,130,1.2384615384615385,0.042018035929025456,682,just throw down the key
2381,1371,5,21,104,130,1.2384615384615385,0.044766466379273236,682,"Take the stairs up. No elevator for another 40,000 years."
2358,1371,3,25,102,130,1.2384615384615385,0.042018035929025456,682,Come up and see our fabulous Airbnb!
2339,1371,2,27,101,130,1.2384615384615385,0.040574065102673786,682,"Don't forget, push 4...we're in Europe."
2274,1371,2,27,101,130,1.2384615384615385,0.040574065102673786,682,Tell them “Top of the rock.”
2118,1371,7,17,106,130,1.2384615384615385,0.04735565099162219,682,Isn't it just great? It's called a condo!
2148,1371,3,25,102,130,1.2384615384615385,0.042018035929025456,682,Hi! Are you Jim and Paula from the personals?
2047,1371,3,25,102,130,1.2384615384615385,0.042018035929025456,682,"I see you invented the hi rise.  Cool!.  Look, I invented underarm shaving."
2021,1371,4,23,103,130,1.2384615384615385,0.0434140061237124,682,Not sure I would call it classical architecture
2002,1371,4,23,103,130,1.2384615384615385,0.0434140061237124,682,"They're so proud of inventing the cute 3-floor walk-up, but just wait till someone invents a full-size sofa."
1961,1371,5,21,104,130,1.2384615384615385,0.044766466379273236,682,"Look, the new neighbors have moved into our brownstone"
1927,1371,6,19,105,130,1.2384615384615385,0.04607924800236506,682,"Hi Grog, love the new brownstone. It's butte-iful!"
1802,1371,5,21,104,130,1.2384615384615385,0.044766466379273236,682,"It's nice, but I'd sooner live in a cave than deal with an HOA."
1799,1371,3,25,102,130,1.2384615384615385,0.042018035929025456,682,"Honey, look it's us if we were poor!"
1787,1371,4,23,103,130,1.2384615384615385,0.0434140061237124,682,Come up and see this amazing view of our barren prehistoric  wasteland before we jump to our deaths
2234,1371,5,21,104,130,1.2384615384615385,0.044766466379273236,682,Welcome.  Grog wanted to call to call the place Tower of Babel but I think that would have downplayed our ability for cross modality information transfer
2628,1371,2,27,101,130,1.2384615384615385,0.040574065102673786,682,"Look Torg, they finally got a piece of the pie."
3176,1371,6,19,105,130,1.2384615384615385,0.04607924800236506,682,Sorry we're late!  We haven't updated the GPS since the Pleistocene.
2721,1371,3,25,102,130,1.2384615384615385,0.042018035929025456,682,"Use the stairs, the elevator operator is out  pillaging our neighbors."
3595,1371,3,25,102,130,1.2384615384615385,0.042018035929025456,682,"(To husband) ""I hate new money."""
3572,1371,5,21,104,130,1.2384615384615385,0.044766466379273236,682,Your cave is too close to the fire in the sky.
3446,1371,3,25,102,130,1.2384615384615385,0.042018035929025456,682,"One day, Elizabeth, one day, that will be you in that penthouse suite."
3435,1371,1,29,100,130,1.2384615384615385,0.039076772827079095,682,Good news -- the second-floor unit is available!
3390,1371,3,25,102,130,1.2384615384615385,0.042018035929025456,682,"Sorry to rush off, but we really want to beat the traffic."
3366,1371,7,17,106,130,1.2384615384615385,0.04735565099162219,682,"Brooklyn, circa 1990s"
3257,1371,3,25,102,130,1.2384615384615385,0.042018035929025456,682,I'll invent the spiral if you invent the staircase!
3207,1371,4,23,103,130,1.2384615384615385,0.0434140061237124,682,Great.  Another evening of Phil showing off his 42” cave drawing and Alice her latest cocktail hide.
1740,1371,6,19,105,130,1.2384615384615385,0.04607924800236506,682,I wish my husband was a world renowned cave painter...
3172,1371,3,25,102,130,1.2384615384615385,0.042018035929025456,682,"Just wave, Steven. 'Penthouse Patty' won't let it go 'til you wave"
3147,1371,4,23,103,130,1.2384615384615385,0.0434140061237124,682,Sorry we're late. Bill couldn't pull himself away from the cave drawings.
3130,1371,7,17,106,130,1.2384615384615385,0.04735565099162219,682,"Hi, it's not the Tower of Babel, but—it's a fun place to chatter."""
3129,1371,6,19,105,130,1.2384615384615385,0.04607924800236506,682,And so many paleo restaurants around!
3029,1371,3,25,102,130,1.2384615384615385,0.042018035929025456,682,It looks nothing like the Hard Rock.
3012,1371,1,29,100,130,1.2384615384615385,0.039076772827079095,682,I've got a Prince Charming for you-if you want him.
2915,1371,6,19,105,130,1.2384615384615385,0.04607924800236506,682,"They bought the penthouse.  Jax an entrepreneur.  
He invented the wheel."
2900,1371,5,21,104,130,1.2384615384615385,0.044766466379273236,682,Time share?
2892,1371,2,27,101,130,1.2384615384615385,0.040574065102673786,682,"They're happy now, but I think a lack of local amenities will make the property value drop like a stone."
2870,1371,3,25,102,130,1.2384615384615385,0.042018035929025456,682,"Wow, they truly evolved over the last years."
2794,1371,3,25,102,130,1.2384615384615385,0.042018035929025456,682,Ancient Architectural Digest Cover titled: “Everyone is loving  the monolith!”
2732,1371,6,19,105,130,1.2384615384615385,0.04607924800236506,682,"Hey, Congrats! You finally got rid of that TRUMP sign!"
2662,1371,4,23,103,130,1.2384615384615385,0.0434140061237124,682,"Well, I just hope they also discovered the elevator."
1714,1371,6,19,105,130,1.2384615384615385,0.04607924800236506,682,"I told them they were getting too old for a walk-up, but they wouldn't listen."
2127,1371,5,21,104,130,1.2384615384615385,0.044766466379273236,682,"It's not Doral, but at least there aren't any bedbugs."
1641,1371,5,21,104,130,1.2384615384615385,0.044766466379273236,682,We came to see your new Frank Lloyd Wrong house.
718,1371,3,25,102,130,1.2384615384615385,0.042018035929025456,682,"Be nice, she's on the board."
647,1371,4,23,103,130,1.2384615384615385,0.0434140061237124,682,Hi. We're the Babels. Like our new place
599,1371,5,21,104,130,1.2384615384615385,0.044766466379273236,682,"Babble! Babble, babble!"
560,1371,4,23,103,130,1.2384615384615385,0.0434140061237124,682,‘’Otis. Look who’s here.”
477,1371,2,27,101,130,1.2384615384615385,0.040574065102673786,682,I see Rapunzel finally got her man!
467,1371,3,25,102,130,1.2384615384615385,0.042018035929025456,682,To think we knew them when they were only ground floor
438,1371,2,27,101,130,1.2384615384615385,0.040574065102673786,682,Wow! They've moved up in the food chain.
377,1371,3,25,102,130,1.2384615384615385,0.042018035929025456,682,We are not coming up! You come down!
371,1371,3,25,102,130,1.2384615384615385,0.042018035929025456,682,We’ll come back when you invent stairs.
328,1371,3,25,102,130,1.2384615384615385,0.042018035929025456,682,"Come on up, can you believe the condo fees are only one pterodactyl  a month."
286,1371,4,23,103,130,1.2384615384615385,0.0434140061237124,682,I can't believe she brought him...
238,1371,5,21,104,130,1.2384615384615385,0.044766466379273236,682,"Geez, talk about nouveau riche."
222,1371,4,23,103,130,1.2384615384615385,0.0434140061237124,682,Twin-swapping was as much fun as you said it would be!
190,1371,3,25,102,130,1.2384615384615385,0.042018035929025456,682,"They're a sweet couple and we had some fun, but no way are we 
gonna shinny up there, Joe."
178,1371,8,15,107,130,1.2384615384615385,0.04859854180134617,682,Haven't YOU  evolved.
144,1371,1,29,100,130,1.2384615384615385,0.039076772827079095,682,It has a built in catapult.
90,1371,4,23,103,130,1.2384615384615385,0.0434140061237124,682,I think she is babbling about the great desert view.
80,1371,4,23,103,130,1.2384615384615385,0.0434140061237124,682,"Oh, great, a 5th floor climb-up."
48,1371,7,17,106,130,1.2384615384615385,0.04735565099162219,682,"They pay 5,000 rocks a month for that. And it’s a walk up."
38,1371,4,23,103,130,1.2384615384615385,0.0434140061237124,682,I guess the real estate agent forgot to mention the pterosaur.
25,1371,5,21,104,130,1.2384615384615385,0.044766466379273236,682,Wish they had invented stairs first.
776,1371,4,23,103,130,1.2384615384615385,0.0434140061237124,682,We were in the neighborhood and wanted to check out your new digs!
842,1371,3,25,102,130,1.2384615384615385,0.042018035929025456,682,Your hand is raised up high like mine. I don’t know what that means.
871,1371,3,25,102,130,1.2384615384615385,0.042018035929025456,682,When will the elevator be finished?
1646,1371,3,25,102,130,1.2384615384615385,0.042018035929025456,682,We’ll visit some other time - say when they invent the elevator!
1597,1371,5,21,104,130,1.2384615384615385,0.044766466379273236,682,Come on down !
1588,1371,3,25,102,130,1.2384615384615385,0.042018035929025456,682,He got the promotion!
1580,1371,5,21,104,130,1.2384615384615385,0.044766466379273236,682,"Yes, it is listed as a contemporary."
1565,1371,6,19,105,130,1.2384615384615385,0.04607924800236506,682,You'd think they could do better than a fifth-floor walk-up.
1564,1371,4,23,103,130,1.2384615384615385,0.0434140061237124,682,I'll send down the rope!
1510,1371,8,15,107,130,1.2384615384615385,0.04859854180134617,682,We thought we’d never find the place!
1499,1371,5,21,104,130,1.2384615384615385,0.044766466379273236,682,"Look, Harold!  Gilgamesh and Barb finally got that Deluxe Apartment in the Sky!"
1486,1371,3,25,102,130,1.2384615384615385,0.042018035929025456,682,"They'll find out the hard way that when it rains, it pours"
1414,1371,2,27,101,130,1.2384615384615385,0.040574065102673786,682,Come on up! Stig just ordered paleo brunch.
917,1371,3,25,102,130,1.2384615384615385,0.042018035929025456,682,"The elevator to the penthouse won't be working for 5000 years, but this apartment is still a steal."
1613,1371,6,19,105,130,1.2384615384615385,0.04607924800236506,682,Please tell me you've invented stairs!
1339,1371,3,25,102,130,1.2384615384615385,0.042018035929025456,682,"Come on in.  It will be a walk up for about 5,000 years."
1238,1371,3,25,102,130,1.2384615384615385,0.042018035929025456,682,"She said it’s a walk-up penthouse, whatever that is."
1129,1371,3,25,102,130,1.2384615384615385,0.042018035929025456,682,"Hey, are you ready to party like we did before Christ?!"
1091,1371,4,23,103,130,1.2384615384615385,0.0434140061237124,682,"Come on up, we're making martinis."
1057,1371,3,25,102,130,1.2384615384615385,0.042018035929025456,682,Are you going to put your name on the building?
1042,1371,5,21,104,130,1.2384615384615385,0.044766466379273236,682,We're on the top floor.  Climb the rope......
980,1371,1,29,100,130,1.2384615384615385,0.039076772827079095,682,I love your sand castle.
965,1371,3,25,102,130,1.2384615384615385,0.042018035929025456,682,"Hi-i-i-i-i, if my Guido can't make it lean, nobody can"
955,1371,2,27,101,130,1.2384615384615385,0.040574065102673786,682,"My word, how long will it take them to paint the walls?"
939,1371,7,17,106,130,1.2384615384615385,0.04735565099162219,682,"They're climate deniers -- don't say anything about politics,melting glaciers,or rising sea levels,and try to enjoy dinner."
924,1371,5,21,104,130,1.2384615384615385,0.044766466379273236,682,Hi!  We’ll be down in an era!
1317,1371,4,23,103,130,1.2384615384615385,0.0434140061237124,682,Nice place. That must have cost you a few bones!
96,1469,5,20,101,126,1.2380952380952381,0.045674585936311615,682,Sorry we're late.  We had to dig a subway!
2863,1470,3,25,103,131,1.2366412213740459,0.04173576960964363,682,Can't wait to see your etchings.
3169,1470,1,29,101,131,1.2366412213740459,0.03882003143631715,682,It’s gorgeous. Just wait ’til you see their granite fixtures.
1821,1470,5,21,105,131,1.2366412213740459,0.04446070275087714,682,This is more than just a step up!
388,1470,2,27,102,131,1.2366412213740459,0.040304275862654476,682,The area has lost all its character now that its gentrifying.
1194,1474,2,26,99,127,1.236220472440945,0.04101068616380095,682,"Oh dear, it’s those ignorant Neanderthals again. Just wave and smile,  and pray to the bones of the sacred cave bear that they won’t want to come up."
1527,1474,5,20,102,127,1.236220472440945,0.045352282307337274,682,The first couples' motel.
2612,1474,3,24,100,127,1.236220472440945,0.04250718476420963,682,"sorry we can't visit, but stairs haven't been invented yet"
3533,1474,7,16,104,127,1.236220472440945,0.048029139742349944,682,We’ve never been to a paleo-only community before.
2285,1478,7,17,108,132,1.2348484848484849,0.04670479649701895,682,"Rapunzel, Rapunzel, throw down your friend!"
944,1479,4,22,102,128,1.234375,0.0436470597159808,682,"Oh, Hi Stella - just love what you've done with your cave!!
Harry, why don't you ever do anything around our place?!"
1705,1479,4,22,102,128,1.234375,0.0436470597159808,682,"Dear, I'm NOT  gonna CAVE to your demands for a penthouse!"
1479,1481,2,27,104,133,1.2330827067669172,0.03977496800591531,682,They say it's the best for miles.
2473,1482,6,17,102,125,1.232,0.047022300817734855,682,I could never live in one of those high rise condos.
2512,1482,2,25,98,125,1.232,0.041169985935575484,682,I can't believe they have a Brachiosaurus as an elevator
2558,1482,4,21,100,125,1.232,0.04419312455647955,682,"We found it on International House Hunters--No elevator, no a.c., but we love it"
1963,1482,3,23,99,125,1.232,0.04270831300812524,682,We'll be looking for one too once John gets his promotion.
2629,1482,2,25,98,125,1.232,0.041169985935575484,682,Hey look! It’s High and Rise.
2694,1482,3,23,99,125,1.232,0.04270831300812524,682,I'll buzz you in - whatever that means.
2459,1482,4,21,100,125,1.232,0.04419312455647955,682,"Hi Betty,  the elevator is broke again.   You will have to walk up."
2593,1482,5,19,101,125,1.232,0.04562964514577153,682,"Just let down your hair, and we'll be up in a jiffy!"
2417,1482,5,19,101,125,1.232,0.04562964514577153,682,"It's 2 million BC, of course it's walk-up."
2324,1482,1,27,97,125,1.232,0.03957190270723619,682,Come on up.  High tide doesn't hit until midnight.
2388,1482,3,23,99,125,1.232,0.04270831300812524,682,We’ll be up as soon as our Lyft gets here
2329,1482,5,19,101,125,1.232,0.04562964514577153,682,Rapunzel will be right with you!
2791,1482,3,23,99,125,1.232,0.04270831300812524,682,"Now I see what you mean by ""a vertical cave"""
2318,1482,1,27,97,125,1.232,0.03957190270723619,682,I’m growing my hair; come back next year at this time
2219,1482,3,23,99,125,1.232,0.04270831300812524,682,I'm so glad we invented stairs.
2218,1482,2,25,98,125,1.232,0.041169985935575484,682,Come up after we’ve invented stairs!
2119,1482,3,23,99,125,1.232,0.04270831300812524,682,Hey Marge. Hey Joe. How is the T-Rex dentistry practice going?
2063,1482,3,23,99,125,1.232,0.04270831300812524,682,Olduvai Towers is gorgeous!
2391,1482,3,23,99,125,1.232,0.04270831300812524,682,"The stairs are blocked off, take the brontosaurus neck up."
2859,1482,5,19,101,125,1.232,0.04562964514577153,682,They think we are waving at them!
2977,1482,4,21,100,125,1.232,0.04419312455647955,682,We got the place before the demand overwhelmed the supply.
2934,1482,4,21,100,125,1.232,0.04419312455647955,682,We'll be right up as soon as we can get a Pterodactyl!
3554,1482,5,19,101,125,1.232,0.04562964514577153,682,They call it a pentcave.
3449,1482,2,25,98,125,1.232,0.041169985935575484,682,"Meet Andy, my new Neanderthal"
3388,1482,8,13,104,125,1.232,0.04969065596591154,682,"Good morning, Mr. and Mrs. Vegas."
3359,1482,8,13,104,125,1.232,0.04969065596591154,682,Isn’t it great! We just invented the townhouse!
3224,1482,7,15,103,125,1.232,0.04837488017822953,682,"Nice view, but we prefer our cave"
3210,1482,3,23,99,125,1.232,0.04270831300812524,682,Keeping up with the Flintstones
3145,1482,5,19,101,125,1.232,0.04562964514577153,682,You're so brave to rebuild after that T-Rex incident!
3114,1482,4,21,100,125,1.232,0.04419312455647955,682,"Oh dear, are you going to grow your hair now?"
3107,1482,5,19,101,125,1.232,0.04562964514577153,682,Do they know it's going to rain tonight?
3091,1482,6,17,102,125,1.232,0.047022300817734855,682,Hi! Are we too early? No I just put the dino in the oven. Come on up.
3075,1482,4,21,100,125,1.232,0.04419312455647955,682,We'll go invent a ladder and see you in a bit!
3023,1482,2,25,98,125,1.232,0.041169985935575484,682,Come on up - only Neanderthals live in caves anymore!
3021,1482,4,21,100,125,1.232,0.04419312455647955,682,"Look, Honey, the Earlymans just bought into the Empire's Slate Building!"
3007,1482,1,27,97,125,1.232,0.03957190270723619,682,"No elevator, take the stairs."
2981,1482,2,25,98,125,1.232,0.041169985935575484,682,I heard his parents helped out with a deposit
2970,1482,4,21,100,125,1.232,0.04419312455647955,682,"They were pretty specific in what they were looking for -- they wanted a pre-industrial chic loft."""
2948,1482,2,25,98,125,1.232,0.041169985935575484,682,"Sorry, elevators won’t exist for another millennium!"
2889,1482,0,29,96,125,1.232,0.03790650637827827,682,You”ll find it’s an easy climb”
1946,1482,5,19,101,125,1.232,0.04562964514577153,682,"Well, we've moved on up,
To the east side.
To a deluxe apartment in the sky..."
3466,1482,1,27,97,125,1.232,0.03957190270723619,682,WOW! How did they get approved by the condo board?
1809,1482,2,25,98,125,1.232,0.041169985935575484,682,Did somebody invent stairs?
606,1482,3,23,99,125,1.232,0.04270831300812524,682,"Yeah, it's a two-mammoth garage."
582,1482,3,23,99,125,1.232,0.04270831300812524,682,"They bought a pentcave, act happy for them."
575,1482,1,27,97,125,1.232,0.03957190270723619,682,New York City 3000 B.C.
534,1482,6,17,102,125,1.232,0.047022300817734855,682,"This must be what they are calling ""Monolithic Architecture"".."
495,1482,4,21,100,125,1.232,0.04419312455647955,682,Stonehenge style architecture with a mid-Neolithic interior.
443,1482,6,17,102,125,1.232,0.047022300817734855,682,"Get up here, we just invented fear of heights!"
421,1482,5,19,101,125,1.232,0.04562964514577153,682,"We like your native architecture, even without ADA approval."
417,1482,4,21,100,125,1.232,0.04419312455647955,682,It's called the penthouse. We used all our points.
415,1482,2,25,98,125,1.232,0.041169985935575484,682,Mind if we wait here until you invent the elevator?
275,1482,5,19,101,125,1.232,0.04562964514577153,682,Looks like they pre-ordered the new Home-o Erectus.
271,1482,3,23,99,125,1.232,0.04270831300812524,682,"Grog want to be Russian asset, too!"
184,1482,5,19,101,125,1.232,0.04562964514577153,682,This is the troglodyte I was telling you about.
123,1482,5,19,101,125,1.232,0.04562964514577153,682,And they said we shouldn't build a condo in Pisa.
91,1482,4,21,100,125,1.232,0.04419312455647955,682,"[ADVERTISEMENT]
If you lived at CaveMansions like Sue and Jim Neanderthal, you'd be hominid already!"
53,1482,3,23,99,125,1.232,0.04270831300812524,682,Is the elevator still broken?
19,1482,2,25,98,125,1.232,0.041169985935575484,682,"High
High."
1921,1482,4,21,100,125,1.232,0.04419312455647955,682,So you invented the middle class?
626,1482,3,23,99,125,1.232,0.04270831300812524,682,Come on up! Take the Brachiosaurus it's quicker!
658,1482,5,19,101,125,1.232,0.04562964514577153,682,Rapunzel wya?
573,1482,5,19,101,125,1.232,0.04562964514577153,682,"If you're buying a wheel, get it from the guy on the first floor."
843,1482,3,23,99,125,1.232,0.04270831300812524,682,"I think she's a bit pretentious
calling it a Sky cave."
1757,1482,5,19,101,125,1.232,0.04562964514577153,682,Is the tsunami you see some kind of bird?
1730,1482,3,23,99,125,1.232,0.04270831300812524,682,We’ll come up another time when we’ve got the ladder.
1728,1482,2,25,98,125,1.232,0.041169985935575484,682,It's great. You can see the Tyrannosaurus rexes coming from a mile away.
1695,1482,1,27,97,125,1.232,0.03957190270723619,682,"John! Harriet! Come join us! We want to see how high we can go-for fun!"" 
Thus, the tower of Babel had begun."
730,1482,3,23,99,125,1.232,0.04270831300812524,682,"Louise, throw a rock at the doorman to let him know we're coming up to the penthouse."
1598,1482,2,25,98,125,1.232,0.041169985935575484,682,"Smile, look casual -- they may not yet have put a deposit on the penthouse suite!"
1557,1482,5,19,101,125,1.232,0.04562964514577153,682,She should either invent an elevator or grow out her hair.
1547,1482,3,23,99,125,1.232,0.04270831300812524,682,No! Trump Towers is over there.
1517,1482,3,23,99,125,1.232,0.04270831300812524,682,They're always high.
1611,1482,5,19,101,125,1.232,0.04562964514577153,682,"We're moving on up to the East Side, to a de-luxe apartment in the sky...We finally got a piece of the pie!"""
1139,1482,7,15,103,125,1.232,0.04837488017822953,682,"Hey Betty, you got that elevator fixed yet?"
1108,1482,1,27,97,125,1.232,0.03957190270723619,682,How do you make it past the bear?
1082,1482,4,21,100,125,1.232,0.04419312455647955,682,I prefer our single family cave
979,1482,6,17,102,125,1.232,0.047022300817734855,682,"Well, I just hope Alley and Ooola got rid of ALL the termites."
972,1482,7,15,103,125,1.232,0.04837488017822953,682,"Omg Otis, I'm not climbing all those stairs."
912,1482,4,21,100,125,1.232,0.04419312455647955,682,Don't know how they can afford the penthouse.
893,1482,3,23,99,125,1.232,0.04270831300812524,682,Penthouse pricks
851,1482,3,23,99,125,1.232,0.04270831300812524,682,I knew it would be a five-story walk-up.
1460,1482,4,21,100,125,1.232,0.04419312455647955,682,"- How do you like their new Adobe home?
- I'd rather live in a cave than in this shithole."
3362,1565,6,17,103,126,1.2301587301587302,0.04668394022175475,682,"Prewar is so 3,000 B.C. We should buy prehistoric."
3281,1565,3,23,100,126,1.2301587301587302,0.042407993275749206,682,Sorry I got my hair cut! You'll have to climb up now!
2682,1565,4,21,101,126,1.2301587301587302,0.04387963104516852,682,Let's call it elevator..
737,1565,3,23,100,126,1.2301587301587302,0.042407993275749206,682,Welcome to Florida!
545,1565,2,25,99,126,1.2301587301587302,0.04088341676880569,682,They hollowed out a termite mound.
981,1565,6,17,103,126,1.2301587301587302,0.04668394022175475,682,"hey, we're up here in the penthouse!"
1978,1571,4,20,98,122,1.2295081967213115,0.044759038502775586,682,Press five on the cave dwellervator
3032,1571,6,16,100,122,1.2295081967213115,0.047690014903129664,682,Look at you! And here we are at rock bottom.
2960,1571,4,20,98,122,1.2295081967213115,0.044759038502775586,682,"Rapunzel, Rapunzel, let down your-- Oh sorry I thought you were someone else"
2722,1571,5,18,99,122,1.2295081967213115,0.046247751562393156,682,Love the new high rise! How'd you swing the penthouse?
2687,1571,3,22,97,122,1.2295081967213115,0.04321907600596126,682,Surprise! I cut my hair and he grew a beard!
1804,1571,5,18,99,122,1.2295081967213115,0.046247751562393156,682,There's that trophy condo smile again.
2814,1571,4,20,98,122,1.2295081967213115,0.044759038502775586,682,How did you get so tall
964,1571,5,18,99,122,1.2295081967213115,0.046247751562393156,682,"No, it's not a 5th floor walk-up. They haven't invented stairs yet."
408,1571,4,20,98,122,1.2295081967213115,0.044759038502775586,682,"We may have evolved, but the Homo Eructus sure knew how to build 'em!"
601,1571,5,18,99,122,1.2295081967213115,0.046247751562393156,682,This is 1st Street NW. The address you want is on 1st Street SE.
1404,1571,6,16,100,122,1.2295081967213115,0.047690014903129664,682,"It's nice, but the neighborhood is getting to be so high-density now."
734,1571,5,18,99,122,1.2295081967213115,0.046247751562393156,682,Look who made it to the top of the food chain.
896,1571,3,22,97,122,1.2295081967213115,0.04321907600596126,682,"Hey, does yours ever talk?”"
431,1584,4,20,99,123,1.2276422764227641,0.04443284865346495,682,"I’m sorry, I can’t hear you over the sound of upper middle class wealth."
2517,1584,3,22,98,123,1.2276422764227641,0.04290685281090794,682,It's a co-op.
3543,1584,4,20,99,123,1.2276422764227641,0.04443284865346495,682,I guess hunting and gathering has really paid off for the Johnsons.
3528,1587,4,19,97,120,1.225,0.04500622428164394,682,"Hello, we decided  to do some rock climbing."
2394,1587,4,19,97,120,1.225,0.04500622428164394,682,Now we just have to invent stairs!
2368,1587,3,21,96,120,1.225,0.04342239285991357,682,Wow! A five stone walk up.
2356,1587,4,19,97,120,1.225,0.04500622428164394,682,How was I supposed to know the neighbors  signed up for the same week as us?
2328,1587,5,17,98,120,1.225,0.046536182122071425,682,"Yes lovely to see you too, hold on a moment and I'll buzz the mammoth so you can get up"
2319,1587,4,19,97,120,1.225,0.04500622428164394,682,"No, no wall drawings. She said they went with shiplap."
2296,1587,1,25,94,120,1.225,0.04006734526846951,682,"Hey guys, come on up to check out our new four one-up."
2245,1587,4,19,97,120,1.225,0.04500622428164394,682,"Hey, I see you finally bought your penthouse!"
2196,1587,4,19,97,120,1.225,0.04500622428164394,682,"OK Stella, you can have him back now."
2423,1587,5,17,98,120,1.225,0.046536182122071425,682,Sorry we're late.  You wouldn't believe the traffic.
2043,1587,7,13,100,120,1.225,0.04945430508374905,682,Someday they'll call it brutalist architecture I suppose - we call it our little condo made of stone-a.
1898,1587,2,23,95,120,1.225,0.04177856123984776,682,"Look up and wave to Mr. & Mrs
Condo ....Nice living space but wait till they find out they are not allowed to grill!"
1958,1587,4,19,97,120,1.225,0.04500622428164394,682,"Rapunzel !   
You`ve  finnaly cut your hair !"
1907,1587,4,19,97,120,1.225,0.04500622428164394,682,Just roll the front door out of the way and come on up.
2425,1587,3,21,96,120,1.225,0.04342239285991357,682,Is the elevator working?
1897,1587,3,21,96,120,1.225,0.04342239285991357,682,"I said, let down your hair...not cut it."
1824,1587,4,19,97,120,1.225,0.04500622428164394,682,She says the bottom floor is for a tunnel and three holes above it are for traffic lights when the crowds start coming.
1739,1587,2,23,95,120,1.225,0.04177856123984776,682,Well be up as soon as someone invents the elevator.
1609,1587,3,21,96,120,1.225,0.04342239285991357,682,"Wow, you got in early. This area is up and coming!"
1594,1587,4,19,97,120,1.225,0.04500622428164394,682,It's called Urban Renewal.  It will never catch on...
1581,1587,3,21,96,120,1.225,0.04342239285991357,682,Hi - congrats on movin on up in the ice age.
1563,1587,2,23,95,120,1.225,0.04177856123984776,682,You cut your hair!
1504,1587,5,17,98,120,1.225,0.046536182122071425,682,"Hi, guys. We are waiting to come down until after the 2020 election."
1991,1587,2,23,95,120,1.225,0.04177856123984776,682,"Please leave your shoes at the door... Oh, never mind."
2498,1587,6,15,99,120,1.225,0.04801741630812266,682,Never in a million years would I have thought that possible.
2811,1587,5,17,98,120,1.225,0.046536182122071425,682,Well hush my puppies!  A 4-storey 2-holer!  We thought you were joking!
2619,1587,5,17,98,120,1.225,0.046536182122071425,682,"Hi, we can see clearly now, the rain has gone"
1497,1587,5,17,98,120,1.225,0.046536182122071425,682,The elevator's not working. Is Rupunzel around?
3485,1587,3,21,96,120,1.225,0.04342239285991357,682,Look at this place! How did we ever live in a cave?
3468,1587,2,23,95,120,1.225,0.04177856123984776,682,"Look, it’s  Bill and Judy. They’re trying so hard to be nonchalant, but they’re so envious our new found status."
3413,1587,5,17,98,120,1.225,0.046536182122071425,682,High rise man cave”
3394,1587,4,19,97,120,1.225,0.04500622428164394,682,Do you ever think that maybe Brooklyn has gotten to be too hipster?
3361,1587,4,19,97,120,1.225,0.04500622428164394,682,It's mid-century modern. You should see the floors!
3352,1587,3,21,96,120,1.225,0.04342239285991357,682,And I thought your man-cave was good
3322,1587,5,17,98,120,1.225,0.046536182122071425,682,How does it feel? Sitting atop your ivory tower? Looking down upon the middle class. How dare you!?
3278,1587,3,21,96,120,1.225,0.04342239285991357,682,Hey guys!!!... How on earth did you get up there?
3264,1587,3,21,96,120,1.225,0.04342239285991357,682,You’re babbling from that tower again.
3220,1587,5,17,98,120,1.225,0.046536182122071425,682,I just don't see how these new condos are better than caves.
2617,1587,3,21,96,120,1.225,0.04342239285991357,682,The Joneses got a five-storey towncave? This is definitely a bubble.
3219,1587,2,23,95,120,1.225,0.04177856123984776,682,Ugh... Bill you wore that same shirt last time we saw them.
3180,1587,5,17,98,120,1.225,0.046536182122071425,682,Pre-early adopters of the elevator.
3151,1587,5,17,98,120,1.225,0.046536182122071425,682,Love what you've done with the place.
3142,1587,4,19,97,120,1.225,0.04500622428164394,682,We’re COMING up!  We just parked in the other mirage.
3110,1587,6,15,99,120,1.225,0.04801741630812266,682,"I told you , if you didn’t hurry the pent house would be taken !!"
3109,1587,5,17,98,120,1.225,0.046536182122071425,682,Us erect a home!
2965,1587,1,25,94,120,1.225,0.04006734526846951,682,It’s got great period features!
2959,1587,5,17,98,120,1.225,0.046536182122071425,682,"So long, knuckle draggers!"
2865,1587,6,15,99,120,1.225,0.04801741630812266,682,Don't they realize the tide is coming in!
2853,1587,4,19,97,120,1.225,0.04500622428164394,682,"We count four fingers and then get off the elevator, right?"
2785,1587,3,21,96,120,1.225,0.04342239285991357,682,"Be on your best behavior, Norman. Harriet is not a fan of your low-brow humor."
2632,1587,3,21,96,120,1.225,0.04342239285991357,682,We'll stop by when someone invents stairs.
3205,1587,3,21,96,120,1.225,0.04342239285991357,682,And how are the village's Homo Sapiens power couple in their garish tall tower today?
1484,1587,3,21,96,120,1.225,0.04342239285991357,682,"Hey, is there room for us to move to the big city too?"
2054,1587,3,21,96,120,1.225,0.04342239285991357,682,He paid how much? What a Nimrod.
1462,1587,5,17,98,120,1.225,0.046536182122071425,682,"Adorable new she-shed, Ugna!"
732,1587,6,15,99,120,1.225,0.04801741630812266,682,We're waiting for stairs to be invented
723,1587,4,19,97,120,1.225,0.04500622428164394,682,This Game of Stones is getting out of hand.
650,1587,7,13,100,120,1.225,0.04945430508374905,682,Of course it's a metaphor. That's precisely what you met her for.
501,1587,4,19,97,120,1.225,0.04500622428164394,682,They live just a stone’s throw from us!
453,1587,2,23,95,120,1.225,0.04177856123984776,682,"See honey, why don't you ever build us a castle in the sand?"
423,1587,2,23,95,120,1.225,0.04177856123984776,682,"Pre-Pleistocene, right? How much did you have to pay the super?"
405,1587,6,15,99,120,1.225,0.04801741630812266,682,I could never live in a building that has no fire or a place to park my wheel.
397,1587,2,23,95,120,1.225,0.04177856123984776,682,"A great view, and the neighborhood is so walkable too!"
394,1587,2,23,95,120,1.225,0.04177856123984776,682,I hope they've invented stairs.
363,1587,5,17,98,120,1.225,0.046536182122071425,682,He bought that with royalties from that insurance commercial.
342,1587,4,19,97,120,1.225,0.04500622428164394,682,Look at you two presocial climbers!
320,1587,2,23,95,120,1.225,0.04177856123984776,682,"Hi, the Otises!  Can you find your way up?"
299,1587,3,21,96,120,1.225,0.04342239285991357,682,You didn't tell me they lived in a 5 story rock-up
287,1587,6,15,99,120,1.225,0.04801741630812266,682,Stand upright! They’re on the board.
269,1587,2,23,95,120,1.225,0.04177856123984776,682,She seems happy with a high-rise man.
261,1587,2,23,95,120,1.225,0.04177856123984776,682,Jerry and Elaine's new brownstone walkup certainly is pre-war.
227,1587,3,21,96,120,1.225,0.04342239285991357,682,did you go just a tad overboard with the sandcastle?
214,1587,5,17,98,120,1.225,0.046536182122071425,682,"Membership is limited to active adults, 25 and better."
151,1587,4,19,97,120,1.225,0.04500622428164394,682,Listen!  Tell Rapunzel she can finally cut her hair.  We now have an elevator.
136,1587,5,17,98,120,1.225,0.046536182122071425,682,"Oh, joy to the world, it's the inlaws.  I should have greased the steps."
39,1587,5,17,98,120,1.225,0.046536182122071425,682,"Yea, they live in a penthouse, but I'll bet their rockavator's out again."
21,1587,9,9,102,120,1.225,0.05220958088449336,682,Throw down your keys.
1473,1587,6,15,99,120,1.225,0.04801741630812266,682,Hi there!  We finally made it.  We mistakenly turned west of Eden and ended up at Babel Village instead of Babel Tower.
742,1587,4,19,97,120,1.225,0.04500622428164394,682,I hope we didn't wear the same pelt.
753,1587,5,17,98,120,1.225,0.046536182122071425,682,"Look over there!"" ""IS THAT!?"
301,1587,3,21,96,120,1.225,0.04342239285991357,682,"Hi Wilma, love what you guys did with the old monolith!""

Kyle D. Kenyon
Bonita Springs, F"
774,1587,1,25,94,120,1.225,0.04006734526846951,682,"No , the tree house is not for sale . 
It belongs to Jane and Tarzan ,
to be inherited by “boy” ."
755,1587,6,15,99,120,1.225,0.04801741630812266,682,Hey! We bought the penthouse!
1443,1587,3,21,96,120,1.225,0.04342239285991357,682,They moved into a penthouse after their invention of stairs took off.
1438,1587,3,21,96,120,1.225,0.04342239285991357,682,"Honey, it's the Jeffersons. They're moving on up."
1401,1587,2,23,95,120,1.225,0.04177856123984776,682,It's a 'Fourth-Floor Walkup.'
1390,1587,4,19,97,120,1.225,0.04500622428164394,682,Just wait till they discover gravity
1321,1587,4,19,97,120,1.225,0.04500622428164394,682,Even we're getting gentrified
1290,1587,3,21,96,120,1.225,0.04342239285991357,682,Sand castle overachievers.
1287,1587,2,23,95,120,1.225,0.04177856123984776,682,Best Airbnb ever!
1225,1587,2,23,95,120,1.225,0.04177856123984776,682,When will the stairs be finished?
1206,1587,2,23,95,120,1.225,0.04177856123984776,682,"She looks good with short hair, and its so much easier using their new elevator rather than climbing hand over hand."
1459,1587,4,19,97,120,1.225,0.04500622428164394,682,"-Hey Liza, I love your four-story neo-lithic cage !"
1203,1587,7,13,100,120,1.225,0.04945430508374905,682,Come join us in the penthouse.
1215,1587,4,19,97,120,1.225,0.04500622428164394,682,Welcome To TrumpTower!
1155,1587,5,17,98,120,1.225,0.046536182122071425,682,Come on up!  We'll serve oxygen as soon as you get here.
808,1587,3,21,96,120,1.225,0.04342239285991357,682,Rapunzel: The Early (Happy) Years
809,1587,2,23,95,120,1.225,0.04177856123984776,682,I wish your sister would've waited until the elevator was invented before she built a four story cave.
1156,1587,5,17,98,120,1.225,0.046536182122071425,682,How the hell did they find a rent control?
905,1587,6,15,99,120,1.225,0.04801741630812266,682,I agree. Mine wasn't worth shaving for either.
936,1587,3,21,96,120,1.225,0.04342239285991357,682,"Sure they've got a view, but their insurance must be through the roof."
885,1587,2,23,95,120,1.225,0.04177856123984776,682,Do we look small down here?
1030,1587,2,23,95,120,1.225,0.04177856123984776,682,"I'd love to come up, but I'll wait for the elevator to be invented."
1081,1587,5,17,98,120,1.225,0.046536182122071425,682,All of this just because he invented the wheel.
1143,1587,5,17,98,120,1.225,0.046536182122071425,682,"And the rain descended, and the floods came, and the winds blew, and beat upon that house; and it fell: and great was the fall of it."
1153,1587,6,15,99,120,1.225,0.04801741630812266,682,So you went for the 5th floor climb-up!
973,1587,5,17,98,120,1.225,0.046536182122071425,682,Just jump in the elevator and press “5”
2896,1694,5,17,99,121,1.2231404958677685,0.04618743002437898,682,"Crawl on up!  We're having ""high steaks"" for dinner!"
3522,1694,3,21,97,121,1.2231404958677685,0.04310216466249686,682,You guys should build one too. There aren't any local height restrictions yet.
3513,1694,3,21,97,121,1.2231404958677685,0.04310216466249686,682,I just know they’re looking up at us and thinking too much gatherer.
3429,1694,4,19,98,121,1.2231404958677685,0.04467144104934325,682,I told you we should have brought the Camaro.
3401,1694,3,21,97,121,1.2231404958677685,0.04310216466249686,682,Discovery of the first high rise cave dwelling is evidence the 1% have always sought higher ground.
3014,1694,4,19,98,121,1.2231404958677685,0.04467144104934325,682,Look how happy they are up there looking down on the world!
2755,1694,3,21,97,121,1.2231404958677685,0.04310216466249686,682,"Of course, they’re in the penthouse!"
821,1694,4,19,98,121,1.2231404958677685,0.04467144104934325,682,Penthouse schmenthouse
2171,1694,7,13,101,121,1.2231404958677685,0.04907912780317939,682,"You guys still good for Friday night bones, right?"
2035,1694,2,23,96,121,1.2231404958677685,0.0414735524371983,682,Breaking the language barrier at the Tower of Babel
1313,1694,5,17,99,121,1.2231404958677685,0.04618743002437898,682,"A farewell, two arms"""
1109,1694,5,17,99,121,1.2231404958677685,0.04618743002437898,682,"Thanks, it's a pre- pre- pre- pre- pre- pre- pre-war."
596,1694,3,21,97,121,1.2231404958677685,0.04310216466249686,682,I always wanted a brownstone. My husband's more brutalist.
195,1694,5,17,99,121,1.2231404958677685,0.04618743002437898,682,"Please make sure you wipe your feet before coming in, we don't like mud in the house."
2692,1694,2,23,96,121,1.2231404958677685,0.0414735524371983,682,"The Upps and Downes twins who were separated  at birth,finally meet."
2238,1709,2,22,93,117,1.2222222222222223,0.04224594862853447,682,So glad the kids won the affordable housing lotto for workers at the Stonehenge project!
2369,1709,3,20,94,117,1.2222222222222223,0.04395545918145444,682,"Wave Honey, he might be president one day"
2435,1709,2,22,93,117,1.2222222222222223,0.04224594862853447,682,"Now that they're moving up in the world, I feel like they're speaking a different language."
2686,1709,5,16,96,117,1.2222222222222223,0.04718905407515576,682,Great digs!
2888,1709,5,16,96,117,1.2222222222222223,0.04718905407515576,682,Fred! Wilma!  The rope’s working again. Come on up!
3043,1709,2,22,93,117,1.2222222222222223,0.04224594862853447,682,You ever wonder how they get up there?
3060,1709,2,22,93,117,1.2222222222222223,0.04224594862853447,682,Please tell me you also invented the elevator.
2172,1709,2,22,93,117,1.2222222222222223,0.04224594862853447,682,"Fred!  Wilma!  Please come up!
You can see the Bronze Age from here!"
3199,1709,1,24,92,117,1.2222222222222223,0.04046428004051277,682,Parking was easy. Should we take the stairs or the elevator?
3227,1709,3,20,94,117,1.2222222222222223,0.04395545918145444,682,Welcome!  Be careful of the tenth rung.
3229,1709,1,24,92,117,1.2222222222222223,0.04046428004051277,682,A game of catch with a dinner club proved the height of the evenings entertainment...
3380,1709,3,20,94,117,1.2222222222222223,0.04395545918145444,682,When did you move to a fourth floor drag up?
3428,1709,0,26,91,117,1.2222222222222223,0.038600462987758405,682,They look happy- I guess nobody's  told them that elevators are not yet invented
3478,1709,2,22,93,117,1.2222222222222223,0.04224594862853447,682,They really went all out for caveman themed party.
3064,1709,1,24,92,117,1.2222222222222223,0.04046428004051277,682,Cave dwelling was just too prehistoric.
2077,1709,4,18,95,117,1.2222222222222223,0.04560092771183762,682,Hey.. where’d the ladder go?
555,1709,5,16,96,117,1.2222222222222223,0.04718905407515576,682,"Come!  Buzzer number 'ook, ook, ook'."
1616,1709,3,20,94,117,1.2222222222222223,0.04395545918145444,682,Let's wait until elevators are invented.
118,1709,2,22,93,117,1.2222222222222223,0.04224594862853447,682,Love what you've done with your stalagmite.
133,1709,3,20,94,117,1.2222222222222223,0.04395545918145444,682,Love the brownstone!
168,1709,4,18,95,117,1.2222222222222223,0.04560092771183762,682,We will build a world where no one will ever have to suffer a fourth-floor walk-up.
482,1709,4,18,95,117,1.2222222222222223,0.04560092771183762,682,Is there an elevator?
618,1709,4,18,95,117,1.2222222222222223,0.04560092771183762,682,Where's your hair?
638,1709,2,22,93,117,1.2222222222222223,0.04224594862853447,682,Is your new apartment rent controlled?
1659,1709,5,16,96,117,1.2222222222222223,0.04718905407515576,682,We love living here in the Hamptons.
754,1709,5,16,96,117,1.2222222222222223,0.04718905407515576,682,"Naw girl. You need to turn around and walk back to the hole you crawled out of.  We both know what's all over that dress, and you're not coming back into my house wearing it."
913,1709,2,22,93,117,1.2222222222222223,0.04224594862853447,682,Hi!  How do you like the new Drumpf  Tower?
1027,1709,5,16,96,117,1.2222222222222223,0.04718905407515576,682,They look like small tyrannosaurus from up here.
1149,1709,1,24,92,117,1.2222222222222223,0.04046428004051277,682,Are you sure it's rising-sea-level-proof?
1252,1709,3,20,94,117,1.2222222222222223,0.04395545918145444,682,You go ahead...we're not hunting. Going vegan.
1475,1709,5,16,96,117,1.2222222222222223,0.04718905407515576,682,"“Send voice messengers to Rozha One Tower, Fourth floor!”"
700,1709,6,14,97,117,1.2222222222222223,0.04872544551705718,682,Hey guys...love the condo!
1727,1741,8,9,96,113,1.2212389380530972,0.05293908145691555,682,Hey please come closer. I want to take a shit on you.
1292,1742,5,16,97,118,1.2203389830508475,0.04682532355183029,682,You didn't mention it was a fifth-floor climb up.
1943,1743,3,19,93,115,1.2173913043478262,0.044159423919739836,682,"Wave, darling. It’s the Jones’s new tower.”
“Guess they haven’t read the latest stone table on rising tides, huh?”"
2027,1743,3,19,93,115,1.2173913043478262,0.044159423919739836,682,We will be back when you invent the elevator!
2094,1743,2,21,92,115,1.2173913043478262,0.04239692700687835,682,Come on up. We just invented the penthouse.
2100,1743,4,17,94,115,1.2173913043478262,0.045854225783672445,682,Welcome to the TRUMP Tower of Babel!
2185,1743,6,13,96,115,1.2173913043478262,0.049068529882333456,682,Fred and Wilma really are movin on up!
3467,1743,4,17,94,115,1.2173913043478262,0.045854225783672445,682,Can you come down and let us in?
3317,1743,4,17,94,115,1.2173913043478262,0.045854225783672445,682,We’re calling it Timbuk for two.
3395,1743,2,21,92,115,1.2173913043478262,0.04239692700687835,682,Wait! Rapunzel's a better name than Irma.
3516,1743,4,17,94,115,1.2173913043478262,0.045854225783672445,682,"What do you mean, there's no elevator?  This is the Trump Tower!"
1881,1743,3,19,93,115,1.2173913043478262,0.044159423919739836,682,"After Groc finally found his own cave, they decided to downsize."
2308,1743,3,19,93,115,1.2173913043478262,0.044159423919739836,682,"First my wardrobe, then my barber. Next they'll be living in a penthouse, too."
3531,1743,1,23,91,115,1.2173913043478262,0.040557910675105675,682,I preferred the cave.
1855,1743,4,17,94,115,1.2173913043478262,0.045854225783672445,682,Don't you have a brother who is an architect living in Pisa
1764,1743,2,21,92,115,1.2173913043478262,0.04239692700687835,682,"I found a fourth, now can we play Twister?"
1766,1743,3,19,93,115,1.2173913043478262,0.044159423919739836,682,"Hi, we are your new neighbors until high tide rolls in."
15,1743,5,15,95,115,1.2173913043478262,0.04748858098023914,682,Better start looking for new caves. We'll be gentrified out in no time.
669,1743,2,21,92,115,1.2173913043478262,0.04239692700687835,682,What kind of caveman is he?
872,1743,2,21,92,115,1.2173913043478262,0.04239692700687835,682,You finally got a piece of the pie!
1066,1743,3,19,93,115,1.2173913043478262,0.044159423919739836,682,We just invented steps!
551,1743,4,17,94,115,1.2173913043478262,0.045854225783672445,682,"I thought we got the Honeymoon suite, Fred"
1113,1743,3,19,93,115,1.2173913043478262,0.044159423919739836,682,I think we passed your brontosaurus at the tar pits.
1134,1743,3,19,93,115,1.2173913043478262,0.044159423919739836,682,The pied-à-terre was a hole in the ground. We had to move up.
1548,1743,2,21,92,115,1.2173913043478262,0.04239692700687835,682,It was only a matter of time before the neighborhood filled with new money wheel barons.
1595,1743,5,15,95,115,1.2173913043478262,0.04748858098023914,682,I also heard they have a shell corporation.
1696,1743,4,17,94,115,1.2173913043478262,0.045854225783672445,682,I hate visiting the Trumps!
1070,1743,1,23,91,115,1.2173913043478262,0.040557910675105675,682,It's something new. It's called a high rise.
2723,1769,3,18,91,112,1.2142857142857142,0.04471519236255008,682,Come on in. The front hole is open.
2636,1769,1,22,89,112,1.2142857142857142,0.04095971321029403,682,C'mon up!  We're already rockin' and rollin'!
2639,1769,1,22,89,112,1.2142857142857142,0.04095971321029403,682,I always thought they were uppity.
2648,1769,3,18,91,112,1.2142857142857142,0.04471519236255008,682,We will visit you after elevators have been invented.
2674,1769,2,20,90,112,1.2142857142857142,0.04287858751340459,682,We'll take the stairs.  We need the exercise.
2707,1769,7,10,95,112,1.2142857142857142,0.05140962041797722,682,Huh? It's all Babel to me.
2708,1769,4,16,92,112,1.2142857142857142,0.04647928128634325,682,"Looks like a great view, but the fireworks don't begin until AD!"
2724,1769,2,20,90,112,1.2142857142857142,0.04287858751340459,682,"We've heard that repurposed mastadon scat, 
when used as a sustainable building material, 
can serve as a environmentally sound alternative 
to your typical cave dwellers' construction.  

Anyways . . . Good on ya'! 
Just hope it doesn't rain!"
3331,1769,2,20,90,112,1.2142857142857142,0.04287858751340459,682,Come on up!  Flag the next brontosaurus to give you a lift.
2914,1769,5,14,93,112,1.2142857142857142,0.04817882055187921,682,Looks like they upgraded after WeWheel had a successful IPO.
2953,1769,1,22,89,112,1.2142857142857142,0.04095971321029403,682,"Nice tower, but I can't understand a word you're saying!"
3242,1769,3,18,91,112,1.2142857142857142,0.04471519236255008,682,Long time no see! Get the rock up here!
3277,1769,3,18,91,112,1.2142857142857142,0.04471519236255008,682,"|""Let down his beard!"""
3477,1769,3,18,91,112,1.2142857142857142,0.04471519236255008,682,This better not be a walk up.
3492,1769,2,20,90,112,1.2142857142857142,0.04287858751340459,682,Any clue when the elevator will be invented?
2565,1769,1,22,89,112,1.2142857142857142,0.04095971321029403,682,We can't get down until someone invents stairs.
2832,1769,2,20,90,112,1.2142857142857142,0.04287858751340459,682,"I don't trust these gentrifiers, honey."
2386,1769,5,14,93,112,1.2142857142857142,0.04817882055187921,682,Wait till they see their cave tax bill.......
2878,1769,3,18,91,112,1.2142857142857142,0.04471519236255008,682,Flynn likes my hair short - you'll have to take the stairs...
2095,1769,1,22,89,112,1.2142857142857142,0.04095971321029403,682,I told you this timeshare was a good idea!
13,1769,2,20,90,112,1.2142857142857142,0.04287858751340459,682,Are you throwing down a rope to climb or have you invented stairs?
282,1769,5,14,93,112,1.2142857142857142,0.04817882055187921,682,Love your condo!
362,1769,3,18,91,112,1.2142857142857142,0.04471519236255008,682,I hear Trumprocks' penthouse is covered in bronze.
374,1769,2,20,90,112,1.2142857142857142,0.04287858751340459,682,You can safely park your SUV once the wheel is invented!
441,1769,4,16,92,112,1.2142857142857142,0.04647928128634325,682,We just got a permit to build a tower in front of your window.
528,1769,2,20,90,112,1.2142857142857142,0.04287858751340459,682,We'll be right up as soon as the elevator is invented.
554,1769,4,16,92,112,1.2142857142857142,0.04647928128634325,682,"Hey, Rapunzel! New digs, new do! Way to go!"
598,1769,5,14,93,112,1.2142857142857142,0.04817882055187921,682,I can see nothing from up here!
2129,1769,3,18,91,112,1.2142857142857142,0.04471519236255008,682,We'll be up as soon as you invent stairs!
779,1769,2,20,90,112,1.2142857142857142,0.04287858751340459,682,Fred and Wilma are really movin’ on up.
1158,1769,4,16,92,112,1.2142857142857142,0.04647928128634325,682,Wassup!
1314,1769,3,18,91,112,1.2142857142857142,0.04471519236255008,682,"Your brother is a little uppity, but at least you are down to earth."
1526,1769,1,22,89,112,1.2142857142857142,0.04095971321029403,682,The kids left home and the dog died. We decided to downsize
1529,1769,6,12,94,112,1.2142857142857142,0.04982041660449398,682,Don’t they know this is an earthquake zone?
1698,1769,5,14,93,112,1.2142857142857142,0.04817882055187921,682,I’m glad we didn’t cave and move into town.
1932,1769,2,20,90,112,1.2142857142857142,0.04287858751340459,682,Love the condo!  Our own cave seems pretty empty since Kyle started at the tar pits and Sally got clubbed!
1983,1769,4,16,92,112,1.2142857142857142,0.04647928128634325,682,I'm so bored with their stories.
634,1769,4,16,92,112,1.2142857142857142,0.04647928128634325,682,"Look at that atrocious dress! Money can buy you a penthouse at Sand Street, but it clearly doesn't improve your fashion choices."
2902,1807,1,21,86,108,1.212962962962963,0.0417075104610105,682,Too bad they can only afford a five story walkup.
2537,1808,3,18,92,113,1.2123893805309736,0.044358269149919076,682,"Its the latest trend ,called the high rent district.Come on up."
3157,1808,5,14,94,113,1.2123893805309736,0.04778819590408077,682,You were right. My new hair cut has given us more time together.
2645,1808,5,14,94,113,1.2123893805309736,0.04778819590408077,682,Seems everyone is keeping up with Rapunzel these days.
2428,1808,1,22,90,113,1.2123893805309736,0.040639887010011776,682,Is this the 'Hotel de le Rock?'
2,1808,5,14,94,113,1.2123893805309736,0.04778819590408077,682,I told you Earl wasn't lying about that giant mud dauber he killed.
1786,1808,1,22,90,113,1.2123893805309736,0.040639887010011776,682,This could be the last time we do this.
655,1808,4,16,93,113,1.2123893805309736,0.04610513913732104,682,Square windows.  Arched door.  How tacky.
276,1808,4,16,93,113,1.2123893805309736,0.04610513913732104,682,All the comforts of a cave plus a view.
2015,1808,4,16,93,113,1.2123893805309736,0.04610513913732104,682,Does the penthouse come with a man cave?
3573,1817,3,18,93,114,1.2105263157894737,0.04400689458220717,682,Would you really want to do those steps after a day of mastodon slaying?
1652,1818,1,21,88,110,1.209090909090909,0.041036314082411394,682,Come on up! I think we have time for a glass of wine before high tide.
1697,1818,4,15,91,110,1.209090909090909,0.046737523336702363,682,"I love their new Condo, but I heard they’ve been having problems with termites..."
2090,1818,2,19,89,110,1.209090909090909,0.04302074784174658,682,"Look, honey, a new Hard Rock Cafe!"
2226,1818,2,19,89,110,1.209090909090909,0.04302074784174658,682,Pentcave Man
3053,1818,1,21,88,110,1.209090909090909,0.041036314082411394,682,We'll come back after someone has invented the elevator.
3131,1818,4,15,91,110,1.209090909090909,0.046737523336702363,682,Ugh. You Didn't tell me they lived in a four floor walk-up.
3134,1818,2,19,89,110,1.209090909090909,0.04302074784174658,682,Is the elevator still working?
3167,1818,3,17,90,110,1.209090909090909,0.0449175958423419,682,How can I catch it if it's not in the drawing?
3196,1818,3,17,90,110,1.209090909090909,0.0449175958423419,682,"Hello, Jeffersons!"
1643,1818,5,13,92,110,1.209090909090909,0.04848919218796726,682,She keeps bragging that it’s in an asteroid free zone.”
3125,1818,2,19,89,110,1.209090909090909,0.04302074784174658,682,Elevator's out - you'll have to climb the evolutionary ladder.
1584,1818,5,13,92,110,1.209090909090909,0.04848919218796726,682,"Hi! Yes, very hi!!"
3379,1818,3,17,90,110,1.209090909090909,0.0449175958423419,682,"Ya'll come back now, ya-hear!!!"
1514,1818,4,15,91,110,1.209090909090909,0.046737523336702363,682,"Well, here comes Bralg and Kagla for a visit.  At least she didn't bring her Brontosaurus casserole."
37,1818,4,15,91,110,1.209090909090909,0.046737523336702363,682,High there!
150,1818,3,17,90,110,1.209090909090909,0.0449175958423419,682,Welcome to the G7 Summit!
164,1818,4,15,91,110,1.209090909090909,0.046737523336702363,682,Much better since you started dumping it out the back window.
257,1818,3,17,90,110,1.209090909090909,0.0449175958423419,682,We call it the Eyefull  Tower!
283,1818,4,15,91,110,1.209090909090909,0.046737523336702363,682,"Just checking - You don't have a cat, do you? Fred is allergic."
1544,1818,4,15,91,110,1.209090909090909,0.046737523336702363,682,"You didn't tell me their new place is a fourth floor rock-up."""
1212,1818,4,15,91,110,1.209090909090909,0.046737523336702363,682,We went with the penthouse that came with a man cave!
1275,1818,2,19,89,110,1.209090909090909,0.04302074784174658,682,"the elevator will be installed in 20,000 years."
1373,1818,3,17,90,110,1.209090909090909,0.0449175958423419,682,I'm so glad we haven't invented language yet so we don't have to make small talk with our neighbors
1447,1818,3,17,90,110,1.209090909090909,0.0449175958423419,682,"Hi, you'll have to take the stairs, the elevator is out of order."
653,1818,3,17,90,110,1.209090909090909,0.0449175958423419,682,We'll be down as soon as the tide comes in
1658,1843,3,16,88,107,1.205607476635514,0.04549598868304171,682,"Glad you came,but sorry,Rapunzel is not home..."
1681,1843,4,14,89,107,1.205607476635514,0.04739431115126178,682,"Gronk discovers the first of a previously unknown breed, 
the ""Nouveau Riche""."
1687,1843,3,16,88,107,1.205607476635514,0.04549598868304171,682,Welcome to the Hill Ton!
1911,1843,2,18,87,107,1.205607476635514,0.04351493126493826,682,"Sorry folks no visiting today, Rapunzel's on vacation."
2022,1843,1,20,86,107,1.205607476635514,0.04143927484569612,682,What's up?
2061,1843,3,16,88,107,1.205607476635514,0.04549598868304171,682,We’re waiting for the elevator.
2175,1843,3,16,88,107,1.205607476635514,0.04549598868304171,682,"Fred, keep walking; we’re not going to fall for another Copperfield prank."
2710,1843,3,16,88,107,1.205607476635514,0.04549598868304171,682,Ugh. This better not be a walk-up.
2827,1843,3,16,88,107,1.205607476635514,0.04549598868304171,682,Care if we shimmy up for a spot of tea?
2824,1843,2,18,87,107,1.205607476635514,0.04351493126493826,682,"Can you believe they signed a 10,000 year lease?"
2988,1843,4,14,89,107,1.205607476635514,0.04739431115126178,682,"Hey Yurk, you can't refi until the Bronze Age."
3078,1843,3,16,88,107,1.205607476635514,0.04549598868304171,682,"I just love their new, boulder look!"
1638,1843,5,12,90,107,1.205607476635514,0.04921947249572851,682,"Welcome to Our  Condo-Cave
Our HOA fees are rock bottom!"
3178,1843,3,16,88,107,1.205607476635514,0.04549598868304171,682,"Oonga.""  ""Oonga, haboonga."
3259,1843,5,12,90,107,1.205607476635514,0.04921947249572851,682,"Look, another early Frank Lloyd Wright inspiration."
3270,1843,1,20,86,107,1.205607476635514,0.04143927484569612,682,"We call them ""stairs."""
3354,1843,3,16,88,107,1.205607476635514,0.04549598868304171,682,Please throw us a rope!
2776,1843,1,20,86,107,1.205607476635514,0.04143927484569612,682,"Its something called a ""pent house""."
3171,1843,3,16,88,107,1.205607476635514,0.04549598868304171,682,Going to the Rapunzels for dinner is always a pain.
1330,1843,5,12,90,107,1.205607476635514,0.04921947249572851,682,Lindsay do you have a phone charger up there?
1150,1843,3,16,88,107,1.205607476635514,0.04549598868304171,682,Let's give it a try. Monogamy is for the uncivilized.
116,1843,3,16,88,107,1.205607476635514,0.04549598868304171,682,Very Anastasi
149,1843,3,16,88,107,1.205607476635514,0.04549598868304171,682,"Hey, don't we know you from the wolf park?"
1260,1843,3,16,88,107,1.205607476635514,0.04549598868304171,682,Big deal! They invented the cold water walkup.
315,1843,5,12,90,107,1.205607476635514,0.04921947249572851,682,"Yeah they were total crust punks until his old man died and now they're partners in a small-plate restaurant in Park Slope. Fucking bougie shit...oh, hi Allison could you buzz us in?"
350,1843,3,16,88,107,1.205607476635514,0.04549598868304171,682,"We'll be back when you invent the elevator.  Oh, and call us when you invent the telephone."
452,1843,3,16,88,107,1.205607476635514,0.04549598868304171,682,Look honey its the Jones.
454,1843,4,14,89,107,1.205607476635514,0.04739431115126178,682,Welcome y'all! Footholds are around back!
585,1843,2,18,87,107,1.205607476635514,0.04351493126493826,682,They could only afford to buy without the mineral rights.
661,1843,4,14,89,107,1.205607476635514,0.04739431115126178,682,Prime real estate.
207,1843,2,18,87,107,1.205607476635514,0.04351493126493826,682,I'm all for affordable housing but I worry about the character of the neighborhood.
933,1843,4,14,89,107,1.205607476635514,0.04739431115126178,682,Come on up! Luxury high rise living is everything they said it would be!!
1004,1843,3,16,88,107,1.205607476635514,0.04549598868304171,682,"A Stone-Age ""Hi""."
1034,1843,6,10,91,107,1.205607476635514,0.050979331262904305,682,Don’t jump.
1049,1843,3,16,88,107,1.205607476635514,0.04549598868304171,682,"Looks nice, but you're in violation of the zoning laws."
1072,1843,1,20,86,107,1.205607476635514,0.04143927484569612,682,Beta testing the water balloon.
1112,1843,2,18,87,107,1.205607476635514,0.04351493126493826,682,Bedrock's First Skyscraper
1131,1843,3,16,88,107,1.205607476635514,0.04549598868304171,682,The penthouse view is spectacular!
1133,1843,2,18,87,107,1.205607476635514,0.04351493126493826,682,"Nice people, not; casting a shadow like that over the whole island."
804,1843,4,14,89,107,1.205607476635514,0.04739431115126178,682,It's the tallest cave in New York!
2096,1883,4,15,93,112,1.2053571428571428,0.04597435224702924,682,"Greetings from the tower of blah, blah, blah, blah, blah, blah"
2799,1884,4,14,90,108,1.2037037037037037,0.04699200358255153,682,"I hear it's a rent controlled penthouse"""
1992,1884,0,22,86,108,1.2037037037037037,0.038935425188248475,682,Love the new digs.
469,1884,2,18,88,108,1.2037037037037037,0.043152147891456286,682,"It may be the future, but these cavediminiums aren't for me."
354,1884,3,16,89,108,1.2037037037037037,0.045112948630901144,682,Top floor walk up! Nice!
1577,1884,2,18,88,108,1.2037037037037037,0.043152147891456286,682,770 B.C.: The First Condos Arose
2110,1889,2,17,85,104,1.2019230769230769,0.04402246628452523,682,Is your hair long enough for us to come up for a visit?
3594,1889,3,15,86,104,1.2019230769230769,0.04609429503917236,682,We’ll meet you up there by sundown – our Brontosaurus is en route.
3288,1889,3,15,86,104,1.2019230769230769,0.04609429503917236,682,Do you toss down a ladder?  How does this work?
3040,1889,3,15,86,104,1.2019230769230769,0.04609429503917236,682,Sure it's nice but they never shut up about the rent control.
2424,1889,1,19,84,104,1.2019230769230769,0.04184819040754393,682,"Fred, say hello to Betty and Barney. Can you believe they bought the penthouse?"
2364,1889,2,17,85,104,1.2019230769230769,0.04402246628452523,682,I don't know how they can stand living in a high-rise
2117,1889,3,15,86,104,1.2019230769230769,0.04609429503917236,682,We'll be up as soon as they invent the elevator!
1989,1889,3,15,86,104,1.2019230769230769,0.04609429503917236,682,"No worries Rapunzel, The Renaissance coming!"
656,1889,5,11,88,104,1.2019230769230769,0.0499809666766309,682,It’s called a McCave.
1780,1889,2,17,85,104,1.2019230769230769,0.04402246628452523,682,"Sure it’s nice, but does it have an elevator?"
1689,1889,2,17,85,104,1.2019230769230769,0.04402246628452523,682,I wonder what they’ve been smoking. They seem a little high this morning.
1519,1889,3,15,86,104,1.2019230769230769,0.04609429503917236,682,Well hello our home sapien early adapters! Hope you're not embarrassed to have us neanderthals over for happy hour?
1208,1889,3,15,86,104,1.2019230769230769,0.04609429503917236,682,"Hey George, look at the new Rockville ""Hi"" rise."
1187,1889,5,11,88,104,1.2019230769230769,0.0499809666766309,682,Can you please drop down the rope elevator?
649,1889,1,19,84,104,1.2019230769230769,0.04184819040754393,682,ok....we'll see see you on the other side of the island after the tide comes in.
369,1889,1,19,84,104,1.2019230769230769,0.04184819040754393,682,Love what you've done with your man cave.
1924,1889,3,15,86,104,1.2019230769230769,0.04609429503917236,682,It's nice but there are no amenities.
2551,1906,3,15,87,105,1.2,0.04569367667316878,682,Amazing ocean views? Awesome! We'll be right up!
2503,1906,3,15,87,105,1.2,0.04569367667316878,682,See? You just whittle away at the mountain until it looks like this; is that so hard?
2289,1906,2,17,86,105,1.2,0.04364357804719849,682,You are so lucky! I wish we had termites in our home.
2241,1906,2,17,86,105,1.2,0.04364357804719849,682,Don’t wave. They think they’re better than us because they live in the pent-cave!
2099,1906,3,15,87,105,1.2,0.04569367667316878,682,They couldn't be bothered to build an elevator?
2167,1906,2,17,86,105,1.2,0.04364357804719849,682,Rent control. Can you believe it?
2161,1906,1,19,85,105,1.2,0.0414923091863025,682,We thought you couldn't hold the G-7 in a Trump Tower.
2599,1906,2,17,86,105,1.2,0.04364357804719849,682,"Hang on, he'll club ya in!"
2071,1906,1,19,85,105,1.2,0.0414923091863025,682,People in sand castles should throw waves
2020,1906,3,15,87,105,1.2,0.04569367667316878,682,You know? I really love what they've dune with the place.
2201,1906,2,17,86,105,1.2,0.04364357804719849,682,I knew if we built it you were come!
2747,1906,3,15,87,105,1.2,0.04569367667316878,682,We got here early so took the penthouse.
2869,1906,2,17,86,105,1.2,0.04364357804719849,682,I told them to come up with better stories...I guess this works
2822,1906,3,15,87,105,1.2,0.04569367667316878,682,Here comes that couple from Airbnb.
2838,1906,2,17,86,105,1.2,0.04364357804719849,682,Come on! Walkups are good for cardio!
1888,1906,4,13,88,105,1.2,0.04765566357802892,682,He built it against the dinosaurs. Guess he hasn’t seen the Brachiosaurus yet
2982,1906,3,15,87,105,1.2,0.04569367667316878,682,Housing crisis solved!!!!
3054,1906,4,13,88,105,1.2,0.04765566357802892,682,"We wanted something smaller, but those darned species kept evolving."
3071,1906,5,11,89,105,1.2,0.04954000862144107,682,"Your house has become high, since we last saw you!"
3102,1906,2,17,86,105,1.2,0.04364357804719849,682,Well look who left the trees for a fifth floor walk-up!
3106,1906,4,13,88,105,1.2,0.04765566357802892,682,I'm not telling them the last tenants became pterodactyl dinner.
3258,1906,3,15,87,105,1.2,0.04569367667316878,682,Our R.S.V.P. is a yes!  Just have to stop by our cave to pick up the saber tooth salad and a change of skins.
3265,1906,2,17,86,105,1.2,0.04364357804719849,682,"Darlings, the ocean view is to die for..."
3360,1906,3,15,87,105,1.2,0.04569367667316878,682,"Hey there, we discovered this new invention called timeshare."
3527,1906,1,19,85,105,1.2,0.0414923091863025,682,"Oh great, I see Bob and Barb are still in the walk up."
3576,1906,6,9,90,105,1.2,0.05135525910130956,682,"Yes, it's our annual Garage Sale today!"
2818,1906,2,17,86,105,1.2,0.04364357804719849,682,"If you build it we’ll name it for you,’Otis."
1885,1906,3,16,91,110,1.2,0.0443656051737758,682,Yabba Dabba Don't take the top floor.
2534,1906,2,17,86,105,1.2,0.04364357804719849,682,Come on up - We're in the penthouse.
1774,1906,1,19,85,105,1.2,0.0414923091863025,682,"Sorry, there's no elevator."
107,1906,4,13,88,105,1.2,0.04765566357802892,682,You got to use the stairs I cut my tresses!
167,1906,3,15,87,105,1.2,0.04569367667316878,682,What's the husband's name again?
203,1906,2,17,86,105,1.2,0.04364357804719849,682,We were inspired by the brown stone!
224,1906,1,19,85,105,1.2,0.0414923091863025,682,"I understand your hesitation, honey, but she's letting him keep a room for a man cave."
419,1906,5,11,89,105,1.2,0.04954000862144107,682,"We've reserved the honeymoon suite!"""
521,1906,3,15,87,105,1.2,0.04569367667316878,682,Have you invented the elevator yet?
546,1906,5,11,89,105,1.2,0.04954000862144107,682,We will come back when you have an elevator.
636,1906,4,13,88,105,1.2,0.04765566357802892,682,Neighbor Jane waves to the original Mr and Mrs Jones.
696,1906,3,15,87,105,1.2,0.04569367667316878,682,I guess we'll be taking the stairs then.
702,1906,3,15,87,105,1.2,0.04569367667316878,682,They call it a high-rise
735,1906,4,13,88,105,1.2,0.04765566357802892,682,"And, they've got a great view of the Pleistocene Sea."
746,1906,3,16,91,110,1.2,0.0443656051737758,682,"I hear the garden unit is still available!"""
4,1906,1,19,85,105,1.2,0.0414923091863025,682,"No, we’ll climb down."
814,1906,5,11,89,105,1.2,0.04954000862144107,682,"When they said the new place had a history of mold, this was not what I expected."
949,1906,1,19,85,105,1.2,0.0414923091863025,682,Come join us in the penthouse. The view is spectacular!
982,1906,6,9,90,105,1.2,0.05135525910130956,682,Hi Doris!  How's life with ants in your pants?
1032,1906,4,13,88,105,1.2,0.04765566357802892,682,We call it Santa Fe. Can we represent your cave paintings?
1118,1906,4,13,88,105,1.2,0.04765566357802892,682,How can he afford the penthouse on his salary?
1246,1906,2,17,86,105,1.2,0.04364357804719849,682,Cool sand cave!
1316,1906,3,15,87,105,1.2,0.04569367667316878,682,When we've invented the concept you should definitely come round for dinner!
1356,1906,2,17,86,105,1.2,0.04364357804719849,682,We're coming up. We love Seinfeld re-runs.
1363,1906,1,19,85,105,1.2,0.0414923091863025,682,We will visit when you have the elevator installed.
1573,1906,1,19,85,105,1.2,0.0414923091863025,682,Congrats on inventing the wheel!
1589,1906,3,15,87,105,1.2,0.04569367667316878,682,"Yes, Gronk finally convinced me to keep the front entrance traditional."
1722,1906,3,16,91,110,1.2,0.0443656051737758,682,"Geez, I hope the elevator isn’t broken again."
1733,1906,2,17,86,105,1.2,0.04364357804719849,682,"They're smug now in their tower. But in 5,000 years I think we'll be saluted for saving the earth by living simply in a cave."
833,1906,0,21,84,105,1.2,0.03922322702763682,682,We ran the numbers and he caved.
1854,1906,4,13,88,105,1.2,0.04765566357802892,682,"Love your new Cavedominium , can we crawl up ?"
2908,1964,5,12,94,111,1.1981981981981982,0.04757823819957224,682,Penthouse envy.
22,1965,3,15,88,106,1.1981132075471699,0.04529986209665202,682,Love your new cavescraper!
131,1965,1,19,86,106,1.1981132075471699,0.04114229535820004,682,Things have gotten really gentrified since Steve invented fire.
903,1965,3,15,88,106,1.1981132075471699,0.04529986209665202,682,I got this one on consignment.”
938,1965,3,15,88,106,1.1981132075471699,0.04529986209665202,682,We needed more room for the George's painting.
2761,1965,5,11,90,106,1.1981132075471699,0.0491066853351966,682,"OK, OK, We'll come in. But first..WiFi password?"
3480,1965,2,17,87,106,1.1981132075471699,0.04327104097035949,682,Hey I love that modern design!
2261,1971,2,16,84,102,1.196078431372549,0.04414729692425362,682,The termites did a wonderful job.
2181,1971,3,14,85,102,1.196078431372549,0.04629385365772775,682,See you in Manhattan
2082,1971,1,18,83,102,1.196078431372549,0.04189089119311397,682,"Pre-war, fourth floor rock-up."
1985,1971,2,16,84,102,1.196078431372549,0.04414729692425362,682,But how are you ever going to hang the curtains?
1812,1971,3,14,85,102,1.196078431372549,0.04629385365772775,682,"Hey, we're going to watch the new moving cave drawings, wanna come?"
1829,1971,1,18,83,102,1.196078431372549,0.04189089119311397,682,Five stories:  ‘bout as high as a building ought ta go.
2267,1971,4,12,86,102,1.196078431372549,0.048345195699759175,682,so how high do we have to be to get up there?
1797,1971,3,14,85,102,1.196078431372549,0.04629385365772775,682,"Well, aren't you guys one big sexual in-de-window!"
1743,1971,3,14,85,102,1.196078431372549,0.04629385365772775,682,I really hope it doesn’t rain during dinner...
1880,1971,3,14,85,102,1.196078431372549,0.04629385365772775,682,"Hi, Rapunzel’s hair will be right down!"
2400,1971,7,6,89,102,1.196078431372549,0.05403396274143433,682,"Let down your hair, sweetie, so The New Yorker can have another Rapunzel cartoon."
2640,1971,2,16,84,102,1.196078431372549,0.04414729692425362,682,"After the wedding, it was traditionally good luck if the maid of honor caught the bone."
2581,1971,4,12,86,102,1.196078431372549,0.048345195699759175,682,"There's a huge swell coming in, we'll wait for you down here!"
1671,1971,4,12,86,102,1.196078431372549,0.048345195699759175,682,the penthouse is our
2933,1971,5,10,87,102,1.196078431372549,0.0503129705743252,682,"I wave, signifying friendship, yet I recall the words of the prophet, 'And so castles made of sand fall in the sea eventually.'"
3132,1971,1,18,83,102,1.196078431372549,0.04189089119311397,682,"Hiiiii. It´s 4B, the concierge will let you up!"
3268,1971,2,16,84,102,1.196078431372549,0.04414729692425362,682,"Upstairs, Downstairs."
3332,1971,4,12,86,102,1.196078431372549,0.048345195699759175,682,"I thought it was just a lot of gibberish, but it looks like George Babel talked himself right into the penthouse."
3355,1971,2,16,84,102,1.196078431372549,0.04414729692425362,682,"They don’t have an elevator, but Rapunzel is their daughter."
3479,1971,5,10,87,102,1.196078431372549,0.0503129705743252,682,Bedrockization has really changed the neighborhood.
3521,1971,3,14,85,102,1.196078431372549,0.04629385365772775,682,"No, in this mirage we live on the fourth floor!"
3579,1971,2,16,84,102,1.196078431372549,0.04414729692425362,682,Wow. A pentcave.
2543,1971,6,8,88,102,1.196078431372549,0.05220662859041765,682,"'""RAPUNZEL, RAPUNZEL, I SEE YOU LET YOUR HAIR DOWN"""
1566,1971,4,12,86,102,1.196078431372549,0.048345195699759175,682,"Sure, she lives in Ugg Tower now but I hear Ugg is fooling around with Marla from the No-Fur Club, if you know what I mean."
1825,1971,2,16,84,102,1.196078431372549,0.04414729692425362,682,I never see them around.. you shouldn't buy a penthouse before the invention of the stairs
1528,1971,5,10,87,102,1.196078431372549,0.0503129705743252,682,How's life in the big city?
67,1971,2,16,84,102,1.196078431372549,0.04414729692425362,682,Don't wave! They're just so pre-prehistoric.
179,1971,3,14,85,102,1.196078431372549,0.04629385365772775,682,"My parents are paying $4,000 a month for it. Just until I figure out what I want to do with my career. It's a fifth-floor walkup. It's sooo authentic. I love it."
231,1971,3,14,85,102,1.196078431372549,0.04629385365772775,682,Come darling. You will love the Babels. They make a great ”Seven Tongue Crumble!
258,1971,5,10,87,102,1.196078431372549,0.0503129705743252,682,History books are clearly wrong
345,1971,3,14,85,102,1.196078431372549,0.04629385365772775,682,We finally made it to the big city!
368,1971,4,12,86,102,1.196078431372549,0.048345195699759175,682,"Yeah, pretty good. Yourself?"
396,1971,5,10,87,102,1.196078431372549,0.0503129705743252,682,"Your renovation turned out beautifully, Mrs. Quixote!"
429,1971,1,18,83,102,1.196078431372549,0.04189089119311397,682,I like what Og and Yuv have done with their cave!
432,1971,4,12,86,102,1.196078431372549,0.048345195699759175,682,"Hey, Rap.,I love what you did to your hair!"
486,1971,4,12,86,102,1.196078431372549,0.048345195699759175,682,"Things are sure changing quickly for the Neanderthalnergs, I heard his cave art work became very popular.”"
684,1971,5,10,87,102,1.196078431372549,0.0503129705743252,682,Man's first skyline
83,1971,4,12,86,102,1.196078431372549,0.048345195699759175,682,We moved on up to a deluxe apartment in the sky!
802,1971,3,14,85,102,1.196078431372549,0.04629385365772775,682,Kim and Jerry’s 4th floor walk up is great but I’m worried it won’t Stone Age well. They aren’t getting any younger!
1485,1971,1,18,83,102,1.196078431372549,0.04189089119311397,682,"Very nice,  but  it's sand. it'll be gone by morning. They're calling for rain."
1435,1971,2,16,84,102,1.196078431372549,0.04414729692425362,682,"""Thought we'd stop by before the rush hour traffic."""
1387,1971,3,14,85,102,1.196078431372549,0.04629385365772775,682,"Hey, you Jeffersons are 'Movin' On Up'..."
1533,1971,5,10,87,102,1.196078431372549,0.0503129705743252,682,They’re always acting so high and mighty.
1417,1971,4,12,86,102,1.196078431372549,0.048345195699759175,682,You didn't tell us it was a walk-up!
1144,1971,2,16,84,102,1.196078431372549,0.04414729692425362,682,The brontosaur should be here soon to lift us up.
1075,1971,3,14,85,102,1.196078431372549,0.04629385365772775,682,"Alright, they seem nice but we are not buying this time-share."
986,1971,3,14,85,102,1.196078431372549,0.04629385365772775,682,Wave to us if you can see me waving to you!
829,1971,2,16,84,102,1.196078431372549,0.04414729692425362,682,The housing collapse of 2007 BC was brutal in its literality.
1263,1971,4,12,86,102,1.196078431372549,0.048345195699759175,682,Welcome to the Rock. Come on up.   You're only a stone's throw away.
690,1971,2,16,84,102,1.196078431372549,0.04414729692425362,682,"Ever since their TV show, the Flintstones have really moved up"
608,2021,4,13,91,108,1.1944444444444444,0.046434546089062695,682,See! Proof that giants play kazoos.
1902,2021,1,19,88,108,1.1944444444444444,0.04045931624376092,682,I just love your cave condo!
908,2023,2,16,85,103,1.1941747572815533,0.04375801017679495,682,"Honey, I love it! It may be a fourth floor walk-up but you really can see everything from up here! 

Hey look, there's Steve and Cheryl!"
2744,2023,3,14,86,103,1.1941747572815533,0.04588170510924863,682,Baudrillard was right! They're better than us.
1748,2023,4,12,87,103,1.1941747572815533,0.04791135849494997,682,Don't they know we're a thousand miles from the sea? Only the Uggs would choose the 'Luxury Liveable Lighthouse' design!
1095,2023,4,12,87,103,1.1941747572815533,0.04791135849494997,682,"Their marriage is on the rocks, yet they look so happy."
819,2023,5,10,88,103,1.1941747572815533,0.049858456473613144,682,"Nice, but it will be another millennium before they can get a fireplace."""
141,2023,3,14,86,103,1.1941747572815533,0.04588170510924863,682,"And hence, the elevator was invented."
76,2023,4,12,87,103,1.1941747572815533,0.04791135849494997,682,Hi neighbor. We have one question. What do you do when it rains?
319,2023,3,14,86,103,1.1941747572815533,0.04588170510924863,682,Do we look like trilobites from up there?
744,2031,2,16,86,104,1.1923076923076923,0.04337541944605909,682,Raise your hand if you're sure!
1964,2032,2,15,82,99,1.1919191919191918,0.04466316750517219,682,"When she waves, it's like she's scraping the sky."
3433,2032,2,15,82,99,1.1919191919191918,0.04466316750517219,682,I see that you tapped into your wheel discovery royalties.
3393,2032,2,15,82,99,1.1919191919191918,0.04466316750517219,682,Love the Neanderthal architecture!
3376,2032,4,11,84,99,1.1919191919191918,0.04906204906204907,682,Give us a holler when your staircase is back from grazing.
3120,2032,5,9,85,99,1.1919191919191918,0.05111973905892743,682,"Now, don’t be strangers, y’all!"
3028,2032,1,17,81,99,1.1919191919191918,0.042292498960325685,682,sure hope it doesn't cave in
2477,2032,4,11,84,99,1.1919191919191918,0.04906204906204907,682,C’mon up! We’re just a stone’s throw.
2333,2032,4,11,84,99,1.1919191919191918,0.04906204906204907,682,Next  time we’ll remember the rope ladder so you don’t have to sleep in the lobby.
2255,2032,2,15,82,99,1.1919191919191918,0.04466316750517219,682,We'll wait for the elevator!
2120,2032,2,15,82,99,1.1919191919191918,0.04466316750517219,682,"Yeah, it's a walk up. This building is from the Stone Age."
1999,2032,1,17,81,99,1.1919191919191918,0.042292498960325685,682,"You're going to have to do the stairs, the elevator is broken again."
1846,2032,4,11,84,99,1.1919191919191918,0.04906204906204907,682,Shaman Palin sold us -  says from up here we can see Russian dinosaurs!
1817,2032,2,15,82,99,1.1919191919191918,0.04466316750517219,682,Come on in.  Wait until you see the jacuzzi
1775,2032,1,17,81,99,1.1919191919191918,0.042292498960325685,682,"Damn, that’s a nice place, I hope they get a divorce."
204,2032,4,11,84,99,1.1919191919191918,0.04906204906204907,682,Your Brownstone DOES look nice on the outside!
344,2032,2,15,82,99,1.1919191919191918,0.04466316750517219,682,"Fred, why can't we have a pentcave, like Barney and Betty?"
607,2032,2,15,82,99,1.1919191919191918,0.04466316750517219,682,"Yes, we love the new color scheme too. It's Ivory."""
850,2032,0,19,80,99,1.1919191919191918,0.03978080447933687,682,Neanderfalls
854,2032,2,15,82,99,1.1919191919191918,0.04466316750517219,682,"How did you get up there? Stairs haven't been invented."""
556,2032,3,13,83,99,1.1919191919191918,0.04691419395962154,682,"I would have told you we were coming, but writing hasn't been invented yet."
1010,2032,5,9,85,99,1.1919191919191918,0.05111973905892743,682,"Hey, let's think of a dumb play on words to say to those guys. Then the editors will be sure to pick what we say for the best caption."
1035,2032,5,9,85,99,1.1919191919191918,0.05111973905892743,682,We’ll be down as soon as we invent the stairway.
1197,2032,2,15,82,99,1.1919191919191918,0.04466316750517219,682,We'll come up after somebody invents STAIRS.
1311,2032,3,13,83,99,1.1919191919191918,0.04691419395962154,682,The elevator isn't working-no surprise-you'll have to use the stairs.
995,2032,1,17,81,99,1.1919191919191918,0.042292498960325685,682,"High rise, schmirize, can we get together for bridge on Thursday?"
3458,2057,2,16,87,105,1.1904761904761905,0.04299935704272291,682,Beyond crazy! NO ONE gets this week in that time share!
1994,2058,1,17,82,100,1.19,0.041911402464790595,682,A penthouse?  Your sister should never left the cavern.
2340,2058,4,11,85,100,1.19,0.04860685407045246,682,Trivago!
2299,2058,1,17,82,100,1.19,0.041911402464790595,682,"One day someone will invent stairs, and then we can hang out together."
2223,2058,2,15,83,100,1.19,0.04425591326123388,682,Invent an elevator and come on up!
3566,2058,3,13,84,100,1.19,0.046482319871173156,682,"You know she only married Marty for his marble, right?"
2157,2058,2,15,83,100,1.19,0.04425591326123388,682,How about we meet you halfway and then go out to dinner?
1981,2058,2,15,83,100,1.19,0.04425591326123388,682,The Jefferstones finally moved up.
1751,2058,2,15,83,100,1.19,0.04425591326123388,682,You did say you wanted to see more of them.
1877,2058,2,15,83,100,1.19,0.04425591326123388,682,Come on up and visit our stone-brown!
1857,2058,2,15,83,100,1.19,0.04425591326123388,682,"Hi!  Do you know about New York City's crazy zoning...so everyone can live in a tall, skinny building."
1801,2058,3,13,84,100,1.19,0.046482319871173156,682,"Sorry you'll have to walk up, but the elevator hasn't been invented yet"
1779,2058,3,13,84,100,1.19,0.046482319871173156,682,"Keep it to yourself, but we were only invited because they were unable to legally get out of the timeshare."
2387,2058,4,11,85,100,1.19,0.04860685407045246,682,Gosh.  I hope they have renovated since they purchased.
1721,2058,2,15,83,100,1.19,0.04425591326123388,682,Come on up we hunted and gathered for the big game!
1916,2058,3,13,84,100,1.19,0.046482319871173156,682,"Your hair cut looks great, but how are you going to get down?"
2433,2058,2,15,83,100,1.19,0.04425591326123388,682,How'd you get up there? Elevators haven't been invented yet.
3031,2058,2,15,83,100,1.19,0.04425591326123388,682,Who’s doing your interior?
2488,2058,0,19,81,100,1.19,0.03942772444036624,682,"After the wheel, Zog invented the elevator."
3416,2058,2,15,83,100,1.19,0.04425591326123388,682,We'll be right up!
3349,2058,4,11,85,100,1.19,0.04860685407045246,682,HEY JOHN!! we just discovered STAIRS!
3325,2058,2,15,83,100,1.19,0.04425591326123388,682,"Honey, when are we going to get a six-story cave?"
3231,2058,3,13,84,100,1.19,0.046482319871173156,682,The elevator is running!
3218,2058,1,17,82,100,1.19,0.041911402464790595,682,"Hi, come on up! We took the cave to a new level!"
3215,2058,2,15,83,100,1.19,0.04425591326123388,682,We're coming up. Stairs or has the elevator been fixed?
3181,2058,3,13,84,100,1.19,0.046482319871173156,682,Can you throw down the rope?  I can't wait to see outside from a penthouse view.
3152,2058,2,15,83,100,1.19,0.04425591326123388,682,The Robinsons have evolved four times more than us.
3127,2058,2,15,83,100,1.19,0.04425591326123388,682,"Now, please just act like you know the musical act on SNL."
3103,2058,3,13,84,100,1.19,0.046482319871173156,682,We're just house gatherers.
1700,2058,0,19,81,100,1.19,0.03942772444036624,682,I mean it's nice... but I prefer a place that's solidly in a Big Bad Wolf category.
3022,2058,1,17,82,100,1.19,0.041911402464790595,682,Feigning friendliness the Johnsons devised a plan to take the top floor apartment for their own
2942,2058,1,17,82,100,1.19,0.041911402464790595,682,I’ll bet Fred got a big raise!
2887,2058,2,15,83,100,1.19,0.04425591326123388,682,The elevator is out of order so you'll have to climb the stairs.
2656,2058,1,17,82,100,1.19,0.041911402464790595,682,Just because we don’t live in the penthouse doesn’t mean we’re not happy.
2472,2058,2,15,83,100,1.19,0.04425591326123388,682,"For goodness sake, wave Norman.  I want to see their pentcave."
1677,2058,6,7,87,100,1.19,0.052599112793531654,682,Do you have any hot dogs? Nilgmith just discovered fire!
2212,2058,2,15,83,100,1.19,0.04425591326123388,682,Donald and Melania welcome Jared and Ivanka at The Trump Tower of the future.
1593,2058,3,13,84,100,1.19,0.046482319871173156,682,Hiya!  Whassup?
679,2058,2,15,83,100,1.19,0.04425591326123388,682,"If we succeed at bending it, the pizza is on us !"
660,2058,4,11,85,100,1.19,0.04860685407045246,682,Don't forget about dinner tonight
637,2058,3,13,84,100,1.19,0.046482319871173156,682,"And God said, ""Let there be a few more hundred years until those humans down there get the hang of architecture."""
622,2058,3,13,84,100,1.19,0.046482319871173156,682,"""Don't worry the concierge will schlep you up"""
603,2058,4,11,85,100,1.19,0.04860685407045246,682,Climb up!
593,2058,3,13,84,100,1.19,0.046482319871173156,682,"The rent prices are crazy, but the view makes up for it!"
766,2058,5,9,86,100,1.19,0.05064233865696235,682,Lifestyles of the 1%
564,2058,4,11,85,100,1.19,0.04860685407045246,682,OMGodzilla! The penthouse at Trump Cro-Magnon!
444,2058,4,11,85,100,1.19,0.04860685407045246,682,It's how we feed our pet brontosaurus.
424,2058,2,15,83,100,1.19,0.04425591326123388,682,We finally decided to settle down.
318,2058,0,19,81,100,1.19,0.03942772444036624,682,Single family zoning is so old fashioned.
93,2058,1,17,82,100,1.19,0.041911402464790595,682,"It’s called gentrification, you used to be able to get an old Victorian  cave for only three rocks. Now it’ll cost you twelve."
75,2058,4,11,85,100,1.19,0.04860685407045246,682,"I think it should be called a ""Deluxe Apartment in the Sky""...."
1624,2058,2,15,83,100,1.19,0.04425591326123388,682,Oh great! Of course they live in the penthouse.
531,2058,4,11,85,100,1.19,0.04860685407045246,682,You moved into Trump Cave?! Watch out for the landlord and his liddle' club!
866,2058,2,15,83,100,1.19,0.04425591326123388,682,Does the penthouse have a private elevator?
860,2058,0,19,81,100,1.19,0.03942772444036624,682,Manhattinization begins
881,2058,1,17,82,100,1.19,0.041911402464790595,682,"We'll buzz you in, just wipe your feet!"
1570,2058,5,9,86,100,1.19,0.05064233865696235,682,"Invent the ladder, quick! We didn't imagine stairs!"
1344,2058,2,15,83,100,1.19,0.04425591326123388,682,I like what you have done with the lawn!
1322,2058,3,13,84,100,1.19,0.046482319871173156,682,The treetop view is spectacular
1318,2058,3,13,84,100,1.19,0.046482319871173156,682,Look honey! That's us if we went to couple's therapy
1307,2058,4,11,85,100,1.19,0.04860685407045246,682,The condo association is putting in a catapult next week! No more climbing!
1304,2058,1,17,82,100,1.19,0.041911402464790595,682,""" The view of the steppe must be spectacular."""
878,2058,1,17,82,100,1.19,0.041911402464790595,682,"Yes, she broke through the rock ceiling."
1090,2058,1,17,82,100,1.19,0.041911402464790595,682,"She thinks because she lives in a high rise, she’s above all the crime."
1256,2058,2,15,83,100,1.19,0.04425591326123388,682,"Yes, George, a top floor apartment doesn't mean a higher
order of intelligence.  But they put out a beautiful spread"
1076,2058,4,11,85,100,1.19,0.04860685407045246,682,You’ll need to take the stairs
1056,2058,2,15,83,100,1.19,0.04425591326123388,682,"Sorry we can’t come up, the Camel is double parked.."
1044,2058,2,15,83,100,1.19,0.04425591326123388,682,Thor want harem?  Must drop rock...
1041,2058,1,17,82,100,1.19,0.041911402464790595,682,"The First 5th Floor Walk-up
Manhattan, 3,000 BC 
The Brown Stone Age"
888,2058,3,13,84,100,1.19,0.046482319871173156,682,I bagged one too.”
882,2058,3,13,84,100,1.19,0.046482319871173156,682,I swear if she makes us walk up her superfluous high-rise only to find she hasn't cooked her mammoth over fire - I will throw her out that penthouse window.
1080,2058,3,13,84,100,1.19,0.046482319871173156,682,Hey Ele !  How are you and Vator ?
2265,2129,1,17,83,101,1.188118811881188,0.04153698408594658,682,Are we witnessing the defining moment when humanity takes a leap forward in architectural sophistication?
3041,2129,5,9,87,101,1.188118811881188,0.050173700828989795,682,Come on up!  Hope you invented stairs!
2344,2129,3,13,85,101,1.188118811881188,0.04605823108757625,682,Hi! We're your neighbors. You've exceeded the height limitations for the neighborhood.
2182,2129,3,13,85,101,1.188118811881188,0.04605823108757625,682,Nice apartment
2402,2129,1,17,83,101,1.188118811881188,0.04153698408594658,682,They've loved that apartment for so many years.  It's too bad it's going co-op.
1827,2129,3,13,85,101,1.188118811881188,0.04605823108757625,682,This new tower fad ... we've been waving since a mile away!
935,2129,3,13,85,101,1.188118811881188,0.04605823108757625,682,We're  back!!
2050,2129,2,15,84,101,1.188118811881188,0.043855910079901174,682,Wow! Looks like they scored on that Airbnb.
745,2129,2,15,84,101,1.188118811881188,0.043855910079901174,682,Don’t let their smiles fool you--the elevator takes Ages.
3508,2138,2,15,85,102,1.1862745098039216,0.04346296968021364,682,Congratulations ! We just heard that you won this years award for the tallest sandcastle !
3333,2139,1,16,80,97,1.1855670103092784,0.042297366409248006,682,"sure you're jealous now, but soon they'll be underwater."
2886,2139,2,14,81,97,1.1855670103092784,0.04476431433028531,682,These super-skinny high-rises scare me.
1571,2139,4,10,83,97,1.1855670103092784,0.04932947498266527,682,I told you we were “movin on up”!
686,2139,2,14,81,97,1.1855670103092784,0.04476431433028531,682,"I found another one for our ""sit still, look pretty"" collection"
667,2139,3,12,82,97,1.1855670103092784,0.04710223423323986,682,TripAdvisor recommendation said this place has everything you need for the perfect getaway.
580,2139,0,18,79,97,1.1855670103092784,0.03967733071737281,682,Early asocialism.
335,2139,3,12,82,97,1.1855670103092784,0.04710223423323986,682,Rapunzel you cut your hair!
2395,2146,3,11,80,94,1.1808510638297873,0.047741884833740145,682,You won't believe what we got our Elevataur to do...
3591,2146,1,15,78,94,1.1808510638297873,0.0426816865724372,682,"-Take the elevator!
-Is the entrance on the ground floor or the first floor?"
2389,2146,1,15,78,94,1.1808510638297873,0.0426816865724372,682,Don’t be a caveman during dinner tonight Jerry
2443,2146,2,13,79,94,1.1808510638297873,0.04528252387039548,682,Why couldn't you have thought of tipping our cave on end?
2470,2146,1,15,78,94,1.1808510638297873,0.0426816865724372,682,The earliest model of the Hard Rock Hotel.
2501,2146,3,11,80,94,1.1808510638297873,0.047741884833740145,682,"Oh no, another four story walk up!"
2603,2146,1,15,78,94,1.1808510638297873,0.0426816865724372,682,"They call it penthouse, but they have no lift, no porter and no awning!"
2547,2146,5,7,82,94,1.1808510638297873,0.052314900040891295,682,They've been going up in the world since Og invented the wheel.
2548,2146,0,17,77,94,1.1808510638297873,0.039911724709195365,682,"Sorry we're late, the gathering took longer than expected."
2574,2146,1,15,78,94,1.1808510638297873,0.0426816865724372,682,Love what you have done with the cave.
2597,2146,4,9,81,94,1.1808510638297873,0.0500806166783445,682,You'll have to take the stairs. The elevator hasn't been invented yet
2379,2146,3,11,80,94,1.1808510638297873,0.047741884833740145,682,Come on up...can you bring a flight of steps?
2642,2146,1,15,78,94,1.1808510638297873,0.0426816865724372,682,"Hi Janice, we'll be right up in twelve hours with high tide."
2660,2146,3,11,80,94,1.1808510638297873,0.047741884833740145,682,Is this a co-op?
2524,2146,2,13,79,94,1.1808510638297873,0.04528252387039548,682,Did you just Homo Erectus this?
2375,2146,1,15,78,94,1.1808510638297873,0.0426816865724372,682,I don’t believe in altitude change!
2232,2146,1,15,78,94,1.1808510638297873,0.0426816865724372,682,Oh hey! We heard you finished your mortgage!
2315,2146,2,13,79,94,1.1808510638297873,0.04528252387039548,682,Would you like to buy an extended warranty for your vehicle?
2672,2146,0,17,77,94,1.1808510638297873,0.039911724709195365,682,I love what they've done with the place.
2133,2146,2,13,79,94,1.1808510638297873,0.04528252387039548,682,"Hey guys, glad you could come to town. What’s your  room number so we can come up."
2135,2146,1,15,78,94,1.1808510638297873,0.0426816865724372,682,Who knew  the Penthouse of Trump Babel would be unrented?
2142,2146,0,17,77,94,1.1808510638297873,0.039911724709195365,682,Just a I've got to ring you in.
2149,2146,3,11,80,94,1.1808510638297873,0.047741884833740145,682,High five  back
2153,2146,3,11,80,94,1.1808510638297873,0.047741884833740145,682,Heil! to affordable Housing.
2325,2146,2,13,79,94,1.1808510638297873,0.04528252387039548,682,I think you'll love this place! It's the newest type of cave. It's called a dinoscraper!
2158,2146,3,11,80,94,1.1808510638297873,0.047741884833740145,682,Hi Scraper!
2225,2146,4,9,81,94,1.1808510638297873,0.0500806166783445,682,What's wrong with their cave?
2102,2146,1,15,78,94,1.1808510638297873,0.0426816865724372,682,I didn't know you guys moved into the penthouse!
2229,2146,0,17,77,94,1.1808510638297873,0.039911724709195365,682,I have no idea why I resent having to enter through the garage.
2236,2146,3,11,80,94,1.1808510638297873,0.047741884833740145,682,"Hey, I see you renovated an old termite hill. You should call it Trump Tower."
2291,2146,1,15,78,94,1.1808510638297873,0.0426816865724372,682,"They may have scored the penthouse, but nobody has invented stairs or an elevator yet."
2310,2146,3,11,80,94,1.1808510638297873,0.047741884833740145,682,Any light on the horizon for us ?
2203,2146,2,13,79,94,1.1808510638297873,0.04528252387039548,682,We need a few more renters to pay off the mortgage.
2701,2146,3,11,80,94,1.1808510638297873,0.047741884833740145,682,"She's got such a ring in his nose, it's just pathetic."
3372,2146,0,17,77,94,1.1808510638297873,0.039911724709195365,682,I'm tired of keeping up with the Cronks.
2807,2146,3,11,80,94,1.1808510638297873,0.047741884833740145,682,High Rise!  You're getting up in the world!
3234,2146,2,13,79,94,1.1808510638297873,0.04528252387039548,682,Troglodytes no more.  Hurray!
3238,2146,2,13,79,94,1.1808510638297873,0.04528252387039548,682,"What can I say, they were ship wrecked at the right time."
3289,2146,3,11,80,94,1.1808510638297873,0.047741884833740145,682,"Bring us leg bone weapon, and watch trogs fall off edge."
3293,2146,3,11,80,94,1.1808510638297873,0.047741884833740145,682,"Stairs?!
You guys are really moving up the evolutionary ladder!"
3335,2146,1,15,78,94,1.1808510638297873,0.0426816865724372,682,Those were the times that only women were able to greet...
3384,2146,3,11,80,94,1.1808510638297873,0.047741884833740145,682,I bet they fall out the window
3228,2146,1,15,78,94,1.1808510638297873,0.0426816865724372,682,Come on up. We have a fantastic view of the salt mines!
3403,2146,0,17,77,94,1.1808510638297873,0.039911724709195365,682,We’ll be right up as soon as they invent the elevator.
3451,2146,2,13,79,94,1.1808510638297873,0.04528252387039548,682,We were getting concerned about Global Cooling.
3454,2146,1,15,78,94,1.1808510638297873,0.0426816865724372,682,"If we had known you were coming, we wouldn't have used the ladder for firewood."
3515,2146,3,11,80,94,1.1808510638297873,0.047741884833740145,682,"Some new questionable Developer         
- -He calls it Trump Tower"
3542,2146,3,11,80,94,1.1808510638297873,0.047741884833740145,682,Why can’t we be as wealthy and privileged as them?
3549,2146,3,11,80,94,1.1808510638297873,0.047741884833740145,682,Some Trump guy wanted to name this after himself?
2055,2146,3,11,80,94,1.1808510638297873,0.047741884833740145,682,You'll be right down!
3440,2146,1,15,78,94,1.1808510638297873,0.0426816865724372,682,Neither husband appreciated the absence of stairs.
2709,2146,1,15,78,94,1.1808510638297873,0.0426816865724372,682,"They're calling it ""The Dakota."""
3192,2146,0,17,77,94,1.1808510638297873,0.039911724709195365,682,Just waiting for someone to invent the elevator and we’ll be right down!
3150,2146,2,13,79,94,1.1808510638297873,0.04528252387039548,682,"Hey, Ann and Stazzy! Where'd the rest of your cliff go?"
2833,2146,1,15,78,94,1.1808510638297873,0.0426816865724372,682,I'm sure Thog and Grux won't mind going to the Cave Owners Association meeting without us
2836,2146,0,17,77,94,1.1808510638297873,0.039911724709195365,682,"Look, we finally have autonomous flying taxis."
2839,2146,0,17,77,94,1.1808510638297873,0.039911724709195365,682,Gaza 2019
2913,2146,1,15,78,94,1.1808510638297873,0.0426816865724372,682,If only your friend could be more down to earth.
2920,2146,3,11,80,94,1.1808510638297873,0.047741884833740145,682,Love to join you if your elevator is not out of order !
2940,2146,1,15,78,94,1.1808510638297873,0.0426816865724372,682,Hi Sally. Nice digs. This place rocks. High five.
3177,2146,2,13,79,94,1.1808510638297873,0.04528252387039548,682,We own the castle next door... the one with the moat.
2996,2146,1,15,78,94,1.1808510638297873,0.0426816865724372,682,"We'd love to join you, but Stone is obsessed with investing in a tower with some ""lean"" to it."
3006,2146,0,17,77,94,1.1808510638297873,0.039911724709195365,682,"The future is vertical, hun."
3024,2146,2,13,79,94,1.1808510638297873,0.04528252387039548,682,I'm worried she's getting above her raisin'.
3044,2146,2,13,79,94,1.1808510638297873,0.04528252387039548,682,"Do we take the stairs?""
""Quoi?""
""What?"
3057,2146,1,15,78,94,1.1808510638297873,0.0426816865724372,682,Rent-controlled? How did you do it?
3074,2146,3,11,80,94,1.1808510638297873,0.047741884833740145,682,"We’re not waving, you idiots. Our freakin’ tower’s on fire!"
3149,2146,2,13,79,94,1.1808510638297873,0.04528252387039548,682,Babble on....
3000,2146,2,13,79,94,1.1808510638297873,0.04528252387039548,682,"Just a friendly stroll by hello, no need to throw anything down at us..."
2037,2146,2,13,79,94,1.1808510638297873,0.04528252387039548,682,"Oh look Gerard, they’re holding hands. Gee, I hate them."
2431,2146,4,9,81,94,1.1808510638297873,0.0500806166783445,682,Did Rapunzel’s tower go co-op?
2011,2146,2,13,79,94,1.1808510638297873,0.04528252387039548,682,We'll be back once someone invents the elevator.
468,2146,1,15,78,94,1.1808510638297873,0.0426816865724372,682,You're just a few flights away!
480,2146,3,11,80,94,1.1808510638297873,0.047741884833740145,682,They think they something cause they live in a high rise condom
484,2146,3,11,80,94,1.1808510638297873,0.047741884833740145,682,Come on up!  We can see Canada from our house!!
559,2146,3,11,80,94,1.1808510638297873,0.047741884833740145,682,How do you guys even get up there? Have elevators been invented yet?
576,2146,2,13,79,94,1.1808510638297873,0.04528252387039548,682,It's made from pure beetle dung.
620,2146,2,13,79,94,1.1808510638297873,0.04528252387039548,682,You can see Stonehenge from there?
451,2146,4,9,81,94,1.1808510638297873,0.0500806166783445,682,I think she said he took something to help him get it up.
664,2146,3,11,80,94,1.1808510638297873,0.047741884833740145,682,The Beaujolais Nouveau just came in you say? Throw down the grappling hook and we'll be right up.
728,2146,3,11,80,94,1.1808510638297873,0.047741884833740145,682,We'll be coming to see you as soon as the elevator is invented!
752,2146,4,9,81,94,1.1808510638297873,0.0500806166783445,682,"We will be down in one minute, our dinosaur should be here in about 5 minutes."
792,2146,3,11,80,94,1.1808510638297873,0.047741884833740145,682,"Nice view, but who wants a fifth floor rock up?"
830,2146,2,13,79,94,1.1808510638297873,0.04528252387039548,682,Glad you could make it! The elevator hasn't been invented yet so you'll have to take the stairs.
835,2146,4,9,81,94,1.1808510638297873,0.0500806166783445,682,How's city life?
869,2146,2,13,79,94,1.1808510638297873,0.04528252387039548,682,"We moved on up to the West Bank, to the sandcastle in the sky."
672,2146,2,13,79,94,1.1808510638297873,0.04528252387039548,682,"Hey, can you buzz us in."
877,2146,1,15,78,94,1.1808510638297873,0.0426816865724372,682,"Rafael, let down your penis!"
450,2146,2,13,79,94,1.1808510638297873,0.04528252387039548,682,Everyone laughed at the volcano preppers.
391,2146,1,15,78,94,1.1808510638297873,0.0426816865724372,682,He calls it a mud tree!
2033,2146,2,13,79,94,1.1808510638297873,0.04528252387039548,682,Sold by Stonehenge Realty
49,2146,2,13,79,94,1.1808510638297873,0.04528252387039548,682,Towering greetings to you.
66,2146,1,15,78,94,1.1808510638297873,0.0426816865724372,682,How can they afford a pentcave?
113,2146,2,13,79,94,1.1808510638297873,0.04528252387039548,682,Remember not to bring up that their new place is a walk-up.
158,2146,1,15,78,94,1.1808510638297873,0.0426816865724372,682,They never shut up about their penthouse cave!
165,2146,0,17,77,94,1.1808510638297873,0.039911724709195365,682,About time we found another couple of swingers who don't live in a tree!
436,2146,3,11,80,94,1.1808510638297873,0.047741884833740145,682,"Frank and Lois are about the luckiest people in Babylon."""
270,2146,2,13,79,94,1.1808510638297873,0.04528252387039548,682,"Look, the kids just got a piece of the rock!"
324,2146,2,13,79,94,1.1808510638297873,0.04528252387039548,682,Bye.  Come back when you find a ladder.
325,2146,2,13,79,94,1.1808510638297873,0.04528252387039548,682,"Hi Rapunzel, hi Tim!  Throw down... oh, that's right you installed an elevator."
337,2146,1,15,78,94,1.1808510638297873,0.0426816865724372,682,"Hi, Rise!"
353,2146,1,15,78,94,1.1808510638297873,0.0426816865724372,682,"A lazy etymologist guesses the origin of the word ""penthouse."""
355,2146,3,11,80,94,1.1808510638297873,0.047741884833740145,682,When did you get a job at 30 Rock?
382,2146,3,11,80,94,1.1808510638297873,0.047741884833740145,682,"I want you to build it like this one, but taller."
296,2146,1,15,78,94,1.1808510638297873,0.0426816865724372,682,I hope they remembered to also invent some stairs.
879,2146,2,13,79,94,1.1808510638297873,0.04528252387039548,682,I hope you like the cut.  The salon now has you booked ten years from today Rapunzel.
790,2146,3,11,80,94,1.1808510638297873,0.047741884833740145,682,Our cave is going co-op. Do you have a prospectus?
1005,2146,1,15,78,94,1.1808510638297873,0.0426816865724372,682,Love your mid-century modern VRBO - we have the third floor for the weekend.
1559,2146,2,13,79,94,1.1808510638297873,0.04528252387039548,682,We didn’t realize you bought the penthouse!
1569,2146,1,15,78,94,1.1808510638297873,0.0426816865724372,682,The penthouse! We got the penthouse!
1599,2146,2,13,79,94,1.1808510638297873,0.04528252387039548,682,"Yes, we have fire, but they have a multi-story condo with full amenities."
1604,2146,2,13,79,94,1.1808510638297873,0.04528252387039548,682,Hi! How old will you be when they put in the elevator?
947,2146,2,13,79,94,1.1808510638297873,0.04528252387039548,682,Have they built the stairs yet?
1725,2146,1,15,78,94,1.1808510638297873,0.0426816865724372,682,Pretend like we live here: This complex still has primitive restrictions on Air BnB.
1747,2146,1,15,78,94,1.1808510638297873,0.0426816865724372,682,"Oh, look. It’s the Neandertalls."
1769,2146,1,15,78,94,1.1808510638297873,0.0426816865724372,682,Predeluvians are nice but it's a walkup
1845,2146,1,15,78,94,1.1808510638297873,0.0426816865724372,682,"Oh look Darell, the Smith's moved in."
1865,2146,0,17,77,94,1.1808510638297873,0.039911724709195365,682,"It'll take a few millennia, but someday Ugg’s bird feeder apartment designs will be loved by Bauhausian architects everywhere."
1883,2146,4,9,81,94,1.1808510638297873,0.0500806166783445,682,Hi honey!dinner is ready
1929,2146,2,13,79,94,1.1808510638297873,0.04528252387039548,682,"IT'S A ""CAVE DOMINIUM"
1940,2146,3,11,80,94,1.1808510638297873,0.047741884833740145,682,"The view is nice, but I’ll pass until someone invents the elevator."
1950,2146,3,11,80,94,1.1808510638297873,0.047741884833740145,682,Prestend we know them
1972,2146,2,13,79,94,1.1808510638297873,0.04528252387039548,682,"Now they want to be referred to as ""Condo Men""."
1556,2146,1,15,78,94,1.1808510638297873,0.0426816865724372,682,"- Last time we built a tower we ended up speaking a different language!
- Hola amigos!"
1415,2146,0,17,77,94,1.1808510638297873,0.039911724709195365,682,We just invented upzoning.
1621,2146,2,13,79,94,1.1808510638297873,0.04528252387039548,682,"Well, it only took 846 years of nagging, but looks like Tokor finally fixed the Pisa"
1385,2146,1,15,78,94,1.1808510638297873,0.0426816865724372,682,"""I think they jumped the gun on that timeshare."""
1011,2146,2,13,79,94,1.1808510638297873,0.04528252387039548,682,I hope someone invents stairs soon.
1405,2146,1,15,78,94,1.1808510638297873,0.0426816865724372,682,"And how do we get up there, a human slingshot?"
1028,2146,1,15,78,94,1.1808510638297873,0.0426816865724372,682,We won the power-rock lottery
1048,2146,3,11,80,94,1.1808510638297873,0.047741884833740145,682,Have they invented the elevator yet?
1061,2146,0,17,77,94,1.1808510638297873,0.039911724709195365,682,You’ll have to take the stairs. The elevator’s broken.
1063,2146,3,11,80,94,1.1808510638297873,0.047741884833740145,682,do you have your elevator shoes
1097,2146,4,9,81,94,1.1808510638297873,0.0500806166783445,682,Rapunzel!!! Why do you have that man with you? Your hair is too short!!!!
1020,2146,1,15,78,94,1.1808510638297873,0.0426816865724372,682,Next stop Alcatraz!
1209,2146,2,13,79,94,1.1808510638297873,0.04528252387039548,682,I don't care if you don't like them. We  walked all this way because Sylvia and Morris want us to see their condo. It's for sale!
1241,2146,3,11,80,94,1.1808510638297873,0.047741884833740145,682,Is the lift working?
1244,2146,2,13,79,94,1.1808510638297873,0.04528252387039548,682,"Rapunzel, what's with your new hair style?"
1288,2146,3,11,80,94,1.1808510638297873,0.047741884833740145,682,"Go through the round hole, we're at the top square."
1360,2146,1,15,78,94,1.1808510638297873,0.0426816865724372,682,"Not only is the view great, once we invent fire it will have central heat!"
1384,2146,1,15,78,94,1.1808510638297873,0.0426816865724372,682,Hurry Up! The Flintstones starts in 5 minutes.
1147,2146,0,17,77,94,1.1808510638297873,0.039911724709195365,682,We'll come visit as soon as they put in the elevator.
1795,2288,3,11,81,95,1.1789473684210525,0.04727501054750545,682,It's your parents.  Don't let down your hair.
2147,2288,3,11,81,95,1.1789473684210525,0.04727501054750545,682,She's been nagging Otis to invent some kind of lifting device.
2260,2288,2,13,80,95,1.1789473684210525,0.044843756048454156,682,"We got it for a steal, because elevators haven’t been invented yet ."
2370,2288,3,11,81,95,1.1789473684210525,0.04727501054750545,682,That is gonna be a weird foursome.
2392,2288,2,13,80,95,1.1789473684210525,0.044843756048454156,682,Don't wait for the elevator.
2422,2288,2,13,80,95,1.1789473684210525,0.044843756048454156,682,Bye! Thanks! See youse on New Years Eve at Times Square!
2729,2288,1,15,79,95,1.1789473684210525,0.04227290255943855,682,We're coming up. Is the elevator finally working?
2669,2288,2,13,80,95,1.1789473684210525,0.044843756048454156,682,"The stairs are all broken down and I cut my hair....
so no party today"
2989,2288,1,15,79,95,1.1789473684210525,0.04227290255943855,682,I hope the Trumps put in an elevator.
3250,2288,3,11,81,95,1.1789473684210525,0.04727501054750545,682,This one said he gathers. Will that one hunt?
3419,2288,3,11,81,95,1.1789473684210525,0.04727501054750545,682,"Sure, they're in the penthouse suite, but this place is a real fleabag. Literally, there are sand fleas everywhere."
1793,2288,2,13,80,95,1.1789473684210525,0.044843756048454156,682,"I sound my barbaric ""You up?"" over the roofs of the world."
2563,2288,1,15,79,95,1.1789473684210525,0.04227290255943855,682,"It took years of trial and error, but early beach-dwelling societies eventually learned to refine the differences in their gestures for ""Hello!""  and ""Danger:  High Tide!"""
1707,2288,1,15,79,95,1.1789473684210525,0.04227290255943855,682,"I'd love to stop in, but what about the ants?"
1531,2288,4,9,82,95,1.1789473684210525,0.049587203873582494,682,We're trying to get pregnant. We call it a 4th floor knock-up.
125,2288,2,13,80,95,1.1789473684210525,0.044843756048454156,682,"Hold on, we'll be down in a few thousand years."
40,2288,1,15,79,95,1.1789473684210525,0.04227290255943855,682,No doorman - just come to the fourth floor.
1436,2288,2,13,80,95,1.1789473684210525,0.044843756048454156,682,Take my wife. PLEASE!
210,2288,2,13,80,95,1.1789473684210525,0.044843756048454156,682,What's this called again? A corunduminium?
216,2288,0,17,78,95,1.1789473684210525,0.039535226381877515,682,"Thanks, but we'll visit once they invent elevators."
252,2288,3,11,81,95,1.1789473684210525,0.04727501054750545,682,I am Sooo High!!!
346,2288,1,15,79,95,1.1789473684210525,0.04227290255943855,682,"Hi Guys! I hear the view of nothing from 
the 5th floor is absolutely spectacular."
496,2288,3,11,81,95,1.1789473684210525,0.04727501054750545,682,I can’t believe they tore down Bonwit  Tellers to build that
929,2288,1,15,79,95,1.1789473684210525,0.04227290255943855,682,"Come on, kids, work your way to the top like we did!"
970,2288,3,11,81,95,1.1789473684210525,0.04727501054750545,682,Does it bend?
991,2288,2,13,80,95,1.1789473684210525,0.044843756048454156,682,How are things up there?
1029,2288,3,11,81,95,1.1789473684210525,0.04727501054750545,682,They can come down. I don't do lifts.
1151,2288,3,11,81,95,1.1789473684210525,0.04727501054750545,682,We're here!  Has Harvey invented the elevator yet?
1300,2288,0,17,78,95,1.1789473684210525,0.039535226381877515,682,Rapunzel: Every since Ernst installed the elevator my headaches have disappeared.
803,2288,1,15,79,95,1.1789473684210525,0.04227290255943855,682,Don't forget to park the mammoth in the garage when you get back!
2978,2318,1,15,80,96,1.1770833333333333,0.04187175404195182,682,But you can’t build a boat?
1889,2318,1,15,80,96,1.1770833333333333,0.04187175404195182,682,"I told you they are really upwardly mobile!"""
2300,2318,3,11,82,96,1.1770833333333333,0.04681709386300883,682,"Hello!  They're the new family in town, the Babels."
1096,2318,0,17,79,96,1.1770833333333333,0.03916561682056946,682,"Rapunzel ain’t got nuthin’ on us, babe. Not when it comes to tower cartoons."
1524,2318,2,13,81,96,1.1770833333333333,0.044413309178260335,682,"We’d love to come visit, as soon as someone invents stairs."
1502,2323,1,14,76,91,1.1758241758241759,0.04306172017490284,682,"Since I knew you were coming, I baked you a cake."
2475,2323,1,14,76,91,1.1758241758241759,0.04306172017490284,682,So this is Air B&B?
2493,2325,2,12,78,92,1.173913043478261,0.04534914100207275,682,This week on House Hunter/Gatherers: Crag finds a five-story walk-up with in-unit fire just outside of Sandhattan.
2510,2325,1,14,77,92,1.173913043478261,0.042633942421344356,682,How’s the honeymoon concrete?
2578,2325,0,16,76,92,1.173913043478261,0.039733631889711976,682,"Hi! Has the exterminator come or should we just climb up the outside?"""
2587,2325,3,10,79,92,1.173913043478261,0.04791071000168172,682,"Don't wave at them.  Prissy BCE millennials, gentrifying the neighborhood!"
2601,2325,3,10,79,92,1.173913043478261,0.04791071000168172,682,They call it their penthouse.  I call it a 5th floor walk-up.
2621,2325,2,12,78,92,1.173913043478261,0.04534914100207275,682,Did Rapunzel bob her hair? How do they expect us to get up there?
2122,2325,2,12,78,92,1.173913043478261,0.04534914100207275,682,But is it rent controlled?
2654,2325,1,14,77,92,1.173913043478261,0.042633942421344356,682,"Yeah right, the view is great...but who will you call when you get stuck in the elevator?"
2670,2325,1,14,77,92,1.173913043478261,0.042633942421344356,682,"Sorry, the elevator is out again!"
2690,2325,2,12,78,92,1.173913043478261,0.04534914100207275,682,You should call it a penthouse.
2705,2325,2,12,78,92,1.173913043478261,0.04534914100207275,682,"Yeah, I heard they moved on up to a 'derocks' apartment in the sky."
2712,2325,1,14,77,92,1.173913043478261,0.042633942421344356,682,"We just invented the high rise pizza oven, we’re throwing down your order now”..."
2490,2325,1,14,77,92,1.173913043478261,0.042633942421344356,682,"We came to early, no one's here yet!"
2624,2325,3,10,79,92,1.173913043478261,0.04791071000168172,682,"Hey, it's the new neighbors--hurry--go get Rapunzel!"
2432,2325,2,12,78,92,1.173913043478261,0.04534914100207275,682,"I'm thinking of shelling my cave, how many sand dollars was that?"
2220,2325,1,14,77,92,1.173913043478261,0.042633942421344356,682,I'll take the sand elevator.
2397,2325,2,12,78,92,1.173913043478261,0.04534914100207275,682,"Lets go out for drinks, the elevator's broken"
2336,2325,2,12,78,92,1.173913043478261,0.04534914100207275,682,They’re such show offs since they had that elevator put in.
2313,2325,1,14,77,92,1.173913043478261,0.042633942421344356,682,Come to our house-warming Saturday. A man-cave in a penthouse: win-win!
2271,2325,1,14,77,92,1.173913043478261,0.042633942421344356,682,Come on up.  You'll have to use the stairs; the elevator's out.
2264,2325,1,14,77,92,1.173913043478261,0.042633942421344356,682,I could never live in a walk up cave.
2257,2325,0,16,76,92,1.173913043478261,0.039733631889711976,682,We're house sitting for Rapunze-what's-her-face!
2248,2325,3,10,79,92,1.173913043478261,0.04791071000168172,682,"Business up front, party in the back!"
2239,2325,3,10,79,92,1.173913043478261,0.04791071000168172,682,At least somebody is preparing for climate change
2222,2325,2,12,78,92,1.173913043478261,0.04534914100207275,682,The elevator is being repaired so you'll have to take the stairs.
2714,2325,2,12,78,92,1.173913043478261,0.04534914100207275,682,You always said you would have a little cave of your own but now you can even keep the Mastodon!
2206,2325,1,14,77,92,1.173913043478261,0.042633942421344356,682,How do we get up there without your long hair?
2144,2325,2,12,78,92,1.173913043478261,0.04534914100207275,682,See you when the sea level rises again!
2126,2325,2,12,78,92,1.173913043478261,0.04534914100207275,682,"Looks like they had a lot of fun last night. ""Take the apartment beneath them they said."" ""It's a good idea they said."""
2125,2325,1,14,77,92,1.173913043478261,0.042633942421344356,682,"There's no super, so we'll have to let ourselves in."
2416,2325,1,14,77,92,1.173913043478261,0.042633942421344356,682,Let us know when elevators are invented!
2716,2325,1,14,77,92,1.173913043478261,0.042633942421344356,682,"If this wave does not faze you, the next tide will"
2898,2325,2,12,78,92,1.173913043478261,0.04534914100207275,682,They both gathered.
2746,2325,0,16,76,92,1.173913043478261,0.039733631889711976,682,Did they invent the elevator yet?
3548,2325,2,12,78,92,1.173913043478261,0.04534914100207275,682,Let down your skins and we'll celebrate with a  bloody mammoth!
3498,2325,0,16,76,92,1.173913043478261,0.039733631889711976,682,Hubby’s heard great things about your Cro-Magnon Man cave!
3574,2325,1,14,77,92,1.173913043478261,0.042633942421344356,682,"Thank you, the paleo dinner was great!"
3457,2325,3,10,79,92,1.173913043478261,0.04791071000168172,682,Roll that humongous football from the entryway and come up!
3425,2325,1,14,77,92,1.173913043478261,0.042633942421344356,682,I can’t believe they paid eight wheels for their 20 sq. ft penthouse! What is this desert coming to?!
3402,2325,1,14,77,92,1.173913043478261,0.042633942421344356,682,"We've decided on the tribal housing project,after all."
3381,2325,1,14,77,92,1.173913043478261,0.042633942421344356,682,Now I know why they pronounce it Neander-TAL...
3348,2325,1,14,77,92,1.173913043478261,0.042633942421344356,682,"Use the rock climber, our vine is out of order."
3247,2325,2,12,78,92,1.173913043478261,0.04534914100207275,682,We'll be down as soon as somebody invents stairs.
3232,2325,2,12,78,92,1.173913043478261,0.04534914100207275,682,Come in! We just discovered fire so we’re having a house warming party!
3226,2325,2,12,78,92,1.173913043478261,0.04534914100207275,682,"So after hunting for the perfect apartment and gathering some cash, here we are!"
3195,2325,2,12,78,92,1.173913043478261,0.04534914100207275,682,"Psst Ralph, those high rise apartments are just a passing fad."
3153,2325,2,12,78,92,1.173913043478261,0.04534914100207275,682,"Oh look, honey. It's a vertical cave condo."
3138,2325,2,12,78,92,1.173913043478261,0.04534914100207275,682,Is Rapunsel home?
3087,2325,2,12,78,92,1.173913043478261,0.04534914100207275,682,We haven't installed the elevator yet.
3076,2325,1,14,77,92,1.173913043478261,0.042633942421344356,682,"''Five fifty a month or the first high tide."""
3072,2325,2,12,78,92,1.173913043478261,0.04534914100207275,682,"Hi, we'll send our T-Rex to lift you up."
3033,2325,3,10,79,92,1.173913043478261,0.04791071000168172,682,"President Trump was right, there is a lot of sand to play with in Syria!"
2975,2325,0,16,76,92,1.173913043478261,0.039733631889711976,682,Love your oasis condo!
2943,2325,2,12,78,92,1.173913043478261,0.04534914100207275,682,"Come on up!""
""Come on down!"
2899,2325,2,12,78,92,1.173913043478261,0.04534914100207275,682,"Come see me new apartment! It fourth-story walk-up, but it worth it for view!"
2876,2325,1,14,77,92,1.173913043478261,0.042633942421344356,682,It's our new high rise
2847,2325,1,14,77,92,1.173913043478261,0.042633942421344356,682,"Buy, buy. We shall see you to your home"
2844,2325,2,12,78,92,1.173913043478261,0.04534914100207275,682,Someone stole our big bucket.  Use the stairs.
2820,2325,2,12,78,92,1.173913043478261,0.04534914100207275,682,Five stories with a one horse garage?
2804,2325,1,14,77,92,1.173913043478261,0.042633942421344356,682,You say you want a Neolithic Revolution...
2800,2325,2,12,78,92,1.173913043478261,0.04534914100207275,682,What a fire hazard
2782,2325,0,16,76,92,1.173913043478261,0.039733631889711976,682,Is there an elevator or is your building a five-story walk-up?
2749,2325,1,14,77,92,1.173913043478261,0.042633942421344356,682,Come back again when we get the rope put in
2743,2325,2,12,78,92,1.173913043478261,0.04534914100207275,682,"I'm sorry, but I refuse to visit them until someone invents the elevator."
2075,2325,1,14,77,92,1.173913043478261,0.042633942421344356,682,I'll go down and shake the hand that brings us pizza.
3488,2325,2,12,78,92,1.173913043478261,0.04534914100207275,682,We will be up in  a Neanderthal nano second!
2016,2325,1,14,77,92,1.173913043478261,0.042633942421344356,682,You had better move down a floor. We're not going to pay for a penthouse any more.
1002,2325,1,14,77,92,1.173913043478261,0.042633942421344356,682,Hi Flo.  Buzz us in.
1001,2325,1,14,77,92,1.173913043478261,0.042633942421344356,682,I'm not going to visit your parents until someone invents stairs.
978,2325,1,14,77,92,1.173913043478261,0.042633942421344356,682,"Rapunzel, Let down your golden ladder, the elevator is out of order."
953,2325,3,10,79,92,1.173913043478261,0.04791071000168172,682,"We have a tower, and here are our people!  Who could ask for anything more!"
864,2325,0,16,76,92,1.173913043478261,0.039733631889711976,682,We'll come back in a few thousand years when the elevator gets installed.
862,2325,0,16,76,92,1.173913043478261,0.039733631889711976,682,Thank you for the lovely dinner! I’ll give you a call tomorrow so we can plan gathering together soon!
824,2325,0,16,76,92,1.173913043478261,0.039733631889711976,682,"After the wheel, now we’ll have to invent the lift!"
697,2325,0,16,76,92,1.173913043478261,0.039733631889711976,682,They are always building.  Wouldn’t surprise me if the next thing they build is an Ark.
691,2325,1,14,77,92,1.173913043478261,0.042633942421344356,682,"-Hello cavemen!
-Oh, hello condominium-men!"
682,2325,3,10,79,92,1.173913043478261,0.04791071000168172,682,Top of the morning to you!
675,2325,1,14,77,92,1.173913043478261,0.042633942421344356,682,"If you invite them up for drinks, we’ll have to accept their reciprocal invitation to their dank cave condo."
588,2325,2,12,78,92,1.173913043478261,0.04534914100207275,682,"Rapunzel, I love what you've done with this place!"
571,2325,1,14,77,92,1.173913043478261,0.042633942421344356,682,Ung and Gra are really moving up in the world
553,2325,2,12,78,92,1.173913043478261,0.04534914100207275,682,I’m surprised they didn’t opt for the two-wheel garage
1007,2325,0,16,76,92,1.173913043478261,0.039733631889711976,682,Aren't you the Flintstones?
526,2325,0,16,76,92,1.173913043478261,0.039733631889711976,682,We're just waiting for the elevator!
498,2325,3,10,79,92,1.173913043478261,0.04791071000168172,682,Your new treescraper rocks!
378,2325,1,14,77,92,1.173913043478261,0.042633942421344356,682,I'll find someone to build some stairs.
330,2325,1,14,77,92,1.173913043478261,0.042633942421344356,682,Hi: That is an impressive sand castle. Hope it lasts!
302,2325,1,14,77,92,1.173913043478261,0.042633942421344356,682,Easy?......Do you think mine can build it?
192,2325,0,16,76,92,1.173913043478261,0.039733631889711976,682,"Oh look, honey... it's Barf and Boola."
188,2325,0,16,76,92,1.173913043478261,0.039733631889711976,682,"It's lovely until the tide comes in, but it's worth the view!"
174,2325,3,10,79,92,1.173913043478261,0.04791071000168172,682,I think I left my iPhone there
169,2325,2,12,78,92,1.173913043478261,0.04534914100207275,682,They've hit rock top.
166,2325,1,14,77,92,1.173913043478261,0.042633942421344356,682,The distance between the middle class and 1 percent
160,2325,2,12,78,92,1.173913043478261,0.04534914100207275,682,Good Morning Mr. and Mrs. Trump
126,2325,2,12,78,92,1.173913043478261,0.04534914100207275,682,"To a dee-lux apartment, indeed!"
105,2325,0,16,76,92,1.173913043478261,0.039733631889711976,682,We understand about your concern for bears.  We just put a door on our place.
8,2325,1,14,77,92,1.173913043478261,0.042633942421344356,682,Hotel Babel's got the best views.
2067,2325,2,12,78,92,1.173913043478261,0.04534914100207275,682,"Once we invent fire, they're going to want to be on a lower floor."
511,2325,1,14,77,92,1.173913043478261,0.042633942421344356,682,Adam & Eve dressed as the Flintstones for their first Halloween party in the city.
1060,2325,0,16,76,92,1.173913043478261,0.039733631889711976,682,I wish they’d invent the elevator.
759,2325,2,12,78,92,1.173913043478261,0.04534914100207275,682,How did you elevate yourselves up there?
1098,2325,2,12,78,92,1.173913043478261,0.04534914100207275,682,"Hey, Rapunzel, we’ve gained a bit of weight. Rumpel Should let down his hair too."
2007,2325,2,12,78,92,1.173913043478261,0.04534914100207275,682,It's just a small prototype for the big one they're building in Babel.
1979,2325,1,14,77,92,1.173913043478261,0.042633942421344356,682,Have you seen our brontosaur?  We want to come down.
1939,2325,2,12,78,92,1.173913043478261,0.04534914100207275,682,How do you like the penthouse?
1904,2325,3,10,79,92,1.173913043478261,0.04791071000168172,682,"Hi there, Don and Melania!"
1884,2325,1,14,77,92,1.173913043478261,0.042633942421344356,682,We're here for the B&B that you advertised
1850,2325,0,16,76,92,1.173913043478261,0.039733631889711976,682,Welcome to Stone Age Swingers.
1062,2325,0,16,76,92,1.173913043478261,0.039733631889711976,682,"Hi mates! When you're done playing with sand, come to our cave for something special that Adam killed yesterday."
1816,2325,4,8,80,92,1.173913043478261,0.05034210639320343,682,We in high society can afford to be kind to people on the ground.
1782,2325,0,16,76,92,1.173913043478261,0.039733631889711976,682,I told you so. Isn't penthouse living wonderful!
1675,2325,1,14,77,92,1.173913043478261,0.042633942421344356,682,"I think I get ""walk up' now; still no idea what a flight is."
1665,2325,1,14,77,92,1.173913043478261,0.042633942421344356,682,Turn left at the lobby for the elevator to the penthouse
1655,2325,1,14,77,92,1.173913043478261,0.042633942421344356,682,You can get a penthouse like that when you develop an entire block.
1634,2325,2,12,78,92,1.173913043478261,0.04534914100207275,682,I told Og you'd help Oog move in their new boulders.
1625,2325,0,16,76,92,1.173913043478261,0.039733631889711976,682,Get on the Teradactyl in the garage and come on up!
1585,2325,2,12,78,92,1.173913043478261,0.04534914100207275,682,We have a view of the Bering land bridge AND it’s rent controlled!
1848,2325,1,14,77,92,1.173913043478261,0.042633942421344356,682,"They want to be firefighters, whatever that is."
1507,2325,2,12,78,92,1.173913043478261,0.04534914100207275,682,"Dinner is ready, but the elevator is broken.


Judith Schneider"
1560,2325,2,12,78,92,1.173913043478261,0.04534914100207275,682,When are you going to move out of this mud-condo and get a three-bedroom cave in Jersey?
1145,2325,2,12,78,92,1.173913043478261,0.04534914100207275,682,I hope the elevator’s not out of order again!
1165,2325,1,14,77,92,1.173913043478261,0.042633942421344356,682,"Boy, I hate rock climbing."
1174,2325,0,16,76,92,1.173913043478261,0.039733631889711976,682,Let you heir down;  I found somebody twice and nice
1218,2325,0,16,76,92,1.173913043478261,0.039733631889711976,682,"KEEP THEM ON A HIGH , WE CAN SELL THIS THING BEFORE THE TIDE COMES IN"
1228,2325,1,14,77,92,1.173913043478261,0.042633942421344356,682,Hi! We thought we’d just walk over because nothing is in the shop.
1253,2325,0,16,76,92,1.173913043478261,0.039733631889711976,682,We can't work out how to build floors
1193,2325,1,14,77,92,1.173913043478261,0.042633942421344356,682,I can't they took the fifth floor!
1271,2325,2,12,78,92,1.173913043478261,0.04534914100207275,682,"When did you guys get windows 95,000BC!?"
1424,2325,2,12,78,92,1.173913043478261,0.04534914100207275,682,Hi! The elevator door is in the back.
1428,2325,0,16,76,92,1.173913043478261,0.039733631889711976,682,We saw that this AirBNB has a 5-stone review
1437,2325,1,14,77,92,1.173913043478261,0.042633942421344356,682,"""We'll come see you when they invent the elevator."
1469,2325,2,12,78,92,1.173913043478261,0.04534914100207275,682,I bagged a hunter-flatterer too.
1493,2325,3,10,79,92,1.173913043478261,0.04791071000168172,682,I thought you said they resembled us?
2437,2457,1,14,78,93,1.1720430107526882,0.04221446145523714,682,Love the new cave!
2650,2458,4,7,77,88,1.1704545454545454,0.051674143059087504,682,"No wheels, No car, no problem."
2186,2458,1,13,74,88,1.1704545454545454,0.043434064987402606,682,"Gladly we'll come up, is the elevator working?"
2411,2458,3,9,76,88,1.1704545454545454,0.049081402191026816,682,"Let's switch.  Send yours down and I'll send mine up.""   ""No!  I'll send mine down and YOU come up."
2447,2458,3,9,76,88,1.1704545454545454,0.049081402191026816,682,Love it...but no elevator?
2527,2458,2,11,75,88,1.1704545454545454,0.046343834769941326,682,"What ya doing?
""Nothing Special. Just Building up to the Bronze Age."""
2594,2458,2,11,75,88,1.1704545454545454,0.046343834769941326,682,"What do you think of our makeover? I guess in prehistoric times, they kept something called missiles in these things."
2086,2458,2,11,75,88,1.1704545454545454,0.046343834769941326,682,You moved up another floor?
2737,2458,2,11,75,88,1.1704545454545454,0.046343834769941326,682,Call the super to get the lift
3583,2458,0,15,73,88,1.1704545454545454,0.04031482334670714,682,I bet the view is fantastic.
2801,2458,2,11,75,88,1.1704545454545454,0.046343834769941326,682,"Sorry honey, it seems that we don't have an elevator..."
3197,2458,1,13,74,88,1.1704545454545454,0.043434064987402606,682,Mr. Sandman will greet you at the door
3223,2458,1,13,74,88,1.1704545454545454,0.043434064987402606,682,"History has been pretty good: The dinosaurs are gone, and we got rocks for the ages...but where can we get something to eat?"
3296,2458,0,15,73,88,1.1704545454545454,0.04031482334670714,682,"We already have your poor, your tired, your hungry!"
3475,2458,1,13,74,88,1.1704545454545454,0.043434064987402606,682,"Rapunzel
Rapunzel 
Throw down a bear!"
3557,2458,4,7,77,88,1.1704545454545454,0.051674143059087504,682,"They can make one twice as high, New York City this ain't."
1968,2458,2,11,75,88,1.1704545454545454,0.046343834769941326,682,"Is the first floor brownstone you put on the market?"""
2764,2458,2,11,75,88,1.1704545454545454,0.046343834769941326,682,"Sorry, but Rapunzel doesn't live here anymore!"
1919,2458,2,11,75,88,1.1704545454545454,0.046343834769941326,682,"The elevator's out, but come on up the stairs."
3575,2458,2,11,75,88,1.1704545454545454,0.046343834769941326,682,Who'd you get to do your siding?
1776,2458,0,15,73,88,1.1704545454545454,0.04031482334670714,682,I didn’t know you came to Coachella!
51,2458,2,11,75,88,1.1704545454545454,0.046343834769941326,682,How will the rezoning of the local tar pit effect your property value?
68,2458,3,9,76,88,1.1704545454545454,0.049081402191026816,682,But how do we GET to the penthouse?
503,2458,1,13,74,88,1.1704545454545454,0.043434064987402606,682,Jump!
789,2458,3,9,76,88,1.1704545454545454,0.049081402191026816,682,"We haven't invented stairs yet, but the view's great!"
849,2458,2,11,75,88,1.1704545454545454,0.046343834769941326,682,Remind me again how this Babbel thing works...
1169,2458,2,11,75,88,1.1704545454545454,0.046343834769941326,682,"Don’t come up, we’ll fall down."
1240,2458,4,7,77,88,1.1704545454545454,0.051674143059087504,682,Have stairs been invented yet?
1264,2458,3,9,76,88,1.1704545454545454,0.049081402191026816,682,We can smell the roast aardvark from here! Can't stop though. We're going to check out a loft in that new tower in Babel. Burp! We're in love!
1830,2458,2,11,75,88,1.1704545454545454,0.046343834769941326,682,"There you are! Take the stairs,the elevator is out-of-order!"
1427,2458,3,9,76,88,1.1704545454545454,0.049081402191026816,682,"Ya, but you should see her head after he drags her up 4 flights . . ."
1429,2458,1,13,74,88,1.1704545454545454,0.043434064987402606,682,"I know, location, location, location!"
1433,2458,2,11,75,88,1.1704545454545454,0.046343834769941326,682,"Look, they made it to the top.But, it’s still a walk-up."
1586,2458,3,9,76,88,1.1704545454545454,0.049081402191026816,682,Do you really remember me?
1587,2458,2,11,75,88,1.1704545454545454,0.046343834769941326,682,"One-day, somehow it would be great to elevate up there."
1635,2458,0,15,73,88,1.1704545454545454,0.04031482334670714,682,So you got the penthouse in the quatro hovel?
1691,2458,2,11,75,88,1.1704545454545454,0.046343834769941326,682,"I would have brought
 a housewarming gift if we had stores."
1701,2458,4,7,77,88,1.1704545454545454,0.051674143059087504,682,"Can we come up and see you wonderful view of sand,sand, and more sand."
1425,2458,2,11,75,88,1.1704545454545454,0.046343834769941326,682,You are the first visitors. The movers haven't arrived yet.
3462,2496,1,13,75,89,1.1685393258426966,0.04298595589887807,682,I hear they're renting-to-stone.
2180,2496,4,7,78,89,1.1685393258426966,0.05112612100756149,682,I'm over my fear of heights in our skyscraper apartment.
2004,2496,2,11,76,89,1.1685393258426966,0.04586016811409948,682,Hi! Please don't ask me how we got here!
1682,2496,2,11,76,89,1.1685393258426966,0.04586016811409948,682,"Of course, it’s a four story walk up”"
1382,2496,1,13,75,89,1.1685393258426966,0.04298595589887807,682,We've reserved the Penthouse suite for you.
1014,2496,2,11,76,89,1.1685393258426966,0.04586016811409948,682,"Forget Dijon, what is mustard?"
502,2496,1,13,75,89,1.1685393258426966,0.04298595589887807,682,"Hello there Susana,I also found my own Homo Sapiens on the beach."
1323,2496,3,9,77,89,1.1685393258426966,0.04856457180256656,682,"Sorry, the elevator has gone extinct..."
2384,2504,1,12,73,86,1.1627906976744187,0.04332445313847639,682,I hope they've invented the elevator.
3529,2504,2,10,74,86,1.1627906976744187,0.046374627232631714,682,It’s too bad brownstones are out of our price range.
3455,2504,0,14,72,86,1.1627906976744187,0.040042607663968714,682,"It’s a fourth floor climb-up, but the view is worth it!"
3194,2504,3,8,75,86,1.1627906976744187,0.04923620479061173,682,Stay there. Elevator's not invented yet. We'll come down.
3182,2504,2,10,74,86,1.1627906976744187,0.046374627232631714,682,"Ursula, Ursula, throw down your giant mammoth trunk! Or use your opposible thumbs!"
2895,2504,2,10,74,86,1.1627906976744187,0.046374627232631714,682,This will make a great trigonometry question in the future.
2486,2504,2,10,74,86,1.1627906976744187,0.046374627232631714,682,Is life better when your looking up or down on people?
2327,2504,1,12,73,86,1.1627906976744187,0.04332445313847639,682,You know they start with a cave on a hill and just cut away the sides.
3439,2504,2,10,74,86,1.1627906976744187,0.046374627232631714,682,"LOOK GEORGE, A TOP FLOOR APARTMENT. THAT'S WHAT SELLING MORE WHEELS WILL DO FOR YOU"
2130,2504,1,12,73,86,1.1627906976744187,0.04332445313847639,682,Say Hi to the Jeffersons.
2123,2504,2,10,74,86,1.1627906976744187,0.046374627232631714,682,"They flaunt it, but I'll wait 5 million years until the elevator is invented."
1708,2504,1,12,73,86,1.1627906976744187,0.04332445313847639,682,You'll have to take the stairs until the elevator gets invented.
1672,2504,1,12,73,86,1.1627906976744187,0.04332445313847639,682,We too are married at first sight!
1250,2504,3,8,75,86,1.1627906976744187,0.04923620479061173,682,"Hey, can you see Russia from your Trump Tower window?"
572,2504,0,14,72,86,1.1627906976744187,0.040042607663968714,682,I hope it's rent-controlled.
2205,2504,1,12,73,86,1.1627906976744187,0.04332445313847639,682,I miss the old primordial neighborhood.
433,2504,1,12,73,86,1.1627906976744187,0.04332445313847639,682,Great job. Your vertical cave design is clearly advanced Iron Age.
59,2504,1,12,73,86,1.1627906976744187,0.04332445313847639,682,You couldn't have invented an elevator?
3431,2522,0,14,73,87,1.160919540229885,0.039623877256794074,682,"I know we've been calling it Neolithic, but I think this is just gentrification."
961,2522,1,12,74,87,1.160919540229885,0.04286443578566523,682,We were just in the neighborhood and thought we'd check out your new digs.
383,2522,0,14,73,87,1.160919540229885,0.039623877256794074,682,So they finally made it to the top.
665,2525,2,10,76,88,1.1590909090909092,0.045389190215201616,682,"You have a fear of WHAT? Listen, Ogg, don't start up again with that 'falling danger cliff""or 'scary sky place' stuff."
1879,2525,0,14,74,88,1.1590909090909092,0.039213678081561475,682,"The rooms are a little tight, but the quarry views are amazing!"
2754,2527,2,9,71,82,1.1585365853658536,0.04742547425474254,682,You see Fred? I told you Barney was doing great when he moved to hedge funds.
2342,2528,1,11,71,83,1.1566265060240963,0.04364365530634865,682,"Here, Jane, try my loofah. Catch!"
2371,2528,1,11,71,83,1.1566265060240963,0.04364365530634865,682,Once a lifetime...
2380,2528,0,13,70,83,1.1566265060240963,0.04013614690312244,682,How's community crime stoppers working out?
2314,2528,1,11,71,83,1.1566265060240963,0.04364365530634865,682,A four-story Paleolithic walk-up with a view of the Olduvai Gorge? Love it!
2393,2528,2,9,72,83,1.1566265060240963,0.04688951917827399,682,"Nice work! Your Tower of Pizza looks perfectly straight, at this point."
2408,2528,1,11,71,83,1.1566265060240963,0.04364365530634865,682,Our broker said the mortgage is rock-solid.
2557,2528,2,9,72,83,1.1566265060240963,0.04688951917827399,682,We’re going to call it Trumpet Tower
2415,2528,1,11,71,83,1.1566265060240963,0.04364365530634865,682,"Hello, life I want!""
""Hiya, life I'm leading!"
2438,2528,2,9,72,83,1.1566265060240963,0.04688951917827399,682,"Let's have a party Rapunzel
Time to let down your hair"
2439,2528,3,7,73,83,1.1566265060240963,0.04992479713569274,682,I can see your butt!
2509,2528,2,9,72,83,1.1566265060240963,0.04688951917827399,682,It’s a prehistoric time share.
2521,2528,2,9,72,83,1.1566265060240963,0.04688951917827399,682,eae? de boas? bora truvar?
2290,2528,3,7,73,83,1.1566265060240963,0.04992479713569274,682,Here is your Homo Sapiens. You don't need to return the Neanderthal.
2579,2528,2,9,72,83,1.1566265060240963,0.04688951917827399,682,There's street parking just north of the swamp!
2414,2528,1,11,71,83,1.1566265060240963,0.04364365530634865,682,We should have gone into that dry cleaning business with them when we had the chance.
2262,2528,1,11,71,83,1.1566265060240963,0.04364365530634865,682,You had to move to the big city. Top floor. Highrise.
1842,2528,1,11,71,83,1.1566265060240963,0.04364365530634865,682,This is where all those impeached go! I am sure you can spruce it up!
2244,2528,2,9,72,83,1.1566265060240963,0.04688951917827399,682,Now that’s Neolithic living.
2625,2528,2,9,72,83,1.1566265060240963,0.04688951917827399,682,"Come on up!  You will have to take the stairs, though.  The brontosaurus is out of order..."
1878,2528,1,11,71,83,1.1566265060240963,0.04364365530634865,682,You really do have the best sandcastle on the block!
1941,2528,1,11,71,83,1.1566265060240963,0.04364365530634865,682,Are you ready for the ABBA reunion? Let's do it!!!
1976,2528,2,9,72,83,1.1566265060240963,0.04688951917827399,682,And that was the moment Steve realized his pet rock business would never afford them a penthouse apartment
1988,2528,0,13,70,83,1.1566265060240963,0.04013614690312244,682,New renovations I see! The dinosaur accident turned out to be a blessing in disguise!
2003,2528,1,11,71,83,1.1566265060240963,0.04364365530634865,682,I bet they wish they were still living under a rock
2251,2528,1,11,71,83,1.1566265060240963,0.04364365530634865,682,We've moved up to the pent-cave!!
2010,2528,1,11,71,83,1.1566265060240963,0.04364365530634865,682,It his high time you got here.
2062,2528,2,9,72,83,1.1566265060240963,0.04688951917827399,682,"Hello, we’ll get to you by Christmas!"
2124,2528,0,13,70,83,1.1566265060240963,0.04013614690312244,682,Mom you were right... I just had to look under a big rock to find a husband.
2179,2528,2,9,72,83,1.1566265060240963,0.04688951917827399,682,And if she asks you why you can tell her that I told you that I'm tired of Castles in the Air.
2187,2528,1,11,71,83,1.1566265060240963,0.04364365530634865,682,Throw me a bone
2231,2528,2,9,72,83,1.1566265060240963,0.04688951917827399,682,"How do you get to the top of your cave, anyway?"
2240,2528,3,7,73,83,1.1566265060240963,0.04992479713569274,682,"Sorry, Rapunzel moved to a brownstone in  in Brooklyn"
2034,2528,3,7,73,83,1.1566265060240963,0.04992479713569274,682,"Yes, lovely, but ours is bronze."
2627,2528,1,11,71,83,1.1566265060240963,0.04364365530634865,682,"Now, that’s what I call a sand castle!"
3283,2528,1,11,71,83,1.1566265060240963,0.04364365530634865,682,"Walkup sure, but you can’t beat the price for this neighborhood"
2717,2528,1,11,71,83,1.1566265060240963,0.04364365530634865,682,Just because they went to Ivy League schools.
3148,2528,2,9,72,83,1.1566265060240963,0.04688951917827399,682,Hi!...it's Walt and Molly Babel.
3589,2528,1,11,71,83,1.1566265060240963,0.04364365530634865,682,What are you doing up there? This is Rapunzel's story not ours.
3217,2528,2,9,72,83,1.1566265060240963,0.04688951917827399,682,Their mood sure has improved since the elevator was fixed.
3253,2528,0,13,70,83,1.1566265060240963,0.04013614690312244,682,the brontosaurus elevator should be back any minute
3314,2528,1,11,71,83,1.1566265060240963,0.04364365530634865,682,So should we call them towermen now?
3344,2528,1,11,71,83,1.1566265060240963,0.04364365530634865,682,"They have a great view.
They can see all the way to the Jurassic Period."
3098,2528,3,7,73,83,1.1566265060240963,0.04992479713569274,682,"So, they're built a fifth floor on their sand castle.  But what's a castle without a moat?"
3409,2528,0,13,70,83,1.1566265060240963,0.04013614690312244,682,It certainly is towering!
3442,2528,0,13,70,83,1.1566265060240963,0.04013614690312244,682,Dinner tonight? Your place or ours?
3493,2528,1,11,71,83,1.1566265060240963,0.04364365530634865,682,I wonder how they like city living.
3503,2528,3,7,73,83,1.1566265060240963,0.04992479713569274,682,The wheel's got nothing on those  stones you've stacked in there.
3547,2528,2,9,72,83,1.1566265060240963,0.04688951917827399,682,No elevator?
3550,2528,0,13,70,83,1.1566265060240963,0.04013614690312244,682,"Carol, have you invented the buzzer yet? You know what, never mind, just toss the key down!"
1810,2528,1,11,71,83,1.1566265060240963,0.04364365530634865,682,It's OK. They assured us the cladding is non-flammable.
3426,2528,1,11,71,83,1.1566265060240963,0.04364365530634865,682,you didn't tell me they lived all the way up there?
2706,2528,1,11,71,83,1.1566265060240963,0.04364365530634865,682,- Early woman invents scavenging for valuables -
3082,2528,0,13,70,83,1.1566265060240963,0.04013614690312244,682,I'll buzz you up!
2987,2528,1,11,71,83,1.1566265060240963,0.04364365530634865,682,Come on up. We just found a stash of cookies.
2767,2528,1,11,71,83,1.1566265060240963,0.04364365530634865,682,"How do you like your new supertall?
Are you here just for the weekend?"
2789,2528,2,9,72,83,1.1566265060240963,0.04688951917827399,682,"No, the jury didn't buy the greasy shampoo story -- Rapunzel got twenty years!"
2802,2528,0,13,70,83,1.1566265060240963,0.04013614690312244,682,"Stop your babbling and come on up! We'll get to heaven in no time.""
""¿Qué?"
2805,2528,1,11,71,83,1.1566265060240963,0.04364365530634865,682,"humans only changed their clothes and made their buildings taller, but in terms of thoughts and predators, did not differ from the cavemen"
2830,2528,3,7,73,83,1.1566265060240963,0.04992479713569274,682,Welcome to our sand condo!
2856,2528,1,11,71,83,1.1566265060240963,0.04364365530634865,682,The whole damn place was made with nothing but sand and Elmers glue.”
3045,2528,2,9,72,83,1.1566265060240963,0.04688951917827399,682,We missed you so much since moved to the City!
2866,2528,1,11,71,83,1.1566265060240963,0.04364365530634865,682,"Fun couple?  They look just like us and, even though we've risen to the top, we're definitely not what I would call ""fun!"
2909,2528,2,9,72,83,1.1566265060240963,0.04688951917827399,682,Let's meet half way up for preprandials.
2927,2528,2,9,72,83,1.1566265060240963,0.04688951917827399,682,"Look, Warren, they got the pentcave."
2950,2528,2,9,72,83,1.1566265060240963,0.04688951917827399,682,"Wow, the Jefferson's are moving on up!"
2971,2528,1,11,71,83,1.1566265060240963,0.04364365530634865,682,As if they can afford the penthouse.
2976,2528,1,11,71,83,1.1566265060240963,0.04364365530634865,682,”You remember Estelle. She’s in my message-in-a-bottle club.
2980,2528,2,9,72,83,1.1566265060240963,0.04688951917827399,682,Okay... but the top 20% of what exactly?
2897,2528,0,13,70,83,1.1566265060240963,0.04013614690312244,682,What's a walk-up?
1768,2528,1,11,71,83,1.1566265060240963,0.04364365530634865,682,How's the climate up there?
361,2528,0,13,70,83,1.1566265060240963,0.04013614690312244,682,"Year 2050, back to the condo caves"
1744,2528,1,11,71,83,1.1566265060240963,0.04364365530634865,682,They call it a fifth-floor crawl-up.
507,2528,0,13,70,83,1.1566265060240963,0.04013614690312244,682,"Don't forget, Wheel or No Wheel at our place this week!"
508,2528,3,7,73,83,1.1566265060240963,0.04992479713569274,682,"Take the elevator, 
the stairs are being painted."
518,2528,1,11,71,83,1.1566265060240963,0.04364365530634865,682,Looks like you are moving on up to the East Rock Side.
529,2528,0,13,70,83,1.1566265060240963,0.04013614690312244,682,Tit for Tat?
540,2528,3,7,73,83,1.1566265060240963,0.04992479713569274,682,We'll visit right after Sid invents the elevator.
1760,2528,1,11,71,83,1.1566265060240963,0.04364365530634865,682,"Ugh, a fifth boulder walk up."
500,2528,0,13,70,83,1.1566265060240963,0.04013614690312244,682,Thank goodness we haven't invented stairs yet.
577,2528,0,13,70,83,1.1566265060240963,0.04013614690312244,682,She is told me that the elevator was broken but four flights of stairs??
600,2528,2,9,72,83,1.1566265060240963,0.04688951917827399,682,We invited them over for dinner and they can’t even put on clean leopard skins?!?
624,2528,2,9,72,83,1.1566265060240963,0.04688951917827399,682,Did you invite Jim and Sandy? There such Neanderthals that's all.
648,2528,1,11,71,83,1.1566265060240963,0.04364365530634865,682,Betty..  Barney... it's Me!  Wilma Trump!
662,2528,0,13,70,83,1.1566265060240963,0.04013614690312244,682,Sarah and Brad are doing well for themselves
698,2528,4,5,74,83,1.1566265060240963,0.0527858288682713,682,"Oh, look...it's the inventors of fire escapes."
716,2528,0,13,70,83,1.1566265060240963,0.04013614690312244,682,What a great pre-Oligocene war apartment!
590,2528,2,9,72,83,1.1566265060240963,0.04688951917827399,682,You can leave your keys in the bowl on the first floor.
729,2528,0,13,70,83,1.1566265060240963,0.04013614690312244,682,"Hey Susan, be a dear and grab the charcuterie board in the kitchen on your way up."
490,2528,0,13,70,83,1.1566265060240963,0.04013614690312244,682,They moved into a Condom so they won't have anymore children.
413,2528,3,7,73,83,1.1566265060240963,0.04992479713569274,682,Oh dear God they're on the fourth floor. I wish someone would invent the elevator.
14,2528,1,11,71,83,1.1566265060240963,0.04364365530634865,682,"They wanted something Brontosaurus-friendly 
but what sealed the deal was parking for a dino pooper-scooper."
55,2528,1,11,71,83,1.1566265060240963,0.04364365530634865,682,This is what they meant by living in the high rent district.
60,2528,2,9,72,83,1.1566265060240963,0.04688951917827399,682,"Boy, looks like the Orgs are really moving up in the clan."
104,2528,1,11,71,83,1.1566265060240963,0.04364365530634865,682,No matter how low we fill we can go high.
127,2528,3,7,73,83,1.1566265060240963,0.04992479713569274,682,Wow! You guys! Penthouse! Congrats
128,2528,2,9,72,83,1.1566265060240963,0.04688951917827399,682,"‘Yea, I shaved too!’"
437,2528,3,7,73,83,1.1566265060240963,0.04992479713569274,682,"Hi, sorry our Tri""stair""atop just went extinct!"
130,2528,3,7,73,83,1.1566265060240963,0.04992479713569274,682,Heil!
228,2528,1,11,71,83,1.1566265060240963,0.04364365530634865,682,Our brontosaurus elevator is out of service. You'll have to take the stairs. Sorry about that!
242,2528,3,7,73,83,1.1566265060240963,0.04992479713569274,682,Love what you've done with your cave!
311,2528,1,11,71,83,1.1566265060240963,0.04364365530634865,682,"Don't get too close, Dick likes to drop spit bombs."
340,2528,0,13,70,83,1.1566265060240963,0.04013614690312244,682,I never understood the point of a fifth floor walkup.
386,2528,0,13,70,83,1.1566265060240963,0.04013614690312244,682,Hey! Romeo and Juliette. You two two look suspiciously happy. I hope the only thing you’ doing up there is dinosaur watching?
387,2528,3,7,73,83,1.1566265060240963,0.04992479713569274,682,He's done well with that insurance gig!
206,2528,0,13,70,83,1.1566265060240963,0.04013614690312244,682,Does your elevator have a code?
772,2528,3,7,73,83,1.1566265060240963,0.04992479713569274,682,You can feed your fur baby better from your new apartment!
569,2528,3,7,73,83,1.1566265060240963,0.04992479713569274,682,House-sitting for Oprah?
777,2528,2,9,72,83,1.1566265060240963,0.04688951917827399,682,Greetings from the tenth floor of  Trock Tower!
1243,2528,4,5,74,83,1.1566265060240963,0.0527858288682713,682,"C'mon up but take the stairs, the elevator is broken."
1259,2528,1,11,71,83,1.1566265060240963,0.04364365530634865,682,You’re not late I just put the brontosaurus roast on the fire
1341,2528,1,11,71,83,1.1566265060240963,0.04364365530634865,682,Welcome to Stonegate.  Can you throw us a rope?
1374,2528,2,9,72,83,1.1566265060240963,0.04688951917827399,682,Damn! I bet you could hock a MAJOR loogie from up there!
1379,2528,0,13,70,83,1.1566265060240963,0.04013614690312244,682,WHEN DID YOU MOVE UPTOWN?
1407,2528,1,11,71,83,1.1566265060240963,0.04364365530634865,682,"We forgot the stairs. In fact, we forgot what they look like."
1221,2528,0,13,70,83,1.1566265060240963,0.04013614690312244,682,come on up. we're giving free haircuts.
1411,2528,1,11,71,83,1.1566265060240963,0.04364365530634865,682,"After Trump's presidency, this is the new Trump Tower.
It's all he's left us."
773,2528,2,9,72,83,1.1566265060240963,0.04688951917827399,682,I heard Ned Rockwell made a killing when he took fire public.
1582,2528,0,13,70,83,1.1566265060240963,0.04013614690312244,682,You'll have to climb up. The elevator hasn't been invented yet...
1606,2528,2,9,72,83,1.1566265060240963,0.04688951917827399,682,"Yes, Thelma. The maintenance is high. But the view is awesome."
1627,2528,2,9,72,83,1.1566265060240963,0.04688951917827399,682,"I knew they are our friends, but I really hope they don't move into the building."
1630,2528,0,13,70,83,1.1566265060240963,0.04013614690312244,682,Congrats on getting the penthouse!
1723,2528,1,11,71,83,1.1566265060240963,0.04364365530634865,682,"Hi Judy, can’t wait to see the new digs. Wait til you see the new “fake” Ukrainian hieroglyphs we brought about that orange T-Rex."
1463,2528,2,9,72,83,1.1566265060240963,0.04688951917827399,682,So jealous of those two.  You won't find a more vintage walk-up.
1220,2528,1,11,71,83,1.1566265060240963,0.04364365530634865,682,I can hit you with a rock from up here.
1537,2528,1,11,71,83,1.1566265060240963,0.04364365530634865,682,The Mesopotamia view is worth it
1159,2528,2,9,72,83,1.1566265060240963,0.04688951917827399,682,"Hi, just in time for live squirrel"
1185,2528,1,11,71,83,1.1566265060240963,0.04364365530634865,682,"They had to show off their brand new penthouse!  Oh, and I heard they have a fancy TV imported from Japan."
786,2528,2,9,72,83,1.1566265060240963,0.04688951917827399,682,Hi! We're up here.
815,2528,3,7,73,83,1.1566265060240963,0.04992479713569274,682,Welcome to the Big Lemon!
918,2528,1,11,71,83,1.1566265060240963,0.04364365530634865,682,"What the heck !', quit throwing rocks."
937,2528,2,9,72,83,1.1566265060240963,0.04688951917827399,682,Where'd you park?
966,2528,2,9,72,83,1.1566265060240963,0.04688951917827399,682,Do we have to go in the tower? All they do is babble.
971,2528,2,9,72,83,1.1566265060240963,0.04688951917827399,682,"It has fantastic sight lines - for T-Rexes looking for food, that is."
841,2528,0,13,70,83,1.1566265060240963,0.04013614690312244,682,Mammoth is on the luau menu.
998,2528,1,11,71,83,1.1566265060240963,0.04364365530634865,682,So that's what a penthouse apartment is.
1043,2528,1,11,71,83,1.1566265060240963,0.04364365530634865,682,I see the elevator is working. When will the house be completed?
1053,2528,1,11,71,83,1.1566265060240963,0.04364365530634865,682,"Hey, it is not leaning, but, then again, this is not even Pisa."
1088,2528,1,11,71,83,1.1566265060240963,0.04364365530634865,682,wow...that DIYS termite mound remodel kit really worked!
1089,2528,1,11,71,83,1.1566265060240963,0.04364365530634865,682,It's a rockin party up here!
984,2528,2,9,72,83,1.1566265060240963,0.04688951917827399,682,C'mon up. You'll have to get up here as best as you can. The lift left. HA!
1093,2528,0,13,70,83,1.1566265060240963,0.04013614690312244,682,And don't forget the two egg rolls with extra mustard sauce!
2816,2669,2,9,73,84,1.1547619047619047,0.0463654557243119,682,We could see you for miles off.   At the elevator hit number 4.
2704,2669,0,13,71,84,1.1547619047619047,0.03969926975692874,682,"You're a great boyfriend, Gerald, but my sister always outdoes me."""
2653,2669,0,13,71,84,1.1547619047619047,0.03969926975692874,682,We closed on the penthouse!  Come up and see the view!
2592,2669,2,9,73,84,1.1547619047619047,0.0463654557243119,682,I think that's Peter in the window.
2405,2669,1,11,72,84,1.1547619047619047,0.04316125289977414,682,Call a pterodactyl. We haven't invented stairs yet.
2360,2669,2,9,73,84,1.1547619047619047,0.0463654557243119,682,"Not Flintstone, We're The Jetsons Now!"
2334,2669,1,11,72,84,1.1547619047619047,0.04316125289977414,682,It's called  the Trump Tower.
2855,2669,2,9,73,84,1.1547619047619047,0.0463654557243119,682,"Oh look, it's Trump Flintstone's tower, and they forgot to build stairs.
Should we help them down?
No, it's their problem if they built it too HUGE!"
2469,2669,2,9,73,84,1.1547619047619047,0.0463654557243119,682,Darwin Inn: Walk-in Interview for Barbers is on.
2861,2669,3,7,74,84,1.1547619047619047,0.04936210304644639,682,"I'm going to wait a few thousand years so I can legally buy an assault rifle and shoot Robert in his stupid fucking 4th floor, caveman head; I hate that piece of shit that scoundrel; I bet he's saying ""look honey, from here they're like ants"""
3254,2669,0,13,71,84,1.1547619047619047,0.03969926975692874,682,Bad design is homophobic
2921,2669,2,9,73,84,1.1547619047619047,0.0463654557243119,682,Darn it. I can’t believe it’s a fourth floor walk up...
2925,2669,0,13,71,84,1.1547619047619047,0.03969926975692874,682,You didn't tell us you live in the penthouse!
3088,2669,3,7,74,84,1.1547619047619047,0.04936210304644639,682,Sheila! I found another one!
3111,2669,2,9,73,84,1.1547619047619047,0.0463654557243119,682,These pre-fire buildings have great bones.
3112,2669,1,11,72,84,1.1547619047619047,0.04316125289977414,682,Too-da-loo! We'll be down when Harry invents stairs!
3190,2669,0,13,71,84,1.1547619047619047,0.03969926975692874,682,Our caveman Larry will buzz you up.
3358,2669,1,11,72,84,1.1547619047619047,0.04316125289977414,682,"As soon as stairs are invented, we will be right up!"
3481,2669,1,11,72,84,1.1547619047619047,0.04316125289977414,682,"Sure it's nice, but would it kill them to invent stairs too?"""
3495,2669,0,13,71,84,1.1547619047619047,0.03969926975692874,682,We call it a pentrock
2864,2669,1,11,72,84,1.1547619047619047,0.04316125289977414,682,"'Ugh it's the Smiths again, they do think so highly of themselves'"
2085,2669,2,9,73,84,1.1547619047619047,0.0463654557243119,682,"Darling can you imagine us on that window!
Yeah! Look at us down there.. we look so small from here!"
2183,2669,2,9,73,84,1.1547619047619047,0.0463654557243119,682,There’s a basic fire and an industrial fire for catering.
1798,2669,1,11,72,84,1.1547619047619047,0.04316125289977414,682,I can’t believe they bartered that much for a fourth floor walk-up.
1935,2669,3,7,74,84,1.1547619047619047,0.04936210304644639,682,"Mummy,Daddy.  It's OK. No more bad hair days."
470,2669,2,9,73,84,1.1547619047619047,0.0463654557243119,682,We'll visit once they invent the elevator.
550,2669,1,11,72,84,1.1547619047619047,0.04316125289977414,682,"I'll ask Ladder to invent something to get you down."""
942,2669,1,11,72,84,1.1547619047619047,0.04316125289977414,682,"I told you, you couldn’t miss, us—we stand out like a sore thumb"
1033,2669,1,11,72,84,1.1547619047619047,0.04316125289977414,682,"You'll have to walk up, the elevator has not yet been invented."
1047,2669,1,11,72,84,1.1547619047619047,0.04316125289977414,682,"Come on in, it’s a walk up!"
1154,2669,1,11,72,84,1.1547619047619047,0.04316125289977414,682,We just got 5G!
1199,2669,1,11,72,84,1.1547619047619047,0.04316125289977414,682,Does you cave have a private bathroom?
1280,2669,0,13,71,84,1.1547619047619047,0.03969926975692874,682,"See you in a few, we just have to invent a ladder"
1281,2669,1,11,72,84,1.1547619047619047,0.04316125289977414,682,You'll have to take the stairs!
474,2669,0,13,71,84,1.1547619047619047,0.03969926975692874,682,I think we just started the world's newest profession
1389,2669,1,11,72,84,1.1547619047619047,0.04316125289977414,682,The Slate's termite mound has that prehistoric feel but with modern Stone Age flair.
1476,2669,0,13,71,84,1.1547619047619047,0.03969926975692874,682,"Look, it's the Otis's; they love their walk-up, but Elisha says he's got an idea how to get up and down faster."
1487,2669,0,13,71,84,1.1547619047619047,0.03969926975692874,682,"Wow, the bought the pent-cave"
1500,2669,2,9,73,84,1.1547619047619047,0.0463654557243119,682,"Oh, they’re high!"
1576,2669,2,9,73,84,1.1547619047619047,0.0463654557243119,682,We're movin' on up .... to the East Side.....
1591,2669,1,11,72,84,1.1547619047619047,0.04316125289977414,682,Wow. We haven’t see you two in a Pleistocene age!
1626,2669,1,11,72,84,1.1547619047619047,0.04316125289977414,682,Did they invent elevators yet?
1636,2669,1,11,72,84,1.1547619047619047,0.04316125289977414,682,You'll have to come up by catapult. The elevator's not been invented yet.
1660,2669,1,11,72,84,1.1547619047619047,0.04316125289977414,682,"You're really tall in that castle made of sand. It should be called Castle Sand. No, the Sandcastle!"
1362,2669,1,11,72,84,1.1547619047619047,0.04316125289977414,682,What can I say... We just keep growing
3048,2714,2,9,74,85,1.1529411764705881,0.04585289580871799,682,"Howdy there, we're 'living the age'!"
2491,2714,1,11,73,85,1.1529411764705881,0.04268929619034754,682,"Here, start the pizza, it’ll take us awhile to rappel up!"
2819,2714,2,9,74,85,1.1529411764705881,0.04585289580871799,682,"Very nice, but what rooftops are they they going to escape over?"
241,2714,0,13,72,85,1.1529411764705881,0.03927166872453084,682,It'll be prime real estate in a dozen millennia or so.
280,2714,1,11,73,85,1.1529411764705881,0.04268929619034754,682,"Mark's new man cave?  We need an explanation, Mark."
2531,2719,2,8,70,80,1.15,0.047400795805956415,682,See you next week at the Desert Inn dinner.
3509,2719,1,10,69,80,1.15,0.04393608706786989,682,I wonder how They can afford the PentCave
3422,2719,2,8,70,80,1.15,0.047400795805956415,682,"Look, Harold! Gneiss with a view!"
3396,2719,1,10,69,80,1.15,0.04393608706786989,682,"we have to go, mom: we cannot stand father hiding you and inventing weird stories about how we were born... but don't worry: to keep up appearances we'll tell everyone a snake convinced us. We love you both!"
3323,2719,1,10,69,80,1.15,0.04393608706786989,682,We'll meet you at the fire exit.
2961,2719,1,10,69,80,1.15,0.04393608706786989,682,"We're happy to  be visiting you, please throw down your backdoor key."
2904,2719,0,12,68,80,1.15,0.04017367360141355,682,You invented 'stairs?'
2852,2719,1,10,69,80,1.15,0.04393608706786989,682,Typical Lonely Planet tourists?
2808,2719,2,8,70,80,1.15,0.047400795805956415,682,Come on up!.. we're in the Penthouse.. I'll buzz you in.
2741,2719,1,10,69,80,1.15,0.04393608706786989,682,We can see Mitch McConnel from here!
2685,2719,1,10,69,80,1.15,0.04393608706786989,682,I actually hate to recognize the Jones’ assent to success - can we keep up?
2366,2719,1,10,69,80,1.15,0.04393608706786989,682,You guys did sure did well out of the wheel!
94,2719,3,6,71,80,1.15,0.05062895554167108,682,I heard they invented something called 'hocking a loogie'.
1933,2719,0,12,68,80,1.15,0.04017367360141355,682,"We'd have you come up, but we haven't invented stairs yet."
41,2719,1,10,69,80,1.15,0.04393608706786989,682,They have a great view  but we also like the other floors1
459,2719,0,12,68,80,1.15,0.04017367360141355,682,See you at the Tide Pool.
2189,2719,0,12,68,80,1.15,0.04017367360141355,682,Wow....the penthouse suite!
761,2719,1,10,69,80,1.15,0.04393608706786989,682,"Don’t cry because it’s over, smile because it happened."
1248,2719,2,8,70,80,1.15,0.047400795805956415,682,I found this one waiting for Godot!
519,2719,2,8,70,80,1.15,0.047400795805956415,682,"They work for someone called ""Trump""."
1717,2719,0,12,68,80,1.15,0.04017367360141355,682,Hi Kate. Is the elevator fixed?
1796,2719,0,12,68,80,1.15,0.04017367360141355,682,"What's does ""FOUR STORY WALK-UP"" mean?"
1843,2719,1,10,69,80,1.15,0.04393608706786989,682,So glad we could finally come visit you at your downtown condo!
1868,2719,0,12,68,80,1.15,0.04017367360141355,682,Bridge or poker?
1592,2719,1,10,69,80,1.15,0.04393608706786989,682,Top of the Rock?  You bet I'm envious.
1338,2744,1,11,75,87,1.1494252873563218,0.04177540678018991,682,I'll throw down the keys if you will give me the word of the day.
2492,2744,1,11,75,87,1.1494252873563218,0.04177540678018991,682,"Let's see,we have fire,the wheel... now maybe someone can work on inventing the elevator?"
3356,2746,2,8,71,81,1.1481481481481481,0.046848557928420444,682,"We'll visit you after the discovery of elevators."""
3568,2746,2,8,71,81,1.1481481481481481,0.046848557928420444,682,Fred says that arm is longer than yours.
3564,2746,2,8,71,81,1.1481481481481481,0.046848557928420444,682,"Great views, yes, but we prefer to have our own yard—and I hear the Tower’s common charges are sky-high."
2559,2746,2,8,71,81,1.1481481481481481,0.046848557928420444,682,"The Big Boy from above built this?"""
561,2746,2,8,71,81,1.1481481481481481,0.046848557928420444,682,We’ll come back after the elevator gets invented.
1732,2746,1,10,70,81,1.1481481481481481,0.043429775553920656,682,Take the stairs the elevator is out.
1923,2746,2,8,71,81,1.1481481481481481,0.046848557928420444,682,"Oh hey, Bonnie! I see the fire business is treating you both well!"
297,2746,2,8,71,81,1.1481481481481481,0.046848557928420444,682,get down there or else we will make it rain.
3140,2754,1,10,71,82,1.146341463414634,0.0429349038421541,682,Is this an Airbnb?
3222,2755,2,8,73,83,1.144578313253012,0.04578158588104719,682,Me like your building!
3471,2756,2,7,68,77,1.1428571428571428,0.04790300390810151,682,Look Tim....that's our future!
2576,2756,3,5,69,77,1.1428571428571428,0.05134648267484176,682,Fourth-floor rock up.
2116,2756,1,9,67,77,1.1428571428571428,0.04419201606355329,682,"No worries, they're Neanderthals. They'll be extinct before they get to the top of the stairs."
2958,2756,3,5,69,77,1.1428571428571428,0.05134648267484176,682,Can't you just see us living  in this sandcastle!
1141,2756,0,11,66,77,1.1428571428571428,0.04013939192492975,682,"Babe, we already agreed to spend our money on traveling."
711,2756,1,9,67,77,1.1428571428571428,0.04419201606355329,682,Did you finish your escalator?
1439,2756,1,9,67,77,1.1428571428571428,0.04419201606355329,682,"Their legs are long, and invisible."
187,2763,1,9,68,78,1.141025641025641,0.04366020435906115,682,They've been real uppity since they got that new cave drawing.
3084,2763,1,9,68,78,1.141025641025641,0.04366020435906115,682,"Alas, the cave-to-condo craze falters when stairs aren't included in 4th floor climb-ups."
2105,2765,2,6,66,74,1.135135135135135,0.04838879136051528,682,We invented something we call stairs.
2322,2765,2,6,66,74,1.135135135135135,0.04838879136051528,682,"Hi, I can't believe it, I can see my old house."
2163,2765,0,10,64,74,1.135135135135135,0.040012605956627305,682,"The elevator won’t be available for about 10,000 years."
2353,2765,1,8,65,74,1.135135135135135,0.044398669826762854,682,"Things are looking up. The last tenants were Troglodytes."""
2134,2765,0,10,64,74,1.135135135135135,0.040012605956627305,682,Just in time to watch a school of dinosaurs mating from here.
2132,2765,0,10,64,74,1.135135135135135,0.040012605956627305,682,We'll join you as soon as the next Brontosaurus arrives!
2025,2765,2,6,66,74,1.135135135135135,0.04838879136051528,682,I love what you’ve done to the man cave!
1867,2765,1,8,65,74,1.135135135135135,0.044398669826762854,682,"I know it's a climb-up, but the view is fantastic!"
2001,2765,0,10,64,74,1.135135135135135,0.040012605956627305,682,"Oh, look. It's the Joneses. Now, we can look down on them!"
1987,2765,1,8,65,74,1.135135135135135,0.044398669826762854,682,Is the elevator front or back?
1954,2765,2,6,66,74,1.135135135135135,0.04838879136051528,682,"AH, they're so lucky!  They managed to snag a place in the last mud brick skyscraper in Yemen.  And on the top floor, no less!"
1945,2765,1,8,65,74,1.135135135135135,0.044398669826762854,682,"Come on up! You’ll have to take the stairs, but the super says the elevator will be fixed by the end of the month."
1930,2765,2,6,66,74,1.135135135135135,0.04838879136051528,682,How could they afford a penthouse?
2451,2765,1,8,65,74,1.135135135135135,0.044398669826762854,682,"If the dogs don't pee on the corner, they're fine."
1856,2765,1,8,65,74,1.135135135135135,0.044398669826762854,682,It’s so hard to find a nice cave these days.
1783,2765,1,8,65,74,1.135135135135135,0.044398669826762854,682,Otis Says to take the elevator to our penned-house!
2024,2765,2,6,66,74,1.135135135135135,0.04838879136051528,682,You didn't tell me you knew Melania.
2523,2765,1,8,65,74,1.135135135135135,0.044398669826762854,682,Please throw your hair Rapunzel!
2917,2765,1,8,65,74,1.135135135135135,0.044398669826762854,682,You can meet the nicest people in the strangest places.
2677,2765,3,4,67,74,1.135135135135135,0.05207406625449038,682,We’re only waving because you saw us.
1731,2765,1,8,65,74,1.135135135135135,0.044398669826762854,682,"You were right Sally....selling the real estate office in Upper Manhattan was the best decision I ever made!"".."
3534,2765,1,8,65,74,1.135135135135135,0.044398669826762854,682,It's our paradise penthouse!
3507,2765,1,8,65,74,1.135135135135135,0.044398669826762854,682,"Yeah, but ""real"" New Yorkers could never afford to live there."
3364,2765,0,10,64,74,1.135135135135135,0.040012605956627305,682,"Wow, the scorched earth reno certainly makes the place stand out."
3308,2765,0,10,64,74,1.135135135135135,0.040012605956627305,682,Glass half full up there?
3286,2765,2,6,66,74,1.135135135135135,0.04838879136051528,682,"Look honey, it’s the Joneses...up in the penthouse suite."
3166,2765,2,6,66,74,1.135135135135135,0.04838879136051528,682,"Thanks again for bringing us the rope,guys. Now we can get a haircut,too."
3056,2765,1,8,65,74,1.135135135135135,0.044398669826762854,682,Sorry ! It should be fixed in a couple of days.
3002,2765,0,10,64,74,1.135135135135135,0.040012605956627305,682,"Yes, a bit pricey for 500 shells, but we love the unobstructed view."
2956,2765,1,8,65,74,1.135135135135135,0.044398669826762854,682,"Hey, girl, catapult up here and we'll break the rock ceiling!"
2951,2765,2,6,66,74,1.135135135135135,0.04838879136051528,682,"Well, since you asked, number one, is up to  code?"
2931,2765,1,8,65,74,1.135135135135135,0.044398669826762854,682,Where is your lift giraffe?
2922,2765,1,8,65,74,1.135135135135135,0.044398669826762854,682,Mother and her three cats are coming to live with you.
2879,2765,1,8,65,74,1.135135135135135,0.044398669826762854,682,"Melania, I love what you’ve done with the place!"
2848,2765,1,8,65,74,1.135135135135135,0.044398669826762854,682,"Rapunzel, love your new haircut. When can we come up and see it?"
2835,2765,1,8,65,74,1.135135135135135,0.044398669826762854,682,"We’ll be up in about 2500 years, as soon as somebody invents the elevator.”"
2713,2765,1,8,65,74,1.135135135135135,0.044398669826762854,682,These redwood trunk apartments are such an improvement over the old one-story rock caves.
2620,2765,1,8,65,74,1.135135135135135,0.044398669826762854,682,Its a nice place. I can't wait until they invent sub-letting.
1684,2765,0,10,64,74,1.135135135135135,0.040012605956627305,682,"Hi, welcome to the West Side"
1204,2765,0,10,64,74,1.135135135135135,0.040012605956627305,682,"[Smile -- but if they lower a rope,tell them we're late for Barney & Betty's Saber Tooth Tiger yoga.]"
1508,2765,1,8,65,74,1.135135135135135,0.044398669826762854,682,"Oh my God, Honey! It's our doubles!"
663,2765,0,10,64,74,1.135135135135135,0.040012605956627305,682,"Ladies and gentlemen, I introduce the world's first hotel."
513,2765,0,10,64,74,1.135135135135135,0.040012605956627305,682,"Daphne, my god, you landed the walk-up!"
461,2765,0,10,64,74,1.135135135135135,0.040012605956627305,682,Is it pre-war?
460,2765,0,10,64,74,1.135135135135135,0.040012605956627305,682,You should have a great view of the meteor tonight!
440,2765,0,10,64,74,1.135135135135135,0.040012605956627305,682,Hey Girl!  You're really rocking it up there.
435,2765,0,10,64,74,1.135135135135135,0.040012605956627305,682,N’Guk expresses his dismay at the gentrification of his neighborhood causing “sky-rocking” rent.
425,2765,1,8,65,74,1.135135135135135,0.044398669826762854,682,"I'll have my dinosaur pick you up, ok?"
720,2765,2,6,66,74,1.135135135135135,0.04838879136051528,682,She says the northeast light is fantastic for his parietal art.
366,2765,0,10,64,74,1.135135135135135,0.040012605956627305,682,"You said penthouse, not four story climb-up."
349,2765,0,10,64,74,1.135135135135135,0.040012605956627305,682,I hear the penthouse was done in the pre-history style.
327,2765,2,6,66,74,1.135135135135135,0.04838879136051528,682,She's much more sociable since she cut her hair.
244,2765,1,8,65,74,1.135135135135135,0.044398669826762854,682,"Ugh, we could never live in a five story walkup."
111,2765,2,6,66,74,1.135135135135135,0.04838879136051528,682,"Hey, it's the Jeffersons!"
54,2765,0,10,64,74,1.135135135135135,0.040012605956627305,682,"It's the high life Amanda, who needs rent control?"
5,2765,0,10,64,74,1.135135135135135,0.040012605956627305,682,"Really, all of our plastic refuse finds re-use when microscopic people populate it."
1535,2765,2,6,66,74,1.135135135135135,0.04838879136051528,682,Your wooly giraffe paintings are fabulous!
359,2765,1,8,65,74,1.135135135135135,0.044398669826762854,682,She has always had a thing for big digs!
765,2765,1,8,65,74,1.135135135135135,0.044398669826762854,682,"Make sure you guys watch out for those pterodactyls, they're a real issue!"
640,2765,1,8,65,74,1.135135135135135,0.044398669826762854,682,Come join us...up here the motel is brachiosaurus-friendly!
861,2765,1,8,65,74,1.135135135135135,0.044398669826762854,682,Come on up - the view is terrific from up here.
1505,2765,0,10,64,74,1.135135135135135,0.040012605956627305,682,Take the stairs. The elevator is broken.
1490,2765,0,10,64,74,1.135135135135135,0.040012605956627305,682,I can't go back to the cave now !
1454,2765,1,8,65,74,1.135135135135135,0.044398669826762854,682,"Hey, Jimmy Kimmel's in Brooklyn!
He'll be funnier when he gets back to Hollywood."
1442,2765,0,10,64,74,1.135135135135135,0.040012605956627305,682,"We'll come visit as soon as the brontosaurus gets back!"""
1413,2765,3,4,67,74,1.135135135135135,0.05207406625449038,682,So any plumbing problems yet?
828,2765,2,6,66,74,1.135135135135135,0.04838879136051528,682,I like your high tide penthouse.
1367,2765,1,8,65,74,1.135135135135135,0.044398669826762854,682,"You got a pulley and a rope?
Don Dechman, Austin, T"
1324,2765,0,10,64,74,1.135135135135135,0.040012605956627305,682,"If we make waves, then we can list it as an oceanfront property."
1303,2765,1,8,65,74,1.135135135135135,0.044398669826762854,682,Didn’t think the other swingers would live in the penthouse
1403,2765,1,8,65,74,1.135135135135135,0.044398669826762854,682,We’ve almost invented a ladder!
1148,2765,1,8,65,74,1.135135135135135,0.044398669826762854,682,"Sorry, we don’t have an intercom."
1142,2765,2,6,66,74,1.135135135135135,0.04838879136051528,682,It's their Cro-Magnon opus.
1068,2765,1,8,65,74,1.135135135135135,0.044398669826762854,682,Stan and Janet recognized Fred and Meg from their pictures on Facebook.
988,2765,0,10,64,74,1.135135135135135,0.040012605956627305,682,". . . ""Have your escalator installed yet?"""
941,2765,3,4,67,74,1.135135135135135,0.05207406625449038,682,Hi! Climb on up!
894,2765,1,8,65,74,1.135135135135135,0.044398669826762854,682,Hi Rockpunzel.
1291,2765,1,8,65,74,1.135135135135135,0.044398669826762854,682,Welcome to ‘Impeachment Inquiry Escape Month’ at the Ivory Tower.
3561,2843,1,8,66,75,1.1333333333333333,0.043839729948095284,682,"Hey, it looks like you got the elevator working again!"
2275,2843,0,10,65,75,1.1333333333333333,0.039516598557587955,682,It's a pre-the concept of war!
3404,2843,1,8,66,75,1.1333333333333333,0.043839729948095284,682,This urban caveman trend is getting ricidulous!
2918,2843,2,6,67,75,1.1333333333333333,0.047773238138965245,682,Good to finally see you on the East Side!
2842,2843,1,8,66,75,1.1333333333333333,0.043839729948095284,682,They're faking it. No one invented stairs yet.
2481,2843,3,4,68,75,1.1333333333333333,0.051406640063737324,682,"Hi, climb on up! Sorry, but we're on a very long & slow waiting list for an elevator."
2349,2843,0,10,65,75,1.1333333333333333,0.039516598557587955,682,Wow.  A fourth floor walk-up.  It doesn’t get any better than that.
2303,2843,0,10,65,75,1.1333333333333333,0.039516598557587955,682,The Joneses — we just moved in to the 3rd floor.”
1914,2843,2,6,67,75,1.1333333333333333,0.047773238138965245,682,"It's all that Bronze money,www.newyorker.com/cartoons/contest#thisweek%22%2C%22x%22:399%2C%22y%22:1237%2C%22xpath%2"
847,2843,1,8,66,75,1.1333333333333333,0.043839729948095284,682,"Everything looks smaller from five stories up."""
1749,2843,0,10,65,75,1.1333333333333333,0.039516598557587955,682,This 'domino' you invented looks _great_.
1359,2843,0,10,65,75,1.1333333333333333,0.039516598557587955,682,Just take the boulders to the left and knock when you see the dino skull!
1294,2843,1,8,66,75,1.1333333333333333,0.043839729948095284,682,"When she said they were the tops in their field,  I didn’t think  she meant this"
1015,2843,1,8,66,75,1.1333333333333333,0.043839729948095284,682,It a lovely little  four story climb up .
707,2843,0,10,65,75,1.1333333333333333,0.039516598557587955,682,Take the stairs! - the lift had just begun his winter sleep
680,2843,0,10,65,75,1.1333333333333333,0.039516598557587955,682,"Ugh, I hope this is not a walk up. . . ."
458,2843,0,10,65,75,1.1333333333333333,0.039516598557587955,682,"Eventually, they're going to wish they invented the elevator instead of ladders."
307,2843,2,6,67,75,1.1333333333333333,0.047773238138965245,682,"How on earth did our cavemen neighbors build this tower?!""

[note: I know it's ambiguous who is saying this, but please give me a chance. I need the prize money to pay off this guy Chris who I owe money. He says he will break my KNEES with a BAT]"
1913,2843,3,4,68,75,1.1333333333333333,0.051406640063737324,682,"Honey, I don't want to go up there. I can't even count the number of floors and I don't think there is an elevator."
2696,2862,2,6,68,76,1.131578947368421,0.04717308652543423,682,It's not incest if you do it with the other person's twin!
1814,2862,0,10,66,76,1.131578947368421,0.03903262361629298,682,It's the Jones's dear. Did you lock the inside door when you came in?
170,2862,0,10,66,76,1.131578947368421,0.03903262361629298,682,We booked the Honeymoon Suite but the Carbon Dating Suite is still vacant!
799,2862,1,8,67,76,1.131578947368421,0.043294605892116034,682,"Really, a walk-up?"
2602,2866,0,9,63,72,1.125,0.039249114101422455,682,The Honeymoon Hideaway is 10 cubits that away.
1974,2866,1,7,64,72,1.125,0.043951442120546434,682,look what you get for finishing first at mammoth hunting !
2070,2866,0,9,63,72,1.125,0.039249114101422455,682,"Hey, Glad to see you!  Take the elevator on the left.
We replaced it from the right one."
2230,2866,1,7,64,72,1.125,0.043951442120546434,682,"Wilma and Fred - Are you enjoying the high life now that we’re on MeTV?”

“Yes, but we had a mixup with the move to the new tower. Pebbles has to repack."
2367,2866,1,7,64,72,1.125,0.043951442120546434,682,We just thought it up.
2420,2866,1,7,64,72,1.125,0.043951442120546434,682,"Look honey,our friend found affordable housing. I told you it was possible"""
1967,2866,1,7,64,72,1.125,0.043951442120546434,682,Why do you always have to make friends with the new neighbors?
2464,2866,2,5,65,72,1.125,0.048197153144195225,682,They were in the Obama administration
2467,2866,2,5,65,72,1.125,0.048197153144195225,682,"Isn't it lovely, Throg?  She runs a startup called ""Fire in a Pit."""
2591,2866,0,9,63,72,1.125,0.039249114101422455,682,"Big deal, the Sobelmans just invented the first multi-unit dwelling--like THAT'S ever going to go anywhere."
2609,2866,0,9,63,72,1.125,0.039249114101422455,682,We got the penthouse! Come on up.
3113,2866,0,9,63,72,1.125,0.039249114101422455,682,"Oh July! I'm very worried about this. Our technology is not ready and, moreover, it is not prepared against earthquakes or collision with airplanes."
2740,2866,0,9,63,72,1.125,0.039249114101422455,682,hey c'mon up we like the way you babble.
2812,2866,1,7,64,72,1.125,0.043951442120546434,682,Nice job -- breaking out of that single level mania.
3062,2866,0,9,63,72,1.125,0.039249114101422455,682,We ditched OUR Ring too! Video doorbells are SO retro-Paleolithic.
3063,2866,1,7,64,72,1.125,0.043951442120546434,682,"Hello Ugs!  Quick, I'll buzz you up!  Theres's been a strange australopithecus guy hanging around the building asking for pelts."
3086,2866,1,7,64,72,1.125,0.043951442120546434,682,"Unfortunately, the elevator’s out for a few million years."
3126,2866,2,5,65,72,1.125,0.048197153144195225,682,"Look, Grog! He wasn't afraid to use that new Vimagma stuff! And all we have is a pool of lava."
3340,2866,0,9,63,72,1.125,0.039249114101422455,682,Come up and check out our new condo-minimum.
3405,2866,1,7,64,72,1.125,0.043951442120546434,682,Pterodactyl!
3438,2866,0,9,63,72,1.125,0.039249114101422455,682,Betty's new husband is an innovative architect.
3450,2866,2,5,65,72,1.125,0.048197153144195225,682,I just love their three wheel garage and his vintage club collection.
1966,2866,1,7,64,72,1.125,0.043951442120546434,682,"Welcome, use the elephant to get up to our apartment."
2702,2866,1,7,64,72,1.125,0.043951442120546434,682,"The Origin of the Family, Private Property and the State"
1917,2866,2,5,65,72,1.125,0.048197153144195225,682,"Honey, why can’t we move to a cave like that?"
3168,2866,1,7,64,72,1.125,0.043951442120546434,682,"It's a new system!  After you climb the boulder, we'll drop the rope."
1839,2866,2,5,65,72,1.125,0.048197153144195225,682,And someday archaeologists will also brag about their impressive digs!
115,2866,2,5,65,72,1.125,0.048197153144195225,682,"Congrats, you rock the penthouse!"
153,2866,0,9,63,72,1.125,0.039249114101422455,682,Jill and Todd are taking sand castles to the next level.
157,2866,0,9,63,72,1.125,0.039249114101422455,682,"The ad said, “4 story walk up, Wooly Mammoth friendly “."
235,2866,1,7,64,72,1.125,0.043951442120546434,682,Agreed--a better builder than he was a president.
1903,2866,1,7,64,72,1.125,0.043951442120546434,682,"Oh c'mon, honey. They are the only ones within a hundred miles to double date with."
243,2866,0,9,63,72,1.125,0.039249114101422455,682,Is the penthouse advisable in a walk-up?
654,2866,0,9,63,72,1.125,0.039249114101422455,682,Moving up in the world. But can you afford the cave art?
714,2866,1,7,64,72,1.125,0.043951442120546434,682,"Look, hon. The Babels are finally home."
749,2866,1,7,64,72,1.125,0.043951442120546434,682,Your penthouse rocks!
795,2866,0,9,63,72,1.125,0.039249114101422455,682,They found it on Stonebnb.
1024,2866,1,7,64,72,1.125,0.043951442120546434,682,"Wilma, Fred, you can't believe this new house!"
1026,2866,1,7,64,72,1.125,0.043951442120546434,682,"come on up
no, you come down"
1016,2866,0,9,63,72,1.125,0.039249114101422455,682,"I know an elevator would have cost more.  We'll do our best, but a 4-storey walk up???"
1106,2866,0,9,63,72,1.125,0.039249114101422455,682,Great deal on our timeshare!
1773,2866,0,9,63,72,1.125,0.039249114101422455,682,"Loana, please don’t invite those cave dwellers up here!"
1712,2866,0,9,63,72,1.125,0.039249114101422455,682,Just toss your keys in the crudely fashioned lithic bowl and come on up!
1512,2866,1,7,64,72,1.125,0.043951442120546434,682,You  two are such a mirrorage.
1071,2866,1,7,64,72,1.125,0.043951442120546434,682,We have a nouveau yet-to-be-named to go with the Archaeopteryx!
1327,2866,1,7,64,72,1.125,0.043951442120546434,682,"Hey, you gotta come up & see what we've found inside! Someone left behind an unusual treasure chest...there's a squid, starfish & sponge. Even a snail's shell. All petrified & life-sized. Who knew this Atoll was going to be such a square deal!”"
1496,2866,0,9,63,72,1.125,0.039249114101422455,682,Is your boyfriend round or square?
1227,2866,0,9,63,72,1.125,0.039249114101422455,682,We can only afford it  because of rent control.
1182,2866,1,7,64,72,1.125,0.043951442120546434,682,"Igor: “if Boris didn’t want to swing with us he could have just said so. Didn’t have to build that horrendous mud castle.”
Lina: “I think Molly’s still into it...wave!”"
1160,2866,1,7,64,72,1.125,0.043951442120546434,682,5-story walk-up. No doorman. Cable/internet not included. Will go fast!
1120,2866,2,5,65,72,1.125,0.048197153144195225,682,"We're in 4B, just beside the Flintstones' unit."
1237,2866,0,9,63,72,1.125,0.039249114101422455,682,World's first condo residents enjoying new-found freedom.
1819,2918,2,5,66,73,1.1232876712328768,0.047563165881277764,682,Come on up. We're cooking  some Wooly Mammoth  stew.
3524,2918,0,9,64,73,1.1232876712328768,0.038745577051317676,682,"I'd heard you live in a high rise sand castle, but I  didn't believe it!"
2834,2918,0,9,64,73,1.1232876712328768,0.038745577051317676,682,"Cool up there""
""Yup, no sign of global warming here!"
2680,2918,0,9,64,73,1.1232876712328768,0.038745577051317676,682,"Wait! We'll throw down the ladder. The grid is off us.
No elevator!"
2600,2918,0,9,64,73,1.1232876712328768,0.038745577051317676,682,Nice new digs! A pack of jackals moved into your old cave.
1813,2918,0,9,64,73,1.1232876712328768,0.038745577051317676,682,Come on up.  The penthouse view is fabulous.
2407,2918,1,7,65,73,1.1232876712328768,0.043378995433789966,682,I just gave my hair to “Locks for Love” so I guess you can’t come up here for a while.
960,2918,0,9,64,73,1.1232876712328768,0.038745577051317676,682,"4 storey walk-up, are you sure?"
868,2918,0,9,64,73,1.1232876712328768,0.038745577051317676,682,Hello neighbor! What rockin' weather we've been having!
1554,2918,1,7,65,73,1.1232876712328768,0.043378995433789966,682,Subtle compensation by Grok!
800,2918,0,9,64,73,1.1232876712328768,0.038745577051317676,682,Nicoooooollleee get in for yisser dinner before yer da bursts ye
673,2918,0,9,64,73,1.1232876712328768,0.038745577051317676,682,Congratulations on your new Pentcave!
492,2918,1,7,65,73,1.1232876712328768,0.043378995433789966,682,They've owned it three years and still haven't built a roofdeck
46,2918,0,9,64,73,1.1232876712328768,0.038745577051317676,682,A cave no more!
1111,2932,0,9,66,75,1.12,0.037776011264121404,682,"Look, it's that nice man with a beard. Wave!"
2051,2932,2,5,68,75,1.12,0.04634379945308485,682,Ooga booga kakana
2577,2932,0,9,66,75,1.12,0.037776011264121404,682,You want to join us for an evening walk nowhere?
2857,2932,0,9,66,75,1.12,0.037776011264121404,682,At the office we called them tree hugers but never discussed moving back into our empty nest.
812,2936,0,9,67,76,1.118421052631579,0.03730907073357324,682,"Step up? Until they invent mod-cons like plumbing, it isn't."
2032,2937,0,8,61,69,1.1159420289855073,0.03882454402978924,682,What?  She couldn’t bring an h’orderve?
2109,2937,1,6,62,69,1.1159420289855073,0.04397274927300527,682,The termites build it for us!   come on up!
2111,2937,0,8,61,69,1.1159420289855073,0.03882454402978924,682,"Oh look, Grog! The ""Rock""efellers built a new center."
2115,2937,1,6,62,69,1.1159420289855073,0.04397274927300527,682,Congrats! Love your Rock Center condo!
2165,2937,1,6,62,69,1.1159420289855073,0.04397274927300527,682,"I have to say our 'Shipwrecked' adventure certainly lives up to the hype; balmy breezes, epic views, plush digs, and the made-to-measure caveman couture is to die for!"
2210,2937,1,6,62,69,1.1159420289855073,0.04397274927300527,682,"It's a walk-up, I know."
2028,2937,1,6,62,69,1.1159420289855073,0.04397274927300527,682,"Honey, are you going to tell them that views are not a thing yet?"
2211,2937,0,8,61,69,1.1159420289855073,0.03882454402978924,682,"I don't want to climb all the way up there. 
Let's just imagine we did."
2228,2937,0,8,61,69,1.1159420289855073,0.03882454402978924,682,I feel like we’re always looking up at the Joneses.
2306,2937,0,8,61,69,1.1159420289855073,0.03882454402978924,682,I’ll club him to death  if he cut off  Rapunzel’s hair.
2316,2937,1,6,62,69,1.1159420289855073,0.04397274927300527,682,We're taking the 5th!
2699,2937,0,8,61,69,1.1159420289855073,0.03882454402978924,682,always have to one-up everyone -- just because you have the sharpest chisel doesn't mean you have to show it off!
2935,2937,1,6,62,69,1.1159420289855073,0.04397274927300527,682,These dinosaur droppings are working out great!
2796,2937,1,6,62,69,1.1159420289855073,0.04397274927300527,682,"Hi there!  What made you decide to go with a mammoth-free dwelling?—I mean, besides mammoths."
2815,2937,1,6,62,69,1.1159420289855073,0.04397274927300527,682,Hi Mary - is the elevator working or do we have to use the ladder?
2868,2937,1,6,62,69,1.1159420289855073,0.04397274927300527,682,It’s our first prototype of a spaceship to the moon!
2905,2937,1,6,62,69,1.1159420289855073,0.04397274927300527,682,"Hey, do you think they-saurus?"
3020,2937,0,8,61,69,1.1159420289855073,0.03882454402978924,682,Fred has been climbing the walls all week.
3185,2937,1,6,62,69,1.1159420289855073,0.04397274927300527,682,"I said hello! Jeez, the echo in even worse than before."
3260,2937,0,8,61,69,1.1159420289855073,0.03882454402978924,682,Come on up. It's easy since I made a rope.
3274,2937,1,6,62,69,1.1159420289855073,0.04397274927300527,682,"Not long, really.  From the babbling stage to the Babeling stage.  Coherence is a short interlude."
3280,2937,0,8,61,69,1.1159420289855073,0.03882454402978924,682,She found a great deal on Sand B&B.
3300,2937,0,8,61,69,1.1159420289855073,0.03882454402978924,682,Welcome to Trump International-Syria.
2013,2937,0,8,61,69,1.1159420289855073,0.03882454402978924,682,"We thought it was a bargain, until we considered the cost of child proofing."
2762,2937,0,8,61,69,1.1159420289855073,0.03882454402978924,682,"A steal, and condo  fees waived for three months."
1951,2937,1,6,62,69,1.1159420289855073,0.04397274927300527,682,Hay!  We want to see your gold plated toilet
2623,2937,0,8,61,69,1.1159420289855073,0.03882454402978924,682,"The views are great, but the schools are atrocious."
1828,2937,0,8,61,69,1.1159420289855073,0.03882454402978924,682,All visitors welcome to climb four flights of stones.
42,2937,0,8,61,69,1.1159420289855073,0.03882454402978924,682,How's the weather up there?
58,2937,1,6,62,69,1.1159420289855073,0.04397274927300527,682,Toodles!
466,2937,0,8,61,69,1.1159420289855073,0.03882454402978924,682,Wow! It's like Tramp Sewers meets Rapsinhell.
543,2937,1,6,62,69,1.1159420289855073,0.04397274927300527,682,Meet us at club level
565,2937,1,6,62,69,1.1159420289855073,0.04397274927300527,682,They call it ‘Tower of Babel.’ We’ll see how long that lasts.”
566,2937,1,6,62,69,1.1159420289855073,0.04397274927300527,682,Actual footage of the last time someone was happy a friend popped over uninvited
605,2937,0,8,61,69,1.1159420289855073,0.03882454402978924,682,Who invited the Gentrys?
692,2937,0,8,61,69,1.1159420289855073,0.03882454402978924,682,Let's meet later at the blood sacrifice.
827,2937,2,4,63,69,1.1159420289855073,0.048578391679141936,682,"Cain, Abel and four flights of stairs; this can only end badly."
900,2937,0,8,61,69,1.1159420289855073,0.03882454402978924,682,I heard that Rapunzel ran away to another cartoon!
901,2937,2,4,63,69,1.1159420289855073,0.048578391679141936,682,"Look! It's Ken and Barbie, living and loving by their own set of rules."
999,2937,1,6,62,69,1.1159420289855073,0.04397274927300527,682,Welcome to The Jurassic Springs Bungalow Park!
783,2937,1,6,62,69,1.1159420289855073,0.04397274927300527,682,"Come on up, and take the stairs! Here, catch my Fitbit, so I can get 4 more flights."
1031,2937,0,8,61,69,1.1159420289855073,0.03882454402978924,682,"We moved up to the penthouse, it’s bear proof."
1667,2937,1,6,62,69,1.1159420289855073,0.04397274927300527,682,Looks like Ughhhhda is moving up. Her last date was such a Neanderthal.
1905,2937,1,6,62,69,1.1159420289855073,0.04397274927300527,682,I told you it was a 5 story 'walk up'.
1491,2937,0,8,61,69,1.1159420289855073,0.03882454402978924,682,"Hey guys, come on up, you can see your cave from here!"
1451,2937,0,8,61,69,1.1159420289855073,0.03882454402978924,682,"Oh my god Tom, those people look exactly like us?!"
1396,2937,0,8,61,69,1.1159420289855073,0.03882454402978924,682,They still insist they can see the curvature of the Earth from up there.
1601,2937,1,6,62,69,1.1159420289855073,0.04397274927300527,682,And perfect for when Climate Change makes the seas rise!
1126,2937,1,6,62,69,1.1159420289855073,0.04397274927300527,682,"Again, global warming is hysteria. Don't invite us back to your house. Oslo is a long drive for us anyway."""
1110,2937,0,8,61,69,1.1159420289855073,0.03882454402978924,682,23andMe says we're 15% Neanderthals.  How about you guys?
1100,2937,1,6,62,69,1.1159420289855073,0.04397274927300527,682,"We’re movin’ on up to the east side, to a deluxe apartment in the sky...."
1038,2937,2,4,63,69,1.1159420289855073,0.048578391679141936,682,Why are they waving at us from inside the toilet?
1336,2937,1,6,62,69,1.1159420289855073,0.04397274927300527,682,We should have submitted our rental application earlier.
3476,2990,2,4,64,70,1.1142857142857143,0.047908025853103935,682,Quid pro quo?
306,2990,2,4,64,70,1.1142857142857143,0.047908025853103935,682,"Here come the Ogs, honey--maybe one of them has invented stairs."
323,2990,0,8,62,70,1.1142857142857143,0.038301717862847806,682,"When you said you bought a Penthouse, I thought you were talking about the magazine."
1123,2990,1,6,63,70,1.1142857142857143,0.0433716527952698,682,"Hi cave dwellers"" /""Oh she has become so smug since she moved uptown"""
1386,2990,1,6,63,70,1.1142857142857143,0.0433716527952698,682,"Just ring the bell, we'll buzz ya in!"
2184,2990,1,6,63,70,1.1142857142857143,0.0433716527952698,682,Hi!  (I heard he made her cut her hair.....)
2768,2990,1,6,63,70,1.1142857142857143,0.0433716527952698,682,That’s not a real cave! That’s not a real view! What phonies!
3235,2990,0,8,62,70,1.1142857142857143,0.038301717862847806,682,They're calling it 'The Neandertall.'
1432,2998,0,8,63,71,1.1126760563380282,0.037792698211264054,682,"You might see a pile of brontosaurus poo, but we saw a penthouse!"
1873,2999,0,7,58,65,1.1076923076923078,0.038748926306942086,682,Dullsville no more!
34,2999,1,5,59,65,1.1076923076923078,0.04452244962611625,682,Did you remember the drumsticks?
2607,3001,0,7,59,66,1.106060606060606,0.038192176787049927,682,"Sorry, the lift is broken. Use the stairs."
2598,3001,0,7,59,66,1.106060606060606,0.038192176787049927,682,We'll visit as soon as the elevator is installed.
2596,3001,0,7,59,66,1.106060606060606,0.038192176787049927,682,"It's a walk-up, but they've got bicycle storage."
2561,3001,0,7,59,66,1.106060606060606,0.038192176787049927,682,Looks like we have the same orthopedic doctor
2536,3001,1,5,60,66,1.106060606060606,0.04387303082685012,682,Too Hoo!  Come on up and see all the rooms in our fabulous McCave!
2519,3001,1,5,60,66,1.106060606060606,0.04387303082685012,682,Come on down! The valet is bringing the wheel around now.
2515,3001,1,5,60,66,1.106060606060606,0.04387303082685012,682,Thanks for moving the boulder
2419,3001,0,7,59,66,1.106060606060606,0.038192176787049927,682,"Hey Karen, this is Bob. He says he can fix your elevator."
2363,3001,1,5,60,66,1.106060606060606,0.04387303082685012,682,"Hi Jane, we'll have you up when the renos are done. Pisano wants to add two more stories before installing the rooftop Jacuzzi."
2338,3001,0,7,59,66,1.106060606060606,0.038192176787049927,682,Come on up.  Elevator guy is off today.
2335,3001,1,5,60,66,1.106060606060606,0.04387303082685012,682,You didn’t say the Rockinghams lived in a 5-story walk-up. I can’t wait til the elevator is invented.
2276,3001,1,5,60,66,1.106060606060606,0.04387303082685012,682,We would join you but I just found out Cedric is frightened of going downnstairs.
2272,3001,1,5,60,66,1.106060606060606,0.04387303082685012,682,Did you remember to bring the stairs?
3538,3001,1,5,60,66,1.106060606060606,0.04387303082685012,682,"Sorry we're late, Barney couldn't find the keys to the wheel so we had to walk."
2197,3001,0,7,59,66,1.106060606060606,0.038192176787049927,682,The nerve. Ever since that writeup in Mud Mansions they're calling it Casa de Cave.
2195,3001,0,7,59,66,1.106060606060606,0.038192176787049927,682,Welcome to our sandcastle
2188,3001,0,7,59,66,1.106060606060606,0.038192176787049927,682,"Hi Callie! Damn, the bitch got the pentcave."
2141,3001,0,7,59,66,1.106060606060606,0.038192176787049927,682,We'd like to invite you up but there are no stairs. We got a lift from our pet pterodactyl.
2114,3001,1,5,60,66,1.106060606060606,0.04387303082685012,682,I'll be impressed when she invents an elevator.
2103,3001,1,5,60,66,1.106060606060606,0.04387303082685012,682,"Honey do you still it spinach or are you
Of it? I was thinking of going of vegetables just for a cleanse!"
2045,3001,0,7,59,66,1.106060606060606,0.038192176787049927,682,"You think they're trying to scrape the clouds out of the sky, Rob?"
2031,3001,0,7,59,66,1.106060606060606,0.038192176787049927,682,".Brunhilda, I'll throw down the hammerhead stone. Let yourself in."
2030,3001,1,5,60,66,1.106060606060606,0.04387303082685012,682,We won't come up. Your elevator isn't working!
2019,3001,0,7,59,66,1.106060606060606,0.038192176787049927,682,We played the reverse discrimination card and got first pick.
1937,3001,1,5,60,66,1.106060606060606,0.04387303082685012,682,It's the new Beach Age!
1915,3001,0,7,59,66,1.106060606060606,0.038192176787049927,682,"It's a new time-share deal. In 3,000 years it'll be beachfront property."
1906,3001,0,7,59,66,1.106060606060606,0.038192176787049927,682,Ooga ooga ack!
2651,3001,1,5,60,66,1.106060606060606,0.04387303082685012,682,"Hi guys, check out our new tsunami-protection house."
2200,3001,1,5,60,66,1.106060606060606,0.04387303082685012,682,"Shoot, do you see the key?  I lost it in the sun."
2678,3001,1,5,60,66,1.106060606060606,0.04387303082685012,682,"Don’t worry, dear. They will back clubbing with us in no time."
2734,3001,1,5,60,66,1.106060606060606,0.04387303082685012,682,Guess What! We've rented the third floor.
3525,3001,0,7,59,66,1.106060606060606,0.038192176787049927,682,We have a strict doors-uninvented policy.
3472,3001,0,7,59,66,1.106060606060606,0.038192176787049927,682,Do you have a vacancy so we can catch the early show at Stonehenge?
3421,3001,0,7,59,66,1.106060606060606,0.038192176787049927,682,I hope they don't invite us up - I hear their elevator's broken.
3417,3001,0,7,59,66,1.106060606060606,0.038192176787049927,682,Welcome to the neighborhood!
3370,3001,1,5,60,66,1.106060606060606,0.04387303082685012,682,"The provenance of ""to compensate"" - circa 10,000 B.C.E."
3327,3001,0,7,59,66,1.106060606060606,0.038192176787049927,682,Buzzers haven't been invented yet. We'll come down and get you.
3305,3001,0,7,59,66,1.106060606060606,0.038192176787049927,682,Just buzz IV
3301,3001,1,5,60,66,1.106060606060606,0.04387303082685012,682,"I'd love to come up, but Greg thinks he has the pioneering case of vertigo!"
3273,3001,0,7,59,66,1.106060606060606,0.038192176787049927,682,I'm cutting you out of my will. I know how to let down my heirs.
3252,3001,0,7,59,66,1.106060606060606,0.038192176787049927,682,See you next month at our condo in Miami.
3236,3001,0,7,59,66,1.106060606060606,0.038192176787049927,682,Hi. Who'd have thought they had high rise buildings a million years ago?
1895,3001,0,7,59,66,1.106060606060606,0.038192176787049927,682,I thought you said sandstone.
3540,3001,0,7,59,66,1.106060606060606,0.038192176787049927,682,Fuck I hate couple's game night
3208,3001,0,7,59,66,1.106060606060606,0.038192176787049927,682,"Next, he’s inventing the elevator."
3186,3001,1,5,60,66,1.106060606060606,0.04387303082685012,682,"Oh, you refinished your attic!"
3162,3001,1,5,60,66,1.106060606060606,0.04387303082685012,682,Monga!  I can see your cave from up here!
3144,3001,0,7,59,66,1.106060606060606,0.038192176787049927,682,The agent told them it’s always a good investment
3070,3001,0,7,59,66,1.106060606060606,0.038192176787049927,682,It's still hard to believe that they lifted themselves up from rock bottom.
3046,3001,0,7,59,66,1.106060606060606,0.038192176787049927,682,Hi!  We came to try the new elevation-Ur.
3011,3001,1,5,60,66,1.106060606060606,0.04387303082685012,682,Hey guys
3001,3001,0,7,59,66,1.106060606060606,0.038192176787049927,682,Their pet Argentionosaurus outgrew their last home.
2968,3001,1,5,60,66,1.106060606060606,0.04387303082685012,682,"During what many consider to be the greatest day in music history, the Stoners and the Rockers combined forces."
2923,3001,0,7,59,66,1.106060606060606,0.038192176787049927,682,The Johnsons sure are serious about their sand castles!
2916,3001,0,7,59,66,1.106060606060606,0.038192176787049927,682,"It's so easy, a cave-brother in law can do it."
2829,3001,0,7,59,66,1.106060606060606,0.038192176787049927,682,Fantastic! You're the first in the neighborhood to use your scraper to reach the sky!
2777,3001,0,7,59,66,1.106060606060606,0.038192176787049927,682,The doorman is a neanderthal but he'll let you up!
2770,3001,1,5,60,66,1.106060606060606,0.04387303082685012,682,"Yea, it figures they's get the penthouse!"
2688,3001,1,5,60,66,1.106060606060606,0.04387303082685012,682,"From Stone Age to Sand Age! 
Goodbye man cave, hello sandcastle. Lease today with Sandy Shores Realty. Hurry, they won’t last long before they’re gone!"
3213,3001,1,5,60,66,1.106060606060606,0.04387303082685012,682,"See Lance, I told you we should've hired the anteaters."
488,3001,0,7,59,66,1.106060606060606,0.038192176787049927,682,"Oh look, honey, there's someone in our apartment!"
1836,3001,0,7,59,66,1.106060606060606,0.038192176787049927,682,If we buy the third floor they will still be hollering about hair.
969,3001,1,5,60,66,1.106060606060606,0.04387303082685012,682,"High-rise?  No, I said “Hi, Rose.”"
922,3001,1,5,60,66,1.106060606060606,0.04387303082685012,682,"Hi! We'll climb to you apartment to see your drawings of how our primitive ancestors used to dress themselves, the men without any hair on their cheeks."
902,3001,1,5,60,66,1.106060606060606,0.04387303082685012,682,Greetings from above; complete with a hug!
848,3001,1,5,60,66,1.106060606060606,0.04387303082685012,682,"We'd love to come up and visit, but they haven't invented ladders yet."
1890,3001,1,5,60,66,1.106060606060606,0.04387303082685012,682,I hope their new place isn't a walk-up!
807,3001,0,7,59,66,1.106060606060606,0.038192176787049927,682,We get high when we drink; but your bourbon asks for an elevator.
782,3001,0,7,59,66,1.106060606060606,0.038192176787049927,682,Yoohoo Rapunzel!  Let down your lift.
757,3001,0,7,59,66,1.106060606060606,0.038192176787049927,682,Why can't you get me a 4 story or hunt a dinosaur?
726,3001,2,3,61,66,1.106060606060606,0.04889829547268706,682,You gotta see the view from our new appendicium!
722,3001,0,7,59,66,1.106060606060606,0.038192176787049927,682,"The origin of the greeting, ""Hi!"""
641,3001,0,7,59,66,1.106060606060606,0.038192176787049927,682,"Should I tell them, Sand houses are a dime a dozen?"
616,3001,1,5,60,66,1.106060606060606,0.04387303082685012,682,You wouldn't believe the GPS route we took to get here!
594,3001,1,5,60,66,1.106060606060606,0.04387303082685012,682,Climb up to us! Let's look at the world with dino eyes.
538,3001,0,7,59,66,1.106060606060606,0.038192176787049927,682,"Yes, we're very happy, and the termites, well, they had it coming to them."
483,3001,1,5,60,66,1.106060606060606,0.04387303082685012,682,"Oh, it's Fred and Mira.  Wasn't she wearing that the last time they were here?"
439,3001,0,7,59,66,1.106060606060606,0.038192176787049927,682,"...half of it is underground, they had a sandstorm...keep quiet...these things will never  take off..."
402,3001,0,7,59,66,1.106060606060606,0.038192176787049927,682,Bet they can't wait for the invention of elevators!
389,3001,1,5,60,66,1.106060606060606,0.04387303082685012,682,We'll be up as soon as they invent elevators.
381,3001,0,7,59,66,1.106060606060606,0.038192176787049927,682,We can get together once someone invents the elevator.
278,3001,1,5,60,66,1.106060606060606,0.04387303082685012,682,Hello Freuds!
246,3001,0,7,59,66,1.106060606060606,0.038192176787049927,682,Bedrock goes Toprock
189,3001,1,5,60,66,1.106060606060606,0.04387303082685012,682,We must get together as soon as the elevator is invented!
176,3001,1,5,60,66,1.106060606060606,0.04387303082685012,682,"Great news, our place has termites!"
173,3001,0,7,59,66,1.106060606060606,0.038192176787049927,682,We've hit rock bottom!
163,3001,1,5,60,66,1.106060606060606,0.04387303082685012,682,We are not visiting them. It's a four story walk up.
112,3001,0,7,59,66,1.106060606060606,0.038192176787049927,682,Welcome to the penthouse!
47,3001,0,7,59,66,1.106060606060606,0.038192176787049927,682,Hey! Want to come play our new giant clarinet that we're building!
974,3001,0,7,59,66,1.106060606060606,0.038192176787049927,682,"Wait for the pizza delivery, the elevator is out of order."
976,3001,1,5,60,66,1.106060606060606,0.04387303082685012,682,"Yes, we're trapped up here. But we like the view."
820,3001,0,7,59,66,1.106060606060606,0.038192176787049927,682,Come try the elevator!
1050,3001,0,7,59,66,1.106060606060606,0.038192176787049927,682,The very first Macy's Thanksgiving Day Parade.
1826,3001,1,5,60,66,1.106060606060606,0.04387303082685012,682,"Hi Jane, stand back and watch us castle."
1781,3001,0,7,59,66,1.106060606060606,0.038192176787049927,682,"If the elevator isn't working, 
we'll come another time."
1726,3001,1,5,60,66,1.106060606060606,0.04387303082685012,682,Bunga and Dorken decided they needed projects for their retirement.
1703,3001,1,5,60,66,1.106060606060606,0.04387303082685012,682,"Switch to your Babbel app, Rosetta."
1666,3001,0,7,59,66,1.106060606060606,0.038192176787049927,682,The original man cave!
1654,3001,0,7,59,66,1.106060606060606,0.038192176787049927,682,This trumps your previous efforts. What are you going to call this tower?
1631,3001,2,3,61,66,1.106060606060606,0.04889829547268706,682,So how is Trump's tower?
983,3001,0,7,59,66,1.106060606060606,0.038192176787049927,682,Oh great! We are a no-shoe household!
1596,3001,1,5,60,66,1.106060606060606,0.04387303082685012,682,Wow! That's a man cave.
1579,3001,0,7,59,66,1.106060606060606,0.038192176787049927,682,"It is the newest thing!  
We are the penthouse apartment in a skycave."
1574,3001,0,7,59,66,1.106060606060606,0.038192176787049927,682,Guess they caved and moved in.
1561,3001,2,3,61,66,1.106060606060606,0.04889829547268706,682,The elevator is working!
1541,3001,1,5,60,66,1.106060606060606,0.04387303082685012,682,"I'll have him home by sundown. 
Take your time!
(swinging through preher'story)"
1615,3001,0,7,59,66,1.106060606060606,0.038192176787049927,682,Hay how's the air up there?
1525,3001,1,5,60,66,1.106060606060606,0.04387303082685012,682,Rapunzel
1538,3001,0,7,59,66,1.106060606060606,0.038192176787049927,682,"Hm, no elevator and they still insisted on top floor?"
1054,3001,0,7,59,66,1.106060606060606,0.038192176787049927,682,"'""'Bye, Mom!Good luck!""
""'Bye, Darling! Good luck!"""
1128,3001,1,5,60,66,1.106060606060606,0.04387303082685012,682,It is nice to see a couple who have a 4th story book endng
1170,3001,0,7,59,66,1.106060606060606,0.038192176787049927,682,Hey...come and see our new croma-condo...!
1247,3001,0,7,59,66,1.106060606060606,0.038192176787049927,682,Codeword WILMA!
1268,3001,0,7,59,66,1.106060606060606,0.038192176787049927,682,"Oh stop being such scaredy cats, the mammoths are not that bad."
1236,3001,0,7,59,66,1.106060606060606,0.038192176787049927,682,I can't believe they're up there.  Have stairs been invented yet?
1369,3001,0,7,59,66,1.106060606060606,0.038192176787049927,682,"There you can find the mounting of youth , im gust using the suuna ."
1409,3001,0,7,59,66,1.106060606060606,0.038192176787049927,682,Wow! The east side is nice!
1431,3001,0,7,59,66,1.106060606060606,0.038192176787049927,682,I wish you had told me they lived in a walk up apartment building.
1445,3001,1,5,60,66,1.106060606060606,0.04387303082685012,682,And you still need flood insurance?
1488,3001,0,7,59,66,1.106060606060606,0.038192176787049927,682,You people are so modern.
1312,3001,1,5,60,66,1.106060606060606,0.04387303082685012,682,"If possible, construct a minaret like ours for them but should be bear-proof."
2585,3122,0,7,60,67,1.1044776119402986,0.0376511178439935,682,Love the new four-plex.
2176,3122,1,5,61,67,1.1044776119402986,0.04324223293582181,682,"In the end, it came down to this historic Reactor Number 2 and a flat in Chernobyl, both well under $1M. Come on up and we’ll show you around!"
2317,3122,1,5,61,67,1.1044776119402986,0.04324223293582181,682,They sure love their penthouse in the first cave high rise.
2539,3122,0,7,60,67,1.1044776119402986,0.0376511178439935,682,Can you buzz us up?
2738,3122,0,7,60,67,1.1044776119402986,0.0376511178439935,682,Can’t wait to see your new high rise apartment.
1955,3122,0,7,60,67,1.1044776119402986,0.0376511178439935,682,How's the Lairbnb?
3588,3122,0,7,60,67,1.1044776119402986,0.0376511178439935,682,I thought we agreed to open it up.
3187,3122,1,5,61,67,1.1044776119402986,0.04324223293582181,682,"Honey,  what is gentrification?"" 
""Darwinism on acid, Herb"""
3233,3122,1,5,61,67,1.1044776119402986,0.04324223293582181,682,YES THE ELEVATOR IS WORKING -- COME ON UP !!
3569,3122,0,7,60,67,1.1044776119402986,0.0376511178439935,682,When do you think you'll get around to inventing an elevator?
3571,3122,0,7,60,67,1.1044776119402986,0.0376511178439935,682,It's like a tall cave.
2823,3122,1,5,61,67,1.1044776119402986,0.04324223293582181,682,"We deserve these vacations!  As Grog once said, 'Let them Eat Dirt'!"""
1834,3122,0,7,60,67,1.1044776119402986,0.0376511178439935,682,"there's this thing called language now, you guys are going to love it"
3008,3122,0,7,60,67,1.1044776119402986,0.0376511178439935,682,They had to get a fourth floor walk-up
1416,3122,1,5,61,67,1.1044776119402986,0.04324223293582181,682,"What do you mean your not gonna invite them? What' s this, Stone Age?"
1388,3122,0,7,60,67,1.1044776119402986,0.0376511178439935,682,"Oh...you’re looking for the StalaCTITE. Head back that way, make a left at the tarpit; it will be straight ahead, on your right"
1370,3122,1,5,61,67,1.1044776119402986,0.04324223293582181,682,The elevator is not working. You’ll  have to walk up.
1234,3122,1,5,61,67,1.1044776119402986,0.04324223293582181,682,Ugh learned that destalactitication of the floor and two pictures of elks on the walls will not suffice
1115,3122,0,7,60,67,1.1044776119402986,0.0376511178439935,682,Sorry!  We can't come up to see you until the elevator has been invented!!
987,3122,0,7,60,67,1.1044776119402986,0.0376511178439935,682,But the el
927,3122,0,7,60,67,1.1044776119402986,0.0376511178439935,682,Did you say the elevator is broken?
524,3122,0,7,60,67,1.1044776119402986,0.0376511178439935,682,They're obviously not Jewish. They said goodbye and then they left.
504,3122,0,7,60,67,1.1044776119402986,0.0376511178439935,682,I could never live in a cookie-cutter cave.
449,3122,0,7,60,67,1.1044776119402986,0.0376511178439935,682,It’s just a cloud.. C’mon up!”
372,3122,1,5,61,67,1.1044776119402986,0.04324223293582181,682,"See, honey? They just moved in this new apartment boulder!"
57,3122,0,7,60,67,1.1044776119402986,0.0376511178439935,682,So you really can see the Pleistocene Epoch from up there?
16,3122,0,7,60,67,1.1044776119402986,0.0376511178439935,682,I see.  And now I will show you that I too have nothing hidden in my armit.
1663,3122,0,7,60,67,1.1044776119402986,0.0376511178439935,682,"Welcome!  Elevator's broken, so you have to take the stairs."
2046,3150,1,5,62,68,1.1029411764705883,0.04262926879107264,682,"See Fred,  I told told you the neighbors renovation  didn't cost them an arm and a leg.    Just ONE arm.  We should build an addition to our dwelling!"
725,3150,1,5,62,68,1.1029411764705883,0.04262926879107264,682,"Welcome to our new home! The building was designed by a starchitect, but they went broke before they put in the windows."
778,3150,0,7,61,68,1.1029411764705883,0.03712509925760679,682,"Rapunzel, Rapunzel, let down your bear!"
3319,3153,0,7,65,72,1.0972222222222223,0.035159608253116335,682,We''re not coming up until the elevator is installed!
2506,3154,1,4,57,62,1.096774193548387,0.0442916958370775,682,We're just about to head up to the rooftop puddle!
3410,3154,1,4,57,62,1.096774193548387,0.0442916958370775,682,We are trying to avoid the credit desalt swaps
3387,3154,0,6,56,62,1.096774193548387,0.03785410929280441,682,The inspiration for the elevator.
3351,3154,0,6,56,62,1.096774193548387,0.03785410929280441,682,This fourth floor walk-up has unlimited all those annoying drop in visitors - genius.
3263,3154,0,6,56,62,1.096774193548387,0.03785410929280441,682,"A story of a disjointed evolution:

“First buildings.  Then, pants!
Hands in the air,  you don’t care!
Penthouse party; no dress code...
No behavior code yet, either!”"
3156,3154,1,4,57,62,1.096774193548387,0.0442916958370775,682,"The elevator is out, so use the stairs."""
3026,3154,1,4,57,62,1.096774193548387,0.0442916958370775,682,"Do you know where the new neighbors are from?""
""Yeah, they said they were from 2032, wherever that is!"
3017,3154,1,4,57,62,1.096774193548387,0.0442916958370775,682,"Congratulations again, and just drop the pail and plastic shovel by our castle when you get a chance — we're going to add a guest bedroom."
2884,3154,0,6,56,62,1.096774193548387,0.03785410929280441,682,The oldest Trump Tower has morphed from sand into glaring glass!
2658,3154,0,6,56,62,1.096774193548387,0.03785410929280441,682,Is it an elevator building?
2572,3154,2,2,58,62,1.096774193548387,0.049905661501444855,682,"Come on up, Jenny.  The view is futuristic."
2092,3154,1,4,57,62,1.096774193548387,0.0442916958370775,682,"Hi neighbor, every man's castle is his hassle"
3414,3154,0,6,56,62,1.096774193548387,0.03785410929280441,682,"Hey, catch this!!"
1771,3154,0,6,56,62,1.096774193548387,0.03785410929280441,682,"Good job Babel, you are almost there!"
2089,3154,1,4,57,62,1.096774193548387,0.0442916958370775,682,Please send the elevator down for us.
193,3154,0,6,56,62,1.096774193548387,0.03785410929280441,682,What'll they think of next?
347,3154,0,6,56,62,1.096774193548387,0.03785410929280441,682,"It's a @@@@, it's a %%%%%, no, it's SUPERMAN!"
395,3154,1,4,57,62,1.096774193548387,0.0442916958370775,682,"Hi, up there. . .lookin' good!
""Hello.  Come on up.  Try not to step on the Donnelly bump.  We buried him down there this morning."
977,3154,0,6,56,62,1.096774193548387,0.03785410929280441,682,I see you fixed the elevator.
265,3154,0,6,56,62,1.096774193548387,0.03785410929280441,682,But we haven't invented stairs yet.
1299,3154,1,4,57,62,1.096774193548387,0.0442916958370775,682,Let us know when you get an elevator.
1372,3154,0,6,56,62,1.096774193548387,0.03785410929280441,682,Finally got that elevator fixed eh?
1501,3154,0,6,56,62,1.096774193548387,0.03785410929280441,682,Ooft ooft ooga hnnggg!
1640,3154,1,4,57,62,1.096774193548387,0.0442916958370775,682,I told you Ethel we should have brought our own hot water to their walk up.
1055,3154,0,6,56,62,1.096774193548387,0.03785410929280441,682,Sometimes a tower is just a tower.
2500,3179,0,6,57,63,1.0952380952380953,0.03728006482184823,682,"The elevator is out, you will have to walk up."
2825,3179,1,4,58,63,1.0952380952380953,0.04361004475139291,682,This Og Tower. That Og. And that new Og slut.
2727,3179,0,6,57,63,1.0952380952380953,0.03728006482184823,682,love your new termite mound :)
2634,3179,1,4,58,63,1.0952380952380953,0.04361004475139291,682,"Guess what.  We just bought a unit in Dinosaur View Condos, also."
2567,3179,0,6,57,63,1.0952380952380953,0.03728006482184823,682,We will be up to see you if your elevator is still operating
2526,3179,0,6,57,63,1.0952380952380953,0.03728006482184823,682,Building a cave
2520,3179,0,6,57,63,1.0952380952380953,0.03728006482184823,682,e ai beleza muleque?
2480,3179,1,4,58,63,1.0952380952380953,0.04361004475139291,682,YooHoo! We will be right up as soon as we invent the elevator.
2254,3179,0,6,57,63,1.0952380952380953,0.03728006482184823,682,"i cannot believe they moved to a four story walkup""

Lloyd Berkowitz, Boca Rato"
2452,3179,1,4,58,63,1.0952380952380953,0.04361004475139291,682,Maybe the guests have mistaken it for 'early Beard'-lovers.
2449,3179,1,4,58,63,1.0952380952380953,0.04361004475139291,682,How's the Internet reception up there?
2434,3179,0,6,57,63,1.0952380952380953,0.03728006482184823,682,This is certainly a big step up from that man cave!
2284,3179,0,6,57,63,1.0952380952380953,0.03728006482184823,682,There’s a high-rise in our past
2826,3179,0,6,57,63,1.0952380952380953,0.03728006482184823,682,Weezie!  I told you not invite the Bunckers over again.
2224,3179,0,6,57,63,1.0952380952380953,0.03728006482184823,682,Sorry graniteville is two triceratops past the elephant graveyard
2216,3179,0,6,57,63,1.0952380952380953,0.03728006482184823,682,Yoohoo. We'll be right up as soon as they invent stairs.
2164,3179,1,4,58,63,1.0952380952380953,0.04361004475139291,682,We told you not to wait up
2136,3179,1,4,58,63,1.0952380952380953,0.04361004475139291,682,It's the latest...all ramps no stairs!
2478,3179,1,4,58,63,1.0952380952380953,0.04361004475139291,682,"Bar to Barbecue, everything is available here except a Barber."
2862,3179,1,4,58,63,1.0952380952380953,0.04361004475139291,682,We are trend setters. More High Risers are coming. Watch the prices zoom.
3027,3179,0,6,57,63,1.0952380952380953,0.03728006482184823,682,"Don’t forget, our flight to Vegas is tomorrow"
2963,3179,0,6,57,63,1.0952380952380953,0.03728006482184823,682,"Uh, do we know them? Lets take a selfie and hashtag it #stoneage"
2081,3179,0,6,57,63,1.0952380952380953,0.03728006482184823,682,"Look, it’s Sandy !"
3596,3179,1,4,58,63,1.0952380952380953,0.04361004475139291,682,Hey just push the button and the Allosaurus will take you up!
3584,3179,1,4,58,63,1.0952380952380953,0.04361004475139291,682,"Welcome to out new digs!
Everything's finished but the lift!"""
3580,3179,0,6,57,63,1.0952380952380953,0.03728006482184823,682,"It’s the latest from the Stonehenge Group. They call it Cubism, I think. But really they have to pay for that monolith thing. As early buyers, we got a free solstice windiw"
3578,3179,1,4,58,63,1.0952380952380953,0.04361004475139291,682,"I know!  Look, me too!  Now only if we could get our men to use the razor!"
3535,3179,0,6,57,63,1.0952380952380953,0.03728006482184823,682,Now what are you babeling about?
3407,3179,0,6,57,63,1.0952380952380953,0.03728006482184823,682,"The fact that ""IT"" flows downhill makes floors 1-4 not quite as desirable."
3385,3179,0,6,57,63,1.0952380952380953,0.03728006482184823,682,It looks like the mother-in-law condo was a success.
3347,3179,0,6,57,63,1.0952380952380953,0.03728006482184823,682,"Until doormen are invented, we'll just wave ourselves in."
3282,3179,1,4,58,63,1.0952380952380953,0.04361004475139291,682,Pent up on the fifth floor?
3256,3179,0,6,57,63,1.0952380952380953,0.03728006482184823,682,I told you that the Piza's are onto great things!
3211,3179,0,6,57,63,1.0952380952380953,0.03728006482184823,682,Use the ladder. The 'stairs' haven't been invented yet.
3101,3179,0,6,57,63,1.0952380952380953,0.03728006482184823,682,"C'mon up, we're in the penthouse."
3080,3179,0,6,57,63,1.0952380952380953,0.03728006482184823,682,Hi it's our new downstairs neighbors.
3068,3179,1,4,58,63,1.0952380952380953,0.04361004475139291,682,"Woman: “Look darling, that top floor worth 100 sheep!”
Man: “Honey, that’s how urbanisation could ruin our relationship.”"
3050,3179,0,6,57,63,1.0952380952380953,0.03728006482184823,682,"Hey Wilma, buzz us up; You won't believe what happened to us last night."
3010,3179,0,6,57,63,1.0952380952380953,0.03728006482184823,682,Breaking news! the tunnel has a new fantastic fungi! welcome to........
2998,3179,1,4,58,63,1.0952380952380953,0.04361004475139291,682,Clearly his pelt python is not megalithic.
2993,3179,0,6,57,63,1.0952380952380953,0.03728006482184823,682,"Hi Susan ! Yes, we bought the Pentcave."
2885,3179,0,6,57,63,1.0952380952380953,0.03728006482184823,682,They won’t be smiling when they  realize their agriculture venture was a Ponzi scheme.
2080,3179,0,6,57,63,1.0952380952380953,0.03728006482184823,682,We're cave people. Why we gotta be white?
2528,3179,0,6,57,63,1.0952380952380953,0.03728006482184823,682,It's OK - the smoke alarm works!
1886,3179,0,6,57,63,1.0952380952380953,0.03728006482184823,682,Fifty years since the nuclear war with Pakistan and the Ambanis are still at it.
687,3179,0,6,57,63,1.0952380952380953,0.03728006482184823,682,You should have seen the cave they were living in before..
685,3179,0,6,57,63,1.0952380952380953,0.03728006482184823,682,"At least she didn't run off with a dinosaur, like her poor sister."
645,3179,0,6,57,63,1.0952380952380953,0.03728006482184823,682,"Prehistoric missed rendezvous :
Here humans were five stories apart the very first high five."
584,3179,0,6,57,63,1.0952380952380953,0.03728006482184823,682,"Tell our kids we love them, Karen and Bob, but we just need a little vacation time!"
547,3179,1,4,58,63,1.0952380952380953,0.04361004475139291,682,"but, how can you get down from there?"
430,3179,0,6,57,63,1.0952380952380953,0.03728006482184823,682,Come on in.  You will love the open concept. I just can’t believe this was once a termite mound!
416,3179,0,6,57,63,1.0952380952380953,0.03728006482184823,682,Let’s waive and pretend the name on the building tricked us into thinking they own it.
406,3179,0,6,57,63,1.0952380952380953,0.03728006482184823,682,. . . And such great weather here!
308,3179,1,4,58,63,1.0952380952380953,0.04361004475139291,682,Do you guys mind taking the stairs?!
291,3179,0,6,57,63,1.0952380952380953,0.03728006482184823,682,This is for last week: “Leaves of color always take the fall.”
273,3179,0,6,57,63,1.0952380952380953,0.03728006482184823,682,The view is great but I don't feel like walking up five flights of stairs.
255,3179,0,6,57,63,1.0952380952380953,0.03728006482184823,682,We’ll be down in a few. Go ahead and pull the wheel around.
249,3179,0,6,57,63,1.0952380952380953,0.03728006482184823,682,"Their AC is broken, but it’s okay -- we’re in the Ice Age."
152,3179,0,6,57,63,1.0952380952380953,0.03728006482184823,682,You didn't tell us that your high rise didn't have an elevator!!
145,3179,1,4,58,63,1.0952380952380953,0.04361004475139291,682,Come on up if you’re tired of the ‘burbs.
117,3179,0,6,57,63,1.0952380952380953,0.03728006482184823,682,"I love your brownstone."""
23,3179,0,6,57,63,1.0952380952380953,0.03728006482184823,682,Hey can you pick up some milk on your way back?
9,3179,0,6,57,63,1.0952380952380953,0.03728006482184823,682,"Don't worry, we'll get you down, we're working on this thing called, an elevator."
1931,3179,0,6,57,63,1.0952380952380953,0.03728006482184823,682,What do you think stairs are?
704,3179,0,6,57,63,1.0952380952380953,0.03728006482184823,682,I hope she doesn't ask me for one too. -The man on the ground
855,3179,0,6,57,63,1.0952380952380953,0.03728006482184823,682,"Hello Mag., can you give me the name of your landlord."
671,3179,0,6,57,63,1.0952380952380953,0.03728006482184823,682,Thor and Greta finally got their piece of the meatpie.
1102,3179,1,4,58,63,1.0952380952380953,0.04361004475139291,682,See you in the gutter!
1852,3179,1,4,58,63,1.0952380952380953,0.04361004475139291,682,They built a fourth-floor walk-up. Now everyone wants one.
1805,3179,1,4,58,63,1.0952380952380953,0.04361004475139291,682,We just dropped by to see the new Trump Tower
1653,3179,0,6,57,63,1.0952380952380953,0.03728006482184823,682,Is that one of those new five-story walk-ups?
1642,3179,0,6,57,63,1.0952380952380953,0.03728006482184823,682,Great to see you guys!  See you at pool in 10!
1617,3179,0,6,57,63,1.0952380952380953,0.03728006482184823,682,We need to talk (thought the cave man)!
1590,3179,1,4,58,63,1.0952380952380953,0.04361004475139291,682,"You know the fun thing about this, is the fact that we are all cavemen, and that we shouldent build structures this high."
1079,3179,2,2,59,63,1.0952380952380953,0.0491311385306282,682,WHAT elevator??
1457,3179,0,6,57,63,1.0952380952380953,0.03728006482184823,682,"HI, welcome to Clonecastle resorts"
1452,3179,0,6,57,63,1.0952380952380953,0.03728006482184823,682,"How do you think they go up and down their floors, is there sandhouse mostly stairs, or is there a pulley system of somekind?"
1400,3179,1,4,58,63,1.0952380952380953,0.04361004475139291,682,"""Oh look honey it's Mr. and Mrs. Phallic!"""
1461,3179,1,4,58,63,1.0952380952380953,0.04361004475139291,682,"Whoa, Craig and Emma really got away AND above from it all!"
1315,3179,0,6,57,63,1.0952380952380953,0.03728006482184823,682,"The stairs are under construction, so you'll have to wait for the next brontosaurus."
1309,3179,2,2,59,63,1.0952380952380953,0.0491311385306282,682,"Oh look, there are the Johnson's."
1295,3179,0,6,57,63,1.0952380952380953,0.03728006482184823,682,"Hold it, Rocky, stairs haven’t been invented!"
1279,3179,2,2,59,63,1.0952380952380953,0.0491311385306282,682,Rapunzel ... John ... good to see you. Perhaps you can come down this time.
1229,3179,1,4,58,63,1.0952380952380953,0.04361004475139291,682,Hey Jan! I love your new sand tower but are the stairs sturdy enough?
1205,3179,0,6,57,63,1.0952380952380953,0.03728006482184823,682,"Well, if you killed us such a huge mastodon, I wouldn't leave home much either"
1200,3179,1,4,58,63,1.0952380952380953,0.04361004475139291,682,Can we test in your parlor floor?
1325,3179,1,4,58,63,1.0952380952380953,0.04361004475139291,682,"Mom, we invented the (cave)mansion."
1177,3179,0,6,57,63,1.0952380952380953,0.03728006482184823,682,I told you we could have bought a beach home!
2549,3267,1,4,59,64,1.09375,0.0429490169335173,682,The penthouse suite has bearskin rugs!
2752,3267,1,4,59,64,1.09375,0.0429490169335173,682,I already told the H.O.A. So just act like you like it.
2790,3267,0,6,58,64,1.09375,0.036723103212062694,682,"Wow, ever since apartments became a thing, it seems like New York is so crowded. Good thing they probably won't catch on."
3094,3267,0,6,58,64,1.09375,0.036723103212062694,682,How is it that every time we visit them their elevator's out of service?
3285,3267,0,6,58,64,1.09375,0.036723103212062694,682,They couldn't afford a cave. He had to invest on mud.
3175,3267,0,6,58,64,1.09375,0.036723103212062694,682,"I am dying to be invited in, just to see how they get to the fifth floor in our cave-man era.”"
3244,3267,1,4,59,64,1.09375,0.0429490169335173,682,It’s wonderful—you hired virtuoso termites.
2546,3267,1,4,59,64,1.09375,0.0429490169335173,682,The Rosens and Finkelsteins go “all-in” on the Paleo Diet.
3497,3267,0,6,58,64,1.09375,0.036723103212062694,682,"Con  DOE minium”
A condor what?"
3159,3267,0,6,58,64,1.09375,0.036723103212062694,682,Forget the cheap rent. Buy! It’ll go up in price.
2540,3267,0,6,58,64,1.09375,0.036723103212062694,682,"We just moved in, They call it a high-rise"
2964,3267,0,6,58,64,1.09375,0.036723103212062694,682,"That’s awesome!  We’re totally off the grid, too."
1668,3267,0,6,58,64,1.09375,0.036723103212062694,682,"All she said was ""real estate"", whatever that is. So, look like we know what she's talking about."
1661,3267,1,4,59,64,1.09375,0.0429490169335173,682,"Sure, the rent is reasonable and their view is amazing ... until it erupts."
1352,3267,0,6,58,64,1.09375,0.036723103212062694,682,Who knew CaveWithaView.com would be such a hit?
1192,3267,1,4,59,64,1.09375,0.0429490169335173,682,"Honey, no need to pretend you like them - we are not in the tribe anymore, got our crib..."
956,3267,0,6,58,64,1.09375,0.036723103212062694,682,"We've both decided in favor of a high-rise, but we plan to wait until someone invents the elevator."
858,3267,0,6,58,64,1.09375,0.036723103212062694,682,"I'm just humoring them. There's no way I would go into a 4th floor walkup!"""
632,3267,1,4,59,64,1.09375,0.0429490169335173,682,Your new cladding looks great! I can’t believe it’s not flammable!
329,3267,0,6,58,64,1.09375,0.036723103212062694,682,"See, I told you.  A man's home is his sandcastle."
134,3267,0,6,58,64,1.09375,0.036723103212062694,682,Wow i guess you could call that a sand hotel
124,3267,0,6,58,64,1.09375,0.036723103212062694,682,Hi. Is Rapunzel home?
2320,3267,0,6,58,64,1.09375,0.036723103212062694,682,"Rapunzel! Please let down your hair! 
I wish I could, I just got waxed. Maybe call an uber or taxi to climb the tower?"
758,3290,1,4,60,65,1.0923076923076922,0.04230769230769232,682,See. That's a four bedroom columnial.
70,3290,0,6,59,65,1.0923076923076922,0.03618247638889766,682,"Oh my, you didn’t mention you were in the pentcave."
1006,3292,1,4,61,66,1.0909090909090908,0.04168520460680058,682,So is this the wall and the best technology Donnie was talking about?
3491,3293,1,3,55,59,1.0847457627118644,0.0438379113795422,682,"Wow, their god is strong."
2332,3293,0,5,54,59,1.0847457627118644,0.03656923485905472,682,Can you believe this used to be a castle?
2413,3293,0,5,54,59,1.0847457627118644,0.03656923485905472,682,"Yes, yes, nice to meet you too and - again, so sorry we had to decline your applications for homeowners' and life insurance."
2297,3293,0,5,54,59,1.0847457627118644,0.03656923485905472,682,"Evolution0432dc098093c309:T=1571970428:RT=1571970428:S=ALNI_MazmYuVEdzmTe2X6wEj5VtBJq


Evolution, you know, e-l-e-v-a-t-i-o-n"
2243,3293,0,5,54,59,1.0847457627118644,0.03656923485905472,682,It’s pre-oil-strike AND the views of Central Dune are spectacular!
2227,3293,0,5,54,59,1.0847457627118644,0.03656923485905472,682,Hi.So glad you could come to our open house.
2209,3293,0,5,54,59,1.0847457627118644,0.03656923485905472,682,Please walk up. We’re still waiting for the elevator to be invented.
2193,3293,0,5,54,59,1.0847457627118644,0.03656923485905472,682,I promise we only need to live with you a few months... or years.
2168,3293,0,5,54,59,1.0847457627118644,0.03656923485905472,682,OMG? You got a 5/1 arm!
2104,3293,1,3,55,59,1.0847457627118644,0.0438379113795422,682,Yoo- hoo! Come on up. I'll throw down the rope.
1908,3293,0,5,54,59,1.0847457627118644,0.03656923485905472,682,How do you like the predator proof penthouse ?
2065,3293,0,5,54,59,1.0847457627118644,0.03656923485905472,682,"Sweet condo! How much did it cost?”
“A million rocks, but we took out a loan!"
2056,3293,1,3,55,59,1.0847457627118644,0.0438379113795422,682,Just give us 20 years and then we'll let down our hair.
2029,3293,0,5,54,59,1.0847457627118644,0.03656923485905472,682,We hardly see them anymore since they got a cave in the Hamptons.
1948,3293,0,5,54,59,1.0847457627118644,0.03656923485905472,682,Who did you hire to move the mastodon up the stairs?
1936,3293,0,5,54,59,1.0847457627118644,0.03656923485905472,682,we'll come down as soon as the elevator is invented
2463,3293,0,5,54,59,1.0847457627118644,0.03656923485905472,682,They may look rough around the edges but you'll love the other members of our condo board.
1862,3293,0,5,54,59,1.0847457627118644,0.03656923485905472,682,"Hi there Sid and Edith , this not an elevator building. We have a four floor walk up room."
1837,3293,0,5,54,59,1.0847457627118644,0.03656923485905472,682,Catch it - it's your pizza
1807,3293,0,5,54,59,1.0847457627118644,0.03656923485905472,682,Bye. Thanks again for the rock and roll.
1803,3293,0,5,54,59,1.0847457627118644,0.03656923485905472,682,"Look, this is my window and this is me there, but who's behind me?"
1755,3293,0,5,54,59,1.0847457627118644,0.03656923485905472,682,We’ll be up when we invent stairs!
2097,3293,0,5,54,59,1.0847457627118644,0.03656923485905472,682,"Darling can you imagine us on that window!

Yeah! Look at us down there, seems like I am in a hurry and you can't listen!"
2499,3293,0,5,54,59,1.0847457627118644,0.03656923485905472,682,Next time we'll have an elevator.
2736,3293,0,5,54,59,1.0847457627118644,0.03656923485905472,682,Have you had your flu shots?
2568,3293,1,3,55,59,1.0847457627118644,0.0438379113795422,682,Take the first rock on the left...
1741,3293,0,5,54,59,1.0847457627118644,0.03656923485905472,682,"Good work on inventing the apartment building, but how about inventing stairs now?"
3487,3293,1,3,55,59,1.0847457627118644,0.0438379113795422,682,"Oh those Babylonians, this isn't going to go over well with the lord."
3460,3293,1,3,55,59,1.0847457627118644,0.0438379113795422,682,"Hello, take the elevator on the backside."
3420,3293,0,5,54,59,1.0847457627118644,0.03656923485905472,682,You'll have to use the stairs because the elevator hasn't been invented yet.
3382,3293,0,5,54,59,1.0847457627118644,0.03656923485905472,682,Throw down the wedding bouquet.
3313,3293,0,5,54,59,1.0847457627118644,0.03656923485905472,682,You always did like those fourth-story walkups.
3297,3293,0,5,54,59,1.0847457627118644,0.03656923485905472,682,"We’d love to come up, now you’ve got the stairs done!"
3267,3293,1,3,55,59,1.0847457627118644,0.0438379113795422,682,"Now that I've invented the staircase, 
we'll never have any peace and quiet."
3230,3293,0,5,54,59,1.0847457627118644,0.03656923485905472,682,Hi! I'll buzzard you in.
3198,3293,0,5,54,59,1.0847457627118644,0.03656923485905472,682,"Thanks, but I'm gonna knock around his high-rise instead."
3174,3293,0,5,54,59,1.0847457627118644,0.03656923485905472,682,"How do we get to the main land ?
 - You are on the main land.""
S.A. Vaez Alai, Queens, N"
3115,3293,0,5,54,59,1.0847457627118644,0.03656923485905472,682,Would you mind picking up these 2 rocks? We reordered supplies but our Amazon Fire delivery was delayed.
3039,3293,0,5,54,59,1.0847457627118644,0.03656923485905472,682,Are they termites or humans?
2985,3293,1,3,55,59,1.0847457627118644,0.0438379113795422,682,"If you think we're unequal now, just think how we'll be in ten thousand years!"
2882,3293,0,5,54,59,1.0847457627118644,0.03656923485905472,682,You'll find   it's an  easy   climb.
2860,3293,0,5,54,59,1.0847457627118644,0.03656923485905472,682,"Yeah, walk-ups are a schlep, but wait till you see their rooftop rock garden."
2849,3293,0,5,54,59,1.0847457627118644,0.03656923485905472,682,Out new landlord's name is Trump.  He seems such a charming and fun-loving guy.
2793,3293,0,5,54,59,1.0847457627118644,0.03656923485905472,682,COME UP AND SEE US SOMETIME
2766,3293,0,5,54,59,1.0847457627118644,0.03656923485905472,682,"Just in time, elevator repaired this morning!"
2684,3293,0,5,54,59,1.0847457627118644,0.03656923485905472,682,Sorry the elevator’s not working fSK6bjxBa0oLLbExTGOOAbTTVSjegT7w2z3RjyrR0J4iYW9SPA
2666,3293,0,5,54,59,1.0847457627118644,0.03656923485905472,682,"Just wait honey, I don't understand what they're saying."
2647,3293,0,5,54,59,1.0847457627118644,0.03656923485905472,682,Is the elevator fixed?
2615,3293,0,5,54,59,1.0847457627118644,0.03656923485905472,682,Wow.  Great brownstone.
2533,3293,0,5,54,59,1.0847457627118644,0.03656923485905472,682,We'll be down when the tide comes in!
1720,3293,0,5,54,59,1.0847457627118644,0.03656923485905472,682,Sometimes all their fires go out at once and won't start again for days.
2346,3293,1,3,55,59,1.0847457627118644,0.0438379113795422,682,We seem to have forgotten our bones in the bowl...
1656,3293,0,5,54,59,1.0847457627118644,0.03656923485905472,682,You said you were coming next week
856,3293,0,5,54,59,1.0847457627118644,0.03656923485905472,682,Lets Go Walk.
839,3293,0,5,54,59,1.0847457627118644,0.03656923485905472,682,Wow! I like the minimalist architecture! Very original!
785,3293,0,5,54,59,1.0847457627118644,0.03656923485905472,682,"Myrna: ""Saul says he loves your beard!""
Janice: ""Nice matching polka dot sundresses!"""
651,3293,0,5,54,59,1.0847457627118644,0.03656923485905472,682,We'll just wait here until the elevator is invented.
627,3293,0,5,54,59,1.0847457627118644,0.03656923485905472,682,Your new place here in Stonehenge looks simply marvelous.
614,3293,0,5,54,59,1.0847457627118644,0.03656923485905472,682,"Linda, Bob! Come up and join us for rocktails"
597,3293,0,5,54,59,1.0847457627118644,0.03656923485905472,682,Hey there! Do you mind informing me before the next time you show up?
592,3293,1,3,55,59,1.0847457627118644,0.0438379113795422,682,Look Org. It's Zog and Ugg. Let's invite them into our giant headless giraffe flute
589,3293,0,5,54,59,1.0847457627118644,0.03656923485905472,682,They got pentcave suite on Ogg six-stick-figure per mooncycle salary.
516,3293,0,5,54,59,1.0847457627118644,0.03656923485905472,682,Whats up with the mirror image?
857,3293,0,5,54,59,1.0847457627118644,0.03656923485905472,682,Did you have a nice conjugal visit
494,3293,0,5,54,59,1.0847457627118644,0.03656923485905472,682,"Down there! Y'all got a little something... that make us go 'higher' ?""
""Hell yeah brother we just passed these marijuana trees, they take you to the ' ' heavens ' '"
412,3293,0,5,54,59,1.0847457627118644,0.03656923485905472,682,Not sure yet.  We're deciding whether to call it a high-rise or a pterodactyl perch.  Waddaya think?
331,3293,0,5,54,59,1.0847457627118644,0.03656923485905472,682,"Men never listen, I told  hubbie to invent a ladder.
 ."
303,3293,1,3,55,59,1.0847457627118644,0.0438379113795422,682,It's easy! Just strap yourselves to a squirrel.
263,3293,0,5,54,59,1.0847457627118644,0.03656923485905472,682,"Climb on up friends to the highest house in all of creation, we are calling it the PenultimateHouse!"
200,3293,0,5,54,59,1.0847457627118644,0.03656923485905472,682,"And it would be tonight where the first conversation about weather was spoken. Thusly, small talk was born."
199,3293,0,5,54,59,1.0847457627118644,0.03656923485905472,682,"Yes, we can go visit them, as soon as you invent stairs."
64,3293,0,5,54,59,1.0847457627118644,0.03656923485905472,682,"Goodbye, we're moving to the suburbs."
63,3293,0,5,54,59,1.0847457627118644,0.03656923485905472,682,Just ring number 402! We'll buzz you in.
45,3293,1,3,55,59,1.0847457627118644,0.0438379113795422,682,They've even gone color for our personal fall!
1699,3293,0,5,54,59,1.0847457627118644,0.03656923485905472,682,"Hey Lucy, we bought this penthouse for one rock!"
414,3293,0,5,54,59,1.0847457627118644,0.03656923485905472,682,How do they get up there without stairs?
859,3293,0,5,54,59,1.0847457627118644,0.03656923485905472,682,Come up for some grilled rhino bites and the last of our water...
465,3293,0,5,54,59,1.0847457627118644,0.03656923485905472,682,"I guess we'll have to use the stairs, Todd, the elevator hasn't been invented yet."
884,3293,2,1,56,59,1.0847457627118644,0.05006212150982505,682,I can’t believe you can afford a cave man building!
883,3293,0,5,54,59,1.0847457627118644,0.03656923485905472,682,Woohoo!
1650,3293,0,5,54,59,1.0847457627118644,0.03656923485905472,682,We'll be right up after we invent stairs!
1644,3293,0,5,54,59,1.0847457627118644,0.03656923485905472,682,It works! Come on up and experience our stone age air conditioning
1543,3293,0,5,54,59,1.0847457627118644,0.03656923485905472,682,Come on up but you'll have to use the stairs.  The elevator hasn't been invented yet.
1516,3293,0,5,54,59,1.0847457627118644,0.03656923485905472,682,So this is what it feels like to be a dinosaur
1258,3293,0,5,54,59,1.0847457627118644,0.03656923485905472,682,"Owing to a shortage of residential-zoned land, cave dwellers opted to build up."
1226,3293,0,5,54,59,1.0847457627118644,0.03656923485905472,682,We got a raise!
1213,3293,0,5,54,59,1.0847457627118644,0.03656923485905472,682,Do not lean on him too much!
1198,3293,1,3,55,59,1.0847457627118644,0.0438379113795422,682,To Eleven-year-old me: Do NOT go for the four story walkup.
1195,3293,0,5,54,59,1.0847457627118644,0.03656923485905472,682,He's going to build ours right after they play beach tennis and he's had his nap!
1191,3293,1,3,55,59,1.0847457627118644,0.0438379113795422,682,"Hey look, Tirana saw us, Rex!"
1186,3293,0,5,54,59,1.0847457627118644,0.03656923485905472,682,There’s no elevator but the workout center has this contraption with two wheels that Bob invented.
952,3293,0,5,54,59,1.0847457627118644,0.03656923485905472,682,"Sorry!
The stairs are out.
You’ll have to evolve to develop an escalator!"
1114,3293,1,3,55,59,1.0847457627118644,0.0438379113795422,682,We’ve invented the elevator.  But  now we need someone to discover electricity.
1104,3293,0,5,54,59,1.0847457627118644,0.03656923485905472,682,Four floors?  I'm thinking execution.
1085,3293,1,3,55,59,1.0847457627118644,0.0438379113795422,682,Is this the only accommodation around these parts?
1046,3293,0,5,54,59,1.0847457627118644,0.03656923485905472,682,Invent stairs and come on up!
1018,3293,0,5,54,59,1.0847457627118644,0.03656923485905472,682,"Sure, she waves now, Petra, but the warning is in the name: TriASSic, JurASSic Sandstone."""
968,3293,0,5,54,59,1.0847457627118644,0.03656923485905472,682,"It's our turn now!  More,we will be the first all-female spacewalker on the moon!"
1146,3293,0,5,54,59,1.0847457627118644,0.03656923485905472,682,"Rapunzel, either you grow your hair back, or your hubby grows his beard long, but whatever you do, don't jump!"
943,3293,0,5,54,59,1.0847457627118644,0.03656923485905472,682,"Is that your aunt, or does she just look like an ant from up here?"
940,3293,1,3,55,59,1.0847457627118644,0.0438379113795422,682,Sorry for the climb but elevators haven't been invented yet
932,3293,1,3,55,59,1.0847457627118644,0.0438379113795422,682,"Whatever you do from this point on, don’t grow your hair out!"
897,3293,0,5,54,59,1.0847457627118644,0.03656923485905472,682,"It's nice, but so outdated. Stonehenge style was so 1,000 years ago."
2502,3396,1,3,56,60,1.0833333333333333,0.04312422383919018,682,"Hey, Repunzil, thrown why don't you let your hair piece down."
3315,3396,0,5,55,60,1.0833333333333333,0.03598231413236438,682,You were right. Getting a pre-nup was a good idea.
2426,3396,1,3,56,60,1.0833333333333333,0.04312422383919018,682,"We can't call you cavemen anymore, so I guess we'll just have to call you sandmen."
2994,3396,0,5,55,60,1.0833333333333333,0.03598231413236438,682,"Sorry, Erg made me cut my hair, you won't be able to visit. It beats a chastity belt."
2088,3396,1,3,56,60,1.0833333333333333,0.04312422383919018,682,Please... Tell me there's an elevator.
1320,3396,0,5,55,60,1.0833333333333333,0.03598231413236438,682,"Look honey, the penthouse is taken,
 but apartment 3g is still available"
1683,3396,0,5,55,60,1.0833333333333333,0.03598231413236438,682,Welcome to “Rock Condo”. Take the wall on the right to the top.
1477,3396,0,5,55,60,1.0833333333333333,0.03598231413236438,682,"What do you know, the elevator is working again!"
1282,3396,0,5,55,60,1.0833333333333333,0.03598231413236438,682,"I thought you lived in an elevator building, I didn't know it was a walk up."
1790,3396,1,3,56,60,1.0833333333333333,0.04312422383919018,682,How nice-they just got their apartment cave-painted!
2476,3406,0,5,56,61,1.0819672131147542,0.03541388359785716,682,"Honey, is that Todd down there with her?  It is!  Oh!  I was so hopefully anticipating intelligent conversation tonight not to feign regale at stories of Cro-Magnon glory all evening."
2850,3406,1,3,57,61,1.0819672131147542,0.04243337411654028,682,We’ve started running into everyone since we moved to the city!
2145,3408,0,4,52,56,1.0714285714285714,0.03472660248602838,682,"If they haven't installed that elevator yet, I'm out of here."
2269,3408,0,4,52,56,1.0714285714285714,0.03472660248602838,682,"Ah look, they got the penthouse apartment!"
2293,3408,0,4,52,56,1.0714285714285714,0.03472660248602838,682,"Eat your hearts out, you two -- we've got the world's first condominium residence!"
2352,3408,0,4,52,56,1.0714285714285714,0.03472660248602838,682,I heard they recently got a pet Brontosaurus
2436,3408,0,4,52,56,1.0714285714285714,0.03472660248602838,682,Stop waving. We’re out of brontosaurus oil.
2541,3408,0,4,52,56,1.0714285714285714,0.03472660248602838,682,Year 2119: Titanic sure outlived that iceberg.
2584,3408,0,4,52,56,1.0714285714285714,0.03472660248602838,682,I think you are having cave sex with the wrong twin!!
2979,3408,0,4,52,56,1.0714285714285714,0.03472660248602838,682,So much for our egalitarian society!
2758,3408,1,2,53,56,1.0714285714285714,0.04307304922539478,682,to walk up.
3004,3408,0,4,52,56,1.0714285714285714,0.03472660248602838,682,"There's nothing funny about this, but who needs a reason to be happy!"
3139,3408,0,4,52,56,1.0714285714285714,0.03472660248602838,682,Ancestors of George and Weezie Jefferson.
3311,3408,1,2,53,56,1.0714285714285714,0.04307304922539478,682,"Yes, they do have free wi-fi!"
3539,3408,0,4,52,56,1.0714285714285714,0.03472660248602838,682,Good news!  We hear they’re very close to inventing the staircase.
2087,3408,0,4,52,56,1.0714285714285714,0.03472660248602838,682,How do you like it?
2693,3408,0,4,52,56,1.0714285714285714,0.03472660248602838,682,We’re waiting for elevators to be invented.
2069,3408,0,4,52,56,1.0714285714285714,0.03472660248602838,682,"Remember, have the time of your life!"
1069,3408,1,2,53,56,1.0714285714285714,0.04307304922539478,682,"Hey, I'll throw down the catapult!"
1806,3408,0,4,52,56,1.0714285714285714,0.03472660248602838,682,Wow! their new house sure is neandertall. Man you’re an idiot.
1949,3408,0,4,52,56,1.0714285714285714,0.03472660248602838,682,But they can't come over. I haven't invented the elevator yet.
79,3408,0,4,52,56,1.0714285714285714,0.03472660248602838,682,Now that they've got the penthouse we'll have to give up Naked Sundays.
365,3408,0,4,52,56,1.0714285714285714,0.03472660248602838,682,"Sorry, nobody's invented the ladder yet!"
410,3408,0,4,52,56,1.0714285714285714,0.03472660248602838,682,"Our son is an honor student at Dwight D. Eisenhower Elementary School.""
""Yeah? Well...we just conceived The Missing Link."
760,3408,0,4,52,56,1.0714285714285714,0.03472660248602838,682,So these are the rich friends you were telling me about...
963,3408,1,2,53,56,1.0714285714285714,0.04307304922539478,682,A penthouse.  Sweet.  But no elevator!
1083,3408,0,4,52,56,1.0714285714285714,0.03472660248602838,682,"No soap, radio."
670,3408,1,2,53,56,1.0714285714285714,0.04307304922539478,682,We'll wait for an elevator to be invented.
1249,3408,0,4,52,56,1.0714285714285714,0.03472660248602838,682,We can't! Our Uber is waiting down the dune.
1471,3408,0,4,52,56,1.0714285714285714,0.03472660248602838,682,I cannot wait for them to invent an elevator
1607,3408,1,2,53,56,1.0714285714285714,0.04307304922539478,682,Hey! Take the elevator and come on up!
1679,3408,1,2,53,56,1.0714285714285714,0.04307304922539478,682,We’re homeless now. Can we come up?!
1752,3408,0,4,52,56,1.0714285714285714,0.03472660248602838,682,"Yes!! Life on the 5th Floor- life with a View- is Fabulous!!  ""  JK Fuller, Genoa, N"
1800,3408,0,4,52,56,1.0714285714285714,0.03472660248602838,682,Attic huh? Attic huh? Why didn't you escape like everyone else?
1163,3408,0,4,52,56,1.0714285714285714,0.03472660248602838,682,Throw the keys down.
3545,3441,0,4,53,57,1.0701754385964912,0.034134933513474304,682,"Wow, you were"
2489,3441,0,4,53,57,1.0701754385964912,0.034134933513474304,682,Good morning to you and all the Pennywhistles.
3443,3441,2,0,55,57,1.0701754385964912,0.04917648338433231,682,hey sharon im excited to fuck ur husband hahaha let's swap wooo
3284,3441,0,4,53,57,1.0701754385964912,0.034134933513474304,682,Stairs or elevator?
3241,3441,0,4,53,57,1.0701754385964912,0.034134933513474304,682,"Welcome to the Boulder Hotel, We have a wide selection of mammoth, pterodactyl, and dodo bird for your dinner.
No room service."
3092,3441,0,4,53,57,1.0701754385964912,0.034134933513474304,682,We're in the pen-nest. Take the next Up Dinosaur.
2947,3441,0,4,53,57,1.0701754385964912,0.034134933513474304,682,"Top floor, bottom buzzer."
2665,3441,0,4,53,57,1.0701754385964912,0.034134933513474304,682,How long till the elevator be invented?
2355,3441,0,4,53,57,1.0701754385964912,0.034134933513474304,682,"Hey, you two! We invented the walk up. Did you bring the fire?"
2930,3441,0,4,53,57,1.0701754385964912,0.034134933513474304,682,"Hey, Come quick. 'We're in a hurry to get the deposit bucks back.'"
1872,3441,0,4,53,57,1.0701754385964912,0.034134933513474304,682,"Nice, but is it rent protected?"
1791,3441,0,4,53,57,1.0701754385964912,0.034134933513474304,682,They would have to live in the penthouse.
1680,3441,0,4,53,57,1.0701754385964912,0.034134933513474304,682,"Sorry, we’re closed!"
1629,3441,1,2,54,57,1.0701754385964912,0.04232918735352016,682,Look. There are the lovely people who are renting the penthouse in our first Tower.
1166,3441,0,4,53,57,1.0701754385964912,0.034134933513474304,682,You must see the view from our 6th story penthouse once my Neanderthal husband gets around to it!
1074,3441,0,4,53,57,1.0701754385964912,0.034134933513474304,682,Arriving for the world’s first Strata meeting.
568,3441,0,4,53,57,1.0701754385964912,0.034134933513474304,682,how did you get the penthouse at the Rockefeller?
186,3441,0,4,53,57,1.0701754385964912,0.034134933513474304,682,"Oh, look it's NRN and EOD."
3,3441,0,4,53,57,1.0701754385964912,0.034134933513474304,682,"Thank goodness we got a fixed rate here, I’d hate for inflation to be invented."
2128,3441,0,4,53,57,1.0701754385964912,0.034134933513474304,682,Come up and see us again sometime.
756,3461,0,4,54,58,1.0689655172413792,0.033563052647743945,682,If cavemen existed in the future and no longer in the past.
1876,3462,0,3,50,53,1.0566037735849056,0.03204557643805459,682,"Go ahead get a haircut you two, you don’t want to come down yet it’s an election year!"
1973,3462,0,3,50,53,1.0566037735849056,0.03204557643805459,682,"Sorry we can’t visit right now, the elevator is out!"
2072,3462,0,3,50,53,1.0566037735849056,0.03204557643805459,682,2200 BSL (before ship lap)
2247,3462,0,3,50,53,1.0566037735849056,0.03204557643805459,682,"Hi, it's Ivanka and Jared"
2455,3462,0,3,50,53,1.0566037735849056,0.03204557643805459,682,Sorry.  You can't come up; I cut my hair
1860,3462,0,3,50,53,1.0566037735849056,0.03204557643805459,682,Every week Joe and Karen Stalagmites would come over to play Scrabble with Anita and Paul Stalactites.
2573,3462,0,3,50,53,1.0566037735849056,0.03204557643805459,682,I hope the elevator has been repaired since our last visit last week.
2604,3462,0,3,50,53,1.0566037735849056,0.03204557643805459,682,Hey Fred hey Wilma
2605,3462,0,3,50,53,1.0566037735849056,0.03204557643805459,682,"You're happy now, but a fifth floor walk-up?"
2611,3462,0,3,50,53,1.0566037735849056,0.03204557643805459,682,We would invite you up but elevators haven’t been invented yet
3225,3462,0,3,50,53,1.0566037735849056,0.03204557643805459,682,Our mammoth needed a back scratch
3544,3462,0,3,50,53,1.0566037735849056,0.03204557643805459,682,"Wave Carl, I hear they’re quite down to earth, except maybe in the literal sense."
2954,3462,1,1,51,53,1.0566037735849056,0.041864165752847474,682,Welcome to our new needle tower hut.
3066,3462,0,3,50,53,1.0566037735849056,0.03204557643805459,682,use the elevator!
3158,3462,0,3,50,53,1.0566037735849056,0.03204557643805459,682,When did you move your doorman building?
3399,3462,0,3,50,53,1.0566037735849056,0.03204557643805459,682,"No glass in the windows yet nor any stairs, but, hey, it's a penthouse cave!"
3434,3462,0,3,50,53,1.0566037735849056,0.03204557643805459,682,I can't believe Gork's renting in such a clear looters market.
3448,3462,0,3,50,53,1.0566037735849056,0.03204557643805459,682,"Hang on, Otis is almost done inventing the elevator."
3464,3462,0,3,50,53,1.0566037735849056,0.03204557643805459,682,We  lived  in the penthouse now!
3519,3462,0,3,50,53,1.0566037735849056,0.03204557643805459,682,"If this sand castle crumbles, you are in big trouble."
1835,3462,0,3,50,53,1.0566037735849056,0.03204557643805459,682,"If you want to borrow some paintings let me know, our cave is overflowing with them"
2941,3462,0,3,50,53,1.0566037735849056,0.03204557643805459,682,"If we don't find new guests ourselves, the security deposit shall be forfeited"
1694,3462,0,3,50,53,1.0566037735849056,0.03204557643805459,682,Rapunzel just yelled that they had installed a chair lift since she had cut off her hair!
751,3462,0,3,50,53,1.0566037735849056,0.03204557643805459,682,"Dave has a bum knee. We're gonna wait 10,000 years for the elevator."
1449,3462,0,3,50,53,1.0566037735849056,0.03204557643805459,682,Come on up!
1534,3462,0,3,50,53,1.0566037735849056,0.03204557643805459,682,Wish you had an elevator!
89,3462,0,3,50,53,1.0566037735849056,0.03204557643805459,682,Hi there.We're here to see the rental.
119,3462,0,3,50,53,1.0566037735849056,0.03204557643805459,682,Shimmy on up!
226,3462,0,3,50,53,1.0566037735849056,0.03204557643805459,682,Look at their new cave-rise
322,3462,0,3,50,53,1.0566037735849056,0.03204557643805459,682,John and Beverly's 4 story studio apartment was a trend setter until they realized they could not efficiently cool the 4th floor.
426,3462,0,3,50,53,1.0566037735849056,0.03204557643805459,682,We can't wait to see your  rent-controlled penthouse pad.
448,3462,0,3,50,53,1.0566037735849056,0.03204557643805459,682,How did they get up there?
544,3462,0,3,50,53,1.0566037735849056,0.03204557643805459,682,I want one stone.
611,3462,0,3,50,53,1.0566037735849056,0.03204557643805459,682,"Hey Hun, that’s us in the 21st century ! 
But I’m afraid of height."
762,3462,0,3,50,53,1.0566037735849056,0.03204557643805459,682,Please let us in; you're​ the last building for miles.
724,3462,0,3,50,53,1.0566037735849056,0.03204557643805459,682,"This is the last time we visit them. I'm getting calluses from rock climbing."""
781,3462,0,3,50,53,1.0566037735849056,0.03204557643805459,682,"Come on up guys, we are on the 5th floor apt. A, but sorry, the lift has not been invented yet !"
845,3462,0,3,50,53,1.0566037735849056,0.03204557643805459,682,The view is great from up here.
951,3462,0,3,50,53,1.0566037735849056,0.03204557643805459,682,Take the rope ladder up to the 4th floor!
994,3462,0,3,50,53,1.0566037735849056,0.03204557643805459,682,Just take the stairs to the fourth floor !
1003,3462,1,1,51,53,1.0566037735849056,0.041864165752847474,682,Cave go up!  They see Jersey!
1124,3462,0,3,50,53,1.0566037735849056,0.03204557643805459,682,You din't tell us you had the penthouse suite!
1127,3462,0,3,50,53,1.0566037735849056,0.03204557643805459,682,Keep waving... My sisters timeshare sucks!
1310,3462,0,3,50,53,1.0566037735849056,0.03204557643805459,682,See ya at the club house.
1346,3462,0,3,50,53,1.0566037735849056,0.03204557643805459,682,I think I'll wait for the elevator to be invented before I move in.
1391,3462,0,3,50,53,1.0566037735849056,0.03204557643805459,682,We're just checking up the neighborhood after the storm to see if they still haven't yet invented electricity.
767,3462,0,3,50,53,1.0566037735849056,0.03204557643805459,682,When you get an elevator.
1838,3509,0,3,51,54,1.0555555555555556,0.031464006330825245,682,"You remember Jane, Noah's cousin. She's a little slower."
2583,3509,0,3,51,54,1.0555555555555556,0.031464006330825245,682,"The elevator won't be invented for another 3000 years, you'll have to walk up."
2287,3509,0,3,51,54,1.0555555555555556,0.031464006330825245,682,White heterosexuals out of the ivory tower.
1602,3509,0,3,51,54,1.0555555555555556,0.031464006330825245,682,"Sorry,we forgot the wine!"
2851,3509,0,3,51,54,1.0555555555555556,0.031464006330825245,682,Are you two interested in a carbon double date?
1230,3509,0,3,51,54,1.0555555555555556,0.031464006330825245,682,Yo come on up limpdick up here is all whining about 'why don't you take my feelings seriously' when all i want to do is get my thing stuffed by a swinging cock caveman. You can have a turn after I'm squirting.
817,3509,0,3,51,54,1.0555555555555556,0.031464006330825245,682,Party on the high rock!
1453,3509,0,3,51,54,1.0555555555555556,0.031464006330825245,682,Hey Eileen---this 'cave condo' thing is going to catch on!
889,3509,0,3,51,54,1.0555555555555556,0.031464006330825245,682,Didn't I predict gentrification would come between neighbors?
2049,3518,0,2,47,49,1.0408163265306123,0.028559278271677983,682,The elevator will be out of service for at least the next 200 years.
2106,3518,0,2,47,49,1.0408163265306123,0.028559278271677983,682,Stairs haven't been invented yet - you'll have to climb up.
2154,3518,0,2,47,49,1.0408163265306123,0.028559278271677983,682,"O Romeo, Romeo, wherefore art thou Romeo?"
2202,3518,0,2,47,49,1.0408163265306123,0.028559278271677983,682,How'd they get up there? They haven't even invented the elevator yet...
2278,3518,0,2,47,49,1.0408163265306123,0.028559278271677983,682,"Ooh honey, remember our suite at The Mirage?"
2586,3518,1,0,48,49,1.0408163265306123,0.04081632653061223,682,Hi.  We'll come down in a second.  Literally.
2281,3518,0,2,47,49,1.0408163265306123,0.028559278271677983,682,"Hey up there, don’t we look alike?
It’s uncanny yes?"
2378,3518,0,2,47,49,1.0408163265306123,0.028559278271677983,682,Hey look it’s Steve and Louise.
2385,3518,0,2,47,49,1.0408163265306123,0.028559278271677983,682,Thog's a manic builder who just learned to count!
2390,3518,0,2,47,49,1.0408163265306123,0.028559278271677983,682,What stairs? They have a private elevator – we have to press The Neanderthals.
2409,3518,0,2,47,49,1.0408163265306123,0.028559278271677983,682,That lift better be working.
2462,3518,0,2,47,49,1.0408163265306123,0.028559278271677983,682,Wow! At last they got new guests to refund our security deposit.
2544,3518,0,2,47,49,1.0408163265306123,0.028559278271677983,682,"I see you got one too, I had to go all the way up here to get mine, now help me figure out how to get down"
3474,3518,0,2,47,49,1.0408163265306123,0.028559278271677983,682,Can you shimmy down to first floor for supper...you didn't warn us you moved up!
2742,3518,0,2,47,49,1.0408163265306123,0.028559278271677983,682,Anthony! Anthony! Wednesday is Prince spaghetti day!
2750,3518,0,2,47,49,1.0408163265306123,0.028559278271677983,682,"Yoo hoo! The elevator's broken!  The Super's on strike!!  We haven't had garbage pick-up in a month!!!  So, what else is new?"
2751,3518,0,2,47,49,1.0408163265306123,0.028559278271677983,682,"Come on up! Fifth floor. Sorry, no elevator."
2759,3518,0,2,47,49,1.0408163265306123,0.028559278271677983,682,Take the pulley on the right from the entrance.
2778,3518,0,2,47,49,1.0408163265306123,0.028559278271677983,682,Just throw down the key. I can't figure out the electronic entry.
2780,3518,0,2,47,49,1.0408163265306123,0.028559278271677983,682,"Where’s the elevator?
     What elevator?"
2810,3518,0,2,47,49,1.0408163265306123,0.028559278271677983,682,Remember our motto: 'Anti-Trump. Gays. Blacks. Feminists. Anti-Trump. Gays. Blacks. Fem....
2986,3518,0,2,47,49,1.0408163265306123,0.028559278271677983,682,Hi Milly isn’t this Trump tower beautiful. Come on up we’re on the Sixth floor.
2992,3518,0,2,47,49,1.0408163265306123,0.028559278271677983,682,"Hi!  Take the stairs inside.  Can't get a elevator for a coupla thousand years.""
Murray Block, Albany. N"
3154,3518,0,2,47,49,1.0408163265306123,0.028559278271677983,682,and it comes with a parking pass
3294,3518,0,2,47,49,1.0408163265306123,0.028559278271677983,682,Kindly throw down your lift boy.
3312,3518,0,2,47,49,1.0408163265306123,0.028559278271677983,682,"Which came first, the doorman or the door?"
3367,3518,0,2,47,49,1.0408163265306123,0.028559278271677983,682,How is it up on the many-th floor?
3412,3518,0,2,47,49,1.0408163265306123,0.028559278271677983,682,"Now, that a strong foundation for a marriage."
1980,3518,0,2,47,49,1.0408163265306123,0.028559278271677983,682,"Hey, we will take the elevator."
2606,3518,0,2,47,49,1.0408163265306123,0.028559278271677983,682,If they brag one more time about the Tyrannosaur-proof guarantee on their penthouse
1952,3518,0,2,47,49,1.0408163265306123,0.028559278271677983,682,Nice place!  Were utilities included?
1366,3518,0,2,47,49,1.0408163265306123,0.028559278271677983,682,"We’re so glad, Kind Witch, that you’ll be living with the new hairdresser."
1754,3518,0,2,47,49,1.0408163265306123,0.028559278271677983,682,Girls: 4 exclamation points high. Guys: 2 questioning marks.
0,3518,0,2,47,49,1.0408163265306123,0.028559278271677983,682,"Oh Sally, your house is just divine, holy!!!"
132,3518,0,2,47,49,1.0408163265306123,0.028559278271677983,682,We’re new in town. Does it rhyme with sure or brrr?
205,3518,0,2,47,49,1.0408163265306123,0.028559278271677983,682,"Happy ""9/11 Will Never Happen"" Day!!"
445,3518,0,2,47,49,1.0408163265306123,0.028559278271677983,682,that's how we tired of you!
525,3518,0,2,47,49,1.0408163265306123,0.028559278271677983,682,"They're trying that new diet craze, so get ready for lots of wheat and dairy."
1756,3518,0,2,47,49,1.0408163265306123,0.028559278271677983,682,"LOOK, A CLOUD IN THE SKY."
619,3518,0,2,47,49,1.0408163265306123,0.028559278271677983,682,Press P-5
644,3518,0,2,47,49,1.0408163265306123,0.028559278271677983,682,"It's your turn to come down and open the door, sweetheart."
659,3518,0,2,47,49,1.0408163265306123,0.028559278271677983,682,u gei
674,3518,0,2,47,49,1.0408163265306123,0.028559278271677983,682,The Jones are so upper-upper-upper class.
693,3518,0,2,47,49,1.0408163265306123,0.028559278271677983,682,"Hi, Otis! Just climb right up here!"
701,3518,0,2,47,49,1.0408163265306123,0.028559278271677983,682,It's not even high tide can the rest of us have sand?
715,3518,0,2,47,49,1.0408163265306123,0.028559278271677983,682,It's the Paleo Tower penthouse!
784,3518,0,2,47,49,1.0408163265306123,0.028559278271677983,682,You must be Rapunzel's great-great grandparents.
539,3518,0,2,47,49,1.0408163265306123,0.028559278271677983,682,I heard they got a killer rental rate
957,3518,0,2,47,49,1.0408163265306123,0.028559278271677983,682,"I made you some pizza, here!"
954,3518,0,2,47,49,1.0408163265306123,0.028559278271677983,682,We’re waiting for the stone mason to install something called an elevator
1719,3518,0,2,47,49,1.0408163265306123,0.028559278271677983,682,Time and tide wait for no man. Just to let you know we won't be staying.
1678,3518,0,2,47,49,1.0408163265306123,0.028559278271677983,682,You can really see the East River? Who is your realtor?
1664,3518,0,2,47,49,1.0408163265306123,0.028559278271677983,682,How could you cave in?
1511,3518,0,2,47,49,1.0408163265306123,0.028559278271677983,682,Be right down.  Just have to invent the stair.
1355,3518,0,2,47,49,1.0408163265306123,0.028559278271677983,682,Hey I told you to bring Dino.
1568,3518,0,2,47,49,1.0408163265306123,0.028559278271677983,682,"Yes, we absolutely need a DJ!"
1196,3518,0,2,47,49,1.0408163265306123,0.028559278271677983,682,"So, the Pearson’s finally got their  penta house."
1101,3518,0,2,47,49,1.0408163265306123,0.028559278271677983,682,My girl!  Amazing work with the new zoning ordinance!
1064,3518,0,2,47,49,1.0408163265306123,0.028559278271677983,682,"I bet you those Lannister siblings get caught shagging by that Bran Stark kid who they throw out the window and he gets crippled and turns into a three-eyed raven before becoming the King of the Andals and the First Men. Seriously, I'll bet you 10p."
1025,3518,0,2,47,49,1.0408163265306123,0.028559278271677983,682,"Oh boy, it's the Flintstones, well Jim we've hit rock bottom!"
997,3518,0,2,47,49,1.0408163265306123,0.028559278271677983,682,Hi! Be right down. Gonna try jumping.
1342,3518,0,2,47,49,1.0408163265306123,0.028559278271677983,682,Can you ring me in?
2893,3580,0,2,48,50,1.04,0.02799416848895062,682,"""We'll be down as soon as Gork invents stairs."""
3565,3580,0,2,48,50,1.04,0.02799416848895062,682,ddd
2990,3580,0,2,48,50,1.04,0.02799416848895062,682,Stone house high...people happy.
2946,3580,0,2,48,50,1.04,0.02799416848895062,682,Ladder? You have to climb all the way to check-in at Hole'yWoodVenture Inn.
2813,3580,0,2,48,50,1.04,0.02799416848895062,682,Oh OMG its a 5th floor walk-up!
1023,3580,0,2,48,50,1.04,0.02799416848895062,682,Right now it's a little trouble to climb; we're just waiting for someone to invent stairs.
1863,3580,0,2,48,50,1.04,0.02799416848895062,682,Oh look! The Jeffersons moved.
1763,3580,0,2,48,50,1.04,0.02799416848895062,682,"How are things in your new high rise, Alice?"
1245,3580,0,2,48,50,1.04,0.02799416848895062,682,Just climb up the vine.
247,3580,0,2,48,50,1.04,0.02799416848895062,682,"Ooga short dinosaur futures, play market."
2772,3580,0,2,48,50,1.04,0.02799416848895062,682,Hi! Come on up for the rave in the cave you crave!!!
3424,3591,0,1,45,46,1.0217391304347827,0.021979349113192898,682,You are adorable.
541,3591,0,1,45,46,1.0217391304347827,0.021979349113192898,682,"-Come on up guys, we will show you our new discovery..
-Let me guess, STAIRS?.."
604,3591,0,1,45,46,1.0217391304347827,0.021979349113192898,682,"The producers told us that we can't afford a rock'n-roller until season two, so we decided to walk; but where's the rest of the crew?"
1419,3591,0,1,45,46,1.0217391304347827,0.021979349113192898,682,Nice--but they don't have a doorman.
2514,3591,0,1,45,46,1.0217391304347827,0.021979349113192898,682,"We were worried too, but this one doesn't lean. God's ok with this one; even blessed us with the unbeatable interest rates. So come on up neighbors, come find heaven in these grains of sand."
2983,3591,0,1,45,46,1.0217391304347827,0.021979349113192898,682,"Goddam, look at this shit! They're building these new luxury condominiums all over the downtown area! Whatever, I'm leaving for college anyway, who gives a shit if this town just becomes another gentrified suburb of Seattle.. I couldn't give a shit."
2633,3597,0,1,46,47,1.0212765957446808,0.021506619680967013,682,"Love new place, Lucy! Like big alone cave. Ooga ooga."
