target_id,rank,funny,somewhat_funny,unfunny,count,score,precision,contest,caption
518,1,2012,3461,1710,7183,2.042043714325491,0.00847950518287788,684,Stay calm. I think it just wants to be squeezed.
4157,2,2903,3786,3183,9872,1.9716369529983793,0.007897675457236058,684,"Honey, behind you."
172,3,3167,4262,3861,11290,1.9385296722763508,0.0074031927120346685,684,The waffle shirts were a bad idea.
1316,4,3110,4070,3814,10994,1.9359650718573767,0.007544389995197672,684,"My survival instinct is telling me to play dead, but my OCD says wipe the spout."
3955,5,2256,2860,2894,8010,1.9203495630461922,0.008915483388466927,684,Now do you believe me about the chocolate moose?
3407,6,2379,3914,3839,10132,1.8559020923805765,0.007650280738436185,684,Anyone find a little yellow cap?
2831,7,1785,3523,3394,8702,1.8150999770167777,0.008029386047199945,684,Forget what they said. Run! He's slower than molasses.
119,8,2980,4606,5469,13055,1.8093450785139793,0.006840540161221415,684,Don’t worry. Honey doesn’t go bad.
312,9,2457,3133,4455,10045,1.8010950721752115,0.008035541592955189,684,There must be a Costco nearby.
145,10,1930,3059,3781,8770,1.788939566704675,0.008317529250796388,684,"Careful, these guys can be viscous."
791,11,2016,3425,4051,9492,1.7856089338390224,0.00790581941422884,684,"Uh-oh, Drizzly Bear."
744,12,618,1407,1371,3396,1.778268551236749,0.012571143178512153,684,I think the situation is about to get sticky.
990,13,1571,2689,3314,7574,1.7698706099815158,0.008841594202237974,684,Now I know we ate the wrong mushrooms.
1063,14,1280,2338,3236,6854,1.7146192004668805,0.009179398844936801,684,Oh no. I have it’s little one in my back pack.
3746,15,1220,2511,3557,7288,1.6793358946212953,0.008708533561603874,684,"Oh no, we're toast!"
2542,16,172,447,570,1189,1.665264928511354,0.02076009872831306,684,"Sure, he LOOKS sweet..."
398,17,786,1781,2493,5060,1.6626482213438736,0.010276061924498857,684,They told me high fructose corn syrup was the real killer.
338,18,808,1718,2510,5036,1.6620333598093726,0.010400469636725366,684,"Which one of you keeps calling my name?"""
2442,19,785,2226,2829,5840,1.65,0.009219735940721903,684,"Shhhh, we’ll be ok, I don’t see any smaller bottles with her."
604,20,759,1459,2405,4623,1.6439541423318191,0.010983991871151209,684,Endangered AND made of plastic - I don't know how to process this.
279,21,959,2341,3378,6678,1.6377657981431566,0.00880991181505202,684,"Well, this is a sticky situation."
1409,22,380,1025,1418,2823,1.6323060573857597,0.013333643790006155,684,Just give me your biscuits and no one gets hurt.
1517,23,343,924,1280,2547,1.6321162151550843,0.014040142482662027,684,"Sorry, not you -- I was talking to my husband."
1397,24,791,2144,2971,5906,1.63088384693532,0.009208586801838557,684,"What do you think, use the bear spray or get the biscuits?"
2137,25,799,1518,2715,5032,1.6192368839427662,0.010487521174834558,684,The privatization of national parks is even creepier than I thought it could be.
3958,26,394,888,1455,2737,1.6123492875411034,0.013856038549489672,684,It's Smokey's brother Sticky.
1114,27,576,1410,2205,4191,1.611309949892627,0.011059449103295696,684,DON’T ...MOVE-—it’s a drizzly.
2793,28,169,498,720,1387,1.6027397260273972,0.018670376274630016,684,I don’t think it wants to hurt us... it just wants a squeeze.
4026,29,605,1102,2191,3898,1.5931246793227296,0.011898805548370148,684,You think I’m scary? Wait until you see Mrs. Butterworth!
2271,30,515,1224,2080,3819,1.5902068604346689,0.01157532591666839,684,They’re so cute when you bring them home. You never think about what they’ll be like fully grown.
2349,31,264,908,1267,2439,1.5887658876588766,0.013715179371958494,684,"Don't make any  sudden moves, and eventually he'll crystallize."
1966,32,202,495,855,1552,1.5792525773195876,0.018026921398977113,684,Don't run.  Just drop and play bread.
2726,33,247,899,1269,2415,1.5768115942028986,0.013632877987748896,684,"He seems friendly, even sweet."
2475,34,261,952,1353,2566,1.5744349181605612,0.013214218008109655,684,"Don’t worry. It runs, but very slowly."
802,35,249,548,1143,1940,1.5391752577319588,0.016140920326257163,684,Can you guys get me out of here? Those Charmin bears are creeping the %#@# out of me.
1486,36,484,1085,2244,3813,1.5384211906635195,0.01148008171994916,684,Does a bear drip in the woods?
1931,37,563,936,2331,3830,1.5383812010443865,0.011903258314184218,684,Remember... Only YOU Can Prevent Diabetes.
385,38,326,1163,1893,3382,1.5366646954464813,0.01142651423293302,684,He's probably just looking for his cap.
4085,39,216,487,1013,1716,1.5355477855477855,0.017082966926252607,684,Does a honey bear squirt in the woods?
2230,40,395,856,1833,3084,1.5337224383916992,0.012798795090564549,684,Quick! Lie down and play bread!
4349,41,159,383,780,1322,1.5302571860816945,0.019252282070063544,684,I used to prevent forest fires before I went into advertising.
4493,42,238,457,1082,1777,1.5250422059651096,0.017065719547697426,684,"It’s over, honey. Can’t you see I’m with Stevia now?"
857,43,201,659,1164,2024,1.5242094861660078,0.014881813215876458,684,Um... honey? Just how much did you put in that brownie?
3417,44,176,546,1008,1730,1.5190751445086705,0.016188313926460716,684,"Keep calm Stan, they only attack when they sense your blood sugar is low"
3112,45,298,1146,1912,3356,1.5190703218116806,0.011284542197503416,684,Not to worry - they don’t move all that fast when it’s cold out.
166,46,293,1092,1867,3252,1.515990159901599,0.011499951409555124,684,"Just tell him he is sweet, and walk away slowly."
83,47,233,627,1269,2129,1.5133865664631283,0.014840994714407809,684,The good news is he doesn't have a mouth.
3983,48,314,822,1689,2825,1.5132743362831858,0.012929924951855706,684,And you'd said natural sweeteners couldn't hurt us.
1902,49,222,372,1024,1618,1.504326328800989,0.018008349232727792,684,The bad news is you ate the wrong mushrooms. The good news is I’m a squirrel.
1050,50,155,421,874,1450,1.5041379310344827,0.017890395173340012,684,"Honey, bear!"
2925,51,187,455,1018,1660,1.4993975903614458,0.016926263550557877,684,Whatever you do don’t waffle.
1988,52,215,673,1328,2216,1.4977436823104693,0.014158697927823101,684,Very slowly hand me the french toast.
2019,53,218,613,1278,2109,1.4973921289710763,0.014719487267913571,684,I'm scared and inexplicably reassured at the same time.
3456,54,172,433,967,1572,1.4942748091603053,0.01727444878964826,684,"I don't know which scares me the most--
the single use plastic or the high glycemic carbs."
388,55,180,610,1216,2006,1.4835493519441676,0.014630801235903945,684,Let’s not panic. He looks kind of sweet.
574,56,165,561,1133,1859,1.4792899408284024,0.015161241133088336,684,Just hand over the herbal tea and nobody gets hurt.
3638,57,129,424,879,1432,1.4762569832402235,0.017326636888225014,684,"Is this the kind where we fight, play dead, or turn it upside-down?"
4506,58,125,365,815,1305,1.471264367816092,0.01838463333450954,684,I thought that size was only found at Costco.
3348,59,165,444,1036,1645,1.470516717325228,0.016539759638274643,684,I told you an apiary near a nuclear power plant was asking for trouble.
1906,60,134,341,823,1298,1.4691833590138674,0.01874064823059405,684,"If it's brown, lie down. If it's black, fight back. What do we do if it's Grade A clover?"
1282,61,106,339,732,1177,1.4681393372982159,0.019101942876000897,684,Where did you think those cute little bottles in the supermarket came from?
3708,62,293,178,1164,1635,1.4672782874617738,0.01927922562433415,684,Bear hug Mama and Papa for mustard and ketchup ??
2005,63,103,279,663,1045,1.4641148325358853,0.02066521688831582,684,It's climate change. They're supposed to be crystallized this time of  year.
1059,64,132,414,915,1461,1.4640657084188913,0.017149760944044228,684,Don't be fooled -- it's a honey trap.
543,65,139,359,875,1373,1.4639475600874,0.01813410826300839,684,"Go ahead, tweet about me. Who's going to believe you?"
1452,66,124,426,904,1454,1.4635488308115543,0.01698619482679919,684,Stay calm. He's just looking for pancakes.
1995,67,142,382,913,1437,1.4634655532359082,0.017629330970629298,684,"No, we haven't  seen the little cap that goes on top."
3908,68,146,370,913,1429,1.463261021693492,0.017810647089994778,684,Must be a Drizzly.
4078,69,105,347,753,1205,1.4622406639004148,0.01874040377818744,684,He's harmless -- it's the bees you have to watch out for!
3001,70,145,347,890,1382,1.4609261939218523,0.018217330834164394,684,"I'm just getting some extra part time work for the holidays.   Remember,  only you can prevent forest fires."
2427,71,141,297,819,1257,1.4606205250596658,0.019401739456193688,684,"Honey, have you ever felt like you were in a New Yorker cartoon?"
1499,72,89,252,593,934,1.4603854389721627,0.021691811075892537,684,Excuse me. Have you seen a little yellow cap on your hike?
160,73,156,272,843,1271,1.4594807238394965,0.01971917391791966,684,Christopher ?? That you ??  Winnie ?? You've grown up.
3008,74,84,316,655,1055,1.4587677725118484,0.01966371960411756,684,Walk away. He's slow as molasses.
936,75,98,292,678,1068,1.4569288389513109,0.02011367587499049,684,Can you tell me the way to Aunt Jemima's house?
962,76,116,347,808,1271,1.4555468135326515,0.018412537504716834,684,If we stand still long enough it will crystallize.
2836,77,130,278,778,1186,1.4536256323777403,0.019853337810600648,684,It’s part of Trump’s policy plan to privatize the National Parks and replace wildlife with product placements.
3045,78,85,383,758,1226,1.4510603588907014,0.017757257280505697,684,Don't be scared - he looks kind of sweet.
3402,79,91,355,745,1191,1.45088161209068,0.018343137987313695,684,"Darling, I think you should stop calling me Honey."
3195,80,104,306,732,1142,1.4500875656742558,0.019404936968412008,684,I may have put one of her cubs in your backpack
246,81,146,237,796,1179,1.448685326547922,0.020499582155077262,684,“We’ll have no more problem sticking together.”
421,82,106,267,711,1084,1.4418819188191883,0.020206556727291238,684,Sorry to scare you guys but can you tell me how to get back to Trader Joe's?
74,83,95,276,685,1056,1.441287878787879,0.020105813199290255,684,I told you plastics would kill us!
1216,84,84,307,686,1077,1.4410399257195914,0.019341207611649317,684,Should we run or make tea?
1812,85,84,294,674,1052,1.4391634980988592,0.019654357175250922,684,"No, YOU give him a squeeze."
1936,86,104,227,661,992,1.438508064516129,0.021448461241589663,684,"The moment internationally renowned father-daughter naturalists Pam and Alex Crimshaw, came upon the first incidence of ursine cultural appropriation in the wild."
2509,87,102,186,612,900,1.4333333333333333,0.022918878613713785,684,All I did was look up honey on Amazon before we left the house.
1450,88,64,161,443,668,1.4326347305389222,0.02559864030009498,684,It's a classic honey trap.
2495,89,75,275,635,985,1.4314720812182742,0.02010107054107296,684,"He may look mean on the outside, but he's actually really sweet on the inside."
39,90,73,185,515,773,1.428201811125485,0.02370259203353264,684,"Yeah? Well, I say YOUR hats are stupid!"
1023,91,71,241,588,900,1.4255555555555555,0.021152442156832596,684,"I did the Smoky gig for a long time, but my agent felt there was more money in honey."
2314,92,67,223,556,846,1.4219858156028369,0.021819762553582117,684,"I wouldn’t worry too much, I hear they’re slow as molasses."
420,93,84,189,575,848,1.4209905660377358,0.02284051571392551,684,Does a bear squirt in the woods?
4284,94,71,208,553,832,1.4206730769230769,0.02233053082075598,684,"Don’t worry, he’s way more tasty to us than we are to him."
1052,95,58,177,466,701,1.4179743223965764,0.024164604485075285,684,How did the Ranger say we could tell if it’s product placement or an actual bear again?
330,96,81,192,574,847,1.4179456906729635,0.022663390785734126,684,Have you seen the muffin man?
4115,97,72,191,539,802,1.4177057356608478,0.022974196464408885,684,Does this mean we're toast?
795,98,71,184,529,784,1.4158163265306123,0.023271279228059938,684,"It's Smoky's wife, Honey"
2775,98,51,224,509,784,1.4158163265306123,0.02182641228484431,684,"Uh oh, this could get sticky."
3333,98,63,200,521,784,1.4158163265306123,0.02270436899447772,684,Which of you has the sore throat/
3717,101,78,172,540,790,1.4151898734177215,0.023622388385353604,684,I'm starting to think those mushrooms weren't morels.
4447,102,64,183,504,751,1.4141145139813582,0.0234680803761437,684,Is that the new Free Range Honey everyone is talking about?
2764,103,68,181,517,766,1.4138381201044385,0.02343456534174872,684,Things have changed since Smokey took up vaping .
665,104,76,152,509,737,1.412483039348711,0.02468778690732339,684,Have you seen three bears carrying a roll of toilet paper?
1325,105,59,195,506,760,1.4118421052631578,0.022884580176805717,684,The trick is to be still and not let him know you have a sore throat.
3172,106,55,191,491,737,1.4084124830393487,0.023044895280270258,684,No sudden movements. I'm retrieving my thermos of Earl Grey from your bag.
3284,107,56,174,473,703,1.406827880512091,0.0238894703198649,684,Nooooo. Don’t be afraid. I’m a ‘viscous’ animal. Viscous!
1761,108,65,152,477,694,1.4063400576368876,0.024867548117647156,684,"They were wrong, honey can go bad."
3801,109,67,135,461,663,1.405731523378582,0.02587516709497828,684,"Don't move, he looks viscous."
4299,110,48,155,417,620,1.4048387096774193,0.025286182300811175,684,Give the little one back!
2786,111,52,172,459,683,1.404099560761347,0.024007345694672916,684,I don't know.  He seems sweet enough.
728,112,56,163,462,681,1.4038179148311307,0.024411094090339244,684,Honey?
2488,113,30,134,321,485,1.4,0.027412947874495455,684,Well that probably explains the giant bees and the over-sized flowers!
3091,113,48,164,438,650,1.4,0.02444112789872745,684,I told you  today's the day the teddy bears have their picnic!
3117,113,54,158,453,665,1.4,0.02461774065947359,684,Still think refined sugars are more dangerous?
3204,116,61,137,450,648,1.3996913580246915,0.025726230195405375,684,"Careful, don't make any sudden pancakes."
1740,117,70,117,457,644,1.3990683229813665,0.026665490216073336,684,Nancy and Jasper suddenly realized the mushrooms were kicking in.
1268,118,48,158,432,638,1.3981191222570533,0.024746453885030273,684,Hang back a sec - this could get sticky.
2456,119,39,142,372,553,1.3978300180831826,0.026258543102165268,684,I guess you are what you eat.
3347,120,40,174,426,640,1.396875,0.023879104555859527,684,Back away slowly before things get sticky
1784,121,45,126,374,545,1.3963302752293578,0.02726470875444757,684,No thanks. We like avocado on our toast.
2216,122,42,139,383,564,1.3953900709219857,0.02625171678226189,684,I'd be terrified if we didn't have scones.
1557,123,16,41,128,185,1.3945945945945946,0.04731156407289177,684,We’ll be OK. It can’t run uphill.
1481,124,47,147,417,611,1.3944353518821604,0.02537270570792238,684,"I know what it says, but don't be fooled.   It's mostly high-fructose corn syrup."
1879,125,54,118,404,576,1.3923611111111112,0.027216167496825195,684,That's Smoky the Bear's main squeeze.
3676,126,39,149,394,582,1.3900343642611683,0.025301220692397375,684,We better get our buns out of here.
313,127,48,128,399,575,1.3895652173913045,0.02655481086387555,684,I warned you not to wear that waffle knit shirt.
4295,128,57,118,421,596,1.389261744966443,0.02685198165409514,684,"It's me Smokey, I've been cross dressing for years and it feels great to finally be out"
1667,129,46,125,388,559,1.3881932021466905,0.026843461202087818,684,"Well, wouldn't YOU be upset if someone kept flipping you upside down and smacking your feet?!"
3765,130,44,140,404,588,1.3877551020408163,0.02567855769099575,684,"Good Lord, it's a drizzly bear!"
732,131,52,122,410,584,1.3869863013698631,0.02669020852393334,684,Must be the day the teddy bears have their picnic.
1381,131,51,124,409,584,1.3869863013698631,0.0265799366605546,684,"Well, make up your mind Karen we can't both be your 'Honey Bear'!"
3135,133,46,143,419,608,1.386513157894737,0.025296805710360134,684,I think we used one of her cubs at breakfast.
1149,134,39,136,379,554,1.3862815884476534,0.02613991933465537,684,"If he attacks, I'll hold him upside down and you squeeze!"
3454,135,51,106,388,545,1.381651376146789,0.027889934885095356,684,"Remember, only YOU  can prevent Type II diabetes."
3475,136,41,121,370,532,1.381578947368421,0.02710486688980272,684,That must be Smokey's big squeeze.
2031,137,48,112,386,546,1.380952380952381,0.027483167165992493,684,"Don’t worry, they’re quite viscous this time of year.”"
396,138,34,137,369,540,1.3796296296296295,0.025895354554448646,684,Hand over the toast and nobody gets hurt.
2289,138,45,115,380,540,1.3796296296296295,0.02731584114341179,684,"Don’t worry, it’s just a drizzly bear."
2190,140,38,140,391,569,1.3796133567662565,0.02549077155217905,684,Uh-oh. Looks like we're toast.
1913,141,44,115,377,536,1.3787313432835822,0.0273254192493188,684,We must be near a Costco.
2953,141,42,119,375,536,1.3787313432835822,0.027068978375559907,684,"Let's not argue, Stan. Give him the Cheerios."
3978,143,37,128,373,538,1.3754646840148699,0.026321229455769354,684,I think we're safe--he's crystallized.
4162,144,38,105,340,483,1.3747412008281574,0.02850566405499989,684,We catch more tourists with honey than with vinegar.
1347,145,39,120,371,530,1.3735849056603773,0.026843699216138946,684,Just play bread and it won't hurt you.
2586,146,32,116,334,482,1.3734439834024896,0.027613446122457138,684,"Sweetheart, the gummies are kicking in."
514,147,36,113,349,498,1.3714859437751004,0.027580591643831965,684,It would be a lot less confusing if you’d just call each other ‘Sweetheart’.”
434,148,31,119,339,489,1.3701431492842535,0.02715795344269163,684,"Oh no, it's a drizzly - don't make any sudden moves or things could get sticky."
2989,148,29,123,337,489,1.3701431492842535,0.026847573892709472,684,Have you seen a waffle run by?
405,150,37,106,344,487,1.3696098562628336,0.028143851856653978,684,We must be getting close to civilization!
285,151,35,109,341,485,1.3690721649484536,0.027916189462815762,684,I think we’re toast.
2591,152,40,100,349,489,1.3680981595092025,0.028493639154967627,684,"I didn't know the saying ""you are what you eat"" applied to animals too."
749,153,32,112,335,479,1.3674321503131524,0.027672526753616915,684,"Quick — do we play dead, fight, or prepare tea?"
2628,154,29,117,331,477,1.3668763102725368,0.02726586249585311,684,We're okay- He's vegan.
3485,155,34,100,324,458,1.3668122270742358,0.02886369661349806,684,"Be careful dear, I don’t think it’s organic."
47,156,36,102,337,475,1.3663157894736842,0.028451879548466695,684,No sudden movements. There's nothing more dangerous than plastic containers and processed sugar.
3750,157,21,120,302,443,1.3656884875846502,0.027189986180849536,684,"Organic, local, raw.  Whew, that's a relief"
394,158,25,121,322,468,1.3653846153846154,0.02693144222713538,684,He seems rather sweet.
4050,158,32,107,329,468,1.3653846153846154,0.028095540387619397,684,Just walk away quietly... honey bears have no legs.
4322,158,35,101,332,468,1.3653846153846154,0.028579928409944666,684,Relax -- I think only the high-fructose ones can hurt you.
3319,161,30,110,326,466,1.3648068669527897,0.02784280689655812,684,You guys are looking at me like you're both diabetics.
4255,162,27,113,318,458,1.3646288209606987,0.027657588020122796,684,Who you callin' Pooh?
2119,162,31,105,322,458,1.3646288209606987,0.028340143371417447,684,"Uh, honey, I think those mushrooms are kicking in."
376,162,38,91,329,458,1.3646288209606987,0.029496634400392106,684,Forget him; watch out for the bees.
472,162,32,103,323,458,1.3646288209606987,0.028508228884269723,684,I do believe that’s it’s time to question ourselves about those “wild “ mushrooms we ate earlier.
115,166,34,101,329,464,1.3642241379310345,0.028577379302743507,684,I guess that’s not too surprising here in the Kraft-Heinz National Forest.
360,167,30,108,324,462,1.3636363636363635,0.0279942312211917,684,He must have tailed us from Costco.
2353,168,40,87,333,460,1.3630434782608696,0.029710144927536233,684,I’m afraid we’re toast.
1418,168,29,109,322,460,1.3630434782608696,0.027901549127890272,684,"Forget it, there's no way I'm putting the top back on again!"
3767,170,24,116,313,453,1.3620309050772628,0.027302176391693543,684,Don't worry.  I think he's sweet.
2235,170,37,90,326,453,1.3620309050772628,0.029536236078243593,684,Can I hide out with you guys?  The vegans are after me.
1569,170,26,112,315,453,1.3620309050772628,0.027657626123582163,684,"Sorry, when I said ""honey, I think we're lost,"" I was talking to my husband.  But thanks for the offer."
243,170,32,100,321,453,1.3620309050772628,0.02869757174392936,684,"Don't worry, honey never goes bad."
2998,174,35,100,335,470,1.3617021276595744,0.02845749715610862,684,Stay perfectly still. It will eventually crystallize.
1916,175,30,103,318,451,1.3614190687361418,0.028434447789935115,684,"What now, Stan? Are we supposed to run or squeeze?"
4140,176,31,94,307,432,1.3611111111111112,0.0294665800338336,684,We should discreetly tell him that he needs to wipe.
796,177,36,90,323,449,1.3608017817371938,0.029541896832507703,684,Only you can prevent refined sugars.
1130,177,36,90,323,449,1.3608017817371938,0.029541896832507703,684,I thought we only had to worry about artificial sweeteners.
4257,177,32,98,319,449,1.3608017817371938,0.028860920791944075,684,I'm a bit plugged up; could I trouble you for a gentle hug?
1160,180,24,103,293,420,1.3595238095238096,0.028676125559015105,684,He wants directions to IHOP.
4525,181,32,93,312,437,1.3592677345537758,0.029391673238359797,684,"If he gets us in a bear hug, we're stuck."
549,182,33,92,315,440,1.3590909090909091,0.029426741131494415,684,Let's see how you like it when I turn you upside down and squeeze!
2568,182,35,88,317,440,1.3590909090909091,0.029776522879338806,684,Play diabetic.
1329,184,24,109,305,438,1.3584474885844748,0.027874839897862377,684,"This could get sticky, fast."
70,185,31,94,311,436,1.3577981651376148,0.029242563570820227,684,I thought there was an ordinance  warning bears not to feed humans.
2253,186,27,101,306,434,1.3571428571428572,0.02859350367394334,684,Can you inform Sir David Attenborough I exist?
4287,186,30,95,309,434,1.3571428571428572,0.02914646792924466,684,The poor creature seems to be clogged.
2880,188,28,95,302,425,1.3552941176470588,0.029171941218727473,684,"I can’t remember if it’s run, play dead, or whip up a batch of pancakes."
741,189,28,93,300,421,1.3539192399049882,0.029345115542634886,684,I knew we shouldn't have eaten the whole bag of cannabis gummy bears.
167,190,30,86,298,414,1.3526570048309179,0.03006117966777303,684,Have you seen my husband Smokey by any chance?
2853,190,31,84,299,414,1.3526570048309179,0.030255109663138442,684,Are you local?
3896,190,30,86,298,414,1.3526570048309179,0.03006117966777303,684,Goldilocks?!!! It's me.
3738,193,24,99,294,417,1.3525179856115108,0.02872938094650943,684,I thought he was cute at first but now he keeps asking me to squeeze him.
3119,194,31,83,298,412,1.3519417475728155,0.03034931228478091,684,"5$ for an instagram post, 10$ for a story. Otherwise I eat you."
1373,195,28,88,294,410,1.351219512195122,0.029850881730749276,684,Be very careful. I’m not sure it’s organic.
2800,195,17,110,283,410,1.351219512195122,0.027565933217003395,684,Just do as I do....I’ve been in sticky situations like this before....
4301,195,28,88,294,410,1.351219512195122,0.029850881730749276,684,"What do you mean, ""Silly Hat""?
Have you two even looked at each other lately?"
972,198,32,73,286,391,1.350383631713555,0.0316753486124504,684,"Roger, let's just hope he's not part of a Costco 3 pack..."
391,199,25,92,289,406,1.3497536945812807,0.029421532262287373,684,"Don't worry, it runs slow."
4160,199,28,86,292,406,1.3497536945812807,0.030035250162482787,684,I've seen bigger ones at Costco.
3593,201,25,81,269,375,1.3493333333333333,0.031052521011992535,684,"Careful, it looks viscous."
1951,202,31,78,292,401,1.3491271820448878,0.0308970410855331,684,Just play bread
2333,202,14,112,275,401,1.3491271820448878,0.027251735229672128,684,Very slowly hand me the cap.
4466,204,24,91,284,399,1.3483709273182958,0.0295404235516609,684,It's got to be the mushrooms.
3707,204,24,91,284,399,1.3483709273182958,0.0295404235516609,684,I think she saw us squeeze her baby.
2290,204,29,81,289,399,1.3483709273182958,0.030587711956127573,684,You guys are toast.
2081,204,25,89,285,399,1.3483709273182958,0.02975283051125428,684,"Just keep moving. And whatever you do, don’t waffle."
700,204,39,61,299,399,1.3483709273182958,0.03258145363408522,684,"Uh oh, I think today's the day the teddy bears have their picnic."
325,204,28,83,288,399,1.3483709273182958,0.030381142554076666,684,I don't think those were morels we ate.
1948,210,29,75,278,382,1.3481675392670156,0.03153048620988729,684,"They're viscous, not vicious."
3803,210,28,77,277,382,1.3481675392670156,0.03131181602609042,684,Oh no! That must have been her cub we stole from the cafe!
3946,210,17,99,266,382,1.3481675392670156,0.028797060740116804,684,They always seem sweet at first.
1515,213,32,74,291,397,1.3476070528967254,0.031301138266457564,684,"... maintain eye contact, walk slowly, and whatever you do, don't mention collapsing bee populations."
2547,214,30,77,288,395,1.3468354430379748,0.030992030769831407,684,This explains the plastic bear scat all over this trail!
4087,215,30,69,273,372,1.346774193548387,0.03233134446769379,684,What? You were expecting Pooh?
1012,216,16,101,268,385,1.3454545454545455,0.028377688271894658,684,I have a feeling that things are going to get sticky.
1249,217,23,87,276,386,1.3445595854922279,0.029935396326592326,684,I think we’re okay- he looks sweet-
2360,217,27,79,280,386,1.3445595854922279,0.030821423254202052,684,I think we picked the wrong mushrooms.
293,219,26,80,278,384,1.34375,0.03070123036829415,684,Only in America do they reach this size.
1304,219,29,74,281,384,1.34375,0.03135860154366879,684,I think we should lay down and play bread.
2263,219,28,76,280,384,1.34375,0.031141019720385094,684,Lick your what!
660,222,21,89,272,382,1.3429319371727748,0.029664673070770503,684,"Pardon me, folks. Could you tell me which way to IHOP?"
3488,223,26,76,273,375,1.3413333333333333,0.031175351721534416,684,He’s not going to eat us. He’s too sweet.
1484,223,18,92,265,375,1.3413333333333333,0.029288573856137843,684,I am torn between playing dead and making toast with peanut butter.
52,225,22,76,254,352,1.3409090909090908,0.0315637140039411,684,I'm looking for a guy named Pooh. He ate my brother.
402,225,23,74,255,352,1.3409090909090908,0.03181910680566165,684,He looks kind of sweet.
1145,225,19,82,251,352,1.3409090909090908,0.030784825696437503,684,I don't know whether to play dead or make tea.
1427,225,20,80,252,352,1.3409090909090908,0.0310466263762676,684,"Nothing to worry about, he seems sweet"
362,229,19,89,265,373,1.3404825737265416,0.029622665795175456,684,Stay calm.  He looks sweet.
1306,230,23,80,268,371,1.3396226415094339,0.030680054318833364,684,"Now, the park signs make sense!
“Don’t Squeeze the Bears”"
2007,230,15,96,260,371,1.3396226415094339,0.02871771449614194,684,Have no fear. He must be the one Goldilocks said was “just right.”
1013,232,13,96,253,362,1.3370165745856353,0.028598840002243674,684,"No use trying to run, Bob. I think we're toast."
1414,232,25,72,265,362,1.3370165745856353,0.031647204740249395,684,He wants a squeeze.
1546,232,30,62,270,362,1.3370165745856353,0.032833933674429244,684,I knew it was a bad idea to eat those wild mushrooms.
3375,232,23,76,263,362,1.3370165745856353,0.031159860635199287,684,Think!  What would Goldilocks do?
4134,232,17,88,257,362,1.3370165745856353,0.029649805321559475,684,"I'm telling you, back in the day, I was better known than Smokey!"
95,237,21,79,260,360,1.336111111111111,0.030765855742518337,684,"Well, this is a very sticky situation."
532,237,23,75,262,360,1.336111111111111,0.03126480528958056,684,He says he works at the pancake house down the road.
4250,239,17,80,243,340,1.3352941176470587,0.030861378729801506,684,"He says we should squeeeze his tummy, but I think we should run"
1659,239,20,74,246,340,1.3352941176470587,0.031693546942912855,684,"Yeah, they look sweet but they’re still wild animals!"
1545,239,23,68,249,340,1.3352941176470587,0.03250441721583386,684,"Remember that party in the woods after Woodstock? Well, she says you’re the father."
1561,242,18,84,256,358,1.335195530726257,0.03009779327483631,684,"Not you, I was calling for my husband."
1866,243,17,64,212,293,1.3344709897610922,0.03405480586851457,684,I'm filling in for Smokey this week.
1020,244,14,83,235,332,1.3343373493975903,0.030449464626677452,684,Don’t be fooled by his sweet looks. He is a bear after all... Just give him the peanut butter and the bread and slowly walk away.
2570,245,20,78,255,353,1.3342776203966005,0.030888846751969116,684,"Stay calm; they can sense fear.
Fear, and pancakes."
3243,245,27,64,262,353,1.3342776203966005,0.03266177382155032,684,Don't you just hate how commercial the forests have gotten these days?!
4285,245,20,78,255,353,1.3342776203966005,0.030888846751969116,684,no thank you. we prefer maple syrup.
2766,248,20,77,254,351,1.3333333333333333,0.03099227259367987,684,Don’t worry;  he’ll be moving very slowly in this weather”
3123,249,19,78,252,349,1.332378223495702,0.030830714157076965,684,Do you mind wiping my top?
49,249,14,88,247,349,1.332378223495702,0.029465163845924364,684,"Careful, he's unrefined."
228,249,21,74,254,349,1.332378223495702,0.0313602894983875,684,We've been in worse jams.
3251,249,24,68,257,349,1.332378223495702,0.03213829476502454,684,Looks like Smokey's all-in for Halloween.
245,253,23,61,238,322,1.3322981366459627,0.033708167931684976,684,"If you say that this could get sticky, I will slap you, Charlie."
3387,254,17,81,249,347,1.3314121037463977,0.03039056127098697,684,I forget—do we play dead or make toast?
671,254,25,65,257,347,1.3314121037463977,0.03250924013852477,684,"Kyle, I don't think those were Chanterelle mushrooms you foraged."
208,254,22,71,254,347,1.3314121037463977,0.03173131756447049,684,What if he's not as sweet as he looks?
1720,257,18,74,240,332,1.3313253012048192,0.031574138568817404,684,Slowly remove the toast from your pack and place it on the ground.
4494,258,24,59,240,323,1.3312693498452013,0.033904175288591416,684,You’d catch more millennials with local honey.
3918,259,26,61,255,342,1.3304093567251463,0.03308594501587356,684,Wow! First we find those yummy mushrooms... now this? !
2375,259,23,67,252,342,1.3304093567251463,0.03229909424159837,684,Are you sure you picked the right mushrooms?
3813,259,26,61,255,342,1.3304093567251463,0.03308594501587356,684,"I've heard of product placement, but this is ridiculous!"
2350,262,22,56,225,303,1.33003300330033,0.03482813724548296,684,Graham...I think it's kicking in.
2673,263,21,70,249,340,1.3294117647058823,0.03187498930505667,684,Whatever you do don’t say we’re toast.
2516,263,23,66,251,340,1.3294117647058823,0.03241479739784071,684,Very. Slowly. Hand me. Some toast.
2436,265,29,58,266,353,1.3286118980169972,0.033068973524491646,684,"Still a climate change denier, Allan?"
169,266,18,78,251,347,1.3285302593659942,0.03061718347771694,684,"It's okay, I think he's crystallized."
723,267,14,82,239,335,1.328358208955224,0.030175196278014613,684,He'll never catch us. It's January.
2474,267,18,74,243,335,1.328358208955224,0.03133753761664383,684,You said you recycled him
4090,269,18,85,267,370,1.327027027027027,0.029327496089481618,684,Whoa. Product placement is getting out of control!
3868,270,22,63,243,328,1.326219512195122,0.03289993556232656,684,"I can't remember. Do we play dead, or make lemon tea?"
2209,271,15,72,226,313,1.3258785942492013,0.031801083548039934,684,"Don't worry - that's not a grizzly bear, it's a drizzly bear."
3194,271,18,66,229,313,1.3258785942492013,0.03275284830539504,684,"So...you see it, too?"
1839,271,15,72,226,313,1.3258785942492013,0.031801083548039934,684,Do we back away slowly?  Play dead?  Just get out some toast?
2939,274,9,89,231,329,1.325227963525836,0.02891144919780607,684,Hmmm! This could be a sticky situation!
3120,274,21,65,243,329,1.325227963525836,0.03253114407083142,684,"I don't know...all I said was ""honey bear with me while I find the map."""
1800,274,17,73,239,329,1.325227963525836,0.03137101934286751,684,She's probably just protecting her pancakes.
1152,277,17,72,237,326,1.3251533742331287,0.031560595489436453,684,They said honey never went bad
1760,277,18,70,238,326,1.3251533742331287,0.031858248795886696,684,I guess that explains that giant pancake we were wondering about.
2189,277,16,74,236,326,1.3251533742331287,0.0312601081084992,684,"Well, we can check this one off the bucket list."
2751,277,17,72,237,326,1.3251533742331287,0.031560595489436453,684,"Thought you could ditch me after breakfast, huh?"
105,281,20,65,239,324,1.3240740740740742,0.03256367226566883,684,"Gosh, even the wildlife here is commercialized."
2283,282,15,46,174,235,1.323404255319149,0.03847929387849536,684,I get the feeling we might be toast...
1912,283,17,63,221,301,1.3222591362126246,0.033234770746481096,684,I thought you said we were in Vermont.
970,284,18,60,220,298,1.3221476510067114,0.03379348606792714,684,"Oh great, there’s going to be ants everywhere."
1731,284,19,58,221,298,1.3221476510067114,0.03412619285324347,684,Did you call me?
4082,284,19,58,221,298,1.3221476510067114,0.03412619285324347,684,This is about to get sticky.
442,287,16,71,233,320,1.321875,0.03158664673496139,684,I told you Yosemite is being commodified.
1968,287,15,73,232,320,1.321875,0.03127497043116458,684,We're going to need a bigger pot of tea
3145,287,19,65,236,320,1.321875,0.03250374872882098,684,"Look, even Pooh sold out."
1982,290,23,56,238,317,1.3217665615141956,0.03390900199268272,684,I didn't see this coming when Trump privatized the National Parks.
4325,290,21,60,236,317,1.3217665615141956,0.033314998094055914,684,Watch out dear. This is a sticky situation.
4147,292,21,61,239,321,1.320872274143302,0.03301298888906905,684,"Everybody wants ""local"" but no one wants ""close"""
371,293,13,75,227,315,1.3206349206349206,0.03092871662779059,684,I thought honey never went bad.
450,293,17,67,231,315,1.3206349206349206,0.03220973644391087,684,I'm afraid we might have one of her children in the kitchen.
4056,293,20,61,234,315,1.3206349206349206,0.03313801938777003,684,"Be careful, he is very viscous."
720,296,17,66,230,313,1.3194888178913737,0.0323265544977332,684,"Don't show fear. They smell fear…

and pancakes."
3807,297,19,61,230,310,1.3193548387096774,0.03316858823515917,684,"Just one minute, I have information on the Bidens"
3749,298,12,66,204,282,1.3191489361702127,0.0328047863278441,684,Smokey Bear has the day off so don't start any fires.
617,298,14,62,206,282,1.3191489361702127,0.03356534355156815,684,Something tells me it’s not organic.
1602,300,14,75,234,323,1.3188854489164086,0.0307203791529709,684,It actually looks pretty sweet.
4296,301,19,61,231,311,1.3183279742765273,0.03307770764019559,684,Let’s let him hibernate in our pantry.
3546,302,21,56,231,308,1.3181818181818181,0.033923932205738874,684,I’ve gotten out of stickier situations.
3733,302,28,42,238,308,1.3181818181818181,0.03604016627245628,684,"‘When asked ,the Cohen’s would refer to this day as the day they packed it in.’’"
3601,304,18,55,214,287,1.3170731707317074,0.03457905279674464,684,Catching flies. What are you two doing?
2952,305,19,59,228,306,1.3169934640522876,0.03342187436917239,684,"When you don't put the cap back on, it haunts me all day."
3923,306,14,63,211,288,1.3159722222222223,0.03304289257805257,684,Tip me over and pour me out
4340,307,19,58,227,304,1.3157894736842106,0.03355043895058745,684,I missed you guys at breakfast.
3887,307,8,80,216,304,1.3157894736842106,0.029779057747619676,684,"Stand still, stay quiet, and don't squeeze him."
37,307,22,52,230,304,1.3157894736842106,0.03450753608320565,684,"Tigger and I are playing hide and seek. Please, don't give me away."
1892,307,14,68,222,304,1.3157894736842106,0.03189151087435896,684,"I can tell by his lid, he’s domesticated!"
2759,311,17,55,210,282,1.3156028368794326,0.03460838676664033,684,Must be Smokey's honey.
233,312,17,52,204,273,1.315018315018315,0.03537217567001459,684,I think it doesn’t know what it should do in the woods.
1946,313,20,55,227,302,1.314569536423841,0.03400536767790486,684,"I won't hurt you, unless you have Type 2 Diabetes."
3800,313,20,55,227,302,1.314569536423841,0.03400536767790486,684,"Remember, only you can prevent artificial sweeteners."
4214,313,15,65,222,302,1.314569536423841,0.03234743344131346,684,"Careful, if he attacks it could be a sticky situation."
4315,316,16,62,221,299,1.31438127090301,0.032900556837235855,684,"Dad, we shouldn't have eaten those mushrooms."
1379,316,18,58,223,299,1.31438127090301,0.033575869471121865,684,Smokey the Bear was privatized. That's Comrade Poohtin.
1237,316,23,48,228,299,1.31438127090301,0.035207526710859416,684,I’m guessing it comes from Costco.
1018,316,14,66,219,299,1.31438127090301,0.03221108923427707,684,Did the brochure say “vicious” or “viscous”?
1896,316,17,60,222,299,1.31438127090301,0.033239928180894135,684,"Remind me to never call you by your pet name in the woods."""
103,316,12,70,217,299,1.31438127090301,0.031506537402846,684,"Ironically, we will be killed by something on the Paleo diet."
486,316,18,58,223,299,1.31438127090301,0.033575869471121865,684,"Look honey, he's so sweet!"
3871,323,14,65,218,297,1.3131313131313131,0.032328350673108415,684,Just don't call him 'Honey Boo-Boo'.
682,324,13,65,213,291,1.3127147766323024,0.032391533810119444,684,"Don't worry, I read that if you stay still long enough they crystallize."
4125,325,16,58,214,288,1.3125,0.03370061161735292,684,I always wondered why the bottle is not in the shape of a bee.
3060,326,24,46,231,301,1.3122923588039868,0.03531922422585348,684,If you see a woman filled with maple syrup tell her her husband will meet her at the car.
770,327,21,50,224,295,1.311864406779661,0.03484552303979497,684,"Whatever you do, don’t act like a pancake."
2529,327,16,60,219,295,1.311864406779661,0.03314981324963647,684,"I can’t remember. Back away slowly, play dead, or break out the biscuits?"
232,329,19,53,220,292,1.3116438356164384,0.03441504014895075,684,"Tired of fighting wildfires, Smokey tries a new gig."
753,329,21,49,222,292,1.3116438356164384,0.03509229714369726,684,"Hey, for a hundred bucks and some weed I'll introduce you to Bigfoot."
2969,329,15,61,216,292,1.3116438356164384,0.03301887835342974,684,If he wants to believe he's Winnie the Pooh just humor him.
3351,329,21,49,222,292,1.3116438356164384,0.03509229714369726,684,"If Mrs. Butterworth comes by, I was never here."
1865,333,16,61,222,299,1.3110367892976589,0.03283660567705299,684,Quick! The herbal tea!
1084,334,21,48,221,290,1.3103448275862069,0.035238117425118,684,I’m afraid. He’s not organic or local.
3,334,13,64,213,290,1.3103448275862069,0.03241630628961133,684,Maybe we should lay off the wild berries for a while?
494,336,14,60,212,286,1.3076923076923077,0.03302948440310103,684,It's okay. The ursus plasticus feeds only on pancakes and waffles.
1518,336,17,54,215,286,1.3076923076923077,0.034125612666457486,684,Oh no! That little one must have been her cub!
91,336,21,46,219,286,1.3076923076923077,0.035534559325107754,684,Only you can prevent toaster fires.
1903,336,15,58,213,286,1.3076923076923077,0.0333988578633585,684,Maybe she smells your Earl Grey
2123,340,17,53,213,283,1.3074204946996466,0.03436632427692228,684,"Yeah, one of you was supposed to wipe off my hat when you were done."
4264,340,17,53,213,283,1.3074204946996466,0.03436632427692228,684,Do you think I put too much pot in the brownies?
4054,340,20,47,216,283,1.3074204946996466,0.03544328654943826,684,If it's Manuka we can retire..
1091,340,11,65,207,283,1.3074204946996466,0.03210419925910862,684,Don't trust him.  He's just a Pooh in bear clothing.
2166,340,15,57,211,283,1.3074204946996466,0.033629194155682184,684,I'm afraid it was her cub we used on our biscuits.
1836,340,16,55,212,283,1.3074204946996466,0.03399975693933081,684,The ranger made them seem so much more dangerous.
872,346,16,48,197,261,1.3065134099616857,0.03590416214677088,684,Well next time don't leave a bread crumb trail..
1478,346,20,40,201,261,1.3065134099616857,0.03750998043886189,684,Do you think we should play bread?
4229,346,11,58,192,261,1.3065134099616857,0.03378974168492386,684,"Do I run, or do I squeeze it?"
298,349,18,49,212,279,1.3046594982078854,0.03501666337268345,684,Pretend to be insulin resistant.
2416,349,9,67,203,279,1.3046594982078854,0.031529261126213765,684,Told you we shouldn't have eaten those 'schrooms.
2833,349,17,51,211,279,1.3046594982078854,0.03464651340035951,684,"Sometimes you follow your dream, sometimes your dream follows you."
614,352,13,58,205,276,1.3043478260869565,0.03335337657126812,684,"In January, you can outrun them."
2394,352,13,58,205,276,1.3043478260869565,0.03335337657126812,684,"Careful, it could be a 'cereal' killer!"
2871,354,14,57,209,280,1.3035714285714286,0.03340936577668705,684,Relax. He's crystallized.
3977,355,12,59,203,274,1.302919708029197,0.03308057647471837,684,Let’s make a run for it. He slower than molasses.
2207,355,9,65,200,274,1.302919708029197,0.03184513747585045,684,We've got a sticky situation here.
4482,355,13,57,204,274,1.302919708029197,0.03348226086921724,684,He must take us for saps.
1550,355,12,59,203,274,1.302919708029197,0.03308057647471837,684,Just play diabetic.
1956,355,11,61,202,274,1.302919708029197,0.03267395425847727,684,I'm sure he's very sweet on the inside.
505,360,12,58,202,272,1.3014705882352942,0.0332063528567096,684,Looks like Smokey's gone into business.
2920,360,17,48,207,272,1.3014705882352942,0.03518984216192794,684,You’re not fooling anyone - sugar is sugar.
3940,362,12,57,200,269,1.3011152416356877,0.033438749069731384,684,"Quickly and quietly, Dear, get out the English Muffins."
3384,362,14,53,202,269,1.3011152416356877,0.03425835077525462,684,I'm as lost as you are.
2455,362,18,45,206,269,1.3011152416356877,0.03584137155333544,684,Your honey or your wife.
2191,362,12,57,200,269,1.3011152416356877,0.033438749069731384,684,Oh no! Now we’re toast.
913,362,13,55,201,269,1.3011152416356877,0.03385103053962206,684,"Actually, no, I don't sh_t in the woods. And we all don't look alike either."
375,362,14,53,202,269,1.3011152416356877,0.03425835077525462,684,Could I borrow a hat? The flies out here are terrible.
226,362,13,55,201,269,1.3011152416356877,0.03385103053962206,684,Think she knows we ate her little ones?
2088,362,16,49,204,269,1.3011152416356877,0.035058797131851456,684,So THAT explains the gooey rabbit.
1366,370,9,60,191,260,1.3,0.03283460184182349,684,Don’t let his sweetness fool you
2449,371,12,56,199,267,1.299625468164794,0.03356833942025297,684,Watch it-he may not be as sweet as he looks.
3710,371,9,62,196,267,1.299625468164794,0.032285485072231,684,I think we’ve found ourselves a sticky situation.
4142,373,7,60,180,247,1.2995951417004048,0.03291514433321812,684,"Don’t worry, he’s one of the sweet ones"
2642,373,15,44,188,247,1.2995951417004048,0.03669780916836827,684,It's not abominable.  I think it's sweet.
1574,373,13,48,186,247,1.2995951417004048,0.03578964347318405,684,Where did you get your caps?
502,373,13,48,186,247,1.2995951417004048,0.03578964347318405,684,"I don't know, it just seems like too much of a good thing."
3886,377,17,45,203,265,1.2981132075471697,0.035757157040825764,684,"I see them every day on Instagram, but this is my first time seeing an ad in the wild."
3323,377,15,49,201,265,1.2981132075471697,0.034948515716245146,684,"Ok,which one of you turned my son upside down at breakfast today?"
2940,377,11,57,197,265,1.2981132075471697,0.03327232623399436,684,They say you can't outrun a bear but I think we have a pretty good chance with this one.
681,377,16,47,202,265,1.2981132075471697,0.03535514835501974,684,Do you guys have an extra wet wipe?
2104,377,18,43,204,265,1.2981132075471697,0.03615469601696434,684,Just lie down and play bread.
2102,377,19,41,205,265,1.2981132075471697,0.036547911137518076,684,"If you see Smokey, please tell him his Honey is looking for him!"
1027,377,15,49,201,265,1.2981132075471697,0.034948515716245146,684,"Frank, please tell me you remembered to bring the scones."
2470,384,12,54,196,262,1.297709923664122,0.033941677408902984,684,Fall down and play bread!
2468,384,12,54,196,262,1.297709923664122,0.033941677408902984,684,Don't worry. My aggressive tendencies are targeted exclusively at bees.
2370,384,7,64,191,262,1.297709923664122,0.031714352451485066,684,I hear they’re most dangerous when they’ve lost their cap.
2296,384,16,46,200,262,1.297709923664122,0.03562340966921119,684,"Maybe calling out ""Honey"" when you got lost wasn't such a good idea."
1585,384,15,48,199,262,1.297709923664122,0.03521050771684279,684,Honey...Did the kids shrink us?
4523,384,10,58,194,262,1.297709923664122,0.033068754735623596,684,Poor guy must be lost and scared—there’s not a Costco around here for miles.
1270,384,13,52,197,262,1.297709923664122,0.03436982583768266,684,"“I swear, this is the last time I drop acid while hiking in the woods.”"
742,384,15,48,199,262,1.297709923664122,0.03521050771684279,684,I think we can outrun him.
113,384,11,56,195,262,1.297709923664122,0.03350805877020379,684,He's not as sweet as he looks.
2822,384,12,54,196,262,1.297709923664122,0.033941677408902984,684,This might be sticky.
4363,384,12,54,196,262,1.297709923664122,0.033941677408902984,684,"You don't have to worry about Honey Bears, it's the Honey Badgers that you have to watch out for"""
21,395,18,41,200,259,1.2972972972972974,0.03672165116119496,684,Quick! Play bread!
501,396,15,49,202,266,1.2969924812030076,0.034834915373131506,684,"Don't trust him. He may look sweet, but his sugar content is deadly"
4215,397,13,46,184,243,1.2962962962962963,0.03610708853455761,684,Looks like they do more in the woods than we thought.
2748,398,14,49,197,260,1.2961538461538462,0.034937288177955224,684,Excuse me... did you just ask him about the bears and the bees?
2013,398,16,45,199,260,1.2961538461538462,0.03577728559616491,684,He must sense the pancake mix in your backpack
4055,400,9,57,188,254,1.295275590551181,0.033205198525577094,684,Careful.  One wrong move and we’re in a real sticky situation.
2221,401,10,57,194,261,1.2950191570881227,0.03308562356450525,684,I think he wants us to help him find the cap?
54,402,11,54,193,258,1.2945736434108528,0.03376914818378208,684,I told you to tip at the pancake house!
3430,403,12,51,192,255,1.2941176470588236,0.03446612531911166,684,Don't be scared! He's just looking for his cap.
3718,403,16,43,196,255,1.2941176470588236,0.036213640621053984,684,So what do you think I do in the woods?
3577,403,12,51,192,255,1.2941176470588236,0.03446612531911166,684,"What's she going to do, glaze us to death?"
4024,403,13,49,193,255,1.2941176470588236,0.03491120576036075,684,You better be scared.  I'm made of single use plastic.
2947,403,16,43,196,255,1.2941176470588236,0.036213640621053984,684,"Well, exsqueeeze me."
3951,403,12,51,192,255,1.2941176470588236,0.03446612531911166,684,I thought you said it would never go bad.
2148,403,16,43,196,255,1.2941176470588236,0.036213640621053984,684,Have you seen a pile of pancakes?
3212,403,12,51,192,255,1.2941176470588236,0.03446612531911166,684,Have you seen Smokey? We have dinner plans.”
1842,403,10,55,190,255,1.2941176470588236,0.033558259910991206,684,"It doesn't run fast, but when it catches you, you're stuck!"
361,403,13,49,193,255,1.2941176470588236,0.03491120576036075,684,We'll be safe. They always stick to the ground.
483,403,6,63,186,255,1.2941176470588236,0.03166453593115646,684,The sign clearly said to not squeeze the bears!
1925,403,15,45,195,255,1.2941176470588236,0.03578476315279054,684,"Remember, back away slowly and don't call me 'Honey"""
1440,403,17,41,197,255,1.2941176470588236,0.03663749800628294,684,Very slowly hand me the insulin.
1066,403,17,41,197,255,1.2941176470588236,0.03663749800628294,684,Let's hope we are not his cup of tea.
4168,417,11,55,197,263,1.2927756653992395,0.03331026165522372,684,Mrs. Butterworth warned us about these woods.
373,418,18,38,197,253,1.2924901185770752,0.0372268964908833,684,"Oh no, today's the day the teddy bears have their picnic."
1613,418,12,50,191,253,1.2924901185770752,0.03460670806102499,684,She must be Smokey's girlfriend.
1733,418,17,40,196,253,1.2924901185770752,0.03680315510599535,684,"Slowly now, Phil, take out the little bottle and put it back in the nest."
3926,418,10,54,189,253,1.2924901185770752,0.03368805499946585,684,"As long as we stay out of the sun, we should be able to outrun it. When it's this cold, they really slow down."
4233,418,17,40,196,253,1.2924901185770752,0.03680315510599535,684,How about a squeeze?
4427,418,14,46,193,253,1.2924901185770752,0.03550159765411957,684,"Oh no, Henry, I think you have one of her young in your pack"
2862,424,15,47,203,265,1.290566037735849,0.03477987938341375,684,We're gonna need a bigger waffle iron....
4034,425,11,50,187,248,1.2903225806451613,0.0345441721112318,684,If you wouldn’t mind giving me a little push? I’m stuck.
3218,425,15,42,191,248,1.2903225806451613,0.036385426730116945,684,"Chubby lil' fella, wears a red shirt, got a call his 'hunny' pot's empty... sure you haven't seen him?"
3163,425,12,48,188,248,1.2903225806451613,0.03501356436755591,684,That must be the one Mrs. Butterworth told us about.
2783,425,13,46,189,248,1.2903225806451613,0.03547674664609985,684,Don't worry. This species has a sweet disposition and is slow as molasses.
2746,425,11,50,187,248,1.2903225806451613,0.0345441721112318,684,Looks like we're toast.
2577,425,9,54,185,248,1.2903225806451613,0.0335857127527354,684,"I wonder if he's thinking we're not what he expected either?"""
540,425,8,56,184,248,1.2903225806451613,0.03309607587371465,684,"Smoky is busy fighting fires in California, so I'm contracting as his replacement in this park."
1398,425,10,52,186,248,1.2903225806451613,0.03406831319539946,684,I guess we shouldn't have eaten her cubs.
337,425,12,48,188,248,1.2903225806451613,0.03501356436755591,684,"Remember, it’s what’s inside that counts."
1670,425,15,42,191,248,1.2903225806451613,0.036385426730116945,684,Suddenly Joe realized Karen was right.  Their guide to edible foraging should not have included wild mushrooms.
2249,435,14,41,184,239,1.288702928870293,0.03681137243482871,684,Can you help me? I’m in a jam.
1247,435,12,45,182,239,1.288702928870293,0.03584349487843232,684,"Look, even the big ones leak!"
272,435,11,47,181,239,1.288702928870293,0.0353496197629122,684,Is it weird that I kinda want to be mauled?
2178,435,10,49,180,239,1.288702928870293,0.034848746170626305,684,I wasn’t insulting you. ‘Honey Bear’ is a term of affection for my idiot husband who got us lost.
904,439,13,39,174,226,1.2876106194690264,0.03770853123780288,684,"Careful, they can smell blood sugar..."
2712,440,12,45,183,240,1.2875,0.0357140989236,684,Smokey? He died of diabetes.
3757,441,12,46,186,244,1.2868852459016393,0.035308327823278925,684,"Back away slowly, don't run and get the pancakes."
1987,441,14,42,188,244,1.2868852459016393,0.03625107916351666,684,"Run? Play dead? Run? Play De...

This is no time to waffle!!!!"
3840,441,13,44,187,244,1.2868852459016393,0.03578280840149138,684,"I know I'm not as cute as Winnie the Pooh, but you two aren't exactly straight from the LL Bean catalogue either. _And don't call me 'Honey.'"
2870,441,5,60,179,244,1.2868852459016393,0.03178928230904507,684,"I know they say to keep your distance from the wildlife, but this bear looks so sweet!"
1058,441,17,36,191,244,1.2868852459016393,0.03762093607002197,684,"I'm sorry, we gave all of our change to a bear wearing a forest ranger hat that happened by here five minutes ago."
832,446,13,31,155,199,1.2864321608040201,0.04113552646238366,684,Wait 'til you see the lions and tigers.
1793,447,12,39,169,220,1.2863636363636364,0.03783226699097531,684,Play dead? I've been playing dead since we got married.
4411,448,10,45,172,227,1.2863436123348018,0.03597299102867508,684,"Oh my... and on the store shelves, they look so cute and friendly...”"
3389,448,9,47,171,227,1.2863436123348018,0.0354269847524442,684,"Excuse me, do you have any camomile tea?"
3002,448,16,33,178,227,1.2863436123348018,0.03908919406875106,684,Tell him you’re diabetic
1797,448,9,47,171,227,1.2863436123348018,0.0354269847524442,684,I'm hiding from the Pooh bear.
2710,448,11,43,173,227,1.2863436123348018,0.03651083289173724,684,We’d better be careful...I don’t think it’s locally sourced.
712,448,8,49,170,227,1.2863436123348018,0.0348724305684403,684,So I guess everyone likes honey?
695,448,11,43,173,227,1.2863436123348018,0.03651083289173724,684,He may come at you in a painstakingly slow manner
500,448,11,43,173,227,1.2863436123348018,0.03651083289173724,684,"I believe you purchased one of my offspring for $4.99, and I'd like her back please."
1635,456,10,49,182,241,1.2863070539419088,0.034600269548097064,684,It's not that my husband doesn't like you but he's diabetic.
3785,456,16,37,188,241,1.2863070539419088,0.037478627675903806,684,We’d better run. This could get really sticky really fast!
3300,456,11,47,183,241,1.2863070539419088,0.035096392968684324,684,"Oh great. First the gummy bears, and now the honey bears!"
2806,456,13,43,185,241,1.2863070539419088,0.03606817284857937,684,"Honey Bear?  No, I'm the anal lube bear."
2629,456,14,41,186,241,1.2863070539419088,0.03654437356483676,684,"""Lets just stay calm until it runs out of date"
4032,456,15,39,187,241,1.2863070539419088,0.037014448339232085,684,I’m thinking you were wrong about those mushrooms we found.
2160,456,11,47,183,241,1.2863070539419088,0.035096392968684324,684,It must be from Costco.
3597,456,10,49,182,241,1.2863070539419088,0.034600269548097064,684,I'm not sure whether to use my bear repellent or my insulin patch.
1213,456,11,47,183,241,1.2863070539419088,0.035096392968684324,684,"Don't poke the bear, honey."
879,456,13,43,185,241,1.2863070539419088,0.03606817284857937,684,This could become a very sticky situation!
930,456,12,45,184,241,1.2863070539419088,0.035585600262236075,684,We should play bread.
916,456,12,45,184,241,1.2863070539419088,0.035585600262236075,684,He says only we can prevent dry toast.
697,456,10,49,182,241,1.2863070539419088,0.034600269548097064,684,Don't get between it and the pancakes.
413,456,12,45,184,241,1.2863070539419088,0.035585600262236075,684,And straight ahead you'll find the land of milk.
264,456,15,39,187,241,1.2863070539419088,0.037014448339232085,684,I think we stumbled into the cause of Colony Collapse Disorder of honey bees.
1098,456,11,47,183,241,1.2863070539419088,0.035096392968684324,684,I think we are about to be in a very sticky situation!
2479,472,11,45,181,237,1.2827004219409284,0.03539174815216008,684,Aw man. Now the bees are going to find us!
4059,472,11,45,181,237,1.2827004219409284,0.03539174815216008,684,"Whatever you do, don't lie flat as a pancake!"
3798,474,8,50,176,234,1.2820512820512822,0.03409620476032892,684,"Honey, I'm afraid this could be a sticky situation."
3527,474,14,38,182,234,1.2820512820512822,0.037183945725995454,684,The brochure said to stay calm and play bread.
2569,474,8,50,176,234,1.2820512820512822,0.03409620476032892,684,Careful. I don't think it's organic.
2457,474,11,44,179,234,1.2820512820512822,0.035673498558538186,684,"Smokey's cutting back. I'll be  subbing weekends"""
2287,474,10,46,178,234,1.2820512820512822,0.03515559783718817,684,"You say it won’t spoil, but what if it goes bad?"
1894,474,10,46,178,234,1.2820512820512822,0.03515559783718817,684,I did see one that size once at Cosco.
1289,474,10,46,178,234,1.2820512820512822,0.03515559783718817,684,Brown...get down. Black...fight back.  Honey..be funny. Quick...tell a joke.
1337,474,15,36,183,234,1.2820512820512822,0.037673973242408246,684,I read somewhere that if you play diabetic it'll leave you alone.
305,474,6,54,174,234,1.2820512820512822,0.03300282258877934,684,We could squeeze him to find out for sure.
3603,483,11,43,177,231,1.2813852813852813,0.035961676463986576,684,The trail guide says to lie down and act like toast.
4345,483,11,43,177,231,1.2813852813852813,0.035961676463986576,684,Let's invite him to breakfast.
4324,483,7,51,173,231,1.2813852813852813,0.03380337424700239,684,"I don’t know, he looks sweet to me."
4260,483,10,45,176,231,1.2813852813852813,0.03543442758386342,684,I guess it’s what we get for switching to agave.
3851,483,13,39,179,231,1.2813852813852813,0.03699363737062385,684,Stand perfectly still or we’re toast.
3657,483,11,43,177,231,1.2813852813852813,0.035961676463986576,684,It about to get sticky
2345,483,12,41,178,231,1.2813852813852813,0.03648130603480133,684,Psst...over here...you guys looking for some alternative sweetener?
2239,483,13,39,179,231,1.2813852813852813,0.03699363737062385,684,"Well, that tells us he does Pooh in the woods."
2132,483,10,45,176,231,1.2813852813852813,0.03543442758386342,684,"Honey, I think we're toast."
3423,483,13,39,179,231,1.2813852813852813,0.03699363737062385,684,"But it was only $10.99 at Costco!"""
1695,483,13,39,179,231,1.2813852813852813,0.03699363737062385,684,Not to worry. I'm only here to service the folks who booked their climb through IHOP.
357,483,8,49,174,231,1.2813852813852813,0.03435566367263613,684,"I would be scared, but he looks so sweet!"
206,483,9,47,175,231,1.2813852813852813,0.034899214064097135,684,Looks like we've gotten into a sticky situation.
1754,483,14,37,180,231,1.2813852813852813,0.03749896961002532,684,I think he wants a tissue.
154,483,8,49,174,231,1.2813852813852813,0.03435566367263613,684,Let's pick up the pace.  We don't want to get stuck to this guy for the rest of the hike.
88,483,12,41,178,231,1.2813852813852813,0.03648130603480133,684,"Ok, avoid eye contact, stand your ground, and don't, Phillip, try to clean his nozzle."
85,483,11,43,177,231,1.2813852813852813,0.035961676463986576,684,Assume the biscuit position.
800,500,13,26,146,185,1.281081081081081,0.043151341827587036,684,Must be a COSTCO nearby
1818,501,12,40,176,228,1.280701754385965,0.03678556970026858,684,"So, which one of you said, ""Honey bear with me?"""
422,502,13,33,165,211,1.2796208530805686,0.03931895098744973,684,I guess you could call this an unbearably sticky situation.
2451,502,12,35,164,211,1.2796208530805686,0.03874071977552741,684,"I think we're ok, honey doesn't go bad."
3495,504,8,48,173,229,1.279475982532751,0.034491173124139345,684,He doesn't look organic.
3651,504,10,44,175,229,1.279475982532751,0.035584431487733735,684,"Luckily, they're slower than molasses."
1637,504,10,44,175,229,1.279475982532751,0.035584431487733735,684,Sweet on me? I think he’s sweet on you.
3101,504,13,38,178,229,1.279475982532751,0.0371640669941277,684,Remember your training: no eye contact and back slowly away – that’s a Drizzly alright!
3063,504,10,44,175,229,1.279475982532751,0.035584431487733735,684,They are also native to aisle 12.
2432,504,10,44,175,229,1.279475982532751,0.035584431487733735,684,"Honey, take a hike.  Bill's my main squeeze now."
1794,504,11,42,176,229,1.279475982532751,0.03611865355627405,684,Mrs. Butterworth is right behind me.
1663,504,10,44,175,229,1.279475982532751,0.035584431487733735,684,"You didn’t buy those mushrooms at the grocery store, did you?"
3330,504,8,48,173,229,1.279475982532751,0.034491173124139345,684,"Very slowly dear, dig out the cornbread"
3797,504,13,38,178,229,1.279475982532751,0.0371640669941277,684,Why couldn't it have been Mrs. Butterworth?
1474,504,11,42,176,229,1.279475982532751,0.03611865355627405,684,"Bear with me, Honey."
891,504,13,38,178,229,1.279475982532751,0.0371640669941277,684,Can you direct me to the nearest IHOP?
860,504,11,42,176,229,1.279475982532751,0.03611865355627405,684,Relax. All I want is that thermos of tea.
333,504,14,36,179,229,1.279475982532751,0.037675897414088805,684,"Okay, I’ll distract by waving my arms and shouting “HEY!” Then you sneak up from behind and squeeze his bottom."
116,504,11,42,176,229,1.279475982532751,0.03611865355627405,684,I told you not to eat those mushrooms.
68,504,10,44,175,229,1.279475982532751,0.035584431487733735,684,Play bread.
1296,504,12,40,177,229,1.279475982532751,0.036645088417563955,684,"Your thinking Smokey, I'm Sweetie the bear."
4,504,12,40,177,229,1.279475982532751,0.036645088417563955,684,"I know you hate fix-ups, but he might be perfect for Mrs. Butterworth."
0,504,12,40,177,229,1.279475982532751,0.036645088417563955,684,No I'm not going to eat you.  I'm going to turn you upside down and squeeze every last drop out of you.
875,523,15,39,193,247,1.2793522267206479,0.03622266561378825,684,Excuse me. Can I borrow some toilet paper?
3234,524,8,44,163,215,1.2790697674418605,0.035887182844164714,684,How dangerous could he be -- he looks quite sweet?
2316,524,14,32,169,215,1.2790697674418605,0.03935356094762714,684,"Dammit, someone's been squeezing the wildlife again!"
2049,524,8,44,163,215,1.2790697674418605,0.035887182844164714,684,The small ones always look so peaceful.
527,524,11,38,166,215,1.2790697674418605,0.03766027516992616,684,Stay calm. It's only a threat to infants under twelve months
812,524,13,34,168,215,1.2790697674418605,0.03879734460153927,684,"Hey, it's Smokey the Bear's cousin, Sticky."
3404,529,10,44,176,230,1.2782608695652173,0.03545020985723614,684,"Honey bear? That's just the sort of sexist, demeaning, and OH!"
3445,530,10,42,172,224,1.2767857142857142,0.03602820873756505,684,Hansel and Gretel's nightmare continued...
1077,530,8,46,170,224,1.2767857142857142,0.03489921132402152,684,Don’t panic or we’re toast.
2915,532,7,49,172,228,1.2763157894736843,0.03393235579427921,684,"We can't outrun him, but if we both squeeze real hard we can empty him out."
182,533,13,36,176,225,1.2755555555555556,0.03751072744857584,684,"It's cold, we can outrun her, she will be slow as molasses."
332,533,12,38,175,225,1.2755555555555556,0.036977995267980665,684,Uh-oh.  This could be sticky.
1008,533,12,38,175,225,1.2755555555555556,0.036977995267980665,684,Looks like we're in a sticky situation
3876,536,8,53,190,251,1.2749003984063745,0.03243918551891893,684,I thought honey can't go bad?
2571,537,10,41,171,222,1.2747747747747749,0.036184775179721004,684,Who do you think Smokey goes home to at night?
386,537,8,45,169,222,1.2747747747747749,0.03504009790957716,684,"Too bad Agave's all the rage, otherwise a selfie would be in order."
2842,537,8,45,169,222,1.2747747747747749,0.03504009790957716,684,"It’s no use, dear.  It’s sticking with us."
4163,537,8,45,169,222,1.2747747747747749,0.03504009790957716,684,I heard they’re as slow as molasses.
2905,541,12,36,171,219,1.273972602739726,0.037618354927453634,684,"Ursus Condimentus.  From the looks of her, she is a 10 on the Butterworth scale and dangerously unpasteurized."
2825,541,14,32,173,219,1.273972602739726,0.0387159437184538,684,Lets just throw down our pancakes and walk away slowly.
1335,541,11,38,170,219,1.273972602739726,0.037057371630575354,684,Sure he's terrified. Look how they redesigned ketchup.
4316,541,11,38,170,219,1.273972602739726,0.037057371630575354,684,They say this is a product of climate change that we could not have predicted.
790,541,10,40,169,219,1.273972602739726,0.0364877644818817,684,"I told you to put a lid on it"""
284,541,12,36,171,219,1.273972602739726,0.037618354927453634,684,"Whatever happens, we're going to stick together."
4176,541,11,38,170,219,1.273972602739726,0.037057371630575354,684,"It's okay, it can't hurt us. You just might be sticky for a few days."
1141,541,8,44,167,219,1.273972602739726,0.0353210034727591,684,Something tells me he’s not as sweet as he looks!
4025,549,9,41,167,217,1.271889400921659,0.03606288638947509,684,He claims he's the real Winnie the Pooh
3215,549,9,41,167,217,1.271889400921659,0.03606288638947509,684,i've got a feeling this could get sticky.......
4178,549,6,47,164,217,1.271889400921659,0.03424213168329136,684,My doctor always said sugar would be the death of me.
3197,549,10,39,168,217,1.271889400921659,0.036649709033610284,684,"Don't worry, honey - they're viscous not vicious."""
1885,549,10,39,168,217,1.271889400921659,0.036649709033610284,684,"Catch more flies with honey, you said ..."
2649,549,9,41,167,217,1.271889400921659,0.03606288638947509,684,"I’m purpose-driven wildlife. I’m refillable, too!”"
3020,549,10,39,168,217,1.271889400921659,0.036649709033610284,684,"Honey, we definitely ate the wrong mushrooms back there."
1570,549,14,31,172,217,1.271889400921659,0.03890859496667445,684,"Uh-oh, we're toast now."
2684,557,13,25,150,188,1.2712765957446808,0.04238753453415129,684,The Smokey outfit was already taken.
217,558,6,46,163,215,1.2697674418604652,0.03437063805194272,684,What are we to do with this sticky situation? You told me that honey never goes bad!
784,558,9,40,166,215,1.2697674418604652,0.036218050658224275,684,"Winnie the Pooh has better PR, but I’m a lot sweeter."
3795,558,9,40,166,215,1.2697674418604652,0.036218050658224275,684,"For some reason, I don't think he's native to these woods."
2197,561,11,35,167,213,1.267605633802817,0.037572523803741396,684,"Howard, how old WAS that ‘funny little cigarette’ you found in the jar?"
1938,561,9,39,165,213,1.267605633802817,0.036374616694688645,684,This might be just the opportunity to try out our cinnamon bagel bear pepper spray.
1491,561,12,33,168,213,1.267605633802817,0.0381573773683584,684,"I hope it's Winnie, 'cause I just poohed."
4064,561,9,39,165,213,1.267605633802817,0.036374616694688645,684,"He’s clearly local, but do you think he’s organic?"
87,561,8,41,164,213,1.267605633802817,0.03576061852145354,684,Predator? But he looks so sweet.
1399,561,6,45,162,213,1.267605633802817,0.03449985553215743,684,"If we’re gonna keep camping we need to come up with some new pet names, Dear."
2615,567,12,32,166,210,1.2666666666666666,0.03850317018211697,684,OK.  I'll turn him over and you smack his bottom.
3312,567,7,42,161,210,1.2666666666666666,0.035421064085760755,684,You run for help. I’ll distract him with a cup of chamomile tea.
3592,567,3,50,157,210,1.2666666666666666,0.032747181779249,684,"Per ounce that container is the lowest cost option, but how do we get it home?"
4005,567,11,34,165,210,1.2666666666666666,0.03790680212642532,684,That's weird--the ranger said there were no product placements in these woods.
1122,571,12,30,161,203,1.2660098522167487,0.03939362237456805,684,How sure are you about the mushrooms earlier?
3051,572,13,29,165,207,1.2657004830917875,0.03945672331937041,684,I told you Disney can’t do an authentic backpacking experience.
4124,573,12,24,145,181,1.2651933701657458,0.042652506222361955,684,"Don't call it quid pro quo but if you've got the bread, I've got the honey."
2718,574,5,45,158,208,1.2644230769230769,0.034232822935566364,684,"We'd better be careful, a sweet look can be deceiving."
4396,574,11,33,164,208,1.2644230769230769,0.038086650766164375,684,"I just need your waffles, and I’ll be on my way."
4289,574,13,29,166,208,1.2644230769230769,0.03928734189785661,684,I'm here to bring you to your airbeenbee.
4245,574,8,39,161,208,1.2644230769230769,0.036211042050192425,684,He knows his children are stashed in our cupboard!
4010,574,10,35,163,208,1.2644230769230769,0.03747188056631418,684,Sugar really is hidden everywhere these days.
3185,574,9,37,162,208,1.2644230769230769,0.036846854679449356,684,Did he just call us 'crackers'?
2533,574,6,43,159,208,1.2644230769230769,0.03490468879026847,684,"SURPRISE !  If you guys could pick up a Challah on your way back, I make a French Toast to die for."
323,574,7,41,160,208,1.2644230769230769,0.035563864145409574,684,You are what you eat.
1732,574,12,31,165,208,1.2644230769230769,0.03869165413873416,684,He can smell your diabetes.
1370,574,6,43,159,208,1.2644230769230769,0.03490468879026847,684,"Ah, look honey.."
993,574,8,39,161,208,1.2644230769230769,0.036211042050192425,684,"That's it, no more picking our own shrooms!"
685,574,7,41,160,208,1.2644230769230769,0.035563864145409574,684,Did you bring the peanut butter?
430,574,9,37,162,208,1.2644230769230769,0.036846854679449356,684,"I said, ""Look, honey - it's a bear!"" Not, ""Look, it's a honey bear!"
24,574,14,27,167,208,1.2644230769230769,0.039874131549248,684,"Well, you said you wanted to see your sweet honey bare!"
2151,574,8,39,161,208,1.2644230769230769,0.036211042050192425,684,These targeted promotions are getting harder to avoid!
2681,589,8,38,159,205,1.2634146341463415,0.036519947889897916,684,"Don't panic, we'll be fine if we just stick together."
4183,589,10,34,161,205,1.2634146341463415,0.037806806387005794,684,You remember when I told you your sweet tooth would catch up with you?
3999,589,13,28,164,205,1.2634146341463415,0.039658878352016785,684,"But on the inside, I feel like Mrs. Butterworth"""
3857,589,10,34,161,205,1.2634146341463415,0.037806806387005794,684,You turned my father into a bong. Prepare to die.
3503,589,7,40,158,205,1.2634146341463415,0.035859205041788335,684,Could be a targeted ad...
2709,589,10,34,161,205,1.2634146341463415,0.037806806387005794,684,"I don't like the way he's looking at you, honey."
4487,589,12,30,163,205,1.2634146341463415,0.03905128198264718,684,"If it charges, play bread!"
2193,589,8,38,159,205,1.2634146341463415,0.036519947889897916,684,Only you can prevent a bland cup of tea
854,589,10,34,161,205,1.2634146341463415,0.037806806387005794,684,Only you can prevent colony collapse disorder.
1493,589,6,42,157,205,1.2634146341463415,0.03518605659316169,684,They said not to feed the bears but nothing about the bears feeding us.
1010,589,8,38,159,205,1.2634146341463415,0.036519947889897916,684,I'm not sure whether we should run or take out our spoons.
1927,589,9,36,160,205,1.2634146341463415,0.03716894673692948,684,Smokey is on vacation and I'm the only one the park rangers could find on such short notice..
838,589,8,38,159,205,1.2634146341463415,0.036519947889897916,684,I had a dream just like this on keto.
721,589,7,40,158,205,1.2634146341463415,0.035859205041788335,684,I know I should be frightened but all I can think about is peanut butter.
17,589,8,38,159,205,1.2634146341463415,0.036519947889897916,684,"I swear, I had no idea they were recyclable!"
171,604,9,35,158,202,1.2623762376237624,0.03749917799730926,684,This is a sticky situation.
760,604,11,31,160,202,1.2623762376237624,0.03879053576443475,684,"I think you are supposed to make yourself look big, and not mention maple syrup."
3553,604,6,41,155,202,1.2623762376237624,0.03547410857015112,684,So sad. Looks like Smoky the Bear is suffering from early stage dementia.
3068,607,8,37,158,203,1.2610837438423645,0.036677397235749226,684,Did Ranger Jan say anything at all about product placement?
2285,607,7,39,157,203,1.2610837438423645,0.03600636218430733,684,Hand over the artisanal Greek yogurt and nobody gets hurt.
2140,607,13,27,163,203,1.2610837438423645,0.03986349481914607,684,Just call me Honey Boo Boo!
141,607,6,41,156,203,1.2610837438423645,0.03532258155211888,684,Yikes! This must be about the whole bee thing!
1147,607,14,25,164,203,1.2610837438423645,0.040470626007482434,684,I told you we shouldn't eat that magic mushroom....
1560,612,11,26,147,184,1.2608695652173914,0.04131591289992289,684,Maybe we shouldn't have made a bong out of the little one.
3303,613,9,34,157,200,1.26,0.037670883682055234,684,"He looks sweet, but so did the Honey Badger."
4002,613,9,34,157,200,1.26,0.037670883682055234,684,I think we're supposed to lay down and play toast.
4067,613,5,42,153,200,1.26,0.034901152592161006,684,"Uh-oh, this could be a sticky situation."
3636,613,7,38,155,200,1.26,0.03631243540199584,684,"Well, at least it will be a sweet way to go"
3609,613,7,38,155,200,1.26,0.03631243540199584,684,I’d heard the park service was rebranding.
3309,613,6,40,154,200,1.26,0.03561378537227844,684,Where was he at breakfast?
3296,613,6,40,154,200,1.26,0.03561378537227844,684,Scared? No. It makes me hungry for pancakes.
548,613,9,34,157,200,1.26,0.037670883682055234,684,"Funny, he doesn't look that angry in the grocery store."
1641,613,7,38,155,200,1.26,0.03631243540199584,684,Are you sure those were just your garden variety mushrooms?
1286,613,8,36,156,200,1.26,0.03699789481991547,684,I don't know if we should run or make tea.
1193,613,9,34,157,200,1.26,0.037670883682055234,684,We don't have any toilet paper. Why do you ask?
852,613,13,26,161,200,1.26,0.04025047207813299,684,I forget – do we make load noises or a pot of herbal throat tea?
3032,613,11,30,159,200,1.26,0.03898202136818651,684,I can't believe you managed to get us into ANOTHER sicky situation!
3672,626,8,35,154,197,1.2588832487309645,0.03732653665447771,684,Whoooooaaaah. Dude! The weed is way stronger than it was back in The Day.
4180,626,10,31,156,197,1.2588832487309645,0.038689340599258194,684,Throw him the granola and run!
2065,626,7,37,153,197,1.2588832487309645,0.03662612414553849,684,That bear just tried to whisper sweet-nothings in my ear!
3659,626,9,33,155,197,1.2588832487309645,0.03801404618442686,684,"We could squeeze him, but I don't think he'll run."
3491,626,10,31,156,197,1.2588832487309645,0.038689340599258194,684,What was in that trail mix?
1748,626,10,31,156,197,1.2588832487309645,0.038689340599258194,684,Pretend we're beekeepers
1025,626,11,29,157,197,1.2588832487309645,0.03935304873448916,684,I think he wants a selfie.
1105,626,13,25,159,197,1.2588832487309645,0.04064796651846707,684,Can you get me a hot washcloth?
1128,626,7,37,153,197,1.2588832487309645,0.03662612414553849,684,What did you do with Smokey?
1024,626,6,39,152,197,1.2588832487309645,0.035912053703885095,684,And you call ME overbearing?
3901,636,6,38,151,195,1.2564102564102564,0.03605569134166598,684,"Quick, the chamomile!"
3833,636,6,38,151,195,1.2564102564102564,0.03605569134166598,684,The guidebook said to stand our ground and show a biscuit.
3517,636,4,42,149,195,1.2564102564102564,0.03455830855112953,684,What’s in a bear?  That which we call honey by any other name would taste as sweet.
2966,636,7,36,152,195,1.2564102564102564,0.03678153031387757,684,Relax - he's gluten free.
2682,636,7,36,152,195,1.2564102564102564,0.03678153031387757,684,So that's where they got the idea
2164,636,8,34,153,195,1.2564102564102564,0.037493320289564945,684,Is this the trail to the tea party?
2041,636,7,36,152,195,1.2564102564102564,0.03678153031387757,684,"DO you see him too, or is it my CBD?"
1165,636,8,34,153,195,1.2564102564102564,0.037493320289564945,684,"Don’t worry, they never go bad."
1026,636,8,34,153,195,1.2564102564102564,0.037493320289564945,684,Bigfoot. Who knew?!
619,636,9,32,154,195,1.2564102564102564,0.0381918467796611,684,She's harmless. Honey never goes bad.
523,636,5,40,150,195,1.2564102564102564,0.035314937123266686,684,Stop arguing and give her your cap.
247,636,5,40,150,195,1.2564102564102564,0.035314937123266686,684,Trick or treat!
238,636,6,38,151,195,1.2564102564102564,0.03605569134166598,684,"Don't worry; if he's over half-full, we can still outrun him."
3504,649,10,29,153,192,1.2552083333333333,0.03924975116453101,684,"Okay quickly now... Stop, drop, and get the rolls"
4017,649,8,33,151,192,1.2552083333333333,0.03783474491585197,684,"Don't worry, it's just a stereotype. I'm probably more scared of you eating me"
4216,649,8,33,151,192,1.2552083333333333,0.03783474491585197,684,"Careful, he's still bitter over losing the forest fire gig."
3396,649,10,29,153,192,1.2552083333333333,0.03924975116453101,684,Are you seeing this too or is it the psilocybin?
3277,649,5,39,148,192,1.2552083333333333,0.0356069565871974,684,I don't think that bear hug will be as sweet as it looks.
2406,649,7,35,150,192,1.2552083333333333,0.037107012828205096,684,I thought they said honey never goes bad.
3272,649,8,33,151,192,1.2552083333333333,0.03783474491585197,684,Oh no! A honey bear!
403,649,4,41,147,192,1.2552083333333333,0.0348327121480305,684,So I guess this is the drizzly bear they'd warned us about?
73,649,10,29,153,192,1.2552083333333333,0.03924975116453101,684,Careful.This may be a honey trap.
1824,649,7,35,150,192,1.2552083333333333,0.037107012828205096,684,"I think ""How Sweet It Is to Be Loved by You""  was a poor choice for a trail song."
4474,659,6,38,152,196,1.2551020408163265,0.03589510925786124,684,It's O.K.--he looks sweet.
2212,660,6,39,155,200,1.255,0.03544228800309698,684,This could be a sticky situation
2084,661,6,32,135,173,1.254335260115607,0.03880579235018709,684,Forget everything I said about gun control.
2024,662,8,32,149,189,1.253968253968254,0.03818519155718357,684,Pull the cub out of my pack.   Show her it’s a different brand!
3701,663,7,53,204,264,1.253787878787879,0.030359687499865187,684,Back away slowly and hope he does not smell the biscuits
2000,664,4,29,113,146,1.2534246575342465,0.04102103085809737,684,Didn't realize there was a Cosco nearby!
4354,665,5,31,126,162,1.2530864197530864,0.03946553484613882,684,None of your beeswax
4103,666,8,28,138,174,1.2528735632183907,0.04029390200655743,684,"Honey, I think the kids shrunk us."
108,667,7,33,146,186,1.2526881720430108,0.03778357121581996,684,I just escaped from Costco.
3762,668,5,38,147,190,1.2526315789473683,0.035741609679814566,684,Quite the sticky situation we're in.
2881,668,11,26,153,190,1.2526315789473683,0.04014512943964188,684,I didn't know bears dressed up for Halloween!
3811,668,8,32,150,190,1.2526315789473683,0.03800719721467117,684,Quick! Suck in your muffin top!
3466,668,7,34,149,190,1.2526315789473683,0.03726730802698271,684,"It's hunting season, so yeah I'm a honey dispenser."
3870,668,7,34,149,190,1.2526315789473683,0.03726730802698271,684,Careful -- This might get sticky.
4187,668,7,34,149,190,1.2526315789473683,0.03726730802698271,684,"Well, that's one way to attract a mate."
3909,668,6,36,148,190,1.2526315789473683,0.03651242877488585,684,Which one of us do you think he's sweet on?
4029,668,6,36,148,190,1.2526315789473683,0.03651242877488585,684,"Pardon me folks, I'm in search of a friend.
Have you passed by a...Mrs. Butterworth's?"
4106,668,8,32,150,190,1.2526315789473683,0.03800719721467117,684,You never wondered where all those cute honey bears came from?
4346,668,11,26,153,190,1.2526315789473683,0.04014512943964188,684,I’m Home!
3899,668,3,42,145,190,1.2526315789473683,0.034147812190979655,684,"Now don’t panic!  He’s huge, but he does look rather sweet!"
2601,668,12,24,154,190,1.2526315789473683,0.04083290597376703,684,"With his perfect disguise, the bear lured yet another two hikers into his hideous trap."
622,668,5,38,147,190,1.2526315789473683,0.035741609679814566,684,Give her your cap.  You can order a new one from that ad in The New Yorker.
2268,668,11,26,153,190,1.2526315789473683,0.04014512943964188,684,Ditch the pancake mix and run!
2437,668,7,34,149,190,1.2526315789473683,0.03726730802698271,684,"I can't remember if we're supposed to run away or pretend to be a large, menacing teapot."
551,668,9,30,151,190,1.2526315789473683,0.0387329553823589,684,"If he's got that much honey, shouldn't we 
be concerned about the bees?"
820,668,11,26,153,190,1.2526315789473683,0.04014512943964188,684,Ignore him. It's a scam. Last week he was pushing porridge.
894,668,9,30,151,190,1.2526315789473683,0.0387329553823589,684,Let's get out of here. We don't need a repeat of what happened with Mrs. Butterworth last year.
1250,668,8,32,150,190,1.2526315789473683,0.03800719721467117,684,"Only you can prevent Bee Extinction"""
191,668,9,30,151,190,1.2526315789473683,0.0387329553823589,684,One false move and we’re toast.
1709,668,8,32,150,190,1.2526315789473683,0.03800719721467117,684,I'm just gonna say it. This is a sticky situation.
1944,668,4,40,146,190,1.2526315789473683,0.03495379621682481,684,Quick! Play dead or we're toast!
2060,668,10,28,152,190,1.2526315789473683,0.03944536253083122,684,Leave him.  I can be your sugar daddy
2162,668,5,38,147,190,1.2526315789473683,0.035741609679814566,684,We should have listened to Mrs. Butterworth when she told us to turn around.
1258,668,4,40,146,190,1.2526315789473683,0.03495379621682481,684,Got a spoon?
2583,693,8,31,148,187,1.2513368983957218,0.03836217890105118,684,I think this low-carb diet is starting to affect me.
2749,693,9,29,149,187,1.2513368983957218,0.03910444701442364,684,Smarter than the average bear? Or just sweeter?
3047,693,7,33,147,187,1.2513368983957218,0.037605262447809706,684,It was at this moment that they realized that they probably shouldn’t have eaten those wild mushrooms
3167,693,8,31,148,187,1.2513368983957218,0.03836217890105118,684,"It's Honey Bear, not Honey THE Bear"
3805,693,10,27,150,187,1.2513368983957218,0.039832885692245246,684,It's a honey trap!
4086,693,3,41,143,187,1.2513368983957218,0.03441150590570264,684,"Yeah, I think we're toast. But does HE?"
3971,693,3,41,143,187,1.2513368983957218,0.03441150590570264,684,I think its kind of sweet the way he keeps sticking around.
4302,693,4,39,144,187,1.2513368983957218,0.03523709331039974,684,"If we can't outrun him, we're toast."
2480,693,8,31,148,187,1.2513368983957218,0.03836217890105118,684,"Graham, you’d better run."
4372,693,8,31,148,187,1.2513368983957218,0.03836217890105118,684,"Whose woods are these I think I know/
He takes his tea unsweetened though."
4498,693,9,29,149,187,1.2513368983957218,0.03910444701442364,684,At least it's not Tony the Tiger.
3915,693,6,35,146,187,1.2513368983957218,0.036832794592605064,684,"Excuse me, have you seen my Aunt Jemima?"
2346,693,6,35,146,187,1.2513368983957218,0.036832794592605064,684,"Don't worry, he tastes better than we do."
274,693,7,33,147,187,1.2513368983957218,0.037605262447809706,684,Just interested in your buns!
2042,693,6,35,146,187,1.2513368983957218,0.036832794592605064,684,Excuse me......but have any of you seen my lid?
1897,693,10,27,150,187,1.2513368983957218,0.039832885692245246,684,"Yes, of course I do.  I mean, the Pope is Catholic, right?"
1588,693,10,27,150,187,1.2513368983957218,0.039832885692245246,684,Looks like we’ve gotten ourselves into a sticky situation.
1558,693,4,39,144,187,1.2513368983957218,0.03523709331039974,684,How did you know my name?
1330,693,10,27,150,187,1.2513368983957218,0.039832885692245246,684,For this kind we're supposed to lay down and play bread.
1148,693,11,25,151,187,1.2513368983957218,0.04054824026809407,684,This proves it.....you ARE what you EAT!
702,693,7,33,147,187,1.2513368983957218,0.037605262447809706,684,Get the cinnamon sugar spray.
432,693,6,35,146,187,1.2513368983957218,0.036832794592605064,684,I never thought he was real.
2133,693,7,33,147,187,1.2513368983957218,0.037605262447809706,684,Genetic engineering has gone too far.
173,693,7,33,147,187,1.2513368983957218,0.037605262447809706,684,"Sorry, we're keto."""
110,693,11,25,151,187,1.2513368983957218,0.04054824026809407,684,Do you think it’s organic?
536,718,6,35,147,188,1.25,0.03666073590916169,684,Are you folks here for the Teddy Bears' Picnic?
4449,719,7,32,146,185,1.2486486486486486,0.03777063025753962,684,This is sure going to create a whole lot of buzz.
4323,719,7,32,146,185,1.2486486486486486,0.03777063025753962,684,Quick: throw the waffles and run!
1757,719,6,34,145,185,1.2486486486486486,0.036984673899755745,684,That's one scary piece of single-use plastic
2002,719,6,34,145,185,1.2486486486486486,0.036984673899755745,684,"OK think, what would Mrs. Butterworth do?"
2227,719,6,34,145,185,1.2486486486486486,0.036984673899755745,684,I told you we shouldn’t have eaten those mushrooms.
2288,719,8,30,147,185,1.2486486486486486,0.038540561965703886,684,I told you I wasn't farting.
2604,719,8,30,147,185,1.2486486486486486,0.038540561965703886,684,"Uh, might be wrong, but I don't think that's indigenous."
2700,719,2,42,141,185,1.2486486486486486,0.033657814503459664,684,Are the biscuits in my pack or yours?
3391,719,8,30,147,185,1.2486486486486486,0.038540561965703886,684,"I don’t think the pepper spray is going to work,"
3540,719,7,32,146,185,1.2486486486486486,0.03777063025753962,684,I hear they can't run very fast in the cold.
3556,719,7,32,146,185,1.2486486486486486,0.03777063025753962,684,"Honey, bear with me."
3740,719,9,28,148,185,1.2486486486486486,0.03929541096887466,684,Wait...what do you mean you’re not local?
4378,719,7,32,146,185,1.2486486486486486,0.03777063025753962,684,Ew. Someone forgot to clean off the cap!
1587,732,9,25,139,173,1.2485549132947977,0.04111962208749598,684,Have you seen my husband? He looks like a ketchup bottle.
4239,733,4,39,147,190,1.2473684210526317,0.034754052595821,684,"Hi, welcome to my woods. And do you have any pancake mix?"
2767,734,6,33,143,182,1.2472527472527473,0.03731698561331007,684,Have either of you seen the Pillsbury Doughboy run by?
3664,734,7,31,144,182,1.2472527472527473,0.038121780954712484,684,"Don't worry Phil, it's the only natural substance that never turns bad."
1231,734,13,19,150,182,1.2472527472527473,0.042632696261550355,684,How about we see if YOU soften up in the microwave?
2408,734,7,31,144,182,1.2472527472527473,0.038121780954712484,684,Only you can stop colony collapse
978,734,4,37,141,182,1.2472527472527473,0.03565293647757242,684,I thought we left it at Costco!
3370,739,8,29,146,183,1.2459016393442623,0.03872030709943275,684,I'd feel less concerned if we were hiking in an amusement park.
3342,739,9,27,147,183,1.2459016393442623,0.039488117481737355,684,"I told Pooh, 'You are what you eat,' but he just wouldn't listen."
3244,739,6,33,144,183,1.2459016393442623,0.037137093331602616,684,Can you imagine the size of the hive?
2693,739,7,31,145,183,1.2459016393442623,0.03793696009826397,684,I’m looking for Mrs. Butterworth.
2366,739,4,37,142,183,1.2459016393442623,0.03548330903912353,684,It might just want a friendly squeeze.
4222,739,7,31,145,183,1.2459016393442623,0.03793696009826397,684,"Don’t move, Harold, or we’re toast."
2009,739,6,33,144,183,1.2459016393442623,0.037137093331602616,684,"Ugh, it’s pasteurized."
1719,739,5,35,143,183,1.2459016393442623,0.03631961537162879,684,"Honey, did you forget to replace the cap again?"
1324,739,8,29,146,183,1.2459016393442623,0.03872030709943275,684,"I’ve got bad news for you guys, and I ain’t gonna sugarcoat it..."
661,739,6,33,144,183,1.2459016393442623,0.037137093331602616,684,"Stay calm, this could be a sticky situation."
647,739,6,33,144,183,1.2459016393442623,0.037137093331602616,684,I heard that Smokey was making a midlife career change but I didn't believe it.
1393,739,7,31,145,183,1.2459016393442623,0.03793696009826397,684,"It's the waffle plaid, it attracts drizzly bears..."
3947,739,11,23,149,183,1.2459016393442623,0.04098060398536983,684,Do you have a moment to talk about our Lord and Savior?
3998,752,9,26,144,179,1.2458100558659218,0.040080405950014136,684,"We need to roll over and play bread."""
2244,753,6,32,142,180,1.2444444444444445,0.03747312069753541,684,"Honey, I can’t bear seeing him like that."
3508,753,6,32,142,180,1.2444444444444445,0.03747312069753541,684,"Well he looks friendly, and perhaps even sweet."
2307,753,10,24,146,180,1.2444444444444445,0.0406512946969123,684,I told you not to bring the one from Costco.
2492,753,9,26,145,180,1.2444444444444445,0.039880502931939336,684,They're probably filming toy story 6 near here
2500,753,6,32,142,180,1.2444444444444445,0.03747312069753541,684,"Honey, I--no, not you."
1552,753,7,30,143,180,1.2444444444444445,0.0382924016123675,684,Careful.  It’s a bear trap.
1305,753,11,22,147,180,1.2444444444444445,0.04140774090633294,684,Raise your arms and look big or he'll attack your blood sugar level.
2535,753,1,42,137,180,1.2444444444444445,0.03307368353628176,684,I guess all the Smoky spots were taken.
444,753,6,32,142,180,1.2444444444444445,0.03747312069753541,684,Look what followed your trail of dry breadcrumbs.
256,753,9,26,145,180,1.2444444444444445,0.039880502931939336,684,Looks like Smokey's been doing more than smokin.
216,753,4,36,140,180,1.2444444444444445,0.035778321396489246,684,Quick- act diabetic.
71,753,6,32,142,180,1.2444444444444445,0.03747312069753541,684,They warned you to take out all the food you brought in!!
3845,753,11,22,147,180,1.2444444444444445,0.04140774090633294,684,"Sorry to interrupt, but do you have any hot water I could run myself under?"
3945,753,9,26,145,180,1.2444444444444445,0.039880502931939336,684,"You were right, we must have crossed the state line. If we were still in Oregon, he'd be organic."
597,753,3,38,139,180,1.2444444444444445,0.03490007214204137,684,"Don't panic, just slowly slide him some pancakes"""
3004,753,6,32,142,180,1.2444444444444445,0.03747312069753541,684,I'm not so sure he's as sweet as he looks.
407,769,8,30,151,189,1.2433862433862435,0.037812911828083356,684,ANYTHING TASTES BETTER WITH HONEY
449,770,9,26,146,181,1.2430939226519337,0.039682544527634436,684,I have not seen anything like that since we were at Costco.
2250,771,9,25,143,177,1.2429378531073447,0.04028407421964609,684,"In Bear World, Halloween is the one day a year when a bear can dress up like a total cliche and no plaid-wearing hikers can say anything else about it."
3688,771,7,29,141,177,1.2429378531073447,0.03865752145389566,684,Smokey quit without notice!
4171,771,6,31,140,177,1.2429378531073447,0.037818019905471345,684,Don't worry--I'm  BPA-Free.
1763,771,3,37,137,177,1.2429378531073447,0.035179519942820404,684,Leave the chamomile and back away slowly...
1494,771,10,23,144,177,1.2429378531073447,0.04107320259149183,684,Smokey the Bear must be in California.
82,771,10,23,144,177,1.2429378531073447,0.04107320259149183,684,Quick show him your bee keeper license
583,771,5,33,139,177,1.2429378531073447,0.036959454733299986,684,I know it's humiliating but the product placement fees pay for my cave mortgage.
752,771,14,15,148,177,1.2429378531073447,0.044088698241985275,684,"Don't you think in regards to last week's contest, factoring in ORIGINALITY, all entries using the words, diversity, human resources and or 'a meal of some kind'  should have automatically been tossed?"""
64,779,7,26,132,165,1.2424242424242424,0.04046251004639518,684,"Unfortunately, Smokey had a previous commitment and couldn’t be here today."
440,779,2,36,127,165,1.2424242424242424,0.03560429144383688,684,"You wouldn't have any English Breakfast, by chance, would you?"
1685,779,7,26,132,165,1.2424242424242424,0.04046251004639518,684,It’s a honey bear trap
2680,779,4,32,129,165,1.2424242424242424,0.03762293488329237,684,"See, I told you those weren't the poisonous mushrooms."
3191,779,7,26,132,165,1.2424242424242424,0.04046251004639518,684,The Abominable Honey Bear
3690,779,8,24,133,165,1.2424242424242424,0.04136574125120958,684,I guess this is where Costco gets their honey.
4203,779,8,24,133,165,1.2424242424242424,0.04136574125120958,684,"It says he's sweet, but I'm not buying it."
4282,779,4,32,129,165,1.2424242424242424,0.03762293488329237,684,"OK, no sudden movements. Back away slowly, and leave the Earl Grey."
2172,787,2,40,140,182,1.2417582417582418,0.03367780522945459,684,Did you see a scone go by?
3824,788,4,34,137,175,1.24,0.036207756655668756,684,Can your GPS direct me to the Winnie the Pooh residence?
3203,788,5,32,138,175,1.24,0.037103680235630467,684,"Slowly take the pancakes out of your backpack, put them on the ground, and then we quietly back away."
2936,788,4,34,137,175,1.24,0.036207756655668756,684,"Quick, hide the cornbread"""
2344,788,6,30,139,175,1.24,0.037978474587846534,684,I bet he never gets a sore throat.
2550,788,6,30,139,175,1.24,0.037978474587846534,684,We’d better get out of here—he’s still a little raw.
99,788,8,26,141,175,1.24,0.039670233450325,684,"Stop staring, I just got the need to get outside, breathe some fresh air and focus on who I am and who I want to be."
126,788,8,26,141,175,1.24,0.039670233450325,684,Once again Ann and Dave were terrorized by excessive sweeteners.
560,795,5,34,145,184,1.2391304347826086,0.03593367417974381,684,You can't have your honey and eat mine too!
1580,796,6,26,127,159,1.2389937106918238,0.040358160363694384,684,Not so sweet now am I?
3340,797,6,29,137,172,1.2383720930232558,0.03833663449946048,684,"Crap, we're toast!"
3406,797,5,31,136,172,1.2383720930232558,0.03743925865640066,684,"Well, I certainly don't blame him for changing his occupation, but is his name still Smokey?"
3468,797,8,25,139,172,1.2383720930232558,0.04007114244383266,684,"Oh no. I thought if we got off the grid, we'd be rid of the ads for a while."
3472,797,9,23,140,172,1.2383720930232558,0.040910828795788036,684,"Remember, only you can prevent low blood sugar."
3493,797,5,31,136,172,1.2383720930232558,0.03743925865640066,684,"Move very slowly. They’re generally sweet-natured, but  provoking it could put us in a sticky situation."
3531,797,3,35,134,172,1.2383720930232558,0.03557666618349965,684,Quite the sticky situation we’ve gotten ourselves into!
3705,797,7,27,138,172,1.2383720930232558,0.03921347983474019,684,We’re really roughing it—he’s not even artisanal.
3776,797,6,29,137,172,1.2383720930232558,0.03833663449946048,684,Give him the chamomile and see if he'll leave us alone.
3841,797,4,33,135,172,1.2383720930232558,0.036519838892532366,684,Doesn’t anybody recycle?
3986,797,7,27,138,172,1.2383720930232558,0.03921347983474019,684,"So we really are what we eat, huh?"
4080,797,8,25,139,172,1.2383720930232558,0.04007114244383266,684,Don't you think this pop-up ad thing has gone a little too far?
4021,797,8,25,139,172,1.2383720930232558,0.04007114244383266,684,I think we’re supposed to play diabetic.
3550,797,6,29,137,172,1.2383720930232558,0.03833663449946048,684,Smokey took an early retirement.
3302,797,10,21,141,172,1.2383720930232558,0.04173362395913673,684,I didn't think they could ever go bad.
2835,797,6,29,137,172,1.2383720930232558,0.03833663449946048,684,My aunt squeezed one and wound up with 85 stitches.
2993,797,6,29,137,172,1.2383720930232558,0.03833663449946048,684,"Hit the dirt, cover your neck, and do NOT make waffle noises."
2816,797,5,31,136,172,1.2383720930232558,0.03743925865640066,684,What else did you buy at Costco?
2592,797,10,21,141,172,1.2383720930232558,0.04173362395913673,684,US Forest Service now part of the Gig Economy.
1582,797,5,31,136,172,1.2383720930232558,0.03743925865640066,684,Up close he looks even more viscous than I thought
1262,797,7,27,138,172,1.2383720930232558,0.03921347983474019,684,How did it get out of the pantry?
1029,797,6,29,137,172,1.2383720930232558,0.03833663449946048,684,No worries. This kind of bear is slower than molasses.
882,797,6,29,137,172,1.2383720930232558,0.03833663449946048,684,Just order a jar and run when he goes to get it.
871,797,10,21,141,172,1.2383720930232558,0.04173362395913673,684,"I guess that ""BEAR LEFT"" sign back there was inaccurate.  The bear is still here!"
639,797,9,23,140,172,1.2383720930232558,0.040910828795788036,684,"It's okay, they run slowly."
492,797,7,27,138,172,1.2383720930232558,0.03921347983474019,684,"They call them 'The St. Bernards of The Forest'."""
448,797,6,29,137,172,1.2383720930232558,0.03833663449946048,684,"No thanks, we prefer sugar substitutes."""
109,797,8,25,139,172,1.2383720930232558,0.04007114244383266,684,We should have listened to Mrs. Butterworth.
3027,797,6,29,137,172,1.2383720930232558,0.03833663449946048,684,"Perhaps I was a bit too quick to dismiss your childhood fantasies, Gretel."
902,825,8,24,137,169,1.2366863905325445,0.04048371948508011,684,"Excuse me .
Would that be pancake I smell??"
3865,826,5,25,118,148,1.2364864864864864,0.04108463106752489,684,Don’t be fooled.  He thinks you’re a biscuit”
3189,827,5,29,131,165,1.2363636363636363,0.03834232269440075,684,He might not have claws but he can still give us diabetes.
4407,827,9,21,135,165,1.2363636363636363,0.04202110219438708,684,I think he heard me call you Honey
4238,827,8,23,134,165,1.2363636363636363,0.04113226470331693,684,I' ve been moved from the U.S. Forestry Department to the Department of Agriculture and honeybee management.
3936,827,6,27,132,165,1.2363636363636363,0.03929431943180782,684,"If you see a bear in a red shirt and no pants, tell him you haven't seen me!"
3904,827,2,35,128,165,1.2363636363636363,0.03533276410895963,684,"You want authentic, you'll have to go off the trail."
3873,827,8,23,134,165,1.2363636363636363,0.04113226470331693,684,Now this is local honey.
3809,827,7,25,133,165,1.2363636363636363,0.0402237910895572,684,"Careful, there may be some samplers nearby she is protecting."
3652,827,6,27,132,165,1.2363636363636363,0.03929431943180782,684,You’re looking for the real killer? Better keep an eye out for Mrs. Butterfield.
3559,827,3,33,129,165,1.2363636363636363,0.03636363636363636,684,I'm here to settle the argument. I'm your honey bear.
3478,827,7,25,133,165,1.2363636363636363,0.0402237910895572,684,Just leave the biscuits and back away slowly.
3446,827,5,29,131,165,1.2363636363636363,0.03834232269440075,684,I'm sure he's not as sweet as he looks.
3432,827,6,27,132,165,1.2363636363636363,0.03929431943180782,684,Sorry! ... I ..was. speaking to my husband.
3424,827,5,29,131,165,1.2363636363636363,0.03834232269440075,684,Careful!  There's a honey-glazed look in his eyes!
4504,827,2,35,128,165,1.2363636363636363,0.03533276410895963,684,I have a feeling he is not as sweet as he looks.
2974,827,6,27,132,165,1.2363636363636363,0.03929431943180782,684,What type of mushrooms did you use in the sauce?
451,827,7,25,133,165,1.2363636363636363,0.0402237910895572,684,Play dead or make tea?
2777,827,6,27,132,165,1.2363636363636363,0.03929431943180782,684,Rub my tummy and watch me squirt.
2899,827,8,23,134,165,1.2363636363636363,0.04113226470331693,684,What did the ranger say about Drizzly Bears?
763,827,4,31,130,165,1.2363636363636363,0.037366079264409956,684,Don't trust him.  He is not as sweet as he looks.
1172,827,6,27,132,165,1.2363636363636363,0.03929431943180782,684,"Great costume, Bigfoot!"
1530,827,8,23,134,165,1.2363636363636363,0.04113226470331693,684,Do you have anything that's good for a bee sting?
1682,827,4,31,130,165,1.2363636363636363,0.037366079264409956,684,Keep going. The lady with the maple syrup isn't too far.
1758,827,6,27,132,165,1.2363636363636363,0.03929431943180782,684,Do you know where I can get a refill? Hive collapse disorder is killing me.
855,827,6,27,132,165,1.2363636363636363,0.03929431943180782,684,"Forget the bear spray, hand me a bagel."
1871,827,2,35,128,165,1.2363636363636363,0.03533276410895963,684,"Stay calm, it’s only a California Drizzly bear, he probably just wants our tea."
1955,827,6,27,132,165,1.2363636363636363,0.03929431943180782,684,"Honey the Bear says, ""Only you can prevent colony collapse!"""
2100,827,5,29,131,165,1.2363636363636363,0.03834232269440075,684,"No, not poo! Honey!!"
2134,827,7,25,133,165,1.2363636363636363,0.0402237910895572,684,Are you sure those mushrooms were safe to eat?
2551,827,7,25,133,165,1.2363636363636363,0.0402237910895572,684,Stay calm or we're toast.
1783,827,4,31,130,165,1.2363636363636363,0.037366079264409956,684,Don't run. Wave your arms and throw the toast.
2948,857,7,26,137,170,1.2352941176470589,0.03939511105824237,684,I read the survival book on this; lie on the ground and act like you're bread...
2241,857,4,32,134,170,1.2352941176470589,0.036648790463921416,684,He's Winnie's main squeeze.
2364,857,6,28,136,170,1.2352941176470589,0.03850144323290976,684,I think he expects us to cook up some pancakes!
2428,857,6,28,136,170,1.2352941176470589,0.03850144323290976,684,Eeek!...These Central Park survival courses just keep getting scarier and tougher
2429,857,7,26,137,170,1.2352941176470589,0.03939511105824237,684,"It's okay, I think he just wants our tea."
2448,857,5,30,135,170,1.2352941176470589,0.037586533316371365,684,I told you we should be concerned about plastics in the environment.
2544,857,7,26,137,170,1.2352941176470589,0.03939511105824237,684,Very slowly...hand him my tea thermos.
2873,857,5,30,135,170,1.2352941176470589,0.037586533316371365,684,Um...Perhaps we shouldn't have eaten those wild chanterelles
2923,857,6,28,136,170,1.2352941176470589,0.03850144323290976,684,"Paul whispered ""You know, a bear that size has enough honey to make a human taste good...... """
3291,857,7,26,137,170,1.2352941176470589,0.03939511105824237,684,He looks like something you would see at Costco.
4206,857,6,28,136,170,1.2352941176470589,0.03850144323290976,684,We shouldn't have eaten those mushrooms by the side of the trail.
3817,857,8,24,138,170,1.2352941176470589,0.04026895106115291,684,Freeze...one false move and we're his breakfast biscuit.
3832,857,6,28,136,170,1.2352941176470589,0.03850144323290976,684,"Fight, flight, or squeeze?"
3919,857,9,22,139,170,1.2352941176470589,0.04112422721267606,684,"What doesn’t kill us, makes us stickier."
3956,857,5,30,135,170,1.2352941176470589,0.037586533316371365,684,You should see Mrs. Butterworth
4173,857,7,26,137,170,1.2352941176470589,0.03939511105824237,684,I think it’s better if we just tell everyone that we found the Sasquatch.
2169,857,8,24,138,170,1.2352941176470589,0.04026895106115291,684,I can't And the Pope isn't Catholic!
4344,857,5,30,135,170,1.2352941176470589,0.037586533316371365,684,Remember those tasty mushrooms we found?
4356,857,8,24,138,170,1.2352941176470589,0.04026895106115291,684,I believe we're toast.
4385,857,4,32,134,170,1.2352941176470589,0.036648790463921416,684,I think I ate the wrong mushrooms.
4426,857,6,28,136,170,1.2352941176470589,0.03850144323290976,684,It senses we’re glucose intolerant.  Run!
3509,857,4,32,134,170,1.2352941176470589,0.036648790463921416,684,I don't care if it's natural. It's still sugar.
2109,857,7,26,137,170,1.2352941176470589,0.03939511105824237,684,Are you guys hiding from the bees too?
4405,857,9,22,139,170,1.2352941176470589,0.04112422721267606,684,I felt better when we ran into the White Rock girl.
2026,857,7,26,137,170,1.2352941176470589,0.03939511105824237,684,*honey I ate the kids
90,857,6,28,136,170,1.2352941176470589,0.03850144323290976,684,Did you bring the Stevia spray?
96,857,9,22,139,170,1.2352941176470589,0.04112422721267606,684,Even our national parks have become too commercial.
291,857,4,32,134,170,1.2352941176470589,0.036648790463921416,684,Did someone cough?
539,857,7,26,137,170,1.2352941176470589,0.03939511105824237,684,We can stop him with bread.  How much we got?
750,857,5,30,135,170,1.2352941176470589,0.037586533316371365,684,OMG!  Don't squeeze him.
774,857,4,32,134,170,1.2352941176470589,0.036648790463921416,684,He’s been on our trail since I opened the thermos of tea.
918,857,3,34,133,170,1.2352941176470589,0.03568641475679701,684,Don't let him fool you. He's not as sweet as he looks.
2051,857,4,32,134,170,1.2352941176470589,0.036648790463921416,684,The bees were much nicer about it.
954,857,6,28,136,170,1.2352941176470589,0.03850144323290976,684,"I don’t care how sweet he is, I’m not squeezing him."
509,857,10,20,140,170,1.2352941176470589,0.04196207464025204,684,I think I know what happened to Mrs. Butterworth.
1056,857,7,26,137,170,1.2352941176470589,0.03939511105824237,684,And I thought artificial sweeteners were the real killers!
1049,857,8,24,138,170,1.2352941176470589,0.04026895106115291,684,"Sorry Honey, I was calling him “honey”."
1302,857,2,36,132,170,1.2352941176470589,0.034697356584037664,684,I anticipated this sticky situation.  Quick: your granola
1942,857,5,30,135,170,1.2352941176470589,0.037586533316371365,684,Do you still think this is a safe alternative to refined sugar?
1462,857,4,32,134,170,1.2352941176470589,0.036648790463921416,684,"No sudden moves, dear. This could be a bit sticky."
1490,857,6,28,136,170,1.2352941176470589,0.03850144323290976,684,That giant beehive we ran into back on the trail makes a whole lot more sense now.
1707,857,6,28,136,170,1.2352941176470589,0.03850144323290976,684,This has slowly become an unbearably sticky situation
1768,857,5,30,135,170,1.2352941176470589,0.037586533316371365,684,It's not local!
1762,857,4,32,134,170,1.2352941176470589,0.036648790463921416,684,"I may not be a real bear, but I play one on breakfast tables."
4121,901,6,24,124,154,1.2337662337662338,0.04098793538730796,684,Do you think it just wants a squeeze?
1930,902,6,30,144,180,1.2333333333333334,0.03703807157669554,684,This is what happens when you don't recycle
2335,903,6,21,115,142,1.232394366197183,0.043179837280752885,684,"No need to panic dear, it's just the latest eco-friendly marketing messaging stunt"
3379,904,5,29,134,168,1.2321428571428572,0.037733414133642146,684,We're about to be smeared.
3233,904,8,23,137,168,1.2321428571428572,0.040468117580017,684,Only you can prevent cavities.
2608,904,5,29,134,168,1.2321428571428572,0.037733414133642146,684,Did somebody say pancakes?
2472,904,7,25,136,168,1.2321428571428572,0.03957755097325211,684,Oh my! Ranger Rick must be shopping at Costco again.
2163,904,5,29,134,168,1.2321428571428572,0.037733414133642146,684,Is that your stomach growling or his?
2124,904,8,23,137,168,1.2321428571428572,0.040468117580017,684,I think we're supposed to play bread.
4265,904,7,25,136,168,1.2321428571428572,0.03957755097325211,684,And what does the milk look like in this land?
2028,904,5,29,134,168,1.2321428571428572,0.037733414133642146,684,He looks too sweet to be dangerous.
1559,904,4,31,133,168,1.2321428571428572,0.03677668477107789,684,Guess he prefers raw and local too”
1449,904,8,23,137,168,1.2321428571428572,0.040468117580017,684,"Whatever you do, don't give him a squeeze."
1124,904,8,23,137,168,1.2321428571428572,0.040468117580017,684,I told you a hike on Halloween is a mistake!
1672,904,10,19,139,168,1.2321428571428572,0.0421928967876052,684,"Be careful, Dave, it could be a honey trap."
4465,916,7,24,134,165,1.2303030303030302,0.03997804499490151,684,"Should we play dead, or make oatmeal?"
2046,917,6,23,123,152,1.230263157894737,0.04119003001210647,684,"If it attacks, should we fight back, play dead or swipe that last little bit of honey off its spout?"
100,917,4,27,121,152,1.230263157894737,0.0390171990398706,684,This could get sticky.
677,917,5,25,122,152,1.230263157894737,0.04011832744092849,684,Don't panic. It never goes bad.
3262,917,4,27,121,152,1.230263157894737,0.0390171990398706,684,I guess 'you are what you eat' is especially true for bears
3463,921,7,23,131,161,1.2298136645962734,0.040616796548675164,684,I forgot the tea bags.
933,922,5,29,136,170,1.2294117647058824,0.03733785745859955,684,Quick! The graham crackers!
3476,922,8,23,139,170,1.2294117647058824,0.040036939598594834,684,"Naw, I'm not scared; it's chocolate moose season."
4196,924,4,29,129,162,1.228395061728395,0.03743428806197879,684,"Of course she’s upset, you called her ‘Honey.’"
4453,924,9,19,134,162,1.228395061728395,0.042246089797930854,684,"What now, Christopher Robin?"
3685,924,5,27,130,162,1.228395061728395,0.038444858678485655,684,Look out! His drip is worse than his grip!
3596,924,7,23,132,162,1.228395061728395,0.04039021702110284,684,"Actually, I'm not your problem. I'm the condiment."
3549,924,6,25,131,162,1.228395061728395,0.03942953708719213,684,"Don't panic, he probably runs quite slowly."
3395,924,5,27,130,162,1.228395061728395,0.038444858678485655,684,Apparently the salmon run is over.
2983,924,7,23,132,162,1.228395061728395,0.04039021702110284,684,"This is awkward, but I guess I prefer the more butch Smokey."
2934,924,8,21,133,162,1.228395061728395,0.04132857204299843,684,"Shout,wave arms,spread on toast? What?"
2503,924,6,25,131,162,1.228395061728395,0.03942953708719213,684,"Quick, wave your big tea mug in the air!"
2992,924,7,23,132,162,1.228395061728395,0.04039021702110284,684,Lost? Does a bear squirt in the woods?
1792,924,9,19,134,162,1.228395061728395,0.042246089797930854,684,I told you we weren’t too far from an IHOP!
2498,924,5,27,130,162,1.228395061728395,0.038444858678485655,684,He looks organic to me.
363,924,7,23,132,162,1.228395061728395,0.04039021702110284,684,"You think I'm funny looking?
You should see my scat!"
735,924,5,27,130,162,1.228395061728395,0.038444858678485655,684,I don't think I can bring myself to use the spray.
850,924,4,29,129,162,1.228395061728395,0.03743428806197879,684,"No, I don't think it's a drizzly bear."
201,924,11,15,136,162,1.228395061728395,0.044023795558968896,684,Oh bother!
924,924,4,29,129,162,1.228395061728395,0.03743428806197879,684,And people wonder why there are more forest fires these days
1079,924,6,25,131,162,1.228395061728395,0.03942953708719213,684,"Folks, keep to the right of the Molasses Swamp and the Candy Castle will be an intermediate level hike of 3 miles."
1356,924,4,29,129,162,1.228395061728395,0.03743428806197879,684,"Without realizing it, the hikers found themselves in a very sticky situation."
917,924,4,29,129,162,1.228395061728395,0.03743428806197879,684,Let's agree right now never to go to Costco again -
3360,944,3,30,125,158,1.2278481012658229,0.036911671773559904,684,It's Smokey's day off.
1680,945,3,31,129,163,1.2269938650306749,0.03619882221500137,684,What did you do to Yogi?
3169,946,4,28,127,159,1.2264150943396226,0.037775633832078014,684,"Well Jim, it came when you called"
1687,946,5,26,128,159,1.2264150943396226,0.03881507448550428,684,I think he is lost. This is Aumt Jemima's territory.
4096,946,4,28,127,159,1.2264150943396226,0.037775633832078014,684,"It is okay, I am lost too."
2376,946,7,22,130,159,1.2264150943396226,0.040814617468687135,684,Have you seen a fairy around here? She screwed me over big time.
2554,946,7,22,130,159,1.2264150943396226,0.040814617468687135,684,Let's just hope he's slow as molasses.
2581,946,6,24,129,159,1.2264150943396226,0.039827396390113845,684,"Careful Tom, this could get sticky."
2801,946,7,22,130,159,1.2264150943396226,0.040814617468687135,684,I told you that today’s the day the teddy bears have their picnic
2903,946,5,26,128,159,1.2264150943396226,0.03881507448550428,684,"You do know that calling him ""Honey Bear"" is cultural appropriation."
3090,946,6,24,129,159,1.2264150943396226,0.039827396390113845,684,Carrie and Gary have found themselves in an unexpectedly sticky situation.
4423,946,5,26,128,159,1.2264150943396226,0.03881507448550428,684,A clear example of too much of a good thing.
3377,946,4,28,127,159,1.2264150943396226,0.037775633832078014,684,Maybe you can join us for breakfast?
3486,946,8,20,131,159,1.2264150943396226,0.04177851714715673,684,"I miss the days they'd just maul you. Now they want to give you diabetes, too!"
3490,946,4,28,127,159,1.2264150943396226,0.037775633832078014,684,"You said ‘Honey, take the little squirt.’ Now look!"
3656,946,5,26,128,159,1.2264150943396226,0.03881507448550428,684,"Stay calm, he just wants our toast."
3823,946,5,26,128,159,1.2264150943396226,0.03881507448550428,684,He sure looks smaller in the refrigerator!
4008,946,6,24,129,159,1.2264150943396226,0.039827396390113845,684,"Well, this could be a sticky situation..."
4036,946,7,22,130,159,1.2264150943396226,0.040814617468687135,684,Big Pancake Woods. It all makes sense now...
4057,946,4,28,127,159,1.2264150943396226,0.037775633832078014,684,"Be careful.  If he flips his lid, it's going to be a sticky situation."
1616,946,7,22,130,159,1.2264150943396226,0.040814617468687135,684,The next person who tries to put the squeeze on me can take a hike!
3232,946,4,28,127,159,1.2264150943396226,0.037775633832078014,684,A tight squeeze? More like a sticky situation.
1598,946,5,26,128,159,1.2264150943396226,0.03881507448550428,684,"Any way you slice it, we're toast!"
2276,946,6,24,129,159,1.2264150943396226,0.039827396390113845,684,Pretty sure the sign just said don't feed them. Go ahead and squeeze it.
1503,946,6,24,129,159,1.2264150943396226,0.039827396390113845,684,Most people are surprised that I’m not just a grocery shelf item!
155,946,6,24,129,159,1.2264150943396226,0.039827396390113845,684,"Quick, hand me the pancakes!"""
282,946,2,32,125,159,1.2264150943396226,0.03560583547138336,684,"Relax, I'm sure he's sweet."
404,946,10,16,133,159,1.2264150943396226,0.04364249634032505,684,Do either of you have a cigarette?
424,946,6,24,129,159,1.2264150943396226,0.039827396390113845,684,We might be toast.
447,946,7,22,130,159,1.2264150943396226,0.040814617468687135,684,We'd better run. Looks like he's popped his top.
510,946,4,28,127,159,1.2264150943396226,0.037775633832078014,684,Run! He’s about to blow our glycemic index!
538,946,10,16,133,159,1.2264150943396226,0.04364249634032505,684,Have you seen my Aunt Jemima?
573,946,6,24,129,159,1.2264150943396226,0.039827396390113845,684,Did you remember to take your insulin?
787,946,6,24,129,159,1.2264150943396226,0.039827396390113845,684,Damn! They warned us to be sure to carry wet wipes.
1531,946,3,30,126,159,1.2264150943396226,0.036706770703989054,684,We're in a bit of a sticky situation.
793,946,4,28,127,159,1.2264150943396226,0.037775633832078014,684,They do exist!
944,946,4,28,127,159,1.2264150943396226,0.037775633832078014,684,"Oh, sorry! Is this a private conversation?"
956,946,5,26,128,159,1.2264150943396226,0.03881507448550428,684,I'm surprised he's been able to keep up. I thought he'd be as slow as molasses.
961,946,4,28,127,159,1.2264150943396226,0.037775633832078014,684,Do we have to blame everything on global warming?
1044,946,5,26,128,159,1.2264150943396226,0.03881507448550428,684,It’s either a party costume or those wild mushrooms we ate for lunch.
1176,946,8,20,131,159,1.2264150943396226,0.04177851714715673,684,Mrs. Butterworth is actually the one you should fear.
1275,946,3,30,126,159,1.2264150943396226,0.036706770703989054,684,He looks dangerous but he is actually very sweet.
1352,946,1,34,124,159,1.2264150943396226,0.034469755202426566,684,Two unarmed hikers! Sweet!
1360,946,5,26,128,159,1.2264150943396226,0.03881507448550428,684,If he catches us we're toast.
1371,946,4,28,127,159,1.2264150943396226,0.037775633832078014,684,"Be very careful! They may look cute enough to touch, but they’re full of processed sugars."
915,946,6,24,129,159,1.2264150943396226,0.039827396390113845,684,"Christopher Robin still loves you, Pooh!"
2402,990,9,20,139,168,1.2261904761904763,0.041105327088520355,684,So that's what Winnie the Pooh did when he grew up.
3094,991,3,29,123,155,1.2258064516129032,0.03723630886214331,684,"Don't be afraid, they're really sweet on the inside."
4108,991,6,16,102,124,1.2258064516129032,0.04699006049296338,684,"No, this is the Apiarian Trail."
1137,993,4,26,121,151,1.2251655629139073,0.03893979666458652,684,Maybe he just wants to be squeezed!
35,994,3,29,124,156,1.2243589743589745,0.0370251495560223,684,He looks sweet.
3025,994,4,27,125,156,1.2243589743589745,0.03812577455717602,684,Her cubs are gummy bears so watch your step.
4441,996,3,28,121,152,1.2236842105263157,0.03756876861814674,684,I think she smells our fear. And our Darjeeling
2771,996,2,30,120,152,1.2236842105263157,0.03639057569952928,684,We should have recycled.
2846,996,4,26,122,152,1.2236842105263157,0.03871111921947651,684,Did it just say muffins?
3007,996,3,28,121,152,1.2236842105263157,0.03756876861814674,684,He wants us to pollinate.
3143,996,2,30,120,152,1.2236842105263157,0.03639057569952928,684,Put your bag down slowly… I think he can smell your biscuits
3170,996,5,24,123,152,1.2236842105263157,0.03982071228601015,684,I posed for the 16 ounce size.
3371,996,4,26,122,152,1.2236842105263157,0.03871111921947651,684,Drop the pancake mix and back away slowly.
3483,996,7,20,125,152,1.2236842105263157,0.041951947254526244,684,"This one isn’t nearly as dangerous as its offspring, the gummy."
3673,996,8,18,126,152,1.2236842105263157,0.042977950790925666,684,"Let's get moving, a nest full of pissed off bees can't be far behind!"
3838,996,6,22,124,152,1.2236842105263157,0.04090021396894979,684,I think I just Poohed!
3948,996,5,24,123,152,1.2236842105263157,0.03982071228601015,684,I told you it didn't come out of bees
3967,996,4,26,122,152,1.2236842105263157,0.03871111921947651,684,"He is what he eats, I suppose."
3968,996,6,22,124,152,1.2236842105263157,0.04090021396894979,684,"Honey, I’m uncomfortable hiking with a bear behind."
3970,996,2,30,120,152,1.2236842105263157,0.03639057569952928,684,"It's tempting, but don't squeeze him."
4042,996,4,26,122,152,1.2236842105263157,0.03871111921947651,684,Do you think the bear thinks we're toast?
4219,996,6,22,124,152,1.2236842105263157,0.04090021396894979,684,Poor Pooh. I guess you really do become what you eat.
4351,996,4,26,122,152,1.2236842105263157,0.03871111921947651,684,"You're supposed to be the man....
you squeeze him to see what happens."
2769,996,1,32,119,152,1.2236842105263157,0.03517293880247277,684,"Honey, Don’t look directly at him."
2662,996,5,24,123,152,1.2236842105263157,0.03982071228601015,684,Don't look afraid or she'll think we're toast.
4468,996,4,26,122,152,1.2236842105263157,0.03871111921947651,684,It looks like a healthier substitute but you should still avoid direct eye contact.
2494,996,4,26,122,152,1.2236842105263157,0.03871111921947651,684,What can I say? I like my people with honey.
2585,996,3,28,121,152,1.2236842105263157,0.03756876861814674,684,What have you done with Mrs. Butterworth?
241,996,6,22,124,152,1.2236842105263157,0.04090021396894979,684,Did either of you bring any biscuits?
344,996,5,24,123,152,1.2236842105263157,0.03982071228601015,684,I think it's a honey trap.
436,996,4,26,122,152,1.2236842105263157,0.03871111921947651,684,And they said the GMO genes wouldn't spread to the wild.
705,996,7,20,125,152,1.2236842105263157,0.041951947254526244,684,Are we supposed to play dead or climb a maple tree?
907,996,5,24,123,152,1.2236842105263157,0.03982071228601015,684,"Honey, are you sure we should have eaten those wild mushrooms?"
925,996,5,24,123,152,1.2236842105263157,0.03982071228601015,684,You distract him while I sneak behind to check his Best By date.
1375,996,2,30,120,152,1.2236842105263157,0.03639057569952928,684,Take heart. If you are what you eat...
865,996,5,24,123,152,1.2236842105263157,0.03982071228601015,684,Have you seen Mrs. Butterworth?
1586,996,3,28,121,152,1.2236842105263157,0.03756876861814674,684,Remember when you said you were sure it was a Portabella?
2098,996,6,22,124,152,1.2236842105263157,0.04090021396894979,684,"Excuse me. You haven't seen a whole lot of bears
having a picnic around here have you ?"
2111,996,8,18,126,152,1.2236842105263157,0.042977950790925666,684,"Wait, do you play dead if it's clover and fight back if it's wildflower, or is it the other way around?"
2131,996,1,32,119,152,1.2236842105263157,0.03517293880247277,684,It's O.K. He's locally sourced.
2280,996,3,28,121,152,1.2236842105263157,0.03756876861814674,684,Looks like they left him in the microwave too long.
2336,996,5,24,123,152,1.2236842105263157,0.03982071228601015,684,What did you think I do in the woods?
2341,996,5,24,123,152,1.2236842105263157,0.03982071228601015,684,"No sudden movements, or we're toast."
1567,996,4,26,122,152,1.2236842105263157,0.03871111921947651,684,"Well, I guess it’s true; you are what you eat."
2417,996,4,26,122,152,1.2236842105263157,0.03871111921947651,684,"First the Kood-Aid man, now this?"
3193,1035,8,19,130,157,1.2229299363057324,0.0419968716653878,684,"My financial guy said  run, if we ever sense a bear market ahead!"
3157,1035,6,23,128,157,1.2229299363057324,0.040005232095600175,684,I told Winnie to be careful with his wishes!
3154,1035,6,23,128,157,1.2229299363057324,0.040005232095600175,684,Just open those backpacks slowly and no one has to get hurt here.
2872,1035,4,27,126,157,1.2229299363057324,0.037909101286717733,684,"Best to not Pooh,Pooh him."
2896,1035,6,23,128,157,1.2229299363057324,0.040005232095600175,684,Careful...this could get sticky.
2892,1035,2,31,124,157,1.2229299363057324,0.03569007320965327,684,Play dead and you're toast.
3336,1035,8,19,130,157,1.2229299363057324,0.0419968716653878,684,I told you not to eat the gummies.
2949,1035,6,23,128,157,1.2229299363057324,0.040005232095600175,684,"Back away, don’t look him in the eye, this could get sticky."
3350,1035,7,21,129,157,1.2229299363057324,0.04101314316595286,684,Relax!  It's just the honey bear.
4406,1035,5,25,127,157,1.2229299363057324,0.038971262202996855,684,I thought you said there might be honey bees on this trip.
3397,1035,9,17,131,157,1.2229299363057324,0.042958078949216986,684,Maybe we have stumbled into the Bear Witch Project?
3640,1035,7,21,129,157,1.2229299363057324,0.04101314316595286,684,"Honey, you scared me!"
3752,1035,5,25,127,157,1.2229299363057324,0.038971262202996855,684,Oh my God! He smells the English muffins!
3796,1035,4,27,126,157,1.2229299363057324,0.037909101286717733,684,Don't worry I hear it moves slowly
3864,1035,7,21,129,157,1.2229299363057324,0.04101314316595286,684,Get rid of the ham.
3898,1035,7,21,129,157,1.2229299363057324,0.04101314316595286,684,"Why didn't you tell me earlier about your new squeeze, Honey?"
3949,1035,9,17,131,157,1.2229299363057324,0.042958078949216986,684,Should we be more afraid of the bear or the carbs?
4179,1035,1,33,123,157,1.2229299363057324,0.03452711989700709,684,Squeeze me. It's free.
4492,1035,3,29,125,157,1.2229299363057324,0.03681630947064788,684,"I've heard that if we just give him an english muffin, he'll leave us alone"
3353,1035,5,25,127,157,1.2229299363057324,0.038971262202996855,684,Shall we ask him to breakfast?
2640,1035,7,21,129,157,1.2229299363057324,0.04101314316595286,684,Does a bear stick in the woods?
2857,1035,6,23,128,157,1.2229299363057324,0.040005232095600175,684,We're in deep and sticky trouble
2371,1035,7,21,129,157,1.2229299363057324,0.04101314316595286,684,Edna & Harry found themselves in quite the sticky situation.
2469,1035,5,25,127,157,1.2229299363057324,0.038971262202996855,684,He says he's looking for Mrs. Butterworth.
488,1035,4,27,126,157,1.2229299363057324,0.037909101286717733,684,Do you think his hat unscrews?
497,1035,3,29,125,157,1.2229299363057324,0.03681630947064788,684,Talk about a sticky situation
586,1035,4,27,126,157,1.2229299363057324,0.037909101286717733,684,Don't be fooled.  He is not as sweet as he looks.
789,1035,6,23,128,157,1.2229299363057324,0.040005232095600175,684,My mom always told me there would be consequences for leaving the lid off.
895,1035,4,27,126,157,1.2229299363057324,0.037909101286717733,684,"Careful, he looks raw"
1022,1035,3,29,125,157,1.2229299363057324,0.03681630947064788,684,Do you think she thinks we squeezed one of her babies?
1196,1035,3,29,125,157,1.2229299363057324,0.03681630947064788,684,They're usually not dangerous unless you pack one of the kid-sized portions.
1358,1035,9,17,131,157,1.2229299363057324,0.042958078949216986,684,Don't worry about me.  The bees are angry as hell.
1431,1035,3,29,125,157,1.2229299363057324,0.03681630947064788,684,I wonder if its organic?
628,1035,7,21,129,157,1.2229299363057324,0.04101314316595286,684,"Frank, I’ve asked you before to stop taking things so literally; this is not what I meant when I said I wanted my honeypot."
2304,1035,6,23,128,157,1.2229299363057324,0.040005232095600175,684,"No, really! It's me, your kitchen honey jar, all grown up, and ready to squeeze you back."
1583,1035,4,27,126,157,1.2229299363057324,0.037909101286717733,684,"I know we're in the woods, but how can we be sure it's really organic?"
1639,1035,4,27,126,157,1.2229299363057324,0.037909101286717733,684,They celebrate Halloween too?!
1701,1035,7,21,129,157,1.2229299363057324,0.04101314316595286,684,Me scary?  Just wait until you meet my brother Gummy.
1901,1035,4,27,126,157,1.2229299363057324,0.037909101286717733,684,You don’t need to be concerned.  I’m locally sourced.
2107,1035,4,27,126,157,1.2229299363057324,0.037909101286717733,684,"you know what they say, you are what you eat."
2284,1035,4,27,126,157,1.2229299363057324,0.037909101286717733,684,"Say, have you folks seen a pancake running around out here?"
1519,1035,5,25,127,157,1.2229299363057324,0.038971262202996855,684,"Quick, do you have any toast?"
3315,1077,5,24,125,154,1.2207792207792207,0.039355163548769105,684,"Stay calm, it's dangerous but not as bad as a honey badger"
3224,1077,6,22,126,154,1.2207792207792207,0.040419195140106126,684,"For the last time, I'm not taking my top off."
1979,1077,5,24,125,154,1.2207792207792207,0.039355163548769105,684,I think we need to take a closer look at those mushrooms.
1911,1077,5,24,125,154,1.2207792207792207,0.039355163548769105,684,You said he'd still be in a honey comb-a!
1226,1077,2,30,122,154,1.2207792207792207,0.03597473536357872,684,"Nevermind the bear spray, grab the trial mix."
3825,1077,5,24,125,154,1.2207792207792207,0.039355163548769105,684,I thought the brochure said watch our for honey bees.
3759,1077,5,24,125,154,1.2207792207792207,0.039355163548769105,684,I'm allergic. Hand me my Epi-pen.
214,1077,5,24,125,154,1.2207792207792207,0.039355163548769105,684,Lets not eat anymore of those wild mushrooms.
1295,1085,3,31,134,168,1.2202380952380953,0.0352448715731133,684,"Honey, I think I'd better start calling you sweetie from now on."
2085,1086,5,25,129,159,1.220125786163522,0.038530236867996566,684,I’ve finally convinced the other bears to give up refined processed sugar.
2891,1087,2,29,119,150,1.22,0.036478058741864876,684,"Micro-dosing is supposed to be safe and effective, but I'm having my doubts."
3372,1088,6,22,127,155,1.2193548387096773,0.04018283282430401,684,"Honey… Those mushrooms we had for breakfast, where did you get them?"
2679,1088,5,24,126,155,1.2193548387096773,0.03912637056033424,684,He isn't pissed off about forest fires. He's pissed off about breakfast.
2732,1088,9,16,130,155,1.2193548387096773,0.043197472095830865,684,I told you not to put it in the microwave!
3393,1088,5,24,126,155,1.2193548387096773,0.03912637056033424,684,"It's not what you think, Sue Bee. This is my father."
3264,1088,5,24,126,155,1.2193548387096773,0.03912637056033424,684,One hug and I'm all yours.
3412,1088,4,26,125,155,1.2193548387096773,0.03804057955214688,684,And here we are without toast!
4445,1088,6,22,127,155,1.2193548387096773,0.04018283282430401,684,Make sure your wallet is secure. He has sticky fingers.”
3578,1088,4,26,125,155,1.2193548387096773,0.03804057955214688,684,Give him a little squeeze and he’ll go away.
3588,1088,6,22,127,155,1.2193548387096773,0.04018283282430401,684,Don't run! The trail book says hold it upside down and squeeze it.
3675,1088,6,22,127,155,1.2193548387096773,0.04018283282430401,684,You look like you were expecting the bear with the toilet paper.
1834,1088,4,26,125,155,1.2193548387096773,0.03804057955214688,684,While he's around you should probably call me by a different nickname.
4015,1088,3,28,124,155,1.2193548387096773,0.03692287247901823,684,Another Costco impulse purchase?
3521,1088,4,26,125,155,1.2193548387096773,0.03804057955214688,684,"He just comes off as, like, aggressively sweet."
1759,1088,6,22,127,155,1.2193548387096773,0.04018283282430401,684,"""Uh-oh. We're toast."""
3758,1088,6,22,127,155,1.2193548387096773,0.04018283282430401,684,Oh No! We're not falling for the old grisly bear disquised in a honey bear dispenser trap.
1497,1088,2,30,123,155,1.2193548387096773,0.035770257638720854,684,"Bob, why is the bear looking at my pack; did you put the tea and hot cider in there?"
1514,1088,5,24,126,155,1.2193548387096773,0.03912637056033424,684,Im extending my expiration date.
40,1088,5,24,126,155,1.2193548387096773,0.03912637056033424,684,We may be in a sticky situation
511,1088,3,28,124,155,1.2193548387096773,0.03692287247901823,684,"Honey, it's honey!"
528,1088,7,20,128,155,1.2193548387096773,0.041212221905004565,684,"If she gets closer, we're toast."
600,1088,9,16,130,155,1.2193548387096773,0.043197472095830865,684,You play dead. I’ll run.
229,1088,6,22,127,155,1.2193548387096773,0.04018283282430401,684,It's weird seeing him outside the farmer's market.
794,1088,6,22,127,155,1.2193548387096773,0.04018283282430401,684,"Shhhh, don't call me Honey."
810,1088,5,24,126,155,1.2193548387096773,0.03912637056033424,684,Back away slowly like molasses.
947,1088,3,28,124,155,1.2193548387096773,0.03692287247901823,684,"Careful, he doesn’t look local."
973,1088,6,22,127,155,1.2193548387096773,0.04018283282430401,684,I don't think he will fit in the bear-safe container.
1299,1088,3,28,124,155,1.2193548387096773,0.03692287247901823,684,I just wanted a hug.
631,1088,7,20,128,155,1.2193548387096773,0.041212221905004565,684,"I can never remember--should we run, play dead, or make toast?"
1677,1116,6,21,124,151,1.218543046357616,0.04084541442413053,684,Wait... So honey isn't vegan?
4099,1116,4,25,122,151,1.218543046357616,0.03862314640183871,684,"Watch out, it gets on EVERYTHING"
3744,1116,2,29,120,151,1.218543046357616,0.036264955487036836,684,Be careful! It looks processed.
3575,1116,6,21,124,151,1.218543046357616,0.04084541442413053,684,"Run, you know I'm allergic."
3457,1116,4,25,122,151,1.218543046357616,0.03862314640183871,684,Do you still have that piece of toast from breakfast?
2548,1116,2,29,120,151,1.218543046357616,0.036264955487036836,684,I told you GMOs would eventually turn on us.
1808,1116,6,21,124,151,1.218543046357616,0.04084541442413053,684,"I'd heard Smokey had fallen on hard times, but I had no idea he'd gotten hooked on the sweet stuff."
1614,1116,6,21,124,151,1.218543046357616,0.04084541442413053,684,"Dad, do you remember that joke...I don't have to outrun the Honey Bear...I just have to outrun you?"
4117,1116,5,23,123,151,1.218543046357616,0.03974981331690023,684,He keeps muttering something about Smokey and Winnie and being late for a family reunion.
1410,1116,4,25,122,151,1.218543046357616,0.03862314640183871,684,"Don't worry, it's organic."
931,1116,6,21,124,151,1.218543046357616,0.04084541442413053,684,Would it be rude to ask for a picture?
709,1116,5,23,123,151,1.218543046357616,0.03974981331690023,684,I think this bear is sweet.
417,1116,6,21,124,151,1.218543046357616,0.04084541442413053,684,You guys smoke?
368,1116,4,25,122,151,1.218543046357616,0.03862314640183871,684,Uh-oh. He just blew his lid.
1468,1116,2,29,120,151,1.218543046357616,0.036264955487036836,684,"Well, I guess you were right--these definitely are psilocybin mushrooms."
2839,1131,2,27,113,142,1.2183098591549295,0.037550880719402255,684,I've heard the best thing to do in these situations is to make tea
3182,1132,6,22,128,156,1.2179487179487178,0.03994917345152504,684,"Sorry to bother you, but could you show me the way back to the nearest Whole Foods?"
1055,1133,2,29,121,152,1.2171052631578947,0.03605425982131721,684,"No, not maul, just gonna turn you upside down and squeeze. okay, then maul."
1332,1133,5,23,124,152,1.2171052631578947,0.03951360244884129,684,I swear it looked way less threatening on Amazon
1568,1133,2,29,121,152,1.2171052631578947,0.03605425982131721,684,« Quick! Get the toast! »
4362,1133,3,27,122,152,1.2171052631578947,0.037243093681966384,684,"Roger, I told you not to pack the honey bear! You know they're so protective of their cubs!"
3773,1133,6,21,125,152,1.2171052631578947,0.04060127035236401,684,"It might be natural, but it's still sugar."
3041,1138,2,27,114,143,1.2167832167832169,0.03731860179554434,684,Please tell me you packed the good tea.
4011,1138,2,27,114,143,1.2167832167832169,0.03731860179554434,684,"If we can get her into the sun, I think she'll really soften up."
2910,1140,6,20,122,148,1.2162162162162162,0.04128446572032289,684,Just ignore her. That's Smokey's ex.
3477,1141,5,20,114,139,1.2158273381294964,0.041805999871785085,684,Have either of you you any chance seen a large lemon around here?
2717,1142,5,21,118,144,1.2152777777777777,0.040828628771899675,684,A little birdie told me you forgot to pack your stevia!
2794,1142,2,27,115,144,1.2152777777777777,0.037089104006679675,684,"Uh-oh, looks like we’re in a sticky situation."
4194,1142,5,21,118,144,1.2152777777777777,0.040828628771899675,684,Quick- do we have any hot tea to distract her?
2883,1142,3,25,116,144,1.2152777777777777,0.038376121913807286,684,I would have never thought we'd see a real honey bear
2929,1142,4,23,117,144,1.2152777777777777,0.03962135573486219,684,My shrink says I'm bi-polar.
3177,1142,5,21,118,144,1.2152777777777777,0.040828628771899675,684,Would you mind if I just stick with you?
3237,1142,4,23,117,144,1.2152777777777777,0.03962135573486219,684,I just changed my mind about genetically modified foods.
3268,1142,4,23,117,144,1.2152777777777777,0.03962135573486219,684,This could turn into a really sticky situation.
3363,1142,2,27,115,144,1.2152777777777777,0.037089104006679675,684,Quick! Grab the peanut butter sandwiches.
3620,1142,4,23,117,144,1.2152777777777777,0.03962135573486219,684,Just act like you're glucose intolerant.
3768,1142,4,23,117,144,1.2152777777777777,0.03962135573486219,684,She is Smokey Bear’s wife?
3771,1142,3,25,116,144,1.2152777777777777,0.038376121913807286,684,Just give him the cornbread.
3858,1142,3,25,116,144,1.2152777777777777,0.038376121913807286,684,"Replace the cap, back away slowly and whatever you do, don't run."
3861,1142,2,27,115,144,1.2152777777777777,0.037089104006679675,684,"If we wait, she’ll get coagulated and won’t be able to move."
3957,1142,3,25,116,144,1.2152777777777777,0.038376121913807286,684,We're okay. The older ones aren't as viscous.
3992,1142,4,23,117,144,1.2152777777777777,0.03962135573486219,684,Just leave it. Those nozzles clog after a couple of sueezes.
2453,1142,7,17,120,144,1.2152777777777777,0.04314194156089626,684,Any doubts about the impact plastics are having on the environment now?
4016,1142,3,25,116,144,1.2152777777777777,0.038376121913807286,684,"Excuse me, have you guys seen Mrs. Butterworth?"
4070,1142,4,23,117,144,1.2152777777777777,0.03962135573486219,684,You think he needs a good squeeze?
4153,1142,4,23,117,144,1.2152777777777777,0.03962135573486219,684,"I thought you brought the family size, not the eat-your-family size."
4177,1142,7,17,120,144,1.2152777777777777,0.04314194156089626,684,"Sorry, Smokey can’t be everywhere."
2275,1142,3,25,116,144,1.2152777777777777,0.038376121913807286,684,Relax. These never go bad.
3103,1142,5,21,118,144,1.2152777777777777,0.040828628771899675,684,You distract him while I get the shot of insulin.
2072,1142,5,21,118,144,1.2152777777777777,0.040828628771899675,684,Have you seen a stack of pancakes recently?
2149,1142,5,21,118,144,1.2152777777777777,0.040828628771899675,684,That “vinegar costume” just wasn’t working.  I’m catching a ton more flies with this one!
58,1142,5,21,118,144,1.2152777777777777,0.040828628771899675,684,We're toast.
92,1142,2,27,115,144,1.2152777777777777,0.037089104006679675,684,Is that your sugar daddy?
97,1142,5,21,118,144,1.2152777777777777,0.040828628771899675,684,"Do we run, remain still, or get dinner rolls?"
102,1142,4,23,117,144,1.2152777777777777,0.03962135573486219,684,Oh God — what did you do to her cub?
183,1142,4,23,117,144,1.2152777777777777,0.03962135573486219,684,I guess you really are what you eat.
335,1142,6,19,119,144,1.2152777777777777,0.042001214560042084,684,"Forget the bear, I'm allergic to honey!"
345,1142,3,25,116,144,1.2152777777777777,0.038376121913807286,684,But he looks so sweet.
476,1142,4,23,117,144,1.2152777777777777,0.03962135573486219,684,"Yes, when honeybees went extinct, we developed the honeybear."
567,1142,3,25,116,144,1.2152777777777777,0.038376121913807286,684,Can you see a recycle number?
657,1142,8,15,121,144,1.2152777777777777,0.04425327353732021,684,Only you can prevent low blood sugar
478,1142,6,19,119,144,1.2152777777777777,0.042001214560042084,684,"Oh we're fine, it never goes bad."
980,1142,4,23,117,144,1.2152777777777777,0.03962135573486219,684,Careful -- one sudden move and it can put us in a diabetic coma.
1919,1142,3,25,116,144,1.2152777777777777,0.038376121913807286,684,"What, were you expecting a polar bear?"
1909,1142,5,21,118,144,1.2152777777777777,0.040828628771899675,684,I think it's drawn to our red caps.
965,1142,5,21,118,144,1.2152777777777777,0.040828628771899675,684,"It's Poo-h, not Poo.  If I can't hear the H, no one will hear you scream."
1756,1142,6,19,119,144,1.2152777777777777,0.042001214560042084,684,That explains what the bees have been up to.
1460,1142,6,19,119,144,1.2152777777777777,0.042001214560042084,684,This could quickly become a sticky situation.
1764,1142,5,21,118,144,1.2152777777777777,0.040828628771899675,684,I suppose I shouldn't have used that Bee Balm moisturizer today
1229,1142,4,23,117,144,1.2152777777777777,0.03962135573486219,684,It's squeeze or be squeezed out here.
1223,1142,5,21,118,144,1.2152777777777777,0.040828628771899675,684,I think we should call your Aunt Jemima
1003,1142,5,21,118,144,1.2152777777777777,0.040828628771899675,684,"No need to panic, these bears are generally very sweet."
1255,1142,5,21,118,144,1.2152777777777777,0.040828628771899675,684,"He's on to us. Drop the nine grain, avocados, and Aleppo pepper."
4204,1189,4,18,99,121,1.2148760330578512,0.04423611137544672,684,This must be a nightmare based on my irrational childhood fears.
4167,1190,5,22,122,149,1.2147651006711409,0.039911654648582935,684,Oh...um..hi Honey. This is..uh..Greg from...work?
1627,1190,6,20,123,149,1.2147651006711409,0.04103212032487422,684,"Whatever you do, don’t mention agave — Ari Maggs, Decatur, GA"
3563,1190,6,20,123,149,1.2147651006711409,0.04103212032487422,684,She thinks you squirted one of her cubs into your oatmeal.
3285,1190,6,20,123,149,1.2147651006711409,0.04103212032487422,684,I thought they outlawed human baiting in this state.
2016,1190,5,22,122,149,1.2147651006711409,0.039911654648582935,684,"Hey, wait. YOU'RE not Mrs. Butterworth."
1857,1190,7,18,124,149,1.2147651006711409,0.04212279216673749,684,"After they stopped smoking, they all crave sweet"
843,1190,8,16,125,149,1.2147651006711409,0.04318592758630253,684,Have you seen my pants?
3479,1190,5,22,122,149,1.2147651006711409,0.039911654648582935,684,"Honey, we’re not out of the woods yet"
650,1190,4,24,121,149,1.2147651006711409,0.03875881132362739,684,I warned you that hiking off trail can be a sticky situation.
530,1190,3,26,120,149,1.2147651006711409,0.03757060997180299,684,Can you help me out of a sticky situation?
524,1190,8,16,125,149,1.2147651006711409,0.04318592758630253,684,"Now I know what a bear does in the woods, because I just did."
198,1190,3,26,120,149,1.2147651006711409,0.03757060997180299,684,Stay still and it won't squirt.
716,1190,7,18,124,149,1.2147651006711409,0.04212279216673749,684,Sorry to frighten you; our marketing department sent me as part of our new guerrilla product placement campaign.
3684,1203,2,30,127,159,1.2138364779874213,0.034974463683672116,684,You never said these were magic mushrooms.
380,1204,6,20,124,150,1.2133333333333334,0.04078279527880807,684,“Hi there! I’ll swap you some honey for an ounce of Panama Red.”
2781,1205,4,23,119,146,1.2123287671232876,0.039131941475064144,684,Hide the baklava.
3114,1205,3,25,118,146,1.2123287671232876,0.0379056134671144,684,He’s just glazing.
3230,1205,6,19,121,146,1.2123287671232876,0.04147596251067558,684,Quick — get the mustard.
3356,1205,1,29,116,146,1.2123287671232876,0.03532547111843185,684,I think he is tired of eating honey.
3666,1205,5,21,120,146,1.2123287671232876,0.040320989011895604,684,To bees or not to bees is the question.
3590,1205,3,25,118,146,1.2123287671232876,0.0379056134671144,684,"I think we should stick to the main road, honey."
2543,1205,8,15,123,146,1.2123287671232876,0.043694417134985196,684,You never listen! I said “let’s find a sweet KODAK moment!”
4007,1205,6,19,121,146,1.2123287671232876,0.04147596251067558,684,I don't think we're in Aisle 7 anymore.
4430,1205,4,23,119,146,1.2123287671232876,0.039131941475064144,684,Where’s milk? Isn’t this both your land?
3382,1205,1,29,116,146,1.2123287671232876,0.03532547111843185,684,But he's so sweet...
2272,1205,6,19,121,146,1.2123287671232876,0.04147596251067558,684,This is the last experimental film I'll  ever audition for.
3136,1205,6,19,121,146,1.2123287671232876,0.04147596251067558,684,Not to worry... honey never goes bad.
1990,1205,4,23,119,146,1.2123287671232876,0.039131941475064144,684,"He looks sweet enough. What do you think, Phil?"
1745,1205,4,23,119,146,1.2123287671232876,0.039131941475064144,684,"Honey,  it's a bear"
1644,1205,3,25,118,146,1.2123287671232876,0.0379056134671144,684,"Oh no, we got between her and the muffins!"
1571,1205,5,21,120,146,1.2123287671232876,0.040320989011895604,684,Just don't get between the bear and the pancakes.
1290,1205,4,23,119,146,1.2123287671232876,0.039131941475064144,684,"Hurry, or we’ll be slathered."
503,1205,3,25,118,146,1.2123287671232876,0.0379056134671144,684,I knew you should’t call me Honey.
265,1205,3,25,118,146,1.2123287671232876,0.0379056134671144,684,That kind of bear will spend years killing you slowly.
94,1205,5,21,120,146,1.2123287671232876,0.040320989011895604,684,"Thank God. Adults. Look, there’s this crazy woman forcing us bears to lure children to a gingerbread house, where she EATS them, and boy do we we need help - hey, come back!"
2226,1205,3,25,118,146,1.2123287671232876,0.0379056134671144,684,This is liable to be a sticky situation.
287,1226,3,27,127,157,1.2101910828025477,0.036182173683338134,684,Oh no -- the flies will be right behind him
3058,1227,6,18,120,144,1.2083333333333333,0.041666666666666664,684,Looks like Pooh Bear has been playing in the teleportation pod again.
2859,1227,3,24,117,144,1.2083333333333333,0.03800968060554863,684,I'm always being mistaken for Bigfoot
2595,1227,2,26,116,144,1.2083333333333333,0.03670981779593468,684,There's something sweet about him.
2653,1227,2,26,116,144,1.2083333333333333,0.03670981779593468,684,"It's looks angry about it's dripping nozzle spout.""
""I think it's called a spout nozzle.""
 ""Really Burt? Why don't you ask the honey bear, while I go get the ranger. Then we can all discuss this over some herbal tea."
3071,1227,2,26,116,144,1.2083333333333333,0.03670981779593468,684,Let’s just back away from this sticky situation.
2695,1227,6,18,120,144,1.2083333333333333,0.041666666666666664,684,"OK, which one of you heartless bastards fed my cubs Aspartame?!?"
3099,1227,4,22,118,144,1.2083333333333333,0.039266536858512446,684,"Honey, remember: it's more afraid of you than you are of it."
3523,1227,2,26,116,144,1.2083333333333333,0.03670981779593468,684,Let's switch to calling each other babe instead of honey.
3269,1227,4,22,118,144,1.2083333333333333,0.039266536858512446,684,"Sweetie, I think he wants our Greek Yoghurt!"
3416,1227,6,18,120,144,1.2083333333333333,0.041666666666666664,684,"Somehow, I don't think he's truly an indigenous bear!"
3484,1227,2,26,116,144,1.2083333333333333,0.03670981779593468,684,"Whatever happened to “Pack it in, pack it out?”"
3644,1227,2,26,116,144,1.2083333333333333,0.03670981779593468,684,"No, no, don't be scared.  Local honey actually has more health benefits."
3987,1227,3,24,117,144,1.2083333333333333,0.03800968060554863,684,"Have you two seen a very large bear rush by, followed by some very large bees?"
4283,1227,2,26,116,144,1.2083333333333333,0.03670981779593468,684,If you feed him we're toast.
2497,1227,5,20,119,144,1.2083333333333333,0.04048439222695598,684,This guy would have been great to have when we passed the enormous slice of toast a while back.
3115,1227,3,24,117,144,1.2083333333333333,0.03800968060554863,684,"He looks mean, but they're sweet on the inside."
2374,1227,2,26,116,144,1.2083333333333333,0.03670981779593468,684,QUICK:  Remind me how that joke about only having to run faster than you goes?!
1157,1227,1,28,115,144,1.2083333333333333,0.03536220617390303,684,"Honey, what have you done with Smokey?"
2315,1227,2,26,116,144,1.2083333333333333,0.03670981779593468,684,What's next ... horseradish?
200,1227,3,24,117,144,1.2083333333333333,0.03800968060554863,684,"Honey doesn't expire, we just grow bigger and bigger. In other words, I'm immortal. You two, on the other hand...."
215,1227,3,24,117,144,1.2083333333333333,0.03800968060554863,684,"I think once it's open,we need to refrigerate it"
409,1227,5,20,119,144,1.2083333333333333,0.04048439222695598,684,"Did I hear you say ""honey""?"
676,1227,1,28,115,144,1.2083333333333333,0.03536220617390303,684,Isn't that sweet.
833,1227,3,24,117,144,1.2083333333333333,0.03800968060554863,684,I’ve eliminated the middle man.
969,1227,5,20,119,144,1.2083333333333333,0.04048439222695598,684,Tell them you saw Big Foot.
219,1227,4,22,118,144,1.2083333333333333,0.039266536858512446,684,"He can't hurt you, but you are going to be sticky all day."
1596,1227,5,20,119,144,1.2083333333333333,0.04048439222695598,684,Well isn't this a sticky wicket.
1643,1227,4,22,118,144,1.2083333333333333,0.039266536858512446,684,You folks look like you could help me . I need the fall issue of the LL Bean catalog.
1980,1227,3,24,117,144,1.2083333333333333,0.03800968060554863,684,Is that Smokey or Winnie?
2055,1227,3,24,117,144,1.2083333333333333,0.03800968060554863,684,"Pay no mind, darling.  He looks sweet."
2062,1227,5,20,119,144,1.2083333333333333,0.04048439222695598,684,"Excuse me, but I'm lost.  Could you please direct me to the nearest Costco?"
1354,1227,5,20,119,144,1.2083333333333333,0.04048439222695598,684,"When I yelled, ""Honey, wanna eat something?"" 
it wasn't directed at you."
2589,1259,2,27,120,149,1.2080536912751678,0.0359816948962526,684,No worries.  Smokey has the day off.
2919,1260,6,14,105,125,1.208,0.045855312423091786,684,Do you still have a sore throat?
3165,1261,9,11,120,140,1.207142857142857,0.04589682850197191,684,Concept Art For The Unused Original Ending To Ghostbusters
2389,1262,5,19,117,141,1.2056737588652482,0.04090878787839137,684,How sweet!
2351,1262,5,19,117,141,1.2056737588652482,0.04090878787839137,684,"Whatever you do, don't squeeze anything."
2338,1262,3,23,115,141,1.2056737588652482,0.03835224479077833,684,"Don't be alarmed, pops, he's just looking for his cap."
1847,1262,4,21,116,141,1.2056737588652482,0.03965112612632209,684,"I'm stuck."""
2125,1262,2,25,114,141,1.2056737588652482,0.03700780401345189,684,"Oh, oh, Max.  I think we're in a sticky situation."
2038,1262,4,21,116,141,1.2056737588652482,0.03965112612632209,684,"Honey, we are not lost.  Just let me get my bearings."
2447,1262,5,19,117,141,1.2056737588652482,0.04090878787839137,684,Toast! Quick!
1683,1262,3,23,115,141,1.2056737588652482,0.03835224479077833,684,We're going to need a bigger pan of corn bread...
2306,1262,5,19,117,141,1.2056737588652482,0.04090878787839137,684,"Careful, he’s full of carbs."
2539,1262,4,21,116,141,1.2056737588652482,0.03965112612632209,684,"Just give him the pancake mix, Larry."
3735,1262,3,23,115,141,1.2056737588652482,0.03835224479077833,684,Please take me with you and recycle me.
3036,1262,3,23,115,141,1.2056737588652482,0.03835224479077833,684,I wish we’d brought the giant corn bread.
3142,1262,4,21,116,141,1.2056737588652482,0.03965112612632209,684,"I know the Republicans are all about monetizing natural resources, but this is ridiculous!"
3520,1262,5,19,117,141,1.2056737588652482,0.04090878787839137,684,Should we use the bear spray or make some tea?
3567,1262,4,21,116,141,1.2056737588652482,0.03965112612632209,684,"Stand your ground; look big; make noise, but don't let it squirt on you."
3719,1262,0,29,112,141,1.2056737588652482,0.0341605519965739,684,Perfect!  Please join us for tea
1638,1262,3,23,115,141,1.2056737588652482,0.03835224479077833,684,Could be a sticky situation...
3794,1262,6,17,118,141,1.2056737588652482,0.042128921755403836,684,"Go ahead, I dare you to try and squeeze me."
4422,1262,3,23,115,141,1.2056737588652482,0.03835224479077833,684,How do we tell him we’re vegan?
4432,1262,6,17,118,141,1.2056737588652482,0.042128921755403836,684,Do you have any biscuits?
2976,1262,4,21,116,141,1.2056737588652482,0.03965112612632209,684,Very slowly... pass me the wet wipes.
1454,1262,5,19,117,141,1.2056737588652482,0.04090878787839137,684,Only you can prevent .....   Oh sorry wrong commercial.
3839,1262,4,21,116,141,1.2056737588652482,0.03965112612632209,684,Get out the moist towelettes.
1,1262,3,23,115,141,1.2056737588652482,0.03835224479077833,684,And I thought Smokey the Bear was creepy.
93,1262,2,25,114,141,1.2056737588652482,0.03700780401345189,684,We are in a very sticky situation.
118,1262,4,21,116,141,1.2056737588652482,0.03965112612632209,684,"""Did I hear someone say, 'Honey?' """
252,1262,3,23,115,141,1.2056737588652482,0.03835224479077833,684,"Oh Jeff, isn't he sweet?"
379,1262,5,19,117,141,1.2056737588652482,0.04090878787839137,684,We’re trying a new approach with Smokey for the Millennials.
508,1262,3,23,115,141,1.2056737588652482,0.03835224479077833,684,Quick - the mead!
520,1262,2,25,114,141,1.2056737588652482,0.03700780401345189,684,He doesn't look hungry. Just sticky.
546,1262,5,19,117,141,1.2056737588652482,0.04090878787839137,684,Honey trap?
562,1262,4,21,116,141,1.2056737588652482,0.03965112612632209,684,It's Smokey in his new job!
589,1262,7,15,119,141,1.2056737588652482,0.043314699247099214,684,I told you not to squeeze his belly...
1446,1262,4,21,116,141,1.2056737588652482,0.03965112612632209,684,Honey don't.
806,1262,5,19,117,141,1.2056737588652482,0.04090878787839137,684,It's thanks to herbal tea-drinking hippies like you that we're endangered.
834,1262,4,21,116,141,1.2056737588652482,0.03965112612632209,684,Try not to get between her and her drippings
905,1262,2,25,114,141,1.2056737588652482,0.03700780401345189,684,Can you tell him we're trying to cut back on plastic?
1263,1262,1,27,113,141,1.2056737588652482,0.03561264431777493,684,No way that is organic.
1276,1262,3,23,115,141,1.2056737588652482,0.03835224479077833,684,He doesn't look so sweet.
1283,1262,5,19,117,141,1.2056737588652482,0.04090878787839137,684,"He's not Smokey, he's sweet."
1288,1262,3,23,115,141,1.2056737588652482,0.03835224479077833,684,"No, definitely not as slow as molasses."
1423,1262,3,23,115,141,1.2056737588652482,0.03835224479077833,684,Maybe we should have brought Mrs. Butterworth with us.
751,1262,3,23,115,141,1.2056737588652482,0.03835224479077833,684,I think I will use the bee spray after all.
1856,1305,5,15,102,122,1.2049180327868851,0.044987954837924234,684,Lick me! Lick me! LICK ME!
1668,1306,4,20,113,137,1.2043795620437956,0.0403115365590776,684,Too meta?
2039,1306,6,16,115,137,1.2043795620437956,0.042891775361546876,684,Why is he wearing a name tag?
3961,1308,4,17,102,123,1.2032520325203253,0.04313354160628968,684,"Pardon me, would you happen to have any Grey Poupon?"
4336,1309,5,18,115,138,1.2028985507246377,0.04134548201289941,684,Do you guys happen to know the way out?
1959,1309,5,18,115,138,1.2028985507246377,0.04134548201289941,684,But is it organic?
4435,1309,3,22,113,138,1.2028985507246377,0.038702400924038254,684,Should we tell him where the pancakes are hiding?
1949,1309,2,24,112,138,1.2028985507246377,0.037310713132932764,684,We have to run downhill. His high viscosity will slow him down.
2499,1309,4,20,114,138,1.2028985507246377,0.04004575333393034,684,Quick. Get the tea!
2815,1309,5,18,115,138,1.2028985507246377,0.04134548201289941,684,You guys catch the new Queer Eye?
3361,1309,5,18,115,138,1.2028985507246377,0.04134548201289941,684,"Honey, this camping trip is unbearable."
3401,1309,4,20,114,138,1.2028985507246377,0.04004575333393034,684,"The guide said they're safe to hug, but I don't think it's worth the mess."
3674,1309,5,18,115,138,1.2028985507246377,0.04134548201289941,684,"It's a trap, a honey pot"
3729,1309,3,22,113,138,1.2028985507246377,0.038702400924038254,684,"They're shy, sweet and very rare. Try not to get stuck on him."""
3912,1309,3,22,113,138,1.2028985507246377,0.038702400924038254,684,"If you know what’s good for you, don’t go into the woods."
4071,1309,3,22,113,138,1.2028985507246377,0.038702400924038254,684,I'm rethinking your nickname
4097,1309,8,12,118,138,1.2028985507246377,0.04502008941872479,684,"We’ve been in sticky situations before, but I don’t think I can bear this one."
4228,1309,4,20,114,138,1.2028985507246377,0.04004575333393034,684,I felt safer with Smokey in charge.
4412,1309,4,20,114,138,1.2028985507246377,0.04004575333393034,684,It's a simple quid pro quo -- money for honey.
4366,1309,5,18,115,138,1.2028985507246377,0.04134548201289941,684,GMO's have gone a little too far haven't they?
4337,1309,3,22,113,138,1.2028985507246377,0.038702400924038254,684,My father was a Grizzly. I take after Mom's side.
1848,1309,4,20,114,138,1.2028985507246377,0.04004575333393034,684,"Honey, I'm afraid that's not Pooh Bear."
634,1309,3,22,113,138,1.2028985507246377,0.038702400924038254,684,"Um, can you guys please check my expiration date?  It’s in the back."
1778,1309,4,20,114,138,1.2028985507246377,0.04004575333393034,684,"Um, no - we haven't seen Smokey, but we did run into some Pooh."
6,1309,4,20,114,138,1.2028985507246377,0.04004575333393034,684,"If you forgot the toast, this could get very ugly very fast."
1907,1309,2,24,112,138,1.2028985507246377,0.037310713132932764,684,"If she asks you for a hug, Don't EVEN think about it!"
213,1309,4,20,114,138,1.2028985507246377,0.04004575333393034,684,You should’ve recycled.
271,1309,2,24,112,138,1.2028985507246377,0.037310713132932764,684,You see what happens when you don't refrigerate after opening?
456,1309,2,24,112,138,1.2028985507246377,0.037310713132932764,684,I think we're about to be in a sticky situation.
27,1309,6,16,116,138,1.2028985507246377,0.04260557951343913,684,A bittersweet moment for longtime Sasquatch seekers.
992,1309,2,24,112,138,1.2028985507246377,0.037310713132932764,684,"You two haven't seen Smokey around here, have you?"
1187,1309,7,14,117,138,1.2028985507246377,0.04382946415909028,684,Excuse me... did you pack any toast?
1297,1309,3,22,113,138,1.2028985507246377,0.038702400924038254,684,"Well, on the upside, there must be a giant cup of tea around here somewhere."
1603,1309,3,22,113,138,1.2028985507246377,0.038702400924038254,684,It's the ghost of Honey Bears Past!
3344,1339,5,15,104,124,1.2016129032258065,0.04432055275485471,684,About time you showed up. We haven't caught a single fly all day.
684,1339,6,13,105,124,1.2016129032258065,0.04577599523830541,684,"Hi, Honey!"
2890,1341,2,23,110,135,1.2,0.0376184328457919,684,Just my way of helping hikers stick to the trail.
3005,1341,5,17,113,135,1.2,0.04179499310101612,684,Have you seen my cubs?  They look like salt and pepper shakers.
2927,1341,4,19,112,135,1.2,0.040450749421987744,684,Please help me. The BPA is killing me!
2105,1341,4,19,112,135,1.2,0.040450749421987744,684,"Don't be afraid, I'm actually really sweet"
2309,1341,5,17,113,135,1.2,0.04179499310101612,684,Do either of you have an extra Burt Bees honey lip balm?
2294,1341,4,19,112,135,1.2,0.040450749421987744,684,They said if I wear the hat there's a pancake deal in tbe making.
3118,1341,3,21,111,135,1.2,0.03906027149530451,684,I've heard they're sweeter on the inside.
2331,1341,4,19,112,135,1.2,0.040450749421987744,684,"Yes, I used to known as 'Smokey', but this gig pays better."
2638,1341,2,23,110,135,1.2,0.0376184328457919,684,I know my bears and that is a honey bear.
2443,1341,4,19,112,135,1.2,0.040450749421987744,684,Roll up in a ball and act diabetic!
2203,1341,5,17,113,135,1.2,0.04179499310101612,684,We're trying to increase our visibility at big box stores.
3297,1341,3,21,111,135,1.2,0.03906027149530451,684,"oh my God, a honey bear!"
4309,1341,3,21,111,135,1.2,0.03906027149530451,684,"'""Maybe we need a different kind of bear spray."""
3649,1341,3,21,111,135,1.2,0.03906027149530451,684,I'll gladly pay you Tuesday for a loaf of bread today.
3687,1341,3,21,111,135,1.2,0.03906027149530451,684,"I know the sign said, “Do Not Squeeze the Bears,” but I just couldn’t help myself."
3722,1341,2,23,110,135,1.2,0.0376184328457919,684,Am I the only one getting eaten ALIVE out here!?
4075,1341,5,17,113,135,1.2,0.04179499310101612,684,They have really taken this GMO thing to the next level.
4093,1341,4,19,112,135,1.2,0.040450749421987744,684,"Quick,hand me a napkin."
4191,1341,3,21,111,135,1.2,0.03906027149530451,684,We said we need ketchup
4221,1341,4,19,112,135,1.2,0.040450749421987744,684,"Be careful. It looks like a ""honey trap. If you touch him you'll probably be charged with sexual harassment."
4463,1341,7,13,115,135,1.2,0.0443614482105924,684,Stan and Jan Berenstain? Is that you? I’m you’re biggest fan!
1853,1341,3,21,111,135,1.2,0.03906027149530451,684,I always wondered where those little cubs came from.
4261,1341,4,19,112,135,1.2,0.040450749421987744,684,"Hey you two, how about cleaning off my nozzle?"
4433,1341,4,19,112,135,1.2,0.040450749421987744,684,"It may look vicious, but this species of bear is actually quite sweet."
4317,1341,1,25,109,135,1.2,0.03611908318686691,684,"I forget...with honey bears do you run, fight, or throw them a piece of cornbread?"
3334,1341,1,25,109,135,1.2,0.03611908318686691,684,Sweet Jesus! We always seem to get ourselves in sticky situations when we hike.
1813,1341,1,25,109,135,1.2,0.03611908318686691,684,Check the label. If he’s made in China he’s not real.
3259,1341,3,21,111,135,1.2,0.03906027149530451,684,"They’re usually harmless, but this one’s having a sugar rush."
1606,1341,2,23,110,135,1.2,0.0376184328457919,684,I never realized how biologically accurate those bottles were.
5,1341,1,25,109,135,1.2,0.03611908318686691,684,Please tell me you brought peanut butter.
143,1341,4,19,112,135,1.2,0.040450749421987744,684,"Oh God, you know how long these things last?"
377,1341,3,21,111,135,1.2,0.03906027149530451,684,"Don't worry. If we don't approach, he'll crystallize."
418,1341,5,17,113,135,1.2,0.04179499310101612,684,"Forget Bigfoot, do you suppose A.A. Milne is aware of this?"
552,1341,4,19,112,135,1.2,0.040450749421987744,684,Looks like we might come to a sticky end.
558,1341,5,17,113,135,1.2,0.04179499310101612,684,Careful. Don't make any sudden toast.
627,1341,6,15,114,135,1.2,0.04309732901036361,684,"Small kangaroo? Kind of wimpy, lost look? Anywhere abouts?"
416,1341,4,19,112,135,1.2,0.040450749421987744,684,"Very slowly, and with no sudden movements, pass me your insulin pen."
708,1341,5,17,113,135,1.2,0.04179499310101612,684,Quick. The sopapillas.
836,1341,4,19,112,135,1.2,0.040450749421987744,684,Here's the deal. Close my cap and I don't stick you to that tree!
885,1341,3,21,111,135,1.2,0.03906027149530451,684,You guys looking for a third?
984,1341,6,15,114,135,1.2,0.04309732901036361,684,"If you feed the wildlife, it becomes domesticated."
1215,1341,4,19,112,135,1.2,0.040450749421987744,684,He used to be Smokey Bear before he switched to a paleolithic diet..
1721,1341,2,23,110,135,1.2,0.0376184328457919,684,"Uhm, he doesn’t look that sweet, honey!"
1556,1341,2,23,110,135,1.2,0.0376184328457919,684,"Oh, No.  He looks empty!"
696,1341,5,17,113,135,1.2,0.04179499310101612,684,Oh God!  I hope that’s honey!
3246,1386,3,18,100,121,1.1983471074380165,0.04169255621695682,684,I warned you not to call me Honey!
998,1386,5,14,102,121,1.1983471074380165,0.044874840808274925,684,Is nothing authentic any more?
2946,1388,3,18,101,122,1.1967213114754098,0.04138135134698903,684,Do you think a slice of lemon will satisfy him?
2886,1388,4,16,102,122,1.1967213114754098,0.04298719851521895,684,This can’t be good for our blood sugar.
2869,1388,5,14,103,122,1.1967213114754098,0.04453517972424422,684,What!? Not free range or organic enough for you millennial hipsters?
2660,1388,5,14,103,122,1.1967213114754098,0.04453517972424422,684,i don't think we can make any sudden movements any way
2511,1388,3,18,101,122,1.1967213114754098,0.04138135134698903,684,Things could get a bit sticky here!
2363,1388,3,18,101,122,1.1967213114754098,0.04138135134698903,684,"Gary? How the hell did you find us out here? Have you been FOLLOWING us? My God, Gary, can you please just...move on? I will always, always treasure the years we had together, but I'm trying to start over, OK? Just let go, please. Please, honey."
2482,1388,2,20,100,122,1.1967213114754098,0.03971061876147311,684,"""Ay Yo, Where my kids at?"""
2379,1388,4,16,102,122,1.1967213114754098,0.04298719851521895,684,I wouldn't call her honey round here. Its kinda risky.
2269,1388,1,22,99,122,1.1967213114754098,0.03796643577602682,684,"Well, this is going to be a pretty sticky situation."
2188,1388,4,16,102,122,1.1967213114754098,0.04298719851521895,684,And you thought just the bees were in trouble...
2027,1388,4,16,102,122,1.1967213114754098,0.04298719851521895,684,"you see! I told you Bridgitte, you are what you eat!"
2501,1388,5,14,103,122,1.1967213114754098,0.04453517972424422,684,Honey... I think we just got ourselves into a sticky situation.
2981,1388,4,16,102,122,1.1967213114754098,0.04298719851521895,684,Boy are we in a sticky situation...
4052,1388,5,14,103,122,1.1967213114754098,0.04453517972424422,684,"Fred, I don't care about your oatmeal:  put the little bottle back where you found it."
3153,1388,3,18,101,122,1.1967213114754098,0.04138135134698903,684,I told you not to bring the agave nectar.
3580,1388,2,20,100,122,1.1967213114754098,0.03971061876147311,684,"I wouldn't worry about him, he looks sweeet."
3605,1388,4,16,102,122,1.1967213114754098,0.04298719851521895,684,"He looks angry”

“I don’t think he liked me calling you my honey bear"
3774,1388,2,20,100,122,1.1967213114754098,0.03971061876147311,684,Could I borrow a comb?
3877,1388,3,18,101,122,1.1967213114754098,0.04138135134698903,684,We’re in a real sticky situation right about now.
4013,1388,5,14,103,122,1.1967213114754098,0.04453517972424422,684,Would one of you please give me a hug??
1997,1388,5,14,103,122,1.1967213114754098,0.04453517972424422,684,Is your throat sore?
4063,1388,4,16,102,122,1.1967213114754098,0.04298719851521895,684,Don’t worry. It never goes bad.
4113,1388,2,20,100,122,1.1967213114754098,0.03971061876147311,684,have you folks seen a picnic anywhere around here ?
4122,1388,4,16,102,122,1.1967213114754098,0.04298719851521895,684,You really need to stop calling me Honey Bear.
4166,1388,2,20,100,122,1.1967213114754098,0.03971061876147311,684,"Ok, maybe he can’t bite, but you know how much I hate sticky fingers."
4223,1388,3,18,101,122,1.1967213114754098,0.04138135134698903,684,Quick!  Give him all those jelly and sugar packets you took from the cafe.
4288,1388,1,22,99,122,1.1967213114754098,0.03796643577602682,684,"Honey,I could really use a squeeze right now."
4357,1388,3,18,101,122,1.1967213114754098,0.04138135134698903,684,Only you can prevent sore throats!
3092,1388,3,18,101,122,1.1967213114754098,0.04138135134698903,684,"It’s OK.  Don’t worry.  
He’s really very sweet!"
1771,1388,3,18,101,122,1.1967213114754098,0.04138135134698903,684,It looks like we are in a sticky situation.
4199,1388,3,18,101,122,1.1967213114754098,0.04138135134698903,684,Life's not too funny when you've had too much honey. -Winnie the Pooh
1691,1388,4,16,102,122,1.1967213114754098,0.04298719851521895,684,"Don't panic, don't run. Calmly, slowly...brew a cup of hot tea."
1696,1388,4,16,102,122,1.1967213114754098,0.04298719851521895,684,Uhhh...you wanna help us catch some flies(?)
220,1388,5,14,103,122,1.1967213114754098,0.04453517972424422,684,Don Jr.?
236,1388,4,16,102,122,1.1967213114754098,0.04298719851521895,684,"Oh, no thanks, we're trying to cut back on sugar."
414,1388,3,18,101,122,1.1967213114754098,0.04138135134698903,684,I'm glad it's coming out of his head.
537,1388,2,20,100,122,1.1967213114754098,0.03971061876147311,684,Could you take my cap off so I can better get to the honey.
714,1388,6,12,104,122,1.1967213114754098,0.046031133268198215,684,I think he wants to squeeze us to see what comes out.
729,1388,4,16,102,122,1.1967213114754098,0.04298719851521895,684,Dammit! I didn’t pack the peanut butter.
734,1388,3,18,101,122,1.1967213114754098,0.04138135134698903,684,"Dad, be careful! Your diabetes."
738,1388,2,20,100,122,1.1967213114754098,0.03971061876147311,684,"No worries, I'm as sweet as the day is long."
957,1388,5,14,103,122,1.1967213114754098,0.04453517972424422,684,Maybe I shouldn't have licked the tip.
453,1388,5,14,103,122,1.1967213114754098,0.04453517972424422,684,Alexa special order.  Which of you is Winnie?
1112,1388,4,16,102,122,1.1967213114754098,0.04298719851521895,684,I think we squeezed him to tight.
1004,1388,4,16,102,122,1.1967213114754098,0.04298719851521895,684,We should be fine. He runs much faster when it's hot.
1633,1388,4,16,102,122,1.1967213114754098,0.04298719851521895,684,Smoky's hibernating. I'm still up.
1533,1388,4,16,102,122,1.1967213114754098,0.04298719851521895,684,Did you bring any biscuits?
1463,1388,4,16,102,122,1.1967213114754098,0.04298719851521895,684,"Quick, do what the guide book says and lie flat as a pancake!"
1502,1388,2,20,100,122,1.1967213114754098,0.03971061876147311,684,Squeeze me and see what happens
1419,1388,4,16,102,122,1.1967213114754098,0.04298719851521895,684,Oh no... we're between her and her biscuits!
1318,1388,1,22,99,122,1.1967213114754098,0.03796643577602682,684,Mind your own beeswax!
1310,1388,3,18,101,122,1.1967213114754098,0.04138135134698903,684,I suppose this is where things get sticky.
1374,1440,3,22,118,143,1.1958041958041958,0.03747515183027524,684,I'll give you a free squeeze if you would share some nuts.
3502,1441,4,19,115,138,1.1956521739130435,0.03964656033431293,684,"Stick to the trail, or I'll make you."
1697,1441,4,19,115,138,1.1956521739130435,0.03964656033431293,684,One last time..I am not your sweetie or your honey.
1845,1443,3,20,110,133,1.1954887218045114,0.03915641355866945,684,Do you think he's local?
804,1443,2,22,109,133,1.1954887218045114,0.03767364538009041,684,OMG it's the mother of all 12 ounce honey bears and she doesn't look happy to see us!
253,1443,3,20,110,133,1.1954887218045114,0.03915641355866945,684,Just don't squeeze them and they will leave you alone...
2540,1443,3,20,110,133,1.1954887218045114,0.03915641355866945,684,Honey the bear is coming!
2611,1443,4,18,111,133,1.1954887218045114,0.04058504514387409,684,You had me at OMG!
1455,1443,3,20,110,133,1.1954887218045114,0.03915641355866945,684,"I don't need to outrun the bear. Honey, I just need to outrun you."
2812,1443,3,20,110,133,1.1954887218045114,0.03915641355866945,684,"Maybe you should stop calling me, Honey, from now on"
2728,1443,6,14,113,133,1.1954887218045114,0.04330113419341102,684,I'm not so sure those mushrooms were safe for foraging now.
2795,1443,4,18,111,133,1.1954887218045114,0.04058504514387409,684,Should we give him our peanut butter sandwiches? He'll make them better.
4416,1443,3,20,110,133,1.1954887218045114,0.03915641355866945,684,What?  You've never heard of the bears and the bees?
3015,1443,3,20,110,133,1.1954887218045114,0.03915641355866945,684,I don't think sugercoating this problem is going to make it go away.
1895,1443,4,18,111,133,1.1954887218045114,0.04058504514387409,684,"Sweetie, I think it's time I tell you about the bears and the bees."
3548,1443,2,22,109,133,1.1954887218045114,0.03767364538009041,684,"Yesterday, the gummy bear-- now this."
3775,1443,3,20,110,133,1.1954887218045114,0.03915641355866945,684,Don’t move or we’re toast
2691,1443,5,16,112,133,1.1954887218045114,0.04196506947311113,684,They only prey on diabetics.
2405,1443,5,16,112,133,1.1954887218045114,0.04196506947311113,684,I'm called Winnie the Poo because this is where I do it.
1017,1459,0,24,99,123,1.1951219512195121,0.035878823309355545,684,"Quick, get the biscuits."
542,1459,5,14,104,123,1.1951219512195121,0.044200566384244126,684,"Do we pull out our pancake mix, or run like hell?"
2326,1461,1,26,117,144,1.1944444444444444,0.03453230891711449,684,"Don’t let the hard exterior scare you, inside I’m sweet as sugar."
3994,1462,4,19,117,140,1.1928571428571428,0.03912773055256461,684,"Oh dear,we are in a sticky situation!"
485,1463,1,23,106,130,1.1923076923076923,0.036377655119975615,684,"Check the survival book- Is this a ""play dead"" or ""use as spread"" situation?"
2882,1463,3,19,108,130,1.1923076923076923,0.039520310737412155,684,"Honey, we’ve bearly been out here but I think we should bee going. This has turned into a sticky situation."
2906,1463,7,11,112,130,1.1923076923076923,0.045154150399371575,684,"I’m just trying to jack off here and you yuppie assholes keep talking about your fucking Subaru. Now shut up so I can make my honey nut Cheerios, if you know what I mean. Actually lady, lemme see ya tiddy."
1730,1466,5,15,111,131,1.1908396946564885,0.04213127684005191,684,Honey is a registered trademark. Cease and desist from saying it to each other.
1367,1466,3,19,109,131,1.1908396946564885,0.03924493424609721,684,Just keep walking. He’s just trying to sweet talk you into one of those time shares.
1053,1466,5,15,111,131,1.1908396946564885,0.04213127684005191,684,"Yes, this is one of many captions about sh*tting in the woods. At least mine smell sweet!"
1970,1466,3,19,109,131,1.1908396946564885,0.03924493424609721,684,Now that's just too sweet.
1734,1466,2,21,108,131,1.1908396946564885,0.037719027716580825,684,He'll be fine as long as you don't try to lick his cap.
2257,1466,0,25,106,131,1.1908396946564885,0.034465133507525995,684,"Very slowly, pull out the thermos, leave a cup of tea on the ground, and back away...."
929,1466,3,19,109,131,1.1908396946564885,0.03924493424609721,684,"Quick, try to make yourself bigger and saltier"
2411,1466,4,17,110,131,1.1908396946564885,0.04071369150638141,684,I told you not to eat those gummy bears!
3307,1466,4,17,110,131,1.1908396946564885,0.04071369150638141,684,"Honey, I'd like you to meet someone."
3345,1466,6,13,112,131,1.1908396946564885,0.04350269302318415,684,"""We should have listened to Mrs. Butterworth back at the Log Cabin."
3386,1466,6,13,112,131,1.1908396946564885,0.04350269302318415,684,"Mrs. Butterworth sent me from the house, would you care to come in for pancakes?"
3859,1466,2,21,108,131,1.1908396946564885,0.037719027716580825,684,And you said MY idea of a weekend in the city was a honey trap.
4384,1466,3,19,109,131,1.1908396946564885,0.03924493424609721,684,The pepper spray seems in bad taste.
2155,1466,2,21,108,131,1.1908396946564885,0.037719027716580825,684,"You should still run, though. I’m not as sweet as I look."
805,1466,2,21,108,131,1.1908396946564885,0.037719027716580825,684,I'm not sure the bear spray will work.
57,1466,6,13,112,131,1.1908396946564885,0.04350269302318415,684,I guess I'd better start calling you 'Bob.'
584,1466,4,17,110,131,1.1908396946564885,0.04071369150638141,684,Are you sure that isn't a featured item from L.L. Bean's camp kitchen?
571,1466,5,15,111,131,1.1908396946564885,0.04213127684005191,684,"Hey Campers, Are you by any chance planning on pancakes for dinner tonight?"
303,1466,6,13,112,131,1.1908396946564885,0.04350269302318415,684,"I warned you to be careful what you wish for, Winnie the Pooh.  Didn't I?"
210,1466,3,19,109,131,1.1908396946564885,0.03924493424609721,684,"It's okay, she's crystallized for winter."
629,1466,5,15,111,131,1.1908396946564885,0.04213127684005191,684,I've heard  the best way to avoid an attack is to butter some toast.
2068,1487,1,21,99,121,1.1900826446280992,0.03769174959005415,684,Only you can prevent pancakes.
261,1488,3,20,114,137,1.1897810218978102,0.038113588558643594,684,Guess I shouldn't have referred to you as my main squeeze.
2187,1489,3,18,106,127,1.188976377952756,0.03989155945819073,684,"Honey! 
Yes, hon?
Honey!!!
Run!!!"
2520,1489,4,16,107,127,1.188976377952756,0.041428503387875924,684,"No, you tell him to take a hike."
1243,1491,5,10,91,106,1.1886792452830188,0.048542471371932065,684,I model for Honey Blossom.  What do you do?
2310,1492,3,17,102,122,1.1885245901639345,0.04087507645872571,684,"I told you, I'm organic!"
4502,1493,0,24,104,128,1.1875,0.03463462265730888,684,Don't worry. You know how darn slowly it runs.
2765,1493,2,20,106,128,1.1875,0.03802131084983996,684,"Ah, Ah, Honey Don't """
2782,1493,4,16,108,128,1.1875,0.041130075016539196,684,I don’t know if it’s safe. You ask him if it’s pasteurized.
2714,1493,3,18,107,128,1.1875,0.03960620626622991,684,Only YOU can prevent infant botulism!
2703,1493,1,22,105,128,1.1875,0.036367410997721096,684,You're waffling...he can sense it.
2697,1493,2,20,106,128,1.1875,0.03802131084983996,684,It's the Costco honeybear.
3922,1493,2,20,106,128,1.1875,0.03802131084983996,684,"Don't worry,Honey. If he attacks,I'll squeeze him to death."
2219,1493,4,16,108,128,1.1875,0.041130075016539196,684,"No worries, the guidebook says that honey bears are not as troublesome to humans as grizzlies."
2481,1493,0,24,104,128,1.1875,0.03463462265730888,684,"So, we're about to get killed by a bear. Sweet."
2450,1493,1,22,105,128,1.1875,0.036367410997721096,684,"At that moment, the Wilsons realized they were in drizzly country."
2790,1493,3,18,107,128,1.1875,0.03960620626622991,684,"Well next time call her another pet name, because that was just confusing"
2071,1493,4,16,108,128,1.1875,0.041130075016539196,684,"Ben, he wants our Parmigiano-Reggiano and a knife."
2030,1493,5,14,109,128,1.1875,0.04259946674465696,684,Is it Rosh Hashana yet?
1923,1493,1,22,105,128,1.1875,0.036367410997721096,684,Don't make any sudden moves and don't whistle like a teapot.
1880,1493,5,14,109,128,1.1875,0.04259946674465696,684,People should know better than to squeeze the wildlife.
2659,1493,3,18,107,128,1.1875,0.03960620626622991,684,"Honey, there's a bear. Orli Sprecher, age 8"
2950,1493,1,22,105,128,1.1875,0.036367410997721096,684,"OK, there was definitely something funny in those wild mushrooms."
3216,1493,3,18,107,128,1.1875,0.03960620626622991,684,"Maybe you shouldn't call me ""Honey Bear"" when we're out in the woods."
3077,1493,1,22,105,128,1.1875,0.036367410997721096,684,Quick! Do we slowly back away or squeeze?
4335,1493,4,16,108,128,1.1875,0.041130075016539196,684,"Sorry to startle you, but have you heard about the benefits of local honey?"
1747,1493,4,16,108,128,1.1875,0.041130075016539196,684,"Honey, you said if we came down to the woods today, we’d be in for a big surprise!"
4308,1493,0,24,104,128,1.1875,0.03463462265730888,684,"Keep quiet and get the wet wipes out, things are going to get sticky."
4274,1493,3,18,107,128,1.1875,0.03960620626622991,684,"Oh, now I see why there are no flies in the rest of the forest."
4269,1493,4,16,108,128,1.1875,0.041130075016539196,684,"Let’s face it, honey is the fentanyl of the bear community."
3928,1493,4,16,108,128,1.1875,0.041130075016539196,684,"Honey, I don't want to scare you but I don't think that's 100% pure, raw, organic, or locally sourced!"
3902,1493,4,16,108,128,1.1875,0.041130075016539196,684,Looks like Smokey the Bear is getting some competition.
3900,1493,3,18,107,128,1.1875,0.03960620626622991,684,"Don’t panic, this one’s not real."
3831,1493,3,18,107,128,1.1875,0.03960620626622991,684,"Excuse me, I am looking for the way to the Teddy Bear's Picnic; Can you help me"
3766,1493,4,16,108,128,1.1875,0.041130075016539196,684,Are we supposed to play bread?
3646,1493,1,22,105,128,1.1875,0.036367410997721096,684,"No worries, folks. I filled up at the hive. Now I can hibernate with my cubs through the next election."
3635,1493,2,20,106,128,1.1875,0.03802131084983996,684,Oh no! I haven't got the honey out of my hair from last time.
3602,1493,1,22,105,128,1.1875,0.036367410997721096,684,"Very slowly,reach into my backpack and get out the box of crackers."
3292,1493,3,18,107,128,1.1875,0.03960620626622991,684,"Maybe you know my son, he's a cabinet member."
3227,1493,2,20,106,128,1.1875,0.03802131084983996,684,"I hope you aren’t looking for the hive!,"
3130,1493,0,24,104,128,1.1875,0.03463462265730888,684,He looks sweet but don't get too close.
3126,1493,4,16,108,128,1.1875,0.041130075016539196,684,"Uh oh, maybe we shouldn't have tried to turn her upside down..."
2961,1493,4,16,108,128,1.1875,0.041130075016539196,684,"Look out, Honey, a bear!"
1738,1493,1,22,105,128,1.1875,0.036367410997721096,684,Just ignore him. We have to pack everything out
898,1493,3,18,107,128,1.1875,0.03960620626622991,684,"I told you not to call me ""honey-bear"" in the Forest of Wishes."""
1636,1493,3,18,107,128,1.1875,0.03960620626622991,684,"Did you say, 'Honey'?"
1718,1493,4,16,108,128,1.1875,0.041130075016539196,684,"Gimme all your bread, this is a stick-up!"
33,1493,4,16,108,128,1.1875,0.041130075016539196,684,Throw it some of our mustard packets.
42,1493,2,20,106,128,1.1875,0.03802131084983996,684,"Frank, don’t panic and stay completely still. She's probably on the hunt for two slices of white bread."
144,1493,2,20,106,128,1.1875,0.03802131084983996,684,I'm saving for hibernation.
301,1493,3,18,107,128,1.1875,0.03960620626622991,684,We're ok. These guys are usually pretty sweet. It's the gummy bears you have to watch out for.
408,1493,2,20,106,128,1.1875,0.03802131084983996,684,Does a bear sweeten coffee in the woods?
411,1493,1,22,105,128,1.1875,0.036367410997721096,684,So now you know where honey comes from
435,1493,3,18,107,128,1.1875,0.03960620626622991,684,The Bigfoot crowd misidentified it!
477,1493,5,14,109,128,1.1875,0.04259946674465696,684,The source is with us.
506,1493,3,18,107,128,1.1875,0.03960620626622991,684,You will catch more flies with me.
626,1493,1,22,105,128,1.1875,0.036367410997721096,684,You're not the only honey bear here in the woods.
656,1493,2,20,106,128,1.1875,0.03802131084983996,684,Back away slowly...it should retreat to the farmers market.
818,1493,4,16,108,128,1.1875,0.041130075016539196,684,Quick! Call Mrs. Butterworth!
830,1493,4,16,108,128,1.1875,0.041130075016539196,684,I think he's sweeter then Smokey any day.
878,1493,4,16,108,128,1.1875,0.041130075016539196,684,"If the mama bear is around, we are in big trouble."
481,1493,1,22,105,128,1.1875,0.036367410997721096,684,Have you seen a hot biscuit around here?
903,1493,1,22,105,128,1.1875,0.036367410997721096,684,I know only we can prevent forest fires but can we still squeeze him on our waffles?
1604,1493,2,20,106,128,1.1875,0.03802131084983996,684,Which way to the Waffle Jamboree?
884,1493,5,14,109,128,1.1875,0.04259946674465696,684,Did you leave the kitchen cabinet open?
1457,1493,3,18,107,128,1.1875,0.03960620626622991,684,"If he doesn't think we're granola, everything should be fine."
1417,1493,3,18,107,128,1.1875,0.03960620626622991,684,I guess that’s why there aren’ t any flies.
1406,1493,3,18,107,128,1.1875,0.03960620626622991,684,With this kind I don't think you're supposed to run OR play dead. Do you have a biscuit?
1345,1493,4,16,108,128,1.1875,0.041130075016539196,684,Call me Winnie one more time and I'll show you a sticky situation.
1285,1493,2,20,106,128,1.1875,0.03802131084983996,684,I told you not to squeeze that cub into your tea this morning.
1166,1493,6,12,110,128,1.1875,0.04401983715317591,684,"You circle around to the right and I'll go around this way, we'll grab him, then get him back to Wegman's for a refund."
1498,1493,1,22,105,128,1.1875,0.036367410997721096,684,I don't think he's as sweet as he looks.
1150,1493,0,24,104,128,1.1875,0.03463462265730888,684,"Hunny, he’s a sweet bear, I think he’s just a little bottled up."
1138,1493,6,12,110,128,1.1875,0.04401983715317591,684,"I'm the only ""Honey Bear"" in this neck of the woods!"
909,1493,4,16,108,128,1.1875,0.041130075016539196,684,"I’m actually more of an 
artisanal honey person myself"
1527,1562,4,18,117,139,1.1870503597122302,0.03897383732992529,684,"Have you seen ""Pooh""?"
2419,1563,4,15,104,123,1.1869918699186992,0.04218096852628763,684,"What, you were expecting Mrs. Butterworth?"
3150,1564,2,20,107,129,1.186046511627907,0.03775341034646929,684,Go on. Squeeze me. I dare you.
2687,1565,5,13,106,124,1.185483870967742,0.04340439132076277,684,Don’t worry. I think he’s stuck to the foliage.
3034,1565,1,21,102,124,1.185483870967742,0.036870310707667026,684,Welcome to Monsanto Forest where you don't have to worry about those pesky bees... and you also get 8 ounces of complimentary GMO honey!
2960,1565,4,15,105,124,1.185483870967742,0.04186658383919574,684,"I guess that's what you get when you say ""Yes, Honey!""."
2895,1565,2,19,103,124,1.185483870967742,0.03860764374112212,684,We may soon be in a sticky situation
2838,1565,1,21,102,124,1.185483870967742,0.036870310707667026,684,"Yes, it is a use for all that recycled plastic...but..it kinda ruins the whole ""wilderness"" experience."
2802,1565,5,13,106,124,1.185483870967742,0.04340439132076277,684,Honey bear does care.
2789,1565,2,19,103,124,1.185483870967742,0.03860764374112212,684,"Lions and tigers and sticky bears, oh my."
2763,1565,3,17,104,124,1.185483870967742,0.04027009434807555,684,Sorry to intrude. We're looking for Pooh Corner.
2702,1565,3,17,104,124,1.185483870967742,0.04027009434807555,684,Don’t panic - just lie down and play bread...
3100,1565,1,21,102,124,1.185483870967742,0.036870310707667026,684,"Luckily, it's slow as molasses."
2689,1565,2,19,103,124,1.185483870967742,0.03860764374112212,684,"Now, even the bears have to have a side gig to survive."
2299,1565,4,15,105,124,1.185483870967742,0.04186658383919574,684,All I want is some dirt on the Bidens!
2688,1565,1,21,102,124,1.185483870967742,0.036870310707667026,684,Every Keto hiker's worst nightmare.
2357,1565,4,15,105,124,1.185483870967742,0.04186658383919574,684,"Honey, bear with me. She corrected the placement of her pause."
2303,1565,1,21,102,124,1.185483870967742,0.036870310707667026,684,I’m torn  — do we run to it or from it?
2647,1565,3,17,104,124,1.185483870967742,0.04027009434807555,684,Is it the beanies?
2721,1565,2,19,103,124,1.185483870967742,0.03860764374112212,684,"I told you we should always pack out all of our garbage, especially in the enchanted forest"
3201,1565,4,15,105,124,1.185483870967742,0.04186658383919574,684,Only you can prevent tooth decay.
4047,1565,1,21,102,124,1.185483870967742,0.036870310707667026,684,Quick - boil some water! I'll scrounge around for mint or chamomile!
3219,1565,3,17,104,124,1.185483870967742,0.04027009434807555,684,Looks like Winnie the Pooh found out that you are what you eat
4478,1565,2,19,103,124,1.185483870967742,0.03860764374112212,684,We should have turned left at the Jolly Green Giant.
4471,1565,1,21,102,124,1.185483870967742,0.036870310707667026,684,I'm the ghost of the all the honey packets you stuffed into your pockets from hotels and restaurants.
4446,1565,3,17,104,124,1.185483870967742,0.04027009434807555,684,I see your main squeeze has arrived.
4425,1565,3,17,104,124,1.185483870967742,0.04027009434807555,684,"Smokey gave up his nonprofit work for this?"""
4386,1565,2,19,103,124,1.185483870967742,0.03860764374112212,684,Jane and John found themselves in a sticky situation.
4298,1565,4,15,105,124,1.185483870967742,0.04186658383919574,684,Um...This could turn out to be a rather sticky situation.
4297,1565,2,19,103,124,1.185483870967742,0.03860764374112212,684,I told you not to say 'honey' with that tone
2245,1565,2,19,103,124,1.185483870967742,0.03860764374112212,684,"Yes Mr.President. You are without a doubt the absolutely greatest 
          honey bear that has ever lived!"
4022,1565,4,15,105,124,1.185483870967742,0.04186658383919574,684,Careful honey.
3964,1565,3,17,104,124,1.185483870967742,0.04027009434807555,684,The Uber is here.
3941,1565,2,19,103,124,1.185483870967742,0.03860764374112212,684,Don't panic. I think he just wants help getting the cap off.
3863,1565,3,17,104,124,1.185483870967742,0.04027009434807555,684,Don't panic - I've been in sticky situations like this before.
3826,1565,4,15,105,124,1.185483870967742,0.04186658383919574,684,I think this is going to be a sticky situation.
3806,1565,3,17,104,124,1.185483870967742,0.04027009434807555,684,It was in that moment we found ourselves in the stickiest of situations.
3642,1565,4,15,105,124,1.185483870967742,0.04186658383919574,684,I bet he gives a mean hug.
3629,1565,5,13,106,124,1.185483870967742,0.04340439132076277,684,"Careful, I think it's a trap."
3392,1565,2,19,103,124,1.185483870967742,0.03860764374112212,684,Can I hitch a ride back to Costco with you?
3349,1565,0,23,101,124,1.185483870967742,0.0350469608970365,684,"Trust me, he just looks sweet."
3258,1565,2,19,103,124,1.185483870967742,0.03860764374112212,684,A honey bear?! We’re toast.
3210,1565,4,15,105,124,1.185483870967742,0.04186658383919574,684,"Funny, he looked friendly at the supermarket..."
2243,1565,5,13,106,124,1.185483870967742,0.04340439132076277,684,"Careful, this might turn out to be a very sticky situation"
1439,1565,4,15,105,124,1.185483870967742,0.04186658383919574,684,The sign did say 100-acre Wood
2113,1565,3,17,104,124,1.185483870967742,0.04027009434807555,684,"Don't panic, Honey Bear's are sweet and harmless. Honey Badgers, on the other hand, are a whole different story..."
104,1565,1,21,102,124,1.185483870967742,0.036870310707667026,684,I think she spotted one of her kids when we had those corn muffins for breakfast.
131,1565,5,13,106,124,1.185483870967742,0.04340439132076277,684,"The new slogan is, “Honey do prevent forest fires.”"
132,1565,5,13,106,124,1.185483870967742,0.04340439132076277,684,"Ahhh it's the scariest bear of all, capitalism fueled diabetes bear"
139,1565,3,17,104,124,1.185483870967742,0.04027009434807555,684,"Hey, I'm trying to have a private shit over here! And don't call me ""Honey""!"
237,1565,4,15,105,124,1.185483870967742,0.04186658383919574,684,I just have to run faster than you.
267,1565,3,17,104,124,1.185483870967742,0.04027009434807555,684,"No, he was talking to me."
2154,1565,2,19,103,124,1.185483870967742,0.03860764374112212,684,"I don't care how ""sweet"" he looks--YOU ask him for directions."
465,1565,3,17,104,124,1.185483870967742,0.04027009434807555,684,I’m working on being more approachable.
564,1565,5,13,106,124,1.185483870967742,0.04340439132076277,684,I think we’ Come out of this okay if we just stick together.
620,1565,5,13,106,124,1.185483870967742,0.04340439132076277,684,Chamomile must be growing nearby.
819,1565,2,19,103,124,1.185483870967742,0.03860764374112212,684,Don’t you think I’ll attract more flies in this outfit?
837,1565,3,17,104,124,1.185483870967742,0.04027009434807555,684,I never imagined that foraging for honey would be so easy.
968,1565,0,23,101,124,1.185483870967742,0.0350469608970365,684,I’ve heard of these.  They’re mostly harmless but you don’t want to touch them.”
974,1565,5,13,106,124,1.185483870967742,0.04340439132076277,684,Someone save my life tonight: sugarbear!
412,1565,1,21,102,124,1.185483870967742,0.036870310707667026,684,"You guys know that blood giving has to be consensual, right?"
1120,1565,4,15,105,124,1.185483870967742,0.04186658383919574,684,"Honey, get the bear spray and boil some water for tea"
1110,1565,1,21,102,124,1.185483870967742,0.036870310707667026,684,"Quick, boil water for tea."
2095,1565,2,19,103,124,1.185483870967742,0.03860764374112212,684,I guess the forest could have picked a worse sponsor
2025,1565,1,21,102,124,1.185483870967742,0.036870310707667026,684,"Ok, if we get out of this, I promise to never call you honey bear again."
1971,1565,5,13,106,124,1.185483870967742,0.04340439132076277,684,"If you folks brought along some biscuit batter, you're in luck."""
1619,1565,3,17,104,124,1.185483870967742,0.04027009434807555,684,Do you think it’s a comment on consumerism?
1563,1565,4,15,105,124,1.185483870967742,0.04186658383919574,684,Winnie the who?
1529,1565,3,17,104,124,1.185483870967742,0.04027009434807555,684,"The brochure said he was sweet, but I'm not so sure."
1806,1565,3,17,104,124,1.185483870967742,0.04027009434807555,684,Ol' Smokey's not the only bear that poops in the woods you know.
1292,1565,2,19,103,124,1.185483870967742,0.03860764374112212,684,"Think your avocado toast was missing good local honey, now?"
1186,1565,4,15,105,124,1.185483870967742,0.04186658383919574,684,I think he smelled our sopapillas.
1142,1565,2,19,103,124,1.185483870967742,0.03860764374112212,684,I have a feeling it's not going to go bad any time soon.
1326,1565,2,19,103,124,1.185483870967742,0.03860764374112212,684,"It's OK dear, he's really very sweet."
1162,1565,1,21,102,124,1.185483870967742,0.036870310707667026,684,"Don't worry, this situation could be a lot stickier than it is."
1539,1637,1,23,111,135,1.1851851851851851,0.035165541052596595,684,I think he said that you need to stop calling me Honey ... be...because I'm not.
1070,1638,2,22,117,141,1.1843971631205674,0.03573350205538369,684,He doesn’t look sweet.
1038,1639,4,15,107,126,1.1825396825396826,0.04125152218573835,684,The sopapilla didn't say where it was going .
669,1640,2,18,101,121,1.1818181818181819,0.03892494720807615,684,"The tea is in your backpack, turn slowly and I'll get it out."
3600,1641,1,21,105,127,1.1811023622047243,0.03608327318862867,684,I feel ambivalent toward this creature.
999,1641,1,21,105,127,1.1811023622047243,0.03608327318862867,684,"He looks sweet, but inside he is ALL bear"
1036,1643,1,20,101,122,1.180327868852459,0.036838173157401725,684,Hand me a sopapilla.
1218,1643,2,18,102,122,1.180327868852459,0.038633327561298725,684,"Honey, I think we're in a bit of a sticky situation here."
979,1643,4,14,104,122,1.180327868852459,0.04199404710463599,684,I guess he’s upset because our hats are so much cooler.
188,1643,4,14,104,122,1.180327868852459,0.04199404710463599,684,"Yes, we do live in the woods, but you'll not be going to the Vatican to get answers to any other rhetorical questions"
184,1643,3,16,103,122,1.180327868852459,0.040348692610077154,684,I hope you can unpack this dream when I tell you about it.
545,1643,3,16,103,122,1.180327868852459,0.040348692610077154,684,I'd hibernate with him.
1632,1643,2,18,102,122,1.180327868852459,0.038633327561298725,684,Quick-- open your backpack and hand me an apple and some manchego.
1810,1643,1,20,101,122,1.180327868852459,0.036838173157401725,684,I'm pretty sure he's going to say Gingerbread Men are closely related.
4515,1643,0,22,100,122,1.180327868852459,0.03495093710747713,684,Just stand your ground and give him the pancakes.
2618,1643,2,18,102,122,1.180327868852459,0.038633327561298725,684,I knew this would happen. The Country Bear Jamboree should never have been released to the wild.
2991,1643,0,22,100,122,1.180327868852459,0.03495093710747713,684,Do you hear something honey?
3834,1643,2,18,102,122,1.180327868852459,0.038633327561298725,684,I bought it at Costco.
2305,1643,2,18,102,122,1.180327868852459,0.038633327561298725,684,At least he's cuter than the Heinz mustard bear
2256,1643,2,18,102,122,1.180327868852459,0.038633327561298725,684,Something primal in me what’s to knock its head off and eat all the innards.
643,1657,1,21,106,128,1.1796875,0.035828210231268656,684,They  say you are what you eat.
1750,1657,1,21,106,128,1.1796875,0.035828210231268656,684,"Aw, c’mon to my party..."
1369,1659,4,13,100,117,1.1794871794871795,0.04311648219358659,684,"Now, I am going to squeeze you. Paybacks are hell!"
3544,1660,4,11,91,106,1.179245283018868,0.0460422279928785,684,"Be careful, he might not  be as sweet as he looks."
1317,1661,5,7,83,95,1.1789473684210525,0.05179628320385274,684,Run! I'm on a low carb diet!
3065,1662,3,16,104,123,1.1788617886178863,0.040046155440119593,684,You said we should take the road less traveled?
1855,1662,3,16,104,123,1.1788617886178863,0.040046155440119593,684,Remain calm.  Move away as slow as molasses.
4444,1662,2,18,103,123,1.1788617886178863,0.03834598472082072,684,IHOP you know what you’re doing
594,1665,2,19,108,129,1.178294573643411,0.037240075291813245,684,"In Soviet Russia, Honey Bear squeezes YOU!"
3200,1666,1,19,98,118,1.1779661016949152,0.03735293909245258,684,What? I'm living my brand.
3501,1666,1,19,98,118,1.1779661016949152,0.03735293909245258,684,"Oh shit, we forgot to clean the cap again."
2986,1668,1,20,103,124,1.1774193548387097,0.03629942771227867,684,Nope. This one is not raw either.
3035,1669,4,13,102,119,1.1764705882352942,0.04244194544170894,684,"Honey bear, honey bear, what do you see?""
""I see a couple of hipsters staring at me!"
3078,1669,3,15,101,119,1.1764705882352942,0.040729459603335606,684,"Please, take our oatmeal and let us go!""  Phoebe, age"
3081,1669,4,13,102,119,1.1764705882352942,0.04244194544170894,684,"Don't worry, the bees are hibernating."
3088,1669,5,11,103,119,1.1764705882352942,0.04408796418722744,684,Remember. Only you can prevent unsweetened tea.
3516,1669,1,19,99,119,1.1764705882352942,0.03706789949518647,684,I told you we should have used something else to bind the granola.
3518,1669,3,15,101,119,1.1764705882352942,0.040729459603335606,684,This situation could get a little sticky.
3576,1669,1,19,99,119,1.1764705882352942,0.03706789949518647,684,Is this what they meant by 'a taste of the great outdoors'?
3699,1669,3,15,101,119,1.1764705882352942,0.040729459603335606,684,"Well, at least we're gonna die to a pun."
2236,1669,1,19,99,119,1.1764705882352942,0.03706789949518647,684,I know he looks naturally sweet and high in antioxidants— we just need to be aware of death by a thousand calories.
3734,1669,1,19,99,119,1.1764705882352942,0.03706789949518647,684,Should we tell him Halloween was last week?
3953,1669,2,17,100,119,1.1764705882352942,0.03894173887081182,684,"Oh,no! He smells the pancakes we just ate!"
3969,1669,4,13,102,119,1.1764705882352942,0.04244194544170894,684,I am never going on another Bumble date ever again.
4306,1669,4,13,102,119,1.1764705882352942,0.04244194544170894,684,At least one of us will have a delicious glaze.
4326,1669,1,19,99,119,1.1764705882352942,0.03706789949518647,684,Stick to me and bear right.
4381,1669,0,21,98,119,1.1764705882352942,0.03509414936549957,684,"Whether he's real or not, I sure hope he is full!"
4382,1669,2,17,100,119,1.1764705882352942,0.03894173887081182,684,Don't move and try not to look like a biscuit.
4500,1669,0,21,98,119,1.1764705882352942,0.03509414936549957,684,"Make eye contact, but don't be threatening, look big and get out your insulin."
3694,1669,5,11,103,119,1.1764705882352942,0.04408796418722744,684,"Lions, and tigers, and genetically modified honey, oh my!"
2217,1669,3,15,101,119,1.1764705882352942,0.040729459603335606,684,"No, we don’t want to save 15%"
1961,1669,4,13,102,119,1.1764705882352942,0.04244194544170894,684,"OK, here's the plan: I'll get the bread out and you tackle him and give him a big bear hug."
4517,1669,3,15,101,119,1.1764705882352942,0.040729459603335606,684,Yes I’d call this a sticky situation Kevin.
242,1669,1,19,99,119,1.1764705882352942,0.03706789949518647,684,Is this trick or treat?
290,1669,4,13,102,119,1.1764705882352942,0.04244194544170894,684,"Sure, it's high in antioxidants. But it also triggers allergies."
522,1669,4,13,102,119,1.1764705882352942,0.04244194544170894,684,I think we underestimated foraging for organic honey.
606,1669,3,15,101,119,1.1764705882352942,0.040729459603335606,684,Cute snow bear!
691,1669,3,15,101,119,1.1764705882352942,0.040729459603335606,684,"I think we are supposed to gather together, make lots of noise and NOT look like a cup of tea."
743,1669,1,19,99,119,1.1764705882352942,0.03706789949518647,684,This could be a real sticky situation!
844,1669,2,17,100,119,1.1764705882352942,0.03894173887081182,684,"He can smell tea. You left it at home like I told you, right?"
1033,1669,3,15,101,119,1.1764705882352942,0.040729459603335606,684,They mentioned that some of the side effects of my new diabetes medicine could be severe.
2168,1669,5,11,103,119,1.1764705882352942,0.04408796418722744,684,You're too late. I finished my tea an hour ago.
1212,1669,2,17,100,119,1.1764705882352942,0.03894173887081182,684,Do you think it smells the ham?
1284,1669,4,13,102,119,1.1764705882352942,0.04244194544170894,684,"I'm so sorry. When Gozer demanded we choose the form of the Destructor, I forgot you were allergic to honey."
1496,1669,3,15,101,119,1.1764705882352942,0.040729459603335606,684,I needed second job.
1620,1669,2,17,100,119,1.1764705882352942,0.03894173887081182,684,Get lost was on the ‘honey do’ list
1626,1669,1,19,99,119,1.1764705882352942,0.03706789949518647,684,"Oops. The Airbnb ad said, ‘Inexpensive, romantic, cave-like ambiance’!”"
1694,1669,2,17,100,119,1.1764705882352942,0.03894173887081182,684,Smokey resigned.  It's now the National Pork Service.
1716,1669,4,13,102,119,1.1764705882352942,0.04244194544170894,684,"Don't touch it, it's a trick.  If we do, we'll stick, and the bears will eat us honey glazed."
1736,1669,3,15,101,119,1.1764705882352942,0.040729459603335606,684,I squeezed it.
1876,1669,4,13,102,119,1.1764705882352942,0.04244194544170894,684,Maybe if he feeds us he'll go away.
1887,1669,2,17,100,119,1.1764705882352942,0.03894173887081182,684,No poo poo Pooh!
1281,1669,1,19,99,119,1.1764705882352942,0.03706789949518647,684,"Oh, doesn't he look sweet!"
2837,1710,4,14,108,126,1.1746031746031746,0.04075379437684117,684,Run!  No matter  how he disguises himself he's still a bear!
2513,1711,3,13,93,109,1.1743119266055047,0.04292253470219632,684,"Forget the Winnie the Pooh crap, this is serious."
959,1712,2,16,97,115,1.173913043478261,0.03956450490133908,684,"It’s just honey, not a real bear."
4379,1713,2,16,98,116,1.1724137931034482,0.03925059242663616,684,Please tell me you brought the cheese and bread.
4458,1714,3,14,100,117,1.170940170940171,0.040789797594112734,684,I knew you had a little honey on the side.
2731,1714,2,16,99,117,1.170940170940171,0.038941563546433924,684,I told you dropping acid while hiking was a bad idea.
2652,1714,2,16,99,117,1.170940170940171,0.038941563546433924,684,"Be careful, they're known to look sweet."
2625,1714,1,18,98,117,1.170940170940171,0.037001123700682634,684,Can you please direct me to the next Beehive?
2555,1714,1,18,98,117,1.170940170940171,0.037001123700682634,684,"Have you by any chance seen my brother, ""CBD Gummy?"""
2420,1714,2,16,99,117,1.170940170940171,0.038941563546433924,684,He looks angry... and organic.
2342,1714,1,18,98,117,1.170940170940171,0.037001123700682634,684,I TOLD you the peanut butter sandwiches were a bad idea...
2330,1714,2,16,99,117,1.170940170940171,0.038941563546433924,684,Watch out—did you ever see 'Drizzly Man'?
1675,1714,2,16,99,117,1.170940170940171,0.038941563546433924,684,"No, No,No, you only have to worry about the Honey Badger, he is the nastiest."
2320,1714,0,20,97,117,1.170940170940171,0.03495312487869267,684,I know we should back up slowly but I have an irresistible urge to squeeze him.
2146,1714,1,18,98,117,1.170940170940171,0.037001123700682634,684,Please stop calling me honey while we hike
2112,1714,3,14,100,117,1.170940170940171,0.040789797594112734,684,"Quick, break out the English muffins."
2040,1714,4,12,101,117,1.170940170940171,0.04255784068883686,684,"Want some honey, honey?"
2036,1714,2,16,99,117,1.170940170940171,0.038941563546433924,684,Now THIS is a seriously sticky situation.
1958,1714,2,16,99,117,1.170940170940171,0.038941563546433924,684,I think they say it’s best to show no fear when adding to tea.
1862,1714,4,12,101,117,1.170940170940171,0.04255784068883686,684,Make yourself as big as possible and walk backwards.
1821,1714,2,16,99,117,1.170940170940171,0.038941563546433924,684,Do you think he gave up fighting forest fires?
2150,1714,2,16,99,117,1.170940170940171,0.038941563546433924,684,"I meant, ""Honey, Bear with me!"""
4507,1714,3,14,100,117,1.170940170940171,0.040789797594112734,684,She looks angry—we must have interrupted teatime for her cubs.
2863,1714,4,12,101,117,1.170940170940171,0.04255784068883686,684,OMG! It’s the love child of Smokey Bear and Mrs Butterworth!
2885,1714,1,18,98,117,1.170940170940171,0.037001123700682634,684,Things are about to get sticky.
4450,1714,1,18,98,117,1.170940170940171,0.037001123700682634,684,"No thanks. We only use raw, unfiltered clover honey that is locally and ethically sourced."
4421,1714,2,16,99,117,1.170940170940171,0.038941563546433924,684,What's with the look?  Did you think that all we do is poop in the woods?
4420,1714,3,14,100,117,1.170940170940171,0.040789797594112734,684,Uh oh.... the little ones are back in our cabinet.
4418,1714,3,14,100,117,1.170940170940171,0.040789797594112734,684,Don't be alarmed. I've read it's mostly high fructose corn syrup.
4334,1714,2,16,99,117,1.170940170940171,0.038941563546433924,684,I've heard wild honey isn't dangerous
4331,1714,2,16,99,117,1.170940170940171,0.038941563546433924,684,Smoky gave her the outfit for her birthday.
4268,1714,4,12,101,117,1.170940170940171,0.04255784068883686,684,Only you can prevent Splenda.
2875,1714,2,16,99,117,1.170940170940171,0.038941563546433924,684,"I didn't know bears could be so sweet.""   ""Or slow."
4172,1714,1,18,98,117,1.170940170940171,0.037001123700682634,684,Don't pull any bread out.
3905,1714,2,16,99,117,1.170940170940171,0.038941563546433924,684,Shouldn't he be at a picnic ?
3552,1714,2,16,99,117,1.170940170940171,0.038941563546433924,684,Looks are deceiving; he's all bottled up.
3228,1714,1,18,98,117,1.170940170940171,0.037001123700682634,684,Don't move! It's looking for a waffle.
3225,1714,2,16,99,117,1.170940170940171,0.038941563546433924,684,Surely PETA doesn't approve.
2988,1714,2,16,99,117,1.170940170940171,0.038941563546433924,684,The cuckoo clock was only the first clue that this is not a real wildlife hike.
2964,1714,3,14,100,117,1.170940170940171,0.040789797594112734,684,"Squeeze me, I dare you."
2913,1714,4,12,101,117,1.170940170940171,0.04255784068883686,684,"Don't panic, he's 100% local."
4139,1714,4,12,101,117,1.170940170940171,0.04255784068883686,684,I'm doing a study to see if I catch more hikers with honey or a placebo
1623,1714,1,18,98,117,1.170940170940171,0.037001123700682634,684,"You tell him I'm your Honey, not his honey."
1510,1714,4,12,101,117,1.170940170940171,0.04255784068883686,684,So THAT’S why the bee tree was empty!
1601,1714,3,14,100,117,1.170940170940171,0.040789797594112734,684,I don't think this is the best time to ask if it's locally sourced or not.
767,1714,4,12,101,117,1.170940170940171,0.04255784068883686,684,"Uh, Christopher, Winnie has grown and is dangerous."
766,1714,3,14,100,117,1.170940170940171,0.040789797594112734,684,"Quick, dear, make him a cup of hot tea with lemon!"
736,1714,2,16,99,117,1.170940170940171,0.038941563546433924,684,He must be a hit with the ladies.
667,1714,2,16,99,117,1.170940170940171,0.038941563546433924,684,As long as we don’t boil him he can’t move.
645,1714,4,12,101,117,1.170940170940171,0.04255784068883686,684,"Just back up slowly, don't make eye contact, and don't say anything about biscuits."
495,1714,2,16,99,117,1.170940170940171,0.038941563546433924,684,We really need to lay off the bong!
428,1714,2,16,99,117,1.170940170940171,0.038941563546433924,684,They say the fellow who created the bottle is now a millionaire.
355,1714,1,18,98,117,1.170940170940171,0.037001123700682634,684,"I did NOT say honey, bare with me."
331,1714,0,20,97,117,1.170940170940171,0.03495312487869267,684,I used to have nightmares about this
203,1714,2,16,99,117,1.170940170940171,0.038941563546433924,684,"If we run we'll be toast, honey."
152,1714,4,12,101,117,1.170940170940171,0.04255784068883686,684,"Honey, it's not what it looks like. We're just friends."
134,1714,3,14,100,117,1.170940170940171,0.040789797594112734,684,"Uh oh, a sticky situation looms..."
123,1714,1,18,98,117,1.170940170940171,0.037001123700682634,684,"Oh no, carbs!"
28,1714,3,14,100,117,1.170940170940171,0.040789797594112734,684,This is a real sticky situation
22,1714,5,10,102,117,1.170940170940171,0.04425530499752716,684,He's no Smokey.
18,1714,1,18,98,117,1.170940170940171,0.037001123700682634,684,I must admit this is a very subtle product placement.
1609,1714,2,16,99,117,1.170940170940171,0.038941563546433924,684,"No, you are not in the 100-acre wood!"
786,1714,1,18,98,117,1.170940170940171,0.037001123700682634,684,"Organic maple syrup for us, thanks."
803,1714,2,16,99,117,1.170940170940171,0.038941563546433924,684,It's either those wild mushrooms we just ate or creative commercialism.
640,1714,1,18,98,117,1.170940170940171,0.037001123700682634,684,I told you not to eat all the trail mix.
937,1714,0,20,97,117,1.170940170940171,0.03495312487869267,684,"Honey, we might need to start using a new pet name."
827,1714,1,18,98,117,1.170940170940171,0.037001123700682634,684,I guess it's true: you really are what you eat.
1540,1714,3,14,100,117,1.170940170940171,0.040789797594112734,684,"Listen, Goldilocks.  Not only will you find that the bed in your AirBNB cabin is TOO SOFT ... it'll be TOO STICKY, too!"
1504,1714,1,18,98,117,1.170940170940171,0.037001123700682634,684,Uh-oh. That's a very rare species in this part of the country. Did you bring any biscuits we can use to distract him?
1482,1714,1,18,98,117,1.170940170940171,0.037001123700682634,684,She looks sweet but I still don’t trust her.
1453,1714,2,16,99,117,1.170940170940171,0.038941563546433924,684,See! I told you plastic was everywhere!
1271,1714,2,16,99,117,1.170940170940171,0.038941563546433924,684,Looks like we're in a beary sticky situation.
1206,1714,2,16,99,117,1.170940170940171,0.038941563546433924,684,Lions and Tigers and Honey Bears...Oh my.
1184,1714,2,16,99,117,1.170940170940171,0.038941563546433924,684,"Drop the peanut butter, keep the energy bars, and do not, repeat, do not, call me ‘Honey’"
1175,1714,5,10,102,117,1.170940170940171,0.04425530499752716,684,"Don't move!  It's the man eating, scientifically engineered, product placement bear, designed as his own condiment."
1579,1714,1,18,98,117,1.170940170940171,0.037001123700682634,684,Good thing I brought lemon
1007,1714,3,14,100,117,1.170940170940171,0.040789797594112734,684,Teddy's not here. Can I take a message?
1111,1714,4,12,101,117,1.170940170940171,0.04255784068883686,684,I don’t think your bear spray will get us out of this sticky situation.
1106,1714,3,14,100,117,1.170940170940171,0.040789797594112734,684,Only you can prevent sticky situations.
1080,1714,2,16,99,117,1.170940170940171,0.038941563546433924,684,Should we get the pepper spray or some toast?
1040,1714,2,16,99,117,1.170940170940171,0.038941563546433924,684,By any chance have you folks seen a rather large waffle here abouts?
1113,1714,5,10,102,117,1.170940170940171,0.04425530499752716,684,Where's your Aunt Jamima now?
1039,1714,1,18,98,117,1.170940170940171,0.037001123700682634,684,"You go left, I'll go right, then we'll meet at the front and cancel the Costco membership once and for all"
1963,1793,1,17,94,112,1.1696428571428572,0.037814304579279104,684,Did you bring the Earl Grey bear repellant?
3017,1794,3,13,97,113,1.168141592920354,0.0415081040692339,684,Freeze!  We run and we're toast....
3073,1794,1,17,95,113,1.168141592920354,0.037508226799359806,684,"Don't worry, dear. It's organic."
3206,1794,3,13,97,113,1.168141592920354,0.0415081040692339,684,May I offer my services? I heard you’re on a fly-catching hike.
3098,1794,1,17,95,113,1.168141592920354,0.037508226799359806,684,Watch out Ted! He's high glycemic
2850,1794,4,11,98,113,1.168141592920354,0.04336992640433485,684,"Excuse me, but have you seen any pancakes or waffles?"
3113,1794,2,15,96,113,1.168141592920354,0.03955875238840682,684,"Great, what's next, life-size animal crackers?"
3198,1794,1,17,95,113,1.168141592920354,0.037508226799359806,684,I think this is what they call a squeezable moment.
3093,1794,4,11,98,113,1.168141592920354,0.04336992640433485,684,This product placement business is getting ridiculous.
2803,1794,2,15,96,113,1.168141592920354,0.03955875238840682,684,Brown honey bear worries wasps
2753,1794,2,15,96,113,1.168141592920354,0.03955875238840682,684,Do I smell one of my children in your backpack!
2780,1794,2,15,96,113,1.168141592920354,0.03955875238840682,684,Pancakes!  Give Me Pancakes!
2778,1794,1,17,95,113,1.168141592920354,0.037508226799359806,684,Did we bring biscuits?
2745,1794,2,15,96,113,1.168141592920354,0.03955875238840682,684,"My goodness, this is a sticky situation isn’t it."
2576,1794,3,13,97,113,1.168141592920354,0.0415081040692339,684,You get the biscuits . I’ll trick him into standing on his head.
2541,1794,2,15,96,113,1.168141592920354,0.03955875238840682,684,Don't worry.  He can't attack until he clears his spout.
2518,1794,1,17,95,113,1.168141592920354,0.037508226799359806,684,They said we would feel better if we bought local honey
2534,1794,2,15,96,113,1.168141592920354,0.03955875238840682,684,"Honey, I think we're in a sticky situation here..."
2537,1794,2,15,96,113,1.168141592920354,0.03955875238840682,684,This could get sticky - back away slowly so we're not toast!
2798,1794,2,15,96,113,1.168141592920354,0.03955875238840682,684,"Well, I heard that the ‘sticky situation’ is much better than the ‘sweet surrender’."
3248,1794,3,13,97,113,1.168141592920354,0.0415081040692339,684,He looks like a mama's boy
4327,1794,2,15,96,113,1.168141592920354,0.03955875238840682,684,Either he can smell our fear or we can smell his sweetness.
3551,1794,4,11,98,113,1.168141592920354,0.04336992640433485,684,Just hand over your carbohydrates and there'll be no trouble.
4413,1794,2,15,96,113,1.168141592920354,0.03955875238840682,684,"Thanks for the offer but we're both diabetics, so we'll just be moving through."
2489,1794,0,19,94,113,1.168141592920354,0.03533891997128864,684,"Wait, I forget, if it's a honey bear are we supposed to play dead, fight back or just lick him?"
4364,1794,1,17,95,113,1.168141592920354,0.037508226799359806,684,"Hold him upside-down.  I can't wait to squeeze him."""
4246,1794,2,15,96,113,1.168141592920354,0.03955875238840682,684,He said he needs a hug.
4237,1794,2,15,96,113,1.168141592920354,0.03955875238840682,684,Wanna squeeze me honey?
4213,1794,3,13,97,113,1.168141592920354,0.0415081040692339,684,Looks like you two stumbled into a sticky patch.
4198,1794,1,17,95,113,1.168141592920354,0.037508226799359806,684,I didn't know they were native to regions outside the kitchen.
4156,1794,3,13,97,113,1.168141592920354,0.0415081040692339,684,"we're local ,he's local , what's to worry"
4126,1794,3,13,97,113,1.168141592920354,0.0415081040692339,684,Are you looking for the Teddy Bear’s Picnic?
3995,1794,1,17,95,113,1.168141592920354,0.037508226799359806,684,I have misplaced the honey jar Lid somewhere. Can you please spare your water bottle Cap for a while?
3993,1794,5,9,99,113,1.168141592920354,0.04515504766039441,684,I think Winnie the Pooh had an illicit affair with one of his honey jars.
3935,1794,1,17,95,113,1.168141592920354,0.037508226799359806,684,"Don't move, or we'll be toast."
3885,1794,1,17,95,113,1.168141592920354,0.037508226799359806,684,"Don’t be a fool, honey.  Just give him the peanut butter and bread!"
3874,1794,1,17,95,113,1.168141592920354,0.037508226799359806,684,I don't like the way that bear's been sticking right to us the whole time.
3848,1794,4,11,98,113,1.168141592920354,0.04336992640433485,684,Quick! Play like you're cornbread!
3844,1794,3,13,97,113,1.168141592920354,0.0415081040692339,684,Another sticky situation.
3742,1794,4,11,98,113,1.168141592920354,0.04336992640433485,684,Hand me your water bottle
3654,1794,3,13,97,113,1.168141592920354,0.0415081040692339,684,Looks like we’ve  got ourselves in a sticky situation here.
3621,1794,2,15,96,113,1.168141592920354,0.03955875238840682,684,"Yo, who you callin' honey bear?"
3482,1794,3,13,97,113,1.168141592920354,0.0415081040692339,684,Leave the leftover toast and maybe he'll stop following us.
2454,1794,3,13,97,113,1.168141592920354,0.0415081040692339,684,Need a sugar fix?  Hundred percent pure...
976,1794,0,19,94,113,1.168141592920354,0.03533891997128864,684,Please tell me we aren't standing between her and her biscuits.
2358,1794,2,15,96,113,1.168141592920354,0.03955875238840682,684,"Quick- roll over and play ""bread""!"
1244,1794,2,15,96,113,1.168141592920354,0.03955875238840682,684,Deep in the forest of  You Are What You Eat.
1225,1794,3,13,97,113,1.168141592920354,0.0415081040692339,684,"Don't worry, babe. Honey bears don't eat vegans."
1189,1794,1,17,95,113,1.168141592920354,0.037508226799359806,684,"I told you not to call me ""Honey"" in these woods!"
1093,1794,2,15,96,113,1.168141592920354,0.03955875238840682,684,I have been hiding since Chinese government came for Winnie the Pooh.
1067,1794,0,19,94,113,1.168141592920354,0.03533891997128864,684,I think he’s upset that he’s almost empty.
856,1794,1,17,95,113,1.168141592920354,0.037508226799359806,684,He seems so sweet.
835,1794,4,11,98,113,1.168141592920354,0.04336992640433485,684,"We should back up slowly, speak soothingly, and try not to look like biscuits."
813,1794,2,15,96,113,1.168141592920354,0.03955875238840682,684,Everybody knows bears sit in the woods.
706,1794,1,17,95,113,1.168141592920354,0.037508226799359806,684,Breakfast is served
683,1794,4,11,98,113,1.168141592920354,0.04336992640433485,684,Don't let him see that you're hungry!
670,1794,2,15,96,113,1.168141592920354,0.03955875238840682,684,DO NOT mention we saw her kids playing with the Butterworth kids in the park earlier...
644,1794,3,13,97,113,1.168141592920354,0.0415081040692339,684,"If he doesn't crystalize soon, I think we'll be toast."
610,1794,2,15,96,113,1.168141592920354,0.03955875238840682,684,Couldn't you just give him a squeeze?
533,1794,3,13,97,113,1.168141592920354,0.0415081040692339,684,"I've never seen honey this local before."""
250,1794,2,15,96,113,1.168141592920354,0.03955875238840682,684,Is this your nightmare or mine?
221,1794,2,15,96,113,1.168141592920354,0.03955875238840682,684,We either convince it we aren't toast or we are toast.
2434,1794,3,13,97,113,1.168141592920354,0.0415081040692339,684,"Don't worry, she looks sweet"
1273,1794,3,13,97,113,1.168141592920354,0.0415081040692339,684,Just give him your bees and walk away slowly.
1323,1794,1,17,95,113,1.168141592920354,0.037508226799359806,684,"Just then, our intrepid explorers found themselves in a sticky situation."
281,1794,3,13,97,113,1.168141592920354,0.0415081040692339,684,Brand marketing is getting so out of hand.
1394,1794,2,15,96,113,1.168141592920354,0.03955875238840682,684,Branding is everything these days.
2311,1794,4,11,98,113,1.168141592920354,0.04336992640433485,684,"There WERE bees, before you two showed up."
1327,1794,1,17,95,113,1.168141592920354,0.037508226799359806,684,The ingredient label is the scariest part.
2056,1794,0,19,94,113,1.168141592920354,0.03533891997128864,684,Don’t worry. He’s only looking for waffles.
2050,1794,3,13,97,113,1.168141592920354,0.0415081040692339,684,I told you that sign said Brobdingnag.
2022,1794,0,19,94,113,1.168141592920354,0.03533891997128864,684,"Quick, pass me a biscuit."
1993,1794,0,19,94,113,1.168141592920354,0.03533891997128864,684,"Stay calm, walk backwards slowly, and try not to look like a piece of buttered toast."
1985,1794,4,11,98,113,1.168141592920354,0.04336992640433485,684,Did you pack the Bisquick?
1953,1794,2,15,96,113,1.168141592920354,0.03955875238840682,684,"Tea, anyone?"
1878,1794,2,15,96,113,1.168141592920354,0.03955875238840682,684,"Nice and easy, Hank.  I think we can out run him.  
Honey Bears are very slow."
1724,1794,3,13,97,113,1.168141592920354,0.0415081040692339,684,And I guess you don't believe there's a Santa Claus either!
2054,1794,4,11,98,113,1.168141592920354,0.04336992640433485,684,True Romance!! Right??
1669,1794,1,17,95,113,1.168141592920354,0.037508226799359806,684,Don’t be fooled by his disguise. He’s not very sweet.
1425,1794,1,17,95,113,1.168141592920354,0.037508226799359806,684,"This is exactly what Mrs. Butterworth warned us about!"""
1521,1794,2,15,96,113,1.168141592920354,0.03955875238840682,684,Would you like to have your tea now?  And how were the mushrooms?
1655,1794,2,15,96,113,1.168141592920354,0.03955875238840682,684,"Pardon me, but have you seen a life-size cup of tea come this way?"
1597,1794,4,11,98,113,1.168141592920354,0.04336992640433485,684,Should we introduce her to Winnie?  They’d be a perfect match!
1543,1794,2,15,96,113,1.168141592920354,0.03955875238840682,684,I don’t suppose you packed a bag of ants.
1676,1794,2,15,96,113,1.168141592920354,0.03955875238840682,684,Pardon me. Have you seen a really large beehive around here?
3240,1878,5,9,100,114,1.1666666666666667,0.04478149380079901,684,Don't touch him!  Your hands will be sticky all day.
920,1878,4,11,99,114,1.1666666666666667,0.04301310023592835,684,I was wrong. It's not a prosthetic.
2663,1878,3,13,98,114,1.1666666666666667,0.04116881582922976,684,Don't let him see your english muffin.
938,1881,2,14,93,109,1.165137614678899,0.040203697844882806,684,"Honey, I’ve been seeing someone else."
1772,1881,2,14,93,109,1.165137614678899,0.040203697844882806,684,"Peas? No, we don’t have peas."
1338,1881,3,12,94,109,1.165137614678899,0.042263837801483954,684,I hope they're friendlier in the land of milk.
4439,1881,1,16,92,109,1.165137614678899,0.03803212661809914,684,I think I've found a new main squeeze.
2676,1885,3,12,95,110,1.1636363636363636,0.04190475862247781,684,"Sweet, sweet revenge"
2973,1885,3,12,95,110,1.1636363636363636,0.04190475862247781,684,"Right, like I would eat YOU. I'd rather eat myself."
2922,1885,2,14,94,110,1.1636363636363636,0.03986481059550266,684,You should have used a different sweetener.
2984,1885,1,16,93,110,1.1636363636363636,0.03771468483790463,684,"I don't know, he doesn't say 'squeezable' to me."
2856,1885,3,12,95,110,1.1636363636363636,0.04190475862247781,684,Honey Shrunk the Kids Again... “I wish they would stop making sequels”
2933,1885,2,14,94,110,1.1636363636363636,0.03986481059550266,684,Get the scanner gun...
2851,1885,3,12,95,110,1.1636363636363636,0.04190475862247781,684,About time they did something to catch all the nasty flies around here.
2834,1885,2,14,94,110,1.1636363636363636,0.03986481059550266,684,"If we don't move, he won't ooze."
2817,1885,5,8,97,110,1.1636363636363636,0.04571236307601898,684,Smokey Bear’s man squeeze”
2784,1885,2,14,94,110,1.1636363636363636,0.03986481059550266,684,The ranger said he shouldn’t be aggressive if you don’t mention the drip.
2774,1885,2,14,94,110,1.1636363636363636,0.03986481059550266,684,"No, honey, YOU tell him!"
2736,1885,2,14,94,110,1.1636363636363636,0.03986481059550266,684,He looks sweet but this might be a sticky situation.
3074,1885,4,10,96,110,1.1636363636363636,0.043849908399003025,684,"I knew the bees were evolving to better protect themselves, but this is way beyond anything we were thinking."
2852,1885,2,14,94,110,1.1636363636363636,0.03986481059550266,684,Let's ignore her;  I have type 2 Diabetes.
4462,1885,1,16,93,110,1.1636363636363636,0.03771468483790463,684,Hey! You guys aren't supposed to bring food out here!
2613,1885,3,12,95,110,1.1636363636363636,0.04190475862247781,684,Portage is such sweet sorrow.
2077,1885,3,12,95,110,1.1636363636363636,0.04190475862247781,684,"Don't worry.  I am is viscous, but I will not eat you."
2063,1885,2,14,94,110,1.1636363636363636,0.03986481059550266,684,I guess we are what we eat.
3095,1885,1,16,93,110,1.1636363636363636,0.03771468483790463,684,"Do you think we should climb a tree, play dead or make toast?"
2108,1885,3,12,95,110,1.1636363636363636,0.04190475862247781,684,It may be a trap !
2141,1885,3,12,95,110,1.1636363636363636,0.04190475862247781,684,It's true.  Sometimes you do eat the bear.
2173,1885,3,12,95,110,1.1636363636363636,0.04190475862247781,684,"My husband, Smokey, has been so busy in California i’ve been trying to help fillin fir him."
2671,1885,2,14,94,110,1.1636363636363636,0.03986481059550266,684,Watch out! It looks like a honey trap!
2214,1885,2,14,94,110,1.1636363636363636,0.03986481059550266,684,"Run, it’s not Smokey.  He’s the sweet one."
2232,1885,3,12,95,110,1.1636363636363636,0.04190475862247781,684,These pop-up balloons kill the ambiance.
2377,1885,2,14,94,110,1.1636363636363636,0.03986481059550266,684,Hkenye
2390,1885,3,12,95,110,1.1636363636363636,0.04190475862247781,684,That red cap is mine.
2507,1885,4,10,96,110,1.1636363636363636,0.043849908399003025,684,"Really, Doug? 'Honey Bear'?"""
2521,1885,1,16,93,110,1.1636363636363636,0.03771468483790463,684,"I never remember: run, bang our pots, run or make tea?"
2558,1885,2,14,94,110,1.1636363636363636,0.03986481059550266,684,I think it smells our diabetes.
2224,1885,2,14,94,110,1.1636363636363636,0.03986481059550266,684,Where did you get that honey from?
3116,1885,1,16,93,110,1.1636363636363636,0.03771468483790463,684,I told you we should have had those mushrooms you found identified first!
4123,1885,3,12,95,110,1.1636363636363636,0.04190475862247781,684,This one looks sweet!
3148,1885,2,14,94,110,1.1636363636363636,0.03986481059550266,684,Shhhhhh...this could get sticky.
4127,1885,1,16,93,110,1.1636363636363636,0.03771468483790463,684,"What is that?""  ""I think it is what they called Plastic.  The extinction of plastic was a century ago.""   ""I can't believe its still here!"
4136,1885,2,14,94,110,1.1636363636363636,0.03986481059550266,684,"Remember, only you can prevent apiary blight!"
4146,1885,3,12,95,110,1.1636363636363636,0.04190475862247781,684,"I'm your honey bear, and he's your honey.  Can we all hibernate together?"
4165,1885,1,16,93,110,1.1636363636363636,0.03771468483790463,684,I think it's the bears trying to change their image.
4270,1885,1,16,93,110,1.1636363636363636,0.03771468483790463,684,Do you suppose it is a Honey Trap?
4293,1885,1,16,93,110,1.1636363636363636,0.03771468483790463,684,"Don't worry, they only come out at tea time."
4027,1885,1,16,93,110,1.1636363636363636,0.03771468483790463,684,Ohh. Forgot to mention. Bob and I were concerned about the campsites being over crowded. So he rented this costume. It was all they had on such a short notice. I anticipate us having no issues finding a spot this year!
4300,1885,3,12,95,110,1.1636363636363636,0.04190475862247781,684,"He LOOKS sweet, but I dunno. I say we move on."
4304,1885,3,12,95,110,1.1636363636363636,0.04190475862247781,684,Sue and Ted could no longer handle the forest mushroom hallucinations.
4353,1885,4,10,96,110,1.1636363636363636,0.043849908399003025,684,I don’t think those were basic mountain mushrooms we just ate.
4408,1885,0,18,92,110,1.1636363636363636,0.03543433054298679,684,I sure could use a hug.
2059,1885,2,14,94,110,1.1636363636363636,0.03986481059550266,684,Oh no.  I told him this was a platonic date.
4365,1885,5,8,97,110,1.1636363636363636,0.04571236307601898,684,He must have smelled our mustard dog.
4391,1885,3,12,95,110,1.1636363636363636,0.04190475862247781,684,We should be ok. The Cubs are still at Denney's.
4303,1885,2,14,94,110,1.1636363636363636,0.03986481059550266,684,You guys down to swing?
3954,1885,2,14,94,110,1.1636363636363636,0.03986481059550266,684,"Let’s make a run for it, even though the bear seems so sweet.”"
3914,1885,4,10,96,110,1.1636363636363636,0.043849908399003025,684,I think we're supposed to make ourselves look bigger....and sticky.
3828,1885,3,12,95,110,1.1636363636363636,0.04190475862247781,684,Most people don't pay for the Honey Bear Sherpa
3158,1885,3,12,95,110,1.1636363636363636,0.04190475862247781,684,So that's how Smokey Bear got diabetes.
3231,1885,1,16,93,110,1.1636363636363636,0.03771468483790463,684,Won't You Bee Mine
3271,1885,2,14,94,110,1.1636363636363636,0.03986481059550266,684,Careful.  Autumnal honey is unpredictable.
3288,1885,2,14,94,110,1.1636363636363636,0.03986481059550266,684,I'm not as sweet as you think i am...
3327,1885,1,16,93,110,1.1636363636363636,0.03771468483790463,684,"Sadly Smokey passed away, I am his sweet widow."
3354,1885,2,14,94,110,1.1636363636363636,0.03986481059550266,684,But he seems so sweet...
3467,1885,2,14,94,110,1.1636363636363636,0.03986481059550266,684,I can't remember if you're supposed to run or stay still if they drizzle on you.
3480,1885,2,14,94,110,1.1636363636363636,0.03986481059550266,684,The only thing you have to fear is Diabetes.
3569,1885,2,14,94,110,1.1636363636363636,0.03986481059550266,684,The carb cravings just never let up!
3570,1885,1,16,93,110,1.1636363636363636,0.03771468483790463,684,How can we get this home?
3650,1885,5,8,97,110,1.1636363636363636,0.04571236307601898,684,"But I'm 100% organic, non-GMO and gluten-free!"
3660,1885,3,12,95,110,1.1636363636363636,0.04190475862247781,684,"He may be squeezable and oozing sweetness, but things could get sticky."
3669,1885,1,16,93,110,1.1636363636363636,0.03771468483790463,684,Once again we’ve gotten ourselves into a sticky situation.
3689,1885,5,8,97,110,1.1636363636363636,0.04571236307601898,684,"-“Honey Bear!!!!!!!”
-“Yes, Schnookems?”"
3788,1885,4,10,96,110,1.1636363636363636,0.043849908399003025,684,There goes our sugar cleanse.
3125,1885,1,16,93,110,1.1636363636363636,0.03771468483790463,684,Maybe if you burped a tupperware container it might scare him away
2018,1885,1,16,93,110,1.1636363636363636,0.03771468483790463,684,"I told you, I'm not your honey."
1537,1885,3,12,95,110,1.1636363636363636,0.04190475862247781,684,It says high fructose corn syrup right there. Terrifying.
1929,1885,2,14,94,110,1.1636363636363636,0.03986481059550266,684,I told you to bring whole grain toast and peanut butter!
747,1885,2,14,94,110,1.1636363636363636,0.03986481059550266,684,He must want us to give him a refill...
710,1885,3,12,95,110,1.1636363636363636,0.04190475862247781,684,I told you we were being followed.
675,1885,4,10,96,110,1.1636363636363636,0.043849908399003025,684,"It's OK Dad, he just wants to ""Bee""."
625,1885,5,8,97,110,1.1636363636363636,0.04571236307601898,684,"OK, a new PR buzz for Smokey?"
599,1885,1,16,93,110,1.1636363636363636,0.03771468483790463,684,He seems sweeter than Smoky!
595,1885,2,14,94,110,1.1636363636363636,0.03986481059550266,684,"Honey, it's a trap."
590,1885,2,14,94,110,1.1636363636363636,0.03986481059550266,684,"Sticky the bear reminds, ""Hallucinogens are not recommended for forest hikes."""
580,1885,3,12,95,110,1.1636363636363636,0.04190475862247781,684,Says his name is Smokey.
547,1885,3,12,95,110,1.1636363636363636,0.04190475862247781,684,Forget About POOH BEAR .... He RETIRED !!
529,1885,1,16,93,110,1.1636363636363636,0.03771468483790463,684,Maybe we should have double checked those wild mushrooms we ate for lunch today.
526,1885,2,14,94,110,1.1636363636363636,0.03986481059550266,684,"Honey, did you bring the moist towelettes?"
480,1885,2,14,94,110,1.1636363636363636,0.03986481059550266,684,I'm not eating anymore of the mushrooms we find.
425,1885,2,14,94,110,1.1636363636363636,0.03986481059550266,684,Looks like we are toast now.
400,1885,1,16,93,110,1.1636363636363636,0.03771468483790463,684,"Honestly, I think we’re in more danger from the giant mug of tea, that he travels with!"
399,1885,2,14,94,110,1.1636363636363636,0.03986481059550266,684,That old lady filled with syrup warned us about this.
397,1885,5,8,97,110,1.1636363636363636,0.04571236307601898,684,Maybe we should return baby honey bear to his mama.
348,1885,0,18,92,110,1.1636363636363636,0.03543433054298679,684,This would be less awkward if you had a giant piece of toast.
2014,1885,2,14,94,110,1.1636363636363636,0.03986481059550266,684,"Never mind the pepper spray, just throw him a graham cracker."
205,1885,3,12,95,110,1.1636363636363636,0.04190475862247781,684,I thought it was supposed to be a St. Bernard ...
204,1885,4,10,96,110,1.1636363636363636,0.043849908399003025,684,I think Smokey the Bear went rogue.
199,1885,4,10,96,110,1.1636363636363636,0.043849908399003025,684,Watch your backpack; he's got sticky figures.
181,1885,3,12,95,110,1.1636363636363636,0.04190475862247781,684,I told you not to speak so loudly about preferring jam.
162,1885,3,12,95,110,1.1636363636363636,0.04190475862247781,684,Who's up for a big surprise?
159,1885,3,12,95,110,1.1636363636363636,0.04190475862247781,684,"I dunno.  He LOOKS sweet, but...."
157,1885,3,12,95,110,1.1636363636363636,0.04190475862247781,684,"Winnie the Pooh has really changed """
86,1885,2,14,94,110,1.1636363636363636,0.03986481059550266,684,"Either that's a lifetime supply of honey
or we're in big trouble."
36,1885,2,14,94,110,1.1636363636363636,0.03986481059550266,684,What? Everyone needs a sponsor!
26,1885,1,16,93,110,1.1636363636363636,0.03771468483790463,684,"Watch out, it's a honey trap!"
23,1885,2,14,94,110,1.1636363636363636,0.03986481059550266,684,Don't worry -- I'm organic.
772,1885,1,16,93,110,1.1636363636363636,0.03771468483790463,684,If we play dead we may avoid a sticky situation
807,1885,4,10,96,110,1.1636363636363636,0.043849908399003025,684,"Well, what the hell did you think a honey bear would look like, Winnie the Pooh?"
310,1885,3,12,95,110,1.1636363636363636,0.04190475862247781,684,It's a trademark bear...careful!
846,1885,0,18,92,110,1.1636363636363636,0.03543433054298679,684,"Very slowly, open the thermos of t-e-a."
1662,1885,2,14,94,110,1.1636363636363636,0.03986481059550266,684,"Uh, Dad, Where did you find those mushrooms for your special ‘forest omelettes?‘"
1615,1885,0,18,92,110,1.1636363636363636,0.03543433054298679,684,"A word to the wise, he may ask for a hug. Don't fall for it, unless you want to get in a sticky mess."
1506,1885,3,12,95,110,1.1636363636363636,0.04190475862247781,684,The Smokey thing doesn’t seem to play with the younger generation.
1476,1885,2,14,94,110,1.1636363636363636,0.03986481059550266,684,"No, it's Sticky the Bear."
1458,1885,2,14,94,110,1.1636363636363636,0.03986481059550266,684,Did somebody call my name?
1447,1885,2,14,94,110,1.1636363636363636,0.03986481059550266,684,Tea time.
1444,1885,4,10,96,110,1.1636363636363636,0.043849908399003025,684,Looks like the Pooh overdosed on the sweet stuff again.
1863,1885,1,16,93,110,1.1636363636363636,0.03771468483790463,684,"Frankly, he's scarier than a real bear."
1441,1885,1,16,93,110,1.1636363636363636,0.03771468483790463,684,"Have you seen my husband, Smokey?"
1864,1885,2,14,94,110,1.1636363636363636,0.03986481059550266,684,"Well, the guide did say that this was an intro level hike..."
1430,1885,3,12,95,110,1.1636363636363636,0.04190475862247781,684,You can't squeeze past me so buzz off!
1392,1885,3,12,95,110,1.1636363636363636,0.04190475862247781,684,Stay still. I think you have a bee hive in your bonnet.
816,1885,2,14,94,110,1.1636363636363636,0.03986481059550266,684,It's okay! We're vegan.
1769,1885,2,14,94,110,1.1636363636363636,0.03986481059550266,684,Take me to your larder.
1384,1885,3,12,95,110,1.1636363636363636,0.04190475862247781,684,"Who do you think we’d see in the woods, Mr. Peanut?"
1301,1885,1,16,93,110,1.1636363636363636,0.03771468483790463,684,"Term of endearment? This is exactly why I told you to cut the ""honey bear"" nonsense!"
1298,1885,1,16,93,110,1.1636363636363636,0.03771468483790463,684,"No,we're NOT having pancakes this morning."
1235,1885,1,16,93,110,1.1636363636363636,0.03771468483790463,684,I don't think we should've eaten those mushrooms.
1199,1885,2,14,94,110,1.1636363636363636,0.03986481059550266,684,"Her presence was terrifying.....but Katie and Phil got lucky. Attracted by a biscuit badger nearby, she oozed back into the woodland."
1140,1885,2,14,94,110,1.1636363636363636,0.03986481059550266,684,He appears to be the giant  economy size!
1135,1885,1,16,93,110,1.1636363636363636,0.03771468483790463,684,Do we play dead or make tea?
1131,1885,2,14,94,110,1.1636363636363636,0.03986481059550266,684,"Oh sorry, we don't have any toast."
1095,1885,1,16,93,110,1.1636363636363636,0.03771468483790463,684,Should we try it? I've never had organic honey.
1089,1885,3,12,95,110,1.1636363636363636,0.04190475862247781,684,He says he's a colonoscocopist .
985,1885,1,16,93,110,1.1636363636363636,0.03771468483790463,684,He’s only harmless if you don’t count diabetes.
928,1885,2,14,94,110,1.1636363636363636,0.03986481059550266,684,"It's okay, Honey, he's vegan."
901,1885,1,16,93,110,1.1636363636363636,0.03771468483790463,684,"Jim, when I called you ""honey"" a bit too loud, this happened."
1377,1885,4,10,96,110,1.1636363636363636,0.043849908399003025,684,"Quick, yell ‘Bulk sale!’"
1843,1885,3,12,95,110,1.1636363636363636,0.04190475862247781,684,"Barry, honey, I can explain."
1640,2018,1,17,99,117,1.1623931623931625,0.03633128701735331,684,"Careful, he's still right-side up.  That means he's pretty full."
3585,2018,1,17,99,117,1.1623931623931625,0.03633128701735331,684,Looks like another gene got out of the lab.
4118,2020,1,16,94,111,1.162162162162162,0.0374024322669326,684,"No Honeybear, it's not what you think!"
3450,2020,2,14,95,111,1.162162162162162,0.03953153302469618,684,It might be a good time to get out the peanut butter and crackers.
1230,2020,1,16,94,111,1.162162162162162,0.0374024322669326,684,These bears are very dangerous as they are no longer vegan.
1090,2020,3,12,96,111,1.162162162162162,0.041551681880313926,684,No means no honey
2510,2024,3,12,97,112,1.1607142857142858,0.04120445972681756,684,Just because it’s here in the forest doesn’t mean it’s organic!
591,2025,2,13,91,106,1.1603773584905661,0.04051952033171154,684,We shouldn’t have ignored that witch at breakfast.
3460,2025,3,11,92,106,1.1603773584905661,0.042679339817166165,684,Should we offer him pancakes?
3607,2027,1,16,96,113,1.1592920353982301,0.03679300179735841,684,Quick! Raise your arms and ask for toast!
4367,2027,1,16,96,113,1.1592920353982301,0.03679300179735841,684,Now do you believe the buzzing we heard was from a giant beehive?
2887,2029,1,15,91,107,1.158878504672897,0.03790849387207977,684,"Honey, this isn’t what it looks like!"
3304,2029,3,11,93,107,1.158878504672897,0.04230514619003018,684,"We're all lost, looking for the story we belong in."
3293,2029,2,13,92,107,1.158878504672897,0.040167021932235245,684,Let's see what comes out if I squeeze YOU!
3235,2029,2,13,92,107,1.158878504672897,0.040167021932235245,684,"My husband knows better than to not have closed and wiped your nozzle."""
3213,2029,3,11,93,107,1.158878504672897,0.04230514619003018,684,I knew my sweet tooth would come back to bite me.
3184,2029,1,15,91,107,1.158878504672897,0.03790849387207977,684,He must be the super size one they advertised from Costco!
3149,2029,1,15,91,107,1.158878504672897,0.03790849387207977,684,"Hi, I'm looking for the local Pancake restaurant."
3055,2029,0,17,90,107,1.158878504672897,0.03550659325244189,684,Do we run or do we make tea?
3046,2029,4,9,94,107,1.158878504672897,0.04434028797171916,684,"That costume isn't fooling anyone, buster."
3013,2029,3,11,93,107,1.158878504672897,0.04230514619003018,684,"Don’t worry, he’s very sweet."
3443,2029,1,15,91,107,1.158878504672897,0.03790849387207977,684,"Yeah, I can be squeezed, but don't even think about it!"
2725,2029,3,11,93,107,1.158878504672897,0.04230514619003018,684,This is the second tea party we don't want to join.
2876,2029,3,11,93,107,1.158878504672897,0.04230514619003018,684,Smokey has the day off.
2917,2029,2,13,92,107,1.158878504672897,0.040167021932235245,684,I’ve cut out the middle man.
2711,2029,3,11,93,107,1.158878504672897,0.04230514619003018,684,He's all crystalyzed. We need to get him into a hot water bath asap. Where's there a hot spring?
3755,2029,0,17,90,107,1.158878504672897,0.03550659325244189,684,"I read about this, we have to buzz loudly to establish ourselves as dominant."
3614,2029,3,11,93,107,1.158878504672897,0.04230514619003018,684,"I told you, dropping acid before our hike was a very bad idea!"
3697,2029,2,13,92,107,1.158878504672897,0.040167021932235245,684,Let’s throw him an Eggo and run like hell!
4189,2029,1,15,91,107,1.158878504672897,0.03790849387207977,684,There is an image that is going to stick with me for a while.
3819,2029,2,13,92,107,1.158878504672897,0.040167021932235245,684,Only you can prevent dried-out honey containers
3855,2029,6,5,96,107,1.158878504672897,0.04815322028613765,684,Hand me the pepper spray and a large buttered biscuit
3974,2029,0,17,90,107,1.158878504672897,0.03550659325244189,684,"Quick! You distract it with the gluten-free artisanal bread, while I get out the cultured butter!"
4003,2029,4,9,94,107,1.158878504672897,0.04434028797171916,684,Can you please check if it is Bleeding from my head?
4051,2029,2,13,92,107,1.158878504672897,0.040167021932235245,684,Run! It's going to kill our keto diet!
4143,2029,1,15,91,107,1.158878504672897,0.03790849387207977,684,We do have one of her cubs...
4152,2029,2,13,92,107,1.158878504672897,0.040167021932235245,684,We were trying to leave civilization behind.
4175,2029,0,17,90,107,1.158878504672897,0.03550659325244189,684,"No, I thought he was with you!"
4350,2029,4,9,94,107,1.158878504672897,0.04434028797171916,684,"Drop Santa Claus, Babe, and you'll see how sweet it can be."
4475,2029,2,13,92,107,1.158878504672897,0.040167021932235245,684,We got cheated!! All this time we were sold  bear honey not bee honey!!!
4186,2029,3,11,93,107,1.158878504672897,0.04230514619003018,684,Didn’t the ranger say it was slower than molasses?
3492,2029,2,13,92,107,1.158878504672897,0.040167021932235245,684,Have you seen my bees?
2685,2029,2,13,92,107,1.158878504672897,0.040167021932235245,684,Smokey doesn't live here anymore.
4248,2029,4,9,94,107,1.158878504672897,0.04434028797171916,684,Try to look like asparagus.
758,2029,2,13,92,107,1.158878504672897,0.040167021932235245,684,This is very surprising. They told us there were no bears in this state.
2645,2029,1,15,91,107,1.158878504672897,0.03790849387207977,684,"Lie down, don’t move and pretend you’re bread."
280,2029,2,13,92,107,1.158878504672897,0.040167021932235245,684,Not sure he's really that sweet.
406,2029,2,13,92,107,1.158878504672897,0.040167021932235245,684,"Pour a cup of  tea, and then back away slowly."
441,2029,1,15,91,107,1.158878504672897,0.03790849387207977,684,"No, we prefer Splenda."
462,2029,2,13,92,107,1.158878504672897,0.040167021932235245,684,Just back away slowly. And hide the pancakes.
559,2029,4,9,94,107,1.158878504672897,0.04434028797171916,684,Death by honey isn't as sweet as it sounds.
561,2029,4,9,94,107,1.158878504672897,0.04434028797171916,684,"Stay calm, he smells our tea."
686,2029,3,11,93,107,1.158878504672897,0.04230514619003018,684,"I told you we should have brought the bear spray.  Now, we'll be all sticky."
1019,2029,2,13,92,107,1.158878504672897,0.040167021932235245,684,Honey!!! What are you doing here?
1245,2029,3,11,93,107,1.158878504672897,0.04230514619003018,684,What's become of Pooh Bear
1362,2029,3,11,93,107,1.158878504672897,0.04230514619003018,684,This is why I don't like camping in Butterworth Woods.
1420,2029,0,17,90,107,1.158878504672897,0.03550659325244189,684,Don’t worry. He looks sweet to me.
1343,2029,2,13,92,107,1.158878504672897,0.040167021932235245,684,"Has anyone seen a lying, no good user that goes by the name Pooh?"
1575,2029,1,15,91,107,1.158878504672897,0.03790849387207977,684,That’s not the Winnie the Pooh I know!
2609,2029,3,11,93,107,1.158878504672897,0.04230514619003018,684,At least you hear Mister Softee coming.
2369,2029,4,9,94,107,1.158878504672897,0.04434028797171916,684,"Little did they know what saying ""honey"" in the wild entailed."
2293,2029,3,11,93,107,1.158878504672897,0.04230514619003018,684,I told you honey isn't vegan.
2161,2029,2,13,92,107,1.158878504672897,0.040167021932235245,684,"Well I'm a vegan, so he can't be mad at me."
1428,2029,4,9,94,107,1.158878504672897,0.04434028797171916,684,"Oh pooh, honey.  No real bears here."
2138,2029,3,11,93,107,1.158878504672897,0.04230514619003018,684,"Carl, don't move. He can smell your A1C."
2153,2029,1,15,91,107,1.158878504672897,0.03790849387207977,684,Did you see any waffles go by this way?
2070,2029,2,13,92,107,1.158878504672897,0.040167021932235245,684,"If a vegan walks in the woods and gets attacked by a bear, can they fight back?"
1957,2029,1,15,91,107,1.158878504672897,0.03790849387207977,684,Don't panic...He looks sweet
1796,2029,2,13,92,107,1.158878504672897,0.040167021932235245,684,"He doesn’t look happy to see us, no matter how naturally sweet you think he is."
1726,2029,1,15,91,107,1.158878504672897,0.03790849387207977,684,Don't worry. It is only the gummy ones that are hostile.
2086,2029,2,13,92,107,1.158878504672897,0.040167021932235245,684,"No, I don't know anyone named Pooh."
4266,2089,1,15,92,108,1.1574074074074074,0.03758465013024766,684,"How could you Bert, you know where you get your honey."
964,2089,3,11,94,108,1.1574074074074074,0.04193741120371579,684,"As I already explained, Smokey is in California."
3897,2089,2,13,93,108,1.1574074074074074,0.03982054986990179,684,I told you we shouldn't go hiking on Rosh Hashanah.
3617,2089,1,15,92,108,1.1574074074074074,0.03758465013024766,684,"Well, yes I did.  But I think you’ll be pleasantly surprised."
888,2089,0,17,91,108,1.1574074074074074,0.035207039905179684,684,We left all the toast at base camp!
455,2094,1,14,87,102,1.1568627450980393,0.03877641768742085,684,You should see the size of my sweet spot.
316,2095,3,11,95,109,1.1559633027522935,0.04157597045776372,684,"Honey, I don't think we should have eaten those mushrooms"
2877,2095,3,11,95,109,1.1559633027522935,0.04157597045776372,684,I don't think he is from our nectar of the woods.
3541,2095,2,13,94,109,1.1559633027522935,0.039479952560727984,684,"Don't worry, its vegan"
2666,2095,2,13,94,109,1.1559633027522935,0.039479952560727984,684,"It’d bee sweet if only you’d bear with me, honey!"
278,2095,2,13,94,109,1.1559633027522935,0.039479952560727984,684,"no money, no honey!"
4151,2100,3,10,90,103,1.1553398058252426,0.04309835738372565,684,"mmmm, stuffed waffles. Sweet!"
2536,2100,2,12,89,103,1.1553398058252426,0.04083014817602034,684,I’d sure feel a lot safer with Smokey
2559,2102,1,15,94,110,1.1545454545454545,0.03695310382944123,684,Make yourself look sweeter than he!
3138,2102,3,11,96,110,1.1545454545454545,0.04122066502878282,684,If only we had packed that ten pound tub of butter.
308,2102,3,11,96,110,1.1545454545454545,0.04122066502878282,684,"Now, slowly take out my thermos of herbal tea..."
1846,2102,1,15,94,110,1.1545454545454545,0.03695310382944123,684,Quick! Offer it a biscuit.
4314,2102,3,11,96,110,1.1545454545454545,0.04122066502878282,684,"Quick, pretend your in a sugar coma!"
227,2102,1,15,94,110,1.1545454545454545,0.03695310382944123,684,One step closer to my sticky cubs and you're in big trouble!
3147,2108,1,14,89,104,1.1538461538461537,0.038086294966922986,684,You were expecting Little Miss Muffit?
3079,2108,1,14,89,104,1.1538461538461537,0.038086294966922986,684,Did you bring the pancake mix?
3061,2108,2,12,90,104,1.1538461538461537,0.040463222334529564,684,Who has sticky fingers?
3011,2108,2,12,90,104,1.1538461538461537,0.040463222334529564,684,Do you think he accepts maple syrup?
3000,2108,4,8,92,104,1.1538461538461537,0.044840666324953184,684,Oh Honey Bears do s*** in the woods..
2858,2108,3,10,91,104,1.1538461538461537,0.042708065503832895,684,The family is branching out to stop Forest Fires.
2622,2108,2,12,90,104,1.1538461538461537,0.040463222334529564,684,You're positive that those mushrooms weren't psychedelic?
2821,2108,3,10,91,104,1.1538461538461537,0.042708065503832895,684,What was in those brownies?
3247,2108,1,14,89,104,1.1538461538461537,0.038086294966922986,684,Don't touch it.  It's a bear trap.
2557,2108,1,14,89,104,1.1538461538461537,0.038086294966922986,684,Too much for a second date?
4359,2108,1,14,89,104,1.1538461538461537,0.038086294966922986,684,They all think they are comedians.
2484,2108,2,12,90,104,1.1538461538461537,0.040463222334529564,684,I preferred it when we got honey from bees
2445,2108,2,12,90,104,1.1538461538461537,0.040463222334529564,684,"Remembering, don’t run or make a lot of noise . If you do things could get real sticky"
2832,2108,1,14,89,104,1.1538461538461537,0.038086294966922986,684,I am sorry to startle you but might you have a spoon?
3267,2108,1,14,89,104,1.1538461538461537,0.038086294966922986,684,Almost as judgmental as your mother.
3437,2108,1,14,89,104,1.1538461538461537,0.038086294966922986,684,I told you this was a gluten free trail.
3414,2108,0,16,88,104,1.1538461538461537,0.03555079980705574,684,I'm not him. I don't even know what a Pooh is.
4242,2108,3,10,91,104,1.1538461538461537,0.042708065503832895,684,Do we make noise or play dead with this one?
4138,2108,1,14,89,104,1.1538461538461537,0.038086294966922986,684,I think we ate the wrong wild mushrooms!
4511,2108,2,12,90,104,1.1538461538461537,0.040463222334529564,684,"I told you not to step on that bee.""



'"
4012,2108,3,10,91,104,1.1538461538461537,0.042708065503832895,684,But the ranger said everything would be vegan-friendly.
3891,2108,1,14,89,104,1.1538461538461537,0.038086294966922986,684,Mrs. Smokey?
3763,2108,1,14,89,104,1.1538461538461537,0.038086294966922986,684,Locavores! Where’s your food co-op now?
3321,2108,2,12,90,104,1.1538461538461537,0.040463222334529564,684,"When I said you’re my big squeeze honey bear, I meant him."
3698,2108,1,14,89,104,1.1538461538461537,0.038086294966922986,684,"One of you called out 'honey bear', the other said 'Sweetie'. Well, here I am. What do you want?"
4259,2108,1,14,89,104,1.1538461538461537,0.038086294966922986,684,What do you mean Smoky lost his lease?
3667,2108,2,12,90,104,1.1538461538461537,0.040463222334529564,684,I didn't mean to insult you. I bet other bears find you very attractive.
3598,2108,2,12,90,104,1.1538461538461537,0.040463222334529564,684,"Excuse me, but do you have any toilet paper?"
3574,2108,3,10,91,104,1.1538461538461537,0.042708065503832895,684,What happened to Smokey?
3533,2108,2,12,90,104,1.1538461538461537,0.040463222334529564,684,"Cool couples costumes, guys."
2392,2108,3,10,91,104,1.1538461538461537,0.042708065503832895,684,"Well, we are still sugar free."
3678,2108,1,14,89,104,1.1538461538461537,0.038086294966922986,684,"I’m substituting for Smokey, the Bear,” who’s on emergency assignment. “Please, don’t hurt the bees."
2359,2108,3,10,91,104,1.1538461538461537,0.042708065503832895,684,"Look honey, it's a bear!"
680,2108,1,14,89,104,1.1538461538461537,0.038086294966922986,684,"He's harmless, but leave the giant syrup lady alone."
2279,2108,1,14,89,104,1.1538461538461537,0.038086294966922986,684,"Honey let's go, this guy in the hat is really creeping me out."
7,2108,2,12,90,104,1.1538461538461537,0.040463222334529564,684,"I don't know of we should run, or bring out our nuts and crackers."
55,2108,2,12,90,104,1.1538461538461537,0.040463222334529564,684,We must be near a Whole Foods.
77,2108,3,10,91,104,1.1538461538461537,0.042708065503832895,684,This is a bit of a sticky situation.
147,2108,2,12,90,104,1.1538461538461537,0.040463222334529564,684,"For the first time in my life, I wish my name wasn't ""Honey""."
158,2108,1,14,89,104,1.1538461538461537,0.038086294966922986,684,Any idea where the tea party is?
164,2108,3,10,91,104,1.1538461538461537,0.042708065503832895,684,Someone missed the #metoo seminar.
225,2108,0,16,88,104,1.1538461538461537,0.03555079980705574,684,"Oh God, I knew we would die from non-organic honey!"
321,2108,1,14,89,104,1.1538461538461537,0.038086294966922986,684,Now this is a sticky situation...
460,2108,3,10,91,104,1.1538461538461537,0.042708065503832895,684,I can't bear any more of your waffling.
484,2108,2,12,90,104,1.1538461538461537,0.040463222334529564,684,Are you sure those edibles were just for 'relaxation'?
4452,2108,1,14,89,104,1.1538461538461537,0.038086294966922986,684,"Don't worry, he's stuck."
692,2108,4,8,92,104,1.1538461538461537,0.044840666324953184,684,"Ok, we stick together and try not to look like a hot cup of tea."
711,2108,2,12,90,104,1.1538461538461537,0.040463222334529564,684,One wrong move and we're toast.
2321,2108,1,14,89,104,1.1538461538461537,0.038086294966922986,684,No complaining: I told you to wear your cap.
946,2108,0,16,88,104,1.1538461538461537,0.03555079980705574,684,I always knew he was organic.
845,2108,1,14,89,104,1.1538461538461537,0.038086294966922986,684,I told you to look at the expiration date. But you never listen.
1037,2108,1,14,89,104,1.1538461538461537,0.038086294966922986,684,"I don't know... there was this witch and I said, ""I feel like some honey"""
2260,2108,2,12,90,104,1.1538461538461537,0.040463222334529564,684,"Hey, campers, may I join you?  I'm great on biscuits."
2225,2108,2,12,90,104,1.1538461538461537,0.040463222334529564,684,"Um, yeah...definitely not a porcini."
2130,2108,0,16,88,104,1.1538461538461537,0.03555079980705574,684,"Just back away slowly.  If he charges,  curl into a ball like a piece of baklava, and I'll sprinkle walnuts on you."
2033,2108,3,10,91,104,1.1538461538461537,0.042708065503832895,684,"Ummm, honey?!?"
1883,2108,1,14,89,104,1.1538461538461537,0.038086294966922986,684,Don’t worry.  There’s no way a honey bear can spoil a perfectly good afternoon
986,2108,2,12,90,104,1.1538461538461537,0.040463222334529564,684,A weekend out of the city and we still can't escape aggressive commercialism.
1661,2108,1,14,89,104,1.1538461538461537,0.038086294966922986,684,These bears look vaguely familiar but I can’t quite place it.
1827,2108,1,14,89,104,1.1538461538461537,0.038086294966922986,684,Want to give me a squeeze?
1526,2108,3,10,91,104,1.1538461538461537,0.042708065503832895,684,"Go ahead, call me cute."
1188,2108,1,14,89,104,1.1538461538461537,0.038086294966922986,684,"Quit calling me 'Honey', I don't even know you!"
1143,2108,3,10,91,104,1.1538461538461537,0.042708065503832895,684,Run Bill! I guess it's bear seasoning already!
1134,2108,2,12,90,104,1.1538461538461537,0.040463222334529564,684,"He may look sweet, but I wouldn't trust him."
1123,2108,1,14,89,104,1.1538461538461537,0.038086294966922986,684,I know he seems angry but maybe he's sweet on the inside
1102,2108,1,14,89,104,1.1538461538461537,0.038086294966922986,684,"Quick, boil some hot tea!"
4470,2108,2,12,90,104,1.1538461538461537,0.040463222334529564,684,Don't make any sudden squeezing motions.
1171,2175,2,12,91,105,1.1523809523809523,0.04010278091110972,684,You are what you eat I guess
187,2175,2,12,91,105,1.1523809523809523,0.04010278091110972,684,"Honey, I'm home."
3661,2177,2,12,92,106,1.150943396226415,0.039748655133722006,684,"Honey, let’s get out of here."
2634,2177,1,14,91,106,1.150943396226415,0.03742006234124155,684,Squeeeeze me!
2987,2179,1,15,97,113,1.1504424778761062,0.036044200763344914,684,Did I not pinch you when my brother suggested we swing by Costco to get gas on the way to the camp site?
1939,2180,0,15,85,100,1.15,0.03588702812826367,684,Careful! Don't get between her and her cub-cake
2528,2180,2,11,87,100,1.15,0.041132945334843116,684,For just $100 I can provide you guaranteed safety and security.
2985,2182,1,13,87,101,1.1485148514851484,0.03824397607094648,684,I always wondered where they got the model.
2982,2182,1,13,87,101,1.1485148514851484,0.03824397607094648,684,Who ordered  lifesize?
2971,2182,5,5,91,101,1.1485148514851484,0.04748348042883881,684,Sweet fucking Jesus.
2799,2182,0,15,86,101,1.1485148514851484,0.035560960388253425,684,Fine to use the honey....0nly what do we do about recycling the plastic container?
2760,2182,2,11,88,101,1.1485148514851484,0.04075072401436967,684,Quick! Lay down and pretend we're waffles!
2696,2182,2,11,88,101,1.1485148514851484,0.04075072401436967,684,"It's nutt'n Honey, she's really sweet."
2686,2182,1,13,87,101,1.1485148514851484,0.03824397607094648,684,And don’t call me Squirt!
2664,2182,0,15,86,101,1.1485148514851484,0.035560960388253425,684,Play dead or we’re toast.
2624,2182,1,13,87,101,1.1485148514851484,0.03824397607094648,684,"How about a little squeeze, honey?"
2459,2182,2,11,88,101,1.1485148514851484,0.04075072401436967,684,"Honey, wheres my super suit?"
2418,2182,1,13,87,101,1.1485148514851484,0.03824397607094648,684,Where's Aunt Jemima when we need her?
2398,2182,2,11,88,101,1.1485148514851484,0.04075072401436967,684,Just turn slowly and offer him our toast and milk
2322,2182,2,11,88,101,1.1485148514851484,0.04075072401436967,684,"Hey, I heard there are some crackers around here."
2265,2182,3,9,89,101,1.1485148514851484,0.04311196248926188,684,It's best to play dead. You can't outrun diabetes.
2144,2182,2,11,88,101,1.1485148514851484,0.04075072401436967,684,"Don't panic, he's as slow as molasses."
2097,2182,1,13,87,101,1.1485148514851484,0.03824397607094648,684,Has either of you met a boy walking through this wood named Christopher?
2080,2182,2,11,88,101,1.1485148514851484,0.04075072401436967,684,"It's the bees, Carl- and they're pissed."
2058,2182,2,11,88,101,1.1485148514851484,0.04075072401436967,684,I think that he is asking for a Heimlich maneuver.
2043,2182,2,11,88,101,1.1485148514851484,0.04075072401436967,684,Honey... what is that?
2010,2182,3,9,89,101,1.1485148514851484,0.04311196248926188,684,"OK, it's cute. But the cap still drips."
3040,2182,0,15,86,101,1.1485148514851484,0.035560960388253425,684,"I'm frightened, but also hungry for chicken nuggets."
3054,2182,1,13,87,101,1.1485148514851484,0.03824397607094648,684,He's restaurant size.
4524,2182,3,9,89,101,1.1485148514851484,0.04311196248926188,684,I shoulda known my sugar daddy had a honey bear.
3159,2182,2,11,88,101,1.1485148514851484,0.04075072401436967,684,"Careful, it’s probably not pasteurized."
1994,2182,1,13,87,101,1.1485148514851484,0.03824397607094648,684,"If you go into the woods today, you'd better bring slices of toast."
4456,2182,2,11,88,101,1.1485148514851484,0.04075072401436967,684,Do I LOOK indigenous to this area?
4397,2182,0,15,86,101,1.1485148514851484,0.035560960388253425,684,I don't think it's organic.
4321,2182,1,13,87,101,1.1485148514851484,0.03824397607094648,684,Can you tell me which way to Starbucks?
4037,2182,2,11,88,101,1.1485148514851484,0.04075072401436967,684,Honey Bear just takes what it wants.
4014,2182,1,13,87,101,1.1485148514851484,0.03824397607094648,684,"Relax, it's not an aggressive species. They're actually very sweet."
3930,2182,1,13,87,101,1.1485148514851484,0.03824397607094648,684,Maybe all he wants is a cup of tea?
3880,2182,2,11,88,101,1.1485148514851484,0.04075072401436967,684,I TOLD you we should have brought tea!
3814,2182,2,11,88,101,1.1485148514851484,0.04075072401436967,684,"Not only is it patronizing to call me 'honey', right now it's redundant."
3777,2182,2,11,88,101,1.1485148514851484,0.04075072401436967,684,Maybe he’s sweeter than he looks.
4521,2182,2,11,88,101,1.1485148514851484,0.04075072401436967,684,"You know I hate it when you call me honey bear. No, look!"
3748,2182,3,9,89,101,1.1485148514851484,0.04311196248926188,684,Are you sure I should climb the beanstalk wearing this costume?
3547,2182,1,13,87,101,1.1485148514851484,0.03824397607094648,684,I thought the bees were going to the problem.
3524,2182,1,13,87,101,1.1485148514851484,0.03824397607094648,684,He grew out of the Hunny phase then?
3505,2182,3,9,89,101,1.1485148514851484,0.04311196248926188,684,This is about to be an unbearably sticky situation.
3455,2182,1,13,87,101,1.1485148514851484,0.03824397607094648,684,"I know he’s sweet, but he really gives me the creeps."
3409,2182,1,13,87,101,1.1485148514851484,0.03824397607094648,684,"Whatever you do, don’t run, stand up tall, and have your wet wipes ready."
3373,2182,0,15,86,101,1.1485148514851484,0.035560960388253425,684,"Whatever you do, don't panic - just lie flat and look like a waffle."
3364,2182,0,15,86,101,1.1485148514851484,0.035560960388253425,684,"This one we can run from, right?"
3331,2182,0,15,86,101,1.1485148514851484,0.035560960388253425,684,"If you hurt us, you'll find yourself in hot water."
3283,2182,1,13,87,101,1.1485148514851484,0.03824397607094648,684,"Don't move or you will be sweeten"""
3175,2182,2,11,88,101,1.1485148514851484,0.04075072401436967,684,Climate change is worse than we thought.
3730,2182,2,11,88,101,1.1485148514851484,0.04075072401436967,684,"Fine -- whatever! I did say 'Honey, bear!' But it's not the time for semantics."
3067,2182,0,15,86,101,1.1485148514851484,0.035560960388253425,684,"No, thank you, I was talking to my husband."
3452,2182,0,15,86,101,1.1485148514851484,0.035560960388253425,684,Do you think he needs the bathroom?
1891,2182,1,13,87,101,1.1485148514851484,0.03824397607094648,684,Curl up and act like a biscuit!
1073,2182,1,13,87,101,1.1485148514851484,0.03824397607094648,684,"Don't be afraid honey, he looks very sweet"
1014,2182,2,11,88,101,1.1485148514851484,0.04075072401436967,684,"If he thinks we're toast, we're toast."
923,2182,1,13,87,101,1.1485148514851484,0.03824397607094648,684,Just say we’re vegans and it will go away.
921,2182,2,11,88,101,1.1485148514851484,0.04075072401436967,684,I can’t bear another hug !  Last time he wanted me to be HIS honey
759,2182,3,9,89,101,1.1485148514851484,0.04311196248926188,684,The bees are really getting serious about gueriella marketing.
1900,2182,1,13,87,101,1.1485148514851484,0.03824397607094648,684,Just don't get between her and her combs!
668,2182,2,11,88,101,1.1485148514851484,0.04075072401436967,684,Why are hanging out with the dude with the beard?
641,2182,2,11,88,101,1.1485148514851484,0.04075072401436967,684,Let’s invite him for tea.
513,2182,0,15,86,101,1.1485148514851484,0.035560960388253425,684,Should we flip and squeeze him from the bottom or just run?
66,2182,1,13,87,101,1.1485148514851484,0.03824397607094648,684,Haven't we had the conversation about boundaries...?
507,2182,1,13,87,101,1.1485148514851484,0.03824397607094648,684,"OK, don't panic....SLOWLY hand me the instant oatmeal."
370,2182,2,11,88,101,1.1485148514851484,0.04075072401436967,684,"Tell Smokey I'm through with the ""But Honey, I have to work late at the Ranger station"" line"
356,2182,1,13,87,101,1.1485148514851484,0.03824397607094648,684,I think we're standing between her and her breakfast cereal.
336,2182,1,13,87,101,1.1485148514851484,0.03824397607094648,684,It'll need more than simple sugars to survive the winter.
292,2182,1,13,87,101,1.1485148514851484,0.03824397607094648,684,"Don't worry, I'm all natural."
262,2182,3,9,89,101,1.1485148514851484,0.04311196248926188,684,"The guidebook says to either play dead, or scoop the dollop of honey with your finger."
223,2182,4,7,90,101,1.1485148514851484,0.04535042570534174,684,"He said it's a magic cap he got from his friend, Frosty."
193,2182,2,11,88,101,1.1485148514851484,0.04075072401436967,684,Damn  plastic.
151,2182,3,9,89,101,1.1485148514851484,0.04311196248926188,684,"Aww, he looks sweet."
133,2182,2,11,88,101,1.1485148514851484,0.04075072401436967,684,"Even the wildlife is used to make a buck in advertising. 
Nothing is sacred in Trumps regime."
452,2182,1,13,87,101,1.1485148514851484,0.03824397607094648,684,Ah for crying out loud
1146,2182,0,15,86,101,1.1485148514851484,0.035560960388253425,684,"Quick, where's that empty jar?"
1096,2182,1,13,87,101,1.1485148514851484,0.03824397607094648,684,"Yes, be afraid.  I'm not as sweet as I look.  I've been unfairly labeled."
1319,2182,2,11,88,101,1.1485148514851484,0.04075072401436967,684,I have a feeling a really small Smokey the Bear is in your kitchen cabinet...
1873,2182,1,13,87,101,1.1485148514851484,0.03824397607094648,684,Smokey went out to the coast to picket PG&E.
1795,2182,2,11,88,101,1.1485148514851484,0.04075072401436967,684,"Well, this will catch the flies for sure, Froggy."
1753,2182,1,13,87,101,1.1485148514851484,0.03824397607094648,684,It'll be ok. I've heard they're actually very sweet.
1735,2182,3,9,89,101,1.1485148514851484,0.04311196248926188,684,I knew a bear would crystallize before our eyes!
1702,2182,2,11,88,101,1.1485148514851484,0.04075072401436967,684,"Whatever you do, don't run... or put the kettle on."
1679,2182,4,7,90,101,1.1485148514851484,0.04535042570534174,684,"Y'know, bearhugs can be really sweet."
1629,2182,1,13,87,101,1.1485148514851484,0.03824397607094648,684,"If you were looking for your honey boo-boo, you’ve found me."
1612,2182,1,13,87,101,1.1485148514851484,0.03824397607094648,684,"No, sorry, we haven't seen any gummie cubs around here."
1564,2182,2,11,88,101,1.1485148514851484,0.04075072401436967,684,I don't HAVE a hot cross bun.  Do you suppose he'd like some trail mix?
1219,2182,1,13,87,101,1.1485148514851484,0.03824397607094648,684,I think he wants us to clean his nozzle
1538,2182,2,11,88,101,1.1485148514851484,0.04075072401436967,684,Geez... for a minute I thought that was a big bottle of mustard.
1442,2182,1,13,87,101,1.1485148514851484,0.03824397607094648,684,I told you to stop calling me honey!
1415,2182,2,11,88,101,1.1485148514851484,0.04075072401436967,684,I think he wants us to keep away from the wildflowers!
1408,2182,3,9,89,101,1.1485148514851484,0.04311196248926188,684,All the better to eat you with my dear....
1407,2182,2,11,88,101,1.1485148514851484,0.04075072401436967,684,It's the Ghost of Pooh Sticks past.
1405,2182,3,9,89,101,1.1485148514851484,0.04311196248926188,684,But you said I was your one and only honey bear.
1400,2182,2,11,88,101,1.1485148514851484,0.04075072401436967,684,"I'd be a lot less scared if that was non-GMO, fair trade, certified organic agave."
1342,2182,2,11,88,101,1.1485148514851484,0.04075072401436967,684,I hope he's as sweet as he looks.
1340,2182,1,13,87,101,1.1485148514851484,0.03824397607094648,684,You distract her while I steep the 40-pound teabag.
1505,2182,1,13,87,101,1.1485148514851484,0.03824397607094648,684,Looks like he will be sticking to us.
608,2276,2,11,89,102,1.1470588235294117,0.04037549156443755,684,He looks sweet but I wouldn't get too close.
1133,2276,0,15,87,102,1.1470588235294117,0.03524068951567447,684,"Be calm, he won't hurt us... Just try not to look like a pancake"
3181,2276,0,15,87,102,1.1470588235294117,0.03524068951567447,684,"Can you tell me where the bees have gone? Are you out here looking for them, too?"
1727,2276,1,13,88,102,1.1470588235294117,0.037895161410199434,684,That's a sweet decoy.
487,2276,1,13,88,102,1.1470588235294117,0.037895161410199434,684,"Oh no, it must have smelled the tea brewing."
3104,2276,1,13,88,102,1.1470588235294117,0.037895161410199434,684,"Quick, a piece of bread!"
3241,2282,0,14,83,97,1.1443298969072164,0.035867054544928,684,"Can’t you just try to look a little scared? You know how sensitive these Gen Z bears’ egos are.”

Cathy Fratto
Pittsburgh, PA
ccfratto@yahoo.co"
211,2282,3,8,86,97,1.1443298969072164,0.043940590558571885,684,"Honey, I think he following us."
4234,2282,0,14,83,97,1.1443298969072164,0.035867054544928,684,I wasn't expecting the bear of breakfasts past.
288,2285,0,15,89,104,1.1442307692307692,0.03461694046789748,684,"You are right Phil, I will stop calling you honey bear outside of the house"""
4374,2286,1,12,85,98,1.1428571428571428,0.03837647782266681,684,As soon as we find the butter we can open the pancake house.
3431,2286,0,14,84,98,1.1428571428571428,0.0355297145267005,684,You humans stole my children and sold them for ridiculous prices at Sprouts! Now you must pay so I can buy Sprouts!
3405,2286,2,10,86,98,1.1428571428571428,0.04102618049244218,684,"As scary as he is, I could really go for some tea about now."
3355,2286,0,14,84,98,1.1428571428571428,0.0355297145267005,684,We're gonna need a bigger pancake...
3337,2286,2,10,86,98,1.1428571428571428,0.04102618049244218,684,As long as he stays point up we don’t have to worry about dribbles.
3236,2286,1,12,85,98,1.1428571428571428,0.03837647782266681,684,She looks a bit crystallized. Maybe we should start a fire to loosen her up...
3179,2286,1,12,85,98,1.1428571428571428,0.03837647782266681,684,"Honey, this is a sticky situation!"
3178,2286,1,12,85,98,1.1428571428571428,0.03837647782266681,684,You left the stove on.
3164,2286,2,10,86,98,1.1428571428571428,0.04102618049244218,684,We don't need to run; Honey Bears are notoriously slow.
3162,2286,2,10,86,98,1.1428571428571428,0.04102618049244218,684,"Oh no, is that what's killing the bees?"
3132,2286,1,12,85,98,1.1428571428571428,0.03837647782266681,684,"He says, ""The money's much better than the wildfire gig."""
3086,2286,3,8,87,98,1.1428571428571428,0.043514835648583675,684,"Here I am, a giant bear-shaped honey container and yet you two hipster-yuppies still find a way to make yourselves the biggest stereotypes in the forest."
2967,2286,2,10,86,98,1.1428571428571428,0.04102618049244218,684,It doesn't have any legs so I think we can outrun it.
2955,2286,1,12,85,98,1.1428571428571428,0.03837647782266681,684,And here I thought honey came from bees....
2941,2286,2,10,86,98,1.1428571428571428,0.04102618049244218,684,"I don’t know, he doesn’t look organic"
2844,2286,1,12,85,98,1.1428571428571428,0.03837647782266681,684,I told you to run him under hot water before we left home.
2824,2286,0,14,84,98,1.1428571428571428,0.0355297145267005,684,If you two run into a Christopher Robin up ahead you tell that kid and his gluttonous friend Winnie that this is the Ninety-Nine Acre Wood and they need to turn around!
2819,2286,0,14,84,98,1.1428571428571428,0.0355297145267005,684,"Don’t worry, I heard it’s not even real."
2805,2286,1,12,85,98,1.1428571428571428,0.03837647782266681,684,Just don't call me 'Honey'  'til we get home.
2785,2286,2,10,86,98,1.1428571428571428,0.04102618049244218,684,Hard to believe that's Yogi's wife
2755,2286,1,12,85,98,1.1428571428571428,0.03837647782266681,684,"Hansel,  not again."
2690,2286,1,12,85,98,1.1428571428571428,0.03837647782266681,684,I can never figure out how to dose edibles.
2683,2286,2,10,86,98,1.1428571428571428,0.04102618049244218,684,Looks like Teddy is still in costume!
2627,2286,4,6,88,98,1.1428571428571428,0.04586866421913825,684,We should have taken our chances with Mrs. Butterworth
2487,2286,2,10,86,98,1.1428571428571428,0.04102618049244218,684,How about a hug from your honey bear!
2979,2286,2,10,86,98,1.1428571428571428,0.04102618049244218,684,"Watch out, Honey."
3513,2286,2,10,86,98,1.1428571428571428,0.04102618049244218,684,"Give me your spoon,  I have an idea..."
3561,2286,0,14,84,98,1.1428571428571428,0.0355297145267005,684,"If you didn’t drink all our water, we could’ve easily dissolved this situation."
3565,2286,1,12,85,98,1.1428571428571428,0.03837647782266681,684,I don't think he's interested in us... he's got honey on the brain.
4410,2286,1,12,85,98,1.1428571428571428,0.03837647782266681,684,"Quick, get the insulin pen!"
4417,2286,0,14,84,98,1.1428571428571428,0.0355297145267005,684,Just stay calm and back away slowly. I've heard this kind of bear is actually really sweet.
4469,2286,0,14,84,98,1.1428571428571428,0.0355297145267005,684,"Look, don't be scared. It's just a 'save the bees' PR thing."
2462,2286,2,10,86,98,1.1428571428571428,0.04102618049244218,684,"Honey, we are in a bit of a sticky situation."""
4490,2286,0,14,84,98,1.1428571428571428,0.0355297145267005,684,The good news is we haven't started a forest fire.
4360,2286,1,12,85,98,1.1428571428571428,0.03837647782266681,684,Escape from GMO honey factory.
4347,2286,0,14,84,98,1.1428571428571428,0.0355297145267005,684,"Don't touch, he looks sticky."
4332,2286,2,10,86,98,1.1428571428571428,0.04102618049244218,684,"I don't think it can eat us, but diabetes is always a risk"
4318,2286,0,14,84,98,1.1428571428571428,0.0355297145267005,684,"You take it, I'm carrying the peanut butter."
4290,2286,0,14,84,98,1.1428571428571428,0.0355297145267005,684,If you run into Mr. Butterworth you tell him I know all about Ms. Jemima and that for all I care he can sweeten his own flapjacks from now on!
4286,2286,0,14,84,98,1.1428571428571428,0.0355297145267005,684,Pretend you're coffee!
4235,2286,1,12,85,98,1.1428571428571428,0.03837647782266681,684,"Hey, I'm looking for my Aunt Jemimah."
4154,2286,0,14,84,98,1.1428571428571428,0.0355297145267005,684,"No, we haven't seen any Syrup Lady."
4110,2286,2,10,86,98,1.1428571428571428,0.04102618049244218,684,"This one’s even worse: if he gets to you, you’ll be all sticky."
4072,2286,1,12,85,98,1.1428571428571428,0.03837647782266681,684,The teddy bears are having their picnic.....
3985,2286,1,12,85,98,1.1428571428571428,0.03837647782266681,684,"Can you please spare your Monkey Cap to protect my Dear Honey- heart from a huge swarm of hungry bees chasing me?"""
3959,2286,1,12,85,98,1.1428571428571428,0.03837647782266681,684,"Quick, let's get out of here. Those things get so sticky."
3920,2286,3,8,87,98,1.1428571428571428,0.043514835648583675,684,"Don't worry, it's me, Smoky. Smaller government is all about product placement."
3894,2286,3,8,87,98,1.1428571428571428,0.043514835648583675,684,Just don’t call me honey.
3782,2286,1,12,85,98,1.1428571428571428,0.03837647782266681,684,"I don't know , this could be a bear trap."
3737,2286,3,8,87,98,1.1428571428571428,0.043514835648583675,684,"Careful, he's not as sweet as he looks!"
3670,2286,1,12,85,98,1.1428571428571428,0.03837647782266681,684,It looks like you have found yourselves in a sticky situation.
3637,2286,1,12,85,98,1.1428571428571428,0.03837647782266681,684,Anybody have an epi-pen?
3615,2286,1,12,85,98,1.1428571428571428,0.03837647782266681,684,I hear Smokey has been moonlighting on account of budget cuts.
3579,2286,1,12,85,98,1.1428571428571428,0.03837647782266681,684,Don't squeeze me. I'm tiklish
3535,2286,1,12,85,98,1.1428571428571428,0.03837647782266681,684,"Hey you guys, You haven’t seen a woman named Goldilocks have you?"
2430,2286,2,10,86,98,1.1428571428571428,0.04102618049244218,684,"I'm sorry I didn't believe your enchanted forest campfire story, Run!"
2588,2286,1,12,85,98,1.1428571428571428,0.03837647782266681,684,I told you not to put those mushrooms in the pancakes.
2388,2286,2,10,86,98,1.1428571428571428,0.04102618049244218,684,Sneak surprise! Can it be a Trojan Grizzly in Honey Bear's Fur?
927,2286,1,12,85,98,1.1428571428571428,0.03837647782266681,684,He wants to know if you’ve seen the plastic cap to the honey.
897,2286,1,12,85,98,1.1428571428571428,0.03837647782266681,684,I have the crackers. Do we need to worry about the bees?
881,2286,2,10,86,98,1.1428571428571428,0.04102618049244218,684,Sweet!
861,2286,0,14,84,98,1.1428571428571428,0.0355297145267005,684,So much for the great unsullied wilderness!
842,2286,0,14,84,98,1.1428571428571428,0.0355297145267005,684,Let's get out of here before we end up in a sticky situation.
778,2286,0,14,84,98,1.1428571428571428,0.0355297145267005,684,Be careful-he’s not BPA free.
771,2286,0,14,84,98,1.1428571428571428,0.0355297145267005,684,Do NOT do your pouring tea mime routine!
726,2286,1,12,85,98,1.1428571428571428,0.03837647782266681,684,I told you about him before. “My Maine squeeze.”
642,2286,2,10,86,98,1.1428571428571428,0.04102618049244218,684,"He had tracked the Butterworths for days, and now he would have his revenge."
635,2286,2,10,86,98,1.1428571428571428,0.04102618049244218,684,Guess Smokey’s got the day off
632,2286,2,10,86,98,1.1428571428571428,0.04102618049244218,684,Look dear it's honey bear ; he has to be a sweetie!
598,2286,1,12,85,98,1.1428571428571428,0.03837647782266681,684,Everything tastes better with honey on it.
569,2286,0,14,84,98,1.1428571428571428,0.0355297145267005,684,It's eerie the way he just keeps humming Tupelo Honey.
556,2286,2,10,86,98,1.1428571428571428,0.04102618049244218,684,Have you seen my children anywhere?
515,2286,2,10,86,98,1.1428571428571428,0.04102618049244218,684,But I thought I was your main squeeze
489,2286,2,10,86,98,1.1428571428571428,0.04102618049244218,684,"You don't have to out run it, just spread it over toast."
471,2286,2,10,86,98,1.1428571428571428,0.04102618049244218,684,Do we play dead or act hungry?
410,2286,1,12,85,98,1.1428571428571428,0.03837647782266681,684,They say just Bee natural
364,2286,1,12,85,98,1.1428571428571428,0.03837647782266681,684,And I thought billboards were bad.
311,2286,2,10,86,98,1.1428571428571428,0.04102618049244218,684,"Lost hikers look like hot cakes to me."""
149,2286,1,12,85,98,1.1428571428571428,0.03837647782266681,684,"If you had called me Robert, he would not have shown up!"
135,2286,1,12,85,98,1.1428571428571428,0.03837647782266681,684,I hear they just kill flies.
98,2286,1,12,85,98,1.1428571428571428,0.03837647782266681,684,You think this is weird? Wait until you taste the creek water.
995,2286,1,12,85,98,1.1428571428571428,0.03837647782266681,684,Can we squeeze him for our oatmeal?
1002,2286,2,10,86,98,1.1428571428571428,0.04102618049244218,684,Oh my God! The legendary Enema Bear is real! I thought that was just a NatGeo ratings ploy!
1051,2286,1,12,85,98,1.1428571428571428,0.03837647782266681,684,"We have Purel, but no Charmin."
1728,2286,0,14,84,98,1.1428571428571428,0.0355297145267005,684,I think we just found ourselves in a sticky situation.
2242,2286,1,12,85,98,1.1428571428571428,0.03837647782266681,684,"Do you see what I see, honey?"".."
2233,2286,1,12,85,98,1.1428571428571428,0.03837647782266681,684,"Oh crap! That noise we heard? 
Must've been a microwave loosening this dude up."
2181,2286,3,8,87,98,1.1428571428571428,0.043514835648583675,684,"Hired as an inside sales guy, but failed to meet monthly quotas."
2152,2286,0,14,84,98,1.1428571428571428,0.0355297145267005,684,"Pardon me.  You wouldn't happen to have any granola, would you?"
2120,2286,2,10,86,98,1.1428571428571428,0.04102618049244218,684,oh bother.  have you seen my friend badger?
2096,2286,1,12,85,98,1.1428571428571428,0.03837647782266681,684,If calling you 'honey' did not bring me enough trouble already
2023,2286,2,10,86,98,1.1428571428571428,0.04102618049244218,684,How’s about you ditch the tree hugger and get with a real man? How long does he last? Five minutes? I last INDEFINITELY.
1989,2286,2,10,86,98,1.1428571428571428,0.04102618049244218,684,Another clover. Where are all the wildflowers?
1977,2286,1,12,85,98,1.1428571428571428,0.03837647782266681,684,What do you mean he looks sweet?
1926,2286,2,10,86,98,1.1428571428571428,0.04102618049244218,684,"I don't trust him. He's the big, bad wolf in disguise."
1893,2286,1,12,85,98,1.1428571428571428,0.03837647782266681,684,O.K. Einstein...How do you expect to get us out of this sticky mess
1054,2286,1,12,85,98,1.1428571428571428,0.03837647782266681,684,"I don't know if this will play out like A Quiet Place, or like The Bee Movie."
2423,2286,0,14,84,98,1.1428571428571428,0.0355297145267005,684,Do you know what it’s like being chased by bears all the time?
1507,2286,1,12,85,98,1.1428571428571428,0.03837647782266681,684,My god! Look at those carbs.
1477,2286,2,10,86,98,1.1428571428571428,0.04102618049244218,684,"My friend Pooh sent me, are there any more pancakes?"
1383,2286,2,10,86,98,1.1428571428571428,0.04102618049244218,684,You’ve walked into a very sticky situation!
1344,2286,1,12,85,98,1.1428571428571428,0.03837647782266681,684,My colleague down the river has Maple Syrup
1336,2286,2,10,86,98,1.1428571428571428,0.04102618049244218,684,"I know the National Park Service has to cover its costs with outside advertising dollars, but sometimes it really detracts from the authenticity of the wildlife."
1303,2286,1,12,85,98,1.1428571428571428,0.03837647782266681,684,Huh. I guess you really ARE what you eat.
1210,2286,2,10,86,98,1.1428571428571428,0.04102618049244218,684,I understand that he has kisses sweeter than wine.
1201,2286,1,12,85,98,1.1428571428571428,0.03837647782266681,684,Can I borrow your brush? I’ve misplaced my honeycomb.
1064,2286,1,12,85,98,1.1428571428571428,0.03837647782266681,684,"'Well well well, look who's back.
Ive been waiting for you Goldi.
Sorry pal  we have history, 
I know exactly how she likes it.'"
1060,2286,2,10,86,98,1.1428571428571428,0.04102618049244218,684,"Let’s hope he’s just here for the teddy bears’ picnic,
."
1578,2286,2,10,86,98,1.1428571428571428,0.04102618049244218,684,"He seems sweet, but, I mean, he's leaking brain fluid!"
2562,2395,1,12,86,99,1.1414141414141414,0.03801425648577054,684,What? You’re not the only ones dressing up for Halloween.
3188,2395,1,12,86,99,1.1414141414141414,0.03801425648577054,684,Have you seen the birthday boy? He got scared of me and ran off.
1341,2395,1,12,86,99,1.1414141414141414,0.03801425648577054,684,"Oh my, I forgot the pancakes!"
1935,2398,1,11,81,93,1.1397849462365592,0.039252594955244885,684,"Hey there, are you looking for a chuck-wagon? Follow me."
1741,2399,2,10,89,101,1.1386138613861385,0.03987530805069755,684,'Of course I've washed my hands.'
1069,2399,1,12,88,101,1.1386138613861385,0.037309789468152006,684,It’s not as if we’re apiarists!
565,2401,2,9,83,94,1.1382978723404256,0.04170103043206108,684,Is he begging or is it a quid pro quo?
248,2401,3,7,84,94,1.1382978723404256,0.0443594019177542,684,Uh-oh. That's the one you were squeezing hard at the IHOP.
2704,2401,3,7,84,94,1.1382978723404256,0.0443594019177542,684,Quick - lie down and act like you're already full of high-fructose corn syrup!
3049,2404,0,13,82,95,1.1368421052631579,0.03544794557716341,684,Are YOU organic?!
3021,2404,0,13,82,95,1.1368421052631579,0.03544794557716341,684,You distract him while I get a jar.
3012,2404,0,13,82,95,1.1368421052631579,0.03544794557716341,684,Who did you call honey bear?
3006,2404,0,13,82,95,1.1368421052631579,0.03544794557716341,684,That's what I get for becoming vegan.
2909,2404,2,9,84,95,1.1368421052631579,0.041285411189771436,684,"Honestly, it’s more than I can bear."
2904,2404,1,11,83,95,1.1368421052631579,0.038477539050399544,684,"Say, Mike... did you happen to pack the Earl Grey?"
2879,2404,1,11,83,95,1.1368421052631579,0.038477539050399544,684,Revenge is sweet!
2868,2404,2,9,84,95,1.1368421052631579,0.041285411189771436,684,Honey? I Don't think we're in Molasses anymore
2848,2404,1,11,83,95,1.1368421052631579,0.038477539050399544,684,Tell him we prefer peanut butter
2841,2404,1,11,83,95,1.1368421052631579,0.038477539050399544,684,You couldn’t just pack the simple syrup?
2636,2404,2,9,84,95,1.1368421052631579,0.041285411189771436,684,"First Big Oil, now Big Honey?"
2549,2404,2,9,84,95,1.1368421052631579,0.041285411189771436,684,"I don't care if he's promising medicare for all, just keep walking."
2545,2404,3,7,85,95,1.1368421052631579,0.043914113253508684,684,It’s why we never have a problem with flies here.
2493,2404,1,11,83,95,1.1368421052631579,0.038477539050399544,684,"Have you by any chance come across my honey, a giant clover?"
2439,2404,2,9,84,95,1.1368421052631579,0.041285411189771436,684,"Honey, I shrunk our perception of reality."
2393,2404,1,11,83,95,1.1368421052631579,0.038477539050399544,684,The lost hikers met a sticky end.
2385,2404,0,13,82,95,1.1368421052631579,0.03544794557716341,684,..this brings into question the term “Loaded for Bear”...
2383,2404,1,11,83,95,1.1368421052631579,0.038477539050399544,684,"Psst, do you have any bagels and peanut butter?"
2274,2404,0,13,82,95,1.1368421052631579,0.03544794557716341,684,I don't know Dear.  He doesn't look like Pooh.
2179,2404,1,11,83,95,1.1368421052631579,0.038477539050399544,684,How did he know we brought pancakes?
2015,2404,1,11,83,95,1.1368421052631579,0.038477539050399544,684,I told you we shouldn't have had pancakes.
2003,2404,1,11,83,95,1.1368421052631579,0.038477539050399544,684,"Watch out, those things are always sticky."
1976,2404,1,11,83,95,1.1368421052631579,0.038477539050399544,684,Beware! You are what you eat.
1973,2404,1,11,83,95,1.1368421052631579,0.038477539050399544,684,"Honey, do you know this man?"
3102,2404,2,9,84,95,1.1368421052631579,0.041285411189771436,684,This situation could get sticky.
3127,2404,2,9,84,95,1.1368421052631579,0.041285411189771436,684,Uh oh. I think we are (French) toast.
4404,2404,1,11,83,95,1.1368421052631579,0.038477539050399544,684,There must be pancakes nearby.
4522,2404,2,9,84,95,1.1368421052631579,0.041285411189771436,684,"Honey, bear with me through this"
4518,2404,2,9,84,95,1.1368421052631579,0.041285411189771436,684,"It's your money or your life, I mean honey."
4483,2404,1,11,83,95,1.1368421052631579,0.038477539050399544,684,"It's a bear, honey."
4455,2404,0,13,82,95,1.1368421052631579,0.03544794557716341,684,"I can’t remember if we’re supposed to yell and jump around, or quietly make toast."
1943,2404,1,11,83,95,1.1368421052631579,0.038477539050399544,684,I think we need to clean the fridge.
4383,2404,1,11,83,95,1.1368421052631579,0.038477539050399544,684,"""Don't panic, but hordes of carnivorous honey ants can't be far behind."
4320,2404,1,11,83,95,1.1368421052631579,0.038477539050399544,684,I'm leaning against unscrewing his lid for a taste.
4278,2404,0,13,82,95,1.1368421052631579,0.03544794557716341,684,"Again, I don't really see why making 'grocery shopping an experience'  is a good thing"
4212,2404,0,13,82,95,1.1368421052631579,0.03544794557716341,684,I'm not telling him we've seen Pooh!
4040,2404,3,7,85,95,1.1368421052631579,0.043914113253508684,684,There are other jobs besides putting out fires.
4030,2404,2,9,84,95,1.1368421052631579,0.041285411189771436,684,There's no bee in my bonnet.
3917,2404,1,11,83,95,1.1368421052631579,0.038477539050399544,684,I only hope that's honey.
3883,2404,1,11,83,95,1.1368421052631579,0.038477539050399544,684,We really got ourselves in a sticky situation
3137,2404,1,11,83,95,1.1368421052631579,0.038477539050399544,684,"Brrrr....Honey, this guy is hiking bare!"
3867,2404,1,11,83,95,1.1368421052631579,0.038477539050399544,684,Definitely an approach avoidance situation.
3818,2404,2,9,84,95,1.1368421052631579,0.041285411189771436,684,Retreat slowly toward high ground—it’s as dangerous as white sugar.
3787,2404,0,13,82,95,1.1368421052631579,0.03544794557716341,684,We know the protocol for a black bear and for a grizzly...
3779,2404,1,11,83,95,1.1368421052631579,0.038477539050399544,684,Help!! I'm being pursued by a toasted English muffin!
3754,2404,1,11,83,95,1.1368421052631579,0.038477539050399544,684,I have replaced Smokey.
3736,2404,2,9,84,95,1.1368421052631579,0.041285411189771436,684,It's Smokey the bear's mean cousin Honey.
3618,2404,1,11,83,95,1.1368421052631579,0.038477539050399544,684,Don't be scared.  I hear they're a bit sweeter than other bears found in these woods.
3594,2404,1,11,83,95,1.1368421052631579,0.038477539050399544,684,We'll just be on our way...we're more of an stevia family anyway.
3558,2404,2,9,84,95,1.1368421052631579,0.041285411189771436,684,"Not now, Harvey!"
3487,2404,1,11,83,95,1.1368421052631579,0.038477539050399544,684,I knew it was a bad idea to put honey in your coffee.
3438,2404,3,7,85,95,1.1368421052631579,0.043914113253508684,684,"I don't know what you people see in nature-if I get any more ants in my honey hole, I'll scream!"
3381,2404,0,13,82,95,1.1368421052631579,0.03544794557716341,684,I'd kill for a piece of salmon.
3196,2404,2,9,84,95,1.1368421052631579,0.041285411189771436,684,I am so confused!
3854,2404,2,9,84,95,1.1368421052631579,0.041285411189771436,684,I hope he doesn’t step in an aunt pile.
3141,2404,2,9,84,95,1.1368421052631579,0.041285411189771436,684,Is that whole evolution thing crystallizing for you now?
3849,2404,2,9,84,95,1.1368421052631579,0.041285411189771436,684,I think GMOs have gone a bit overboard
1884,2404,3,7,85,95,1.1368421052631579,0.043914113253508684,684,Don't be nervous - I'm really very sweet!
811,2404,2,9,84,95,1.1368421052631579,0.041285411189771436,684,"Things are about to get very sticky, dear!"
777,2404,0,13,82,95,1.1368421052631579,0.03544794557716341,684,Never recycle a container that’s not completely empty.
773,2404,1,11,83,95,1.1368421052631579,0.038477539050399544,684,Uh-oh. This is a sticky situation.
761,2404,1,11,83,95,1.1368421052631579,0.038477539050399544,684,I think she is Smokey Bear’s wife.
756,2404,3,7,85,95,1.1368421052631579,0.043914113253508684,684,"Smoky's out, cold. So anything done by a bear in these woods, I'M the bear that's doing it."
707,2404,0,13,82,95,1.1368421052631579,0.03544794557716341,684,Don't be scared.  You're not my cup of tea
699,2404,0,13,82,95,1.1368421052631579,0.03544794557716341,684,Offer it the Swedish Fish and back away slowly.
638,2404,2,9,84,95,1.1368421052631579,0.041285411189771436,684,Which of you can run the fastest?
637,2404,0,13,82,95,1.1368421052631579,0.03544794557716341,684,Do you think it's a honey trap?
633,2404,3,7,85,95,1.1368421052631579,0.043914113253508684,684,"I’ll be hibernating soon. If you could prepare some hot tea, I’ll sweeten it and we can share. Otherwise, I think I’ll eat you."
592,2404,3,7,85,95,1.1368421052631579,0.043914113253508684,684,"He's sweet and all, but he wants me to give him a squeeze."
847,2404,3,7,85,95,1.1368421052631579,0.043914113253508684,684,I think we can out run him cause it looks like he's been microwaved a  few times.
516,2404,4,5,86,95,1.1368421052631579,0.04639411071004023,684,And you can tell that other bear to kiss my sweet you-know-what.
1924,2404,2,9,84,95,1.1368421052631579,0.041285411189771436,684,So this is what they mean by all natural.
366,2404,2,9,84,95,1.1368421052631579,0.041285411189771436,684,I knew we shouldn't of walked through the chamomiles.
334,2404,2,9,84,95,1.1368421052631579,0.041285411189771436,684,Let's get that thing off his head before he decides he needs a protein with it.
277,2404,2,9,84,95,1.1368421052631579,0.041285411189771436,684,Check your calendar. Halloween was last week.
249,2404,2,9,84,95,1.1368421052631579,0.041285411189771436,684,"The pairing may startle him, so hand me the pepper spray."
222,2404,2,9,84,95,1.1368421052631579,0.041285411189771436,684,"Honey, this honey bear is definitely NOT sweet as Tupelo honey..."
156,2404,0,13,82,95,1.1368421052631579,0.03544794557716341,684,"Quick, give me some tea."
127,2404,2,9,84,95,1.1368421052631579,0.041285411189771436,684,Oh no! A Russian honey pot sex trap to force us to vote Republican!
106,2404,1,11,83,95,1.1368421052631579,0.038477539050399544,684,Only you can prevent diabetes.
75,2404,2,9,84,95,1.1368421052631579,0.041285411189771436,684,Hide the beigneits.
15,2404,1,11,83,95,1.1368421052631579,0.038477539050399544,684,Maybe we should have paid attention to its expiration date.
439,2404,0,13,82,95,1.1368421052631579,0.03544794557716341,684,So this is where you think the ants are heading?
934,2404,4,5,86,95,1.1368421052631579,0.04639411071004023,684,YOU TURN IT UPSIDE DOWN!
662,2404,2,9,84,95,1.1368421052631579,0.041285411189771436,684,Pooh Bear looked much nicer in the book
1042,2404,3,7,85,95,1.1368421052631579,0.043914113253508684,684,Should we call Mrs. Butterworth's?
1874,2404,1,11,83,95,1.1368421052631579,0.038477539050399544,684,Huh. I thought that nickname was exclusive to us...
1820,2404,4,5,86,95,1.1368421052631579,0.04639411071004023,684,But remember this too...only YOU can prevent diabetes.
1819,2404,2,9,84,95,1.1368421052631579,0.041285411189771436,684,"Is this what you meant when you said this would be a ""sweet hike""?"
939,2404,1,11,83,95,1.1368421052631579,0.038477539050399544,684,There's no way that's the organic variety
1804,2404,0,13,82,95,1.1368421052631579,0.03544794557716341,684,"Okay, back away slowly, eyes down, mouth wide open."
1791,2404,3,7,85,95,1.1368421052631579,0.043914113253508684,684,Big Foot and I are having a superfood party. Want to come?
1788,2404,1,11,83,95,1.1368421052631579,0.038477539050399544,684,"Oh no, do something! The kids very specifically said they want maple syrup."
1705,2404,1,11,83,95,1.1368421052631579,0.038477539050399544,684,Got Waffles?
1692,2404,1,11,83,95,1.1368421052631579,0.038477539050399544,684,"Phil, when I said to bring the bare necessities, this is not what I meant."
1657,2404,0,13,82,95,1.1368421052631579,0.03544794557716341,684,I can't remember if your supposed to play dead or give them a biscuit?
1624,2404,0,13,82,95,1.1368421052631579,0.03544794557716341,684,Aunt Jemima can't be far behind!
1402,2404,2,9,84,95,1.1368421052631579,0.041285411189771436,684,Of course I do that in the woods.  But I also collect honey in the woods.
1809,2404,2,9,84,95,1.1368421052631579,0.041285411189771436,684,Is it still halloween?
1312,2404,1,11,83,95,1.1368421052631579,0.038477539050399544,684,"I think they've taken this ""Make Our Parks Safe Again"" theme a bit too far."
1353,2404,2,9,84,95,1.1368421052631579,0.041285411189771436,684,"Oh no! I never remember--is it make ourselves bigger, make ourselves smaller or pull out an English muffin?"
1061,2404,2,9,84,95,1.1368421052631579,0.041285411189771436,684,"Geez, he's gained weight since he broke up with  Mrs. Butterworth, the maple syrup gal"
1068,2404,0,13,82,95,1.1368421052631579,0.03544794557716341,684,My way of giving back
1085,2404,3,7,85,95,1.1368421052631579,0.043914113253508684,684,I think she just wants a hug
1048,2404,3,7,85,95,1.1368421052631579,0.043914113253508684,684,What do you mean they said “honey comes from bees”?
1153,2404,2,9,84,95,1.1368421052631579,0.041285411189771436,684,"Quick honey, get out the pancakes!"
1272,2404,0,13,82,95,1.1368421052631579,0.03544794557716341,684,Do you think he’s a sweet bear?
1300,2404,3,7,85,95,1.1368421052631579,0.043914113253508684,684,We should run — he’s probably stuck to the ground.
1132,2404,2,9,84,95,1.1368421052631579,0.041285411189771436,684,"Hillary's trying to show a sweeter side, but she still scares the hell outta me!"
1435,2513,0,13,83,96,1.1354166666666667,0.035105703998301666,684,I'm having an Eve moment.
1062,2513,3,7,86,96,1.1354166666666667,0.043477640116023765,684,I'M FULL OF BEE JIZZ.
908,2513,1,11,84,96,1.1354166666666667,0.03810129523822529,684,Well at least it's free range
748,2513,3,7,86,96,1.1354166666666667,0.043477640116023765,684,Walk away slowly; he's still shitting.
4114,2513,1,11,84,96,1.1354166666666667,0.03810129523822529,684,You forgot to pack me!
1617,2513,1,11,84,96,1.1354166666666667,0.03810129523822529,684,It’s an epidemic Costco products come to life
765,2519,1,12,91,104,1.1346153846153846,0.03630037204214463,684,Don't make any sudden ricotta toast.
4137,2519,0,14,90,104,1.1346153846153846,0.033630499743714876,684,I never said granola was good for you.
1831,2521,2,7,73,82,1.1341463414634145,0.045124189174381345,684,Could he be the fabled king of the honey bears?
2809,2521,1,9,72,82,1.1341463414634145,0.04165427140633984,684,Bear with me and I'll explain in a minute.
4403,2521,2,7,73,82,1.1341463414634145,0.045124189174381345,684,I told you not to leave the waffles out..
4112,2521,1,9,72,82,1.1341463414634145,0.04165427140633984,684,Not another step. That’s the biggest honey trap I’ve ever seen.
458,2521,2,7,73,82,1.1341463414634145,0.045124189174381345,684,"I think we're all ""organic"" here."
3625,2526,1,11,85,97,1.134020618556701,0.03773228738143943,684,"Uh, I think it is tea time."
1841,2527,2,8,80,90,1.1333333333333333,0.04239991520025441,684,Where else would you think I'd do it?
1170,2527,3,6,81,90,1.1333333333333333,0.045248654113974406,684,Apparently he’s fine with the bare necessities of life.
4454,2529,1,11,86,98,1.1326530612244898,0.0373703104271054,684,Honey Bear stalks the intruders.
1181,2530,2,8,81,91,1.1318681318681318,0.04195698480080983,684,I told you we shouldn't have taken those 3 jars of honey.
4244,2530,0,12,79,91,1.1318681318681318,0.03566494196230942,684,I shouldn't have taken that selfie while squeezing its belly.
258,2530,2,8,81,91,1.1318681318681318,0.04195698480080983,684,Britney and Max’s First Honeymoon Adventure
630,2530,2,8,81,91,1.1318681318681318,0.04195698480080983,684,Don't believe it - it's Fake Honey !
61,2530,2,8,81,91,1.1318681318681318,0.04195698480080983,684,Just give it the toast.
1674,2530,0,12,79,91,1.1318681318681318,0.03566494196230942,684,I told him we were going local raw.
2067,2536,2,9,88,99,1.1313131313131313,0.03970221209869438,684,"Smile, and don't make any sarcastic remarks about him not being organic."
698,2536,0,13,86,99,1.1313131313131313,0.03411714406215551,684,"Mary: ""Oh my god, how terrifying!""

Jeff: ""Why cause he's a bear?""

Mary: ""No, I suspect it isn't non-GMO honey."""
78,2538,2,8,82,92,1.1304347826086956,0.041523171204257234,684,Are you sure it’s organic?
2914,2538,1,10,81,92,1.1304347826086956,0.038539359149039935,684,After bees dissapeared we purchased honey bears from China to keep things natural around here.
2957,2538,2,8,82,92,1.1304347826086956,0.041523171204257234,684,Hawking honey pays better than public service ads about  forest fires.
2959,2538,0,12,80,92,1.1304347826086956,0.035304258388745666,684,"Quiet... it can't see us if we don't move, Honey"
2990,2538,1,10,81,92,1.1304347826086956,0.038539359149039935,684,Honey! What do we do?!
3038,2538,2,8,82,92,1.1304347826086956,0.041523171204257234,684,Temptation follows you everywhere.
3044,2538,1,10,81,92,1.1304347826086956,0.038539359149039935,684,"Quick, get the bear spray and the chicken nuggets."
3059,2538,2,8,82,92,1.1304347826086956,0.041523171204257234,684,"'         I am not your average bear  sweetie."""
3076,2538,2,8,82,92,1.1304347826086956,0.041523171204257234,684,"Uh oh, honey..."
3080,2538,1,10,81,92,1.1304347826086956,0.038539359149039935,684,I think he wants a hug. This could get messy.
3087,2538,0,12,80,92,1.1304347826086956,0.035304258388745666,684,Even the bears are feeling pressure from society to look a certain way
3131,2538,2,8,82,92,1.1304347826086956,0.041523171204257234,684,"Travel Advisory: Please Leave Tea & High Tea Supplies at Home, as it Will Attract Local Fauna"
3160,2538,1,10,81,92,1.1304347826086956,0.038539359149039935,684,"Honey, the honey has an ominous look and a funny hat, we'd better give it the granola."
3173,2538,3,6,83,92,1.1304347826086956,0.0443064926404407,684,"Let's do Honey now, then we can look for Smokey"
3176,2538,1,10,81,92,1.1304347826086956,0.038539359149039935,684,They're only dangerous when their young ones are around.
3183,2538,1,10,81,92,1.1304347826086956,0.038539359149039935,684,"Be still. He's looking for the herbal tea, not us."
3186,2538,2,8,82,92,1.1304347826086956,0.041523171204257234,684,"Uh oh, we’ve gotten ourselves into a sticky situation."
3220,2538,1,10,81,92,1.1304347826086956,0.038539359149039935,684,it's been following us ever since you made toast.
3252,2538,2,8,82,92,1.1304347826086956,0.041523171204257234,684,I hate saccharine endings.
3276,2538,0,12,80,92,1.1304347826086956,0.035304258388745666,684,I think that bear got guac on his sombrero.
3310,2538,2,8,82,92,1.1304347826086956,0.041523171204257234,684,I think it's a decoy.
3313,2538,2,8,82,92,1.1304347826086956,0.041523171204257234,684,"Did someone say ""Honey Bear""?"
3320,2538,1,10,81,92,1.1304347826086956,0.038539359149039935,684,"Actually, in this case running away works just fine."
3325,2538,1,10,81,92,1.1304347826086956,0.038539359149039935,684,I told you to hide the toast.
3341,2538,2,8,82,92,1.1304347826086956,0.041523171204257234,684,Ditch the pancake mix.
2908,2538,2,8,82,92,1.1304347826086956,0.041523171204257234,684,The year is 2035. The US Government has responded to mass extinctions and dwindling bee populations by genetically modifying fauna to have multiple uses... to limited effect.
2865,2538,1,10,81,92,1.1304347826086956,0.038539359149039935,684,Which end do we squeeze?
2854,2538,2,8,82,92,1.1304347826086956,0.041523171204257234,684,When corporations own camping...
2840,2538,1,10,81,92,1.1304347826086956,0.038539359149039935,684,"Oh look, It’s the only bear that never goes extinct."
20,2538,2,8,82,92,1.1304347826086956,0.041523171204257234,684,"Quick, get the bread out."
2372,2538,1,10,81,92,1.1304347826086956,0.038539359149039935,684,Did you happen to see where Aunt Jemima went?
2380,2538,2,8,82,92,1.1304347826086956,0.041523171204257234,684,"Don't ""Honey"" me."
2381,2538,1,10,81,92,1.1304347826086956,0.038539359149039935,684,Quick! Pass me the repellant toast.
2382,2538,3,6,83,92,1.1304347826086956,0.0443064926404407,684,Who said the bees were becoming extinct?
2395,2538,2,8,82,92,1.1304347826086956,0.041523171204257234,684,Where’s the picnic?
2397,2538,1,10,81,92,1.1304347826086956,0.038539359149039935,684,Just what we need
2404,2538,0,12,80,92,1.1304347826086956,0.035304258388745666,684,I'll draw her away.  You: SAVE THE HIVES!
2413,2538,0,12,80,92,1.1304347826086956,0.035304258388745666,684,Do you think he’s as sweet as he looks?
2415,2538,2,8,82,92,1.1304347826086956,0.041523171204257234,684,Can you bee my friend?
2424,2538,2,8,82,92,1.1304347826086956,0.041523171204257234,684,Stick up your hands and nobody gets hurt!
2463,2538,0,12,80,92,1.1304347826086956,0.035304258388745666,684,Please be sweet.
3380,2538,1,10,81,92,1.1304347826086956,0.038539359149039935,684,"It's okay, Brad. It's that harmless product placement hologram everyone's been spotting."
2485,2538,1,10,81,92,1.1304347826086956,0.038539359149039935,684,"If you hike into the woods today, 
you're in for a big surprise."
2556,2538,0,12,80,92,1.1304347826086956,0.035304258388745666,684,"Honey, did you remember to pack the bear spray?"
2574,2538,1,10,81,92,1.1304347826086956,0.038539359149039935,684,"If you ask me, he looks even more out of it than that lady we saw this morning  wearing the apron and packing all that syrup."
2593,2538,2,8,82,92,1.1304347826086956,0.041523171204257234,684,What made you think you can fetch a pail of water! I am going to break your crown and throw you off the hill.
2599,2538,1,10,81,92,1.1304347826086956,0.038539359149039935,684,Nice.
2610,2538,0,12,80,92,1.1304347826086956,0.035304258388745666,684,"If you don't stop calling me that, sweetie, this could get very sticky."
2612,2538,1,10,81,92,1.1304347826086956,0.038539359149039935,684,I think I took the wrong turn on the shaman’s path.
2658,2538,2,8,82,92,1.1304347826086956,0.041523171204257234,684,Winnie the Pooh wasn't just eating out of that honey jar...
2724,2538,1,10,81,92,1.1304347826086956,0.038539359149039935,684,"Hey, have you seen a bear named Winnie? We have a blind date for something to eat?"
2734,2538,1,10,81,92,1.1304347826086956,0.038539359149039935,684,So sorry to trouble you but I’m trying to recycle myself?
2770,2538,0,12,80,92,1.1304347826086956,0.035304258388745666,684,Bear with me but we
2814,2538,2,8,82,92,1.1304347826086956,0.041523171204257234,684,He is a good substitute for maple syrup.
2830,2538,1,10,81,92,1.1304347826086956,0.038539359149039935,684,"You know, I read that they’re invasive."
2515,2538,1,10,81,92,1.1304347826086956,0.038539359149039935,684,This free-range trend is getting a bit ridiculous
3418,2538,2,8,82,92,1.1304347826086956,0.041523171204257234,684,Hold very still -- I'll get the tea out of your pack.
3447,2538,0,12,80,92,1.1304347826086956,0.035304258388745666,684,I just tell you the next part of the trail is rather sticky.
2308,2538,1,10,81,92,1.1304347826086956,0.038539359149039935,684,We probably shouldn't have eaten those mushrooms.
4028,2538,1,10,81,92,1.1304347826086956,0.038539359149039935,684,"He may look sweet, but..."
4039,2538,3,6,83,92,1.1304347826086956,0.0443064926404407,684,Um ... honey?!?!?!?
4092,2538,3,6,83,92,1.1304347826086956,0.0443064926404407,684,Well! I just realized a new meaning for Honey Poo.
4129,2538,3,6,83,92,1.1304347826086956,0.0443064926404407,684,Please tell me you didn't pack Mama's little cub.
4150,2538,3,6,83,92,1.1304347826086956,0.0443064926404407,684,"Honey, you shrunk the adults."
4155,2538,1,10,81,92,1.1304347826086956,0.038539359149039935,684,Right now Sasquatch would be a welcomed sight.
4159,2538,2,8,82,92,1.1304347826086956,0.041523171204257234,684,Morning skillet pancakes or run?
4197,2538,1,10,81,92,1.1304347826086956,0.038539359149039935,684,"Is this the one where you’re supposed to play dead, or am I thinking of the Kraft Peanut-butter type?"
4200,2538,0,12,80,92,1.1304347826086956,0.035304258388745666,684,Don’t freeze;  squeeze.
4224,2538,0,12,80,92,1.1304347826086956,0.035304258388745666,684,There goes our Keto retreat!
4275,2538,2,8,82,92,1.1304347826086956,0.041523171204257234,684,Once a convenience that was sweet and squeezable. Now it’s a big problem that won’t go away by itself.
4277,2538,3,6,83,92,1.1304347826086956,0.0443064926404407,684,"Honey, I found the bear."
4307,2538,1,10,81,92,1.1304347826086956,0.038539359149039935,684,I think we’re lost but bear with me honey!
4310,2538,0,12,80,92,1.1304347826086956,0.035304258388745666,684,Tell him to tie his shoes- then lick!!
4342,2538,1,10,81,92,1.1304347826086956,0.038539359149039935,684,"Honey, I blew up the bear."
4355,2538,1,10,81,92,1.1304347826086956,0.038539359149039935,684,I was wondering why we never saw her.  Now I know he keeps her in the kitchen cooking.
4409,2538,1,10,81,92,1.1304347826086956,0.038539359149039935,684,"The bear-shaped honey container-shaped bear was not ready to let the world know about its existence,"
4415,2538,0,12,80,92,1.1304347826086956,0.035304258388745666,684,I don’t know why bees get all the credit.
4434,2538,1,10,81,92,1.1304347826086956,0.038539359149039935,684,This is where things can get a little sticky.
4467,2538,1,10,81,92,1.1304347826086956,0.038539359149039935,684,"Here in the forest, they call me “Sweetie."
4484,2538,1,10,81,92,1.1304347826086956,0.038539359149039935,684,"Sigh, I can never find this on the shelf when I need it!"
4486,2538,1,10,81,92,1.1304347826086956,0.038539359149039935,684,"Quick, pass me a waffle."
4491,2538,0,12,80,92,1.1304347826086956,0.035304258388745666,684,"I dunno, Bob, it doesn't look very sweet to me."
4514,2538,1,10,81,92,1.1304347826086956,0.038539359149039935,684,Get the waffle out of my backpack
2563,2538,1,10,81,92,1.1304347826086956,0.038539359149039935,684,"You didn't forget to put the tea in the bear bag, did you hun?"
4020,2538,1,10,81,92,1.1304347826086956,0.038539359149039935,684,"Honey, I don’t think he’s the sort of bear I would squeeze."
4018,2538,2,8,82,92,1.1304347826086956,0.041523171204257234,684,Smoked honey is now available here in California.
3979,2538,2,8,82,92,1.1304347826086956,0.041523171204257234,684,Hmm. I'm thinking honey bourbon glaze tonight for dinner
3960,2538,1,10,81,92,1.1304347826086956,0.038539359149039935,684,"I know they're cute, but we have to remember they're dangerous animals."
3459,2538,2,8,82,92,1.1304347826086956,0.041523171204257234,684,"Brown hit the ground, clover tip it over."
3497,2538,0,12,80,92,1.1304347826086956,0.035304258388745666,684,That much honey could kill you.
3562,2538,3,6,83,92,1.1304347826086956,0.0443064926404407,684,You folks look like you have gotten yourselves into a sticky situation.
3572,2538,0,12,80,92,1.1304347826086956,0.035304258388745666,684,Have you seen a slice of toast?
3583,2538,1,10,81,92,1.1304347826086956,0.038539359149039935,684,Honey has no expiration date. We're doomed !
3610,2538,2,8,82,92,1.1304347826086956,0.041523171204257234,684,"Stand your ground, show no fear, and slowly take the saltines and peanut butter out of my backpack."
3611,2538,1,10,81,92,1.1304347826086956,0.038539359149039935,684,Actually no I do not want to find out why you call it “the honey pot”
3623,2538,2,8,82,92,1.1304347826086956,0.041523171204257234,684,Oh dear...I can't seem to find my way to the back of the cabinet !
3631,2538,1,10,81,92,1.1304347826086956,0.038539359149039935,684,"You know, I'd never have guessed that that was Honey Boo Boo!"
3653,2538,2,8,82,92,1.1304347826086956,0.041523171204257234,684,Don't be afraid.  You've purchased my kids in Safeway.
3662,2538,2,8,82,92,1.1304347826086956,0.041523171204257234,684,"Well, that‘s what I call a sticky situation."
3696,2538,3,6,83,92,1.1304347826086956,0.0443064926404407,684,We don't know whether to spray you or lick your snoot!
3440,2538,2,8,82,92,1.1304347826086956,0.041523171204257234,684,I told you to stay in my pantry!
3721,2538,0,12,80,92,1.1304347826086956,0.035304258388745666,684,Don't let him hug you!  You'll get all sticky
3741,2538,2,8,82,92,1.1304347826086956,0.041523171204257234,684,If we don't find out way out of here we're toast.
3808,2538,2,8,82,92,1.1304347826086956,0.041523171204257234,684,Do you know the trail that leads to Costco?
3821,2538,2,8,82,92,1.1304347826086956,0.041523171204257234,684,I can smell... agave syrup! How dare you bring this into the sacred forest?
3836,2538,1,10,81,92,1.1304347826086956,0.038539359149039935,684,"I’ve been in some sticky situations before, but this is unbearable!"
3846,2538,0,12,80,92,1.1304347826086956,0.035304258388745666,684,Back away slowly. I’m allergic.
3866,2538,2,8,82,92,1.1304347826086956,0.041523171204257234,684,Don't let the honey thing fool you. I'm still technically a Grizzly.
3884,2538,0,12,80,92,1.1304347826086956,0.035304258388745666,684,"Raise your arms, stand tall, and he won't squirt."""
3888,2538,0,12,80,92,1.1304347826086956,0.035304258388745666,684,If I were a maple you wouldn't be frightened.
3893,2538,0,12,80,92,1.1304347826086956,0.035304258388745666,684,honey i told you bears lived here
3913,2538,0,12,80,92,1.1304347826086956,0.035304258388745666,684,"Honey, I think we’ve gotten ourselves into a sticky situation."
3944,2538,2,8,82,92,1.1304347826086956,0.041523171204257234,684,"No, what you two did last night was not normal."
3950,2538,1,10,81,92,1.1304347826086956,0.038539359149039935,684,This could get a little sticky.
3727,2538,1,10,81,92,1.1304347826086956,0.038539359149039935,684,There's too many conflicting messages here
2295,2538,1,10,81,92,1.1304347826086956,0.038539359149039935,684,Y'all want some crack?
2329,2538,2,8,82,92,1.1304347826086956,0.041523171204257234,684,Bush did 9/11
2270,2538,1,10,81,92,1.1304347826086956,0.038539359149039935,684,"So, about the bears and the bees..."
851,2538,2,8,82,92,1.1304347826086956,0.041523171204257234,684,Don’t mind me - I’m hiding from Winnie the Pooh
853,2538,1,10,81,92,1.1304347826086956,0.038539359149039935,684,Stay calm.  We have no tea.
859,2538,2,8,82,92,1.1304347826086956,0.041523171204257234,684,"Careful! It may not be organic, honey."
864,2538,1,10,81,92,1.1304347826086956,0.038539359149039935,684,I thought that gypsy was being metaphorical.
883,2538,2,8,82,92,1.1304347826086956,0.041523171204257234,684,"You squeeze him, honey!"
919,2538,2,8,82,92,1.1304347826086956,0.041523171204257234,684,The stickus honus bearis is known for its ability to lure ants and coagulate just when you need honey for a recipe.
955,2538,1,10,81,92,1.1304347826086956,0.038539359149039935,684,I'm sweeter than the average bear so just gimme the peanut butter and nobody gets hurt.
982,2538,0,12,80,92,1.1304347826086956,0.035304258388745666,684,"Do we run, play dead, or give him peanut butter?"
988,2538,2,8,82,92,1.1304347826086956,0.041523171204257234,684,I am Lord of the Flies!
1000,2538,2,8,82,92,1.1304347826086956,0.041523171204257234,684,My ex wanted to be reincarnated as a--uh oh.
1021,2538,0,12,80,92,1.1304347826086956,0.035304258388745666,684,Did you folks happen to see a pair of claws?
1047,2538,1,10,81,92,1.1304347826086956,0.038539359149039935,684,"I've stolen so much, they hired me to give samples."
1125,2538,1,10,81,92,1.1304347826086956,0.038539359149039935,684,Keep your hat on.
1139,2538,1,10,81,92,1.1304347826086956,0.038539359149039935,684,"Quick, pass me the insulin spray!"
1168,2538,1,10,81,92,1.1304347826086956,0.038539359149039935,684,Why keep looking for sugar maples?
1194,2538,0,12,80,92,1.1304347826086956,0.035304258388745666,684,"Got any corn flakes, folks"
1205,2538,2,8,82,92,1.1304347826086956,0.041523171204257234,684,Only YOU can prevent forest fire ants from crawling all over me
1209,2538,2,8,82,92,1.1304347826086956,0.041523171204257234,684,"Quick, get small and buzz loudly to scare it!"
1227,2538,3,6,83,92,1.1304347826086956,0.0443064926404407,684,Turn around slowly and I'll get out two slices of bread.
1233,2538,2,8,82,92,1.1304347826086956,0.041523171204257234,684,I am not being Xenophobic. I don't like the way she's sticking with us.
1240,2538,1,10,81,92,1.1304347826086956,0.038539359149039935,684,Looks like someone had a rough night. Aunt Jemima hog all the wet wipes?
1261,2538,0,12,80,92,1.1304347826086956,0.035304258388745666,684,I told you the beanstalk climb was a bad idea.
2281,2538,1,10,81,92,1.1304347826086956,0.038539359149039935,684,best leave it be. you know how sticky they can get
1307,2538,1,10,81,92,1.1304347826086956,0.038539359149039935,684,Don't be afraid. He's actually very sweet inside.
1328,2538,2,8,82,92,1.1304347826086956,0.041523171204257234,684,"I think it's a trap, honey."
848,2538,1,10,81,92,1.1304347826086956,0.038539359149039935,684,This Dyatlov Pass re-enactment just went seriously weird.
165,2538,1,10,81,92,1.1304347826086956,0.038539359149039935,684,"He looks sweet, squeezable, and slightly sticky."""
839,2538,1,10,81,92,1.1304347826086956,0.038539359149039935,684,I thought you said this was Aunt Jemima territory.
768,2538,0,12,80,92,1.1304347826086956,0.035304258388745666,684,I can protect you from the bees
174,2538,0,12,80,92,1.1304347826086956,0.035304258388745666,684,There must be better ways to market environmentalism.
257,2538,1,10,81,92,1.1304347826086956,0.038539359149039935,684,Finding wholesale honey shouldn't be this hard.
12,2538,2,8,82,92,1.1304347826086956,0.041523171204257234,684,I hate it when condiments creep up on you!
270,2538,1,10,81,92,1.1304347826086956,0.038539359149039935,684,Don't fall for that sweet face; he's just trying to fatten us up.
297,2538,4,4,84,92,1.1304347826086956,0.04692501287519052,684,Have you seen Mustard Macaw? We were supposed to be dressing.
342,2538,0,12,80,92,1.1304347826086956,0.035304258388745666,684,Keep calm and pretend you're baklava.
367,2538,0,12,80,92,1.1304347826086956,0.035304258388745666,684,That's the last time I say 'honey bear'.
383,2538,2,8,82,92,1.1304347826086956,0.041523171204257234,684,"Sure it looks sweet, but it's the most lethal type of bear - if you count cases of diabetes."
389,2538,1,10,81,92,1.1304347826086956,0.038539359149039935,684,"You didn't pack any tea, did you?"
521,2538,0,12,80,92,1.1304347826086956,0.035304258388745666,684,"“Now remember, we’re in bee country.”"
531,2538,3,6,83,92,1.1304347826086956,0.0443064926404407,684,"See, I told you honey wasn't vegan!"
541,2538,0,12,80,92,1.1304347826086956,0.035304258388745666,684,"Don't worry, I'm pasteurized!"
555,2538,1,10,81,92,1.1304347826086956,0.038539359149039935,684,I hope befriending him doesn't turn out to be a honey boo-boo.
576,2538,1,10,81,92,1.1304347826086956,0.038539359149039935,684,Reach in my pack for the apple slices.  Sloooowly.
581,2538,2,8,82,92,1.1304347826086956,0.041523171204257234,684,I don't know if we should run or get the biscuits out of our packs.
585,2538,2,8,82,92,1.1304347826086956,0.041523171204257234,684,"You’d better not refer to me as Honey Bear anymore, until we’re back home."
615,2538,1,10,81,92,1.1304347826086956,0.038539359149039935,684,I think that crack about lube last night was a mistake.
616,2538,1,10,81,92,1.1304347826086956,0.038539359149039935,684,Bears hate pepper spray.  And I hate mixing sweet and savory.
648,2538,1,10,81,92,1.1304347826086956,0.038539359149039935,684,Who do you call honey ?
651,2538,0,12,80,92,1.1304347826086956,0.035304258388745666,684,"Be careful, they aren't as sweet as they look."
664,2538,2,8,82,92,1.1304347826086956,0.041523171204257234,684,He wants the graham crackers!
678,2538,1,10,81,92,1.1304347826086956,0.038539359149039935,684,So you're telling me Halloween is over???
704,2538,2,8,82,92,1.1304347826086956,0.041523171204257234,684,This is what happens when you leave your toast on the table at the campground.
724,2538,2,8,82,92,1.1304347826086956,0.041523171204257234,684,You can't outrun high fructose corn syrup with 10% honey.
764,2538,1,10,81,92,1.1304347826086956,0.038539359149039935,684,Did you bring the corn muffins?
808,2538,1,10,81,92,1.1304347826086956,0.038539359149039935,684,Quiet. And let's pretend we brought our own artificial sweetener.
1364,2538,2,8,82,92,1.1304347826086956,0.041523171204257234,684,Beware of bees
1350,2538,1,10,81,92,1.1304347826086956,0.038539359149039935,684,"Per chance, did a buttermilk biscuit wander by here?"
1380,2538,1,10,81,92,1.1304347826086956,0.038539359149039935,684,This may be a sticky situation we are in.
1774,2538,2,8,82,92,1.1304347826086956,0.041523171204257234,684,"I told you nothing good would happen if you kept calling me ""Honey""."
1805,2538,1,10,81,92,1.1304347826086956,0.038539359149039935,684,I told you these clothes make us look too white-bread.
1823,2538,3,6,83,92,1.1304347826086956,0.0443064926404407,684,this is a test from dev team
1825,2538,0,12,80,92,1.1304347826086956,0.035304258388745666,684,I thought I asked you not to bring the pancake mix.
1830,2538,2,8,82,92,1.1304347826086956,0.041523171204257234,684,"I'm trying to find my roots.
Can you tell what a maple tree looks like?"
1850,2538,0,12,80,92,1.1304347826086956,0.035304258388745666,684,He's moved about ten feet since yesterday.
1932,2538,3,6,83,92,1.1304347826086956,0.0443064926404407,684,"honey hug, anyone?"
1950,2538,1,10,81,92,1.1304347826086956,0.038539359149039935,684,And we thought gummy bears were scary!
1972,2538,1,10,81,92,1.1304347826086956,0.038539359149039935,684,Do you happen to have an EPI PEN?
1986,2538,2,8,82,92,1.1304347826086956,0.041523171204257234,684,This might be a good spot for our tea party.
1996,2538,1,10,81,92,1.1304347826086956,0.038539359149039935,684,Would you mind giving me a big hug?
2048,2538,3,6,83,92,1.1304347826086956,0.0443064926404407,684,A
2053,2538,0,12,80,92,1.1304347826086956,0.035304258388745666,684,"Al, I don't think he's dangerous, but I  wonder if he wants those English Muffins in your backpack?"
2076,2538,1,10,81,92,1.1304347826086956,0.038539359149039935,684,Stick around. The grizzly will be back in a minute.
2078,2538,2,8,82,92,1.1304347826086956,0.041523171204257234,684,A little honey for your pot?
2106,2538,0,12,80,92,1.1304347826086956,0.035304258388745666,684,"Quick, the no-stick bear spray!"
2116,2538,0,12,80,92,1.1304347826086956,0.035304258388745666,684,"Don’t worry, she only feeds on clover."
137,2538,0,12,80,92,1.1304347826086956,0.035304258388745666,684,I think we’re safe. He seems to be dispensing with other things.
2180,2538,1,10,81,92,1.1304347826086956,0.038539359149039935,684,I heard National Parks was allowing ads...
2182,2538,1,10,81,92,1.1304347826086956,0.038539359149039935,684,"Don't be scared, I'm sweet."
2194,2538,1,10,81,92,1.1304347826086956,0.038539359149039935,684,Welcome to the forest. I'm so glad you came for dinner!
2199,2538,1,10,81,92,1.1304347826086956,0.038539359149039935,684,That's Barney. He used to work in Madison Avenue.
2234,2538,1,10,81,92,1.1304347826086956,0.038539359149039935,684,Have you seen Boo Boo?
2240,2538,3,6,83,92,1.1304347826086956,0.0443064926404407,684,"Uh oh, it looks like he's out lusting after the Mrs. Buttersworth's bottle again."
2267,2538,1,10,81,92,1.1304347826086956,0.038539359149039935,684,His honey showed up topless.
1365,2538,2,8,82,92,1.1304347826086956,0.041523171204257234,684,"None of your beeswax, buster!"
1737,2538,3,6,83,92,1.1304347826086956,0.0443064926404407,684,"When I said Honey Bear, I wasn't referring to you"
1743,2538,2,8,82,92,1.1304347826086956,0.041523171204257234,684,I told you it was free range.
1713,2538,1,10,81,92,1.1304347826086956,0.038539359149039935,684,Now we have to find the milk.
1436,2538,0,12,80,92,1.1304347826086956,0.035304258388745666,684,I told you not to bring along English muffins.
1485,2538,0,12,80,92,1.1304347826086956,0.035304258388745666,684,Maybe if we tell him we don't want to catch flies he'll leave us alone.
1488,2538,1,10,81,92,1.1304347826086956,0.038539359149039935,684,"Looks like Smokey's new GF, Sticky."
1500,2538,2,8,82,92,1.1304347826086956,0.041523171204257234,684,We can't take the risk. He may not be as slow as molasses.
1434,2538,1,10,81,92,1.1304347826086956,0.038539359149039935,684,Bring me herbal tea and toast...much toast.  Or you shall not pass through these woods alive!
1528,2538,1,10,81,92,1.1304347826086956,0.038539359149039935,684,Quick! The extra- large butter knife!
1532,2538,1,10,81,92,1.1304347826086956,0.038539359149039935,684,Whew—it's crystallized.
1722,2538,0,12,80,92,1.1304347826086956,0.035304258388745666,684,"Believe me, he's faster than molasses, but not much faster."
1542,2538,1,10,81,92,1.1304347826086956,0.038539359149039935,684,I don’t think we are in Candyland anymore.
1548,2538,1,10,81,92,1.1304347826086956,0.038539359149039935,684,"In that moment, Kevin and Corinne realized they had stumbled into a sticky situation."
1573,2538,2,8,82,92,1.1304347826086956,0.041523171204257234,684,There must be a Teddy Bears' Picnic around here.
1584,2538,1,10,81,92,1.1304347826086956,0.038539359149039935,684,Don't worry.  It doesn't have any claws.
1590,2538,1,10,81,92,1.1304347826086956,0.038539359149039935,684,Do you campers like to party
1608,2538,2,8,82,92,1.1304347826086956,0.041523171204257234,684,Be sure to stick with me.
1618,2538,0,12,80,92,1.1304347826086956,0.035304258388745666,684,You just had to have honey in your tea.
1432,2538,1,10,81,92,1.1304347826086956,0.038539359149039935,684,Why are you scared? He looks so sweet.
1652,2538,3,6,83,92,1.1304347826086956,0.0443064926404407,684,Sales have dropped. Should I rebrand in plaid?
1664,2538,2,8,82,92,1.1304347826086956,0.041523171204257234,684,I smell peanut butter!
1385,2538,0,12,80,92,1.1304347826086956,0.035304258388745666,684,I think he looks to sweet to hurt us.
1688,2538,1,10,81,92,1.1304347826086956,0.038539359149039935,684,"Don’t move, he’s probably looking for tea!”"
1698,2538,1,10,81,92,1.1304347826086956,0.038539359149039935,684,"Oh!  No, no I was talking yo him...."
1459,2538,3,6,83,92,1.1304347826086956,0.0443064926404407,684,"Honey, you really have to stop Pooh poohing my anxieties."
1451,2538,1,10,81,92,1.1304347826086956,0.038539359149039935,684,Do honey bears eat people?
306,2766,0,12,81,93,1.1290322580645162,0.03495073154102977,684,That would be one very sticky bear hug
1889,2766,2,8,83,93,1.1290322580645162,0.04109819724326491,684,Missus Butterworth - I presume?
2223,2766,1,10,82,93,1.1290322580645162,0.03814849572328797,684,"Here's the plan: I drop the waffle, we run like hell."
3862,2766,1,10,82,93,1.1290322580645162,0.03814849572328797,684,I begged you not to pack those tea bags.
1960,2766,1,10,82,93,1.1290322580645162,0.03814849572328797,684,"are you sure that making bzz noises, pretending to be beez will work?"
2218,2771,0,12,82,94,1.127659574468085,0.03460415282348806,684,They say you are what you eat and this time I want opposable thumbs.
557,2772,1,10,84,95,1.1263157894736842,0.0373899438042335,684,"Hi there. Thanks for clicking on the ""Sweet"" App."
512,2773,1,9,78,88,1.125,0.03896686961894279,684,He's right. You never know.
3151,2773,2,7,79,88,1.125,0.042185897498493455,684,"If Pooh sees this, we will have the first bear cannibalism issue."
1767,2773,1,9,78,88,1.125,0.03896686961894279,684,"'Did you say ""Come here, honey""?'"
4271,2773,1,9,78,88,1.125,0.03896686961894279,684,Caution free-range companies
8,2773,0,11,77,88,1.125,0.03545678930819846,684,I don't think he's happy that we put him in the blue recycling container.
658,2773,1,9,78,88,1.125,0.03896686961894279,684,Stop arguing and give her your mustard.
3205,2773,0,12,84,96,1.125,0.033931044626914805,684,"Honey, I think we have a problem"""
1156,2780,1,10,86,97,1.1237113402061856,0.03666080462775236,684,Got bread?
3433,2781,1,9,79,89,1.1235955056179776,0.03855214395662027,684,Do you still have those tea bags?
2951,2781,2,7,80,89,1.1235955056179776,0.0417328457999829,684,I’m more of an agave perso
2956,2781,2,7,80,89,1.1235955056179776,0.0417328457999829,684,I am just giving you honey!
2995,2781,2,7,80,89,1.1235955056179776,0.0417328457999829,684,"Hello, I'm the official Ambassador for Honey, and I need to check your backpacks to see if you're carrying any out of the campsite."
3009,2781,1,9,79,89,1.1235955056179776,0.03855214395662027,684,I'm afraid he only looks sweet...
3014,2781,1,9,79,89,1.1235955056179776,0.03855214395662027,684,"I think someone is following us, Honey."
3018,2781,2,7,80,89,1.1235955056179776,0.0417328457999829,684,Is this an ominous political sign or an answer to the bear in the woods riddle?
3022,2781,1,9,79,89,1.1235955056179776,0.03855214395662027,684,Maybe packing tea wasn't such a good idea after all.
3069,2781,1,9,79,89,1.1235955056179776,0.03855214395662027,684,"He's not sweet, in actuality he's very dangerous."
3085,2781,3,5,81,89,1.1235955056179776,0.04468772799637868,684,"Yes Burt, he can run downhill!!"
3107,2781,1,9,79,89,1.1235955056179776,0.03855214395662027,684,Just give me your food and no one has to get sticky hands.
3168,2781,1,9,79,89,1.1235955056179776,0.03855214395662027,684,The guidebook didn’t say whether we could squeeze the honey bears or not.
3187,2781,3,5,81,89,1.1235955056179776,0.04468772799637868,684,Got any toast?
3238,2781,1,9,79,89,1.1235955056179776,0.03855214395662027,684,"Honey, I think we're in a sticky situation."
3253,2781,1,9,79,89,1.1235955056179776,0.03855214395662027,684,Saw a sweet bear. Thought it seemed his intentions were a bit sticky.
3255,2781,1,9,79,89,1.1235955056179776,0.03855214395662027,684,I'd say he's more 'raw' than 'local'
3260,2781,0,11,78,89,1.1235955056179776,0.03508425841796854,684,Me too?
3265,2781,0,11,78,89,1.1235955056179776,0.03508425841796854,684,"I tell you, plastic waste is everywhere."
3280,2781,0,11,78,89,1.1235955056179776,0.03508425841796854,684,Oh...that whole time I thought you were calling me honey bear.
3289,2781,3,5,81,89,1.1235955056179776,0.04468772799637868,684,"The bear thought I called him honey, but I was talking to my husband"
3332,2781,1,9,79,89,1.1235955056179776,0.03855214395662027,684,"Honey bear, what the heck is that thing?"
3359,2781,1,9,79,89,1.1235955056179776,0.03855214395662027,684,I guess we're in a sticky situation.  Don't let her to get her bear hands on me.
3369,2781,2,7,80,89,1.1235955056179776,0.0417328457999829,684,Where's Goldielocks when you need her?
3374,2781,3,5,81,89,1.1235955056179776,0.04468772799637868,684,"Before we run, could you check if it’s on sale?"
3425,2781,2,7,80,89,1.1235955056179776,0.0417328457999829,684,We're gonna need a bigger tea.
2928,2781,0,11,78,89,1.1235955056179776,0.03508425841796854,684,"Sorry, he was talking to *me* ..."
2884,2781,2,7,80,89,1.1235955056179776,0.0417328457999829,684,I knew we should have hung the oatmeal.
2861,2781,1,9,79,89,1.1235955056179776,0.03855214395662027,684,"If give him the freeze-dried waffles, we may be able to avoid a sticky situation."
3427,2781,1,9,79,89,1.1235955056179776,0.03855214395662027,684,"Back away slowly, and try not to act like a mug of herbal tea."
2396,2781,0,11,78,89,1.1235955056179776,0.03508425841796854,684,"Look, honey bear!"
2399,2781,2,7,80,89,1.1235955056179776,0.0417328457999829,684,"Be honest Phillip, did you call an Uber? You are the absolute worst hiker and speller."
2422,2781,2,7,80,89,1.1235955056179776,0.0417328457999829,684,Just cooking a delicious vegan meal
2466,2781,0,11,78,89,1.1235955056179776,0.03508425841796854,684,"Honey, this is why I didn't want to go on this retreat"
2478,2781,1,9,79,89,1.1235955056179776,0.03855214395662027,684,"Hi guys."""
2486,2781,1,9,79,89,1.1235955056179776,0.03855214395662027,684,"Oh, poo!"
2496,2781,1,9,79,89,1.1235955056179776,0.03855214395662027,684,"Trust me, Honey, I've got your back."
2560,2781,2,7,80,89,1.1235955056179776,0.0417328457999829,684,I can’t find the cap. Can I use one of yours?
2573,2781,2,7,80,89,1.1235955056179776,0.0417328457999829,684,I think some marketing departments might be going a bit too far. Not to mention human resources.
2597,2781,1,9,79,89,1.1235955056179776,0.03855214395662027,684,"If you move slow, he'll move slow"
2694,2781,2,7,80,89,1.1235955056179776,0.0417328457999829,684,"You said we have to travel light, I left the tub of butter at home."
2706,2781,1,9,79,89,1.1235955056179776,0.03855214395662027,684,They decided Smokey was not a good role model.
2716,2781,2,7,80,89,1.1235955056179776,0.0417328457999829,684,Feel free to call me Smokey or Pooh too.
2719,2781,1,9,79,89,1.1235955056179776,0.03855214395662027,684,It's OK. He came to me asking help and advice.
2720,2781,1,9,79,89,1.1235955056179776,0.03855214395662027,684,Who's that squirt following us?
2730,2781,1,9,79,89,1.1235955056179776,0.03855214395662027,684,Let's slowly walk away or we'll end up all sticky.
2735,2781,0,11,78,89,1.1235955056179776,0.03508425841796854,684,It can't be him. He carries his honey ON his head not IN it.
2737,2781,0,11,78,89,1.1235955056179776,0.03508425841796854,684,"Oh, there he is . . . grab the bread and peanut butter, quickly."
2747,2781,2,7,80,89,1.1235955056179776,0.0417328457999829,684,Wasn't the Sta Puft Marshmallow Man at our campfire enough?!
2788,2781,2,7,80,89,1.1235955056179776,0.0417328457999829,684,Should we play dead or just tell him we’re pre-diabetic?
2807,2781,0,11,78,89,1.1235955056179776,0.03508425841796854,684,You can see why I said getting out of my previous relationship was a sticky situation!
2811,2781,3,5,81,89,1.1235955056179776,0.04468772799637868,684,"Slowly, reach into your pack and hand me the jam..."
2847,2781,1,9,79,89,1.1235955056179776,0.03855214395662027,684,He must be organic.
2855,2781,1,9,79,89,1.1235955056179776,0.03855214395662027,684,Did you bring the tea?
2860,2781,1,9,79,89,1.1235955056179776,0.03855214395662027,684,Should - should I squeeze him?
2878,2781,1,9,79,89,1.1235955056179776,0.03855214395662027,684,That’s a weird Halloween costume
3441,2781,1,9,79,89,1.1235955056179776,0.03855214395662027,684,Are you the ones that Googled for a honey bear?
3448,2781,1,9,79,89,1.1235955056179776,0.03855214395662027,684,I think we're supposed to pretend we're bread.
3496,2781,1,9,79,89,1.1235955056179776,0.03855214395662027,684,It's been a long time since I've seen humans of the right size. Now just stay put...
4133,2781,2,7,80,89,1.1235955056179776,0.0417328457999829,684,Feels like I should start calling you Pookie...
4135,2781,0,11,78,89,1.1235955056179776,0.03508425841796854,684,Remember what the park ranger said— they’re not as sweet as they look!”
4158,2781,1,9,79,89,1.1235955056179776,0.03855214395662027,684,Just give him the peanut butter sandwiches and run for it.
4164,2781,0,11,78,89,1.1235955056179776,0.03508425841796854,684,Should we invite him to join us for breakfast?
4185,2781,0,11,78,89,1.1235955056179776,0.03508425841796854,684,Try squeezing me and you might get more!
4193,2781,1,9,79,89,1.1235955056179776,0.03855214395662027,684,Where's my toast?
4201,2781,1,9,79,89,1.1235955056179776,0.03855214395662027,684,"In case of attack, lie down and pretend to be a sopapilla."
4202,2781,1,9,79,89,1.1235955056179776,0.03855214395662027,684,"Quick, honey. Toss her the bottle, or this could become a sticky situation..."
4208,2781,1,9,79,89,1.1235955056179776,0.03855214395662027,684,"We've got a sticky situation here, Mark!"
4218,2781,0,11,78,89,1.1235955056179776,0.03508425841796854,684,Sorry. I thought you were calling me honey bear.
4225,2781,2,7,80,89,1.1235955056179776,0.0417328457999829,684,...I understand they are rebranding Smokey...
4132,2781,1,9,79,89,1.1235955056179776,0.03855214395662027,684,"Don't bother checking for your wallet, I don't think that's the kind of 'bread' he's asking for ..."
4226,2781,0,11,78,89,1.1235955056179776,0.03508425841796854,684,I don’t think we should try squeezing him.
4247,2781,1,9,79,89,1.1235955056179776,0.03855214395662027,684,Okay you win. I'll leave the dandelions in the yard.
4276,2781,1,9,79,89,1.1235955056179776,0.03855214395662027,684,They don't look this sweet in the pictures.
4279,2781,3,5,81,89,1.1235955056179776,0.04468772799637868,684,Don't fall for it. Aspartame is much safer.
4281,2781,3,5,81,89,1.1235955056179776,0.04468772799637868,684,Your bear hug idea would only make the situation stickier.
4319,2781,0,11,78,89,1.1235955056179776,0.03508425841796854,684,"It’s tempting, but let’s just stick with Costco."
4330,2781,2,7,80,89,1.1235955056179776,0.0417328457999829,684,Looks like we're the oatmeal.
4338,2781,1,9,79,89,1.1235955056179776,0.03855214395662027,684,"It’s naturally sweet, organic and gluten-free"
4370,2781,2,7,80,89,1.1235955056179776,0.0417328457999829,684,"It  must be  the smell of  our  backpacks that the
bear is attracted to!"
4401,2781,0,11,78,89,1.1235955056179776,0.03508425841796854,684,"It says HONEY, 
not
HORNEY!


Jerry Berman"
4443,2781,1,9,79,89,1.1235955056179776,0.03855214395662027,684,"Darling, didn't you say I'm sweeter than honey and great at running?"
4510,2781,0,11,78,89,1.1235955056179776,0.03508425841796854,684,Goldilocks?  But you said I was just right..
4240,2781,0,11,78,89,1.1235955056179776,0.03508425841796854,684,"Quick, make a very large bowl of oatmeal!"
4119,2781,1,9,79,89,1.1235955056179776,0.03855214395662027,684,We're going to need Smokey Bear to help us open Honey Bear.
4089,2781,2,7,80,89,1.1235955056179776,0.0417328457999829,684,"Don't squeeze the bear"""
4065,2781,3,5,81,89,1.1235955056179776,0.04468772799637868,684,"Do you have any organic, locally sourced tea to share with him?"
3525,2781,3,5,81,89,1.1235955056179776,0.04468772799637868,684,"The Honey Bear is a close cousin to the imfamous Gummi, and while playing dead might save you from a Gummi attack, it will put you in a sticky situation when a Honey attacks."
3539,2781,2,7,80,89,1.1235955056179776,0.0417328457999829,684,This experience is going to stick.
3545,2781,2,7,80,89,1.1235955056179776,0.0417328457999829,684,Should we play diabetic?
3582,2781,0,11,78,89,1.1235955056179776,0.03508425841796854,684,Now that's a squeeze back!
3587,2781,3,5,81,89,1.1235955056179776,0.04468772799637868,684,"Despite Aunt Jemima's case being dismissed, Honey Bear asked everyone he met if they knew a good plaintiff corporate lawyer."
3589,2781,2,7,80,89,1.1235955056179776,0.0417328457999829,684,"Don’t worry, Honey. He looks sweet."
3613,2781,1,9,79,89,1.1235955056179776,0.03855214395662027,684,"Hey honey bear, what’s that?"
3626,2781,1,9,79,89,1.1235955056179776,0.03855214395662027,684,You are what you eat.  Nothing to be afraid of.
3648,2781,1,9,79,89,1.1235955056179776,0.03855214395662027,684,They did say that this trail was short and sweet.
3680,2781,2,7,80,89,1.1235955056179776,0.0417328457999829,684,This is about to be a sticky situation.
3700,2781,2,7,80,89,1.1235955056179776,0.0417328457999829,684,"We're  visiting Goldilocks and the three bears, but we've lost our way.  You seem to be heading in that direction."
3725,2781,2,7,80,89,1.1235955056179776,0.0417328457999829,684,When will there be an end to corporate takeovers?
3739,2781,0,11,78,89,1.1235955056179776,0.03508425841796854,684,I think it wants us to squeeze it !
3783,2781,1,9,79,89,1.1235955056179776,0.03855214395662027,684,"Give me a squeeze, Honey"
3802,2781,1,9,79,89,1.1235955056179776,0.03855214395662027,684,"Keep walking, your diabetic."
3895,2781,1,9,79,89,1.1235955056179776,0.03855214395662027,684,"You know what they say Winnie, you are what you eat."
3910,2781,1,9,79,89,1.1235955056179776,0.03855214395662027,684,You should've checked the cupboard for a fourth bear before we ate that tasteless porridge.
3916,2781,1,9,79,89,1.1235955056179776,0.03855214395662027,684,We should have told him his honey was just right.
3931,2781,0,11,78,89,1.1235955056179776,0.03508425841796854,684,Delicious. Now I just have to find the toast.
3932,2781,2,7,80,89,1.1235955056179776,0.0417328457999829,684,"Unnerved at first, the group later realized the long-term benefits of substituting Les Honey for Maxx Sugar."
3973,2781,1,9,79,89,1.1235955056179776,0.03855214395662027,684,This is why I told you not to pack English muffins for this trip.
4041,2781,1,9,79,89,1.1235955056179776,0.03855214395662027,684,"Careful, this could be a sticky situation."
4043,2781,3,5,81,89,1.1235955056179776,0.04468772799637868,684,And you said hiking on Halloween would be fun?
4044,2781,2,7,80,89,1.1235955056179776,0.0417328457999829,684,UM... YOU DON'T LOOK A HONEY TO ME
4058,2781,0,11,78,89,1.1235955056179776,0.03508425841796854,684,"Ummm, would you mind turning around?  Yes, we do this in the woods, and you are what you eat!"
2384,2781,1,9,79,89,1.1235955056179776,0.03855214395662027,684,"Should we play dead or sweeten our tea, dear?"
2362,2781,2,7,80,89,1.1235955056179776,0.0417328457999829,684,The bees outsource too.
2467,2781,2,7,80,89,1.1235955056179776,0.0417328457999829,684,"Relax, it's just a giant bottle of honey!"
2347,2781,0,11,78,89,1.1235955056179776,0.03508425841796854,684,Fake Bear Honey!!!
649,2781,1,9,79,89,1.1235955056179776,0.03855214395662027,684,I wonder if he knows Big Foot.
659,2781,1,9,79,89,1.1235955056179776,0.03855214395662027,684,"Not to worry, this bear is looking for a biscuit."
674,2781,2,7,80,89,1.1235955056179776,0.0417328457999829,684,"That settles it, Fred, the factoid about honey coming from bees can now can be laid to rest."
718,2781,1,9,79,89,1.1235955056179776,0.03855214395662027,684,"I think the giant plastic bottle is reaching out for a squeeze. You go ahead, it could get sticky but I've got the tea."
781,2781,1,9,79,89,1.1235955056179776,0.03855214395662027,684,Mother Nature decided to drop the grizzly persona and go for a sweeter image.
798,2781,1,9,79,89,1.1235955056179776,0.03855214395662027,684,The advertising supplements my hibernation income.
799,2781,2,7,80,89,1.1235955056179776,0.0417328457999829,684,Sweet Dreams
862,2781,0,11,78,89,1.1235955056179776,0.03508425841796854,684,I'm available to help out if you forgot to bring honey for your tea.
876,2781,2,7,80,89,1.1235955056179776,0.0417328457999829,684,"Hey, baby -- wanna make some pancakes?"
880,2781,1,9,79,89,1.1235955056179776,0.03855214395662027,684,Awww... he looks so sweet.
912,2781,2,7,80,89,1.1235955056179776,0.0417328457999829,684,"He says, pretty please, save the bees."
611,2781,3,5,81,89,1.1235955056179776,0.04468772799637868,684,Watch out -- it could be some kind of Millenial tar baby!
948,2781,1,9,79,89,1.1235955056179776,0.03855214395662027,684,And the turtles complain about straws?
966,2781,0,11,78,89,1.1235955056179776,0.03508425841796854,684,I know its eat or be eaten but this is unbearable!
1001,2781,2,7,80,89,1.1235955056179776,0.0417328457999829,684,Squeezing you into a jar will be the sweetest revenge.
1028,2781,2,7,80,89,1.1235955056179776,0.0417328457999829,684,Show it the NutraSweet in you pack.
1031,2781,0,11,78,89,1.1235955056179776,0.03508425841796854,684,He didn't close his nozzle.
1071,2781,0,11,78,89,1.1235955056179776,0.03508425841796854,684,"I don’t care how sweet he is, find his stickiness unbearable."
1099,2781,1,9,79,89,1.1235955056179776,0.03855214395662027,684,"No, this isn't granola...why do you ask?"
1101,2781,2,7,80,89,1.1235955056179776,0.0417328457999829,684,Just one squeeze won’t kill you.
1104,2781,1,9,79,89,1.1235955056179776,0.03855214395662027,684,Are you lost too?
2355,2781,0,11,78,89,1.1235955056179776,0.03508425841796854,684,"Remember, you never want to come between a mother and her crumpets."
1127,2781,0,11,78,89,1.1235955056179776,0.03508425841796854,684,"Honey?"" ""Yeah,Dad?"
1129,2781,1,9,79,89,1.1235955056179776,0.03855214395662027,684,"Oh dear,I forgot the tea!"
949,2781,1,9,79,89,1.1235955056179776,0.03855214395662027,684,"While Smokey’s been working overtime in California, I‘ve been moonlighting at the diner"
609,2781,1,9,79,89,1.1235955056179776,0.03855214395662027,684,Really?
588,2781,2,7,80,89,1.1235955056179776,0.0417328457999829,684,Those weren't blueberries.
563,2781,1,9,79,89,1.1235955056179776,0.03855214395662027,684,First gummy bears now this!
13,2781,2,7,80,89,1.1235955056179776,0.0417328457999829,684,I told you we shouldn't have brought the tea.
19,2781,3,5,81,89,1.1235955056179776,0.04468772799637868,684,Be careful; it might be a Trojan horse.
30,2781,0,11,78,89,1.1235955056179776,0.03508425841796854,684,Ready for breakfast.
41,2781,2,7,80,89,1.1235955056179776,0.0417328457999829,684,This looks like a sticky situation.
44,2781,2,7,80,89,1.1235955056179776,0.0417328457999829,684,Forget the bleeping honey give me cash
79,2781,1,9,79,89,1.1235955056179776,0.03855214395662027,684,No one ever accused Smokey of being saccharine.
146,2781,1,9,79,89,1.1235955056179776,0.03855214395662027,684,Have we had breakfast yet?
148,2781,1,9,79,89,1.1235955056179776,0.03855214395662027,684,"No, I'm sorry sir, all our granola bars contain flax seed."
153,2781,1,9,79,89,1.1235955056179776,0.03855214395662027,684,"Wow, these bears National Park bears really are getting domesticated."
180,2781,2,7,80,89,1.1235955056179776,0.0417328457999829,684,"Don't worry, you wont freeze when you hibernate"
186,2781,2,7,80,89,1.1235955056179776,0.0417328457999829,684,Try not to look like toast!
259,2781,3,5,81,89,1.1235955056179776,0.04468772799637868,684,Shh. Stay quiet and he may just glaze us.
266,2781,2,7,80,89,1.1235955056179776,0.0417328457999829,684,He knows we hugged the fabric softener.
314,2781,2,7,80,89,1.1235955056179776,0.0417328457999829,684,Wow! Why is he in the jungle he should be advertising.
318,2781,2,7,80,89,1.1235955056179776,0.0417328457999829,684,We'd better camp here and make some biscuits before he wanders off.
324,2781,1,9,79,89,1.1235955056179776,0.03855214395662027,684,We seem to be in a sticky situation.
327,2781,1,9,79,89,1.1235955056179776,0.03855214395662027,684,Pooh!
339,2781,2,7,80,89,1.1235955056179776,0.0417328457999829,684,We must really be lost .. I thought this was Mrs. Buttersworth territory.
340,2781,0,11,78,89,1.1235955056179776,0.03508425841796854,684,Quick... Hand me some bread!
369,2781,0,11,78,89,1.1235955056179776,0.03508425841796854,684,I was hoping it was Mrs. Butterworth.
392,2781,0,11,78,89,1.1235955056179776,0.03508425841796854,684,Quick act like your a cup of tea.
427,2781,1,9,79,89,1.1235955056179776,0.03855214395662027,684,"Be careful, it's high in glucose."
454,2781,0,11,78,89,1.1235955056179776,0.03508425841796854,684,"What, so now the bears feed the humans? Not sure I'm ready for that."
457,2781,1,9,79,89,1.1235955056179776,0.03855214395662027,684,"Last night when you screamed ""Oh GOD! Yes, Honey Bear!""
You gave the almighty an idea."
473,2781,1,9,79,89,1.1235955056179776,0.03855214395662027,684,Do you think he smells the cheese?
1163,2781,1,9,79,89,1.1235955056179776,0.03855214395662027,684,Your cub is the cupboard
1182,2781,2,7,80,89,1.1235955056179776,0.0417328457999829,684,"Quick, grab the pancakes!"
1108,2781,3,5,81,89,1.1235955056179776,0.04468772799637868,684,It's part of a campaign to overcome the whole 'bear in the woods is bad' thing...
1811,2781,2,7,80,89,1.1235955056179776,0.0417328457999829,684,"Honey Bear gives a whole new meaning to the expression ""A wolf in sheep's clothing."""
1715,2781,1,9,79,89,1.1235955056179776,0.03855214395662027,684,"I'm Smokey the Bear's cousin Honey Bear. But don't worry, I'm Non-GMO..."
1723,2781,0,11,78,89,1.1235955056179776,0.03508425841796854,684,I knew we shouldn't have hiked on Pancake Day weekend.
1739,2781,1,9,79,89,1.1235955056179776,0.03855214395662027,684,Another cut ?  Shouldn’t there be 3 bears ?
1781,2781,1,9,79,89,1.1235955056179776,0.03855214395662027,684,You had to figure there would be trouble when the bees went corporate!
1867,2781,1,9,79,89,1.1235955056179776,0.03855214395662027,684,I told you I smelled toast.
1877,2781,1,9,79,89,1.1235955056179776,0.03855214395662027,684,"So, you call him your ""Honey"" too!"
1914,2781,1,9,79,89,1.1235955056179776,0.03855214395662027,684,"My apologies. You're my honey, too."
1934,2781,0,11,78,89,1.1235955056179776,0.03508425841796854,684,I think we should just give him the biscuits.
1937,2781,1,9,79,89,1.1235955056179776,0.03855214395662027,684,"Quick, hide the bread!"
1967,2781,1,9,79,89,1.1235955056179776,0.03855214395662027,684,You said we wouldn’t get in a sticky situation
1969,2781,1,9,79,89,1.1235955056179776,0.03855214395662027,684,This Winnie the Pooh remake sucks.
1978,2781,1,9,79,89,1.1235955056179776,0.03855214395662027,684,A little late to try to expose the real whistleblower. I'm already busted.
2012,2781,2,7,80,89,1.1235955056179776,0.0417328457999829,684,Jeffrey Epstein didn't kill himself.
2029,2781,1,9,79,89,1.1235955056179776,0.03855214395662027,684,Get out the spray.
2032,2781,0,11,78,89,1.1235955056179776,0.03508425841796854,684,"Honey, we’re home!"
2064,2781,3,5,81,89,1.1235955056179776,0.04468772799637868,684,The honey crystallizes when they hibernate. It makes them grumpy.
2158,2781,3,5,81,89,1.1235955056179776,0.04468772799637868,684,"Watch out, its sticky."
2159,2781,1,9,79,89,1.1235955056179776,0.03855214395662027,684,"My real name is ""Honey Trap,""  but you can call me ""Smokey."""
2210,2781,1,9,79,89,1.1235955056179776,0.03855214395662027,684,"Excuse me hikers, do you have any agave syrup to spare?"
2246,2781,2,7,80,89,1.1235955056179776,0.0417328457999829,684,Would you like to see my Honey-Moon?
2278,2781,1,9,79,89,1.1235955056179776,0.03855214395662027,684,YOU tell him we drank the milk.
2301,2781,1,9,79,89,1.1235955056179776,0.03855214395662027,684,"As I was saying, there's a scientific explanation for everyth--- AAAH! A giant honeybear!!"
2317,2781,3,5,81,89,1.1235955056179776,0.04468772799637868,684,Why does she keep calling me “Honey”?
2325,2781,0,11,78,89,1.1235955056179776,0.03508425841796854,684,Is one of you named Pooh?
1704,2781,3,5,81,89,1.1235955056179776,0.04468772799637868,684,Do you think that honey tastes just right?
1708,2781,1,9,79,89,1.1235955056179776,0.03855214395662027,684,"Honey, I have a feeling we're not in Pooh Corner anymore."
1438,2781,2,7,80,89,1.1235955056179776,0.0417328457999829,684,Now that's a lot of honey ... honey!
1280,2781,1,9,79,89,1.1235955056179776,0.03855214395662027,684,Quick - distract him with a piece of toast!
1287,2781,2,7,80,89,1.1235955056179776,0.0417328457999829,684,I think he just needs a paper towel for the nozzle.
1254,2781,1,9,79,89,1.1235955056179776,0.03855214395662027,684,"No, I don't think it's Smokey this time--"
1320,2781,1,9,79,89,1.1235955056179776,0.03855214395662027,684,"I was going to forage for truffles, but I've changed my mind."
1339,2781,0,11,78,89,1.1235955056179776,0.03508425841796854,684,Just act natural and keep walking. This could get sticky.
1349,2781,2,7,80,89,1.1235955056179776,0.0417328457999829,684,I told you to stop singing that song by Father John Misty . . . Honey Bear Oh Honey Bear!!
1424,2781,1,9,79,89,1.1235955056179776,0.03855214395662027,684,"Honey Bear, we don’t care."
1703,2781,0,11,78,89,1.1235955056179776,0.03508425841796854,684,Don't get between him and his biscuits.
1489,2781,1,9,79,89,1.1235955056179776,0.03855214395662027,684,I was expecting Smoky!
1278,2781,0,11,78,89,1.1235955056179776,0.03508425841796854,684,You fend it off. I’ll go get toast.
1221,2781,1,9,79,89,1.1235955056179776,0.03855214395662027,684,I heard that  this trail was a real sweet hike
1535,2781,2,7,80,89,1.1235955056179776,0.0417328457999829,684,"Oh, a present from the Trojans."
1581,2781,0,11,78,89,1.1235955056179776,0.03508425841796854,684,"I didn’t know that bears did that in the woods, too!"
1592,2781,0,11,78,89,1.1235955056179776,0.03508425841796854,684,I’m hoping he wants a cup of tea.
1214,2781,2,7,80,89,1.1235955056179776,0.0417328457999829,684,I see you are the giant economy size.  We are just two.
1610,2781,3,5,81,89,1.1235955056179776,0.04468772799637868,684,Please tell me you packed the toast and the peanut butter.
1631,2781,2,7,80,89,1.1235955056179776,0.0417328457999829,684,Wait!  I'm the Good Bear of the North.
1645,2781,0,11,78,89,1.1235955056179776,0.03508425841796854,684,"OK. Slowly, now. Pass me the peanut butter."
1650,2781,1,9,79,89,1.1235955056179776,0.03855214395662027,684,I think we’ve walked into a sticky situation.
1671,2781,0,11,78,89,1.1235955056179776,0.03508425841796854,684,Don’t be alarmed. He looks sweet and harmless.
1512,2781,2,7,80,89,1.1235955056179776,0.0417328457999829,684,Quick! Take the biscuits and run!
1269,2781,2,7,80,89,1.1235955056179776,0.0417328457999829,684,Quick! Throw him some graham crackers!
544,3002,2,6,73,81,1.123456790123457,0.04438439015369765,684,It has no mouth. Keep your Sharpie out of sight and we'll survive.
3586,3002,2,6,73,81,1.123456790123457,0.04438439015369765,684,Wait! You booked the cabin with sweet-surprise-brunch-included option.
2565,3002,3,4,74,81,1.123456790123457,0.047734851676990625,684,This is why I asked for a GMO free weekend
3411,3002,1,8,72,81,1.123456790123457,0.040759442022763395,684,He says he replaced Smokey.
2670,3002,1,8,72,81,1.123456790123457,0.040759442022763395,684,I ALSO HAVE A HAAAAAAAAAT
958,3002,2,6,73,81,1.123456790123457,0.04438439015369765,684,"Didn't you get the memo ?
Back packs are a must not an option."
2264,3002,2,6,73,81,1.123456790123457,0.04438439015369765,684,"I agree, Walt. This forest might well have a bee problem."
926,3002,1,8,72,81,1.123456790123457,0.040759442022763395,684,This is proving agave is sweeter.
490,3002,1,8,72,81,1.123456790123457,0.040759442022763395,684,"I know it says 'all natural,' but she's still ruining the mood."
4046,3002,2,6,73,81,1.123456790123457,0.04438439015369765,684,Don’t move.  And no more botulism talk.
142,3002,1,8,72,81,1.123456790123457,0.040759442022763395,684,Just give me your buns and you can be on your way..
4019,3002,1,8,72,81,1.123456790123457,0.040759442022763395,684,"Oh, it’s Smoky working his part time job"
359,3002,3,4,74,81,1.123456790123457,0.047734851676990625,684,Just play dead with your mouth open.
1555,3015,0,11,79,90,1.1222222222222222,0.03471941311982696,684,The lions and tigers are on the way.
3435,3015,3,5,82,90,1.1222222222222222,0.04420974234031677,684,I thought they eradicated all the items from campsites that got hit with that radiation wave.
2156,3015,1,9,80,90,1.1222222222222222,0.03814610776373575,684,We've come between momma and her Teddy Graham!
2761,3015,1,9,80,90,1.1222222222222222,0.03814610776373575,684,"Excuse me,,do you have any peanut butter?"
1076,3015,2,7,81,90,1.1222222222222222,0.04128938638027779,684,He’s not as fearsome as high-fructose corn syrup.
2916,3020,0,11,80,91,1.120879120879121,0.03436202021848665,684,"Why are you raiding us for honey?!"""
2206,3020,1,9,81,91,1.120879120879121,0.03774849238970915,684,Do you think she’s feeling territorial because of our stevia-sweetened power bars?
2021,3022,1,9,82,92,1.1195652173913044,0.037359040069358376,684,"Honey, don’t look now, but remember how I cleaned out the cupboard when we moved? ..."
3461,3022,2,7,83,92,1.1195652173913044,0.04043005587608424,684,"By any chance, are you a Costco member?"
3226,3022,2,7,83,92,1.1195652173913044,0.04043005587608424,684,"Honey, which way does the trail—

“I think you need to start calling me a different pet name."
2414,3025,0,10,75,85,1.1176470588235294,0.03515378262748217,684,"Come on, Ben. Halloween was weeks ago."
1660,3025,1,8,76,85,1.1176470588235294,0.03893456661937044,684,"Excuse me, have you seen a short friendly  bear with a red shirt?"
2845,3025,0,10,75,85,1.1176470588235294,0.03515378262748217,684,Missing breakfast has made them even more excited to have her  for lunch.
1220,3025,0,10,75,85,1.1176470588235294,0.03515378262748217,684,"Call it what you like, it's a trap!"
2893,3025,1,8,76,85,1.1176470588235294,0.03893456661937044,684,I promise to stop calling you Honey Bear if we get out of this one.
3591,3025,0,10,75,85,1.1176470588235294,0.03515378262748217,684,You don't want to get between a mama and her pancakes.
2938,3031,2,6,78,86,1.1162790697674418,0.04190603994209748,684,Excuse me.  Did you see a buttered biscuit pass this way?
2954,3031,1,8,77,86,1.1162790697674418,0.03850348519824095,684,The bees fired me for taking too much of the profits.
2972,3031,0,10,76,86,1.1162790697674418,0.03476953495797218,684,Smokey self-immolated. Can I help you?
2978,3031,2,6,78,86,1.1162790697674418,0.04190603994209748,684,"So you call her 'Honeybear' too, Jack? Is there something you want to confess?"
3003,3031,2,6,78,86,1.1162790697674418,0.04190603994209748,684,"Hey Goldie, the deal didn't include the baby!"
3028,3031,2,6,78,86,1.1162790697674418,0.04190603994209748,684,So much for 'natural sweetener'
3050,3031,1,8,77,86,1.1162790697674418,0.03850348519824095,684,Oh boy. It thinks we’re pancakes.
3083,3031,0,10,76,86,1.1162790697674418,0.03476953495797218,684,"Don't panic.  Remember, the ranger said they're really sweet."
3096,3031,1,8,77,86,1.1162790697674418,0.03850348519824095,684,"Who's cute now, sticky-whiskers?"
3106,3031,0,10,76,86,1.1162790697674418,0.03476953495797218,684,Honest. Reparative therapy really works. I’m total vegan now.
3180,3031,1,8,77,86,1.1162790697674418,0.03850348519824095,684,When I said 'Honey we should go.' I wasn't talking to you.
3190,3031,1,8,77,86,1.1162790697674418,0.03850348519824095,684,"Well, the good news is he seems to prefer sweet over savory."
3239,3031,0,10,76,86,1.1162790697674418,0.03476953495797218,684,Everything tastes better with honey.  Especially people!
3250,3031,1,8,77,86,1.1162790697674418,0.03850348519824095,684,"Quick, the bear spray and some Sleepytime."
3290,3031,0,10,76,86,1.1162790697674418,0.03476953495797218,684,You look awfully sweet!
3316,3031,1,8,77,86,1.1162790697674418,0.03850348519824095,684,... makes me seem sweeter...
3326,3031,0,10,76,86,1.1162790697674418,0.03476953495797218,684,Have you seen the Tin Woodman? He asked me to lubricate his joints.
3057,3031,3,4,79,86,1.1162790697674418,0.045052347273434934,684,"Quick,release the Honey Badger!"
2935,3031,2,6,78,86,1.1162790697674418,0.04190603994209748,684,"Aw, honey, look!"
2907,3031,2,6,78,86,1.1162790697674418,0.04190603994209748,684,"I would like to be your main squeeze, not Ralph over there."
3338,3031,1,8,77,86,1.1162790697674418,0.03850348519824095,684,"Jesus, it's the dreaded honey bear! You brought toast in your backpack, didn't you!!??"
2465,3031,0,10,76,86,1.1162790697674418,0.03476953495797218,684,She doesn't seem to be as sweet as the last one.
2471,3031,1,8,77,86,1.1162790697674418,0.03850348519824095,684,What do you give someone who has everything?
2477,3031,1,8,77,86,1.1162790697674418,0.03850348519824095,684,I think it's Smokey in drag but I still wouldn't trust him.  See how he's hiding his claws?
2519,3031,1,8,77,86,1.1162790697674418,0.03850348519824095,684,"In these dire times, even the notoriously sweet Honey Bear has tuned sour."
2553,3031,2,6,78,86,1.1162790697674418,0.04190603994209748,684,"Honey?""
""Yes?""
""Honey!"
2575,3031,0,10,76,86,1.1162790697674418,0.03476953495797218,684,'Well they did say we'd be sure of a big surprise'
2590,3031,0,10,76,86,1.1162790697674418,0.03476953495797218,684,"Believer me, she's not as sweet as she looks."
2606,3031,1,8,77,86,1.1162790697674418,0.03850348519824095,684,Stay very still and maybe he'll leave. Or invite us to tea.
2607,3031,1,8,77,86,1.1162790697674418,0.03850348519824095,684,"Don't be scared, he's actually sweet on the inside"
2631,3031,0,10,76,86,1.1162790697674418,0.03476953495797218,684,He's way too big for a honeybear.
2641,3031,0,10,76,86,1.1162790697674418,0.03476953495797218,684,I ain't as sweet as they say I am.
2656,3031,1,8,77,86,1.1162790697674418,0.03850348519824095,684,Quick! Pass me that giant biscuit we've been saving...
2668,3031,1,8,77,86,1.1162790697674418,0.03850348519824095,684,"Now I ask you--could this sweet-smelling, roly-poly, plastic-coated squeezable bruin molest you?"
2669,3031,2,6,78,86,1.1162790697674418,0.04190603994209748,684,"Oops, I think we wandered into the Bear Witch Project."
2678,3031,2,6,78,86,1.1162790697674418,0.04190603994209748,684,"Play dead, sweetie."
2698,3031,1,8,77,86,1.1162790697674418,0.03850348519824095,684,"No, we do not raise bees"
2740,3031,1,8,77,86,1.1162790697674418,0.03850348519824095,684,We'd better get out of here.  I see Bear Pooh in the woods!
2742,3031,1,8,77,86,1.1162790697674418,0.03850348519824095,684,"Sorry, but I had to go. Don’t worry it smells so sweet!"
2757,3031,0,10,76,86,1.1162790697674418,0.03476953495797218,684,I hear granola goes well with honey.  Let’s not find out!
2820,3031,0,10,76,86,1.1162790697674418,0.03476953495797218,684,Be careful. He thinks you have a giant biscuit on your back.
2843,3031,2,6,78,86,1.1162790697674418,0.04190603994209748,684,"Call me ""Honey"" and I'll rip your throat out!"
2926,3031,0,10,76,86,1.1162790697674418,0.03476953495797218,684,"So, Winnie-the-Pooh was a lie?"
3339,3031,1,8,77,86,1.1162790697674418,0.03850348519824095,684,Try to not look like a biscuit!
4419,3031,1,8,77,86,1.1162790697674418,0.03850348519824095,684,"Surprised?  Well, of course there's Smokey, I'm Honey, and there's another one of us you'll meet as well."
3399,3031,0,10,76,86,1.1162790697674418,0.03476953495797218,684,"He's sweet, but I miss that Smokey guy."
4061,3031,1,8,77,86,1.1162790697674418,0.03850348519824095,684,"So...you find yourselves in a tight squeeze.  Just so happens, that's precisely what I need."
4076,3031,0,10,76,86,1.1162790697674418,0.03476953495797218,684,"Sorry if I startled  you , do you have any tea to go with my honey?"
4083,3031,0,10,76,86,1.1162790697674418,0.03476953495797218,684,"No, I mean't honey bear—not honey, bear!"
4084,3031,0,10,76,86,1.1162790697674418,0.03476953495797218,684,I see your name tag--you have the most common name in your neighborhood.
4091,3031,2,6,78,86,1.1162790697674418,0.04190603994209748,684,We must have wandered into the Honeywood Hills.
4101,3031,0,10,76,86,1.1162790697674418,0.03476953495797218,684,Should we tell him we are the type vegans who don't even eat honey?
4120,3031,0,10,76,86,1.1162790697674418,0.03476953495797218,684,"Honey, can I get a squeeze?"
4161,3031,0,10,76,86,1.1162790697674418,0.03476953495797218,684,"Honey, I sure hope that bear doesn't devour us!"
4174,3031,1,8,77,86,1.1162790697674418,0.03850348519824095,684,"Honey beer, honey. Winnie, take a hike!"
4195,3031,0,10,76,86,1.1162790697674418,0.03476953495797218,684,Did someone mention pancakes ?
4254,3031,1,8,77,86,1.1162790697674418,0.03850348519824095,684,If only I brought my tea bag.
4262,3031,1,8,77,86,1.1162790697674418,0.03850348519824095,684,Quick. Hand me the matzoh.
4313,3031,0,10,76,86,1.1162790697674418,0.03476953495797218,684,I'm the original superglue. Are you the original Hansel & Gretel?
4328,3031,0,10,76,86,1.1162790697674418,0.03476953495797218,684,"You don’t have to be afraid, it’s organic."
4361,3031,1,8,77,86,1.1162790697674418,0.03850348519824095,684,"I used to do another thing in the woods, but it was so disgusting  I decided to gather honey instead."
4394,3031,0,10,76,86,1.1162790697674418,0.03476953495797218,684,Anyone have any waffles?
4414,3031,3,4,79,86,1.1162790697674418,0.045052347273434934,684,Whatta you say we all get a little sticky?
3990,3031,1,8,77,86,1.1162790697674418,0.03850348519824095,684,As I said - Becoming an animal tracker will completely change the way you see the world.
4440,3031,2,6,78,86,1.1162790697674418,0.04190603994209748,684,"Ex-squeeze me, folks."
4437,3031,0,10,76,86,1.1162790697674418,0.03476953495797218,684,Costco escapee
4436,3031,2,6,78,86,1.1162790697674418,0.04190603994209748,684,"Uh-oh, sticky situation! Are we toast?"
4048,3031,1,8,77,86,1.1162790697674418,0.03850348519824095,684,I told you not to steal those baby honey packets from the dumpster!
4000,3031,0,10,76,86,1.1162790697674418,0.03476953495797218,684,I’m a little lost.  I belong near the maple syrups.
3972,3031,0,10,76,86,1.1162790697674418,0.03476953495797218,684,He must have seen you smush that bee.
3789,3031,1,8,77,86,1.1162790697674418,0.03850348519824095,684,"No, we haven't seen your delicious kids."
3420,3031,0,10,76,86,1.1162790697674418,0.03476953495797218,684,Would either of you kind humans happen to have some bread and peanut butter to share?
3421,3031,1,8,77,86,1.1162790697674418,0.03850348519824095,684,"Well, if this isn’t a sticky situation, then I don’t know what is."
3422,3031,1,8,77,86,1.1162790697674418,0.03850348519824095,684,Should we give him a quick squeeze and then bolt?
3426,3031,1,8,77,86,1.1162790697674418,0.03850348519824095,684,She's just pissed her hat is always sticky...
3442,3031,0,10,76,86,1.1162790697674418,0.03476953495797218,684,Watch out. This could develop into a very sticky situation.
3469,3031,1,8,77,86,1.1162790697674418,0.03850348519824095,684,Don't squeeze the animals.
3474,3031,1,8,77,86,1.1162790697674418,0.03850348519824095,684,You distract him. I'll grab the chamomile.
3512,3031,0,10,76,86,1.1162790697674418,0.03476953495797218,684,I told you not to have tea outside the tent!
3529,3031,0,10,76,86,1.1162790697674418,0.03476953495797218,684,"Wow, guess we put the squeeze on him a bit too much?"
3532,3031,2,6,78,86,1.1162790697674418,0.04190603994209748,684,Remember -- Open borders. Medicare for All. Gay Rights. Me Too. Safe Spaces. Black Lives Matter. Impeachment. Impeachment. Impeachment!
2444,3031,0,10,76,86,1.1162790697674418,0.03476953495797218,684,Welcome to the Hundred Acre Wood!
3537,3031,2,6,78,86,1.1162790697674418,0.04190603994209748,684,To whom is your call 'honey 'directed?
3571,3031,0,10,76,86,1.1162790697674418,0.03476953495797218,684,"Sometimes you eat the bear, well.. and sometimes the bear eats you."
3595,3031,1,8,77,86,1.1162790697674418,0.03850348519824095,684,Local meat is better for my allergies.
3599,3031,0,10,76,86,1.1162790697674418,0.03476953495797218,684,"No, if you want honey that bad then you squeeze it..."
3612,3031,2,6,78,86,1.1162790697674418,0.04190603994209748,684,"I’m the new spokesperson.
Smoky was too macho."
3628,3031,0,10,76,86,1.1162790697674418,0.03476953495797218,684,"Uhhh, honey . . ."
3632,3031,2,6,78,86,1.1162790697674418,0.04190603994209748,684,I told you we shouldn't have splurged on those honey cakes last night!
3634,3031,1,8,77,86,1.1162790697674418,0.03850348519824095,684,Don't fall for it.  I've heard about this joker before.
3692,3031,0,10,76,86,1.1162790697674418,0.03476953495797218,684,"Don’t worry, he’s only scouring for biscuits"
3706,3031,0,10,76,86,1.1162790697674418,0.03476953495797218,684,"Quick, throw him some of your Swedish Fish!"
3747,3031,2,6,78,86,1.1162790697674418,0.04190603994209748,684,"So now you know, not all bears sh-t in the woods."
3543,3031,0,10,76,86,1.1162790697674418,0.03476953495797218,684,I can bearly see honey here.
3368,3031,1,8,77,86,1.1162790697674418,0.03850348519824095,684,Run...Fructose!
1246,3031,1,8,77,86,1.1162790697674418,0.03850348519824095,684,This must be the sticky situation your guidebook was talking about.
2337,3031,1,8,77,86,1.1162790697674418,0.03850348519824095,684,You gotta help me get out of here! I’m being chased by a wild pooh bear.
504,3031,1,8,77,86,1.1162790697674418,0.03850348519824095,684,"This was the most harmless aparition you could think of, George?""

""Mr. Stay Puft was already haunting Manhattan."
525,3031,1,8,77,86,1.1162790697674418,0.03850348519824095,684,These millennial bears constantly have to be told how sweet they are...
535,3031,2,6,78,86,1.1162790697674418,0.04190603994209748,684,"Smokey-the-Bear,  I think not."
566,3031,2,6,78,86,1.1162790697674418,0.04190603994209748,684,Honey?  I think he stole the kids.
568,3031,0,10,76,86,1.1162790697674418,0.03476953495797218,684,"He looks scary, but he's really sweet."
593,3031,1,8,77,86,1.1162790697674418,0.03850348519824095,684,"Very carefully, hand me the graham crackers and tea..."
605,3031,0,10,76,86,1.1162790697674418,0.03476953495797218,684,"Yeah, I know but it’s decent money."
652,3031,1,8,77,86,1.1162790697674418,0.03850348519824095,684,Honey right behind you...”
694,3031,1,8,77,86,1.1162790697674418,0.03850348519824095,684,Do you have any toast?
459,3031,0,10,76,86,1.1162790697674418,0.03476953495797218,684,Climate change is indeed alarming.
739,3031,2,6,78,86,1.1162790697674418,0.04190603994209748,684,I don’t think we are in a grocery store any more.
822,3031,2,6,78,86,1.1162790697674418,0.04190603994209748,684,Get the toast ready -- I'm going to give him a hug.
824,3031,0,10,76,86,1.1162790697674418,0.03476953495797218,684,"If we give him our pancake mix now, he may go away."
831,3031,0,10,76,86,1.1162790697674418,0.03476953495797218,684,Don't be scared...you know me...I'm sweet!
849,3031,0,10,76,86,1.1162790697674418,0.03476953495797218,684,Do you think it's native to these woods?
867,3031,0,10,76,86,1.1162790697674418,0.03476953495797218,684,"Oh, don't worry.  I'm not your average bear!"
869,3031,1,8,77,86,1.1162790697674418,0.03850348519824095,684,I've come for your graham crackers!
914,3031,1,8,77,86,1.1162790697674418,0.03850348519824095,684,"Hey peoples, do you have any toilet paper I could borrow?"
932,3031,1,8,77,86,1.1162790697674418,0.03850348519824095,684,I TOLD you not to get the wild sourced honey bears!
952,3031,0,10,76,86,1.1162790697674418,0.03476953495797218,684,He looks sweet but you can never tell with wild animals.
817,3031,0,10,76,86,1.1162790697674418,0.03476953495797218,684,"No thanks, we're addicted to high fructose corn syrup."
977,3031,1,8,77,86,1.1162790697674418,0.03850348519824095,684,I really find the taste of flannel and wool too bland too bland  without it.
443,3031,1,8,77,86,1.1162790697674418,0.03850348519824095,684,"No thanks, we just ate."
390,3031,2,6,78,86,1.1162790697674418,0.04190603994209748,684,"What the heck, wheres the organic certification?"
2425,3031,2,6,78,86,1.1162790697674418,0.04190603994209748,684,Looks like we're not the only ones off the reservation.
38,3031,1,8,77,86,1.1162790697674418,0.03850348519824095,684,My superpower is smothering pancakes with sticky sweetness.
69,3031,0,10,76,86,1.1162790697674418,0.03476953495797218,684,"Don't worry, we will help you find Mrs. Butterworth."
122,3031,1,8,77,86,1.1162790697674418,0.03850348519824095,684,I think he smelled tea on our breath.
128,3031,0,10,76,86,1.1162790697674418,0.03476953495797218,684,Can you help me? I was supposed to be the IHOP twenty minutes ago.
129,3031,0,10,76,86,1.1162790697674418,0.03476953495797218,684,"Your portfolio may be doing great, but the bears are still out of work and hungry."
136,3031,2,6,78,86,1.1162790697674418,0.04190603994209748,684,Either bears celebrate Halloween or this just got weird. Not that bears dressing for Halloween isn’t also weird.
140,3031,1,8,77,86,1.1162790697674418,0.03850348519824095,684,Winnie the Pooh has gone commercial.
150,3031,0,10,76,86,1.1162790697674418,0.03476953495797218,684,"Well, it certainly doesn't look organic..."
415,3031,1,8,77,86,1.1162790697674418,0.03850348519824095,684,You catch more bears with honey than vinegar.
163,3031,1,8,77,86,1.1162790697674418,0.03850348519824095,684,Watch out! Tony the Tiger may not be far behind.
190,3031,2,6,78,86,1.1162790697674418,0.04190603994209748,684,I think he wants biscuits.
192,3031,0,10,76,86,1.1162790697674418,0.03476953495797218,684,"Don’t worry, I think he’s domesticated"
255,3031,0,10,76,86,1.1162790697674418,0.03476953495797218,684,You can hug me. Just not too hard. I get light headed.
319,3031,0,10,76,86,1.1162790697674418,0.03476953495797218,684,"No worries, everyone knows she's 100%  U.S. Grade A Pure."
326,3031,1,8,77,86,1.1162790697674418,0.03850348519824095,684,No. I've never even heard of a stickier situation than this.
328,3031,0,10,76,86,1.1162790697674418,0.03476953495797218,684,Reach into my bag slowly and get the bear repellent. Or the teabags.
346,3031,1,8,77,86,1.1162790697674418,0.03850348519824095,684,“Aw...let's invite him to hibernate in our kitchen.”
353,3031,0,10,76,86,1.1162790697674418,0.03476953495797218,684,I have a brother who stays standing on his head!
354,3031,0,10,76,86,1.1162790697674418,0.03476953495797218,684,And here we have a predatory condiment.
189,3031,1,8,77,86,1.1162790697674418,0.03850348519824095,684,"She looks mean on the outside, but she's really sweet inside."
996,3031,0,10,76,86,1.1162790697674418,0.03476953495797218,684,This could turn into a sticky situation.
322,3031,0,10,76,86,1.1162790697674418,0.03476953495797218,684,"Don't worry, it's off-brand!"
1116,3031,0,10,76,86,1.1162790697674418,0.03476953495797218,684,"She looks sweet, but I’d give her organic clover cub back if I were you."
1802,3031,2,6,78,86,1.1162790697674418,0.04190603994209748,684,"No, we’ve never accused you of shitting in the woods!"
1844,3031,1,8,77,86,1.1162790697674418,0.03850348519824095,684,Looks like his memory's been refreshed.
1860,3031,1,8,77,86,1.1162790697674418,0.03850348519824095,684,"No, I said ""Honey, where..."""
1868,3031,1,8,77,86,1.1162790697674418,0.03850348519824095,684,Let's hope he's just looking for a refill.
1917,3031,0,10,76,86,1.1162790697674418,0.03476953495797218,684,Quick! Hide the graham crackers.
1952,3031,0,10,76,86,1.1162790697674418,0.03476953495797218,684,It seems the park ranger wasn't getting carried away with a bad joke after all.
1954,3031,2,6,78,86,1.1162790697674418,0.04190603994209748,684,So that's what happened to all the bees!
1974,3031,1,8,77,86,1.1162790697674418,0.03850348519824095,684,"Give me all your yogurt, nuts, and cheese....and you won't get hurt."
1991,3031,1,8,77,86,1.1162790697674418,0.03850348519824095,684,Why don't you just go and gentrify somewhere else?
1755,3031,1,8,77,86,1.1162790697674418,0.03850348519824095,684,I'm the original Honey BOO!
1998,3031,0,10,76,86,1.1162790697674418,0.03476953495797218,684,We're unionized now. I'd lose my benefits if I attacked.
2045,3031,2,6,78,86,1.1162790697674418,0.04190603994209748,684,"Don't run, we have to give him a bear hug to make him sweet."
2101,3031,0,10,76,86,1.1162790697674418,0.03476953495797218,684,Interesting.  I don't think I packed any.
2175,3031,1,8,77,86,1.1162790697674418,0.03850348519824095,684,I told you he gets runny in the microwave!
2177,3031,1,8,77,86,1.1162790697674418,0.03850348519824095,684,Prétend you’re a cup of tea.
2205,3031,0,10,76,86,1.1162790697674418,0.03476953495797218,684,"Who do you think we are, Hansel & Gretel?"
2222,3031,1,8,77,86,1.1162790697674418,0.03850348519824095,684,Be not afraid.  I come in peace to sweeten your gorp.
2297,3031,1,8,77,86,1.1162790697674418,0.03850348519824095,684,"I'm a little honey pot, short and stout.
Tip me over and pour me out."
997,3031,1,8,77,86,1.1162790697674418,0.03850348519824095,684,"Shhh! Verrrry sloowly, hand me the  corn bread and butter."
2318,3031,1,8,77,86,1.1162790697674418,0.03850348519824095,684,Keep moving or we'll be toast!
2034,3031,0,10,76,86,1.1162790697674418,0.03476953495797218,684,"Bugger off, this is my corner."
1712,3031,2,6,78,86,1.1162790697674418,0.04190603994209748,684,"Look what you’ve gone and done.  Now do you understand how irascible it is when you keep saying, “Honey, does a bear shit in the woods”?"
2167,3031,2,6,78,86,1.1162790697674418,0.04190603994209748,684,It is the attack of the Honey Bear.
1646,3031,2,6,78,86,1.1162790697674418,0.04190603994209748,684,I want a quid pro quo- honey for salmon.
1126,3031,0,10,76,86,1.1162790697674418,0.03476953495797218,684,"Quick, give me a biscuit!"
1155,3031,0,10,76,86,1.1162790697674418,0.03476953495797218,684,I feel bad about the bees.
1158,3031,1,8,77,86,1.1162790697674418,0.03850348519824095,684,This might be a sticky situation.
1180,3031,1,8,77,86,1.1162790697674418,0.03850348519824095,684,Would you like to join us for tea?
1217,3031,0,10,76,86,1.1162790697674418,0.03476953495797218,684,I can’t believe that’s all you think we do in the woods
1228,3031,1,8,77,86,1.1162790697674418,0.03850348519824095,684,I think that the lack of food is getting to us.
1351,3031,0,10,76,86,1.1162790697674418,0.03476953495797218,684,"Quick! Find some warm water, or he's going to blow his top!"
1368,3031,1,8,77,86,1.1162790697674418,0.03850348519824095,684,"Don't worry, it's just a costume."
1649,3031,1,8,77,86,1.1162790697674418,0.03850348519824095,684,"Calm down, I may be raw and unfiltered, but I'm gluten free."
1520,3031,2,6,78,86,1.1162790697674418,0.04190603994209748,684,Be calm... I read that it's not actually bear.
1487,3031,1,8,77,86,1.1162790697674418,0.03850348519824095,684,Have you seen Yogi & Smokey ?
1547,3031,1,8,77,86,1.1162790697674418,0.03850348519824095,684,"Quick, give him those waffles you packed before he stops smiling at us an has a mood change."
1549,3031,0,10,76,86,1.1162790697674418,0.03476953495797218,684,What happened to Smokey the Bear?
1554,3031,1,8,77,86,1.1162790697674418,0.03850348519824095,684,I told you those mushrooms were magic. Introducing local honey.
1121,3031,1,8,77,86,1.1162790697674418,0.03850348519824095,684,Looking for a new squeeze?
1566,3031,1,8,77,86,1.1162790697674418,0.03850348519824095,684,You squeeze from the back and I'll squeeze from the front...
1576,3031,1,8,77,86,1.1162790697674418,0.03850348519824095,684,"Halloween was last week, and you are attracting flies!"
1589,3031,0,10,76,86,1.1162790697674418,0.03476953495797218,684,Didn't I ask you NOT to pack the Gummy Bears?
1591,3031,0,10,76,86,1.1162790697674418,0.03476953495797218,684,Can't you just use the small packets like everyone else does?
1642,3031,0,10,76,86,1.1162790697674418,0.03476953495797218,684,Did someone say product endorsement?
1536,3031,1,8,77,86,1.1162790697674418,0.03850348519824095,684,"While I was hibernating, did you see any clowns pass by?"
1840,3221,0,11,84,95,1.1157894736842104,0.03300262263404133,684,I told you not to leave the ricotta and crostini out last night.
4505,3222,1,8,78,87,1.1149425287356323,0.038081804476895215,684,Be careful. He’s looking for a sweet tooth.
2791,3222,0,10,77,87,1.1149425287356323,0.03439354046699091,684,Should we run or get our leftover bisquits out?
2433,3222,2,6,79,87,1.1149425287356323,0.041443118108781485,684,They said these were extinct!
1790,3222,0,10,77,87,1.1149425287356323,0.03439354046699091,684,Got honey?
1015,3222,1,8,78,87,1.1149425287356323,0.038081804476895215,684,"You think I’m big, wait until you see the size of the Pooh"
2431,3227,0,9,70,79,1.1139240506329113,0.035974592408785144,684,"Be wary of mimicry, humans. It's wasp country in these parts."
1611,3227,1,7,71,79,1.1139240506329113,0.04023358353168818,684,Did you pack any teabags?
2115,3227,2,5,72,79,1.1139240506329113,0.04408300339841241,684,"Hey Bob, can you figure out who is going to eat who?"
1872,3230,1,8,79,88,1.1136363636363635,0.037669221745778726,684,I dare you to stick around
2829,3231,0,9,71,80,1.1125,0.0355505968544673,684,"Well, at least we'll have an endless supply of honey in case he follows us home."
3398,3231,0,9,71,80,1.1125,0.0355505968544673,684,Uh Oh! Things are about to get sticky!
3322,3231,2,5,73,80,1.1125,0.04355176608490089,684,He's demanding either pancakes or waffles !!!
2733,3231,1,7,72,80,1.1125,0.03975299526968241,684,Don’t get between her and her sugar cub!
3295,3231,0,9,71,80,1.1125,0.0355505968544673,684,"I'm sorry, were looking for Winnie the Pooh."
3286,3231,1,7,72,80,1.1125,0.03975299526968241,684,Having women work with men is like having a grizzly bear work with salmon dipped in honey
3217,3231,1,7,72,80,1.1125,0.03975299526968241,684,Quick! Break out those dry granola bars.
3174,3231,0,9,71,80,1.1125,0.0355505968544673,684,"I got lost going to the church pancake breakfast, can you tell me the way to town?"
3161,3231,1,7,72,80,1.1125,0.03975299526968241,684,Love honey if you can bear it!
3140,3231,1,7,72,80,1.1125,0.03975299526968241,684,"Oh great, first Mrs. Butterworth sneezes on us, and now this?"
2965,3231,1,7,72,80,1.1125,0.03975299526968241,684,Uh-Uh... You butt-clicked the H-uber app again.
3031,3231,2,5,73,80,1.1125,0.04355176608490089,684,These woods aren't even close to 100 acres... and how dare you say I look like poo.
2958,3231,0,9,71,80,1.1125,0.0355505968544673,684,I’m afraid I lost my way from the diner!
2924,3231,2,5,73,80,1.1125,0.04355176608490089,684,"Okay, this is either a dream or an advertisement."
2921,3231,0,9,71,80,1.1125,0.0355505968544673,684,"Honey, I think you should have worn the Smokey outfit instead.
Rebecca Hawkins"
2912,3231,1,7,72,80,1.1125,0.03975299526968241,684,Goldilocks! It's so nice of  you to bring your husband and baby to the Teddy Bear's Picnic
2901,3231,0,9,71,80,1.1125,0.0355505968544673,684,I think he said he’s lost his wagon.
2866,3231,0,9,71,80,1.1125,0.0355505968544673,684,Get moving! He's about to squirt his spout!
3453,3231,0,9,71,80,1.1125,0.0355505968544673,684,Careful Honey!  I doubt its BPA-free.
2744,3231,0,9,71,80,1.1125,0.0355505968544673,684,"He looks sweet, but he is dangerous"
2827,3231,0,9,71,80,1.1125,0.0355505968544673,684,Should we clean the poor dear's cap?
3110,3231,1,7,72,80,1.1125,0.03975299526968241,684,"Be careful. They look sweet, but they'll tear your diet apart."
3494,3231,0,9,71,80,1.1125,0.0355505968544673,684,Look- He knows what he wants and he's going for it.
4390,3231,1,7,72,80,1.1125,0.03975299526968241,684,Branded bears?!  What would Gerald Durrell do?
3542,3231,0,9,71,80,1.1125,0.0355505968544673,684,"Don’t make eye contact with him, Elizabeth, he might have corn syrup!"
2643,3231,1,7,72,80,1.1125,0.03975299526968241,684,"Honey, I'm beary scared right now."
4516,3231,0,9,71,80,1.1125,0.0355505968544673,684,Who are you calling sweet?
4512,3231,1,7,72,80,1.1125,0.03975299526968241,684,I thought you were kidding about hanging our pancakes in the bear bag.
4509,3231,1,7,72,80,1.1125,0.03975299526968241,684,Excuse me. May I borrow a cup of honey?
4451,3231,1,7,72,80,1.1125,0.03975299526968241,684,Well isn't this a sticky situation.
4389,3231,0,9,71,80,1.1125,0.0355505968544673,684,"Where do you think he got that costume?”
“Probably Etsy"
4369,3231,0,9,71,80,1.1125,0.0355505968544673,684,You can’t stay in your corner of the Forest waiting for others to come to you. You have to go to them sometimes.
4352,3231,0,9,71,80,1.1125,0.0355505968544673,684,"Oh my God, Jeff it's a angry, yet delicious beeear!"
4249,3231,1,7,72,80,1.1125,0.03975299526968241,684,Can you tell us how to get to Aunt Jemima's house?
4243,3231,2,5,73,80,1.1125,0.04355176608490089,684,"I may appear mean outside, but I'm full of honey inside!"
4205,3231,0,9,71,80,1.1125,0.0355505968544673,684,Whoa. This augmented reality thing is too much.
4131,3231,0,9,71,80,1.1125,0.0355505968544673,684,My Heart Minds only Honey!
3538,3231,1,7,72,80,1.1125,0.03975299526968241,684,"Be careful! From the looks of things, she's been feeding her young."
4102,3231,0,9,71,80,1.1125,0.0355505968544673,684,Vegan karma
3991,3231,0,9,71,80,1.1125,0.0355505968544673,684,I'm the first Test-Jar Pooh-B.
3933,3231,1,7,72,80,1.1125,0.03975299526968241,684,"Among the other more immediate problems, ""Honey Bear"" was just eliminated as a pet name."
3924,3231,2,5,73,80,1.1125,0.04355176608490089,684,It was either this or bear stew.
3907,3231,0,9,71,80,1.1125,0.0355505968544673,684,Let’s run for it.  I thought they were extinct..
3881,3231,1,7,72,80,1.1125,0.03975299526968241,684,I was just trying to introduce myself. You didn’t hear the second “Boo?”
3835,3231,2,5,73,80,1.1125,0.04355176608490089,684,Have you seen that cannibalistic SOB Winnie?
3726,3231,0,9,71,80,1.1125,0.0355505968544673,684,Uh-oh! We should run before this gets any stickier.
3715,3231,2,5,73,80,1.1125,0.04355176608490089,684,"Quick!  Quietly hand me the bread, then do something to make it look down..."""
3693,3231,0,9,71,80,1.1125,0.0355505968544673,684,I think I’ll pass. The risk far outweighs the reward.
3681,3231,0,9,71,80,1.1125,0.0355505968544673,684,"Don’t be scared,  as I am actually a very Sweet Bear."
3633,3231,0,9,71,80,1.1125,0.0355505968544673,684,"This is going to sound crazy, but I think we should eat him."
3584,3231,1,7,72,80,1.1125,0.03975299526968241,684,"He’s probably harmless because they’re raw, wild and natural."
4079,3231,1,7,72,80,1.1125,0.03975299526968241,684,"If we were flies, I'd be worried..."
2626,3231,1,7,72,80,1.1125,0.03975299526968241,684,Care to join me for waffles?
1516,3231,1,7,72,80,1.1125,0.03975299526968241,684,"Yikes, he didn't age well...you are what you eat I guess."
2582,3231,0,9,71,80,1.1125,0.0355505968544673,684,I'm not sure if I should be afraid or not.
1183,3231,0,9,71,80,1.1125,0.0355505968544673,684,Only YOU can prevent forest littering.
1086,3231,1,7,72,80,1.1125,0.03975299526968241,684,"Have you gone off your paleo diet, Brad?"
840,3231,0,9,71,80,1.1125,0.0355505968544673,684,"Yeah, you SHOULD be scared. If I had legs you'd already be so sticky you'd be bothered until you got to a sink."
746,3231,1,7,72,80,1.1125,0.03975299526968241,684,"Oh no! It's the ... Mythical Bear of Product Placement*! 
(*Brought to you by The Condiment Council.)"
715,3231,0,9,71,80,1.1125,0.0355505968544673,684,I think it can't be a grisly bear
624,3231,0,9,71,80,1.1125,0.0355505968544673,684,"My Halloween outfit was so popular, I no longer have to run and hide from hunters and get great snacks from hikers."
603,3231,1,7,72,80,1.1125,0.03975299526968241,684,We're safe - we don't look like pancakes !
587,3231,0,9,71,80,1.1125,0.0355505968544673,684,"Smoky is gone, if not vegan, I'm at least vegetarian..."
579,3231,2,5,73,80,1.1125,0.04355176608490089,684,"Should we tell him that BEES are the ones that make honey, not bears?"
578,3231,0,9,71,80,1.1125,0.0355505968544673,684,He probably just wants our tea cups.
470,3231,1,7,72,80,1.1125,0.03975299526968241,684,"The Beatles said: ""Honey. Don't"" and now two of them are dead. Don't make the same mistake."
467,3231,0,9,71,80,1.1125,0.0355505968544673,684,"Okay, we’ll find you another pet name."
433,3231,0,9,71,80,1.1125,0.0355505968544673,684,"Psst, you like the pure stuff?"
431,3231,0,9,71,80,1.1125,0.0355505968544673,684,"No, he doesn't look too sweet to attack."
387,3231,0,9,71,80,1.1125,0.0355505968544673,684,You were right to bring maple syrup.
304,3231,0,9,71,80,1.1125,0.0355505968544673,684,"Don't worry, he can't catch us.  He doesn't have legs."
302,3231,1,7,72,80,1.1125,0.03975299526968241,684,Do you have anything to treat bee stings?
130,3231,1,7,72,80,1.1125,0.03975299526968241,684,"Whatever you do, don’t act like a complementary food."
120,3231,0,9,71,80,1.1125,0.0355505968544673,684,But it's the healthy kind of sugar.
111,3231,2,5,73,80,1.1125,0.04355176608490089,684,"Aunt Jemimah’s released the bears. The Hunger Games have truly begun, then. Funny because hunger in the book and movie franchise refers to famine but in this case can also mean aaaaaaaaaah fuck my fucking legs are being ripped off by a fucking bear"
76,3231,0,9,71,80,1.1125,0.0355505968544673,684,Keep an eye out for a swarm of bees.
1241,3231,0,9,71,80,1.1125,0.0355505968544673,684,"Seems you can't escape non-degradable plastic, not even in the forest...."
1293,3231,0,9,71,80,1.1125,0.0355505968544673,684,I thought I smelled Patagonia.
1267,3231,0,9,71,80,1.1125,0.0355505968544673,684,He can't see you if you don't move.
2170,3231,1,7,72,80,1.1125,0.03975299526968241,684,"I've got a bone to pick with the Pillsbury Dough Boy.
or
Goldilocks is not as sexy as she thinks she is.
or 
Ah, human sushi. 
or 
I'm just waiting on Ginger and Wasabe to show up, so we can have human sushi"
2579,3231,1,7,72,80,1.1125,0.03975299526968241,684,He looks angry Carl....  No more Winnie the Poo jokes please...
2532,3231,2,5,73,80,1.1125,0.04355176608490089,684,"Eat one of your Keto bars, this is going to take time.."
2505,3231,2,5,73,80,1.1125,0.04355176608490089,684,"Sometimes you eat what's inside the bear, and sometimes the bear eats all of you."
2298,3231,0,9,71,80,1.1125,0.0355505968544673,684,Wait ‘til our listeners hear this! Our podcast is on fire!
2277,3231,0,9,71,80,1.1125,0.0355505968544673,684,Smokey the Bear lost the naming rights.
2252,3231,1,7,72,80,1.1125,0.03975299526968241,684,"Careful, he's an Ezy-Squeeze bear"
2220,3231,0,9,71,80,1.1125,0.0355505968544673,684,Back away slowly and get out the baked brie.
2201,3231,1,7,72,80,1.1125,0.03975299526968241,684,"Oh sure, he seems sweet, but don’t break out the granola”..."
2192,3231,1,7,72,80,1.1125,0.03975299526968241,684,We need to make the best of a sticky situation.
2184,3231,0,9,71,80,1.1125,0.0355505968544673,684,"Harry, I told you those mushrooms you found were not the chanterelles that you usually use in your trail lasagna."
1314,3231,2,5,73,80,1.1125,0.04355176608490089,684,"Lions and Tigers and GMO Bears, Oh My!"
2594,3231,1,7,72,80,1.1125,0.03975299526968241,684,Do you think that's your husband?
1981,3231,0,9,71,80,1.1125,0.0355505968544673,684,I thought Honey Bears were supposed to be sweet
1922,3231,1,7,72,80,1.1125,0.03975299526968241,684,Halloween is not only for humans you know!
1786,3231,0,9,71,80,1.1125,0.0355505968544673,684,I guess it's better than giant bees?
1782,3231,0,9,71,80,1.1125,0.0355505968544673,684,Winnie the Pooh is stalking her.
1765,3231,0,9,71,80,1.1125,0.0355505968544673,684,"I can offer you diabetes or a vicious mauling"""
1648,3231,3,3,74,80,1.1125,0.04704478744044291,684,"hail humans, I come in peace."
1572,3231,0,9,71,80,1.1125,0.0355505968544673,684,"Please don’t make fun dear, Smoky had to do something after his fire prevention gig ended."
1522,3231,0,9,71,80,1.1125,0.0355505968544673,684,Careful.  There are bees EVERYWHERE.
1511,3231,2,5,73,80,1.1125,0.04355176608490089,684,"Yes, I'm real!
Just be glad the real pooh bear isn't here."
1473,3231,0,9,71,80,1.1125,0.0355505968544673,684,I know Halloween was last week but it lulls the tourists into a very sweet complacency.
1992,3231,0,9,71,80,1.1125,0.0355505968544673,684,He’s not as sweet as he seems.
3728,3334,0,10,79,89,1.1123595505617978,0.03366527782977937,684,What's that bear doing in the woods?
3208,3334,1,8,80,89,1.1123595505617978,0.037265447082644954,684,Gonna be a real lack of pollination this year.
754,3334,1,8,80,89,1.1123595505617978,0.037265447082644954,684,Don’t
1509,3334,1,8,80,89,1.1123595505617978,0.037265447082644954,684,I know you’re hungry  but I heard theses particular trail bears can carry botulinum
1208,3334,1,8,80,89,1.1123595505617978,0.037265447082644954,684,Robotic... Part of Honey Hive Farms' new ad campaign.
3214,3339,0,9,74,83,1.108433734939759,0.03433618941078538,684,He doesn't look very sweet
3146,3339,1,7,75,83,1.108433734939759,0.03837749683764797,684,Don’t panic. I’ll run and you play bread.
3128,3339,1,7,75,83,1.108433734939759,0.03837749683764797,684,"Honey, I think the mushrooms went bad?!"
3122,3339,0,9,74,83,1.108433734939759,0.03433618941078538,684,"""Honey, can we please keep him?"""
2996,3339,0,9,74,83,1.108433734939759,0.03433618941078538,684,Well I'm sorry to disappoint you but Smokey is busy in California.
2975,3339,1,7,75,83,1.108433734939759,0.03837749683764797,684,"Honey, you see that bear?"
2944,3339,1,7,75,83,1.108433734939759,0.03837749683764797,684,Honey what is that sweety? Get it? Because honey? Like the bear? Honey is sweet? Like you my love? Get it? Get it? Ok. Once your lawyer looks over it all we can finalize the divorce.
2864,3339,0,9,74,83,1.108433734939759,0.03433618941078538,684,He must be a bad carb.
2849,3339,0,9,74,83,1.108433734939759,0.03433618941078538,684,Careful with the bearhug--his top comes off if you squeeze too hard.
2828,3339,1,7,75,83,1.108433734939759,0.03837749683764797,684,I told you not to squeeze him.
2810,3339,1,7,75,83,1.108433734939759,0.03837749683764797,684,Drop to the ground and play bread.
4488,3339,1,7,75,83,1.108433734939759,0.03837749683764797,684,"Honey,  let's not get fooled by his sweetness."
4376,3339,0,9,74,83,1.108433734939759,0.03433618941078538,684,I think we interrupted him.
2752,3339,2,5,76,83,1.108433734939759,0.042032019030663156,684,"Excuse me, did you call him Honey Bear"
2741,3339,2,5,76,83,1.108433734939759,0.042032019030663156,684,"Vinegar Bear"" wasn't getting the desired results"
2739,3339,0,9,74,83,1.108433734939759,0.03433618941078538,684,"Oh, my! OWSLEY STANLEY  is still  with us!"
2715,3339,0,9,74,83,1.108433734939759,0.03433618941078538,684,"HONEY, honey?"
2705,3339,2,5,76,83,1.108433734939759,0.042032019030663156,684,"Finally, something savory!"
2665,3339,1,7,75,83,1.108433734939759,0.03837749683764797,684,"I”m sweet, yet nonetheless disconcerting."
2661,3339,0,9,74,83,1.108433734939759,0.03433618941078538,684,He doesn't want to eat you; he just wants a big hug.
2483,3339,0,9,74,83,1.108433734939759,0.03433618941078538,684,Don't say a word about my outfit unless you want to see yourselves mauled on my YouTube chanell.
2476,3339,1,7,75,83,1.108433734939759,0.03837749683764797,684,If he thinks we look like pancakes we're in big trouble.
2421,3339,1,7,75,83,1.108433734939759,0.03837749683764797,684,"It was inevitable.  All day long, day after day, it was always maple, strawberry or blueberry.  Finally, he reached his breaking point, and he bolted."
2367,3339,1,7,75,83,1.108433734939759,0.03837749683764797,684,"It’s true, you can catch more guys with honey."
3256,3339,0,9,74,83,1.108433734939759,0.03433618941078538,684,"Quick, unpack the corn bread!"
2779,3339,0,9,74,83,1.108433734939759,0.03433618941078538,684,Oh that? It's just our version of eharmony.com
3311,3339,0,9,74,83,1.108433734939759,0.03433618941078538,684,"He is sticky, not sweet."
3510,3339,1,7,75,83,1.108433734939759,0.03837749683764797,684,It smells more like Pooh than honey!
4377,3339,0,9,74,83,1.108433734939759,0.03433618941078538,684,"Careful dear, you know what they say about catching flies...!"
2356,3339,1,7,75,83,1.108433734939759,0.03837749683764797,684,It starts as sweetness but before you know it you can't bear it anymore.
4348,3339,1,7,75,83,1.108433734939759,0.03837749683764797,684,We're still too close to the nearest IHOP.
4280,3339,0,9,74,83,1.108433734939759,0.03433618941078538,684,"As a volunteer for the Leave No Trace movement, welcome to the Appalachian Trail."
4231,3339,0,9,74,83,1.108433734939759,0.03433618941078538,684,We either run or make some biscuits.
4182,3339,1,7,75,83,1.108433734939759,0.03837749683764797,684,It's OK... Our diet is only 5% of total calories from polysaccharides!
4109,3339,1,7,75,83,1.108433734939759,0.03837749683764797,684,Did someone forget to close my lid?
4062,3339,1,7,75,83,1.108433734939759,0.03837749683764797,684,"Very slowly, open your backpack and throw him the Bisquick."
3929,3339,0,9,74,83,1.108433734939759,0.03433618941078538,684,This is why I told you to only pack canned goods!
3925,3339,0,9,74,83,1.108433734939759,0.03433618941078538,684,"Yes, Bears pour in the woods."
3879,3339,2,5,76,83,1.108433734939759,0.042032019030663156,684,Costco Sued after Grand Opening of Enchanted Forrest Branch
3278,3339,0,9,74,83,1.108433734939759,0.03433618941078538,684,"Honey Badger don't care, but Honey Pooh Bear cares. Leave!"
3878,3339,1,7,75,83,1.108433734939759,0.03837749683764797,684,It's a honey. Give it a squeeze.
3830,3339,1,7,75,83,1.108433734939759,0.03837749683764797,684,"Oh, it's not even real."
3822,3339,0,9,74,83,1.108433734939759,0.03433618941078538,684,It's guaranted fresh. I harvested it myself!
3815,3339,1,7,75,83,1.108433734939759,0.03837749683764797,684,Did someone mention sweet emails? Yum
3810,3339,1,7,75,83,1.108433734939759,0.03837749683764797,684,Don't be scared.  I just need a squeeze and a hug!
3804,3339,0,9,74,83,1.108433734939759,0.03433618941078538,684,Wanna party?
3702,3339,1,7,75,83,1.108433734939759,0.03837749683764797,684,He's just a decoy.I think real bear trouble is on the way
3695,3339,0,9,74,83,1.108433734939759,0.03433618941078538,684,I had no idea that bears observe Halloween!
3691,3339,0,9,74,83,1.108433734939759,0.03433618941078538,684,Don’t be alarmed!  Smokey’s my cousin.
3679,3339,1,7,75,83,1.108433734939759,0.03837749683764797,684,I warned you to stop calling me pet names.
3619,3339,1,7,75,83,1.108433734939759,0.03837749683764797,684,"Hey pal, mind your own beeswax!"
3536,3339,1,7,75,83,1.108433734939759,0.03837749683764797,684,Is it vegan?
3852,3339,2,5,76,83,1.108433734939759,0.042032019030663156,684,Pooh! Did I scare you?
2266,3339,1,7,75,83,1.108433734939759,0.03837749683764797,684,"Move slowly, like he just covered you."
1630,3339,1,7,75,83,1.108433734939759,0.03837749683764797,684,"Where, exactly, did you put the leftover waffles?"
2171,3339,0,9,74,83,1.108433734939759,0.03433618941078538,684,I really hope you remembered the pancakes!
910,3339,0,9,74,83,1.108433734939759,0.03433618941078538,684,"You tell Winnie, he's dead to me."
785,3339,1,7,75,83,1.108433734939759,0.03837749683764797,684,"It was then, I blew my top!"
740,3339,0,9,74,83,1.108433734939759,0.03433618941078538,684,He’s been following me everywhere since I stopped eating sugar.
687,3339,0,9,74,83,1.108433734939759,0.03433618941078538,684,"Quick, throw your tea on the ground to distract him.”"
655,3339,2,5,76,83,1.108433734939759,0.042032019030663156,684,I think we are going to be in a sticky predicament.
653,3339,2,5,76,83,1.108433734939759,0.042032019030663156,684,Reach into my pack slowly and remove the soppapillas
553,3339,0,9,74,83,1.108433734939759,0.03433618941078538,684,I don't issue warnings like Smokey.
519,3339,2,5,76,83,1.108433734939759,0.042032019030663156,684,I told you that your bad eating habits would come back to haunt you
517,3339,1,7,75,83,1.108433734939759,0.03837749683764797,684,Only YOU can prevent biscuit dryness!
464,3339,1,7,75,83,1.108433734939759,0.03837749683764797,684,When you’ve put everything in the bear box except the herbal tea.
943,3339,1,7,75,83,1.108433734939759,0.03837749683764797,684,I believe this is where honey comes from.
463,3339,0,9,74,83,1.108433734939759,0.03433618941078538,684,Quick play dead! Or is that for syrup bears?
365,3339,1,7,75,83,1.108433734939759,0.03837749683764797,684,"Be careful, she might be a honeypot."
350,3339,1,7,75,83,1.108433734939759,0.03837749683764797,684,"I told you not to call me ""Honey"" out here."
283,3339,1,7,75,83,1.108433734939759,0.03837749683764797,684,Only you can prevent bland sopapillas.
268,3339,1,7,75,83,1.108433734939759,0.03837749683764797,684,Give me another bite of that energy bar.
112,3339,1,7,75,83,1.108433734939759,0.03837749683764797,684,"You save yourself, I'll make tea."
65,3339,1,7,75,83,1.108433734939759,0.03837749683764797,684,I'm sure another bear would come by to eat him.
31,3339,1,7,75,83,1.108433734939759,0.03837749683764797,684,"In reality, Smokey had diabetes."
11,3339,2,5,76,83,1.108433734939759,0.042032019030663156,684,Wouldn't it BEE sweet if we were friends?
10,3339,1,7,75,83,1.108433734939759,0.03837749683764797,684,We’ll stick around if we squeeze together.
2208,3339,3,3,77,83,1.108433734939759,0.045393270250824395,684,"He says he was just looking for IHOP and got lost, but I don't know."
446,3339,0,9,74,83,1.108433734939759,0.03433618941078538,684,"Sorry, but I'm allergic to nuts."
953,3339,1,7,75,83,1.108433734939759,0.03837749683764797,684,Don't worry. That's precum. It comes from the Cowper's gland and has absolutely no sperm in it.
46,3339,1,7,75,83,1.108433734939759,0.03837749683764797,684,Don't worry Honey
1118,3339,1,7,75,83,1.108433734939759,0.03837749683764797,684,"You haven't by chance packed anywaffles, have you?"
2147,3339,1,7,75,83,1.108433734939759,0.03837749683764797,684,I do this in the woods instead...
2136,3339,0,9,74,83,1.108433734939759,0.03433618941078538,684,Who knew bears wore costumes?
2093,3339,1,7,75,83,1.108433734939759,0.03837749683764797,684,Are you guys organic?
2082,3339,1,7,75,83,1.108433734939759,0.03837749683764797,684,How you like 'em waffles?!
2069,3339,0,9,74,83,1.108433734939759,0.03433618941078538,684,"But, we’re vegan!"
2044,3339,0,9,74,83,1.108433734939759,0.03433618941078538,684,"I thought that""When you go down in the woods today, the bears....."" was just a kid's song!"
2035,3339,1,7,75,83,1.108433734939759,0.03837749683764797,684,I told you not to Pooh Pooh the locals.
1888,3339,1,7,75,83,1.108433734939759,0.03837749683764797,684,"Marilyn, I thought I was your main squeeze."
1799,3339,0,9,74,83,1.108433734939759,0.03433618941078538,684,I'm the honey badgers worst nightmare
1752,3339,0,9,74,83,1.108433734939759,0.03433618941078538,684,"Slowly...get out the bread and peanut butter, then run for it..."
1742,3339,2,5,76,83,1.108433734939759,0.042032019030663156,684,I thought you said Bushwick was cool with vegans
1837,3339,1,7,75,83,1.108433734939759,0.03837749683764797,684,"They told us to sing songs while hiking in the woods, but did you have to choose such a mellifluous melody?"
1492,3339,0,9,74,83,1.108433734939759,0.03433618941078538,684,"Don't worry, I don't bite!  I am a little sticky though..."
1136,3339,0,9,74,83,1.108433734939759,0.03433618941078538,684,"I'm looking for Smokie, I promised the Three Bears we would have Honey Smoked Ham."
1239,3339,0,9,74,83,1.108433734939759,0.03433618941078538,684,I'd hate to see you two gut stung. You're gonna need some honey bee protection.
1605,3339,0,9,74,83,1.108433734939759,0.03433618941078538,684,Careful he can be Sticky!
1361,3339,2,5,76,83,1.108433734939759,0.042032019030663156,684,I think he saw us pack the cub
1382,3339,1,7,75,83,1.108433734939759,0.03837749683764797,684,"Let’s try a squeeze play,then run home"
1274,3339,1,7,75,83,1.108433734939759,0.03837749683764797,684,It appears we're in a sticky situation.
1437,3339,2,5,76,83,1.108433734939759,0.042032019030663156,684,You forgot to pack bear spray?  What about graham crackers?
1443,3339,2,5,76,83,1.108433734939759,0.042032019030663156,684,This is quickly becoming a sticky situation
1483,3339,0,9,74,83,1.108433734939759,0.03433618941078538,684,We've gotten ourselves into a sticky situation here.
1421,3339,0,9,74,83,1.108433734939759,0.03433618941078538,684,"‘“What do you think, honey”?"
1046,3339,1,7,75,83,1.108433734939759,0.03837749683764797,684,The ghost of pancakes past!
2525,3445,2,6,85,93,1.10752688172043,0.03886649447231017,684,We're stucked.
4312,3446,0,9,75,84,1.1071428571428572,0.03394951342095419,684,You’ve gotten us in another sticky situation.
1984,3446,2,5,77,84,1.1071428571428572,0.04154868140879177,684,I thought you just called me: Hey honey!
3853,3446,1,7,76,84,1.1071428571428572,0.0379398365068224,684,"Uh oh, I’m afraid we’re in a sticky situation now."
3166,3446,1,7,76,84,1.1071428571428572,0.0379398365068224,684,"Oops,another head banger."
2600,3446,0,9,75,84,1.1071428571428572,0.03394951342095419,684,"Honey, while I'm aware you're hungry it seems risky"
2458,3446,1,7,76,84,1.1071428571428572,0.0379398365068224,684,"Honey, slowly back away."
1816,3446,1,7,76,84,1.1071428571428572,0.0379398365068224,684,"Honey"" is a LOT better than ""Human"""
1191,3446,0,9,75,84,1.1071428571428572,0.03394951342095419,684,"Oh, stop staring. It was the only warm clothing I had and you know it."
1065,3446,1,7,76,84,1.1071428571428572,0.0379398365068224,684,Looks like High Fructose the Bear has a new image.
935,3446,1,7,76,84,1.1071428571428572,0.0379398365068224,684,It’s a trap!
176,3446,0,9,75,84,1.1071428571428572,0.03394951342095419,684,Offer him some crackers and tea.
1372,3446,0,9,75,84,1.1071428571428572,0.03394951342095419,684,This bear is in a rather sticky spot!
4459,3458,0,9,76,85,1.1058823529411765,0.033571402278047356,684,"It’s OK, he looks well nourished."
814,3458,1,7,77,85,1.1058823529411765,0.03751201268570391,684,Graham?
2391,3458,2,5,78,85,1.1058823529411765,0.04107630875030445,684,"I told you not to pack Earl Grey, honey bears can smell it every time!"
2804,3461,0,9,77,86,1.1046511627906976,0.03320157631219844,684,"I tried squeezing this guy, and it sure wasn’t honey that came out."
3712,3461,2,5,79,86,1.1046511627906976,0.040614533015286,684,This is a sticky situation as she41a1-b677-9ef4654343cf%22%2C%22session_count%22:1%2C%22last_session_ts%22:1573321881
4209,3463,0,9,78,87,1.103448275862069,0.032839767809852885,684,"A shit, I forgot my watch."
2258,3464,0,8,71,79,1.1012658227848102,0.034158577388959076,684,This situation is about to get sticky!
2057,3465,0,9,80,89,1.101123595505618,0.03213918840153681,684,Seen a bear looking like a pancake?
2632,3465,0,9,80,89,1.101123595505618,0.03213918840153681,684,Death is not the end.
4190,3467,0,8,72,80,1.1,0.033752637027780724,684,I thought when you yelled “Honey” you were being romantic!
3400,3467,3,2,75,80,1.1,0.045701286578571386,684,Do not mention you had an avocado toast this morning.
3070,3467,0,8,72,80,1.1,0.033752637027780724,684,She says she has a score to settle with Mrs. Butterworth.
3419,3467,1,6,73,80,1.1,0.03815358702051022,684,QUICK! Gimme the pancakes.
1565,3467,0,8,72,80,1.1,0.033752637027780724,684,I'm not Smokey the Bear or Paddington or Poo or Baloo. I'm just honey.
663,3467,0,8,72,80,1.1,0.033752637027780724,684,Well THIS bear doesn't do that in the woods.
240,3467,0,8,72,80,1.1,0.033752637027780724,684,"I'm sorry, Hundred Acre Wood is an animal reserve"
2238,3467,0,8,72,80,1.1,0.033752637027780724,684,I thought you told him we only had room for the maple syrup.
3111,3475,1,6,74,81,1.0987654320987654,0.037699830826178934,684,I thought you canceled the Costco home delivery
4508,3475,0,8,73,81,1.0987654320987654,0.03335618786692912,684,We're not lost.  We're in a refrigerator.
4402,3475,0,8,73,81,1.0987654320987654,0.03335618786692912,684,"Chin up! As Pooh so keenly observed, ""You can't stay in your corner of the Forest waiting for others to come to you!"""
4368,3475,0,8,73,81,1.0987654320987654,0.03335618786692912,684,"I said, it's a honeybear, not honey, it's a bear."
3760,3475,1,6,74,81,1.0987654320987654,0.037699830826178934,684,Help prevent unsweetened tea
3554,3475,1,6,74,81,1.0987654320987654,0.037699830826178934,684,... I told you we shouldn't have eaten those honey and mushroom sandwiches.
3499,3475,0,8,73,81,1.0987654320987654,0.03335618786692912,684,Oh No! We've gotten between her and her cupcakes!
3346,3475,1,6,74,81,1.0987654320987654,0.037699830826178934,684,"I'm sorry, for some reason ""Gummy"" just slipped out."
3266,3475,0,8,73,81,1.0987654320987654,0.03335618786692912,684,It says that it’s not available in supermarkets.
3254,3475,0,8,73,81,1.0987654320987654,0.03335618786692912,684,"Oh my, so you didn't mean that as a forest context term of endearment..."
3207,3475,0,8,73,81,1.0987654320987654,0.03335618786692912,684,"John,do you have toast?"
2667,3475,2,4,75,81,1.0987654320987654,0.04159229759980991,684,Careful. A honey trap unlikely though it may be.
2352,3475,1,6,74,81,1.0987654320987654,0.037699830826178934,684,"Well this sure is a twist on ""Blueberries for Sal""!"
2066,3475,0,8,73,81,1.0987654320987654,0.03335618786692912,684,"Now that I know what he does in the woods, I've re-thought my aversion to sugar."
209,3475,1,6,74,81,1.0987654320987654,0.037699830826178934,684,"See, I told you the delivery would arrive in time for your lemon ginger tea. Shenandoah is within the scope."
341,3475,0,8,73,81,1.0987654320987654,0.03335618786692912,684,Looks like we've stumbled upon the teddy bears' picnic.
479,3475,0,8,73,81,1.0987654320987654,0.03335618786692912,684,It didn't like being called Gummi.
693,3475,1,6,74,81,1.0987654320987654,0.037699830826178934,684,"Oooooh, did you bring the pancakes?"
114,3475,0,8,73,81,1.0987654320987654,0.03335618786692912,684,The Bees have become creative in disguising their Hives
1595,3475,0,8,73,81,1.0987654320987654,0.03335618786692912,684,Obviously this fella likes his food with honey. Do we freeze or run?
1600,3475,0,8,73,81,1.0987654320987654,0.03335618786692912,684,I stand in solidarity with the bees.
1828,3475,0,8,73,81,1.0987654320987654,0.03335618786692912,684,The eyes...  Run!
1045,3475,1,6,74,81,1.0987654320987654,0.037699830826178934,684,Don't worry -- they only attack infants under one.
4060,3498,1,6,75,82,1.0975609756097562,0.037256712967120645,684,"Invite me for tea, or this situation is gonna get sticky!"
4371,3498,1,6,75,82,1.0975609756097562,0.037256712967120645,684,The rumors are true. Winnie has been eating the GMO brand.
80,3498,0,8,74,82,1.0975609756097562,0.03296890260324238,684,Only you can prevent biscuits that need honey.
1389,3498,0,8,74,82,1.0975609756097562,0.03296890260324238,684,"Careful, it must be mating season."
2128,3498,0,8,74,82,1.0975609756097562,0.03296890260324238,684,"It’s too c-c-c-cold to suffer with a bare behind; no matter
how sweet he seems to be!"
2129,3498,0,8,74,82,1.0975609756097562,0.03296890260324238,684,Darwin was right!
2323,3498,1,6,75,82,1.0975609756097562,0.037256712967120645,684,"Honey, you're too sweet it's scaring me!"
2517,3498,1,6,75,82,1.0975609756097562,0.037256712967120645,684,"Quick, get the bread out.  I'll squeeze."
4210,3498,2,4,76,82,1.0975609756097562,0.04109959590271843,684,Honey Bear don't take no S#$% from no one!
4053,3507,1,6,76,83,1.0963855421686748,0.03682386470551302,684,"Don't squeeze us, we won't squeeze you."
2639,3507,1,6,76,83,1.0963855421686748,0.03682386470551302,684,"You may not want to call me Dear either."""
1817,3507,0,8,75,83,1.0963855421686748,0.03259046872291925,684,Nobody listened to Smokey.
1309,3507,0,8,75,83,1.0963855421686748,0.03259046872291925,684,Trick or Treat!  I'm not buying it.
329,3507,0,8,75,83,1.0963855421686748,0.03259046872291925,684,I  still  have doubts  as to her good intentions
1092,3512,1,6,77,84,1.0952380952380953,0.03640093409748079,684,My forest survival handbook didn't say anything about encountering giant living bottles of honey!
1174,3513,1,6,78,85,1.0941176470588236,0.035987585051031695,684,"Only y'all can prevent mispronunciations. 
This is the ""Appa-LATCH-uh""  trail, not ""Appa-LAY-shuh""."
755,3513,0,8,77,85,1.0941176470588236,0.0318589741358273,684,"Don't tell me they've replaced Pooh, when did this happen?"
1577,3515,0,7,68,75,1.0933333333333333,0.033816320668333254,684,"Stay perfectly still. Also, where is my tea cup?"
945,3515,1,5,69,75,1.0933333333333333,0.038780199895099864,684,What would you like in your tea?
2546,3517,0,8,78,86,1.0930232558139534,0.03150535522951525,684,"Theoretically, Rabbi, it could be Vermont"
3109,3518,1,5,70,76,1.0921052631578947,0.03828623305753544,684,"I know it's risky, but I have an overwhelming desire to dip him in tea."
3105,3518,1,5,70,76,1.0921052631578947,0.03828623305753544,684,"On second thought, I am not sure that honey IS environmentally friendly."
3082,3518,0,7,69,76,1.0921052631578947,0.03339099352749875,684,I told you political correctness has gone overboard. I can't even call you 'Honey' without someone getting offended.
3075,3518,0,7,69,76,1.0921052631578947,0.03339099352749875,684,Last night when you said “gimme some sugar honey”....
3062,3518,0,7,69,76,1.0921052631578947,0.03339099352749875,684,"My body, my honey. Don't touch!"
3033,3518,0,7,69,76,1.0921052631578947,0.03339099352749875,684,I wonder if this bear is an influencer.
3042,3518,0,7,69,76,1.0921052631578947,0.03339099352749875,684,I think we just got ourselves into a bear-y sticky situation.
3039,3518,1,5,70,76,1.0921052631578947,0.03828623305753544,684,Trick (you) or (you are my) treat?
3030,3518,1,5,70,76,1.0921052631578947,0.03828623305753544,684,Everything's better with honey drizzled over it.
3029,3518,0,7,69,76,1.0921052631578947,0.03339099352749875,684,"Oh no, it’s a sticky cap."
3019,3518,1,5,70,76,1.0921052631578947,0.03828623305753544,684,"Go back to the campsite, your attracting flies."
3048,3518,0,7,69,76,1.0921052631578947,0.03339099352749875,684,Humans. Those wretched creatures.
3121,3518,1,5,70,76,1.0921052631578947,0.03828623305753544,684,"He saw you at the last party, Alice.   It’s obvious now he’s 
really flirting with you!"
3436,3518,0,7,69,76,1.0921052631578947,0.03339099352749875,684,"I know we are supposed to run, but this one seems sort of sweet."
3199,3518,1,5,70,76,1.0921052631578947,0.03828623305753544,684,"Honey, this man seems to be jacking my style."
3249,3518,1,5,70,76,1.0921052631578947,0.03828623305753544,684,"Quick, get the toast! We have to distract him."
3263,3518,0,7,69,76,1.0921052631578947,0.03339099352749875,684,This could become a sticky situation
3273,3518,0,7,69,76,1.0921052631578947,0.03339099352749875,684,Hey honey would you like some honey ?
3305,3518,0,7,69,76,1.0921052631578947,0.03339099352749875,684,Vladimir’s Trojan gift
3306,3518,0,7,69,76,1.0921052631578947,0.03339099352749875,684,Exsqueeze me? Are you lost?
3308,3518,2,3,71,76,1.0921052631578947,0.0426229144324784,684,Do you think it’s someone we know in costume?
3317,3518,1,5,70,76,1.0921052631578947,0.03828623305753544,684,Look out behind you bear--heh--honey!
3318,3518,0,7,69,76,1.0921052631578947,0.03339099352749875,684,"Honey, do you see what I see?"
3366,3518,0,7,69,76,1.0921052631578947,0.03339099352749875,684,He wants to know if this is the Hundred-Acre-Wood he's read so much about.
3429,3518,0,7,69,76,1.0921052631578947,0.03339099352749875,684,I hope he's as sweet as his name suggests
2968,3518,0,7,69,76,1.0921052631578947,0.03339099352749875,684,See the spelling? Slip me the mace.
3451,3518,0,7,69,76,1.0921052631578947,0.03339099352749875,684,By any chance have you seen a big black bear in your hike?
3139,3518,1,5,70,76,1.0921052631578947,0.03828623305753544,684,Are you here to help clean up the swamp?
2943,3518,0,7,69,76,1.0921052631578947,0.03339099352749875,684,"Don't worry, honey, it's vegetarian—it won't eat us."
2617,3518,0,7,69,76,1.0921052631578947,0.03339099352749875,684,"How serious are you about Pack it in, Pack it out?"
2932,3518,1,5,70,76,1.0921052631578947,0.03828623305753544,684,"Quick honey, there’s a man here!"
2339,3518,1,5,70,76,1.0921052631578947,0.03828623305753544,684,Sweet bears can't be trusted.
2340,3518,0,7,69,76,1.0921052631578947,0.03339099352749875,684,I stole it all from insects.
2368,3518,0,7,69,76,1.0921052631578947,0.03339099352749875,684,"Honey, who is that man?"
2378,3518,0,7,69,76,1.0921052631578947,0.03339099352749875,684,Winnie's gone off the rails a little...
2386,3518,0,7,69,76,1.0921052631578947,0.03339099352749875,684,I told you only to buy the organic.
2412,3518,0,7,69,76,1.0921052631578947,0.03339099352749875,684,"Careful, that bear’s post-nasal drip makes the trail sticky."
2435,3518,0,7,69,76,1.0921052631578947,0.03339099352749875,684,It’s been 48 hours now so I’m afraid your son is most likely dead
2446,3518,1,5,70,76,1.0921052631578947,0.03828623305753544,684,"Careful.  They smell sweet, sweet fear."
2490,3518,1,5,70,76,1.0921052631578947,0.03828623305753544,684,"Honey, it seems we're in a sticky situation."
2524,3518,1,5,70,76,1.0921052631578947,0.03828623305753544,684,Have you seen Manuka bushes?
2527,3518,1,5,70,76,1.0921052631578947,0.03828623305753544,684,Let's take him back with us so that we will have a lifetime of honey despite the bees becoming extinct.
2538,3518,0,7,69,76,1.0921052631578947,0.03339099352749875,684,"It just popped into my head, Ray. The Tupelo Honey Bear."
2566,3518,3,1,72,76,1.0921052631578947,0.04655738424461615,684,Who dares disturb my sweet slumber?!
2580,3518,0,7,69,76,1.0921052631578947,0.03339099352749875,684,"Stay with us, honey. There are wild bears out here."
2587,3518,1,5,70,76,1.0921052631578947,0.03828623305753544,684,"Quick, play dead. I'm a diabetic!"
2596,3518,0,7,69,76,1.0921052631578947,0.03339099352749875,684,LOOKS LIKE SOMONE CUTOUT THE MIDDLEMAN
2602,3518,1,5,70,76,1.0921052631578947,0.03828623305753544,684,Why do you always want my stuff when you guys already make white honey?
3458,3518,1,5,70,76,1.0921052631578947,0.03828623305753544,684,"OK, I will cave in to him if he sings about the bare necessities."
2619,3518,0,7,69,76,1.0921052631578947,0.03339099352749875,684,I didn't realize they were MADE of honey...
2644,3518,0,7,69,76,1.0921052631578947,0.03339099352749875,684,WHO told you that you looked good in that stupid hat?
2651,3518,0,7,69,76,1.0921052631578947,0.03339099352749875,684,"It’s OK, Honey, he’s a sweet bear."
2657,3518,0,7,69,76,1.0921052631578947,0.03339099352749875,684,Plastics are everywhere!
2692,3518,0,7,69,76,1.0921052631578947,0.03339099352749875,684,"Honey, I think it's a Russian ruse."
2713,3518,1,5,70,76,1.0921052631578947,0.03828623305753544,684,"Smart bear, wants to cut out the middle man."
2758,3518,2,3,71,76,1.0921052631578947,0.0426229144324784,684,"I’m Hungry, But You Can Call Me Honey Bear."
2768,3518,0,7,69,76,1.0921052631578947,0.03339099352749875,684,"Great,now I get to worry about honey bees,too!"
2792,3518,0,7,69,76,1.0921052631578947,0.03339099352749875,684,"Bear with me, I'll keep a lid on things and just don't call me honey!"
2813,3518,0,7,69,76,1.0921052631578947,0.03339099352749875,684,Let's get out of here before this becomes a sticky situation.
2911,3518,1,5,70,76,1.0921052631578947,0.03828623305753544,684,Let him sweeten your Grape-Nuts or he'll never go away.
2942,3518,1,5,70,76,1.0921052631578947,0.03828623305753544,684,Don't tell me you haven't heard the saying.
3470,3518,1,5,70,76,1.0921052631578947,0.03828623305753544,684,Don’t get between her and her biscuits!
4481,3518,0,7,69,76,1.0921052631578947,0.03339099352749875,684,He must have smelled the granola.
3498,3518,1,5,70,76,1.0921052631578947,0.03828623305753544,684,I think he’s a sure thing for the costume contest.  We are boooorrrring.
3980,3518,1,5,70,76,1.0921052631578947,0.03828623305753544,684,Bear spray is useless--let's try pancakes.
3997,3518,1,5,70,76,1.0921052631578947,0.03828623305753544,684,I told you we should leave the Gruyere at home.
4023,3518,1,5,70,76,1.0921052631578947,0.03828623305753544,684,"Fearful for their lives, the Honey bear offers up a squeeze."
4038,3518,1,5,70,76,1.0921052631578947,0.03828623305753544,684,"Honey , we’ve hit the jackpot . This must be the biggest yet Honey in bear jar some poor trailer must have dropped. We have Enough honey supply for the remainder of the Appalachian Trail."
4074,3518,0,7,69,76,1.0921052631578947,0.03339099352749875,684,Wrong honey bear.
4100,3518,0,7,69,76,1.0921052631578947,0.03339099352749875,684,"Lookout dear, this bear is on the hunt for a refill!"
4104,3518,0,7,69,76,1.0921052631578947,0.03339099352749875,684,"Hey, can I go with you guys? I think the sleuth of bears over there want to kill me."
4130,3518,0,7,69,76,1.0921052631578947,0.03339099352749875,684,"We better do what he says, Honey Bear doesn’t give a %#*+!"
4141,3518,0,7,69,76,1.0921052631578947,0.03339099352749875,684,"Quick, grab the chamomile!"
4170,3518,1,5,70,76,1.0921052631578947,0.03828623305753544,684,"Honey, I can explain everything."
4220,3518,1,5,70,76,1.0921052631578947,0.03828623305753544,684,Don't worry they're low-glycemic.
4232,3518,0,7,69,76,1.0921052631578947,0.03339099352749875,684,Psst! Aunt Jemima isn't even an aunt!
4263,3518,0,7,69,76,1.0921052631578947,0.03339099352749875,684,We're in a sticky situation.
3963,3518,1,5,70,76,1.0921052631578947,0.03828623305753544,684,"I'm sorry, I can't spare a square!"
4272,3518,0,7,69,76,1.0921052631578947,0.03339099352749875,684,"Please, microwave me."
4291,3518,1,5,70,76,1.0921052631578947,0.03828623305753544,684,I warned you not to get between her and a waffle.
4294,3518,0,7,69,76,1.0921052631578947,0.03339099352749875,684,"Honey, I can't bear this anymore."
4333,3518,0,7,69,76,1.0921052631578947,0.03339099352749875,684,You need to come up with a new nickname.  This one's getting annoying.
4387,3518,0,7,69,76,1.0921052631578947,0.03339099352749875,684,"Honey, I shrunk the campers!"
4388,3518,0,7,69,76,1.0921052631578947,0.03339099352749875,684,"Yikes! That reminds me, did you get your Honey Do's done?'"
4460,3518,0,7,69,76,1.0921052631578947,0.03339099352749875,684,You're lucky vegans taste bad.
4473,3518,0,7,69,76,1.0921052631578947,0.03339099352749875,684,I guess the honey bear is stickier than we thought.
4479,3518,0,7,69,76,1.0921052631578947,0.03339099352749875,684,Do you think that bear is sweet on us?
4480,3518,0,7,69,76,1.0921052631578947,0.03339099352749875,684,That's rare...Usually Teddy Grahams are spotted in this park.
2332,3518,0,7,69,76,1.0921052631578947,0.03339099352749875,684,There’s something to be said about naturally occurring.
4499,3518,0,7,69,76,1.0921052631578947,0.03339099352749875,684,What a sweet way to go—am I right?
4513,3518,0,7,69,76,1.0921052631578947,0.03339099352749875,684,That's for a big sweet tooth!
2522,3518,1,5,70,76,1.0921052631578947,0.03828623305753544,684,"UhOh, Things are about to sticky!"
4273,3518,1,5,70,76,1.0921052631578947,0.03828623305753544,684,"Oh my God, this could be worse than the Blair Witch!"
3937,3518,0,7,69,76,1.0921052631578947,0.03339099352749875,684,Are you sure we’re in the Hundred Acre Wood?
3882,3518,1,5,70,76,1.0921052631578947,0.03828623305753544,684,Incognito
3875,3518,0,7,69,76,1.0921052631578947,0.03339099352749875,684,I told you that winter camping is safer .
3511,3518,0,7,69,76,1.0921052631578947,0.03339099352749875,684,"I don't think we'll find this brand in the stores.""  --Gerard Black Laurelton, N"
3514,3518,1,5,70,76,1.0921052631578947,0.03828623305753544,684,"Honey, I guess you could say we're in a sticky situation."
3515,3518,2,3,71,76,1.0921052631578947,0.0426229144324784,684,"I think the honeymoon is over, dear."
3526,3518,2,3,71,76,1.0921052631578947,0.0426229144324784,684,"He may look sweet, but he's still a bear!"
3534,3518,0,7,69,76,1.0921052631578947,0.03339099352749875,684,I have worse news.   I think the marshmallows are also a discount brand.
3604,3518,0,7,69,76,1.0921052631578947,0.03339099352749875,684,A big mug of tea would be good right now.
3608,3518,0,7,69,76,1.0921052631578947,0.03339099352749875,684,"Uh-oh, it's the big bad hyperglycemic bear"
3622,3518,1,5,70,76,1.0921052631578947,0.03828623305753544,684,"Charmin, Party of 2?"
3658,3518,0,7,69,76,1.0921052631578947,0.03339099352749875,684,"Check your GPS, next it may be Tigger"
3671,3518,0,7,69,76,1.0921052631578947,0.03339099352749875,684,"Remind me: play dead, climb a tree, or squeeze?"
3677,3518,1,5,70,76,1.0921052631578947,0.03828623305753544,684,"Ok, so when we get it near the pancakes, then we run up to it, and squeeze!"
3682,3518,1,5,70,76,1.0921052631578947,0.03828623305753544,684,Ahhhhh ... I've been watching and I noticed you are wandering about.......Can I help you find Grandma's house ?
3686,3518,0,7,69,76,1.0921052631578947,0.03339099352749875,684,"Excuse me, what's the direction to the nearest beekeepers farm?"
3703,3518,0,7,69,76,1.0921052631578947,0.03339099352749875,684,I think we’re about to find ourselves in a sticky situation.”
3704,3518,2,3,71,76,1.0921052631578947,0.0426229144324784,684,Uh-oh - this might be payback for the way I squeezed him when he was little.
3709,3518,0,7,69,76,1.0921052631578947,0.03339099352749875,684,"He may look sweet, but get too close, and we're toast."
3714,3518,1,5,70,76,1.0921052631578947,0.03828623305753544,684,"Either you have to brush up on your mushroom picking skills, or things are about to get a bit sticky"
3724,3518,0,7,69,76,1.0921052631578947,0.03339099352749875,684,A little privacy please...
3764,3518,0,7,69,76,1.0921052631578947,0.03339099352749875,684,Only you can prevent tasteless toast.
3772,3518,0,7,69,76,1.0921052631578947,0.03339099352749875,684,So tell it we already stick together.
3780,3518,0,7,69,76,1.0921052631578947,0.03339099352749875,684,May she rest in taxidermy plastic peace.
3784,3518,1,5,70,76,1.0921052631578947,0.03828623305753544,684,He must be on another honey do trek.
3791,3518,1,5,70,76,1.0921052631578947,0.03828623305753544,684,"Please join us. We're having a very fun party with apples and honey. And  ice cream for dessert. 
Judith Morse, Corte Madera, CA."
3792,3518,0,7,69,76,1.0921052631578947,0.03339099352749875,684,It's genetically modified to improve the mauling experience.
3812,3518,1,5,70,76,1.0921052631578947,0.03828623305753544,684,"He brought us honey for our food, or he likes honey with us."
3827,3518,1,5,70,76,1.0921052631578947,0.03828623305753544,684,Good thing we didn't bring our infant under the age of one.
3856,3518,1,5,70,76,1.0921052631578947,0.03828623305753544,684,I told you not to pick up those honey packets
3860,3518,1,5,70,76,1.0921052631578947,0.03828623305753544,684,"I told you. You bring along your honey on this trip, our marriage is over."
3869,3518,0,7,69,76,1.0921052631578947,0.03339099352749875,684,Pooh Bear shows Christopher Robin that eventually: You are what you eat.
3481,3518,1,5,70,76,1.0921052631578947,0.03828623305753544,684,Hmmm... perhaps those weren’t actually Chanterelles.
2319,3518,0,7,69,76,1.0921052631578947,0.03339099352749875,684,Even I don’t know where I am when I need me!
3222,3518,0,7,69,76,1.0921052631578947,0.03339099352749875,684,"Well hello! Honey might go well with your magic mushrooms, don’t you think? Is it too late?"
2282,3518,1,5,70,76,1.0921052631578947,0.03828623305753544,684,"Barry, Honey.. sticky situation."
703,3518,0,7,69,76,1.0921052631578947,0.03339099352749875,684,"Too much micro-plastic, I think."
725,3518,1,5,70,76,1.0921052631578947,0.03828623305753544,684,Look at what your people have done to me! I'm the Rodney Dangerfield of the forest!
727,3518,0,7,69,76,1.0921052631578947,0.03339099352749875,684,You don’t need to freeze. He can only see us if we are cups of herbal tea.
731,3518,0,7,69,76,1.0921052631578947,0.03339099352749875,684,Do you have to keep calling me Honey out here?
737,3518,0,7,69,76,1.0921052631578947,0.03339099352749875,684,Hit the ground and play biscuit.
762,3518,0,7,69,76,1.0921052631578947,0.03339099352749875,684,"it’s a trick, better run!.."
769,3518,0,7,69,76,1.0921052631578947,0.03339099352749875,684,Where. Is. Your. Super Suit?
779,3518,0,7,69,76,1.0921052631578947,0.03339099352749875,684,Don't worry -- the hive you're walking into has probably calmed down by now.
792,3518,0,7,69,76,1.0921052631578947,0.03339099352749875,684,"Well, normally I find it rather sweet and mellow."
801,3518,0,7,69,76,1.0921052631578947,0.03339099352749875,684,Maul or treat.
858,3518,0,7,69,76,1.0921052631578947,0.03339099352749875,684,Be careful- he's not as sweet as he looks.
866,3518,2,3,71,76,1.0921052631578947,0.0426229144324784,684,"Look karen! It’s that asshole bear again! He is such a fucking asshole, he just gave me a parking ticket, And we hiked here!"
886,3518,0,7,69,76,1.0921052631578947,0.03339099352749875,684,"Wait, how many miles is the BillyBear Honey Company from the Hadron Collider?"
689,3518,0,7,69,76,1.0921052631578947,0.03339099352749875,684,We have  been trying to catch bees with vinegar and we have had no luck either.
911,3518,1,5,70,76,1.0921052631578947,0.03828623305753544,684,"I know, but it’s not even organic."
960,3518,0,7,69,76,1.0921052631578947,0.03339099352749875,684,Should we play dead or make toast?’
971,3518,1,5,70,76,1.0921052631578947,0.03828623305753544,684,I will not be ignored.
994,3518,0,7,69,76,1.0921052631578947,0.03339099352749875,684,"Remember, don't get between her and the toast."
1009,3518,2,3,71,76,1.0921052631578947,0.0426229144324784,684,Someone said they wanted an energy snack.  And now you changed your mind?
1011,3518,1,5,70,76,1.0921052631578947,0.03828623305753544,684,"OK, be careful, just because it's a Honeybear doesn't mean it's harmless."
1030,3518,0,7,69,76,1.0921052631578947,0.03339099352749875,684,We just need to lure her over to the giant mustard bottle.
1032,3518,2,3,71,76,1.0921052631578947,0.0426229144324784,684,Got pancakes ?
1072,3518,0,7,69,76,1.0921052631578947,0.03339099352749875,684,The hive is right behind me.
1075,3518,1,5,70,76,1.0921052631578947,0.03828623305753544,684,Do you like pancakes. I like pancakes.
1083,3518,1,5,70,76,1.0921052631578947,0.03828623305753544,684,After the California Fires I lost my job as Smokey the Bear. So are you lost Honey?
1094,3518,0,7,69,76,1.0921052631578947,0.03339099352749875,684,Ben and Judy were startled by a honey bear.
1097,3518,2,3,71,76,1.0921052631578947,0.0426229144324784,684,No – thanks anyway. I prefer Yacon syrup.
1115,3518,0,7,69,76,1.0921052631578947,0.03339099352749875,684,There may be an angry swarm of bees ahead.
942,3518,0,7,69,76,1.0921052631578947,0.03339099352749875,684,Hugs for honey
673,3518,0,7,69,76,1.0921052631578947,0.03339099352749875,684,Your bees are so smart.
607,3518,1,5,70,76,1.0921052631578947,0.03828623305753544,684,Seems like some kind of shrine. We probably should leave before the worshippers come back.
601,3518,2,3,71,76,1.0921052631578947,0.0426229144324784,684,"Look man, we hate Trump too. We’re sticking to voting for the bees next term."
2313,3518,2,3,71,76,1.0921052631578947,0.0426229144324784,684,"Please, don’t look at me like that. I told you we were fastpacking."
2,3518,1,5,70,76,1.0921052631578947,0.03828623305753544,684,"Why get your honey from a dirty old tree when you can get it from a cute, cuddly teddy of a bear?"
14,3518,0,7,69,76,1.0921052631578947,0.03339099352749875,684,Don't tell me you packed the chamomile.
25,3518,0,7,69,76,1.0921052631578947,0.03339099352749875,684,"Hey, I'm looking for Winnie. The little creep stuck hos head in my honey gathering pot and took off running."
45,3518,2,3,71,76,1.0921052631578947,0.0426229144324784,684,"Oh right, Smokey's in the Bahamas."
48,3518,0,7,69,76,1.0921052631578947,0.03339099352749875,684,Honey I shrunk the kids
81,3518,0,7,69,76,1.0921052631578947,0.03339099352749875,684,"No, this is not a real forest."
89,3518,1,5,70,76,1.0921052631578947,0.03828623305753544,684,"I don't know - do we play dead, yell aggressively, or present as waffles?"
117,3518,0,7,69,76,1.0921052631578947,0.03339099352749875,684,"It's safe, he's organic."
175,3518,0,7,69,76,1.0921052631578947,0.03339099352749875,684,the 2nd clue that John and Mary have wandered into 'the Land of the Giants'.  (the first clue was the partially eaten nine foot diameter english muffin)
179,3518,0,7,69,76,1.0921052631578947,0.03339099352749875,684,"Lay down and play dead, but try to not look like a slice of bread."
224,3518,1,5,70,76,1.0921052631578947,0.03828623305753544,684,I wondered what happened to Goldilocks and the three bears.
234,3518,0,7,69,76,1.0921052631578947,0.03339099352749875,684,"The ""Preventing Forest Fires' gig was paying enough."
263,3518,0,7,69,76,1.0921052631578947,0.03339099352749875,684,What kind of bees made that?
269,3518,0,7,69,76,1.0921052631578947,0.03339099352749875,684,I knew we shouldn't have taken the baby with us...
276,3518,0,7,69,76,1.0921052631578947,0.03339099352749875,684,"But he doesn't look sweet, does he."
347,3518,0,7,69,76,1.0921052631578947,0.03339099352749875,684,I'm Winnie and he's Pooh.
358,3518,0,7,69,76,1.0921052631578947,0.03339099352749875,684,"Have you seen a little girl, blonde, maybe with gruel stains on her dirndl?"
374,3518,0,7,69,76,1.0921052631578947,0.03339099352749875,684,Just don't play bread.
384,3518,0,7,69,76,1.0921052631578947,0.03339099352749875,684,"The baklava, quick!"
393,3518,2,3,71,76,1.0921052631578947,0.0426229144324784,684,It's either Smokey or Pooh in disguise.
395,3518,1,5,70,76,1.0921052631578947,0.03828623305753544,684,And I bet they're not paying him a penny in licensing fees.
419,3518,0,7,69,76,1.0921052631578947,0.03339099352749875,684,Careful. Remember that native superstition about the god who makes you fat.
423,3518,1,5,70,76,1.0921052631578947,0.03828623305753544,684,Winnie the Pooh has morphed.
466,3518,0,7,69,76,1.0921052631578947,0.03339099352749875,684,"Ignore the common species, we're only interested in Manuka honey."
474,3518,1,5,70,76,1.0921052631578947,0.03828623305753544,684,"Careful, this species has adapted to human tastes very well."
491,3518,0,7,69,76,1.0921052631578947,0.03339099352749875,684,Probably a lot more Fructose than Glucose.
582,3518,1,5,70,76,1.0921052631578947,0.03828623305753544,684,"Oh, Pooh ... what are you doing out here?"
596,3518,0,7,69,76,1.0921052631578947,0.03339099352749875,684,"I don't think we need to be afraid - she seems sweet."""
1151,3518,0,7,69,76,1.0921052631578947,0.03339099352749875,684,"Oh honey, I think we are in a sticky situation!"
1159,3518,0,7,69,76,1.0921052631578947,0.03339099352749875,684,Ready-to-eat honey?  Do you really think that's the best marketing device for bears in the wilderness?
107,3518,0,7,69,76,1.0921052631578947,0.03339099352749875,684,Let's hope 'you are what you eat' is true
1178,3518,1,5,70,76,1.0921052631578947,0.03828623305753544,684,Should we tell him we're vegan?
1699,3518,0,7,69,76,1.0921052631578947,0.03339099352749875,684,Do you think he smells our mustard?
1710,3518,1,5,70,76,1.0921052631578947,0.03828623305753544,684,"Quick, make some hot tea!"
1711,3518,0,7,69,76,1.0921052631578947,0.03339099352749875,684,"Hey's sweet, let's call him Waffles."
1717,3518,1,5,70,76,1.0921052631578947,0.03828623305753544,684,We've got a sticky situation on our hands.
1773,3518,1,5,70,76,1.0921052631578947,0.03828623305753544,684,The honey bears look like honey bears!
1779,3518,0,7,69,76,1.0921052631578947,0.03339099352749875,684,"Honey, you take one more step forward and we'll blow your cover wide open!"
1789,3518,0,7,69,76,1.0921052631578947,0.03339099352749875,684,"He won't hurt us, it's too cold out."
1832,3518,1,5,70,76,1.0921052631578947,0.03828623305753544,684,I knew we should've lugged in that bucket of waffle mix.
1173,3518,1,5,70,76,1.0921052631578947,0.03828623305753544,684,No sudden movement. Just slowly take the trail mix cookies out of your backpack while I edge a little closer to her with my spoon.
1875,3518,0,7,69,76,1.0921052631578947,0.03339099352749875,684,Doc says I have to increase my protein intake.
1882,3518,0,7,69,76,1.0921052631578947,0.03339099352749875,684,And here I thought they never went bad.
1921,3518,1,5,70,76,1.0921052631578947,0.03828623305753544,684,This littering has gotten unbearable.
1940,3518,0,7,69,76,1.0921052631578947,0.03339099352749875,684,looks like a sticky situation
1673,3518,0,7,69,76,1.0921052631578947,0.03339099352749875,684,I think we may have gotten ourselves into a sticky situation.
1962,3518,2,3,71,76,1.0921052631578947,0.0426229144324784,684,Do you think she's sweet or should we play dead?
2073,3518,1,5,70,76,1.0921052631578947,0.03828623305753544,684,They can only hurt you if you pick them up and squeeze too much on your muffins.
2075,3518,0,7,69,76,1.0921052631578947,0.03339099352749875,684,"Stay calm, I hear these type of bears are actually very sweet..."
2079,3518,0,7,69,76,1.0921052631578947,0.03339099352749875,684,Your 'Walk-in-The Woods' includes a deal sweetener!
2090,3518,0,7,69,76,1.0921052631578947,0.03339099352749875,684,"I’m so, so sorry. It’s just you look so much like Goldilocks."
2094,3518,0,7,69,76,1.0921052631578947,0.03339099352749875,684,Have you ever noticed how all honey bears have that disgusting dribble on their spouts?
2099,3518,1,5,70,76,1.0921052631578947,0.03828623305753544,684,I am looking for Pancake Lane.
2121,3518,0,7,69,76,1.0921052631578947,0.03339099352749875,684,Let's unpack this.
2139,3518,1,5,70,76,1.0921052631578947,0.03828623305753544,684,This environmental plastic problem is getting out of hand !
2142,3518,1,5,70,76,1.0921052631578947,0.03828623305753544,684,Help me turn him upside down; I want tea.
2165,3518,0,7,69,76,1.0921052631578947,0.03339099352749875,684,It looks sweet but I think we should run ...
2174,3518,1,5,70,76,1.0921052631578947,0.03828623305753544,684,I thought Halloween was last week!
2204,3518,1,5,70,76,1.0921052631578947,0.03828623305753544,684,"Follow me, I have Waze"
2251,3518,0,7,69,76,1.0921052631578947,0.03339099352749875,684,"Honey, back away slowly"
2004,3518,0,7,69,76,1.0921052631578947,0.03339099352749875,684,They weren't kidding about a 'big surprise'!
1647,3518,1,5,70,76,1.0921052631578947,0.03828623305753544,684,"Unlike Honey Badger, he does seem to give a crap."""
1833,3518,1,5,70,76,1.0921052631578947,0.03828623305753544,684,Don't get between her and her tubs.
1599,3518,2,3,71,76,1.0921052631578947,0.0426229144324784,684,Are you fake too?
1200,3518,0,7,69,76,1.0921052631578947,0.03339099352749875,684,At least it's not a badger.
1236,3518,0,7,69,76,1.0921052631578947,0.03339099352749875,684,"Hurry, before we get ourselves in a sticky situation."
1238,3518,1,5,70,76,1.0921052631578947,0.03828623305753544,684,We sell it through multi-level marketing.  Can I sign you up today?
1248,3518,0,7,69,76,1.0921052631578947,0.03339099352749875,684,Have you seen Smokey ?
1625,3518,1,5,70,76,1.0921052631578947,0.03828623305753544,684,You too would be upset if everyone turned you upside down and squeezed.
1257,3518,0,7,69,76,1.0921052631578947,0.03339099352749875,684,You've really put us in a sticky situation here.
1260,3518,2,3,71,76,1.0921052631578947,0.0426229144324784,684,Maybe we can sweeten the deal with protein bars?
1291,3518,1,5,70,76,1.0921052631578947,0.03828623305753544,684,Hey little girl... stay away from Sugar Daddies.
1294,3518,1,5,70,76,1.0921052631578947,0.03828623305753544,684,I  really wish people would pack out their trash this close to a nuclear waste site.
1308,3518,0,7,69,76,1.0921052631578947,0.03339099352749875,684,At least his own food will never spoil.
1321,3518,1,5,70,76,1.0921052631578947,0.03828623305753544,684,"I know Halloween is over, but maybe we should give in to his demands."
1355,3518,0,7,69,76,1.0921052631578947,0.03339099352749875,684,I think the bees are fighting back.
2261,3518,1,5,70,76,1.0921052631578947,0.03828623305753544,684,They say just before he left Zinke got a deal on yellow hats
1357,3518,1,5,70,76,1.0921052631578947,0.03828623305753544,684,Hiking trail advertising. What’s next?  Golf cart rentals?
1253,3518,0,7,69,76,1.0921052631578947,0.03339099352749875,684,Should I tell it we’re vegan?
1386,3518,1,5,70,76,1.0921052631578947,0.03828623305753544,684,I am selling my honey at very low prices because I cut out he middle man!
1378,3518,1,5,70,76,1.0921052631578947,0.03828623305753544,684,Mrs. Butterworth is my ride home.
1513,3518,1,5,70,76,1.0921052631578947,0.03828623305753544,684,PROTECT THE BEES!!!
1508,3518,0,7,69,76,1.0921052631578947,0.03339099352749875,684,"Run?  Yes, but just one hug, and.... ohh....."
1553,3518,0,7,69,76,1.0921052631578947,0.03339099352749875,684,"Shhh! Good camouflage, eh? Sleuthing out who’s setting those forest fires."
1470,3518,1,5,70,76,1.0921052631578947,0.03828623305753544,684,"Now I know what you meant when you said ""honey I want to squeeze you."
1464,3518,1,5,70,76,1.0921052631578947,0.03828623305753544,684,"The real Goldilocks had Papa Bear, Mama Bear, Baby Bear and me Honey Bear. And I got gypped out of all those royalties."
1501,3518,1,5,70,76,1.0921052631578947,0.03828623305753544,684,Oh goody! Camper waffles tonight!
1433,3518,0,7,69,76,1.0921052631578947,0.03339099352749875,684,Offer it some toast and maybe we can slip away unnoticed.
1416,3518,1,5,70,76,1.0921052631578947,0.03828623305753544,684,"Honey, can you think of a dumb play on words that will be sure to win the caption contest?"
1403,3518,1,5,70,76,1.0921052631578947,0.03828623305753544,684,He heard you call me honey!
1395,3518,1,5,70,76,1.0921052631578947,0.03828623305753544,684,"It might look sweet Laura, but I say on three we run!"
1387,3518,0,7,69,76,1.0921052631578947,0.03339099352749875,684,"Which one of you is named Honey, and which one said they’re Horny?"
1445,3518,0,7,69,76,1.0921052631578947,0.03339099352749875,684,He is such a party animal.
1822,3773,0,8,79,87,1.0919540229885059,0.031159469919054366,684,Have you seen my makers?
3843,3774,0,7,70,77,1.0909090909090908,0.0329761931868187,684,"Quick, make yourself big, pretend you're a pancake!"
3211,3774,0,7,70,77,1.0909090909090908,0.0329761931868187,684,"Please don't be mad, we've turned vegan."
3192,3774,0,7,70,77,1.0909090909090908,0.0329761931868187,684,You should give it a squeeze!
3052,3774,2,3,72,77,1.0909090909090908,0.04208273180784324,684,Exsqueeze me?!
2614,3774,0,7,70,77,1.0909090909090908,0.0329761931868187,684,Help me! I'm the sex slave of Bigfoot!
2530,3774,1,5,71,77,1.0909090909090908,0.037804666600204595,684,These ones get stuck climbing trees.
2328,3774,0,7,70,77,1.0909090909090908,0.0329761931868187,684,Quick!  The waffle mix!
701,3774,0,7,70,77,1.0909090909090908,0.0329761931868187,684,"I told you we shouldn't raid
that bee's nest!"
1653,3774,1,5,71,77,1.0909090909090908,0.037804666600204595,684,He's probably just looking for tea leaves.
1551,3774,0,7,70,77,1.0909090909090908,0.0329761931868187,684,"Bet you thought an ad man dreamed me up, didn't you?"
1525,3774,1,5,71,77,1.0909090909090908,0.037804666600204595,684,Actually we are dead from inside. Does that count?
654,3774,1,5,71,77,1.0909090909090908,0.037804666600204595,684,"Okay Fred, What ever you"
294,3774,1,5,71,77,1.0909090909090908,0.037804666600204595,684,I hope you packed the large stack of pancakes?
260,3774,0,7,70,77,1.0909090909090908,0.0329761931868187,684,Does a bear shoot in the woods?....There's your answer.....
1780,3774,1,5,71,77,1.0909090909090908,0.037804666600204595,684,I told you not to call me “honey bunny” - these honeys are territorial.
3816,3789,0,8,81,89,1.0898876404494382,0.030489911249436768,684,"Uh-oh. Looks like that bear is wearing a hat with goo on it and has a sign that says ""HONEY,"" and also he's a very shiny bear. Spooky!"
4442,3790,1,5,72,78,1.0897435897435896,0.03733504037843118,684,I think your mom might be eating too much sugar.
4375,3790,0,7,71,78,1.0897435897435896,0.03257153522723106,684,Let me take you to a really sweet spot.
4145,3790,2,3,73,78,1.0897435897435896,0.041556053386473314,684,"Honey... I can’t bear to tell you this, but I think we’re being followed..."
3938,3790,0,7,71,78,1.0897435897435896,0.03257153522723106,684,Do you think it’s a good idea hanging out with her?  She must have quite a following.
3133,3790,1,5,72,78,1.0897435897435896,0.03733504037843118,684,"I'm hungry, how about a hug?"
3408,3790,0,7,71,78,1.0897435897435896,0.03257153522723106,684,Quick! Get out the peanut butter!
2441,3790,1,5,72,78,1.0897435897435896,0.03733504037843118,684,Quick - get me the peanut butter sandwiches
2092,3790,1,5,72,78,1.0897435897435896,0.03733504037843118,684,Just hold up your hands and try to look sweeter than you are.
1472,3790,2,3,73,78,1.0897435897435896,0.041556053386473314,684,"Look away, Now! Honey Bears are this year's version of Killer Clowns."
1195,3790,0,7,71,78,1.0897435897435896,0.03257153522723106,684,Is this a form of a mutant honey bear?
877,3790,0,7,71,78,1.0897435897435896,0.03257153522723106,684,Cup of tea?
2473,3790,0,7,71,78,1.0897435897435896,0.03257153522723106,684,"Honeybear, it's ok."
4477,3802,0,7,72,79,1.0886075949367089,0.0321766536355566,684,"Well, now I'm afraid of squeezable honey."
3066,3802,1,5,73,79,1.0886075949367089,0.036876916682468,684,No need to be nervous.  I'm very sweet with a hint of Honeysuckle!
2508,3802,1,5,73,79,1.0886075949367089,0.036876916682468,684,Not a bad way to attract our attention.
2196,3802,1,5,73,79,1.0886075949367089,0.036876916682468,684,Hmm.  He ‘s certainly trying hard to appear friendly to us.
2114,3802,0,7,72,79,1.0886075949367089,0.0321766536355566,684,Pooh? Advertising? Please say it isn't so!
1475,3802,1,5,73,79,1.0886075949367089,0.036876916682468,684,Hey! It's party time! 8
987,3802,0,7,72,79,1.0886075949367089,0.0321766536355566,684,"Oh, look! Isn't he sweet?"
783,3802,0,7,72,79,1.0886075949367089,0.0321766536355566,684,How sweet this is!
636,3802,0,7,72,79,1.0886075949367089,0.0321766536355566,684,Help!  I've been culturely appropriated.
496,3802,1,5,73,79,1.0886075949367089,0.036876916682468,684,Something sticky this way comes...
1359,3802,1,5,73,79,1.0886075949367089,0.036876916682468,684,Let's tell him we're apiarists.
900,3813,1,5,74,80,1.0875,0.03642987889012764,684,"The Honey Bear - friendly to humans, but make sure that cap's on tight."""
1814,3813,0,7,73,80,1.0875,0.031791199721728586,684,"No, I promise you
I said sweetie"
1798,3813,1,5,74,80,1.0875,0.03642987889012764,684,I'm hiking with Winnie-the-Pooh. You might know him.
1658,3816,0,7,74,81,1.0864197530864197,0.031414841111109815,684,Smokey is so outdated.
1861,3816,2,3,76,81,1.0864197530864197,0.04005216838890947,684,"My, my, aren't we in a sticky situation..."
3043,3818,0,6,67,73,1.082191780821918,0.032368600179812385,684,I'm looking for my supplier because calling only gets me a busy buzz!
3064,3818,0,6,67,73,1.082191780821918,0.032368600179812385,684,I guess you really are what you eat - and I like those packs.
3089,3818,0,6,67,73,1.082191780821918,0.032368600179812385,684,"Quick,roll over and play diabetic!"
3097,3818,0,6,67,73,1.082191780821918,0.032368600179812385,684,"Karen, we're being attacked by a bear. This is not a good time to play air piano."
3144,3818,1,4,68,73,1.082191780821918,0.03779211268777819,684,Bear's like honey!
3335,3818,0,6,67,73,1.082191780821918,0.032368600179812385,684,I think we're about to find ourselves in a very sticky situation.
3328,3818,0,6,67,73,1.082191780821918,0.032368600179812385,684,Are you sure he isn't sweet?
3281,3818,0,6,67,73,1.082191780821918,0.032368600179812385,684,You need some Honey in your life.
3287,3818,1,4,68,73,1.082191780821918,0.03779211268777819,684,You just can't escape self-proclaimed vegans these days.
3301,3818,0,6,67,73,1.082191780821918,0.032368600179812385,684,What did you expect in Product Kingdom?
3329,3818,1,4,68,73,1.082191780821918,0.03779211268777819,684,"Exit, pursued by a honey bear."
3024,3818,0,6,67,73,1.082191780821918,0.032368600179812385,684,...on the bright side: I don’t look like a chinese dictator!
3261,3818,0,6,67,73,1.082191780821918,0.032368600179812385,684,Do not squeeze the Charmin Bear!
2997,3818,0,6,67,73,1.082191780821918,0.032368600179812385,684,No Alice it is not real
2672,3818,0,6,67,73,1.082191780821918,0.032368600179812385,684,Darn! I forgot the pancakes
2900,3818,1,4,68,73,1.082191780821918,0.03779211268777819,684,So we going to Eiffel Tower this bitch or what bro?
2438,3818,0,6,67,73,1.082191780821918,0.032368600179812385,684,The life-sized bear of honey appeared to need a squeeze.
2512,3818,0,6,67,73,1.082191780821918,0.032368600179812385,684,"If I squeeze the middle, I'm afraid what sticky substance will come out."
2584,3818,0,6,67,73,1.082191780821918,0.032368600179812385,684,He says he's a bit bearish with the hat.
2616,3818,0,6,67,73,1.082191780821918,0.032368600179812385,684,My other commercial gig is squeezing toilet tissue.
2630,3818,1,4,68,73,1.082191780821918,0.03779211268777819,684,Just tell him about that keto diet thing.
3352,3818,2,2,69,73,1.082191780821918,0.04252953426985653,684,KIIIIIIILL MEEEEEEE!!!!!!
2994,3818,0,6,67,73,1.082191780821918,0.032368600179812385,684,Didn't he used to be president?
2699,3818,1,4,68,73,1.082191780821918,0.03779211268777819,684,Don't be scared.  It's honey I'm after.
2743,3818,0,6,67,73,1.082191780821918,0.032368600179812385,684,So bears have public relations specialists now?
2762,3818,0,6,67,73,1.082191780821918,0.032368600179812385,684,Jared. Approximately HOW many times did I tell you to stop your CRISPR experiments? HOW MANY?! Look what you’ve done.
2808,3818,1,4,68,73,1.082191780821918,0.03779211268777819,684,"Next, on Nature: Honey Farms, Inc. goes 
au naturel."
2826,3818,0,6,67,73,1.082191780821918,0.032368600179812385,684,Look at that Honey
2867,3818,0,6,67,73,1.082191780821918,0.032368600179812385,684,Did someone order bee repellant?
2889,3818,1,4,68,73,1.082191780821918,0.03779211268777819,684,"What is that, honey?"
2707,3818,0,6,67,73,1.082191780821918,0.032368600179812385,684,We can go; I put on my forest camouflage outfit.
3357,3818,0,6,67,73,1.082191780821918,0.032368600179812385,684,"Bear with me, honey. Ha, ha- that always gets 'em!"
3745,3818,1,4,68,73,1.082191780821918,0.03779211268777819,684,"Ahh, I wondered why I woke up with a gummy bum!"
3415,3818,0,6,67,73,1.082191780821918,0.032368600179812385,684,"Don’t worry honey, it’s just a bear."
2426,3818,1,4,68,73,1.082191780821918,0.03779211268777819,684,"POOH, sacred ya."
4520,3818,0,6,67,73,1.082191780821918,0.032368600179812385,684,"Oh, dude you’re confusing sweet with nice. You’re actually a jerk!"
4448,3818,1,4,68,73,1.082191780821918,0.03779211268777819,684,Just be thankful it's not Mrs Butterworth again
4438,3818,1,4,68,73,1.082191780821918,0.03779211268777819,684,"Well now, this is a sticky situation."
3465,3818,0,6,67,73,1.082191780821918,0.032368600179812385,684,Honey cures wounds.
4329,3818,0,6,67,73,1.082191780821918,0.032368600179812385,684,I preferred Smokey when he was less sweet
4258,3818,0,6,67,73,1.082191780821918,0.032368600179812385,684,You see any bee hives in your travels?
4236,3818,0,6,67,73,1.082191780821918,0.032368600179812385,684,I told you that sticky stuff you stepped in was honey bear droppings.
4227,3818,0,6,67,73,1.082191780821918,0.032368600179812385,684,I don’t think the spout helps.
4169,3818,1,4,68,73,1.082191780821918,0.03779211268777819,684,Of course he does—why would you ask him that?
4081,3818,1,4,68,73,1.082191780821918,0.03779211268777819,684,Well...YOU’RE the one who insisted on tea in our thermoses.”
4031,3818,0,6,67,73,1.082191780821918,0.032368600179812385,684,"Don't worry,she's really quite sweet."
4001,3818,1,4,68,73,1.082191780821918,0.03779211268777819,684,"We have to cope, it’s paying for the upkeep."
3984,3818,0,6,67,73,1.082191780821918,0.032368600179812385,684,I think we should stick to ‘babe’ from now on
3981,3818,0,6,67,73,1.082191780821918,0.032368600179812385,684,"Hey, I'm not born-with-a 'Bloody' Horn. Dunno what caused a bleeding once I tried to force open the stuck Honey Jar!"
3952,3818,0,6,67,73,1.082191780821918,0.032368600179812385,684,"I know we should run, but, frankly, he looks quite harmless."
3942,3818,1,4,68,73,1.082191780821918,0.03779211268777819,684,"I don't like him following us, but he sure tastes great on the peanut butter sandwiches!"
3522,3818,0,6,67,73,1.082191780821918,0.032368600179812385,684,She is symbolic of the self annihilation impulse within us all
3557,3818,0,6,67,73,1.082191780821918,0.032368600179812385,684,"Finally, some sweet meat!"
3560,3818,0,6,67,73,1.082191780821918,0.032368600179812385,684,"Quick, give him your Earl Grey."
3624,3818,0,6,67,73,1.082191780821918,0.032368600179812385,684,Sweet wildlife.
3643,3818,0,6,67,73,1.082191780821918,0.032368600179812385,684,"Quick, give him the waffles in your pack."
3663,3818,1,4,68,73,1.082191780821918,0.03779211268777819,684,"Did you see which way Goldilocks went?  
I want to give her a piece of my mind."
3378,3818,0,6,67,73,1.082191780821918,0.032368600179812385,684,Something tells me he’s not hungry for carbs....
3711,3818,0,6,67,73,1.082191780821918,0.032368600179812385,684,Play dead or you'll get sticky fingers.
3753,3818,0,6,67,73,1.082191780821918,0.032368600179812385,684,Are you by chance packing any dehydrated pancake mix?
3761,3818,2,2,69,73,1.082191780821918,0.04252953426985653,684,It must have escaped the ad shoot for KFC.
3829,3818,1,4,68,73,1.082191780821918,0.03779211268777819,684,"Too bad, she's not organic."
3837,3818,1,4,68,73,1.082191780821918,0.03779211268777819,684,"‎”It’s tremendously transparent, I don't see why it would be a Russian honey bear.”"
3906,3818,0,6,67,73,1.082191780821918,0.032368600179812385,684,No waffling.
3934,3818,1,4,68,73,1.082191780821918,0.03779211268777819,684,So should we make ourselves look like a big pancake?
3713,3818,0,6,67,73,1.082191780821918,0.032368600179812385,684,"I know we're lost, but he'll just make a sticky situation worse."
2373,3818,0,6,67,73,1.082191780821918,0.032368600179812385,684,"Oh non for me thanks, too many preservatives in millennials"
67,3818,1,4,68,73,1.082191780821918,0.03779211268777819,684,Easy does it. Let's leave out the sourdough and take a few steps back.
2302,3818,0,6,67,73,1.082191780821918,0.032368600179812385,684,You only have to turn me upside down and squeeze.
1348,3818,1,4,68,73,1.082191780821918,0.03779211268777819,684,"Honey, look at that bear!"" ""These GMO's are really getting out of hand."
1322,3818,1,4,68,73,1.082191780821918,0.03779211268777819,684,I wonder if he eats Winnie The Pooh.
1251,3818,0,6,67,73,1.082191780821918,0.032368600179812385,684,Do you think this bear makeover will help change our relationship to the wild for the better?
1222,3818,1,4,68,73,1.082191780821918,0.03779211268777819,684,Have you seen my mother?
1211,3818,0,6,67,73,1.082191780821918,0.032368600179812385,684,"Oh no, I think we walked in between him and his chamomile."
1202,3818,1,4,68,73,1.082191780821918,0.03779211268777819,684,Only you can prevent sticky honey bottles.
1198,3818,0,6,67,73,1.082191780821918,0.032368600179812385,684,My friends call me Honey Bear.
1179,3818,1,4,68,73,1.082191780821918,0.03779211268777819,684,"Relax honey, he only eats honey."
1087,3818,0,6,67,73,1.082191780821918,0.032368600179812385,684,"Don't worry, dear. They may look terrifying, but they're sweet on the inside."
1082,3818,0,6,67,73,1.082191780821918,0.032368600179812385,684,"Please help me! Where is the IHOP?”
Don Dechman, Austin, T"
989,3818,2,2,69,73,1.082191780821918,0.04252953426985653,684,Was someone calling me?
983,3818,0,6,67,73,1.082191780821918,0.032368600179812385,684,Do you really think we’re in danger? He looks  so sweet.
868,3818,0,6,67,73,1.082191780821918,0.032368600179812385,684,You didn't tell me this was the Hundred-Acre Wood!
757,3818,0,6,67,73,1.082191780821918,0.032368600179812385,684,I thought i heard a swarm of bees...
1411,3818,0,6,67,73,1.082191780821918,0.032368600179812385,684,My Snapple cap was wrong. Honey DOES go bad.
730,3818,0,6,67,73,1.082191780821918,0.032368600179812385,684,"You couldn't just have lemon in your tea this morning, huh?!?"
713,3818,1,4,68,73,1.082191780821918,0.03779211268777819,684,Let's get the name of her plastic surgeon before we run off.
623,3818,2,2,69,73,1.082191780821918,0.04252953426985653,684,Don't run. Squeeze it.
575,3818,0,6,67,73,1.082191780821918,0.032368600179812385,684,Don't even think about trying the bear spray!
401,3818,1,4,68,73,1.082191780821918,0.03779211268777819,684,"Be careful, this could be a honeypot."
2312,3818,1,4,68,73,1.082191780821918,0.03779211268777819,684,"Quick, Call fnnch!"
343,3818,0,6,67,73,1.082191780821918,0.032368600179812385,684,Do you still have that gigantic lemon?
309,3818,0,6,67,73,1.082191780821918,0.032368600179812385,684,We should be okay as long as you've got some buttered toast in your pack.
254,3818,1,4,68,73,1.082191780821918,0.03779211268777819,684,I told you not to leave out the banana sandwiches.
235,3818,0,6,67,73,1.082191780821918,0.032368600179812385,684,I love you Honey..
161,3818,1,4,68,73,1.082191780821918,0.03779211268777819,684,Your hive or your life.
101,3818,1,4,68,73,1.082191780821918,0.03779211268777819,684,It’s my birthday and I want to party!
59,3818,1,4,68,73,1.082191780821918,0.03779211268777819,684,Trade me for sweet an old?
34,3818,0,6,67,73,1.082191780821918,0.032368600179812385,684,Did he just say his name is 'Phil'?
9,3818,1,4,68,73,1.082191780821918,0.03779211268777819,684,I think it knows we’re packing honey oat bars.
722,3818,0,6,67,73,1.082191780821918,0.032368600179812385,684,trick or...uhmmmm treat
1422,3818,0,6,67,73,1.082191780821918,0.032368600179812385,684,I told you to leave the tea at home.
352,3818,1,4,68,73,1.082191780821918,0.03779211268777819,684,"Don't be fooled by the disguise and happy face, lets run!"
1429,3818,1,4,68,73,1.082191780821918,0.03779211268777819,684,Your mother has decided to come incognito.
1426,3818,1,4,68,73,1.082191780821918,0.03779211268777819,684,"In case you're wondering, a bear does, indeed, spread sweet honey goodness in the woods."
2273,3818,0,6,67,73,1.082191780821918,0.032368600179812385,684,If we play dead maybe he won't smother us.
2262,3818,1,4,68,73,1.082191780821918,0.03779211268777819,684,Does he know we're gluten-free?
2202,3818,0,6,67,73,1.082191780821918,0.032368600179812385,684,"He is lonely, so he wants us to  help him find his honey bear."
2176,3818,0,6,67,73,1.082191780821918,0.032368600179812385,684,Either those wild ‘Raspberries’ were hallucinogenic - - or we should RUN!
2087,3818,0,6,67,73,1.082191780821918,0.032368600179812385,684,All of a sudden I’m in the mood for pancakes for breakfast.
2061,3818,0,6,67,73,1.082191780821918,0.032368600179812385,684,Who would've thought that one squeeze would put us in such a pinch?
2020,3818,1,4,68,73,1.082191780821918,0.03779211268777819,684,I bet ants would love him.
2001,3818,0,6,67,73,1.082191780821918,0.032368600179812385,684,"I swear that when my profile said I liked messy bears, you were what I had in mind."
1999,3818,0,6,67,73,1.082191780821918,0.032368600179812385,684,bee a honey and introduce me
1965,3818,0,6,67,73,1.082191780821918,0.032368600179812385,684,"Buzz off, big guy. Do we look like Party Animals?'"
1947,3818,0,6,67,73,1.082191780821918,0.032368600179812385,684,"Run, he thinks your ass is a bagel."
1945,3818,1,4,68,73,1.082191780821918,0.03779211268777819,684,Store your hat outside the tent. You'll attract kids.
1933,3818,0,6,67,73,1.082191780821918,0.032368600179812385,684,amzick test 11.6 152055
1905,3818,1,4,68,73,1.082191780821918,0.03779211268777819,684,Let’s offer it some bread and see what happens.
2110,3818,0,6,67,73,1.082191780821918,0.032368600179812385,684,Call me Honey Bear.  I said call me Honey Bear!
1869,3818,0,6,67,73,1.082191780821918,0.032368600179812385,684,I told you bring bree and crackers wasn't a bad idea
1448,3818,0,6,67,73,1.082191780821918,0.032368600179812385,684,Bob this could get very sticky!
1870,3818,0,6,67,73,1.082191780821918,0.032368600179812385,684,Who wants to have honey licked off their face by a bear?
1467,3818,0,6,67,73,1.082191780821918,0.032368600179812385,684,"Oh, god, its halloween"
1495,3818,0,6,67,73,1.082191780821918,0.032368600179812385,684,"I have honey, I have a hat, would you mind lending me that sleeping bag so that I can begin my hynernation?"
1534,3818,0,6,67,73,1.082191780821918,0.032368600179812385,684,"Honey bear, i think there’s something strange behind us."
1544,3818,2,2,69,73,1.082191780821918,0.04252953426985653,684,"Honey, it was the bear I was telling your about."
1469,3818,1,4,68,73,1.082191780821918,0.03779211268777819,684,Sometimes the honey in the woods come with a bear!
1651,3818,1,4,68,73,1.082191780821918,0.03779211268777819,684,Jeff and Janet were not swayed by the bear’s honeyed words but got the hell out of there.
1666,3818,0,6,67,73,1.082191780821918,0.032368600179812385,684,I told you we shouldn’t have eaten those gummi bears
1690,3818,2,2,69,73,1.082191780821918,0.04252953426985653,684,Just don't look in its eyes; I heard that things get sticky.
1785,3818,0,6,67,73,1.082191780821918,0.032368600179812385,684,"He seems friendly, maybe he is a sweety"
1744,3818,0,6,67,73,1.082191780821918,0.032368600179812385,684,I fear we will come to a sticky end
1628,3818,0,6,67,73,1.082191780821918,0.032368600179812385,684,Pleeeease stop calling me ‘Honey’!
1775,3818,0,6,67,73,1.082191780821918,0.032368600179812385,684,Throw the toast & RUN!
2637,3952,0,6,68,74,1.0810810810810811,0.031947503894564425,684,Have you seen Greg's bag of mushrooms?
2654,3952,0,6,68,74,1.0810810810810811,0.031947503894564425,684,Mrs. Butterworth is just ahead.
2727,3952,0,6,68,74,1.0810810810810811,0.031947503894564425,684,Oh you found her huh? And here I thought another Prince Charming calling out to me.
2754,3952,1,4,69,74,1.0810810810810811,0.03729445336827964,684,Everyone has a mask.
2797,3952,2,2,70,74,1.0810810810810811,0.04196557516565644,684,I guess this is where Costco gets their all natural honey bears!
2962,3952,0,6,68,74,1.0810810810810811,0.031947503894564425,684,"well, this is bearfect!"
2605,3952,0,6,68,74,1.0810810810810811,0.031947503894564425,684,"Quick, leggo your Eggo!"
3037,3952,1,4,69,74,1.0810810810810811,0.03729445336827964,684,Looks like he slathers.
2738,3952,1,4,69,74,1.0810810810810811,0.03729445336827964,684,Take out your gun - he will make a fine bong over the fireplace.
2598,3952,1,4,69,74,1.0810810810810811,0.03729445336827964,684,You haven’t by any chance seen the mustard?
2248,3952,2,2,70,74,1.0810810810810811,0.04196557516565644,684,Help
2523,3952,1,4,69,74,1.0810810810810811,0.03729445336827964,684,"Forget  singing happy birthday .
Run like hell!"
2324,3952,0,6,68,74,1.0810810810810811,0.031947503894564425,684,"Ok, Honey, what’s next? Aunt Jemima or El Paso?"
2259,3952,0,6,68,74,1.0810810810810811,0.031947503894564425,684,"Please eat me, before I eat myself."
2254,3952,1,4,69,74,1.0810810810810811,0.03729445336827964,684,"Hmm, Dad that bear seems a bit eager to join us for tea. Whatcha think?"
2231,3952,1,4,69,74,1.0810810810810811,0.03729445336827964,684,"Bear with me, Harold... I think he's sweet on me."
2228,3952,0,6,68,74,1.0810810810810811,0.031947503894564425,684,"Did I hear someone say, “Honey Bear?”"
2213,3952,0,6,68,74,1.0810810810810811,0.031947503894564425,684,"Yeah, yeah, didn’t think you’d get scared either, huh?"
2211,3952,0,6,68,74,1.0810810810810811,0.031947503894564425,684,You're not wearing your waffles are you?
3152,3952,0,6,68,74,1.0810810810810811,0.031947503894564425,684,"Is it vegetarian?""
""Emm...I don't think so, honey."
2531,3952,0,6,68,74,1.0810810810810811,0.031947503894564425,684,I'll give you directions for a little 'you-know-what.'
3221,3952,0,6,68,74,1.0810810810810811,0.031947503894564425,684,I told you we'd get into a sticky situation if we strayed off the path!
4073,3952,1,4,69,74,1.0810810810810811,0.03729445336827964,684,Sorry to interrupt... but my cousin Yogi says it  is time to evacuate!
3270,3952,1,4,69,74,1.0810810810810811,0.03729445336827964,684,I'll protect us - you need to watch your blood sugar level.
4501,3952,1,4,69,74,1.0810810810810811,0.03729445336827964,684,Did we bring the right kind of toilet paper?
4431,3952,0,6,68,74,1.0810810810810811,0.031947503894564425,684,The guide books didn't prepare me for this.
4429,3952,0,6,68,74,1.0810810810810811,0.031947503894564425,684,Wow they take their honey-moons quite literally here.
4428,3952,0,6,68,74,1.0810810810810811,0.031947503894564425,684,"Okay, now…very carefully…slide two pieces of toast from your backpack."
4398,3952,0,6,68,74,1.0810810810810811,0.031947503894564425,684,Who knew we would need bear spray around here?
4217,3952,1,4,69,74,1.0810810810810811,0.03729445336827964,684,"Relax, It's  All Nayural and Organic!"
4107,3952,0,6,68,74,1.0810810810810811,0.031947503894564425,684,Sticky situations seem to follow us.
4069,3952,1,4,69,74,1.0810810810810811,0.03729445336827964,684,They love it when you call ‘em Big Papa.
4503,3952,0,6,68,74,1.0810810810810811,0.031947503894564425,684,His hugs can get sticky.
3257,3952,0,6,68,74,1.0810810810810811,0.031947503894564425,684,You distract him and I'll squeeze around the middle until he's empty.
3911,3952,0,6,68,74,1.0810810810810811,0.031947503894564425,684,Grrr! My plastic is non-biodegradable!
3668,3952,2,2,70,74,1.0810810810810811,0.04196557516565644,684,"Jim, I can’t believe you got us into another sticky situation!"
3630,3952,0,6,68,74,1.0810810810810811,0.031947503894564425,684,Bear with Me... I’ve got a sweet tooth!
3627,3952,0,6,68,74,1.0810810810810811,0.031947503894564425,684,"Stand back, or I will beat you with my bear hands."
3568,3952,0,6,68,74,1.0810810810810811,0.031947503894564425,684,Don't judge me. I'm just trying to be myself.
2145,3952,1,4,69,74,1.0810810810810811,0.03729445336827964,684,Maybe it just wants our pancake mix.
3403,3952,0,6,68,74,1.0810810810810811,0.031947503894564425,684,He looks hungry...and sugar-crazed.
3314,3952,0,6,68,74,1.0810810810810811,0.031947503894564425,684,I think it's time for a toast.
3294,3952,0,6,68,74,1.0810810810810811,0.031947503894564425,684,"Honestly, does it really matter whether or not he's organic ?!"
3274,3952,0,6,68,74,1.0810810810810811,0.031947503894564425,684,The B movie but the honey is defending itself instead
3793,3952,1,4,69,74,1.0810810810810811,0.03729445336827964,684,I feel that we’re about to get into a sticky situation.
2122,3952,0,6,68,74,1.0810810810810811,0.031947503894564425,684,That’s a boo boo when honey bear tags along.
475,3952,1,4,69,74,1.0810810810810811,0.03729445336827964,684,"That's nice, just slinking out without saying goodbye..."
1928,3952,1,4,69,74,1.0810810810810811,0.03729445336827964,684,I think you were right about that last patch I found mushrooms.
890,3952,0,6,68,74,1.0810810810810811,0.031947503894564425,684,"I have no teeth to bare, but I am squeezable."
889,3952,0,6,68,74,1.0810810810810811,0.031947503894564425,684,"Quick, do that really good pancake impression while I run away."
826,3952,0,6,68,74,1.0810810810810811,0.031947503894564425,684,I vote we ditch that camping toaster thing from REI pronto.
823,3952,1,4,69,74,1.0810810810810811,0.03729445336827964,684,I should not have worn my pancake makeup today.
809,3952,0,6,68,74,1.0810810810810811,0.031947503894564425,684,I'll hive what she's hiving!
797,3952,1,4,69,74,1.0810810810810811,0.03729445336827964,684,I think the wizard is drunk again.
782,3952,1,4,69,74,1.0810810810810811,0.03729445336827964,684,"So, As I was saying..."
672,3952,1,4,69,74,1.0810810810810811,0.03729445336827964,684,Have you seen my comb?
602,3952,2,2,70,74,1.0810810810810811,0.04196557516565644,684,"With all that glucose, it must be hypernating."
941,3952,0,6,68,74,1.0810810810810811,0.031947503894564425,684,"Look, I just know that he makes sticky in the  woods."
577,3952,0,6,68,74,1.0810810810810811,0.031947503894564425,684,"You seem to be a nice, toasty couple."
426,3952,1,4,69,74,1.0810810810810811,0.03729445336827964,684,He doesn't look sweet to me.
382,3952,0,6,68,74,1.0810810810810811,0.031947503894564425,684,Bear spray would be a recipe for disaster.
381,3952,0,6,68,74,1.0810810810810811,0.031947503894564425,684,Don't worry. It takes a lot for these things to go bad.
289,3952,0,6,68,74,1.0810810810810811,0.031947503894564425,684,Babe these mushrooms aren’t worki- (gulp).
244,3952,0,6,68,74,1.0810810810810811,0.031947503894564425,684,Objects of endearment enjoyed in the raw.
231,3952,0,6,68,74,1.0810810810810811,0.031947503894564425,684,You're gonna need a bigger toast.
202,3952,1,4,69,74,1.0810810810810811,0.03729445336827964,684,"Trust me, I have gotten you out of sticky situations before."
168,3952,0,6,68,74,1.0810810810810811,0.031947503894564425,684,Don't get between her and her pancakes
51,3952,0,6,68,74,1.0810810810810811,0.031947503894564425,684,It's glazin' time.
570,3952,1,4,69,74,1.0810810810810811,0.03729445336827964,684,It's a cute ruse.  He's alive and he's out to steal our honey.
951,3952,0,6,68,74,1.0810810810810811,0.031947503894564425,684,I think I left the bear spray in the garage next to the backcountry tea.
2052,3952,0,6,68,74,1.0810810810810811,0.031947503894564425,684,"Quick, grab the hot buttered toast!"
1117,3952,0,6,68,74,1.0810810810810811,0.031947503894564425,684,"Honey, I can explain. She's just a friend."
975,3952,0,6,68,74,1.0810810810810811,0.031947503894564425,684,Do you see what I see? Yes Honey!
1904,3952,0,6,68,74,1.0810810810810811,0.031947503894564425,684,Relax. It's just testing its dominance of the honey market.
1858,3952,0,6,68,74,1.0810810810810811,0.031947503894564425,684,I don't think he's dangerous. He just wants some tea.
1854,3952,1,4,69,74,1.0810810810810811,0.03729445336827964,684,We're going to need a bigger recycle bin.
1826,3952,0,6,68,74,1.0810810810810811,0.031947503894564425,684,You’re on my Honey Do list.
1693,3952,0,6,68,74,1.0810810810810811,0.031947503894564425,684,"Uh-oh, if he's hungry, we're in a sticky situation."
1622,3952,1,4,69,74,1.0810810810810811,0.03729445336827964,684,I picked the worst year to go vegan.
1524,3952,1,4,69,74,1.0810810810810811,0.03729445336827964,684,Surprise! Now you know a bear can do the opposite in the woods.
1413,3952,1,4,69,74,1.0810810810810811,0.03729445336827964,684,"sweet dreams, y'all"
1404,3952,1,4,69,74,1.0810810810810811,0.03729445336827964,684,SO YOU REALLY DID MOVE ON UP TO THE EASTSIDE..?
1461,3952,1,4,69,74,1.0810810810810811,0.03729445336827964,684,Don't move. I think it just wants a toast rabbit.
1396,3952,0,6,68,74,1.0810810810810811,0.031947503894564425,684,Maybe we should have just left those extra sopaipillas on the table at Casa Bonita?
1376,3952,0,6,68,74,1.0810810810810811,0.031947503894564425,684,"Not quite what I meant when I said, ‘Let’s get bare, Honey.’"
1264,3952,0,6,68,74,1.0810810810810811,0.031947503894564425,684,The archetype exists!
1252,3952,0,6,68,74,1.0810810810810811,0.031947503894564425,684,ONLY YOU...can prevent the mass extinction of bees.
1242,3952,0,6,68,74,1.0810810810810811,0.031947503894564425,684,Don't make any sudden movements until the toast pops.
1232,3952,0,6,68,74,1.0810810810810811,0.031947503894564425,684,"No need to be nervous dear, he’s really sweet and dripping with affection."
1197,3952,0,6,68,74,1.0810810810810811,0.031947503894564425,684,Scratch the woods as a retreat from that 'bottled - up' feeling.
1164,3952,1,4,69,74,1.0810810810810811,0.03729445336827964,684,Your keto diet can't save you in the wild.
1144,3952,1,4,69,74,1.0810810810810811,0.03729445336827964,684,I hope you brought insulin.
1401,3952,1,4,69,74,1.0810810810810811,0.03729445336827964,684,We should've packed the agave instead.
1334,4045,1,4,70,75,1.08,0.03680971278012034,684,Typical. A high value target and me without my assault weapon.
1918,4045,0,6,69,75,1.08,0.03153719382878879,684,Oh Dear!! Sticky situation!!
3489,4045,0,6,69,75,1.08,0.03153719382878879,684,No break from the advertisement
4495,4048,0,6,70,76,1.0789473684210527,0.031137262016313772,684,"Not you"""
2343,4049,0,5,63,68,1.0735294117647058,0.03188665499421398,684,Is a bear sweet in the woods?
4241,4049,0,5,63,68,1.0735294117647058,0.03188665499421398,684,I told you not to sweeten your tea!
4311,4051,0,5,64,69,1.0724637681159421,0.03143919678531251,684,"How gauche, he ate the honeycomb too."
3716,4051,0,5,64,69,1.0724637681159421,0.03143919678531251,684,Don't panic. He's sweet. I just hope the mustard isn't around.
3655,4051,0,5,64,69,1.0724637681159421,0.03143919678531251,684,Don’t trust him. Looks like a typical honeypot trick to me”.
3606,4051,2,1,66,69,1.0724637681159421,0.04290615356235848,684,I think wesid%22:3%2C%22surl%22:%22https://www.newyorker.com/%22%2C%22sref%22:%22https://www.google.com/%22%2C%22sts%22:1573305770375%2C%22slts%22:15584225569
3413,4051,1,3,65,69,1.0724637681159421,0.03761223941765693,684,Now I've seen everything.
3388,4051,0,5,64,69,1.0724637681159421,0.03143919678531251,684,"It seems safer than Warren’s Medicare for all, but sweeter than Buttigieg’s"
3275,4051,0,5,64,69,1.0724637681159421,0.03143919678531251,684,Told you I wasn't lying.
3732,4051,0,5,64,69,1.0724637681159421,0.03143919678531251,684,"Keep still. If you startle these guys, they'll spray."
3242,4051,1,3,65,69,1.0724637681159421,0.03761223941765693,684,Where was this guy when we had our tea earlier?
2937,4051,0,5,64,69,1.0724637681159421,0.03143919678531251,684,I told you he would attract ants!
2930,4051,1,3,65,69,1.0724637681159421,0.03761223941765693,684,It's a real bear getting honey in this forest.
2874,4051,1,3,65,69,1.0724637681159421,0.03761223941765693,684,It's real. We're not in a desert.
2708,4051,0,5,64,69,1.0724637681159421,0.03143919678531251,684,"She may look mean, but she's all sweet inside."
2464,4051,0,5,64,69,1.0724637681159421,0.03143919678531251,684,give me the zucc
2440,4051,2,1,66,69,1.0724637681159421,0.04290615356235848,684,"Actually, I’m Honeybear’s monster"
3072,4051,0,5,64,69,1.0724637681159421,0.03143919678531251,684,I’m not sure what to make of it. Maybe he just finished reading ‘The Secret’?
3778,4051,0,5,64,69,1.0724637681159421,0.03143919678531251,684,"Don’t worry honey, he looks rather sweet."
3872,4051,0,5,64,69,1.0724637681159421,0.03143919678531251,684,What did Goldie Lox do this time?
3889,4051,0,5,64,69,1.0724637681159421,0.03143919678531251,684,I can soften him up. Pass me the camping microwave.
4267,4051,0,5,64,69,1.0724637681159421,0.03143919678531251,684,"Did you just say, ""Oh poo?""  I rather like that name better."
4253,4051,1,3,65,69,1.0724637681159421,0.03761223941765693,684,"Uh, Honey? There's a strange man watching us."
4400,4051,0,5,64,69,1.0724637681159421,0.03143919678531251,684,Where have all the hives gone?
4207,4051,0,5,64,69,1.0724637681159421,0.03143919678531251,684,"Honey, it's the HONEY BEAR!!!!!!"
4094,4051,0,5,64,69,1.0724637681159421,0.03143919678531251,684,I think we need to get out the mace.
4066,4051,0,5,64,69,1.0724637681159421,0.03143919678531251,684,I hope he's sweet.
4035,4051,0,5,64,69,1.0724637681159421,0.03143919678531251,684,Do you like my Halloween costume?
4006,4051,0,5,64,69,1.0724637681159421,0.03143919678531251,684,I didn't mean this Bear Grylls
3996,4051,0,5,64,69,1.0724637681159421,0.03143919678531251,684,"Shh, I think I hear...some ultra-filtered honey?"
3989,4051,1,3,65,69,1.0724637681159421,0.03761223941765693,684,"Sorry! Just sold out except a few drops for free Licks."""
3975,4051,0,5,64,69,1.0724637681159421,0.03143919678531251,684,What are you supposed to do when you see a honey bear again?
3965,4051,0,5,64,69,1.0724637681159421,0.03143919678531251,684,And I thought Halloween was over!
3943,4051,0,5,64,69,1.0724637681159421,0.03143919678531251,684,I thought privatizing was supposed to make our parks more customer friendly!
3939,4051,1,3,65,69,1.0724637681159421,0.03761223941765693,684,How about some waffles?
3890,4051,0,5,64,69,1.0724637681159421,0.03143919678531251,684,Whao. You scared me.  I thought you were Smokey.
4341,4051,0,5,64,69,1.0724637681159421,0.03143919678531251,684,I am the honeypot. I have been put out.But the bees haven't come around. Because they're dead.
2334,4051,0,5,64,69,1.0724637681159421,0.03143919678531251,684,Wow. What a coincidence. You did remember to pack the biscuits didn't you?
1729,4051,1,3,65,69,1.0724637681159421,0.03761223941765693,684,Mothers who have already self actualized are pretty safe.
2286,4051,1,3,65,69,1.0724637681159421,0.03761223941765693,684,"Its worse than that ! Its a rare Honey Glaze Marinading Bear!"""
2291,4051,0,5,64,69,1.0724637681159421,0.03143919678531251,684,ARE YOU SMOKING WEED?
896,4051,1,3,65,69,1.0724637681159421,0.03761223941765693,684,Got Milk?
841,4051,0,5,64,69,1.0724637681159421,0.03143919678531251,684,"Surprise!! I followed you to the woods today,"
829,4051,1,3,65,69,1.0724637681159421,0.03761223941765693,684,"This wild bear attack is sponsored by the Honey Growers of America, Inc."
775,4051,0,5,64,69,1.0724637681159421,0.03143919678531251,684,Happy Halloween!  Trick or Trick!
719,4051,0,5,64,69,1.0724637681159421,0.03143919678531251,684,quick - give him all the teabags we've got!
621,4051,0,5,64,69,1.0724637681159421,0.03143919678531251,684,It's either lost or he still thinks it's Halloween.
940,4051,0,5,64,69,1.0724637681159421,0.03143919678531251,684,Only you can prevent the bees from reclaiming their honey.
534,4051,0,5,64,69,1.0724637681159421,0.03143919678531251,684,Whatever you do. Don't Squeeze him!
468,4051,1,3,65,69,1.0724637681159421,0.03761223941765693,684,"What? You don't think I'm a real bear, Karen."
445,4051,0,5,64,69,1.0724637681159421,0.03143919678531251,684,What did I tell you about the diabetes bracelet?
286,4051,0,5,64,69,1.0724637681159421,0.03143919678531251,684,"Don't do it, Helen! It's a Trojan horse."
273,4051,0,5,64,69,1.0724637681159421,0.03143919678531251,684,I'm sweet on you two. How about a threesome?
196,4051,0,5,64,69,1.0724637681159421,0.03143919678531251,684,Give him the peanut butter or he’ll blow his top.”
121,4051,0,5,64,69,1.0724637681159421,0.03143919678531251,684,Do you like this one or the Big Foot one
16,4051,0,5,64,69,1.0724637681159421,0.03143919678531251,684,Isn't this past your bedtime?
493,4051,1,3,65,69,1.0724637681159421,0.03761223941765693,684,You kids wanna buy some sweets?
1074,4051,1,3,65,69,1.0724637681159421,0.03761223941765693,684,I heard the state parks had made some budget cuts but...
899,4051,0,5,64,69,1.0724637681159421,0.03143919678531251,684,You’d both go very well with some honey.
1119,4051,0,5,64,69,1.0724637681159421,0.03143919678531251,684,"I think it's angry, Honey"
2247,4051,0,5,64,69,1.0724637681159421,0.03143919678531251,684,"Give me all your honey, honey!"
2186,4051,1,3,65,69,1.0724637681159421,0.03761223941765693,684,"Help me take this suit off?"""
2183,4051,0,5,64,69,1.0724637681159421,0.03143919678531251,684,"Give him your beef jerky, he has enough carbs."
2089,4051,0,5,64,69,1.0724637681159421,0.03143919678531251,684,"Don't panic, I know what to do. Hand me your frappuccino."
2037,4051,1,3,65,69,1.0724637681159421,0.03761223941765693,684,"If he attacks, just play sticky."
1088,4051,0,5,64,69,1.0724637681159421,0.03143919678531251,684,"Cyborg Pooh was just happy to be alive
and meeting new people always
made it a special kind of day."
1890,4051,0,5,64,69,1.0724637681159421,0.03143919678531251,684,Now I squeeze your honey.
1851,4051,1,3,65,69,1.0724637681159421,0.03761223941765693,684,It's Poohnocchio.
1983,4051,0,5,64,69,1.0724637681159421,0.03143919678531251,684,I think we're in for a big surprise.
1607,4051,1,3,65,69,1.0724637681159421,0.03761223941765693,684,"Should we punch it in the nose?"" ""I don't know, he looks kinda sweet"""
1593,4051,0,5,64,69,1.0724637681159421,0.03143919678531251,684,"So is he turned on by me, or is it you?"
1523,4051,0,5,64,69,1.0724637681159421,0.03143919678531251,684,"If this isn't sexual harassment, I don't know what is."
1471,4051,0,5,64,69,1.0724637681159421,0.03143919678531251,684,They' go to extremes to get tourists to feed them.
1456,4051,0,5,64,69,1.0724637681159421,0.03143919678531251,684,I think we should run and not waffle about it!
1265,4051,0,5,64,69,1.0724637681159421,0.03143919678531251,684,"'Uh oh...he's going to erupt!"""
1224,4051,0,5,64,69,1.0724637681159421,0.03143919678531251,684,Tis better to give than receive.
1192,4051,0,5,64,69,1.0724637681159421,0.03143919678531251,684,Should we flee or sugar coat him?
207,4126,0,5,65,70,1.0714285714285714,0.031004097581515386,684,"Oh look!  It's the crazy nasty*** honey bear. ""Honey bear doesn't care."""
1725,4126,0,5,65,70,1.0714285714285714,0.031004097581515386,684,"I  just wanted to get a taste, but he squirted at me."
2017,4126,0,5,65,70,1.0714285714285714,0.031004097581515386,684,"I heard you can scare off honey bears if you just yell ""BEES!"""
3016,4126,0,5,65,70,1.0714285714285714,0.031004097581515386,684,Challa
4519,4130,0,5,66,71,1.0704225352112675,0.03058085342770758,684,Don’t open your fly yet.
4009,4130,0,5,66,71,1.0704225352112675,0.03058085342770758,684,"Kid stuff. It's not raw, wild honey."
1859,4130,0,5,66,71,1.0704225352112675,0.03058085342770758,684,"Sorry to startle you, but can you spare your granola?"
1190,4130,0,5,66,71,1.0704225352112675,0.03058085342770758,684,How much did he say it was? Bearly  getting by.
1363,4130,0,5,66,71,1.0704225352112675,0.03058085342770758,684,It no longer looks sweet.
1835,4130,0,5,66,71,1.0704225352112675,0.03058085342770758,684,I told you not to bring the green tea - now what?
2365,4136,0,5,67,72,1.0694444444444444,0.030168987336416927,684,"Never call your wife ""honey"" in a place that can have bears. Actually only call if you don't like her very much."
2452,4136,0,5,67,72,1.0694444444444444,0.030168987336416927,684,If  that's Baby Bear's honey dispenser I'd prefer to avoid the parents.
3743,4136,0,5,67,72,1.0694444444444444,0.030168987336416927,684,Please tell me you packed your wallet.
2461,4136,1,3,68,72,1.0694444444444444,0.03607497891384206,684,"No honey,it's okay. He's a sweet bear."
4077,4140,0,4,61,65,1.0615384615384615,0.030039421830410213,684,Didn't I tell you if you eat too much honey you'll turn into honey?
275,4140,0,4,61,65,1.0615384615384615,0.030039421830410213,684,"Otto, how good is your bumblebee impression?"
3723,4140,0,4,61,65,1.0615384615384615,0.030039421830410213,684,I wonder if she den's up with Smokey ?
197,4143,0,4,62,66,1.0606060606060606,0.02959546899413308,684,I don't think squeezing is the way to go.
3573,4143,0,4,62,66,1.0606060606060606,0.02959546899413308,684,Just don’t get between her and her crackers.
3464,4143,0,4,62,66,1.0606060606060606,0.02959546899413308,684,"Do you think he smells the pancakes, granola, and tea in our backpacks?"
3462,4143,0,4,62,66,1.0606060606060606,0.02959546899413308,684,you said they were sweet!
3439,4143,1,2,63,66,1.0606060606060606,0.03663457726224173,684,"Wait, I thought we locked the house?"
3383,4143,0,4,62,66,1.0606060606060606,0.02959546899413308,684,"Careful, could be a Joker spin-off."
3362,4143,0,4,62,66,1.0606060606060606,0.02959546899413308,684,Smokey got overwhelmed and quit - I'm all you have left.
3639,4143,0,4,62,66,1.0606060606060606,0.02959546899413308,684,"Oh, no! We said banding not branding."
3343,4143,1,2,63,66,1.0606060606060606,0.03663457726224173,684,Don't be fooled by the t-shirt and cute cap.
3245,4143,0,4,62,66,1.0606060606060606,0.02959546899413308,684,Hide the anaimal crackers
3156,4143,0,4,62,66,1.0606060606060606,0.02959546899413308,684,I was looking for a different Honey Pot so I could go pee.
2980,4143,0,4,62,66,1.0606060606060606,0.02959546899413308,684,"As I said, honey isn't vegan."
2970,4143,0,4,62,66,1.0606060606060606,0.02959546899413308,684,Honey: that's a big bear.
2888,4143,0,4,62,66,1.0606060606060606,0.02959546899413308,684,"Finally, you are a grown-up now!"
2756,4143,1,2,63,66,1.0606060606060606,0.03663457726224173,684,"Honey, I'm afraid we might be lost."
3279,4143,0,4,62,66,1.0606060606060606,0.02959546899413308,684,give me your ham >:0
2701,4143,1,2,63,66,1.0606060606060606,0.03663457726224173,684,Commercialization has gone too far.
3645,4143,1,2,63,66,1.0606060606060606,0.03663457726224173,684,Any bagels in those backpacks of yours?
43,4143,1,2,63,66,1.0606060606060606,0.03663457726224173,684,"If she answers to “Tansy Ragwort”, run!"
4496,4143,0,4,62,66,1.0606060606060606,0.02959546899413308,684,"Quick, make yourself look sweet!"
4489,4143,0,4,62,66,1.0606060606060606,0.02959546899413308,684,Very funny John. You almost scared the hell out of me
4393,4143,0,4,62,66,1.0606060606060606,0.02959546899413308,684,I guess bear bells are only effective for grizzlies.
4380,4143,0,4,62,66,1.0606060606060606,0.02959546899413308,684,Don’t worry-I packed some extra toast.
4343,4143,0,4,62,66,1.0606060606060606,0.02959546899413308,684,"Okay, yell ""insulin"" on three..."
4251,4143,0,4,62,66,1.0606060606060606,0.02959546899413308,684,"If you can turn me on, I'll give you some honey."
3647,4143,1,2,63,66,1.0606060606060606,0.03663457726224173,684,I think the microdosing has finally caught up.
4211,4143,0,4,62,66,1.0606060606060606,0.02959546899413308,684,I can't tell - Is it  honey or is it a bear?
4045,4143,0,4,62,66,1.0606060606060606,0.02959546899413308,684,Honey bears are just looking for your love.
3927,4143,1,2,63,66,1.0606060606060606,0.03663457726224173,684,"I melt in the microwave. But, you don’t have one, do you?
Okay. So I’m your true forest friend."
3921,4143,1,2,63,66,1.0606060606060606,0.03663457726224173,684,I'm your Honey Bear Nightbear.
3790,4143,0,4,62,66,1.0606060606060606,0.02959546899413308,684,I don't know whether to play dead or squeeze him onto my granola bar.
3769,4143,1,2,63,66,1.0606060606060606,0.03663457726224173,684,This could get a little sticky.  Did you bring any handiwipes?
3731,4143,0,4,62,66,1.0606060606060606,0.02959546899413308,684,Hey If you're not here to pollinate you need to get out!
4188,4143,0,4,62,66,1.0606060606060606,0.02959546899413308,684,They grow the pancakes big out here...
2674,4143,0,4,62,66,1.0606060606060606,0.02959546899413308,684,"Unfortunately, Earl Grey and Chamomile weren't hot enough to dissolve the sticky situation."
3847,4143,1,2,63,66,1.0606060606060606,0.03663457726224173,684,"Well, it looks like you've gotten yourselves in a sticky situation."
2623,4143,0,4,62,66,1.0606060606060606,0.02959546899413308,684,I don’t think so
1034,4143,0,4,62,66,1.0606060606060606,0.02959546899413308,684,"Yes,he's a bear,but he looks sweet enough."
893,4143,0,4,62,66,1.0606060606060606,0.02959546899413308,684,I need to feel useful - Don’t suppose you packed a ham?
892,4143,1,2,63,66,1.0606060606060606,0.03663457726224173,684,"Sweetie, you use that to salt the rim of a margarita glass."
887,4143,0,4,62,66,1.0606060606060606,0.02959546899413308,684,"Do you think he is Smokey the Bear, Yogi Bear, or...
Winnie the Pooh?"
870,4143,1,2,63,66,1.0606060606060606,0.03663457726224173,684,Beware the Bear in Honey Bear clothing!
666,4143,0,4,62,66,1.0606060606060606,0.02959546899413308,684,"Christopher Robin, this bear isn't silly nor old!"
554,4143,1,2,63,66,1.0606060606060606,0.03663457726224173,684,"So, I'm thinking we shouldn't have grabbed
those sweet little ""samples"" at breakfast."
320,4143,1,2,63,66,1.0606060606060606,0.03663457726224173,684,It's almost as bad as sugar!
315,4143,1,2,63,66,1.0606060606060606,0.03663457726224173,684,"Whatever you do, don’t make any sudden attempt to use your squeezable bear honey container."
307,4143,1,2,63,66,1.0606060606060606,0.03663457726224173,684,Honey-Bear got your tongue?
300,4143,0,4,62,66,1.0606060606060606,0.02959546899413308,684,Rocky Mountain we’re high.
124,4143,0,4,62,66,1.0606060606060606,0.02959546899413308,684,I wonder if he knows where the Milk is.
251,4143,0,4,62,66,1.0606060606060606,0.02959546899413308,684,Bears really do drip in the woods!
230,4143,0,4,62,66,1.0606060606060606,0.02959546899413308,684,I told you he wasn't hibernating! Honey on my morning biscuit wasn't worth it.
2650,4143,0,4,62,66,1.0606060606060606,0.02959546899413308,684,The ad copy reads: Only You Can Prevent Hive Colony Collapse Disorder
1109,4143,0,4,62,66,1.0606060606060606,0.02959546899413308,684,"Should we play dead, or boil water for tea?"
1204,4143,0,4,62,66,1.0606060606060606,0.02959546899413308,684,"Honey, Can you spare a rhyme."
195,4143,0,4,62,66,1.0606060606060606,0.02959546899413308,684,So that small bottle at the campsite wasn't yours?
1654,4143,0,4,62,66,1.0606060606060606,0.02959546899413308,684,"I know it’s for Macy’s, but who squeezed that drip?"
2491,4143,0,4,62,66,1.0606060606060606,0.02959546899413308,684,You are in denial. It's like when you said with Tinker Bell  I do believe in fairies. Run!
2387,4143,0,4,62,66,1.0606060606060606,0.02959546899413308,684,"Sorry, we’re vegan."
2200,4143,0,4,62,66,1.0606060606060606,0.02959546899413308,684,"'"" know it looks harmless but it's still sugar."""
2195,4143,1,2,63,66,1.0606060606060606,0.03663457726224173,684,I think he's looking for some pancakes.
2127,4143,0,4,62,66,1.0606060606060606,0.02959546899413308,684,"John, is this where we stop for tea?"
2552,4143,0,4,62,66,1.0606060606060606,0.02959546899413308,684,"Don't worry, they usually get pretty stiff when it's half empty."
1920,4143,0,4,62,66,1.0606060606060606,0.02959546899413308,684,Isn't this the guy that was beat out by Sugar Bear? Yeah...I thought he was dead
1881,4143,0,4,62,66,1.0606060606060606,0.02959546899413308,684,Looks like putting him in the microwave didn't soften him up any.
2118,4143,0,4,62,66,1.0606060606060606,0.02959546899413308,684,"Honey, is that a bear."
1852,4143,0,4,62,66,1.0606060606060606,0.02959546899413308,684,This is where I drop off.
1849,4143,0,4,62,66,1.0606060606060606,0.02959546899413308,684,Remember we read in the hiking guide that these Oregon bears were using CBD?
1838,4143,0,4,62,66,1.0606060606060606,0.02959546899413308,684,"Appreciate you not swatting at the Bees
Frank Buckley
Andover, MA"
1634,4143,0,4,62,66,1.0606060606060606,0.02959546899413308,684,What can I say to him to keep him from following us?
1801,4143,0,4,62,66,1.0606060606060606,0.02959546899413308,684,I got here first.
1777,4143,0,4,62,66,1.0606060606060606,0.02959546899413308,684,"Honey, I blew up the honey!"
1706,4143,0,4,62,66,1.0606060606060606,0.02959546899413308,684,A “honey” bear? She doesn’t look sweet to me!
2977,4215,0,4,63,67,1.0597014925373134,0.02916443047517594,684,We swear neither of us have diabetes. Wait for the fat guy behind us on the trail. He’ll taste great!
3010,4215,0,4,63,67,1.0597014925373134,0.02916443047517594,684,Tell him we already gave  at the office....
3124,4215,0,4,63,67,1.0597014925373134,0.02916443047517594,684,Think I'll stop buying honey from China ...too many fluoroquinolones!
3298,4215,0,4,63,67,1.0597014925373134,0.02916443047517594,684,Can you BEAR the smell on Honey?
3367,4215,1,2,64,67,1.0597014925373134,0.036094986345958875,684,I hope you NRA people can run real fast.
2894,4215,1,2,64,67,1.0597014925373134,0.036094986345958875,684,I just spent 10 seconds in the microwave.  I run fast.
3394,4215,0,4,63,67,1.0597014925373134,0.02916443047517594,684,If we lay down flat like a pancake at least it will be a sweet death.
4252,4215,0,4,63,67,1.0597014925373134,0.02916443047517594,684,The bees stole my honey again. This time I'm gonna make them pay
3473,4215,0,4,63,67,1.0597014925373134,0.02916443047517594,684,"""Seen any hollow logs? I'm about ready to hibernate?"
3566,4215,1,2,64,67,1.0597014925373134,0.036094986345958875,684,"Obviously someone said, ""Sweet dreams"" to you last night."
3616,4215,0,4,63,67,1.0597014925373134,0.02916443047517594,684,"I told the Animal Liberation Brigade that this Born Free crap is not for everyone, but they refused to listen."
4088,4215,0,4,63,67,1.0597014925373134,0.02916443047517594,684,Oh God...he's so sticky.
4116,4215,0,4,63,67,1.0597014925373134,0.02916443047517594,684,Tell him we're saving the bees .
2567,4215,0,4,63,67,1.0597014925373134,0.02916443047517594,684,Get my gun
4305,4215,0,4,63,67,1.0597014925373134,0.02916443047517594,684,"Oh how sweet, she wants to eat us now!"
4399,4215,0,4,63,67,1.0597014925373134,0.02916443047517594,684,I think she wants her gummy bears back.
3434,4215,0,4,63,67,1.0597014925373134,0.02916443047517594,684,I sure hope that's a recyclable bear.
2561,4215,0,4,63,67,1.0597014925373134,0.02916443047517594,684,"Oh, no, you won't do.  I'm looking for biscuits."
2083,4215,1,2,64,67,1.0597014925373134,0.036094986345958875,684,It would blow my mind if you could bear to be my main squeeze.
2410,4215,1,2,64,67,1.0597014925373134,0.036094986345958875,684,"Be careful, that ‘sweet’ act may be a trap"
170,4215,0,4,63,67,1.0597014925373134,0.02916443047517594,684,"Quick, hand me the bee spray."
2460,4215,0,4,63,67,1.0597014925373134,0.02916443047517594,684,"If we pretend like we're already stuck, he won't touch us."
372,4215,0,4,63,67,1.0597014925373134,0.02916443047517594,684,If we lie perfectly still it will think we're bread.
646,4215,0,4,63,67,1.0597014925373134,0.02916443047517594,684,"This is not a good time to mention your first name, Ms Leoni."
679,4215,0,4,63,67,1.0597014925373134,0.02916443047517594,684,Please hug me before I burst.
967,4215,1,2,64,67,1.0597014925373134,0.036094986345958875,684,zzuzuzuuuzzuzzuuzzzuzzuzuzuzzz
1057,4215,0,4,63,67,1.0597014925373134,0.02916443047517594,684,"Honey, we tried to return to nature and we ran into a supermarket billboard, I hope."
178,4215,0,4,63,67,1.0597014925373134,0.02916443047517594,684,"Honey, don't panic. If we stay still, the adult woman will leave us alone."
1391,4215,0,4,63,67,1.0597014925373134,0.02916443047517594,684,testing
1161,4215,0,4,63,67,1.0597014925373134,0.02916443047517594,684,Jesus Christ!   He's already got loads of honey -- why is he messing with us?
2237,4215,0,4,63,67,1.0597014925373134,0.02916443047517594,684,"Let's go, I already have one."
1964,4215,0,4,63,67,1.0597014925373134,0.02916443047517594,684,So you’re “vegan for the animals” are you?
788,4215,0,4,63,67,1.0597014925373134,0.02916443047517594,684,"Watch out honey, he means beesness"
1803,4215,0,4,63,67,1.0597014925373134,0.02916443047517594,684,Quick - get the kettle!
1787,4215,1,2,64,67,1.0597014925373134,0.036094986345958875,684,Only you can prevent poorly seasoned food.
1621,4215,0,4,63,67,1.0597014925373134,0.02916443047517594,684,This did not seem like one of the dangerous bears Donna and Mike had worried about.
1910,4215,0,4,63,67,1.0597014925373134,0.02916443047517594,684,I thought you said he was sweet?
4292,4252,0,4,64,68,1.0588235294117647,0.028745751613248292,684,"In retrospect, I now understand why you found the roadside pancake house to be a little off-putting."
469,4252,0,4,64,68,1.0588235294117647,0.028745751613248292,684,I know it's Halloween but this wasn't cool.
1256,4252,1,2,65,68,1.0588235294117647,0.03557105281805601,684,I know it's a Honey Bear but I think YOU  should try squeezing him.
1751,4252,0,4,64,68,1.0588235294117647,0.028745751613248292,684,He seemed so sweet until I squeezed him.
2300,4252,0,4,64,68,1.0588235294117647,0.028745751613248292,684,"She seems harmless.  Just don't mess with her honey and walk away slowly"""
2621,4252,0,4,64,68,1.0588235294117647,0.028745751613248292,684,Mrs. Butterworth!!... I presume... we have decoupled??
3665,4252,0,4,64,68,1.0588235294117647,0.028745751613248292,684,Quiet......this is nothing to squeeze at
3903,4252,0,4,64,68,1.0588235294117647,0.028745751613248292,684,"I’m sorry, but you’re in the “Süßigkeit-Forrest”, that means, if you’re not made out of something sweet, I’ll have to ask you to leave."
4098,4252,0,4,64,68,1.0588235294117647,0.028745751613248292,684,The bear contracted the common cold of honey!
437,4252,0,4,64,68,1.0588235294117647,0.028745751613248292,684,Uh Oh we are on the menu out here...
4457,4262,1,2,67,70,1.0571428571428572,0.034567510001557514,684,He thinks we're toast!
2773,4262,0,4,66,70,1.0571428571428572,0.027943408395532904,684,BooBoo!
1886,4264,0,4,68,72,1.0555555555555556,0.02718458961821627,684,I don't think VR grocery shopping is for us.
1313,4265,0,3,58,61,1.0491803278688525,0.027917026829387525,684,It's a Madison Ave Scam Bear.I
3171,4265,0,3,58,61,1.0491803278688525,0.027917026829387525,684,"Quick, give him the nuts and Cheerios!"
2135,4267,0,3,59,62,1.0483870967741935,0.027474514461903625,684,"In exchange for our lives, do you think he'd accept our bottles of honey?"
2292,4267,0,3,59,62,1.0483870967741935,0.027474514461903625,684,Get the bug spray! I just know he has heard about getting more flies with honey.
2361,4267,0,3,59,62,1.0483870967741935,0.027474514461903625,684,"Honey, you shrunk the humans!"
2407,4267,0,3,59,62,1.0483870967741935,0.027474514461903625,684,"KILLLLL MEEEEEE,” the abomination begged"
2409,4267,0,3,59,62,1.0483870967741935,0.027474514461903625,684,"Honey, is this man bothering you?"
2502,4267,0,3,59,62,1.0483870967741935,0.027474514461903625,684,"I like sweet tea as much as the next guy, but you promised you'd pack light!"
2526,4267,0,3,59,62,1.0483870967741935,0.027474514461903625,684,Hand over all the lupins you’ve got!
2635,4267,0,3,59,62,1.0483870967741935,0.027474514461903625,684,I’d prefer blueberries to a smoked salmon sandwich
2655,4267,0,3,59,62,1.0483870967741935,0.027474514461903625,684,"It all started when President Xi asked for some honey in his tea. I was then jailed, mistaken for some ""Pooh Bear,"" but I managed to escape and have been hiding in these woods ever since!"
2729,4267,0,3,59,62,1.0483870967741935,0.027474514461903625,684,I've heard that what you're supposed to do in these situations is to brew up a big cup of tea with lemon.
2897,4267,0,3,59,62,1.0483870967741935,0.027474514461903625,684,"Whatever you do, don't call me ""honey!"
3023,4267,0,3,59,62,1.0483870967741935,0.027474514461903625,684,Careful! They’re always sticky!
3026,4267,0,3,59,62,1.0483870967741935,0.027474514461903625,684,I have a feeling he is not organic.
3053,4267,0,3,59,62,1.0483870967741935,0.027474514461903625,684,I have more fructose than the average bear.
3385,4267,0,3,59,62,1.0483870967741935,0.027474514461903625,684,The plastic industry has taken over the woods.
3471,4267,0,3,59,62,1.0483870967741935,0.027474514461903625,684,How many edibles did we eat?
3528,4267,0,3,59,62,1.0483870967741935,0.027474514461903625,684,Be cool. Hand me the lemons.
3683,4267,0,3,59,62,1.0483870967741935,0.027474514461903625,684,Agree.  A plastic bee nakes more sense.
3751,4267,1,1,60,62,1.0483870967741935,0.03582833619762378,684,I can't believe he won't take off his Halloween costume...
3850,4267,0,3,59,62,1.0483870967741935,0.027474514461903625,684,"If he’s friendly, we break out the bread. If not, we run."
3962,4267,1,1,60,62,1.0483870967741935,0.03582833619762378,684,The bears around here were never so sweet.
4004,4267,1,1,60,62,1.0483870967741935,0.03582833619762378,684,"No, I asked for a honey beer."
4095,4267,0,3,59,62,1.0483870967741935,0.027474514461903625,684,I forget...Do we play dead or run to the kitchen cupboard?
4144,4267,0,3,59,62,1.0483870967741935,0.027474514461903625,684,The  sugar free is over there.
4339,4267,0,3,59,62,1.0483870967741935,0.027474514461903625,684,"I must say, I think we both see the excess fat above your belt."
4461,4267,0,3,59,62,1.0483870967741935,0.027474514461903625,684,"If this guy keeps following us, we'll end up in a sticky situation."
4497,4267,0,3,59,62,1.0483870967741935,0.027474514461903625,684,You know how you say I never date any one sweet?
2047,4267,0,3,59,62,1.0483870967741935,0.027474514461903625,684,NO! He's my Honey Bear!
2011,4267,0,3,59,62,1.0483870967741935,0.027474514461903625,684,A Sticky Situation
2722,4267,0,3,59,62,1.0483870967741935,0.027474514461903625,684,"Ma'am, I'm going to need you to tell me if you shrunk your kids. We've been getting a lot of complaints about that."
1815,4267,1,1,60,62,1.0483870967741935,0.03582833619762378,684,Yet another sticky situation for our heroine.
194,4267,0,3,59,62,1.0483870967741935,0.027474514461903625,684,I did a test run on Halloween and it stuck. It's really me inside. Cute HUH?
239,4267,0,3,59,62,1.0483870967741935,0.027474514461903625,684,Halloween has truly gone viral
378,4267,0,3,59,62,1.0483870967741935,0.027474514461903625,684,This explains why the animals are so fat.
1899,4267,0,3,59,62,1.0483870967741935,0.027474514461903625,684,Wait’ll the Sierra Club gets wind of this bozo.
550,4267,0,3,59,62,1.0483870967741935,0.027474514461903625,684,Hey Honey please adopt me
572,4267,0,3,59,62,1.0483870967741935,0.027474514461903625,684,"Honey, I think that you finally found yourself on this trip."
618,4267,0,3,59,62,1.0483870967741935,0.027474514461903625,684,"Christopher Robin?
Pooh Bear? Noooo, this is MY honey!"
688,4267,0,3,59,62,1.0483870967741935,0.027474514461903625,684,Do... do we... eat him?
776,4267,0,3,59,62,1.0483870967741935,0.027474514461903625,684,"Honey makes everything more yummy, especially you"
873,4267,0,3,59,62,1.0483870967741935,0.027474514461903625,684,I guess that’s what happens to too much plastic waste.
874,4267,0,3,59,62,1.0483870967741935,0.027474514461903625,684,"I'm sure it's cosplay, even bears know that Halloween was last month."
1006,4267,0,3,59,62,1.0483870967741935,0.027474514461903625,684,"Sure they may seem all sweet on the inside, but there so easy to see through."
1035,4267,0,3,59,62,1.0483870967741935,0.027474514461903625,684,Not our sweet sweet honey.
1078,4267,0,3,59,62,1.0483870967741935,0.027474514461903625,684,Should I  turn the clock ahead or back
499,4267,0,3,59,62,1.0483870967741935,0.027474514461903625,684,Didn't you read the warnings about plastic in nature?
1103,4267,0,3,59,62,1.0483870967741935,0.027474514461903625,684,"Sweet, no honey do list today!"
1100,4267,0,3,59,62,1.0483870967741935,0.027474514461903625,684,You heard me right. I said: What that mouth do?
1776,4267,0,3,59,62,1.0483870967741935,0.027474514461903625,684,Lawn ornaments creep me out.
1684,4267,0,3,59,62,1.0483870967741935,0.027474514461903625,684,"Pardon me, I'm a bit lost...did you happen to see a large picnic when you went out in the woods today?"
1681,4267,0,3,59,62,1.0483870967741935,0.027474514461903625,684,Present yourself as a large cup of tea.
1665,4267,0,3,59,62,1.0483870967741935,0.027474514461903625,684,Maybe this is the domestic honey we've heard about?
1656,4267,0,3,59,62,1.0483870967741935,0.027474514461903625,684,"Dont be frightened. Inside, I'm really sweet."
1700,4267,0,3,59,62,1.0483870967741935,0.027474514461903625,684,One size fits all
1465,4267,0,3,59,62,1.0483870967741935,0.027474514461903625,684,happy halloween trick or treat!
1346,4267,1,1,60,62,1.0483870967741935,0.03582833619762378,684,"Sure it looks sweet, but where's the creature that's using it?"
1266,4267,0,3,59,62,1.0483870967741935,0.027474514461903625,684,Honey... I don't think those were shiitake mushrooms we found
1207,4267,1,1,60,62,1.0483870967741935,0.03582833619762378,684,Quick! Take the giant pancakes out.
1594,4267,1,1,60,62,1.0483870967741935,0.03582833619762378,684,Heh there are you coming to my party?
1167,4267,0,3,59,62,1.0483870967741935,0.027474514461903625,684,Does a bear spritz in the woods?
2675,4327,0,3,67,70,1.042857142857143,0.024382343386820503,684,"The honey sticker is for the bees , i want to fly by eating them ."
2772,4327,0,3,67,70,1.042857142857143,0.024382343386820503,684,Honey what do we do about it?
2157,4329,0,2,55,57,1.0350877192982457,0.02458824169216613,684,Where’s my biscuit!?!
3129,4330,0,2,56,58,1.0344827586206897,0.02416816013967111,684,So I guess we wasted our time coming out to harvest some organic honey.
3108,4330,0,2,56,58,1.0344827586206897,0.02416816013967111,684,I don't sting. I'm the honey wholesaler.
2902,4330,0,2,56,58,1.0344827586206897,0.02416816013967111,684,This one’s a freebie. It’s “play dead and I’ll think you’re French toast.”
2185,4330,0,2,56,58,1.0344827586206897,0.02416816013967111,684,"Sweet costume, dude, but Halloween was last week."
2796,4330,0,2,56,58,1.0344827586206897,0.02416816013967111,684,Want something to sweeten your gorp?
2354,4330,0,2,56,58,1.0344827586206897,0.02416816013967111,684,"My Honey-Land is sweet.  But once you come in, you never leave."
3282,4330,0,2,56,58,1.0344827586206897,0.02416816013967111,684,let your honey give you some honey!
2823,4330,0,2,56,58,1.0344827586206897,0.02416816013967111,684,"Honey, he’s wearing a backpack just like mine."
3376,4330,0,2,56,58,1.0344827586206897,0.02416816013967111,684,"Are you a live honey bear? Like those honey containers that are shaped like bears, only giant, alive, and breathing? Or are you a regular bear, just with a weird hat dripping honey and a “Honey” label?"
4464,4330,0,2,56,58,1.0344827586206897,0.02416816013967111,684,"Central Command. It’s a honey pot. I repeat, a honey pot. Over."
3555,4330,0,2,56,58,1.0344827586206897,0.02416816013967111,684,How can you be sure it’s not a Grizzly?
3756,4330,0,2,56,58,1.0344827586206897,0.02416816013967111,684,Careful.  If he feels squeezed we're toast.
3781,4330,0,2,56,58,1.0344827586206897,0.02416816013967111,684,"Okay, sweet. But if soy sauce and garlic show up next, we run, because MARINADE."
3988,4330,0,2,56,58,1.0344827586206897,0.02416816013967111,684,Ah! Just as it happens in nature...a swarm of bees have filled up a bear’s actual body.
4033,4330,0,2,56,58,1.0344827586206897,0.02416816013967111,684,"I'll give you the jarful of Honey, if you Bear me to the cave"
4230,4330,0,2,56,58,1.0344827586206897,0.02416816013967111,684,"Uh, well how bad could it be? It's organic."
4472,4330,0,2,56,58,1.0344827586206897,0.02416816013967111,684,He may look sweet but don’t be fooled.
4485,4330,0,2,56,58,1.0344827586206897,0.02416816013967111,684,Agh!!! Sasquatch!
1941,4330,0,2,56,58,1.0344827586206897,0.02416816013967111,684,Now slowly add the pepper spray.
3428,4330,0,2,56,58,1.0344827586206897,0.02416816013967111,684,I'm hoooome! Aren't you happy to see me?
1915,4330,0,2,56,58,1.0344827586206897,0.02416816013967111,684,"Stand back honey bear, this is between me and honey bear."
50,4330,0,2,56,58,1.0344827586206897,0.02416816013967111,684,"Smokey THE Bear? Lose the ""the."""
1749,4330,0,2,56,58,1.0344827586206897,0.02416816013967111,684,Aren’t the bears around here sweet?
1770,4330,0,2,56,58,1.0344827586206897,0.02416816013967111,684,"No dear, I don’t sell scones."
29,4330,0,2,56,58,1.0344827586206897,0.02416816013967111,684,Life sucks when you are a hungry bear.
56,4330,0,2,56,58,1.0344827586206897,0.02416816013967111,684,Do you really think that the bear is all honey inside?
60,4330,0,2,56,58,1.0344827586206897,0.02416816013967111,684,Is this forest organic?
72,4330,0,2,56,58,1.0344827586206897,0.02416816013967111,684,"THATS RIGHT
GOLD NUGGETS
YEAH  THEY ARE GOLD NUGGETS
NOW STOP SAYING
HONEY. THIS WAY
HONEY. THAT WAY
HONEY........................."
218,4330,0,2,56,58,1.0344827586206897,0.02416816013967111,684,I ordered blueberries!
295,4330,0,2,56,58,1.0344827586206897,0.02416816013967111,684,"It's all about ""Point of Purchase"" these days"
299,4330,0,2,56,58,1.0344827586206897,0.02416816013967111,684,"What do you think Larry, is that a real honey bear with no underwear?"
351,4330,0,2,56,58,1.0344827586206897,0.02416816013967111,684,Don't play dead in front of Mama Bear. She has a sweet tooth.
461,4330,0,2,56,58,1.0344827586206897,0.02416816013967111,684,Do you think he knows Halloween was LAST week?
438,4330,0,2,56,58,1.0344827586206897,0.02416816013967111,684,"Honey, let's not provoke the sweet bear."
780,4330,0,2,56,58,1.0344827586206897,0.02416816013967111,684,"They thought they could escape the rich, creamy texture of Su-Bear Honey..."
1005,4330,0,2,56,58,1.0344827586206897,0.02416816013967111,684,The maple syrup is in aisle 5 with the pancake mix. This is the baking section.
1154,4330,0,2,56,58,1.0344827586206897,0.02416816013967111,684,Gratitude for his access to our trash cans?  How very sweet!
1234,4330,0,2,56,58,1.0344827586206897,0.02416816013967111,684,How's this for organic venti sweetner?
1277,4330,0,2,56,58,1.0344827586206897,0.02416816013967111,684,"We were just saying that we prefer non GMO honey, that's all...no offense intended... Please don't make us eat you..."
1279,4330,0,2,56,58,1.0344827586206897,0.02416816013967111,684,"You're really gonna go out on a 'sticky situation' joke, Paul? That really seems like a good conclusion to your life?"
1390,4330,0,2,56,58,1.0344827586206897,0.02416816013967111,684,"We've got to tell Pooh, Smokey, Yogi, Baloo, and Fozzie!"
1412,4330,0,2,56,58,1.0344827586206897,0.02416816013967111,684,I miss Smokey
1714,4330,0,2,56,58,1.0344827586206897,0.02416816013967111,684,It’s been following us since our conversation turned sour.
745,4330,0,2,56,58,1.0344827586206897,0.02416816013967111,684,Did you know that you are unbearable?
2403,4374,0,2,57,59,1.0338983050847457,0.02376218743454834,684,It's ok I am Pooh bears American cousin
4392,4374,0,2,57,59,1.0338983050847457,0.02376218743454834,684,"This is what you get for calling me ""honey""."
2898,4374,0,2,57,59,1.0338983050847457,0.02376218743454834,684,"I've been uptight and made a mess, but I'll  clean it up myself I guess, handle me with care."
1466,4374,0,2,57,59,1.0338983050847457,0.02376218743454834,684,You forgot the toast?!
32,4374,0,2,57,59,1.0338983050847457,0.02376218743454834,684,Did you see my wife? She ran off with an agate bear.
717,4374,0,2,57,59,1.0338983050847457,0.02376218743454834,684,so who's watching the toaster?
349,4374,0,2,57,59,1.0338983050847457,0.02376218743454834,684,That syrup woman only asked for directions.
1107,4374,0,2,57,59,1.0338983050847457,0.02376218743454834,684,"That did it, Pooh Bear finally ate all the honey in the woods."
4049,4382,0,2,58,60,1.0333333333333334,0.02336962472310334,684,"We bears DO eat anything, yes, with the exception of bees."
3519,4382,0,2,58,60,1.0333333333333334,0.02336962472310334,684,This could prove to be a sticky situation.
3155,4382,0,2,58,60,1.0333333333333334,0.02336962472310334,684,I told you we shouldn't have brought psychedelic mushrooms on our picnic.
2401,4382,0,2,58,60,1.0333333333333334,0.02336962472310334,684,"Hi. I'm Golden Blossom, and I'm curios as to where you're heading. I do like to stay on top of things."
2255,4382,0,2,58,60,1.0333333333333334,0.02336962472310334,684,Nothing to worry about...he's already crystalized
2074,4382,0,2,58,60,1.0333333333333334,0.02336962472310334,684,"Honey, bunny, let's have a party!"
1480,4382,0,2,58,60,1.0333333333333334,0.02336962472310334,684,Have you seen a crumpet about this tall nearby?
1016,4382,0,2,58,60,1.0333333333333334,0.02336962472310334,684,Honey. That ain't no bee
963,4382,0,2,58,60,1.0333333333333334,0.02336962472310334,684,Do you know where the patent office is? I want to file a complaint.
922,4382,0,2,58,60,1.0333333333333334,0.02336962472310334,684,‘“Honey’ ? Did somebody say ‘honey’?”
733,4382,0,2,58,60,1.0333333333333334,0.02336962472310334,684,"Yes, I said 'figuratively' that I could eat a giant honey bear bottle."
53,4382,0,2,58,60,1.0333333333333334,0.02336962472310334,684,Tell him we're vegans.
1043,4382,0,2,58,60,1.0333333333333334,0.02336962472310334,684,It says ‘honey’ but I’m pretty sure it’s full of cum
2945,4395,0,2,59,61,1.0327868852459017,0.022989818544221417,684,Honey let's keep walking! This is too much to bare!
4068,4395,0,2,59,61,1.0327868852459017,0.022989818544221417,684,"Who wants your Money? Trending is a Bear-ter for Water"""
2931,4395,0,2,59,61,1.0327868852459017,0.022989818544221417,684,Follow me to the bee hives.
906,4395,0,2,59,61,1.0327868852459017,0.022989818544221417,684,Did you see the tea bird fly by?
2327,4395,0,2,59,61,1.0327868852459017,0.022989818544221417,684,"Honey bear!"" ""What?! Oh... Not what I was expecting but okay?"
2620,4395,0,2,59,61,1.0327868852459017,0.022989818544221417,684,Beware of strangers bearing gifts
2963,4401,0,2,60,62,1.032258064516129,0.02262215720381539,684,"Sorry, we thought you were Mr. Xi."
3202,4402,0,1,53,54,1.0185185185185186,0.018692405136401476,684,"Wait, is that what the bear box does?"
3084,4402,0,1,53,54,1.0185185185185186,0.018692405136401476,684,We're in a real sticky situation!
2999,4402,0,1,53,54,1.0185185185185186,0.018692405136401476,684,I told you not to poke the Beyhive!
2918,4402,0,1,53,54,1.0185185185185186,0.018692405136401476,684,Move slowly. The honey bear don’t care
2818,4402,0,1,53,54,1.0185185185185186,0.018692405136401476,684,Did you forget something?
2776,4402,0,1,53,54,1.0185185185185186,0.018692405136401476,684,"Honey,please help me!!"
2723,4402,0,1,53,54,1.0185185185185186,0.018692405136401476,684,"'Afternoon folks.  Just a wild Grizzly here, sponsored by your local Honey Bear dealer."
2677,4402,0,1,53,54,1.0185185185185186,0.018692405136401476,684,Do you think Winnie is following us?
2578,4402,0,1,53,54,1.0185185185185186,0.018692405136401476,684,It seems like Winnie the pooh snapped.
2572,4402,0,1,53,54,1.0185185185185186,0.018692405136401476,684,"Whatever you do, don't fall for his bear-hug prank."
2564,4402,0,1,53,54,1.0185185185185186,0.018692405136401476,684,"Okay, you were right, Steve, that was Psilocybe cubensis."
2514,4402,0,1,53,54,1.0185185185185186,0.018692405136401476,684,"Is it just me, or did that bear eat too much honey...?"
2506,4402,0,1,53,54,1.0185185185185186,0.018692405136401476,684,"Honey bear, do you see a honey bear?"
2400,4402,0,1,53,54,1.0185185185185186,0.018692405136401476,684,"Whewf, I've escaped the beehive!  
Which way to Whole Foods so I can reunite with my family?"
3223,4402,0,1,53,54,1.0185185185185186,0.018692405136401476,684,I bearly know you but looks like we are in a sticky situation...
3229,4402,0,1,53,54,1.0185185185185186,0.018692405136401476,684,"Careful dear, she'll kill you with sweetness."
3299,4402,0,1,53,54,1.0185185185185186,0.018692405136401476,684,"I told you, Cindy, bring only the bare necessities. B-a-r-e."
3324,4402,0,1,53,54,1.0185185185185186,0.018692405136401476,684,"He's one of those bear proctologists!"""
4358,4402,0,1,53,54,1.0185185185185186,0.018692405136401476,684,"It's none of your business where honey is"""
4184,4402,0,1,53,54,1.0185185185185186,0.018692405136401476,684,Quick! Find some stevia leaves!
4181,4402,0,1,53,54,1.0185185185185186,0.018692405136401476,684,"Honey, calm down."" ""John, the bear or me?"
4148,4402,0,1,53,54,1.0185185185185186,0.018692405136401476,684,I'm your honey bear and I'm checking on whether a three-way relationship is meant to bee.
4111,4402,0,1,53,54,1.0185185185185186,0.018692405136401476,684,Just outgrown hitting the lid of honey jar I was imprisoned in by my mom for being naughty sometime ago
3982,4402,0,1,53,54,1.0185185185185186,0.018692405136401476,684,"No agents Please! Only B2-Bee, the lazy but Hive-tech Newbies."
2229,4402,0,1,53,54,1.0185185185185186,0.018692405136401476,684,I've heard of a honey bee but never heard of a honey bear.
3976,4402,0,1,53,54,1.0185185185185186,0.018692405136401476,684,If you bake biscuits I've got the honey.
3799,4402,0,1,53,54,1.0185185185185186,0.018692405136401476,684,"Bill, it shows up every time you use that endearment! It's got to be the H-O-N-E-Y infabula!"
3581,4402,0,1,53,54,1.0185185185185186,0.018692405136401476,684,"Oh, so that's what a lifetime supply of Suebee Honey looks like."
3530,4402,0,1,53,54,1.0185185185185186,0.018692405136401476,684,Yikes!  Is it maybe some sylvan attempt at middle-aged whimsy?
3507,4402,0,1,53,54,1.0185185185185186,0.018692405136401476,684,This shape-shifter thing has gotten out of hand.
3500,4402,0,1,53,54,1.0185185185185186,0.018692405136401476,684,Do either of you know the Sierra Club
3390,4402,0,1,53,54,1.0185185185185186,0.018692405136401476,684,"Honey, are you seeing what I'm seeing?"
3966,4402,0,1,53,54,1.0185185185185186,0.018692405136401476,684,Am I supposed to play dead or attack?
2215,4402,0,1,53,54,1.0185185185185186,0.018692405136401476,684,Are we in the Hundred Acre Wood?
3720,4402,0,1,53,54,1.0185185185185186,0.018692405136401476,684,Shhhhh! Did you put the nut Cheerios in the bear canister?
2126,4402,0,1,53,54,1.0185185185185186,0.018692405136401476,684,Wait! This is a trap among fat and lazy bears. An easy prey!
991,4402,0,1,53,54,1.0185185185185186,0.018692405136401476,684,"John, please tell me you didn’t pack the multigrain toast."
2198,4402,0,1,53,54,1.0185185185185186,0.018692405136401476,684,I'm Smokey's mom
950,4402,0,1,53,54,1.0185185185185186,0.018692405136401476,684,Have you folks seen a swarm of bees around this neck of the woods?
828,4402,0,1,53,54,1.0185185185185186,0.018692405136401476,684,He's sticky to us.
825,4402,0,1,53,54,1.0185185185185186,0.018692405136401476,684,"I don't know, Dad  . .There might be a Quo involved. Like we say What looting? We didn't see any corporate looting . . ."
821,4402,0,1,53,54,1.0185185185185186,0.018692405136401476,684,"Quick, get the pancake batter"
1169,4402,0,1,53,54,1.0185185185185186,0.018692405136401476,684,Angry honey?  We ARE in an alternate universe!
690,4402,0,1,53,54,1.0185185185185186,0.018692405136401476,684,I've escaped from amazon.com!
185,4402,0,1,53,54,1.0185185185185186,0.018692405136401476,684,Treat or trick!
177,4402,0,1,53,54,1.0185185185185186,0.018692405136401476,684,"No, no, don’t play dead, he’ll think you’re toast!"
138,4402,0,1,53,54,1.0185185185185186,0.018692405136401476,684,"Did you bring the honey, honey?"
125,4402,0,1,53,54,1.0185185185185186,0.018692405136401476,684,"""Has bee been flied over here?"
84,4402,0,1,53,54,1.0185185185185186,0.018692405136401476,684,What do me and a stick have in common?  We're brown and sticky!
62,4402,0,1,53,54,1.0185185185185186,0.018692405136401476,684,Don’t believe it.  It’s a bunch of Pooh! Pooh!
429,4402,0,1,53,54,1.0185185185185186,0.018692405136401476,684,Please tell me we remembered the bug spray.
1177,4402,0,1,53,54,1.0185185185185186,0.018692405136401476,684,have you seen any Tea Trees?
981,4402,0,1,53,54,1.0185185185185186,0.018692405136401476,684,"Quick, let's make a run for Mrs. Butterworth!"
1203,4402,0,1,53,54,1.0185185185185186,0.018692405136401476,684,Yum grub hub
2117,4402,0,1,53,54,1.0185185185185186,0.018692405136401476,684,We’ve hit the mother-load hand me that empty canteen.”
2103,4402,0,1,53,54,1.0185185185185186,0.018692405136401476,684,Who's doing the squeezing now?
2008,4402,0,1,53,54,1.0185185185185186,0.018692405136401476,684,We got our ass caught by a mascot!
1185,4402,0,1,53,54,1.0185185185185186,0.018692405136401476,684,Me must sweeten your gluten-free unsweetened granola
1975,4402,0,1,53,54,1.0185185185185186,0.018692405136401476,684,"on god bro, out here in nature with all this loud gas and nothing to smoke with, if only we had an everyday around-the-house consumer product from which to MacGyver a bong— oh??"
1898,4402,0,1,53,54,1.0185185185185186,0.018692405136401476,684,"You left the honey at home, right?"
1829,4402,0,1,53,54,1.0185185185185186,0.018692405136401476,684,If we're careful we may escape without sticky hands.
2006,4402,0,1,53,54,1.0185185185185186,0.018692405136401476,684,"Honey, just give him your graham crackers..."
1766,4402,0,1,53,54,1.0185185185185186,0.018692405136401476,684,You were expecting my brother Smokey? He’s in California.
1689,4402,0,1,53,54,1.0185185185185186,0.018692405136401476,684,"Honey,Bee still and it will leave us alone!"
1678,4402,0,1,53,54,1.0185185185185186,0.018692405136401476,684,"If you catch something, I will provide the seasoning."
1562,4402,0,1,53,54,1.0185185185185186,0.018692405136401476,684,Lucky for us that Mrs Butterworth is hiding behind that tree.
1479,4402,0,1,53,54,1.0185185185185186,0.018692405136401476,684,"Don't let that sweet expression fool you, he's more dangerous dressed like that!"
1315,4402,0,1,53,54,1.0185185185185186,0.018692405136401476,684,Are you hiding from Winnie the pooh also?
1311,4402,0,1,53,54,1.0185185185185186,0.018692405136401476,684,"Honey, don't get too close...he doesn't look sweet"
1807,4402,0,1,53,54,1.0185185185185186,0.018692405136401476,684,How does this grab ya as a perfect disguise?
317,4472,0,1,54,55,1.018181818181818,0.018349396085439344,684,"Honey, this is why I told you I couldn’t bear the idea of camping"
3209,4472,0,1,54,55,1.018181818181818,0.018349396085439344,684,I've learned my lesson..I will never fall for another Honey Trap!
4373,4472,0,1,54,55,1.018181818181818,0.018349396085439344,684,We' d b
4476,4472,0,1,54,55,1.018181818181818,0.018349396085439344,684,"Hey, I'm not done having you steal honey for me."
3410,4476,0,1,55,56,1.0178571428571428,0.01801874925391118,684,I love eating honey but certainly would not want to be eaten by honey!
3641,4477,0,1,56,57,1.0175438596491229,0.01769980813511972,684,"First they’re sour, then they’re sweet."
3134,4477,0,1,56,57,1.0175438596491229,0.01769980813511972,684,"We should have seen it coming, (even though it can't move). Bear themed captions are trending."
1331,4477,0,1,56,57,1.0175438596491229,0.01769980813511972,684,"Don't fret, I'm all natural!"
2091,4477,0,1,56,57,1.0175438596491229,0.01769980813511972,684,I think he may have over done it with the honey!
482,4477,0,1,56,57,1.0175438596491229,0.01769980813511972,684,"Don't make any sudden movements, and slowly pass me my tea."
63,4477,0,1,56,57,1.0175438596491229,0.01769980813511972,684,Poo bear seems to be out of toilet paper.
863,4477,0,1,56,57,1.0175438596491229,0.01769980813511972,684,He's after those Cheerios I told you not to pack!
3820,4484,0,1,57,58,1.0172413793103448,0.017391961901349125,684,Wait! I was hoping to have you for dinner!
2648,4485,0,0,50,50,1.0,0.020203050891044214,684,"Honey, we're in a stick situation."
2750,4485,0,0,50,50,1.0,0.020203050891044214,684,Surprise! You’ve found found the teddy bears’ picnic.
2787,4485,0,0,50,50,1.0,0.020203050891044214,684,"I forget what the Ranger said we should do if we run into a Honey Bear. Quick, hand me the park pamphlet."
3056,4485,0,0,50,50,1.0,0.020203050891044214,684,I sure hope he's stuck on a pancake.
3358,4485,0,0,50,50,1.0,0.020203050891044214,684,That's your Honey Bear?
3365,4485,0,0,50,50,1.0,0.020203050891044214,684,"Uh oh, there he is again. I told you we shouldn't have packed those biscuits."
3444,4485,0,0,50,50,1.0,0.020203050891044214,684,"Should it be your concern, I would hasten to reassure you that I am absolutely not diabetic."
3449,4485,0,0,50,50,1.0,0.020203050891044214,684,"Honey, are you Be(ld)ar Conehead?"
3506,4485,0,0,50,50,1.0,0.020203050891044214,684,Uh-oh...we're about to be in a very sticky' situation...let's just take the lickin' & get ithis overwith!
3770,4485,0,0,50,50,1.0,0.020203050891044214,684,Late capitalism never tasted so good.
3786,4485,0,0,50,50,1.0,0.020203050891044214,684,don't bee sweet to him he might be dangerous
3842,4485,0,0,50,50,1.0,0.020203050891044214,684,Maybe I could add you two to my honey-do list.
3892,4485,0,0,50,50,1.0,0.020203050891044214,684,He don't look too sweet.
4105,4485,0,0,50,50,1.0,0.020203050891044214,684,You'd be too if you didn't have legs.
4128,4485,0,0,50,50,1.0,0.020203050891044214,684,Please let me know if you find my honey jar lid anywhere.
4149,4485,0,0,50,50,1.0,0.020203050891044214,684,"I know we're vegans, Ron. But it won't hurt us to make an exception this once."""
4192,4485,0,0,50,50,1.0,0.020203050891044214,684,"You ARE what you eat!"" - ""Honey, Run! The talking bear knows we're cannibals from Portland!"
4256,4485,0,0,50,50,1.0,0.020203050891044214,684,Let's get out of here before she starts attracting bees.
3564,4485,0,0,50,50,1.0,0.020203050891044214,684,Don't we have a little oatmeal for him?*
2646,4485,0,0,50,50,1.0,0.020203050891044214,684,"Since the bees' extinction nature has really lost it, hasn't it?"
2603,4485,0,0,50,50,1.0,0.020203050891044214,684,Looks like Costco is using a new marketing strategy.
2504,4485,0,0,50,50,1.0,0.020203050891044214,684,"I've told you a million times, he doesn't like ""sweetheart"" or ""baby"". You'll just have to get used to it."
4395,4485,0,0,50,50,1.0,0.020203050891044214,684,I just hope he's organic. I'm allergic to the processed kind.
212,4485,0,0,50,50,1.0,0.020203050891044214,684,Every. Stinking. Time.
296,4485,0,0,50,50,1.0,0.020203050891044214,684,"Okay, but I still don't believe the legend of aardvark pancake syrup. Burp! We're hikers!"
498,4485,0,0,50,50,1.0,0.020203050891044214,684,Do you think he would like some of that honey you have in your backpack
612,4485,0,0,50,50,1.0,0.020203050891044214,684,So this is where Winnie's buried!
613,4485,0,0,50,50,1.0,0.020203050891044214,684,"When I asked for a 
Honey- Do project I didn’t mean this...."
815,4485,0,0,50,50,1.0,0.020203050891044214,684,"Quick, the stevia!"
1041,4485,0,0,50,50,1.0,0.020203050891044214,684,I didn’t bring any honey from home. What did you put in my backpack?
2633,4485,0,0,50,50,1.0,0.020203050891044214,684,Don't look now but I think we're about to get into a very sticky situation.
1081,4485,0,0,50,50,1.0,0.020203050891044214,684,Do you have some slices of bread to spread?
1333,4485,0,0,50,50,1.0,0.020203050891044214,684,Of course he's terrified. Look how they turned the ketchup bottle upside down.”
1388,4485,0,0,50,50,1.0,0.020203050891044214,684,Reminds me of when we were attacked by that tub of banana pudding shaped like a gorilla.
1541,4485,0,0,50,50,1.0,0.020203050891044214,684,Will not kill you if you make a honey donation!
1686,4485,0,0,50,50,1.0,0.020203050891044214,684,Hold still while I sweeten my catcb.
1746,4485,0,0,50,50,1.0,0.020203050891044214,684,El verdadero trick or treat.
1908,4485,0,0,50,50,1.0,0.020203050891044214,684,Now where did we put the big cup of tea.
2143,4485,0,0,50,50,1.0,0.020203050891044214,684,I never pictured this as the bear in the woods.
2348,4485,0,0,50,50,1.0,0.020203050891044214,684,I shouldn't have eaten that Chinese food before bed.
1259,4485,0,0,50,50,1.0,0.020203050891044214,684,"They say the leak is from too much ""Honey Do"""
4424,4485,0,0,50,50,1.0,0.020203050891044214,684,"Move quickly, doesn’t the buzzing bother you?"
