target_id,rank,funny,somewhat_funny,unfunny,count,score,precision,contest,caption
521,1,2921,3581,3345,9847,1.9569412003655935,0.008027488572793519,687,He’s lucky I didn’t rear end him.
2093,2,3555,4051,4641,12247,1.9113252225034703,0.007348902045640157,687,"If chivalry is dead, then why am I still holding the door?"
286,3,2996,3386,4094,10476,1.895189003436426,0.00797250458458718,687,A Citation? Is it for bravery?
324,4,2696,3301,3886,9883,1.8795912172417282,0.008119564379499702,687,I have slayed the wagon.
2997,5,2759,3930,4187,10876,1.8687017285766827,0.007559204974327916,687,I only glanced down at my phone for a second.
4004,6,2543,4131,4112,10786,1.8545336547376228,0.007432858581512677,687,"In my defense, I spotted the parking place first."
573,7,2055,2884,3307,8246,1.8481688091195732,0.008721845171210427,687,A ticket?  Surely you joust.
1070,8,464,963,812,2239,1.8445734702992407,0.015615748298485081,687,I believe it was a Charger or possibly a Lancer ...
3569,9,244,462,440,1146,1.8289703315881327,0.022264929072606406,687,Couldn't find a dragon so I slew an Impala.
769,10,2324,3289,4051,9664,1.8212955298013245,0.008059911281619174,687,Your perps are in a three door sedan.
1040,11,1939,2823,3492,8254,1.8118488005815363,0.008685458570887318,687,"Verily, twas I, tilting in my lane, when yon jackass opened his door."
380,12,2191,2784,3876,8851,1.809626030956954,0.008564920057936529,687,"Veni, Vidi, Vici, Volvo"
662,13,725,993,1301,3019,1.8092083471348128,0.014501681597488401,687,"It's Quixote, with an X."
985,14,1695,1836,2983,6514,1.802272029474977,0.010210807206705403,687,I saw the Trump 2020 sticker and just went medieval on him.
1756,15,166,248,309,723,1.802213001383126,0.029253526642847607,687,"On the contrary sir, methinks my opponent did not yield."
729,16,1178,2193,2437,5808,1.7832300275482094,0.009954504173227028,687,"It got away, but it's wounded."
2373,17,1488,2204,2960,6652,1.778713168971738,0.009652690928248409,687,Do I look like someone who has a license and registration?
3751,18,1494,2915,3214,7623,1.7743670470943198,0.008622634625722072,687,I left a note on the windshield.
1345,19,1829,1994,3528,7351,1.7688749829955108,0.009585459616468305,687,"Master of misdirection, Sir Lancelot was confident the Officer wouldn't notice the tablecloth he had stolen from an Italian Restaurant"
3300,20,585,879,1211,2675,1.765981308411215,0.015185676058280298,687,I can't help it if that guy has poor knight vision!
1800,21,444,892,1040,2376,1.7491582491582491,0.015378146361690905,687,I was told my foe would be riding a Mustang.  Who knew?!?
2211,22,758,1794,2066,4618,1.7167605023819836,0.010727243575475382,687,"Yes, but just a couple of meads, probably over an hour ago"
3936,23,1199,2064,3097,6360,1.701572327044025,0.009603006931051922,687,It isn't my fault they put the car before the horse.
910,24,680,1246,1868,3794,1.686874011597259,0.012296740046862506,687,I’m sorry sir.  I lance a lot.
2273,25,1073,2036,3108,6217,1.6726717066109056,0.009536955196825962,687,A ticket for this? Surely you joust.
2787,26,731,1395,2128,4254,1.6716031969910672,0.011518076680117504,687,"Prithee, where might I find this ""Knight Court"" of which you speak?"
338,27,1120,1141,2790,5051,1.6693724015046525,0.011473512577794604,687,Did I win??
2692,28,808,1693,2524,5025,1.6585074626865672,0.010429351953993454,687,"When you have a lance, everything looks like a dragon."
3610,29,914,1575,2692,5181,1.6568230071414785,0.010565425728612346,687,It's the door prize
375,30,725,1627,2352,4704,1.654124149659864,0.010660656410930723,687,"The rest of it got away"""
1868,31,589,1049,1814,3452,1.64513325608343,0.01285394613161803,687,Yes. You’re right. I could have used a coat hanger.
3189,32,637,1016,1905,3558,1.643620011242271,0.01285108171761077,687,He flipped me off and said “F * * * you and the horse you rode in on.” I don't remember what happened after that.
1186,33,808,1427,2522,4757,1.6396888795459323,0.010949429959023062,687,I have vanquished Vlad the Impala.
119,34,721,1457,2397,4575,1.6336612021857924,0.01093893232721103,687,Lancer. Dodge Lancer.
430,35,447,885,1503,2835,1.6275132275132276,0.013919370247430927,687,"Dodge Charger. Honest mistake, officer."
1743,36,608,868,1860,3336,1.6247002398081534,0.013401405680227923,687,"He pointed and yelled ""picador"", so I did"
384,37,618,742,1822,3182,1.6216216216216217,0.014001876280259219,687,In the wrong place at the wrong time ?
472,38,400,767,1356,2523,1.621086008719778,0.014800028618182259,687,"Sir, I'm gonna need you to step out of your time period."
809,39,537,977,1842,3356,1.6111442193087009,0.012892664770835848,687,And thus ends the reign of the Two-doors
433,40,107,231,398,736,1.6046195652173914,0.02684841844463378,687,In my defense I must say that I managed to free the beautiful lady that this monster swallowed
900,41,342,681,1244,2267,1.6021173356859286,0.015455604858255175,687,I was left no choice - clearly it had ingested four humans.
2726,42,246,489,905,1640,1.598170731707317,0.018157377688216386,687,"Sir, please roll down your window while I talk to you."
606,43,473,1166,1892,3531,1.5981308411214954,0.01199956456488617,687,"I win, and I'm the one getting a ticket?"
2246,44,461,1063,1812,3336,1.5950239808153477,0.0124550085654955,687,"...so then I said, ""I'll show you horse power!"""
1486,45,520,1214,2060,3794,1.5940959409594095,0.01165528907636372,687,You'll have to resolve this in Knight court.
1464,46,159,431,682,1272,1.5888364779874213,0.019676935984533014,687,I thought equestrians always had the right of way.
1018,47,215,500,873,1588,1.5856423173803527,0.017987012220785442,687,White knight takes driver’s door. Your move.
1322,48,324,783,1343,2450,1.5840816326530611,0.014394262884527234,687,It's almost impossible to catch a cab these days.
124,49,378,664,1406,2448,1.5800653594771241,0.015025017519470172,687,"I tried to open the door for her, but apparently Chevrolet is dead."
296,50,518,1213,2154,3885,1.5788931788931788,0.011463937691839031,687,Every time he sees a mustang.
1125,51,261,466,1024,1751,1.5642490005711023,0.017630937558338083,687,They pay me $20 an hour to ride ahead of them in the bike lane.
230,52,200,588,986,1774,1.5569334836527622,0.016320218527326916,687,I'd say look for a white three door sedan.
4015,53,308,682,1357,2347,1.5530464422667234,0.014739118015794193,687,A fine? But surely you joust?
3587,54,74,186,345,605,1.5520661157024793,0.028538263461639995,687,"Show me the municipal code that prohibits lancing a vehicle.  Go ahead, I'll wait."
235,55,241,494,1041,1776,1.5495495495495495,0.017098574827948326,687,You're looking at a knight in jail.
3398,56,287,553,1212,2052,1.5492202729044835,0.016034221998917474,687,He asked me to help charge his battery and I missed.
3314,57,264,431,1052,1747,1.5489410417859186,0.017745773302904454,687,Sir Elon Musk dared me to do it and said it could withstand anything.
3960,58,229,559,1071,1859,1.5470683162990855,0.01630827860721498,687,I have poor knight vision.
3932,59,181,402,821,1404,1.5441595441595442,0.01898877434998364,687,"No, I wasn't texting."
3926,60,113,281,538,932,1.543991416309013,0.022954539336052685,687,"An assailant, sent, no doubt, by my enemies in the House of Two-Door."
1515,61,170,421,824,1415,1.537809187279152,0.018593643703907974,687,I guess objects in the mirror are closer than they appear.
2869,62,248,460,1073,1781,1.536777091521617,0.017208938638601786,687,"It said Dodge Charger , neither was accurate."
3464,63,213,619,1126,1958,1.5337078651685394,0.015438286455185326,687,I hope thy ticket is for the knave who opened his door into the bike lane without looking.
140,64,147,325,688,1160,1.5336206896551725,0.020818413008211814,687,The date of my last vision test? Around 1379.
1872,65,256,466,1115,1837,1.5323897659227002,0.016952872645291515,687,Elon assured me it would bounce right off.
3564,66,191,573,1031,1795,1.532033426183844,0.016043892381994742,687,"But officer, he did not yield!"
2702,67,182,403,866,1451,1.5286009648518264,0.01857034082569298,687,I took an oath to protect the Crown Victoria.
2322,68,138,437,779,1354,1.5265878877400296,0.018300553041112087,687,It got away but I definitely wounded it.
3497,69,110,258,575,943,1.5068928950159066,0.02264960813279273,687,Are you sure I match the driver's description?
2397,70,144,385,799,1328,1.506777108433735,0.018755989561916438,687,"No officer, I was not texting."
3965,71,146,356,778,1280,1.50625,0.019333821849758966,687,"Sir, I need to see your license, signet ring and coat of arms."
1419,72,166,331,813,1310,1.5061068702290077,0.01961037245691739,687,There's a reason we aren't named The Knights of the Roundabout.
2244,73,152,309,759,1220,1.5024590163934426,0.020235980291679504,687,Canst thou directeth me to the Department of Moat or Vehicles?
3297,74,159,298,772,1229,1.5012205044751832,0.02035406183417802,687,That's why they call me Lance-a-lot.
605,75,141,319,740,1200,1.5008333333333332,0.020112264266890667,687,"No, officer, I can’t roll down the window."
2958,76,88,265,528,881,1.5005675368898979,0.022607638068348805,687,He laughed at my horsepower.
1214,77,136,236,644,1016,1.5,0.022584630883652024,687,"Farmers Insurance: 
We know a thing or two because we've seen a thing or two."
3811,78,142,338,765,1245,1.4995983935742971,0.019604454521029206,687,"It was Chevalier versus Chevrolet, and victory was mine!"
3546,79,100,257,558,915,1.4994535519125682,0.02264218232708596,687,But how can you charge me if you have no horse?
1377,80,111,320,655,1086,1.4990791896869244,0.02046507740493501,687,"No, I don't know how fast I was going."
88,81,107,284,608,999,1.4984984984984986,0.021567156608970198,687,He cut me off. I ran him through.
944,82,135,298,712,1145,1.496069868995633,0.02060688522853316,687,"Behold, I dodged the Charger!"
911,83,131,300,704,1135,1.4951541850220265,0.020591207231250117,687,A chivalrous man always opens the door for a lady.
340,84,127,280,678,1085,1.4921658986175115,0.021131288979463293,687,She opened it right into the horse lane
3917,85,96,332,637,1065,1.492018779342723,0.020108212660691148,687,I see your point but I still gotta give you a ticket.
537,86,113,284,646,1043,1.488974113135187,0.02116023041646795,687,"Chivalry may not be dead, but that Chevrolet is."
731,87,112,265,625,1002,1.4880239520958083,0.021747103990099857,687,"What do you mean I ""fit a description"" ?"
3568,88,107,267,617,991,1.4853683148335015,0.02168948460979139,687,Are you almost finished your drawing officer? This is really heavy.
273,89,103,261,601,965,1.483937823834197,0.02192058253987426,687,It was a Tudor sedan.
3629,90,89,286,586,961,1.4828303850156088,0.021284993970896292,687,"I saw it was a Charger, and couldn't help myself."
2948,91,108,237,596,941,1.481402763018066,0.022578401986697003,687,"Roll down the window, please."
449,92,81,244,519,844,1.481042654028436,0.02288720464391783,687,"If you can't believe your eyes,how can you give me a ticket?"
254,93,90,244,555,889,1.4769403824521934,0.02255980402280881,687,"No idea what it was, but I clipped off one of its wings."
532,94,76,227,492,795,1.4767295597484276,0.023557995727035205,687,"No, I don't know why you stopped me."
272,95,83,250,542,875,1.4754285714285715,0.022414611188928808,687,"Sorry, officer. I would roll down the window if I could."
2794,96,85,234,531,850,1.4752941176470589,0.023006877124592647,687,"I'm being framed officer. If, in fact, I had hit the car, then my lance would have entered from the exterior side, and not from the interior side, as illustrated."
2586,97,100,204,549,853,1.473622508792497,0.023828682771313364,687,Tudor no more !
3958,98,88,238,549,875,1.473142857142857,0.02270146395496131,687,"Where I’m from, we pass on the right"
2270,99,93,216,541,850,1.4729411764705882,0.023480722852553086,687,Elon from Musk claimeth twas indestructible..
1466,100,86,229,533,848,1.4728773584905661,0.0231032422068521,687,"He opened it right into the horse lane, without even looking!"
1215,101,68,253,505,826,1.4709443099273607,0.02239601364112291,687,"I know how it looks, but really, he never signaled!"
3163,101,97,195,534,826,1.4709443099273607,0.02422176819513539,687,"I’m going to have to ask you to roll down your window, sir."
832,103,92,203,527,822,1.4708029197080292,0.02400243117865002,687,"I'd rather be tilting at windmills, but you know how the fossil fuel lobby is."
1211,104,85,217,521,823,1.4702308626974483,0.023544624487591446,687,A better question would be what is a car doing on a jousting course?
2326,105,69,242,499,810,1.4691358024691359,0.022769272435020964,687,"Well, yes, just a couple of meads."
3160,106,104,166,529,799,1.4680851063829787,0.02526319715973529,687,I thought he said lance a lot.
2598,107,93,187,517,797,1.468005018820577,0.02461644152775307,687,It was parked right in front of my drawbridge.
1123,108,84,196,499,779,1.467265725288832,0.024436833508583188,687,"With this wound, it can’t have gone far!"
3915,109,72,203,468,743,1.4670255720053835,0.024426620680134212,687,Not another steeding ticket
1503,110,76,211,492,779,1.465982028241335,0.023888255517988823,687,"It's out there some where, officer, alive , wounded, and dangerous."
2285,111,82,192,491,765,1.465359477124183,0.024622253989986288,687,"What appears to be the problem, officer?"
875,112,99,162,513,774,1.4651162790697674,0.025549512581392722,687,I was looking for a windmill
783,113,81,195,492,768,1.46484375,0.02448162810853822,687,"Sir, I'm going to have to ask you to roll down your window."
577,114,77,197,482,756,1.4642857142857142,0.024479433008075376,687,And it'll keep happening until the jousting community finally gets a dedicated lane of its own.
501,115,77,205,492,774,1.4638242894056848,0.02406485755189884,687,"Relax, officer. I’m holding the door for a lady."
2805,116,93,161,495,749,1.4632843791722296,0.02577626564814879,687,I don't care that you lanced a car...I'm writing you up because your horse stole a tablecloth from an Italian restaurant.
674,117,82,179,482,743,1.46164199192463,0.025147956959865443,687,He gaveth me thee finger.
806,118,85,168,481,734,1.4604904632152589,0.025591145348207462,687,Lance a lot?
1246,119,82,173,477,732,1.460382513661202,0.025423207797140114,687,"Apparently, I impaled an impala."
2892,120,92,152,486,730,1.4602739726027398,0.02620161979065453,687,"I winged it. You'll find it limping up the 
West Side Highway."
2260,121,81,173,474,728,1.460164835164835,0.025451646097889184,687,"It was an Edsel, officer.  It needed to be done."
3749,122,91,145,477,713,1.458625525946704,0.026593792570503868,687,But I won!
1066,123,40,109,265,414,1.4565217391304348,0.03268998690862704,687,What chance had I? One horse against 300?
3770,124,75,169,455,699,1.4563662374821174,0.02574640402316667,687,"...and then he sayeth, “I saw the space first.”, which was a falsehood."
1241,125,60,198,439,697,1.4562410329985653,0.024572540403616196,687,"My good sir, a knight does not hit and run. We pierce and gallop."
3995,126,69,176,445,690,1.4550724637681158,0.02549884076274889,687,"You’re mistaken, officer; I was not texting, whatever that is."
1298,127,71,169,444,684,1.4546783625730995,0.025825982818171635,687,"Well, I guess the pen really is mightier than the sword!"
3600,128,59,188,428,675,1.4533333333333334,0.025041124544488355,687,"I thought it said ""Impale,"" not ""Impala."""
214,129,53,179,397,629,1.4531001589825119,0.025747483568575837,687,Are you seriously not even a little impressed?
2634,130,67,166,431,664,1.4518072289156627,0.0260375840933083,687,I highly doubt there's actually a law against this.
2230,131,58,183,421,662,1.4516616314199395,0.025293735455475617,687,"And with nary a glance, his driver's side door swungeth open...."
2516,132,31,96,226,353,1.4475920679886685,0.03466113565775406,687,"Officer, it was self-defense. The Mustang charged at me first."
896,133,73,136,422,631,1.4469096671949286,0.027561192536157044,687,"This is a fake witch hunt, a hoax, a disgrace to our country, it's treason. Oh, sorry, wrong cartoon."
3894,134,35,102,248,385,1.4467532467532467,0.03342369127201594,687,I guess you can call it a middle age crisis.
2893,135,49,182,396,627,1.4465709728867624,0.025386632654358005,687,"And what, make HER open it? Chivalry is not dead yet, officer."
839,136,59,161,405,625,1.4464,0.026431061757731675,687,"Yes, sir, Knight vision was an issue."
2620,137,66,146,411,623,1.4462279293739968,0.027164692839422022,687,"Description? Forsooth, methinks it was a Dodge Charger."
432,138,63,147,404,614,1.4446254071661238,0.027158689627303112,687,Some wiseguy parked his coupe de ville too close to my coup de grâce.
39,139,59,140,387,586,1.4402730375426622,0.02766706449108266,687,They didn’t yield.
632,140,50,153,372,575,1.44,0.02706016794084097,687,This IS my turn signal!
3484,141,48,159,373,580,1.4396551724137931,0.026671277985240566,687,"Trust me, officer. He won't park there again."
2909,142,49,153,371,573,1.4380453752181501,0.027006580811588878,687,Since when is it illegal to open a door for a lady?
3560,143,65,120,386,571,1.4378283712784588,0.02883119173611113,687,"Sir, please roll your window down."""
1287,144,52,145,372,569,1.437609841827768,0.027478681543742743,687,"It was a hit and run.  Ironically, by a Plymouth Valiant."
2593,145,65,117,383,565,1.4371681415929203,0.029055481689577237,687,"It was a silver Mustang, officer. I got confused."
1046,146,67,110,382,559,1.4364937388193202,0.029502467225310997,687,"My opponent, Sir, is now a ‘one-door,’ not a Tudor!"
902,147,51,141,366,558,1.435483870967742,0.02774057065667599,687,The lance proved mightier than the LeSabre
2342,147,58,127,373,558,1.435483870967742,0.028540908111417917,687,"Roll down the window, sir."
3772,147,52,139,367,558,1.435483870967742,0.027856312436636586,687,I hath slayed the Uber for taxi drivers everywhere!
1361,150,54,131,365,550,1.4345454545454546,0.02837683381468128,687,"If possible, I would like to request King Arthur’s Traffic Court."
2559,150,45,149,356,550,1.4345454545454546,0.02730626629030646,687,"Tudor?  It looks more like a four-door, my good sir."
1429,152,45,148,355,548,1.4343065693430657,0.027375042671436967,687,"Then why doth his sticker say, 'I brake for animals'?"
2383,153,49,139,358,546,1.434065934065934,0.02792979003578919,687,I wouldn't say I lance a LOT.
2095,154,56,124,365,545,1.4330275229357798,0.028793741484244136,687,I am Don Quixote. Aka The Man of La Mazda.
2633,155,50,129,352,531,1.4312617702448212,0.02860264445181569,687,It said right on the vehicle “Charger” so I went for it
740,156,69,87,368,524,1.4293893129770991,0.031177433052575327,687,"Officer, you should have seen the OTHER car door."
2009,157,50,124,348,522,1.4291187739463602,0.028946529997310472,687,In order to join the Roundtable I was told to kill a Gremlin.
1404,158,58,107,355,520,1.4288461538461539,0.030029338680826464,687,"I don't know who ""thee"" is but ""thou"" is under arrest."
260,159,44,134,340,518,1.4285714285714286,0.02832466269123484,687,Are you kidding me? It was a Dodge Charger!
1600,159,57,108,353,518,1.4285714285714286,0.02998952683922194,687,"I swear my GPS said ""turn, fight."""
1067,161,47,127,342,516,1.428294573643411,0.028795525355822613,687,"But officer, he cut me off!"
3157,162,38,144,332,514,1.4280155642023347,0.02766684855791263,687,He shouldn't have opened his door into the horse lane.
3063,163,46,120,333,499,1.4248496993987976,0.029340856891397763,687,"Seriously, who parks in the jousting lane?"
1053,164,50,111,336,497,1.4245472837022133,0.029970218115980676,687,"That's Quixote, with a ""Q""."
427,165,59,92,344,495,1.4242424242424243,0.03125721384264446,687,It Was Not vehicular homicide!  It was self defense.
1915,165,37,136,322,495,1.4242424242424243,0.02823254142231123,687,She said she needed help opening her car door!
737,167,39,129,322,490,1.4224489795918367,0.028713716775960272,687,Apparently not an armored car.
1344,168,48,108,328,484,1.421487603305785,0.0302571077495042,687,"A ticket, officer? Surely you joust!"
1608,169,38,125,315,478,1.4205020920502092,0.029054849399890025,687,I will bet he never opens his door in traffic again.
1160,170,45,108,318,471,1.4203821656050954,0.030413595888696365,687,Did you see the Pinto he was driving?  I did him a favor.
819,171,28,65,195,288,1.4201388888888888,0.03906871670538178,687,Whadja expect . . . they don't call me Lancealittle
156,172,43,112,317,472,1.4194915254237288,0.03006439569026154,687,Writing me up for this? Surely you joust.
3636,173,30,114,271,415,1.419277108433735,0.030616141744815438,687,I had one goblet of mead a few hours ago. That's it.
3455,174,39,118,311,468,1.4188034188034189,0.029632791239355645,687,"No, officer, not jesting, jousting."
768,175,46,109,325,480,1.41875,0.030137648867527008,687,"The exhaust-spewing wagon has been slain!"""
3187,176,39,113,305,457,1.4179431072210065,0.030129290235661767,687,It honked and charged. I accepted the challenge.
1842,177,46,103,318,467,1.417558886509636,0.030735113781664637,687,75 bucks? Totally worth it.
3339,178,30,83,230,343,1.4169096209912537,0.03496126104332053,687,"There's a perfectly implausible explanation Officer.
We just have to wait for The New Yorker to decide which one."
470,179,48,96,317,461,1.4164859002169197,0.03132120913756162,687,This is for all the bicyclists who've had car doors opened in front of them.
3512,179,35,122,304,461,1.4164859002169197,0.029298657519506,687,I got the door for her. The polite response would have been 'Thank you.'
964,181,48,95,316,459,1.4161220043572984,0.031418947105444746,687,I ride in the service of Greta Thunberg.
29,182,41,107,307,455,1.4153846153846155,0.0305262224571364,687,Now this “court” you speak of...shall I be knighted there?
4002,183,35,118,300,453,1.4150110375275937,0.029647720090653484,687,He yieldeth not.
3722,183,42,104,307,453,1.4150110375275937,0.030779236041757273,687,"Okay, so there's an interesting story how I pierced it from the inside."
2960,185,38,111,302,451,1.4146341463414633,0.030229752946614286,687,He cutteth me off
687,185,49,89,313,451,1.4146341463414633,0.03197247327349223,687,I'm caught him going 2019 in a 1619 zone.
212,187,42,102,305,449,1.4142538975501113,0.030971257241733455,687,"No thank you, sir. It is my duty to serve the kingdom, not to seek citations."
548,187,42,102,305,449,1.4142538975501113,0.030971257241733455,687,"Fie on your summons, squire, for I am a free lancer."
770,187,45,96,308,449,1.4142538975501113,0.031449117074432646,687,Totally worth it! I never got one from the inside before.
3078,190,35,114,297,446,1.4125560538116593,0.029955181087404806,687,"Officer, I’m confused. You say “Hit and Run” like it’s a bad thing."
705,191,35,112,295,442,1.411764705882353,0.030138966633602295,687,If not for your insipid helmet laws I might have seen it.
259,192,31,119,290,440,1.4113636363636364,0.02953908209788265,687,Who brings a car to a Renaissance Fair?
1365,192,39,103,298,440,1.4113636363636364,0.03090938782701235,687,I was told to get the door.
1303,194,40,100,298,438,1.4109589041095891,0.031175302856064124,687,Perhaps I would have been better off choosing Door Number 2?
1153,195,55,68,311,434,1.4101382488479262,0.033824062074771066,687,He got out for a closer look at the joust.
903,196,31,113,284,428,1.408878504672897,0.030087954056880594,687,"It's wounded, so it didn't get very far."
1060,197,40,92,290,422,1.4075829383886256,0.03199734796161434,687,My charger hates Mustangs.
1755,198,32,107,281,420,1.4071428571428573,0.03065546875650495,687,I had maybe two meads
1591,199,36,98,284,418,1.4066985645933014,0.03149144933540098,687,Elon said it wouldn't break.
648,200,41,86,288,415,1.4048192771084338,0.03254617646516258,687,This ensures that its now  a Handicapped vehicle in a Handicapped parking spot.
335,201,37,92,282,411,1.4038929440389294,0.032037024906595345,687,I guess this is why you don't put the car in front of the horse.
2773,201,41,84,286,411,1.4038929440389294,0.032769587915776846,687,“The Mustang was in my lane.”
1455,203,22,90,220,332,1.4036144578313252,0.03357995138731676,687,Le Lance is mightier than LeSabre!
3282,204,36,93,280,409,1.4034229828850855,0.03195861292549374,687,We were jousting for a spot and I won.
177,205,32,100,275,407,1.402948402948403,0.031302950991607556,687,"Sorry officer, I have terrible knight vision."
97,206,33,97,275,405,1.4024691358024692,0.03160127102547239,687,"Why he was in the tournament in the first place, I have no idea."
3183,207,39,83,279,401,1.401496259351621,0.032970089808377845,687,"Is that Don or Donald, Mr. Quixote?"
323,208,30,100,269,399,1.4010025062656641,0.03132643160006944,687,I have slain the carbon-dioxide-breathing dragon.
3140,209,41,77,279,397,1.4005037783375316,0.03358426836290651,687,I presume this is your first time in a Target parking lot on Black Friday.
1606,209,32,95,270,397,1.4005037783375316,0.031834069874271835,687,"I take my crossing-guard duties seriously, officer."
929,211,34,90,271,395,1.4,0.032343017932314116,687,"Well, he shouldn’t have opened his door into the jousting lane."
2410,212,25,85,228,338,1.3994082840236686,0.033923036506412034,687,He gave me the finger. I gave him the lance.
725,213,40,100,311,451,1.3991130820399114,0.030448697173451632,687,They were parking in the jousting lane.
1866,214,35,86,270,391,1.3989769820971867,0.03277047149751705,687,"It is I, sir, the Thane of car door."
1251,214,30,96,265,391,1.3989769820971867,0.03175414510700008,687,"The door I can explain. It was open in a bike lane. The horse, lance and suit of armor are more complicated."
1650,216,27,101,261,389,1.398457583547558,0.03123351599804259,687,"What makes you think I hit a car, officer?"
2194,216,36,83,270,389,1.398457583547558,0.033087634029268224,687,I never Dodge a Lancer.
3362,218,26,102,259,387,1.3979328165374676,0.03112523654631071,687,I freed a young maiden trapped in a Beetle.
1783,219,29,95,261,385,1.3974025974025974,0.03187390209014466,687,Impala door? I thought you said Impale a door!
1714,220,36,80,267,383,1.3968668407310705,0.033447352848204645,687,"As protector of the bike lane, I offer you this."
1978,220,37,78,268,383,1.3968668407310705,0.03365108307188098,687,"Forsooth!  Perchance I misunderstood  ""Black Friday Doorbuster."
2024,220,42,68,273,383,1.3968668407310705,0.03465177179744624,687,Let me go get the windshield so you'll have a place to leave the ticket.
3402,220,29,94,260,383,1.3968668407310705,0.031984927028898866,687,A ticket???  I'm not the one missing a side view mirror.
3532,220,37,78,268,383,1.3968668407310705,0.03365108307188098,687,"But, Constable, he swerved into my era."
2931,225,36,91,284,411,1.3965936739659368,0.031795444277441805,687,My license plate number is VI II V ...
594,226,34,83,264,381,1.3963254593175853,0.03315550600868755,687,"""It is I, Don Quixote, the Lord of La Mazda!"
3194,227,31,88,260,379,1.395778364116095,0.03264066997295052,687,"If this is a law passed after 1429, I don’t follow it."
3531,227,30,90,259,379,1.395778364116095,0.032426114478288165,687,"It was driving on its own, as if by witchcraft."
1454,227,28,94,257,379,1.395778364116095,0.03199268710050784,687,"At least I got one of its ears"""
1663,230,27,95,255,377,1.3952254641909814,0.0318848648029358,687,"In my defense, I had the right of way."
1297,231,24,100,251,375,1.3946666666666667,0.031321384303318614,687,It used to be chivalrous to open doors for people.
229,232,35,79,264,378,1.3941798941798942,0.03353557398522232,687,"Forsooth, I was told I could impale anything on Fifth Avenue and not get arrested!"
514,233,25,97,251,373,1.3941018766756033,0.03165819828119341,687,"It was a close call, but in the end, I just had more horse power."
1386,233,30,87,256,373,1.3941018766756033,0.032776675761706724,687,He was in the horse's blindspot
644,235,29,90,257,376,1.3936170212765957,0.03237027364674249,687,"Good constable, I contend otherwise. The coachman recklessly exited his horseless carriage, whereas I was unable to whoa my steed forthwith."
782,235,33,82,261,376,1.3936170212765957,0.033235105003858095,687,"I wounded the dragon, but it escaped with the poor fellow it had eaten!"
3179,235,30,88,258,376,1.3936170212765957,0.03258863318901411,687,...then the great beast spread its wings and bellowed like a monster goose.  I dispatched it!
3802,238,26,92,248,366,1.3934426229508197,0.03229665694259245,687,Isn't this a stand-your-ground state?
976,239,26,92,250,368,1.391304347826087,0.032156361981274806,687,"Here, I'll hold it up for you so you can read the vin number."
1194,240,15,56,149,220,1.3909090909090909,0.041350645029690714,687,It was more like a run and hit
3456,241,24,94,246,364,1.39010989010989,0.03191726113205983,687,"To be fair, it was an ugly car to begin with..."
2712,241,26,90,248,364,1.39010989010989,0.03238802735143933,687,Sorry...I don’t use this lance a lot.
3647,241,32,78,254,364,1.39010989010989,0.0337609624915232,687,I only had one mead and that was several hours ago.
3752,244,35,71,256,362,1.3895027624309393,0.03455937627022337,687,Another Uber double parked. Write it up.
410,244,27,87,248,362,1.3895027624309393,0.032740126388302024,687,No more driving by knight.
2723,246,29,82,249,360,1.3888888888888888,0.033328174572436794,687,"Yes, I was texting."
2231,246,22,96,242,360,1.3888888888888888,0.03166135853907798,687,"On the bright side, I think this means I won"
2292,248,17,105,236,358,1.388268156424581,0.030517849034963986,687,"I'd be happy to roll down the window Officer, just finding it a bit difficult to reach the handle."
2916,248,26,87,245,358,1.388268156424581,0.03274412264833485,687,"I’ll take the fine. It sure beats banishment, mutation, hanging, or burning at the stake."
3074,250,26,86,244,356,1.3876404494382022,0.03286518544668134,687,You give tickets for acts of valor?
2084,251,25,87,242,354,1.387005649717514,0.0327439726805509,687,That guy's armour was like nothing I'd ever seen before.
3874,252,29,78,245,352,1.3863636363636365,0.033836354297879075,687,I take on all Challengers.
549,253,28,79,243,350,1.3857142857142857,0.03372477410274807,687,I was galloping right along when this jerk in a taxi opens his door right into the jousting lane!
3296,253,27,81,242,350,1.3857142857142857,0.03348114509360658,687,"I know it seems odd, but ask yourself if I could have done this to a Volvo in the 1970s."
3301,255,26,80,238,344,1.3837209302325582,0.033617726158170665,687,Turns out it was just a damsel in distressed jeans.
3245,256,22,87,233,342,1.3830409356725146,0.03271558535346961,687,"I was engaged in a fulsome charge, in the jousting lane, when, without checking her blind spot, she opens her door."
550,257,26,69,221,316,1.3829113924050633,0.035672550471373424,687,I’m not rolling down the window until I see your badge.
232,258,29,72,239,340,1.3823529411764706,0.034638776711195425,687,"For the last time, HE hit ME"
3750,258,26,78,236,340,1.3823529411764706,0.03387902937407857,687,I won that parking space fair and square!
673,260,23,83,232,338,1.3816568047337279,0.033228351319700866,687,I don't know who I hit; his shield seems to lack a coat of arms.
3438,260,33,63,242,338,1.3816568047337279,0.035772988513562136,687,"No handheld devices of any kind, you got it?"
3982,260,27,75,236,338,1.3816568047337279,0.034268887955868355,687,The sign said 'turnpike on ramp' so I did.
3880,263,19,90,227,336,1.380952380952381,0.03227322269263099,687,Should be easy enough to identify the vehicle
546,263,20,88,228,336,1.380952380952381,0.032547337899105404,687,More like a removing violation.
948,263,21,86,229,336,1.380952380952381,0.0328191636954529,687,"So there I was, minding my own business, riding uptown in the right lane, with my lance safely pointing slightly downward, when all of a sudden and with no warning, some bonehead opens the driver door without looking first."
1181,266,26,85,249,360,1.3805555555555555,0.03254212907484211,687,We handle illegal parking a little differently.
271,267,24,77,229,330,1.378787878787879,0.034019579876477704,687,"I don't think you understand, Cavaliers are my sworn enemy."
1092,267,26,73,231,330,1.378787878787879,0.034556828630621275,687,I said it was a mistake to film Game of Thrones in New York.
1224,269,19,86,223,328,1.3780487804878048,0.03276183907661752,687,His armor was most unusual.
3121,269,30,64,234,328,1.3780487804878048,0.035755486708316055,687,The fair maiden said she locked her keys in the car. Just what would YOU have done in a situation like that?
2051,271,26,71,229,326,1.3773006134969326,0.03483826645010467,687,"It was self defense, m’lord. That Tesla was clearly charging!"
3202,272,15,71,182,268,1.376865671641791,0.03603879701397322,687,I have defeated yet another Challenger.
1849,273,30,62,232,324,1.376543209876543,0.03605738486889884,687,Yes I'll admit it. I was texting.
3166,273,23,76,225,324,1.376543209876543,0.03415198817081924,687,I used to ride a bicycle until I got fed up with getting 'doored'.
194,273,30,62,232,324,1.376543209876543,0.03605738486889884,687,"No, officer, I don't know why you pulled me over."
484,273,23,76,225,324,1.376543209876543,0.03415198817081924,687,He has the darndest time with roundabouts.
294,277,25,71,226,322,1.375776397515528,0.03484938664908397,687,I jousted and won the door prize.
3429,278,22,76,222,320,1.375,0.034143115720408096,687,"Ok officer, well how do YOU propose we protect the bike lanes?"
3867,278,21,78,221,320,1.375,0.033854983010011254,687,It said dodge charger but I chose to charge anyway.
168,280,28,63,227,318,1.3742138364779874,0.03597573972236994,687,Shouldn't you be thanking me?  You were obviously trapped in that contraption.
556,280,24,71,223,318,1.3742138364779874,0.034855322305744264,687,This happens every time I ride in the bike lane.
2207,280,26,67,225,318,1.3742138364779874,0.035419961473786364,687,I thought I heard someone say it's a Tudor. I got confused.
2529,280,20,79,219,318,1.3742138364779874,0.03369767258287909,687,But I saved that bicyclist
2923,280,22,75,221,318,1.3742138364779874,0.03428138438380395,687,"Sorry, just a little road rage."
2088,285,23,72,221,316,1.3734177215189873,0.034711808842292746,687,We disagreed over right of way until he got my point.
3218,286,24,67,217,308,1.3733766233766234,0.035633433973331276,687,Let me guess...my taillight is out again?
3514,287,23,71,220,314,1.372611464968153,0.03485565746906582,687,"”But, it’s common practice for a knight to keep the opponent’s shield!"
998,287,21,75,218,314,1.372611464968153,0.03426685928314127,687,Chivalry is not dead! I was getting the door for a lady.
459,289,21,72,213,306,1.3725490196078431,0.034877356530424834,687,I yield to no one.
3178,290,20,75,215,310,1.3709677419354838,0.03424558811937254,687,I don’t know sir. That door came out of nowhere.
278,291,23,68,217,308,1.37012987012987,0.035296990243569054,687,My bad.
2192,291,18,78,212,308,1.37012987012987,0.03376566429832154,687,"OK, so I'm a knight errant."
2528,291,25,64,219,308,1.37012987012987,0.0358912314382451,687,Spear me the ticket
3824,291,20,74,214,308,1.37012987012987,0.03438637898072449,687,...and then it ate a whole family and sped off.....
1843,295,20,72,211,303,1.3696369636963697,0.03476594779539344,687,Best. Office party. Ever.
1632,296,27,65,230,322,1.3695652173913044,0.035330598444082546,687,"Officer, he opened his door right into the jousting lane!"
183,297,23,53,192,268,1.3694029850746268,0.038926907918109946,687,I plead the V.
3529,298,21,71,214,306,1.369281045751634,0.03483767778303754,687,"Officer - the sign said 'Yield', not 'Surrender'.""
"""
2339,299,25,61,215,301,1.3687707641196014,0.036464221937897695,687,I was traveling in the bike lane when he opened the door.
2422,300,20,72,212,304,1.368421052631579,0.034672723892204944,687,"I needed a shield, Sir."
3407,301,25,60,215,300,1.3666666666666667,0.036525012682651535,687,"Sir, do you know why I pulled you over?"
991,302,25,59,214,298,1.3657718120805369,0.03668814928378526,687,"But windmills are so 'old school,' Officer..."
2925,302,27,55,216,298,1.3657718120805369,0.03729899427513391,687,I know what you're thinking; how did he impale the car door from the inside?
2329,304,21,65,207,293,1.3651877133105803,0.035844525252818366,687,I did wing the monster but his master remains within.
2594,305,18,72,206,296,1.364864864864865,0.034609693796050466,687,"Yes, officer, I was jousting fast, but I am the Chevy Impaler."
3343,305,23,62,211,296,1.364864864864865,0.036226402051795774,687,What's more chivalrous than opening a car door for a lady?
300,305,17,74,205,296,1.364864864864865,0.034277202984840785,687,"I did mention the errant part, right?"
2176,305,24,60,212,296,1.364864864864865,0.03654116125427254,687,"Scribble away, unchivalrous knave. For the joust affirms that only I am New York’s finest."
1702,309,18,70,203,291,1.3642611683848798,0.0350017886142954,687,"Yes, officer, in the 21st century, I tilt at windshields."
1911,310,19,69,206,294,1.3639455782312926,0.03508842535435251,687,Looking to fill the knights’ quota?
2605,310,22,63,209,294,1.3639455782312926,0.03606729859859966,687,I haven't seen a Plymouth Valiant since 1966.
3236,310,20,67,207,294,1.3639455782312926,0.035417722568870734,687,"My bad, I lance a lot."
163,313,26,53,210,289,1.3633217993079585,0.03778823786831217,687,It wasn’t me.
528,313,24,57,208,289,1.3633217993079585,0.03714690407194444,687,"Sir, roll your window down and step out of your horse."
1369,313,20,65,204,289,1.3633217993079585,0.03582981445676832,687,I don’t lance a lot.
2496,313,28,49,212,289,1.3633217993079585,0.03841886724324444,687,we know a thing or two because we’ve seen a thing or two
2694,313,22,61,206,289,1.3633217993079585,0.03649430151500838,687,"Officer, I'm pretty sure it was my opponent who was speeding."
3067,318,13,79,198,290,1.3620689655172413,0.03330836330757552,687,He wouldn't stop riding my tail
2742,318,21,63,206,290,1.3620689655172413,0.036060436387181365,687,How can you charge with me charging? It's the whole point.
2676,318,19,67,204,290,1.3620689655172413,0.03539248607943254,687,"Let me guess, my headlight is out?"
444,318,15,75,200,290,1.3620689655172413,0.03401726132099071,687,"We're supposed to impound the vehicles, not impale them"
1892,318,20,65,205,290,1.3620689655172413,0.03572802221867857,687,"Officer, it was he who rammed his flimsy shield into my spear."
3395,323,18,67,200,285,1.3614035087719298,0.03546009471545025,687,But Officer is was a Dodge “Charger”.
3605,323,25,53,207,285,1.3614035087719298,0.03782044351368935,687,"Final Score: 

Sword 1
Pen 0"
3618,323,17,69,199,285,1.3614035087719298,0.03510995095056478,687,It was a Buick Lesabre.
3656,323,22,59,204,285,1.3614035087719298,0.03682739419425781,687,"I won, even with far less horsepower."
3996,323,19,65,201,285,1.3614035087719298,0.035806814696456045,687,Herald! I have slain the carbon beast!
576,328,20,62,201,283,1.3604240282685511,0.03631331859584232,687,He started it.
1864,328,21,60,202,283,1.3604240282685511,0.036656757628248465,687,"I had to defend myself.  It's not my fault that, despite its name, the Charger didn't Dodge."
2127,328,22,58,203,283,1.3604240282685511,0.03699700869244913,687,I used my right arm to signal I was turning
2226,331,18,65,198,281,1.3594306049822065,0.03577479780255778,687,So you didn’t get the license plate?
3018,331,18,65,198,281,1.3594306049822065,0.03577479780255778,687,He should have checked traffic before he opened his door. What if I had been riding my bicycle?
2834,333,22,56,201,279,1.3584229390681004,0.03734257262487498,687,"Yes Constable, I was galloping down the road, minding my own business, when a parked dragon suddenly spread its wings.    
I have helmet-cam video too."
3713,333,22,56,201,279,1.3584229390681004,0.03734257262487498,687,"Time travel's a bitch, officer."
2937,333,19,62,198,279,1.3584229390681004,0.036292013741048366,687,"Does the word ""quixotic"" mean anything to you?"
3098,333,23,54,202,279,1.3584229390681004,0.03768625151429367,687,I've been granted power of a tourney.
2453,333,21,58,200,279,1.3584229390681004,0.036995701200133006,687,"No, I'm not a Tudor knight, I'm a one-door knight."
959,333,18,64,197,279,1.3584229390681004,0.035935002969610344,687,"Officer, he doored me."
1226,333,20,60,199,279,1.3584229390681004,0.03664554658256557,687,When did it become illegal to get stuck in traffic?
185,340,15,69,193,277,1.3574007220216606,0.03499320301586994,687,Chevrolet is not dead.
592,340,18,63,196,277,1.3574007220216606,0.03609715878844085,687,He came at me with a Dodge Charger.
1166,342,21,56,198,275,1.3563636363636364,0.037343144836887276,687,What can I say?  My opponent was unhinged.
2685,342,21,56,198,275,1.3563636363636364,0.037343144836887276,687,Sorry Officer. Elon said the truck could handle it.
2868,342,20,58,197,275,1.3563636363636364,0.036986046910197266,687,It bore the family crest of Cadillac.
3032,342,21,56,198,275,1.3563636363636364,0.037343144836887276,687,Lance Ito finally nails the guy in the white Bronco.
3142,342,23,52,200,275,1.3563636363636364,0.038047287246788,687,His Excellency told me to go out and slay a two-door.
2289,347,22,58,207,287,1.3554006968641115,0.03656592600049312,687,What? I had the right of way.
2955,348,14,69,190,273,1.3553113553113554,0.03491740773208856,687,"Okay officer, I’ll just get the license plate number next time."
236,348,20,57,196,273,1.3553113553113554,0.03715950033986587,687,We finally won the annual road rage contest
511,348,17,63,193,273,1.3553113553113554,0.03605588598438131,687,You're seriously charging a lancer with charging a Lancer who was just dodging a Dodge Charger?
1263,348,22,53,198,273,1.3553113553113554,0.03787738331029502,687,He was driving a Charger.
2588,352,23,38,176,237,1.3544303797468353,0.04233153613990726,687,What troubles me is how you managed to do this from inside the car
1105,353,13,70,188,271,1.3542435424354244,0.034678203982276404,687,"I swear officer, I only had a couple of meads."
1809,353,21,54,196,271,1.3542435424354244,0.0376994255233627,687,We were hoping people would take the mounted police unit more seriously...
3660,355,19,57,193,269,1.3531598513011152,0.03714141547480585,687,Yes it is from a Tesla. But notice how the glass didn’t break.
1042,356,16,61,187,264,1.3522727272727273,0.036448243116144134,687,It's from a Dodge Charger.
2846,356,21,51,192,264,1.3522727272727273,0.0383731707795772,687,But Elon said it was indestructible.
352,358,21,52,194,267,1.352059925093633,0.03806489833231769,687,Why are you giving me a ticket?  I won.
1391,358,20,54,193,267,1.352059925093633,0.03769318501650304,687,"But officer, it was a challenger."
2824,358,21,52,194,267,1.352059925093633,0.03806489833231769,687,"Come to think of it, 'slay the dragon' sounds a lot like 'station wagon'"""
3627,358,22,50,195,267,1.352059925093633,0.03843301670973845,687,It was parked in a 'Knights Only' spot.
3833,358,19,56,192,267,1.352059925093633,0.037317769337501625,687,"I, good sir, am a Knight of the Roundabout!"
3853,358,23,48,196,267,1.352059925093633,0.03879764247699063,687,"But sir, chivalry requires that I get the door."
137,364,17,58,187,262,1.3511450381679388,0.03701574650454645,687,"""What we have here, officer, is an anachronism, wrapped in a mystery, inside a Ford Pinto."""
2158,364,17,58,187,262,1.3511450381679388,0.03701574650454645,687,"I chose lance, he chose cutlass."
3559,364,12,68,182,262,1.3511450381679388,0.034984684868894056,687,My opponent is still on his steed. I just caught a piece of his armor.
392,367,19,52,187,258,1.3488372093023255,0.0381700389978443,687,It was a Jaguar.
3305,368,16,59,186,261,1.3486590038314177,0.036674308071883835,687,My knight-vision isn't as good as it used to be.
2584,368,17,57,187,261,1.3486590038314177,0.037073943893481176,687,"It said Dodge, but it didn’t."
1670,368,13,65,183,261,1.3486590038314177,0.03544837856312759,687,"The only influence I'm under is that of the King, sir."
3465,371,16,57,183,256,1.34765625,0.03714261765701821,687,"You see, good sir, the occupant's obscene gesture didst arouse my ire."
588,372,19,52,188,259,1.3474903474903475,0.03804622609657867,687,He called one of us an ass.
1815,372,15,60,184,259,1.3474903474903475,0.036438911485366515,687,I do in fact lance a lot.
3104,372,14,62,183,259,1.3474903474903475,0.036025879694324935,687,I do have a point.
3333,372,12,66,181,259,1.3474903474903475,0.03518527366346849,687,What is thy problem sire? I slayed the vile beast.
3571,376,10,68,176,254,1.3464566929133859,0.0347301631230013,687,"Officer, I was in the jousting lane."
3790,376,18,52,184,254,1.3464566929133859,0.038146624564512906,687,"So... is Knight your first name, last name or profession?"
2609,376,16,56,182,254,1.3464566929133859,0.037321840547955225,687,There's his vin #.
3534,376,19,50,185,254,1.3464566929133859,0.03855240015297818,687,I thought this was an open carry state
1963,376,25,38,191,254,1.3464566929133859,0.04090260516021037,687,oops
1869,376,11,66,177,254,1.3464566929133859,0.03517537238523186,687,...And he was riding the strangest horse I've ever seen.
2597,376,18,52,184,254,1.3464566929133859,0.038146624564512906,687,"Well, what did he expect when he opened his door into oncoming traffic?!"
336,383,16,57,184,257,1.3463035019455254,0.03702253352915382,687,"Admit it officer, this accident is the stuff of legends."
3153,383,19,51,187,257,1.3463035019455254,0.03823433649184714,687,"A citation, officer?  Surely you joust."
3475,383,15,59,183,257,1.3463035019455254,0.03660968664482795,687,So.... the car was EMPTY when you speared it?  Please say 'yes'.
3701,383,16,57,184,257,1.3463035019455254,0.03702253352915382,687,"Excuse me sir, I’d like to report a hit and run with a cowardly Mustang."
114,387,18,51,183,252,1.3452380952380953,0.03833724826261066,687,"Where I come from, red means ""charge."""
866,387,17,53,182,252,1.3452380952380953,0.03792261925048347,687,You're ticketing me? The idiot opened his door as I was galloping by.'
1551,387,11,65,176,252,1.3452380952380953,0.035332813780191846,687,Want it back?
3639,390,21,57,209,287,1.3449477351916377,0.03607976102910873,687,"And it belcheth a noxious smoke that can destroy the world. Take not my word for it, ask thou any climate scientist."
1839,391,17,51,179,247,1.3441295546558705,0.0384325100637347,687,"I'm not giving you a ticket, I just like drawing horses."
2704,392,19,48,183,250,1.344,0.03894512667287481,687,Lancelot.
3266,393,21,43,184,248,1.342741935483871,0.03997087704261623,687,I only looked down for a moment to hit 'send' -
3085,393,13,59,176,248,1.342741935483871,0.03655779135275185,687,"Verily, it could not seem to decide whether to dodge or ram..."
1799,393,20,45,183,248,1.342741935483871,0.03956034818710989,687,They told me that I won the door prize...
2304,393,16,53,179,248,1.342741935483871,0.03787376000878531,687,"If it makes it any better, I was aiming for the tire."
1146,393,13,59,176,248,1.342741935483871,0.03655779135275185,687,Can we settle this out of King Arthur's Court?
47,393,13,59,176,248,1.342741935483871,0.03655779135275185,687,I was well inside the jousting lane.
1556,393,14,57,177,248,1.342741935483871,0.03700164822628735,687,She was blocking the knight lane
914,400,14,56,176,246,1.3414634146341464,0.037180601114456396,687,It came off a Cavalier.
1008,400,14,56,176,246,1.3414634146341464,0.037180601114456396,687,It’s from a Plymouth Valiant.
2518,400,18,48,180,246,1.3414634146341464,0.03892471092339775,687,"Sorry, I got stuck in traffic."
2664,400,15,54,177,246,1.3414634146341464,0.03762420902214101,687,"But Officer, he was coming right at me on a Mustang!"
3925,400,9,66,171,246,1.3414634146341464,0.034878031376284875,687,M'lady saw the parking space first.
1431,405,15,48,166,229,1.3406113537117903,0.0394923724728952,687,Chivalry is dead. I’m getting ticketed for holding the door.
3268,406,18,46,177,241,1.3402489626556016,0.03946819391550116,687,Dost thou admire the impaled Impala?
3566,406,19,44,178,241,1.3402489626556016,0.03990384038614509,687,"'I won the joust against the Duke of Hazard, fair and square.'"
1926,408,16,51,177,244,1.3401639344262295,0.03825407658017735,687,And then the door fell on my stick.
2234,409,15,50,172,237,1.3375527426160339,0.038521024803403234,687,His Mustang was no match for mine.
1951,409,17,46,174,237,1.3375527426160339,0.03943836664310023,687,We just got a report on a missing car door.  You are a person of interest.
1037,409,19,42,176,237,1.3375527426160339,0.04033485062631067,687,It was quid pro quo.
3082,412,15,51,174,240,1.3375,0.03819098395210741,687,We were dueling over the parking space.
750,412,14,53,173,240,1.3375,0.037731734014531795,687,He was driving a Challenger
930,412,15,51,174,240,1.3375,0.03819098395210741,687,It’s been ages since I’ve seen a hit and gallop.
1199,412,13,55,172,240,1.3375,0.03726682503590325,687,"Someone said hold the door for her, so I did."
1220,412,17,47,176,240,1.3375,0.039093302012027924,687,"Write the ticket of dishonor if you must, goodly gendarme, but notice you the strength of mine arm that bears up this hinged plate of armor unassisted."
2150,412,11,59,170,240,1.3375,0.03631915804755287,687,"Sir, please lower your window."
3805,412,15,51,174,240,1.3375,0.03819098395210741,687,Tis but a dent.
2236,419,20,39,176,235,1.3361702127659574,0.04100096761273749,687,"It said ""Lancer"" on the side, but was clearly NOT PREPARED FOR BATTLE"
2257,419,13,53,169,235,1.3361702127659574,0.03776887079629602,687,I'm just as confused as you are.
136,421,16,48,174,238,1.3361344537815125,0.03884415819184946,687,"Macbeth, Thane of Cawdor. The rest of the caw’s pawked in Hawvawd Yawd."
2698,422,14,50,169,233,1.3347639484978542,0.03844323631733583,687,Can we just chalk it up to the difficulties of knight vision?
1960,422,16,46,171,233,1.3347639484978542,0.039393905044390165,687,I’m doing parking control for the Renaissance Faire
1712,422,16,46,171,233,1.3347639484978542,0.039393905044390165,687,He proffered a gibe about my vehicle's emissions.
3682,425,17,45,174,236,1.3347457627118644,0.03950539061888902,687,The Taxi Union hired me to slay Uber.
3946,425,13,53,170,236,1.3347457627118644,0.03763545909388386,687,Evidence.What evidence?
3888,425,16,47,173,236,1.3347457627118644,0.03904630406664765,687,Musk said it could not be pierced!
2504,425,11,57,168,236,1.3347457627118644,0.03666474775360668,687,Knight driving
3003,425,16,47,173,236,1.3347457627118644,0.03904630406664765,687,"I vanquished the beast, there is no ""fixing' it."
2073,425,13,53,170,236,1.3347457627118644,0.03763545909388386,687,It’s not my fault he brought a car to a joust!
1675,425,14,51,171,236,1.3347457627118644,0.03811154428638789,687,"No officer, I swear the car ran into my lance."
3708,432,11,57,169,237,1.3333333333333333,0.03653702710031219,687,"Merely defending a damsel in the bicycle lane, good sheriff."
231,432,21,35,175,231,1.3333333333333333,0.04191297423079543,687,"No, Lance-a-lot.  And yes, with hyphens."
1130,432,13,51,167,231,1.3333333333333333,0.038151661584212,687,"Your dragons are faster than ours, still I managed to snag this one on the wing"
1150,432,10,57,164,231,1.3333333333333333,0.03664176215635762,687,"If you heard the way they honked their horn, you'd have charged too."
1441,432,12,53,166,231,1.3333333333333333,0.037655089506358264,687,How do we make this go away?
1456,432,15,47,169,231,1.3333333333333333,0.03912590335628059,687,"No, his door hit my lance!"
1757,432,18,41,172,231,1.3333333333333333,0.04054339479074446,687,"Driving while impaled? Do you know what this will
do to my insurance"
3861,439,14,48,167,229,1.331877729257642,0.038843232179284766,687,"That’s two citations for obsolescence, and one for fouling the sidewalk."
2728,439,18,40,171,229,1.331877729257642,0.040767857041860214,687,Do you mind rolling down your window?
1178,439,16,44,169,229,1.331877729257642,0.03981717502485187,687,My license and registration? I'm afraid it's in the trunk...
2337,439,13,50,166,229,1.331877729257642,0.038346985744917315,687,"He was tailgating, and it just escalated from there."
652,439,16,44,169,229,1.331877729257642,0.03981717502485187,687,Do you have any idea why I pulled you over?
69,439,12,52,165,229,1.331877729257642,0.03784423265582168,687,I'd love to know what he'll tell his insurance agent.
915,439,14,48,167,229,1.331877729257642,0.038843232179284766,687,I was the only way to stop him. It was a Tesla on autopilot!
3929,446,15,45,167,227,1.330396475770925,0.039543480878505205,687,"I'm sorry, officer, I thought it was a Mustang."
3420,446,12,51,164,227,1.330396475770925,0.038035935315054815,687,There was a Jaguar on the hood coming right at me!
1932,446,17,41,169,227,1.330396475770925,0.04051736109110705,687,You need to go find yourself a windmill.
1871,446,9,57,161,227,1.330396475770925,0.036466119489100585,687,"But officer, I was clearly in the jousting lane and had the right of way."
1480,446,13,49,165,227,1.330396475770925,0.03854500240226038,687,It happened right after I put him in autonomous horse mode.
629,446,13,49,165,227,1.330396475770925,0.03854500240226038,687,"That's right, while I was leaving knight school."
306,446,12,51,164,227,1.330396475770925,0.038035935315054815,687,I was dreaming the impossible dream.
208,446,9,57,161,227,1.330396475770925,0.036466119489100585,687,He refused to yield.
1102,446,11,53,163,227,1.330396475770925,0.0375199618921956,687,"Cut-eth me off-eth, he did-eth."
298,455,12,54,171,237,1.3291139240506329,0.03694153487993902,687,"Well, then how is it fair that now YOU'RE charging ME?"
1943,456,12,50,163,225,1.3288888888888888,0.03823025017206525,687,"It said, Dodge Charger. I chose Charge."
3764,456,12,50,163,225,1.3288888888888888,0.03823025017206525,687,She opened the door in front of me when I was in full charge. That makes it joustifiable.
2885,456,14,46,165,225,1.3288888888888888,0.03925451703414238,687,I hath accepted my door prize
1767,456,16,42,167,225,1.3288888888888888,0.04025272893790996,687,So does this mean my insurance rates will go up?
315,456,16,42,167,225,1.3288888888888888,0.04025272893790996,687,Of course the crash test dummy has been mortally wounded!
531,456,15,44,166,225,1.3288888888888888,0.039756755995255876,687,'Tis but a scratch.
241,456,9,56,160,225,1.3288888888888888,0.03664020208965933,687,I was defending myself. It’s a Lancer.
935,456,10,54,161,225,1.3288888888888888,0.03717777493145085,687,I never dodge a challenger.
1443,464,12,49,161,222,1.3288288288288288,0.038572288499992925,687,I take offense when someone tries to show me the door.
1788,464,17,39,166,222,1.3288288288288288,0.04112961431088535,687,I was just wondering the same thing. How did I get this door from the inside?
2054,464,13,47,162,222,1.3288288288288288,0.03909713783352672,687,I believe that open doors in the jousting lane are fair game officer.
2876,464,17,39,166,222,1.3288288288288288,0.04112961431088535,687,"I've warned you before, Lance. This just isn't your knight."
3197,464,12,49,161,222,1.3288288288288288,0.038572288499992925,687,It belongs to a Checkered Cab who cut me off.
2669,469,13,46,161,220,1.3272727272727274,0.03930602957440735,687,"I’ll pay the fine, as long as I can charge it."
3468,470,16,40,165,221,1.3257918552036199,0.040701122520655,687,"I just nailed my Medieval Times audition, officer. Would you consider a warning instead of a ticket?"
3077,470,7,58,156,221,1.3257918552036199,0.035865908006971314,687,"It was an Uber sir, need I say more?"
1272,470,13,46,162,221,1.3257918552036199,0.039155783336340275,687,He thought his Mustang was more powerful than mine.
329,470,13,46,162,221,1.3257918552036199,0.039155783336340275,687,I forgot that you trot on the right here
2720,474,12,47,159,218,1.3256880733944953,0.038979321905748904,687,It was just a few goblets with friends.
1363,475,13,46,163,222,1.3243243243243243,0.03900662283324791,687,There goes my premium.
645,476,13,44,159,216,1.3240740740740742,0.03973285436614495,687,"Officer, before you give me a ticket, you should know that my dad sits at the Round Table."
1228,476,11,48,157,216,1.3240740740740742,0.03863375560062864,687,I got medieval on that taxi.
2569,476,10,50,156,216,1.3240740740740742,0.038072309486988254,687,I LEFT a note.
3181,476,10,50,156,216,1.3240740740740742,0.038072309486988254,687,He clearly put the car before the horse.
3849,476,14,42,160,216,1.3240740740740742,0.04027115640526571,687,"He sounded the jousting horn, I could not refuse a challenge."
1998,481,9,51,154,214,1.3224299065420562,0.03769042489593217,687,"Worthy foes, these Volvos."
2378,481,13,43,158,214,1.3224299065420562,0.03995091994875506,687,But in Camelot you can make a right turn on a Red Knight.
2114,481,11,47,156,214,1.3224299065420562,0.03883712227745343,687,I steal from the rich and give to the Porsche.
1902,481,13,43,158,214,1.3224299065420562,0.03995091994875506,687,I think it was a Bronco.
2663,481,9,51,154,214,1.3224299065420562,0.03769042489593217,687,What was I supposed to do ... just let him merge into my lane without signalling?
292,481,13,43,158,214,1.3224299065420562,0.03995091994875506,687,I’ve been telling the mayor for years that we need a jousters-only lane
180,481,13,43,158,214,1.3224299065420562,0.03995091994875506,687,I bested a Cavalier from the Kingdom of Chevy.
1585,481,7,55,152,214,1.3224299065420562,0.0365077278240914,687,Hey at least I'm done with windmills.
3411,481,9,51,154,214,1.3224299065420562,0.03769042489593217,687,You call it road rage - I call it throwing down the gauntlet.
3756,490,13,45,163,221,1.3212669683257918,0.03906297725305986,687,Put away thy citation pad.  I have slayeth the evil sedan illegally parked in the handicap space.
1689,491,13,42,157,212,1.320754716981132,0.04017217907114822,687,His churlish bumper sticker did inflameth my sense of honor.
3815,491,13,42,157,212,1.320754716981132,0.04017217907114822,687,"Good knight to you, sir.  Thanks for showing me the door."
1310,491,12,44,156,212,1.320754716981132,0.039611781703091216,687,You call this road rage?
2819,491,11,46,155,212,1.320754716981132,0.039043341661060535,687,"For the Crown, Victoria!"
1155,491,19,30,163,212,1.320754716981132,0.04338281112503755,687,"Oh, it's GM. Well, that explains it, because this is only my rubber practice joust . . ."
1104,491,17,34,161,212,1.320754716981132,0.04233966057786231,687,"Quality Control at Tesla constantly evolves, Sir."
1168,491,16,36,160,212,1.320754716981132,0.041808326159002596,687,Who's tilting at windshields?
56,491,13,42,157,212,1.320754716981132,0.04017217907114822,687,Don't drink and joust.
3747,499,12,43,154,209,1.3205741626794258,0.03999031762543965,687,That'll buff out.
3264,499,13,41,155,209,1.3205741626794258,0.04056146112675852,687,I assume I'll see you in court.
3226,499,9,49,151,209,1.3205741626794258,0.0382257194689854,687,"If I’d been on my bicycle, I’d be the dead one."
2961,499,11,45,153,209,1.3205741626794258,0.03941089797035277,687,My fault?!? How is it my fault? I had the light!
2776,499,13,41,155,209,1.3205741626794258,0.04056146112675852,687,He was riding my horse's arse.
2429,499,12,43,154,209,1.3205741626794258,0.03999031762543965,687,I safeguard bike lanes from careless car door openings.
2400,499,9,49,151,209,1.3205741626794258,0.0382257194689854,687,"Sirrah, how sayeth thou; ""Buddy, you're my first ticket for violation of the space/time continuum""?"
2061,499,12,43,154,209,1.3205741626794258,0.03999031762543965,687,You should be asking him why he was driving in the jousting lane!
2243,499,10,47,152,209,1.3205741626794258,0.03882283160558439,687,But they were the one texting!
1880,499,15,37,157,209,1.3205741626794258,0.04168027565462505,687,Do you mind rolling down your window sir?
1552,499,11,45,153,209,1.3205741626794258,0.03941089797035277,687,Late for work. Fifth & 23rd. Double parking Uber driver. Do I have to explain further?
1302,499,13,41,155,209,1.3205741626794258,0.04056146112675852,687,"Sorry, but I didn't get the license plate."
1204,499,15,37,157,209,1.3205741626794258,0.04168027565462505,687,"I couldn't dodge, so I charged"
1101,499,11,45,153,209,1.3205741626794258,0.03941089797035277,687,"You see, I thought it said “impale,” not “impala.”"
691,499,10,47,152,209,1.3205741626794258,0.03882283160558439,687,"I forgot my keys, Officer."
257,499,14,39,156,209,1.3205741626794258,0.041124673295863834,687,Elon claimed it was lance-proof.
189,499,11,45,153,209,1.3205741626794258,0.03941089797035277,687,Wait. I get doored and you're writing me the ticket?
1966,499,13,41,155,209,1.3205741626794258,0.04056146112675852,687,Do you have any idea how hard it is to hail a cab in this city?
1005,517,11,44,152,207,1.318840579710145,0.03962576498768223,687,"Yeah, just one lousy horsepower and I blew his doors off..."
1536,517,10,46,151,207,1.318840579710145,0.03902946496653039,687,It was a Mitsubishi Lancer.
602,519,11,43,151,205,1.3170731707317074,0.03984374186994646,687,"Officer, there is no way my insurance expired 600 years ago."
1342,519,10,45,150,205,1.3170731707317074,0.03923900812389481,687,"But officer, it was a Jaguar."
1540,521,14,36,153,203,1.3152709359605912,0.041851115613901285,687,It's the last time that Yellow cabbie says we Checkers always run late...
3813,521,10,44,149,203,1.3152709359605912,0.039451520593792325,687,We had both blinkers on.
1537,521,13,38,152,203,1.3152709359605912,0.0412643008893487,687,"Well, no windmills were in the vicinity, so . . ."
3293,521,13,38,152,203,1.3152709359605912,0.0412643008893487,687,Joust and run?
857,521,15,34,154,203,1.3152709359605912,0.042429815323302554,687,How much do you think we'll get paid to be in this Allstate insurance commercial?
290,521,11,42,150,203,1.3152709359605912,0.04006489520021047,687,"With all due respect, officer, you are citing the wrong Mustang."
1142,521,13,38,152,203,1.3152709359605912,0.0412643008893487,687,Last name? Lance a lot.
545,528,11,41,149,201,1.3134328358208955,0.04028929321597582,687,"Oh come on, like you've never made this mistake before?!"
1169,528,14,35,152,201,1.3134328358208955,0.04210084178714433,687,"Yes, officer, I am Sir Lance-a-Lot."
1179,528,14,35,152,201,1.3134328358208955,0.04210084178714433,687,Listen officer! This could have happened to anyone!
2623,528,17,29,155,201,1.3134328358208955,0.043837593575941664,687,"It was OJ’s Bronco.
Fair duel officer."
3650,528,13,37,151,201,1.3134328358208955,0.04150577833754071,687,The foul vehicle turneth with no signal.
3776,533,12,38,149,199,1.3115577889447236,0.04113862670178683,687,I figured he wanted to joust since he was riding a mustang.
3733,533,13,36,150,199,1.3115577889447236,0.041750993420967386,687,Perhaps I misunderstood. I thought they said ‘varlet’ parking.
3549,533,9,44,146,199,1.3115577889447236,0.03924423617198946,687,I had to. It was a Dodge Charger
3263,533,9,44,146,199,1.3115577889447236,0.03924423617198946,687,Where I come from we ride and drive on the LEFT.
2407,533,13,36,150,199,1.3115577889447236,0.041750993420967386,687,I was forced to defend my honor when he displayed his middle finger.
2003,533,11,40,148,199,1.3115577889447236,0.0405170058392803,687,The license plate would’ve been more helpful
3042,533,12,38,149,199,1.3115577889447236,0.04113862670178683,687,"Didn’t someone shout, “Pick-a-door?”"
1182,533,10,42,147,199,1.3115577889447236,0.03988569815675263,687,"Officer, you're just not gonna' believe how this happened."
952,533,10,42,147,199,1.3115577889447236,0.03988569815675263,687,"You say Chevrolet, I say Chivalry"
179,533,11,40,148,199,1.3115577889447236,0.0405170058392803,687,It’s his fault.  He said his Tesla was charging.
94,533,15,32,152,199,1.3115577889447236,0.04294954180308621,687,I thought it was an armored car.
1590,533,13,36,150,199,1.3115577889447236,0.041750993420967386,687,Did I not possess the droit-of-way?
3854,545,6,49,141,196,1.3112244897959184,0.03759352757597612,687,It got away but I wounded it.
3073,545,8,45,143,196,1.3112244897959184,0.038960628371730185,687,I had the light.
1791,545,11,39,146,196,1.3112244897959184,0.04092574293023467,687,Show me where it says it’s illegal.
1722,545,9,43,144,196,1.3112244897959184,0.03962649602068372,687,"But officer, I have defeated the 200-horsepower."
1435,545,12,37,147,196,1.3112244897959184,0.041560137850455314,687,"I'd say 5'6"", white, maybe... 3000 pounds?"
867,545,13,35,148,196,1.3112244897959184,0.04218499356294894,687,Plymouth Valiant was a formidable opponent.
129,545,14,33,149,196,1.3112244897959184,0.04280072786370856,687,"What did it look like?  Well to start with, it's a three door."
1201,545,8,45,143,196,1.3112244897959184,0.038960628371730185,687,The light was definitely yellow.
3884,553,9,45,149,203,1.3103448275862069,0.038710710923157816,687,"No worries officer, I have full coverage"""
3299,554,10,41,146,197,1.3096446700507614,0.04010748893118153,687,"She said, a true knight always opens the car door for a lady."
2198,555,10,40,144,194,1.309278350515464,0.040509580260298376,687,"Then I said, ""Sally, I think you better slow your Mustang down!"""
3399,555,13,34,147,194,1.309278350515464,0.04244141777643118,687,"Knight 1, Uber 0"
2980,555,10,40,144,194,1.309278350515464,0.040509580260298376,687,"I had the light, officer."
2572,555,6,48,140,194,1.309278350515464,0.037780448552854326,687,I won this in fair combat against a heavily armed opponent.
2288,555,10,40,144,194,1.309278350515464,0.040509580260298376,687,Thy knave parked in my employee of the month spot.
2187,555,15,30,149,194,1.309278350515464,0.043681870872009476,687,"I was aiming for the drivers hamburger...
But at the last minute he hit a pothole..."
1725,555,12,36,146,194,1.309278350515464,0.04180739160568257,687,I lanced an oxymoron. It was a Dodge Ram Charger.
1720,555,9,42,143,194,1.309278350515464,0.0398448257978735,687,It was like this when I got here.
1703,555,9,42,143,194,1.309278350515464,0.0398448257978735,687,"No sir, I don't have any weapons."
1673,555,11,38,145,194,1.309278350515464,0.04116360094632425,687,They should have parked in the Renaissance Festival Parking Lot
615,555,10,40,144,194,1.309278350515464,0.040509580260298376,687,"It's not your first hit and run, is it?"
2835,566,11,41,153,205,1.3073170731707318,0.03961768042615832,687,"I said, ""You call that a shield?  I think not."""
2774,567,8,43,142,193,1.305699481865285,0.03920757148503059,687,At least I didn't run through the stop sign.
2604,567,10,39,144,193,1.305699481865285,0.04056079873536575,687,I’m going to let you off with a warning this time.
2852,567,13,33,147,193,1.305699481865285,0.0425099458067926,687,"Yeah, fine, squad cars are better... I'll go change back into my uniform."
1827,567,14,31,148,193,1.305699481865285,0.04314009571900572,687,Never bring a Tesla to a lance fight
572,567,12,35,146,193,1.305699481865285,0.04187031318664707,687,"But officer, Elon said it was lance-proof!"
2332,567,7,45,141,193,1.305699481865285,0.03851313146973707,687,It's much safer than cycling.
1972,573,7,44,139,190,1.305263157894737,0.03888402052428808,687,The fair maiden asked for me to get her door
3914,573,13,32,145,190,1.305263157894737,0.04296668252675139,687,"Mustang? No, it was definitely a dragon."
3891,573,8,42,140,190,1.305263157894737,0.03959370966037603,687,Do you have to start a crusade over this?
3866,573,10,38,142,190,1.305263157894737,0.0409762300577292,687,Its not my fault Mitsubishi put forward an inferior Lancer.
3743,573,11,36,143,190,1.305263157894737,0.0416502847803091,687,This Mustang was no match for my gallant steed.
3008,573,10,38,142,190,1.305263157894737,0.0409762300577292,687,Tesla said it was indestructable!
2553,573,9,40,141,190,1.305263157894737,0.04029090017866382,687,Tesla said it was joust-proof.
2480,573,9,40,141,190,1.305263157894737,0.04029090017866382,687,"So, this isn't what you call a shish cab-ob?"
2091,573,10,38,142,190,1.305263157894737,0.0409762300577292,687,"AW, c'mon .. it's joust a door."
1699,573,7,44,139,190,1.305263157894737,0.03888402052428808,687,There is NO way there is a law against this...
1652,573,10,38,142,190,1.305263157894737,0.0409762300577292,687,Tis for my fair meter maiden.
1634,573,7,44,139,190,1.305263157894737,0.03888402052428808,687,"Yep, you nailed it. 1974 Chevy Impale-a."
1577,573,10,38,142,190,1.305263157894737,0.0409762300577292,687,What do you mean it's not Impala season?
1469,573,9,40,141,190,1.305263157894737,0.04029090017866382,687,Do you not open doors for your women anymore?
1418,573,13,32,145,190,1.305263157894737,0.04296668252675139,687,"Hey,bub,that'll be $80 for tilting at windshields!"
1382,573,12,34,144,190,1.305263157894737,0.04231360318878251,687,Is signaling a left turn too much to ask?
1284,573,8,42,140,190,1.305263157894737,0.03959370966037603,687,"""But I was told I'd have the afternoon to poke around the city!"
931,573,11,36,143,190,1.305263157894737,0.0416502847803091,687,We had different conceptions of horse-power
481,573,10,38,142,190,1.305263157894737,0.0409762300577292,687,"I thought you were going for the Coup de Grace, not the Coup de Ville..."
396,573,12,34,144,190,1.305263157894737,0.04231360318878251,687,"T’was all in good fun, Constable — merry marketing with Sir Elon of Musk."
2699,593,10,37,141,188,1.303191489361702,0.04121480114589821,687,"I was in the wrong place, in the wrong time!"
3148,593,8,41,139,188,1.303191489361702,0.039810567022161104,687,"His name was Chevrolet, my lord."
3462,593,11,35,142,188,1.303191489361702,0.041899273584764064,687,He thought it'd be a disadvantage to only have one horsepower.
3478,593,8,41,139,188,1.303191489361702,0.039810567022161104,687,"After all, its name was Dodge Challenger."
3892,593,10,37,141,188,1.303191489361702,0.04121480114589821,687,"I know... that's reckless impalement, and jousting while impaired."
3615,593,10,37,141,188,1.303191489361702,0.04121480114589821,687,"Yeah, whatever, but I did win right?"
3785,593,11,35,142,188,1.303191489361702,0.041899273584764064,687,She saw a carrot in the cup holder.
3864,593,9,39,140,188,1.303191489361702,0.04051876775101826,687,It happened at Medieval Times Square.
2583,593,10,37,141,188,1.303191489361702,0.04121480114589821,687,"Now, joust a minute officer."
3482,593,7,43,138,188,1.303191489361702,0.03908953764360747,687,"Officer, I believe I got my point across!"
2403,593,10,37,141,188,1.303191489361702,0.04121480114589821,687,Tesla's going to want to tweak their AutoJousting feature.
328,593,11,35,142,188,1.303191489361702,0.041899273584764064,687,"I’m sorry officer, but I can’t roll down the widow."
2232,593,10,37,141,188,1.303191489361702,0.04121480114589821,687,"A piece of the offending vehicle, my liege."
2145,593,13,31,144,188,1.303191489361702,0.04323572265847836,687,"He had it coming, officer.
I told him that if he dared to park in my spot again, I’d get medieval on his car."
2134,593,9,39,140,188,1.303191489361702,0.04051876775101826,687,"Officer, I was just signaling a turn!"
1922,593,10,37,141,188,1.303191489361702,0.04121480114589821,687,It was a Challenger.
1616,593,11,35,142,188,1.303191489361702,0.041899273584764064,687,How about I give you a free door and we pretend like this never happened.
1415,593,13,31,144,188,1.303191489361702,0.04323572265847836,687,The bicycle couriers will happily pay my fines.
1383,593,9,39,140,188,1.303191489361702,0.04051876775101826,687,"Oops! First day working Valet Service at ""Medieval Times""."
992,593,11,35,142,188,1.303191489361702,0.041899273584764064,687,"Sorry, but I've always hated Plymouth Valiants."
151,593,11,35,142,188,1.303191489361702,0.041899273584764064,687,And I maintain that at a four-way stop a knight always has the right of way.
2296,593,8,41,139,188,1.303191489361702,0.039810567022161104,687,"There I was, minding my own business charging down 5th Avenue in the jousting lane, and this guy that was parked just suddenly opened the door without looking. I could've been seriously hurt!"
2444,615,15,26,144,185,1.3027027027027027,0.04503838572005188,687,"It's not what you think, officer. Just another failed test of the Tesla Cybertruck armor."
2570,615,12,32,141,185,1.3027027027027027,0.04303711152629429,687,"Well, Officer, I was at this Renaissance Faire, and this Edsel was coming right at me, it was all I could do to avoid that hideous front grill."
2668,615,11,34,140,185,1.3027027027027027,0.04234900898422771,687,I had no choice. It attacked me out of a herd of them on the 405.
2829,615,9,38,138,185,1.3027027027027027,0.040938120972819604,687,"I think you'll be able to find him, officer, it's a late model sedan with one door missing."
2839,615,8,40,137,185,1.3027027027027027,0.040214118692378654,687,If only Dulcinea could see me now.
3414,615,12,32,141,185,1.3027027027027027,0.04303711152629429,687,"He said, “Duel airbags.”"
3783,615,11,34,140,185,1.3027027027027027,0.04234900898422771,687,"In my defense, it was knight time."
2994,615,8,40,137,185,1.3027027027027027,0.040214118692378654,687,It was joust an accident.
3348,615,9,38,138,185,1.3027027027027027,0.040938120972819604,687,"So, what gave me away?"""
2414,615,13,30,142,185,1.3027027027027027,0.04371438407557844,687,Chivalry really is dead. You get the door for a lady and she calls the cops!
2952,615,11,34,140,185,1.3027027027027027,0.04234900898422771,687,I locked myself out.
2268,615,12,32,141,185,1.3027027027027027,0.04303711152629429,687,"But officer, my opponent was riding a Mustang"
956,615,10,36,139,185,1.3027027027027027,0.0416495396777168,687,And don't call me 'Shirley'...
2045,615,12,32,141,185,1.3027027027027027,0.04303711152629429,687,"My good man, how was I to know that ""Fighting for a parking spot"" was just an expression?"
2097,615,9,38,138,185,1.3027027027027027,0.040938120972819604,687,Yes. I won the door prize at the latest jousting games.
482,615,15,26,144,185,1.3027027027027027,0.04503838572005188,687,"Through my visor, noble sir, I read not 'car lot' but 'Camelot'."
751,615,5,46,134,185,1.3027027027027027,0.03795934828817847,687,"I'm just a Middle Aged road warrior, officer."
974,615,13,30,142,185,1.3027027027027027,0.04371438407557844,687,"Horseman 1, Horseless Carriage 0"
174,615,10,36,139,185,1.3027027027027027,0.0416495396777168,687,I don't have the registration. It's a rental.
1716,615,6,44,135,185,1.3027027027027027,0.0387255281312435,687,"In my defense, he opened the door into the horse lane"
1944,615,8,40,137,185,1.3027027027027027,0.040214118692378654,687,I had no choice. The monster was eating citizens.
1984,615,9,38,138,185,1.3027027027027027,0.040938120972819604,687,This was my quest: to follow that car.
2042,615,11,34,140,185,1.3027027027027027,0.04234900898422771,687,"And I say to you Sir, will this not teacheth he who looketh not in the side view mirror!"
1559,615,9,38,138,185,1.3027027027027027,0.040938120972819604,687,Do you have any idea how fast you were going?
406,639,9,38,139,186,1.3010752688172043,0.04074993913921766,687,The guy was double-parked.
1970,639,9,38,139,186,1.3010752688172043,0.04074993913921766,687,'Twas the Charger ridden by my foe
3096,641,9,37,137,183,1.3005464480874316,0.04117631189601676,687,I'm more accurate with a Narwal Tusk.
3950,641,10,35,138,183,1.3005464480874316,0.04189913963001103,687,"Quite simply, we are tired of Uber taking our customers."
3904,641,14,27,142,183,1.3005464480874316,0.0446736484210054,687,Would you have let me off with a warning if I were a black knight?
3459,641,11,33,139,183,1.3005464480874316,0.042609707134786436,687,I always fight for the passenger's side
3349,641,12,31,140,183,1.3005464480874316,0.04330861787784712,687,I just tried to give the guy directions
3046,641,11,33,139,183,1.3005464480874316,0.042609707134786436,687,"But officer, it was a Charger."
3969,641,13,29,141,183,1.3005464480874316,0.04399642738753328,687,It all started with an argument over horsepower.
2162,641,9,37,137,183,1.3005464480874316,0.04117631189601676,687,I only glanced down for a fraction of a second to put quill to parchment.
778,641,7,41,135,183,1.3005464480874316,0.03969118517509691,687,"Don’t worry, my insurance provider will be here in a fortnight"
649,641,10,35,138,183,1.3005464480874316,0.04189913963001103,687,"Obviously, sir, a clear cut case of obstruction of joustice"
408,641,10,35,138,183,1.3005464480874316,0.04189913963001103,687,"Citizen’s arrest, Sire."
266,641,7,41,135,183,1.3005464480874316,0.03969118517509691,687,This is why you don't open doors in the joust lane.
84,641,7,41,135,183,1.3005464480874316,0.03969118517509691,687,Your hamlet is safe from the mighty Firebird of Pontiac good sir.”
2639,641,8,39,136,183,1.3005464480874316,0.04044056652645883,687,"But sir, the Mitsubishi Lancer was coming straight at me"
3964,655,12,29,136,177,1.2994350282485876,0.0442979909536576,687,"First, it was not a hit and run. It was a hit and gallop."
3117,655,9,35,133,177,1.2994350282485876,0.04206789745598183,687,Your tail-light is out.
3007,655,6,41,130,177,1.2994350282485876,0.039712768604111125,687,"Well, it looked like a dragon to me."
2880,655,8,37,132,177,1.2994350282485876,0.04129778033961663,687,My quest is to avenge the urban bicyclist.
1354,655,6,41,130,177,1.2994350282485876,0.039712768604111125,687,I’d like to report a hit and run.
1320,655,8,37,132,177,1.2994350282485876,0.04129778033961663,687,I thought I'd take a stab at it.
3488,661,9,36,136,181,1.298342541436464,0.041418043787826105,687,I thought because it was a Dodge Lancer it would dodge my lance.
2894,661,13,28,140,181,1.298342541436464,0.0442832221956625,687,He tried to park in my spot.
2830,661,8,38,135,181,1.298342541436464,0.040670222485317764,687,"Officer, he claimed to have more horsepower."
3966,661,10,34,137,181,1.298342541436464,0.04215260022128308,687,I did not get his license plate.
2755,661,12,30,139,181,1.298342541436464,0.0435845891781187,687,It happens each time I activate the turn signal.
2272,661,8,38,135,181,1.298342541436464,0.040670222485317764,687,show me the law that prohibits it!
2267,661,12,30,139,181,1.298342541436464,0.0435845891781187,687,He didn't use his blinker.
1023,661,11,32,138,181,1.298342541436464,0.042874573579457884,687,Woe to him who suddenly opens his car door into the bicycling/jousting lane!
1610,661,11,32,138,181,1.298342541436464,0.042874573579457884,687,What’s a Matador?
1523,661,11,32,138,181,1.298342541436464,0.042874573579457884,687,"I had the right-of-way, Officer!"
1423,661,9,36,136,181,1.298342541436464,0.041418043787826105,687,"But officer, the other driver changed centuries without signaling."
922,661,6,42,133,181,1.298342541436464,0.03913172994636423,687,With Real horsepower I defeated the Dodge Challenger
791,661,9,36,136,181,1.298342541436464,0.041418043787826105,687,YEP!  Pulled right out in front of me!
438,661,9,36,136,181,1.298342541436464,0.041418043787826105,687,The GPS said make a hard right turn...
1713,661,11,32,138,181,1.298342541436464,0.042874573579457884,687,"Never mind 'the fair lady's token', you gotta pay the toll."
309,676,9,32,127,168,1.2976190476190477,0.043512322382735856,687,"Sorry officer, it's my middle ages crisis"
3171,677,10,33,136,179,1.2960893854748603,0.0424100041766832,687,’Twas then he sounded the horn of commencement.
2554,677,5,43,131,179,1.2960893854748603,0.03853251822911275,687,Anachronisms are a crime where I come from
2951,677,11,31,137,179,1.2960893854748603,0.04314370351400262,687,"Surely you joust, sire."
1989,677,10,33,136,179,1.2960893854748603,0.0424100041766832,687,"I didn’t realize there were fermented oats in his feed bag until it was too late, officer”."
3061,677,7,39,133,179,1.2960893854748603,0.040128498082443335,687,"I know it's irregular, Officer, but the code of honor clearly states that I should get the door for m’lady."
1495,677,9,35,135,179,1.2960893854748603,0.04166338627174237,687,Yon Plymouth was valiant in defeat.
1256,677,9,35,135,179,1.2960893854748603,0.04166338627174237,687,I'll bet this never happens to St. George.
1899,677,5,43,131,179,1.2960893854748603,0.03853251822911275,687,"I guess we both may have been a ""Little Cavalier"""
2105,685,6,40,131,177,1.2937853107344632,0.039548022598870046,687,It’s the only one missing a driver’s side door.
2124,685,8,36,133,177,1.2937853107344632,0.041139382132651045,687,Methinks I have defeated the dragon in fair combat.
2591,685,11,30,136,177,1.2937853107344632,0.04341719438678202,687,No freelancing allowed!
2730,685,10,32,135,177,1.2937853107344632,0.04267143579763681,687,I jousted my Jetta in jest.
2826,685,10,32,135,177,1.2937853107344632,0.04267143579763681,687,"I left a parchment slip on the dashboard, officer."
2886,685,9,34,134,177,1.2937853107344632,0.041912409828642215,687,We both said “charge” but apparently they had an electric car.
2940,685,10,32,135,177,1.2937853107344632,0.04267143579763681,687,What law have I broken?
2996,685,9,34,134,177,1.2937853107344632,0.041912409828642215,687,He has an affinity for other Mustangs.
3155,685,9,34,134,177,1.2937853107344632,0.041912409828642215,687,I  believe it belongs to Sir Doubleparksalot
3227,685,10,32,135,177,1.2937853107344632,0.04267143579763681,687,Don Quixote meets Elon Musk
3271,685,11,30,136,177,1.2937853107344632,0.04341719438678202,687,...and then I thought “I’ll show her which one of us is more chivalrous!”
3288,685,13,26,138,177,1.2937853107344632,0.04487154375765524,687,"Yellow Cab threw down the gauntlet to Checker Cab, and this is our response."
3304,685,12,28,137,177,1.2937853107344632,0.044150357912562756,687,"Why can't you just yell ""Taxi!"" like everybody else?"
3501,685,9,34,134,177,1.2937853107344632,0.041912409828642215,687,Just doing my part against imports.
3759,685,11,30,136,177,1.2937853107344632,0.04341719438678202,687,He should have known he was parked in the jousting lane.
3829,685,8,36,133,177,1.2937853107344632,0.041139382132651045,687,I just can't stand people texting while driving.
3844,685,6,40,131,177,1.2937853107344632,0.039548022598870046,687,He hath violated the bike lane.
3863,685,9,34,134,177,1.2937853107344632,0.041912409828642215,687,Good sheriff I have slayne the beast.
3870,685,8,36,133,177,1.2937853107344632,0.041139382132651045,687,You're charging me with hit and gallop?
2081,685,10,32,135,177,1.2937853107344632,0.04267143579763681,687,How was I to know the dope would open his door?
2076,685,7,38,132,177,1.2937853107344632,0.04035154801080762,687,"If it makes you feel better, it still has one more wing."
2310,685,8,36,133,177,1.2937853107344632,0.041139382132651045,687,Because road rage is no excuse for unchivalrous behavior.
2040,685,11,30,136,177,1.2937853107344632,0.04341719438678202,687,He was in the drive through lane.
22,685,11,30,136,177,1.2937853107344632,0.04341719438678202,687,I warned him that if he cut me off I’d have to go medieval on him.
211,685,9,34,134,177,1.2937853107344632,0.041912409828642215,687,I saw an opening and took it.
2057,685,9,34,134,177,1.2937853107344632,0.041912409828642215,687,I know - my fault entirely. I should have used the blinkers.
255,685,7,38,132,177,1.2937853107344632,0.04035154801080762,687,Thus didith I slay the Uber!
295,685,11,30,136,177,1.2937853107344632,0.04341719438678202,687,Surely you joust.
559,685,12,28,137,177,1.2937853107344632,0.044150357912562756,687,I joust had one glass of wine with dinner Officer.
612,685,13,26,138,177,1.2937853107344632,0.04487154375765524,687,Elon Musk said it was indestructible!
793,685,12,28,137,177,1.2937853107344632,0.044150357912562756,687,"Thou shalt ticket me not"""
947,685,10,32,135,177,1.2937853107344632,0.04267143579763681,687,"Self defense, officer."
226,685,9,34,134,177,1.2937853107344632,0.041912409828642215,687,"Make haste, good sir. The iron dragon hath only been shorn of his scales."
1223,685,11,30,136,177,1.2937853107344632,0.04341719438678202,687,"Apologies, kind sir, but I have poor knight vision."
1229,685,10,32,135,177,1.2937853107344632,0.04267143579763681,687,Do you know how fast you were going?
1411,685,5,42,130,177,1.2937853107344632,0.03872782921999321,687,"In my defense, sir officer, you Yanks do ride on the wrong side of the road"
1470,685,10,32,135,177,1.2937853107344632,0.04267143579763681,687,Looks like road rage got the best of me again.
1626,685,11,30,136,177,1.2937853107344632,0.04341719438678202,687,American cars still can’t compete
1807,685,9,34,134,177,1.2937853107344632,0.041912409828642215,687,They opened it just as I was passing.
1812,685,10,32,135,177,1.2937853107344632,0.04267143579763681,687,I'm on a quest for the owner!
1878,685,7,38,132,177,1.2937853107344632,0.04035154801080762,687,"Officer, I didn't realize I was in the bicycle lane. I don't even know what a bicycle is."
1990,685,12,28,137,177,1.2937853107344632,0.044150357912562756,687,"But officer, it was a doorbuster sale."
989,685,10,32,135,177,1.2937853107344632,0.04267143579763681,687,"To be fair, it was a Cavalier."
3386,728,7,37,130,174,1.293103448275862,0.04077667834813836,687,"You tell me what it is, Officer."
987,728,8,35,131,174,1.293103448275862,0.0415833892938372,687,"Write me up if you must, but he failed to signal"
319,728,8,35,131,174,1.293103448275862,0.0415833892938372,687,Perhaps you could just redirect me to Medieval Times and we can put this little silliness behind us.
2822,731,7,35,126,168,1.2916666666666667,0.04166666666666666,687,And THAT is when the bicyclist escaped.
2879,731,10,29,129,168,1.2916666666666667,0.04415845456308731,687,He opened his door into the tournament lane.
3010,731,9,31,128,168,1.2916666666666667,0.043343778215224095,687,The windmill incident wasn't enough?
3509,731,11,27,130,168,1.2916666666666667,0.04495837084270246,687,"Well I can't really give a turn signal, can I?"
3607,731,9,31,128,168,1.2916666666666667,0.043343778215224095,687,"Its not stolen property, I won fair and square."
4026,736,12,26,134,172,1.2906976744186047,0.04496440569056973,687,Knight to Buick's left rear door. Check.
3547,736,14,22,136,172,1.2906976744186047,0.046452090277132235,687,"Next time, please limit these demonstrations to your own vehicle Mr. Musk."
3485,736,8,34,130,172,1.2906976744186047,0.04183061026435942,687,"It was pea green, my lord.  I mistook it for a dragon."
3412,736,4,42,126,172,1.2906976744186047,0.038442192069018694,687,It's my first Impala. Now I need to get a Cougar.
3688,736,9,32,131,172,1.2906976744186047,0.04263565891472868,687,Sorry Officer; I left my license and registration in my other suit.
3092,736,10,30,132,172,1.2906976744186047,0.04342578573955151,687,This would be a non-issue if there were more knight lanes.
3186,736,8,34,130,172,1.2906976744186047,0.04183061026435942,687,I locked my keys inside.
2608,736,3,44,125,172,1.2906976744186047,0.0375473391209946,687,"I may have had a mead or two, why?"
2110,736,8,34,130,172,1.2906976744186047,0.04183061026435942,687,"What, you've never seen a door kabob?"
1747,736,8,34,130,172,1.2906976744186047,0.04183061026435942,687,It arrived in the 14th century out of context.
2660,736,11,28,133,172,1.2906976744186047,0.04420179094903042,687,"'Sir Lance a lot.' Good one. I haven't heard that in at least 30 minutes."""
377,736,10,30,132,172,1.2906976744186047,0.04342578573955151,687,"I just had to see for myself.  Bullet-proof perhaps, lance-proof not so much!"
3980,748,10,29,131,170,1.2882352941176471,0.04370441111922959,687,"Connecticut?""
""Yup."
3872,748,10,29,131,170,1.2882352941176471,0.04370441111922959,687,I slayed thee mighty steel dragon with my sword and hold one of its wings to prove it!
3700,748,11,27,132,170,1.2882352941176471,0.04449369838025287,687,"I said 'questing', not 'texting'"""
3524,748,9,31,130,170,1.2882352941176471,0.042900604972475165,687,"Well, there aren’t any windmills in Manhattan."
3493,748,9,31,130,170,1.2882352941176471,0.042900604972475165,687,No it's not a Pierce Arrow. Look more carefully.
3168,748,9,31,130,170,1.2882352941176471,0.042900604972475165,687,He opened the door into traffic and I could not stop on time.
3054,748,10,29,131,170,1.2882352941176471,0.04370441111922959,687,I assume you carry collision
3048,748,6,37,127,170,1.2882352941176471,0.04039332833750554,687,"Not his, but mine, was the better mustang."
3006,748,8,33,129,170,1.2882352941176471,0.04208144796380091,687,"Officer, In my defense; the taxi charged me first."
2463,748,6,37,127,170,1.2882352941176471,0.04039332833750554,687,"Et tu, Tesla?"
2128,748,8,33,129,170,1.2882352941176471,0.04208144796380091,687,I had him in my sight then the time machine kicked in and I'm on 5th Avenue.  What is this thing?
2041,748,8,33,129,170,1.2882352941176471,0.04208144796380091,687,I had no choice.  It was a BMW.
2001,748,6,37,127,170,1.2882352941176471,0.04039332833750554,687,Windmills aren't what they used to be.
1642,748,7,35,128,170,1.2882352941176471,0.04124602548677637,687,So...use your dash Camelot?
993,748,9,31,130,170,1.2882352941176471,0.042900604972475165,687,"""Honest, Officer. I left my driver's license on my other horse."""
2658,748,7,35,128,170,1.2882352941176471,0.04124602548677637,687,"Officer, the Charger pulled out in front of me!"
1359,764,8,32,128,168,1.2857142857142858,0.04233596225370394,687,"Yeah, but he was driving with his headlights off at knight."
3640,764,11,26,131,168,1.2857142857142858,0.04479053134576749,687,'Twas a Mustang of uncommon horse power.
3999,764,6,36,126,168,1.2857142857142858,0.040617258660421936,687,The revolting knight known in this realm as the Pontiac Aztek shall no longer terrorize your poor inhabitants sir!
3574,764,7,34,127,168,1.2857142857142858,0.0414855119351001,687,He doth turn right on red without signalling and stopping first.
2759,764,9,30,129,168,1.2857142857142858,0.043169661793634156,687,But he opened it on a fair maiden in the bike lane.
2696,764,10,28,130,168,1.2857142857142858,0.043987563001449265,687,I'm writing a think piece for The Medieval Times
2235,764,9,30,129,168,1.2857142857142858,0.043169661793634156,687,"Sir, it was a '74 Javelin coming right at me !"
1253,764,6,36,126,168,1.2857142857142858,0.040617258660421936,687,"He cutteth me off, sire, and I don't stand for such malarkey."
861,764,5,38,125,168,1.2857142857142858,0.03973003525870457,687,"The other fellow had a Mustang. Or, maybe a Bronco."
1107,764,7,34,127,168,1.2857142857142858,0.0414855119351001,687,My opponent has a most impressive steed.
842,764,7,34,127,168,1.2857142857142858,0.0414855119351001,687,Chevrolet?! I swear he said chevalier!
841,764,8,32,128,168,1.2857142857142858,0.04233596225370394,687,"You have your knight stick, and I have mine."
695,764,10,28,130,168,1.2857142857142858,0.043987563001449265,687,"Sure pal, but you still gotta trot on down to City Hall to apply for a medallion."
184,764,5,38,125,168,1.2857142857142858,0.03973003525870457,687,"Strange beast... when I pierced it, it sped away, and smoke erupted from its posterior..."
1170,764,7,34,127,168,1.2857142857142858,0.0414855119351001,687,"(shivery is not dead)""The lady asked me to hold the door for her."""
3784,779,9,29,127,165,1.284848484848485,0.0436728926515564,687,"Sir, I won't ask again. Put the weapon down and open the door."
3778,779,8,31,126,165,1.284848484848485,0.04281835730789982,687,"Sorry officer, I really am a knight errant....."
3741,779,10,27,128,165,1.284848484848485,0.044511025404519275,687,I have to ticket you for driving with Knight Blindness
3662,779,11,25,129,165,1.284848484848485,0.04533366533349307,687,Blameth me not for thy shoddy armor.
3634,779,8,31,126,165,1.284848484848485,0.04281835730789982,687,That’s what happens when you bring a Mustang to a Renaissance festival.”
3089,779,5,37,123,165,1.284848484848485,0.04014576232337362,687,"Sorry, but it was a Javelin."
2556,779,7,33,125,165,1.284848484848485,0.04194641692134844,687,He was probably texting.
2330,779,10,27,128,165,1.284848484848485,0.044511025404519275,687,"I'm not quite sure how I got the lance inside the car, either."
1026,779,5,37,123,165,1.284848484848485,0.04014576232337362,687,"So that’s gonna be 1 point for the tournament, but 3 points on you license."
1313,779,8,31,126,165,1.284848484848485,0.04281835730789982,687,"Officer, I just rescued a lady from one of those rideshare cars."
677,779,9,29,127,165,1.284848484848485,0.0436728926515564,687,"Prithee, sire, I have never beheld a knave with such a thick suit of armour."
636,779,11,25,129,165,1.284848484848485,0.04533366533349307,687,"And then I said “Alexa, teach me to dance.”"
628,779,6,35,124,165,1.284848484848485,0.041055962569792416,687,"That’s right officer, no side mirror."
542,779,7,33,125,165,1.284848484848485,0.04194641692134844,687,"'Twas I who killed the electric car, my liege."
3911,779,8,31,126,165,1.284848484848485,0.04281835730789982,687,We wanted to see who had better horsepower
1707,779,9,29,127,165,1.284848484848485,0.0436728926515564,687,"I hail kings, not cabs."
3981,779,11,25,129,165,1.284848484848485,0.04533366533349307,687,"But officer, I let him in and he did not wave."
2580,796,6,35,125,166,1.283132530120482,0.040843949675049215,687,I have slayed the dragon. Here is his odd-looking wing.
1329,796,9,29,128,166,1.283132530120482,0.04344290822955232,687,...and these motorheads think they own the jousting lane too!
2654,796,12,23,131,166,1.283132530120482,0.0458949270162254,687,I am the Thane of Car Door.
2299,799,8,30,125,163,1.2822085889570551,0.04308521634099655,687,"Yes officer, it was a Dodge Charger."
3698,799,9,28,126,163,1.2822085889570551,0.04395538908017317,687,"Joust the facts, sir. All we want are the facts."
359,799,13,20,130,163,1.2822085889570551,0.047276185097204375,687,The Knight was Green.
381,799,6,34,123,163,1.2822085889570551,0.04128989153621762,687,we're a home delivery startup
872,799,9,28,126,163,1.2822085889570551,0.04395538908017317,687,"Sir, can you roll your window down?"
1108,799,7,32,124,163,1.2822085889570551,0.04219710304169643,687,"""Touche, sir."""
1854,799,11,24,128,163,1.2822085889570551,0.04564599602667542,687,1 horse against 120 and I get the ticket?!
1917,799,12,22,129,163,1.2822085889570551,0.04646823985590802,687,"Crusades or Carsades, it’s the same difference buddy. In New York City your horse still needs to wear a diaper."
2216,799,6,34,123,163,1.2822085889570551,0.04128989153621762,687,"I didn't get the license plate of the knight who cut me off, Sir but I got a piece of his horse."
2314,799,7,32,124,163,1.2822085889570551,0.04219710304169643,687,"Sir, vast horsepower differential canst be overwhelmed by superior maneuverability at close quarters."
3072,809,8,35,138,181,1.281767955801105,0.040192078057195144,687,Is it really road rage or just an act of valor?
3846,810,7,31,123,161,1.279503105590062,0.04245126921650158,687,I'm a trainee.  I thought I'd start with something that wouldn't fight back.
3649,810,9,27,125,161,1.279503105590062,0.04424239777857304,687,"I heard that you miss your old Crown Victoria. As you can see, I didn’t."
3416,810,8,29,124,161,1.279503105590062,0.0433560838827112,687,"But Officer, it was running at me so I just tore off a wing."
3376,810,10,25,126,161,1.279503105590062,0.04511130138613028,687,He turned left from the jousting lane.
2789,810,6,33,122,161,1.279503105590062,0.041526744473159696,687,Driving at knight is really dangerous
2724,810,8,29,124,161,1.279503105590062,0.0433560838827112,687,And you're saying the car backed into your lance Sir ?
2530,810,5,35,121,161,1.279503105590062,0.04058116256326702,687,"No, there's no problem here officer"
2424,810,10,25,126,161,1.279503105590062,0.04511130138613028,687,"Well as head waiter, I am required to pursue anyone who leaves without paying their check."
2196,810,6,33,122,161,1.279503105590062,0.041526744473159696,687,It shouldn't take long. Just delivering my latest piece of Art to the Moma and I leave.
1914,810,5,35,121,161,1.279503105590062,0.04058116256326702,687,"Verily, I had no choice. The rogue refused to yield!"
1601,810,10,25,126,161,1.279503105590062,0.04511130138613028,687,You don’t bring a Pinto to a mustang fight.
1562,810,10,25,126,161,1.279503105590062,0.04511130138613028,687,"Sorry, from a distance it looked like a windmill."
361,810,9,27,125,161,1.279503105590062,0.04424239777857304,687,"Sorry officer, the Mustang came at me very quickly, and I panicked."
347,810,7,31,123,161,1.279503105590062,0.04245126921650158,687,I was expecting cavalry not camry.
116,810,7,31,123,161,1.279503105590062,0.04245126921650158,687,"Officer, he questioned my steed’s superior horsepower."
2328,810,9,27,125,161,1.279503105590062,0.04424239777857304,687,"The bandit escaped, but he won't get far on a wounded mustang."
1439,826,9,30,133,172,1.2790697674418605,0.04229117911792285,687,"That guy was double parked in the horse lane, and I get the ticket?"
2411,827,8,28,122,158,1.2784810126582278,0.04387265598158213,687,"My Lord, she was a damsel in distress!  Never have I had to chase down such a foul-smelling dragon in any knightly jousts!"
2565,827,3,38,117,158,1.2784810126582278,0.03900873834746539,687,How fast was I vanquishing?
3022,827,7,30,121,158,1.2784810126582278,0.04294396683813463,687,"But officer, it’s the only way not to get car-doored in the chariot lane"
3071,827,7,30,121,158,1.2784810126582278,0.04294396683813463,687,"But officer, it was a Pierce Arrow"
3326,827,8,28,122,158,1.2784810126582278,0.04387265598158213,687,I thought Sancho said a Volksdragon.
3272,827,8,28,122,158,1.2784810126582278,0.04387265598158213,687,"He came at me with a Javelin"""
3287,827,9,26,123,158,1.2784810126582278,0.04478209014730891,687,I'm still trying to figure out what that thing it was attached to was...
3083,827,10,24,124,158,1.2784810126582278,0.0456734195462213,687,Whatta Knightmare!
2154,827,5,34,119,158,1.2784810126582278,0.04102356612519092,687,"A valiant foe, Sire, of mighty roar and many horses."
639,827,11,22,125,158,1.2784810126582278,0.046547684240234734,687,I was aiming for the olive.
2018,827,5,34,119,158,1.2784810126582278,0.04102356612519092,687,"Well, I do think you’re missing the point, Officer."
1459,827,9,26,123,158,1.2784810126582278,0.04478209014730891,687,What was I supposed to do? His horse was a Ford Bronco.
1163,827,6,32,120,158,1.2784810126582278,0.04199474529880327,687,"Yes, but I won."
1086,827,10,24,124,158,1.2784810126582278,0.0456734195462213,687,It appears to come from a Charger.
856,827,6,32,120,158,1.2784810126582278,0.04199474529880327,687,It was this or yield.
831,827,10,24,124,158,1.2784810126582278,0.0456734195462213,687,"A ticket??! Officer,surely you joust."
2139,827,8,28,122,158,1.2784810126582278,0.04387265598158213,687,"He ran into me, my good man."
111,827,11,22,125,158,1.2784810126582278,0.046547684240234734,687,But that Mustang was coming straight at me!
2306,845,9,22,113,144,1.2777777777777777,0.047718381612441664,687,Drivers act like the joust lane just isn’t there.
4019,846,7,30,122,159,1.2767295597484276,0.0427089520879537,687,I'd like you to know in advance: I am armed.
984,847,7,26,112,145,1.2758620689655173,0.04536226956476118,687,His coupe runneth over.
2338,848,8,27,121,156,1.2756410256410255,0.044157135337534806,687,It was an Edsel.  It had already died.
3295,848,7,29,120,156,1.2756410256410255,0.04321041095938075,687,Would it help if I told you I used to be a mounted police officer?
3143,848,10,23,123,156,1.2756410256410255,0.04599215773471549,687,"Yes, my horse is wearing a tablecloth. officer. Aren't you going to ask me about this car door?"
3075,848,8,27,121,156,1.2756410256410255,0.044157135337534806,687,"Some may say road rage, I'd say valor achieved."
2975,848,8,27,121,156,1.2756410256410255,0.044157135337534806,687,"He lies. He did not check his rearview mirror because there is no rearview mirror, sirrah!"
2903,848,6,31,119,156,1.2756410256410255,0.04224247423316703,687,"...an older model Lancer, yes."
2889,848,5,33,118,156,1.2756410256410255,0.04125183200054257,687,"No, I didn't get the license plate."
2435,848,7,29,120,156,1.2756410256410255,0.04321041095938075,687,"Yes, I captured the door of a Nissan. Now I must complete my Quest."
3689,848,9,25,122,156,1.2756410256410255,0.04508398370991806,687,I know nothing of this term Road Rage you speaketh of.
2215,848,4,35,117,156,1.2756410256410255,0.040236807247372344,687,Can't we just call this performance art and I'll be on my way?
3328,848,9,25,122,156,1.2756410256410255,0.04508398370991806,687,"Sorry, Officer. Horse rage."
1688,848,7,29,120,156,1.2756410256410255,0.04321041095938075,687,It's part of the 2019 Lancer door recall.
1704,848,7,29,120,156,1.2756410256410255,0.04321041095938075,687,"Verily, I bested the Knight Rider."
8,848,8,27,121,156,1.2756410256410255,0.044157135337534806,687,"You wouldn’t know where I parked the rest of it, would you?"
302,848,7,29,120,156,1.2756410256410255,0.04321041095938075,687,He failed to yield.
620,848,9,25,122,156,1.2756410256410255,0.04508398370991806,687,"You will write this down, Officer Sancho Panza, ‘No swerving into my Master’s lane.’"
81,848,9,25,122,156,1.2756410256410255,0.04508398370991806,687,Well for starters you were jousting on the wrong side of the road.
692,848,8,27,121,156,1.2756410256410255,0.044157135337534806,687,...astride a white  Dodge  Charger.
827,848,7,29,120,156,1.2756410256410255,0.04321041095938075,687,I am one of Vlad the Impounder's interns. How did you know?
846,848,6,31,119,156,1.2756410256410255,0.04224247423316703,687,"Oh, this? It’s nothing. Just a misunderstanding about a parking spot."
969,848,8,27,121,156,1.2756410256410255,0.044157135337534806,687,It was an extraordinarily well armoured pinto.
686,848,7,29,120,156,1.2756410256410255,0.04321041095938075,687,He just came out of nowhere.
2797,870,7,28,119,154,1.2727272727272727,0.04348060933208722,687,I don't know how it happened. You know hard parallel parking can be!
2409,870,6,30,118,154,1.2727272727272727,0.04249330476752751,687,"..and then, as it wailed an unearthly scream, it swung its arm at me as I was about to slay the beast"""
2479,870,9,24,121,154,1.2727272727272727,0.045390838982517376,687,The lesser-known Sir Lance A. ParkingLot.
2541,870,6,30,118,154,1.2727272727272727,0.04249330476752751,687,"Well, it sure beats tilting at windmills..."
2739,870,11,20,123,154,1.2727272727272727,0.04722386196811997,687,"""I was picking up litter, and look what I got."""
2912,870,7,28,119,154,1.2727272727272727,0.04348060933208722,687,"So much for ""Objects in your mirror are closer than they appear."""
3834,870,8,26,120,154,1.2727272727272727,0.044445987734701146,687,'Tis but a flesh wound!
3355,870,7,28,119,154,1.2727272727272727,0.04348060933208722,687,But it was dark. The ‘knight rider’ turned out to be an ‘82 Firebird.
3712,870,7,28,119,154,1.2727272727272727,0.04348060933208722,687,I was protecting a checkered cab.
3762,870,8,26,120,154,1.2727272727272727,0.044445987734701146,687,"Forsooth, let us all rejoice my bike was in the shop, else this ""dooring"" might have done me grievous harm."
2401,870,11,20,123,154,1.2727272727272727,0.04722386196811997,687,So I am going up the East River Drive when this sports car tries to zip past me and he gets tangled up with my weapon.
4032,870,5,32,117,154,1.2727272727272727,0.04148250850951955,687,Nicely done.  But you charged up a one way street
3350,870,7,28,119,154,1.2727272727272727,0.04348060933208722,687,"Hey Bob, it's me, Mike. I got bike path patrol today."
2004,870,8,26,120,154,1.2727272727272727,0.044445987734701146,687,This wouldn't have happened if my horse didn't like to chase cars.
1387,870,5,32,117,154,1.2727272727272727,0.04148250850951955,687,I don't understand.  What's a car?
1424,870,5,32,117,154,1.2727272727272727,0.04148250850951955,687,No Tudor will get in my way!
115,870,8,26,120,154,1.2727272727272727,0.044445987734701146,687,That’s right officer. He said his armored steed was a Mustang.
227,870,10,22,122,154,1.2727272727272727,0.0463164193495183,687,The driver really said I was black?
391,870,7,28,119,154,1.2727272727272727,0.04348060933208722,687,I'm surprised it caught up to the Mustang.
1487,870,8,26,120,154,1.2727272727272727,0.044445987734701146,687,"What do you mean ""does your horse have insurance?"""
485,870,10,22,122,154,1.2727272727272727,0.0463164193495183,687,I didn't see a sign telling me not to do it.
541,870,7,28,119,154,1.2727272727272727,0.04348060933208722,687,Can’t you just take a photo instead? My arm is getting tired.
394,870,6,30,118,154,1.2727272727272727,0.04249330476752751,687,"I thought it was my nemesis, the Earl of Buick."
660,870,4,34,116,154,1.2727272727272727,0.040446459355779806,687,Sir.  A most heavily armored steed.  I have not encountered its equal.
754,870,7,28,119,154,1.2727272727272727,0.04348060933208722,687,Thus endeth all hindrance before me.
891,870,9,24,121,154,1.2727272727272727,0.045390838982517376,687,"It was coming toward me, like fast."
1379,870,11,20,123,154,1.2727272727272727,0.04722386196811997,687,"Sir(e), in this city you are supposed to ""hail"" a cab, not ""nail"" a cab"
547,870,8,26,120,154,1.2727272727272727,0.044445987734701146,687,But Sir! They're getting away!
1768,898,7,27,117,151,1.271523178807947,0.04400860324724808,687,"Luckily, I’ve got full coverage."
3721,898,9,23,119,151,1.271523178807947,0.04597126930241102,687,...Well I've never actually seen a dragon before...
3103,898,5,31,115,151,1.271523178807947,0.04195422169785289,687,You should have heard the air bag go off!
3086,898,8,25,118,151,1.271523178807947,0.04500063755686408,687,I wish to report that chivalry is dead.
2929,898,4,33,114,151,1.271523178807947,0.04088834182896194,687,But it was double-parked.
1981,898,6,29,116,151,1.271523178807947,0.04299368487374794,687,But you just let the guy with the narwhal tusk off with a warning.
1417,898,7,27,117,151,1.271523178807947,0.04400860324724808,687,I gladly accept your citation for my defeat of the Steel Knight.
134,898,8,25,118,151,1.271523178807947,0.04500063755686408,687,"But officer, this one will never again bother anyone."
738,898,6,29,116,151,1.271523178807947,0.04299368487374794,687,"I was in the jousting lane, officer!"
409,898,7,27,117,151,1.271523178807947,0.04400860324724808,687,"Don't give me a DUI Officer! I can't do the straight walk test because Knights can only move in an ""L"" shape."
195,898,7,27,117,151,1.271523178807947,0.04400860324724808,687,"Door-ing!? In my day, we called it door-ing do."
811,898,7,27,117,151,1.271523178807947,0.04400860324724808,687,What did I win?
80,898,6,29,116,151,1.271523178807947,0.04299368487374794,687,"It's OK, I'm insured for this."
61,898,7,27,117,151,1.271523178807947,0.04400860324724808,687,"Just ONE chalice of mead, officer.”"
412,912,5,31,116,152,1.269736842105263,0.041715557772473454,687,I don’t know how it got there...
603,912,6,29,117,152,1.269736842105263,0.04274723541948937,687,Don't blame me.  Blame my forward collision sensor.
684,912,4,33,115,152,1.269736842105263,0.04065771002562606,687,"After a while, one Charger looks much like another."
2370,912,5,31,116,152,1.269736842105263,0.041715557772473454,687,Officer.  I had the knight-of-way!
2768,916,5,29,111,145,1.2689655172413794,0.04294607285579174,687,First time to the city
2302,916,7,25,113,145,1.2689655172413794,0.04512134810664488,687,But I always win by aiming at their blind spot.
2988,918,8,24,117,149,1.2684563758389262,0.045304532650593456,687,City parking . . . . .you do what you have to do
2152,918,5,30,114,149,1.2684563758389262,0.04219498209487799,687,"Officer, the real danger is that the airbag didn’t deploy."
2259,918,5,30,114,149,1.2684563758389262,0.04219498209487799,687,Can you really blame me? It said ‘Lancer’ right on it!
2275,918,4,32,113,149,1.2684563758389262,0.04110622571362967,687,"Sorry, I misread what the guy said about his car needing to be charged."
2341,918,10,20,119,149,1.2684563758389262,0.04726404682021101,687,"I'm sorry officer, but I go nuts when I see drivers on their cellphones."
2406,918,7,26,116,149,1.2684563758389262,0.04429227875286486,687,"When they gave me my lance, your door was already on it."
2671,918,9,22,118,149,1.2684563758389262,0.04629465844194008,687,"Yes, Officer. He was driving a Mustang."
2106,918,5,30,114,149,1.2684563758389262,0.04219498209487799,687,"With all due respect, Sire, I doth not have a blinker."
2734,918,8,24,117,149,1.2684563758389262,0.045304532650593456,687,Auto Correct.
2750,918,4,32,113,149,1.2684563758389262,0.04110622571362967,687,"Vandalism? No sir, this is a car door."
3134,918,8,24,117,149,1.2684563758389262,0.045304532650593456,687,"It must have been a Dodge Lancer. As you can see, it wasn't a lance dodger!"
3397,918,5,30,114,149,1.2684563758389262,0.04219498209487799,687,In the long arc of history this thing just appeared out of nowhere.
3234,918,6,28,115,149,1.2684563758389262,0.04325634329846062,687,I’d to report an accident in the space-time continuum.
3235,918,7,26,116,149,1.2684563758389262,0.04429227875286486,687,"I was riding along in the horse lane, Officer, minding my own business, when this jerk suddenly opened his door!"
3994,918,9,22,118,149,1.2684563758389262,0.04629465844194008,687,"In all fairness, my good sir, he changed lanes without blinking."
3281,918,5,30,114,149,1.2684563758389262,0.04219498209487799,687,Mayhaps they shall signal the next time.
3588,918,5,30,114,149,1.2684563758389262,0.04219498209487799,687,Now the last checkered cab is gone.
3794,918,8,24,117,149,1.2684563758389262,0.045304532650593456,687,"I'm telling you officer, the wreck wasn't my fault, and it wasn't a t-bone ... more of a shish kabob."
3806,918,6,28,115,149,1.2684563758389262,0.04325634329846062,687,Road rage!?! It was purely a defensive maneuver.
3828,918,7,26,116,149,1.2684563758389262,0.04429227875286486,687,Nay! It was yellow when I entered thy intersection
3937,918,5,30,114,149,1.2684563758389262,0.04219498209487799,687,"I could let the insult to me pass, but when he started in about the horse I rode in on. . . ."
3944,918,6,28,115,149,1.2684563758389262,0.04325634329846062,687,A challenge is a challenge!
2055,918,8,24,117,149,1.2684563758389262,0.045304532650593456,687,"""It's part of the Mayor's Congestion Pricing plan."""
3209,918,6,28,115,149,1.2684563758389262,0.04325634329846062,687,"Are you interested in a plea deal, officer, or do I have to stick it to you too?"
2052,918,7,26,116,149,1.2684563758389262,0.04429227875286486,687,I would have a license plate if I had the whole car.
404,918,3,34,112,149,1.2684563758389262,0.03998783653628519,687,"On the plus side, I did beat them to the parking spot!"
1904,918,7,26,116,149,1.2684563758389262,0.04429227875286486,687,My vision for safer streets is not universally shared.
14,918,7,26,116,149,1.2684563758389262,0.04429227875286486,687,"OK, but where do I find a windmill in New York?"
38,918,9,22,118,149,1.2684563758389262,0.04629465844194008,687,"It’s not a door, it’s a jar."
71,918,9,22,118,149,1.2684563758389262,0.04629465844194008,687,I totally had the right of way.
158,918,9,22,118,149,1.2684563758389262,0.04629465844194008,687,They don’t call me sir lance a lot for nothin’
161,918,7,26,116,149,1.2684563758389262,0.04429227875286486,687,"Sorry Officer, the rest of it got away"
170,918,4,32,113,149,1.2684563758389262,0.04110622571362967,687,I guess a verbal warning is out of the question?
303,918,3,34,112,149,1.2684563758389262,0.03998783653628519,687,I guess I don't know my own horsepower.
365,918,8,24,117,149,1.2684563758389262,0.045304532650593456,687,It came out of nowhere! What is it?
469,918,8,24,117,149,1.2684563758389262,0.045304532650593456,687,His armor was good but his lance left a lot to be desired.
651,918,7,26,116,149,1.2684563758389262,0.04429227875286486,687,Again?!
699,918,6,28,115,149,1.2684563758389262,0.04325634329846062,687,"But officer, I had the knight of way!"
1282,918,7,26,116,149,1.2684563758389262,0.04429227875286486,687,Do you really need to sketch the scene as you saw it?
1343,918,7,26,116,149,1.2684563758389262,0.04429227875286486,687,"When he saw the damage he had done to my lance, he jumped back in his car and sped off!"
1371,918,5,30,114,149,1.2684563758389262,0.04219498209487799,687,It was a Cavalier.
1578,918,6,28,115,149,1.2684563758389262,0.04325634329846062,687,You’re trying to tell me you won the door prize?
1607,918,9,22,118,149,1.2684563758389262,0.04629465844194008,687,"Officer, I hath slain the dreadful Pinto."
1609,918,6,28,115,149,1.2684563758389262,0.04325634329846062,687,"Feudal versus Ferrari, Officer, and Feudal wins."
1681,918,5,30,114,149,1.2684563758389262,0.04219498209487799,687,You may note that I have now won.
1739,918,8,24,117,149,1.2684563758389262,0.045304532650593456,687,So is the ticket for me or my trusty steed?
1784,918,6,28,115,149,1.2684563758389262,0.04325634329846062,687,"What do you mean, ""texting?"""
1875,918,8,24,117,149,1.2684563758389262,0.045304532650593456,687,Officer...do you know where I can find the car that belongs to this door?
1234,918,6,28,115,149,1.2684563758389262,0.04325634329846062,687,But the sign on the beast said 'Charger'.
2022,918,7,26,116,149,1.2684563758389262,0.04429227875286486,687,"I
“I’d say we’re doing pretty well, considering it was just the two of us against 600 horses!”"
2772,968,4,32,114,150,1.2666666666666666,0.040870468891880944,687,"Don't worry, it was driverless."
2069,968,8,24,118,150,1.2666666666666666,0.04503706320236822,687,He got away but I winged him.
206,970,7,25,115,147,1.2653061224489797,0.044579994213738955,687,Those tourists from across the pond are always driving on the wrong side of the road.
3663,970,7,25,115,147,1.2653061224489797,0.044579994213738955,687,"A man was being eaten by this thing, so I speared it to save the man."
3415,970,6,27,114,147,1.2653061224489797,0.04352226928804891,687,I saw Dodge Charger coming at me so I had to defend myself.
3150,970,7,25,115,147,1.2653061224489797,0.044579994213738955,687,He lost
2917,970,10,19,118,147,1.2653061224489797,0.04761239087090311,687,"Tell you what, I will write it up as just a missing taillight."
2838,970,3,33,111,147,1.2653061224489797,0.04018238474300383,687,Impaneled!
2831,970,7,25,115,147,1.2653061224489797,0.044579994213738955,687,Would you consider giving me a warning?
2757,970,11,17,119,147,1.2653061224489797,0.04858114577240034,687,He cut me in the Popeye's drive-thru line when I was waiting for a chicken sandwich
2607,970,5,29,113,147,1.2653061224489797,0.04243818992211959,687,So you opened the door for The Lady and you haven't seen her since?
2375,970,8,23,116,147,1.2653061224489797,0.04561319813620343,687,"Well, officer, you can call it road rage but I call it asserting my right-of-way."
2201,970,7,25,115,147,1.2653061224489797,0.044579994213738955,687,The varlet was in the left lane forever.
2044,970,5,29,113,147,1.2653061224489797,0.04243818992211959,687,I guess you've never been a bike messenger...
1993,970,8,23,116,147,1.2653061224489797,0.04561319813620343,687,You're next if you persist sir.
1646,970,5,29,113,147,1.2653061224489797,0.04243818992211959,687,"But officer, you see, the car was charging."
1473,970,7,25,115,147,1.2653061224489797,0.044579994213738955,687,All I'm saying is people shouldn't only be looking for bikes when getting out of their car.
1319,970,5,29,113,147,1.2653061224489797,0.04243818992211959,687,I am I Don Quixote the Lord of LaMazda!
1258,970,5,29,113,147,1.2653061224489797,0.04243818992211959,687,Failure to yield.
1252,970,9,21,117,147,1.2653061224489797,0.04662351128270054,687,"You try putting a taillight on her, officer."
414,970,11,17,119,147,1.2653061224489797,0.04858114577240034,687,"Haven't you ever played chess, Officer? Knights have to move in an ""L"" shape."
388,970,6,27,114,147,1.2653061224489797,0.04352226928804891,687,"Oops, my bad!!"
233,970,10,19,118,147,1.2653061224489797,0.04761239087090311,687,Dispute thee not my right of way.
3686,970,6,27,114,147,1.2653061224489797,0.04352226928804891,687,The guy tried to take my space.
3851,992,9,20,115,144,1.2638888888888888,0.04724963782078061,687,These self-driving cars don't seem advanced to me!
1942,992,3,32,109,144,1.2638888888888888,0.040617455501845,687,Trial by combat proveth the right of way.
446,992,5,28,111,144,1.2638888888888888,0.04294214579750938,687,Merlin.  What a jester thou art.
70,992,5,28,111,144,1.2638888888888888,0.04294214579750938,687,But I was in the jousting lane.
3554,996,6,26,113,145,1.2620689655172415,0.043791444141491366,687,"For future reference, below 14th Street jousting, above 14th Street no jousting?"
3527,996,5,28,112,145,1.2620689655172415,0.04268378075316585,687,It's OK officer. It is from a Dodge Charger.
3481,996,6,26,113,145,1.2620689655172415,0.043791444141491366,687,They obviously don't make armor like they used to!
3211,996,4,30,111,145,1.2620689655172415,0.041546596717075446,687,Then that loutish boil  blew a loud horn from his wagon and called us a rolling manure factory.
3156,996,6,26,113,145,1.2620689655172415,0.043791444141491366,687,Obviously a Challenger.
2861,996,8,22,115,145,1.2620689655172415,0.04592669660691276,687,What makes thee think I was illuminating a manuscript as I rode?
2788,996,7,24,114,145,1.2620689655172415,0.04487177309412216,687,"Twas fair sport, constable! Was their car not a Mitsubishi Lancer?"
2753,996,7,24,114,145,1.2620689655172415,0.04487177309412216,687,"But officer, he was mocking us for having only one horsepower"
2519,996,4,30,111,145,1.2620689655172415,0.041546596717075446,687,He hates using his blinkers.
2448,996,7,24,114,145,1.2620689655172415,0.04487177309412216,687,It had the word “Charger” on the side.
3170,996,6,26,113,145,1.2620689655172415,0.043791444141491366,687,Riding on the left IS right!
2221,996,5,28,112,145,1.2620689655172415,0.04268378075316585,687,Then consider this YOUR warning.
2180,996,8,22,115,145,1.2620689655172415,0.04592669660691276,687,He should have yield.
1954,996,5,28,112,145,1.2620689655172415,0.04268378075316585,687,The Uber doth mock mine taxi steed.
1509,996,7,24,114,145,1.2620689655172415,0.04487177309412216,687,He got away.
463,996,4,30,111,145,1.2620689655172415,0.041546596717075446,687,"Forsooth, Officer, I hath won the contest against the Dodge Lancer."
366,996,7,24,114,145,1.2620689655172415,0.04487177309412216,687,So I swore an oath to protect the bike lanes of this kingdom forevermore.
253,996,7,24,114,145,1.2620689655172415,0.04487177309412216,687,ohhh...you wanted the license plate?
33,996,4,30,111,145,1.2620689655172415,0.041546596717075446,687,"Well, I have a checkered caballero license."
2307,996,5,28,112,145,1.2620689655172415,0.04268378075316585,687,I got the door before it got me.
2560,1016,3,31,108,142,1.2605633802816902,0.04081819458242865,687,What's a car door?
2502,1016,6,25,111,142,1.2605633802816902,0.044337290981409164,687,"Sorry. Officer, my horse made me do it."
2490,1016,5,27,110,142,1.2605633802816902,0.04319612541308653,687,"Sorry officer, I only did it in joust."
2464,1016,5,27,110,142,1.2605633802816902,0.04319612541308653,687,"No, I haven't been drinking tonight. What has you ask?"
2443,1016,4,29,109,142,1.2605633802816902,0.04202398279359126,687,Clash not Accident
2404,1016,3,31,108,142,1.2605633802816902,0.04081819458242865,687,Not everyone loves a parade.
2094,1016,6,25,111,142,1.2605633802816902,0.044337290981409164,687,"I have slain your dragon of steel sir, what be my reward?"
2252,1016,7,23,112,142,1.2605633802816902,0.04544981289771381,687,Yon fair maiden forgot to disengage the kid locks.
2135,1016,5,27,110,142,1.2605633802816902,0.04319612541308653,687,The metal beast would not yield.
2071,1016,6,25,111,142,1.2605633802816902,0.044337290981409164,687,The Emperor tasked us to create an open door policy
2050,1016,4,29,109,142,1.2605633802816902,0.04202398279359126,687,I missed the knight but I disabled his charger.
2610,1016,7,23,112,142,1.2605633802816902,0.04544981289771381,687,"Pray tell, no right on red?"
2360,1016,7,23,112,142,1.2605633802816902,0.04544981289771381,687,"Don't look at me, officer, it's a self-driving horse"
2653,1016,4,29,109,142,1.2605633802816902,0.04202398279359126,687,"Officer, he opened his door while I was trying to pass."
3472,1016,5,27,110,142,1.2605633802816902,0.04319612541308653,687,I'm afraid he escaped.
2837,1016,7,23,112,142,1.2605633802816902,0.04544981289771381,687,True to his name my opponent dodged as he charged yet I still winged his armored steed.
2930,1016,6,25,111,142,1.2605633802816902,0.044337290981409164,687,But officer... thou shall not open a door into oncomith traffic.
3052,1016,3,31,108,142,1.2605633802816902,0.04081819458242865,687,I swear I'll never sally forth in the bike lane again.
3188,1016,6,25,111,142,1.2605633802816902,0.044337290981409164,687,"I was cantering along, well under the limit, when this idiot mustang opened his door right in front of me."
3203,1016,6,25,111,142,1.2605633802816902,0.044337290981409164,687,Sir Uber has been vanquished!
3216,1016,10,17,115,142,1.2605633802816902,0.048634924231855566,687,"I had to stop him, Officer! He was texting."
3346,1016,8,21,113,142,1.2605633802816902,0.04653574554365965,687,I don't know what it is either!
3382,1016,5,27,110,142,1.2605633802816902,0.04319612541308653,687,Now do you believe that we need dedicated jousting lanes?
3422,1016,6,25,111,142,1.2605633802816902,0.044337290981409164,687,How about if I spear you the explanation?
1995,1016,9,19,114,142,1.2605633802816902,0.04759690887201905,687,It's 'Lancelot' with one 't.'
3556,1016,6,25,111,142,1.2605633802816902,0.044337290981409164,687,Is Chevrolet dead?
3702,1016,6,25,111,142,1.2605633802816902,0.044337290981409164,687,"Now that you mention it, ""fetch me a wild bore"" does make more sense."""
3731,1016,6,25,111,142,1.2605633802816902,0.044337290981409164,687,"So then he said, ""You call that 'horsepower'?"""
4025,1016,7,23,112,142,1.2605633802816902,0.04544981289771381,687,Name's Vlad...Vlad the Impala Impaler.
2725,1016,6,25,111,142,1.2605633802816902,0.044337290981409164,687,"Noble Sir, ye may tell tale near and far,
of how I bested the knight of this car."
1928,1016,2,33,107,142,1.2605633802816902,0.03957568556704939,687,"But sir, you simply do not seem to understand. The headless, metal horse charged at me first."
3670,1016,2,33,107,142,1.2605633802816902,0.03957568556704939,687,"OK, this time I'll let you go with joust a warning."
1885,1016,5,27,110,142,1.2605633802816902,0.04319612541308653,687,I didn’t know I was in a non-jousting lane.
63,1016,4,29,109,142,1.2605633802816902,0.04202398279359126,687,He ranneth the red light.
86,1016,3,31,108,142,1.2605633802816902,0.04081819458242865,687,"Well, she’s the one who ran the red light."
95,1016,4,29,109,142,1.2605633802816902,0.04202398279359126,687,"Fortunately, I have Farmers.  They've seen a thing or two. <cue jingle>"
176,1016,6,25,111,142,1.2605633802816902,0.044337290981409164,687,He’s gotta look before opening into the joust lane!
200,1016,4,29,109,142,1.2605633802816902,0.04202398279359126,687,"I speared his shield, but his steed hath carried him away."
217,1016,7,23,112,142,1.2605633802816902,0.04544981289771381,687,"It wasn’t a fair match, about 309 horsepower difference"
327,1016,9,19,114,142,1.2605633802816902,0.04759690887201905,687,He claimethed more horsepower than I.
374,1016,5,27,110,142,1.2605633802816902,0.04319612541308653,687,The don't make windmills like they used to.
527,1016,8,21,113,142,1.2605633802816902,0.04653574554365965,687,Will this ticket result in points affecting my insurance rates ?
551,1016,5,27,110,142,1.2605633802816902,0.04319612541308653,687,It's the 2020 model. Lightweight. German steel/titanium alloy. Perfect holiday gift for law enforcement.
618,1016,8,21,113,142,1.2605633802816902,0.04653574554365965,687,"Well, I didn’t know you couldn’t do that"
696,1016,8,21,113,142,1.2605633802816902,0.04653574554365965,687,I forgot that you drive on the wrong side of the road over here.
744,1016,8,21,113,142,1.2605633802816902,0.04653574554365965,687,I thrust. He parried.
1925,1016,6,25,111,142,1.2605633802816902,0.044337290981409164,687,"Was opening me Lady’s door, sire. Am I not alive, and chival?"
385,1016,9,19,114,142,1.2605633802816902,0.04759690887201905,687,It wasn't my fault.  He didn't use his turn signal.
864,1016,9,19,114,142,1.2605633802816902,0.04759690887201905,687,My steed took offense when the Colt challenged him.
1774,1016,7,23,112,142,1.2605633802816902,0.04544981289771381,687,"We are the Knights who go ""Beep!"""
772,1016,5,27,110,142,1.2605633802816902,0.04319612541308653,687,This belongs to the beast who tried to overpass me on my right.
1711,1016,1,35,106,142,1.2605633802816902,0.038292881417241444,687,He vexed me.
1685,1016,7,23,112,142,1.2605633802816902,0.04544981289771381,687,"You have quite the cavalier attitude about this all, sir."
1633,1016,6,25,111,142,1.2605633802816902,0.044337290981409164,687,"I apologize, officer. He gets skittish around other mustangs."
1519,1016,8,21,113,142,1.2605633802816902,0.04653574554365965,687,This shields sucks
1727,1016,7,23,112,142,1.2605633802816902,0.04544981289771381,687,He didn't look before opening his door.
1341,1016,5,27,110,142,1.2605633802816902,0.04319612541308653,687,"It was a Dodge Charger, license plate JOUSTME."
1502,1016,8,21,113,142,1.2605633802816902,0.04653574554365965,687,Yon cabby sullied my honor!
1285,1016,5,27,110,142,1.2605633802816902,0.04319612541308653,687,Is this what you’re looking for?
1119,1016,10,17,115,142,1.2605633802816902,0.048634924231855566,687,"I thought they said I should ""impale"" a cab!"
1094,1016,6,25,111,142,1.2605633802816902,0.044337290981409164,687,I was charging down my own lane when the door suddenly swung open.
978,1016,6,25,111,142,1.2605633802816902,0.044337290981409164,687,"Ok, Quixote, off the horse and put it down."
1085,1078,4,29,110,143,1.2587412587412588,0.041768837001271146,687,Methinks I lanced your Charger.
2599,1078,7,23,113,143,1.2587412587412588,0.0451676312546647,687,"Yeah, right. 50 mph? Rocinante?! You read too many books, officer."
3781,1080,5,22,97,124,1.2580645161290323,0.047035048593734724,687,We're still working out the kinks on these self-jousting steeds.
3941,1081,8,20,112,140,1.2571428571428571,0.04686626637671682,687,"I tried to give him my insurance information, but for some reason, he just took off."
2976,1081,1,34,105,140,1.2571428571428571,0.03843204995393458,687,Fair Heart never won Fairlane
3821,1081,6,24,110,140,1.2571428571428571,0.04461946972181272,687,I got it in a coupe d'etat.
3787,1081,8,20,112,140,1.2571428571428571,0.04686626637671682,687,He was supposed to yield
3521,1081,5,26,109,140,1.2571428571428571,0.043452527605847675,687,"Trial by combat, not road rage, officer."
3443,1081,4,28,108,140,1.2571428571428571,0.04225336948005622,687,What is this 'bike lane' thou speaketh of?
3413,1081,9,18,113,140,1.2571428571428571,0.047950201741099964,687,"b b b but Officer, I'm WHITE!"
3151,1081,4,28,108,140,1.2571428571428571,0.04225336948005622,687,"In my cultural context, dear Sir, he had it coming."
3031,1081,8,20,112,140,1.2571428571428571,0.04686626637671682,687,He hath cut me off.
3875,1081,4,28,108,140,1.2571428571428571,0.04225336948005622,687,He was riding a Pinto officer.
2939,1081,7,22,111,140,1.2571428571428571,0.04575666073015567,687,"It’s OK, officer. I’m just doing quality testing for Elon Musk."
154,1081,4,28,108,140,1.2571428571428571,0.04225336948005622,687,He cut me off.
2340,1081,3,30,107,140,1.2571428571428571,0.041019170024506085,687,"I pay good money for that space, officer."
1817,1081,4,28,108,140,1.2571428571428571,0.04225336948005622,687,How about ye olde diplomatic immunity?
1635,1081,6,24,110,140,1.2571428571428571,0.04461946972181272,687,What if I told you I'm on my way to save a damsel in distress?
1399,1081,7,22,111,140,1.2571428571428571,0.04575666073015567,687,We were playing Forward vs. Ferrari
1058,1081,4,28,108,140,1.2571428571428571,0.04225336948005622,687,My night vision isn't what it used to be.
963,1081,2,32,106,140,1.2571428571428571,0.03974666510011288,687,Horseless carriage. Driver's side. Direct hit. No foul. I win.
2354,1081,7,22,111,140,1.2571428571428571,0.04575666073015567,687,Don't worry Officer. Sancho will bring in the body!
66,1081,5,26,109,140,1.2571428571428571,0.043452527605847675,687,Seems like the East Village is overrun by cars these days.
2651,1101,7,21,109,137,1.2554744525547445,0.04636785759716212,687,"Sorry, I'll have to check, Mate."
2627,1101,2,31,104,137,1.2554744525547445,0.04016549742467818,687,My horse considered it a dodge.
2603,1101,6,23,108,137,1.2554744525547445,0.04519553087634805,687,Officer he opened his car door without looking.
2349,1101,4,27,106,137,1.2554744525547445,0.042754550603220934,687,I was joust promoting the Renaissance Fair.
2552,1101,8,19,110,137,1.2554744525547445,0.04751126629660043,687,Then suddenly this guy in a Rabbit decides he wants to play chicken.
2738,1101,6,23,108,137,1.2554744525547445,0.04519553087634805,687,"If it wasn't a hit and run, where's the rest of the car?"
2298,1101,8,19,110,137,1.2554744525547445,0.04751126629660043,687,"As I understand it, officer, a yield sign means ""yield or die."""
2602,1101,5,25,107,137,1.2554744525547445,0.04399197431622221,687,Assault and battery? This is a door!
2767,1101,6,23,108,137,1.2554744525547445,0.04519553087634805,687,Sorry. It was a Mustang and I couldn’t resist.
3383,1101,8,19,110,137,1.2554744525547445,0.04751126629660043,687,It was a Dodge Lancer. Are you going to give me a Chevrolet Citation?
2982,1101,3,29,105,137,1.2554744525547445,0.04148022890881395,687,"So, it's not a windmill."
3329,1101,3,29,105,137,1.2554744525547445,0.04148022890881395,687,"Somewhere in Brooklyn, in a place whose name I don't care to remember."
3435,1101,4,27,106,137,1.2554744525547445,0.042754550603220934,687,I've had it with cars double parked in  joust lanes.
3625,1101,7,21,109,137,1.2554744525547445,0.04636785759716212,687,He's the one who failed to yield.
3675,1101,7,21,109,137,1.2554744525547445,0.04636785759716212,687,How many points for piercing your armor?
3987,1101,5,25,107,137,1.2554744525547445,0.04399197431622221,687,He was driving at knight.
3953,1101,7,21,109,137,1.2554744525547445,0.04636785759716212,687,"To be fair, officer, it refused to yield or even signal."
3753,1101,8,19,110,137,1.2554744525547445,0.04751126629660043,687,"It wasn't my fault officer. He cut me off. Besides, its only a chink in his armor."
2276,1101,7,21,109,137,1.2554744525547445,0.04636785759716212,687,"I  joust made a mistake, officer."
2771,1101,4,27,106,137,1.2554744525547445,0.042754550603220934,687,"“Yes sir, I lance a lot.”"
2271,1101,4,27,106,137,1.2554744525547445,0.042754550603220934,687,"Well, he should have looked before opening his door!"
360,1101,4,27,106,137,1.2554744525547445,0.042754550603220934,687,The Earl of Chrysler is vanquished.
2193,1101,4,27,106,137,1.2554744525547445,0.042754550603220934,687,This time you ain't gonna dodge the Dodge Charger charge charges.
2220,1101,7,21,109,137,1.2554744525547445,0.04636785759716212,687,Explain the horse outfit.
675,1101,9,17,111,137,1.2554744525547445,0.0486277969073477,687,"I saw the armored car, and just reacted."
746,1101,6,23,108,137,1.2554744525547445,0.04519553087634805,687,Well at least the air bag didn't go off!
784,1101,6,23,108,137,1.2554744525547445,0.04519553087634805,687,Does this look like a grail to you?
923,1101,5,25,107,137,1.2554744525547445,0.04399197431622221,687,So you're saying that the lack of jousting regulations on the books does not make it a free-for-all? How is the average knight supposed to know this?
999,1101,5,25,107,137,1.2554744525547445,0.04399197431622221,687,"I'm working undercover, officer.  Take this to Forensics."
1002,1101,3,29,105,137,1.2554744525547445,0.04148022890881395,687,"To be fair, it was a Mitsubishi Lancer"
850,1101,6,23,108,137,1.2554744525547445,0.04519553087634805,687,Do you think Aflac covers this?
1147,1101,2,31,104,137,1.2554744525547445,0.04016549742467818,687,But squires should yield.
1072,1101,6,23,108,137,1.2554744525547445,0.04519553087634805,687,We triumphed with one horsepower.
2065,1101,7,21,109,137,1.2554744525547445,0.04636785759716212,687,"I said To bring back Robin Hood 
not Falcon Door!!!!!"
1678,1101,7,21,109,137,1.2554744525547445,0.04636785759716212,687,Little help?
2138,1101,3,29,105,137,1.2554744525547445,0.04148022890881395,687,"Officer, it was a hit and run."
1236,1101,6,23,108,137,1.2554744525547445,0.04519553087634805,687,I impaled the Impala.
1217,1101,6,23,108,137,1.2554744525547445,0.04519553087634805,687,Twas a rental
1425,1101,6,23,108,137,1.2554744525547445,0.04519553087634805,687,What's a car?
1304,1140,5,25,108,138,1.2536231884057971,0.04371124851677211,687,"Sir, I must ticket you for unauthorized time travel and recklessness.”"
2548,1141,5,24,106,135,1.2518518518518518,0.04425979701350884,687,"I'm sorry, officer. I have terrible night vision."
2026,1141,7,20,108,135,1.2518518518518518,0.046690965621885495,687,"My steed is named DeLorean, good sir. Why do you ask?"
2080,1141,5,24,106,135,1.2518518518518518,0.04425979701350884,687,"Well officer, I got the point through by not being so blunt."
2190,1141,8,18,109,135,1.2518518518518518,0.04786026107552733,687,"A court date, mandatory fine, AND loss of lance? Surely you joust, officer!"
2442,1141,6,22,107,135,1.2518518518518518,0.04549162506649493,687,"I sideswiped him, but he ran the red."
2486,1141,8,18,109,135,1.2518518518518518,0.04786026107552733,687,"But officer, HE was supposed to yield."
2497,1141,3,28,104,135,1.2518518518518518,0.041687084242603485,687,Of course I want to press charges! We still have two passes left.
2928,1141,6,22,107,135,1.2518518518518518,0.04549162506649493,687,Thank God I was wearing my steed-belt
3951,1141,7,20,108,135,1.2518518518518518,0.046690965621885495,687,"And what, prithee, is a ""ticket?"""
3503,1141,4,26,105,135,1.2518518518518518,0.042992689054808644,687,They don't make armor like they used to.
3517,1141,3,28,104,135,1.2518518518518518,0.041687084242603485,687,He just opened it right into the jousting lane...
3673,1141,4,26,105,135,1.2518518518518518,0.042992689054808644,687,"I am of the house of Tudor, we have a thing against the house of Onedoor."
3687,1141,7,20,108,135,1.2518518518518518,0.046690965621885495,687,He was using the carpool lane without a passenger.
3774,1141,3,28,104,135,1.2518518518518518,0.041687084242603485,687,"All right, we'll call it a draw."
1996,1141,4,26,105,135,1.2518518518518518,0.042992689054808644,687,I care not what you summon!
3727,1141,6,22,107,135,1.2518518518518518,0.04549162506649493,687,Why are you writing me a ticket? I had right of way.
3446,1141,5,24,106,135,1.2518518518518518,0.04425979701350884,687,Not my fault--he opened the car door just when I was riding by!
1909,1141,7,20,108,135,1.2518518518518518,0.046690965621885495,687,"Could you help me, sir? I don't know what this is."
1780,1141,5,24,106,135,1.2518518518518518,0.04425979701350884,687,I will defend against all Cavaliers.
32,1141,6,22,107,135,1.2518518518518518,0.04549162506649493,687,"To be fair, officer, who parks their Camry on the Renaissance Fair tiltyard?"
1580,1141,5,24,106,135,1.2518518518518518,0.04425979701350884,687,The keys were locked inside.
122,1141,10,14,111,135,1.2518518518518518,0.050117075226360955,687,Whats a license and registration?
238,1141,5,24,106,135,1.2518518518518518,0.04425979701350884,687,I was actually tilting at the wind SHIELD.
453,1141,4,26,105,135,1.2518518518518518,0.042992689054808644,687,We stood behind for six green lights and it refused to make a left.
567,1141,4,26,105,135,1.2518518518518518,0.042992689054808644,687,"Officer, I'm very sorry.  Actually, I was aiming for the window."
653,1141,5,24,106,135,1.2518518518518518,0.04425979701350884,687,"It's not my fault, he opened his door into oncoming traffic."
720,1141,6,22,107,135,1.2518518518518518,0.04549162506649493,687,It's okay. It's from a Charger.
477,1141,4,26,105,135,1.2518518518518518,0.042992689054808644,687,"I'm telling you he didn't signal."""
1011,1141,6,22,107,135,1.2518518518518518,0.04549162506649493,687,But I slew the Gremlin!
1388,1141,6,22,107,135,1.2518518518518518,0.04549162506649493,687,"I'm sorry, Officer. I didn't know the lance was loaded."
1444,1141,4,26,105,135,1.2518518518518518,0.042992689054808644,687,"I thought it was a dragon, but it was only a Volkswagon!"
1533,1141,7,20,108,135,1.2518518518518518,0.046690965621885495,687,Looked like a Ram to me.
1554,1141,4,26,105,135,1.2518518518518518,0.042992689054808644,687,But they nearly killed me opening their door in the middle of the road.
1575,1141,8,18,109,135,1.2518518518518518,0.04786026107552733,687,"It was his fault officer, he was texting and ran the red light in front of me."
942,1141,6,22,107,135,1.2518518518518518,0.04549162506649493,687,"Well, until there's a knight lane, I'm gonna use the bike lane..."
1664,1176,5,27,115,147,1.251700680272109,0.04190454406221098,687,My full name? It's Lance A. Lot.
569,1177,8,18,111,137,1.2481751824817517,0.04723008313889821,687,"Officer, this jalopy offended the honor of all five boroughs."
2919,1178,6,21,106,133,1.2481203007518797,0.045791207722335546,687,I’m sorry about your partner officer.
3131,1178,7,19,107,133,1.2481203007518797,0.047018675770621486,687,"While you're at it, Officer, would you talk to her about this tablecloth I have to wear everyday?  I'm Arabian, see, not Italian.  Arabian."
3100,1178,5,23,105,133,1.2481203007518797,0.04452991733786778,687,It's my passion
3070,1178,4,25,104,133,1.2481203007518797,0.04323184441548373,687,I get road rage when I seen someone texting and driving.
2888,1178,5,23,105,133,1.2481203007518797,0.04452991733786778,687,"Well, I don't know if I can give you a ticket because you're technically not driving a motor vehicle."
3818,1178,5,23,105,133,1.2481203007518797,0.04452991733786778,687,I was in the joust lane. He opened the car door without looking.
2775,1178,6,21,106,133,1.2481203007518797,0.045791207722335546,687,"Despite its name, it may not rove onto our land."
2670,1178,7,19,107,133,1.2481203007518797,0.047018675770621486,687,But he opened it into traffic
2635,1178,5,23,105,133,1.2481203007518797,0.04452991733786778,687,I was just helping a lady out of her carriage.
2551,1178,2,29,102,133,1.2481203007518797,0.04051111006204472,687,He violated the cardinal rule of jousting - staying in your lane.
3139,1178,6,21,106,133,1.2481203007518797,0.045791207722335546,687,"I've been ordered to destroy evidence officer, just ask the Pres."
2809,1178,6,21,106,133,1.2481203007518797,0.045791207722335546,687,Never open doors in the bike lane.
3198,1178,7,19,107,133,1.2481203007518797,0.047018675770621486,687,"Well,it WAS a Charger,but not a Dodger!"
3696,1178,6,21,106,133,1.2481203007518797,0.045791207722335546,687,I yield to neither man nor compact SUV.
3323,1178,3,27,103,133,1.2481203007518797,0.041893569972154994,687,"excuse me, officer, that can't be.

this is the passenger side door!"
3336,1178,7,19,107,133,1.2481203007518797,0.047018675770621486,687,How can a door be 4 points?
3476,1178,5,23,105,133,1.2481203007518797,0.04452991733786778,687,We cabbies do not like Uber’s invasion.
3589,1178,5,23,105,133,1.2481203007518797,0.04452991733786778,687,It didn't Dodge
3628,1178,6,21,106,133,1.2481203007518797,0.045791207722335546,687,Shirley U. Joust is my real name officer.
3651,1178,4,25,104,133,1.2481203007518797,0.04323184441548373,687,"Yes, but was it missing the front or the back door?"
3678,1178,7,19,107,133,1.2481203007518797,0.047018675770621486,687,"Sorry officer, I can't roll my window down."
3679,1178,6,21,106,133,1.2481203007518797,0.045791207722335546,687,"I apologize, my wife, Guinevere has the insurance card."
2522,1178,5,23,105,133,1.2481203007518797,0.04452991733786778,687,"Just two horns of ale in the evening, officer."
3836,1178,4,25,104,133,1.2481203007518797,0.04323184441548373,687,"Rook here officer, King cut me off as I was pulling into the Pawn shop. Queen got out and cursed at me. I told him to shut his Bishop. Joust kidding, but can I get the Check,Mate, before it’s Knight?"
4012,1178,7,19,107,133,1.2481203007518797,0.047018675770621486,687,"I'm serious officer. A monster came out of nowhere, and left a piece of its body on my lance."
4016,1178,5,23,105,133,1.2481203007518797,0.04452991733786778,687,It was in our blind spot.
3241,1178,8,17,108,133,1.2481203007518797,0.048214904726397355,687,The offending beast refused to yield my good man.
2439,1178,5,23,105,133,1.2481203007518797,0.04452991733786778,687,It's from a Dodge Lancer
2629,1178,7,19,107,133,1.2481203007518797,0.047018675770621486,687,I'm reducing carbon emissions.
2206,1178,3,27,103,133,1.2481203007518797,0.041893569972154994,687,He didn't dim his brights.
21,1178,5,23,105,133,1.2481203007518797,0.04452991733786778,687,"Do you know why I pulled you over?
Hmmm..improperly impaling a motor vehicle?
No, for driving under the influence of a tablecloth and jousting over the speed limit."
106,1178,3,27,103,133,1.2481203007518797,0.041893569972154994,687,I can’t roll it down.
2294,1178,5,23,105,133,1.2481203007518797,0.04452991733786778,687,So it fine for Mr. Burr to duel but I can't joust in Weehawken?
148,1178,6,21,106,133,1.2481203007518797,0.045791207722335546,687,That Subaru challenged me officer.
165,1178,8,17,108,133,1.2481203007518797,0.048214904726397355,687,An iron contrivance cut me off.
182,1178,3,27,103,133,1.2481203007518797,0.041893569972154994,687,It was an accident! He joust didn't see me coming
207,1178,5,23,105,133,1.2481203007518797,0.04452991733786778,687,He double parked and boxed me in.  It was a Knightmare!
367,1178,4,25,104,133,1.2481203007518797,0.04323184441548373,687,"Door, what door?"
387,1178,5,23,105,133,1.2481203007518797,0.04452991733786778,687,Since when has being anachronistic been illegal?
579,1178,3,27,103,133,1.2481203007518797,0.041893569972154994,687,I thought the sign said “Pike Lane”.
928,1178,5,23,105,133,1.2481203007518797,0.04452991733786778,687,I'm strictly a catch-and-release guy.
932,1178,3,27,103,133,1.2481203007518797,0.041893569972154994,687,Why not?  It stole my name!
1106,1178,7,19,107,133,1.2481203007518797,0.047018675770621486,687,"The name is Lancelot, what about that don’t you get?"
147,1178,4,25,104,133,1.2481203007518797,0.04323184441548373,687,He moved into the jousting lane without signaling.
1190,1178,4,25,104,133,1.2481203007518797,0.04323184441548373,687,What car? ‘‘Tis the shield of Sir Galahad.
1172,1178,8,17,108,133,1.2481203007518797,0.048214904726397355,687,"So, this is what it's like to be King Arthur in a Connecticut Yankee traffic court."
2186,1178,5,23,105,133,1.2481203007518797,0.04452991733786778,687,The oth'r sir ranneth the r'd light!
2048,1178,7,19,107,133,1.2481203007518797,0.047018675770621486,687,"I impaled the Impala on the way to the palace!"""
1865,1178,4,25,104,133,1.2481203007518797,0.04323184441548373,687,"No I swear, he came at me"
1779,1178,6,21,106,133,1.2481203007518797,0.045791207722335546,687,Sorry officer I wasn't wearing my knight glasses.
2163,1178,5,23,105,133,1.2481203007518797,0.04452991733786778,687,I meant to turn left coming out of the 12th century.
1563,1178,6,21,106,133,1.2481203007518797,0.045791207722335546,687,I'm just not sure what to cite you for.
1508,1178,4,25,104,133,1.2481203007518797,0.04323184441548373,687,But it said it was a Dodge Charger....
1360,1178,6,21,106,133,1.2481203007518797,0.045791207722335546,687,"Well...Sure, I guess I COULD have just taken down the license number..."
1237,1178,4,25,104,133,1.2481203007518797,0.04323184441548373,687,"Rather than license and registration, I present thee my door prize"
1227,1178,3,27,103,133,1.2481203007518797,0.041893569972154994,687,"No, I'm his brother, Lance-some."
1636,1178,5,23,105,133,1.2481203007518797,0.04452991733786778,687,"Nay sir, I could not get his details. But I did snag this."
2458,1235,6,20,104,130,1.2461538461538462,0.0464115247720679,687,King Donald of the House of White will pardon me for damaging Sir Biden's carriage.
2436,1235,4,24,102,130,1.2461538461538462,0.043766522170656255,687,"Technically I didn't hit it, Officer."
2387,1235,4,24,102,130,1.2461538461538462,0.043766522170656255,687,Improper lane change.
2336,1235,6,20,104,130,1.2461538461538462,0.0464115247720679,687,I showed the road rager the door.
2113,1235,8,16,106,130,1.2461538461538462,0.04891370769448988,687,And this is why we need a Knight Lane!
2130,1235,3,26,101,130,1.2461538461538462,0.04238216462779693,687,I'm tilting at Ubers.
1986,1235,4,24,102,130,1.2461538461538462,0.043766522170656255,687,I was jousting against a Scion.
2472,1235,8,16,106,130,1.2461538461538462,0.04891370769448988,687,"i beat your police car at jousting, loser cop"
1882,1235,3,26,101,130,1.2461538461538462,0.04238216462779693,687,It doth came out of nowhere.
1850,1235,5,22,103,130,1.2461538461538462,0.0451084143735003,687,"As thou canst see, my steed has superior horsepower"
2184,1235,6,20,104,130,1.2461538461538462,0.0464115247720679,687,"Guilty, officer.  It said 'Dodge Challenger' and I failed."
2695,1235,6,20,104,130,1.2461538461538462,0.0464115247720679,687,Wasn’t much of a Lancer after all...
3290,1235,7,18,105,130,1.2461538461538462,0.04767903329604257,687,You're lucky.  We don't have summer uniforms.
2959,1235,6,20,104,130,1.2461538461538462,0.0464115247720679,687,Nonsense: it was a fair duel!
2972,1235,7,18,105,130,1.2461538461538462,0.04767903329604257,687,"Then why did Mitsubishi name it the ""Lancer?"""
3930,1235,6,20,104,130,1.2461538461538462,0.0464115247720679,687,Then he opened the door right into the jousting lane.
3064,1235,6,20,104,130,1.2461538461538462,0.0464115247720679,687,"Officer, I know my selfie stick is unconventional"
3477,1235,4,24,102,130,1.2461538461538462,0.043766522170656255,687,Last week it was an Uber bike.
3537,1235,5,22,103,130,1.2461538461538462,0.0451084143735003,687,Talk about horsepower.
3632,1235,4,24,102,130,1.2461538461538462,0.043766522170656255,687,A Dodge Charger challenged me to a duel.
3655,1235,4,24,102,130,1.2461538461538462,0.043766522170656255,687,"It said, ""Dodge Lancer"", but it just wasn't quick enough."
3718,1235,4,24,102,130,1.2461538461538462,0.043766522170656255,687,"WHERE YOU WEARING YOUR  ""KNIGHT VISION GLASSES?"
1781,1235,7,18,105,130,1.2461538461538462,0.04767903329604257,687,If I said they were asking for it would you believe me?
3798,1235,7,18,105,130,1.2461538461538462,0.04767903329604257,687,You better get your knight vision checked?
2832,1235,4,24,102,130,1.2461538461538462,0.043766522170656255,687,This door won't bother anyone again!
1772,1235,3,26,101,130,1.2461538461538462,0.04238216462779693,687,"Well, he opened the door right in front of me!"
465,1235,6,20,104,130,1.2461538461538462,0.0464115247720679,687,It was called a Dodge Challenger Hellcat.
1558,1235,2,28,100,130,1.2461538461538462,0.04095103532465105,687,The driver opened the door just as I was trying to pass.
41,1235,4,24,102,130,1.2461538461538462,0.043766522170656255,687,He should've looked before opening his door into the jousting lane.
204,1235,6,20,104,130,1.2461538461538462,0.0464115247720679,687,"Yes officer, I was wearing my seat belt."
1658,1235,4,24,102,130,1.2461538461538462,0.043766522170656255,687,He was texting and drove into my lane.
262,1235,2,28,100,130,1.2461538461538462,0.04095103532465105,687,"I was only going at a fast gallop, officer."
289,1235,4,24,102,130,1.2461538461538462,0.043766522170656255,687,What? It was in the bike lane.
351,1235,4,24,102,130,1.2461538461538462,0.043766522170656255,687,"Good sir, I act by King Arthur's fiat."
454,1235,6,20,104,130,1.2461538461538462,0.0464115247720679,687,I heard Lancer!  Who knew it was a Dodge Lancer?
491,1235,4,24,102,130,1.2461538461538462,0.043766522170656255,687,''There can only be one Knight rider.''
763,1235,5,22,103,130,1.2461538461538462,0.0451084143735003,687,He was driving a Mustang.
869,1235,6,20,104,130,1.2461538461538462,0.0464115247720679,687,Haven't you ever heard of the Society for Anachronistic Vandalism?
919,1235,5,22,103,130,1.2461538461538462,0.0451084143735003,687,It’s ok it’s from a Dodge Charger
240,1235,6,20,104,130,1.2461538461538462,0.0464115247720679,687,"But Officer, I had the green!"
1081,1235,8,16,106,130,1.2461538461538462,0.04891370769448988,687,Honestly -it was another charger.
936,1235,7,18,105,130,1.2461538461538462,0.04767903329604257,687,I had more horsepower.
1501,1235,6,20,104,130,1.2461538461538462,0.0464115247720679,687,"I bested Sir Chevrolet even though he said he had the power of 385 horses."""
1416,1235,5,22,103,130,1.2461538461538462,0.0451084143735003,687,He took my parking space!
1333,1235,5,22,103,130,1.2461538461538462,0.0451084143735003,687,"That's right, officer, a one-door Mustang."
1233,1235,3,26,101,130,1.2461538461538462,0.04238216462779693,687,"He's gettin' up there, so I couldn't have been going more than 20."
1518,1235,3,26,101,130,1.2461538461538462,0.04238216462779693,687,Why am I being given a ticket? I missed him.
1162,1235,6,20,104,130,1.2461538461538462,0.0464115247720679,687,I'm on a Crusade against modernity.
1154,1235,3,26,101,130,1.2461538461538462,0.04238216462779693,687,It was  joustifiable hubercide.
1133,1235,3,26,101,130,1.2461538461538462,0.04238216462779693,687,you're still getting a ticket
1128,1235,4,24,102,130,1.2461538461538462,0.043766522170656255,687,I thought alternate side parking was suspended today.
1219,1235,5,22,103,130,1.2461538461538462,0.0451084143735003,687,"It was a Dodge Charger, if you must know."
142,1287,8,16,107,131,1.2442748091603053,0.048575241505409726,687,This is why we need more jousting lanes in Midtown.
2555,1288,4,23,101,128,1.2421875,0.04401437800549532,687,"Don’t worry,” they said. “The Cybertruck can handle it,” they said"
2758,1288,3,25,100,128,1.2421875,0.04259382555192287,687,"To be fair it started as a crusade for bike lanes, but my message has gotten a little confused."
2756,1288,6,19,103,128,1.2421875,0.04672610045078247,687,I had to challenge his claim of 300 horsepower.
2727,1288,6,19,103,128,1.2421875,0.04672610045078247,687,"He called it street-racing, but I was unfamiliar with the rules."
2675,1288,5,21,102,128,1.2421875,0.04539049423914243,687,"But Officer, it was the only fair way to decide who got the parking spot."
2613,1288,6,19,103,128,1.2421875,0.04672610045078247,687,"Seriously, it was the biggest 4-wheeled monster ever, and I almost had it!"
2611,1288,2,27,99,128,1.2421875,0.0411242322613401,687,Obviously it was a case of failure-to-yield on his part.
2545,1288,6,19,103,128,1.2421875,0.04672610045078247,687,"Impala? I thought it said ""Impale!"""
2126,1288,5,21,102,128,1.2421875,0.04539049423914243,687,Not my fault!  I stayed in the joust lane!
2344,1288,6,19,103,128,1.2421875,0.04672610045078247,687,I cannot listen until you say 'hear ye hear ye'
2324,1288,3,25,100,128,1.2421875,0.04259382555192287,687,"It's okay, officer.  We're both Cavalier."
2321,1288,6,19,103,128,1.2421875,0.04672610045078247,687,"I USUALLY DON'T HAVE THIS MUCH
LUCK WITH A TWO-DOOR."
2242,1288,7,17,104,128,1.2421875,0.04802457661863982,687,"Good sir, me thinks I had thee right of way."
2125,1288,4,23,101,128,1.2421875,0.04401437800549532,687,"sometimes you are forced to remove the competition : you understand, right?"
2123,1288,4,23,101,128,1.2421875,0.04401437800549532,687,This is clearly a moving violation.
2764,1288,6,19,103,128,1.2421875,0.04672610045078247,687,"But officer, they did not honorably yield!"
2390,1288,5,21,102,128,1.2421875,0.04539049423914243,687,Hast thou not heard of the Dutch Reach?
2858,1288,4,23,101,128,1.2421875,0.04401437800549532,687,"The steed was self-riding, I swear."
2122,1288,5,21,102,128,1.2421875,0.04539049423914243,687,Why would I need a ticket to my own show?
2999,1288,3,25,100,128,1.2421875,0.04259382555192287,687,Is this the best armor you have?
3998,1288,6,19,103,128,1.2421875,0.04672610045078247,687,"If he didn’t want to joust, why did he throw his shield out at me?"
3873,1288,2,27,99,128,1.2421875,0.0411242322613401,687,"Please, Officer, this rue is between me and Chevy the Impala."
3816,1288,7,17,104,128,1.2421875,0.04802457661863982,687,I take it you're not buying my door prize story.
3729,1288,5,21,102,128,1.2421875,0.04539049423914243,687,"Sir, the Renaissance fair doesn't start until next week."
3710,1288,4,23,101,128,1.2421875,0.04401437800549532,687,"Kind sir, 'tis merely a display of Chevroly."
3676,1288,5,21,102,128,1.2421875,0.04539049423914243,687,Thy driver doth flippethed me off.
3617,1288,6,19,103,128,1.2421875,0.04672610045078247,687,This is why I can't use the bike lane
3594,1288,6,19,103,128,1.2421875,0.04672610045078247,687,Don't you have some real criminals to catch?
3452,1288,4,23,101,128,1.2421875,0.04401437800549532,687,"I find your armor to be laughingly inferior, Officer. Write that down. No need to thank me."
3439,1288,3,25,100,128,1.2421875,0.04259382555192287,687,There is no way I was speeding with something on one horsepower.
3334,1288,4,23,101,128,1.2421875,0.04401437800549532,687,"It wasn’t my fault my lord, the driver swung the door open into the joust lane as I galloped by."
3253,1288,5,21,102,128,1.2421875,0.04539049423914243,687,"Sir, are you aware your headlights are out?"
3192,1288,7,17,104,128,1.2421875,0.04802457661863982,687,"Sirrah, it was merely a ‘Rogue’ that I smote."
3182,1288,4,23,101,128,1.2421875,0.04401437800549532,687,How could I possibly have T-boned the car from the inside out?
3113,1288,7,17,104,128,1.2421875,0.04802457661863982,687,"Of course it was dangerous officer, he was driving a Pinto."
3095,1288,5,21,102,128,1.2421875,0.04539049423914243,687,"He charged at me first, Sir"
3021,1288,5,21,102,128,1.2421875,0.04539049423914243,687,"As knights, we are sworn to practice the Dutch reach."
2953,1288,4,23,101,128,1.2421875,0.04401437800549532,687,But they were parked in the bike lane.
2090,1288,7,17,104,128,1.2421875,0.04802457661863982,687,"So I said ""whaddya think the side-view mirror is for, buddy?"""
220,1288,6,19,103,128,1.2421875,0.04672610045078247,687,Sir Roadster should stay in his lane.
1965,1288,6,19,103,128,1.2421875,0.04672610045078247,687,I claim self-defense.
790,1288,5,21,102,128,1.2421875,0.04539049423914243,687,"With respect, Sir, I don't think that's what Stand Your Ground means."
785,1288,4,23,101,128,1.2421875,0.04401437800549532,687,"Just a glass of mead with dinner, Officer"
670,1288,3,25,100,128,1.2421875,0.04259382555192287,687,"Officer, It was not a ""Hit and Run' - It was a ""Stab and Sprint"""
625,1288,4,23,101,128,1.2421875,0.04401437800549532,687,"Before we get to that, let me tell you of my Quest"
617,1288,7,17,104,128,1.2421875,0.04802457661863982,687,"And that's when I crossed my Rubicon. In this case, a Jeep Rubicon."
599,1288,6,19,103,128,1.2421875,0.04672610045078247,687,"Officer, I just wanted to make sure Chevrolet is dead."
540,1288,6,19,103,128,1.2421875,0.04672610045078247,687,"I’m telling you, I didn’t even know my tail light was broken!"
533,1288,5,21,102,128,1.2421875,0.04539049423914243,687,I have unhorsed you from your metal steed. Relinquish your goods for the day is mine!
467,1288,6,19,103,128,1.2421875,0.04672610045078247,687,I don't care if you won the duel.
462,1288,5,21,102,128,1.2421875,0.04539049423914243,687,Give me a break.  I have to practice on moving targets.
390,1288,5,21,102,128,1.2421875,0.04539049423914243,687,A Mustang cut us off.
362,1288,3,25,100,128,1.2421875,0.04259382555192287,687,Excuse? Excuse! Fine my opponent for cheating with a mechanical horse.
284,1288,4,23,101,128,1.2421875,0.04401437800549532,687,"I should let you know now, officer, next weekend we're doing the Civil War."
277,1288,4,23,101,128,1.2421875,0.04401437800549532,687,"‘‘Twas Sir Chevrolet, I believe, but I yield to no man."
252,1288,3,25,100,128,1.2421875,0.04259382555192287,687,"I thought that the ""distracted jousting law"" wasn't due to go into effect for another six centuries!"
792,1288,4,23,101,128,1.2421875,0.04401437800549532,687,You can't give me a ticket - I was in the Jousting Lane!
1974,1288,5,21,102,128,1.2421875,0.04539049423914243,687,"...But if I don't deliver it in 30 minutes, it's free!"
848,1288,5,21,102,128,1.2421875,0.04539049423914243,687,"It's OK officer, I have full coverage insurance."
924,1288,3,25,100,128,1.2421875,0.04259382555192287,687,This is the door that so rudely opened  and tripped me.
1921,1288,5,21,102,128,1.2421875,0.04539049423914243,687,At least I got the guy in the back seat.
1857,1288,5,21,102,128,1.2421875,0.04539049423914243,687,T’was self-defense;  the Aggressor charged at US with the power of 300 Horses!
1804,1288,6,19,103,128,1.2421875,0.04672610045078247,687,Strange. Beast. I think that's an ear.
1733,1288,7,17,104,128,1.2421875,0.04802457661863982,687,"Where shoulds't I claimeth my prize, good sire?"
1696,1288,6,19,103,128,1.2421875,0.04672610045078247,687,"Yea, yea. Everybody's new in town."
1644,1288,3,25,100,128,1.2421875,0.04259382555192287,687,"Honest, officer, I thought it was an armored car."
1584,1288,4,23,101,128,1.2421875,0.04401437800549532,687,How was I supposed to know they weren't using it as a shield?
1569,1288,3,25,100,128,1.2421875,0.04259382555192287,687,"As I told you officer, I won the door prize."
1347,1288,4,23,101,128,1.2421875,0.04401437800549532,687,Do I appear in King Arthur's Court?
1306,1288,5,21,102,128,1.2421875,0.04539049423914243,687,Riding defensively has its rewards.
1164,1288,2,27,99,128,1.2421875,0.0411242322613401,687,You should see the one that got away.
1143,1288,5,21,102,128,1.2421875,0.04539049423914243,687,Can you roll your window down?
1090,1288,7,17,104,128,1.2421875,0.04802457661863982,687,Mustang. Is that some kind of mechanical horse?
997,1288,5,21,102,128,1.2421875,0.04539049423914243,687,"The lady demanded, I open the door."
934,1288,8,15,105,128,1.2421875,0.04928885731544807,687,He should have stayed out of the jousting lane.
890,1288,5,21,102,128,1.2421875,0.04539049423914243,687,"I couldn't help myself, it was a 1971 Javelin trying to pass me on a double yellow line."
79,1288,7,17,104,128,1.2421875,0.04802457661863982,687,"They call me the Kebab in Shining Armor, but my horse responds to Bubba."
633,1365,4,22,98,124,1.2419354838709677,0.04489543719436014,687,"No officer, I didn’t find a door...I lost a car."
1971,1366,4,22,99,125,1.24,0.04457686366483794,687,He ran a red light and I run a renaissance fair.
2731,1366,7,16,102,125,1.24,0.0487256970025786,687,"In my defense, it was a Chevy Impala."
2606,1366,4,22,99,125,1.24,0.04457686366483794,687,"If I said that I work for the Consumer Protection Agency, would you reduce the fine?"
2537,1366,7,16,102,125,1.24,0.0487256970025786,687,"Well, he should have checked behind him before he opened his door."
2520,1366,5,20,100,125,1.24,0.046001402503163584,687,I didn't exactly run. I galloped from the scene.
2454,1366,5,20,100,125,1.24,0.046001402503163584,687,"Honest, officer. I was just trotting past cars in the bicycle lane when a driver opened his door."
2413,1366,8,14,103,125,1.24,0.0500322476653969,687,It's a new app.  We respond immediately to mansplaining complaints.
2382,1366,6,18,101,125,1.24,0.04738313297284785,687,"If you let me off with a warning, I could do something similiar to your ex-wife`s vehichle."
2781,1366,4,22,99,125,1.24,0.04457686366483794,687,From a Charger that refused to dodge.
2372,1366,4,22,99,125,1.24,0.04457686366483794,687,Road Rage you Say??
2325,1366,6,18,101,125,1.24,0.04738313297284785,687,I shouldn't have been texting and dueling
2305,1366,5,20,100,125,1.24,0.046001402503163584,687,"Honestly, he did not look in his mirror before he got out."
2286,1366,5,20,100,125,1.24,0.046001402503163584,687,Are you people ever going to learn how to use traffic circles?
2147,1366,5,20,100,125,1.24,0.046001402503163584,687,"Oh, great. You know what this is going to do to my jousting insurance?"
2102,1366,6,18,101,125,1.24,0.04738313297284785,687,"Squire, are you suggesting that I'm a bit unhinged?"
2015,1366,6,18,101,125,1.24,0.04738313297284785,687,Show me the no-jousting sign!
1994,1366,4,22,99,125,1.24,0.04457686366483794,687,He stoleth my parking space!
2363,1366,5,20,100,125,1.24,0.046001402503163584,687,"I think it was a Dodge ""Charger""."
4017,1366,3,24,98,125,1.24,0.04310527248642598,687,How am I wrong? He was the one who swung it open without looking.
2926,1366,5,20,100,125,1.24,0.046001402503163584,687,"If it helps any, I did have my seat belt on when it happened."
3258,1366,7,16,102,125,1.24,0.0487256970025786,687,Sir Lancelot--Sir !
3973,1366,5,20,100,125,1.24,0.046001402503163584,687,I really don’t think a sobriety test is necessary.
3956,1366,7,16,102,125,1.24,0.0487256970025786,687,But the other driver was sounding his trumpet and drunk on mead!
3901,1366,8,14,103,125,1.24,0.0500322476653969,687,I won't apologize for aggressively fighting climate change.
3857,1366,5,20,100,125,1.24,0.046001402503163584,687,"Yes, I defeated the Grand Marquis of Mercury."
3823,1366,6,18,101,125,1.24,0.04738313297284785,687,The windmills are evolving... I must notify the king at once!
3812,1366,4,22,99,125,1.24,0.04457686366483794,687,I show no mercy to Cavaliers.
3754,1366,5,20,100,125,1.24,0.046001402503163584,687,Ahh. The perfect shield! Thank you good sir.
3257,1366,5,20,100,125,1.24,0.046001402503163584,687,Can you hurry with that VIN number. This is getting heavy.
3734,1366,5,20,100,125,1.24,0.046001402503163584,687,GET IT OFF!!
3706,1366,5,20,100,125,1.24,0.046001402503163584,687,"He failed to yield, sire."
3699,1366,6,18,101,125,1.24,0.04738313297284785,687,Let me off -- I’m a WHITE knight.”
3631,1366,3,24,98,125,1.24,0.04310527248642598,687,"Sorry, she has a thing for Mustangs."
3598,1366,7,16,102,125,1.24,0.0487256970025786,687,"Can you wind your window down, Sir?"
3558,1366,7,16,102,125,1.24,0.0487256970025786,687,"My pinto and I had no choice officer, it was a '68, Charger!"
3530,1366,5,20,100,125,1.24,0.046001402503163584,687,"Yes officer, spelled E-L-O-N..."
3474,1366,4,22,99,125,1.24,0.04457686366483794,687,It was a 1957 Chivalry.
3726,1366,2,26,97,125,1.24,0.04158163366276651,687,"Well constable, it all started when Lord Bentley challenged me to a duel."
1916,1366,6,18,101,125,1.24,0.04738313297284785,687,"No officer, we Knights are not subject to your open door policy."
1671,1366,6,18,101,125,1.24,0.04738313297284785,687,Here's my proof.  I had the right of way.
1763,1366,5,20,100,125,1.24,0.046001402503163584,687,My horn wasn’t working and my brakes need a carrot!
1109,1366,5,20,100,125,1.24,0.046001402503163584,687,"Sir, are you almost done drawing this door?"
1068,1366,4,22,99,125,1.24,0.04457686366483794,687,"Yes, I got doored."
1029,1366,7,16,102,125,1.24,0.0487256970025786,687,Sir Godfrey was in a Bronco.
1001,1366,7,16,102,125,1.24,0.0487256970025786,687,The oaf was texting whilst driving.
937,1366,6,18,101,125,1.24,0.04738313297284785,687,But everyone else was trying to slay the wagon.
825,1366,7,16,102,125,1.24,0.0487256970025786,687,You should see what I did to the toaster.
814,1366,5,20,100,125,1.24,0.046001402503163584,687,"No, I am NOT coming out."
1138,1366,5,20,100,125,1.24,0.046001402503163584,687,He was a worthy challenger but just didn't have the mettle
702,1366,7,16,102,125,1.24,0.0487256970025786,687,I was just riding along with traffic when this door opened in front of me.
580,1366,4,22,99,125,1.24,0.04457686366483794,687,"But Sire, he blocked the box."
355,1366,3,24,98,125,1.24,0.04310527248642598,687,"What doth thou mean,insurance?"
342,1366,5,20,100,125,1.24,0.046001402503163584,687,My husband locked the keys in his car... I didn’t have a choice.
341,1366,6,18,101,125,1.24,0.04738313297284785,687,first prize was the front grill of a 1935 Mercedes Convertible
1819,1366,7,16,102,125,1.24,0.0487256970025786,687,"In my defense, good sir, he was driving only 240 furlongs per hour in the left lane."
123,1366,4,22,99,125,1.24,0.04457686366483794,687,Let's do a selfie.
16,1366,5,20,100,125,1.24,0.046001402503163584,687,"You put the driver on the other side, me thinks."
613,1366,4,22,99,125,1.24,0.04457686366483794,687,"If I had a hundred dollars for every time I’ve heard that one, I’d be a rich man."
1196,1366,3,24,98,125,1.24,0.04310527248642598,687,"Yeah, but do you realize how tall windmills are nowadays?"
251,1366,5,20,100,125,1.24,0.046001402503163584,687,"They called me a '""cab."""
1273,1366,7,16,102,125,1.24,0.0487256970025786,687,...but he cuteth me off fine constable!!
1244,1366,8,14,103,125,1.24,0.0500322476653969,687,"Yes officer, I realize that reckless jousting is a serious offense."
1668,1366,6,18,101,125,1.24,0.04738313297284785,687,"Prithee recognize, the beast came out of nowhere."
1657,1366,6,18,101,125,1.24,0.04738313297284785,687,I thought the sign read 'Yield Knight of way'
1623,1366,3,24,98,125,1.24,0.04310527248642598,687,Doesn't the red light mean attack!?
1603,1366,5,20,100,125,1.24,0.046001402503163584,687,"Verily he attempted to cut me off, and no true knight refuses a challenge."
1546,1366,8,14,103,125,1.24,0.0500322476653969,687,That is the last time the Black Escalade will open his door onto me lady’s bike.
1538,1366,8,14,103,125,1.24,0.0500322476653969,687,"Horsepower vs Torque,I think we have a winner..."
1412,1366,4,22,99,125,1.24,0.04457686366483794,687,"Well officer, we coulda gotten hurt pretty bad - do ya think the guy shoulda checked his side mirror before door-ing us?"
1738,1366,5,20,100,125,1.24,0.046001402503163584,687,It called me a Luddite.
1397,1366,3,24,98,125,1.24,0.04310527248642598,687,I was about to be doored officer. You would have done the same thing if you'd been in my stirrups!
1373,1366,8,14,103,125,1.24,0.0500322476653969,687,"Yeah, technically you are double parked."
1362,1366,6,18,101,125,1.24,0.04738313297284785,687,It seemed like a fair  fight to joust with a Mustang.
1346,1366,7,16,102,125,1.24,0.0487256970025786,687,"Um.. joust kidding, officer."
1339,1366,5,20,100,125,1.24,0.046001402503163584,687,"Sorry officer, I was jousting a Mustang"""
1335,1366,6,18,101,125,1.24,0.04738313297284785,687,Sometimes I just need to express how not down I am with the system of technology and industrialization
1323,1366,3,24,98,125,1.24,0.04310527248642598,687,Let's see YOU do it.
2678,1443,4,26,112,142,1.2394366197183098,0.04112295635269635,687,But he’s the one who swerved into the jousting lane!
1409,1444,7,16,103,126,1.2380952380952381,0.04837495275885827,687,DOI: Driving while Impaling
3879,1444,6,18,102,126,1.2380952380952381,0.04704414870563226,687,I couldn’t dodge his charger.
2973,1446,5,19,99,123,1.2357723577235773,0.04629596219205625,687,"Officer, I left my registration in my tunic!"
2965,1446,7,15,101,123,1.2357723577235773,0.04909048948562143,687,Cyber Monday went terribly wrong.
2857,1446,5,19,99,123,1.2357723577235773,0.04629596219205625,687,The last normal thing I recall is agreeing to a match with a gentleman named DeLorean.
2847,1446,4,21,98,123,1.2357723577235773,0.04483342607880306,687,Milady never liked the Tudors.
2844,1446,6,17,100,123,1.2357723577235773,0.04771368919516814,687,"Yon steed cheats, your majesty."
2833,1446,6,17,100,123,1.2357723577235773,0.04771368919516814,687,"I’m not sure why they call that steed a Mitsubishi Lancer, my good sire, it’s all beep and no fight."
2534,1446,3,23,97,123,1.2357723577235773,0.04332154282385029,687,"Officer, a woman's honor was at stake."
2749,1446,6,17,100,123,1.2357723577235773,0.04771368919516814,687,"An anachronism, wrapped in an enigma, inside a Hyundai."
2637,1446,3,23,97,123,1.2357723577235773,0.04332154282385029,687,"I asked what his ride was.  He yelled ""Dodge!""  
I did, and impaled this."
2405,1446,4,21,98,123,1.2357723577235773,0.04483342607880306,687,Just because his mustang has more horse power he thinks he can steal my park
2425,1446,5,19,99,123,1.2357723577235773,0.04629596219205625,687,Joust ‘cuz I can.
3002,1446,6,17,100,123,1.2357723577235773,0.04771368919516814,687,"Wouldst fain report a citizen’s joust, my liege."
2419,1446,6,17,100,123,1.2357723577235773,0.04771368919516814,687,We had a report of a mustang with one door causing trouble in the area.
2798,1446,3,23,97,123,1.2357723577235773,0.04332154282385029,687,I get to keep it.
3004,1446,5,19,99,123,1.2357723577235773,0.04629596219205625,687,"I didn’t run, I was running by"
3542,1446,5,19,99,123,1.2357723577235773,0.04629596219205625,687,But this is how the 2020 Buick LeSabre is supposed to look.
3222,1446,1,27,95,123,1.2357723577235773,0.04012724797427663,687,That’s what they get for opening their door into the jousting lane.
3324,1446,4,21,98,123,1.2357723577235773,0.04483342607880306,687,"No collision, no quod a porta delenimentis."
3408,1446,5,19,99,123,1.2357723577235773,0.04629596219205625,687,I'm to be charged with disturbing the piece?
3918,1446,6,17,100,123,1.2357723577235773,0.04771368919516814,687,He cameth out of nether yeh!
3410,1446,5,19,99,123,1.2357723577235773,0.04629596219205625,687,"How did we get trapped inside the dragon in the first place, you ask?"
3442,1446,7,15,101,123,1.2357723577235773,0.04909048948562143,687,"As soon as you finish writing the ticket,  I can think of a dumb play on words for this caption."
3444,1446,5,19,99,123,1.2357723577235773,0.04629596219205625,687,I forgot my keys
3487,1446,3,23,97,123,1.2357723577235773,0.04332154282385029,687,“C’est Moi!”
3552,1446,5,19,99,123,1.2357723577235773,0.04629596219205625,687,I had to take it out.  It was a Charger.
3572,1446,4,21,98,123,1.2357723577235773,0.04483342607880306,687,I hadeth the rightest of way!
3603,1446,4,21,98,123,1.2357723577235773,0.04483342607880306,687,A car! A car! My kingdom for a car!
3624,1446,5,19,99,123,1.2357723577235773,0.04629596219205625,687,The fiend did open his door in the biketh lane.
2367,1446,5,19,99,123,1.2357723577235773,0.04629596219205625,687,"Clearly, I was in the Knight lane."
3779,1446,6,17,100,123,1.2357723577235773,0.04771368919516814,687,Not much of a Challenger.
3207,1446,6,17,100,123,1.2357723577235773,0.04771368919516814,687,I Lance a lot of opening doors so you don't have to!
2183,1446,5,19,99,123,1.2357723577235773,0.04629596219205625,687,But I was in the dedicated joust lane.
552,1446,7,15,101,123,1.2357723577235773,0.04909048948562143,687,I thought it was a windmill!
2056,1446,4,21,98,123,1.2357723577235773,0.04483342607880306,687,"There is no mistake he saw me coming, but the ram did not come close to a dodge."
2143,1446,5,19,99,123,1.2357723577235773,0.04629596219205625,687,"A turn signal is a statement of intent, not a request."
107,1446,5,19,99,123,1.2357723577235773,0.04629596219205625,687,It was a hybrid breathing dragon.
120,1446,2,25,96,123,1.2357723577235773,0.0417549524166163,687,"’Twas a Lancer, my lord, and no match for my joust."
162,1446,3,23,97,123,1.2357723577235773,0.04332154282385029,687,You can't blame me for the Byzantine traffic laws.
166,1446,2,25,96,123,1.2357723577235773,0.0417549524166163,687,The carriage was horseless.
281,1446,5,19,99,123,1.2357723577235773,0.04629596219205625,687,Fencer-bender?
346,1446,4,21,98,123,1.2357723577235773,0.04483342607880306,687,"But officer, intermodal jousting is legal where I come from....."
451,1446,5,19,99,123,1.2357723577235773,0.04629596219205625,687,This is how we deal with road ragers where I come from.
475,1446,8,13,102,123,1.2357723577235773,0.050429715240745826,687,He told me to crack the door.
590,1446,4,21,98,123,1.2357723577235773,0.04483342607880306,687,What's a ticket?
766,1446,6,17,100,123,1.2357723577235773,0.04771368919516814,687,I just wanted the donut.
858,1446,5,19,99,123,1.2357723577235773,0.04629596219205625,687,I thought it would make a great door stop for the castle.
878,1446,3,23,97,123,1.2357723577235773,0.04332154282385029,687,"Sorry, didn't you say Tudor?"
898,1446,5,19,99,123,1.2357723577235773,0.04629596219205625,687,"Hey, the rest of that beast wasn't touched"
455,1446,5,19,99,123,1.2357723577235773,0.04629596219205625,687,We misplaced our GPS.
1012,1446,3,23,97,123,1.2357723577235773,0.04332154282385029,687,The electric horse had no driver.
933,1446,4,21,98,123,1.2357723577235773,0.04483342607880306,687,It was not I who was errant.
1962,1446,5,19,99,123,1.2357723577235773,0.04629596219205625,687,"I’m sorry, my horse has AI."
1947,1446,6,17,100,123,1.2357723577235773,0.04771368919516814,687,Didn’t you see the demo...Musk was wrong when he said the new Tesla was lance-proof.
1830,1446,6,17,100,123,1.2357723577235773,0.04771368919516814,687,"But sire, the metal beast made cursed sounds, and it's rider seemed to cast a spell on me with his long finger..."
1796,1446,4,21,98,123,1.2357723577235773,0.04483342607880306,687,The driver kept blowing his horn at me!
1705,1446,4,21,98,123,1.2357723577235773,0.04483342607880306,687,He zigged and I zagged. It happens.
1836,1446,6,17,100,123,1.2357723577235773,0.04771368919516814,687,He opened his door in the middle of the joust.
1449,1446,5,19,99,123,1.2357723577235773,0.04629596219205625,687,"To be fair, he DID open his door into the horse lane."
1265,1446,5,19,99,123,1.2357723577235773,0.04629596219205625,687,"Sorry, but you can’t park here at knight."
1248,1446,2,25,96,123,1.2357723577235773,0.0417549524166163,687,"It seemed like an open invitation to charge, officer."
1120,1446,6,17,100,123,1.2357723577235773,0.04771368919516814,687,But it was a Charger.
2021,1446,2,25,96,123,1.2357723577235773,0.0417549524166163,687,It was a late model lancer...
2735,1508,5,19,100,124,1.2338709677419355,0.045960437164890795,687,I promise this is performance art.
2918,1508,5,19,100,124,1.2338709677419355,0.045960437164890795,687,So-o-o...how 'bout those Seahawks?
2573,1510,3,22,96,121,1.2314049586776858,0.043535759309308836,687,"Yeah, well, you wouldn't be fining me if I were one of those ""bike messengers."" Because then I'd be dead."
2708,1510,5,18,98,121,1.2314049586776858,0.046592321602405506,687,"Officer, they should have checked for incoming traffic before opening their door"
2863,1510,5,18,98,121,1.2314049586776858,0.046592321602405506,687,"And when he flipped me off, I yelled ""Chivalry is dead and so are you."""
2688,1510,2,24,95,121,1.2314049586776858,0.0419239942253373,687,"But you don't understand Officer, I'm a valet parking attendant at Medieval Times!"
2661,1510,3,22,96,121,1.2314049586776858,0.043535759309308836,687,"Under the Code of Chivalry, it was his fault for not looking first."
2743,1510,3,22,96,121,1.2314049586776858,0.043535759309308836,687,One less car opening into traffic.
2156,1510,7,14,100,121,1.2314049586776858,0.04946035307158547,687,I thought the driver was a Democrat!
2396,1510,6,16,99,121,1.2314049586776858,0.048047741665284735,687,"It had no driver, so I had to stop it!"
2253,1510,5,18,98,121,1.2314049586776858,0.046592321602405506,687,My name? It's... Uhhh... Gawain.
2070,1510,3,22,96,121,1.2314049586776858,0.043535759309308836,687,It was the Knight Rider
2981,1510,5,18,98,121,1.2314049586776858,0.046592321602405506,687,"Sorry Officer, but the scurvy knave was tailgating me."
2116,1510,4,20,97,121,1.2314049586776858,0.04508994772086154,687,"Lucky for him, he was wearing his seat belt."
2478,1510,4,20,97,121,1.2314049586776858,0.04508994772086154,687,"In my defence, you were in my spot."
2986,1510,3,22,96,121,1.2314049586776858,0.043535759309308836,687,I'm the victim here. I was in the joust lane and he doored me!
3437,1510,5,18,98,121,1.2314049586776858,0.046592321602405506,687,I was never very good at parallel lancing.
3087,1510,4,20,97,121,1.2314049586776858,0.04508994772086154,687,"I'm sorry sir, I couldn't fit my knight driving glasses under my helmet"
3133,1510,4,20,97,121,1.2314049586776858,0.04508994772086154,687,"Of course I had MY turn signal on, officer. Why do you ask?"
3162,1510,6,16,99,121,1.2314049586776858,0.048047741665284735,687,I don't know why it threw itself on my lance officer.We were just standing here and it came at us and landed on my lance. Honestly
3169,1510,2,24,95,121,1.2314049586776858,0.0419239942253373,687,I just got my squire's permit.
3225,1510,5,18,98,121,1.2314049586776858,0.046592321602405506,687,But officer Elon assured me it was lance proof.
3283,1510,2,24,95,121,1.2314049586776858,0.0419239942253373,687,A piece of his armor to show you his foul play.
3359,1510,7,14,100,121,1.2314049586776858,0.04946035307158547,687,that's the last time he'll cut anybody off.
3378,1510,5,18,98,121,1.2314049586776858,0.046592321602405506,687,I guess he didn't have enough horsepower.
3384,1510,5,18,98,121,1.2314049586776858,0.046592321602405506,687,"Well, the sign clearly said not to park there during the tournament."
3401,1510,8,12,101,121,1.2314049586776858,0.05083372475825326,687,"My bad, officer, but the driver called me a 'prick'"""
3419,1510,4,20,97,121,1.2314049586776858,0.04508994772086154,687,This DOESN'T belong in my era!!  Where shall I put it?
1957,1510,3,22,96,121,1.2314049586776858,0.043535759309308836,687,How else doth one slay an Impala?
3479,1510,2,24,95,121,1.2314049586776858,0.0419239942253373,687,You CANNOT give me a ticket just because a man on a horse defeated a man in a car with mere horsepower.
3868,1510,8,12,101,121,1.2314049586776858,0.05083372475825326,687,We were arguing about horsepower
3037,1510,4,20,97,121,1.2314049586776858,0.04508994772086154,687,"I was in the jousting lane, and he doored me."
1844,1510,5,18,98,121,1.2314049586776858,0.046592321602405506,687,It's only a puncture wound.
1450,1510,4,20,97,121,1.2314049586776858,0.04508994772086154,687,Ride that horse in the bike lane and you're gonna get doored.
1829,1510,8,12,101,121,1.2314049586776858,0.05083372475825326,687,this couldn't happen with a Tesla truck
121,1510,0,28,93,121,1.2314049586776858,0.038498560987940876,687,Why can't they learn?  Don't open the car door until you check the jousting lane!
135,1510,2,24,95,121,1.2314049586776858,0.0419239942253373,687,Say I'm on a bicycle; it's self defense!
213,1510,5,18,98,121,1.2314049586776858,0.046592321602405506,687,Ford v Dodge Lancer
269,1510,5,18,98,121,1.2314049586776858,0.046592321602405506,687,"In days of old, when knights were bold.....and automobiles weren’t invented."
299,1510,4,20,97,121,1.2314049586776858,0.04508994772086154,687,"I'm not trying to do your job for you officer, but this is his door."
476,1510,3,22,96,121,1.2314049586776858,0.043535759309308836,687,I only had one goblet of mead.
1832,1510,2,24,95,121,1.2314049586776858,0.0419239942253373,687,"I believe, officer, that I had the right of way."
503,1510,3,22,96,121,1.2314049586776858,0.043535759309308836,687,"Prouesse, Prius, who can say?"
757,1510,6,16,99,121,1.2314049586776858,0.048047741665284735,687,We need a jousting lane.
781,1510,5,18,98,121,1.2314049586776858,0.046592321602405506,687,"I'm sorry officer, but they thought their Mustang could beat mine."
800,1510,3,22,96,121,1.2314049586776858,0.043535759309308836,687,Me thinks the bloke did not consult his rearview mirror.
871,1510,4,20,97,121,1.2314049586776858,0.04508994772086154,687,a cab
916,1510,5,18,98,121,1.2314049586776858,0.046592321602405506,687,How dare you question my paranoid delusions
492,1510,5,18,98,121,1.2314049586776858,0.046592321602405506,687,"But officer, I was riding in the jousting lane and about to get doored!"
1131,1510,5,18,98,121,1.2314049586776858,0.046592321602405506,687,I was just trying to be a gentleman and open the door for her sir
972,1510,3,22,96,121,1.2314049586776858,0.043535759309308836,687,It's not mine.
1732,1510,7,14,100,121,1.2314049586776858,0.04946035307158547,687,"Trust me, I tried a carrot on a stick first, but the mule wouldn't budge."
1719,1510,2,24,95,121,1.2314049586776858,0.0419239942253373,687,It's defensive driving.
1700,1510,4,20,97,121,1.2314049586776858,0.04508994772086154,687,My therapist told me to not let obstacles block my path.
1595,1510,3,22,96,121,1.2314049586776858,0.043535759309308836,687,It certainly surprised them officer.
1592,1510,5,18,98,121,1.2314049586776858,0.046592321602405506,687,"Elon said,""Whatever you do,keep away from the windows."""
1612,1510,5,18,98,121,1.2314049586776858,0.046592321602405506,687,The jerk doored ME in the jousting lane!
1325,1510,5,18,98,121,1.2314049586776858,0.046592321602405506,687,"I’m not sure what happened, officer. I was trotting down the bike lane and someone opened their door."
1250,1510,7,14,100,121,1.2314049586776858,0.04946035307158547,687,"I've said it before, it's the fastest way uptown."
1218,1510,4,20,97,121,1.2314049586776858,0.04508994772086154,687,So much for THAT 'Challenger' !
1176,1510,4,20,97,121,1.2314049586776858,0.04508994772086154,687,"Don't worry, it was self-driving."
1460,1510,6,16,99,121,1.2314049586776858,0.048047741665284735,687,"Sir, you're under arrest for car-jousting."
1051,1570,5,18,99,122,1.2295081967213115,0.046247751562393156,687,"Officer, you trying riding in the bike-lane!"
1541,1571,5,17,96,118,1.228813559322034,0.04724944508372923,687,The car's name was Lancer.  What was I supposed to do?
1992,1571,3,21,94,118,1.228813559322034,0.044076988978739455,687,He cut me off so I acquired one of his doors.
2020,1571,4,19,95,118,1.228813559322034,0.04569075955897573,687,The knave's mount was a new Mustang
1987,1571,1,25,92,118,1.228813559322034,0.04065774039642998,687,"Of course, it is a front door from a Dodge Lancer!"
1847,1571,2,23,93,118,1.228813559322034,0.0424018443677596,687,Methinks some of us be well advised to take the pill that chilleths!
1039,1571,7,13,98,118,1.228813559322034,0.050221899247328054,687,Elon Musk challenged me to it!
3843,1571,4,19,95,118,1.228813559322034,0.04569075955897573,687,The ad said it was a door buster sale.
607,1571,7,13,98,118,1.228813559322034,0.050221899247328054,687,That's right officer...Lance a Parking Lot.
474,1571,6,15,97,118,1.228813559322034,0.048758328646135496,687,"Technically, it was you riding on wrong side of history."
3049,1571,2,23,93,118,1.228813559322034,0.0424018443677596,687,He opened the door without looking officer!
2466,1571,5,17,96,118,1.228813559322034,0.04724944508372923,687,The driver of this car keeps getting his captions rejected.
2046,1571,4,19,95,118,1.228813559322034,0.04569075955897573,687,"Prithee, it didst cut me off!"
2456,1571,4,19,95,118,1.228813559322034,0.04569075955897573,687,"So, I'm guessing that other guy said it wasn't his fault."
901,1571,6,15,97,118,1.228813559322034,0.048758328646135496,687,Door me twice...
2351,1571,4,19,95,118,1.228813559322034,0.04569075955897573,687,It says inflate the front to 32 psi and the back to 35.
2862,1586,2,24,97,123,1.2276422764227641,0.04132454472601138,687,"Clearly, this joust was rigged."
1851,1586,7,14,102,123,1.2276422764227641,0.04872492281611262,687,When you write this up can you call it St. George and the Drag Racer?
110,1588,5,17,97,119,1.226890756302521,0.04689014880207883,687,"But officer, the sign only says ""No Parking or Standing""."
117,1588,2,23,94,119,1.226890756302521,0.04208796139977964,687,A Knight of the Round Table does not yield.
399,1588,6,15,98,119,1.226890756302521,0.048385079394151514,687,So I’m at this renaissance festival and ...
1264,1588,3,21,95,119,1.226890756302521,0.04374730103773937,687,I'm from Connecticut.
1679,1588,3,21,95,119,1.226890756302521,0.04374730103773937,687,I tilted.
1785,1588,4,19,96,119,1.226890756302521,0.04534596124666279,687,Yield? Never!
2655,1588,4,19,96,119,1.226890756302521,0.04534596124666279,687,What else could I do? He threatened me first with his Dodge Cutlass
2417,1595,4,18,94,116,1.2241379310344827,0.04595514222515574,687,"American made car, officer. I am quality checker in disguise!"
2264,1595,5,16,95,116,1.2241379310344827,0.047558386583394015,687,"I wasn't just tilting at windmills, Officer, it was a real gas-guzzler!"
2384,1595,5,16,95,116,1.2241379310344827,0.047558386583394015,687,"...As you can see the car went into me, I didn't go into it!"
2535,1595,0,26,90,116,1.2241379310344827,0.038886693701178233,687,"Officer, the last thing I remember is that I was in Camelot and Merlin said I was late for the joust."
2557,1595,3,20,93,116,1.2241379310344827,0.044293905443672864,687,the door belongs to Hubie the evil cab driver.
2693,1595,3,20,93,116,1.2241379310344827,0.044293905443672864,687,He didn't use his turn signal.
2848,1595,2,22,92,116,1.2241379310344827,0.04256788721526796,687,Can you believe it? He opened the door in the joust lane without even looking.
3635,1595,5,16,95,116,1.2241379310344827,0.047558386583394015,687,"No officer, I was not texting and riding. This chariot ran a red lamp"
3154,1595,4,18,94,116,1.2241379310344827,0.04595514222515574,687,Should've sprung for the jousting insurance.
3219,1595,4,18,94,116,1.2241379310344827,0.04595514222515574,687,"By my honor, the brazen Corolla shall ne'er speed again."
3311,1595,4,18,94,116,1.2241379310344827,0.04595514222515574,687,"It's our new promotion, officer. Checker Cab jousts the competition."
1961,1595,2,22,92,116,1.2241379310344827,0.04256788721526796,687,I killed a Transformer.
3694,1595,2,22,92,116,1.2241379310344827,0.04256788721526796,687,'Twas the other man's folly.
3858,1595,4,18,94,116,1.2241379310344827,0.04595514222515574,687,Do I get points for accuracy?
3005,1595,2,22,92,116,1.2241379310344827,0.04256788721526796,687,"I sweareth, it didst approcheth me at great speed!"
1900,1595,2,22,92,116,1.2241379310344827,0.04256788721526796,687,"Here, I've got the door for you."
1898,1595,6,14,96,116,1.2241379310344827,0.049109318585140345,687,"I’m not sure what happened, but a man with crazy white hair told me this is part of something called a Delorean."
517,1595,4,18,94,116,1.2241379310344827,0.04595514222515574,687,It was this or the bicyclist.
46,1595,6,14,96,116,1.2241379310344827,0.049109318585140345,687,I had the right of way.
192,1595,5,16,95,116,1.2241379310344827,0.047558386583394015,687,"Frankly, who can resist teal gray for a new breast plate?"
264,1595,3,20,93,116,1.2241379310344827,0.044293905443672864,687,The guy with the fancy car underestimated my horsepower
287,1595,5,16,95,116,1.2241379310344827,0.047558386583394015,687,Mitsubishi Lancer.   You ticketed any Dodge Chargers recently?
1787,1595,5,16,95,116,1.2241379310344827,0.047558386583394015,687,"But officer, he was driving a Challenger!"
526,1595,7,12,97,116,1.2241379310344827,0.05061274749880775,687,You say I need a fishing license?
817,1595,6,14,96,116,1.2241379310344827,0.049109318585140345,687,"I saw the light turn, but he is colorblind."
704,1595,2,22,92,116,1.2241379310344827,0.04256788721526796,687,"I couldn't help it, sir. It was a Mustang."
1041,1595,3,20,93,116,1.2241379310344827,0.044293905443672864,687,It was self-defense. His horse had wheels and was in the wrong lane.
1111,1595,5,16,95,116,1.2241379310344827,0.047558386583394015,687,"No, I said 'a tourney'."
1269,1595,5,16,95,116,1.2241379310344827,0.047558386583394015,687,"Get to the point, Officer."
1384,1595,3,20,93,116,1.2241379310344827,0.044293905443672864,687,Only thing I can tell you is that he had 300 horsepower and wore a cheap armor
1614,1595,1,24,91,116,1.2241379310344827,0.04076886047574195,687,But it’s a love token from Lady Chevrolet.
823,1595,5,16,95,116,1.2241379310344827,0.047558386583394015,687,"That cabbie didn't deserve the title ""Checker"""
749,1627,3,22,100,125,1.224,0.04229542795393436,687,Hit and run? What gave it away?
3036,1628,4,19,98,121,1.2231404958677685,0.04467144104934325,687,It's a Lancia. So I did.
3012,1629,6,13,94,113,1.2212389380530972,0.04986472420170196,687,I hate my job.
3232,1629,3,19,91,113,1.2212389380530972,0.044859862695137545,687,It wasn't a complete failure to signal.
2969,1629,6,13,94,113,1.2212389380530972,0.04986472420170196,687,It was my misguided attempt of a coup upon a coupe.
3313,1629,5,15,93,113,1.2212389380530972,0.04825414911504224,687,Joust Uber
2843,1629,4,17,92,113,1.2212389380530972,0.04658792862879463,687,The stupid driver opened his door without looking.
2740,1629,3,19,91,113,1.2212389380530972,0.044859862695137545,687,"...but officer, I was doored!"
2719,1629,3,19,91,113,1.2212389380530972,0.044859862695137545,687,... Left lane is for passing only!!
2920,1629,4,17,92,113,1.2212389380530972,0.04658792862879463,687,"O.K. Lancelot, what's your excuse this time?"
3319,1629,3,19,91,113,1.2212389380530972,0.044859862695137545,687,The challenger could not dodge this valiant lancer.
1903,1629,3,19,91,113,1.2212389380530972,0.044859862695137545,687,My Kingdom for a KIA.
3440,1629,6,13,94,113,1.2212389380530972,0.04986472420170196,687,But I aimed at the windmill
3638,1629,4,17,92,113,1.2212389380530972,0.04658792862879463,687,"I'm sorry,officer,I just couldn't slow down in time. I must need new breakshoes."
3667,1629,5,15,93,113,1.2212389380530972,0.04825414911504224,687,"0fficer, really - putting more points on my license would be fedual."
3744,1629,3,19,91,113,1.2212389380530972,0.044859862695137545,687,"Really, officer, I was only picking up trash."
3820,1629,6,13,94,113,1.2212389380530972,0.04986472420170196,687,Please report front and center for my insurance claim.
3841,1629,1,23,89,113,1.2212389380530972,0.0411867898146536,687,"No, I didn't get the plate number."
3997,1629,2,21,90,113,1.2212389380530972,0.043062506524023,687,"It's an open-and-shut case of self defence, officer!"
2589,1629,4,17,92,113,1.2212389380530972,0.04658792862879463,687,"In my defense, Officer, you were parked in a loading zone."
3372,1629,5,15,93,113,1.2212389380530972,0.04825414911504224,687,I believeth this belongs to one of thy contemp'raries.
2563,1629,3,19,91,113,1.2212389380530972,0.044859862695137545,687,My wife says the only reason she won’t ride the horse is because it doesn’t have any doors.
1375,1629,5,15,93,113,1.2212389380530972,0.04825414911504224,687,"He cut me off, I swear!"
2256,1629,3,19,91,113,1.2212389380530972,0.044859862695137545,687,Here's the VIN. The rest is still parked in the fire lane at Medieval Times.
2418,1629,4,17,92,113,1.2212389380530972,0.04658792862879463,687,She ran the stop sign Officer
678,1629,3,19,91,113,1.2212389380530972,0.044859862695137545,687,"But I left a note on the windshield, officer."
788,1629,3,19,91,113,1.2212389380530972,0.044859862695137545,687,"Introducing the 2020 Dodge Lancer, Motor Trend's choice for best jousting vehicle in its class."
824,1629,3,19,91,113,1.2212389380530972,0.044859862695137545,687,"License and heredity, please."
877,1629,2,21,90,113,1.2212389380530972,0.043062506524023,687,Am I being detain'd?
996,1629,4,17,92,113,1.2212389380530972,0.04658792862879463,687,I also offered them my horse.
1193,1629,4,17,92,113,1.2212389380530972,0.04658792862879463,687,"I believe it was an Impala, officer."
1428,1629,3,19,91,113,1.2212389380530972,0.044859862695137545,687,"C'mon, give me a break, I'm on my knight shift!"
348,1629,3,19,91,113,1.2212389380530972,0.044859862695137545,687,"You gotta admit, it’s a clean stab!"
1547,1629,0,25,88,113,1.2212389380530972,0.03922147170035036,687,"What else am I to do with a Bronco coming right at me, good sir?"
1683,1629,2,21,90,113,1.2212389380530972,0.043062506524023,687,"I'm sorry, Officer.  It was just a Yugo"
1751,1629,2,21,90,113,1.2212389380530972,0.043062506524023,687,Oops! I thought that's how you open it.
1798,1629,4,17,92,113,1.2212389380530972,0.04658792862879463,687,It's OK. I'm just testing the Tesla Cybertruck impact resistance.
1858,1629,7,11,95,113,1.2212389380530972,0.0514248824267676,687,It was moving too fast to get its license plate number.
1873,1629,4,17,92,113,1.2212389380530972,0.04658792862879463,687,"Good Sir, this is my turn signal."
1876,1629,3,19,91,113,1.2212389380530972,0.044859862695137545,687,They told me the enemy was yellow.
1474,1629,5,15,93,113,1.2212389380530972,0.04825414911504224,687,"I clearly signaled “stay put scoundrel or face doom,” and he gout out anyway."
1802,1668,2,21,91,114,1.219298245614035,0.04272719019722035,687,Chivalry 101: Always get the door?
2392,1668,3,19,92,114,1.219298245614035,0.044506945270085925,687,They really don't make them like they used to.
2737,1670,3,18,90,111,1.2162162162162162,0.045077793173721833,687,"Licence & Animal insurance, please."
2855,1670,2,20,89,111,1.2162162162162162,0.04322276337316575,687,"I swear officer, it was a Mustang."
2936,1670,3,18,90,111,1.2162162162162162,0.045077793173721833,687,"But officer, this is the door to m’lady’s heart!"
2874,1670,0,24,87,111,1.2162162162162162,0.03925056618715647,687,"It wasn't my fault. They opened the door while I was in the bike lane"""
2646,1670,2,20,89,111,1.2162162162162162,0.04322276337316575,687,It is not my fault. He signaled left.
2974,1670,6,12,93,111,1.2162162162162162,0.05023353390727487,687,It came at me head-on...a Dodge Lancer.
2856,1670,3,18,90,111,1.2162162162162162,0.045077793173721833,687,Renaissance festival ticket?
2595,1670,5,14,92,111,1.2162162162162162,0.04857579402349662,687,"But officer, I was just galloping down the road on my way to the Crusades when someone unexpectedly opened their car door."
2421,1670,5,14,92,111,1.2162162162162162,0.04857579402349662,687,"Alas, 'tis a self-driving horse."
2543,1670,3,18,90,111,1.2162162162162162,0.045077793173721833,687,I think he got the point Sir
2489,1670,5,14,92,111,1.2162162162162162,0.04857579402349662,687,Medieval Times IS autonomous!
2450,1670,3,18,90,111,1.2162162162162162,0.045077793173721833,687,I dismembered the Rogue from the province of Nissan!
2402,1670,1,22,88,111,1.2162162162162162,0.04128446572032288,687,"Officer, please, I can explain."
2331,1670,4,16,91,111,1.2162162162162162,0.04685944516544137,687,Show some civility when greeting a knight of the Coer D'or.
2290,1670,5,14,92,111,1.2162162162162162,0.04857579402349662,687,In my defense they didn't use their turn signals.
3200,1670,4,16,91,111,1.2162162162162162,0.04685944516544137,687,I’d like to report a flagrant violation of the rules of jousting.
2568,1670,3,18,90,111,1.2162162162162162,0.045077793173721833,687,"The driver said, ""Surely you joust."" I got upset..."
3229,1670,3,18,90,111,1.2162162162162162,0.045077793173721833,687,He said his insurance won't cover this.
1887,1670,2,20,89,111,1.2162162162162162,0.04322276337316575,687,"Well sir, he opened his car door right into the jousting lane!"
3321,1670,2,20,89,111,1.2162162162162162,0.04322276337316575,687,"But Officer, he was on the wrong side of the road!"
2274,1670,3,18,90,111,1.2162162162162162,0.045077793173721833,687,Dragster/Dragon - it could happen to anyone
4003,1670,3,18,90,111,1.2162162162162162,0.045077793173721833,687,Ye olde road rage got the better of me
3909,1670,3,18,90,111,1.2162162162162162,0.045077793173721833,687,"Joust a minute, Officer..."
3882,1670,4,16,91,111,1.2162162162162162,0.04685944516544137,687,make out the Summons to Dodge Charger
3856,1670,5,14,92,111,1.2162162162162162,0.04857579402349662,687,He challenged my horse power and then things got out of hand.
3845,1670,2,20,89,111,1.2162162162162162,0.04322276337316575,687,He tried to pass me on the right.
3810,1670,5,14,92,111,1.2162162162162162,0.04857579402349662,687,"Oh, so it's my fault he didn't look first?"
3728,1670,4,16,91,111,1.2162162162162162,0.04685944516544137,687,"Could have sworn it was a dragon, officer..."
3602,1670,4,16,91,111,1.2162162162162162,0.04685944516544137,687,"Officer, he ran a red light."
3596,1670,4,16,91,111,1.2162162162162162,0.04685944516544137,687,That's funny because my first car was a LaSabre.
3528,1670,5,14,92,111,1.2162162162162162,0.04857579402349662,687,Further proof the airbags were faulty!
3510,1670,3,18,90,111,1.2162162162162162,0.045077793173721833,687,My lady found the color offensive.
3470,1670,4,16,91,111,1.2162162162162162,0.04685944516544137,687,He crosseth the solid lines.
3451,1670,6,12,93,111,1.2162162162162162,0.05023353390727487,687,"Millennials, amirite?"
3424,1670,3,18,90,111,1.2162162162162162,0.045077793173721833,687,Do you think this comes under collision or comprehensive?
3400,1670,3,18,90,111,1.2162162162162162,0.045077793173721833,687,He didn't use his signal.
3351,1670,1,22,88,111,1.2162162162162162,0.04128446572032288,687,"Well, he DID open his door in the middle of a traffic jam..."
3230,1670,5,14,92,111,1.2162162162162162,0.04857579402349662,687,Objects in the mirror are closer than they appear!
2174,1670,4,16,91,111,1.2162162162162162,0.04685944516544137,687,"No, it's okay. It's from a Lancer."
1121,1670,5,14,92,111,1.2162162162162162,0.04857579402349662,687,The Escalade was no match for this fearsome steed.
1979,1670,0,24,87,111,1.2162162162162162,0.03925056618715647,687,"Good Sir, he yelled “ shotgun!” when approaching the vehicle. Pray tell, what else was I  to do?"
884,1670,4,16,91,111,1.2162162162162162,0.04685944516544137,687,"Well, the other ending didn't make sense either."
865,1670,2,20,89,111,1.2162162162162162,0.04322276337316575,687,I was aiming for the side mirror when the driver opened the door.
765,1670,8,8,95,111,1.2162162162162162,0.05339483361163008,687,I can explain: I used to commute by bicycle...
667,1670,3,18,90,111,1.2162162162162162,0.045077793173721833,687,"Officer, I swear he said he was riding a mustang."
608,1670,4,16,91,111,1.2162162162162162,0.04685944516544137,687,ElonMusk said it was ultra-hard 30X cold-rolled Stainless steel.
578,1670,3,18,90,111,1.2162162162162162,0.045077793173721833,687,But officer ..... he started it!
543,1670,1,22,88,111,1.2162162162162162,0.04128446572032288,687,We got that son-of-a-bitch.
502,1670,3,18,90,111,1.2162162162162162,0.045077793173721833,687,"Lance, you did it again."
480,1670,3,18,90,111,1.2162162162162162,0.045077793173721833,687,"Sir Lance a Car Lot, I presume?"
267,1670,4,16,91,111,1.2162162162162162,0.04685944516544137,687,"But, officer, this is my blinker."
242,1670,4,16,91,111,1.2162162162162162,0.04685944516544137,687,"Officer, he pulled out right in front of me.
I thought he was challenging me."
188,1670,3,18,90,111,1.2162162162162162,0.045077793173721833,687,"It was an oncoming Mustang, of course I lanced it."
139,1670,2,20,89,111,1.2162162162162162,0.04322276337316575,687,"Knight vision, officer...It looked like a cougar about to pounce!"
138,1670,4,16,91,111,1.2162162162162162,0.04685944516544137,687,"No, not a -hit-and-run as much a spear-and-gallop, my liege!"
85,1670,2,20,89,111,1.2162162162162162,0.04322276337316575,687,How else was I supposed to signal?
36,1670,2,20,89,111,1.2162162162162162,0.04322276337316575,687,"Tally Ho!,” Fine Sir, I said. 
And he’s like all “That’s my lane!"
2148,1670,4,16,91,111,1.2162162162162162,0.04685944516544137,687,Never underestimate horse power.
912,1670,2,20,89,111,1.2162162162162162,0.04322276337316575,687,I don't think Renaissance Fairs and the Daytona 500 mix very well.
975,1670,4,16,91,111,1.2162162162162162,0.04685944516544137,687,See? Way more fun than writing them a ticket.
888,1670,4,16,91,111,1.2162162162162162,0.04685944516544137,687,My horse didn't come with blind spot detection.
1582,1670,3,18,90,111,1.2162162162162162,0.045077793173721833,687,"I meant to glance it 
Not lance it."
1709,1670,3,18,90,111,1.2162162162162162,0.045077793173721833,687,Obviously more then a fender-bender
1706,1670,3,18,90,111,1.2162162162162162,0.045077793173721833,687,Disturbing the peace? Surely you joust!
982,1670,3,18,90,111,1.2162162162162162,0.045077793173721833,687,"The defeated knight fled leaving leaving a piece if his armor behind. 
As a knight of the round table I offer you evidence of my victory."
1571,1670,5,14,92,111,1.2162162162162162,0.04857579402349662,687,"Honestly, it was Elon Musk who asked me to test the strength of a new Tesla"
1543,1670,2,20,89,111,1.2162162162162162,0.04322276337316575,687,Knight driving has its consequences.
1760,1670,3,18,90,111,1.2162162162162162,0.045077793173721833,687,I did stay in my lane officer.
1209,1670,1,22,88,111,1.2162162162162162,0.04128446572032288,687,It's just a flesh wound!
1174,1670,3,18,90,111,1.2162162162162162,0.045077793173721833,687,He opened his door into the jousting lane without looking.
1156,1670,2,20,89,111,1.2162162162162162,0.04322276337316575,687,Perhaps a few guineas for your guild might dispel your angst?
1795,1670,4,16,91,111,1.2162162162162162,0.04685944516544137,687,"My smith added a fluxxe capacitor, so when the horse hits 88 mph..."
1052,1670,4,16,91,111,1.2162162162162162,0.04685944516544137,687,"The knight was short, wore no armor, and his chariot was called ‘The DeLorean’ or some such."
1937,1670,5,14,92,111,1.2162162162162162,0.04857579402349662,687,I caused the accident? Surely you joust!
986,1670,4,16,91,111,1.2162162162162162,0.04685944516544137,687,Because the knight...
1195,1670,4,16,91,111,1.2162162162162162,0.04685944516544137,687,There's an ordinance against body piercing?
1771,1670,4,16,91,111,1.2162162162162162,0.04685944516544137,687,I shouldn't be getting a ticket. I won the joust!
2977,1747,3,19,94,116,1.2155172413793103,0.04381717927724109,687,I think it's a 2011 Prius.
2821,1748,3,17,88,108,1.212962962962963,0.04566899344097394,687,He was trying to get onto 14th St.
2790,1748,2,19,87,108,1.212962962962963,0.0437331304091476,687,His invisible steed was to fast for me but I nailed his carriage.
2911,1748,1,21,86,108,1.212962962962963,0.0417075104610105,687,He's got a considerable blind spot.
3035,1748,7,9,92,108,1.212962962962963,0.052706147914873866,687,"Sire, what doth thou bring to The Castle?"
3989,1748,3,17,88,108,1.212962962962963,0.04566899344097394,687,A foreseeable consequence of driving defensively.
3738,1748,6,11,91,108,1.212962962962963,0.0510379051440824,687,"No, I do not recall their license plate number"
2616,1748,3,17,88,108,1.212962962962963,0.04566899344097394,687,It's from an Impala--sort of couldn't help myself.
2968,1748,4,15,89,108,1.212962962962963,0.047526068935268895,687,Somebody tried to take King Arthur's royal parking space and I get the ticket?
2364,1748,2,19,87,108,1.212962962962963,0.0437331304091476,687,He didn't know why I pulled him over.
1299,1748,4,15,89,108,1.212962962962963,0.047526068935268895,687,"Officer, I was jousting and I won a 'door prize'."
2075,1748,5,13,90,108,1.212962962962963,0.049313258815131475,687,I... found it this way
1408,1748,5,13,90,108,1.212962962962963,0.049313258815131475,687,It's a Coupe Kebab
1277,1748,2,19,87,108,1.212962962962963,0.0437331304091476,687,Can’t a knight at least try to be a gentleman by opening the door for another?
1221,1748,5,13,90,108,1.212962962962963,0.049313258815131475,687,"Shining armor, huh?"
1118,1748,4,15,89,108,1.212962962962963,0.047526068935268895,687,"Foolishly I put the car before the horse, sir."
510,1748,4,15,89,108,1.212962962962963,0.047526068935268895,687,"No, but I did stay at a Holiday Inn Express last night"
2335,1748,3,17,88,108,1.212962962962963,0.04566899344097394,687,My foe doth ride a Mustang.
3590,1765,3,17,89,109,1.2110091743119267,0.04529023423348228,687,The name is Lance-alot.
3026,1765,3,17,89,109,1.2110091743119267,0.04529023423348228,687,I've just gotten tired of folks not checking before opening their doors into the bike lane.
2197,1765,2,19,88,109,1.2110091743119267,0.04337407810681607,687,"No, officer.  I was jousting.  Not jay walking."
1621,1765,3,17,89,109,1.2110091743119267,0.04529023423348228,687,Sorry officer. The driver didn’t look when he opened the door.
1499,1765,4,15,90,109,1.2110091743119267,0.04712854742331021,687,"In my attempt to unhorse him, my lance dropped and accidentally struck his Mustang."
844,1765,2,19,88,109,1.2110091743119267,0.04337407810681607,687,I got doored in the jousting lane.
1245,1765,2,19,88,109,1.2110091743119267,0.04337407810681607,687,"First of all, don’t you want to know how we got in?"
589,1765,4,15,90,109,1.2110091743119267,0.04712854742331021,687,I glanced at my phone for only a second.
442,1765,3,17,89,109,1.2110091743119267,0.04529023423348228,687,He really shouldn't have opened his door into the bike lane.
35,1765,4,15,90,109,1.2110091743119267,0.04712854742331021,687,"Sir, I am the Thane of Cardoor!"
812,1765,4,15,90,109,1.2110091743119267,0.04712854742331021,687,He didn’t see me coming in the horse lane
2379,1776,1,20,85,106,1.2075471698113207,0.04178622085977893,687,I’m gonna let you go with a warning.
2624,1776,3,16,87,106,1.2075471698113207,0.04588548019119496,687,"Right when I hit 88 MPH, there was a lightning strike, and..."
2628,1776,5,12,89,106,1.2075471698113207,0.04964742018484815,687,I'm undercover.
2684,1776,1,20,85,106,1.2075471698113207,0.04178622085977893,687,He opened it right in front of me!
2549,1776,4,14,88,106,1.2075471698113207,0.04780347070761396,687,As it’s your first offense I’ll joust give you a warning.
2507,1776,3,16,87,106,1.2075471698113207,0.04588548019119496,687,"...and about how fast would you say the Buick was going at the time of impale, I mean, impact?"
2506,1776,4,14,88,106,1.2075471698113207,0.04780347070761396,687,...another case of suicide door by knight.
2461,1776,6,10,90,106,1.2075471698113207,0.0514252938769243,687,"Honest mistake Officer, it's my first day car hopping at White Castle"
2457,1776,2,18,86,106,1.2075471698113207,0.04388374155720299,687,"A Dodge EX-Caliber.  2007, I think."
2389,1776,2,18,86,106,1.2075471698113207,0.04388374155720299,687,Awesome. But... The cyclists still are requesting that you stay out of the bike lane.
1975,1776,4,14,88,106,1.2075471698113207,0.04780347070761396,687,"Well, that's why they call me Lancelot."
2136,1776,3,16,87,106,1.2075471698113207,0.04588548019119496,687,"Impaling a car door in this configuration is topologically impossible, my liege."
2358,1776,5,12,89,106,1.2075471698113207,0.04964742018484815,687,But the Steed was a Charging Bronco
2356,1776,2,18,86,106,1.2075471698113207,0.04388374155720299,687,I insisted on being a gentleman.
2301,1776,2,18,86,106,1.2075471698113207,0.04388374155720299,687,But its my shining armor
2245,1776,3,16,87,106,1.2075471698113207,0.04588548019119496,687,How am I at fault here? The other guy charged at me with multiple horses - that's against the rules!
2208,1776,5,12,89,106,1.2075471698113207,0.04964742018484815,687,Are you gonna how we got inside the car?
2181,1776,4,14,88,106,1.2075471698113207,0.04780347070761396,687,"Officer, he won't be doing anymore dooring with this door."
2171,1776,5,12,89,106,1.2075471698113207,0.04964742018484815,687,"I mean, who brings a car to a joust?"
1982,1776,1,20,85,106,1.2075471698113207,0.04178622085977893,687,"But officer, he opened his door in the bike lane"
2703,1776,5,12,89,106,1.2075471698113207,0.04964742018484815,687,"You're saying I was at fault?! ... surely, you joust, officer."
2002,1776,6,10,90,106,1.2075471698113207,0.0514252938769243,687,"Sorry Senor Quixote, I’ll have to cite you for tilting at car doors again."
2361,1776,5,12,89,106,1.2075471698113207,0.04964742018484815,687,"I came, I drove, I concurred"
2718,1776,4,14,88,106,1.2075471698113207,0.04780347070761396,687,"In my defense, he had his high-beams on."
386,1776,5,12,89,106,1.2075471698113207,0.04964742018484815,687,"Officer, if you would PLEASE give me only a warning, I swear I will adjust the meds."
2904,1776,1,20,85,106,1.2075471698113207,0.04178622085977893,687,I was riding in the bike lane when the driver suddenly opened the door.
1890,1776,4,14,88,106,1.2075471698113207,0.04780347070761396,687,"Speeding, failure to yield, that's fine for jousting, but you're in Manhattan not Merrie Olde England, and I don't believe for a minute that your name is Sir Lancelot."
3967,1776,4,14,88,106,1.2075471698113207,0.04780347070761396,687,I was charging in my lane and this door suddenly opened.
3899,1776,3,16,87,106,1.2075471698113207,0.04588548019119496,687,I thought this was a no fault state?
3862,1776,4,14,88,106,1.2075471698113207,0.04780347070761396,687,She wouldn't stop complaining about the broken air conditioner.
3831,1776,3,16,87,106,1.2075471698113207,0.04588548019119496,687,I am the Knight of No Right on Red.
3826,1776,6,10,90,106,1.2075471698113207,0.0514252938769243,687,I missed the sheriff but I might have got his family.
3803,1776,4,14,88,106,1.2075471698113207,0.04780347070761396,687,I did so because the lanterns on their metal steed were aflame to a great degree.
3769,1776,5,12,89,106,1.2075471698113207,0.04964742018484815,687,I was obeying the law.  I signaled a right turn!
3742,1776,2,18,86,106,1.2075471698113207,0.04388374155720299,687,"It's fine, I have horse insurance."
3592,1776,2,18,86,106,1.2075471698113207,0.04388374155720299,687,"Yeah, Happy New Year to you too. Can I have my police horse back now?"
2785,1776,4,14,88,106,1.2075471698113207,0.04780347070761396,687,"Officer, I'm a freelancer, when one door closes another one always rips open."
3585,1776,5,12,89,106,1.2075471698113207,0.04964742018484815,687,"“ Well, Sir,  that’s why you need a horn...”"
3561,1776,3,16,87,106,1.2075471698113207,0.04588548019119496,687,This dragon will never fly again
3535,1776,3,16,87,106,1.2075471698113207,0.04588548019119496,687,It's a lance sharpener
3502,1776,1,20,85,106,1.2075471698113207,0.04178622085977893,687,I was in the jousting lane and he just opened his door right into me!
3432,1776,4,14,88,106,1.2075471698113207,0.04780347070761396,687,"Wote ye well: ae coat of beaten egg, a heavy infusion of farl crumbs and a light dusting of  days old crumbling of farl, and this shall fry up main well!"
3388,1776,3,16,87,106,1.2075471698113207,0.04588548019119496,687,"In my defense, he didn’t signal."
3371,1776,3,16,87,106,1.2075471698113207,0.04588548019119496,687,When it wheeled I charged.
3174,1776,4,14,88,106,1.2075471698113207,0.04780347070761396,687,Forsooth. No Uber driver steals my fare.
3145,1776,2,18,86,106,1.2075471698113207,0.04388374155720299,687,''Does thou expect'th me not to attack'th a driver on thy phone?''
3081,1776,4,14,88,106,1.2075471698113207,0.04780347070761396,687,No infernal beast shall waylay me on Park Avenue South.
3045,1776,3,16,87,106,1.2075471698113207,0.04588548019119496,687,I'll let you off with a warning...
3567,1776,3,16,87,106,1.2075471698113207,0.04588548019119496,687,It appears that he fixed the shatterproof glass.
1860,1776,2,18,86,106,1.2075471698113207,0.04388374155720299,687,"I don't know how it got there, it came out of nowhere, honest."
76,1776,1,20,85,106,1.2075471698113207,0.04178622085977893,687,This the last time it takes a swipe at me.
1794,1776,5,12,89,106,1.2075471698113207,0.04964742018484815,687,What do you mean this is a no jousting zone?
855,1776,5,12,89,106,1.2075471698113207,0.04964742018484815,687,"I was seeking Camelot, not a parking lot...."
854,1776,5,12,89,106,1.2075471698113207,0.04964742018484815,687,It was a fair dual. The other Lancer lost.
816,1776,3,16,87,106,1.2075471698113207,0.04588548019119496,687,"The guy has no mirror on this side, and I got doored."
755,1776,4,14,88,106,1.2075471698113207,0.04780347070761396,687,He was in the handicap zone !
714,1776,4,14,88,106,1.2075471698113207,0.04780347070761396,687,‘On what charge?’ I thought that was supposed to be my line.
690,1776,2,18,86,106,1.2075471698113207,0.04388374155720299,687,"Well, he insulted my Mustang."
669,1776,3,16,87,106,1.2075471698113207,0.04588548019119496,687,"Actually, I was jousting with a cyclist in the bike lane when...."
512,1776,5,12,89,106,1.2075471698113207,0.04964742018484815,687,"But officer, I forgot that I wasn’t wearing my virtual-reality headset."
505,1776,5,12,89,106,1.2075471698113207,0.04964742018484815,687,They said the drive-thru was for cars only.
863,1776,1,20,85,106,1.2075471698113207,0.04178622085977893,687,"Ironically, it was a Dodge Lancer."
457,1776,4,14,88,106,1.2075471698113207,0.04780347070761396,687,He blocked the box.
354,1776,3,16,87,106,1.2075471698113207,0.04588548019119496,687,I'm pretty sure it was a Mustang.
350,1776,2,18,86,106,1.2075471698113207,0.04388374155720299,687,"Suddenly, the wagon door flew open...."
349,1776,3,16,87,106,1.2075471698113207,0.04588548019119496,687,Traffic downtown was positively Medieval.
332,1776,3,16,87,106,1.2075471698113207,0.04588548019119496,687,On tonight’s episode of The Shield...
297,1776,2,18,86,106,1.2075471698113207,0.04388374155720299,687,"Sir, Officer, My GPS told
me to turn left."
145,1776,3,16,87,106,1.2075471698113207,0.04588548019119496,687,Strange guy—he kept going on about chicken.
57,1776,3,16,87,106,1.2075471698113207,0.04588548019119496,687,I told him if he took my spot again I'd be waiting.
48,1776,2,18,86,106,1.2075471698113207,0.04388374155720299,687,I  got so tired of people taking my parking spot.
1852,1776,1,20,85,106,1.2075471698113207,0.04178622085977893,687,"There I was, just minding my own business, when, out of nowhere, he just opened his door. Right in front of me!!!"
422,1776,3,16,87,106,1.2075471698113207,0.04588548019119496,687,"I'm confused, I was told my enemy rode a Mustang."
983,1776,4,14,88,106,1.2075471698113207,0.04780347070761396,687,"They just don’t make Volvo’s like they used to, wouldn’t you say Officer?"
520,1776,2,18,86,106,1.2075471698113207,0.04388374155720299,687,I'm glad I wasn't on a bike.
1021,1776,2,18,86,106,1.2075471698113207,0.04388374155720299,687,My friend Lance got a new Charger and I guess we just took the joke a little too far.
1790,1776,2,18,86,106,1.2075471698113207,0.04388374155720299,687,'Twas worth it to unhorse Sir Uber.
1789,1776,3,16,87,106,1.2075471698113207,0.04588548019119496,687,Hark! I hath slayed thy guttural beast of 500 horsepower.
1004,1776,6,10,90,106,1.2075471698113207,0.0514252938769243,687,"As for the car door, I have no explanation, officer."
1749,1776,2,18,86,106,1.2075471698113207,0.04388374155720299,687,They sure don’t make armor like they used to!
1686,1776,3,16,87,106,1.2075471698113207,0.04588548019119496,687,You're fining me for piercing his shield?
1561,1776,3,16,87,106,1.2075471698113207,0.04588548019119496,687,"Honestly Officer, I just had my eyes checked."
1548,1776,3,16,87,106,1.2075471698113207,0.04588548019119496,687,A Chevy insulted my horse's blanket.
1531,1776,5,12,89,106,1.2075471698113207,0.04964742018484815,687,He dost cutteth me off.
1516,1776,4,14,88,106,1.2075471698113207,0.04780347070761396,687,Can I blame this on video games?
1513,1776,3,16,87,106,1.2075471698113207,0.04588548019119496,687,How about a warning?
1467,1776,5,12,89,106,1.2075471698113207,0.04964742018484815,687,I was joust kidding.
1786,1776,4,14,88,106,1.2075471698113207,0.04780347070761396,687,What are the charges noble Knight of the Law?
1367,1776,2,18,86,106,1.2075471698113207,0.04388374155720299,687,"It was just defensive riding officer, he passed on the right!"
1044,1776,2,18,86,106,1.2075471698113207,0.04388374155720299,687,It tried to take my parking space.
1452,1776,3,16,87,106,1.2075471698113207,0.04588548019119496,687,This is why you should never ride a Mustang in a match.
1079,1776,4,14,88,106,1.2075471698113207,0.04780347070761396,687,Since when is there a law against texting while jousting?
1129,1776,3,16,87,106,1.2075471698113207,0.04588548019119496,687,It was a Dodge Lancer.
1055,1776,4,14,88,106,1.2075471698113207,0.04780347070761396,687,It was easy: he was double parked.
1242,1776,2,18,86,106,1.2075471698113207,0.04388374155720299,687,He opened his door right into the dedicated jousting lane...
1324,1776,3,16,87,106,1.2075471698113207,0.04588548019119496,687,It was a smite and run accident
1364,1776,5,12,89,106,1.2075471698113207,0.04964742018484815,687,How can you give a door a ticket?
1198,1776,1,20,85,106,1.2075471698113207,0.04178622085977893,687,I think it was a Mustang or a Bronco
3029,1874,5,13,93,111,1.2072072072072073,0.048087275823962834,687,"Oops, sorry about that!  How many donuts is this going to cost me?"
2625,1874,3,17,91,111,1.2072072072072073,0.04455093454204471,687,You may call me Sir Lancel-auto.
2117,1876,5,11,87,103,1.203883495145631,0.05042976033443273,687,But he was driving a Mustang.
2638,1876,3,15,85,103,1.203883495145631,0.046501891458189094,687,"A strong object attacked me, officer, but the occupants ran away>"
2237,1876,1,19,83,103,1.203883495145631,0.04221008281193103,687,"This is not what it looks like, officer. The Insurance Institute has added a new safety test and this car failed badly."
2369,1876,3,15,85,103,1.203883495145631,0.046501891458189094,687,She didn't use her blinkers
1905,1876,4,13,86,103,1.203883495145631,0.04850560089606933,687,Joust lives matter.
2388,1876,2,17,84,103,1.203883495145631,0.044407865295346474,687,‘He was about ye high’
2802,1876,3,15,85,103,1.203883495145631,0.046501891458189094,687,I can't stand cars! They take too much space.
3494,1876,2,17,84,103,1.203883495145631,0.044407865295346474,687,"The self-driving car drove right into the middle of our Renaissance charging battle Officer."""
3331,1876,3,15,85,103,1.203883495145631,0.046501891458189094,687,You'll find Elon Musk a couple of miles back.
3332,1876,3,15,85,103,1.203883495145631,0.046501891458189094,687,"Not my fault, officer. My steed saw a Mustang and went nuts."
3423,1876,3,15,85,103,1.203883495145631,0.046501891458189094,687,I think I still haven't fully adjusted to my new contacts.
3427,1876,1,19,83,103,1.203883495145631,0.04221008281193103,687,A fair lady asked me for assistance in giving someone the door.
3555,1876,4,13,86,103,1.203883495145631,0.04850560089606933,687,"My superior said to hurry, there is a coupe at the palace."
3780,1876,2,17,84,103,1.203883495145631,0.044407865295346474,687,"I saw the radio antenna and got
confused."
3837,1876,6,9,88,103,1.203883495145631,0.05228315346732527,687,"' Twas no accident, the damsel hadn't  a  scarf."
1793,1876,3,15,85,103,1.203883495145631,0.046501891458189094,687,But the salesman said I could charge the car.
3239,1876,3,15,85,103,1.203883495145631,0.046501891458189094,687,"Clearly, Sir, the driver needed to yield!"""
1758,1876,3,15,85,103,1.203883495145631,0.046501891458189094,687,Elon told me it was lance-proof.
2385,1876,1,19,83,103,1.203883495145631,0.04221008281193103,687,They challenged—I triumphed!
1627,1876,3,15,85,103,1.203883495145631,0.046501891458189094,687,It’s really the first time I hear about road rage...
1753,1876,3,15,85,103,1.203883495145631,0.046501891458189094,687,They're supposed to stay out of the horse lanes.
51,1876,4,13,86,103,1.203883495145631,0.04850560089606933,687,"But Mr. Officer, my horse is in labor."
103,1876,2,17,84,103,1.203883495145631,0.044407865295346474,687,You should have seen the other door.
126,1876,4,13,86,103,1.203883495145631,0.04850560089606933,687,"The he said, ""So do you use your lance a lot, Lancelot?"""
316,1876,4,13,86,103,1.203883495145631,0.04850560089606933,687,He made a left turn at the last moment.
382,1876,5,11,87,103,1.203883495145631,0.05042976033443273,687,What's the problem Officer?  Haven't you seen a Mitsubishi Lancer before?
450,1876,3,15,85,103,1.203883495145631,0.046501891458189094,687,"But, my good sir, twas YOU who doored ME."
563,1876,1,19,83,103,1.203883495145631,0.04221008281193103,687,"We were only jousting, Officer."
601,1876,2,17,84,103,1.203883495145631,0.044407865295346474,687,"There was a dog stuck in there, so I tried to break the window"
981,1876,2,17,84,103,1.203883495145631,0.044407865295346474,687,So am I at fault?
1056,1876,2,17,84,103,1.203883495145631,0.044407865295346474,687,"Forsooth, my squire hath my policy number."
1135,1876,5,11,87,103,1.203883495145631,0.05042976033443273,687,"It was not a hit and run, I can explain"
1183,1876,2,17,84,103,1.203883495145631,0.044407865295346474,687,"Sorry, he gets excited when he sees flashing lights."
1249,1876,2,17,84,103,1.203883495145631,0.044407865295346474,687,It wouldn’t yield.
1385,1876,2,17,84,103,1.203883495145631,0.044407865295346474,687,My kingdom for a Mustang.
1463,1876,3,15,85,103,1.203883495145631,0.046501891458189094,687,"Officer, that's roadway skill in
action, not reckless operation."
1472,1876,6,9,88,103,1.203883495145631,0.05228315346732527,687,I didn't know you could get a ticket at the Demolition Derby.
2944,1913,3,15,86,104,1.2019230769230769,0.04609429503917236,687,"I thought 'twas common sense to check ye bike lane before getting out, but alas here we are."
1919,1913,1,19,84,104,1.2019230769230769,0.04184819040754393,687,What was I supposed to do...its mount was somehow INSIDE of it.
2882,1913,4,13,87,104,1.2019230769230769,0.04807692307692308,687,Surely you’re not going to ticket me – I only winged the metal beast.
908,1913,2,17,85,104,1.2019230769230769,0.04402246628452523,687,I joust can’t
193,1913,3,15,86,104,1.2019230769230769,0.04609429503917236,687,He blinked first.
1521,1913,3,15,86,104,1.2019230769230769,0.04609429503917236,687,In this land you forbidith texting and crusading?
2816,1919,3,14,83,100,1.2,0.04714045207910317,687,This happens every time my horse sees a Mustang.
3056,1919,4,12,84,100,1.2,0.04923659639173309,687,I’ve defeated the Ford beast. Share my story.
3102,1919,3,14,83,100,1.2,0.04714045207910317,687,"All those in favor of the proposition, raise ... something.""

{Why my last week's caption in this week's entry space?]
(For this week:]
""But officer, it was a 'Charger!"
4006,1919,1,18,81,100,1.2,0.04264014327112209,687,It was his fault for stopping in the jousting lane.
3158,1919,2,16,82,100,1.2,0.044946657497549475,687,"What's the real charge here, officer?"
3159,1919,2,16,82,100,1.2,0.044946657497549475,687,There goes my safe rider discount
3195,1919,2,16,82,100,1.2,0.044946657497549475,687,"Fair contest, officer, armour to amour!"
3199,1919,2,16,82,100,1.2,0.044946657497549475,687,"How now, officer! I ride in search of the legendary Medallions of Taxi."
3248,1919,4,12,84,100,1.2,0.04923659639173309,687,I assume it was a Dodge Charger.
3570,1919,4,12,84,100,1.2,0.04923659639173309,687,My steed hath bested the Mustang.
3580,1919,3,14,83,100,1.2,0.04714045207910317,687,Double parking???
3644,1919,3,14,83,100,1.2,0.04714045207910317,687,I wish to assert my fifth amendment privilege.
3665,1919,3,14,83,100,1.2,0.04714045207910317,687,"You're right, I was tilting at DeVilles."
3684,1919,3,14,83,100,1.2,0.04714045207910317,687,Fear not the Lancer of Mitsubishi.
3763,1919,2,16,82,100,1.2,0.044946657497549475,687,"And then, he started bragging about the horsepower."
3771,1919,3,14,83,100,1.2,0.04714045207910317,687,"Look, officer, can you let this one slide? I am up to my neck in chivalrous lawsuits as it is."
3793,1919,2,16,82,100,1.2,0.044946657497549475,687,The Lexus started it.
3931,1919,0,20,80,100,1.2,0.04020151261036848,687,Would it help if I said I'd been drinking?
2792,1919,3,14,83,100,1.2,0.04714045207910317,687,Don Quixote....De La Mancha
3327,1919,1,18,81,100,1.2,0.04264014327112209,687,It shouldn't count as texting.
2709,1919,5,10,85,100,1.2,0.05124707431905383,687,I've had it with those lousy Lyft drivers!
2132,1919,5,10,85,100,1.2,0.05124707431905383,687,My king is going to kill me.
2395,1919,4,12,84,100,1.2,0.04923659639173309,687,THERE'S ONE DOOR THAT WILL NEVER HIT US AGAIN!
187,1919,5,10,85,100,1.2,0.05124707431905383,687,He was in the wrong lane in the wrong time with the wrong armor.
210,1919,4,12,84,100,1.2,0.04923659639173309,687,"Checker Cab 1, Uber 0"
2547,1919,2,16,82,100,1.2,0.044946657497549475,687,You've got to be jousting!
379,1919,1,18,81,100,1.2,0.04264014327112209,687,"Sorry, my vector was down."
640,1919,4,12,84,100,1.2,0.04923659639173309,687,I was trying to poke holes in their claims about side impact protection.
892,1919,3,14,83,100,1.2,0.04714045207910317,687,"Sorry, Sire. Open door season doesn't start until midnight."
960,1919,2,16,82,100,1.2,0.044946657497549475,687,Wasn't it a Dragon?
977,1919,4,12,84,100,1.2,0.04923659639173309,687,My charger bested his.
1036,1919,5,10,85,100,1.2,0.05124707431905383,687,"Forsooth, hé hath ne checked his mirror."
276,1919,4,12,84,100,1.2,0.04923659639173309,687,Apparently all knight vision rates in this town is a lousy door prize.
1161,1919,4,12,84,100,1.2,0.04923659639173309,687,"Take a right on park street, the Palace will be the first drawbridge on your right."
1432,1919,3,14,83,100,1.2,0.04714045207910317,687,Nothing a bit of Armor All can’t polish up....
1692,1919,3,14,83,100,1.2,0.04714045207910317,687,I was joust opening the door for my lady
1698,1919,3,14,83,100,1.2,0.04714045207910317,687,"'Mitsubishi Lancer, officer."
2006,1919,2,16,82,100,1.2,0.044946657497549475,687,"It’s like it came right out of another century, and now it’s just— hanging there."
2142,1919,1,18,81,100,1.2,0.04264014327112209,687,"It was not a hit and run, officer. I went into a half cantor."
2169,1919,2,16,82,100,1.2,0.044946657497549475,687,I fought the car and I won!
2222,1919,2,16,82,100,1.2,0.044946657497549475,687,I'm pretty sure it was a Mitsubishi Lancer.
1158,1919,2,16,82,100,1.2,0.044946657497549475,687,Our kingdom is self-insured.
3066,1961,6,8,87,101,1.198019801980198,0.05268964235901019,687,Not my fault. The horse told me to do it
3016,1961,4,12,85,101,1.198019801980198,0.04878687126635613,687,This flying DeLorean appeared out of nowhere.
3011,1961,4,12,85,101,1.198019801980198,0.04878687126635613,687,"Thy sign commanded, 'Dead End.'"
2901,1961,4,12,85,101,1.198019801980198,0.04878687126635613,687,"So you see, sir, my horse cannot go above the car speed limit."
2890,1961,2,16,83,101,1.198019801980198,0.0445434529869386,687,I say constable... I had the right-of-way.
2550,1961,0,20,81,101,1.198019801980198,0.03985071643068933,687,"Yon scoundrel openeth before me, I tell you."
2791,1961,3,14,84,101,1.198019801980198,0.046713370740932486,687,I need a new career
2770,1961,3,14,84,101,1.198019801980198,0.046713370740932486,687,"To be fair, it was a Dodge Charger."
2587,1961,2,16,83,101,1.198019801980198,0.0445434529869386,687,"Yes, that is blood on the end of my lance. I was in the bike lane and that guy deserved what he got."
2447,1961,4,12,85,101,1.198019801980198,0.04878687126635613,687,Ford Fiestas just piss me off…
3126,1961,3,14,84,101,1.198019801980198,0.046713370740932486,687,At least I got the package delivered on time.
2871,1961,4,12,85,101,1.198019801980198,0.04878687126635613,687,Have  I convinced you that there’s a right and wrong side of the road?
3152,1961,2,16,83,101,1.198019801980198,0.0445434529869386,687,"Officer,"
2445,1961,3,14,84,101,1.198019801980198,0.046713370740932486,687,Aren’t you the people who advise others to look before opening doors?
3255,1961,3,14,84,101,1.198019801980198,0.046713370740932486,687,I thought a Ford Pinto would be a worthy challenger.
3276,1961,4,12,85,101,1.198019801980198,0.04878687126635613,687,"Name? Starts with L, A, N, C"
3609,1961,2,16,83,101,1.198019801980198,0.0445434529869386,687,Just because my horse had a few beers doesn't mean that *I* was driving under the influence
3646,1961,3,14,84,101,1.198019801980198,0.046713370740932486,687,I had green!
3669,1961,7,6,88,101,1.198019801980198,0.05453639348087293,687,Joust do it
3746,1961,4,12,85,101,1.198019801980198,0.04878687126635613,687,The Knight Rider had more horsepower and got away.
3788,1961,1,18,82,101,1.198019801980198,0.04226226924834268,687,Sir Chevrolet says he! Defeated in fair combat!
3795,1961,2,16,83,101,1.198019801980198,0.0445434529869386,687,Is there a Mitsubishi Lancer missing a car door?
3869,1961,3,14,84,101,1.198019801980198,0.046713370740932486,687,"Officer, no worries.  I have collision coverage."
3893,1961,4,12,85,101,1.198019801980198,0.04878687126635613,687,"Forsooth, 'twas an '83 Mazda, officer, but victory is mine!"
3962,1961,3,14,84,101,1.198019801980198,0.046713370740932486,687,Are you saying chivalry is dead sir?
3968,1961,1,18,82,101,1.198019801980198,0.04226226924834268,687,"The other guy was driving his Lancer right at me, Officer!"
3249,1961,4,12,85,101,1.198019801980198,0.04878687126635613,687,To the victor go the spoils in the fight against bureaucracy.
2431,1961,5,10,86,101,1.198019801980198,0.05077576794042807,687,I just wanted to test its mettle.
4030,1961,4,12,85,101,1.198019801980198,0.04878687126635613,687,"You made your point about horsepower, but it’s still destruction of property."
2345,1961,1,18,82,101,1.198019801980198,0.04226226924834268,687,"Yes, it’s my own Accord."
2430,1961,3,14,84,101,1.198019801980198,0.046713370740932486,687,But officer this is proof I prevailed.
40,1961,1,18,82,101,1.198019801980198,0.04226226924834268,687,"I was signalling a right, and…anyway, here’s your door, officer."
58,1961,5,10,86,101,1.198019801980198,0.05077576794042807,687,"I told them I could Jimmy it open, but I’ve never been very good with names."
108,1961,4,12,85,101,1.198019801980198,0.04878687126635613,687,"Failure to yield, officer? Verily, but he started it."
118,1961,3,14,84,101,1.198019801980198,0.046713370740932486,687,"Thy ""Text Not Whilst Driving Crusade"" will soon be the talk o'er all the countryside!"""
218,1961,5,10,86,101,1.198019801980198,0.05077576794042807,687,"Biagra. It’s like Viagra, but for biceps."
237,1961,5,10,86,101,1.198019801980198,0.05077576794042807,687,Rachel Maddow wouldn't give me a ticket.
654,1961,2,16,83,101,1.198019801980198,0.0445434529869386,687,I told him not to ride THAT kind of charger!
734,1961,2,16,83,101,1.198019801980198,0.0445434529869386,687,My opponent's armor did look unusual.
899,1961,5,10,86,101,1.198019801980198,0.05077576794042807,687,Has there ever been a clearer  case of self-defense?
1050,1961,3,14,84,101,1.198019801980198,0.046713370740932486,687,"I guess we know who's got more horsepower now,huh?!"
1112,1961,6,8,87,101,1.198019801980198,0.05268964235901019,687,"It is a one door, one horsepower convertible."
1180,1961,3,14,84,101,1.198019801980198,0.046713370740932486,687,Its security was breached.
279,1961,3,14,84,101,1.198019801980198,0.046713370740932486,687,I had no idea that Aston Martin DB5s were still being manufactured
1400,1961,3,14,84,101,1.198019801980198,0.046713370740932486,687,Upon advice of learned counsel I taketh the Fifth.
1200,1961,4,12,85,101,1.198019801980198,0.04878687126635613,687,"Good Sir Officer, witness the demon Vin# of yon fossil fuel invader of the bike path I have humbly vanquished for thee!"
2146,1961,5,10,86,101,1.198019801980198,0.05077576794042807,687,The officer didn:1%2C%22surl%22:%22https://www.newyorker.com/cartoons/contest%22%2C%22sref%22:%22%22%2C%22sts%22:1575496453371%2C%2
2108,1961,3,14,84,101,1.198019801980198,0.046713370740932486,687,"“Not my fault, the driver opened  his door in traffic”."
1950,1961,3,14,84,101,1.198019801980198,0.046713370740932486,687,Officer: You say your name is  Sir Lance alot ?
1933,1961,4,12,85,101,1.198019801980198,0.04878687126635613,687,The driver opened the door to block my road rage but the VIN number is on the decal.
1881,1961,5,10,86,101,1.198019801980198,0.05077576794042807,687,"Officer, I'm not coming off my high horse -- they showed no regard for knight parking hours."
2199,1961,4,12,85,101,1.198019801980198,0.04878687126635613,687,That's Sir Lyft Slayer to you...
1856,1961,4,12,85,101,1.198019801980198,0.04878687126635613,687,He kept saying it's a zebra crossing...
1568,1961,5,10,86,101,1.198019801980198,0.05077576794042807,687,He tried to open his door in front of a biker.
1507,1961,4,12,85,101,1.198019801980198,0.04878687126635613,687,I guess chivalry is not dead.
1479,1961,4,12,85,101,1.198019801980198,0.04878687126635613,687,What do you mean you've never seen Game of Thrones?
1863,1961,3,14,84,101,1.198019801980198,0.046713370740932486,687,You really need to widen the jousting lanes
2657,2018,4,11,83,98,1.1938775510204083,0.04952576121200433,687,I didn't realize that committing an anachronism was a crime.
2701,2018,5,9,84,98,1.1938775510204083,0.05160614749575169,687,"I've been asking for a ""No Parking"" sign in front of the windmill for ages!"
2705,2018,5,9,84,98,1.1938775510204083,0.05160614749575169,687,"The driver was so smug bragging about his ""zero emissions"" vehicle. Elmer here just ate lunch; his digestive system shall not be besmirched!"
2707,2018,1,17,80,98,1.1938775510204083,0.04268044887831027,687,This is all I could stop from the speeding Dodge Lancer
2741,2018,3,13,82,98,1.1938775510204083,0.04735406622354269,687,It was elaborate stunt to try to prove it was indestructible.
2752,2018,3,13,82,98,1.1938775510204083,0.04735406622354269,687,The door flung open in the bike lane - what was I supposed to do?
2854,2018,1,17,80,98,1.1938775510204083,0.04268044887831027,687,He said he was a 'Knight Rider'.
2804,2018,3,13,82,98,1.1938775510204083,0.04735406622354269,687,I'm working my way up to windmills.
2924,2018,4,11,83,98,1.1938775510204083,0.04952576121200433,687,"C'mon, officer! He threatened my horsepower."
2962,2018,1,17,80,98,1.1938775510204083,0.04268044887831027,687,He was tailgating.
2985,2018,4,11,83,98,1.1938775510204083,0.04952576121200433,687,I hate Mustangs.
2762,2018,2,15,81,98,1.1938775510204083,0.0450778676534157,687,"Officer, it was a Mitsubishi Lancer. What would you expect me to do?"
2644,2018,1,17,80,98,1.1938775510204083,0.04268044887831027,687,The other guy fled on foot for some reason.
2086,2018,1,17,80,98,1.1938775510204083,0.04268044887831027,687,I simply gave the driver a tip.
2601,2018,3,13,82,98,1.1938775510204083,0.04735406622354269,687,But I had to go a long way back to get you one of The Doors.
2525,2018,4,11,83,98,1.1938775510204083,0.04952576121200433,687,I'll have to write you up for a 523.
2512,2018,2,15,81,98,1.1938775510204083,0.0450778676534157,687,"In my defense, it was an armored truck."
2452,2018,5,9,84,98,1.1938775510204083,0.05160614749575169,687,"Knight: We were just jousting around. 
Officer: I don't tolerate horseplay around here."
2437,2018,4,11,83,98,1.1938775510204083,0.04952576121200433,687,A Mitsubishi Lancer challenged me at a red light.
2427,2018,3,13,82,98,1.1938775510204083,0.04735406622354269,687,That'll teach HIM to drive at a knight.
2309,2018,1,17,80,98,1.1938775510204083,0.04268044887831027,687,They sure don't make 'em like they used to.
2295,2018,1,17,80,98,1.1938775510204083,0.04268044887831027,687,He ran the stop sign!
2233,2018,5,9,84,98,1.1938775510204083,0.05160614749575169,687,"I would've pulled over sooner, but I got stuck in traffic."
2205,2018,0,19,79,98,1.1938775510204083,0.04014009567414172,687,Frankly the real crime here is this low quality manufacturing
2175,2018,2,15,81,98,1.1938775510204083,0.0450778676534157,687,It wasn't my fault. Your car was parked in the bike lane.
2096,2018,2,15,81,98,1.1938775510204083,0.0450778676534157,687,They don't make breastplates like they used to.
3025,2018,4,11,83,98,1.1938775510204083,0.04952576121200433,687,We have another Don Quijote impersonator
2636,2018,3,13,82,98,1.1938775510204083,0.04735406622354269,687,"I know what you're thinking, and alcohol was NOT a factor."
3076,2018,3,13,82,98,1.1938775510204083,0.04735406622354269,687,Carbon smoke and fire! It is you that is the dragon.
3421,2018,4,11,83,98,1.1938775510204083,0.04952576121200433,687,"And thus, the coupe de gras."
3106,2018,5,9,84,98,1.1938775510204083,0.05160614749575169,687,A damsel in distress accidentally locked her keys in the coach.
4001,2018,3,13,82,98,1.1938775510204083,0.04735406622354269,687,Thou doth protest too much....the airbag was compromised.
3993,2018,5,9,84,98,1.1938775510204083,0.05160614749575169,687,You didn't slow down at the 'whoa sign'
3974,2018,1,17,80,98,1.1938775510204083,0.04268044887831027,687,"It’s not what you think, officer. I’m training to become a picador."
3955,2018,3,13,82,98,1.1938775510204083,0.04735406622354269,687,It’s joust a joke officer!
3949,2018,1,17,80,98,1.1938775510204083,0.04268044887831027,687,It’s just a very alternate side of the street parking accident.
3876,2018,2,15,81,98,1.1938775510204083,0.0450778676534157,687,It was either the Mustang or me.
3814,2018,2,15,81,98,1.1938775510204083,0.0450778676534157,687,"You're going to charge me?  Surely, you joust."
3707,2018,3,13,82,98,1.1938775510204083,0.04735406622354269,687,"Alas, I have injured your steed!"
3674,2018,1,17,80,98,1.1938775510204083,0.04268044887831027,687,The accident happened in the Renaissance Faire parking lot.
3593,2018,2,15,81,98,1.1938775510204083,0.0450778676534157,687,How can it be a hit-and-run if I'm still here?
3550,2018,4,11,83,98,1.1938775510204083,0.04952576121200433,687,"Yeah, buddy it's a clear case of Spear and Run."
3544,2018,5,9,84,98,1.1938775510204083,0.05160614749575169,687,That's life in the joust lane.
3507,2018,1,17,80,98,1.1938775510204083,0.04268044887831027,687,"If we had dedicated lanes, this never would have happened."
3500,2018,2,15,81,98,1.1938775510204083,0.0450778676534157,687,"Officer, I swear I was in the horse lane."
3467,2018,2,15,81,98,1.1938775510204083,0.0450778676534157,687,I felt challenged.
2077,2018,3,13,82,98,1.1938775510204083,0.04735406622354269,687,"Sorry, Officer, my aim was bad.  I was tilting at windshields!"
3389,2018,2,15,81,98,1.1938775510204083,0.0450778676534157,687,"Why, yes, my worthy opponent was riding a Mustang. How did you know?"
3363,2018,2,15,81,98,1.1938775510204083,0.0450778676534157,687,"As I rode down 5th Avenue in the Jousting Lane, Suddenly......"
3356,2018,3,13,82,98,1.1938775510204083,0.04735406622354269,687,What no jousting zone?
3330,2018,3,13,82,98,1.1938775510204083,0.04735406622354269,687,"Well, if you don't know, how should I know what it is?"
3303,2018,1,17,80,98,1.1938775510204083,0.04268044887831027,687,Doesn't being in the cross-walk count???
3244,2018,2,15,81,98,1.1938775510204083,0.0450778676534157,687,See? No steel beam protector!
3221,2018,3,13,82,98,1.1938775510204083,0.04735406622354269,687,Well take your performance art someplace else or I'm writing you a ticket.
3196,2018,2,15,81,98,1.1938775510204083,0.0450778676534157,687,I thought it was ajar.
3175,2018,2,15,81,98,1.1938775510204083,0.0450778676534157,687,Did you say it was a mid-century Cavalier or you are?
3161,2018,3,13,82,98,1.1938775510204083,0.04735406622354269,687,Elon Musk issued me a challenge. As a knight I could not deny him
3108,2018,6,7,85,98,1.1938775510204083,0.05360585691021162,687,"NBC hasn't produced a police procedural this bad since ""Cop Rock."""
3088,2018,4,11,83,98,1.1938775510204083,0.04952576121200433,687,He challenged me to a game of chicken.
2028,2018,0,19,79,98,1.1938775510204083,0.04014009567414172,687,The other guy didn’t stop saying he had to get to charging station asap.
3009,2018,1,17,80,98,1.1938775510204083,0.04268044887831027,687,Can you please point me in the direction of the Tesla Cybertruck?
1936,2018,4,11,83,98,1.1938775510204083,0.04952576121200433,687,He shouldn't have opened his door into the bike lane.
794,2018,4,11,83,98,1.1938775510204083,0.04952576121200433,687,It’s like it had a mind of its own.
741,2018,4,11,83,98,1.1938775510204083,0.04952576121200433,687,He should have checked his mirror before opening!
711,2018,1,17,80,98,1.1938775510204083,0.04268044887831027,687,I don't need to show you no stinking medallion!
701,2018,3,13,82,98,1.1938775510204083,0.04735406622354269,687,"I won fair and square  even though he had 299 more horsepower than I"""
671,2018,2,15,81,98,1.1938775510204083,0.0450778676534157,687,"In fairness, this can happen when you joust with a Bronco."
642,2018,1,17,80,98,1.1938775510204083,0.04268044887831027,687,I think it was a Mustang.
610,2018,5,9,84,98,1.1938775510204083,0.05160614749575169,687,"Forgive me, but it moved, and  I thought it was a windmill."
604,2018,2,15,81,98,1.1938775510204083,0.0450778676534157,687,I don't care if your carriage is horseless. It was still self defense!
568,2018,1,17,80,98,1.1938775510204083,0.04268044887831027,687,"If you frame it as “criminal mischief”. But there’s no law against CHIVALRY, is there?!"
565,2018,3,13,82,98,1.1938775510204083,0.04735406622354269,687,"But officer, I need it so I can roll down the window when I get too hot."
554,2018,1,17,80,98,1.1938775510204083,0.04268044887831027,687,How many points do I get for this one?
518,2018,3,13,82,98,1.1938775510204083,0.04735406622354269,687,It was self-defense.
487,2018,3,13,82,98,1.1938775510204083,0.04735406622354269,687,"I rescued it from a Mercedes in distress, but it may not survive."
486,2018,5,9,84,98,1.1938775510204083,0.05160614749575169,687,"Tis manifest my foeman didst commit the more dishonorable offense of joust and run."""
358,2018,2,15,81,98,1.1938775510204083,0.0450778676534157,687,It was knightime and my horse doesn’t have headlights
356,2018,3,13,82,98,1.1938775510204083,0.04735406622354269,687,Something tells me you've already figured it out.
343,2018,1,17,80,98,1.1938775510204083,0.04268044887831027,687,"I don't see the problem, officer. He was coming right at me."
256,2018,4,11,83,98,1.1938775510204083,0.04952576121200433,687,It happens everytime I see someone driving a Toyota Avalon.....
244,2018,3,13,82,98,1.1938775510204083,0.04735406622354269,687,It was 'joust' a mistake.
202,2018,2,15,81,98,1.1938775510204083,0.0450778676534157,687,He was in the jousting lane.
164,2018,2,15,81,98,1.1938775510204083,0.0450778676534157,687,License and registration.
91,2018,3,13,82,98,1.1938775510204083,0.04735406622354269,687,I guess I had more horsepower.
89,2018,3,13,82,98,1.1938775510204083,0.04735406622354269,687,Another suicide door.
62,2018,2,15,81,98,1.1938775510204083,0.0450778676534157,687,"‘Twas a Mustang, sire."
26,2018,2,15,81,98,1.1938775510204083,0.0450778676534157,687,I swear a Dragon was driving.
20,2018,3,13,82,98,1.1938775510204083,0.04735406622354269,687,"So, do you lance a lot?"
2016,2018,2,15,81,98,1.1938775510204083,0.0450778676534157,687,Got  the door but missed the driver.
950,2018,4,11,83,98,1.1938775510204083,0.04952576121200433,687,Thy Lord locked his keys in his car.
968,2018,1,17,80,98,1.1938775510204083,0.04268044887831027,687,I'm spearheading a new sport for the  next Olympics.
333,2018,2,15,81,98,1.1938775510204083,0.0450778676534157,687,It’s not my fault. I distinctly heard you tell him no parking before knight.
1088,2018,1,17,80,98,1.1938775510204083,0.04268044887831027,687,Roll down your window and keep your hands on the reins sir.
1913,2018,4,11,83,98,1.1938775510204083,0.04952576121200433,687,But I joust had to stop him
994,2018,3,13,82,98,1.1938775510204083,0.04735406622354269,687,He met me on the field of battle astride his Mustang.
1837,2018,2,15,81,98,1.1938775510204083,0.0450778676534157,687,I slayed a Toro. as per the royal Fiat.
1744,2018,5,9,84,98,1.1938775510204083,0.05160614749575169,687,"It's not my fault, officer.  He parked in a jousting zone."
1735,2018,0,19,79,98,1.1938775510204083,0.04014009567414172,687,Like my jaws of life?
1637,2018,4,11,83,98,1.1938775510204083,0.04952576121200433,687,"Alas, my liege, I failed to defender milady's Honda."
1566,2018,4,11,83,98,1.1938775510204083,0.04952576121200433,687,Unfortunate the Volvo had to face death over a parking spot.
1514,2018,4,11,83,98,1.1938775510204083,0.04952576121200433,687,The directions said to take a sharp right.
1511,2018,2,15,81,98,1.1938775510204083,0.0450778676534157,687,But this was part of his armor
1468,2018,3,13,82,98,1.1938775510204083,0.04735406622354269,687,"In fairness to me, it was a Mitsubishi Lancer."
1433,2018,3,13,82,98,1.1938775510204083,0.04735406622354269,687,It attacked a rider in the bike lane so I thought the chivalrous response was to lance the offending vehicle.
1396,2018,2,15,81,98,1.1938775510204083,0.0450778676534157,687,"Sorry, Officer. She’s got a mind of her own."
1394,2018,4,11,83,98,1.1938775510204083,0.04952576121200433,687,How long do I have to stay still for it not to be a moving violation?
1336,2018,2,15,81,98,1.1938775510204083,0.0450778676534157,687,"No,I'm not sorry--I had to stand my own ground!"
1574,2018,4,11,83,98,1.1938775510204083,0.04952576121200433,687,What's the fine for texting while riding?
1300,2018,3,13,82,98,1.1938775510204083,0.04735406622354269,687,I wounded him in his left front before he got away.
1089,2018,4,11,83,98,1.1938775510204083,0.04952576121200433,687,"But officer, I was just attempting a citizen's arrest!"
1328,2018,2,15,81,98,1.1938775510204083,0.0450778676534157,687,I shouldn’t have agreed to let him joust on a Mustang!
1103,2018,3,13,82,98,1.1938775510204083,0.04735406622354269,687,"But, somehow, the delivery bike got around him."
1114,2018,1,17,80,98,1.1938775510204083,0.04268044887831027,687,"Sir, that is what he gets for passing on the right."
1152,2018,3,13,82,98,1.1938775510204083,0.04735406622354269,687,I told them twice not to park where I tie up my horse.
1191,2018,3,13,82,98,1.1938775510204083,0.04735406622354269,687,All I can tell you is that's why no one should open the door without looking first...and I definitely had the right of way.
1116,2018,2,15,81,98,1.1938775510204083,0.0450778676534157,687,"No, Officer, thank goodness he wasn't wearing a seat belt!"
1275,2018,7,5,86,98,1.1938775510204083,0.05553360541872721,687,"Admittedly, officer my  driverless car concept is something of a work in progress"
1280,2018,3,13,82,98,1.1938775510204083,0.04735406622354269,687,Modernization ain't shit
1289,2018,3,13,82,98,1.1938775510204083,0.04735406622354269,687,What’s the big deal? It was a Mitsubishi Lancer.
1294,2018,5,9,84,98,1.1938775510204083,0.05160614749575169,687,Could you let me off with a warning if I swearest not to joust in the bike lane again?
1259,2018,3,13,82,98,1.1938775510204083,0.04735406622354269,687,I'd like to report a dooring incident.
2815,2139,1,16,78,95,1.1894736842105262,0.043101320360528265,687,Breaking and entering?  What a ridiculous charge!
2618,2139,4,10,81,95,1.1894736842105262,0.050295291171453975,687,It was interesting how I got this from inside the car
2865,2139,1,16,78,95,1.1894736842105262,0.043101320360528265,687,Don't block the box. Right?
2813,2139,2,14,79,95,1.1894736842105262,0.0456255189839455,687,"Mr. Musk said it has to pass every test, Officer."
2769,2139,2,14,79,95,1.1894736842105262,0.0456255189839455,687,"Don't worry, it was a Tesla."
2202,2139,3,12,80,95,1.1894736842105262,0.048017206793896844,687,"Lance up, don't shoot!"
2748,2139,2,14,79,95,1.1894736842105262,0.0456255189839455,687,"But I was in thy horse, bike, and chariot lane!"
2631,2139,2,14,79,95,1.1894736842105262,0.0456255189839455,687,"I'm doing performance art titled: Revenge of the  
""Door'ed Bicyclist"""
2612,2139,4,10,81,95,1.1894736842105262,0.050295291171453975,687,"Twas a ""Duel"" with Sir Dennis Weaver."
2368,2139,2,14,79,95,1.1894736842105262,0.0456255189839455,687,The door-opens in the horse lane are a problem.
2582,2139,5,8,82,95,1.1894736842105262,0.05247456983868299,687,"This was off one of those self drive automobiles.  It mistook me for another car and I had to defend myself, officer.  It was life or death."
2577,2139,2,14,79,95,1.1894736842105262,0.0456255189839455,687,"I know your more tolerant now, but a knight cannot extend it to Dodge Challengers."
2438,2139,3,12,80,95,1.1894736842105262,0.048017206793896844,687,"I don't know what happened here, but this has got to have someone to blame."
2347,2139,4,10,81,95,1.1894736842105262,0.050295291171453975,687,There is always more than one way.
2343,2139,3,12,80,95,1.1894736842105262,0.048017206793896844,687,The Chevrolets are our sworn enemies.
2316,2139,4,10,81,95,1.1894736842105262,0.050295291171453975,687,It's driverless!
2943,2139,4,10,81,95,1.1894736842105262,0.050295291171453975,687,Uber driver !
2225,2139,3,12,80,95,1.1894736842105262,0.048017206793896844,687,'Twas he who lowered his visor first.
2596,2139,1,16,78,95,1.1894736842105262,0.043101320360528265,687,Is there among you any gentleman who for the love of his lady is willing to try with me some feat of arms?
2956,2139,3,12,80,95,1.1894736842105262,0.048017206793896844,687,It was an old but still dangerous Pinto!
3536,2139,2,14,79,95,1.1894736842105262,0.0456255189839455,687,He stole my parking place.
3123,2139,2,14,79,95,1.1894736842105262,0.0456255189839455,687,It’s not my fault. He was parked in the bike lane.
4008,2139,1,16,78,95,1.1894736842105262,0.043101320360528265,687,What else could I do?  Turning left was my first choice!
2155,2139,2,14,79,95,1.1894736842105262,0.0456255189839455,687,‘’ This weakling is giving horsepower a bad name.’’
3963,2139,2,14,79,95,1.1894736842105262,0.0456255189839455,687,"Well, I didn't get ""doored""."
3922,2139,2,14,79,95,1.1894736842105262,0.0456255189839455,687,Defending fair maiden bikers everywhere!
3804,2139,3,12,80,95,1.1894736842105262,0.048017206793896844,687,And that’ll be another ticket for an exposed weapon
3692,2139,4,10,81,95,1.1894736842105262,0.050295291171453975,687,"I had no choice, he was going the wrong direction on a one way street"
3604,2139,2,14,79,95,1.1894736842105262,0.0456255189839455,687,That'll teach the bastard to door me!
3591,2139,3,12,80,95,1.1894736842105262,0.048017206793896844,687,"I pay your salary, and this is how I'm treated?"
3093,2139,2,14,79,95,1.1894736842105262,0.0456255189839455,687,"But officer, he pulled out in front of me!"
3495,2139,2,14,79,95,1.1894736842105262,0.0456255189839455,687,I swear officer! He opened his door without looking.
3404,2139,2,14,79,95,1.1894736842105262,0.0456255189839455,687,My opponent was pretty fast but his shield was weak!
3341,2139,3,12,80,95,1.1894736842105262,0.048017206793896844,687,Isn’t that adorable
3302,2139,3,12,80,95,1.1894736842105262,0.048017206793896844,687,Any leniency for a guy with only one horsepower?
3279,2139,1,16,78,95,1.1894736842105262,0.043101320360528265,687,I was joust kidding. He took me very seriously.
3278,2139,4,10,81,95,1.1894736842105262,0.050295291171453975,687,"You may have an impelling case but for a start, let me see your license, registration and insurance card."
3256,2139,3,12,80,95,1.1894736842105262,0.048017206793896844,687,I'll admit to driving under the influence of Honor.
3228,2139,3,12,80,95,1.1894736842105262,0.048017206793896844,687,I should have sold my used door on eBay!
3165,2139,1,16,78,95,1.1894736842105262,0.043101320360528265,687,He was parked in the jousting lane.
3466,2139,4,10,81,95,1.1894736842105262,0.050295291171453975,687,They just won’t stay out of the jousting lane.
2151,2139,2,14,79,95,1.1894736842105262,0.0456255189839455,687,Why are you writing me a ticket? THEY were parked in the jousting lane !
834,2139,3,12,80,95,1.1894736842105262,0.048017206793896844,687,When is a door not a door?
2079,2139,1,16,78,95,1.1894736842105262,0.043101320360528265,687,They don't make them like they're going to.
1000,2139,3,12,80,95,1.1894736842105262,0.048017206793896844,687,"Yes, Sir. I do happen to be Lancelot."
967,2139,1,16,78,95,1.1894736842105262,0.043101320360528265,687,"Sorry, your Official Seal bore the Crest and Motto of an Ancient and Mortal Foe."
894,2139,1,16,78,95,1.1894736842105262,0.043101320360528265,687,T’was an Impala.
847,2139,2,14,79,95,1.1894736842105262,0.0456255189839455,687,I used to cycle to work.
807,2139,3,12,80,95,1.1894736842105262,0.048017206793896844,687,He wanted to race and I blew his doors off.
745,2139,2,14,79,95,1.1894736842105262,0.0456255189839455,687,Tournament rules now require a side airbag.
646,2139,1,16,78,95,1.1894736842105262,0.043101320360528265,687,Did someone say law and o'door?
564,2139,2,14,79,95,1.1894736842105262,0.0456255189839455,687,It was my right of way.
466,2139,2,14,79,95,1.1894736842105262,0.0456255189839455,687,Mayor de Blasio's orders.  This guy was riding in the bike lane
417,2139,2,14,79,95,1.1894736842105262,0.0456255189839455,687,"So, David Hasselhoff isn't a knight?"
413,2139,3,12,80,95,1.1894736842105262,0.048017206793896844,687,"It was like this when I got here, Officer"
389,2139,3,12,80,95,1.1894736842105262,0.048017206793896844,687,I was joust galloping defensively.
369,2139,4,10,81,95,1.1894736842105262,0.050295291171453975,687,With my steed in the car it was the only way I could get out.
312,2139,2,14,79,95,1.1894736842105262,0.0456255189839455,687,"I told the dealer this horse had a blind spot

Bob Greene
9176966823
bob@contourventures.com"
246,2139,2,14,79,95,1.1894736842105262,0.0456255189839455,687,"Officer, my horse ate my jousting license."
169,2139,4,10,81,95,1.1894736842105262,0.050295291171453975,687,The only fair prize is your Crown Victoria.
109,2139,1,16,78,95,1.1894736842105262,0.043101320360528265,687,I want to report a car that doored me in the bike lane.
1030,2139,3,12,80,95,1.1894736842105262,0.048017206793896844,687,Milady would have been more impressed with an SUV.
2099,2139,1,16,78,95,1.1894736842105262,0.043101320360528265,687,My wife suggested T-bone.
1054,2139,1,16,78,95,1.1894736842105262,0.043101320360528265,687,He was trying to take my parking space!
1093,2139,3,12,80,95,1.1894736842105262,0.048017206793896844,687,It's all in good jest until someone looses a door.
2078,2139,2,14,79,95,1.1894736842105262,0.0456255189839455,687,I suppose this sort of thing happens when you joust with a Ford Mustang !
2034,2139,1,16,78,95,1.1894736842105262,0.043101320360528265,687,"You see, sire, I lost my keys."
2033,2139,1,16,78,95,1.1894736842105262,0.043101320360528265,687,I think it was a DeLorean.
2012,2139,2,14,79,95,1.1894736842105262,0.0456255189839455,687,But we're playing 14th Century rules here!
1983,2139,1,16,78,95,1.1894736842105262,0.043101320360528265,687,Chevy is not dead!
1973,2139,2,14,79,95,1.1894736842105262,0.0456255189839455,687,"Constable, he challenged me in the jousting lane!"
1968,2139,3,12,80,95,1.1894736842105262,0.048017206793896844,687,"I was just minding my own business, keeping to the bike lane."
1073,2139,1,16,78,95,1.1894736842105262,0.043101320360528265,687,It's not what it looks like: he came at ME.
1877,2139,2,14,79,95,1.1894736842105262,0.0456255189839455,687,I make a mockery of the beast thou doth call a 'Dodge'
1888,2139,3,12,80,95,1.1894736842105262,0.048017206793896844,687,"My statement:  ""No Fault Insurance"".........."
1813,2139,2,14,79,95,1.1894736842105262,0.0456255189839455,687,Knight Mare
1803,2139,0,18,77,95,1.1894736842105262,0.04041979281351409,687,"Sir, please come off the horse. We've got an APB on a Mitsubishi Lancer"
1602,2139,2,14,79,95,1.1894736842105262,0.0456255189839455,687,"I drive a Mitsubishi Lancer, why do you ask?"
1485,2139,1,16,78,95,1.1894736842105262,0.043101320360528265,687,"Officer, I was just jousting around - can you let this one slide?"
1422,2139,1,16,78,95,1.1894736842105262,0.043101320360528265,687,I offered a draw.
1330,2139,2,14,79,95,1.1894736842105262,0.0456255189839455,687,We had the green light.
1254,2139,2,14,79,95,1.1894736842105262,0.0456255189839455,687,I do freelance work for Tesla's new CyberTruck division.
1177,2139,1,16,78,95,1.1894736842105262,0.043101320360528265,687,So... I was in the middle of scene 3 when this happened.
1834,2139,1,16,78,95,1.1894736842105262,0.043101320360528265,687,He opened it right into the duel efficiency lane!
479,2223,3,10,72,85,1.188235294117647,0.051569532748121864,687,"Lance, I dunno how you do it."
1814,2224,3,12,81,96,1.1875,0.047555369390792634,687,But officer; I believe the statute of limitations us up.
1588,2224,2,14,80,96,1.1875,0.04519087200177378,687,Mat-a-door
2039,2224,4,10,82,96,1.1875,0.04980774441298032,687,"I had the right of way, but he wouldn't yield, sire."
1296,2224,4,10,82,96,1.1875,0.04980774441298032,687,He's lucky it was just the door.
1065,2224,2,14,80,96,1.1875,0.04519087200177378,687,I was doored.
1477,2224,4,10,82,96,1.1875,0.04980774441298032,687,I had no choice. I’m positive it was a Dodge Lancer.
125,2230,3,12,82,97,1.1855670103092784,0.04710223423323986,687,...as long as you write on the ticket I won the joust
239,2230,3,12,82,97,1.1855670103092784,0.04710223423323986,687,It looked like a windmill to me.
921,2230,4,10,83,97,1.1855670103092784,0.04932947498266527,687,"Honest, officer, I just drove down for the afternoon from Connecticut to see the Yankees game when I was brutally assaulted by an empty Tesla driving in autopilot mode."
1295,2230,1,16,80,97,1.1855670103092784,0.042297366409248006,687,"It was a Lancer, Sir."
2796,2230,3,12,82,97,1.1855670103092784,0.04710223423323986,687,"Fie on your ticket Sir, but the Damsel, she is still  mine."
2751,2235,6,5,82,93,1.1827956989247312,0.05501123298767839,687,"It is within my rights to not roll down the window, officer."
2761,2235,2,13,78,93,1.1827956989247312,0.04572985230719958,687,It's a pennant from the Fair Lady of Double Park.
2777,2235,2,13,78,93,1.1827956989247312,0.04572985230719958,687,"It seems that on my perilous quest to saving a princess, traffic laws and policemen are the greatest danger"
2938,2235,2,13,78,93,1.1827956989247312,0.04572985230719958,687,My liege I do swear it hath power of 120 steed.
2841,2235,2,13,78,93,1.1827956989247312,0.04572985230719958,687,Is attempted car-door yakitori a crime?
2842,2235,2,13,78,93,1.1827956989247312,0.04572985230719958,687,I'm tired of jostling for space in the bike lane.
2711,2235,3,11,79,93,1.1827956989247312,0.04821797883295062,687,I couldn't help it. It was a Dodge Charger!
2807,2235,2,13,78,93,1.1827956989247312,0.04572985230719958,687,I locked my keys in my car and this was the closest thing to a coat hanger I could find.
2686,2235,3,11,79,93,1.1827956989247312,0.04821797883295062,687,I looked at the window and thought I saw a horse charging at me.
2446,2235,1,15,77,93,1.1827956989247312,0.04309832132858193,687,One step towards the crucial defense of the bike lane!
2652,2235,2,13,78,93,1.1827956989247312,0.04572985230719958,687,Don’t joust and drive. It’s the law.
2487,2235,4,9,80,93,1.1827956989247312,0.050583866730722175,687,I am not your knight in shining armor!
2971,2235,2,13,78,93,1.1827956989247312,0.04572985230719958,687,"I was in the right lane, not going too fast, and she just opened the door."
2432,2235,3,11,79,93,1.1827956989247312,0.04821797883295062,687,"But officer, it's a Mitsubishi Lancer."
2350,2235,4,9,80,93,1.1827956989247312,0.050583866730722175,687,Could you also include in your report that now I have more horsepower?
2334,2235,1,15,77,93,1.1827956989247312,0.04309832132858193,687,"Not another jousting ticket, if you please, Sire!"
2315,2235,2,13,78,93,1.1827956989247312,0.04572985230719958,687,It was an Uber and my horse was jealous.
2228,2235,1,15,77,93,1.1827956989247312,0.04309832132858193,687,'Twas the strangest Charger that e'er have I seen!
2656,2235,4,9,80,93,1.1827956989247312,0.050583866730722175,687,So this was the door to the future!
3034,2235,4,9,80,93,1.1827956989247312,0.050583866730722175,687,My quest was to defeat a Challenger.
3238,2235,1,15,77,93,1.1827956989247312,0.04309832132858193,687,He turned left in front of me.
3201,2235,2,13,78,93,1.1827956989247312,0.04572985230719958,687,Yeah right! I suppose the Yankees play in Connecticut also.
3927,2235,3,11,79,93,1.1827956989247312,0.04821797883295062,687,"Hey, I was in the Joust Lane...!"
3860,2235,2,13,78,93,1.1827956989247312,0.04572985230719958,687,"In my humble defense squire, t'was parked like an absolute arse!"
3768,2235,2,13,78,93,1.1827956989247312,0.04572985230719958,687,It was a ye Oldesmobile.
3758,2235,2,13,78,93,1.1827956989247312,0.04572985230719958,687,His gate was opened amidst the jousting lane
3724,2235,4,9,80,93,1.1827956989247312,0.050583866730722175,687,"So, you thought his car was a transformer?"
3661,2235,5,7,81,93,1.1827956989247312,0.05284393687196336,687,I believe it was a 1523 Dragonmaster Sire.
3626,2235,3,11,79,93,1.1827956989247312,0.04821797883295062,687,Good thing I left my bike home
3577,2235,5,7,81,93,1.1827956989247312,0.05284393687196336,687,"Well it was a Charger, but that’s still not fighting fair."
3562,2235,2,13,78,93,1.1827956989247312,0.04572985230719958,687,It was a Conquistador.
3520,2235,4,9,80,93,1.1827956989247312,0.050583866730722175,687,I thought we were all supposed to work together to create a more walkable city.
3496,2235,4,9,80,93,1.1827956989247312,0.050583866730722175,687,"Sir, you are under arrest for DWL — driving while lancing."
3458,2235,0,17,76,93,1.1827956989247312,0.040295300106155216,687,"Sorry, Officer. I thought I was tilting at a windmill."
3409,2235,4,9,80,93,1.1827956989247312,0.050583866730722175,687,Elon Musk said it was bulletproof.
3381,2235,3,11,79,93,1.1827956989247312,0.04821797883295062,687,"He'll say he had the right of way, but the Knights Templar do not recognize Toyota swine."
3367,2235,3,11,79,93,1.1827956989247312,0.04821797883295062,687,You mean this isn't how one gets into these new horseless carriages?
3298,2235,2,13,78,93,1.1827956989247312,0.04572985230719958,687,"no harm came to the knave behind this shield, sire"
3262,2235,1,15,77,93,1.1827956989247312,0.04309832132858193,687,"Well, it charged me, then I responded."
2223,2235,2,13,78,93,1.1827956989247312,0.04572985230719958,687,Will the rest of the car be at the impound lot or must I travel across the Hudson?
3237,2235,5,7,81,93,1.1827956989247312,0.05284393687196336,687,Me and Sally here have defeated 27 mustangs now.
3115,2235,2,13,78,93,1.1827956989247312,0.04572985230719958,687,"No, no, good Sir. Thou art the nuisance."
2191,2235,1,15,77,93,1.1827956989247312,0.04309832132858193,687,I hope that's a ticket to ride.
2875,2235,3,11,79,93,1.1827956989247312,0.04821797883295062,687,"This is what I think of modern life. Ticket or no ticket, my horse and I stand by our principles."
2111,2235,1,15,77,93,1.1827956989247312,0.04309832132858193,687,"Officer, that metal dragon was attacking me"""
966,2235,2,13,78,93,1.1827956989247312,0.04572985230719958,687,I don’t understand why I’m the one getting the ticket when he was the one illegally parked.
945,2235,3,11,79,93,1.1827956989247312,0.04821797883295062,687,But Elon Musk promised it wouldn't go through.
859,2235,2,13,78,93,1.1827956989247312,0.04572985230719958,687,Lucky he wasn't wearing a seat belt.
851,2235,2,13,78,93,1.1827956989247312,0.04572985230719958,687,I was just trying to help mute the TV in the back of the taxi.
829,2235,2,13,78,93,1.1827956989247312,0.04572985230719958,687,I needed a taxi.
728,2235,4,9,80,93,1.1827956989247312,0.050583866730722175,687,"Well you’ve made your POINT, but it’s gonna cost you."
718,2235,3,11,79,93,1.1827956989247312,0.04821797883295062,687,It's an expressionist piece. How do you not see that?
713,2235,2,13,78,93,1.1827956989247312,0.04572985230719958,687,Can you please send me the ticket by raven?
1063,2235,4,9,80,93,1.1827956989247312,0.050583866730722175,687,Your horse and I would both like to know what the hell your doing?
697,2235,3,11,79,93,1.1827956989247312,0.04821797883295062,687,It’s all fun and games until someone loses a car door.
353,2235,3,11,79,93,1.1827956989247312,0.04821797883295062,687,Not my fault—I was doored.
249,2235,2,13,78,93,1.1827956989247312,0.04572985230719958,687,"I plead the second, officer."
82,2235,2,13,78,93,1.1827956989247312,0.04572985230719958,687,He tried to run me down in a '73 Lancer.
78,2235,3,11,79,93,1.1827956989247312,0.04821797883295062,687,"I am the road side assistance."""
73,2235,3,11,79,93,1.1827956989247312,0.04821797883295062,687,"‘Thanks for the commendation, Officer, it just won me 1st Place at Pitch In, Pick Up Day at Central Park.”"
68,2235,2,13,78,93,1.1827956989247312,0.04572985230719958,687,"Officer, you can see clearly I was NOT at fault because he opened his car door against the flow of traffic"
60,2235,2,13,78,93,1.1827956989247312,0.04572985230719958,687,"Your police cruiser is a Ford Crown Victoria, and you say I'm the one who is out of date."
34,2235,2,13,78,93,1.1827956989247312,0.04572985230719958,687,"It was a hit-ith and run-ith, my dear constable."
659,2235,2,13,78,93,1.1827956989247312,0.04572985230719958,687,"Officer, I was just trying to make a U turn."
1139,2235,4,9,80,93,1.1827956989247312,0.050583866730722175,687,"That was clearly a Mustang, officer."
1315,2235,1,15,77,93,1.1827956989247312,0.04309832132858193,687,"But officer, they were parked in the jousting lane!"
1348,2235,4,9,80,93,1.1827956989247312,0.050583866730722175,687,And what if I don't put down the car door? Do you really think you're in any position to defy me?
2058,2235,1,15,77,93,1.1827956989247312,0.04309832132858193,687,"But officer, I can explain. I just came from a  new Tesla truck bulletproof test."
1940,2235,3,11,79,93,1.1827956989247312,0.04821797883295062,687,"Prithee sir, where ist thy city’s e-recycling center?"
1929,2235,1,15,77,93,1.1827956989247312,0.04309832132858193,687,It's self defense.  It's a Jaguar!
1908,2235,3,11,79,93,1.1827956989247312,0.04821797883295062,687,They just don’t think to check the bike lane.
1862,2235,1,15,77,93,1.1827956989247312,0.04309832132858193,687,"No my good man, it's Preuilly with two l's"".."
1828,2235,2,13,78,93,1.1827956989247312,0.04572985230719958,687,"But Sir, 'twas you opened the door afore looking..."
1816,2235,2,13,78,93,1.1827956989247312,0.04572985230719958,687,"'Tis not a violation good sir, I've merely redefined what '92 Ford Probe means."
1777,2235,2,13,78,93,1.1827956989247312,0.04572985230719958,687,I was just helping Mr Musk testing the new Tesla model
1776,2235,2,13,78,93,1.1827956989247312,0.04572985230719958,687,"Sorry officer, I got carried away. The man in the iron horse stole my parking space."
1750,2235,3,11,79,93,1.1827956989247312,0.04821797883295062,687,He lost the joust.
1676,2235,2,13,78,93,1.1827956989247312,0.04572985230719958,687,"When I carry my lance, I always have the right of way."
1649,2235,2,13,78,93,1.1827956989247312,0.04572985230719958,687,"Officer, I was in a clearly marked joust lane."
1522,2235,3,11,79,93,1.1827956989247312,0.04821797883295062,687,Question me not jester! It's my spoils of victory!!
1510,2235,0,17,76,93,1.1827956989247312,0.040295300106155216,687,It's not my fault my opponent didn't think to bring a lance.
1476,2235,1,15,77,93,1.1827956989247312,0.04309832132858193,687,It was from a Pierce Arrow that challenged me.
1461,2235,3,11,79,93,1.1827956989247312,0.04821797883295062,687,He shall 'door' no more
1438,2235,4,9,80,93,1.1827956989247312,0.050583866730722175,687,"Yes officer, unfortunately I’ve impaled my foes mustang."
1393,2235,3,11,79,93,1.1827956989247312,0.04821797883295062,687,These things can happen when you don't use your turn signals.
18,2235,2,13,78,93,1.1827956989247312,0.04572985230719958,687,I'm making a citizen's arrest.
2173,2235,5,7,81,93,1.1827956989247312,0.05284393687196336,687,Lane splitting.
2188,2322,3,11,80,94,1.1808510638297873,0.047741884833740145,687,"Watch yourself good squire, even the dragons wear armor now."
2031,2322,4,9,81,94,1.1808510638297873,0.0500806166783445,687,"No offense here. Simple, at the Renaissance Fair you learn that if something comes at you with great speed, you lance it."
372,2322,2,13,79,94,1.1808510638297873,0.04528252387039548,687,We we both going for the same parking spot.
2626,2325,3,11,81,95,1.1789473684210525,0.04727501054750545,687,"The knight is fine, but the horse wasn't so lucky!"""
4009,2326,2,12,76,90,1.1777777777777778,0.046279231145300956,687,I think the bar wench put something in my goblet. I don't usually tilt at windshields.
2713,2326,2,12,76,90,1.1777777777777778,0.046279231145300956,687,I got a little carried away testing the airbags.
2687,2326,2,12,76,90,1.1777777777777778,0.046279231145300956,687,Who told him to bring a Volkswagon to a jousting match?
2673,2326,3,10,77,90,1.1777777777777778,0.04890250633185913,687,"Yes, officer, the sign said ""No mustangs, only javelins"""
2581,2326,3,10,77,90,1.1777777777777778,0.04890250633185913,687,I honestly didn't think this prop lance would go through your door officer.
2492,2326,0,16,74,90,1.1777777777777778,0.04052642909417924,687,Since when is it a crime for a knight to disable a dragon's wing?
2323,2326,3,10,77,90,1.1777777777777778,0.04890250633185913,687,It was self-defense.  It was a Lancer.
2269,2326,2,12,76,90,1.1777777777777778,0.046279231145300956,687,"Officer, I saw a Mustang coming toward me..."
2118,2326,1,14,75,90,1.1777777777777778,0.04349803840706918,687,"Back seat driver, Officer."
1806,2326,3,10,77,90,1.1777777777777778,0.04890250633185913,687,"Forsooth, I am but avenging the grievous injury inflicted upon my faithful knave, Squire Raleigh Trek of Schwinn."
2092,2326,2,12,76,90,1.1777777777777778,0.046279231145300956,687,Where’s your license?
2014,2326,3,10,77,90,1.1777777777777778,0.04890250633185913,687,"I am enforcing a restraining order from Lady Dulcinea,
sorry..."
1991,2326,3,10,77,90,1.1777777777777778,0.04890250633185913,687,"Well, back home we drive on the left."
1985,2326,1,14,75,90,1.1777777777777778,0.04349803840706918,687,It's my heritage -- I'm an Impala-er!
1958,2326,3,10,77,90,1.1777777777777778,0.04890250633185913,687,My key is in my other cloak
1941,2326,2,12,76,90,1.1777777777777778,0.046279231145300956,687,"Not my fault,officer, he was double parked!"
1910,2326,4,8,78,90,1.1777777777777778,0.05139205206717134,687,"It was a Mustang,sir. I promise."
1848,2326,0,16,74,90,1.1777777777777778,0.04052642909417924,687,It all started when he bragged about his car having much more horsepower...
2714,2326,3,10,77,90,1.1777777777777778,0.04890250633185913,687,"He was coming right at me, Officer. What else could I do?"
2098,2326,1,14,75,90,1.1777777777777778,0.04349803840706918,687,What was she thinking opening her door into the jousting lane without looking?
2877,2326,3,10,77,90,1.1777777777777778,0.04890250633185913,687,"Officer, I think you'll find that this is covered under the Lemon Law."
2945,2326,2,12,76,90,1.1777777777777778,0.046279231145300956,687,"The last name is spelled L-A-N-C-A-S-T-E-R and yes, I have slain the filthy Tudor"
4007,2326,2,12,76,90,1.1777777777777778,0.046279231145300956,687,"The guy said corporations paid for catalytic converters, and I just snapped."
3835,2326,3,10,77,90,1.1777777777777778,0.04890250633185913,687,Stop and joust?
3822,2326,3,10,77,90,1.1777777777777778,0.04890250633185913,687,"Finally, that creature, the Tesla Cybertruck, in no more."
3693,2326,2,12,76,90,1.1777777777777778,0.046279231145300956,687,"Alright, Lance, what's your last name?"
3621,2326,3,10,77,90,1.1777777777777778,0.04890250633185913,687,The peppers and onions fell off.
3519,2326,2,12,76,90,1.1777777777777778,0.046279231145300956,687,Twas a varlet in the non-automobile lane.
3431,2326,4,8,78,90,1.1777777777777778,0.05139205206717134,687,"My dad told me to ""wing it""!"
3352,2326,1,14,75,90,1.1777777777777778,0.04349803840706918,687,It was a Ford Varlet.
2747,2326,3,10,77,90,1.1777777777777778,0.04890250633185913,687,That’s not what I meant when I said I was tilting at the time of the accident.
3344,2326,2,12,76,90,1.1777777777777778,0.046279231145300956,687,It was clearly in the No Joisting lane.
3273,2326,3,10,77,90,1.1777777777777778,0.04890250633185913,687,"My toughest competitor was  a Checker cab -- but when he got pushy, I showed him the door!"
3246,2326,2,12,76,90,1.1777777777777778,0.046279231145300956,687,"Then my wife said it was time to leave the Renaissance Faire, so I did what any good knight would do - I jousted her for it."
3132,2326,2,12,76,90,1.1777777777777778,0.046279231145300956,687,"Joust a mistake, officer."
3127,2326,3,10,77,90,1.1777777777777778,0.04890250633185913,687,You said everybody HAS to pitch in to cut down on speeders.
3111,2326,1,14,75,90,1.1777777777777778,0.04349803840706918,687,I lance...a lot.
3033,2326,1,14,75,90,1.1777777777777778,0.04349803840706918,687,"By my troth, I smell bacon."
3023,2326,2,12,76,90,1.1777777777777778,0.046279231145300956,687,"But officer, I thought it was a windmill."
3014,2326,4,8,78,90,1.1777777777777778,0.05139205206717134,687,It was self defense constable.  The door swung into my path and I had but a moment to react.
3307,2326,3,10,77,90,1.1777777777777778,0.04890250633185913,687,"Sorry, Sancho lied and said it was a possible dream."
1761,2326,4,8,78,90,1.1777777777777778,0.05139205206717134,687,I suppose I should have let him door me?
789,2326,0,16,74,90,1.1777777777777778,0.04052642909417924,687,"Humorously enough, it's from a 2017 Mitsubishi Lancer."
1557,2326,2,12,76,90,1.1777777777777778,0.046279231145300956,687,Then he said he had more horsepower.
558,2326,2,12,76,90,1.1777777777777778,0.046279231145300956,687,"Hey, if this town had a windmill or two, things like this woudn't happen!"
530,2326,4,8,78,90,1.1777777777777778,0.05139205206717134,687,"Sir, I'm a licensed troopadoor"
516,2326,3,10,77,90,1.1777777777777778,0.04890250633185913,687,jil
500,2326,1,14,75,90,1.1777777777777778,0.04349803840706918,687,"Well sorry, but the car was parked in the jousting lane."
458,2326,3,10,77,90,1.1777777777777778,0.04890250633185913,687,"It wasn't my fault..I told him to get off his phone, but he didn't listen."
405,2326,3,10,77,90,1.1777777777777778,0.04890250633185913,687,"I beg your pardon, constable, but I was familiar only with the prohibition of tilting at windmills."
402,2326,1,14,75,90,1.1777777777777778,0.04349803840706918,687,The Renaissance Festival does not allow double parking.
373,2326,2,12,76,90,1.1777777777777778,0.046279231145300956,687,They just don’t make them like they used to
305,2326,1,14,75,90,1.1777777777777778,0.04349803840706918,687,Who brings a car to a Jousting fight?
258,2326,2,12,76,90,1.1777777777777778,0.046279231145300956,687,It was a hit and gallop.
175,2326,4,8,78,90,1.1777777777777778,0.05139205206717134,687,He cut me off so I Quixoted him!
133,2326,2,12,76,90,1.1777777777777778,0.046279231145300956,687,Normally we don’t  respond to taunting.
98,2326,3,10,77,90,1.1777777777777778,0.04890250633185913,687,"The keys were locked in the car, so I gallantry offered my assistance.."
59,2326,2,12,76,90,1.1777777777777778,0.046279231145300956,687,Provides better wind protection than the visor...
30,2326,1,14,75,90,1.1777777777777778,0.04349803840706918,687,"Is it not a 'bicycle, etc.' lane?"
28,2326,1,14,75,90,1.1777777777777778,0.04349803840706918,687,The sworn enemy of all things Tudor--since you ask.
1615,2326,3,10,77,90,1.1777777777777778,0.04890250633185913,687,I swear it was self-defense!
609,2326,1,14,75,90,1.1777777777777778,0.04349803840706918,687,What?! It was just a Kia Soul!
650,2326,3,10,77,90,1.1777777777777778,0.04890250633185913,687,You gotta tell me where to get one of those swords.
102,2326,2,12,76,90,1.1777777777777778,0.046279231145300956,687,That Autonomous Vehicle did not recognize me!
726,2326,1,14,75,90,1.1777777777777778,0.04349803840706918,687,"Fair fight. Your police car was a Mustang, right?"
1530,2326,1,14,75,90,1.1777777777777778,0.04349803840706918,687,"I dunno, I was in my lane minding my own business when ..."
685,2326,2,12,76,90,1.1777777777777778,0.046279231145300956,687,Does this mean a point on my license?
1529,2326,2,12,76,90,1.1777777777777778,0.046279231145300956,687,I thought it was a pitard.
1520,2326,2,12,76,90,1.1777777777777778,0.046279231145300956,687,I think you should write the driver of the car a ticket for Failure to Observe an Active Jousting Lane.”
1506,2326,1,14,75,90,1.1777777777777778,0.04349803840706918,687,It was a Dodge charger.
1490,2326,3,10,77,90,1.1777777777777778,0.04890250633185913,687,He tried to take my parking spot...
1390,2326,3,10,77,90,1.1777777777777778,0.04890250633185913,687,Thy rod and thy staff comfort me.
1357,2326,5,6,79,90,1.1777777777777778,0.05376644777007478,687,"Hold still, mate!"
1301,2326,1,14,75,90,1.1777777777777778,0.04349803840706918,687,"Yes, that's correct, officer.  My last name is Petard."
1526,2326,2,12,76,90,1.1777777777777778,0.046279231145300956,687,Do you have any idea how difficult it is to book a good joust in Manhattan?
1007,2326,3,10,77,90,1.1777777777777778,0.04890250633185913,687,I thought it was a Nerf lance.
962,2326,1,14,75,90,1.1777777777777778,0.04349803840706918,687,He was in the wrong lane.
925,2326,2,12,76,90,1.1777777777777778,0.046279231145300956,687,"When is door, not a door?"" you might ask"
730,2326,2,12,76,90,1.1777777777777778,0.046279231145300956,687,You may call me Sir Mayhem.
904,2326,3,10,77,90,1.1777777777777778,0.04890250633185913,687,I checked and it was speeding
893,2326,2,12,76,90,1.1777777777777778,0.046279231145300956,687,"No contest, sir: it was a driverless car."
810,2326,2,12,76,90,1.1777777777777778,0.046279231145300956,687,"It was self-defense, officer. I thought he was going to ""door me""."
874,2326,2,12,76,90,1.1777777777777778,0.046279231145300956,687,"No, you can’t finish your shish kabob."
1270,2326,1,14,75,90,1.1777777777777778,0.04349803840706918,687,Shiska-door!
1553,2410,3,9,73,85,1.1764705882352942,0.05069950631596087,687,Whoops....sorry...
2476,2410,1,13,71,85,1.1764705882352942,0.04483543075566802,687,"What can I tell you, my ride is self driving."
1352,2410,1,13,71,85,1.1764705882352942,0.04483543075566802,687,"Please, try not to speed next time."
2870,2413,1,13,73,87,1.1724137931034482,0.043891486539845,687,I was aiming for a scooter and missed.
2849,2413,2,11,74,87,1.1724137931034482,0.04683770700022932,687,I rushed over as soon as I heard the Amber alert.
2579,2413,1,13,73,87,1.1724137931034482,0.043891486539845,687,Then you tell me what the Joust Lane is for.
2799,2413,0,15,72,87,1.1724137931034482,0.04073271884266332,687,'Knight of the road you say?'
2784,2413,2,11,74,87,1.1724137931034482,0.04683770700022932,687,This is what happens when you take a 25mph off ramp at 50.
2760,2413,3,9,75,87,1.1724137931034482,0.04960926328218618,687,"R.I.P., chivalry."
2680,2413,3,9,75,87,1.1724137931034482,0.04960926328218618,687,I really didn't expect them to open the door that wide.
2898,2413,1,13,73,87,1.1724137931034482,0.043891486539845,687,It was an accident.
2679,2413,2,11,74,87,1.1724137931034482,0.04683770700022932,687,"whatever it is, I'm sure it's illegal"
2674,2413,3,9,75,87,1.1724137931034482,0.04960926328218618,687,"I thought it was a Dodge,
but apparently not."
2643,2413,1,13,73,87,1.1724137931034482,0.043891486539845,687,"He was in the horse lane, officer!"
2546,2413,1,13,73,87,1.1724137931034482,0.043891486539845,687,The Medieval Times are to your right.
2144,2413,2,11,74,87,1.1724137931034482,0.04683770700022932,687,It was a paid demo for the Cybertruck to show that the doors couldn't be breached.
2513,2413,2,11,74,87,1.1724137931034482,0.04683770700022932,687,"‘Lead the way to the barbecue pit, knave.’"
2488,2413,1,13,73,87,1.1724137931034482,0.043891486539845,687,‘Twas she who ran the light!
2468,2413,2,11,74,87,1.1724137931034482,0.04683770700022932,687,Had I'd known it was not a joust then I would have pulled over!
2426,2413,1,13,73,87,1.1724137931034482,0.043891486539845,687,"There you have it, my recipe for driving-jerk-kebab."
2353,2413,3,9,75,87,1.1724137931034482,0.04960926328218618,687,"Officer,a just society cannot tolerate double parking."
2311,2413,2,11,74,87,1.1724137931034482,0.04683770700022932,687,I am on a noble mission to chastise an errant Uber Driver
2195,2413,1,13,73,87,1.1724137931034482,0.043891486539845,687,What is this no-fault of which you speak?
2185,2413,4,7,76,87,1.1724137931034482,0.05223396605431375,687,'Twas a fair fight-The steel steed flapped his wing and paid the price.
2164,2413,3,9,75,87,1.1724137931034482,0.04960926328218618,687,I didn't realize police bias now extends to neo-Luddites.
2030,2413,2,11,74,87,1.1724137931034482,0.04683770700022932,687,Surely you’re jousting.
2010,2413,2,11,74,87,1.1724137931034482,0.04683770700022932,687,"Officer, I took care of the driver's road rage!"
2932,2413,2,11,74,87,1.1724137931034482,0.04683770700022932,687,This jerk was double-parked!
2531,2413,3,9,75,87,1.1724137931034482,0.04960926328218618,687,"Sir Lancador, is it?"
2933,2413,2,11,74,87,1.1724137931034482,0.04683770700022932,687,"They play a strange game, but I won!"
3881,2413,1,13,73,87,1.1724137931034482,0.043891486539845,687,"This is called a partial ""HANGING CHASSIS."""
2966,2413,3,9,75,87,1.1724137931034482,0.04960926328218618,687,It's our version of the Boot.
1980,2413,0,15,72,87,1.1724137931034482,0.04073271884266332,687,"If it moves, It dies"" ... ""I see"
4027,2413,2,11,74,87,1.1724137931034482,0.04683770700022932,687,That's a 10 shilling fine for not using a tourney lance.
4024,2413,2,11,74,87,1.1724137931034482,0.04683770700022932,687,All I know is it had a lot of horse power.
3959,2413,4,7,76,87,1.1724137931034482,0.05223396605431375,687,Where's the Crusade?
3947,2413,2,11,74,87,1.1724137931034482,0.04683770700022932,687,"I believe I had the right of way, officer!"
3943,2413,3,9,75,87,1.1724137931034482,0.04960926328218618,687,He said Charger.
3898,2413,1,13,73,87,1.1724137931034482,0.043891486539845,687,"Officer, he opened the door into the chariot lane."
3799,2413,2,11,74,87,1.1724137931034482,0.04683770700022932,687,I joust you not!
3792,2413,0,15,72,87,1.1724137931034482,0.04073271884266332,687,"Impaling Traffic?"" Since when has that been a violation?"
3672,2413,3,9,75,87,1.1724137931034482,0.04960926328218618,687,I'm trying to make a point about bike lanes.
3641,2413,1,13,73,87,1.1724137931034482,0.043891486539845,687,"Surely, thou knowest,  I had the right of way."
3545,2413,2,11,74,87,1.1724137931034482,0.04683770700022932,687,"Sir Pierce-a-door, I presume."
2947,2413,1,13,73,87,1.1724137931034482,0.043891486539845,687,I was Hail Hail Hailing a taxi
3533,2413,3,9,75,87,1.1724137931034482,0.04960926328218618,687,Just what year did you say your Checker cab is?
3518,2413,3,9,75,87,1.1724137931034482,0.04960926328218618,687,He said it was the only doorway to heaven so I bought it
3508,2413,2,11,74,87,1.1724137931034482,0.04683770700022932,687,They locked their keys in the car?—surely you jest!
3454,2413,3,9,75,87,1.1724137931034482,0.04960926328218618,687,They don't make cars like they used to.
3441,2413,1,13,73,87,1.1724137931034482,0.043891486539845,687,"Road rage meets Renaissance Fair, I guess."
3357,2413,4,7,76,87,1.1724137931034482,0.05223396605431375,687,I’m afraid failure to yield is not a defense in this case.
3285,2413,3,9,75,87,1.1724137931034482,0.04960926328218618,687,The Horsepower on this thing is insane.
3220,2413,2,11,74,87,1.1724137931034482,0.04683770700022932,687,It's Knight time!
3164,2413,1,13,73,87,1.1724137931034482,0.043891486539845,687,"I know I come from a checkered past,but he was asking for it."
3122,2413,1,13,73,87,1.1724137931034482,0.043891486539845,687,They didn’t use their turn signal.
3105,2413,3,9,75,87,1.1724137931034482,0.04960926328218618,687,"Zounds, and they said the age of Chevrolet was dead!"
3047,2413,1,13,73,87,1.1724137931034482,0.043891486539845,687,But he charged thee first!
3000,2413,3,9,75,87,1.1724137931034482,0.04960926328218618,687,"Sir, this brief case is full of pens, hence I have proven that the pen is not mightier than the sword!"
3526,2413,2,11,74,87,1.1724137931034482,0.04683770700022932,687,My autopilot stopped working.
1953,2413,3,9,75,87,1.1724137931034482,0.04960926328218618,687,I just got sick and tired of getting 'doored' on my bike.
3214,2413,0,15,72,87,1.1724137931034482,0.04073271884266332,687,This is the passenger side door.  The driver got away.
1938,2413,4,7,76,87,1.1724137931034482,0.05223396605431375,687,"I've been having trouble with time travel, lately."
777,2413,1,13,73,87,1.1724137931034482,0.043891486539845,687,"Let me guess, dinner at Mid Evil Times again last night."
776,2413,2,11,74,87,1.1724137931034482,0.04683770700022932,687,"Well, I guess the Knight Rider was doomed to lose eventually"
721,2413,1,13,73,87,1.1724137931034482,0.043891486539845,687,This is what happens when cars go into the jousting lane.
710,2413,2,11,74,87,1.1724137931034482,0.04683770700022932,687,"I'm hardly worthy of a citation, m'Lord.  The brute was parked."
1945,2413,2,11,74,87,1.1724137931034482,0.04683770700022932,687,The front door sticks.
680,2413,4,7,76,87,1.1724137931034482,0.05223396605431375,687,I found it at the prick n pull.
637,2413,3,9,75,87,1.1724137931034482,0.04960926328218618,687,"Classic hit and run...I hit, he ran!"
583,2413,3,9,75,87,1.1724137931034482,0.04960926328218618,687,"We're knights of the round table, we'll drink whenever we're able."
529,2413,2,11,74,87,1.1724137931034482,0.04683770700022932,687,"See, those taxi drivers are trying to block our new business model"
508,2413,1,13,73,87,1.1724137931034482,0.043891486539845,687,You say it was a Pierce Arrow?
493,2413,0,15,72,87,1.1724137931034482,0.04073271884266332,687,How long is this gonna take? Are you entering a caption for the New Yorker too?
468,2413,2,11,74,87,1.1724137931034482,0.04683770700022932,687,"This is strictly between Uber and me, Officer"
456,2413,0,15,72,87,1.1724137931034482,0.04073271884266332,687,I believe it was a Dodge Challenger.
398,2413,1,13,73,87,1.1724137931034482,0.043891486539845,687,I have slain the smoke belching Hyundai.
376,2413,2,11,74,87,1.1724137931034482,0.04683770700022932,687,I'm not the one who parked his car in a jousting zone.
339,2413,1,13,73,87,1.1724137931034482,0.043891486539845,687,"It was a duel to the death. Unfortunately,my spear caught the wing of his stupid creature as he was escaping,"
322,2413,2,11,74,87,1.1724137931034482,0.04683770700022932,687,Well they said it was a lancer. Shouldn't it have dodged?
310,2413,1,13,73,87,1.1724137931034482,0.043891486539845,687,"Officer, I was not drinking underaged, just Middle-Aged."
307,2413,2,11,74,87,1.1724137931034482,0.04683770700022932,687,He didn't signal.
282,2413,4,7,76,87,1.1724137931034482,0.05223396605431375,687,I wasn’t even going that fast. This ride is only one horsepower.
171,2413,3,9,75,87,1.1724137931034482,0.04960926328218618,687,"Fear not, good sir, for I have slain the metal beast!"
160,2413,2,11,74,87,1.1724137931034482,0.04683770700022932,687,I yield for no man or machine!
132,2413,1,13,73,87,1.1724137931034482,0.043891486539845,687,You should see the OTHER guy's door!
105,2413,0,15,72,87,1.1724137931034482,0.04073271884266332,687,"""Officer is there any way you could roll the window down this suit is getting hot?''"
55,2413,0,15,72,87,1.1724137931034482,0.04073271884266332,687,The idiot met a left turn right into my lance
803,2413,1,13,73,87,1.1724137931034482,0.043891486539845,687,I was just driving through.
836,2413,3,9,75,87,1.1724137931034482,0.04960926328218618,687,Illegal use of the bus lane?  That's all you've got?
428,2413,1,13,73,87,1.1724137931034482,0.043891486539845,687,I think the scofflaw will be easy to apprehend.
895,2413,1,13,73,87,1.1724137931034482,0.043891486539845,687,"I think it's probably best that I missed the target."""
868,2413,1,13,73,87,1.1724137931034482,0.043891486539845,687,See?  Not everything from my past is checkered.
1907,2413,2,11,74,87,1.1724137931034482,0.04683770700022932,687,I don’t share the road!
1906,2413,2,11,74,87,1.1724137931034482,0.04683770700022932,687,I'm afraid Knight takes Door just isn't in the rules.
1778,2413,0,15,72,87,1.1724137931034482,0.04073271884266332,687,Oh Impala...I though you said Impaler
1762,2413,0,15,72,87,1.1724137931034482,0.04073271884266332,687,The varlet opened into moving traffic.
1721,2413,4,7,76,87,1.1724137931034482,0.05223396605431375,687,I guess now they have really seen a thing or two!
1640,2413,2,11,74,87,1.1724137931034482,0.04683770700022932,687,But he doth merged sans signal.
1620,2413,5,5,77,87,1.1724137931034482,0.05473294634975479,687,As a Knight of the Checkered Order I am duty bound to fight all Uber's and Share-rides.
1560,2413,2,11,74,87,1.1724137931034482,0.04683770700022932,687,He said he was the knight rider and his steed was named Kitt
1528,2413,1,13,73,87,1.1724137931034482,0.043891486539845,687,I thought alternate side jousting was still in effect.
1497,2413,1,13,73,87,1.1724137931034482,0.043891486539845,687,I was acting under orders from the king - honest!
1494,2413,2,11,74,87,1.1724137931034482,0.04683770700022932,687,"But Officer, Mr. Musk insisted it was “medieval proof”!"
1475,2413,3,9,75,87,1.1724137931034482,0.04960926328218618,687,Not another one of these climate crusaders.
1630,2413,1,13,73,87,1.1724137931034482,0.043891486539845,687,I thought I'd gotten to the heart of the problem.
1098,2413,0,15,72,87,1.1724137931034482,0.04073271884266332,687,"I see a car below 72nd St, it's fair game!"
1366,2413,3,9,75,87,1.1724137931034482,0.04960926328218618,687,He boasted it had 350 horse power
1262,2413,1,13,73,87,1.1724137931034482,0.043891486539845,687,I fight at behest of the LeBaron
1260,2413,2,11,74,87,1.1724137931034482,0.04683770700022932,687,I am just so tired of being doored!
1243,2413,3,9,75,87,1.1724137931034482,0.04960926328218618,687,"It's not illegal where I come from, my dear Constable."
1202,2413,3,9,75,87,1.1724137931034482,0.04960926328218618,687,But I did signal before I turned...
1145,2413,2,11,74,87,1.1724137931034482,0.04683770700022932,687,I won
1099,2413,3,9,75,87,1.1724137931034482,0.04960926328218618,687,"Listen, the guy just came out of nowhere. I turned to joust, and ... bam!"
1043,2413,2,11,74,87,1.1724137931034482,0.04683770700022932,687,A New Choice of Armor
1015,2413,3,9,75,87,1.1724137931034482,0.04960926328218618,687,I think it’s a 1978 Lancer.
957,2413,3,9,75,87,1.1724137931034482,0.04960926328218618,687,I didn’t have time to react.  He opened it right onto the bike lane.
1378,2413,3,9,75,87,1.1724137931034482,0.04960926328218618,687,"Pray thee, kind sheriff, leniency, for ‘twas only a much-used Ford Fiesta."
907,2413,2,11,74,87,1.1724137931034482,0.04683770700022932,687,"Honestly, I didn't think that a horse could get up to 88 miles per hour, especially with one horsepower."
2585,2528,1,12,72,85,1.1647058823529413,0.04379433351527859,687,you are hereby summoned to King Arthur's traffic court tomorrow a.m.
2514,2528,1,12,72,85,1.1647058823529413,0.04379433351527859,687,"You’re being charged with jousting on the wrong side of the road, freelancing without a license, horseback riding under the influence, not wearing a seatbelt and possibly grand theft auto.... for taking the door"
2860,2528,2,10,73,85,1.1647058823529413,0.046883426633143835,687,Skewer you too copper.
2600,2528,2,10,73,85,1.1647058823529413,0.046883426633143835,687,"Well, he charged me on his Mustang..."
2500,2528,2,10,73,85,1.1647058823529413,0.046883426633143835,687,Now I understand why cyclists are so nervous around parked cars.
2510,2528,1,12,72,85,1.1647058823529413,0.04379433351527859,687,The king’s new valet ? I see your point.
2648,2528,2,10,73,85,1.1647058823529413,0.046883426633143835,687,I was only defending myself from the other knight and his mighty Mustang.
2859,2528,1,12,72,85,1.1647058823529413,0.04379433351527859,687,Next time just book a taxi online.
2782,2528,1,12,72,85,1.1647058823529413,0.04379433351527859,687,It was a Lancer...
2786,2528,1,12,72,85,1.1647058823529413,0.04379433351527859,687,The other guy said he was going to blow my doors off.
2825,2528,2,10,73,85,1.1647058823529413,0.046883426633143835,687,"But officer, the damsel locked her keys in her car."
2851,2528,2,10,73,85,1.1647058823529413,0.046883426633143835,687,I don’t know about that whirling vortex thing but I’ll let you off with a warning this time.
2399,2528,2,10,73,85,1.1647058823529413,0.046883426633143835,687,"Hey, he opened his door right into the horse lane."
2683,2528,2,10,73,85,1.1647058823529413,0.046883426633143835,687,It was a Charger officer.
2333,2528,1,12,72,85,1.1647058823529413,0.04379433351527859,687,"I'm sorry officer, but he kept saying his mustang was better than mine."
1918,2528,2,10,73,85,1.1647058823529413,0.046883426633143835,687,"'It was an unprovoked parking lot thwacking"""
2283,2528,2,10,73,85,1.1647058823529413,0.046883426633143835,687,I say I point them out and you give them a ticket now ...
2881,2528,0,14,71,85,1.1647058823529413,0.040470132236373114,687,They were bragging about having more horsepower than I.
1897,2528,2,10,73,85,1.1647058823529413,0.046883426633143835,687,Just a Tesla...I am for true horse power!
1901,2528,0,14,71,85,1.1647058823529413,0.040470132236373114,687,Scout gets cocky when she sees a Dodge Charger.
1939,2528,1,12,72,85,1.1647058823529413,0.04379433351527859,687,"Offîcer, I believe this door is from an AMC. javelin!"
1964,2528,2,10,73,85,1.1647058823529413,0.046883426633143835,687,We were going through the drive thru for a burger and the guy in front of us wanted to know if we had a tooth pick.
1976,2528,1,12,72,85,1.1647058823529413,0.04379433351527859,687,"Sir, you can’t joust in a fire lane"
2293,2528,3,8,74,85,1.1647058823529413,0.04978119863646624,687,"I'm sorry, Officer, but they just don't make gauntlet-friendly car doors these days."
1997,2528,2,10,73,85,1.1647058823529413,0.046883426633143835,687,"Me and my buddy Chad are LARPers, see, and we just took up jousting 'cuz its so therapeutic, but one thing led to another and now I'm here."
2008,2528,2,10,73,85,1.1647058823529413,0.046883426633143835,687,"Driver's side front door, yep, that""s a $250 ticket"
2137,2528,1,12,72,85,1.1647058823529413,0.04379433351527859,687,"In my defense, he had a really weird-looking horse."""
2159,2528,3,8,74,85,1.1647058823529413,0.04978119863646624,687,'Yon varlot tethered his steed in a bike lane'
2161,2528,2,10,73,85,1.1647058823529413,0.046883426633143835,687,Will this ticket affect my Uber application?
2204,2528,2,10,73,85,1.1647058823529413,0.046883426633143835,687,Do you realize how hard it is to take this out of the car?
2279,2528,1,12,72,85,1.1647058823529413,0.04379433351527859,687,"To be doored, or not to be doored"
2007,2528,3,8,74,85,1.1647058823529413,0.04978119863646624,687,I'm just looking for the rest of the car.
2915,2528,2,10,73,85,1.1647058823529413,0.046883426633143835,687,"‘Tis a fair joust, he charge at me on the FDR"
3971,2528,1,12,72,85,1.1647058823529413,0.04379433351527859,687,You're still not allowed to park here.
3015,2528,3,8,74,85,1.1647058823529413,0.04978119863646624,687,"On the weekends , I'm a cyclist ."
3657,2528,3,8,74,85,1.1647058823529413,0.04978119863646624,687,"Forsooth Sheriff, after defeating Lord ""Checker-Cab"" as he traveled by himself alone, in the HOV lane, he finally yielded, and thus my family's honor was restored.  Huzzah!"
3740,2528,2,10,73,85,1.1647058823529413,0.046883426633143835,687,where shall i returneth this medieval door?
3755,2528,2,10,73,85,1.1647058823529413,0.046883426633143835,687,They should know not to park in the jousting lane.
3877,2528,1,12,72,85,1.1647058823529413,0.04379433351527859,687,Even if it was a windmill I would still be booking you
3883,2528,4,6,75,85,1.1647058823529413,0.05251932770420081,687,Jot this down rook. A car door won’t stop a lance it won’t stop any hot lead flying at your dome piece. That’s how you get your vibe checked. Yeet!
3900,2528,2,10,73,85,1.1647058823529413,0.046883426633143835,687,Why am I getting a ticket if they were parked in the joust lane?
3654,2528,1,12,72,85,1.1647058823529413,0.04379433351527859,687,I was barely trotting and it came out of nowhere.
3924,2528,1,12,72,85,1.1647058823529413,0.04379433351527859,687,"Officer, he did take my spot."
1859,2528,3,8,74,85,1.1647058823529413,0.04978119863646624,687,Hey Quixote -  We don't spear Mazdas in this town..... Now get off your ass and step away from the lance!
3977,2528,2,10,73,85,1.1647058823529413,0.046883426633143835,687,He was going forty in a 25-mile zone.
3983,2528,2,10,73,85,1.1647058823529413,0.046883426633143835,687,Did you the get a nice sketch of us?
4014,2528,2,10,73,85,1.1647058823529413,0.046883426633143835,687,"But Officer, you should've seen the way he was looking at me when he got out of the car."
4018,2528,2,10,73,85,1.1647058823529413,0.046883426633143835,687,I’m ready for whatever comes down the pike.
4031,2528,4,6,75,85,1.1647058823529413,0.05251932770420081,687,At least he won't forget to buckle now.
3957,2528,4,6,75,85,1.1647058823529413,0.05251932770420081,687,Is there indeed a law against jousting in the bike lane?
2991,2528,4,6,75,85,1.1647058823529413,0.05251932770420081,687,These damn drive less cars. It was coming right at me!
3630,2528,3,8,74,85,1.1647058823529413,0.04978119863646624,687,That shall show him who has the most horsepower.
3584,2528,1,12,72,85,1.1647058823529413,0.04379433351527859,687,I'll return with driver soon.
3024,2528,2,10,73,85,1.1647058823529413,0.046883426633143835,687,I guess it would be futile to try to convince you that I was not involved in a 'hit and run'?
3176,2528,3,8,74,85,1.1647058823529413,0.04978119863646624,687,My wife asked me to pick something up on my way home.
3208,2528,2,10,73,85,1.1647058823529413,0.046883426633143835,687,I’m your medieval 10th cousin! I’ve been looking for you!
3233,2528,1,12,72,85,1.1647058823529413,0.04379433351527859,687,I think that you were supposed to conquer..not car door
3275,2528,3,8,74,85,1.1647058823529413,0.04978119863646624,687,"No, how fast was I going, Officer Krumpke?"
3312,2528,1,12,72,85,1.1647058823529413,0.04379433351527859,687,"Today is Black Friday doorbuster"""
3595,2528,3,8,74,85,1.1647058823529413,0.04978119863646624,687,"The monster that openeth into the jousting lane without looking hath not been vanquished, but merely wounded. The VIN is there."
3315,2528,1,12,72,85,1.1647058823529413,0.04379433351527859,687,He was speeding
3428,2528,4,6,75,85,1.1647058823529413,0.05251932770420081,687,And a very Good Morrow to you sirrah!
3436,2528,1,12,72,85,1.1647058823529413,0.04379433351527859,687,"Sir, this Door is your Holy Grail, although not that holieth and not that graileth."
3463,2528,1,12,72,85,1.1647058823529413,0.04379433351527859,687,"Medieval Road Rage

The cab ran a red light....surely you joust I suggested."
3489,2528,1,12,72,85,1.1647058823529413,0.04379433351527859,687,Chevy really is not dead.
3498,2528,2,10,73,85,1.1647058823529413,0.046883426633143835,687,He made a right turn in front of me.
3541,2528,0,14,71,85,1.1647058823529413,0.040470132236373114,687,Elon Musk told me to do it..
3385,2528,2,10,73,85,1.1647058823529413,0.046883426633143835,687,Looks like a slam dunk for a 'dooring' incident. The bloke in the parked car just opened his door as I galloped past.
1855,2528,3,8,74,85,1.1647058823529413,0.04978119863646624,687,I swear I had green light
2189,2528,3,8,74,85,1.1647058823529413,0.04978119863646624,687,"Someone said, Hail a cab.  So I did.  And after I yelled Hail!,  it came right towards me, and then, well, this."
1822,2528,1,12,72,85,1.1647058823529413,0.04379433351527859,687,"No sir, I do not have insurance"
624,2528,1,12,72,85,1.1647058823529413,0.04379433351527859,687,"But officer, they told me it was a Lancer."
626,2528,0,14,71,85,1.1647058823529413,0.040470132236373114,687,Nobody mocks my horsepower!
631,2528,1,12,72,85,1.1647058823529413,0.04379433351527859,687,I'm sorry but . . . he was parked in the jousting lane.
672,2528,2,10,73,85,1.1647058823529413,0.046883426633143835,687,Talk to the stable.  They said he comes with fully autonomous self-driving mode.
683,2528,3,8,74,85,1.1647058823529413,0.04978119863646624,687,It’s only legal if you impale an electric scooter.
708,2528,1,12,72,85,1.1647058823529413,0.04379433351527859,687,Behold! Uber-Justice has been served! The Medallions have been defeated! May side streets once again flow unabated and all that is right and good return to Midtown.
595,2528,1,12,72,85,1.1647058823529413,0.04379433351527859,687,"Verily,I did not yield"
724,2528,1,12,72,85,1.1647058823529413,0.04379433351527859,687,The wind caught it first.
752,2528,2,10,73,85,1.1647058823529413,0.046883426633143835,687,Rush hour gets me every time!
753,2528,2,10,73,85,1.1647058823529413,0.046883426633143835,687,It was a Mitsubishi Lancer with the visor down that cut the light.
764,2528,2,10,73,85,1.1647058823529413,0.046883426633143835,687,This is what I caught spearfishing in the Hudson at knight.
797,2528,1,12,72,85,1.1647058823529413,0.04379433351527859,687,Battle of the ages? I call it destruction of property and theft.
837,2528,1,12,72,85,1.1647058823529413,0.04379433351527859,687,"He was about to make an illegal turn, sire, so I pursued. Sadly, the rest of him got away."
889,2528,3,8,74,85,1.1647058823529413,0.04978119863646624,687,It was a citizen’s arrest.
732,2528,2,10,73,85,1.1647058823529413,0.046883426633143835,687,YOINKS
909,2528,1,12,72,85,1.1647058823529413,0.04379433351527859,687,"Hang on a sec, officer. Let me roll down my window."
585,2528,3,8,74,85,1.1647058823529413,0.04978119863646624,687,I'm sure it was a Charge.
535,2528,4,6,75,85,1.1647058823529413,0.05251932770420081,687,But Elon said it was lanceproof.
1831,2528,1,12,72,85,1.1647058823529413,0.04379433351527859,687,I was playing with the driver of a Mustang.
25,2528,2,10,73,85,1.1647058823529413,0.046883426633143835,687,You can't mechanize the past.
90,2528,1,12,72,85,1.1647058823529413,0.04379433351527859,687,It's Sunday.
130,2528,1,12,72,85,1.1647058823529413,0.04379433351527859,687,I needed to defend the honor of my lane
150,2528,3,8,74,85,1.1647058823529413,0.04978119863646624,687,"Drop your weapon, get off your horse, and show me your drivers license."
155,2528,3,8,74,85,1.1647058823529413,0.04978119863646624,687,they don't call me Sir Lancecarlot for nothing!
561,2528,0,14,71,85,1.1647058823529413,0.040470132236373114,687,"I apologize, officer. The metal horse was charging at me. I thought its rider wanted to joust."
178,2528,2,10,73,85,1.1647058823529413,0.046883426633143835,687,"Excuse me sir, I believe this is 2019!"
274,2528,3,8,74,85,1.1647058823529413,0.04978119863646624,687,"But officer, I was clearly in the jousting lane!"
285,2528,1,12,72,85,1.1647058823529413,0.04379433351527859,687,"""It's his fault for using a shield made of fiberglass.""







It's hi"
437,2528,3,8,74,85,1.1647058823529413,0.04978119863646624,687,The jousting keeps me from texting.
440,2528,2,10,73,85,1.1647058823529413,0.046883426633143835,687,It had to be vanquished.
478,2528,3,8,74,85,1.1647058823529413,0.04978119863646624,687,"He started it---he was mouthing off, said he had 300 horses!"
515,2528,2,10,73,85,1.1647058823529413,0.046883426633143835,687,"It's because of drivers like these that I gave up on riding my bike to work, officer. Nobody bothers to look before opening their door!"
228,2528,1,12,72,85,1.1647058823529413,0.04379433351527859,687,Can we just say I slew a gas guzzler and let me off with a warning?
917,2528,2,10,73,85,1.1647058823529413,0.046883426633143835,687,Don't tell Elon
820,2528,2,10,73,85,1.1647058823529413,0.046883426633143835,687,Victory is my insurance!
988,2528,2,10,73,85,1.1647058823529413,0.046883426633143835,687,"Well, officer, at least chivalry isn't dead."
1734,2528,1,12,72,85,1.1647058823529413,0.04379433351527859,687,"I don't know how it got there Officer""."
1724,2528,1,12,72,85,1.1647058823529413,0.04379433351527859,687,I was at full speed when the traffic light turned red.
1710,2528,2,10,73,85,1.1647058823529413,0.046883426633143835,687,"I couldn't take the greenwashing of Toyota, GM, and Fiat Chrysler anymore. 

They pretend to care about climate change, and then support removing California’s legal authority to set tougher greenhouse gas emissions standards for cars."
1701,2528,2,10,73,85,1.1647058823529413,0.046883426633143835,687,"You see officer, Back in my day..."
1665,2528,4,6,75,85,1.1647058823529413,0.05251932770420081,687,"Pokémon, rides again❗️"
1659,2528,1,12,72,85,1.1647058823529413,0.04379433351527859,687,"You are right, there is no parking in the jousting lane."
1628,2528,1,12,72,85,1.1647058823529413,0.04379433351527859,687,Doored
1586,2528,2,10,73,85,1.1647058823529413,0.046883426633143835,687,I was only signaling a ..”Right Turn.”
1545,2528,1,12,72,85,1.1647058823529413,0.04379433351527859,687,Thou hast attempted to door me and now this?
1524,2528,2,10,73,85,1.1647058823529413,0.046883426633143835,687,"Sorry,Officer.  I saw the word Rogue on the back and I guess I just saw red there for a moment."
1505,2528,1,12,72,85,1.1647058823529413,0.04379433351527859,687,They don’t make armored cars like they used to.
951,2528,3,8,74,85,1.1647058823529413,0.04978119863646624,687,I think you shall find me a more worthy opponent than an unarmed black teenager.
1406,2528,4,6,75,85,1.1647058823529413,0.05251932770420081,687,"'In my defense officer, this talking car also claimed to be a Knight Rider'"
1402,2528,1,12,72,85,1.1647058823529413,0.04379433351527859,687,Uber schmoober
1395,2528,2,10,73,85,1.1647058823529413,0.046883426633143835,687,"Officer, I have a PBA card."
1392,2528,3,8,74,85,1.1647058823529413,0.04978119863646624,687,Sorry officer - I have no idea what I've got on my sword - it's definitely not a steak but maybe cartoonist can give us a hint!
1187,2528,2,10,73,85,1.1647058823529413,0.046883426633143835,687,"Look, I don’t care if you signaled or not. Road rage is still road rage, no matter the century."
1290,2528,3,8,74,85,1.1647058823529413,0.04978119863646624,687,"They really have to remake Monty Python and the Holy Grale too, huh?"
1281,2528,4,6,75,85,1.1647058823529413,0.05251932770420081,687,"Officer, I admit I was mad when the Uber driver said he would meet me at the moat and then was late."
1274,2528,2,10,73,85,1.1647058823529413,0.046883426633143835,687,You should see the windmill
1255,2528,1,12,72,85,1.1647058823529413,0.04379433351527859,687,"In my defense, he was driving a Mustang."
1240,2528,2,10,73,85,1.1647058823529413,0.046883426633143835,687,I'll have to write you up for riding in the bike lane.
1210,2528,3,8,74,85,1.1647058823529413,0.04978119863646624,687,This is all that was left of the self-driving horse.
1206,2528,3,8,74,85,1.1647058823529413,0.04978119863646624,687,I have slain the beast...it's a chevy!
1192,2528,2,10,73,85,1.1647058823529413,0.046883426633143835,687,The Tesla charged first.
1317,2528,1,12,72,85,1.1647058823529413,0.04379433351527859,687,Methinks it's plastic.
1173,2528,1,12,72,85,1.1647058823529413,0.04379433351527859,687,"I'll need to see your knighthood registration and insurance card, Sir."
1151,2528,0,14,71,85,1.1647058823529413,0.040470132236373114,687,"Hey, I had the right of way!"
1115,2528,1,12,72,85,1.1647058823529413,0.04379433351527859,687,"I just found this thing in the alley, officer."
1736,2528,3,8,74,85,1.1647058823529413,0.04978119863646624,687,"Forthwith I have come from the 12th century to champion Kings, Maidens and Checkered Cabs, good sir."
1078,2528,0,14,71,85,1.1647058823529413,0.040470132236373114,687,"It won't get very far, Sir Coppe -- I took one of its wings."
1062,2528,2,10,73,85,1.1647058823529413,0.046883426633143835,687,His lights were not on.
2485,2667,1,11,70,82,1.1585365853658536,0.04413684952548057,687,The Jester almost “footed”me steed.  A mounted cop would understand.
2247,2667,1,11,70,82,1.1585365853658536,0.04413684952548057,687,I wasn't jousting.  It really did happen the way I said it did.
2493,2667,2,9,71,82,1.1585365853658536,0.04742547425474254,687,"Just say ""1hp, 1 door Mustang"" and let me be on my way."
3645,2667,2,9,71,82,1.1585365853658536,0.04742547425474254,687,Epstein didn't kill himself.
3041,2667,2,9,71,82,1.1585365853658536,0.04742547425474254,687,"It's not my fault, officer. The human was horsing around."
3062,2667,1,11,70,82,1.1585365853658536,0.04413684952548057,687,"I don't know what that is, I stepped into a time machine."
3391,2667,0,13,69,82,1.1585365853658536,0.04058259927336568,687,But officer it was a case of self-defense. It was a Dodge Charger.
2120,2667,0,13,69,82,1.1585365853658536,0.04058259927336568,687,It's not my fault that he opened his door just as I was passing!
2827,2667,2,9,71,82,1.1585365853658536,0.04742547425474254,687,Adoorable!
2032,2667,2,9,71,82,1.1585365853658536,0.04742547425474254,687,Violets are blue.
1482,2667,2,9,71,82,1.1585365853658536,0.04742547425474254,687,I have an obsession with tilting at Windstars.
1894,2667,2,9,71,82,1.1585365853658536,0.04742547425474254,687,"Haven’t seen you around town before, you new on the ‘knight’ shift? Ha ha, get it? But seriously, my probation officer said one more strike and I’m going to jail. Please bro, have a fucking heart, I’m begging you."
1175,2667,2,9,71,82,1.1585365853658536,0.04742547425474254,687,He said it was a vintage Javelin.  I said a vintage Lancer could beat that.
1045,2667,1,11,70,82,1.1585365853658536,0.04413684952548057,687,I thought that I was in the wrong century.
146,2667,1,11,70,82,1.1585365853658536,0.04413684952548057,687,"It was joust a little misunderstanding, officer."
92,2667,0,13,69,82,1.1585365853658536,0.04058259927336568,687,I saved a dog in an overheated car while strictly observing the speed limit.
67,2667,2,9,71,82,1.1585365853658536,0.04742547425474254,687,And your home address?
23,2667,1,11,70,82,1.1585365853658536,0.04413684952548057,687,The last time we raced he blew my doors off.
9,2667,2,9,71,82,1.1585365853658536,0.04742547425474254,687,I’m protesting the ending of Game of Thrones.
2000,2667,1,11,70,82,1.1585365853658536,0.04413684952548057,687,I missed him by THAT much.
522,2687,3,7,73,83,1.1566265060240963,0.04992479713569274,687,I lost my keys.
1025,2687,1,11,71,83,1.1566265060240963,0.04364365530634865,687,"Well Sir, from your description it sounds like you got stuck in a DeLorean."
2640,2689,1,10,68,79,1.1518987341772151,0.04445423524410439,687,But I'm a Dodge Charger!  We own the fast lane
2649,2689,2,8,69,79,1.1518987341772151,0.04796612321171352,687,But the beast was running a red knight!
2690,2689,1,10,68,79,1.1518987341772151,0.04445423524410439,687,"But officer, chivalry matters!”"
2691,2689,1,10,68,79,1.1518987341772151,0.04445423524410439,687,I do freelance work for the NHTSA.
2779,2689,1,10,68,79,1.1518987341772151,0.04445423524410439,687,It's a MULE!  What did you expect?
2853,2689,3,6,70,79,1.1518987341772151,0.05123786608343864,687,"Knight of the Checker Cab, I believe you skewered a Pinto."
2817,2689,2,8,69,79,1.1518987341772151,0.04796612321171352,687,"I looked it up: "" No person shall open the door of a vehicle on the side available to moving traffic unless it is reasonably safe to do so"" Doesn't say anything about daytime or at knight."
2820,2689,1,10,68,79,1.1518987341772151,0.04445423524410439,687,"When I saw the checker barding on the other fellow, I knew I had to challenge him."
2850,2689,1,10,68,79,1.1518987341772151,0.04445423524410439,687,"Please let me explain;. this is not your typical hit and run, officer."
2561,2689,2,8,69,79,1.1518987341772151,0.04796612321171352,687,Second time I'm doored by an Uber parked in the protected jousting lane.
2897,2689,1,10,68,79,1.1518987341772151,0.04445423524410439,687,"But Officer, It was strictly self defense."
2793,2689,2,8,69,79,1.1518987341772151,0.04796612321171352,687,He had a vanity plate
2538,2689,2,8,69,79,1.1518987341772151,0.04796612321171352,687,"Verily sir, ‘tis a far greater sin to open thine door into oncoming traffic."
2313,2689,1,10,68,79,1.1518987341772151,0.04445423524410439,687,I thought for a second it was a windmill!
2416,2689,2,8,69,79,1.1518987341772151,0.04796612321171352,687,They said you can't dent a Saturn
2376,2689,1,10,68,79,1.1518987341772151,0.04445423524410439,687,I thought they discontinued the Lancer.
2357,2689,1,10,68,79,1.1518987341772151,0.04445423524410439,687,Do you want a ticket back to your time?
2907,2689,1,10,68,79,1.1518987341772151,0.04445423524410439,687,There is not enough parking at the Medieval Fair!
2281,2689,1,10,68,79,1.1518987341772151,0.04445423524410439,687,"Joust getting the door for Milady, Sir!"
2277,2689,1,10,68,79,1.1518987341772151,0.04445423524410439,687,That's one Transformer who won't open his door in traffic again
2248,2689,1,10,68,79,1.1518987341772151,0.04445423524410439,687,Just as I thought. It should've been recalled.
2238,2689,2,8,69,79,1.1518987341772151,0.04796612321171352,687,"But officer, the fair lass asked me to close the door."""
2167,2689,3,6,70,79,1.1518987341772151,0.05123786608343864,687,"Don't worry, officer, it's just a hunk of middle-aged whimsy."
2149,2689,0,12,67,79,1.1518987341772151,0.040639993680056885,687,"Officer, I pledge that I had the right-of-way."
3988,2689,0,12,67,79,1.1518987341772151,0.040639993680056885,687,I believe it was a fellow lancer by the name of Mitsubishi.
2104,2689,0,12,67,79,1.1518987341772151,0.040639993680056885,687,Moving violation?!
2062,2689,3,6,70,79,1.1518987341772151,0.05123786608343864,687,Strayed into the jousting lane.
2035,2689,2,8,69,79,1.1518987341772151,0.04796612321171352,687,That'll teach them to call me 'Lance in his Pants!'
2433,2689,2,8,69,79,1.1518987341772151,0.04796612321171352,687,Are you stopping me because I was going to fax?
2921,2689,2,8,69,79,1.1518987341772151,0.04796612321171352,687,"Because 'Parking Space Reserved for Medieval Times' means exactly that, that's why."
3101,2689,1,10,68,79,1.1518987341772151,0.04445423524410439,687,Insurance information?  He just kept babbling about 88 miles per hour....
2934,2689,1,10,68,79,1.1518987341772151,0.04445423524410439,687,This is broken windows policing gone mad.
1893,2689,2,8,69,79,1.1518987341772151,0.04796612321171352,687,Your right officer but he challenged me to a joust.
3970,2689,2,8,69,79,1.1518987341772151,0.04796612321171352,687,I did TOO clearly signal 'En Garde!'
3939,2689,4,4,71,79,1.1518987341772151,0.05431287937135631,687,Coupe de Nissan.
3910,2689,2,8,69,79,1.1518987341772151,0.04796612321171352,687,You should  have seen the one that got away.
3897,2689,0,12,67,79,1.1518987341772151,0.040639993680056885,687,Am not parking - joust picking up.
3886,2689,3,6,70,79,1.1518987341772151,0.05123786608343864,687,"This is technically steampunk, and we both know the Steamvalve-Tophat Act of 2011 says you can’t touch me, pig."
3885,2689,2,8,69,79,1.1518987341772151,0.04796612321171352,687,"I tried to open her door, but now chivalry is dead."
3859,2689,1,10,68,79,1.1518987341772151,0.04445423524410439,687,"Here's your kabob Bobby."""
3850,2689,1,10,68,79,1.1518987341772151,0.04445423524410439,687,He never saw me coming.
3767,2689,3,6,70,79,1.1518987341772151,0.05123786608343864,687,Americans drive on the wrong side of the road.
3739,2689,2,8,69,79,1.1518987341772151,0.04796612321171352,687,"Have you been eating any comically oversized turkey legs this evening, sir?"
3633,2689,3,6,70,79,1.1518987341772151,0.05123786608343864,687,"A citation for a fair fight for her Majesty? 
Dear Sire, surely you joust."
3613,2689,1,10,68,79,1.1518987341772151,0.04445423524410439,687,"It was a Charger, but it couldn’t dodge my lance!"
3606,2689,1,10,68,79,1.1518987341772151,0.04445423524410439,687,"Well, when it gets too hot I roll down the window."
3597,2689,2,8,69,79,1.1518987341772151,0.04796612321171352,687,Think of it like a narwhal horn.
3553,2689,2,8,69,79,1.1518987341772151,0.04796612321171352,687,That's right. 3 points- for I hath unseated my opponent!
3525,2689,1,10,68,79,1.1518987341772151,0.04445423524410439,687,He didn't even look before opening the door into the jousting lane.
3516,2689,1,10,68,79,1.1518987341772151,0.04445423524410439,687,"Officer, I had the right of way."
3433,2689,1,10,68,79,1.1518987341772151,0.04445423524410439,687,Your right Officer...it does make for a lousy Shield!
3380,2689,3,6,70,79,1.1518987341772151,0.05123786608343864,687,"Well, a REAL Mustang could have handled it!"
3379,2689,2,8,69,79,1.1518987341772151,0.04796612321171352,687,The caitiff knave fled!
3368,2689,1,10,68,79,1.1518987341772151,0.04445423524410439,687,"Really officer, it’s not what you think...."
3291,2689,1,10,68,79,1.1518987341772151,0.04445423524410439,687,We were trapped inside.  Honest!
3277,2689,3,6,70,79,1.1518987341772151,0.05123786608343864,687,I've never heard of a DeLorean!
3185,2689,2,8,69,79,1.1518987341772151,0.04796612321171352,687,I was proving it was unbreakable!
3119,2689,2,8,69,79,1.1518987341772151,0.04796612321171352,687,If I was a real knight I would have made you eat a football.
3060,2689,1,10,68,79,1.1518987341772151,0.04445423524410439,687,Ride by jousting... it just so happens I have a listing for that.
3059,2689,3,6,70,79,1.1518987341772151,0.05123786608343864,687,"What do you mean,the wrong door?"
3053,2689,2,8,69,79,1.1518987341772151,0.04796612321171352,687,"He doored me. Couldn’t get his license plate, but got this."
2922,2689,2,8,69,79,1.1518987341772151,0.04796612321171352,687,Thy New York armour is no match for me and my charge.
1879,2689,2,8,69,79,1.1518987341772151,0.04796612321171352,687,"My apologies. In my haste to procure the parking space, I mistook my apparent foe to be an armored car."
1694,2689,1,10,68,79,1.1518987341772151,0.04445423524410439,687,I had no choice.  It was a '66 Dodge Charger!
1773,2689,1,10,68,79,1.1518987341772151,0.04445423524410439,687,To be fair... Lancer does sound a lot like Lancelot.
873,2689,2,8,69,79,1.1518987341772151,0.04796612321171352,687,"Sir knight, they don't make armor now like they used to."
843,2689,1,10,68,79,1.1518987341772151,0.04445423524410439,687,"As promised, no fingerprints."
828,2689,1,10,68,79,1.1518987341772151,0.04445423524410439,687,"No, my name is not Don Quixote.""  Michael Sivak, Ann Arbor, M"
779,2689,3,6,70,79,1.1518987341772151,0.05123786608343864,687,"Before you charge me, please explain how my steed mounted a charge from inside the vehicle."
775,2689,2,8,69,79,1.1518987341772151,0.04796612321171352,687,I am a knight of the roundabout. You may call me Mitsubishi Lancer.
722,2689,3,6,70,79,1.1518987341772151,0.05123786608343864,687,"It was the only rental with no airbags, so I had to improvise."
689,2689,3,6,70,79,1.1518987341772151,0.05123786608343864,687,Ye are charging me with “lance and gallop”?
630,2689,3,6,70,79,1.1518987341772151,0.05123786608343864,687,Thee shall suffer dearly whence double parked fore Round Table Pizza.
597,2689,0,12,67,79,1.1518987341772151,0.040639993680056885,687,That Mustang was coming right at me.  I swear!
596,2689,1,10,68,79,1.1518987341772151,0.04445423524410439,687,"I took care of charging the other driver, officer."
584,2689,2,8,69,79,1.1518987341772151,0.04796612321171352,687,Quixote now supports renewable energy.
560,2689,2,8,69,79,1.1518987341772151,0.04796612321171352,687,"Yes sir, I ran headlong into an open UFO"
496,2689,1,10,68,79,1.1518987341772151,0.04445423524410439,687,"Yes officer...but when the door opened it was partly on 14th street"""
876,2689,1,10,68,79,1.1518987341772151,0.04445423524410439,687,So when the Charger refused to give way...
435,2689,1,10,68,79,1.1518987341772151,0.04445423524410439,687,Does your horse have insurance?
397,2689,0,12,67,79,1.1518987341772151,0.040639993680056885,687,"To be fair, there is no jousting lane."
364,2689,2,8,69,79,1.1518987341772151,0.04796612321171352,687,"This was the Raptor, you should have seen what I did to the Ram."
357,2689,2,8,69,79,1.1518987341772151,0.04796612321171352,687,"But there was no one riding this strange horse which charged me."""
326,2689,2,8,69,79,1.1518987341772151,0.04796612321171352,687,What--you've never been invited to a car-B-que before?
225,2689,3,6,70,79,1.1518987341772151,0.05123786608343864,687,The rest of it turned into a pumpkin.
223,2689,2,8,69,79,1.1518987341772151,0.04796612321171352,687,Is this what your generation calls door busters?
215,2689,3,6,70,79,1.1518987341772151,0.05123786608343864,687,Thou hath the right to remain silent
112,2689,1,10,68,79,1.1518987341772151,0.04445423524410439,687,The Christmas Parade went off the rails.
100,2689,2,8,69,79,1.1518987341772151,0.04796612321171352,687,"But officer, it's only the door ... not a full kebab offense."""
83,2689,0,12,67,79,1.1518987341772151,0.040639993680056885,687,Sir Insurance
77,2689,1,10,68,79,1.1518987341772151,0.04445423524410439,687,I couldn't find a windmill to tilt with
37,2689,1,10,68,79,1.1518987341772151,0.04445423524410439,687,That's right. My name is Lance.
1805,2689,1,10,68,79,1.1518987341772151,0.04445423524410439,687,"He deserved it officer, he stole my parking spot!"
419,2689,2,8,69,79,1.1518987341772151,0.04796612321171352,687,"Verily, just a scoundrel who labeled himself ""Regal."""
897,2689,0,12,67,79,1.1518987341772151,0.040639993680056885,687,Columbus Circle was supposed to be conflict-free.
265,2689,0,12,67,79,1.1518987341772151,0.040639993680056885,687,Can I keep what I catch?
954,2689,0,12,67,79,1.1518987341772151,0.040639993680056885,687,"I had to, officer, he was in my lane."
1764,2689,1,10,68,79,1.1518987341772151,0.04445423524410439,687,"But Officer, I was in the Pike Lane"
946,2689,1,10,68,79,1.1518987341772151,0.04445423524410439,687,"Your shield was very ineffective, sir."
1723,2689,1,10,68,79,1.1518987341772151,0.04445423524410439,687,I've got a 681: A hit and gallop.
1718,2689,1,10,68,79,1.1518987341772151,0.04445423524410439,687,He said his name was Michael Knight.
1594,2689,1,10,68,79,1.1518987341772151,0.04445423524410439,687,"He challenged my honor, officer."
1581,2689,3,6,70,79,1.1518987341772151,0.05123786608343864,687,"It was just in joust, officer."
1555,2689,2,8,69,79,1.1518987341772151,0.04796612321171352,687,Did you get the license plate number?
1542,2689,2,8,69,79,1.1518987341772151,0.04796612321171352,687,"An oxymoron 
if I ever saw one."
1539,2689,1,10,68,79,1.1518987341772151,0.04445423524410439,687,"Trust me, I'm never doing popcorn for dinner again."
1437,2689,1,10,68,79,1.1518987341772151,0.04445423524410439,687,He was the one who side-lanced me.
1410,2689,2,8,69,79,1.1518987341772151,0.04796612321171352,687,The car was blocking the crosswalk
1407,2689,2,8,69,79,1.1518987341772151,0.04796612321171352,687,"Listen, you really gotta talk to Elon."
1338,2689,1,10,68,79,1.1518987341772151,0.04445423524410439,687,It’s Tesla’s Cybertruck.
1312,2689,2,8,69,79,1.1518987341772151,0.04796612321171352,687,"Verily, sirrah, the scoundrel would not yield."
1717,2689,1,10,68,79,1.1518987341772151,0.04445423524410439,687,i lost my car keys
1292,2689,1,10,68,79,1.1518987341772151,0.04445423524410439,687,Chevrolet is dead.
1308,2689,2,8,69,79,1.1518987341772151,0.04796612321171352,687,Suddenly the other steed's armour just opened up!
1024,2689,2,8,69,79,1.1518987341772151,0.04796612321171352,687,That was no Dodge
1038,2689,0,12,67,79,1.1518987341772151,0.040639993680056885,687,In my defense it was a Lancia
1003,2689,0,12,67,79,1.1518987341772151,0.040639993680056885,687,He tried to dodge cause he was a challenger !
1049,2689,2,8,69,79,1.1518987341772151,0.04796612321171352,687,He cheats! His Charger is armored and weareth a seatbelt!
1084,2689,2,8,69,79,1.1518987341772151,0.04796612321171352,687,So much for Sir Dodge Dart.
1091,2689,1,10,68,79,1.1518987341772151,0.04445423524410439,687,It’s not my fault! He opened his directly into the jousting lane without even looking!
1136,2689,1,10,68,79,1.1518987341772151,0.04445423524410439,687,"Blame the driver, not the lance!"
958,2689,1,10,68,79,1.1518987341772151,0.04445423524410439,687,They should have parked inside the moat!
1212,2689,1,10,68,79,1.1518987341772151,0.04445423524410439,687,She had the right of way? But women have no rights!
1222,2689,2,8,69,79,1.1518987341772151,0.04796612321171352,687,"Well Mr Knight we can write this up as a violation of chess rules, It’s a sure Touch Move"
1230,2689,0,12,67,79,1.1518987341772151,0.040639993680056885,687,"My steed wins every race, but that blockhead refused to decrease his horsepower and let us pass."""
1257,2689,2,8,69,79,1.1518987341772151,0.04796612321171352,687,It's not our fault.  We were in the crosswalk
1126,2689,2,8,69,79,1.1518987341772151,0.04796612321171352,687,When I raised my visor you were supposed to open your window.
1969,2816,3,6,71,80,1.15,0.05062895554167108,687,Aren't you going to give her a ticket for dooring?
795,2816,2,8,70,80,1.15,0.047400795805956415,687,I didn't get the plate.
2469,2816,3,6,71,80,1.15,0.05062895554167108,687,He should have used the Dutch reach!
101,2816,1,10,69,80,1.15,0.04393608706786989,687,"Officer, he just opened his door in front of me."
694,2816,2,8,70,80,1.15,0.047400795805956415,687,"But officer, I just was joust awarded the door prize."
2308,2821,3,5,68,76,1.144736842105263,0.0519917246060963,687,"I suggest you step aside, officer. The inflatable Michigan monster will be arriving at any moment."
2319,2821,3,5,68,76,1.144736842105263,0.0519917246060963,687,He didn't have lane change joust protection.
2619,2821,3,5,68,76,1.144736842105263,0.0519917246060963,687,I thought I was saving your life from the beast.
2327,2821,1,9,66,76,1.144736842105263,0.044736842105263165,687,You wouldn't understand. It's a Renaissance Festival thing.
2346,2821,0,11,65,76,1.144736842105263,0.04062644272599794,687,Let this be the fate of all metal steeds who dare encroacheth on the joust lane.
2366,2821,1,9,66,76,1.144736842105263,0.044736842105263165,687,"Triple-A was busy, sire. You may enter thy wagon."
2371,2821,2,7,67,76,1.144736842105263,0.048500126129049435,687,I thought he said the car was a ‘coupe’ de grâce.
2377,2821,1,9,66,76,1.144736842105263,0.044736842105263165,687,"It’s not a good excuse I know, but in our country we tend to look right before pulling out"
2380,2821,3,5,68,76,1.144736842105263,0.0519917246060963,687,"Sorry officer, but my real name is Lance Carter."
2467,2821,2,7,67,76,1.144736842105263,0.048500126129049435,687,"But Officer, he was driving on the wrong side of the road!"
2511,2821,1,9,66,76,1.144736842105263,0.044736842105263165,687,I’m sorry. I sneezed!
2527,2821,1,9,66,76,1.144736842105263,0.044736842105263165,687,I’m going to have to cite you for a joust and run.
2566,2821,2,7,67,76,1.144736842105263,0.048500126129049435,687,"But officer, you can't charge me with a hit-and-run -- I was jousting!"
2574,2821,1,9,66,76,1.144736842105263,0.044736842105263165,687,And then woosh! It felt like me wents through some manner of tube or the like!
2303,2821,2,7,67,76,1.144736842105263,0.048500126129049435,687,My trusty steed speareth your trusty steel.
2578,2821,1,9,66,76,1.144736842105263,0.044736842105263165,687,Came off a horsepower of a different order.
2614,2821,2,7,67,76,1.144736842105263,0.048500126129049435,687,Proof that a Dodge Lancer can't dodge a lance
2428,2821,1,9,66,76,1.144736842105263,0.044736842105263165,687,Getting doored is way more dangerous than you think
2287,2821,2,7,67,76,1.144736842105263,0.048500126129049435,687,"IT'S DOOR TO DOOR,DAY & KNIGHT DELIVERY, SQIURE."
1861,2821,1,9,66,76,1.144736842105263,0.044736842105263165,687,"Jousting patrol reporting gridlock situation under control, sir."
2258,2821,1,9,66,76,1.144736842105263,0.044736842105263165,687,"Go ahead - write me up.  But I alerted him to my charge and he still tried to thwart me.

 - Anthony Greco, Decatur, Georgia"
2647,2821,1,9,66,76,1.144736842105263,0.044736842105263165,687,"Sorry, the genie said this door was a time portal, but it was just a Prius."
1821,2821,2,7,67,76,1.144736842105263,0.048500126129049435,687,"This is a working horse from New York Police - no
tickets!!"
1833,2821,1,9,66,76,1.144736842105263,0.044736842105263165,687,"Officer,I swear my horse was driving!"
1923,2821,1,9,66,76,1.144736842105263,0.044736842105263165,687,Uber equine?
2029,2821,2,7,67,76,1.144736842105263,0.048500126129049435,687,It's not spelled Lance-a-lot.
2036,2821,0,11,65,76,1.144736842105263,0.04062644272599794,687,Victory!  I have slain a dooring van!
2037,2821,3,5,68,76,1.144736842105263,0.0519917246060963,687,"But officer, I spotted the guy who gave his wife the Peloton for Christmas!"
2063,2821,1,9,66,76,1.144736842105263,0.044736842105263165,687,Note: you have 30 days to make a payment to your ticket.
2066,2821,1,9,66,76,1.144736842105263,0.044736842105263165,687,"I say, constable, it ‘twere in the bike lane!"
2100,2821,0,11,65,76,1.144736842105263,0.04062644272599794,687,"All the king's horses and all the king's men, couldn't get his deposit back again."
2103,2821,3,5,68,76,1.144736842105263,0.0519917246060963,687,Ford versus Mare-I should be in the movies.
2107,2821,3,5,68,76,1.144736842105263,0.0519917246060963,687,"I was tilting at mailboxes for practice, and I got one."
2129,2821,1,9,66,76,1.144736842105263,0.044736842105263165,687,This is just a misunderstanding Officer. I'm the Valet here
2165,2821,1,9,66,76,1.144736842105263,0.044736842105263165,687,"Believe it or not good man, but this is a Plymouth"
2214,2821,1,9,66,76,1.144736842105263,0.044736842105263165,687,Can you record it as no vault?
2251,2821,3,5,68,76,1.144736842105263,0.0519917246060963,687,"hey brother when we're all done here can i keep it? 
gonna mount it on my wall and fuck it"
2255,2821,0,11,65,76,1.144736842105263,0.04062644272599794,687,License and registration please.
2261,2821,2,7,67,76,1.144736842105263,0.048500126129049435,687,I’m working on rolling it down.
2733,2821,1,9,66,76,1.144736842105263,0.044736842105263165,687,I was riding to work and WHAM
3847,2821,2,7,67,76,1.144736842105263,0.048500126129049435,687,As a courier I offer door-to-door service.
2902,2821,1,9,66,76,1.144736842105263,0.044736842105263165,687,What's insurance?
3469,2821,2,7,67,76,1.144736842105263,0.048500126129049435,687,"He used his hand to signal a left turn, Officer, and my mount just charged. Write the ticket out to Checkers."
3483,2821,3,5,68,76,1.144736842105263,0.0519917246060963,687,The noble knight saved a baby from overheating in a car.
3543,2821,3,5,68,76,1.144736842105263,0.0519917246060963,687,"They said it would run on horse shit, but that was horse shit"
3557,2821,0,11,65,76,1.144736842105263,0.04062644272599794,687,"But, it was the Mitsubishi Lancer that challenged me first, officer."
3583,2821,1,9,66,76,1.144736842105263,0.044736842105263165,687,He didn’t use the Dutch Reach to open his door.
3642,2821,1,9,66,76,1.144736842105263,0.044736842105263165,687,He always told me if I wanted to stand a chance against him on the streets I would need to drive stick and get some horsepower.
3648,2821,1,9,66,76,1.144736842105263,0.044736842105263165,687,"Hark, Guinevere is waiting--thou shall take my plate number quickly"
3685,2821,2,7,67,76,1.144736842105263,0.048500126129049435,687,And so it was I slayed the beast that laid my two-wheeled brethren low.
3461,2821,1,9,66,76,1.144736842105263,0.044736842105263165,687,I was just trying to signal left.
3827,2821,2,7,67,76,1.144736842105263,0.048500126129049435,687,He wouldst not yieldeth at the 4-way stop.
3852,2821,1,9,66,76,1.144736842105263,0.044736842105263165,687,Am I really supposed to believe Elon challenged you to a joust against his Cybertruck?
3903,2821,2,7,67,76,1.144736842105263,0.048500126129049435,687,There's your Cybertruck for you.
3908,2821,0,11,65,76,1.144736842105263,0.04062644272599794,687,Sorry. I was aiming for the driver and missed.
3912,2821,2,7,67,76,1.144736842105263,0.048500126129049435,687,"I might look like a law-abiding citizen to you, one who would gladly participate in a hit-and-run investigation — especially in a case where my life was endangered — but I'm actually a member of North Brooklyn DSA, and, well, we don't talk to cops."
3991,2821,0,11,65,76,1.144736842105263,0.04062644272599794,687,You've got a ticket to ride.
4011,2821,1,9,66,76,1.144736842105263,0.044736842105263165,687,Ms. Subichi thought she was the best Lancer in the class.
4020,2821,1,9,66,76,1.144736842105263,0.044736842105263165,687,This cuirass is my insurance.
4023,2821,2,7,67,76,1.144736842105263,0.048500126129049435,687,What do you mean I am getting a ticket. He was in my lane.
1792,2821,0,11,65,76,1.144736842105263,0.04062644272599794,687,You're going to jail - Knighty Knight
2878,2821,1,9,66,76,1.144736842105263,0.044736842105263165,687,You're telling me I'm the only guy who's ever confused hail with impale?
3434,2821,3,5,68,76,1.144736842105263,0.0519917246060963,687,This is what it takes to be safe in bike lanes next to parking cars.
3335,2821,1,9,66,76,1.144736842105263,0.044736842105263165,687,"I figured that once word got around, before opening, parkers would start looking over their shoulders for me, if not bicyclists."
2979,2821,2,7,67,76,1.144736842105263,0.048500126129049435,687,"Sorry, I thought I was in the bicycle lane."
2990,2821,0,11,65,76,1.144736842105263,0.04062644272599794,687,"Officer, I don't think this qualifies as a hit and run"
3020,2821,2,7,67,76,1.144736842105263,0.048500126129049435,687,"Fighting for climate change,officer !"
3028,2821,1,9,66,76,1.144736842105263,0.044736842105263165,687,That’ll be $28.50.
3030,2821,2,7,67,76,1.144736842105263,0.048500126129049435,687,Not armored. eh?
3044,2821,2,7,67,76,1.144736842105263,0.048500126129049435,687,"I thought he said Prince Valiant, not Plymouth Valiant"
3055,2821,1,9,66,76,1.144736842105263,0.044736842105263165,687,Your updates still need rear view mirror.
3069,2821,1,9,66,76,1.144736842105263,0.044736842105263165,687,Medieval Crimes
3354,2821,2,7,67,76,1.144736842105263,0.048500126129049435,687,It's part of the new Tesla truck
3094,2821,0,11,65,76,1.144736842105263,0.04062644272599794,687,"It’s like I told you, HE hit ME."
3180,2821,0,11,65,76,1.144736842105263,0.04062644272599794,687,I'm trying to boost my end door fins.
3217,2821,1,9,66,76,1.144736842105263,0.044736842105263165,687,Behold! Justice still reigns north of Lexington!
3223,2821,2,7,67,76,1.144736842105263,0.048500126129049435,687,"My horse is a better at ""self-driving"" than this car."
3243,2821,1,9,66,76,1.144736842105263,0.044736842105263165,687,Parketh in thy jousting lane and thou shall payeth a price!
3267,2821,2,7,67,76,1.144736842105263,0.048500126129049435,687,I am working on a undocumented Windows problem.
3270,2821,2,7,67,76,1.144736842105263,0.048500126129049435,687,"It was close, but the other guy won the last parking spot"
3316,2821,1,9,66,76,1.144736842105263,0.044736842105263165,687,He ran a red light
3325,2821,0,11,65,76,1.144736842105263,0.04062644272599794,687,"Sorry officer, they advertised it as a door crasher event"""
3149,2821,1,9,66,76,1.144736842105263,0.044736842105263165,687,"Permission to enter, good sir?"
1775,2821,1,9,66,76,1.144736842105263,0.044736842105263165,687,"Sir, do you have any idea how fast you were going?"
1448,2821,0,11,65,76,1.144736842105263,0.04062644272599794,687,"What a coincidence, my horse also likes to press charges.  Me, I just want to get my point across."
1754,2821,1,9,66,76,1.144736842105263,0.044736842105263165,687,I am defending the honor of Checker Cab!
666,2821,3,5,68,76,1.144736842105263,0.0519917246060963,687,I made a left at Bosworth Field  and finished up in a carpark in Leicester.
688,2821,1,9,66,76,1.144736842105263,0.044736842105263165,687,"I thought my contract said ""Medieval Times Square."""
1766,2821,1,9,66,76,1.144736842105263,0.044736842105263165,687,Officer I’m doing nothing more than going from door to door here
698,2821,3,5,68,76,1.144736842105263,0.0519917246060963,687,"But sir, I've saved thee from a fate worse than death!"
733,2821,3,5,68,76,1.144736842105263,0.0519917246060963,687,He was blocking me in.
735,2821,3,5,68,76,1.144736842105263,0.0519917246060963,687,You’re. Getting a ticket for not using you’re seatbelt
758,2821,2,7,67,76,1.144736842105263,0.048500126129049435,687,Agent says: Not liable for parked car.
760,2821,1,9,66,76,1.144736842105263,0.044736842105263165,687,where did you get the horse?
767,2821,1,9,66,76,1.144736842105263,0.044736842105263165,687,My guild will never believe this.
798,2821,2,7,67,76,1.144736842105263,0.048500126129049435,687,The driver ran a red light and hit me .
815,2821,1,9,66,76,1.144736842105263,0.044736842105263165,687,"Which way to Detroit, officer?"
882,2821,0,11,65,76,1.144736842105263,0.04062644272599794,687,This is why we recommend the Dutch Reach.
906,2821,1,9,66,76,1.144736842105263,0.044736842105263165,687,"Listen, officer, I came out of nowhere!"
943,2821,2,7,67,76,1.144736842105263,0.048500126129049435,687,Touché
961,2821,1,9,66,76,1.144736842105263,0.044736842105263165,687,It's from the 2020 Charger.
979,2821,1,9,66,76,1.144736842105263,0.044736842105263165,687,Sir Elon's Cybertruck was not lance-proof either.
1016,2821,1,9,66,76,1.144736842105263,0.044736842105263165,687,He was charging me. I sweareth.
643,2821,1,9,66,76,1.144736842105263,0.044736842105263165,687,I thought he was a boxy sort of   knight coming at me to joust. Instead he just kept sounding his horn.
1034,2821,4,3,69,76,1.144736842105263,0.05526315789473685,687,Couldn't Dodge that one
619,2821,1,9,66,76,1.144736842105263,0.044736842105263165,687,"Prithee, what manner of steed hadst thou?"
586,2821,0,11,65,76,1.144736842105263,0.04062644272599794,687,After defeating the windmills...I was sued.
19,2821,0,11,65,76,1.144736842105263,0.04062644272599794,687,"Yon vile steed did blocketh the bike lane, good sir"
49,2821,1,9,66,76,1.144736842105263,0.044736842105263165,687,Does this void the warranty?
50,2821,2,7,67,76,1.144736842105263,0.048500126129049435,687,I'm not saying anything until I speak to my illustrator.
52,2821,0,11,65,76,1.144736842105263,0.04062644272599794,687,The door opened into the jousting lane.
157,2821,2,7,67,76,1.144736842105263,0.048500126129049435,687,"It's a bit complicated, officer. I called for an Uber, and this is what I got stuck with."
191,2821,2,7,67,76,1.144736842105263,0.048500126129049435,687,Just jousting with the Cybertruck
198,2821,2,7,67,76,1.144736842105263,0.048500126129049435,687,I didn't realize the turn was so sharp.
199,2821,3,5,68,76,1.144736842105263,0.0519917246060963,687,But I speared the dragon’s wing!
205,2821,1,9,66,76,1.144736842105263,0.044736842105263165,687,Why must you think that I'm at fault?
219,2821,0,11,65,76,1.144736842105263,0.04062644272599794,687,Yes sir. 12” from the curb.
293,2821,3,5,68,76,1.144736842105263,0.0519917246060963,687,"So like, can I keep this...or?"
304,2821,1,9,66,76,1.144736842105263,0.044736842105263165,687,"It’s from my last windmill, officer."
308,2821,1,9,66,76,1.144736842105263,0.044736842105263165,687,Next time I'll just give em' one star ...
313,2821,2,7,67,76,1.144736842105263,0.048500126129049435,687,"Seize the day, not the door!"
314,2821,2,7,67,76,1.144736842105263,0.048500126129049435,687,"The Mustang served into my lane, thus I taught him a lesson!"
318,2821,0,11,65,76,1.144736842105263,0.04062644272599794,687,"This brings a whole new meaning to the phrase, a knight in shining armor."
431,2821,1,9,66,76,1.144736842105263,0.044736842105263165,687,"Please, good sir, we serve and protect the same feudal lord, the noble cyclist!"
598,2821,1,9,66,76,1.144736842105263,0.044736842105263165,687,Didn't even glance at his rear-view.
1035,2821,1,9,66,76,1.144736842105263,0.044736842105263165,687,"But officer, my therapist said how important it is to open doors!"
693,2821,2,7,67,76,1.144736842105263,0.048500126129049435,687,"But, he tried to cross over into my lane!"
1080,2821,2,7,67,76,1.144736842105263,0.048500126129049435,687,My lord keeps falling out of his chariot.  I think this will help.
1436,2821,2,7,67,76,1.144736842105263,0.048500126129049435,687,"This Court of Police holds no terror for me, man-at-arms, for I am protected by Excadillaca."
1445,2821,2,7,67,76,1.144736842105263,0.048500126129049435,687,Let's not put the car before the horse.
1453,2821,1,9,66,76,1.144736842105263,0.044736842105263165,687,I thought it was a strange armor suit!
1457,2821,1,9,66,76,1.144736842105263,0.044736842105263165,687,They got rid of manual windows ages ago.
1462,2821,2,7,67,76,1.144736842105263,0.048500126129049435,687,I'm charging you with HIT and RUN
1525,2821,2,7,67,76,1.144736842105263,0.048500126129049435,687,Spearfishing in the Thames
1532,2821,2,7,67,76,1.144736842105263,0.048500126129049435,687,What's wrong with this world when you can't even impale an Impala?
1535,2821,1,9,66,76,1.144736842105263,0.044736842105263165,687,"I was merely signaling a left turn, sire!"
1564,2821,0,11,65,76,1.144736842105263,0.04062644272599794,687,"Beauteous lady, my strong arm has overwhelmed your kidnappers and their coach."
1576,2821,2,7,67,76,1.144736842105263,0.048500126129049435,687,Tell me again why you pulled me over today.
1624,2821,1,9,66,76,1.144736842105263,0.044736842105263165,687,"Officer, I swear I was in the JOUSTING Lane."
1625,2821,1,9,66,76,1.144736842105263,0.044736842105263165,687,"I said she was parked in the bike lane, then she I was quixotic, so I gave her a little taste of chivalry, if you know what I mean."
1645,2821,1,9,66,76,1.144736842105263,0.044736842105263165,687,It's either car door or be car doored.
1672,2821,1,9,66,76,1.144736842105263,0.044736842105263165,687,"You are going to get a ticket for JWI, jousting while intoxicated."
1071,2821,0,11,65,76,1.144736842105263,0.04062644272599794,687,It was all about a facebook attack!
1691,2821,2,7,67,76,1.144736842105263,0.048500126129049435,687,"But , officer, he refused to grant my right of way"
1729,2821,1,9,66,76,1.144736842105263,0.044736842105263165,687,"Put a ticket on my window, I dare you."
1421,2821,1,9,66,76,1.144736842105263,0.044736842105263165,687,"Lord Sheriff, the Challenger of Dodge is slainth!"
1372,2821,2,7,67,76,1.144736842105263,0.048500126129049435,687,It is the new jousting contest.  Horse against the machine.  We won!
1687,2821,2,7,67,76,1.144736842105263,0.048500126129049435,687,They’re tastier than you’d think once they’re toasted.
1349,2821,0,11,65,76,1.144736842105263,0.04062644272599794,687,This all seem a bit anachronistic.
1082,2821,1,9,66,76,1.144736842105263,0.044736842105263165,687,No one puts me or my ass in the back seat!
1087,2821,1,9,66,76,1.144736842105263,0.044736842105263165,687,The car antenna knick my horse but that was it.
1096,2821,1,9,66,76,1.144736842105263,0.044736842105263165,687,"I see, Mr. Quixote, a baby Dragon you say."
1113,2821,2,7,67,76,1.144736842105263,0.048500126129049435,687,Perhaps you have some chocolate and a marshmallow?
1122,2821,1,9,66,76,1.144736842105263,0.044736842105263165,687,Cut me a break; it's a Tesla; I spared the window.
1124,2821,1,9,66,76,1.144736842105263,0.044736842105263165,687,Since when is street jousting a crime?
1132,2821,2,7,67,76,1.144736842105263,0.048500126129049435,687,"Yes, it was a Pinto"
1351,2821,1,9,66,76,1.144736842105263,0.044736842105263165,687,I've got to stop knight driving!
1159,2821,1,9,66,76,1.144736842105263,0.044736842105263165,687,I got a bit carried away listening to the NPR podcast.
1157,2821,2,7,67,76,1.144736842105263,0.048500126129049435,687,"From a Chevy Cavalier, good sir."
1171,2821,1,9,66,76,1.144736842105263,0.044736842105263165,687,"Boy, these budget cuts are making it harder and harder to be a meter maid in this city"
1184,2821,2,7,67,76,1.144736842105263,0.048500126129049435,687,"Top of my class at jousting school, still can’t get a job, but then I get this call from the cyclists association..."
1203,2821,0,11,65,76,1.144736842105263,0.04062644272599794,687,I forgot where I hid the hide-a-key.
1288,2821,1,9,66,76,1.144736842105263,0.044736842105263165,687,"With all due respect officer, this vehicle was clearly blocking the jousting lane!"
1314,2821,1,9,66,76,1.144736842105263,0.044736842105263165,687,I don't think this is what your King meant when he told you he want to see more spirit.
1316,2821,1,9,66,76,1.144736842105263,0.044736842105263165,687,I would not be denied the checkered flag.
1321,2821,2,7,67,76,1.144736842105263,0.048500126129049435,687,"Sorry Officer, he was in my blind spot."
1332,2821,1,9,66,76,1.144736842105263,0.044736842105263165,687,What is aluminum ?
1167,2821,3,5,68,76,1.144736842105263,0.0519917246060963,687,"Just gimme the ticket, OK? Ya wouldn't believe me if I told ya."
3068,2989,1,8,64,73,1.1369863013698631,0.04497195343285892,687,I wish to lodge an equipment challenge.
2721,2989,1,8,64,73,1.1369863013698631,0.04497195343285892,687,I ordered an XL
2415,2989,1,8,64,73,1.1369863013698631,0.04497195343285892,687,"Officer, I am fairly certain we meet all the criteria for the HOV lane."
1327,2989,2,6,65,73,1.1369863013698631,0.049020343729643576,687,"Yes officer, I did pierce from the inside."
1356,2989,2,6,65,73,1.1369863013698631,0.049020343729643576,687,I’m a product of my environment?
1006,2989,0,10,63,73,1.1369863013698631,0.04052109440479188,687,Sorry. This new armor head gear is a little hard to get use to.
953,2989,2,6,65,73,1.1369863013698631,0.049020343729643576,687,I didn't know it was a no jousting zone Officer.
739,2989,2,6,65,73,1.1369863013698631,0.049020343729643576,687,I assumed it would turn back into a jar.
506,2989,1,8,64,73,1.1369863013698631,0.04497195343285892,687,Where’s the fondu?
1117,2989,1,8,64,73,1.1369863013698631,0.04497195343285892,687,it was their fault for not looking before opened the cab door
2240,2999,0,10,64,74,1.135135135135135,0.040012605956627305,687,Can I pay the citation with my charged car?
2241,2999,2,6,66,74,1.135135135135135,0.04838879136051528,687,I’m an original member of the Biking Union.
2423,2999,0,10,64,74,1.135135135135135,0.040012605956627305,687,"Sir Lance-the-Lock"" Roadside service on demand"
2440,2999,1,8,65,74,1.135135135135135,0.044398669826762854,687,Good thing the window was up.
2475,2999,2,6,66,74,1.135135135135135,0.04838879136051528,687,I’m just grateful I’m not on my bicycle!
2564,2999,2,6,66,74,1.135135135135135,0.04838879136051528,687,"Sir, you are under arrest for tampering with a Police Vehicle!"
2576,2999,1,8,65,74,1.135135135135135,0.044398669826762854,687,Guess I made too sharp a turn at that last stop light.
2873,2999,2,6,66,74,1.135135135135135,0.04838879136051528,687,"Sir, I’m gonna have to write you a ticket for double parking."
4033,2999,2,6,66,74,1.135135135135135,0.04838879136051528,687,It’s horse powered.
2900,2999,1,8,65,74,1.135135135135135,0.044398669826762854,687,"No, I said ordinance, not “door lance”!"
2905,2999,0,10,64,74,1.135135135135135,0.040012605956627305,687,It's the best idea state lawmakers could come up with to reduce traffic congestion below 60th.
2967,2999,1,8,65,74,1.135135135135135,0.044398669826762854,687,"Sorry officer, I wasn't aware it was a Cybertruck"
3124,2999,2,6,66,74,1.135135135135135,0.04838879136051528,687,What did you behead this time?
3147,2999,0,10,64,74,1.135135135135135,0.040012605956627305,687,Hope it’s just a”fix it” ticket!
3247,2999,0,10,64,74,1.135135135135135,0.040012605956627305,687,It was a Dodge Lancer but I did not get the plate number.
3337,2999,0,10,64,74,1.135135135135135,0.040012605956627305,687,I didn't think I needed car insurance.
3375,2999,1,8,65,74,1.135135135135135,0.044398669826762854,687,I warned the Uber driver to have passengers use the curb side only.
3563,2999,1,8,65,74,1.135135135135135,0.044398669826762854,687,It appeared to be the only chink in his at our.
3659,2999,2,6,66,74,1.135135135135135,0.04838879136051528,687,The Tesla made the first move.
3890,2999,1,8,65,74,1.135135135135135,0.044398669826762854,687,It's a Lancer from the region of Mitsubishi.
4028,2999,1,8,65,74,1.135135135135135,0.044398669826762854,687,I'm charging you.
2172,2999,1,8,65,74,1.135135135135135,0.044398669826762854,687,I'm OnStar in this neighborhood.
2942,2999,2,6,66,74,1.135135135135135,0.04838879136051528,687,But everyone has them!
2089,2999,3,4,67,74,1.135135135135135,0.05207406625449038,687,"Excuse me officer, but this armor has been recalled."
1064,2999,1,8,65,74,1.135135135135135,0.044398669826762854,687,"Honestly, Officer, I was just trying to run through a red light."
1931,2999,2,6,66,74,1.135135135135135,0.04838879136051528,687,It was a sub-compact.  Didn't stand a chance.
2013,2999,0,10,64,74,1.135135135135135,0.040012605956627305,687,Methinks my parallel parking doth need more work.
2,2999,3,4,67,74,1.135135135135135,0.05207406625449038,687,"« #quotes 4h
& lasaretta79

° Ge conobbero. Lui conobbe

lei e se stesso, perche
in verita non s’era mai
saputo.

E lei conobbe lui e se
stessa , perchée pur
essendosi saputa sempre,
mai s’era potuta
riconoscere cosi.

Italo Calvino"
44,2999,1,8,65,74,1.135135135135135,0.044398669826762854,687,"No, there's no 'shiv' in 'chivalry,' but I thought it held the gal I had."
54,2999,0,10,64,74,1.135135135135135,0.040012605956627305,687,At least it's from an armored car.
216,2999,0,10,64,74,1.135135135135135,0.040012605956627305,687,"I guess I closed the door, and then my horse bolted"
524,2999,2,6,66,74,1.135135135135135,0.04838879136051528,687,I challenged him to bring his best Mustang
557,2999,1,8,65,74,1.135135135135135,0.044398669826762854,687,I understand but I still have to give you a ticket.
582,2999,2,6,66,74,1.135135135135135,0.04838879136051528,687,"Officer, he swerved into me, I swear"
676,2999,2,6,66,74,1.135135135135135,0.04838879136051528,687,"Not as much horsepower as he thought, huh?"
681,2999,1,8,65,74,1.135135135135135,0.044398669826762854,687,I told him you can’t joust with a convertible.
682,2999,1,8,65,74,1.135135135135135,0.044398669826762854,687,LARPing as a police officer is pretty lame.
464,2999,0,10,64,74,1.135135135135135,0.040012605956627305,687,"We’re skewering them Officer! That’s Chargers 3, Broncos 0!"
748,2999,1,8,65,74,1.135135135135135,0.044398669826762854,687,They should've checked the horse lane.
709,2999,0,10,64,74,1.135135135135135,0.040012605956627305,687,Do you have any idea how fast I was jousting back there??
1818,2999,0,10,64,74,1.135135135135135,0.040012605956627305,687,It's a Tesla alright.
1660,2999,0,10,64,74,1.135135135135135,0.040012605956627305,687,The king's representative shall not be doored.
1489,2999,0,10,64,74,1.135135135135135,0.040012605956627305,687,Test
1426,2999,0,10,64,74,1.135135135135135,0.040012605956627305,687,"Well then sire, how dost one hail  a noble taxi...?"
1583,2999,1,8,65,74,1.135135135135135,0.044398669826762854,687,What? They didn't do a shoulder check!
1398,2999,2,6,66,74,1.135135135135135,0.04838879136051528,687,I've been tilting at Windmill powered cars all this time- turns out they're street legal.
1376,2999,2,6,66,74,1.135135135135135,0.04838879136051528,687,"Impale Rider, you’re now on Knight duty."
1370,2999,1,8,65,74,1.135135135135135,0.044398669826762854,687,And you actually want me to believe you weren't on your phone.
1097,2999,1,8,65,74,1.135135135135135,0.044398669826762854,687,Valet parking.
3505,3048,1,8,66,75,1.1333333333333333,0.043839729948095284,687,"Why, Sir-judges-a-lot?  I'm a Vandal!"
2352,3049,1,7,62,70,1.1285714285714286,0.04514264748228169,687,It's checkered sides was an insult to my clan
2381,3049,0,9,61,70,1.1285714285714286,0.04029615300200892,687,Keep still
2365,3049,1,7,62,70,1.1285714285714286,0.04514264748228169,687,"Don Quixote had his windmill, I have a 1994 Buick..."
2412,3049,2,5,63,70,1.1285714285714286,0.04951704046747739,687,"And so you see officer, he was actually the one that put his window through my lance."
2320,3049,0,9,61,70,1.1285714285714286,0.04029615300200892,687,My chivalry went awry.
1977,3049,0,9,61,70,1.1285714285714286,0.04029615300200892,687,What do you mean I got doored and won?
2249,3049,1,7,62,70,1.1285714285714286,0.04514264748228169,687,"But Officer, it was all rev, no joust."
2218,3049,3,3,64,70,1.1285714285714286,0.053535184426749045,687,He was the one driving a Lancer.
2067,3049,0,9,61,70,1.1285714285714286,0.04029615300200892,687,Usually I stick to the Jousters Only lane.
1999,3049,1,7,62,70,1.1285714285714286,0.04514264748228169,687,"Now, I will take your favor, fair maiden."
2482,3049,1,7,62,70,1.1285714285714286,0.04514264748228169,687,"I’m also a knight officer, so this is my shield."
2266,3049,1,7,62,70,1.1285714285714286,0.04514264748228169,687,Winners are not always determine by the amount of horsepower.
2533,3049,0,9,61,70,1.1285714285714286,0.04029615300200892,687,I thought you drove an armored car.
3800,3049,2,5,63,70,1.1285714285714286,0.04951704046747739,687,"This guy just opened his door just as I was passing his parking spot, I had to keep moving and this was the result officer."
2659,3049,0,9,61,70,1.1285714285714286,0.04029615300200892,687,Hope your insurance agent is a personal friend.
2840,3049,1,7,62,70,1.1285714285714286,0.04514264748228169,687,I couldn't take it anymore. It was always out of ink.
2899,3049,0,9,61,70,1.1285714285714286,0.04029615300200892,687,"""I'm sorry, Officer, I had too much horsepower."""
2950,3049,2,5,63,70,1.1285714285714286,0.04951704046747739,687,It was coming right at me........
3167,3049,0,9,61,70,1.1285714285714286,0.04029615300200892,687,You mean it’s unlawful to drive with my door open?
3172,3049,2,5,63,70,1.1285714285714286,0.04951704046747739,687,Unsafe lane change
3292,3049,1,7,62,70,1.1285714285714286,0.04514264748228169,687,I mean it was a Mustang...
3310,3049,0,9,61,70,1.1285714285714286,0.04029615300200892,687,A ticket?  Joust what I need!
3622,3049,1,7,62,70,1.1285714285714286,0.04514264748228169,687,"Lady Uber, double park if thou'st dare!"
3653,3049,1,7,62,70,1.1285714285714286,0.04514264748228169,687,I was enforcing the bike lane.
3745,3049,0,9,61,70,1.1285714285714286,0.04029615300200892,687,"When the cab door opened, in which direction were you going?"
1782,3049,2,5,63,70,1.1285714285714286,0.04951704046747739,687,How many points will I get for running a light?
3819,3049,0,9,61,70,1.1285714285714286,0.04029615300200892,687,I prefer to call it a slay and gallop.
2575,3049,1,7,62,70,1.1285714285714286,0.04514264748228169,687,It's about time!
1662,3049,2,5,63,70,1.1285714285714286,0.04951704046747739,687,"There are no windmills, son. I'm sorry I have to write you a ticket for damage to property."
2987,3049,0,9,61,70,1.1285714285714286,0.04029615300200892,687,I make he road safe from jaguars
1549,3049,1,7,62,70,1.1285714285714286,0.04514264748228169,687,I thought red light meant joust.
144,3049,1,7,62,70,1.1285714285714286,0.04514264748228169,687,"But officer, I was just trying to get stabby wit’ it. I don’t get jiggy wit’ it."
149,3049,0,9,61,70,1.1285714285714286,0.04029615300200892,687,The other guy didn't have as much horsepower.
209,3049,1,7,62,70,1.1285714285714286,0.04514264748228169,687,"Officer, I was clearly in the jousting lane."
221,3049,0,9,61,70,1.1285714285714286,0.04029615300200892,687,"You should see the other guy
Ashton Sullivan boston ma"
331,3049,3,3,64,70,1.1285714285714286,0.053535184426749045,687,A joust is no place to bring a Pinto.
461,3049,1,7,62,70,1.1285714285714286,0.04514264748228169,687,"Hey, I thought this was a free country. I did not come here for the taxes."
504,3049,1,7,62,70,1.1285714285714286,0.04514264748228169,687,"No, there’s no longer a Knight Rider reboot in the works."
1655,3049,0,9,61,70,1.1285714285714286,0.04029615300200892,687,"Just as the joust started, this idiot threw his door open!"
539,3049,2,5,63,70,1.1285714285714286,0.04951704046747739,687,lol this dude probably says words like “prithee” or “methinks” lmao
570,3049,0,9,61,70,1.1285714285714286,0.04029615300200892,687,He was running a red light!
638,3049,0,9,61,70,1.1285714285714286,0.04029615300200892,687,Well...so much for making the joust more exciting at Medieval Times.
665,3049,1,7,62,70,1.1285714285714286,0.04514264748228169,687,"I offered to just trade information, but he had a different idea."
717,3049,1,7,62,70,1.1285714285714286,0.04514264748228169,687,Then they shouldn't have called it a Ford Chivalry.
773,3049,0,9,61,70,1.1285714285714286,0.04029615300200892,687,"Officer it's Saber Monday and, as always, I must honor my ancestors."
813,3049,1,7,62,70,1.1285714285714286,0.04514264748228169,687,I thought the jousting lane had the right of way.
840,3049,1,7,62,70,1.1285714285714286,0.04514264748228169,687,But Elon said it was bulletproof!
845,3049,0,9,61,70,1.1285714285714286,0.04029615300200892,687,Re-enact this!  He gave me the finger.
939,3049,1,7,62,70,1.1285714285714286,0.04514264748228169,687,I clearly had the right of way.
1048,3049,1,7,62,70,1.1285714285714286,0.04514264748228169,687,Sorry I skewered the wrong paige
1076,3049,1,7,62,70,1.1285714285714286,0.04514264748228169,687,I wasn't going to let the damn thing run me over!
1127,3049,2,5,63,70,1.1285714285714286,0.04951704046747739,687,This is what happens when someone parks in the pike lane.
1231,3049,0,9,61,70,1.1285714285714286,0.04029615300200892,687,This is a different car door.
1311,3049,0,9,61,70,1.1285714285714286,0.04029615300200892,687,Call me Sir Lanceatruck.
1374,3049,0,9,61,70,1.1285714285714286,0.04029615300200892,687,Did you say “doored” or “sword”?
1401,3049,0,9,61,70,1.1285714285714286,0.04029615300200892,687,It was a Mitsubishi Lancer—what was I supposed to do?
1420,3049,0,9,61,70,1.1285714285714286,0.04029615300200892,687,"Officer, I'd like to take it back with me to the 13th Century."
1527,3049,1,7,62,70,1.1285714285714286,0.04514264748228169,687,IT WAS A CHARGER.
93,3049,1,7,62,70,1.1285714285714286,0.04514264748228169,687,"Officer, I impaled the subject in self defense."""
24,3049,2,5,63,70,1.1285714285714286,0.04951704046747739,687,They told me I was a little short on the trade in but they’d let me charge for the rest.-
3511,3109,2,5,64,71,1.1267605633802817,0.04884821258914619,687,"Is this the way to Fogo de Chão?"""
2348,3110,0,8,59,67,1.1194029850746268,0.039913905875911725,687,"Another one of those wild hulking giants, friend Sancho."
3058,3110,1,6,60,67,1.1194029850746268,0.045226141960648454,687,But he threw down the gauntlet first.
3040,3110,2,4,61,67,1.1194029850746268,0.04997687416213937,687,I'll have whatever your're having.
3019,3110,0,8,59,67,1.1194029850746268,0.039913905875911725,687,The knave was parked in a no-jousting zone.
2995,3110,1,6,60,67,1.1194029850746268,0.045226141960648454,687,It was in a 'Knights Only' spot.
2984,3110,0,8,59,67,1.1194029850746268,0.039913905875911725,687,I ran across one of those new Tesla pickups and just had to test it out.
2927,3110,0,8,59,67,1.1194029850746268,0.039913905875911725,687,I had the right of way! He turned on red!
2891,3110,0,8,59,67,1.1194029850746268,0.039913905875911725,687,What could I do? The pace-car driver at the joust opened his door.
2867,3110,1,6,60,67,1.1194029850746268,0.045226141960648454,687,He drove into my lance
2864,3110,2,4,61,67,1.1194029850746268,0.04997687416213937,687,The driver had it coming to him but the door got in the way.
2845,3110,0,8,59,67,1.1194029850746268,0.039913905875911725,687,"I was in a rush and I needed a shield, officer."
2836,3110,1,6,60,67,1.1194029850746268,0.045226141960648454,687,"I'm afraid our kebab party got a bit out of hand, Officer."
2823,3110,1,6,60,67,1.1194029850746268,0.045226141960648454,687,You’ll find the wounded Peugeot at 5th & 74th  Street
2318,3110,2,4,61,67,1.1194029850746268,0.04997687416213937,687,"It was a Charger, officer, what was one to do after all?"
3090,3110,0,8,59,67,1.1194029850746268,0.039913905875911725,687,Did you just impale an Impala?
2803,3110,1,6,60,67,1.1194029850746268,0.045226141960648454,687,Because I always joust with TwoDoors.
2763,3110,1,6,60,67,1.1194029850746268,0.045226141960648454,687,Jousting while driving is a violation of Magna Carta and the Mayflower Compact.
2744,3110,0,8,59,67,1.1194029850746268,0.039913905875911725,687,A vanquished Two Door.
2732,3110,0,8,59,67,1.1194029850746268,0.039913905875911725,687,Eyyyy I’m trottin’ here!
2729,3110,0,8,59,67,1.1194029850746268,0.039913905875911725,687,I see the owner forgot the difference between a locksmith and a blacksmith.
2722,3110,0,8,59,67,1.1194029850746268,0.039913905875911725,687,Just goes to show you how all that horsepower is overrated.
2716,3110,1,6,60,67,1.1194029850746268,0.045226141960648454,687,"Sire, I smote the mighty windows update!"
2700,3110,1,6,60,67,1.1194029850746268,0.045226141960648454,687,What?  You're writing me a ticket?  But shouldn't he have looked before opening his door?
2689,3110,0,8,59,67,1.1194029850746268,0.039913905875911725,687,Tis a mere scratch.
2681,3110,1,6,60,67,1.1194029850746268,0.045226141960648454,687,I just wanted to get his attention.
2592,3110,1,6,60,67,1.1194029850746268,0.045226141960648454,687,I think you go too far in terms of test drive...
2523,3110,1,6,60,67,1.1194029850746268,0.045226141960648454,687,"Nay officer, I hath no idea why thee hath pulled me over"
2441,3110,2,4,61,67,1.1194029850746268,0.04997687416213937,687,"But Sheriff - were jousting banned, why hadst he a shield?"
2398,3110,0,8,59,67,1.1194029850746268,0.039913905875911725,687,The bike lanes in this village need to be much wider
2800,3110,0,8,59,67,1.1194029850746268,0.039913905875911725,687,Note that this was performed in the service of Sir Elon of Musk
3109,3110,1,6,60,67,1.1194029850746268,0.045226141960648454,687,"I claim victory over you, Sheriff Nottingham!"
3608,3110,1,6,60,67,1.1194029850746268,0.045226141960648454,687,I was expecting it to be an armored car.
3280,3110,1,6,60,67,1.1194029850746268,0.045226141960648454,687,"‘Twas the strangest steed I hadst ever seen, offic’r. ‘t did charge quicker than an arrow flies."
2312,3110,1,6,60,67,1.1194029850746268,0.045226141960648454,687,He opened the door into the jousting lane.  I could have been seriously hurt.
4029,3110,1,6,60,67,1.1194029850746268,0.045226141960648454,687,"What do you mean, this isn't a loading zone?"
3984,3110,0,8,59,67,1.1194029850746268,0.039913905875911725,687,I'm only going to ask one more time... Wind your window down!
3979,3110,0,8,59,67,1.1194029850746268,0.039913905875911725,687,Do you have a permit to be horseing around?
3942,3110,0,8,59,67,1.1194029850746268,0.039913905875911725,687,It was all Elon’s idea.
3907,3110,2,4,61,67,1.1194029850746268,0.04997687416213937,687,"Well, my steed won't beat a mustang in a race, will he?"
3906,3110,1,6,60,67,1.1194029850746268,0.045226141960648454,687,Neither of us would yield.
3842,3110,1,6,60,67,1.1194029850746268,0.045226141960648454,687,"So then Cersei said, 'Jamie, that parking spot rightfully belongs to me.'"
3830,3110,2,4,61,67,1.1194029850746268,0.04997687416213937,687,"I saw the word ""Mustang"" and just figured......"
3809,3110,1,6,60,67,1.1194029850746268,0.045226141960648454,687,This is a clear case of temporal profiling.
3775,3110,0,8,59,67,1.1194029850746268,0.039913905875911725,687,"Sir, I was jousting, not jesting!"
3761,3110,1,6,60,67,1.1194029850746268,0.045226141960648454,687,"I don't know where the rest of it went, it was a duel and run."
3760,3110,1,6,60,67,1.1194029850746268,0.045226141960648454,687,"Sorry pal, but winning your lady's favour ain't an excuse to run a red."
3732,3110,0,8,59,67,1.1194029850746268,0.039913905875911725,687,"These medieval fines are unjoust, officer."
3136,3110,0,8,59,67,1.1194029850746268,0.039913905875911725,687,Damn LeSabre!
3691,3110,0,8,59,67,1.1194029850746268,0.039913905875911725,687,I’ll be pleased to get back into uniform after the Mayor’s new Clampdown on Texting initiative
3611,3110,2,4,61,67,1.1194029850746268,0.04997687416213937,687,I swear I only had one mule.
3565,3110,0,8,59,67,1.1194029850746268,0.039913905875911725,687,Weird! Nostradamus never ever predicted this!
3551,3110,1,6,60,67,1.1194029850746268,0.045226141960648454,687,I’m as surprised as you are officer. It doesn’t look  like and charger I’ve ever seen either
3473,3110,0,8,59,67,1.1194029850746268,0.039913905875911725,687,It looked sinister to me
3450,3110,0,8,59,67,1.1194029850746268,0.039913905875911725,687,Just practicing for the Renaissance Faire.
3449,3110,2,4,61,67,1.1194029850746268,0.04997687416213937,687,"I was in the designated jousting lane, officer."
3447,3110,2,4,61,67,1.1194029850746268,0.04997687416213937,687,I could get the licence plate number.
3417,3110,1,6,60,67,1.1194029850746268,0.045226141960648454,687,It's not my fault- I was supposed to be jousting against a Tesla pickup truck!
3393,3110,2,4,61,67,1.1194029850746268,0.04997687416213937,687,The getaway car is a three door Honda
3387,3110,0,8,59,67,1.1194029850746268,0.039913905875911725,687,It was a Jaguar on the attack
3370,3110,1,6,60,67,1.1194029850746268,0.045226141960648454,687,"You can't pin this one on me, officer."
3345,3110,0,8,59,67,1.1194029850746268,0.039913905875911725,687,It was a strange steed but coming at me.  What was I suppose to do?
3322,3110,0,8,59,67,1.1194029850746268,0.039913905875911725,687,They doored me!
3289,3110,0,8,59,67,1.1194029850746268,0.039913905875911725,687,"I'm going to let you off with a warning. Next time, remember to signal."
3620,3110,0,8,59,67,1.1194029850746268,0.039913905875911725,687,Not my fault he doesn't respect the bike lane.
2280,3110,3,2,62,67,1.1194029850746268,0.05431364456001733,687,"I could've sworn he said ""wagon."""
3839,3110,1,6,60,67,1.1194029850746268,0.045226141960648454,687,"I had no choice, the guy ignored the STOP sign"
2224,3110,0,8,59,67,1.1194029850746268,0.039913905875911725,687,"Okay, you can bring on the rhino now."
771,3110,0,8,59,67,1.1194029850746268,0.039913905875911725,687,He was a knight who said 'beep!'
736,3110,0,8,59,67,1.1194029850746268,0.039913905875911725,687,I was joust fooling around.
707,3110,1,6,60,67,1.1194029850746268,0.045226141960648454,687,I thought he was josting.
703,3110,0,8,59,67,1.1194029850746268,0.039913905875911725,687,It’s a statement piece.
647,3110,2,4,61,67,1.1194029850746268,0.04997687416213937,687,The Mustang Knight had to be defeated thusly.
616,3110,1,6,60,67,1.1194029850746268,0.045226141960648454,687,"Neigh, nothing to drink tonight, sir."
575,3110,1,6,60,67,1.1194029850746268,0.045226141960648454,687,"You see, ’twas not my error, gentle sir! For the good fellow whom mounted the ’09 Chevy Comaro steed was being a total douche."
544,3110,2,4,61,67,1.1194029850746268,0.04997687416213937,687,"Methinks it was a 1957 Dodge Lancer, officer."
525,3110,0,8,59,67,1.1194029850746268,0.039913905875911725,687,"I swear officer, I was not spear-ing!"
445,3110,0,8,59,67,1.1194029850746268,0.039913905875911725,687,Tough day?
436,3110,0,8,59,67,1.1194029850746268,0.039913905875911725,687,I was in the jousting lane and they turned right in front of me!
429,3110,1,6,60,67,1.1194029850746268,0.045226141960648454,687,I was challenged to joust by a dude riding a Mustang.
426,3110,1,6,60,67,1.1194029850746268,0.045226141960648454,687,It clearly said no U turns
423,3110,0,8,59,67,1.1194029850746268,0.039913905875911725,687,Who would have thought!
774,3110,0,8,59,67,1.1194029850746268,0.039913905875911725,687,I couldn't find a windmill.
420,3110,2,4,61,67,1.1194029850746268,0.04997687416213937,687,"Awww, I was just scaringith them...!"
415,3110,1,6,60,67,1.1194029850746268,0.045226141960648454,687,"The Mustang flashed its brights, sir."
400,3110,1,6,60,67,1.1194029850746268,0.045226141960648454,687,I really think I should be commended; I'm only trying to reduce everyone's carbon footprint.
395,3110,0,8,59,67,1.1194029850746268,0.039913905875911725,687,"Mine steed hadst right of way
 And didst clearly convey
A left turn route
 With mine jousting lance salute"
321,3110,0,8,59,67,1.1194029850746268,0.039913905875911725,687,It was self-defense Officer
291,3110,1,6,60,67,1.1194029850746268,0.045226141960648454,687,"But officer, he called me a dork."
288,3110,1,6,60,67,1.1194029850746268,0.045226141960648454,687,He ran out the last second.
2254,3110,2,4,61,67,1.1194029850746268,0.04997687416213937,687,This is officer Moody to dispatch. We’ve got a 689 out on Joust Blvd. Yeah - this one’s got a real lance. Call for backup.
275,3110,1,6,60,67,1.1194029850746268,0.045226141960648454,687,I see you've been tilting at Tesla's.
197,3110,1,6,60,67,1.1194029850746268,0.045226141960648454,687,"Mine opponent jousted me first, officer."
190,3110,1,6,60,67,1.1194029850746268,0.045226141960648454,687,And I just had it aligned!
159,3110,0,8,59,67,1.1194029850746268,0.039913905875911725,687,I was in the bike lane.
113,3110,1,6,60,67,1.1194029850746268,0.045226141960648454,687,"Switched to a horse, because I couldn't carry one of these as bike rider."
42,3110,2,4,61,67,1.1194029850746268,0.04997687416213937,687,It ran a red light while winking at me.
27,3110,2,4,61,67,1.1194029850746268,0.04997687416213937,687,"No need to ticket me, sir.
I just one the Back to the Future Joust.
As usual, the Lancer defeated the Cutlass."
418,3110,1,6,60,67,1.1194029850746268,0.045226141960648454,687,I'll send you a few bills when I get home to the 14th century.
796,3110,0,8,59,67,1.1194029850746268,0.039913905875911725,687,Your armor is poorly made.  Methinks you armorer merits a beating.
421,3110,0,8,59,67,1.1194029850746268,0.039913905875911725,687,This was the best I could do.  He didn’t have a lance.
1014,3110,1,6,60,67,1.1194029850746268,0.045226141960648454,687,C'mon officer! He claimed he had more horsepower.
2209,3110,1,6,60,67,1.1194029850746268,0.045226141960648454,687,He was double parked.
2182,3110,1,6,60,67,1.1194029850746268,0.045226141960648454,687,Usually I get praised for being Lance-a-lot.
2168,3110,0,8,59,67,1.1194029850746268,0.039913905875911725,687,His horse was branded with Toyota.
2133,3110,0,8,59,67,1.1194029850746268,0.039913905875911725,687,"Respectfully, sir constable, this is what happens when you open your door into the equestrian lane without looking."
2027,3110,1,6,60,67,1.1194029850746268,0.045226141960648454,687,"It was a Dodge Charger, but of course we won."
1874,3110,0,8,59,67,1.1194029850746268,0.039913905875911725,687,I don't deserve a ticket officer. THEY blocked the horse lane.
1840,3110,2,4,61,67,1.1194029850746268,0.04997687416213937,687,Give me a break. I clearly missed the jugular.
1824,3110,0,8,59,67,1.1194029850746268,0.039913905875911725,687,"Next I knew, that big-ass steed of his turned into a Buick!"
1820,3110,0,8,59,67,1.1194029850746268,0.039913905875911725,687,"And the next thing I knew, he was barreling down my lane ...."
1746,3110,3,2,62,67,1.1194029850746268,0.05431364456001733,687,But he was driving on the wrong side of the road!
1730,3110,1,6,60,67,1.1194029850746268,0.045226141960648454,687,"I swear to Zeus, I thought it was the shield of another knight,
who I beat badly last night at The Rennaisaince Fair, who was looking for revenge!"
1697,3110,2,4,61,67,1.1194029850746268,0.04997687416213937,687,Distracted Jousting?
1684,3110,1,6,60,67,1.1194029850746268,0.045226141960648454,687,"Lucky for you, you're not the ""Black Knight."""
1651,3110,2,4,61,67,1.1194029850746268,0.04997687416213937,687,How do you think I feel officer!
2219,3110,1,6,60,67,1.1194029850746268,0.045226141960648454,687,"‘Tis doorbuster season, my liege!”"
1648,3110,1,6,60,67,1.1194029850746268,0.045226141960648454,687,The Iron Giant requested a shish kebab for lunch
1604,3110,0,8,59,67,1.1194029850746268,0.039913905875911725,687,Write the darn ticket. This thing weighs a ton.
1598,3110,0,8,59,67,1.1194029850746268,0.039913905875911725,687,But Sire - the Joust was unfair! 100 Horsepower to one!
1589,3110,2,4,61,67,1.1194029850746268,0.04997687416213937,687,You should have seen the other guy!
1504,3110,0,8,59,67,1.1194029850746268,0.039913905875911725,687,"Your speared the dragon, now let's go find Dulcinea."
1498,3110,1,6,60,67,1.1194029850746268,0.045226141960648454,687,'It's only a Chevy Cavalier. The Willys Knight declined to joust.'
1496,3110,2,4,61,67,1.1194029850746268,0.04997687416213937,687,"But he made fun of my horse, Checkers!"
1484,3110,2,4,61,67,1.1194029850746268,0.04997687416213937,687,"My lady prefers 1 fine, checkered, horse to the power of 120"
1447,3110,1,6,60,67,1.1194029850746268,0.045226141960648454,687,I blame the backup camera.
1389,3110,2,4,61,67,1.1194029850746268,0.04997687416213937,687,But it had a lot more horsepower officer
1340,3110,0,8,59,67,1.1194029850746268,0.039913905875911725,687,I was in the bicycle lane. Suddenly the door opened.
1266,3110,1,6,60,67,1.1194029850746268,0.045226141960648454,687,"What do you mean ""victim""? Steve was a strong competitor, at least in the regular season"
1189,3110,2,4,61,67,1.1194029850746268,0.04997687416213937,687,The fiend didn't use their turn signal
1188,3110,0,8,59,67,1.1194029850746268,0.039913905875911725,687,I'm playing a Knight-Errant in our school play.
1077,3110,2,4,61,67,1.1194029850746268,0.04997687416213937,687,Modern shields are  useless except for killing cyclists
879,3110,0,8,59,67,1.1194029850746268,0.039913905875911725,687,You're a suspect in the assassination of the Grand Marquis.
2391,3242,2,4,62,68,1.1176470588235294,0.04926773607233785,687,Honestly officer just two bowls of mead to go with my turkey leg.
2038,3242,2,4,62,68,1.1176470588235294,0.04926773607233785,687,Does your insurance cover sword piercings?
2641,3244,1,6,62,69,1.1159420289855073,0.04397274927300527,687,"A door, a door, my kingdom for a door!"
2667,3245,1,6,65,72,1.1111111111111112,0.042217280000676725,687,Got me a conquistador!
2470,3246,1,5,58,64,1.109375,0.045191323330536354,687,I’m guessing he’s still sitting in the car.
2517,3246,0,7,57,64,1.109375,0.039322054350368486,687,"He charged first, I impaled the Impala and now your court is going to charge me."
2621,3246,1,5,58,64,1.109375,0.045191323330536354,687,At least the glass didn't shattered this time!
2808,3246,0,7,57,64,1.109375,0.039322054350368486,687,This is the first time I've been ticketed for an illegal U-turn.  Usually it's a reckless driving charge.
2866,3246,0,7,57,64,1.109375,0.039322054350368486,687,In my land a ride-by spearing is honorable.
3038,3246,1,5,58,64,1.109375,0.045191323330536354,687,It was self-defense. Let's go to the videotape.
3039,3246,1,5,58,64,1.109375,0.045191323330536354,687,Every time he sees a car he goes mad with rage - must be the whole 'faster horses' thing that ticks him off.
3051,3246,0,7,57,64,1.109375,0.039322054350368486,687,"Is ""I rolled a 1."" a good enough excuse?"
3065,3246,0,7,57,64,1.109375,0.039322054350368486,687,Sorry Officer but I thought I could make a right on red.
3116,3246,1,5,58,64,1.109375,0.045191323330536354,687,The beast tried to overtake me but I found it’s blind spot
3204,3246,0,7,57,64,1.109375,0.039322054350368486,687,I just like to lance a lot on Fifth Avenue.
3205,3246,1,5,58,64,1.109375,0.045191323330536354,687,It was a late-model Nissan Joust.
3210,3246,0,7,57,64,1.109375,0.039322054350368486,687,I was joust kidding around
3224,3246,1,5,58,64,1.109375,0.045191323330536354,687,What red light?
3240,3246,1,5,58,64,1.109375,0.045191323330536354,687,That would be my door sir knight
3309,3246,1,5,58,64,1.109375,0.045191323330536354,687,He claimed to be the knight rider.
3365,3246,0,7,57,64,1.109375,0.039322054350368486,687,COPY THAT !
3445,3246,1,5,58,64,1.109375,0.045191323330536354,687,The mustang asked for it.
3490,3246,0,7,57,64,1.109375,0.039322054350368486,687,"Um, I misheard them say Chevy Impala."
3666,3246,0,7,57,64,1.109375,0.039322054350368486,687,No good deed goes unpunished.
3703,3246,1,5,58,64,1.109375,0.045191323330536354,687,I have a way of dealing with road rage.
3789,3246,1,5,58,64,1.109375,0.045191323330536354,687,Thy handicap parking is now with just cause.
3801,3246,0,7,57,64,1.109375,0.039322054350368486,687,It won't be taking out any more bicycles.
3840,3246,0,7,57,64,1.109375,0.039322054350368486,687,Best to seek the Earl of Scheib!
3848,3246,1,5,58,64,1.109375,0.045191323330536354,687,I thought it was a Charge Dodger.
3896,3246,1,5,58,64,1.109375,0.045191323330536354,687,Must I roll down the window?
3986,3246,1,5,58,64,1.109375,0.045191323330536354,687,I can’t imagine sharing my armour with  my horse.
2282,3246,0,7,57,64,1.109375,0.039322054350368486,687,One never yields under the Code of Chivalry.
2265,3246,1,5,58,64,1.109375,0.045191323330536354,687,Cybertruck also failed the Lance Test.
2059,3246,0,7,57,64,1.109375,0.039322054350368486,687,Now I can watch the people I stab through the window
679,3246,1,5,58,64,1.109375,0.045191323330536354,687,"I didn't get a good look at the driver, but he was in a Mustang."
2250,3246,1,5,58,64,1.109375,0.045191323330536354,687,hey brother when we're all done here can i keep it? gonna mount it on my wall and fuck the hole
196,3246,0,7,57,64,1.109375,0.039322054350368486,687,"Ah, my victory announcement!"""
224,3246,0,7,57,64,1.109375,0.039322054350368486,687,The guy shouldn't be driving at knight.
248,3246,1,5,58,64,1.109375,0.045191323330536354,687,My charger’s better than yours.
268,3246,2,3,59,64,1.109375,0.050381419694137494,687,His master called me a pedoguy!
363,3246,1,5,58,64,1.109375,0.045191323330536354,687,"...in researching the violation code...how about looking under ""other/other""?"
471,3246,2,3,59,64,1.109375,0.050381419694137494,687,"It was either Sir Lanced-a-lot or me, Officer."
719,3246,1,5,58,64,1.109375,0.045191323330536354,687,The driver said I had no horse power.
762,3246,2,3,59,64,1.109375,0.050381419694137494,687,Forsooth!
804,3246,0,7,57,64,1.109375,0.039322054350368486,687,They told me this steed is fully autonomous.
927,3246,0,7,57,64,1.109375,0.039322054350368486,687,He won’t be turning on a red light anymore.
940,3246,1,5,58,64,1.109375,0.045191323330536354,687,"Officer, I was clearly in the pike lane."
1017,3246,0,7,57,64,1.109375,0.039322054350368486,687,You should have seen the horse.
938,3246,1,5,58,64,1.109375,0.045191323330536354,687,Let's say that your fine will be the sticker price.
1208,3246,0,7,57,64,1.109375,0.039322054350368486,687,"It's not something I can explain"""
2017,3246,0,7,57,64,1.109375,0.039322054350368486,687,In Vin# veritas.
2011,3246,1,5,58,64,1.109375,0.045191323330536354,687,You’ve been poking around in the wrong places.
1955,3246,1,5,58,64,1.109375,0.045191323330536354,687,The city commends you for your participation in keeping our streets clean. However you’re in a No Parking zone.
1870,3246,0,7,57,64,1.109375,0.039322054350368486,687,I don't know how I stabbed it from the passenger side...?
1825,3246,0,7,57,64,1.109375,0.039322054350368486,687,The guy got out of his car in the horse lane.
1019,3246,0,7,57,64,1.109375,0.039322054350368486,687,...It's exactly what it looks like.
1639,3246,1,5,58,64,1.109375,0.045191323330536354,687,Proved her wrong: my date said that chivalry was dead.
1748,3246,0,7,57,64,1.109375,0.039322054350368486,687,"But he was double parked, sir!"
1631,3246,0,7,57,64,1.109375,0.039322054350368486,687,No need to thank me for finishing off the windmills
1517,3246,0,7,57,64,1.109375,0.039322054350368486,687,"I suggest you get yourself a nice back-pack to carry your things instead of  this awkward mode. In the meanwhile, what's your horse-number, please."
1481,3246,1,5,58,64,1.109375,0.045191323330536354,687,I was on my way to the joust and riding in the knight lane when this idiot opened his door right in front of me.
1283,3246,0,7,57,64,1.109375,0.039322054350368486,687,"What can I say, no one had a coat hanger"
1276,3246,1,5,58,64,1.109375,0.045191323330536354,687,Checker uber Uber!
2677,3305,2,2,57,61,1.098360655737705,0.050704964850981624,687,I'm working on a similar model to keep bicyclists from being doored by parked cars.
2746,3305,1,4,56,61,1.098360655737705,0.04499494830653312,687,It’s not my fault that I know how to handle a mustang.
2736,3305,0,6,55,61,1.098360655737705,0.038446030818224834,687,"The king ordered me to go to White Castle and do a ""drive through"""
2706,3305,0,6,55,61,1.098360655737705,0.038446030818224834,687,Red light? I've never seen a light.
2754,3305,0,6,55,61,1.098360655737705,0.038446030818224834,687,I' ve just had enough of people parking in the bike lane...
2666,3305,1,4,56,61,1.098360655737705,0.04499494830653312,687,Coulden't find a meter ?
3130,3305,1,4,56,61,1.098360655737705,0.04499494830653312,687,My wife moved the seat up this morning
2642,3305,1,4,56,61,1.098360655737705,0.04499494830653312,687,His name is Bike so he has right of way
2632,3305,1,4,56,61,1.098360655737705,0.04499494830653312,687,"Something gets into me, I confess, when uncouth drivers make canned ham jokes."
2630,3305,2,2,57,61,1.098360655737705,0.050704964850981624,687,He called me old fashioned!
2622,3305,0,6,55,61,1.098360655737705,0.038446030818224834,687,"Sure, write ME up! Meanwhile, the jousting lane gets no respect!"
2615,3305,1,4,56,61,1.098360655737705,0.04499494830653312,687,You should be thanking me for doing you a favor; they were driving 60 in a 35!
2590,3305,0,6,55,61,1.098360655737705,0.038446030818224834,687,I bested Sir AMC and his Javelin.
2810,3305,1,4,56,61,1.098360655737705,0.04499494830653312,687,"Officer, you don’t know the difference between a Ford and a chavalier."
2665,3305,2,2,57,61,1.098360655737705,0.050704964850981624,687,"No sir, I definitely stayed in the bike lane."
2814,3305,1,4,56,61,1.098360655737705,0.04499494830653312,687,"In my defense, Officer, it was a Dodge Lancer."
3118,3305,0,6,55,61,1.098360655737705,0.038446030818224834,687,"The good news is, I increased my collision coverage."
2883,3305,0,6,55,61,1.098360655737705,0.038446030818224834,687,It cometh from a fair contest with a Charger of Dodge.
3125,3305,0,6,55,61,1.098360655737705,0.038446030818224834,687,"We should get one of these, Horsey. Much . . . thicker."
3120,3305,1,4,56,61,1.098360655737705,0.04499494830653312,687,"I didn't get a look at the driver, but the car was definitely a Lancia."
2571,3305,0,6,55,61,1.098360655737705,0.038446030818224834,687,I swear there was another knight in that top section when I stabbed it
3110,3305,2,2,57,61,1.098360655737705,0.050704964850981624,687,It was revving loudly like it thinks it’s better than mine.
3097,3305,1,4,56,61,1.098360655737705,0.04499494830653312,687,I like to dispose of my old junk in style.
3080,3305,0,6,55,61,1.098360655737705,0.038446030818224834,687,"Just a little time travel, Officer."
2818,3305,0,6,55,61,1.098360655737705,0.038446030818224834,687,"Officer, I just got doored!"
3057,3305,1,4,56,61,1.098360655737705,0.04499494830653312,687,It was my charger against his Charger.
2989,3305,0,6,55,61,1.098360655737705,0.038446030818224834,687,"Aw, c'mon officer. He was blocking the bicycle lane..."
2957,3305,0,6,55,61,1.098360655737705,0.038446030818224834,687,"Sir, do you know why I pulled thee over?"
2954,3305,0,6,55,61,1.098360655737705,0.038446030818224834,687,The royal bike lane shall be honored at all times.
2949,3305,0,6,55,61,1.098360655737705,0.038446030818224834,687,"I'm practicing for Prince Andrew's ""Accident"" next month!"
2941,3305,1,4,56,61,1.098360655737705,0.04499494830653312,687,A white knight...nothing suspicious here.
2896,3305,1,4,56,61,1.098360655737705,0.04499494830653312,687,I didn't see the Dodge Charger label.
3050,3305,1,4,56,61,1.098360655737705,0.04499494830653312,687,Fodor's Guide gave a can't-resist description of a four-door.
2558,3305,0,6,55,61,1.098360655737705,0.038446030818224834,687,You don't even want to know what will happen if you try to give my horse a ticket.
2386,3305,2,2,57,61,1.098360655737705,0.050704964850981624,687,"Hey buddy, Mitsubishi discontinued the Lancer in 2017."
2542,3305,0,6,55,61,1.098360655737705,0.038446030818224834,687,That smug Prius driver told me his mode of transportation was more eco-friendly than mine.  I told him to recycle this!
2082,3305,0,6,55,61,1.098360655737705,0.038446030818224834,687,I think I fell asleep in the self-driving time machine.
2085,3305,1,4,56,61,1.098360655737705,0.04499494830653312,687,Just trying to get my share.
2087,3305,1,4,56,61,1.098360655737705,0.04499494830653312,687,I thought it was a battering ram---
2121,3305,0,6,55,61,1.098360655737705,0.038446030818224834,687,"Sorry, I thought police cars were bulletproof."
2140,3305,1,4,56,61,1.098360655737705,0.04499494830653312,687,I let him off with a warning. Speaking of which...
2074,3305,0,6,55,61,1.098360655737705,0.038446030818224834,687,"Rough knight, huh?"
2153,3305,1,4,56,61,1.098360655737705,0.04499494830653312,687,"No, I’m actually NOT required to show you my ID, and this is really none of your business. Don’t you have some minorities to harass? Some innocent black youths to shoot? POLICE BRUTALITY, POLICE BRUTALITY!"
2157,3305,1,4,56,61,1.098360655737705,0.04499494830653312,687,"'Just detailing"", my *ss. Looks like an inside job to me."
2177,3305,0,6,55,61,1.098360655737705,0.038446030818224834,687,They should get out on the passenger side
2179,3305,1,4,56,61,1.098360655737705,0.04499494830653312,687,He's guilty. He lost the trial by combat.
2213,3305,1,4,56,61,1.098360655737705,0.04499494830653312,687,How much do you know about horsepower?
2217,3305,0,6,55,61,1.098360655737705,0.038446030818224834,687,"Constable, this varlet deserved its wounding for violating the sanctity of yon Renaissance fair."
2262,3305,2,2,57,61,1.098360655737705,0.050704964850981624,687,ojfqoiwgrnhqou[ghf
2263,3305,1,4,56,61,1.098360655737705,0.04499494830653312,687,Since when did holding doors open become a crime?
2278,3305,0,6,55,61,1.098360655737705,0.038446030818224834,687,Sorry Officer but I couldn't find a coat hanger.
2297,3305,1,4,56,61,1.098360655737705,0.04499494830653312,687,"Sorry, Officer. I've become a bit rusty at parallel parking."
2355,3305,1,4,56,61,1.098360655737705,0.04499494830653312,687,"'Twas was a Cavalier that threatened me in the previous cross-walk.  Thous shoulds't not cite me.  After all, I am -- technically -- a pedestrian."
2540,3305,1,4,56,61,1.098360655737705,0.04499494830653312,687,It’s a Chrysler Lancer!
2508,3305,0,6,55,61,1.098360655737705,0.038446030818224834,687,He just flung the door open and...
2505,3305,0,6,55,61,1.098360655737705,0.038446030818224834,687,"Verily officer, it was in fact a Tesla Cybertruck."
2501,3305,0,6,55,61,1.098360655737705,0.038446030818224834,687,The gentleman would not hold it open for the lady.
2498,3305,0,6,55,61,1.098360655737705,0.038446030818224834,687,You're paying for that. It's modern days.
2483,3305,0,6,55,61,1.098360655737705,0.038446030818224834,687,"But officer, I am I, Don Quixote, and it was a Nissan Armada!"
2544,3305,2,2,57,61,1.098360655737705,0.050704964850981624,687,It proclaimeth itself a Lancer and vouchsafed to Dodge. Neither avowal proved sooth.
2477,3305,2,2,57,61,1.098360655737705,0.050704964850981624,687,The taxi was wearing our colours!
2473,3305,0,6,55,61,1.098360655737705,0.038446030818224834,687,"No officer, I wasn’t jousting without a license: he just opened the driver’s side door on to traffic  as I was about to pass him."
2471,3305,1,4,56,61,1.098360655737705,0.04499494830653312,687,"HE TOOK A WRONG TURN ONTO THE PLAYING FIELD, HE WAS COMING RIGHT AT ME, OFFICER - IT WAS SELF-DEFENSE!"
2455,3305,1,4,56,61,1.098360655737705,0.04499494830653312,687,Proper documentation - first and foremost!
2393,3305,0,6,55,61,1.098360655737705,0.038446030818224834,687,Listen.. it's not what it looks like..
2374,3305,1,4,56,61,1.098360655737705,0.04499494830653312,687,"Yes, he challenged me in the ‘Forest of I-95’”.."
2359,3305,1,4,56,61,1.098360655737705,0.04499494830653312,687,"Officer, his heart was on my lance!"
2474,3305,2,2,57,61,1.098360655737705,0.050704964850981624,687,It might have been a giant.
3138,3305,0,6,55,61,1.098360655737705,0.038446030818224834,687,Do you need my plate number?
3961,3305,1,4,56,61,1.098360655737705,0.04499494830653312,687,"But officer, it was disturbing the peace."
3193,3305,0,6,55,61,1.098360655737705,0.038446030818224834,687,"My opponent often spoke of his gut if steel, but I never took him seriously until now."
3817,3305,1,4,56,61,1.098360655737705,0.04499494830653312,687,"But Officer, I had the right of way. Knight Rider ran the ""Halt"" sign."
3797,3305,0,6,55,61,1.098360655737705,0.038446030818224834,687,"Technically, it's not car-jacking, it was more of a car-jousting offense if you ask me."
3796,3305,0,6,55,61,1.098360655737705,0.038446030818224834,687,What's a stoplight?
3791,3305,2,2,57,61,1.098360655737705,0.050704964850981624,687,I  just didn't see the No Passing Zone sign
3766,3305,1,4,56,61,1.098360655737705,0.04499494830653312,687,"Con permiso, capped man. You can stick with your version of the facts if you choose, but I know a parked car when I see one, and this was no idle Chevy."
3748,3305,1,4,56,61,1.098360655737705,0.04499494830653312,687,He wasn't respecting the joust lane
3825,3305,1,4,56,61,1.098360655737705,0.04499494830653312,687,"Sir, I barely saw him in my spear-view mirror."
3737,3305,0,6,55,61,1.098360655737705,0.038446030818224834,687,"It printeth no moreth, so I sthabbed it."
3730,3305,0,6,55,61,1.098360655737705,0.038446030818224834,687,He mounted a most unusual steed.
3723,3305,0,6,55,61,1.098360655737705,0.038446030818224834,687,I TOLD him I had more horse power...
3711,3305,0,6,55,61,1.098360655737705,0.038446030818224834,687,Moving the Central Park carriage horses to traffic enforcement is a sweet revenge.
3677,3305,1,4,56,61,1.098360655737705,0.04499494830653312,687,Can you believe this idiot was driving his car in the horse lane? So I jousted him...what’s the big deal?
3664,3305,0,6,55,61,1.098360655737705,0.038446030818224834,687,"I think it's safe to say we can write this one off as an accident, right?"
3616,3305,1,4,56,61,1.098360655737705,0.04499494830653312,687,I don’t know which horse it belongs to!
3736,3305,0,6,55,61,1.098360655737705,0.038446030818224834,687,When Speedy saw the checkered flag he ran right into the chase car.
3612,3305,1,4,56,61,1.098360655737705,0.04499494830653312,687,"They said czar, not car."
3871,3305,1,4,56,61,1.098360655737705,0.04499494830653312,687,Yon Cavalier was indeed convertible.
3913,3305,0,6,55,61,1.098360655737705,0.038446030818224834,687,"Aye, 'twas a Charger."
2072,3305,0,6,55,61,1.098360655737705,0.038446030818224834,687,"They were blocking the crosswalk, what can I say."
3992,3305,0,6,55,61,1.098360655737705,0.038446030818224834,687,The driver was a real dork!
3985,3305,1,4,56,61,1.098360655737705,0.04499494830653312,687,I'm sure Mr. Musk has his reasons.
3978,3305,1,4,56,61,1.098360655737705,0.04499494830653312,687,I really had no perception
3976,3305,0,6,55,61,1.098360655737705,0.038446030818224834,687,"Check my ass -- I don't think I was speeding, officer."
3972,3305,0,6,55,61,1.098360655737705,0.038446030818224834,687,Were you looking for a 96 Corolla automatic windows?
3887,3305,0,6,55,61,1.098360655737705,0.038446030818224834,687,How?” you ask. Why that’s what superior horsepower and thrust can do kind sir
3954,3305,0,6,55,61,1.098360655737705,0.038446030818224834,687,I thought I was in a joust. I had to defend myself.
3945,3305,0,6,55,61,1.098360655737705,0.038446030818224834,687,I think your right I do need glasses.
3934,3305,0,6,55,61,1.098360655737705,0.038446030818224834,687,A Renaissance Festival is no place for a Mustang.
3933,3305,1,4,56,61,1.098360655737705,0.04499494830653312,687,"Sir, he swore it was armor door!"
3923,3305,0,6,55,61,1.098360655737705,0.038446030818224834,687,"I 'm sorry officer, I only meant to slash the tires."
3919,3305,0,6,55,61,1.098360655737705,0.038446030818224834,687,"Forsooth officer, HE was the one who agreed he’d bring his mustang, and so..."
3916,3305,0,6,55,61,1.098360655737705,0.038446030818224834,687,I know he ran the light but it’s my job to pull him over
3952,3305,0,6,55,61,1.098360655737705,0.038446030818224834,687,It was an autonomous vehicle.
3191,3305,0,6,55,61,1.098360655737705,0.038446030818224834,687,I was in the joust lane
3601,3305,0,6,55,61,1.098360655737705,0.038446030818224834,687,"He yieldeth not, sir."
3581,3305,0,6,55,61,1.098360655737705,0.038446030818224834,687,"I already told you, Officer. The cyclists hired me for protection, I am just doing my job."
3353,3305,0,6,55,61,1.098360655737705,0.038446030818224834,687,That does it! You're toast!
3347,3305,0,6,55,61,1.098360655737705,0.038446030818224834,687,That car was blocking the box
3342,3305,0,6,55,61,1.098360655737705,0.038446030818224834,687,Cars should not be allowed to joust.
3340,3305,1,4,56,61,1.098360655737705,0.04499494830653312,687,It's a doored detector.
4022,3305,0,6,55,61,1.098360655737705,0.038446030818224834,687,I hate Tesla's!
3317,3305,0,6,55,61,1.098360655737705,0.038446030818224834,687,"We BOTH wanted that parking spot by the light pole, Officer. He simply found my argument more compelling."
3358,3305,0,6,55,61,1.098360655737705,0.038446030818224834,687,"In my defense, it was a CyberTruck"
3308,3305,1,4,56,61,1.098360655737705,0.04499494830653312,687,"Sir, there’s been a complaint from the owner of that Ford Bronco over there."
3286,3305,1,4,56,61,1.098360655737705,0.04499494830653312,687,But it was just Prince Valiant on aMustang!
3259,3305,0,6,55,61,1.098360655737705,0.038446030818224834,687,"Officer, I left my insurance card at home, but if you can wait just a sec I can pull it up on my phone."
3254,3305,0,6,55,61,1.098360655737705,0.038446030818224834,687,"And only, then, I had sex with your wife"
3252,3305,1,4,56,61,1.098360655737705,0.04499494830653312,687,"But Constable, it was a charger as well!"
3250,3305,0,6,55,61,1.098360655737705,0.038446030818224834,687,"One Middle Aged man to another, the mustang didn’t yield."
3231,3305,0,6,55,61,1.098360655737705,0.038446030818224834,687,Got it in the stands between chukka one and chukka two
3306,3305,0,6,55,61,1.098360655737705,0.038446030818224834,687,Gullwing door... I thought it was a dragons wing... sorry.
3599,3305,1,4,56,61,1.098360655737705,0.04499494830653312,687,"...and he sped off, leaving the scene of the accident..."
3360,3305,1,4,56,61,1.098360655737705,0.04499494830653312,687,"Windmills - printers, I tilt at everything."
3369,3305,1,4,56,61,1.098360655737705,0.04499494830653312,687,You can have it. I just hop on.
3579,3305,0,6,55,61,1.098360655737705,0.038446030818224834,687,What's this? Wait until the Marquis de Mercury hears of this!
3576,3305,1,4,56,61,1.098360655737705,0.04499494830653312,687,Sorry I thought you were a Windmill
3575,3305,1,4,56,61,1.098360655737705,0.04499494830653312,687,Seabiscuit drinks one too many
3540,3305,1,4,56,61,1.098360655737705,0.04499494830653312,687,"so much for horsepower, am I right...?"
3506,3305,0,6,55,61,1.098360655737705,0.038446030818224834,687,We all have to do our part to fight climate change.
3499,3305,0,6,55,61,1.098360655737705,0.038446030818224834,687,"No, the driver fell off a couple of blocks back."
3361,3305,0,6,55,61,1.098360655737705,0.038446030818224834,687,The idiot opened his door without looking.  We were in mid joust!
3492,3305,1,4,56,61,1.098360655737705,0.04499494830653312,687,She just pulled right out in front of me.
3471,3305,0,6,55,61,1.098360655737705,0.038446030818224834,687,He was illegally parked in the war horse lane.
3460,3305,1,4,56,61,1.098360655737705,0.04499494830653312,687,I had the right-a-way; he ran the STOP sign.
3426,3305,1,4,56,61,1.098360655737705,0.04499494830653312,687,"Sir, I was in the designated jousting lane when the driver opened his door."
3394,3305,0,6,55,61,1.098360655737705,0.038446030818224834,687,"You tell me what it is, Officer. And no, I'm not riding a donkey!"
3374,3305,0,6,55,61,1.098360655737705,0.038446030818224834,687,"Why was he blocking the Medieval lane?,"" isn't the real question, is it? The question is, why'd he turn his armor into an automobile"
3373,3305,1,4,56,61,1.098360655737705,0.04499494830653312,687,"But, officer, this is what he used as a shield!"
3480,3305,2,2,57,61,1.098360655737705,0.050704964850981624,687,Sorry . . . it sure looked like a unicorn to me . . .
2068,3305,0,6,55,61,1.098360655737705,0.038446030818224834,687,"Looks like I ""Impalad"" this '68 Mustang!"
3338,3305,1,4,56,61,1.098360655737705,0.04499494830653312,687,I accepted his chicken challenge
2049,3305,0,6,55,61,1.098360655737705,0.038446030818224834,687,"I need more coverage"""
727,3305,0,6,55,61,1.098360655737705,0.038446030818224834,687,"Actually I was heading for a windmill, but this Prius was asking"
712,3305,0,6,55,61,1.098360655737705,0.038446030818224834,687,I was trying to make a right turn.
706,3305,1,4,56,61,1.098360655737705,0.04499494830653312,687,"Nay Constable, I has't not been drynken."
700,3305,0,6,55,61,1.098360655737705,0.038446030818224834,687,"Being a Renaissance man has its hazards, officer."
661,3305,0,6,55,61,1.098360655737705,0.038446030818224834,687,"'tis folly, thy challenge, my Lord."
658,3305,0,6,55,61,1.098360655737705,0.038446030818224834,687,I'm thinking it would be easier if we just set up speeding cameras and sent out tickets through the mail.
743,3305,1,4,56,61,1.098360655737705,0.04499494830653312,687,"Sire, a chestnut-brown mustang traveling at enormous speed did appear with neither warning nor hesitation."
657,3305,1,4,56,61,1.098360655737705,0.04499494830653312,687,"I""ll say it again. The world's not ready for autonomous jousting."
655,3305,0,6,55,61,1.098360655737705,0.038446030818224834,687,They won’t be tailgating you next time.
627,3305,1,4,56,61,1.098360655737705,0.04499494830653312,687,"Frankly, it wasn’t much of a Cavalier."
622,3305,0,6,55,61,1.098360655737705,0.038446030818224834,687,He shouldn’t have opened his door.
611,3305,1,4,56,61,1.098360655737705,0.04499494830653312,687,It a look a like a you impala Impala.
593,3305,1,4,56,61,1.098360655737705,0.04499494830653312,687,I was charging to the aid of a damsel in distress when this came out of nowhere.
571,3305,1,4,56,61,1.098360655737705,0.04499494830653312,687,"Yea, that’s why I’d never take an Uber pool."
656,3305,1,4,56,61,1.098360655737705,0.04499494830653312,687,Electoral College: I Defeated Popular Vote.
553,3305,1,4,56,61,1.098360655737705,0.04499494830653312,687,But the other guy was driving a Pinto.
747,3305,0,6,55,61,1.098360655737705,0.038446030818224834,687,"Of the Fellowship of the Sacred Knights of the EPA, officer, my sworn duty is to slayeth anything non-electric."
759,3305,0,6,55,61,1.098360655737705,0.038446030818224834,687,9-11 was an inside job!
885,3305,1,4,56,61,1.098360655737705,0.04499494830653312,687,"Oh, ha. Yeah, all I heard was ""domestic disturbance"" and ""Lance keeps banging Alexis,"" I thought it was something totally different.

 I'm so horny. 

Anyway, the Lexus owner is pressing charges, and you're going to jail for meth usage."
883,3305,1,4,56,61,1.098360655737705,0.04499494830653312,687,"Windmill or not, I still think its a damned good skewer!"
862,3305,0,6,55,61,1.098360655737705,0.038446030818224834,687,Consider yourself lucky. The Miramar PD would throw you down the river for this.
860,3305,0,6,55,61,1.098360655737705,0.038446030818224834,687,It was an old jalopy that tried to run us off the road.  This trophy should help your investigation into this hit and run.
853,3305,2,2,57,61,1.098360655737705,0.050704964850981624,687,"Really, I latched onto it at the Brickyard."
833,3305,1,4,56,61,1.098360655737705,0.04499494830653312,687,My parking assistance computer is down!
756,3305,1,4,56,61,1.098360655737705,0.04499494830653312,687,I prefer steel  rather than aluminum.
830,3305,1,4,56,61,1.098360655737705,0.04499494830653312,687,"Well, he shouldn't have been parking in the spike lane."
818,3305,0,6,55,61,1.098360655737705,0.038446030818224834,687,He took a selfie with us and wouldn't tip.
805,3305,0,6,55,61,1.098360655737705,0.038446030818224834,687,"Officer, I have merely delivered it from its vow of service."
802,3305,0,6,55,61,1.098360655737705,0.038446030818224834,687,"I surmise I was far too accustomed to my olde retractable model, kind sir."
799,3305,2,2,57,61,1.098360655737705,0.050704964850981624,687,"I like where your head is, but we can only give parking tickets nowadays."
786,3305,1,4,56,61,1.098360655737705,0.04499494830653312,687,Can'st thou let me off with a warning?
780,3305,2,2,57,61,1.098360655737705,0.050704964850981624,687,It was a hit and run.
826,3305,1,4,56,61,1.098360655737705,0.04499494830653312,687,It had gobbled up a fair damsel.
918,3305,0,6,55,61,1.098360655737705,0.038446030818224834,687,Good thing he wasn't on a motorcycle.
534,3305,0,6,55,61,1.098360655737705,0.038446030818224834,687,Was it because I wasn't wearing a seat belt?
507,3305,1,4,56,61,1.098360655737705,0.04499494830653312,687,I do apologize constable; I’m not a great  night driver”
250,3305,1,4,56,61,1.098360655737705,0.04499494830653312,687,"You can’t disqualify me, he caused the contact!"
245,3305,0,6,55,61,1.098360655737705,0.038446030818224834,687,"I gave my Uber 5 stars, morning stars!"
234,3305,1,4,56,61,1.098360655737705,0.04499494830653312,687,You'd think a Dodge would have put up a better fight.
181,3305,1,4,56,61,1.098360655737705,0.04499494830653312,687,"Officer I was riding my horse 35 mph. I
did not see the driver ahead of me!"
143,3305,0,6,55,61,1.098360655737705,0.038446030818224834,687,The Knight Rider has been vanquished!
99,3305,0,6,55,61,1.098360655737705,0.038446030818224834,687,I got sideswiped.
261,3305,0,6,55,61,1.098360655737705,0.038446030818224834,687,Not very gallant of the Galant to just drive away.
96,3305,1,4,56,61,1.098360655737705,0.04499494830653312,687,I was just trying to knock on the window to say hi.
74,3305,1,4,56,61,1.098360655737705,0.04499494830653312,687,You're supposed to slow to a trot before you merge.
43,3305,1,4,56,61,1.098360655737705,0.04499494830653312,687,"My actions were most justified, for he had bit is thumb at me!"
11,3305,0,6,55,61,1.098360655737705,0.038446030818224834,687,I swear I had the yellow light officer and my opponent just charged the intersection.
10,3305,1,4,56,61,1.098360655737705,0.04499494830653312,687,One of those self-driving cars no doubt!
0,3305,2,2,57,61,1.098360655737705,0.050704964850981624,687,"ee stamoslocosoque 2h

mate tanto que puedas
berarte de todo lo que
-yano Chota iow

ve

aad

@spaincharo"
2053,3305,0,6,55,61,1.098360655737705,0.038446030818224834,687,I  got the license number but he got away and his horse ran into the barn.
87,3305,1,4,56,61,1.098360655737705,0.04499494830653312,687,It's the only part I could save.
513,3305,1,4,56,61,1.098360655737705,0.04499494830653312,687,Tally? Ho!
263,3305,0,6,55,61,1.098360655737705,0.038446030818224834,687,"Look, officer, I have proof that I signaled a right turn."
330,3305,1,4,56,61,1.098360655737705,0.04499494830653312,687,He challenged me over a car park...
499,3305,0,6,55,61,1.098360655737705,0.038446030818224834,687,"Officer,I did not mean to pick the Lancia."
497,3305,0,6,55,61,1.098360655737705,0.038446030818224834,687,"Sire, I  have your Duco."
495,3305,0,6,55,61,1.098360655737705,0.038446030818224834,687,I was detecting you'd give me a medal.
483,3305,0,6,55,61,1.098360655737705,0.038446030818224834,687,"I swear, it was parked in the Knight lane."
447,3305,1,4,56,61,1.098360655737705,0.04499494830653312,687,There shouldn’t be parking spaces next to the joust lane.
441,3305,0,6,55,61,1.098360655737705,0.038446030818224834,687,"Ok, Sir Boomer..."
270,3305,1,4,56,61,1.098360655737705,0.04499494830653312,687,So...I could've gotten in my car with a coat hanger?
434,3305,1,4,56,61,1.098360655737705,0.04499494830653312,687,And this knave you speak of hath also allegedly written down my license plate you say?
403,3305,0,6,55,61,1.098360655737705,0.038446030818224834,687,I believe the door is from an older Lancia
393,3305,0,6,55,61,1.098360655737705,0.038446030818224834,687,I couldn't make out the license plate.
370,3305,1,4,56,61,1.098360655737705,0.04499494830653312,687,But he cut me off!
368,3305,1,4,56,61,1.098360655737705,0.04499494830653312,687,It came out of nowhere.
337,3305,0,6,55,61,1.098360655737705,0.038446030818224834,687,He stole our parking space.
334,3305,1,4,56,61,1.098360655737705,0.04499494830653312,687,"It wasn't my fault, I  had the right of way"
425,3305,0,6,55,61,1.098360655737705,0.038446030818224834,687,"So, I needed a new outfit for the holidays."
965,3305,2,2,57,61,1.098360655737705,0.050704964850981624,687,I was riding in the bicycle lane.
460,3305,0,6,55,61,1.098360655737705,0.038446030818224834,687,"He called my steed a rotting Tudor, so hence his car is now a three-door."
1022,3305,1,4,56,61,1.098360655737705,0.04499494830653312,687,"Oh, I thought it was a jousting match..."
1797,3305,0,6,55,61,1.098360655737705,0.038446030818224834,687,There are no windmills left in Manhattan.
1770,3305,0,6,55,61,1.098360655737705,0.038446030818224834,687,I don’t know how I got here but when this miserable curr charged me I di
1765,3305,0,6,55,61,1.098360655737705,0.038446030818224834,687,"No, I am not Lancealot so I do not have any priors."
1752,3305,1,4,56,61,1.098360655737705,0.04499494830653312,687,It was the Tudor knight Sir Coupe de Buick
1741,3305,0,6,55,61,1.098360655737705,0.038446030818224834,687,"Sir, step out your vehicle."
1737,3305,1,4,56,61,1.098360655737705,0.04499494830653312,687,Please stop with “simply adorable”
1801,3305,1,4,56,61,1.098360655737705,0.04499494830653312,687,Freeway...the damn driver was in a Charger coming at me at 80 miles per hour...
1708,3305,1,4,56,61,1.098360655737705,0.04499494830653312,687,"So be it, but it won't deter my quest to protect this fair city's bicycle lanes."
1682,3305,1,4,56,61,1.098360655737705,0.04499494830653312,687,Thou shalt issue less parking tickets.
1667,3305,0,6,55,61,1.098360655737705,0.038446030818224834,687,Elon's going to be so pissed
1654,3305,0,6,55,61,1.098360655737705,0.038446030818224834,687,Romans truly were my ancestors.
1653,3305,0,6,55,61,1.098360655737705,0.038446030818224834,687,I blame Dodge for calling it the Charger.
1641,3305,0,6,55,61,1.098360655737705,0.038446030818224834,687,The side-airbag doth not deploy.
1638,3305,1,4,56,61,1.098360655737705,0.04499494830653312,687,"No Officer, it's not a spear, it's a Dodge Lancer!"
1690,3305,1,4,56,61,1.098360655737705,0.04499494830653312,687,"Sorry, officer, but the guy cut right in front of me..."
1619,3305,0,6,55,61,1.098360655737705,0.038446030818224834,687,They parked on the wrong side of the road.
1808,3305,0,6,55,61,1.098360655737705,0.038446030818224834,687,"Just the fax, Sir."
1826,3305,0,6,55,61,1.098360655737705,0.038446030818224834,687,"I offer you a piece, Sir Piece Officer."
1020,3305,1,4,56,61,1.098360655737705,0.04499494830653312,687,You should see the other guy.
2023,3305,1,4,56,61,1.098360655737705,0.04499494830653312,687,You'd be surprised how quickly I navigate the bike lanes now.
1988,3305,0,6,55,61,1.098360655737705,0.038446030818224834,687,"I was in the jousting lane, and then this guy just opened his car door without looking for jousters!"
1967,3305,0,6,55,61,1.098360655737705,0.038446030818224834,687,"It was a race, and he blinked"
1952,3305,0,6,55,61,1.098360655737705,0.038446030818224834,687,"Well, I play chess..."
1948,3305,0,6,55,61,1.098360655737705,0.038446030818224834,687,It was really more of a hit and ride.
1823,3305,0,6,55,61,1.098360655737705,0.038446030818224834,687,Fewer things in police work are easier than solving a hit and run case at a Renaissance Fair....
1934,3305,0,6,55,61,1.098360655737705,0.038446030818224834,687,They call it a Pick Up. So !
1924,3305,0,6,55,61,1.098360655737705,0.038446030818224834,687,I thought ye a Tudor
1912,3305,0,6,55,61,1.098360655737705,0.038446030818224834,687,"But officer, we weren’t event speeding!"
1883,3305,0,6,55,61,1.098360655737705,0.038446030818224834,687,Knight-rider: officer I think kits dead
1846,3305,0,6,55,61,1.098360655737705,0.038446030818224834,687,So you came from the past. That's what everyone says.
1845,3305,0,6,55,61,1.098360655737705,0.038446030818224834,687,"Door knobs, schnorr knobs. When you want to get in, you get in."
1835,3305,1,4,56,61,1.098360655737705,0.04499494830653312,687,"No horse, of course."
1927,3305,0,6,55,61,1.098360655737705,0.038446030818224834,687,"But Officer, New York State law says up to 30% tint is legal on a side window."""
1618,3305,1,4,56,61,1.098360655737705,0.04499494830653312,687,I think we should go back to using spike strips...
1677,3305,1,4,56,61,1.098360655737705,0.04499494830653312,687,I thought it was one of those cancer causing windmills.
1597,3305,0,6,55,61,1.098360655737705,0.038446030818224834,687,"Officer, this car door really WAS closer that it looked in my mirror.  Who'd have thought?!"
1337,3305,0,6,55,61,1.098360655737705,0.038446030818224834,687,That’s not a falcon wing.
1318,3305,0,6,55,61,1.098360655737705,0.038446030818224834,687,How was I supposed to know it’s an automatic door?!
1309,3305,1,4,56,61,1.098360655737705,0.04499494830653312,687,Kids these days don’t know anything about defensive driving.
1279,3305,0,6,55,61,1.098360655737705,0.038446030818224834,687,I just wanted to be gentlemanly with the lady...
1268,3305,1,4,56,61,1.098360655737705,0.04499494830653312,687,You should see what I did to the dump truck.
1611,3305,0,6,55,61,1.098360655737705,0.038446030818224834,687,I got tired of people opening doors into the bike lanes.
1205,3305,0,6,55,61,1.098360655737705,0.038446030818224834,687,He called himself Chevy Cavalier.  He was fast but I got him on the turns.
1149,3305,0,6,55,61,1.098360655737705,0.038446030818224834,687,We were jousting for a parking spot.
1148,3305,1,4,56,61,1.098360655737705,0.04499494830653312,687,You could say I'm a knight 'n shining car door.
1144,3305,1,4,56,61,1.098360655737705,0.04499494830653312,687,"A ticket? Constable, may we joust like men. Leave the courts out of this."
1095,3305,1,4,56,61,1.098360655737705,0.04499494830653312,687,"Sir, where is your seatbelt? Were you speeding? Where the driver if the other vehicle?"
1075,3305,0,6,55,61,1.098360655737705,0.038446030818224834,687,A Mustang came at us
1057,3305,1,4,56,61,1.098360655737705,0.04499494830653312,687,This is much safer than delivering on bicycle!
1031,3305,1,4,56,61,1.098360655737705,0.04499494830653312,687,It was a one horse open car.
1028,3305,0,6,55,61,1.098360655737705,0.038446030818224834,687,Mission Accomplished
1368,3305,0,6,55,61,1.098360655737705,0.038446030818224834,687,Insurance is much cheaper this way.
1380,3305,1,4,56,61,1.098360655737705,0.04499494830653312,687,It will kill.
1247,3305,1,4,56,61,1.098360655737705,0.04499494830653312,687,I thought road rage only applied to motor vehicles.
1403,3305,0,6,55,61,1.098360655737705,0.038446030818224834,687,"I barely touched his car, officer!"
1381,3305,0,6,55,61,1.098360655737705,0.038446030818224834,687,Sir Mitsubishi's Lancer has been discontinued.
1573,3305,0,6,55,61,1.098360655737705,0.038446030818224834,687,Don't write ME a ticket!  Sir Uber started it!
1534,3305,1,4,56,61,1.098360655737705,0.04499494830653312,687,The DOT is testing side airbags due to unexpectedly high rates of failure to deploy.
1500,3305,0,6,55,61,1.098360655737705,0.038446030818224834,687,It was parked in my spot.
1491,3305,1,4,56,61,1.098360655737705,0.04499494830653312,687,Hit and run you say? Hm... haven't seen anything...
1483,3305,0,6,55,61,1.098360655737705,0.038446030818224834,687,He was driving on the wrong side of the road.
1492,3305,0,6,55,61,1.098360655737705,0.038446030818224834,687,I was just trying to be a gentleman by opening the door for her!
1442,3305,1,4,56,61,1.098360655737705,0.04499494830653312,687,"Can you roll down the window, its hot in here?"
1440,3305,0,6,55,61,1.098360655737705,0.038446030818224834,687,What? It was a perfect joust.
1414,3305,0,6,55,61,1.098360655737705,0.038446030818224834,687,"Well, he heard there were 190 steeds inside - just like him."
1413,3305,0,6,55,61,1.098360655737705,0.038446030818224834,687,"When your opponents have armor like this, it really takes the fun out of dueling."
1405,3305,1,4,56,61,1.098360655737705,0.04499494830653312,687,No right on red? Go know.
1465,3305,1,4,56,61,1.098360655737705,0.04499494830653312,687,"The sign clearly stated, ""No parking in the tilt-yard."""
1587,3305,1,4,56,61,1.098360655737705,0.04499494830653312,687,"I understand Sir, but there are no reserved parking spots for royalty."
1920,3589,1,4,57,62,1.096774193548387,0.0442916958370775,687,"Ok, you say you were playing charades and trying to act out ‘putting the cart before the horse’."""
2887,3589,0,6,56,62,1.096774193548387,0.03785410929280441,687,A mighty stallion indeed!
2284,3589,0,6,56,62,1.096774193548387,0.03785410929280441,687,You say your name's Joustin' Bieber?
2462,3589,2,2,58,62,1.096774193548387,0.049905661501444855,687,"Officer, this is the Golden Door of Mambrino!"
2682,3589,0,6,56,62,1.096774193548387,0.03785410929280441,687,Now that's a horse of another blanket !
2765,3589,0,6,56,62,1.096774193548387,0.03785410929280441,687,"Calling one's steed 'Chivalry' is just begging for a joust, officer."
2811,3589,1,4,57,62,1.096774193548387,0.0442916958370775,687,The Valiant badge on the trunk threw me off.
3832,3589,1,4,57,62,1.096774193548387,0.0442916958370775,687,But I successfully parallel parked between the two orange cones.
3578,3589,0,6,56,62,1.096774193548387,0.03785410929280441,687,"Because of cost cuts at the DMV, we’ve had to go low-tech in car inspections."
3637,3589,0,6,56,62,1.096774193548387,0.03785410929280441,687,"It's more to the point, than towing."
3709,3589,1,4,57,62,1.096774193548387,0.0442916958370775,687,"But  I'm Antifa, and I decided they are a facist, so you're not supposed to stop me from being violent!"
3720,3589,1,4,57,62,1.096774193548387,0.0442916958370775,687,I thought it was Sir Guy of Gimgh.
3808,3589,1,4,57,62,1.096774193548387,0.0442916958370775,687,It's the same speed limit for any kind of horse power
3940,3589,1,4,57,62,1.096774193548387,0.0442916958370775,687,You joust driving a pinto and you lose!
1884,3589,2,2,58,62,1.096774193548387,0.049905661501444855,687,He got out of his car and yelled “get a horse”
3137,3589,0,6,56,62,1.096774193548387,0.03785410929280441,687,Forget to knock?
1669,3589,0,6,56,62,1.096774193548387,0.03785410929280441,687,"Officer, the vehicle was obviously driving on the wrong side of the road."
581,3589,0,6,56,62,1.096774193548387,0.03785410929280441,687,I'm not sure officer. I was in the jousting lane and next thing I know...
1544,3589,2,2,58,62,1.096774193548387,0.049905661501444855,687,I was tilting at windshields and missed. Why do you ask?
1613,3589,1,4,57,62,1.096774193548387,0.0442916958370775,687,It was the King's Impala.
4,3589,1,4,57,62,1.096774193548387,0.0442916958370775,687,"ee ae Lele) (La ag
“= tiktok.__.india"
128,3589,0,6,56,62,1.096774193548387,0.03785410929280441,687,"My apologies, officer. I was aiming for the window that is supposed to be lance-proof."
280,3589,0,6,56,62,1.096774193548387,0.03785410929280441,687,I'm working my way up to a town car.
301,3589,1,4,57,62,1.096774193548387,0.0442916958370775,687,"Officer, I swear I was in the bike lane"
371,3589,1,4,57,62,1.096774193548387,0.0442916958370775,687,"But officer, he cause the road rage by cutting me off in traffic"
411,3589,0,6,56,62,1.096774193548387,0.03785410929280441,687,Let me guess...a Dodge Charger?
141,3589,1,4,57,62,1.096774193548387,0.0442916958370775,687,I know my name is Lancealot but it should have been Lanceanything.
664,3589,0,6,56,62,1.096774193548387,0.03785410929280441,687,”The motorist didn’t signal his turn.
742,3589,1,4,57,62,1.096774193548387,0.0442916958370775,687,Impaled for cause.  It's insignia falsely declared itself to be a Pinto.
880,3589,0,6,56,62,1.096774193548387,0.03785410929280441,687,I won the joust... I think.... His mount was just a colt... a Dodge Colt... and his insurance agent totaled it.
1033,3589,1,4,57,62,1.096774193548387,0.0442916958370775,687,That war horse has weak shields.
1326,3589,1,4,57,62,1.096774193548387,0.0442916958370775,687,Vision Zero does not apply.
1478,3589,1,4,57,62,1.096774193548387,0.0442916958370775,687,"It looks like a car door, but it is just a really big copier. And this guy was duplicating my screenplay."""
614,3589,1,4,57,62,1.096774193548387,0.0442916958370775,687,"But Sir Officer, I loveth a martini up with a side of car!"
1512,3589,0,6,56,62,1.096774193548387,0.03785410929280441,687,He opened it in a driving lane.
2946,3624,1,3,54,58,1.0862068965517242,0.044575586536534074,687,"I thought his ancestral crest looked really plain, but it's OK, it turned out he was a Cadillac."
2978,3624,1,3,54,58,1.0862068965517242,0.044575586536534074,687,JOUST CHARGER ILL WRITE DOWN THE KINGS CROSSWORD
2998,3624,0,5,53,58,1.0862068965517242,0.03717555967998436,687,Is this an armored car?
3099,3624,0,5,53,58,1.0862068965517242,0.03717555967998436,687,I was sent by the king.
3079,3624,1,3,54,58,1.0862068965517242,0.044575586536534074,687,They told me he'd be riding a mustang.
3091,3624,0,5,53,58,1.0862068965517242,0.03717555967998436,687,You lose 10% as soon as you drive it to your first tournament.
3114,3624,0,5,53,58,1.0862068965517242,0.03717555967998436,687,Jousting is a felony offence in this state plus you have damaged property while riding an unregistered vehicle
2910,3624,0,5,53,58,1.0862068965517242,0.03717555967998436,687,"It was an Dodge Lancer, not a cavalryman lancer. Who knew?"
3013,3624,2,1,55,58,1.0862068965517242,0.05091113426974493,687,"When ink prices seem lunatic, who knows where madness lies"
2908,3624,0,5,53,58,1.0862068965517242,0.03717555967998436,687,Not everybody likes their martinis with olives.
2362,3624,1,3,54,58,1.0862068965517242,0.044575586536534074,687,"But officer, he was stopped in the middle of the intersection."
2745,3624,1,3,54,58,1.0862068965517242,0.044575586536534074,687,My checkered donkey’s a unicorn.
2524,3624,0,5,53,58,1.0862068965517242,0.03717555967998436,687,"Officer, the horsepower was misleading."
2521,3624,1,3,54,58,1.0862068965517242,0.044575586536534074,687,"It was only practice, officer.  No offense intended."
2503,3624,1,3,54,58,1.0862068965517242,0.044575586536534074,687,"Elon's orders, officer, I'm telling you!"
2491,3624,0,5,53,58,1.0862068965517242,0.03717555967998436,687,I was only inquiring after the latest in horse shield.
2394,3624,1,3,54,58,1.0862068965517242,0.044575586536534074,687,"Your taxi-meter setting does not comply with the latest regulations. . ."""
3206,3624,0,5,53,58,1.0862068965517242,0.03717555967998436,687,Is this Siena?
2229,3624,0,5,53,58,1.0862068965517242,0.03717555967998436,687,I'm guessing .... 1954 Studebaker.  Left front.  What's it look like to you?
2212,3624,1,3,54,58,1.0862068965517242,0.044575586536534074,687,"Methinks I will ticket you for the offense of car door piercing, not-so-kind sir."
2203,3624,1,3,54,58,1.0862068965517242,0.044575586536534074,687,"Officer, I thought it was a windmill."
2160,3624,1,3,54,58,1.0862068965517242,0.044575586536534074,687,I think the cannonball put a crack in it.
2795,3624,1,3,54,58,1.0862068965517242,0.044575586536534074,687,"Nothing to see here, Constable. Just a little get-tough trade policy."
3212,3624,0,5,53,58,1.0862068965517242,0.03717555967998436,687,The idiot artist has no idea how hard this is
3486,3624,0,5,53,58,1.0862068965517242,0.03717555967998436,687,"This must be a Medieval 
happening"
3242,3624,1,3,54,58,1.0862068965517242,0.044575586536534074,687,"So,as I pierce the competitor's door with my lance,subtly referencing the antiquated,medieval design,you come out with a flourish - flames leaping and lasers flying,dressed like you're from the future- and throw steel balls at ours...."
2141,3624,1,3,54,58,1.0862068965517242,0.044575586536534074,687,But can you “prove” I made an illegal left turn?
4010,3624,0,5,53,58,1.0862068965517242,0.03717555967998436,687,"Thee killed thy steed, now step aside."
4000,3624,1,3,54,58,1.0862068965517242,0.044575586536534074,687,The varlet shall make no further illegal lefts.
3975,3624,0,5,53,58,1.0862068965517242,0.03717555967998436,687,An Amazon drone must have dropped it
3935,3624,0,5,53,58,1.0862068965517242,0.03717555967998436,687,"YOU know––jousting n traffic."""
3905,3624,0,5,53,58,1.0862068965517242,0.03717555967998436,687,"I had to fight traffic, but I did get the checkered flag"
3895,3624,1,3,54,58,1.0862068965517242,0.044575586536534074,687,"Prince Harry XL, I caughteth thee traveling with the upmost renouncement of bravery in my hood."
3889,3624,1,3,54,58,1.0862068965517242,0.044575586536534074,687,The passenger side door is even worse...
3865,3624,1,3,54,58,1.0862068965517242,0.044575586536534074,687,Vandalism? What about the damage to my lance?
3717,3624,0,5,53,58,1.0862068965517242,0.03717555967998436,687,"He turned in front of me , I swear."
3619,3624,0,5,53,58,1.0862068965517242,0.03717555967998436,687,I was going against traffic.
3614,3624,1,3,54,58,1.0862068965517242,0.044575586536534074,687,"It said on the back, ""Dodge Demon."" I did and it swerved back towards me."
3573,3624,1,3,54,58,1.0862068965517242,0.044575586536534074,687,Just testing this new-fangled shield.
3539,3624,1,3,54,58,1.0862068965517242,0.044575586536534074,687,Ride share passengers never look when opening the door...
3523,3624,1,3,54,58,1.0862068965517242,0.044575586536534074,687,"Cant you see the irony, 300 hp and he loses"
3513,3624,0,5,53,58,1.0862068965517242,0.03717555967998436,687,"It’s possible I overreacted.  In my defense, he failed to yield."
3491,3624,1,3,54,58,1.0862068965517242,0.044575586536534074,687,"Please move aside kind Sir, the hand-to-hand combat must commence forthwith!"
3457,3624,1,3,54,58,1.0862068965517242,0.044575586536534074,687,"And I'm using the old ""light"" style...."
3448,3624,0,5,53,58,1.0862068965517242,0.03717555967998436,687,My horse charged when I told him the car was a Mustang.
3396,3624,0,5,53,58,1.0862068965517242,0.03717555967998436,687,It's my tug of war trophy.
3320,3624,0,5,53,58,1.0862068965517242,0.03717555967998436,687,"I was told there was a ""recall""  on the other knight's Armor."
3284,3624,0,5,53,58,1.0862068965517242,0.03717555967998436,687,I was just riding along minding my own business and the car door opened without the driver looking.
3260,3624,0,5,53,58,1.0862068965517242,0.03717555967998436,687,"Sorry, sir. Just wondering if  it had any spare change. You know, for the world."
3213,3624,0,5,53,58,1.0862068965517242,0.03717555967998436,687,Someone called a cabriolet?
2115,3624,0,5,53,58,1.0862068965517242,0.03717555967998436,687,Let me be brief in your case.
621,3624,1,3,54,58,1.0862068965517242,0.044575586536534074,687,This is 'cause he forgot to fasten his seatbelt.
2047,3624,0,5,53,58,1.0862068965517242,0.03717555967998436,687,He was clearly in the jousting lane.
870,3624,1,3,54,58,1.0862068965517242,0.044575586536534074,687,I was just on my way to work when this car ran a red light.
822,3624,1,3,54,58,1.0862068965517242,0.044575586536534074,687,"All hail to me, thane of car door!"
821,3624,0,5,53,58,1.0862068965517242,0.03717555967998436,687,"Well, at least I wasn't riding my bicycle."
787,3624,0,5,53,58,1.0862068965517242,0.03717555967998436,687,Who sayest it's geometrically impossible!
716,3624,1,3,54,58,1.0862068965517242,0.044575586536534074,687,"Well, there was a car double-parked in the horse-lane!"
715,3624,1,3,54,58,1.0862068965517242,0.044575586536534074,687,But Nf3 was double parked!
641,3624,0,5,53,58,1.0862068965517242,0.03717555967998436,687,"Please note the window was bulletproof, it was my only option."
2064,3624,0,5,53,58,1.0862068965517242,0.03717555967998436,687,He didn't Bow.
566,3624,0,5,53,58,1.0862068965517242,0.03717555967998436,687,I was riding in the knight lane when it flew open in front of me.
538,3624,1,3,54,58,1.0862068965517242,0.044575586536534074,687,The protective shield with glass does not meet street jousting safety laws.
887,3624,1,3,54,58,1.0862068965517242,0.044575586536534074,687,I had to. The guys doubled dog dared me.
490,3624,0,5,53,58,1.0862068965517242,0.03717555967998436,687,"Oh! I'm so sorry officer, I didn't know I wasn't allowed to have a bumper shorter than 22 inches."
401,3624,1,3,54,58,1.0862068965517242,0.044575586536534074,687,He was on the  wrong side of  the list.
325,3624,0,5,53,58,1.0862068965517242,0.03717555967998436,687,It had the power of a hundred and fifty horses.
317,3624,1,3,54,58,1.0862068965517242,0.044575586536534074,687,He opened his door into the jousting lane
186,3624,2,1,55,58,1.0862068965517242,0.05091113426974493,687,"Well yes, I had three libations but that was at lunch."
104,3624,0,5,53,58,1.0862068965517242,0.03717555967998436,687,"Well sir, you see I was going along this narrow road to the deep north...when a cricket began to chirp inside my helmet"
75,3624,1,3,54,58,1.0862068965517242,0.044575586536534074,687,To be honest I think it was a Mustang
72,3624,1,3,54,58,1.0862068965517242,0.044575586536534074,687,"Sorry officer, Elon Musk promised me this would never happen"
65,3624,0,5,53,58,1.0862068965517242,0.03717555967998436,687,If you gave us a protected lane we wouldn't have to fend for ourselves in the door zone.
12,3624,2,1,55,58,1.0862068965517242,0.05091113426974493,687,The insurance companies can sort out fault.
6,3624,1,3,54,58,1.0862068965517242,0.044575586536534074,687,"Jousting lane or not, Sir Volvo had it coming."
416,3624,0,5,53,58,1.0862068965517242,0.03717555967998436,687,Saved from that beast upholstered in Corinthian leather!
926,3624,1,3,54,58,1.0862068965517242,0.044575586536534074,687,What is the best way to contact you e-mail or runner.
881,3624,0,5,53,58,1.0862068965517242,0.03717555967998436,687,‘hit and run’
949,3624,1,3,54,58,1.0862068965517242,0.044575586536534074,687,Is that a door from a Plymouth Valiant?
2043,3624,0,5,53,58,1.0862068965517242,0.03717555967998436,687,It only received Fox News.
1959,3624,0,5,53,58,1.0862068965517242,0.03717555967998436,687,"But officer, I thought the no-spearing rules weren't in effect on Sundays!"
1935,3624,1,3,54,58,1.0862068965517242,0.044575586536534074,687,I got sick and tired of those Back Seat Boys.
1895,3624,0,5,53,58,1.0862068965517242,0.03717555967998436,687,I was just trying to indicate.
1810,3624,2,1,55,58,1.0862068965517242,0.05091113426974493,687,"Officer, sorry for the disturbance. We're just trying new things in the bedroom."
1731,3624,1,3,54,58,1.0862068965517242,0.044575586536534074,687,"But he thrust first, with Le Sabre."
1695,3624,0,5,53,58,1.0862068965517242,0.03717555967998436,687,Look.  Can I help it if the guy opened his door in the middle of our joust?
1643,3624,1,3,54,58,1.0862068965517242,0.044575586536534074,687,Never open your car door in the middle of a joust!
1579,3624,1,3,54,58,1.0862068965517242,0.044575586536534074,687,"But he was in the gore, not in the carriageway a'tall."
941,3624,2,1,55,58,1.0862068965517242,0.05091113426974493,687,The Dutch Reach? Never heard of it.
1471,3624,1,3,54,58,1.0862068965517242,0.044575586536534074,687,I'm bringing the king his shish cabob.
1550,3624,1,3,54,58,1.0862068965517242,0.044575586536534074,687,He drove a made-for-America MG.Otherwise I would have murdered the driver.
1427,3624,1,3,54,58,1.0862068965517242,0.044575586536534074,687,It’s a funny story I’m planning to submit to the New Yorker when it’s done.
1331,3624,0,5,53,58,1.0862068965517242,0.03717555967998436,687,"'Pray thy pardon officer. I was going 15 miles an hour and this strange shield attacketh me"""
1238,3624,0,5,53,58,1.0862068965517242,0.03717555967998436,687,What can I say... Roan rage just took me over I guess!
1225,3624,1,3,54,58,1.0862068965517242,0.044575586536534074,687,Sorry that my lance is too short.
1197,3624,0,5,53,58,1.0862068965517242,0.03717555967998436,687,Insurance for what?
1141,3624,1,3,54,58,1.0862068965517242,0.044575586536534074,687,"HA! I have stabbed thy 'car door'!""
""Sir, I need you to get off the horse please."
1100,3624,0,5,53,58,1.0862068965517242,0.03717555967998436,687,"I’m sorry officer, I think my brakes failed"
1069,3624,0,5,53,58,1.0862068965517242,0.03717555967998436,687,I captured his Knight Rider with my move to E3 on that giant chess board
990,3624,1,3,54,58,1.0862068965517242,0.044575586536534074,687,Would you please take this car door off my lance.  It.1.1575680860.1575680770.edaa3584-18a1-4122-9b06-7a54ea741094
955,3624,0,5,53,58,1.0862068965517242,0.03717555967998436,687,"So, about the registration..."
1446,3624,1,3,54,58,1.0862068965517242,0.044575586536534074,687,"Yeah, but if I hadn't been speeding, I'd have skewered the idiot who threw this door open right in front of me!"
2963,3726,1,3,55,59,1.0847457627118644,0.0438379113795422,687,"Officer, It’s not my fault.... they blocked the box"
3855,3726,1,3,55,59,1.0847457627118644,0.0438379113795422,687,I was expecting the Dutch Reach.
3135,3726,0,5,54,59,1.0847457627118644,0.03656923485905472,687,That's nothing. He ran through a red light.
2992,3726,0,5,54,59,1.0847457627118644,0.03656923485905472,687,"It refused to grant my right of way.”
Don Dechman, Austin, T"
2484,3726,0,5,54,59,1.0847457627118644,0.03656923485905472,687,I saw this attacking a dancer so I lanced it.
2025,3726,0,5,54,59,1.0847457627118644,0.03656923485905472,687,"Giddyap, horsey!!"
2227,3726,1,3,55,59,1.0847457627118644,0.0438379113795422,687,I’ll put out an all points bulletin to be on the lookout for a one door car.
1889,3726,0,5,54,59,1.0847457627118644,0.03656923485905472,687,I honestly thought it was a giant
574,3726,0,5,54,59,1.0847457627118644,0.03656923485905472,687,Perhaps we’re following different codes.
2300,3726,0,5,54,59,1.0847457627118644,0.03656923485905472,687,The maniac didn't even bother to use his turn signal.
2509,3736,0,4,51,55,1.0727272727272728,0.03533910239300183,687,"No, it's just a visual reminder to stay out of my lane.."
2515,3736,0,4,51,55,1.0727272727272728,0.03533910239300183,687,"You said, ""Give me the fax - just the fax"""
2526,3736,0,4,51,55,1.0727272727272728,0.03533910239300183,687,"I swear, we were only practicing our Terre à Terre!"
2532,3736,0,4,51,55,1.0727272727272728,0.03533910239300183,687,These jousting lanes just aren't safe.
2536,3736,0,4,51,55,1.0727272727272728,0.03533910239300183,687,But he waved me through.
2562,3736,0,4,51,55,1.0727272727272728,0.03533910239300183,687,I swear he came out of nowhere.
2617,3736,0,4,51,55,1.0727272727272728,0.03533910239300183,687,"You see, my spouse ousted me for a faustian bargain made jousting with Justin Bieber, which roust my wife, doused my marriage, arousing my ire. So, I tried to joust with my wife's tires to demount her, but I missed, causing this rout... simply put."
2697,3736,0,4,51,55,1.0727272727272728,0.03533910239300183,687,"A very unusual shield, don't you think?"
2710,3736,0,4,51,55,1.0727272727272728,0.03533910239300183,687,"Well, officer, I know you have heard of road rage, now this is an example of joust rage, as this vehicle clearly does not fit in with the Renaissance Fair ""Middle Ages"" theme."
2715,3736,0,4,51,55,1.0727272727272728,0.03533910239300183,687,A Knight’s Fee for travel on such dangerous trails.
2766,3736,0,4,51,55,1.0727272727272728,0.03533910239300183,687,"I don't take checks, but you can Venmo me for ""slaying the beast."""
2801,3736,1,2,52,55,1.0727272727272728,0.04384350386709234,687,"A clear case of dooring, officer."
2806,3736,0,4,51,55,1.0727272727272728,0.03533910239300183,687,Slow down — and start with the century.
2828,3736,0,4,51,55,1.0727272727272728,0.03533910239300183,687,Behold...a horse without blinders.
2872,3736,0,4,51,55,1.0727272727272728,0.03533910239300183,687,Things were going swimmingly until about 9 o'clock this morning.
2884,3736,0,4,51,55,1.0727272727272728,0.03533910239300183,687,"Perhaps, I  mistook the parking lot for a jousting course."
2906,3736,0,4,51,55,1.0727272727272728,0.03533910239300183,687,Now when dispatch said there'd been an accident involving a Mitsubishi Lancer....
2914,3736,0,4,51,55,1.0727272727272728,0.03533910239300183,687,"But officer,I was in the joust lane and he doored me.!"
2964,3736,0,4,51,55,1.0727272727272728,0.03533910239300183,687,The crime is carpooling in the Second Degree.
2983,3736,0,4,51,55,1.0727272727272728,0.03533910239300183,687,Whaddya mean I can't lance in a lot?
2717,3736,0,4,51,55,1.0727272727272728,0.03533910239300183,687,"But we were challenged by some guy 
in a motorized Mustang"
2499,3736,0,4,51,55,1.0727272727272728,0.03533910239300183,687,"Excuse me officer, I don't know what the issue is here, but this is my dinner, and I have a deadline to meet"
2465,3736,0,4,51,55,1.0727272727272728,0.03533910239300183,687,"Some guy said, “ Hey Armor All guy, do my Charger.”"
2460,3736,0,4,51,55,1.0727272727272728,0.03533910239300183,687,"Okay, Sarge, maybe I should’ve just written him a ticket."
2993,3736,1,2,52,55,1.0727272727272728,0.04384350386709234,687,"Noble squire, I apologise for breaking your Honda Civic."
1930,3736,0,4,51,55,1.0727272727272728,0.03533910239300183,687,Musk told me to.
1956,3736,0,4,51,55,1.0727272727272728,0.03533910239300183,687,"It was not 'road rage,' officer--It was Honor Rage!"
2005,3736,0,4,51,55,1.0727272727272728,0.03533910239300183,687,Officer please don't ticket -we were so close to finding the golden car grille
2060,3736,0,4,51,55,1.0727272727272728,0.03533910239300183,687,That's what I get for jousting with a Honda.
2083,3736,1,2,52,55,1.0727272727272728,0.04384350386709234,687,"Darn this early onset Dimentia, I was sure it was another guy on a horse!"
2101,3736,1,2,52,55,1.0727272727272728,0.04384350386709234,687,...But my opponent spruiked thine horse's power!
2109,3736,0,4,51,55,1.0727272727272728,0.03533910239300183,687,Do you know how fast you were galloping?
2112,3736,0,4,51,55,1.0727272727272728,0.03533910239300183,687,"I was in the bike lane, officer."
2495,3736,1,2,52,55,1.0727272727272728,0.04384350386709234,687,"Constable, tell Hizzoner I caught the rascal on 14th Street."""
2119,3736,0,4,51,55,1.0727272727272728,0.03533910239300183,687,From a distance it looked like a windmill. Sue me.
2200,3736,0,4,51,55,1.0727272727272728,0.03533910239300183,687,It was supposed to be stainless!
2210,3736,0,4,51,55,1.0727272727272728,0.03533910239300183,687,"Tilt at windmills, not windows next time"
2317,3736,0,4,51,55,1.0727272727272728,0.03533910239300183,687,"Officer, taxi travel was just simply too slow in this holiday traffic, traveling by horse is much quicker. The taxi drove away and my foil foiled the driver's day for sure."
2408,3736,0,4,51,55,1.0727272727272728,0.03533910239300183,687,Never joust with an Uber driver?
2434,3736,0,4,51,55,1.0727272727272728,0.03533910239300183,687,You're giving me a ticket just for jousting with cars? It's not like anyone actually got hurt.
2449,3736,1,2,52,55,1.0727272727272728,0.04384350386709234,687,"Soldier: I have to report this situation officer. These shields are penetrable in one go. Would you mind changing them? Are we not living in modern world, better solution?
Officer (Thinking): Oh Tesla! Not in front of the medieval soldier."
2451,3736,0,4,51,55,1.0727272727272728,0.03533910239300183,687,This shield  was proved weak a long time ago
1896,3736,1,2,52,55,1.0727272727272728,0.04384350386709234,687,"With all due respect constable, this is how we signal a right hand turn where I come from"
2459,3736,1,2,52,55,1.0727272727272728,0.04384350386709234,687,"To be fair, my liege, it WAS a Cybertruck."
2170,3736,0,4,51,55,1.0727272727272728,0.03533910239300183,687,"He pulled right in front of me, and I couldn't stop!"
3001,3736,0,4,51,55,1.0727272727272728,0.03533910239300183,687,Herbie challenged me to a duel. What was I supposed to do?
3680,3736,0,4,51,55,1.0727272727272728,0.03533910239300183,687,"Now wait joust a minute, mistah!"
3027,3736,0,4,51,55,1.0727272727272728,0.03533910239300183,687,"DQ'ed, the tournament rules specifically stated to hit in the armoured sections only"
3643,3736,0,4,51,55,1.0727272727272728,0.03533910239300183,687,"Good sir, I was attempting to secure a parking place for my noble steed."
3658,3736,1,2,52,55,1.0727272727272728,0.04384350386709234,687,She's lucky I just skewered her car door and not her. Haha Can I still say that in 2019? Anyways people gotta look for traffic before they open their car doors.
3690,3736,0,4,51,55,1.0727272727272728,0.03533910239300183,687,It was a game of checkers.
3695,3736,0,4,51,55,1.0727272727272728,0.03533910239300183,687,Sorry I  thought it was ny new armor.
3697,3736,0,4,51,55,1.0727272727272728,0.03533910239300183,687,Did you ticket that Quixote guy?
3704,3736,0,4,51,55,1.0727272727272728,0.03533910239300183,687,These new horses don’t have as much agility as they used to.
3715,3736,0,4,51,55,1.0727272727272728,0.03533910239300183,687,‘’Twas no match for my horse power!
3716,3736,0,4,51,55,1.0727272727272728,0.03533910239300183,687,I can't stand the knight shift.
3719,3736,0,4,51,55,1.0727272727272728,0.03533910239300183,687,I seek the Holey Rally Sport
3623,3736,0,4,51,55,1.0727272727272728,0.03533910239300183,687,I swear he came out of nowhere Officer.
3735,3736,0,4,51,55,1.0727272727272728,0.03533910239300183,687,Don't be a sore loser.
3782,3736,0,4,51,55,1.0727272727272728,0.03533910239300183,687,The car had tilt steering
3786,3736,0,4,51,55,1.0727272727272728,0.03533910239300183,687,"I didn't think my new 3D printer would actually create a Policeman!"" 
""Sir, you're under arrest.""
Callum Rolfe, London, U"
3878,3736,1,2,52,55,1.0727272727272728,0.04384350386709234,687,Unexplainable sudden satay craving.
3948,3736,0,4,51,55,1.0727272727272728,0.03533910239300183,687,"Officer, don't consider this a bribe..."
3902,3736,1,2,52,55,1.0727272727272728,0.04384350386709234,687,"I told him to stop, but no he wouldn't."
3920,3736,0,4,51,55,1.0727272727272728,0.03533910239300183,687,Blame it on the window -- I saw another knight charging us.
3921,3736,0,4,51,55,1.0727272727272728,0.03533910239300183,687,I blew his doors off!
3928,3736,0,4,51,55,1.0727272727272728,0.03533910239300183,687,"Yes officer Donkeydoor.com, We are carbon neutral, running off only organic renewable energy, 100% sustainable and free next door delivery.  And by the way it is “fake news”  about the whole methane emissions issue!"
1891,3736,0,4,51,55,1.0727272727272728,0.03533910239300183,687,"There,  The printer is not mightier than the lance."
3777,3736,0,4,51,55,1.0727272727272728,0.03533910239300183,687,Are you sure you want to write me a ticket?
3586,3736,1,2,52,55,1.0727272727272728,0.04384350386709234,687,I'm citing you for knight driving without headlights.
3582,3736,0,4,51,55,1.0727272727272728,0.03533910239300183,687,"Officer, I swear this isn't appropriation — my ancestors were the OG free lancers!"
3548,3736,0,4,51,55,1.0727272727272728,0.03533910239300183,687,Don't call it a 'Palisade' if it can't stand up to a mounted assault.
3043,3736,1,2,52,55,1.0727272727272728,0.04384350386709234,687,"Snagged a Renaissance Fair prize
It was so intense
I have no idea 
Where I lost my license."
3084,3736,1,2,52,55,1.0727272727272728,0.04384350386709234,687,So then this palooka turned without signalling
3107,3736,0,4,51,55,1.0727272727272728,0.03533910239300183,687,"But officer, why was Hillary at the corner?"
3128,3736,1,2,52,55,1.0727272727272728,0.04384350386709234,687,"The guy was riding a Mustang! What did you expect, officer?!"
3141,3736,0,4,51,55,1.0727272727272728,0.03533910239300183,687,"A left turn onto a one way street, a citizen's arrest and now-finally--a ticket.  Thank you officer."
3144,3736,1,2,52,55,1.0727272727272728,0.04384350386709234,687,I had to defend my family colors of black and yellow!
3146,3736,0,4,51,55,1.0727272727272728,0.03533910239300183,687,It all started when he said my horse's armor must've been stolen from TGIFriday's.
3173,3736,0,4,51,55,1.0727272727272728,0.03533910239300183,687,He made a left turn from the right lane and I had to show him that it was dangerous
3177,3736,0,4,51,55,1.0727272727272728,0.03533910239300183,687,So...Am I going to get a ticket?
3184,3736,0,4,51,55,1.0727272727272728,0.03533910239300183,687,At least they didn’t break the window.
3215,3736,0,4,51,55,1.0727272727272728,0.03533910239300183,687,"I don’t care if the window tinting “violateth code,” I’m still citing you for operating an eight-foot spear in a six-foot zone."
3251,3736,0,4,51,55,1.0727272727272728,0.03533910239300183,687,I am in Uber night officer !
3265,3736,1,2,52,55,1.0727272727272728,0.04384350386709234,687,"I,m actually conducting testing for the new Tesla lineup."
3274,3736,0,4,51,55,1.0727272727272728,0.03533910239300183,687,"Hark, thine noble kingsman-of-the-sheriff-guild, doth not thine degree of law, which thou doth do portend to enforce, sayeth thou can standeth thine own ground, sayest it not, pray-tell?"
3377,3736,0,4,51,55,1.0727272727272728,0.03533910239300183,687,Since when it is illegal to use the right equipment to take advantage of the holiday door crasher specials.
3392,3736,0,4,51,55,1.0727272727272728,0.03533910239300183,687,He shouldn't have been hiding in the car.
3405,3736,0,4,51,55,1.0727272727272728,0.03533910239300183,687,"Well Officer, I was in the bike lane...."
3406,3736,0,4,51,55,1.0727272727272728,0.03533910239300183,687,I swore to gore the door.
3425,3736,0,4,51,55,1.0727272727272728,0.03533910239300183,687,"Sorry Officer but whan that Aprille with it's Shoures in soote, the drought of march hath perced the Kia Telluride."
3430,3736,0,4,51,55,1.0727272727272728,0.03533910239300183,687,IT IS NOW A  THREE DOOR SEDAN
3453,3736,0,4,51,55,1.0727272727272728,0.03533910239300183,687,"Verily,it was a Charger, not a Destrier"
3017,3736,0,4,51,55,1.0727272727272728,0.03533910239300183,687,So I'm just galloping along on my way to the annual jousting festival when this guy suddenly opens his car door without looking in the side mirror...
1886,3736,0,4,51,55,1.0727272727272728,0.03533910239300183,687,There's no way this was a moving violation!
64,3736,0,4,51,55,1.0727272727272728,0.03533910239300183,687,We ran a light.
1838,3736,0,4,51,55,1.0727272727272728,0.03533910239300183,687,OK. I won't ride on the sidewalk again.
509,3736,0,4,51,55,1.0727272727272728,0.03533910239300183,687,"You call this a moving violation?? Surely you joust, sir! I'm merely scrapping this for replacement armor!"
523,3736,0,4,51,55,1.0727272727272728,0.03533910239300183,687,There's no parking at knight.
536,3736,1,2,52,55,1.0727272727272728,0.04384350386709234,687,I could not help myself! He was riding a Mustang.
555,3736,0,4,51,55,1.0727272727272728,0.03533910239300183,687,You may address me as RFRD2017Volvo.
562,3736,0,4,51,55,1.0727272727272728,0.03533910239300183,687,‘I do it to reassure Blaze. She has anxiety issues
587,3736,0,4,51,55,1.0727272727272728,0.03533910239300183,687,"Sorry. Did I just vandalize your car?"" ""No, I'm just looking for ideas."""
600,3736,1,2,52,55,1.0727272727272728,0.04384350386709234,687,"I have a profound passion for my work, officer."
634,3736,0,4,51,55,1.0727272727272728,0.03533910239300183,687,My charger bested his charger.
668,3736,0,4,51,55,1.0727272727272728,0.03533910239300183,687,"It’s not my fault officer, I got doored."
498,3736,1,2,52,55,1.0727272727272728,0.04384350386709234,687,At least Don Quijote had home insurance.
723,3736,1,2,52,55,1.0727272727272728,0.04384350386709234,687,The car driver is receiving a ticket for opening the door without looking in the rear mirror first.
808,3736,1,2,52,55,1.0727272727272728,0.04384350386709234,687,He opened his door and I was in the bike lane.
835,3736,0,4,51,55,1.0727272727272728,0.03533910239300183,687,"But officer, i was expecting someone from your mounted patrol when instead this patrol car came charging at me"
838,3736,2,0,53,55,1.0727272727272728,0.0509475564158323,687,"C'mmon, wake up, it's the 15th century...have you heard of emails?"
849,3736,0,4,51,55,1.0727272727272728,0.03533910239300183,687,"It was ""Blocking the Box"", Officer."
886,3736,0,4,51,55,1.0727272727272728,0.03533910239300183,687,"Tell it to the judge, Sir Lance a Fiat."
905,3736,0,4,51,55,1.0727272727272728,0.03533910239300183,687,"I proclaim thee Sir Jack Mehoff, and I present you with your very own Glory Hole."
913,3736,0,4,51,55,1.0727272727272728,0.03533910239300183,687,I know it is a moving violation but it just presented itself.
920,3736,0,4,51,55,1.0727272727272728,0.03533910239300183,687,Ofcourse he crashed. I attacked from the backside.
970,3736,0,4,51,55,1.0727272727272728,0.03533910239300183,687,"Where I. One from, shields are a lot tougher"
801,3736,0,4,51,55,1.0727272727272728,0.03533910239300183,687,Just think I could have gotten my finger caught in  the door instead of my thingie
971,3736,0,4,51,55,1.0727272727272728,0.03533910239300183,687,"I offer this crown of roses, my fair maiden.  Will you favor me as your betrothed?"
494,3736,0,4,51,55,1.0727272727272728,0.03533910239300183,687,"I saw an attacker in, I guess, the car window. How can you ticket me for defending myself!"
488,3736,0,4,51,55,1.0727272727272728,0.03533910239300183,687,I’d say our horsepower was just about even.
1867,3736,0,4,51,55,1.0727272727272728,0.03533910239300183,687,I never get these New Yorker cartoons either.
7,3736,1,2,52,55,1.0727272727272728,0.04384350386709234,687,No hit and runneth was I party to
15,3736,1,2,52,55,1.0727272727272728,0.04384350386709234,687,They paid the list price.  They should have known better.
17,3736,0,4,51,55,1.0727272727272728,0.03533910239300183,687,"When a police officer tells you to stay in the car, you stay in the car."
45,3736,0,4,51,55,1.0727272727272728,0.03533910239300183,687,Why are you busting my chops? It was parked in the jousting lane.
127,3736,0,4,51,55,1.0727272727272728,0.03533910239300183,687,He wouldn’t take me to Brooklyn.
131,3736,1,2,52,55,1.0727272727272728,0.04384350386709234,687,I'm just as surprised as you are.
172,3736,0,4,51,55,1.0727272727272728,0.03533910239300183,687,THEN our checker board became a horse...
173,3736,0,4,51,55,1.0727272727272728,0.03533910239300183,687,Why would you do that.
489,3736,0,4,51,55,1.0727272727272728,0.03533910239300183,687,"Gimme a break Officer, this knight driving is like a stab in the dark!"
201,3736,0,4,51,55,1.0727272727272728,0.03533910239300183,687,"One-door, one-horsepower vehicles still need to indicate off a roundabout."
222,3736,0,4,51,55,1.0727272727272728,0.03533910239300183,687,I'd say it's from a 1985 Dodge Lancer.
247,3736,0,4,51,55,1.0727272727272728,0.03533910239300183,687,"But, I've qualified for the semi-finals!"
283,3736,0,4,51,55,1.0727272727272728,0.03533910239300183,687,No one asked me about 'stop and lance' before I was running.
320,3736,0,4,51,55,1.0727272727272728,0.03533910239300183,687,"Officer Sir, amid the thicket;  after charge, all I heard was stick it"
344,3736,0,4,51,55,1.0727272727272728,0.03533910239300183,687,"Officer, I'm not to blame if  Tesla doesn't know the difference between an open lane and my dear Butterscotch."
383,3736,0,4,51,55,1.0727272727272728,0.03533910239300183,687,"I told the damn fool to bring his jousting steed, not the Mustang!"
439,3736,0,4,51,55,1.0727272727272728,0.03533910239300183,687,This is the foul weaponry of the four-wheeled warrior against the two-wheeled warrior and those walking.
443,3736,0,4,51,55,1.0727272727272728,0.03533910239300183,687,I told him it was my parking space.
448,3736,1,2,52,55,1.0727272727272728,0.04384350386709234,687,So its my fault he chose to parallel park along the jousting lane.
203,3736,1,2,52,55,1.0727272727272728,0.04384350386709234,687,"I don't care how sharp that thing appears, I'm still giving you a ticket."
973,3736,1,2,52,55,1.0727272727272728,0.04384350386709234,687,"It was a simple fender bender until..."" --Gerard Black Laurelton,        NY"
980,3736,0,4,51,55,1.0727272727272728,0.03533910239300183,687,I'm going to have to charge you with possession of an unregistered automatic.
1355,3736,0,4,51,55,1.0727272727272728,0.03533910239300183,687,"In my defense, he was blocking the box."
1358,3736,0,4,51,55,1.0727272727272728,0.03533910239300183,687,"No Constable, I do not have insurance."
1430,3736,0,4,51,55,1.0727272727272728,0.03533910239300183,687,"Officer,I was going to the Medieval Fair but ended up at Nascar."
1451,3736,0,4,51,55,1.0727272727272728,0.03533910239300183,687,The label said it was a Charger.
1488,3736,0,4,51,55,1.0727272727272728,0.03533910239300183,687,So what if its the door from Knight Rider.
1567,3736,0,4,51,55,1.0727272727272728,0.03533910239300183,687,He aimed first!
1572,3736,0,4,51,55,1.0727272727272728,0.03533910239300183,687,David Hyde who?
1599,3736,0,4,51,55,1.0727272727272728,0.03533910239300183,687,"It's not my fault, officer. The car thought it could fly like Dumbo."
1605,3736,0,4,51,55,1.0727272727272728,0.03533910239300183,687,"Officer, I've got a costume party next Friday. There's been a promise of  fondu. How else can I practice?"
1617,3736,0,4,51,55,1.0727272727272728,0.03533910239300183,687,"Because that chariot most foule
wast made by the Chinee!"
1010,3736,0,4,51,55,1.0727272727272728,0.03533910239300183,687,Just testing Tesla's new product
1622,3736,0,4,51,55,1.0727272727272728,0.03533910239300183,687,I thought having a door would make it easier to get on the horse.
1661,3736,0,4,51,55,1.0727272727272728,0.03533910239300183,687,"In the olden days we would burn women like you at the stake, you should be happy with a fine that will put you and your kids out of your home, that what you get for not conforming."
1666,3736,0,4,51,55,1.0727272727272728,0.03533910239300183,687,He was parked in the bike lane.
1674,3736,0,4,51,55,1.0727272727272728,0.03533910239300183,687,"So, you said  it was dark when the accident happened? Okay, knight rider."
1680,3736,0,4,51,55,1.0727272727272728,0.03533910239300183,687,I was hungry.  I thought it was a hot dog vendor.
1693,3736,0,4,51,55,1.0727272727272728,0.03533910239300183,687,"I forgot my keys in there, sire"
1715,3736,0,4,51,55,1.0727272727272728,0.03533910239300183,687,He was double-parked and opened it right in front of me. How is that my fault?
1726,3736,0,4,51,55,1.0727272727272728,0.03533910239300183,687,It was spinning like a windmill!
1728,3736,0,4,51,55,1.0727272727272728,0.03533910239300183,687,But I didn't know it was on the endangered species list.
1740,3736,0,4,51,55,1.0727272727272728,0.03533910239300183,687,"By natural law I shouldn't be able to hold this with one arm. The driver was honking at my pet aardvark and I wasn't having it! Have you seen my horse? Oh, wait, she's under me. So, how long have you worked at the mall?  Burp! I'm a knight!"
1629,3736,0,4,51,55,1.0727272727272728,0.03533910239300183,687,"'Twas a fair fight, sir. My steed against his Mustang!"
1745,3736,0,4,51,55,1.0727272727272728,0.03533910239300183,687,He came in sideways ... Not legal.
1353,3736,0,4,51,55,1.0727272727272728,0.03533910239300183,687,"The other Knight charged me on a steel horse, Officer!"
1307,3736,0,4,51,55,1.0727272727272728,0.03533910239300183,687,"Well, he was talking on his cell phone while driving."
1013,3736,0,4,51,55,1.0727272727272728,0.03533910239300183,687,"I was in the bike lane when he opened his door, officer."
1059,3736,1,2,52,55,1.0727272727272728,0.04384350386709234,687,I Triumphed over the Stag.
1061,3736,0,4,51,55,1.0727272727272728,0.03533910239300183,687,He didn't signal before making a right turn in front of the jousting lane. What was I supposed to do?
1074,3736,0,4,51,55,1.0727272727272728,0.03533910239300183,687,"So I told him, ""It's not my fault this armor plating is not original manufacturer's equipment."""
1083,3736,0,4,51,55,1.0727272727272728,0.03533910239300183,687,"Can I park in a Compact Car Only parking space, Now!"
1110,3736,1,2,52,55,1.0727272727272728,0.04384350386709234,687,I thought the price was just too good.
1134,3736,1,2,52,55,1.0727272727272728,0.04384350386709234,687,Seriously man? All because I forgot my cooler?
1137,3736,0,4,51,55,1.0727272727272728,0.03533910239300183,687,"Sir, please stop horsing around."
1140,3736,0,4,51,55,1.0727272727272728,0.03533910239300183,687,If you really wanted dead all I'd have to do is stop patrolling your neighbors
1334,3736,0,4,51,55,1.0727272727272728,0.03533910239300183,687,"Lancing and Registration, please."
1185,3736,0,4,51,55,1.0727272727272728,0.03533910239300183,687,"No, this is not my first head-on collision."
1232,3736,0,4,51,55,1.0727272727272728,0.03533910239300183,687,"I'm sorry sir, but this constitutes joust cause."
1239,3736,0,4,51,55,1.0727272727272728,0.03533910239300183,687,"Officer what can I say, the other guy didn’t have enough horse power”"
1267,3736,0,4,51,55,1.0727272727272728,0.03533910239300183,687,Why should I get the ticket? He's the one who lost the joust!
1271,3736,0,4,51,55,1.0727272727272728,0.03533910239300183,687,"Jouster: Tis but a scratch
Officer: A Scratch?! The door is off
Jouster: No it isn't"
1278,3736,0,4,51,55,1.0727272727272728,0.03533910239300183,687,"I'm from the Grand Dutchy of Fenwick, and claim knightly immunity."
1286,3736,0,4,51,55,1.0727272727272728,0.03533910239300183,687,I'm just trying to find Baby Yoda
1291,3736,0,4,51,55,1.0727272727272728,0.03533910239300183,687,"First, he was driving in the Knight Lane, and second, he wouldn’t let me pass him."
1293,3736,0,4,51,55,1.0727272727272728,0.03533910239300183,687,"Officer, the car model was a Lancer. Appropriate don't you think: ""a lance for a Lancer!"""
1305,3736,0,4,51,55,1.0727272727272728,0.03533910239300183,687,It's just a little token for Dulcinea.
1207,3736,1,2,52,55,1.0727272727272728,0.04384350386709234,687,"Yes, ""Tilting at Toyotas"" is a catchy name for it but it's still illegal."
1769,3736,0,4,51,55,1.0727272727272728,0.03533910239300183,687,He was in the horse lane.
3652,3927,0,4,52,56,1.0714285714285714,0.03472660248602838,687,But he flung his door open into the traffic lane.
3725,3927,0,4,52,56,1.0714285714285714,0.03472660248602838,687,"Officer, prithee forgive mine steed; the door were in its horse-blinders spot."
3269,3927,0,4,52,56,1.0714285714285714,0.03472660248602838,687,Another drive by knight disaster averted.
4013,3927,1,2,53,56,1.0714285714285714,0.04307304922539478,687,"I caught this perp fire-breathing on a public road, sarge."
2166,3927,0,4,52,56,1.0714285714285714,0.03472660248602838,687,I'm sorry officer. My ride turned left on red.
3112,3927,0,4,52,56,1.0714285714285714,0.03472660248602838,687,Is it really a crime to hunt for human food?
1565,3927,0,4,52,56,1.0714285714285714,0.03472660248602838,687,"A 2000 Mitsubishi Lancer,huh? They were turbocharged but still slow by today's standards."
3,3934,1,2,54,57,1.0701754385964912,0.04232918735352016,687,"<< #quotes 4h _
& ibrar_writes

Insta « @ibrar_writes"
1593,3934,0,4,53,57,1.0701754385964912,0.034134933513474304,687,"Officer, are you sure about a poking ticket?"
2131,3934,0,4,53,57,1.0701754385964912,0.034134933513474304,687,"Was it a little much? Sure, but it was completely joust-ified."
3705,3934,0,4,53,57,1.0701754385964912,0.034134933513474304,687,Write me an indulgence and we' re square.
3838,3934,0,4,53,57,1.0701754385964912,0.034134933513474304,687,"Surely, you joust. I overshot the renaissance fair parking lot."
4005,3934,0,4,53,57,1.0701754385964912,0.034134933513474304,687,"Then my instincts took over; otherwise, I’d have been door prized."
1434,3940,0,4,54,58,1.0689655172413792,0.033563052647743945,687,I was joust trying to open my car door officer.
2672,3941,0,3,49,52,1.0576923076923077,0.032649026447198685,687,It's a Lancia Flaminia. It issued a challenge.
1656,3941,1,1,50,52,1.0576923076923077,0.042662709019953504,687,They're the ones who opened the door into *my* lance.
1949,3941,0,3,49,52,1.0576923076923077,0.032649026447198685,687,"Thanks officer for just giving me a warning citation, that's what it was!"
2019,3941,0,3,49,52,1.0576923076923077,0.032649026447198685,687,"My horse saw a Mustang, got agitated, and you are looking at the result."
3773,3941,0,3,49,52,1.0576923076923077,0.032649026447198685,687,It was a token.
3522,3941,0,3,49,52,1.0576923076923077,0.032649026447198685,687,"I promise, no more Red bull for her'"
1647,3941,0,3,49,52,1.0576923076923077,0.032649026447198685,687,It's the side armor of the compact cavalry
3294,3941,0,3,49,52,1.0576923076923077,0.032649026447198685,687,"I am sorry, sir, but there is no overknight parking for you."
1596,3941,0,3,49,52,1.0576923076923077,0.032649026447198685,687,"I know, I know: I should have waited for a hansom cab."
2178,3941,0,3,49,52,1.0576923076923077,0.032649026447198685,687,"Sir, I was told to spear the Mustang, or was it the Cougar - or perhaps the Jaguar, and I was just following orders."
1261,3941,1,1,50,52,1.0576923076923077,0.042662709019953504,687,"It's a clue. The bank robbers fled in a nondescript, 3-door sedan."""
1009,3941,0,3,49,52,1.0576923076923077,0.032649026447198685,687,"I swear, he was the fastest on all fours!"
635,3941,0,3,49,52,1.0576923076923077,0.032649026447198685,687,"But sir, they refused to yield."
519,3941,0,3,49,52,1.0576923076923077,0.032649026447198685,687,They don’t make em like they used to.
424,3941,1,1,50,52,1.0576923076923077,0.042662709019953504,687,It's not like I was driving and texting -- can't you give me a break?
1570,3941,0,3,49,52,1.0576923076923077,0.032649026447198685,687,I think this would fall under the tenth rule of jousting.
378,3941,1,1,50,52,1.0576923076923077,0.042662709019953504,687,Your next engagement will be for a different Court.
311,3941,0,3,49,52,1.0576923076923077,0.032649026447198685,687,"Officer, I went right through it to get it to you!"
243,3941,0,3,49,52,1.0576923076923077,0.032649026447198685,687,"It was a Plymouth Lancer officer, going about forty, south on High street."
53,3941,0,3,49,52,1.0576923076923077,0.032649026447198685,687,"Well I would've caught the jeep, but it was going too fast."
3990,3961,0,3,50,53,1.0566037735849056,0.03204557643805459,687,"My old horse thinks I joust at Windstars, so for his sake, I must."
1759,3962,0,3,52,55,1.0545454545454545,0.030903148567228995,687,The auto was a Mitsubishi Lancer. I reside in Brooklyn.
13,3963,0,2,46,48,1.0416666666666667,0.029147663515556005,687,"I'm sorry sir, but the challenger paid no heed to oncoming traffic."
591,3963,0,2,46,48,1.0416666666666667,0.029147663515556005,687,What's alternate side of the street jousting?
2650,3965,0,2,47,49,1.0408163265306123,0.028559278271677983,687,"Well, in my defense, the other car was a Mustang."
2645,3965,0,2,47,49,1.0408163265306123,0.028559278271677983,687,I thought it was a jaguar...
2662,3965,0,2,47,49,1.0408163265306123,0.028559278271677983,687,"In case it gets hot, I can roll down the window."
2913,3965,0,2,47,49,1.0408163265306123,0.028559278271677983,687,The open door saved my adversary!
2970,3965,0,2,47,49,1.0408163265306123,0.028559278271677983,687,"This is how you get medieval on illegal parkers."""
3190,3965,0,2,47,49,1.0408163265306123,0.028559278271677983,687,Sorry sir  you are a car and I have to give you a fine ..
3366,3965,0,2,47,49,1.0408163265306123,0.028559278271677983,687,"Aww, give me a break: I was just ""jousting""."
3390,3965,0,2,47,49,1.0408163265306123,0.028559278271677983,687,He was coming straight for me
3757,3965,0,2,47,49,1.0408163265306123,0.028559278271677983,687,I  don’t have a license
3418,3965,0,2,47,49,1.0408163265306123,0.028559278271677983,687,Doth thee knoweth how longeth t doth take to stand ho a charg'r
3515,3965,1,0,48,49,1.0408163265306123,0.04081632653061223,687,"Depending on the coverage you carry on your policy, your auto insurance couldn't be suitable for all types of punctures."
3538,3965,1,0,48,49,1.0408163265306123,0.04081632653061223,687,I guess we just had more horsepower.
3683,3965,0,2,47,49,1.0408163265306123,0.028559278271677983,687,Think this fits an old Lancer?
3714,3965,0,2,47,49,1.0408163265306123,0.028559278271677983,687,"The knave said t'was a ""Dodge"" charger."
3807,3965,0,2,47,49,1.0408163265306123,0.028559278271677983,687,"Road rage... small Prius with a door missing.... Pray tell, what is a Prius?"
2567,3965,0,2,47,49,1.0408163265306123,0.028559278271677983,687,I told him to stay in the car but for some reason he didn't take me seriously.
3403,3965,0,2,47,49,1.0408163265306123,0.028559278271677983,687,It's from a McCune car in the Moscone loading dock - the scabs!!!
4021,3965,0,2,47,49,1.0408163265306123,0.028559278271677983,687,I joust a door
2494,3965,0,2,47,49,1.0408163265306123,0.028559278271677983,687,"My take on the Grand Slam, offficer."
2420,3965,0,2,47,49,1.0408163265306123,0.028559278271677983,687,"Sir, it’s a No-Fault Law, not Pole-Vault."
2539,3965,0,2,47,49,1.0408163265306123,0.028559278271677983,687,What’s fine for jousting a vehicle.
5,3965,0,2,47,49,1.0408163265306123,0.028559278271677983,687,"«« — #quotes 5h
ec) a

'NON
SCORAGGIATEVI.

E SPESSO L’ULTIMA
CHIAVE QUELLA
CHE APRE LA
SERRATURA'

PAULO COELHO"
152,3965,0,2,47,49,1.0408163265306123,0.028559278271677983,687,"Is it 'litter' if it's still connected to the machine?
That idiot sure thought it so."
345,3965,0,2,47,49,1.0408163265306123,0.028559278271677983,687,My name is Lancelot and I'm pretty sharp.
407,3965,0,2,47,49,1.0408163265306123,0.028559278271677983,687,I think I lost my garter in the drink cup.
473,3965,0,2,47,49,1.0408163265306123,0.028559278271677983,687,You've got to stop racing down the bicycle paths!
761,3965,0,2,47,49,1.0408163265306123,0.028559278271677983,687,1985 Dodge Lancer I believe.
852,3965,1,0,48,49,1.0408163265306123,0.04081632653061223,687,"Sorry officer, I am still not used with the priority."
663,3965,0,2,47,49,1.0408163265306123,0.028559278271677983,687,I jousted too quickly -what with all the trees in Central Park it's sometimes hard to distinguish a knight and horse from a car.
1047,3965,0,2,47,49,1.0408163265306123,0.028559278271677983,687,"Well officer, it was like this. I was at an intersection and he pulls up besides me, revs his engine and asks me if I want to go."
1213,3965,0,2,47,49,1.0408163265306123,0.028559278271677983,687,"It could have been worse, officer. She’s only rated at one horsepower.”"
1216,3965,0,2,47,49,1.0408163265306123,0.028559278271677983,687,But he didn't use his turn signal.
1235,3965,1,0,48,49,1.0408163265306123,0.04081632653061223,687,"It's mine! I just got ticked-off because it wouldn't print."""
1742,3965,0,2,47,49,1.0408163265306123,0.028559278271677983,687,Did you have your right turn signal blinker on?
1841,3965,0,2,47,49,1.0408163265306123,0.028559278271677983,687,He was bragging about horsepower.
2239,3965,0,2,47,49,1.0408163265306123,0.028559278271677983,687,I'm not a fan of this new 'shield' rule.
1027,3965,0,2,47,49,1.0408163265306123,0.028559278271677983,687,Talk to Farmer
2895,4002,0,1,44,45,1.0222222222222221,0.022473328748774737,687,That's a big barbecue..have fun!
3681,4002,0,1,44,45,1.0222222222222221,0.022473328748774737,687,You get to wear your little costume everyday. Those of us in the evidence room only get one day a year to shine...I make sure it counts!
3504,4002,0,1,44,45,1.0222222222222221,0.022473328748774737,687,Show our License and proof of insurance
3318,4002,0,1,44,45,1.0222222222222221,0.022473328748774737,687,"It's still your fault, as you don't have taxi license."
2783,4002,0,1,44,45,1.0222222222222221,0.022473328748774737,687,My steed is evidently color blind.
3129,4002,0,1,44,45,1.0222222222222221,0.022473328748774737,687,What?! I had the right of way and he had like 3 H.O.V. dummies!
1946,4002,0,1,44,45,1.0222222222222221,0.022473328748774737,687,"Indeed, kind Sir.  Your carriage stuck this tongue out at me first."
1853,4002,0,1,44,45,1.0222222222222221,0.022473328748774737,687,He participated by fax
623,4002,0,1,44,45,1.0222222222222221,0.022473328748774737,687,I was only going 20 miles per hour.
452,4002,0,1,44,45,1.0222222222222221,0.022473328748774737,687,"If I'd been on a bicycle,I would have been killed If I'd been on a bicycle, I would have been killed."
2780,4002,0,1,44,45,1.0222222222222221,0.022473328748774737,687,"The driver failed to employ the Dutch Reach, but I was ready."
3671,4013,0,1,45,46,1.0217391304347827,0.021979349113192898,687,"The stable crew is working on a new directional signal
Frank Buckley Andover, MA"
3668,4013,0,1,45,46,1.0217391304347827,0.021979349113192898,687,how many times do we have to tell you that even though you work at medival times doesn
3364,4013,0,1,45,46,1.0217391304347827,0.021979349113192898,687,I guess the hat came over my eyes and I obviously did see see clearly!
3261,4013,0,1,45,46,1.0217391304347827,0.021979349113192898,687,"I am positive, officer. There is no law against riding a horse while under the influence."
2935,4013,0,1,45,46,1.0217391304347827,0.021979349113192898,687,"He cut in front of me.""  Michael Sivak, Ann Arbor, M"
2812,4013,0,1,45,46,1.0217391304347827,0.021979349113192898,687,"Have ever considered ""verbal Jousting""."
2778,4013,0,1,45,46,1.0217391304347827,0.021979349113192898,687,"Lancer or Dodger, either I won the race."
2481,4013,0,1,45,46,1.0217391304347827,0.021979349113192898,687,"It's cool, the driver was black!"
2291,4013,0,1,45,46,1.0217391304347827,0.021979349113192898,687,"It was self-defense, Officer. What would you do if you saw a guy on a horse charging you?"
1811,4013,0,1,45,46,1.0217391304347827,0.021979349113192898,687,"When the guy told me that he joust me with his bronco, didn't think he meant this."
1458,4013,0,1,45,46,1.0217391304347827,0.021979349113192898,687,I tried to make a citizen’s arrest but he got away.
1350,4013,0,1,45,46,1.0217391304347827,0.021979349113192898,687,No bull.
1165,4013,0,1,45,46,1.0217391304347827,0.021979349113192898,687,Twenty first century jousting - horse vs Ferrari “.
1032,4013,0,1,45,46,1.0217391304347827,0.021979349113192898,687,"Honest, officer! -- the car was going more slowly than I was on 2nd Avenue!"
995,4013,0,1,45,46,1.0217391304347827,0.021979349113192898,687,The spectators have run away.
167,4013,0,1,45,46,1.0217391304347827,0.021979349113192898,687,I am questing for the 'hole'y car door.
153,4013,0,1,45,46,1.0217391304347827,0.021979349113192898,687,A perfect left front. Sir.
31,4013,0,1,45,46,1.0217391304347827,0.021979349113192898,687,"His last word? ""Doored"". Then he bled to death."
1,4013,0,1,45,46,1.0217391304347827,0.021979349113192898,687,"STARVE YOUR DISTRACTIONS

FEED YOUR FOCUS"
3765,4013,0,1,45,46,1.0217391304347827,0.021979349113192898,687,A damsel  told me this was an evil machine. A letter of thanks from you Good Knight is not necessary.
1493,4013,0,1,45,46,1.0217391304347827,0.021979349113192898,687,It's a Plymouth Lancer!
3938,4013,0,1,45,46,1.0217391304347827,0.021979349113192898,687,I may have misunderstood when they said it created too much smoke.
