target_id,rank,funny,somewhat_funny,unfunny,count,score,precision,contest,caption
27,1,8966,9051,5786,23803,2.133596605469899,0.005028720803501424,689,Going up?
4070,2,7189,6928,6241,20358,2.0465664603595637,0.005683274263406667,689,"Sir, I believe the announcement was actually 'prepare for lunch.'"
2795,3,6466,7572,6442,20480,2.001171875,0.005547657694404116,689,"Go ahead, it's just one small step."
312,4,5580,6732,5696,18008,1.9935584184806752,0.005896709327807575,689,Shall I call you a shuttle?
3924,5,6067,4445,6550,17062,1.9716914781385535,0.006579992394433288,689,This is Trump Tower—we are all going down.
1431,6,5364,6194,5916,17474,1.968410209454046,0.006073495326520003,689,"Sir, I have a feeling you’re at the wrong Kennedy center..."
1216,7,2709,4351,3047,10107,1.9665578312060947,0.007499507894144228,689,"I can only get you to the penthouse. After that, you’re on your own."
946,8,3035,5291,3914,12240,1.928186274509804,0.006779784881992549,689,Can I assume you’re going to the launch party?
1109,9,3376,4916,4836,13128,1.88878732480195,0.0068344869562302155,689,"Yeah sure. 10, 9, 8, 7..."
4636,10,3653,4023,5098,12774,1.8868795991858462,0.00725478423026974,689,I know you’re in there Mrs. Nusbaum and I still expect my Christmas bonus.
3407,11,4130,5504,6032,15666,1.8785905783224819,0.006361418444188297,689,"Look buddy, small step, giant leap, either way - it's the 5th floor."
3319,12,2217,3316,3314,8847,1.8760031649146602,0.008302774753984062,689,Well maybe she misunderstood when you said you needed space.
324,13,2206,3552,3360,9118,1.8734371572713315,0.008074613205220254,689,The Apollo? It’s two blocks down on the right.
3904,14,2974,3856,4602,11432,1.857592722183345,0.007496661006182678,689,"If you're searching for intelligent life, try another building."
418,15,1062,1762,1814,4638,1.8378611470461406,0.011316280187918701,689,"And please stop calling me ""Houston."""
534,16,2570,3940,4425,10935,1.8303612254229538,0.007474802241666628,689,A Russian gentleman went up before you.
1784,17,2763,4234,5102,12099,1.8066782378708983,0.007116397697971566,689,"I heard the food and service was great, but the place has no atmosphere."
1788,18,1433,2780,2789,7002,1.8063410454155955,0.008987181504090157,689,"Watch the small step, sir."
5017,19,1973,3654,4074,9701,1.7834243892382229,0.007708830156144503,689,"Yes, I guess they do say, ""Dress for the job you want, not the job you have."""
658,20,1094,2606,2530,6230,1.7695024077046548,0.009211768950641713,689,Let me guess......up?
1269,21,1472,3149,3374,7995,1.7621013133208254,0.008291151190605193,689,"Once again, we have touched down safely, Sir."
2393,22,2262,3554,4807,10623,1.7604254918572908,0.007565983901869093,689,"Lift Off"" just means that the elevator is out of service."
4721,23,486,1116,1262,2864,1.729050279329609,0.013694453349151484,689,"You're lucky.  In my line of work, I have to hold it until my break."
2615,24,1874,2900,4345,9119,1.729027305625617,0.008169597288451765,689,It's not impossible that Mr. Trump has somewhat exaggerated the height of his tower...
91,25,1117,2000,2698,5815,1.7281169389509887,0.010006374902766077,689,"That’s funny. When I was  a kid, I wanted to be an elevator operator."
1487,26,1282,2765,3378,7425,1.7177104377104377,0.008590934339927555,689,Getting away for the holidays are we sir?
478,27,1668,2257,3885,7810,1.7161331626120357,0.008985062819110087,689,My mother in law sucks all the oxygen out of the room.
992,28,1764,2657,4500,8921,1.693307925120502,0.008256695922456007,689,"To bed, bath and beyond !"
4040,29,1177,2578,3473,7228,1.6823464305478695,0.008663470516357106,689,"Hold your mail again, Sir?"
1306,30,1273,2218,3516,7007,1.679891537034394,0.009106453008440455,689,It’d be a lot easier for all of us if you’d just get the vaccination”
4080,31,630,1426,1917,3973,1.6760634281399447,0.011618108944089938,689,You do know the Moon Room is just a bar ?
291,32,1672,3598,5037,10307,1.6735228485495295,0.0072675139754519846,689,When I said the lobby lacks atmosphere I didn’t   mean it literally.
3865,33,594,1427,1964,3985,1.656210790464241,0.01146537623523043,689,"Ground floor, Mr. Brown. Oops, I mean 'the Eagle has landed'."
401,34,1160,2817,4150,8127,1.6320905623231206,0.007984265505793689,689,Would you need me to call you a shuttle?
1116,35,1059,2091,3801,6951,1.6055243849805783,0.008843718766450634,689,"First step, Mankind.  Second step, Menswear."
1142,36,129,375,543,1047,1.6045845272206303,0.021543686213245844,689,Will you be going out for a walk?
4039,37,299,733,1170,2202,1.6044504995458675,0.015231984569110436,689,Nobody’s ever asked me to press that button before.
4868,38,556,1318,2171,4045,1.6007416563658838,0.011282261266895533,689,"I think that you misunderstood the ""Space Available"" sign"
3944,39,1478,2400,5066,8944,1.5988372093023255,0.00798867097664756,689,Three..two..one..
369,40,792,1400,2795,4987,1.5983557248847002,0.010578455754021509,689,"Houston, The Otis has landed."
2672,41,203,758,1004,1965,1.5923664122137404,0.01510459496953088,689,"Yes, Sir. This is as high as we go."
4912,42,254,764,1136,2154,1.5905292479108635,0.01489465644813608,689,I'm afraid you've missed the shuttle.
3006,43,387,773,1460,2620,1.5904580152671757,0.014322383131755753,689,"Open the elevator doors, Hal."
704,44,95,180,353,628,1.589171974522293,0.0294715857984326,689,So you'll be back after the election?
4199,45,683,1816,2968,5467,1.58203768062923,0.00949832569643225,689,"I'm sorry, sir, but the best I can do is the 78th floor."
2391,46,759,1826,3230,5815,1.5750644883920895,0.00932365646955275,689,After the top floor you're on your own.
5222,47,825,1470,3135,5430,1.574585635359116,0.010049650056479035,689,"Sir, it's still not too late for a flu shot."
2674,48,671,1674,2921,5266,1.5727307254082796,0.00974072843503672,689,"Go ahead sir, it's only one small step."
4539,49,109,317,521,947,1.5649419218585006,0.022431082622475708,689,"Welcome home, sir. Long trip?"
1985,50,423,1011,1858,3292,1.5640947752126366,0.01236139802215293,689,"787,234th floor, please."
3377,51,279,663,1228,2170,1.5626728110599077,0.01523165178767733,689,"Yes, the rent is astronomical."
3472,52,482,1275,2231,3988,1.561434302908726,0.01106279817108405,689,"Sorry, we don't go to where no man has gone before. We stop at 18."
189,53,201,567,975,1743,1.5559380378657488,0.016556408968643226,689,Ground floor to Major Tom?
2620,54,585,798,2194,3577,1.5501817165222254,0.012675739296140166,689,... in case it DOESN’T stop at the penthouse ??
3952,55,615,766,2247,3628,1.5501653803748623,0.012716427475148818,689,"Psychiatry - 5th floor, huh? Me too !"
3877,56,389,937,1799,3125,1.5488,0.012607775581824056,689,"After I release the emergency brake, you’ll have 12 seconds of weightlessness."
4373,57,223,465,978,1666,1.5468187274909964,0.017595984554039032,689,"Sorry Sir, but Trump Tower is not as high as he says it is"
1267,58,345,972,1743,3060,1.5431372549019609,0.012443128202474184,689,Take one small step off the elevator please sir.
4529,59,365,736,1615,2716,1.5397643593519883,0.013802025765635727,689,"Otis, we have a problem."
841,60,224,574,1100,1898,1.5384615384615385,0.015982308430781127,689,I will have your car fully charged when you return Mr. Musk.
301,61,235,691,1257,2183,1.5318369216674301,0.014586988291574917,689,You look like you're on a mission.
3148,62,254,774,1390,2418,1.5301902398676592,0.013783291344000153,689,Doors closing in T-minus 3.
4731,63,327,605,1448,2380,1.5289915966386554,0.014840463120992384,689,"Major Tom is on vacation this week,sir.  I'm Larry."
2116,64,177,491,938,1606,1.5261519302615194,0.017107676015727106,689,I don’t think you fully understand the gravity of the situation.
3137,65,227,578,1178,1983,1.5204236006051437,0.015538255870735445,689,"For the last time, Tom, it's just a lobby and I'm not 'Ground Control'."
3533,66,198,558,1080,1836,1.5196078431372548,0.015923896100782185,689,""" Having a hard time adjusting to your retirement from NASA, sir?"
617,67,184,574,1077,1835,1.5133514986376022,0.015670522177909416,689,I see you're taking the shuttle to work again today.
3326,68,195,488,1030,1713,1.512551079976649,0.016700936362470973,689,Have you considered just getting a flu shot?
4446,69,206,477,1057,1740,1.510919540229885,0.01672877321473464,689,"Happy to do it, sir. 10…9…8…7…"
5221,70,193,503,1045,1741,1.5106260769672601,0.0164631030589553,689,"Sure, if it’s not the right stuff, you can return it."
1012,71,84,215,456,755,1.5072847682119206,0.025032167327634375,689,Can you take me back up? I forgot the flag.
3311,72,149,308,754,1211,1.500412881915772,0.020247996561004587,689,"Yes, four more years wants me to leave the planet too."
5064,73,160,396,879,1435,1.4989547038327526,0.018161591098746033,689,Please watch your small step.
687,74,157,366,848,1371,1.4959883296863603,0.018698799908405776,689,Heading up to the satellite office?
1772,75,135,338,754,1227,1.495517522412388,0.019580194556814035,689,"First time leaving New York?"""
4828,76,125,239,623,987,1.4954407294832828,0.022592429477872183,689,Your fly is open.
3902,77,136,327,748,1211,1.4946325350949627,0.019804393712785043,689,"I don’t care if it’s a small step or a giant leap, you just need to exit the elevator, sir."
3581,78,150,354,822,1326,1.493212669683258,0.018957714137314428,689,I’m not sure how you’ll manage but the men’s room is two doors down on your left.
3937,79,154,323,808,1285,1.4910505836575876,0.019527291866726318,689,Psychiatry ? 2nd floor. I’m on my way there too.
1728,80,81,193,450,724,1.4903314917127073,0.02559562727460885,689,"No, it's pretty much a small step for everybody."
5336,81,57,190,377,624,1.4871794871794872,0.026348934699160432,689,Re-entry sequence complete; lobby level sir
2199,82,49,153,314,516,1.4864341085271318,0.02922090112472864,689,Planet?
3862,83,63,236,448,747,1.4846050870147256,0.02368350563029376,689,"You do understand that ""elevator to the stars"" meant the Warner Brothers offices on the 23rd floor?"
583,84,62,136,339,537,1.484171322160149,0.0299459067569048,689,"One small step for man, one hopefully giant tip for Manuel."
641,85,130,261,695,1086,1.4797421731123388,0.021229496518802862,689,My mother-in-law sucks all the air out of the room
4232,86,115,251,642,1008,1.4771825396825398,0.0217792018049432,689,Does he know you're coming? Should I buzz Aldrin?
4754,87,74,214,471,759,1.476943346508564,0.02421489660992063,689,"I believe they were advertising work space, not space work."
1702,88,100,302,652,1054,1.476280834914611,0.02042266402735292,689,Menswear?
5321,89,86,258,559,903,1.4761904761904763,0.022084028628330782,689,"The top floor is 8, not infinity, sir."
3359,90,114,268,660,1042,1.476007677543186,0.02120832012955856,689,"There’s no countdown.
 Just tell me what floor you want."
3763,91,111,250,637,998,1.4729458917835672,0.02175160596586965,689,Your here to repair the satellite dish?
4966,92,76,301,581,958,1.4728601252609603,0.020645976184000176,689,Do you know something I don't know?
2991,93,102,269,630,1001,1.4725274725274726,0.021284770706551555,689,Sorry...I just kind of assumed you were going up.
571,94,103,232,602,937,1.4674493062966916,0.02237956942118706,689,"Yes, Sir. Space Force is the only branch with an elevator attendant."
2343,95,99,213,569,881,1.4665153234960273,0.023199318780138055,689,Caught between the moon and New York City I see.
4440,96,57,235,457,749,1.465954606141522,0.02315501840960286,689,There’s a trampoline on the roof and from there you’re on your own.
4599,97,70,281,553,904,1.4657079646017699,0.021143692145590955,689,I take it you're going up?
480,98,93,231,573,897,1.4648829431438126,0.022562528488543843,689,Elevator has landed
1972,99,90,241,575,906,1.4646799116997793,0.02223500768849452,689,Like they always say: Dress for the job you want.
853,100,65,241,493,799,1.4643304130162704,0.022706337643011616,689,"Sorry, I assumed you'd be going up."
4229,101,95,219,569,883,1.463193657984145,0.022931941875755636,689,I've also never seen a chair in an elevator before.
2667,102,83,236,550,869,1.4626006904487918,0.022505131451531105,689,"I'm afraid we don't go that high, sir."
5103,103,75,255,546,876,1.4623287671232876,0.021904044112599774,689,"Going to the launch party, sir?"
5211,104,131,125,585,841,1.460166468489893,0.025818671215387005,689,Isn't it early for Fashion Week?
1031,105,55,143,352,550,1.46,0.02857897376302909,689,I think you're really overreacting to the one time I passed gas.
2590,106,81,218,530,829,1.4583835946924004,0.02314844552074701,689,"Let me guess, you’re going up"
964,107,61,252,503,816,1.4583333333333333,0.02209221312474211,689,Nice suit.”
270,108,54,217,439,710,1.4577464788732395,0.023762082251008797,689,An itchy nose is only one of the problems.
3744,109,65,246,512,823,1.456865127582017,0.022226933709536136,689,I can take you as far as the penthouse.
4786,110,87,193,526,806,1.4553349875930521,0.024005328858891353,689,"I dress for the job I want, not the job I have."
3298,111,76,207,506,789,1.4550063371356148,0.023646736314149208,689,Always great to meet a fellow gravity denier.
910,112,85,194,521,800,1.455,0.02400654374703589,689,"Sir, the StarLight Lounge requires a tie."
1573,113,84,171,493,748,1.4532085561497325,0.025147742592824922,689,I push buttons and a machine goes as high as I tell it to. It’s basically the same job.
1103,114,85,182,510,777,1.453024453024453,0.02452075485229816,689,"I'd be happy to count down from ten, sir, but I draw the line at making rocket noises."
4755,115,68,215,492,775,1.4529032258064516,0.023384930902575315,689,"Mission Control or the costume party on 11, sir?"
4457,116,73,203,496,772,1.4520725388601037,0.02380263992195816,689,You should go to the bathroom first.
3873,117,71,206,493,770,1.4519480519480519,0.023704580680931148,689,"Sorry, you can't get there from here."
3316,118,75,188,487,750,1.4506666666666668,0.024444870598165254,689,"I'm sorry, I just assumed you'd want to go up."
3139,119,72,198,490,760,1.45,0.023994226474262303,689,They sent me down for more Tang.
911,120,57,223,470,750,1.4493333333333334,0.023093034364646426,689,"I’m sorry sir, the twelfth floor is as close as I can get you."
1398,120,66,205,479,750,1.4493333333333334,0.023776689420485973,689,"I know, but it's the best that I can do while I'm caught between the moon and New York City."
2786,122,81,137,454,672,1.4449404761904763,0.026969096334375803,689,Oh no sir. Fake moon landings are on the 63rd floor at Trump Tower. This is the Ted Cruz's father/ Kennedy assassination floor.
2576,123,66,181,458,705,1.4439716312056738,0.024831673792903228,689,"I am sorry, sir.  This is the lift up. Not the lift off."
466,124,55,202,446,703,1.4438122332859176,0.023969210919216572,689,I'm  late  for  work.  How  high will this  go?
3568,125,65,179,453,697,1.4433285509325682,0.02495115851728265,689,"Fly Me to the Moon"" is the name of our penthouse bar, sir"
390,126,60,188,448,696,1.4425287356321839,0.024556815545766428,689,The penthouse suite? One small step to your left and one giant leap down the hall.
1227,127,51,170,394,615,1.4422764227642277,0.025920250002806035,689,"Let me guess, the Armstrongs, not the Bernsteins"
3384,128,35,135,295,465,1.4408602150537635,0.029252177941503237,689,You might have been oversold on the view.
1933,129,61,176,440,677,1.4401772525849335,0.025121834298904626,689,"I think you misunderstand what they mean by, “space available.”"
2232,130,81,127,450,658,1.439209726443769,0.02737932289126803,689,"Got as far as the stratosphere and couldn't remember 
if I turned off the stove."""
662,131,62,163,429,654,1.4388379204892967,0.025835551514766214,689,Earth disappoints me on so many levels.
1695,132,59,173,432,664,1.4382530120481927,0.02528564276012018,689,How was your walk Mr. Armstrong?
1323,133,84,121,455,660,1.437878787878788,0.027563870085074004,689,The elevator refuses to move. It says you killed HAL.
1996,134,63,156,429,648,1.4351851851851851,0.02608520944550803,689,"Small step, giant step. Just step out of the elevator, sir."
1775,135,57,167,422,646,1.434984520123839,0.025585957134703075,689,"Top floor! Sorry, this is as close as I can get you."
967,136,60,148,412,620,1.4322580645161291,0.02662973598988982,689,"The 19487167th  floor, please"
536,137,61,137,404,602,1.430232558139535,0.02729606919112256,689,"Remember, the President uses up all the air in 10 minutes."
3469,138,56,150,404,610,1.4295081967213115,0.026529949090876137,689,I think a tip would be another giant step...
3748,138,48,166,396,610,1.4295081967213115,0.025705415747850943,689,I believe the bedbug situation has been resolved.
4982,140,46,167,391,604,1.4288079470198676,0.025666878993344678,689,"Your ""back after launch"" joke is always a knee-slapper, sir."
5137,140,59,141,404,604,1.4288079470198676,0.027021762926331846,689,"So you want me to press 10, 9, 8, 7, 6, 5, 4, 3, 2 and 1 in that order?"
1795,142,51,152,390,593,1.4283305227655987,0.026536252338416073,689,Dress for the job you want
2354,142,55,144,394,593,1.4283305227655987,0.026962215695414536,689,"Yessir, there's space on the 12th floor."
3524,144,52,142,384,578,1.42560553633218,0.027120510941572206,689,Welcome to the Apollo.
2832,144,57,132,389,578,1.42560553633218,0.027667789607727793,689,"If you’re interested in space, I’d recommend the three bedroom."
934,146,34,94,253,381,1.4251968503937007,0.033359374090812424,689,"8,654,855th floor sir."
2108,147,46,152,376,574,1.4250871080139373,0.026574890202642785,689,"Going out to launch, Sir?"
1725,148,43,157,372,572,1.4248251748251748,0.026291455332187044,689,I can get you as far as 10. You're on your own from there.
3528,149,42,73,255,370,1.4243243243243244,0.035738443813739244,689,It’s so the president can say we’re sending astronauts up again.
1765,150,47,120,338,505,1.4237623762376237,0.029220237828920484,689,"It’s pronounced “How-stan,” sir, and we do not have a problem."
1166,151,32,121,284,437,1.4233409610983982,0.029930212444475034,689,Be brave. Its only four more years.
4177,152,48,135,364,547,1.4223034734917732,0.027717372397085643,689,Mmm...sure Frank...I’ll fly you to the moon
509,153,46,143,369,558,1.4211469534050178,0.027086428230390588,689,"Mind the giant leap, sir."
2849,153,87,61,410,558,1.4211469534050178,0.0315832988281596,689,I'm working my way up to the Vomit Comet.
4657,155,46,140,365,551,1.4210526315789473,0.02732752392152495,689,Welcome back sir. Long trip?
2141,156,47,137,365,549,1.4207650273224044,0.027517155227470988,689,"500,000,012 please."
4687,156,58,115,376,549,1.4207650273224044,0.028815264848369788,689,"No Sir, Trump is still President."
3289,158,40,142,346,528,1.4204545454545454,0.027383968501384824,689,Sign outside says you've got some space for rent.
4279,159,49,123,354,526,1.420152091254753,0.0286168814161037,689,"Should I call you a shuttle, sir?"
2750,160,49,125,359,533,1.4183864915572233,0.02833752496381764,689,Forgot my keys.
4888,161,42,113,317,472,1.4173728813559323,0.02990213552647223,689,"Well, it's pretty much the same size step for everyone, sir."
4806,162,38,141,341,520,1.4173076923076924,0.027388443493539017,689,This is the headquarters.  You’ll want the satellite office.
41,163,47,127,357,531,1.4161958568738229,0.02815058388429328,689,"One too many small steps for man today, sir?"
4521,164,40,140,349,529,1.4158790170132325,0.02732216582936611,689,"Sir, would you like me to call a shuttle?"
929,164,39,142,348,529,1.4158790170132325,0.02719081268025149,689,"About the subway, sir...south of Houston, we have a problem."
1811,166,50,119,358,527,1.4155597722960152,0.02867886864745749,689,"Are we going to the moon again today, sir?"
1434,167,38,138,340,516,1.4147286821705427,0.027519300343226156,689,"Sir, I think you may be at the wrong 'launch party'."
1418,168,46,124,351,521,1.4145873320537428,0.028395834250157324,689,Another book signing Mr. Aldrin?
212,169,30,119,284,433,1.4133949191685913,0.029700187417744776,689,"Long flight, Sir?"
464,170,42,126,340,508,1.4133858267716535,0.028362694464511676,689,This is as far as NASA's budget will take you.
1375,170,42,126,340,508,1.4133858267716535,0.028362694464511676,689,"The Apollo is a nightclub, sir."
939,172,46,117,343,506,1.4130434782608696,0.028984691935989005,689,Shall I hold your mail?
4719,172,42,125,339,506,1.4130434782608696,0.02843949521440635,689,"Yes, I'm going up. How did you know?"
1419,174,30,137,312,479,1.4112734864300627,0.0277235518398839,689,The restaurant at the top has great food but no atmosphere.
4030,175,40,110,313,463,1.4103671706263499,0.029962174313953076,689,"Diaper duty again, Mr. Barton?"
3101,176,42,115,328,485,1.4103092783505156,0.02928738519018404,689,"I understand that it's Snoop's party, but just how high are you planning to get?"
4571,177,47,108,339,494,1.408906882591093,0.02960132133345568,689,"I assure you, sir, I go to the one-hundred thirty-first floor all the time dressed just as I am."
612,178,55,91,346,492,1.4085365853658536,0.03078112997333721,689,"You can take that off, sir.  Melania is not here."""
879,178,35,131,326,492,1.4085365853658536,0.02796240080088379,689,"Well, yes, naming it the “Space Needle” may have been a little misleading."
1006,178,36,129,327,492,1.4085365853658536,0.028110050938117793,689,"Yes, sir.  I believe the cafe serves Tang."
1114,178,42,117,333,492,1.4085365853658536,0.028980158641895678,689,One small step for man is as high as we go. The giant leap for mankind is the next car.
2596,182,29,126,296,451,1.4079822616407982,0.028679680768412315,689,I prefer the term Resident Alien
1263,182,36,112,303,451,1.4079822616407982,0.029858107726125873,689,"Welcome back to earth, sir. Things here are not quite the same before you left."
1223,184,34,122,310,466,1.407725321888412,0.028864091266594148,689,Which planet sir?
314,185,36,122,318,476,1.4075630252100841,0.028753614322683318,689,From out of town?
4851,186,34,114,299,447,1.407158836689038,0.029703535069060986,689,"I hear that you should dress for the job you want, not for the job you have."
4264,187,46,104,332,482,1.4066390041493777,0.029974177859521563,689,"This is Ground Floor, Major Tom....and you're stepping thru the door..."
3636,188,50,94,334,478,1.405857740585774,0.030726433962504875,689,"Trump's penthouse? No problem. However, I think the president exaggerated how big the building really is."
5026,189,38,107,306,451,1.4057649667405765,0.03017114776748905,689,"It's just one small step to exit the elevator, sir."
3010,190,34,123,314,471,1.40552016985138,0.02863739686892029,689,"Shall I call the shuttle, sir?"
3793,191,44,102,323,469,1.4051172707889126,0.030263463132365845,689,The sign in the window says Space for Rent.
3576,192,45,101,326,472,1.4046610169491525,0.030270838461679415,689,Are you from NASA or the EPA?
4651,192,29,133,310,472,1.4046610169491525,0.027791758017071844,689,Go on! It's just one small step!
4569,192,39,113,320,472,1.4046610169491525,0.029365719272018264,689,So I guess your wife loves a man in uniform too.
2666,192,35,121,316,472,1.4046610169491525,0.02874647815802106,689,"The Eagle has landed.  Enjoy your day, sir."
2247,192,33,125,314,472,1.4046610169491525,0.02843180042756491,689,Would you like me to call the shuttle for you?
1067,197,30,100,266,396,1.404040404040404,0.03151479087981607,689,"Watch your small step, sir"
3393,198,33,120,308,461,1.403470715835141,0.02888692819681993,689,"I've heard that the restaurant upstairs is good, but that it has no atmosphere"
3340,199,36,124,326,486,1.4032921810699588,0.028313260377570947,689,Your son’s class will definitely be impressed.
2940,200,31,121,302,454,1.4030837004405285,0.028854935477218444,689,"If this were a New Yorker cartoon, I'd ask if you were going up."
1799,201,39,107,313,459,1.4030501089324618,0.029939362267424167,689,"The Apollo is at 253 West 125th Street, Sir."
2801,202,40,101,310,451,1.401330376940133,0.03046483938732439,689,Someone took your budget to build a wall?
1307,203,31,118,300,449,1.400890868596882,0.029057440519245945,689,"Mars Bar, Sir?"
555,204,26,97,249,372,1.4005376344086022,0.03199950235746483,689,"Going for a walk again, Buzz?"
2532,205,39,99,305,443,1.399548532731377,0.03067792614706095,689,"It’s one small step, sir"
4528,206,36,104,301,441,1.399092970521542,0.030267109268383708,689,"Due to NASA funding cuts, this is as far as you go."
461,207,37,98,298,433,1.3972286374133949,0.030819769534340437,689,"To infinity, or beyond?"
292,208,34,106,299,439,1.396355353075171,0.029998298333362386,689,"The store is closing, sir. That'll have to be your last ride of the day."
1446,209,22,107,253,382,1.3952879581151831,0.03049110856833533,689,"Sorry, there’s only one “G.”"
1939,210,36,99,298,433,1.3949191685912241,0.030627684087470772,689,I don’t know that we go that high.
3181,211,30,105,283,418,1.394736842105263,0.030284832392026843,689,"What time should I expect you for re-entry, Sir"
1491,212,30,110,291,431,1.394431554524362,0.029651716300410334,689,"We're terribly sorry about the bed bug problem in your room, sir."
4852,213,21,113,260,394,1.3934010152284264,0.02963886285592747,689,The star just means ground floor.
3672,214,23,96,242,361,1.3933518005540166,0.031887387974872304,689,"We've landed, sir."
4260,215,44,79,302,425,1.3929411764705881,0.03241815644870644,689,"Fortunately, NASA comped me the room after it canceled my flight."
3903,215,35,97,293,425,1.3929411764705881,0.03083906378806188,689,"Scene from Kubrick's lesser known film ""2001: A Space Lobby."""
1821,215,24,119,282,425,1.3929411764705881,0.028791687773503348,689,I hope Madam's Space Force interview goes well.
3901,215,29,109,287,425,1.3929411764705881,0.029739791198298254,689,I am afraid you don't understand the gravity of the situation.
613,219,32,102,289,423,1.392434988179669,0.03038964982818017,689,Lunch hour? I thought the schedule said launch hour
1937,220,37,91,293,421,1.3919239904988123,0.03139955821901595,689,"Sir, would you like me to hail you a rocket?"
4126,221,30,104,285,419,1.3914081145584725,0.030206858322787595,689,"The hotel does offer shuttle services, sir. 
I’m just not sure if that’s what you had in mind."
1253,222,23,104,257,384,1.390625,0.03056597436072568,689,No casual Friday this week?
3445,223,34,104,303,441,1.3900226757369614,0.02985190718308886,689,"Touchdown sir.
Have a nice day."
350,224,31,99,283,413,1.3898305084745763,0.03068726327741066,689,We are ‘go’ for the penthouse suite.
692,224,29,103,281,413,1.3898305084745763,0.030301819872616927,689,"I think you’re at the wrong Apollo, sir."
5192,226,32,91,276,399,1.3884711779448622,0.03162127982199729,689,"What, on earth, are you doing?"
4914,227,35,88,284,407,1.3882063882063882,0.03175849292376677,689,"Watch your step, the last guy made a big deal out of it."
3882,228,31,76,249,356,1.3876404494382022,0.0340477144387455,689,The Otis has landed
1129,229,30,91,269,390,1.3871794871794871,0.03170873573942965,689,I missed the shuttle.
843,230,37,81,283,401,1.3865336658354115,0.03246783194093168,689,"I couldn’t do what you do, being stuck in a small spaces all day."
3836,231,25,94,254,373,1.386058981233244,0.03158304046797492,689,There's a dehydrated fruit basket in your room
1296,232,34,85,278,397,1.385390428211587,0.03210420536407248,689,"Fourth floor, compression socks, catheters."
1829,232,26,101,270,397,1.385390428211587,0.03047796910125456,689,"It's a great building sir, just no atmosphere"""
3314,232,31,91,275,397,1.385390428211587,0.031504205695239686,689,I'm not sure that's what they meant when they said there was space in the elevator
5167,232,31,91,275,397,1.385390428211587,0.031504205695239686,689,"Yeah yeah, I've heard it all before ... One giant step...etc. Just get out."
2955,236,38,76,281,395,1.3848101265822785,0.033002705486433005,689,I hear there's space available in this building.
975,236,30,92,273,395,1.3848101265822785,0.031406537973974816,689,Excuse me sir. I think you misunderstood - I said we were out of  space
1302,236,28,96,271,395,1.3848101265822785,0.030994655055869617,689,I guess you read the review of our rooftop bar that said it had no atmosphere.
4305,239,20,90,229,339,1.3834808259587021,0.032381663595409504,689,It's laundry day.
137,240,26,94,261,381,1.3832020997375327,0.03132349001387838,689,"Is she aware of the  gravity of your situation,  Sir?"
1195,240,27,92,262,381,1.3832020997375327,0.03154322572859953,689,"Yes, Mr. Aldrin, we all know that you walked on the moon."
1983,242,20,101,247,368,1.3831521739130435,0.0306621849359783,689,Things still toxic at home then?
4671,243,23,103,263,389,1.3830334190231361,0.030229821887131626,689,"Here's the lobby, sir.  I'm sure the concierge can help you find a store that sells Tang."
792,243,27,95,267,389,1.3830334190231361,0.031094149500023927,689,The elevator has landed.
1132,243,25,99,265,389,1.3830334190231361,0.030665031097795583,689,"Just one small step, sir."
2103,246,25,95,259,379,1.3825857519788918,0.031207617428102515,689,"This is ground floor control, Major Tom."
2019,246,31,83,265,379,1.3825857519788918,0.032521961845543006,689,I changed my mind
1615,246,25,95,259,379,1.3825857519788918,0.031207617428102515,689,Forgot my gloves.
1151,249,31,86,270,387,1.3824289405684755,0.03204529519073191,689,"Yes, I heard the food is is great but the restaurant has NO atmosphere"
3746,249,22,104,261,387,1.3824289405684755,0.030106552418141197,689,"Sir, we only go up to the penthouse."
5297,251,36,72,269,377,1.3819628647214854,0.03370115326708974,689,"What a long, strange trip it's been."
2251,252,21,105,259,385,1.3818181818181818,0.029979331723347543,689,"Wait, don't tell me . . . going up?"
592,253,29,85,261,375,1.3813333333333333,0.03231632130514802,689,You seem prepared for the gravity of the situation upstairs.
3758,253,23,97,255,375,1.3813333333333333,0.030964223312903567,689,"Yes, it would feel like zero gravity if someone cut the cable when we hit the top floor. Why do you ask?"
2471,255,30,86,267,383,1.3812010443864229,0.032056264818505174,689,The fake moon landing reunion? It’s in our Area 57 Ballroom.
2178,256,23,80,228,331,1.3806646525679758,0.03369794007376423,689,Up sir?
4503,257,36,73,272,381,1.3805774278215224,0.0334315729752199,689,Perhaps you should have thought about using the bathroom before leaving the Space Station.
241,258,37,67,267,371,1.3800539083557952,0.03429103781509132,689,Sharon and I broke up. I told her I needed some space.
530,258,29,83,259,371,1.3800539083557952,0.03254714530202884,689,"He's in Florida, Sir, there will be enough oxygen."
789,258,33,75,263,371,1.3800539083557952,0.033430464712200764,689,How's that mold situation in your apartment?
962,261,26,92,261,379,1.3799472295514512,0.03140411199335811,689,I don't think we go that high.
884,262,34,68,256,358,1.3798882681564246,0.03452427011184452,689,I don’t smell anything.
1164,263,30,86,269,385,1.3792207792207791,0.03192016961597812,689,"You know we're going down, right?"
632,264,34,71,263,368,1.377717391304348,0.03382232677242026,689,Hit the space bar.
3502,264,32,75,261,368,1.377717391304348,0.03338161836076524,689,"Welcome back, Mr. Bowie, we've missed you."
4995,264,22,95,251,368,1.377717391304348,0.031084493317421004,689,"I guess this is the day I finally get to hit THAT button, Mr. Musk."
3347,267,26,86,254,366,1.3770491803278688,0.032136677235907705,689,Should I call for a shuttle?
4371,267,26,86,254,366,1.3770491803278688,0.032136677235907705,689,Then just take me as close as you can.
3282,267,28,82,256,366,1.3770491803278688,0.03259920834499007,689,"On second thought, I'll just take the stairway to heaven."
393,267,35,68,263,366,1.3770491803278688,0.034168796409343054,689,"The moon has changed a lot since you were first here."""
2701,267,23,92,251,366,1.3770491803278688,0.031430120622297435,689,This is the elevator. It's continuing mission is to go up or down.
3019,267,23,92,251,366,1.3770491803278688,0.031430120622297435,689,"It's one small step outside the elevator, Mr. Smith."
2995,273,29,73,246,348,1.3764367816091954,0.034011305025416334,689,"You can do it, sir, it's just one small step."
1120,274,32,73,259,364,1.3763736263736264,0.033629839480639453,689,Funny!  We both work in transportation
3964,274,26,85,253,364,1.3763736263736264,0.03225132293189105,689,Do you want me to countdown?
4911,276,28,74,244,346,1.3757225433526012,0.03389689502055505,689,My guidance counselor said I could be anything too.
829,277,25,86,251,362,1.3756906077348066,0.03212978881844638,689,You...overdressed? No-o-o.
3805,277,32,72,258,362,1.3756906077348066,0.033755793802690205,689,"Shall I try to call a shuttle for you, sir?"
605,279,29,77,254,360,1.375,0.03319085147264858,689,"Don’t dress for the job you have, dress for the job you want."
802,279,27,81,252,360,1.375,0.032721284376587084,689,"Yet another perfect landing, sir."
2606,281,30,73,252,355,1.3746478873239436,0.03375304683274502,689,"59,726,538 please"
3320,282,27,83,256,366,1.3743169398907105,0.03234000669293321,689,I can take you part of the way.
170,283,31,72,255,358,1.3743016759776536,0.03378065218210541,689,"Let me guess, going up?"
180,283,25,84,249,358,1.3743016759776536,0.03236109015967819,689,"Sir, I think you may have  misunderstood our courtesy shuttle system..."
1858,283,25,84,249,358,1.3743016759776536,0.03236109015967819,689,"I'm sorry, sir, but the highest we can go is the penthouse."
2733,286,22,82,233,337,1.3738872403560831,0.032943827104172096,689,It's one small step to the lobby; one giant leap to Park Avenue.
5042,287,25,83,248,356,1.3735955056179776,0.032478436703613466,689,"Welcome to the Space Needle. I hope, but doubt, we will meet your expectations."
2223,287,32,69,255,356,1.3735955056179776,0.034141263485572296,689,You're going to be disappointed.
4606,289,24,77,234,335,1.373134328358209,0.03360516977303253,689,"Uniforms suck, am I right?"
1009,290,26,80,248,354,1.3728813559322033,0.032841515981267756,689,"Watch that one small step, sir."
3081,290,23,86,245,354,1.3728813559322033,0.032102189575020396,689,I can assure you sir that the restaurant has great atmosphere
3225,292,30,63,237,330,1.3727272727272728,0.035542680995854566,689,"Go ahead, sir. It’s one small step."
3923,293,18,95,239,352,1.3721590909090908,0.0309364493915502,689,"Yes, sir. You certainly can't be too careful, sir."
310,294,20,88,236,344,1.372093023255814,0.031940125977012325,689,"Up, I presume?"
770,294,28,72,244,344,1.372093023255814,0.033996677207491645,689,To the moon sir?
702,296,29,72,249,350,1.3714285714285714,0.03382000533201127,689,I ran out of clean laundry.
3442,297,34,61,253,348,1.3706896551724137,0.03514814811290902,689,Where to Mrs. Kramden?
2406,297,30,69,249,348,1.3706896551724137,0.03419273343366629,689,"Lets’s just say, his elevator didn’t go all the way to the top."
1285,297,25,79,244,348,1.3706896551724137,0.03295954185875806,689,"You know what, I'll just press the button for the top floor."
500,300,31,66,249,346,1.369942196531792,0.034568802186998066,689,I'm not kidding. This is as high as it goes.
1818,300,34,60,252,346,1.369942196531792,0.03528832625730701,689,So now everybody knows you live in the penthouse. Happy?
2262,300,22,84,240,346,1.369942196531792,0.03231424497723532,689,"I'm sorry sir, Space Needle is just the name of the building"
2641,300,16,96,234,346,1.369942196531792,0.030719418250547904,689,Oh dear.  Did you miss your flight?
2961,300,14,100,232,346,1.369942196531792,0.03016908021004068,689,"Watch your step, Sir.  Gravity is in full force here."
3334,300,25,78,243,346,1.369942196531792,0.03308284017201545,689,"Third floor, moon landing and flat earth conspiracies, please watch your step. 
Next floor, UFO’s and Area 51."
3658,306,30,67,247,344,1.369186046511628,0.034459860209631744,689,"Concierge, we have a problem..."
2311,306,26,75,243,344,1.369186046511628,0.03346163114383217,689,"Elon, are you high again?"
850,306,30,67,247,344,1.369186046511628,0.034459860209631744,689,"To your penthouse, Mr. Branson?"
21,306,30,67,247,344,1.369186046511628,0.034459860209631744,689,"Yes,of course, as you wish: ten, nine, eight, seven...™"
32,310,24,76,236,336,1.369047619047619,0.03348907671233877,689,"Uh Houston, we’ve got a problem"
5051,311,20,81,227,328,1.3689024390243902,0.03293792925401708,689,"Well, if it makes you happy:  Three ... Two ... One ... Liftoff!"
1685,311,21,79,228,328,1.3689024390243902,0.033219785655588065,689,"Actually, Mars requires your key card."
707,313,24,78,240,342,1.368421052631579,0.033074955210508274,689,I'm positive sir.  The farthest we can go is the penthouse.
739,313,26,74,242,342,1.368421052631579,0.033589455309977354,689,"I can get you to the penthouse, Mr. Silver, but after that you're on your own."
865,313,18,90,234,342,1.368421052631579,0.0314810438938358,689,"Gosh Mike, you could have just gotten a flu shot."
1086,313,15,96,231,342,1.368421052631579,0.030653023600941232,689,"Up to the sky lounge, Sir?"
1489,313,26,74,242,342,1.368421052631579,0.033589455309977354,689,"Once again, Mr Nunes, this will not take you to the Moon and I’m also sorry to add that failure IS your only option."
2412,313,30,66,246,342,1.368421052631579,0.034595508374767964,689,"Excuse me Sir, was that 1 step up or down for Mankind"
2608,313,30,66,246,342,1.368421052631579,0.034595508374767964,689,"Venturing north of 23rd street again today, sir?"
2830,313,29,68,245,342,1.368421052631579,0.03434675787882637,689,Down to the parking garage. I’ve changed my mind.
5003,321,24,75,235,334,1.3682634730538923,0.0336185126284132,689,Is it flu season already?
3922,322,26,73,241,340,1.3676470588235294,0.03371859405946048,689,Excuse me… I…I don't think this elevator goes as high as you're expecting.
577,322,25,75,240,340,1.3676470588235294,0.03346029754461087,689,"It’s suit AND tie for gentlemen in our dining room, after six."
4307,322,24,77,239,340,1.3676470588235294,0.033199991539172115,689,The budget’s been frozen until we hand over dirt on Biden.
4189,322,26,73,241,340,1.3676470588235294,0.03371859405946048,689,"Indeed sir, we've all had to lower our expectations a bit."
1172,326,24,74,234,332,1.3674698795180722,0.0337493014549196,689,"3rd floor - robot cranes, trace gas analyzers, titanium bolts, and women's lingerie."
3499,327,34,59,253,346,1.3670520231213872,0.03525709415103672,689,"I'm sorry sir, this elevator only goes up to the Troposphere,"
3284,328,19,85,232,336,1.3660714285714286,0.03209865277548289,689,"Oh, this is ground floor. Ground control is on three."
3673,329,19,78,220,317,1.3659305993690851,0.033370722256988415,689,"Yes Major Tom, this IS Ground Control."
543,330,25,72,237,334,1.3652694610778444,0.033849529283065484,689,My honeymoon wasn't what I expected either.
4950,331,18,71,204,293,1.3651877133105803,0.03485255349008426,689,"One time, just one time I had beans for breakfast and you still won’t let it go."
4894,332,22,73,226,321,1.3644859813084111,0.03394423744487044,689,"If that flying saucer was yours, it got towed.  Would you like me to call you a cab?"
4640,333,19,76,218,313,1.3642172523961662,0.03363495569191429,689,"Mr. Musk, your car is ready."
5039,334,22,76,232,330,1.3636363636363635,0.03329605122817293,689,Can we skip the countdown just this once?
1973,335,14,90,221,325,1.363076923076923,0.03129932734849752,689,My therapist says this is the first step to overcoming my fear of heights.
2464,335,18,82,225,325,1.363076923076923,0.03249032627991211,689,You might be slightly overdressed for the observation deck.
4025,335,23,72,230,325,1.363076923076923,0.033920319329401594,689,May I suggest taking one small step?
3946,338,26,60,223,309,1.3624595469255663,0.0360089911847466,689,I know the sign says “Space for Rent” but...
5272,339,28,61,234,323,1.3622291021671826,0.035438416215041894,689,It's just the one small step.
475,340,20,71,216,307,1.3615635179153094,0.034353435008065564,689,Working from home?
235,341,17,82,222,321,1.3613707165109035,0.03243748433884808,689,Yelp said the rooftop patio had great atmosphere
1966,341,27,62,232,321,1.3613707165109035,0.03531139249700089,689,Define UP
2650,341,24,68,229,321,1.3613707165109035,0.03447438505795252,689,"Taking off this afternoon, sir?"
4269,341,20,76,225,321,1.3613707165109035,0.03332568986812254,689,And we have touch down.
1087,345,21,71,221,313,1.3610223642172523,0.034197321470055664,689,"I'm going down, actually."
402,345,18,77,218,313,1.3610223642172523,0.03328688387998383,689,"Actually, I'm going down."
3633,347,20,70,215,305,1.360655737704918,0.03449498044858378,689,"The ""ten, nine, eight"" thing was cute when you were four, but..."
4165,347,23,64,218,305,1.360655737704918,0.03542053971737799,689,Oh. You want a moon with a view...not a room with a view
2721,349,20,68,212,300,1.36,0.034878352062366696,689,Chicks dig astronauts.
966,350,32,50,235,317,1.359621451104101,0.03698214620089822,689,"Morning, Mr. Pence."
2267,350,22,70,225,317,1.359621451104101,0.03417634484494433,689,I heard the restaurant has no atmosphere.
4108,350,21,72,224,317,1.359621451104101,0.03388298817834914,689,"“Trust me, the whole Universe is an awkward silence.”"
5156,350,22,70,225,317,1.359621451104101,0.03417634484494433,689,Really? Going down?
2586,354,25,63,227,315,1.3587301587301588,0.03518707921325271,689,I've been waiting my whole life for someone to request free-fall.
1101,355,24,62,221,307,1.3583061889250814,0.0355293607495905,689,"Ground floor, Major Tom."
5307,355,20,70,217,307,1.3583061889250814,0.03431000652033519,689,I'm sorry sir -- this is as far as I go...
3292,357,14,78,204,296,1.3581081081081081,0.03316426939915061,689,Ready?
4674,358,24,64,225,313,1.3578274760383386,0.035043087307016024,689,"Sir, I can't take you up to the executive suite without a tie."
4303,358,25,62,226,313,1.3578274760383386,0.03533409147602471,689,"I'll close the pod bay doors, but don't call me HAL"
2176,358,22,68,223,313,1.3578274760383386,0.034453706087288774,689,I see you're prepared for the flu season.
2454,358,24,64,225,313,1.3578274760383386,0.035043087307016024,689,"Good to see that you are prepared for the toxic political environment, Senator."
994,358,23,66,224,313,1.3578274760383386,0.034749646265512024,689,"My name's not Houston, and I don't care if you have a problem. What floor?!"
455,358,21,70,222,313,1.3578274760383386,0.03415520181056387,689,I can get you to the penthouse. From there you’re on your own.
1074,358,17,78,218,313,1.3578274760383386,0.0329341403562414,689,You could say we’re in the same line of work.
375,365,22,67,222,311,1.3569131832797428,0.03459466966956316,689,Watch your small step.
2527,365,21,69,221,311,1.3569131832797428,0.034293533406794925,689,It's 11 small steps to your left.
2588,365,20,71,220,311,1.3569131832797428,0.03398972929429897,689,Didn’t realize it was that kind of launch party.
2680,365,19,73,219,311,1.3569131832797428,0.03368318514446773,689,"The view from up top is unlike anything you’ve… well, it’s really good."
3245,365,26,59,226,311,1.3569131832797428,0.035773874736169275,689,Watch your step as you make 'one giant leap for mankind.'
4384,365,21,69,221,311,1.3569131832797428,0.034293533406794925,689,I'm glad you felt that it was a safe landing.
2064,371,18,68,206,292,1.356164383561644,0.03480919945339898,689,"It's a huge step for me too, sir."
3863,372,19,72,218,309,1.3559870550161812,0.03381757870879197,689,My employer got downsized but I’m keeping my uniform.
4922,372,19,72,218,309,1.3559870550161812,0.03381757870879197,689,Just one small step and you'll be in the lobby.
1388,374,27,55,225,307,1.3550488599348534,0.03637517524455807,689,I'm looking for the Starlight Ballroom.
557,374,21,67,219,307,1.3550488599348534,0.03457477378521315,689,"Here we are sir, the final frontier"
3911,374,22,65,220,307,1.3550488599348534,0.03488129461847621,689,"A lot of pressure at work, sir?"
1136,377,25,57,220,302,1.3543046357615893,0.03619510506115128,689,"No, we do not sort of have the same job."
837,378,24,60,221,305,1.3540983606557377,0.03563750984497385,689,"Be careful of the step sir. Some find it small, but for some it's a giant leap."
1386,378,24,60,221,305,1.3540983606557377,0.03563750984497385,689,off to film another fake moon landing sir?
1800,378,19,70,216,305,1.3540983606557377,0.034090768717454645,689,Projected landing on the surface of the fourth floor in T-minus fifteen seconds.
2314,378,21,66,218,305,1.3540983606557377,0.034717735384503894,689,"1,367,890th Floor"""
3237,378,21,66,218,305,1.3540983606557377,0.034717735384503894,689,My dance instructor says tonight we're going to learn to moonwalk.
3465,378,16,76,213,305,1.3540983606557377,0.033128078030951476,689,I just needed some space this morning
3650,378,19,70,216,305,1.3540983606557377,0.034090768717454645,689,"Unfortunately, the button to the Moon floor hasn't worked since the 1970s."
4215,378,18,72,215,305,1.3540983606557377,0.03377292099458173,689,"I'm sorry, sir, you'll need to take the express elevator or you'll never get past the gravitational pull."
4348,378,16,76,213,305,1.3540983606557377,0.033128078030951476,689,"All the way up, sir?"
4526,378,21,66,218,305,1.3540983606557377,0.034717735384503894,689,"Third Floor: Cosmetics, Hosiery, High Acceleration G-Force Training Centrifuges and Women's Lingerie."
5175,378,18,72,215,305,1.3540983606557377,0.03377292099458173,689,I'm not sure 'dress for the job you want' is meant to be taken so literally.
2142,389,16,61,186,263,1.3536121673003803,0.03656238035746274,689,"Could I suggest a simple flu shot, Sir?"
280,390,19,68,213,300,1.3533333333333333,0.03446463727640015,689,"No sir, M is the Mezzanine."
1652,391,19,69,215,303,1.353135313531353,0.03422961544121718,689,"Bringing work home again, sir?"
2526,391,25,57,221,303,1.353135313531353,0.03609439727938886,689,No one on this floor knows you're Mike Pence.
4075,391,22,63,218,303,1.353135313531353,0.03517436629291257,689,"Activewear in on floor 4, sir. Uh, but if sir is a lady, then Activewear on the lower level."
2752,394,12,79,201,292,1.3527397260273972,0.032665449475785445,689,"Going up, obviously."
1619,394,15,73,204,292,1.3527397260273972,0.033728965074644186,689,Fake moon landing auditions? Two doors down.
990,396,20,65,213,298,1.3523489932885906,0.034932709153599896,689,Will you be leaving us today sir?
1127,396,24,57,217,298,1.3523489932885906,0.03620336339270594,689,"Sir, watch your step."
1261,396,20,65,213,298,1.3523489932885906,0.034932709153599896,689,Will you be needing a shuttle?
1802,396,27,51,220,298,1.3523489932885906,0.03712782696368129,689,"Yes sir, Van Allen belts in menswear"
2870,396,19,67,212,298,1.3523489932885906,0.034607756800700364,689,"Sorry...
This is as high as we can go."
4139,396,19,67,212,298,1.3523489932885906,0.034607756800700364,689,"To the penthouse and beyond, Alfred."
4872,396,23,59,216,298,1.3523489932885906,0.03588991756622939,689,Can you hit “sky lobby” for me?
1667,403,20,60,204,284,1.352112676056338,0.03610812237155239,689,"238, 857 please."
4475,404,24,54,212,290,1.3517241379310345,0.0369012293428538,689,"Believe it or not, down."
3312,404,22,58,210,290,1.3517241379310345,0.03624877550294309,689,You left the flag WHERE?!
3653,404,20,62,208,290,1.3517241379310345,0.03558436066464648,689,"Final frontier, please."
1519,407,22,60,214,296,1.3513513513513513,0.0357274156661467,689,"Again, Mrs. Kramden?"
3624,408,19,62,204,285,1.3508771929824561,0.035657591183589396,689,"From here, you can take the shuttle"
4722,409,21,59,208,288,1.3506944444444444,0.03607682397221078,689,I see you’ve reconsidered the ‘staycation’ idea.
4128,409,15,71,202,288,1.3506944444444444,0.03400525260445919,689,They said they had space.
2400,411,25,53,216,294,1.3503401360544218,0.03684067496939025,689,"The right stuff?  Third floor, sir."
3207,411,25,53,216,294,1.3503401360544218,0.03684067496939025,689,"I love you to the moon and back, too, sir."
4196,411,18,67,209,294,1.3503401360544218,0.03456462042866332,689,My other suit's at the cleaners.
3410,414,18,64,204,286,1.3496503496503496,0.035207111946701786,689,"To the moon and back, please."
177,415,18,66,208,292,1.3493150684931507,0.03470948267836174,689,"The cosmonauts drove up rates at Trump Tower, so here i am."
2079,415,21,60,211,292,1.3493150684931507,0.035712178361883354,689,"Sorry, there's no moon at the inn."
2741,415,28,46,218,292,1.3493150684931507,0.03794891091504137,689,Is this where the new Space Force is meeting?
4711,415,15,72,205,292,1.3493150684931507,0.033676946005361266,689,Up? I suppose.
246,419,17,62,196,275,1.3490909090909091,0.03578437094707603,689,‘Its only a small step sir’
468,420,18,63,203,284,1.3485915492957747,0.0353596386285571,689,Your luggage will be brought up by one of our space cadets.
4679,421,21,59,210,290,1.3482758620689654,0.035868240820687985,689,Does it look like I'm going down?
1786,421,17,67,206,290,1.3482758620689654,0.03451197902857228,689,"No, this goes only to the Penthouse. You want the "" Where No Man Has Gone Before"" lift."
1564,421,27,47,216,290,1.3482758620689654,0.037811528721069326,689,I agree. Christmas music is really annoying.
896,421,22,57,211,290,1.3482758620689654,0.03619936740257255,689,I’mlookingforthespacebar
736,421,22,57,211,290,1.3482758620689654,0.03619936740257255,689,Eleventh Floor. Unrealized childhood dreams department
637,421,26,49,215,290,1.3482758620689654,0.03749464232992077,689,"Excuse me commander, this one only goes up to the fifth dimension"
1134,421,26,49,215,290,1.3482758620689654,0.03749464232992077,689,Had to come back down ASAP. The Space Force showed up and it’s only Trump supporters who think the Earth is flat.
5302,428,19,57,197,273,1.347985347985348,0.0366865541148234,689,"Please take one small step, sir."
4205,429,28,44,216,288,1.3472222222222223,0.03830481975212723,689,"To your right, sir.  The others are waiting for you."
5309,429,21,58,209,288,1.3472222222222223,0.0360261366576548,689,"No, Major Tom. This is the ground floor, not ground control."
3592,429,20,60,208,288,1.3472222222222223,0.03568873564498867,689,We had the elevator fixed. It stops at the top floor now.
5347,429,19,62,207,288,1.3472222222222223,0.035348114255215245,689,"Yeah, bedbugs sort of weird me out too."
1288,429,19,62,207,288,1.3472222222222223,0.035348114255215245,689,"One giant leap to which floor, sir?"
538,429,20,60,208,288,1.3472222222222223,0.03568873564498867,689,Good idea—the landlord tends to suck all the oxygen out of his rooms.
2788,429,17,66,205,288,1.3472222222222223,0.03465682963462589,689,"We just count backwards from 10, push this little button and up we go !!!!"
207,436,19,60,204,283,1.3462897526501767,0.03576166070971917,689,Your plan to reach the moon in  an elevator is wrong on so many levels.
228,436,26,46,211,283,1.3462897526501767,0.0381355711026871,689,I’m assuming you’re not going down.
2095,436,16,66,201,283,1.3462897526501767,0.03469458256843651,689,What floor is alterations?
2856,436,23,52,208,283,1.3462897526501767,0.03713676704034817,689,Are you going to take one small step or one  giant leap
3342,436,18,62,203,283,1.3462897526501767,0.03540954114845415,689,"They will know how to fix a zipper here, yes sir."
5023,436,19,60,204,283,1.3462897526501767,0.03576166070971917,689,Doors closing in five...four...three...two...
1834,442,21,57,208,286,1.3461538461538463,0.036185899541308325,689,"Would you mind saying ""We have Liftoff"" ?"
3067,442,18,63,205,286,1.3461538461538463,0.03515407125337361,689,"Frankly sir, I found your countdown from the 10th floor a little nerve racking."
1201,442,23,53,210,286,1.3461538461538463,0.03685774082737462,689,How about two medium steps so I can take my lunch break?
4347,445,17,67,208,292,1.345890410958904,0.03431652696773142,689,"Going up, I take it."
772,446,15,68,201,284,1.3450704225352113,0.03423214392777887,689,Careful.  It's a small step.  Not a giant leap.
1062,446,19,60,205,284,1.3450704225352113,0.035656371522271336,689,This will be a disappointment.
1069,446,19,60,205,284,1.3450704225352113,0.035656371522271336,689,"I know letting go is tough sir, but you’ve been retired five years now!"
1684,446,24,50,210,284,1.3450704225352113,0.03736038370301937,689,"'Out for a walk, Mr. Armstrong'?"
2129,446,19,60,205,284,1.3450704225352113,0.035656371522271336,689,Boldly go where no one has been before and have a wonderful day sir!
3130,446,15,68,201,284,1.3450704225352113,0.03423214392777887,689,Didn't I see you with a deep sea diver at a party three weeks ago?
4067,446,17,64,203,284,1.3450704225352113,0.03495151290020512,689,"I almost didn’t recognize you, Mr. Aldrin."
4462,446,15,68,201,284,1.3450704225352113,0.03423214392777887,689,Oh so you heard the hotel has no atmosphere?
4574,446,13,72,199,284,1.3450704225352113,0.033497329770761294,689,I’ll take you to the 40th floor.  You’re on your own after that.
5080,455,17,62,200,279,1.3440860215053763,0.035358118062545914,689,I'm just going to push all the buttons and we'll see what happens.
3874,456,21,55,206,282,1.3439716312056738,0.03651116527634833,689,I heard the atmosphere in America is toxic right now.
4878,456,18,61,203,282,1.3439716312056738,0.035459099921711056,689,"Good afternoon Elon, you're back from launch break early..."
2911,456,27,43,212,282,1.3439716312056738,0.03852921015274898,689,"Astronaut lingerie please, 6th Floor."
1715,456,16,65,201,282,1.3439716312056738,0.03474002713785063,689,I think you will like the atmosphere on this floor
1993,456,18,61,203,282,1.3439716312056738,0.035459099921711056,689,"""I presume you're going up?"""
1998,456,19,59,204,282,1.3439716312056738,0.03581322253187409,689,"When we called it Atmosphere Lounge” it was just a branding exercise, I can assure you."
1809,462,13,64,185,262,1.3435114503816794,0.03527385880749898,689,Are you sure your mother said you could go to school in that?
2014,463,15,63,193,271,1.3431734317343174,0.03528227623971913,689,Down actually.
3409,464,16,63,198,277,1.3429602888086642,0.035142669613776045,689,"Soak it all in while you can, there won't be elevator music on the rocket ship."
4201,464,14,67,196,277,1.3429602888086642,0.03439021397710404,689,"I agree sir, Space Needle is a bit misleading."
5342,464,18,59,200,277,1.3429602888086642,0.035879348346577224,689,Mrs. Kramden! You’re back!
4696,467,12,70,193,275,1.3418181818181818,0.033758007412863396,689,Out of Tang again Sir?
1224,467,15,64,196,275,1.3418181818181818,0.03491749511753705,689,"When the real estate agent said the apartment was ""out of this world,"" that was a figure of speech."
3027,467,21,52,202,275,1.3418181818181818,0.03712799842269701,689,"I can take you as far as the roof, the rest is up to you."
330,470,19,55,199,273,1.3406593406593406,0.03657208300634351,689,"Will you be needing the Moon Buggy, sir?"
94,470,18,57,198,273,1.3406593406593406,0.036201980677300204,689,"| heard once you should dress | for the job you want and not |  the job you have, so...”"
1808,470,13,67,193,273,1.3406593406593406,0.034291604696241706,689,"You do know we're in Cape Coral, Florida, right?"
421,470,18,57,198,273,1.3406593406593406,0.036201980677300204,689,I'd like the planetarium please.
3868,474,14,66,196,276,1.3405797101449275,0.034432249499816485,689,"Next time, don't press all the buttons."
3853,475,14,64,193,271,1.3394833948339484,0.03483056622057052,689,Do you mind giving me my Christmas tip before you blast off ?
3438,475,15,62,194,271,1.3394833948339484,0.03522076021205318,689,"Just push the top button really, really hard."
3112,475,18,56,197,271,1.3394833948339484,0.03636623117568204,689,Can you get me a Moon Pie while you’re out?”
2791,475,16,60,195,271,1.3394833948339484,0.03560667853906551,689,Penthouse or Lunar Command Module?
1042,479,14,62,190,266,1.3383458646616542,0.035242079180881264,689,"Sorry Pal, it's as far as I go."
1143,479,17,56,193,266,1.3383458646616542,0.03642969395301256,689,"You're the new tutor for the kid on eight, right?"
2804,479,17,56,193,266,1.3383458646616542,0.03642969395301256,689,"Moving: That’s One Small Step For Man, One Giant Sigh Of Relief ForThe Co-op Board"
5240,479,16,58,192,266,1.3383458646616542,0.03603817118931825,689,Small step or giant leap?
4686,483,17,57,195,269,1.338289962825279,0.0361507992067866,689,I'm honored that you would fake a moon landing in our building!
3590,484,25,43,207,275,1.3381818181818181,0.03847613052133797,689,"The roof, Sir. May you have a most pleasant voyage!"
8,484,14,65,196,275,1.3381818181818181,0.03447378448872893,689,Are you sure that’s what she meant by | ‘needing some space’?” |
3534,486,16,53,183,252,1.3373015873015872,0.03736933962198213,689,"Turn left, walk two blocks, spacecraft will be hovering on your right."
2677,487,19,50,192,261,1.3371647509578544,0.03767668894694106,689,President Trump they will still find you.
1542,488,15,60,192,267,1.3370786516853932,0.035531209664813254,689,"This IS the top floor, sir."
2171,488,14,62,191,267,1.3370786516853932,0.03513269946764077,689,Trump should have listened to Greta.
3995,488,15,60,192,267,1.3370786516853932,0.035531209664813254,689,"“You know I was going to be an astronaut too, but I have bad knees.”"
5016,488,18,54,195,267,1.3370786516853932,0.0367007864401974,689,"One small step and you will be in the lobby, sir."
3016,492,18,52,192,262,1.3358778625954197,0.037163226177876214,689,"Sir, we've landed."
3381,492,13,62,187,262,1.3358778625954197,0.035140689606707576,689,Just take me to the top floor and I'll figure it out from there.
5085,492,14,60,188,262,1.3358778625954197,0.035554402383074446,689,"An elevator operator? Wow, the Upper East Side really is an entirely different planet."
4979,492,26,36,200,262,1.3358778625954197,0.04018812115798415,689,"I'm sorry, this is the local elevator to the International Space Station."
3778,492,9,70,183,262,1.3358778625954197,0.03343468580538109,689,"Right this way, please—the lobby is one small step ahead of you."
2618,492,14,60,188,262,1.3358778625954197,0.035554402383074446,689,It's actually not that big a step.
463,492,19,50,193,262,1.3358778625954197,0.037554664726643316,689,The tenant has landed.
2126,492,15,58,189,262,1.3358778625954197,0.03596335623381351,689,"Be careful of that one small step, sir."
1820,492,17,54,191,262,1.3358778625954197,0.036767620499093774,689,"I assure you, Mrs Weinberg, we eradicated the bedbug problem three years ago."
2442,492,13,62,187,262,1.3358778625954197,0.035140689606707576,689,"Um, sir, this is the Apollo Hotel."
231,492,17,54,191,262,1.3358778625954197,0.036767620499093774,689,Well..they were out of the Santa suit
3850,503,19,51,195,265,1.3358490566037735,0.037256822346425605,689,I don't think this goes where you're going.
3296,503,21,47,197,265,1.3358490566037735,0.03801639567642836,689,If it's hot air you're worried about I wouldn't take it off until the Senate trial is through...
655,503,19,51,195,265,1.3358490566037735,0.037256822346425605,689,Just mind the small step there Sir.
459,503,21,47,197,265,1.3358490566037735,0.03801639567642836,689,"No, I don't think anybody will suspect you're a prostitute."
5071,503,15,59,191,265,1.3358490566037735,0.03568921060496904,689,"I'll have your rover brought around front, sir."
65,503,12,65,188,265,1.3358490566037735,0.03446674426596413,689,She said she needed space
284,503,15,59,191,265,1.3358490566037735,0.03568921060496904,689,"Going up, I presume."
1845,510,13,56,176,245,1.3346938775510204,0.036708663317300584,689,Would you like to do the countdown or shall I?
4634,510,18,46,181,245,1.3346938775510204,0.038920508595183256,689,Down the hall to the right.  But there's a line.
1666,512,17,53,190,260,1.3346153846153845,0.036939748488466616,689,"You might think it's odd that we are in the space age and there are still elevator operators, but to me, the real mystery is why is there a chair in here?"
2984,512,17,53,190,260,1.3346153846153845,0.036939748488466616,689,"This IS ground control, Major Tom ..."
4502,512,18,51,191,260,1.3346153846153845,0.03733959089346322,689,The Jetsons? Top floor.
4879,515,16,54,188,258,1.3333333333333333,0.036705433284246636,689,"Seriously, man, it's just one small step."
5004,515,15,56,187,258,1.3333333333333333,0.03629222574829532,689,Is this your first time in Denver?
3170,515,15,56,187,258,1.3333333333333333,0.03629222574829532,689,"I'm sorry sir, did you say Floor 51 or Area 51?"
4097,515,16,54,188,258,1.3333333333333333,0.036705433284246636,689,"Well, this is as far as I go. Good luck!"
3958,515,15,56,187,258,1.3333333333333333,0.03629222574829532,689,This wasn't what I expected from the star button.
3928,515,16,54,188,258,1.3333333333333333,0.036705433284246636,689,I'm sorry but this elevator doesn't go that high.
3722,515,12,62,184,258,1.3333333333333333,0.03502336507687513,689,Wouldn't it be easier to just get a flu shot?
3232,515,14,58,186,258,1.3333333333333333,0.035874259113550744,689,"Good evening, Major Tom."
2623,515,15,56,187,258,1.3333333333333333,0.03629222574829532,689,"I mean, you could just get the vaccine."
151,515,12,62,184,258,1.3333333333333333,0.03502336507687513,689,"I don’t know about the moon, but here we have landed safely on the lobby, sir!"
2367,515,19,48,191,258,1.3333333333333333,0.037918048222995784,689,"Taking the stairs would be 2,300 small steps for man, sir."
2202,515,22,42,194,258,1.3333333333333333,0.039093067537590176,689,I took a Lyft. Don't ask.
1222,515,19,48,191,258,1.3333333333333333,0.037918048222995784,689,Your floor Major Tom.
950,515,12,62,184,258,1.3333333333333333,0.03502336507687513,689,"Beam me up, Ernie."
718,515,17,52,189,258,1.3333333333333333,0.037114040677395016,689,Going up I assume?
609,515,12,62,184,258,1.3333333333333333,0.03502336507687513,689,You're interested in the space for rent?
60,515,17,55,195,267,1.3333333333333333,0.03625116260475607,689,Last floor with a bathroom before the moon.”
2432,515,16,54,188,258,1.3333333333333333,0.036705433284246636,689,"Sir, you do know it’s casual Friday."
1059,533,22,43,197,262,1.33206106870229,0.03864245410431625,689,Shall I count backwards?
5090,534,13,59,184,256,1.33203125,0.0356094831510932,689,"I think gravitational conditions today will allow you to take a walk without tethering yourself to the building, sir."
3637,535,14,55,182,251,1.3306772908366533,0.03649019621882801,689,"Watch the small step, Mr. Armstrong."
2933,535,13,57,181,251,1.3306772908366533,0.03605082398681631,689,"I like it, but the rent's astronomical."
1246,535,16,51,184,251,1.3306772908366533,0.03735343946692043,689,Most of our residents just get a flu shot.
5216,538,8,65,172,245,1.3306122448979592,0.034273126144235076,689,Prepare for re-entry.
116,539,14,51,174,239,1.3305439330543933,0.037709607645597484,689,Happy Halloween Mr Armstrong
2472,539,15,49,175,239,1.3305439330543933,0.03817296185132398,689,"Your Planet, sir."
4047,541,14,55,183,252,1.3293650793650793,0.036368785868405536,689,Just take one small step.
5341,541,14,55,183,252,1.3293650793650793,0.036368785868405536,689,"You can walk on the moon, but you can't take the stairs?"
5154,541,18,47,187,252,1.3293650793650793,0.03806792350088918,689,"Kind of like yours, it has its ups and downs."
3974,541,11,61,180,252,1.3293650793650793,0.035040404177837645,689,Shall I announce you or will the Montforts recognize you?
3802,541,13,57,182,252,1.3293650793650793,0.03593144906638237,689,I believe Ground Control is on this floor.
3077,541,18,47,187,252,1.3293650793650793,0.03806792350088918,689,"Sorry, but Pres. Trump is wrong. You can't take an elevator to the international space station."
2808,541,16,51,185,252,1.3293650793650793,0.03722804980932714,689,"I'm sorry sir, you need the elevators across the lobby."
2456,541,21,41,190,252,1.3293650793650793,0.039294089380786816,689,You're sure this thing doesn't go any higher?
3009,541,27,29,196,252,1.3293650793650793,0.041638237011870326,689,"Regardless, no smoking allowed."
2122,541,13,57,182,252,1.3293650793650793,0.03593144906638237,689,"I see our jobs to be very similar, only you have more buttons to push."
2279,541,15,53,184,252,1.3293650793650793,0.03680092579098845,689,What do you mean going down?
452,541,11,61,180,252,1.3293650793650793,0.035040404177837645,689,Try jumping while we go down. It feels like there’s no gravity.
676,541,13,57,182,252,1.3293650793650793,0.03593144906638237,689,It’s only one small step...
337,541,13,57,182,252,1.3293650793650793,0.03593144906638237,689,"Here we are, sir, back to 1-G."
1723,541,19,45,188,252,1.3293650793650793,0.03848098690524263,689,"This doesn't go to the moon, and my name is not Alice."
1874,541,12,59,181,252,1.3293650793650793,0.0354887232579326,689,Climate change is a bitch.
1080,541,15,53,184,252,1.3293650793650793,0.03680092579098845,689,"Might I suggest an umbrella, meteor showers are in today's forecast."
1898,558,16,50,184,250,1.328,0.03740669785181133,689,"If you think you might actually not come back this time, my Great Aunt Vera would like to rent your apartment."
5019,558,19,44,187,250,1.328,0.03867359029551538,689,"Try space*woman*, you misogynist trash. And Housewares, please."
5239,558,12,58,180,250,1.328,0.03564753831545465,689,The observation deck is as close to ‘infinity and beyond’ as i can go.
5235,561,10,61,176,247,1.3279352226720649,0.03500089269024855,689,Do you want the observation deck?
4430,561,14,53,180,247,1.3279352226720649,0.03683373080146771,689,"Remember, none of that One Small Step crap. MAKE AN ENTRANCE!"
3617,561,16,49,182,247,1.3279352226720649,0.03771676474162835,689,The air is thinner on the top floor is just an expression.
4010,561,18,45,184,247,1.3279352226720649,0.038579592537968665,689,"Last chance to use the bathroom, Captain."
4255,561,16,49,182,247,1.3279352226720649,0.03771676474162835,689,"Houston, we have a lobby."
4627,561,18,45,184,247,1.3279352226720649,0.038579592537968665,689,"What do you mean you ""need a little space'?"
5194,561,8,65,174,247,1.3279352226720649,0.03404749434677897,689,"Yes, I'm sure this is the top floor."
4701,561,18,45,184,247,1.3279352226720649,0.038579592537968665,689,"‘’We choose to go to 23, not because it is easy but because it is hard.”"
4781,561,10,61,176,247,1.3279352226720649,0.03500089269024855,689,I bet you’re going up.
4985,561,13,55,179,247,1.3279352226720649,0.03638417809769539,689,5th floor in 3... 2... 1...
5024,561,14,53,180,247,1.3279352226720649,0.03683373080146771,689,"Sir, please stop counting down."
2972,561,13,55,179,247,1.3279352226720649,0.03638417809769539,689,I'm afraid you'll have to take the stairs the rest of the way.
4633,561,13,55,179,247,1.3279352226720649,0.03638417809769539,689,The moon is just above lingerie.
2948,561,16,49,182,247,1.3279352226720649,0.03771676474162835,689,"Launch not go well today, Mr. Musk?"
3379,561,11,59,177,247,1.3279352226720649,0.035467982717155885,689,"God speed, Mr. Glenn."
2465,561,19,43,185,247,1.3279352226720649,0.03900384941651095,689,"You do realize that this is a three story building, sir?"
392,561,14,53,180,247,1.3279352226720649,0.03683373080146771,689,"NASA Recruitment Office on the right, Germophobe Support Center on the left."
731,561,15,51,181,247,1.3279352226720649,0.037277862514703886,689,"Do watch the one small step, sir,"
2944,561,12,57,178,247,1.3279352226720649,0.03592900091756856,689,"Going way up, I assume?"
751,561,12,57,178,247,1.3279352226720649,0.03592900091756856,689,I can give you a countdown if you like.
1048,561,14,53,180,247,1.3279352226720649,0.03683373080146771,689,Watch that small step.
851,561,19,43,185,247,1.3279352226720649,0.03900384941651095,689,"I see you're new to the Republican Party. Trump Tower isn't literally ""out of this world"", it's just crap he says to market his brand."
1332,561,9,63,175,247,1.3279352226720649,0.03452748441754945,689,"I’m sorry sir, this is as high as it goes."
1626,561,14,53,180,247,1.3279352226720649,0.03683373080146771,689,The listing said spacious not spaceish.
1827,561,15,51,181,247,1.3279352226720649,0.037277862514703886,689,"That's one small step, sir."
2119,561,16,49,182,247,1.3279352226720649,0.03771676474162835,689,NASA budget got slashed again?
2195,561,14,53,180,247,1.3279352226720649,0.03683373080146771,689,"Careful, it's one small step."
1112,561,12,57,178,247,1.3279352226720649,0.03592900091756856,689,"Just one small step, Sir, and then one giant leap."
1480,589,15,50,180,245,1.3265306122448979,0.03745802848477228,689,I need more space
4596,589,16,48,181,245,1.3265306122448979,0.037901977564752116,689,"You know, sir, the garbage strike is over."
4349,589,12,56,177,245,1.3265306122448979,0.0360934326700458,689,"Twelfth floor: gravity, oxygen, restrooms."
3014,589,13,54,178,245,1.3265306122448979,0.036553958571679895,689,"Sorry, I can only take you as far as the 43rd floor."
1163,589,11,58,176,245,1.3265306122448979,0.035626954354170785,689,"Sorry.  I tried, but we never really achieved escape velocity."
4901,589,16,48,181,245,1.3265306122448979,0.037901977564752116,689,"Sir, will you be using your frequent flier miles for this stay?"
217,589,10,60,175,245,1.3265306122448979,0.03515428666892855,689,"All the way up? Very well, Sir."
738,589,12,56,177,245,1.3265306122448979,0.0360934326700458,689,I assume you are going up.
2439,597,12,51,167,230,1.326086956521739,0.03762037909328722,689,Up.Wherever.
4274,597,14,47,169,230,1.326086956521739,0.03861654416948128,689,My name is not Scotty.
4248,599,17,45,181,243,1.3251028806584362,0.03853348297792742,689,"Sixth floor: Lunar rovers, golf clubs, Tang..."
3942,599,16,47,180,243,1.3251028806584362,0.03808962031039409,689,"Beware of Alien life forms, you are in NYC."
3490,599,15,49,179,243,1.3251028806584362,0.037640523911998756,689,Everything else was in the laundry basket.
2600,599,13,53,177,243,1.3251028806584362,0.036725859694897244,689,"The bar is casual dress, sir. But I'm afraid you'll need a jacket for the outdoor terrace."
1144,599,14,51,178,243,1.3251028806584362,0.03718600415948874,689,Your visiting Mrs. Ralph Kramden ?
5285,599,12,55,176,243,1.3251028806584362,0.036259876382980706,689,I need more space too sometimes.
79,599,11,57,175,243,1.3251028806584362,0.03578782614645385,689,"And that’s when I told  my wife. Honey, I need some space"
935,599,16,47,180,243,1.3251028806584362,0.03808962031039409,689,"Sir, I believe the penthouse has scheduled a “power lunch” not launch."
1570,607,11,53,167,231,1.3246753246753247,0.036978216470052394,689,Seventh Floor - Lunar and Extraterrestrial Outerwear
4739,608,11,58,178,247,1.3238866396761133,0.03538711068378116,689,"Difficult transition, sir?"
540,609,16,46,179,241,1.3236514522821576,0.03827974185221646,689,I don't think your elevator goes all the way to the top.
3905,609,15,48,178,241,1.3236514522821576,0.03782539477204423,689,Maybe air pollution deregulation wasn't such a good idea.
2249,611,14,49,175,238,1.3235294117647058,0.037680938465978676,689,"Houston, we DEFINITELY have a problem"
1979,611,11,55,172,238,1.3235294117647058,0.03624198478405653,689,Know when the shuttle bus gets here?
1505,611,13,51,174,238,1.3235294117647058,0.03720747106178869,689,All the way up I assume...
3597,611,10,57,171,238,1.3235294117647058,0.03574946489424362,689,"First floor, the final frontier."
1028,611,10,57,171,238,1.3235294117647058,0.03574946489424362,689,"Do you really want floors 10, 9, 8, 7, 6, 5, 4, 3, 2, 1?"
239,611,13,51,174,238,1.3235294117647058,0.03720747106178869,689,"I think you're taking ""Space needle"" too literally"
201,611,14,49,175,238,1.3235294117647058,0.037680938465978676,689,Do you have shuttle service here?
4051,611,10,57,171,238,1.3235294117647058,0.03574946489424362,689,"An excellent choice sir, the CO2 level is a little elevated"
2662,611,16,45,177,238,1.3235294117647058,0.03861045927469562,689,"The Otis has landed, sir."
497,611,14,49,175,238,1.3235294117647058,0.037680938465978676,689,"This is the local, sir."
3178,611,16,45,177,238,1.3235294117647058,0.03861045927469562,689,Forgot my charger.
4052,622,14,49,176,239,1.3221757322175731,0.03754735617717289,689,I have to pee.
4403,622,13,51,175,239,1.3221757322175731,0.037076184379972975,689,You can't be too careful out there.  None of the antibiotics work well any more.
780,624,14,48,174,236,1.3220338983050848,0.03786718865136386,689,"It's just one small step, man."
5324,625,7,60,163,230,1.3217391304347825,0.03491052991128399,689,"Alien Overlords' conference on the 13th, sir."
2447,626,12,59,187,258,1.321705426356589,0.034799833446047375,689,This is as far as we go.
4105,627,12,51,171,234,1.3205128205128205,0.03707945620968811,689,"So, buddy, what do you do?"
5231,627,15,45,174,234,1.3205128205128205,0.03853483350364872,689,"Earth, main level sir"""
4889,627,11,53,170,234,1.3205128205128205,0.03658146569904303,689,"Watch your one small step for man, sir."
4670,627,14,47,173,234,1.3205128205128205,0.038055892487734555,689,"Beyond the penthouse as usual, Sir."
4136,627,15,45,174,234,1.3205128205128205,0.03853483350364872,689,A package came while you were away.
4082,627,8,59,167,234,1.3205128205128205,0.035045061169050803,689,Prepare for liftoff.
4026,627,15,45,174,234,1.3205128205128205,0.03853483350364872,689,"Take one small step, and it's on your left."
3401,627,17,41,176,234,1.3205128205128205,0.03947528686894829,689,"Watch the step. It's a small step for man, but you know."
2774,627,19,37,178,234,1.3205128205128205,0.040393850443076036,689,"Yes, it is one small step, but it's not for mankind -- this is your floor."
3809,627,13,49,172,234,1.3205128205128205,0.03757084658245133,689,I think your co-workers might be pulling your leg about our moon deck.
1683,627,12,51,171,234,1.3205128205128205,0.03707945620968811,689,"I'm sorry sir, the ""To the Moon!"" button appears to be broken."
1331,627,9,57,168,234,1.3205128205128205,0.03556457159109932,689,"I was told that if I wanted in, I’d need to dazzle the co-op board."
932,627,15,45,174,234,1.3205128205128205,0.03853483350364872,689,The Germaphobe will see you now.
616,627,13,49,172,234,1.3205128205128205,0.03757084658245133,689,Welcome home Sir.
453,627,8,59,167,234,1.3205128205128205,0.035045061169050803,689,I work best under pressure.
2522,627,16,43,175,234,1.3205128205128205,0.039007894499316985,689,I only farted in here one time. ONE time.
399,643,15,49,183,247,1.319838056680162,0.037122033650496926,689,"I can take you part of the way, sir."
4580,644,16,42,174,232,1.3189655172413792,0.03921069463481772,689,Oh! I thought you said the dark side of the ROOM!
2204,644,12,50,170,232,1.3189655172413792,0.0372585904510617,689,"One small step for man, one giant step for conquering agoraphobia"
2652,644,7,60,165,232,1.3189655172413792,0.034664211345690886,689,Returns Department please.
3059,644,15,44,173,232,1.3189655172413792,0.038731893458862535,689,The Coop Board says you have to return the terrace rocks you took.
4527,644,13,48,171,232,1.3189655172413792,0.037756079844658,689,I cant find the zipper.
3875,649,16,39,168,223,1.3183856502242153,0.04029810011634201,689,"Be careful sir, small step."
3600,649,11,49,163,223,1.3183856502242153,0.03770863502297503,689,What Planet?
3106,649,11,49,163,223,1.3183856502242153,0.03770863502297503,689,Have a nice light year.
971,649,10,51,162,223,1.3183856502242153,0.03716910022798214,689,"Where you the thump on the roof, sir?"
2483,653,12,49,169,230,1.317391304347826,0.037440018425935084,689,"The breakfast buffet is five small steps down the hall, one giant leap to the right."
4241,653,13,47,170,230,1.317391304347826,0.03794373808640612,689,"You can go up, or down, there is no re-entry button."
2501,653,14,45,171,230,1.317391304347826,0.038440857693412815,689,So is getting out of the elevator more of a small step or a giant leap?
2496,653,18,37,175,230,1.317391304347826,0.04036816395560897,689,Please watch your one step for mankind
1730,653,8,57,165,230,1.317391304347826,0.035353441965283186,689,"I suppose I can get you part of the way there, sir."
1971,653,11,51,168,230,1.317391304347826,0.03692942863759106,689,I don't know altitude.  What floor do ya want?
1122,653,7,59,164,230,1.317391304347826,0.03481226189946896,689,"Well, they say dress for the job you want."
1372,653,11,51,168,230,1.317391304347826,0.03692942863759106,689,"It's not exactly the final frontier, but it is the penthouse."
719,653,10,53,167,230,1.317391304347826,0.03641167970944904,689,"Going up, I imagine, Sir?"
4,662,12,48,168,228,1.3157894736842106,0.037623783361083546,689,"Take me back up, Frank. I forgot my umbrella."
1876,662,13,46,169,228,1.3157894736842106,0.038133868634915774,689,Who is Scottie?
2820,662,13,46,169,228,1.3157894736842106,0.038133868634915774,689,"I am sorry, I couldn't get it to blast off, sir. You can try the countdown in Times Square in another couple of weeks though."
5109,665,11,49,165,225,1.3155555555555556,0.03742599988473433,689,It looks like one small step to me.
4649,665,11,49,165,225,1.3155555555555556,0.03742599988473433,689,"Sorry, I meant to say Ground Zero, not ground floor..."
3878,665,7,57,161,225,1.3155555555555556,0.03524167006034157,689,"We don't have a floor for a ""galaxy far, far away""."
3760,665,13,45,167,225,1.3155555555555556,0.03847168499997386,689,Thank you for coming quickly to fix the Presidential toilet.
3354,665,16,39,170,225,1.3155555555555556,0.039988975553080036,689,Your rover is waiting at the curb
2334,665,12,47,166,225,1.3155555555555556,0.03795244401951835,689,"Mars is as high as we go. For Uranus, use Elevator Bank #7"
2980,665,12,47,166,225,1.3155555555555556,0.03795244401951835,689,"That’s one small step out of the elevator, and one giant leap for the continental breakfast."
1322,672,12,51,175,238,1.315126050420168,0.03655306292044286,689,It's ok. Just one small step.
382,673,11,51,170,232,1.3146551724137931,0.03666124799161578,689,"Way,Way,Way up Sir?"
3185,674,14,42,167,223,1.3139013452914798,0.03918814796192727,689,"Sorry, Sir. P is for Penthouse.  Anyway, Pluto's no longer on the agenda."
5115,674,16,38,169,223,1.3139013452914798,0.040205835742616006,689,Don't ask.
5291,674,11,48,164,223,1.3139013452914798,0.037610018745959616,689,That's one small tip...
5329,674,17,36,170,223,1.3139013452914798,0.040705139372078994,689,"Yes, the penthouse is out of this world, but it still has oxygen."
4693,674,2,66,155,223,1.3139013452914798,0.03241791508144872,689,More cutbacks at NASA?
4277,674,9,52,162,223,1.3139013452914798,0.03652006603218455,689,The restaurant has a great view but no atmosphere.
3772,674,15,40,168,223,1.3139013452914798,0.03970025294911937,689,"Yeah, well, the city ain't the kind of place to raise your kids either."
3765,674,12,46,165,223,1.3139013452914798,0.038143317286381775,689,"Sorry, that floor does not exist yet."""
3324,674,8,54,161,223,1.3139013452914798,0.03596270400646985,689,My name isn't Houston.
3192,674,12,46,165,223,1.3139013452914798,0.038143317286381775,689,This may take a while.
4978,674,13,44,166,223,1.3139013452914798,0.03866926165764931,689,"No, it doesn't actually scrape the sky."
2154,674,17,36,170,223,1.3139013452914798,0.040705139372078994,689,"Good morning. To the moon, Alice?"
2760,674,12,46,165,223,1.3139013452914798,0.038143317286381775,689,"Thanks for opening the pod bay doors, Hal"
1732,674,12,46,165,223,1.3139013452914798,0.038143317286381775,689,"Sir, the air today is really not that bad."
1443,674,16,38,169,223,1.3139013452914798,0.040205835742616006,689,That’s one small step for Bill one giant surprise for the lobby.
1401,674,9,52,162,223,1.3139013452914798,0.03652006603218455,689,"Bringing your work home with you, again?"
1115,674,12,46,165,223,1.3139013452914798,0.038143317286381775,689,10? 9? 8? 7? 6? 5? 4? 3? or 2?
943,674,15,40,168,223,1.3139013452914798,0.03970025294911937,689,How did you know my name is Scottie?
895,674,13,44,166,223,1.3139013452914798,0.03866926165764931,689,The Eagle has landed in the lower lobby.
2380,693,12,45,163,220,1.3136363636363637,0.0384849792279348,689,I heard he sucks all the oxygen out of the room.
1271,694,12,49,172,233,1.3133047210300428,0.03703150829057738,689,Would you please stop singing 'Fly Me to the Moon'?
1387,695,10,49,162,221,1.3122171945701357,0.03724826753393131,689,"Yeah, NASA budget cuts have really impacted our training."
2291,695,24,21,176,221,1.3122171945701357,0.04430945867217376,689,Welcome to the Apollo Hotel - Did you say Floor 1 or 11?
1950,695,15,39,167,221,1.3122171945701357,0.03991378346566801,689,"Last time, you farted."
2117,695,10,49,162,221,1.3122171945701357,0.03724826753393131,689,And 3…2…1…lobby.
2435,695,16,37,168,221,1.3122171945701357,0.040425801733511915,689,"How was it, Alice?"
1917,695,15,39,167,221,1.3122171945701357,0.03991378346566801,689,I thought there'd be more cheese.
1696,695,12,45,164,221,1.3122171945701357,0.03833672005773689,689,"Watch your leap, sir."
2201,695,14,41,166,221,1.3122171945701357,0.03939511105824237,689,You may want the express.
2598,695,13,43,165,221,1.3122171945701357,0.038869518134886476,689,Down? Really?
3556,695,10,49,162,221,1.3122171945701357,0.03724826753393131,689,"I've seen all sorts of strange things in a lift, but never a chair."
2698,695,10,49,162,221,1.3122171945701357,0.03724826753393131,689,"Careful, there’s a small step."
3224,695,15,39,167,221,1.3122171945701357,0.03991378346566801,689,Per ardua ad astra sir?
3656,695,17,35,169,221,1.3122171945701357,0.040931415575938705,689,"On your countdown, sir."
3808,695,10,49,162,221,1.3122171945701357,0.03724826753393131,689,"Well, it's no rocket ship, but I make do."
4850,695,12,45,164,221,1.3122171945701357,0.03833672005773689,689,"Look, you'll have to speak up or lose the helmet. I can't make any assumptions here."
4751,695,13,43,165,221,1.3122171945701357,0.038869518134886476,689,Close the pod bay doors HAL
4715,695,15,39,167,221,1.3122171945701357,0.03991378346566801,689,I’m afraid the “M” stands for mezzanine.
4615,695,10,49,162,221,1.3122171945701357,0.03724826753393131,689,"What exactly to do you mean by ALL the way up, sir?"
3910,695,15,39,167,221,1.3122171945701357,0.03991378346566801,689,Boldly going down?
2616,695,11,47,163,221,1.3122171945701357,0.0377964121251251,689,"I missed my flight. Can you hit floor 23,890 for me?"
1189,695,11,47,163,221,1.3122171945701357,0.0377964121251251,689,Well the AIRPORT Shuttle will be in in 5 minutes.
5325,695,5,59,157,221,1.3122171945701357,0.034376689165980044,689,Shall I hail you a rover?
1040,695,10,49,162,221,1.3122171945701357,0.03724826753393131,689,"Sir, it's just one small step"
25,695,13,43,165,221,1.3122171945701357,0.038869518134886476,689,"High flyers lounge, sir?"
178,695,15,39,167,221,1.3122171945701357,0.03991378346566801,689,Forgot my toothbrush.
329,695,14,41,166,221,1.3122171945701357,0.03939511105824237,689,"Yes, I’m afraid the restaurant lacks atmosphere."
458,695,8,53,160,221,1.3122171945701357,0.036127036465414056,689,Please take one small step back so I can close the door
513,695,16,37,168,221,1.3122171945701357,0.040425801733511915,689,"So, this is Trump's Military Space Force?"
523,695,9,51,161,221,1.3122171945701357,0.03669193506789113,689,"You know, sometimes I jump a little on the way down, and it feels like floating."
405,695,16,37,168,221,1.3122171945701357,0.040425801733511915,689,Just get off this elevator.  I don't care if you start with a small step or a giant leap.
758,695,11,47,163,221,1.3122171945701357,0.0377964121251251,689,"Lunar buggies, Satellites, Asteroids.  Thank you for shopping at Macy's, enjoy the experience."
768,695,11,47,163,221,1.3122171945701357,0.0377964121251251,689,"Can you find your way back, sir, or would you like a tether?"
779,695,12,45,164,221,1.3122171945701357,0.03833672005773689,689,Can you take one giant leap back?
805,695,11,47,163,221,1.3122171945701357,0.0377964121251251,689,Mr. Jackson! Just get a flu shot!
814,695,11,47,163,221,1.3122171945701357,0.0377964121251251,689,Ready for lift off?
1095,695,10,49,162,221,1.3122171945701357,0.03724826753393131,689,I can step out if you need some space.
564,695,17,35,169,221,1.3122171945701357,0.040931415575938705,689,"Where are you going?
""To where no man has gone before!""

Next stop...Ladies Lingerie."
384,732,5,56,151,212,1.3113207547169812,0.03520891970949807,689,Express or local?
1088,733,9,52,164,225,1.3111111111111111,0.03624821348148964,689,"Sorry, Commander. This is as high as we go."
1539,734,17,34,168,219,1.3105022831050228,0.041161003904231254,689,"I can get you to the roof, but the rest is up to you."
1931,734,8,52,159,219,1.3105022831050228,0.036293273824117976,689,Please take me where no man has gone before.
2977,734,17,34,168,219,1.3105022831050228,0.041161003904231254,689,"Welcome back, Mr. Mitty."
4288,734,13,42,164,219,1.3105022831050228,0.03907250825425628,689,Watch that first step.
4031,734,15,38,166,219,1.3105022831050228,0.04013034477601124,689,"You were right, the Penthouse view was breathtaking!"
1423,734,18,32,169,219,1.3105022831050228,0.04166677426541973,689,"Unfortunately, the plunger didn’t do the trick. I’m going in."
4898,734,13,42,164,219,1.3105022831050228,0.03907250825425628,689,"One small step should do it, sir."
3978,734,9,50,160,219,1.3105022831050228,0.03686588613004861,689,"The Eagle has landed, Mr. Steinberg."
1254,734,12,44,163,219,1.3105022831050228,0.03853270125487729,689,They've really fixed up the place since you were here last.
3428,734,11,46,162,219,1.3105022831050228,0.03798522384712664,689,To the moon Alice..to the moon
698,734,14,40,165,219,1.3105022831050228,0.039604958484515916,689,Next floor: infinity and beyond.
651,734,11,46,162,219,1.3105022831050228,0.03798522384712664,689,"Okay, have it your way - one giant leap for mankind."
1091,734,10,48,161,219,1.3105022831050228,0.037429739451871884,689,The new apartments are spacious but maybe you misunderstood.
92,747,12,43,161,216,1.3101851851851851,0.03888453074304286,689,"Going out for a walk, Sir?"
918,747,12,43,161,216,1.3101851851851851,0.03888453074304286,689,Tenth Floor. The Right Stuff. The Left Stuff and All the Middle Stuff.
3657,747,8,51,157,216,1.3101851851851851,0.036602478639598805,689,Your floor sir. Your room is one small step then a giant leap on the left.
597,750,11,47,165,223,1.3094170403587444,0.03750872835445482,689,Actually you don't need that- we got the elevator fixed.
875,751,15,38,167,220,1.309090909090909,0.03997244229779673,689,"Welcome back, Mrs. Cramden, I think you'll like the changes."
2451,752,13,41,163,217,1.3087557603686637,0.03927828710639025,689,I’m just looking forward to a hot shower in gravity.
4369,753,9,53,168,230,1.308695652173913,0.03568809056474494,689,I see they’ve cut NASA’s budget again.
408,754,15,39,170,224,1.3080357142857142,0.03945129735451231,689,"Okay sir, but this is the last time..... 'Prepare for lift off'"
416,755,10,48,163,221,1.3076923076923077,0.03714318052151523,689,"Goodnight and godspeed, sir."
4253,756,11,45,162,218,1.3073394495412844,0.03802735757208529,689,This place has no atmosphere.
1352,756,15,37,166,218,1.3073394495412844,0.04018944717830568,689,Floor two thousand six hundred eighty three please.
5108,756,22,23,173,218,1.3073394495412844,0.04371655533682125,689,T-minus ten seconds and counting.
5113,759,12,41,159,212,1.3066037735849056,0.03929505876695744,689,To the top Mr. Musk?
2269,759,11,43,158,212,1.3066037735849056,0.03872196949882059,689,"True, the cheap seats are very high in this stadium but the atmosphere does support life."
2395,759,11,43,158,212,1.3066037735849056,0.03872196949882059,689,Moonlight Lounge or Mars Bar?
2704,759,10,45,157,212,1.3066037735849056,0.03814027005982712,689,"You know what they say, dress for the job you want."
2877,759,12,41,159,212,1.3066037735849056,0.03929505876695744,689,Watch that first small step!
2930,759,13,39,160,212,1.3066037735849056,0.03985990924638046,689,"This is Ground Floor,Major Tom."
3108,759,13,39,160,212,1.3066037735849056,0.03985990924638046,689,"My mom always said, “Dress for the job you want, not the job you have.”"
3189,759,13,39,160,212,1.3066037735849056,0.03985990924638046,689,"Alright, so these Polack astronauts were gonna launch a rocket and go fly to the sun, right? Everyone goes, Whoa, bad idea! You guys'll melt, right? Get this: The Polacks say, Relax! We'll just go when it's dar— hang on...you're not Polish are you?"
3823,759,12,41,159,212,1.3066037735849056,0.03929505876695744,689,Taxis are one small step and one giant leap to the right.
4769,759,12,41,159,212,1.3066037735849056,0.03929505876695744,689,The air a bit thin on the 117th floor?
3907,759,11,43,158,212,1.3066037735849056,0.03872196949882059,689,"Great story. Now, please take a small step out of the elevator."
5191,759,15,35,162,212,1.3066037735849056,0.04096625206669242,689,"Sir, can you please take a giant leap for mankind and exit?"
4382,759,12,41,159,212,1.3066037735849056,0.03929505876695744,689,"What altitude, sir?"
4515,759,10,45,157,212,1.3066037735849056,0.03814027005982712,689,I am looking for the “moonwalking” competition
4517,759,11,43,158,212,1.3066037735849056,0.03872196949882059,689,Watch your one small step as you exit.
4560,759,12,41,159,212,1.3066037735849056,0.03929505876695744,689,"Sir, I believe the ad said, ""spacious"" apartments."
4737,759,13,39,160,212,1.3066037735849056,0.03985990924638046,689,"Going up. Way, way up."
2166,759,8,49,155,212,1.3066037735849056,0.03694940807339748,689,"Um, rooftop?"
5256,759,11,43,158,212,1.3066037735849056,0.03872196949882059,689,I think it just left.
4268,759,10,45,157,212,1.3066037735849056,0.03814027005982712,689,You had a good trip I hope?
2158,759,10,45,157,212,1.3066037735849056,0.03814027005982712,689,"Reception, we have a problem"
744,759,10,45,157,212,1.3066037735849056,0.03814027005982712,689,"No, I will not count backwards from 10."
1598,759,6,53,153,212,1.3066037735849056,0.035718864955543536,689,"Well, I'm happy to help but I think there's so much more to it than getting used to heights."
118,759,14,37,161,212,1.3066037735849056,0.040416866364931525,689,"Going up, sir?"
153,759,18,29,165,212,1.3066037735849056,0.0425718918217751,689,Enjoy your holidays Mr. Musk.
300,759,12,41,159,212,1.3066037735849056,0.03929505876695744,689,Fly me to the moon!
345,759,14,37,161,212,1.3066037735849056,0.040416866364931525,689,How long do you have to wear that before you win the bet?
484,759,8,49,155,212,1.3066037735849056,0.03694940807339748,689,"To the moon, Ellis!"
883,759,10,45,157,212,1.3066037735849056,0.03814027005982712,689,Let me guess: they promised you the moon!
890,759,11,43,158,212,1.3066037735849056,0.03872196949882059,689,I agree with you. This place lacks atmosphere.
887,759,9,47,156,212,1.3066037735849056,0.037549560298430894,689,I missed my ride. How fast will this thing go?
1094,759,12,41,159,212,1.3066037735849056,0.03929505876695744,689,NASA cutbacks?
1162,759,11,43,158,212,1.3066037735849056,0.03872196949882059,689,The agoraphobia clinic is on the left
1191,759,14,37,161,212,1.3066037735849056,0.040416866364931525,689,Wait. So that’s what’s on the 13th floor?
1297,759,16,33,163,212,1.3066037735849056,0.04150836698814864,689,Mr. Trump told you his Tower went to where?
1461,759,12,41,159,212,1.3066037735849056,0.03929505876695744,689,Welcome back sir
1488,759,15,35,162,212,1.3066037735849056,0.04096625206669242,689,Ten? Nine? Eight?
1584,759,11,43,158,212,1.3066037735849056,0.03872196949882059,689,"This is as far as I can take you,son."
1066,759,11,43,158,212,1.3066037735849056,0.03872196949882059,689,Down?  Are you sure?
3396,798,8,45,146,199,1.306532663316583,0.03846633052784155,689,"To infinity and beyond, sir?"
4551,799,14,36,159,209,1.30622009569378,0.04081033997423919,689,"I couldn't tell you whether it's an alien atmosphere, sir. I haven't been outside of this elevator since 1962."
3264,799,9,46,154,209,1.30622009569378,0.037887342530758455,689,"I said, 'Close the elevator doors, Hal.'"
4223,799,10,44,155,209,1.30622009569378,0.03848970445452929,689,"3G the apartment, or the gravitational pull?"
2668,799,10,44,155,209,1.30622009569378,0.03848970445452929,689,"Just press 3,2,1..."
2884,803,7,48,148,203,1.3054187192118227,0.03730418461968661,689,"I’m sorry, only 44 floors."
4897,803,9,44,150,203,1.3054187192118227,0.03858949197155256,689,Can you give me some space?
1445,805,12,44,167,223,1.304932735426009,0.03794092614742876,689,"Welcome to the 116,914th floor, featuring light oxygen, burning meteorites, space debris and obsolete satellites. Please mind the saftey warnings and guard rails on Exosphere Obsevation Deck."
2709,806,13,38,159,210,1.3047619047619048,0.040077174950894606,689,"Yes, sir, the oxygen's a little thin these days in the president's suite."
5292,806,13,38,159,210,1.3047619047619048,0.040077174950894606,689,"I can get you to the 50th floor, but from there you’re on your own”"
4530,806,11,42,157,210,1.3047619047619048,0.03892355352228798,689,"Please, no leaping of any kind."
4452,806,11,42,157,210,1.3047619047619048,0.03892355352228798,689,"Sorry, we don't go any higher."
5105,806,10,44,156,210,1.3047619047619048,0.03833372604093319,689,The fake moon set is right around the corner on your left.
3930,806,10,44,156,210,1.3047619047619048,0.03833372604093319,689,"Let me guess, budget cuts?"
3849,806,12,40,158,210,1.3047619047619048,0.03950457549985211,689,These budget cuts at NASA have really limited the scope of our exploration.
3424,806,10,44,156,210,1.3047619047619048,0.03833372604093319,689,"Yes, sir, I do realize that  flu season has started."
4667,806,10,44,156,210,1.3047619047619048,0.03833372604093319,689,Should we hold your mail Mr. Musk?
5326,806,8,48,154,210,1.3047619047619048,0.037125969602680046,689,"This is the best I can offer you, a lobby with no atmosphere."
2846,806,8,48,154,210,1.3047619047619048,0.037125969602680046,689,Climate change anxiety?
5212,806,9,46,155,210,1.3047619047619048,0.03773468014387059,689,It's straight ahead for the infinity pool
2954,806,8,48,154,210,1.3047619047619048,0.037125969602680046,689,Are you sure you have enough oxygen to walk down the stairs?
2570,806,12,40,158,210,1.3047619047619048,0.03950457549985211,689,Can you hear me Major Tom?
2660,806,9,46,155,210,1.3047619047619048,0.03773468014387059,689,I borrow it for flu season.
198,806,11,42,157,210,1.3047619047619048,0.03892355352228798,689,"Sir, you do know that our “Mercury suite” isn’t actually Mercury, right?"
569,806,9,46,155,210,1.3047619047619048,0.03773468014387059,689,"Would that be the fancy dress party on the 10th or the launch pad on the 120th, sir?"
747,806,8,48,154,210,1.3047619047619048,0.037125969602680046,689,"I'm a dreamer, too."
948,806,11,42,157,210,1.3047619047619048,0.03892355352228798,689,"Thanks George, that was the smoothest decent I’ve had in years!"
527,806,10,44,156,210,1.3047619047619048,0.03833372604093319,689,"Fifth floor, lingerie , decontamination."
1140,806,11,42,157,210,1.3047619047619048,0.03892355352228798,689,"It might take a little longer to get there, but we will save the country billions!"
1359,806,10,44,156,210,1.3047619047619048,0.03833372604093319,689,C’mon. It’s not really that big of a leap.
1457,806,14,36,160,210,1.3047619047619048,0.04064170787092629,689,"Ground floor. Terrestrials. Life, death, joy and sorrow."
1896,806,11,42,157,210,1.3047619047619048,0.03892355352228798,689,"You should dress for the job you want, not the job you have."
2410,806,12,40,158,210,1.3047619047619048,0.03950457549985211,689,Convention or bachelorette party?
988,806,12,40,158,210,1.3047619047619048,0.03950457549985211,689,"To the Oxygen Bar, please."
2847,832,12,36,149,197,1.3045685279187818,0.04125789663980979,689,Going up--or going down?
2879,833,8,50,159,217,1.304147465437788,0.03634801586614325,689,"I'm sorry, sir, you will have to walk the rest of the way."
2967,834,8,47,153,208,1.3028846153846154,0.03730463454849987,689,I thought the elevator would be faster.
4481,834,12,39,157,208,1.3028846153846154,0.03971700256096563,689,Glad to see you're prepared for the 546th Floor.
4254,834,9,45,154,208,1.3028846153846154,0.03792211613563759,689,You could have just told me you don’t like my cologne.
4235,834,8,47,153,208,1.3028846153846154,0.03730463454849987,689,"No, this one doesn't do weightlessness simulation."
2970,834,9,45,154,208,1.3028846153846154,0.03792211613563759,689,"Watch your one giant step, sir."
2762,834,14,35,159,208,1.3028846153846154,0.04086982455605921,689,Try the stairs. Those have flights.
5058,834,11,41,156,208,1.3028846153846154,0.039127856560513194,689,NASA lost my luggage.
414,834,13,37,158,208,1.3028846153846154,0.04029753622537494,689,"Going away for the holidays, Mr. Branson?"
1794,834,11,41,156,208,1.3028846153846154,0.039127856560513194,689,"The eagle has landed on the 4th floor: Women’s perfumes, lingerie, assorted confectionery."
1277,843,13,40,165,218,1.3027522935779816,0.039017861758532446,689,I grabbed the wrong keys.
5127,844,10,39,146,195,1.3025641025641026,0.040204577941607665,689,I must be high.
2320,845,10,42,153,205,1.302439024390244,0.03888965262134908,689,It suits you.
4115,846,10,44,158,212,1.3018867924528301,0.03802535819131277,689,"Ground, please, Major Tom."
2534,847,8,42,143,193,1.3005181347150259,0.03907181821035974,689,Is that you Scottie?
3436,847,7,44,142,193,1.3005181347150259,0.038374921656139795,689,"To achieve escape velocity, you should really take the express elevator."
5128,847,10,38,145,193,1.3005181347150259,0.0404295895423199,689,Coming or going?
3987,847,10,38,145,193,1.3005181347150259,0.0404295895423199,689,You know something I don't?
2730,851,7,47,149,203,1.3004926108374384,0.03717514865843605,689,Bad weather. Launch aborted!
1960,851,13,35,155,203,1.3004926108374384,0.04092226507935977,689,"Trump re-elected, so, Mars, please"
3132,851,8,45,150,203,1.3004926108374384,0.03782545476287427,689,"Yes, Mr. Damon, I believe you mentioned that you can grow potatoes from poop last week as well."
2491,851,10,41,152,203,1.3004926108374384,0.03909362772244479,689,"Sorry, the closest I can get you is the 22nd floor."
4588,851,7,47,149,203,1.3004926108374384,0.03717514865843605,689,"I'm sorry, but this is as far as I can take you."
1756,851,10,41,152,203,1.3004926108374384,0.03909362772244479,689,"Bringing your work home again, Ms. Davis?"
4788,851,10,41,152,203,1.3004926108374384,0.03909362772244479,689,"No, you're looking for the express elevator."
5077,851,5,51,147,203,1.3004926108374384,0.03583915424914438,689,Mission success. My ears didn't pop.
4472,851,10,41,152,203,1.3004926108374384,0.03909362772244479,689,I'm afraid our free shuttle won't be of much help.
1156,851,12,37,154,203,1.3004926108374384,0.040321934836810104,689,"Floor 2, please, for man. And Floor 3 for mankind."
1013,851,6,49,148,203,1.3004926108374384,0.03651326235130725,689,"It's fast for a prewar, but no one's ever asked about the G-forces."
1072,851,6,49,148,203,1.3004926108374384,0.03651326235130725,689,"Prepared for lift-off, sir?"
1063,851,9,43,151,203,1.3004926108374384,0.03846476801255502,689,"They lost your luggage.again, didn't they?"
1014,851,8,45,150,203,1.3004926108374384,0.03782545476287427,689,"Going up?""  ""Where else?"
1141,851,16,29,158,203,1.3004926108374384,0.042672612176308966,689,"Yes, I'm with the new Space Force."
741,851,11,39,153,203,1.3004926108374384,0.039712530500366404,689,"For better atmosphere, head over to the cocktail lounge."
649,851,9,43,151,203,1.3004926108374384,0.03846476801255502,689,This is Venus. Mars is two floors up.
379,868,11,40,156,207,1.2995169082125604,0.03917143817452335,689,"Thanks for opening the pod door, Hal."
4976,868,12,38,157,207,1.2995169082125604,0.0397656093118904,689,"Would you mind saying ""lift off"" after you hit the button?"
5141,870,10,36,141,187,1.2994652406417113,0.04126609701868109,689,Hail a capsule for you?
1465,871,14,30,150,194,1.2989690721649485,0.04282247139987041,689,"10 to the what power, floor?"
1783,871,11,36,147,194,1.2989690721649485,0.040908632423789316,689,"Sorry, this is the Local."
2040,871,10,38,146,194,1.2989690721649485,0.04025046902561554,689,Just practicing.
2649,871,3,52,139,194,1.2989690721649485,0.03530139666873452,689,Can't be too careful around the office during flu season.
2507,875,9,42,150,201,1.2985074626865671,0.03866219058802574,689,If you tip me enough at Christmas I will make rocket sounds as I take you to your apartment.
2783,875,11,38,152,201,1.2985074626865671,0.03992827905917076,689,"Major Tom, Going for your nightly moon walk?"
2891,875,12,36,153,201,1.2985074626865671,0.04054650061852575,689,The perfume department sir.
3791,875,18,24,159,201,1.2985074626865671,0.04407409868726389,689,Good luck on your new planet Mr. Trump.
2462,875,12,36,153,201,1.2985074626865671,0.04054650061852575,689,"I see you have prepared for their toxic culture, Sir."
3327,875,12,36,153,201,1.2985074626865671,0.04054650061852575,689,I just had this nagging thought I'd left the front door unlocked.
3348,875,10,40,151,201,1.2985074626865671,0.03930033364802289,689,Going out for some fresh air?
3775,875,9,42,150,201,1.2985074626865671,0.03866219058802574,689,This is the ground floor. The eagle has landed.
4069,875,16,28,157,201,1.2985074626865671,0.04293045175085498,689,You want To Infinity and Beyond?
4877,875,8,44,149,201,1.2985074626865671,0.03801333630824492,689,"It's one giant step to your left and then it'll be on your right, sir."
4257,875,11,38,152,201,1.2985074626865671,0.03992827905917076,689,"July 16, 1973, Neil became the first man to stay at the Ramada."
4363,875,9,42,150,201,1.2985074626865671,0.03866219058802574,689,Just took it for a test drive
4824,875,8,44,149,201,1.2985074626865671,0.03801333630824492,689,I must warn you - this goes pretty fast
4857,875,11,38,152,201,1.2985074626865671,0.03992827905917076,689,I assume you won't be needing a cab
5048,875,9,42,150,201,1.2985074626865671,0.03866219058802574,689,"Off to meet the voters, Mr. Bloomberg?"
5230,875,7,46,148,201,1.2985074626865671,0.03735321262626063,689,Wouldn't a flu shot be easier?
5209,875,9,42,150,201,1.2985074626865671,0.03866219058802574,689,"I assure you, Sir, this hotel has a great atmosphere."""
5091,875,14,32,155,201,1.2985074626865671,0.041755493051457294,689,You up?
2436,875,9,42,150,201,1.2985074626865671,0.03866219058802574,689,"I'm afraid this is going down, sir."
4109,875,9,42,150,201,1.2985074626865671,0.03866219058802574,689,"Thank you, Hal."
2426,875,10,40,151,201,1.2985074626865671,0.03930033364802289,689,My air-conditioning is extremely temperamental.
3095,875,11,38,152,201,1.2985074626865671,0.03992827905917076,689,"212th floor. Oxygen tanks, satellite parts, moon boots."
2273,875,11,38,152,201,1.2985074626865671,0.03992827905917076,689,"Going way up, sir?"
2371,875,15,30,156,201,1.2985074626865671,0.042347047639137644,689,"Now, wasn't that a better landing than when you came down in the water?"
121,875,11,38,152,201,1.2985074626865671,0.03992827905917076,689,Waaay behind in laundry”
234,875,9,42,150,201,1.2985074626865671,0.03866219058802574,689,Can you count down this time?
313,875,10,40,151,201,1.2985074626865671,0.03930033364802289,689,"I'm sorry sir, but that's as far as I can take you."
326,875,8,44,149,201,1.2985074626865671,0.03801333630824492,689,"The Eagle has landed, Mr. Baxter."
608,875,11,38,152,201,1.2985074626865671,0.03992827905917076,689,"There’s a lot of space, but not much of an atmosphere."
673,875,11,38,152,201,1.2985074626865671,0.03992827905917076,689,T minus 5 seconds till the doors close.
677,875,10,40,151,201,1.2985074626865671,0.03930033364802289,689,"Ground control, please."
531,875,8,44,149,201,1.2985074626865671,0.03801333630824492,689,Forget something?
952,875,12,36,153,201,1.2985074626865671,0.04054650061852575,689,"To infinity and beyond, ma’am?"
977,875,9,42,150,201,1.2985074626865671,0.03866219058802574,689,"Zero-G again,Frank?"
997,875,13,34,154,201,1.2985074626865671,0.041155436532604096,689,I'm afraid this is still Trump Tower sir.
1030,875,10,40,151,201,1.2985074626865671,0.03930033364802289,689,"Sir,this is as high as we go."
1081,875,13,34,154,201,1.2985074626865671,0.041155436532604096,689,Press 'Ignition' please.
1439,875,13,34,154,201,1.2985074626865671,0.041155436532604096,689,You'll find vacuums in our housewares department.
711,875,10,40,151,201,1.2985074626865671,0.03930033364802289,689,You'll have to take the stairs the rest of the way.
2084,875,11,38,152,201,1.2985074626865671,0.03992827905917076,689,"Is this not the landing you expected, sir?"
807,915,13,36,159,208,1.2980769230769231,0.04018237836949863,689,Sinatra fan?
4554,916,11,34,143,188,1.297872340425532,0.04176363883219921,689,"I said, ""MARS!"""
1321,916,8,40,140,188,1.297872340425532,0.039667791067835516,689,Can you press ‘Take Off’ for me?
1281,916,9,38,141,188,1.297872340425532,0.04037849602989724,689,So they still don't have women's toilets?
1170,916,7,42,139,188,1.297872340425532,0.0389441183590857,689,"Watch your step now, Mr. Aldrin."
4463,916,10,36,142,188,1.297872340425532,0.0410769063473797,689,"Sir, the Stratosphere is a wine bar."
4460,916,10,36,142,188,1.297872340425532,0.0410769063473797,689,"5th Floor, Vaccuums"
1617,916,9,38,141,188,1.297872340425532,0.04037849602989724,689,"Are you one of us, Sir ?"
4239,916,7,42,139,188,1.297872340425532,0.0389441183590857,689,Need a lift?
3388,916,10,36,142,188,1.297872340425532,0.0410769063473797,689,I hope you don’t mind confined spaces.
2227,925,8,42,145,195,1.2974358974358975,0.038731102236204816,689,"I understand your confusion.  Our brochure does say ""We Cater to the Stars""."
5320,925,11,36,148,195,1.2974358974358975,0.040727172290093656,689,"That's one small step for man, one giant leap for men's suits, lingerie,  and casual wear."
2191,927,5,34,109,148,1.2972972972972974,0.04336831517501736,689,Shall We Lift-Off?
1640,928,11,41,160,212,1.2971698113207548,0.038492536327442,689,"Back in my day, ""climate change"" meant carrying your umbrella and galoshes."
3834,929,12,35,152,199,1.2964824120603016,0.040774299099351215,689,One small step or one giant leap?
4391,929,10,39,150,199,1.2964824120603016,0.03950981874909027,689,"Space station?
You want the express elevator."
938,929,9,41,149,199,1.2964824120603016,0.03886215296219795,689,Watch out for that one small step!
3364,929,9,41,149,199,1.2964824120603016,0.03886215296219795,689,"Eight thousand two hundred and thirty-one, please."
2611,929,7,45,147,199,1.2964824120603016,0.0375333084526249,689,NASA's budget was cut again?
923,929,14,31,154,199,1.2964824120603016,0.0420007280472701,689,"To infinity, or 3rd floor menswear?"
3919,929,11,37,151,199,1.2964824120603016,0.0401470375284984,689,"""I'm sorry, sir, the penthouse is as far as I go."""
317,929,16,27,156,199,1.2964824120603016,0.04319234707628342,689,We’re a new military branch.  It’s the only simulator we’ve got.
48,929,10,39,150,199,1.2964824120603016,0.03950981874909027,689,"Ad astra, please."
756,929,10,39,150,199,1.2964824120603016,0.03950981874909027,689,My therapist says that I need to overcome my fear of heights to be successful in my profession.
4999,939,11,36,149,196,1.2959183673469388,0.04054725544304208,689,"I would've bet a million dollars you were going ""up."""
4752,939,14,30,152,196,1.2959183673469388,0.042438965529745076,689,It wasn't me.
3851,939,9,40,147,196,1.2959183673469388,0.039235477268014914,689,"Okay, I'll say it:""The Eagle has landed."""
3831,939,11,36,149,196,1.2959183673469388,0.04054725544304208,689,"Listen, I know it looks weird, but I'd rather figure life out in outer space than hear another argument against the impeachment inquiry. You feel me?"
3777,939,7,44,145,196,1.2959183673469388,0.03787829759815671,689,"Tranquility Basement, please."
3133,939,10,38,148,196,1.2959183673469388,0.03989675801623623,689,"You'll be wanting the lunar floor, sir."
1547,939,12,34,150,196,1.2959183673469388,0.04118748047308187,689,"Ralph keeps telling me, ""to the moon, Alice."" I figure I ought to be prepared, just in case."
1196,939,9,40,147,196,1.2959183673469388,0.039235477268014914,689,"Sorry, it stops at the penthouse."
922,939,13,32,151,196,1.2959183673469388,0.04181790491497268,689,I see you fell for the hype about the penthouse level's breathtaking atmosphere.
422,939,8,42,146,196,1.2959183673469388,0.038562858461111515,689,"Down the hall, to infinity, and beyond."
340,939,6,46,144,196,1.2959183673469388,0.037181135071126185,689,Do you know something that I don't know?
1035,939,13,32,151,196,1.2959183673469388,0.04181790491497268,689,"Not exactly a ride of your lifetime, right?"
4798,951,15,32,163,210,1.2952380952380953,0.04097669457921625,689,You'll find can openers on five.
2118,952,11,35,148,194,1.2938144329896908,0.04077548624872847,689,Welcome to Mars. Turn left for the immigration line.
2757,952,12,33,149,194,1.2938144329896908,0.04142530903714438,689,"Next stop, the Final Frontier"
2160,952,9,39,146,194,1.2938144329896908,0.03944373687690991,689,It’s just that asking if you were “going up” seemed appropriate.
3542,955,6,47,148,201,1.2935323383084578,0.03654261876309224,689,"Floor 84,092,800, please."
2525,956,5,46,140,191,1.293193717277487,0.03696279654270481,689,"Well, judging by your outfit I would assume you want to go up?"
1636,957,5,44,136,185,1.2918918918918918,0.03764429264103816,689,To the roof?
4767,957,5,44,136,185,1.2918918918918918,0.03764429264103816,689,I think you'll find this floor has the atmosphere you're looking for...
1606,957,9,36,140,185,1.2918918918918918,0.04064616088594462,689,"10,034,849th floor. Going up!"""
4909,960,10,36,146,192,1.2916666666666667,0.04033653514471829,689,I heard that this hotel lacked atmosphere...
4965,960,10,36,146,192,1.2916666666666667,0.04033653514471829,689,"My God, the lengths you one-percenters will go to avoid tipping at the holidays!"
3082,960,7,42,143,192,1.2916666666666667,0.03825471868980437,689,The real thing goes up much faster.
3149,960,9,38,145,192,1.2916666666666667,0.039654741780348106,689,"They certainly are building them taller than ever, aren't they, sir?"
3234,960,10,36,146,192,1.2916666666666667,0.04033653514471829,689,Which floor is the fake moon landing set?
3390,960,12,32,148,192,1.2916666666666667,0.04166666666666667,689,"Some days, even a small step can feel like a giant leap."
3661,960,9,38,145,192,1.2916666666666667,0.039654741780348106,689,My doctor prescribed this for all future travel to New Jersey.
3815,960,10,36,146,192,1.2916666666666667,0.04033653514471829,689,"Yes sir, I am opening the doors, but I'm afraid my name is not, nor ever has been, Hal."
3854,960,11,34,147,192,1.2916666666666667,0.041006994394811515,689,Sorry.  This is a local
3921,960,9,38,145,192,1.2916666666666667,0.039654741780348106,689,You'll  get there faster in the express elevator.
4053,960,11,34,147,192,1.2916666666666667,0.041006994394811515,689,"It's ok, sir. I don't know what mezzanine means either."
4125,960,9,38,145,192,1.2916666666666667,0.039654741780348106,689,"Hm, it’s not every day you see an elevator operator around here."
5122,960,9,38,145,192,1.2916666666666667,0.039654741780348106,689,"Good evening, Mr. Bowie."
4331,960,10,36,146,192,1.2916666666666667,0.04033653514471829,689,I didn't realize the toilet overflow on four was that serious.
4499,960,9,38,145,192,1.2916666666666667,0.039654741780348106,689,"Well, there's plenty of space IN this elevator, but that still doesn't make it the Space Elevator."
4524,960,10,36,146,192,1.2916666666666667,0.04033653514471829,689,"Shall I count down, sir?"
4555,960,11,34,147,192,1.2916666666666667,0.041006994394811515,689,They said I’d need to find another way up.
4559,960,7,42,143,192,1.2916666666666667,0.03825471868980437,689,"With the NASA cutbacks, we've been told to explore other ways to lift off into space."
4708,960,10,36,146,192,1.2916666666666667,0.04033653514471829,689,"Beam me up, Otis."
4817,960,8,40,144,192,1.2916666666666667,0.03896101928660333,689,That's one small step as you leave the elevator.
4831,960,8,40,144,192,1.2916666666666667,0.03896101928660333,689,"Yessir, just one small step."
4832,960,10,36,146,192,1.2916666666666667,0.04033653514471829,689,Do you want me to do the countdown again?
5070,960,6,44,142,192,1.2916666666666667,0.037535129948104075,689,Ground floor. Earth.
5269,960,7,42,143,192,1.2916666666666667,0.03825471868980437,689,"The moon landing is down the hall to the right, Sir."
5161,960,8,40,144,192,1.2916666666666667,0.03896101928660333,689,"We could go up again if you like the sensation."""
4383,960,10,36,146,192,1.2916666666666667,0.04033653514471829,689,I may have misunderstood space for rent.
2897,960,14,28,150,192,1.2916666666666667,0.04295563007035433,689,John realized that the only way to avoid hearing another word about Impeachment was to rent a vacuum chamber at the local hotel.
2996,960,11,34,147,192,1.2916666666666667,0.041006994394811515,689,"They say dress for the job you want, not the one you have"
2778,960,8,40,144,192,1.2916666666666667,0.03896101928660333,689,"OK, let’s go for Zero G in this thing."
320,960,9,38,145,192,1.2916666666666667,0.039654741780348106,689,Want to count down with me?
969,960,9,38,145,192,1.2916666666666667,0.039654741780348106,689,"Command modules, jet packs, and housewares are on this floor, sir."
1055,960,6,44,142,192,1.2916666666666667,0.037535129948104075,689,Let me off at the top
1139,960,12,32,148,192,1.2916666666666667,0.04166666666666667,689,I see your dog is having flatulence problems again.
1239,960,12,32,148,192,1.2916666666666667,0.04166666666666667,689,"Welcome to the alternate universe of the Trump Tower, Penthouse!"
1250,960,8,40,144,192,1.2916666666666667,0.03896101928660333,689,"I know it’s a small one, but please watch your step as you exit."
1339,960,15,26,151,192,1.2916666666666667,0.04358581967287225,689,"Sorry, but Trump Tower doesn't actually have as many floors as advertised."
1341,960,10,36,146,192,1.2916666666666667,0.04033653514471829,689,"This time, Mr. Aldrin, you can step off first."
1343,960,9,38,145,192,1.2916666666666667,0.039654741780348106,689,Mind the one small step.
1608,960,11,34,147,192,1.2916666666666667,0.041006994394811515,689,"It is time to leave the capsule, sir, if you dare."
2880,960,11,34,147,192,1.2916666666666667,0.041006994394811515,689,"Yes, the Observation Deck is out of this world!"
1691,960,12,32,148,192,1.2916666666666667,0.04166666666666667,689,Care to count us down?
1722,960,12,32,148,192,1.2916666666666667,0.04166666666666667,689,Roof Garden. The Final Frontier. Please Go Boldly...
1815,960,8,40,144,192,1.2916666666666667,0.03896101928660333,689,"Top floor. Linens, house appliances, Atlas V rockets."
1959,960,10,36,146,192,1.2916666666666667,0.04033653514471829,689,"Last floor, sir. I told you Trump Tower isn't that yuuuge."
2028,960,9,38,145,192,1.2916666666666667,0.039654741780348106,689,It does take time to acclimate.
2182,960,6,44,142,192,1.2916666666666667,0.037535129948104075,689,"No need for the space suit, I heard she's not contagious anymore."
2473,960,8,40,144,192,1.2916666666666667,0.03896101928660333,689,Will you be taking our shuttle?
2497,960,11,34,147,192,1.2916666666666667,0.041006994394811515,689,I’m waiting for my career to take off
2718,960,11,34,147,192,1.2916666666666667,0.041006994394811515,689,"You realize the Orbit Room is just a nightclub, right?"""
1611,1009,12,34,153,199,1.2914572864321607,0.04064585605706703,689,"Floor ten please... then nine... eight... seven... six..."""
4021,1010,7,38,134,179,1.2905027932960893,0.03996650359328677,689,"Sir, please be more specific than ‘beam me up’."
3566,1011,9,36,141,186,1.2903225806451613,0.04045749009336217,689,"If you are looking for more space, I suggest a suite."
4924,1011,9,36,141,186,1.2903225806451613,0.04045749009336217,689,"Hello, Major Tom.  Welcome to Ground Control."
1197,1013,8,39,143,190,1.2894736842105263,0.03916382608246367,689,"Up, please!"
2906,1013,10,35,145,190,1.2894736842105263,0.040561001694870126,689,"10th floor....9,8,7..."
3659,1013,8,39,143,190,1.2894736842105263,0.03916382608246367,689,"We don't go up that far, sir."
4994,1013,12,31,147,190,1.2894736842105263,0.041911626591735286,689,"Nice disguise, Comrade Rudy. The Putin penthouse tonight?"
4443,1017,12,30,145,187,1.2887700534759359,0.04235818564051934,689,"Sir, did you park your ship on the roof again...?"
2548,1017,8,38,141,187,1.2887700534759359,0.03955011840293604,689,"You say ""Singularity?"""
2661,1017,12,30,145,187,1.2887700534759359,0.04235818564051934,689,"""Good morning, Commander, the President will be happy to see you after the Space Force goes on CNN  and announces it will investigate the Bidens."
2803,1017,8,38,141,187,1.2887700534759359,0.03955011840293604,689,I can take you as far as the penthouse. You’re on your own after that.
3280,1017,5,44,138,187,1.2887700534759359,0.037305614146981025,689,"The Stratosphere Lounge, madam?"
3425,1017,7,40,140,187,1.2887700534759359,0.038816373599534645,689,3...2...1........Lobby!
3437,1017,10,34,143,187,1.2887700534759359,0.04097821223798666,689,First Floor—Planet Earth!
5041,1017,14,26,147,187,1.2887700534759359,0.043694598101961274,689,I'm afraid even our largest accommodations won't provide you with the space you need.
3767,1017,12,30,145,187,1.2887700534759359,0.04235818564051934,689,I’m afraid the Space Elevator is still theoretical.
4511,1017,14,26,147,187,1.2887700534759359,0.043694598101961274,689,Please tell me you’re only going to the penthouse.
3835,1017,9,36,142,187,1.2887700534759359,0.04027049629634417,689,"Yes, this is the express elevator but this is as far as it goes."
2474,1017,6,42,139,187,1.2887700534759359,0.038068488979089266,689,"Sorry sir, this is as high as we go."
4625,1017,11,32,144,187,1.2887700534759359,0.041673911317382836,689,"Shall I press, Lift Off?"
4367,1017,7,40,140,187,1.2887700534759359,0.038816373599534645,689,We don't have a Launch Cafe.  This is the floor for the lunch cafe.
4378,1017,8,38,141,187,1.2887700534759359,0.03955011840293604,689,It's a marvelous night for a moondance!
3681,1017,11,32,144,187,1.2887700534759359,0.041673911317382836,689,"This is as close as we get to Mars, Sir"
4065,1017,12,30,145,187,1.2887700534759359,0.04235818564051934,689,"Shall I begin the countdown, sir?"
892,1017,6,42,139,187,1.2887700534759359,0.038068488979089266,689,"Two small steps, sir. No need for a giant leap”."
1814,1017,10,34,143,187,1.2887700534759359,0.04097821223798666,689,What did you expect?  The moon?
1930,1017,13,28,146,187,1.2887700534759359,0.04303158022922594,689,"Floor 238,901 please"
122,1017,8,38,141,187,1.2887700534759359,0.03955011840293604,689,"you know, there’s a shuttle."
433,1017,10,34,143,187,1.2887700534759359,0.04097821223798666,689,Moon or Mars
689,1017,10,34,143,187,1.2887700534759359,0.04097821223798666,689,"It's just under 240,000 miles. And yes, this hotel does provide free shuttle service."
743,1017,8,38,141,187,1.2887700534759359,0.03955011840293604,689,"Yes, the prices in this place are astronomical."
437,1017,8,38,141,187,1.2887700534759359,0.03955011840293604,689,One of us wore the wrong uniform.
1007,1017,8,38,141,187,1.2887700534759359,0.03955011840293604,689,"Three, Spacewear and Ladies’ better dresses."
1252,1017,6,42,139,187,1.2887700534759359,0.038068488979089266,689,"Will it be a short walk today, sir ?"
1276,1017,12,30,145,187,1.2887700534759359,0.04235818564051934,689,We could go as a bellhop and a spaceman
1420,1017,13,28,146,187,1.2887700534759359,0.04303158022922594,689,I’d watch out. ICE is on the lookout for aliens.
4429,1046,7,42,145,194,1.288659793814433,0.037918665732019546,689,"2,787,322nd floor, sir?"
2922,1047,8,37,139,184,1.2880434782608696,0.03994743504020871,689,"The Skylounge is open until moonset, Mr. Musk"
1987,1048,6,41,138,185,1.2864864864864864,0.03825521024559493,689,"No, we don’t go that high."
2714,1048,10,33,142,185,1.2864864864864864,0.04121260410671286,689,"Holodeck, please!"
3610,1048,8,37,140,185,1.2864864864864864,0.03976141250126382,689,I guess flu season started
2962,1048,9,35,141,185,1.2864864864864864,0.040493509735217474,689,I think this means you're not going on the Moon mission.
2969,1048,8,37,140,185,1.2864864864864864,0.03976141250126382,689,Enjoy your stay in LA
2974,1048,12,29,144,185,1.2864864864864864,0.04261440543311185,689,"I was listening to '""Fly Me to the Moon"" a month ago and got stuck in a song loop."
3171,1048,8,37,140,185,1.2864864864864864,0.03976141250126382,689,"To Mars, Mr. Musk?"
2272,1048,14,25,146,185,1.2864864864864864,0.04397154038214513,689,One of us is in the wrong place.
3619,1048,9,35,141,185,1.2864864864864864,0.040493509735217474,689,"I apologize again, sir. My wife's chili."
4513,1048,9,35,141,185,1.2864864864864864,0.040493509735217474,689,Where the hell do you think I’m going?
3660,1048,8,37,140,185,1.2864864864864864,0.03976141250126382,689,Great outfit for flu season!
4917,1048,10,33,142,185,1.2864864864864864,0.04121260410671286,689,Welcome to Venice.
4887,1048,4,45,136,185,1.2864864864864864,0.036687222541011255,689,How is your acrophobia therapy going Mr. Finster?
4535,1048,11,31,143,185,1.2864864864864864,0.041919364783321075,689,"One small step to exit, sir.  One giant leap to hail a taxi at this hour."
4195,1048,8,37,140,185,1.2864864864864864,0.03976141250126382,689,We're only going to the penthouse.
4141,1048,6,41,138,185,1.2864864864864864,0.03825521024559493,689,It's a bad air day.
4073,1048,11,31,143,185,1.2864864864864864,0.041919364783321075,689,"Close the elevator doors, HAL"
1832,1048,7,39,139,185,1.2864864864864864,0.039015580445703545,689,"Can you press Mars for me, please?"
3694,1048,10,33,142,185,1.2864864864864864,0.04121260410671286,689,Why is there a chair in this elevator?
3646,1048,9,35,141,185,1.2864864864864864,0.040493509735217474,689,"To the penthouse, and beyond, as usual?"
1635,1048,9,35,141,185,1.2864864864864864,0.040493509735217474,689,Looks like you've still got a long ways to go.
1075,1048,12,29,144,185,1.2864864864864864,0.04261440543311185,689,"To the penthouse, sir?"
1329,1048,8,37,140,185,1.2864864864864864,0.03976141250126382,689,Rooftop bar sir?
1482,1048,7,39,139,185,1.2864864864864864,0.039015580445703545,689,"Another small step, sir..."
83,1048,11,31,143,185,1.2864864864864864,0.041919364783321075,689,Laundry day?’
200,1048,9,35,141,185,1.2864864864864864,0.040493509735217474,689,Sic itur ad astra?
248,1048,13,27,145,185,1.2864864864864864,0.04329829046276684,689,"Darn it, | forgot the flag."
645,1048,10,33,142,185,1.2864864864864864,0.04121260410671286,689,Watch your one small step.
804,1048,9,35,141,185,1.2864864864864864,0.040493509735217474,689,Fifth floor.  Men's underwear.
813,1048,9,35,141,185,1.2864864864864864,0.040493509735217474,689,Apollo you say? Is David Bowie performing?
298,1048,7,39,139,185,1.2864864864864864,0.039015580445703545,689,Yeah...the new Space Force is underfunded.
1025,1048,8,37,140,185,1.2864864864864864,0.03976141250126382,689,The stairway to heaven will reopen in 2020.
1047,1048,8,37,140,185,1.2864864864864864,0.03976141250126382,689,That's the price I pay for living on the 90th floor.
1073,1048,5,43,137,185,1.2864864864864864,0.03747941707596555,689,They stopped the countdown at 3 so I could get my lucky socks.
1147,1048,9,35,141,185,1.2864864864864864,0.040493509735217474,689,"We've landed sir, welcome to the dark side."
840,1048,9,35,141,185,1.2864864864864864,0.040493509735217474,689,""" I guess I'll never understand why you don't just get a flu shot like everyone else."
3648,1084,7,41,144,192,1.2864583333333333,0.03810406137839134,689,"Straight to the top, I assume?"
1641,1084,13,29,150,192,1.2864583333333333,0.0421799078284705,689,Neil always dressed for the job he wanted.
2628,1084,10,35,147,192,1.2864583333333333,0.040193681829029305,689,"For stratosphere, exit here and take the express elevator."
2895,1087,7,38,138,183,1.284153005464481,0.03921711943896727,689,"Fourth floor: space suits & accessories, NASA notions, ISS home deco"
2834,1087,11,30,142,183,1.284153005464481,0.042168464740830455,689,"Reach for the stars, and you might get past the fifth floor someday."
3247,1087,12,28,143,183,1.284153005464481,0.04287456890717119,689,'It really is just a small step.'
3480,1087,7,38,138,183,1.284153005464481,0.03921711943896727,689,Just landed... Long flight
3607,1087,13,26,144,183,1.284153005464481,0.04356923110812124,689,"This is your floor Mr. Damon, or is it Mr. Clooney? Or is it Mr. Pitt?"
3677,1087,10,32,141,183,1.284153005464481,0.041450333873462974,689,Don't tell me you dropped your keys down there.
3764,1087,7,38,138,183,1.284153005464481,0.03921711943896727,689,"Here for the Kubrick Cosplay, Sir?"
4261,1087,4,44,135,183,1.284153005464481,0.03684880915252075,689,Is the flu season early this year?
3892,1087,6,40,137,183,1.284153005464481,0.03844389700216557,689,..Top floor I suppose?
3945,1087,5,42,136,183,1.284153005464481,0.037654800176551276,689,"I assure you, he hasn't LITERALLY sucked all the oxygen out of the room."
4018,1087,3,46,134,183,1.284153005464481,0.03602479001440241,689,"The elevator, uh ... I mean, the eagle has landed, Mr. Jenkins."
4491,1087,7,38,138,183,1.284153005464481,0.03921711943896727,689,"Actually, down."
4676,1087,8,36,139,183,1.284153005464481,0.03997538864685788,689,"I'm sorry, the space elevator to the moon is across the hall. This one only goes into low orbit for interstellar spacecraft launches."
5313,1087,12,28,143,183,1.284153005464481,0.04287456890717119,689,Aren't you in my triskaidekaphobia support group?
3784,1087,5,42,136,183,1.284153005464481,0.037654800176551276,689,I think you'll find our lobby pleasantly terrestrial.
2519,1087,5,42,136,183,1.284153005464481,0.037654800176551276,689,I think sir might be a little disappointed by our free shuttle service.
2585,1087,8,36,139,183,1.284153005464481,0.03997538864685788,689,"Sorry, this is as high as I go"
431,1087,8,36,139,183,1.284153005464481,0.03997538864685788,689,Would that be the stratosphere or exosphere sir?
262,1087,7,38,138,183,1.284153005464481,0.03921711943896727,689,"I am not sure if this is enough but this is the highest we can  go, sir"
378,1087,7,38,138,183,1.284153005464481,0.03921711943896727,689,Another complaint about the Monolith on 42?
510,1087,9,34,140,183,1.284153005464481,0.04071954000040328,689,I can get you as far as the 90th floor...
686,1087,11,30,142,183,1.284153005464481,0.042168464740830455,689,"Mr. President
Ready to activate your exit strategy?"
701,1087,7,38,138,183,1.284153005464481,0.03921711943896727,689,The stairway to the stars is around the corner to the right.
1349,1087,7,38,138,183,1.284153005464481,0.03921711943896727,689,Headed to an outer borough?
909,1087,7,38,138,183,1.284153005464481,0.03921711943896727,689,"Good evening, Mr. Musk. Launch pad I presume?"
1328,1087,6,40,137,183,1.284153005464481,0.03844389700216557,689,Bringing your work home again Mr. Tyler?
716,1087,12,28,143,183,1.284153005464481,0.04287456890717119,689,"200,000th floor please."
2973,1114,7,39,141,187,1.2834224598930482,0.03865761476001332,689,"Be careful, sir. That's one small step."
584,1114,9,35,143,187,1.2834224598930482,0.04011749233774239,689,"There you go, 89,000th Floor!"""
900,1116,10,31,139,180,1.2833333333333334,0.041894164782586854,689,Welcome back to the ground floor Commander.
685,1116,13,25,142,180,1.2833333333333334,0.044060648907192745,689,I forgot my phone.
949,1116,10,31,139,180,1.2833333333333334,0.041894164782586854,689,"Intergalactic level, sir?"
672,1116,10,31,139,180,1.2833333333333334,0.041894164782586854,689,Going up! in 3...2...1...
593,1116,9,33,138,180,1.2833333333333334,0.04114666203229312,689,It's about 29 small steps to the hotel bar.
281,1116,8,35,137,180,1.2833333333333334,0.04038532592376795,689,"Seventh floor, Space Suits, Jet packs, Tang..."
3625,1116,9,33,138,180,1.2833333333333334,0.04114666203229312,689,Thanks for the reentry.
5142,1116,8,35,137,180,1.2833333333333334,0.04038532592376795,689,Budget cuts are killing us.
3915,1116,10,31,139,180,1.2833333333333334,0.041894164782586854,689,I guess you have to get creative Mr. Giuliani.
1629,1116,8,35,137,180,1.2833333333333334,0.04038532592376795,689,"Considering it's just an elevator ride, I think we're both a little overdressed."
1506,1116,9,33,138,180,1.2833333333333334,0.04114666203229312,689,"What level is the hoax photoshoot on, please?"
1123,1116,8,35,137,180,1.2833333333333334,0.04038532592376795,689,The room needs cleaned THAT bad?
1884,1116,6,39,135,180,1.2833333333333334,0.03881788321260431,689,I know just how you feel-‘Going up?’ jokes....I’m so over it.
1975,1116,12,27,141,180,1.2833333333333334,0.04335051943970357,689,"100,000,000th floor ?"
2164,1116,10,31,139,180,1.2833333333333334,0.041894164782586854,689,The Lift Off Will BeDisapointing
2175,1116,4,43,133,180,1.2833333333333334,0.03718442636703988,689,"Going up, way up."
2206,1116,6,39,135,180,1.2833333333333334,0.03881788321260431,689,Slip the surly bonds of this elevator.
1411,1116,8,35,137,180,1.2833333333333334,0.04038532592376795,689,"And here we are sir, back on Earth."
1219,1116,9,33,138,180,1.2833333333333334,0.04114666203229312,689,It's HAL's day off today.
5246,1135,9,27,123,159,1.2830188679245282,0.04473032666294518,689,"No, sorry, it’s just 1. No ‘Ignition.’ No ‘blast off.’"
2947,1135,8,29,122,159,1.2830188679245282,0.04383138860991945,689,"No gravity, but there is a Starbucks."
4059,1135,6,33,120,159,1.2830188679245282,0.04197579821365831,689,I trust this floor will have the atmosphere you desired.
5204,1135,7,31,121,159,1.2830188679245282,0.042913624078767434,689,Ascending?
2080,1135,4,37,118,159,1.2830188679245282,0.040034293348000335,689,"""Top floor please. I'll get the rest of the way myself ."""
2363,1140,7,36,134,177,1.2824858757062148,0.04001304126401449,689,"Up, up, and awayyyyyyyy"
4327,1141,8,37,143,188,1.2819148936170213,0.03921320233263202,689,"5-4-3-2-1, Please."
3839,1142,7,38,140,185,1.281081081081081,0.03885243701543445,689,"Oops, I mean the Eagle has landed."
2909,1143,10,30,138,178,1.2808988764044944,0.042142765710148626,689,"only 12,813,333 more floors to go"
4439,1143,9,32,137,178,1.2808988764044944,0.041382758845099565,689,The air on this level has been breathable for almost three weeks.  I swear.
1294,1143,8,34,136,178,1.2808988764044944,0.04060853060088304,689,"Very true, Sir!  We’ve both had our ups and downs!”"
4601,1146,7,34,130,171,1.280701754385965,0.04085696891379272,689,"Fifth floor, lost and found."
3374,1146,9,30,132,171,1.280701754385965,0.04250753824948501,689,"MTV has missed you, too."
1097,1146,5,38,128,171,1.280701754385965,0.039136849766094085,689,I’m here to see Elon
654,1146,7,34,130,171,1.280701754385965,0.04085696891379272,689,Welcome back to Earth.
3452,1150,7,37,138,182,1.2802197802197801,0.03923436676499211,689,"Sorry, only 'Gold Club' members are authorized to access that floor."
3783,1150,11,29,142,182,1.2802197802197801,0.04221595204457991,689,"Mind the landing, Sir"
2819,1152,6,39,138,183,1.278688524590164,0.03827280626882221,689,"Fourth planet from the sun, please."
4960,1153,6,44,151,201,1.2786069651741294,0.036103089664729825,689,Tell the super the laundry room needs his attention.
2243,1154,10,29,137,176,1.2784090909090908,0.042395001905186094,689,Up.  Waaaay up!
2248,1154,4,41,131,176,1.2784090909090908,0.03751967213250061,689,You’re a few decades early.  Elon only sent the press release to get on The Tonight Show again.
2942,1154,9,31,136,176,1.2784090909090908,0.041622122982924205,689,"No, we don't have the Willy Wonka ejection feature in this particular elevator."
3642,1154,6,37,133,176,1.2784090909090908,0.039212191048199195,689,"Are you sure going in black face is a good idea, Sir?"
3762,1154,9,31,136,176,1.2784090909090908,0.041622122982924205,689,Seriously?  For 12 floors?
3908,1154,6,37,133,176,1.2784090909090908,0.039212191048199195,689,Here you are Mr. Armstrong. They're waiting for you on set.
4123,1154,7,35,134,176,1.2784090909090908,0.04003162489501941,689,Another soft landing sir.
2963,1154,7,35,134,176,1.2784090909090908,0.04003162489501941,689,Your ride is waiting!
1213,1154,8,33,135,176,1.2784090909090908,0.04083461836078063,689,And ground floor for Major Tom.
1992,1154,8,33,135,176,1.2784090909090908,0.04083461836078063,689,It’s really just one small step.
4324,1154,13,23,140,176,1.2784090909090908,0.0446334110431404,689,"Terrible disguise, Mr. Trump!  Congress will see right through ya.
Don’tcha know?  You can try an’ hide, but you cain’t always run!"
777,1154,8,33,135,176,1.2784090909090908,0.04083461836078063,689,Ready to take the training wheels off after today?
5112,1154,9,31,136,176,1.2784090909090908,0.041622122982924205,689,It’s no problem. I need the overtime.
4742,1167,8,39,151,198,1.2777777777777777,0.03779623196906513,689,"Please watch your step. It's not a giant one, but we do have gravity here."
4533,1167,5,40,135,180,1.2777777777777777,0.03783032092910038,689,"I believe this is your planet, sir."
2592,1169,9,30,134,173,1.277456647398844,0.042076943569614084,689,I forgot the keys to the ship on my dresser.
2266,1169,6,36,131,173,1.277456647398844,0.0396084482753796,689,These new skyscrapers just keep getting higher and higher.
1895,1169,8,32,133,173,1.277456647398844,0.04127052029033314,689,"No sir, Cape Canaveral is three blocks south."
1883,1169,9,30,134,173,1.277456647398844,0.042076943569614084,689,Fifth floor; space heaters.
1662,1169,7,34,132,173,1.277456647398844,0.04044802232383075,689,Sorry that things didn't work out with you and the deep sea diver.
1437,1169,10,28,135,173,1.277456647398844,0.04286819934737377,689,Is this the space you were interested in?
919,1169,8,32,133,173,1.277456647398844,0.04127052029033314,689,This is the top floor.
1299,1169,7,34,132,173,1.277456647398844,0.04044802232383075,689,Which floor?  Ten … nine … eight … seven …
3008,1169,10,28,135,173,1.277456647398844,0.04286819934737377,689,Should I countdown first?
3697,1169,8,32,133,173,1.277456647398844,0.04127052029033314,689,"This is ground control, Major."
4620,1169,9,30,134,173,1.277456647398844,0.042076943569614084,689,"95,794th floor, please."
5035,1169,9,30,134,173,1.277456647398844,0.042076943569614084,689,Some people will do anything to avoid tipping.
5147,1169,9,30,134,173,1.277456647398844,0.042076943569614084,689,I'm here for the launch party.
2796,1169,7,34,132,173,1.277456647398844,0.04044802232383075,689,"Sorry, sir, the 12th floor is as high as we go."
1184,1169,6,36,131,173,1.277456647398844,0.0396084482753796,689,She said not that kind of space.
106,1169,5,38,130,173,1.277456647398844,0.0387506882475361,689,"Shall | tell your wife you needed some space, sir?"
800,1169,5,38,130,173,1.277456647398844,0.0387506882475361,689,Shall I engage thrusters?
733,1169,6,36,131,173,1.277456647398844,0.0396084482753796,689,NASA budget cuts?
539,1169,4,40,129,173,1.277456647398844,0.03787350663104809,689,It's not exactly a giant leap for mankind
381,1169,7,34,132,173,1.277456647398844,0.04044802232383075,689,"Please watch your one small step, sir."
373,1169,4,40,129,173,1.277456647398844,0.03787350663104809,689,"Yes, sir. Fresh paint, new carpet, and ready to colonize."
245,1169,7,34,132,173,1.277456647398844,0.04044802232383075,689,YOU DO KNOW WHEN YOU INTERVIEW FOR NASA THEY DON’T MAKE YOU WEAR THE SUIT?
6,1169,10,28,135,173,1.277456647398844,0.04286819934737377,689,Today Mr. Kubrick said we’ re shooting the ‘one small step for man’ scene
1135,1169,7,34,132,173,1.277456647398844,0.04044802232383075,689,We will reach a maximum ascent speed of 10 miles per hour.
423,1193,10,29,138,177,1.2768361581920904,0.04218413707081378,689,Anywhere but here
2568,1194,9,33,143,185,1.2756756756756757,0.04017461173845373,689,It's an open space office
4081,1195,8,31,132,171,1.2748538011695907,0.04150665719915627,689,"Sorry, this elevator only goes to the top floor."
2197,1195,8,31,132,171,1.2748538011695907,0.04150665719915627,689,One giant lift for mankind
715,1195,7,33,131,171,1.2748538011695907,0.04066943744685766,689,Building that wall had really affected our budget at NASA
680,1195,4,39,128,171,1.2748538011695907,0.03804740192747277,689,"Ready for lift off, Sir?"
646,1195,7,33,131,171,1.2748538011695907,0.04066943744685766,689,Well it is flu season.  Over.
520,1195,8,31,132,171,1.2748538011695907,0.04150665719915627,689,"Watch your short step, sir."
4289,1195,7,33,131,171,1.2748538011695907,0.04066943744685766,689,Someone always does fart in the elevator don’t they.
5252,1195,11,25,135,171,1.2748538011695907,0.04392267000833944,689,Talking apes? You've been gone an hour and a half.
4681,1195,6,35,130,171,1.2748538011695907,0.039814616570293185,689,I'm afraid the elevator doesn't go... quite that far up.
4273,1195,7,33,131,171,1.2748538011695907,0.04066943744685766,689,I think you have over-prepared for the penthouse.
2815,1195,5,37,129,171,1.2748538011695907,0.03894103546434098,689,It's easier if you get vaccinated...
274,1195,4,39,128,171,1.2748538011695907,0.03804740192747277,689,"The Sky Lounge is not THAT high, Sir."
3439,1195,6,35,130,171,1.2748538011695907,0.039814616570293185,689,"I understand, Mr. Jones. You're leaving because you just need more space."
5308,1208,5,40,137,182,1.2747252747252746,0.03747532175805701,689,"I assure you sir. Every floor of our hotel has enough atmospheric pressure, that that, won't be necessary."
3601,1209,6,33,125,164,1.274390243902439,0.040870209774351345,689,Eighth Floor - Atrium Level. You will want to walk to your right for the launch platform. Good Luck!
1383,1210,9,32,142,183,1.273224043715847,0.04039185271653487,689,Between us... the oxygen bar at 59th and 3rd is substandard.
2374,1210,10,30,143,183,1.273224043715847,0.041128469534512886,689,"Just a word of advice. Mars ain't the kind of place to raise your kids
In fact it's cold as hell."
5069,1212,8,30,131,169,1.272189349112426,0.041745891126238936,689,"Yes, Mr. Musk, we think we found your Tesla."
5183,1212,9,28,132,169,1.272189349112426,0.042581237699936346,689,More budget cuts?
4387,1212,9,28,132,169,1.272189349112426,0.042581237699936346,689,"The buffet’s just past the monolith—if you become the star baby, you’ve passed it."
4186,1212,9,28,132,169,1.272189349112426,0.042581237699936346,689,"Welcome back, Mr. President.  How was the moon rally?"
3957,1212,6,34,129,169,1.272189349112426,0.040022926800203196,689,Why Mr. Musk - we weren't expecting you until next Tuesday!
3934,1212,8,30,131,169,1.272189349112426,0.041745891126238936,689,"Welcome home sir. Your ""out of town"" guests have already arrived."
3926,1212,7,32,130,169,1.272189349112426,0.040893484172776336,689,Tang for breakfast again sir?
3843,1212,10,26,133,169,1.272189349112426,0.04340050900845711,689,"I'm sorry, sir. The aerospace conference was yesterday."
3719,1212,10,26,133,169,1.272189349112426,0.04340050900845711,689,"Ladies lingerie, please. I like to feel sexy under all this equipment."
3046,1212,9,28,132,169,1.272189349112426,0.042581237699936346,689,"I'm sorry, but the sky's the limit."
1188,1212,6,34,129,169,1.272189349112426,0.040022926800203196,689,She said she'll meet you at the outdoor terrace and apologizes for the dress code.
3031,1212,7,32,130,169,1.272189349112426,0.040893484172776336,689,Another plumbing problem in the penthouse?
2054,1212,4,38,127,169,1.272189349112426,0.03822237451264706,689,One giant leap and you're there.
1275,1212,9,28,132,169,1.272189349112426,0.042581237699936346,689,"Budget cuts, huh?"
889,1212,7,32,130,169,1.272189349112426,0.040893484172776336,689,To the roof garden - and Beyond!
567,1212,7,32,130,169,1.272189349112426,0.040893484172776336,689,"Oh wow, that was my second career choice!"
477,1212,8,30,131,169,1.272189349112426,0.041745891126238936,689,I've had my ups and downs as well.
104,1212,11,24,134,169,1.272189349112426,0.044204598859483524,689,FORGET YOUR KEYS AGAIN?
3035,1212,11,24,134,169,1.272189349112426,0.044204598859483524,689,I like floor for Trump apartment.  I have Christmas surprise for Dotard.
3199,1231,9,27,130,166,1.2710843373493976,0.043066639999029745,689,You're going to wear white after Labor Day?
3279,1231,11,23,132,166,1.2710843373493976,0.04473001431993507,689,I’m going to meet Mrs. Kramden.
3325,1231,7,31,128,166,1.2710843373493976,0.041336385673525704,689,I need to run out for a Mars Bar
3341,1231,7,31,128,166,1.2710843373493976,0.041336385673525704,689,"Well Sir, It's just one small step."
3382,1231,10,25,131,166,1.2710843373493976,0.043906204925201774,689,"So what!  You have a uniform for work, too!  So what's the BFD?"
3456,1231,6,33,127,166,1.2710843373493976,0.0404435091259732,689,So much for one small step.
3734,1231,12,21,133,166,1.2710843373493976,0.045538923254611334,689,When should I say you will be back from Mars if your wife asks?
4590,1231,7,31,128,166,1.2710843373493976,0.041336385673525704,689,"Yes, Sir, I believe the flu season is nearly over."
4352,1231,9,27,130,166,1.2710843373493976,0.043066639999029745,689,How high can you take me?
2536,1231,10,25,131,166,1.2710843373493976,0.043906204925201774,689,This is as high as NASA will go these days.
4760,1231,8,29,129,166,1.2710843373493976,0.04221037941879041,689,You'll have to get off and change over to the express on 42.
4816,1231,9,27,130,166,1.2710843373493976,0.043066639999029745,689,"The decor might be a little bland, but literally speaking, it does have atmosphere."
4958,1231,6,33,127,166,1.2710843373493976,0.0404435091259732,689,"Where we're going, we don't need elevators."
5028,1231,9,27,130,166,1.2710843373493976,0.043066639999029745,689,"Non-smoking, I take it?"
5332,1231,6,33,127,166,1.2710843373493976,0.0404435091259732,689,We all need a little space sometimes.
4237,1231,7,31,128,166,1.2710843373493976,0.041336385673525704,689,"Please sir, it’s just a small step for a man."
2394,1231,9,27,130,166,1.2710843373493976,0.043066639999029745,689,Guess the Air Quality index is bad today?
3392,1231,8,29,129,166,1.2710843373493976,0.04221037941879041,689,"Way up, please"
2292,1231,7,31,128,166,1.2710843373493976,0.041336385673525704,689,"Floor 12 ... liquid oxygen, launch pads, multistage rockets, flight plans..."
2348,1231,6,33,127,166,1.2710843373493976,0.0404435091259732,689,"Apparently, 'wear a suit to the interview' was not open to interpretation."
259,1231,7,31,128,166,1.2710843373493976,0.041336385673525704,689,New Listing! Open concept with  great flow. Tons of space. Views are out of this world. No washer/ dryer hookup.
566,1231,7,31,128,166,1.2710843373493976,0.041336385673525704,689,You might consider trying the escalator.
643,1231,6,33,127,166,1.2710843373493976,0.0404435091259732,689,"And how is your application to the Mars colonization program coming along, Mr. Dickson?"
901,1231,7,31,128,166,1.2710843373493976,0.041336385673525704,689,Can you hear me now Major Tom?
255,1231,10,25,131,166,1.2710843373493976,0.043906204925201774,689,"Erm, going up?"
1643,1231,9,27,130,166,1.2710843373493976,0.043066639999029745,689,Watch that first step....it's a doozy.
1678,1231,11,23,132,166,1.2710843373493976,0.04473001431993507,689,What? I’m on my launch break.
1904,1231,7,31,128,166,1.2710843373493976,0.041336385673525704,689,"The plague is on floor 27, Ebola is on floor 28, 
Cholera is on floor 29 Sir."
1941,1231,10,25,131,166,1.2710843373493976,0.043906204925201774,689,"That's one small step for man, one giant leap for germaphobes!"
1601,1231,6,33,127,166,1.2710843373493976,0.0404435091259732,689,Isn’t it obvious?
2150,1231,6,33,127,166,1.2710843373493976,0.0404435091259732,689,"Going up is easy, coming down is hard."
4361,1262,6,37,138,181,1.270718232044199,0.03827736591312437,689,"Until people start vaccinating their kids again, I'm not taking any chances."
5100,1263,11,22,130,163,1.2699386503067485,0.045272910476674394,689,Welcome back to the worldly cosmos!
2670,1263,6,32,125,163,1.2699386503067485,0.04087706707720505,689,"Welcome back, Mr. Hollis.  Was it gibbous or harvest this time?"
3613,1263,6,32,125,163,1.2699386503067485,0.04087706707720505,689,Let’s defy gravity.
2782,1266,5,34,125,164,1.2682926829268293,0.039729710180000224,689,Handi-wipes are on 7.
2768,1266,9,26,129,164,1.2682926829268293,0.04333262820711154,689,Staircase: the final frontier.
2739,1266,7,30,127,164,1.2682926829268293,0.04157022094193494,689,You're an optimist.
4794,1266,5,34,125,164,1.2682926829268293,0.039729710180000224,689,"No sir, it's not. But this is as high as we go."
2094,1266,7,30,127,164,1.2682926829268293,0.04157022094193494,689,"No, this is the lunch floor."
2092,1266,9,26,129,164,1.2682926829268293,0.04333262820711154,689,"Yes sir. Space Force Recruitment, 13th floor."
2812,1266,5,34,125,164,1.2682926829268293,0.039729710180000224,689,This is the mezzanine. You want the lunar landing.
2072,1266,7,30,127,164,1.2682926829268293,0.04157022094193494,689,Sorry but this is as high as I go.
2037,1266,13,18,133,164,1.2682926829268293,0.046658155382362725,689,It's a Blue Moon tonight.
2574,1266,9,26,129,164,1.2682926829268293,0.04333262820711154,689,Don’t even.
2926,1266,5,34,125,164,1.2682926829268293,0.039729710180000224,689,Floor 453244 please.
3603,1266,4,36,124,164,1.2682926829268293,0.03877670914221032,689,Turns out the stairs didn't have all the right stuff.
3049,1266,7,30,127,164,1.2682926829268293,0.04157022094193494,689,I'm sorry sir but this elevator does not go that high.
3064,1266,7,30,127,164,1.2682926829268293,0.04157022094193494,689,I assume going up?
3115,1266,7,30,127,164,1.2682926829268293,0.04157022094193494,689,New suit?
3466,1266,8,28,128,164,1.2682926829268293,0.04246056957046764,689,"Moon, Mars, or Jupiter?"
3484,1266,10,24,130,164,1.2682926829268293,0.044187479747355984,689,Did you get your flu shot?
2021,1266,5,34,125,164,1.2682926829268293,0.039729710180000224,689,The Moon.
4318,1266,5,34,125,164,1.2682926829268293,0.039729710180000224,689,I think you want a much higher floor.
4414,1266,7,30,127,164,1.2682926829268293,0.04157022094193494,689,"I got on the wrong elevator, didn’t I?"
4448,1266,4,36,124,164,1.2682926829268293,0.03877670914221032,689,I don’t trust elevators and I’m not taking any chances.
3885,1266,10,24,130,164,1.2682926829268293,0.044187479747355984,689,"One small step for man, one giant leap for elevator music."
3786,1266,5,34,125,164,1.2682926829268293,0.039729710180000224,689,You met on Tinder?
3001,1266,6,32,126,164,1.2682926829268293,0.04066038084024853,689,I don't want to talk about it.
1825,1266,8,28,128,164,1.2682926829268293,0.04246056957046764,689,"Whoa, Bro. Last thing I remember is a big black hole."
4563,1266,6,32,126,164,1.2682926829268293,0.04066038084024853,689,"Please don't say, 'Going Down.'"
1653,1266,5,34,125,164,1.2682926829268293,0.039729710180000224,689,"Fly me to the moon, Frank"
4523,1266,9,26,129,164,1.2682926829268293,0.04333262820711154,689,You'll have to walk from 12.
5249,1266,6,32,126,164,1.2682926829268293,0.04066038084024853,689,"Floor 121034668, please."
156,1266,6,32,126,164,1.2682926829268293,0.04066038084024853,689,Year 2050 “Heading out to Central  Park sir?”
208,1266,7,30,127,164,1.2682926829268293,0.04157022094193494,689,"MR ARMSTRONG, THE STAGE IS SET IN HALL NUMBER 8°"
293,1266,6,32,126,164,1.2682926829268293,0.04066038084024853,689,This High-G training just isn't the same after we lost that funding
309,1266,6,32,126,164,1.2682926829268293,0.04066038084024853,689,Good afternoon Mr Aldrin
336,1266,6,32,126,164,1.2682926829268293,0.04066038084024853,689,You'll have better luck with the express elevator.
511,1266,7,30,127,164,1.2682926829268293,0.04157022094193494,689,"Sir, this elevator only goes to the 55th floor. If you want to go to the moon you will have to transfer to another elevator."
5067,1266,9,26,129,164,1.2682926829268293,0.04333262820711154,689,"Sir, the space elevator is down the hall."
1761,1266,7,30,127,164,1.2682926829268293,0.04157022094193494,689,"Observation deck, sir?"
639,1266,5,34,125,164,1.2682926829268293,0.039729710180000224,689,Are you sure you want to go down?
547,1266,8,28,128,164,1.2682926829268293,0.04246056957046764,689,not much of a skyscraper.
859,1266,8,28,128,164,1.2682926829268293,0.04246056957046764,689,I took HRs advice and dressed for the job I want
945,1266,4,36,124,164,1.2682926829268293,0.03877670914221032,689,Out of  order sir. The small steps for man are on your left.
1235,1266,10,24,130,164,1.2682926829268293,0.044187479747355984,689,You’re an elevator operator!  You don’t see that much these days.
5054,1266,8,28,128,164,1.2682926829268293,0.04246056957046764,689,"That’s one small step for a man, a thousand fewer steps than if you took the stairs."
1353,1266,5,34,125,164,1.2682926829268293,0.039729710180000224,689,Moon exhibit? Observation level sir.
1416,1266,7,30,127,164,1.2682926829268293,0.04157022094193494,689,Take one small step.
1456,1266,11,22,131,164,1.2682926829268293,0.0450261042675272,689,"Moon roof, please."
4939,1266,8,28,128,164,1.2682926829268293,0.04246056957046764,689,I'm still going to talk to you.
4907,1266,8,28,128,164,1.2682926829268293,0.04246056957046764,689,The whato-sphere?
1577,1266,8,28,128,164,1.2682926829268293,0.04246056957046764,689,"Yes, the penthouse is an excellent start."""
820,1266,8,28,128,164,1.2682926829268293,0.04246056957046764,689,Going way up?
155,1316,8,26,123,157,1.267515923566879,0.04369635775399191,689,"To the moon, Alice"
3174,1316,10,22,125,157,1.267515923566879,0.04552680875727029,689,Is this high enough for you sir?
3859,1316,4,34,119,157,1.267515923566879,0.039783594755280975,689,Good night Mr Sinatra.
3013,1316,8,26,123,157,1.267515923566879,0.04369635775399191,689,Any suggestions for launch?
3120,1316,7,28,122,157,1.267515923566879,0.04275175275514142,689,Fourth floor moon wear.
1286,1321,5,33,123,161,1.2670807453416149,0.04014508236163696,689,"Yes, this is the Richard  Branson wing Sir."
3100,1321,3,37,121,161,1.2670807453416149,0.038162129588336986,689,Do you think I'd be wearing this if I wanted to go down?
5030,1323,9,26,130,165,1.2666666666666666,0.043099888563495836,689,The sky’s the limit?
4197,1324,8,29,132,169,1.2662721893491125,0.041550733958717244,689,"Take me to the highest floor, and I'll take it from there."
2153,1325,3,37,122,162,1.2654320987654322,0.03796164595547379,689,How far up do you go?
2986,1325,7,29,126,162,1.2654320987654322,0.04180683566182501,689,Did they run out of flu shots?
2835,1325,7,29,126,162,1.2654320987654322,0.04180683566182501,689,"Just so you know, this thing has limitations."
2775,1325,9,25,128,162,1.2654320987654322,0.043602453832988525,689,Let me see how spring is like in jupiter and mars
2766,1325,9,25,128,162,1.2654320987654322,0.043602453832988525,689,"Which planet, please?"
2398,1325,7,29,126,162,1.2654320987654322,0.04180683566182501,689,"You're welcome, but again its Bob Smith, not Roger Houston"
2333,1325,4,35,123,162,1.2654320987654322,0.03895853949714062,689,"Mars to the right, Venus to the left."
2185,1325,7,29,126,162,1.2654320987654322,0.04180683566182501,689,Now boldly go where the last tenant went before.
1828,1325,7,29,126,162,1.2654320987654322,0.04180683566182501,689,Just relax and press the buttons in exactly the order I tell you.
1773,1325,9,25,128,162,1.2654320987654322,0.043602453832988525,689,"One small step for man, one giant leap for mankind's aversion to elevator conversation"
1740,1325,6,31,125,162,1.2654320987654322,0.040879460269838665,689,Going waaaaay up sir?
2368,1325,6,31,125,162,1.2654320987654322,0.040879460269838665,689,"Sir, we're going down..."
3156,1325,6,31,125,162,1.2654320987654322,0.040879460269838665,689,"Osmophobia clinic? 
That's on the thirteenth floor."
3258,1325,4,35,123,162,1.2654320987654322,0.03895853949714062,689,Cutbacks.
1721,1325,5,33,124,162,1.2654320987654322,0.03993055266148707,689,BUT MR. JONES YOUR APARTMENT IS ONLY ON THE FOURTH FLOOR.....!!
3523,1325,5,33,124,162,1.2654320987654322,0.03993055266148707,689,"8,473,600th floor please."
3575,1325,6,31,125,162,1.2654320987654322,0.040879460269838665,689,Launch Pad straight ahead.
3773,1325,1,41,120,162,1.2654320987654322,0.035884872738323706,689,The building manager says it will be some time before this elevator reaches Mars.
3797,1325,8,27,127,162,1.2654320987654322,0.0427140813334007,689,NASA having issues with the microgravity machine again?
3998,1325,6,31,125,162,1.2654320987654322,0.040879460269838665,689,"Please exit, it's just one small step"
4043,1325,7,29,126,162,1.2654320987654322,0.04180683566182501,689,Back to the moon again?
4084,1325,8,27,127,162,1.2654320987654322,0.0427140813334007,689,I don't take chances with air quality anymore.
4089,1325,4,35,123,162,1.2654320987654322,0.03895853949714062,689,"Have a safe trip back to Mars, sir! We'll see you again in two years."
4224,1325,8,27,127,162,1.2654320987654322,0.0427140813334007,689,You want to go where?
4225,1325,7,29,126,162,1.2654320987654322,0.04180683566182501,689,"110th floor. Oxygen tanks, jet fuel and moon boots."
4697,1325,6,31,125,162,1.2654320987654322,0.040879460269838665,689,Are you sure you’re from around here?
4725,1325,9,25,128,162,1.2654320987654322,0.043602453832988525,689,"You're right, the prices are astronomical, 
but the food is out of this world."
3241,1325,8,27,127,162,1.2654320987654322,0.0427140813334007,689,"No, this is the second landing."
1623,1325,6,31,125,162,1.2654320987654322,0.040879460269838665,689,Huh. I’ve never actually seen a chair inside an elevator before.
1513,1325,5,33,124,162,1.2654320987654322,0.03993055266148707,689,"My bad. I thought you said 'cosmetology."""
1447,1325,8,27,127,162,1.2654320987654322,0.0427140813334007,689,"I swear, you say ""Going up"" and then laugh one more time..."""
521,1325,10,23,129,162,1.2654320987654322,0.044473084178629003,689,"That's one small step for a man, but a 20 floor leap for the elevator."
4619,1325,9,25,128,162,1.2654320987654322,0.043602453832988525,689,Men's room is on the right.  Put your diapers in the canister
316,1325,8,27,127,162,1.2654320987654322,0.0427140813334007,689,Is it just me or does this simulator seem a little slow?
318,1325,7,29,126,162,1.2654320987654322,0.04180683566182501,689,Lift-off in five...four...three...two...
341,1325,8,27,127,162,1.2654320987654322,0.0427140813334007,689,Space Available” just meant there’s an office to rent.
4933,1325,8,27,127,162,1.2654320987654322,0.0427140813334007,689,You'll have to get the next one.
640,1325,3,37,122,162,1.2654320987654322,0.03796164595547379,689,"It appears everyone's gone out for launch, sir."
710,1325,6,31,125,162,1.2654320987654322,0.040879460269838665,689,"Actually, it’s also a small step for mankind."
734,1325,6,31,125,162,1.2654320987654322,0.040879460269838665,689,"Sorry, Sir, this is Hotel Canaveral."
397,1325,11,21,130,162,1.2654320987654322,0.04532699474331987,689,Moon Lounge. Watch your step.
762,1325,8,27,127,162,1.2654320987654322,0.0427140813334007,689,"It has its ups and downs.""
""Tell me about it."
1403,1325,10,23,129,162,1.2654320987654322,0.044473084178629003,689,"Like I told the others, the President exaggerated the height of this Tower."
1338,1325,4,35,123,162,1.2654320987654322,0.03895853949714062,689,Stage 2 please.
749,1325,12,19,131,162,1.2654320987654322,0.04616511332773346,689,Would you like a countdown before we launch?
1318,1325,8,27,127,162,1.2654320987654322,0.0427140813334007,689,"An oxygen-nitrogen atmosphere, just as you specified, sir."
4954,1325,8,27,127,162,1.2654320987654322,0.0427140813334007,689,I'm looking for a five star experience.
1068,1325,6,31,125,162,1.2654320987654322,0.040879460269838665,689,"Yes, I was Naked Cowboy. But I m trying a different angle now"
942,1325,8,27,127,162,1.2654320987654322,0.0427140813334007,689,What level? Troposphere? Stratosphere? Mesosphere? Thermosphere or Exosphere?
904,1325,6,31,125,162,1.2654320987654322,0.040879460269838665,689,"Top floor, I'm assuming?"
1085,1325,8,27,127,162,1.2654320987654322,0.0427140813334007,689,"International space station, please."
3826,1376,5,34,127,166,1.2650602409638554,0.039315682234605624,689,Permission to come aboard Captain.
4071,1377,7,28,124,159,1.2641509433962264,0.04227887650481754,689,"Well, yes sir I did say the penthouse suite was rarefied air, but..."
3838,1377,7,28,124,159,1.2641509433962264,0.04227887650481754,689,I'd try the express.
3723,1377,7,28,124,159,1.2641509433962264,0.04227887650481754,689,Perhaps I ordered the wrong shuttle for you?
3712,1377,8,26,125,159,1.2641509433962264,0.04321012490620249,689,"134,112th floor, please."
3898,1377,5,32,122,159,1.2641509433962264,0.04035195666519279,689,"Beam me up to the top floor, please."
3515,1377,9,24,126,159,1.2641509433962264,0.04412172243135606,689,Wait a second this isn’t mars
2258,1377,7,28,124,159,1.2641509433962264,0.04227887650481754,689,"Several of my bosses consider me a 'space cadet', so the suit became inevitable."
2219,1377,9,24,126,159,1.2641509433962264,0.04412172243135606,689,"Going to the EPA hearing, Mr. Wheeler?"
3727,1377,6,30,123,159,1.2641509433962264,0.04132664881900787,689,Here you are sir...floor 2001
4516,1377,9,24,126,159,1.2641509433962264,0.04412172243135606,689,Moon rocks on this floor
2057,1377,9,24,126,159,1.2641509433962264,0.04412172243135606,689,Looks like another week for the sanitation workers' strike.
4210,1377,5,32,122,159,1.2641509433962264,0.04035195666519279,689,"Penthouse, sir.  This is as high as we go.  Have a nice day."
4276,1377,6,30,123,159,1.2641509433962264,0.04132664881900787,689,NASA has really cut its training budget.
4392,1377,3,36,120,159,1.2641509433962264,0.03832828478955953,689,"Ladies Lingerie, where no man has gone before..."
4434,1377,4,34,121,159,1.2641509433962264,0.039353130889544084,689,"The Starlight Ballroom is straight ahead, Sir."
4653,1377,7,28,124,159,1.2641509433962264,0.04227887650481754,689,Back from the moon already.
4777,1377,7,28,124,159,1.2641509433962264,0.04227887650481754,689,Top floor. Open that window and jump really high.
4792,1377,10,22,127,159,1.2641509433962264,0.04501486294780466,689,"Going up, yes, but not that up."
5301,1377,6,30,123,159,1.2641509433962264,0.04132664881900787,689,You may feel a slight weightlessness when the elevator starts.
4135,1377,6,30,123,159,1.2641509433962264,0.04132664881900787,689,If you're looking for the new Space Force- you've got the wrong building.
1980,1377,10,22,127,159,1.2641509433962264,0.04501486294780466,689,"Ok, if I must... 10!..9!...8!..7!.."
2180,1377,8,26,125,159,1.2641509433962264,0.04321012490620249,689,"Yeah we told them it wouldn't work either, but they cut NASA funding"
1565,1377,3,36,120,159,1.2641509433962264,0.03832828478955953,689,Initiating door closing sequence...up button engaged...and departing in 10...9...8...
1675,1377,5,32,122,159,1.2641509433962264,0.04035195666519279,689,How many floors do you think this building has?
135,1377,9,24,126,159,1.2641509433962264,0.04412172243135606,689,My apologies. Maybe we lied when we said our rooftop view was “out of this world...”
778,1377,5,32,122,159,1.2641509433962264,0.04035195666519279,689,This one goes to eleven...
815,1377,10,22,127,159,1.2641509433962264,0.04501486294780466,689,"Good luck with your interview to lead the Space Force, sir."
864,1377,8,26,125,159,1.2641509433962264,0.04321012490620249,689,Top floor. From here you're on your own.
959,1377,9,24,126,159,1.2641509433962264,0.04412172243135606,689,"10,000th Floor Observation Deck"
265,1377,6,30,123,159,1.2641509433962264,0.04132664881900787,689,Enough climate change for today?
1187,1377,5,32,122,159,1.2641509433962264,0.04035195666519279,689,"It’s nice, but it lacks atmosphere."
1298,1377,3,36,120,159,1.2641509433962264,0.03832828478955953,689,Dare I ask? Going up?
1368,1377,7,28,124,159,1.2641509433962264,0.04227887650481754,689,Is there something about the 17th floor that i need to know?
1099,1377,8,26,125,159,1.2641509433962264,0.04321012490620249,689,I think the smog report was a little overstated.
544,1411,9,25,129,163,1.2638036809815951,0.043364714188327,689,"This takes a while; the building has over a million stories.  Not to worry, so do I."
5270,1411,9,25,129,163,1.2638036809815951,0.043364714188327,689,"Up, I assume."
3086,1413,4,28,105,137,1.2627737226277371,0.0430558677687934,689,We don’t go that far up sir.
247,1413,4,28,105,137,1.2627737226277371,0.0430558677687934,689,"‘Mondays, am I right?"
1563,1415,5,33,126,164,1.2621951219512195,0.03950805227642463,689,Stratosphere or bathysphere?
4629,1415,10,23,131,164,1.2621951219512195,0.04398829037497232,689,"Are you here for the taxi to NASA, the limo to MGM, or the shuttle to the hotel Halloween party?"
2387,1417,9,31,147,187,1.2620320855614973,0.0394606075651067,689,We only go to 12 sir
2299,1418,5,30,118,153,1.261437908496732,0.04123485412706176,689,"Sleep with the fishes, sir?"
2822,1419,8,25,124,157,1.2611464968152866,0.04347559233033532,689,Walk straight then turn right and there should be a shuttle waiting
2631,1419,9,23,125,157,1.2611464968152866,0.044404802057903814,689,"Sorry Neil, we don't  go that high."
2107,1419,5,31,121,157,1.2611464968152866,0.04056043856381721,689,The hundred and fiftieth  floor is not that high.
3740,1419,8,25,124,157,1.2611464968152866,0.04347559233033532,689,Ralph's been promising to send me to the moon for years.
2282,1419,11,19,127,157,1.2611464968152866,0.04620719727983762,689,"What do you mean, ""where is the rocket?"""
4600,1419,7,27,123,157,1.2611464968152866,0.042526083891482463,689,"I'm sorry sir, but I'm not quite sure how to get to the moon."""
4049,1419,6,29,122,157,1.2611464968152866,0.0415548853183028,689,"Sir, you're already on the top floor."
4078,1419,6,29,122,157,1.2611464968152866,0.0415548853183028,689,"10, 9, 8, 7, 6, 5, 4, 3, 2, 1...Lobby!!!"
1729,1419,9,23,125,157,1.2611464968152866,0.044404802057903814,689,You don’t need to say it every time Neil...
4622,1419,4,33,120,157,1.2611464968152866,0.03954098960776125,689,I might only be able to take you part way
4892,1419,6,29,122,157,1.2611464968152866,0.0415548853183028,689,I can get you as far as the roof.
5043,1419,7,27,123,157,1.2611464968152866,0.042526083891482463,689,"The roof, I presume?"
3827,1419,4,33,120,157,1.2611464968152866,0.03954098960776125,689,"Hold the door, I'll be right back. Forgot my keys."
1704,1419,5,31,121,157,1.2611464968152866,0.04056043856381721,689,"Very nice, sir.  I see you have been packing for Mars."
2692,1419,4,33,120,157,1.2611464968152866,0.03954098960776125,689,"Ready for blast off to planet 17G, Mr. Carlson?"
1231,1419,10,21,126,157,1.2611464968152866,0.04531496180214352,689,I thought taking the elevator would be safer.
1207,1419,5,31,121,157,1.2611464968152866,0.04056043856381721,689,10? 9? Or did Neil say 8?
1186,1419,7,27,123,157,1.2611464968152866,0.042526083891482463,689,"You hear about Pluto?  That's messed up, right?"
1178,1419,6,29,122,157,1.2611464968152866,0.0415548853183028,689,"11th floor:  please mind the small step, no need to take a giant leap."
1029,1419,6,29,122,157,1.2611464968152866,0.0415548853183028,689,"What is it today, sir, taking off or landing?"
679,1419,3,35,119,157,1.2611464968152866,0.038494552105888646,689,3...2...1...Blast off!
451,1419,8,25,124,157,1.2611464968152866,0.04347559233033532,689,Down?
133,1419,7,27,123,157,1.2611464968152866,0.042526083891482463,689,You must be the new penthouse resident.
1236,1419,7,27,123,157,1.2611464968152866,0.042526083891482463,689,"Don't you wish, just once, you could say, 'Mind the giant leap?'"
3071,1443,7,25,118,150,1.26,0.0437912477337203,689,"Sir, the Moon Hotel doesn't actually go to the moon..."
2217,1444,5,30,119,154,1.2597402597402598,0.04100138066744237,689,"Well, what planet are you looking for??"
223,1444,8,24,122,154,1.2597402597402598,0.04399727866706485,689,"— On which floor Mr Apollo?  - 11, please."
3630,1444,5,30,119,154,1.2597402597402598,0.04100138066744237,689,"Welcome, Space Force Cadet, to the penthouse suite at Trump Tower."
4054,1444,6,28,120,154,1.2597402597402598,0.04202375107555406,689,"Thinking of her holiday indulgences, Lydia was thrilled that the new climate change fashion is so forgiving."
732,1448,6,30,126,162,1.2592592592592593,0.04065595460513889,689,"Penthouse, sir?"
699,1448,6,30,126,162,1.2592592592592593,0.04065595460513889,689,I thought the infinity button would go further.
3846,1448,5,25,105,135,1.2592592592592593,0.04456405500702562,689,"Sir, you of all people should know it's one small step."
4969,1448,2,31,102,135,1.2592592592592593,0.040672841554636616,689,Astro.  Not!
5316,1448,5,25,105,135,1.2592592592592593,0.04456405500702562,689,"Just bought the penthouse, did you?"
4270,1453,10,20,125,155,1.2580645161290323,0.04561979233461597,689,"Sorry for that rough landing, sir, but one small step is all you need from here."
3068,1453,6,28,121,155,1.2580645161290323,0.04178536502662134,689,"Going for a walk this evening, sir?"
3037,1453,6,28,121,155,1.2580645161290323,0.04178536502662134,689,I guess you're looking for an apartment with space
2983,1453,4,32,119,155,1.2580645161290323,0.039729615770672154,689,"Low or high stationary orbit, sir?"
2867,1453,7,26,122,155,1.2580645161290323,0.04277620729996249,689,Keys again?
2813,1453,6,28,121,155,1.2580645161290323,0.04178536502662134,689,"The leader’s office is the third door on the left, but he’s hostile to foreigners.”"
2486,1453,5,30,120,155,1.2580645161290323,0.04077044946829279,689,"Deplorables, please."
4538,1453,8,24,123,155,1.2580645161290323,0.043744612142876955,689,"3, 2, 1– lift off!"
4003,1453,8,24,123,155,1.2580645161290323,0.043744612142876955,689,Where else would I be going?
4646,1453,5,30,120,155,1.2580645161290323,0.04077044946829279,689,Please watch your first small step...
2236,1453,5,30,120,155,1.2580645161290323,0.04077044946829279,689,"Wow! I guess there are severe government cut-backs on astronaut training, huh?"
2743,1453,6,28,121,155,1.2580645161290323,0.04178536502662134,689,You know this elevator only goes up to the 60th floor.
3140,1453,7,26,122,155,1.2580645161290323,0.04277620729996249,689,Is it safe to come back to earth yet?
3304,1453,5,30,120,155,1.2580645161290323,0.04077044946829279,689,"I understand your pain, the new directors are not as talented as Mr. Kubrick."
3167,1453,8,24,123,155,1.2580645161290323,0.043744612142876955,689,Do you mind counting down from 10 first?
3173,1453,7,26,122,155,1.2580645161290323,0.04277620729996249,689,"Top floor, sir? Or beyond?"
3947,1453,7,26,122,155,1.2580645161290323,0.04277620729996249,689,"Lemme guess, Penthouse"""
3308,1453,8,24,123,155,1.2580645161290323,0.043744612142876955,689,"I don't think that ""the penthouse is out of this world""  is exactly what you think it means."
3362,1453,6,28,121,155,1.2580645161290323,0.04178536502662134,689,Both our costumes are kinda lousy
4497,1453,11,18,126,155,1.2580645161290323,0.04652905149704709,689,"That's one small step for man, one giant leap for Amazon packages."
3571,1453,8,24,123,155,1.2580645161290323,0.043744612142876955,689,Sorry you feel there isn't enough space in here for you.
4332,1453,6,28,121,155,1.2580645161290323,0.04178536502662134,689,"Will you splash down in the pool, sir?"
3696,1453,6,28,121,155,1.2580645161290323,0.04178536502662134,689,Our penthouse has tons of space.
3929,1453,4,32,119,155,1.2580645161290323,0.039729615770672154,689,"No sir, I didn't read the article about all the people who've suffocated in overcrowded elevators'"
4153,1453,6,28,121,155,1.2580645161290323,0.04178536502662134,689,"Good morning, Mr. Musk."
4132,1453,10,20,125,155,1.2580645161290323,0.04561979233461597,689,"After 30 years of pushing these buttons, I too am arm strong."
3142,1453,7,26,122,155,1.2580645161290323,0.04277620729996249,689,"UP, RETURNS, please"
2168,1453,6,28,121,155,1.2580645161290323,0.04178536502662134,689,"Penthouse, yes. Space station, no."
2285,1453,9,22,124,155,1.2580645161290323,0.04469203812864336,689,Psssst...XYZ Mr. Worthington.
1969,1453,5,30,120,155,1.2580645161290323,0.04077044946829279,689,What? They said dress for the job you want...
5298,1453,9,22,124,155,1.2580645161290323,0.04469203812864336,689,"Would you take the stairs when you carry out the litter box"""
5213,1453,9,22,124,155,1.2580645161290323,0.04469203812864336,689,"Sorry sir, ‘Fly Me to the Moon’ is just a song."
5126,1453,7,26,122,155,1.2580645161290323,0.04277620729996249,689,"...If I sleep in it, I won’t forget it."
4930,1453,6,28,121,155,1.2580645161290323,0.04178536502662134,689,"Scotty, I really do hope that someday you can just, “beam me up”."
4385,1453,6,28,121,155,1.2580645161290323,0.04178536502662134,689,"Not exactly a giant leap for mankind, but it is the fourth floor."
4906,1453,9,22,124,155,1.2580645161290323,0.04469203812864336,689,"No, sir, this is the Apollo Theatre."
4896,1453,5,30,120,155,1.2580645161290323,0.04077044946829279,689,You'll need to take the stairs the rest of the way
36,1453,8,24,123,155,1.2580645161290323,0.043744612142876955,689,"——————————————— Before you ask- no, I’m not going up."
97,1453,6,28,121,155,1.2580645161290323,0.04178536502662134,689,"Oops, wrong world..."
150,1453,5,30,120,155,1.2580645161290323,0.04077044946829279,689,"Perhaps you have taken the advice to bring protections for the date too literally, Sir."
368,1453,8,24,123,155,1.2580645161290323,0.043744612142876955,689,I find holiday gatherings alien and life-sucking.  Good thing the invite said “Dress for the Occassion.”
391,1453,3,34,118,155,1.2580645161290323,0.03866077066903695,689,"Well, I can get you to 25."
518,1453,9,22,124,155,1.2580645161290323,0.04469203812864336,689,"Going way, way, way. way, way up?"
542,1453,9,22,124,155,1.2580645161290323,0.04469203812864336,689,"The Starlight Room is to your left, sir."
1978,1453,8,24,123,155,1.2580645161290323,0.043744612142876955,689,I only stay here when The Moon is full.
771,1453,8,24,123,155,1.2580645161290323,0.043744612142876955,689,"Come on now, you can do it. Just a few more small steps."
811,1453,9,22,124,155,1.2580645161290323,0.04469203812864336,689,"Infinity and Beyond , please!"
878,1453,7,26,122,155,1.2580645161290323,0.04277620729996249,689,I gather you are going up Sir?
1108,1453,8,24,123,155,1.2580645161290323,0.043744612142876955,689,Wow! Penthouse prices really are astronomical
1243,1453,6,28,121,155,1.2580645161290323,0.04178536502662134,689,I hear the view is breathless.
1244,1453,8,24,123,155,1.2580645161290323,0.043744612142876955,689,I only go as far as the penthouse.
1248,1453,5,30,120,155,1.2580645161290323,0.04077044946829279,689,Headed to work?
1336,1453,12,16,127,155,1.2580645161290323,0.04742087951289215,689,You don’t look like you need a cab.
1371,1453,5,30,120,155,1.2580645161290323,0.04077044946829279,689,"Sorry, this elevator doesn't go up that high."
1463,1453,8,24,123,155,1.2580645161290323,0.043744612142876955,689,"Floor 226792, sir?"
4805,1453,5,30,120,155,1.2580645161290323,0.04077044946829279,689,I guess you're going way up.
1744,1453,6,28,121,155,1.2580645161290323,0.04178536502662134,689,The 173rd floor please.
1824,1453,10,20,125,155,1.2580645161290323,0.04561979233461597,689,Can you believe that NASA put on elevator music for the whole trip?
4683,1453,9,22,124,155,1.2580645161290323,0.04469203812864336,689,"The Halloween party is long over, but glad to take you up!"
1964,1453,7,26,122,155,1.2580645161290323,0.04277620729996249,689,No.  This is ladies lingerie.
783,1453,6,20,98,124,1.2580645161290323,0.04840894689803205,689,Rainbow Room;  final frontier.
4473,1453,5,30,120,155,1.2580645161290323,0.04077044946829279,689,"You know, people can still breathe on this floor."
2205,1515,5,32,126,163,1.2576687116564418,0.03948942974222289,689,"If you see my ex-wife floating around out there, tell her I said hello."
3090,1516,2,35,115,152,1.256578947368421,0.03791433185917001,689,And you can enjoy cocktails and a panoramic view from our exclusive exosphere balcony...
1614,1516,6,27,119,152,1.256578947368421,0.042261685523532766,689,"But sir, in the air, there’s a feeling of Christmas."
2101,1516,5,29,118,152,1.256578947368421,0.041217856416234246,689,"I’m quite certain they were speaking figuratively, sir!"
2690,1516,6,27,119,152,1.256578947368421,0.042261685523532766,689,"To the moon sir, or just the rooftop?"
3117,1516,4,31,117,152,1.256578947368421,0.04014689666473146,689,Antivaxxers or climate change. Take your pick.
3221,1516,8,23,121,152,1.256578947368421,0.04427557808511744,689,"So, how high up does this thing go?"
3520,1516,7,25,120,152,1.256578947368421,0.04328034702992404,689,I don't think pushing buttons repeatedly is going to help.
1422,1516,4,31,117,152,1.256578947368421,0.04014689666473146,689,"Sorry, what line of work did you say you were in?"
3563,1516,6,27,119,152,1.256578947368421,0.042261685523532766,689,"Lagrangian L2, sir?"
4042,1516,8,23,121,152,1.256578947368421,0.04427557808511744,689,Fly me to the Moon and let me wish upon the stars.
4147,1516,7,25,120,152,1.256578947368421,0.04328034702992404,689,"This lift’s off, you’re going to need to take the stairs."
4175,1516,1,37,114,152,1.256578947368421,0.03674722009331587,689,The air quality improves once we get above the 6th floor”
4536,1516,6,27,119,152,1.256578947368421,0.042261685523532766,689,"Sir, do you need some space?"
5001,1516,8,23,121,152,1.256578947368421,0.04427557808511744,689,Could you please take one small step back?
5180,1516,6,27,119,152,1.256578947368421,0.042261685523532766,689,Looks like you could use some space.
3979,1516,6,27,119,152,1.256578947368421,0.042261685523532766,689,"This is the first time we've used the ""free fall"" button."
1161,1516,8,23,121,152,1.256578947368421,0.04427557808511744,689,6th Floor: Astro-naughty wear.
4576,1516,7,25,120,152,1.256578947368421,0.04328034702992404,689,I'm used to having a lot more space than this.
417,1516,4,31,117,152,1.256578947368421,0.04014689666473146,689,"To the moon or the ISS, Mr. Musk?"
229,1516,4,31,117,152,1.256578947368421,0.04014689666473146,689,"Yeah, Houston was sick of all my problems."
84,1516,5,29,118,152,1.256578947368421,0.041217856416234246,689,to infinity and beyond please
565,1516,8,23,121,152,1.256578947368421,0.04427557808511744,689,This is the observation deck. The other elevator will take you to the Moon.
1880,1538,7,26,123,156,1.2564102564102564,0.04253329826955489,689,"Yes, sir, I'm sure. This elevator will NOT take you to the orbiter cockpit."
4149,1538,6,28,122,156,1.2564102564102564,0.04154959056053535,689,How's the atmosphere on the 1 per cent floor today ?
1518,1540,8,26,130,164,1.2560975609756098,0.042039462606503646,689,"OK, forget it. It's just that since we're both basically in the same business, I thought maybe this year you could be a little more generous."
4299,1541,4,29,112,145,1.2551724137931035,0.04126740935865803,689,You’re thinking of that building in Dubai.
1797,1542,6,26,117,149,1.25503355704698,0.04275388038170801,689,"All the way up, please."
748,1542,8,22,119,149,1.25503355704698,0.04482503464391083,689,"Sorry pal,this is the 51st floor,not Area 51."
2719,1544,6,28,123,157,1.2547770700636942,0.04131638680094925,689,"Yes Sir, you do look wonderful Sir, but Adam said nobody, not even you Sir, can testify while wearing a Space Force uniform."
4549,1545,6,31,132,169,1.2544378698224852,0.039393101083701705,689,"Alice, we no longer go to the moon."
548,1546,3,25,94,122,1.2540983606557377,0.044416577170868034,689,My therapist told me to challenge myself.
3163,1547,8,21,117,146,1.2534246575342465,0.04539403284374742,689,"It's the flu season, and I'm not done Holiday shopping yet."
3491,1548,7,24,119,150,1.2533333333333334,0.043541917540996115,689,"I’m sorry sir, going down is not an option"
3318,1548,8,22,120,150,1.2533333333333334,0.044557648521436594,689,"No, just one button at a time. It's really not rocket science"
2413,1548,3,32,115,150,1.2533333333333334,0.039216791667537054,689,"Not just up, but up, up and away."
3244,1548,5,28,117,150,1.2533333333333334,0.041435825874730124,689,How far up are you going?
3103,1548,5,28,117,150,1.2533333333333334,0.041435825874730124,689,"It may not be a giant leap for mankind, but please mind the gap nonetheless."
2431,1548,5,28,117,150,1.2533333333333334,0.041435825874730124,689,"Venus or Mars, Sir?"
2604,1548,9,20,121,150,1.2533333333333334,0.04555073545369884,689,No giant leap. Just watch your next small step.
2630,1548,5,28,117,150,1.2533333333333334,0.041435825874730124,689,I believe you. The commute must be hell.
2993,1548,3,32,115,150,1.2533333333333334,0.039216791667537054,689,I take it ma'am would like a courtesy countdown.
2960,1548,5,28,117,150,1.2533333333333334,0.041435825874730124,689,Mars again Mr. Musk?
2807,1548,6,26,118,150,1.2533333333333334,0.042501919068836526,689,Need to go back up. I forgot my wallet.
2734,1548,5,28,117,150,1.2533333333333334,0.041435825874730124,689,Fifth floor. Men's wear
3674,1548,5,28,117,150,1.2533333333333334,0.041435825874730124,689,I'm not really sure living in the world's highest penthouse is worth the effort.
2644,1548,8,22,120,150,1.2533333333333334,0.044557648521436594,689,NASA out of funds? GuessTrump spent them all on 'Space Force?'
2602,1548,7,24,119,150,1.2533333333333334,0.043541917540996115,689,"It only elevates so far, but it's one small step in the right direction."
2669,1548,7,24,119,150,1.2533333333333334,0.043541917540996115,689,I really wasn't expecting you to be going down.
4087,1548,7,24,119,150,1.2533333333333334,0.043541917540996115,689,"One small step for mankind, one giant leap for penthouse living."
3895,1548,4,30,116,150,1.2533333333333334,0.040341569222180476,689,"More budget cuts to NASA this month, sir?"
4532,1548,5,28,117,150,1.2533333333333334,0.041435825874730124,689,"Yes Sir, it was quick wasn't it."
4436,1548,9,20,121,150,1.2533333333333334,0.04555073545369884,689,I forget how tall this building is sometimes.
4544,1548,7,24,119,150,1.2533333333333334,0.043541917540996115,689,"Truly sorry, sir, I don't think the outfit will help you with the rarefied atmosphere of the Tower penthouse..."
4546,1548,5,28,117,150,1.2533333333333334,0.041435825874730124,689,"Back to the future, please"
4631,1548,2,34,114,150,1.2533333333333334,0.0380587872912686,689,The space capsule is now a restaurant sir!
4971,1548,4,30,116,150,1.2533333333333334,0.040341569222180476,689,"Down the hall and to the right, must hurry sir the hatch is about to close!"
5012,1548,8,22,120,150,1.2533333333333334,0.044557648521436594,689,"You realize, sir, that this floor is the Mars candy company?"
4401,1548,6,26,118,150,1.2533333333333334,0.042501919068836526,689,"Yeah, it has its ups and downs."
5089,1548,4,30,116,150,1.2533333333333334,0.040341569222180476,689,you can't live in the Penthouse without one
2384,1548,8,22,120,150,1.2533333333333334,0.044557648521436594,689,"I'm not ground control, Major Tom, and I'm getting tired of you announcing that your stepping through the friggin door."
4231,1548,7,24,119,150,1.2533333333333334,0.043541917540996115,689,Ooh! Before you push the button do you think you could do a count down?
5151,1548,6,26,118,150,1.2533333333333334,0.042501919068836526,689,I do not think this elevator goes that high.
4191,1548,7,24,119,150,1.2533333333333334,0.043541917540996115,689,Do you require a shuttle service?
4088,1548,5,28,117,150,1.2533333333333334,0.041435825874730124,689,"Sorry Buzz, but this elevator only goes to Bed Bath & Beyond.”"
4038,1548,5,28,117,150,1.2533333333333334,0.041435825874730124,689,"No, it's the shoe department."
3960,1548,6,26,118,150,1.2533333333333334,0.042501919068836526,689,"The next 238,900 miles are on you."
3950,1548,7,24,119,150,1.2533333333333334,0.043541917540996115,689,Sorry man. CosmicCon is next week!
3730,1548,4,30,116,150,1.2533333333333334,0.040341569222180476,689,Yes it is a rarefied atmosphere we are going for here.
2360,1548,4,30,116,150,1.2533333333333334,0.040341569222180476,689,"My name is not Alice, and we don't stop at the moon."
1940,1548,6,26,118,150,1.2533333333333334,0.042501919068836526,689,I don’t think this is what she meant when she said she needs space.
2252,1548,7,24,119,150,1.2533333333333334,0.043541917540996115,689,"Observation deck, please."
2336,1548,7,24,119,150,1.2533333333333334,0.043541917540996115,689,You have reached your final destination.
80,1548,6,26,118,150,1.2533333333333334,0.042501919068836526,689,"Despite claims, Trump Tower doesn’t actually have | a billion-anth floor"
282,1548,6,26,118,150,1.2533333333333334,0.042501919068836526,689,Not Star Trek and I am not Scottie!
294,1548,8,22,120,150,1.2533333333333334,0.044557648521436594,689,"4,728,512th floor, sir."
428,1548,4,30,116,150,1.2533333333333334,0.040341569222180476,689,It's literally just one small step down the hall.
494,1548,6,26,118,150,1.2533333333333334,0.042501919068836526,689,Mens' clothing please...I need a new suit.
585,1548,6,26,118,150,1.2533333333333334,0.042501919068836526,689,Last time I swear...I forgot to clean Major Tomcat’s litter this morning.
611,1548,7,24,119,150,1.2533333333333334,0.043541917540996115,689,"The atmosphere is laden with pretentious perfumery, be careful."
1060,1548,5,28,117,150,1.2533333333333334,0.041435825874730124,689,It’s time to leave the capsule if you dare.
1133,1548,8,22,120,150,1.2533333333333334,0.044557648521436594,689,"Should I hold the elevator for you sir?”

“No thank you. I think it’s gonna be a long long time."
1292,1548,6,26,118,150,1.2533333333333334,0.042501919068836526,689,"I'm sorry sir, this really is the highest this elevator goes."
1347,1548,5,28,117,150,1.2533333333333334,0.041435825874730124,689,"Houston, we have a lift..."
403,1548,8,22,120,150,1.2533333333333334,0.044557648521436594,689,That was scary. I'll never ride an elevator again.
1469,1548,2,34,114,150,1.2533333333333334,0.0380587872912686,689,"Low Earth orbit, please"
1530,1548,6,26,118,150,1.2533333333333334,0.042501919068836526,689,I guess up or down is kind of a moot question at this point
1560,1548,7,24,119,150,1.2533333333333334,0.043541917540996115,689,"One small step for man, huh? You couldn't take the stairs?"
1644,1548,5,28,117,150,1.2533333333333334,0.041435825874730124,689,"Is it to the dark side this time, sir?"
1657,1548,7,24,119,150,1.2533333333333334,0.043541917540996115,689,"Go ahead. It's just one small step, sir."
1726,1548,6,26,118,150,1.2533333333333334,0.042501919068836526,689,"Second floor: asteroid belt, Mars and ""The Twilight Zone."""
1839,1548,4,30,116,150,1.2533333333333334,0.040341569222180476,689,I'm going up...all the way up
1853,1548,7,24,119,150,1.2533333333333334,0.043541917540996115,689,"Did you say ""down?"""
1902,1548,5,28,117,150,1.2533333333333334,0.041435825874730124,689,Welcome to my world
2146,1548,7,24,119,150,1.2533333333333334,0.043541917540996115,689,"Going up, Mr Musk?"
1407,1548,5,28,117,150,1.2533333333333334,0.041435825874730124,689,Just buzz me when you want to splash down.
4358,1611,10,20,128,158,1.2531645569620253,0.044839028619317184,689,"C’mon, Mr. Aldrin, I told you I quit eating taquitos."
1633,1611,4,32,122,158,1.2531645569620253,0.03907409061031696,689,"Mr. McConaughey, it's time to move on"
3651,1611,8,24,126,158,1.2531645569620253,0.04300333914194397,689,NASA cut your budget again?
1701,1614,4,28,111,143,1.2517482517482517,0.041479260508742906,689,"What? Did you think I would say ""Going up""?"
3053,1615,5,27,115,147,1.251700680272109,0.04190454406221098,689,"Unfortunately, sir, the elevator doesn't go that high."
2917,1615,5,27,115,147,1.251700680272109,0.04190454406221098,689,Better luck next time.
2547,1615,5,27,115,147,1.251700680272109,0.04190454406221098,689,"No, this isn't the Apollo Theater."
3206,1615,8,21,118,147,1.251700680272109,0.04511712195395935,689,"You know this only goes to the tenth floor, right?"
2845,1615,6,25,116,147,1.251700680272109,0.0430020787076315,689,"Yes, achieving exit velocity is always a problem."
3285,1615,6,25,116,147,1.251700680272109,0.0430020787076315,689,And call up the Rover; I’m headed to the grocery.
3286,1615,5,27,115,147,1.251700680272109,0.04190454406221098,689,"Sir, I believe you will need the express elevator"
2573,1615,5,27,115,147,1.251700680272109,0.04190454406221098,689,"Re-Entry?....dunno but here be the lobby!"""
3735,1615,5,27,115,147,1.251700680272109,0.04190454406221098,689,"Yes, sir. We have oxygen and artificial gravity in the lounge."
3423,1615,7,23,117,147,1.251700680272109,0.044072289857606535,689,Just one small step for mankind and you'll be on your floor.
3536,1615,5,27,115,147,1.251700680272109,0.04190454406221098,689,5 ... 4 ... 3 ... 2 ... 1 ... Which floor?
3539,1615,4,29,114,147,1.251700680272109,0.04077747972773978,689,Well this isn't Mars.
3714,1615,7,23,117,147,1.251700680272109,0.044072289857606535,689,are you going up?
3003,1615,6,25,116,147,1.251700680272109,0.0430020787076315,689,Habitable? Just barely.
3818,1615,7,23,117,147,1.251700680272109,0.044072289857606535,689,I understand you like to be prepared but no suit is needed at the Space Needle sir.
4902,1615,5,27,115,147,1.251700680272109,0.04190454406221098,689,"Sir, there's no need -- it's only the third floor."
3888,1615,5,27,115,147,1.251700680272109,0.04190454406221098,689,"Sir, it only goes 12 floors up"
4990,1615,9,19,119,147,1.251700680272109,0.046138299204933786,689,"If your ears pop, gum also works."
4365,1615,3,31,113,147,1.251700680272109,0.03961836560019451,689,It didn't get you there last week either.
4613,1615,3,31,113,147,1.251700680272109,0.03961836560019451,689,"This isn't going to be another fake moon landing, is it?"
4680,1615,7,23,117,147,1.251700680272109,0.044072289857606535,689,Using us for training following cutbacks on the NASA budget has really helped my job security
4706,1615,8,21,118,147,1.251700680272109,0.04511712195395935,689,Long year at work?
5168,1615,4,29,114,147,1.251700680272109,0.04077747972773978,689,"Your room key entitles you to infinity, but not beyond"
3870,1615,5,27,115,147,1.251700680272109,0.04190454406221098,689,"You mean the ""honey"" moon suite, right?"
5082,1615,6,25,116,147,1.251700680272109,0.0430020787076315,689,Does the moon make the Earth look fat or is it just all that excess water weight?
5034,1615,6,25,116,147,1.251700680272109,0.0430020787076315,689,"A step, a leap, anything will do."
4356,1615,10,17,120,147,1.251700680272109,0.04713735900153452,689,"Sorry sir, this is an elevator, that's not how these work."
4211,1615,4,29,114,147,1.251700680272109,0.04077747972773978,689,"Sorry I spaced out just now, what was the question?"
4148,1615,6,25,116,147,1.251700680272109,0.0430020787076315,689,"Just press up, up and away."
4117,1615,7,23,117,147,1.251700680272109,0.044072289857606535,689,I heard the cost of staying here was sky rocketing.
4076,1615,9,19,119,147,1.251700680272109,0.046138299204933786,689,The great thing about Jupiter is you can ditch the spacesuit after a couple years.
5074,1615,4,29,114,147,1.251700680272109,0.04077747972773978,689,How high do you want to go?
2529,1615,3,31,113,147,1.251700680272109,0.03961836560019451,689,"89408, sir?"
3894,1615,5,27,115,147,1.251700680272109,0.04190454406221098,689,Did your ears pop?
2190,1615,5,27,115,147,1.251700680272109,0.04190454406221098,689,Welcome to Mars-a-lago!
0,1615,6,25,116,147,1.251700680272109,0.0430020787076315,689,My pitch Is still a bit long.
100,1615,4,29,114,147,1.251700680272109,0.04077747972773978,689,"And your wife, Mr  Johnson? Did you leave her on the moon?"
334,1615,6,25,116,147,1.251700680272109,0.0430020787076315,689,"Shall I start the countdown, sir?"
482,1615,4,29,114,147,1.251700680272109,0.04077747972773978,689,"Taking the rocket ship today, sir?"
507,1615,7,23,117,147,1.251700680272109,0.044072289857606535,689,"You should have enough Tang to get you to nine, sir."
634,1615,7,23,117,147,1.251700680272109,0.044072289857606535,689,ISS level needs a code.
737,1615,6,25,116,147,1.251700680272109,0.0430020787076315,689,10? 9? 8? 7? . . .
847,1615,9,19,119,147,1.251700680272109,0.046138299204933786,689,"I only go to the 25th floor, you'll have to transfer"
854,1615,5,27,115,147,1.251700680272109,0.04190454406221098,689,I just need some fresh air.
874,1615,7,23,117,147,1.251700680272109,0.044072289857606535,689,I can take you as far as the glass ceiling.
1220,1615,6,25,116,147,1.251700680272109,0.0430020787076315,689,You could say that convincing a co-op board is the final frontier.
925,1615,6,25,116,147,1.251700680272109,0.0430020787076315,689,"Infinity, please."
1380,1615,5,27,115,147,1.251700680272109,0.04190454406221098,689,"3, 2,1, Off lift."
1410,1615,9,19,119,147,1.251700680272109,0.046138299204933786,689,"No, sir. You'll have to change at the mezzanine."
2423,1615,8,21,118,147,1.251700680272109,0.04511712195395935,689,"First floor, again, sir. Will we be riding back up to the top again, sir?"
1484,1615,5,27,115,147,1.251700680272109,0.04190454406221098,689,So its true that rents are skyrocketing?
1654,1615,4,29,114,147,1.251700680272109,0.04077747972773978,689,"The Eagle has landed, sir."
1660,1615,6,25,116,147,1.251700680272109,0.0430020787076315,689,"Millionth floor, please."
1999,1615,4,29,114,147,1.251700680272109,0.04077747972773978,689,"Very smart, sir. You can't trust the atmosphere down on Earth anymore."
2070,1615,5,27,115,147,1.251700680272109,0.04190454406221098,689,I can only take you to the Moon.  The elevator to Mars is under construction.
2136,1615,5,27,115,147,1.251700680272109,0.04190454406221098,689,"Out for a walk, sir?"
2138,1615,9,19,119,147,1.251700680272109,0.046138299204933786,689,"11th floor. Colors, women's lingerie,
Apollo spacecraft, cosmetics"
1266,1615,1,35,111,147,1.251700680272109,0.03719192079739321,689,"I missed the first shuttle"""
4493,1673,6,26,119,151,1.2516556291390728,0.04225283202636141,689,"Welcome home Major Tom. I'm so happy the circuit was fixed."""
2883,1673,5,28,118,151,1.2516556291390728,0.04119467918915452,689,"Buddy, it may be one small step for you, but it’s 38 floors to me ..."
1613,1675,6,27,122,155,1.2516129032258065,0.04153884154750915,689,"Sorry, small steps for women are on the fifth floor."
5243,1675,5,29,121,155,1.2516129032258065,0.04051775137575749,689,"Sorry, sir, this elevator only goes as high as the 12th floor."
1935,1675,6,27,122,155,1.2516129032258065,0.04153884154750915,689,"Up"" or ""Down"" it is all the same to me"
3305,1678,2,36,121,159,1.251572327044025,0.03675448168781267,689,"Just a small step this way, sir."
5271,1679,2,32,110,144,1.25,0.038799987183490224,689,You know this isn't a real space needle.
5330,1679,6,26,120,152,1.25,0.04200657220898526,689,The anti gravity room is next to the bar.
146,1679,5,25,110,140,1.25,0.04316011443339083,689,Told you earth Is flat.
1963,1679,6,19,99,124,1.25,0.04807465345971242,689,What happened to that steps for mankind thing?
4688,1679,3,29,108,140,1.25,0.040709281890814235,689,"This is as high as I can take you, sir."
5299,1684,6,24,115,145,1.2482758620689656,0.043252615453394906,689,You're right. There's a rarefied atmosphere at the top.
3550,1684,6,24,115,145,1.2482758620689656,0.043252615453394906,689,"I don't think we are quite there yet, sir"
3529,1684,5,26,114,145,1.2482758620689656,0.04213078806462358,689,"If anyone asks, you didn't see me."
3512,1684,2,32,111,145,1.2482758620689656,0.038570026978304646,689,"I’m sorry, but we have only fifty floors. You might want to check the Kennedy Space Center down the way."
3470,1684,8,20,117,145,1.2482758620689656,0.045413209804915894,689,Would you like the mesosphere or thermosphere?
3333,1684,6,24,115,145,1.2482758620689656,0.043252615453394906,689,These budget cuts are brutal.
3402,1684,5,26,114,145,1.2482758620689656,0.04213078806462358,689,The listing said 8F is out of this world.
3616,1684,7,22,116,145,1.2482758620689656,0.04434607292841478,689,How high do you think this elevator goes?
3231,1684,5,26,114,145,1.2482758620689656,0.04213078806462358,689,NASA requires I wear it casually”
3172,1684,10,16,119,145,1.2482758620689656,0.04747557799554802,689,Have you seen a milk maid? The missus and I are trying something.
2732,1684,7,22,116,145,1.2482758620689656,0.04434607292841478,689,He asked for a Uber driver  not a scuba diver
3463,1684,6,24,115,145,1.2482758620689656,0.043252615453394906,689,Watch that first step for mankind
3688,1684,6,24,115,145,1.2482758620689656,0.043252615453394906,689,"Houston, we’ve got a Porter."
4309,1684,8,20,117,145,1.2482758620689656,0.045413209804915894,689,"Unfortunately, this elevator doesn’t go that far up."
4155,1684,3,30,112,145,1.2482758620689656,0.03979236637497417,689,Eh...Define top floor.
4267,1684,5,26,114,145,1.2482758620689656,0.04213078806462358,689,"Houston, this is ground floor."
4486,1684,4,28,113,145,1.2482758620689656,0.04097826085051929,689,"Well, I can take as as far as the roof."
4774,1684,6,24,115,145,1.2482758620689656,0.043252615453394906,689,The government cut NASA's budget again
4929,1684,5,26,114,145,1.2482758620689656,0.04213078806462358,689,"Sorry, can't help you...if you have a problem call Houston."
5013,1684,6,24,115,145,1.2482758620689656,0.043252615453394906,689,The hotel's shuttle to the cape won't leave for another 45 minutes.
5022,1684,8,20,117,145,1.2482758620689656,0.045413209804915894,689,"Don’t mind me saying it, sir, but adult diapers are easier."
5053,1684,4,28,113,145,1.2482758620689656,0.04097826085051929,689,...and I’m shopping in a most peculiar way.
5062,1684,6,24,115,145,1.2482758620689656,0.043252615453394906,689,"I'm sorry to hear about the budget cuts at NASA, but, technically, a skyscraper is only 40 stories high."
5193,1684,9,18,118,145,1.2482758620689656,0.04645583994933614,689,"I'm sorry, ma'am, but we don't have a 3,414,003rd floor."
5343,1684,4,28,113,145,1.2482758620689656,0.04097826085051929,689,Watch your step for mankind.
2699,1684,7,22,116,145,1.2482758620689656,0.04434607292841478,689,"I'm sorry, sir, but this is as high as it goes."
3781,1684,5,26,114,145,1.2482758620689656,0.04213078806462358,689,"Take me back to the lobby, it actually said “There’s space on the third floor.”"
2427,1684,5,26,114,145,1.2482758620689656,0.04213078806462358,689,"Our celestial ballroom is to the right."""
4426,1684,5,26,114,145,1.2482758620689656,0.04213078806462358,689,"You're going up, I suppose."
225,1684,8,20,117,145,1.2482758620689656,0.045413209804915894,689,"Going up?” “Yeah ,why"
209,1684,6,24,115,145,1.2482758620689656,0.043252615453394906,689,"Welcome to Mars, Mr Musk sir."
361,1684,3,30,112,145,1.2482758620689656,0.03979236637497417,689,"Going up, up and away, sir?”"
406,1684,8,20,117,145,1.2482758620689656,0.045413209804915894,689,The Thousand Mile Club reunion is to the left.
436,1684,6,24,115,145,1.2482758620689656,0.043252615453394906,689,You said you needed more space.
2409,1684,2,32,111,145,1.2482758620689656,0.038570026978304646,689,One small ride for man.
439,1684,9,18,118,145,1.2482758620689656,0.04645583994933614,689,You seriously want me to do a T-minus five seconds countdown?
498,1684,3,30,112,145,1.2482758620689656,0.03979236637497417,689,"T minus 5 seconds, sir."
812,1684,10,16,119,145,1.2482758620689656,0.04747557799554802,689,"I see that they're still shampooing your carpet, sir."
915,1684,4,28,113,145,1.2482758620689656,0.04097826085051929,689,"Rockets, shuttles and lingerie."
951,1684,7,22,116,145,1.2482758620689656,0.04434607292841478,689,I guess you took them seriously when they said the party would be out of this world.
167,1684,8,20,117,145,1.2482758620689656,0.045413209804915894,689,Please take one giant leap off the lift for mankind
1054,1684,6,24,115,145,1.2482758620689656,0.043252615453394906,689,"Go ahead, sir..It is not a great leap or anything... just one small step..."
1351,1684,5,26,114,145,1.2482758620689656,0.04213078806462358,689,"Sorry, sir, but one G is the lowest I can go"
1459,1684,7,22,116,145,1.2482758620689656,0.04434607292841478,689,"Mr Armstrong., this is the studio where you will be filming the ""moonwalk""."
1672,1684,6,24,115,145,1.2482758620689656,0.043252615453394906,689,I think you’re way overdressed for this ascension.
1687,1684,3,30,112,145,1.2482758620689656,0.03979236637497417,689,Yes Sir.  I'll take you up as high as I can.
1790,1684,3,30,112,145,1.2482758620689656,0.03979236637497417,689,Did you forget your keys?
1914,1684,8,20,117,145,1.2482758620689656,0.045413209804915894,689,I assume that you are going up?
2130,1684,3,30,112,145,1.2482758620689656,0.03979236637497417,689,Are you with new Space Force?
2241,1684,10,16,119,145,1.2482758620689656,0.04747557799554802,689,Elevator to Houston: we've landed.
2358,1684,7,22,116,145,1.2482758620689656,0.04434607292841478,689,"Any habitable planet,please."
2405,1684,9,18,118,145,1.2482758620689656,0.04645583994933614,689,"I'm sorry sir,this goes to the Veterinary Hospital ""spay station""  not the ""space station""."
1283,1684,5,26,114,145,1.2482758620689656,0.04213078806462358,689,"What will it be this morning Mr Armstrong, a small step or a giant leap?"
44,1684,8,20,117,145,1.2482758620689656,0.045413209804915894,689,"Finally, an elevator with  some space."
4818,1738,3,28,106,137,1.2481751824817517,0.041157863386336785,689,Don’t ask.  Just do me a favor and say ‘3 2 1 liftoff’ before you hit the button.
4692,1739,4,28,114,146,1.2465753424657535,0.04073213282948226,689,This is as far up as it goes.
3272,1739,6,24,116,146,1.2465753424657535,0.04298899007208366,689,"I'm afraid that this is as high as I can take you, Sir."
2058,1741,4,27,111,142,1.2464788732394365,0.041433965788443806,689,Suits?
460,1741,5,25,112,142,1.2464788732394365,0.04262233735759899,689,The millionth floor??
4400,1743,2,26,94,122,1.2459016393442623,0.04246738255968705,689,"105,116,000th please.""

Moon floor, going up"
3531,1744,4,30,121,155,1.2451612903225806,0.039202283865001686,689,"You expect me to say ""Up"" don't you."
3701,1745,5,25,113,143,1.2447552447552448,0.04235831268917647,689,That's how I started.
4315,1745,2,31,110,143,1.2447552447552448,0.03871366018804529,689,Top floor and beyond please.
3702,1745,4,27,112,143,1.2447552447552448,0.041179286026284054,689,Keeps the ears from popping.
3742,1745,3,29,111,143,1.2447552447552448,0.0399654918823099,689,Could you count down from 10 before liftoff?
3768,1745,4,27,112,143,1.2447552447552448,0.041179286026284054,689,It doesn't go that far.
3855,1745,3,29,111,143,1.2447552447552448,0.0399654918823099,689,"Major Tom. Please..,step through the door."
3866,1745,4,27,112,143,1.2447552447552448,0.041179286026284054,689,The shuttle should arrive any minute now.
3990,1745,4,27,112,143,1.2447552447552448,0.041179286026284054,689,"I’ll need your card to access that floor, sir."
4017,1745,4,27,112,143,1.2447552447552448,0.041179286026284054,689,Fart confidently sir.
4023,1745,9,17,117,143,1.2447552447552448,0.04677818806700607,689,I already tired the stairway to heaven.
4107,1745,7,21,115,143,1.2447552447552448,0.04462300714153091,689,You can’t get there from here.
4251,1745,4,27,112,143,1.2447552447552448,0.041179286026284054,689,"Let me guess, Honeymoon suite?"
4311,1745,10,15,118,143,1.2447552447552448,0.04781936778201615,689,"If you don't like it, you're welcome to use the stairs"
3687,1745,4,27,112,143,1.2447552447552448,0.041179286026284054,689,"Sorry, 1250 feet is as high as we go."
5197,1745,5,25,113,143,1.2447552447552448,0.04235831268917647,689,"Indeed, Sir. The penthouse atmosphere can be rather inhospitable."
3608,1745,7,21,115,143,1.2447552447552448,0.04462300714153091,689,"I'm sorry sir, this elevator doesn't go UP that high."
2924,1745,4,27,112,143,1.2447552447552448,0.041179286026284054,689,"The 1,000,000th floor, please"
2957,1745,5,25,113,143,1.2447552447552448,0.04235831268917647,689,"Skybridge to Saturn, Sir; mind the rings."
2994,1745,6,23,114,143,1.2447552447552448,0.04350539863182021,689,"No sir, I'm sorry. We don't have billions and billions of floors."
3110,1745,3,29,111,143,1.2447552447552448,0.0399654918823099,689,Do you want the Aquarium or the Shuttle deck?
3126,1745,5,25,113,143,1.2447552447552448,0.04235831268917647,689,"When the door is closed, shall I begin the countdown as usual?"
4328,1745,5,25,113,143,1.2447552447552448,0.04235831268917647,689,"Floor 10.  No, 9.  No, 8.  No, 7..."
3129,1745,7,21,115,143,1.2447552447552448,0.04462300714153091,689,"'Please, not too fast'"
3255,1745,5,25,113,143,1.2447552447552448,0.04235831268917647,689,It appears that you are taking your germophobic approach to new heights.
3273,1745,4,27,112,143,1.2447552447552448,0.041179286026284054,689,"Yes, sir, of course, it's good to be prepared.  But this building only has four floors."
3329,1745,4,27,112,143,1.2447552447552448,0.041179286026284054,689,"Would you also like a countdown, sir?"
3339,1745,3,29,111,143,1.2447552447552448,0.0399654918823099,689,"We only go to the 24th floor, sir."
3360,1745,3,29,111,143,1.2447552447552448,0.0399654918823099,689,"I think you're over reacting to the reports of Legionnaires, sir."
3420,1745,4,27,112,143,1.2447552447552448,0.041179286026284054,689,That countdown thing you always do is really annoying.
3506,1745,7,21,115,143,1.2447552447552448,0.04462300714153091,689,Welcome to the newly renamed and remodelled Donald J. Trump Space Center.
3574,1745,5,25,113,143,1.2447552447552448,0.04235831268917647,689,"One small step, Floor 9...one giant leap Floor 99."
3686,1745,5,25,113,143,1.2447552447552448,0.04235831268917647,689,"You realize this only goes up to the 60th floor, right?"
4381,1745,4,27,112,143,1.2447552447552448,0.041179286026284054,689,"Top of the Atmosphere, Sir?"
4758,1745,8,19,116,143,1.2447552447552448,0.045713300281128834,689,How’s the atmosphere in the lounge?
4402,1745,4,27,112,143,1.2447552447552448,0.041179286026284054,689,"How far up is ""up""?"
4908,1745,4,27,112,143,1.2447552447552448,0.041179286026284054,689,"You know, there are quicker ways up."
4942,1745,3,29,111,143,1.2447552447552448,0.0399654918823099,689,"One small step for man, one giant leap from the tenth floor."
4983,1745,6,23,114,143,1.2447552447552448,0.04350539863182021,689,"President Trump, welcome to Mars."
5002,1745,3,29,111,143,1.2447552447552448,0.0399654918823099,689,"Sorry, one small step won't be quite enough."
5007,1745,5,25,113,143,1.2447552447552448,0.04235831268917647,689,The earth looks like a big blue marble from the penthouse here at the Dubai Marriott Marquis.
5018,1745,3,29,111,143,1.2447552447552448,0.0399654918823099,689,"Blast-off in 10, 9, 8..."
4869,1745,5,25,113,143,1.2447552447552448,0.04235831268917647,689,"364,669,235,905th floor, please."
5092,1745,4,27,112,143,1.2447552447552448,0.041179286026284054,689,Where shall I beam you?
5104,1745,5,25,113,143,1.2447552447552448,0.04235831268917647,689,"I will watch you take your step, Sir. But one can not simply summon the paparazzi."
5173,1745,4,27,112,143,1.2447552447552448,0.041179286026284054,689,I afraid our Starlight Room will have do.
5338,1745,4,27,112,143,1.2447552447552448,0.041179286026284054,689,"The shuttle to JFK leaves in 30 minutes, if that's what you're asking about."
5273,1745,5,25,113,143,1.2447552447552448,0.04235831268917647,689,One small step for Menswear.
5215,1745,5,25,113,143,1.2447552447552448,0.04235831268917647,689,I stay in this hotel every year for the Bed Bugs Without Borders annual meeting.
2865,1745,3,29,111,143,1.2447552447552448,0.0399654918823099,689,I’m sorry sir. You can only go to 12.
5101,1745,3,29,111,143,1.2447552447552448,0.0399654918823099,689,They called to say they’d pick you up on the roof.
4389,1745,6,23,114,143,1.2447552447552448,0.04350539863182021,689,"Up to Mars, please."
4862,1745,6,23,114,143,1.2447552447552448,0.04350539863182021,689,Hold on tight!
4821,1745,7,21,115,143,1.2447552447552448,0.04462300714153091,689,"You have quite a few packages waiting..."""
4407,1745,6,23,114,143,1.2447552447552448,0.04350539863182021,689,This always happened when I put on a snow suit too.
4416,1745,6,23,114,143,1.2447552447552448,0.04350539863182021,689,What? The guidance counselor said to dress for the job that you want.
4433,1745,6,23,114,143,1.2447552447552448,0.04350539863182021,689,"Watch that one small step over there."""
4451,1745,6,23,114,143,1.2447552447552448,0.04350539863182021,689,So let's have a talk about expectations...
4500,1745,6,23,114,143,1.2447552447552448,0.04350539863182021,689,"Sir, you do know it only goes up to the 7th floor, right?"
4508,1745,4,27,112,143,1.2447552447552448,0.041179286026284054,689,"We can go up again, if you'd like"
4823,1745,8,19,116,143,1.2447552447552448,0.045713300281128834,689,How long since you changed the kitty litter?
4512,1745,4,27,112,143,1.2447552447552448,0.041179286026284054,689,"Sorry, there are only eight floors now..."
4592,1745,7,21,115,143,1.2447552447552448,0.04462300714153091,689,Would you like to press the button or should I?
4648,1745,6,23,114,143,1.2447552447552448,0.04350539863182021,689,"Good morning, Mr. Aldrin"
4652,1745,6,23,114,143,1.2447552447552448,0.04350539863182021,689,"Sir, I have some bad news. First, the Stardust Lounge has a no-hats policy. Second, well, let's just say you're taking the name little bit too literally."
4748,1745,8,19,116,143,1.2447552447552448,0.045713300281128834,689,The launching pad is on the penthouse level.
4790,1745,5,25,113,143,1.2447552447552448,0.04235831268917647,689,"Some welcome home, they broke into my locker and took my street clothes."
4793,1745,3,29,111,143,1.2447552447552448,0.0399654918823099,689,"I ll try my best, but the ceiling is still out there"
4565,1745,3,29,111,143,1.2447552447552448,0.0399654918823099,689,Sky Lounge?
2770,1745,4,27,112,143,1.2447552447552448,0.041179286026284054,689,"Hilton, I think we have a problem"
3580,1745,7,21,115,143,1.2447552447552448,0.04462300714153091,689,The bedbug infestation on six?
2687,1745,5,25,113,143,1.2447552447552448,0.04235831268917647,689,"No giant leap this time, Sir. A small step will do."
1600,1745,8,19,116,143,1.2447552447552448,0.045713300281128834,689,Great landing.  It's been a privilege riding with you.
1596,1745,6,23,114,143,1.2447552447552448,0.04350539863182021,689,"Watch your one small step, sir."
1591,1745,5,25,113,143,1.2447552447552448,0.04235831268917647,689,"Sorry sir, we don’t have space in the building."
1567,1745,6,23,114,143,1.2447552447552448,0.04350539863182021,689,"Sorry, sir; this is as far up as it goes."
1558,1745,5,25,113,143,1.2447552447552448,0.04235831268917647,689,We're in Jersey ... there ain't no Final Frontier.
1555,1745,6,23,114,143,1.2447552447552448,0.04350539863182021,689,It's been a tough flu season
1460,1745,5,25,113,143,1.2447552447552448,0.04235831268917647,689,Wait until the conspiracy theorists find out about this!
1414,1745,6,23,114,143,1.2447552447552448,0.04350539863182021,689,Forgot my wallet.
1258,1745,4,27,112,143,1.2447552447552448,0.041179286026284054,689,Rooftop Mr.Musk. Your ship is waiting.
1226,1745,6,23,114,143,1.2447552447552448,0.04350539863182021,689,Take me to your Super.
1204,1745,7,21,115,143,1.2447552447552448,0.04462300714153091,689,"953rd Floor, please, and step on it.  I missed my flight."
1202,1745,4,27,112,143,1.2447552447552448,0.041179286026284054,689,It's one small step.
1145,1745,4,27,112,143,1.2447552447552448,0.041179286026284054,689,"‘I’m sorry, this is as high as it goes.”"
1051,1745,3,29,111,143,1.2447552447552448,0.0399654918823099,689,"Are you sure?""  ""We only play  the song 'Fly Me to the Moon'"
1024,1745,6,23,114,143,1.2447552447552448,0.04350539863182021,689,I already got my step in for the day.
984,1745,3,29,111,143,1.2447552447552448,0.0399654918823099,689,"Cloud nine, please."
928,1745,6,23,114,143,1.2447552447552448,0.04350539863182021,689,My wife said she wanted a little space.
2737,1745,5,25,113,143,1.2447552447552448,0.04235831268917647,689,"First thing. We'll get the super to repressurize the penthouse, sir."
7,1745,4,27,112,143,1.2447552447552448,0.041179286026284054,689,"To the rooftop parking, thanks."
45,1745,4,27,112,143,1.2447552447552448,0.041179286026284054,689,need some space!
161,1745,5,25,113,143,1.2447552447552448,0.04235831268917647,689,"I need space, Gary."
272,1745,3,29,111,143,1.2447552447552448,0.0399654918823099,689,"Here you are sir, home—where | no one can hear you scream."
370,1745,7,21,115,143,1.2447552447552448,0.04462300714153091,689,"Can I help you, sir?”  
“No. I just need a little space."
1628,1745,3,29,111,143,1.2447552447552448,0.0399654918823099,689,"Honestly, I didn't expect rooms this nice on Mars."
404,1745,7,21,115,143,1.2447552447552448,0.04462300714153091,689,"The penthouse, please."
493,1745,4,27,112,143,1.2447552447552448,0.041179286026284054,689,Take me with you.
501,1745,6,23,114,143,1.2447552447552448,0.04350539863182021,689,Going up?   Or is that a dumb question?
601,1745,4,27,112,143,1.2447552447552448,0.041179286026284054,689,Touch Down
678,1745,6,23,114,143,1.2447552447552448,0.04350539863182021,689,The top floor?
700,1745,4,27,112,143,1.2447552447552448,0.041179286026284054,689,The moon please.
907,1745,6,23,114,143,1.2447552447552448,0.04350539863182021,689,Please watch your one small step for man.
479,1745,2,31,110,143,1.2447552447552448,0.03871366018804529,689,"I'm afraid this is as high as it goes, sir."
1785,1745,9,17,117,143,1.2447552447552448,0.04677818806700607,689,You know this elevator only goes up to the stratosphere?
968,1745,4,27,112,143,1.2447552447552448,0.041179286026284054,689,"Another small step, Mr. Armstrong?"
1840,1745,5,25,113,143,1.2447552447552448,0.04235831268917647,689,Tonight's food tube special has received excellent reviews.
2379,1745,5,25,113,143,1.2447552447552448,0.04235831268917647,689,Moon boots? Take one small step out and twenty giant leaps to your right
2366,1745,6,23,114,143,1.2447552447552448,0.04350539863182021,689,I admire your ambition...but this building only has five floors.
2364,1745,2,31,110,143,1.2447552447552448,0.03871366018804529,689,Parkade level Mr. Tesla
2362,1745,4,27,112,143,1.2447552447552448,0.041179286026284054,689,May the Force be with you.
2328,1745,5,25,113,143,1.2447552447552448,0.04235831268917647,689,They really are building them too tall these days.
2300,1745,3,29,111,143,1.2447552447552448,0.0399654918823099,689,"The seminar is to your left, Mr. Musk"
2287,1745,4,27,112,143,1.2447552447552448,0.041179286026284054,689,Going up Mr. Armstrong?
2274,1745,2,31,110,143,1.2447552447552448,0.03871366018804529,689,"Floor ""50,446,387"" please."
1819,1745,3,29,111,143,1.2447552447552448,0.0399654918823099,689,13th floor please... where no man has gone before.
2246,1745,3,29,111,143,1.2447552447552448,0.0399654918823099,689,"Just so you know, this only goes up about 10 floors."
2184,1745,4,27,112,143,1.2447552447552448,0.041179286026284054,689,"I hate changing at work,NASA has the worst lorckerrooms."
2459,1745,8,19,116,143,1.2447552447552448,0.045713300281128834,689,Keeping up appearances for the sake of the kids.
2091,1745,3,29,111,143,1.2447552447552448,0.0399654918823099,689,I believe that there is at least one Sears left in this galaxy.
2128,1745,4,27,112,143,1.2447552447552448,0.041179286026284054,689,What floor is Mr. Musk on?
2044,1745,5,25,113,143,1.2447552447552448,0.04235831268917647,689,You’ll find the flannel underwear with a rear flap in the  lingerie department on your left.
2555,1745,3,29,111,143,1.2447552447552448,0.0399654918823099,689,"Back to the stratosphere, shall we?"
2589,1745,6,23,114,143,1.2447552447552448,0.04350539863182021,689,Eighth floor: environmental disasters and housewares
2038,1745,5,25,113,143,1.2447552447552448,0.04235831268917647,689,Will this get me there?
2018,1745,7,21,115,143,1.2447552447552448,0.04462300714153091,689,"11,327th floor. Ladies dresses, hats, and International Space Station."
1953,1745,6,23,114,143,1.2447552447552448,0.04350539863182021,689,"Yes, going up, but not that far up..."
1921,1745,4,27,112,143,1.2447552447552448,0.041179286026284054,689,You mean that lady across the hall really is contagious?
1856,1745,4,27,112,143,1.2447552447552448,0.041179286026284054,689,"Going up in 3-2-1, liftoff!"
1843,1745,4,27,112,143,1.2447552447552448,0.041179286026284054,689,"Launching floor, Commander."
2591,1745,6,23,114,143,1.2447552447552448,0.04350539863182021,689,I need to practice my space elevator pitch.
2048,1745,5,25,113,143,1.2447552447552448,0.04235831268917647,689,Is the air quality outside really that bad sir?
2402,1745,2,31,110,143,1.2447552447552448,0.03871366018804529,689,All the right stuff on your shopping list?
3145,1877,2,29,104,135,1.2444444444444445,0.039992628766177166,689,What floor? No pressure.
1106,1877,6,21,108,135,1.2444444444444445,0.04518455082971872,689,"Up or down, sir?"
3275,1877,3,27,105,135,1.2444444444444445,0.04135176749720385,689,The final frontier sir
956,1877,4,25,106,135,1.2444444444444445,0.04266763404099585,689,"Sir, sorry to disappoint, but M doesn't stand for Moon"
827,1881,5,20,98,123,1.2439024390243902,0.04666894676742699,689,Expecting rain sir?
2914,1881,4,22,97,123,1.2439024390243902,0.045218475992188534,689,"Yes, it IS the express elevator. Yes, I'm sure I don't need one."
4604,1883,7,23,122,152,1.243421052631579,0.04277404880485733,689,The suit isn't necessary.  The entire store is non-smoking now.
1169,1884,5,24,111,140,1.2428571428571429,0.04285714285714285,689,"Tap it hard - escape velocity is 25,000 mph."
2468,1884,4,26,110,140,1.2428571428571429,0.041640842582238206,689,"""The joint needs a little atmosphere."""
3301,1884,5,24,111,140,1.2428571428571429,0.04285714285714285,689,More budget cuts at NASA?
1199,1887,5,19,96,120,1.2416666666666667,0.04733194261577883,689,She said dress for the Bahamas.
3973,1887,5,19,96,120,1.2416666666666667,0.04733194261577883,689,The express elevator is across the hall.
2580,1889,7,21,117,145,1.2413793103448276,0.04406963106363406,689,That was some serious g's.
5276,1890,6,22,113,141,1.2411347517730495,0.04376031847617875,689,Basically the same job only fancier equipment
4871,1890,2,30,109,141,1.2411347517730495,0.03885481929904858,689,"No, I didn’t feel any Gs."
2310,1892,4,25,108,137,1.2408759124087592,0.04211755849911165,689,"Another bad hair day, huh"
2844,1893,2,28,103,133,1.2406015037593985,0.04015006020204168,689,How far 'up'?
3716,1894,6,22,114,142,1.2394366197183098,0.04348422450636393,689,"Floor 3,874,890,432. Here you are sir."
3599,1895,4,25,109,138,1.2391304347826086,0.04184766294183874,689,Are you my mother?
2520,1895,6,21,111,138,1.2391304347826086,0.044303498047984134,689,"I was supposed to fly today, but my cat talked me out of it."
3752,1895,5,23,110,138,1.2391304347826086,0.04309307852185475,689,"Women's Lingerie, we have a problem."
2549,1895,2,29,107,138,1.2391304347826086,0.03923842310924015,689,Ship's in the shop?
2594,1895,3,27,108,138,1.2391304347826086,0.0405640280408239,689,Will you be going up or down?
2665,1895,3,27,108,138,1.2391304347826086,0.0405640280408239,689,Am I over dressed?
3689,1895,4,25,109,138,1.2391304347826086,0.04184766294183874,689,"Going out for another buzz, Buzz?"
2727,1895,3,27,108,138,1.2391304347826086,0.0405640280408239,689,"I’m afraid the penthouse is as far as I go, Sir."
2872,1895,4,25,109,138,1.2391304347826086,0.04184766294183874,689,I'm telling you... The L button won't launch anything!
3044,1895,6,21,111,138,1.2391304347826086,0.044303498047984134,689,"Higher, please."
3330,1895,6,21,111,138,1.2391304347826086,0.044303498047984134,689,"I’m afraid this is not a skyscraper, sir."
3626,1895,5,23,110,138,1.2391304347826086,0.04309307852185475,689,Is this about the cat lady in 6-B?
5263,1895,6,21,111,138,1.2391304347826086,0.044303498047984134,689,"I see you are prepared to attend the political rally."""
2725,1895,5,23,110,138,1.2391304347826086,0.04309307852185475,689,"...5, 4, 3, 2..."
2901,1895,4,25,109,138,1.2391304347826086,0.04184766294183874,689,And we have lift off.
4660,1895,4,25,109,138,1.2391304347826086,0.04184766294183874,689,Haberdashery.
4112,1895,3,27,108,138,1.2391304347826086,0.0405640280408239,689,When I overheard someone saying the new guy was a real 'space cadet' I didn't think they were being literal.
5049,1895,4,25,109,138,1.2391304347826086,0.04184766294183874,689,"Well, 'dress for the job you want' I suppose."
5106,1895,6,21,111,138,1.2391304347826086,0.044303498047984134,689,"Charlie, if the government keeps cutting our budget, no more glass elevator space exploration trips for you."
5129,1895,3,27,108,138,1.2391304347826086,0.0405640280408239,689,NASA is going green.
4955,1895,5,23,110,138,1.2391304347826086,0.04309307852185475,689,"Sir, yes. I see what you mean. The top floor is ‘spacey.’"
5179,1895,5,23,110,138,1.2391304347826086,0.04309307852185475,689,Have you ever seen the movie Trading Places?
4925,1895,5,23,110,138,1.2391304347826086,0.04309307852185475,689,Back for some reentry?
4091,1895,1,31,106,138,1.2391304347826086,0.037866440620987284,689,We just did the floors. A giant leap would probably be a bad idea. Just stick to small steps.
2504,1895,5,23,110,138,1.2391304347826086,0.04309307852185475,689,2030: A Space Odyssey
5225,1895,6,21,111,138,1.2391304347826086,0.044303498047984134,689,"Observation level, please...."
4673,1895,4,25,109,138,1.2391304347826086,0.04184766294183874,689,This is as far as I go. The stairs are on your right.
5227,1895,7,19,112,138,1.2391304347826086,0.04548171568976626,689,VCThe sign in the window said Space for RenT
4656,1895,4,25,109,138,1.2391304347826086,0.04184766294183874,689,"Sorry, the pool is closed!"
4654,1895,6,21,111,138,1.2391304347826086,0.044303498047984134,689,"I know, it's a lot more fun going up than coming down."
4482,1895,7,19,112,138,1.2391304347826086,0.04548171568976626,689,Moonlight lounge?
4847,1895,6,21,111,138,1.2391304347826086,0.044303498047984134,689,"It doesn't travel fast, but it certainly shakes like a rocket ship"
2477,1895,4,25,109,138,1.2391304347826086,0.04184766294183874,689,See you Richard - and please skip your silly To infinity and beyond joke.
596,1895,6,21,111,138,1.2391304347826086,0.044303498047984134,689,We haven't had that spirit here since 1969.
1951,1895,9,15,114,138,1.2391304347826086,0.047751015776407536,689,Are we there yet?
176,1895,7,19,112,138,1.2391304347826086,0.04548171568976626,689,In 3...2...1...
277,1895,6,21,111,138,1.2391304347826086,0.044303498047984134,689,Mr. Douglas Adams is waiting you at the end of the universe
346,1895,4,25,109,138,1.2391304347826086,0.04184766294183874,689,"Okay, okay...you win. You take just one small step and I will do a giant leap for you."
556,1895,6,21,111,138,1.2391304347826086,0.044303498047984134,689,Ground Floor ~ “Planet Earth
619,1895,5,23,110,138,1.2391304347826086,0.04309307852185475,689,I hope you enjoyed your stay on Earth.
921,1895,5,23,110,138,1.2391304347826086,0.04309307852185475,689,"We're downsizing at NASA ,take the Macy's escalator to the launch pad, then turn right!"
961,1895,6,21,111,138,1.2391304347826086,0.044303498047984134,689,"I'm afraid the building doesn't have a millionth floor, sir."
784,1895,4,25,109,138,1.2391304347826086,0.04184766294183874,689,"It's right there, next to the 'lift on' button."
1037,1895,4,25,109,138,1.2391304347826086,0.04184766294183874,689,One small step to the 17th sir.
1119,1895,4,25,109,138,1.2391304347826086,0.04184766294183874,689,To Infinity...and H.R.
1533,1895,4,25,109,138,1.2391304347826086,0.04184766294183874,689,1969!
1717,1895,8,17,113,138,1.2391304347826086,0.04663017247321444,689,This elevator doesnt go to Infinity and beyond. Thats the elevator in the toy store down the hall.
1768,1895,3,27,108,138,1.2391304347826086,0.0405640280408239,689,"I'm sorry, sir.  This elevator only serves floors eleven to thirty."
1842,1895,3,27,108,138,1.2391304347826086,0.0405640280408239,689,"Penthouse... Asteroid chips, Comet particles, Moon dust, Voyager CD... This is the top floor."
1015,1895,7,19,112,138,1.2391304347826086,0.04548171568976626,689,I’m afraid this vehicle only goes so far as the Moon Lounge on the top floor.
2399,1895,8,17,113,138,1.2391304347826086,0.04663017247321444,689,I’m not taking it off until Trump is out of office.
237,1946,1,30,103,134,1.2388059701492538,0.0384573831022419,689,"Let me explain the buttons to you, then you can take it from there"
503,1947,3,25,102,130,1.2384615384615385,0.042018035929025456,689,"Housewares, fine linens, moon departures, 10th floor!..."
2538,1948,4,26,113,143,1.2377622377622377,0.04086868459206661,689,"If you push the button and say ""blast off,""  I will hurt you."
4932,1948,4,26,113,143,1.2377622377622377,0.04086868459206661,689,"Been operating the Wonka elevator for years, sir - and never been requested to push that particular button."
3800,1948,4,26,113,143,1.2377622377622377,0.04086868459206661,689,"Whew, major head-rush.  Let's do it again!!"
4286,1948,2,30,111,143,1.2377622377622377,0.03838311175252409,689,Getting off the lift ?
2671,1948,7,20,116,143,1.2377622377622377,0.04433653740431731,689,Property taxes are lower on Jupiter.
675,1953,7,18,110,135,1.237037037037037,0.04608186937587219,689,"I can take you to the roof, but you'll have to hitch a ride from there."
2976,1953,5,22,108,135,1.237037037037037,0.04361676336166934,689,"So, have any big travel plans, Mr. Smith?"
665,1953,5,22,108,135,1.237037037037037,0.04361676336166934,689,You’re Greta Thunberg!
568,1953,7,18,110,135,1.237037037037037,0.04608186937587219,689,Shall I send up a drink?
3400,1953,4,24,107,135,1.237037037037037,0.04233041136859312,689,I don't blame you Fred.  I would join you if I had the gear.
3489,1953,5,22,108,135,1.237037037037037,0.04361676336166934,689,Can I borrow your Netflix account while you're away?
5121,1953,6,20,109,135,1.237037037037037,0.04486624973921271,689,How far up do you think this goes?
111,1953,3,26,106,135,1.237037037037037,0.04100372430793054,689,Harold’s friends  had failed to mention that  it wasn’t THAT kind of fancy dress  party.
5206,1953,4,24,107,135,1.237037037037037,0.04233041136859312,689,"I can get you as far as the roof deck, sir."
2066,1953,4,24,107,135,1.237037037037037,0.04233041136859312,689,4G only sir but Lenny down the hall will take you to the moon and back for a $5 tip.
3695,1953,9,14,112,135,1.237037037037037,0.048421641072995805,689,"So Space Force didn't get that rocket budget, huh?"
1907,1953,4,24,107,135,1.237037037037037,0.04233041136859312,689,You want WHAT floor?
1016,1965,4,25,111,140,1.2357142857142858,0.041317851835987615,689,I'll take you to the top floor after that you're on your own.
546,1966,2,35,129,166,1.2349397590361446,0.03514812415377816,689,"It's my first day on the job, just how tall is the building?"
1554,1967,5,21,106,132,1.2348484848484849,0.044158998786431834,689,I assume you're going to the penthouse?
2633,1967,5,21,106,132,1.2348484848484849,0.044158998786431834,689,Are you sure you want to step out there? Just saying.
2234,1967,3,25,104,132,1.2348484848484849,0.041457162611691405,689,"Third floor - lingerie, housewares, moon rocks."
1333,1970,4,25,112,141,1.2340425531914894,0.041057818564589114,689,I'm afraid we don't go that high.
2325,1971,2,24,94,120,1.2333333333333334,0.04223008428447825,689,They said I can decompress in their penthouse.
2619,1972,4,23,106,133,1.2330827067669172,0.04254280683002801,689,I’m not sure I can take you that high sir.
3246,1972,4,23,106,133,1.2330827067669172,0.04254280683002801,689,"Stratosphere, sir. You're on your own from here."
3238,1972,7,17,109,133,1.2330827067669172,0.04638592364753896,689,So is it true that you shit in that thing?
3211,1972,5,21,107,133,1.2330827067669172,0.043861276537850824,689,They say it’s going to be a red one.
3141,1972,3,25,105,133,1.2330827067669172,0.04118214718083957,689,"Dress for the job you want, right?"
3124,1972,5,21,107,133,1.2330827067669172,0.043861276537850824,689,"I assume you want me to do the '3-2-1 blastoff' thing?""
Tory Hoen, Brooklyn, N"
3109,1972,4,23,106,133,1.2330827067669172,0.04254280683002801,689,I wanted to be an astronaut but dreaded the thought of confined spaces and crash landings.
3079,1972,4,23,106,133,1.2330827067669172,0.04254280683002801,689,Sir you don’t have to wear that every time you go up
3045,1972,4,23,106,133,1.2330827067669172,0.04254280683002801,689,"Sorry but because of budget cuts, this elevator now only goes up to the Stratosphere"
2541,1972,6,19,108,133,1.2330827067669172,0.045141253262205396,689,I know it looks it but the penthouse doesn't go that high sir.
3007,1972,5,21,107,133,1.2330827067669172,0.043861276537850824,689,Can I have room service send up your launch?
3251,1972,4,23,106,133,1.2330827067669172,0.04254280683002801,689,Checking out early. Would've liked a room with more space.
2565,1972,2,27,104,133,1.2330827067669172,0.03977496800591531,689,Can I bother you to do a count down?
2838,1972,3,25,105,133,1.2330827067669172,0.04118214718083957,689,Sorry.  This is as high as I can take you.
2805,1972,5,21,107,133,1.2330827067669172,0.043861276537850824,689,Last off!
2787,1972,5,21,107,133,1.2330827067669172,0.043861276537850824,689,But this is already “As far as she goes.”
2572,1972,4,23,106,133,1.2330827067669172,0.04254280683002801,689,Exosphere?
2626,1972,6,19,108,133,1.2330827067669172,0.045141253262205396,689,"Have a nice space walk, sir. Your LEM is on Parking Port 3.  You wanted me to  remind you that young Krater needs two space rocks  for her science project, approximately 4xpi/3 in diameter. And the missus needs a quart of Rocky Road for Galileofest"
2582,1972,4,23,106,133,1.2330827067669172,0.04254280683002801,689,"Going up? Yes, but not that far."
2854,1972,7,17,109,133,1.2330827067669172,0.04638592364753896,689,"Sir, I’ll take you up, but I don’t think Mr. Trump was serious about the  whole Space Force thing.”"
5093,1972,6,19,108,133,1.2330827067669172,0.045141253262205396,689,"It’s one small staircase for man, but you can take the elevator."
5124,1972,4,23,106,133,1.2330827067669172,0.04254280683002801,689,"I’ll leave a you message, on the dark side, in the dust."
4863,1972,6,19,108,133,1.2330827067669172,0.045141253262205396,689,Keep your helmet on. You'll find the Park Avenue air is rarified.
5146,1972,3,25,105,133,1.2330827067669172,0.04118214718083957,689,I just get the flu shot.
4621,1972,4,23,106,133,1.2330827067669172,0.04254280683002801,689,This is not my floor.
4450,1972,3,25,105,133,1.2330827067669172,0.04118214718083957,689,I heard the view up there is out of this world.
4058,1972,3,25,105,133,1.2330827067669172,0.04118214718083957,689,Which way's Houston?
3997,1972,4,23,106,133,1.2330827067669172,0.04254280683002801,689,Don’t. you get sick of people asking if your job has its ups and downs.?
5172,1972,3,25,105,133,1.2330827067669172,0.04118214718083957,689,"Yes sir, this rooftop dining experience was described as ""out of this world"" but..."
5277,1972,2,27,104,133,1.2330827067669172,0.03977496800591531,689,"I'm sorry, sir, but condo rules prohibit breaking the law of gravity."
2495,1972,4,23,106,133,1.2330827067669172,0.04254280683002801,689,Rents in this building are astronomical.
4294,1972,4,23,106,133,1.2330827067669172,0.04254280683002801,689,I believe you are taking the space for rent ad a bit too literally sir.
4119,1972,7,17,109,133,1.2330827067669172,0.04638592364753896,689,"Yes, I understand why you can't stand it when someone farts in the elevator."
4204,1972,2,27,104,133,1.2330827067669172,0.03977496800591531,689,"This just goes up to the fourth floor, sir."
4200,1972,4,23,106,133,1.2330827067669172,0.04254280683002801,689,"A rooftop launch does shorten the distance, but not by much."
3954,1972,4,23,106,133,1.2330827067669172,0.04254280683002801,689,"Enjoy your orbit, Sir."
3909,1972,4,23,106,133,1.2330827067669172,0.04254280683002801,689,"10, please. Then 9, 8, 7, 6, 5, 4, 3, 2, 1"
3900,1972,4,23,106,133,1.2330827067669172,0.04254280683002801,689,"The penthouse, Mr. Musk?"
3796,1972,7,17,109,133,1.2330827067669172,0.04638592364753896,689,"I'm sorry, but 'the Red Planet' is not a floor number!"
3780,1972,6,19,108,133,1.2330827067669172,0.045141253262205396,689,"Sir, I don’t think this is what it means to ‘dress for the job you want...’"
3690,1972,5,21,107,133,1.2330827067669172,0.043861276537850824,689,"Sir, no need for a gas mask in Hong Kong today. Mr. Xi  agreed to the '5 Demands'."
3532,1972,2,27,104,133,1.2330827067669172,0.03977496800591531,689,"You're down to earth now, Sir."
3516,1972,5,21,107,133,1.2330827067669172,0.043861276537850824,689,"Sir, we don't go beyond the penthouse."
3459,1972,5,21,107,133,1.2330827067669172,0.043861276537850824,689,Long work commute?
3477,1972,8,15,110,133,1.2330827067669172,0.047598057514861465,689,How far up were you hoping to go?
885,1972,4,23,106,133,1.2330827067669172,0.04254280683002801,689,Well it's nice work if you can get it
2093,1972,3,25,105,133,1.2330827067669172,0.04118214718083957,689,Are they done filming the moon landing?
296,1972,7,17,109,133,1.2330827067669172,0.04638592364753896,689,"For the millionth time, Tommy, this is as close to the moon as I can get you."
630,1972,6,19,108,133,1.2330827067669172,0.045141253262205396,689,Will the Penthouse do?
660,1972,3,25,105,133,1.2330827067669172,0.04118214718083957,689,I need to start slow for the high G-training.
755,1972,3,25,105,133,1.2330827067669172,0.04118214718083957,689,How far up do you want to go?
769,1972,7,17,109,133,1.2330827067669172,0.04638592364753896,689,Is the missus in need of some space again?
791,1972,3,25,105,133,1.2330827067669172,0.04118214718083957,689,"Thank you, Hal, for opening the pod bay doors."
846,1972,4,23,106,133,1.2330827067669172,0.04254280683002801,689,"Yes, sir, it is a high floor, but I assure you that you'll be able to breathe normally."
927,1972,3,25,105,133,1.2330827067669172,0.04118214718083957,689,Good luck with the in-laws.
983,1972,4,23,106,133,1.2330827067669172,0.04254280683002801,689,"This is Mars, sir. For Jupiter, wait for the next stop, please."
989,1972,6,19,108,133,1.2330827067669172,0.045141253262205396,689,You have to walk across to the express elevator.
1034,1972,1,29,103,133,1.2330827067669172,0.038316144290870935,689,"Sorry, we don’t go that high up!"
1084,1972,6,19,108,133,1.2330827067669172,0.045141253262205396,689,I’m afraid this is as high as it goes.
1177,1972,8,15,110,133,1.2330827067669172,0.047598057514861465,689,"No, sir!  I don't think they'll be able to recognize you."
2224,1972,4,23,106,133,1.2330827067669172,0.04254280683002801,689,This IS the top floor isn't it?
1238,1972,3,25,105,133,1.2330827067669172,0.04118214718083957,689,In case the Clean Air Act is repealed.
110,1972,5,21,107,133,1.2330827067669172,0.043861276537850824,689,Russia is already up?
1301,1972,5,21,107,133,1.2330827067669172,0.043861276537850824,689,That's one small slide for the door and one giant press for the doorman.
2050,1972,3,25,105,133,1.2330827067669172,0.04118214718083957,689,"To the moon, Mrs. Cramden"""
2049,1972,3,25,105,133,1.2330827067669172,0.04118214718083957,689,"Sorry, the near space elevator is out of order."
2036,1972,6,19,108,133,1.2330827067669172,0.045141253262205396,689,"Sorry sir, this elevator only goes up to the penthouse."
1942,1972,5,21,107,133,1.2330827067669172,0.043861276537850824,689,I feel like we should address the chair in the room
1847,1972,3,25,105,133,1.2330827067669172,0.04118214718083957,689,"You want floors five, four, three, two, AND one?"
1817,1972,8,15,110,133,1.2330827067669172,0.047598057514861465,689,"Watch your small step for man, sir"
1801,1972,2,27,104,133,1.2330827067669172,0.03977496800591531,689,The weather outside is frightening.
1693,1972,3,25,105,133,1.2330827067669172,0.04118214718083957,689,Lobby. Please watch your small step for mankind.
1631,1972,3,25,105,133,1.2330827067669172,0.04118214718083957,689,"Hi Buzz, you've just missed Neil. He said to meet him up there."
1579,1972,2,27,104,133,1.2330827067669172,0.03977496800591531,689,"No Sir, B is for Basement not Blast off"
1355,1972,4,23,106,133,1.2330827067669172,0.04254280683002801,689,It’s very simple really. This astronauts go up and the aquanauts go down. What’ll it be today?
1313,1972,4,23,106,133,1.2330827067669172,0.04254280683002801,689,The “Space Force” meeting wasn’t what I thought it would be
1742,1972,3,25,105,133,1.2330827067669172,0.04118214718083957,689,"Sorry, sir, but this is as high as I go."
1287,1972,4,23,106,133,1.2330827067669172,0.04254280683002801,689,"Sure, Mr. Collins, I guess you could call that a giant leap."
2264,2050,3,18,82,103,1.233009708737864,0.04819980997808791,689,NO. This time I'm going down.
1324,2051,4,25,113,142,1.232394366197183,0.04080095716840726,689,Is this the launch pad you had in mind?
4707,2051,2,29,111,142,1.232394366197183,0.03827450671300822,689,"And when you're ready to explore the night life here on Mars, lemme know."
822,2053,4,21,100,125,1.232,0.04419312455647955,689,"Sir, this floor is the Moon. For Mars, please take the express elevator."
4173,2053,5,19,101,125,1.232,0.04562964514577153,689,Can I level with you?
3391,2053,3,23,99,125,1.232,0.04270831300812524,689,"This is as high as it goes, sir."
3021,2053,7,15,103,125,1.232,0.04837488017822953,689,Kindly tell management the water has been splashed out of the roof pool.  And there's a few guests who need drinks.
2523,2053,8,13,104,125,1.232,0.04969065596591154,689,You want to go down?
2303,2053,2,25,98,125,1.232,0.041169985935575484,689,Flu season's started?
2051,2053,4,21,100,125,1.232,0.04419312455647955,689,"Yeah, Bolivia was great!"
1943,2053,4,21,100,125,1.232,0.04419312455647955,689,"5, 4, 3, 2 AND 1?"
1689,2053,1,27,97,125,1.232,0.03957190270723619,689,To infinity and beyond
4623,2053,5,19,101,125,1.232,0.04562964514577153,689,I’ll try my best.
1595,2053,2,25,98,125,1.232,0.041169985935575484,689,"Sorry sir, this car only goes to 28"
1043,2053,1,27,97,125,1.232,0.03957190270723619,689,You’re on your own now.
937,2053,2,25,98,125,1.232,0.041169985935575484,689,"The sky desk, please."
554,2053,2,25,98,125,1.232,0.041169985935575484,689,I'd like some space please!
4408,2067,2,27,105,134,1.2313432835820894,0.039515326330159174,689,"You DO know this building only has 30 floors, right ?"
3664,2067,5,21,108,134,1.2313432835820894,0.043567459954432904,689,Not without an executive keycard
271,2069,8,14,108,130,1.2307692307692308,0.04827181725294577,689,‘Well you don’t SOUND sure you didn’t leave the oven on’
2894,2069,7,19,117,143,1.2307692307692308,0.04404038565935466,689,"The International Space Station? That would be floor 134,112."
795,2069,3,24,103,130,1.2307692307692308,0.04163970964136848,689,"Right this way, Mr. President."
263,2069,3,24,103,130,1.2307692307692308,0.04163970964136848,689,"I understand you, these days all we all need is more space."
803,2069,4,22,104,130,1.2307692307692308,0.04304795004868802,689,Thank you for observing our new vaping policy.
3814,2069,10,10,110,130,1.2307692307692308,0.05068224057453972,689,"Sir, I believe your a little confused on the meaning of cyber-sale."
3939,2069,3,24,103,130,1.2307692307692308,0.04163970964136848,689,It's slightly cheaper to launch from the 57th floor.
4096,2069,7,16,107,130,1.2307692307692308,0.04702029090217254,689,"Bud, it’s nice to dream but this is way above my pay grade."
4343,2069,4,22,104,130,1.2307692307692308,0.04304795004868802,689,"The costume party's theme is ""Broken Dreams."""
3779,2078,6,19,110,135,1.2296296296296296,0.044536481081518545,689,"Of course it's real. I got it in Chinatown."""
828,2078,3,25,107,135,1.2296296296296296,0.040642627727348404,689,Take me to the Moon.
816,2080,4,20,98,122,1.2295081967213115,0.044759038502775586,689,Miss your bus?
2556,2081,5,20,106,131,1.2290076335877862,0.04410642855716718,689,"That's one small step for man, two small steps to men's accessories on the second floor."
2745,2081,3,24,104,131,1.2290076335877862,0.041358160209031186,689,"8,425,748th floor."
2908,2081,6,18,107,131,1.2290076335877862,0.04541824360501837,689,"You said the 2,000th floor?"
4256,2081,2,26,103,131,1.2290076335877862,0.03991312570796216,689,"You know, they’re not all giant leaps."
3373,2081,3,24,104,131,1.2290076335877862,0.041358160209031186,689,"No, I don't think you'll need an umbrella."
3567,2081,4,22,105,131,1.2290076335877862,0.04275438255865931,689,10-9-8-7-6-5-4-3-2-1-liftoff.
3707,2081,4,22,105,131,1.2290076335877862,0.04275438255865931,689,"Which floor, sir?"
3881,2081,4,22,105,131,1.2290076335877862,0.04275438255865931,689,Are we going to be back by the end of my shift?
4055,2081,4,22,105,131,1.2290076335877862,0.04275438255865931,689,"Okay, T-minus 10...9...8..."
2437,2081,6,18,107,131,1.2290076335877862,0.04541824360501837,689,Ground?
4736,2081,10,10,111,131,1.2290076335877862,0.050324706661340764,689,"I hope your date doesn't prefer down-to-earth types, sir."
4854,2081,4,22,105,131,1.2290076335877862,0.04275438255865931,689,You might want to be seated. This thing takes off like a rocket ship.
5265,2081,5,20,106,131,1.2290076335877862,0.04410642855716718,689,"Careful, it's one small step, but its tricky."
5286,2081,5,20,106,131,1.2290076335877862,0.04410642855716718,689,Space tourism has given rise to novel fashion trends
1493,2081,6,18,107,131,1.2290076335877862,0.04541824360501837,689,"So sorry sir,there is no elevator service to the launch pad. I'm afraid you'll have to walk up."
3020,2081,6,18,107,131,1.2290076335877862,0.04541824360501837,689,Two million please
2350,2081,1,28,102,131,1.2290076335877862,0.03841377085998313,689,"With the latest cuts, this is about as high up as we can budget."""
808,2081,6,18,107,131,1.2290076335877862,0.04541824360501837,689,You'll surely win first prize in that outfit.
1718,2081,8,14,109,131,1.2290076335877862,0.047934293322812155,689,I fart before you get in ONE TIME...
363,2081,6,18,107,131,1.2290076335877862,0.04541824360501837,689,"Here we are, 57000th floor."
1779,2081,4,22,105,131,1.2290076335877862,0.04275438255865931,689,I don't suppose you're going down.
1734,2102,3,22,98,123,1.2276422764227641,0.04290685281090794,689,I can only go up.
2340,2103,4,22,106,132,1.2272727272727273,0.042464704276476285,689,"I'm sorry, this is a down elevator."
2521,2103,4,22,106,132,1.2272727272727273,0.042464704276476285,689,It's one small step for ground floor.
2771,2103,5,20,107,132,1.2272727272727273,0.04380538243518159,689,I realize you're claustrophobic Mr. Davis but I assure you there is plenty of air in the elevator.
2874,2103,3,24,105,132,1.2272727272727273,0.04108029562070666,689,"Welcome.  I gather you just came down from our space station, conveniently located just above our penthouse suites."
2936,2103,6,18,108,132,1.2272727272727273,0.045106229628472036,689,The 18th floor is the highest we go
3254,2103,4,22,106,132,1.2272727272727273,0.042464704276476285,689,Ground control to Major Tom. Going up?
3274,2103,4,22,106,132,1.2272727272727273,0.042464704276476285,689,"I am sorry sir,  I thought you said the honeymoon suite."
3479,2103,2,26,104,132,1.2272727272727273,0.039647575805851216,689,"Sorry, we're going up!"
4044,2103,4,22,106,132,1.2272727272727273,0.042464704276476285,689,"Sorry, I can't take you all the way up there."
4342,2103,5,20,107,132,1.2272727272727273,0.04380538243518159,689,The moon walk contest is on the fourth floor.
4495,2103,3,24,105,132,1.2272727272727273,0.04108029562070666,689,Going down? How ironic!
2218,2103,5,20,107,132,1.2272727272727273,0.04380538243518159,689,"Mars Pavilion, Venus Ballroom next."
4632,2103,6,18,108,132,1.2272727272727273,0.045106229628472036,689,"I'm sorry sir; the ""Mars"" on the door refers to the candy company."
4738,2103,2,26,104,132,1.2272727272727273,0.039647575805851216,689,"Yes, I do find it a bit claustrophobic."
4757,2103,4,22,106,132,1.2272727272727273,0.042464704276476285,689,Ground Control to 18th floor?
4838,2103,7,16,109,132,1.2272727272727273,0.0463705981447337,689,"Going up?""
""To the moon."
4968,2103,7,16,109,132,1.2272727272727273,0.0463705981447337,689,Only the prices go that high.
4972,2103,5,20,107,132,1.2272727272727273,0.04380538243518159,689,You're going to have to take a rocket after the 19th floor.
5065,2103,6,18,108,132,1.2272727272727273,0.045106229628472036,689,"Because, sir, this isn't Willie Wonka's elevator."
5202,2103,7,16,109,132,1.2272727272727273,0.0463705981447337,689,"My friend, we guarantee the service to be stellar."
5294,2103,4,22,106,132,1.2272727272727273,0.042464704276476285,689,"Blasting off again, sir?"
5322,2103,4,22,106,132,1.2272727272727273,0.042464704276476285,689,"88,173rd Floor, please."
4455,2103,6,18,108,132,1.2272727272727273,0.045106229628472036,689,"Burning out the old fuse again, Rocket Man?"
1961,2103,5,20,107,132,1.2272727272727273,0.04380538243518159,689,"Sorry, we don't have a ''stratosphere.'"
3394,2103,6,18,108,132,1.2272727272727273,0.045106229628472036,689,"Sir,this elevator can't go that high!"
1604,2103,4,22,106,132,1.2272727272727273,0.042464704276476285,689,"I think you'll find the climate still to your liking, sir."
1651,2103,3,24,105,132,1.2272727272727273,0.04108029562070666,689,"Penthouse, please.  I hear the air up there is rarefied."
1424,2103,3,24,105,132,1.2272727272727273,0.04108029562070666,689,It only goes to the seventh floor
1255,2103,6,18,108,132,1.2272727272727273,0.045106229628472036,689,Mr. Houston is expecting you sir.
757,2103,3,24,105,132,1.2272727272727273,0.04108029562070666,689,"Penthouse, then?"
668,2103,5,20,107,132,1.2272727272727273,0.04380538243518159,689,'Going up?' Like I haven't heard that one before.
644,2103,5,20,107,132,1.2272727272727273,0.04380538243518159,689,My microdose was too big.
636,2103,6,18,108,132,1.2272727272727273,0.045106229628472036,689,May the Space Force be with you.
260,2103,6,18,108,132,1.2272727272727273,0.045106229628472036,689,"Here we are, sir, Mars... or floor 7"
88,2103,5,20,107,132,1.2272727272727273,0.04380538243518159,689,which floor? the infinity and beyond please
15,2103,2,26,104,132,1.2272727272727273,0.039647575805851216,689,"One small step for woman, one giant leap for humanity."
1673,2139,5,17,97,119,1.226890756302521,0.04689014880207883,689,"You want floors 10, 9, 8, 7, 6, 5, 4, 3, 2, AND 1?"
1265,2139,3,21,95,119,1.226890756302521,0.04374730103773937,689,"One giant step for Casual Sportswear, Activewear, and Footwear"
4641,2141,4,21,103,128,1.2265625,0.04326551731953711,689,"Which floor are looking to touch down on, sir?"
4339,2141,5,19,104,128,1.2265625,0.04466471185388032,689,"You know this only goes as far up as the penthouse, right?"
2907,2141,2,25,101,128,1.2265625,0.040321731073965326,689,"you know that ""rarified air"" is just an expression, right?"
2452,2141,0,29,99,128,1.2265625,0.03714537662583591,689,"Indeed, ma’am, there is more space in the penthouse"
2420,2141,4,21,103,128,1.2265625,0.04326551731953711,689,"Oh yea, well your uniform is nothing to rave about."""
2265,2141,6,17,105,128,1.2265625,0.046021386127029565,689,"5,647,394,647,346,473,946,754th floor please!"
1500,2141,4,21,103,128,1.2265625,0.04326551731953711,689,"Women. One day they want space, next day the don’t."
753,2141,5,19,104,128,1.2265625,0.04466471185388032,689,"Another Space Force gravity test to the basement, Mr. Vice-President?"
481,2141,7,15,106,128,1.2265625,0.047339195991441825,689,"Lobby, Sir, the eagle has landed."
441,2141,4,21,103,128,1.2265625,0.04326551731953711,689,"For the last time sir, I understand this is a giant leap for mankind, but can you please get off?"
315,2141,4,21,103,128,1.2265625,0.04326551731953711,689,Who farted?
727,2141,6,17,105,128,1.2265625,0.046021386127029565,689,"Pardon me sir, perhaps you haven’t heard but the sanitation workers strike is over."
2676,2153,3,25,109,137,1.2262773722627738,0.04011669957234548,689,Have we landed?
830,2154,3,22,99,124,1.2258064516129032,0.04259899945360052,689,The work clothes store on 7th and 49th has a huge sale this week. Tell them Larry sent you.
267,2154,3,22,99,124,1.2258064516129032,0.04259899945360052,689,"Gravity, am I right?"
4393,2156,4,22,107,133,1.2255639097744362,0.04217884076757722,689,"What planet, ma'am?"
2065,2156,5,20,108,133,1.2255639097744362,0.043508341442180715,689,Now we will see how many G's you can take!
893,2156,3,24,106,133,1.2255639097744362,0.04080604663458454,689,"6984th floor, Final frontier, Ewoks, and Moon buggies"
13,2156,3,24,106,133,1.2255639097744362,0.04080604663458454,689,Travel pillows are on the third floor.
4662,2160,2,19,81,102,1.2254901960784315,0.04601550038301792,689,I think you stepped into the wrong capsule.
2595,2161,3,21,96,120,1.225,0.04342239285991357,689,"1st floor- housewares, lingerie, and final frontier"
1836,2161,4,19,97,120,1.225,0.04500622428164394,689,You'll appreciate our chef's dark matter special.
2159,2161,3,21,96,120,1.225,0.04342239285991357,689,"You know, we really don't have a problem with lack of oxygen or depressurization on this elevator."
4945,2161,0,27,93,120,1.225,0.038279709174101395,689,I'm glad I chose a profession that isn't so easily automated.
4263,2161,3,21,96,120,1.225,0.04342239285991357,689,Nobody at the escalator would say “ LIFT OFF’
4183,2161,1,25,94,120,1.225,0.04006734526846951,689,There’s one small step.
4100,2161,5,17,98,120,1.225,0.046536182122071425,689,Clarke Bar?
3792,2161,2,23,95,120,1.225,0.04177856123984776,689,"I'm not sure that's what she meant by, ""I need more space."""
3419,2161,4,19,97,120,1.225,0.04500622428164394,689,"Have you always been an introvert, Mr. Reynolds?"
3047,2161,2,23,95,120,1.225,0.04177856123984776,689,Your first visit to a supertall?
3015,2161,3,21,96,120,1.225,0.04342239285991357,689,I don't know why these dates never work out.
2566,2161,5,17,98,120,1.225,0.046536182122071425,689,Welcome to The Trump Mars hotel
4949,2161,4,19,97,120,1.225,0.04500622428164394,689,"You're going to be disappointed with how high this one goes, sir."
4937,2161,5,17,98,120,1.225,0.046536182122071425,689,"P2, actually."
650,2161,2,23,95,120,1.225,0.04177856123984776,689,This is the lounge floor. I’m sorry there isn’t more atmosphere.
236,2161,3,21,96,120,1.225,0.04342239285991357,689,All engines running. Lift. We have lift.
1179,2161,3,21,96,120,1.225,0.04342239285991357,689,"I hope you like,  All I Want for Christmas is You"
1342,2178,5,19,105,129,1.2248062015503876,0.0443519088811853,689,I'll tell you when to stop.
206,2179,3,25,110,138,1.2246376811594204,0.03985867865935063,689,Do you think he will remember my elevator pitch?
3668,2180,7,14,104,125,1.224,0.04801075148406361,689,You should consider taking the giant steps.
4217,2180,6,16,103,125,1.224,0.04664761515876241,689,"Mrs Saltzman trying her hand at curry, sir?"
4178,2180,4,20,101,125,1.224,0.04379424030475889,689,The moon landing studio is this way. Have a nice shoot!
4171,2180,6,16,103,125,1.224,0.04664761515876241,689,"It’s just exiting an elevator, Sir. Not a giant leap for mankind."
4144,2180,5,18,102,125,1.224,0.045243427610377675,689,"Jet-pack been malfunctioning again, sir?"
4111,2180,6,16,103,125,1.224,0.04664761515876241,689,"Ten, nine, eight, seven, six, five, four, three, two, one? Make up your mind already!"
4110,2180,4,20,101,125,1.224,0.04379424030475889,689,I’m taking the long way up.
4103,2180,4,20,101,125,1.224,0.04379424030475889,689,"Don't worry, I'm a professional."
4074,2180,4,20,101,125,1.224,0.04379424030475889,689,Alice Kramden doesn't live here anymore.
4005,2180,4,20,101,125,1.224,0.04379424030475889,689,"I can only take you to the top floor, your on your own from there."
3914,2180,5,18,102,125,1.224,0.045243427610377675,689,"On the top floor, no one can hear you snore."
4221,2180,5,18,102,125,1.224,0.045243427610377675,689,Don't complain -- the Russians switched to using stairs.
3893,2180,2,24,99,125,1.224,0.04074151405804571,689,Gravity awaits you.
3856,2180,3,22,100,125,1.224,0.04229542795393436,689,"No, I won't call Uber"
2981,2180,2,24,99,125,1.224,0.04074151405804571,689,"Once again , with feeling. Up, Up,and Away !"
3833,2180,4,20,101,125,1.224,0.04379424030475889,689,Call it cautious optimism.
3711,2180,5,18,102,125,1.224,0.045243427610377675,689,Escape velocity?
3680,2180,2,24,99,125,1.224,0.04074151405804571,689,"Yes Sir , You can drain your suit at the washroom down the hall ."
3118,2180,5,18,102,125,1.224,0.045243427610377675,689,"I'm sorry, this elevator will only get you to the 30th floor..."
4226,2180,2,24,99,125,1.224,0.04074151405804571,689,"Sorry, Buzz, you're on your own beyond the 10th floor"
4335,2180,5,18,102,125,1.224,0.045243427610377675,689,Is automation coming for your job too?
2902,2180,5,18,102,125,1.224,0.045243427610377675,689,"Wise choice sir, ground level folk are dangerously infectious"
5219,2180,5,18,102,125,1.224,0.045243427610377675,689,What? It was either one small step or nine flights of stairs.
5148,2180,5,18,102,125,1.224,0.045243427610377675,689,"Sir, the Eagle has landed."
5020,2180,4,20,101,125,1.224,0.04379424030475889,689,"I swear to God if you say ""going up"""
4993,2180,6,16,103,125,1.224,0.04664761515876241,689,"My mom was anti-vaccine, so now I wear this."
4974,2180,4,20,101,125,1.224,0.04379424030475889,689,"You know we only go up twenty stories, right
?"
4948,2180,4,20,101,125,1.224,0.04379424030475889,689,The very top floor sir .
4886,2180,6,16,103,125,1.224,0.04664761515876241,689,We’re already on the top floor.
4791,2180,4,20,101,125,1.224,0.04379424030475889,689,"Yes, recreational is legal, but we don't go that high."
4240,2180,4,20,101,125,1.224,0.04379424030475889,689,"Welcome to your own little private space, sir."
4783,2180,6,16,103,125,1.224,0.04664761515876241,689,"Full moon tonight, sir?"
4762,2180,2,24,99,125,1.224,0.04074151405804571,689,"May I remind you, sir, that this is restricted airspace?"
4723,2180,6,16,103,125,1.224,0.04664761515876241,689,"To the astronomical savings, please."
4507,2180,4,20,101,125,1.224,0.04379424030475889,689,"Time for your daily orbit around the block, Sir?"
4496,2180,4,20,101,125,1.224,0.04379424030475889,689,"Sorry, sir, but this is as high as I can go."
4449,2180,4,20,101,125,1.224,0.04379424030475889,689,One small step for man and the doctor's office is down the hall to your left.
4424,2180,4,20,101,125,1.224,0.04379424030475889,689,I see you noticed the windows are all sealed.
4375,2180,2,24,99,125,1.224,0.04074151405804571,689,"Oh, sorry. I pressed the wrong floor."
4357,2180,6,16,103,125,1.224,0.04664761515876241,689,How was da view!
4773,2180,4,20,101,125,1.224,0.04379424030475889,689,Stop staring - this is my 1st day on your planet.
2852,2180,2,24,99,125,1.224,0.04074151405804571,689,It will be much easier than talking to my mother
4916,2180,4,20,101,125,1.224,0.04379424030475889,689,"That’s one small step for man, and ladies shoes on floor 5."
2726,2180,5,18,102,125,1.224,0.045243427610377675,689,The fake moon-landing set is the second door down on your left.
1128,2180,4,20,101,125,1.224,0.04379424030475889,689,"Ok, Mr. Aldrin, one small step..."
1104,2180,7,14,104,125,1.224,0.04801075148406361,689,"If you think about it, we’re in the same line of work."
1093,2180,3,22,100,125,1.224,0.04229542795393436,689,"I'm sorry, this only goes to the millionth floor."
1003,2180,5,18,102,125,1.224,0.045243427610377675,689,"Suit yourself, but may I suggest that your attire to ride up to the 90th floor is a Bit Over the Top."
999,2180,6,16,103,125,1.224,0.04664761515876241,689,"I have to ask , your not afraid of heights are you?"
774,2180,4,20,101,125,1.224,0.04379424030475889,689,"Third floor, vacuums."
560,2180,7,14,104,125,1.224,0.04801075148406361,689,"Yeah, burrito day is a rough day in the elevator."
409,2180,5,18,102,125,1.224,0.045243427610377675,689,"OK, so just imagine doing this 13,411.2 times, 100 times faster than we just did, and you’ve got it."
349,2180,5,18,102,125,1.224,0.045243427610377675,689,"I'm your ground control, Major Tom."
348,2180,6,16,103,125,1.224,0.04664761515876241,689,To the penthouse and beyond!
342,2180,4,20,101,125,1.224,0.04379424030475889,689,"I'm not sure how to tell you this sir, but space suits are in the lower basement."
321,2180,8,12,105,125,1.224,0.049336239379679445,689,"Pardon me, but the notice said tenants must prepare for the lift to be off."
70,2180,4,20,101,125,1.224,0.04379424030475889,689,Psst...it’s flat!
3632,2180,0,28,97,125,1.224,0.03744070581082712,689,"Sorry, the 2,771st floor isn’t in service."
2784,2180,7,14,104,125,1.224,0.04801075148406361,689,"Have a nice day, Miss Maxwell"
1157,2180,2,24,99,125,1.224,0.04074151405804571,689,Stratosphere?
1180,2180,3,22,100,125,1.224,0.04229542795393436,689,"No,not THAT small a step - you're still in the elevator."
443,2180,4,20,101,125,1.224,0.04379424030475889,689,"Turn left for the pet fish department, sir."
1293,2180,6,16,103,125,1.224,0.04664761515876241,689,This car doesn't go that far sir.
2085,2180,5,18,102,125,1.224,0.045243427610377675,689,Space suits are on 5.
1957,2180,4,20,101,125,1.224,0.04379424030475889,689,Have a seat. It's going to be a long ride.
2302,2180,4,20,101,125,1.224,0.04379424030475889,689,Is this a trial run?
1796,2180,4,20,101,125,1.224,0.04379424030475889,689,"Baby steps,right?"
1205,2180,4,20,101,125,1.224,0.04379424030475889,689,"Not enough oxygen on the third floor, sir?"
2087,2180,2,24,99,125,1.224,0.04074151405804571,689,Re-entering Sir?
1587,2180,5,18,102,125,1.224,0.045243427610377675,689,"I don't see a button labeled ""Moon."" Try the freight elevator."
1527,2180,3,22,100,125,1.224,0.04229542795393436,689,This one only goes as far as the troposphere.
2575,2180,4,20,101,125,1.224,0.04379424030475889,689,"Sorry, this elevator goes only to the 3,857th floor."
1425,2180,5,18,102,125,1.224,0.045243427610377675,689,There are three moons orbiting the penthouse. Which one?
1303,2180,6,16,103,125,1.224,0.04664761515876241,689,"The rooftop terrace has plenty of 
outer space."
1664,2180,1,26,98,125,1.224,0.039125933978339994,689,This floor: One small step for man
5220,2255,6,18,110,134,1.2238805970149254,0.044494682803149666,689,"Okay, remember to jump right before we get to the top."
5032,2256,4,24,115,143,1.2237762237762237,0.04021460751636528,689,You still get out of breath taking the stairs?
1549,2257,3,21,97,121,1.2231404958677685,0.04310216466249686,689,"Yes I do agree, Mrs. Smith's farts are pungent, but this is a little over the top, Buzz."
1102,2257,2,23,96,121,1.2231404958677685,0.0414735524371983,689,"When you reach the 110th floor, the rocket gantry is on your right. Have a nice trip."
4068,2259,3,22,101,126,1.2222222222222223,0.0419960525565808,689,Sorry.  This one's going down.
1753,2259,4,22,109,135,1.2222222222222223,0.04161826929421157,689,Dressin' for the job you want. eh?
1217,2261,5,21,114,140,1.2214285714285715,0.04188254651100343,689,"I beg your pardon Sir, this is not a dive."
1988,2262,2,23,97,122,1.221311475409836,0.04117284585258212,689,"your golf club, Sir?"
4284,2262,2,23,97,122,1.221311475409836,0.04117284585258212,689,A small step for you.
3737,2262,5,17,100,122,1.221311475409836,0.04584378067145163,689,"I missed my flight, can I get a lift up?"
3821,2265,3,21,99,123,1.2195121951219512,0.042475362108238664,689,Heading up?
3387,2265,3,21,99,123,1.2195121951219512,0.042475362108238664,689,Forgot the rocks again?
3398,2265,5,17,101,123,1.2195121951219512,0.04550512530337219,689,Working long hours to pay for Virgin Galactic space tour.
3427,2265,4,19,100,123,1.2195121951219512,0.04401631978653827,689,I found you through Orbitz.
3430,2265,5,17,101,123,1.2195121951219512,0.04550512530337219,689,The Giuliani cigar club is at the last door on the left.
3717,2265,4,19,100,123,1.2195121951219512,0.04401631978653827,689,"I'm sorry, this is the top floor."
3434,2265,6,15,102,123,1.2195121951219512,0.04694674057057004,689,"In other words, hold my hand.  In other words, darling, kiss me."
3652,2265,4,19,100,123,1.2195121951219512,0.04401631978653827,689,"Sir, this is your floor!  Dod you 'space out' again"
3464,2265,2,23,98,123,1.2195121951219512,0.040876354594082794,689,Do it again!
3378,2265,4,19,100,123,1.2195121951219512,0.04401631978653827,689,Watch the small step for man sir!
3527,2265,3,21,99,123,1.2195121951219512,0.042475362108238664,689,Sorry but the sky's not the limit . . . it's the penthouse.
3537,2265,7,13,103,123,1.2195121951219512,0.048345387282813346,689,"Uh, sorry sir, but there's no rocket for  you to enter on this floor.  In fact, you are at the wrong  building."
3572,2265,4,19,100,123,1.2195121951219512,0.04401631978653827,689,I'm afraid we only go up 110 stories.  You might try Dubai.
3554,2265,6,15,102,123,1.2195121951219512,0.04694674057057004,689,"Uh, I don't think I can go that far up."
3544,2265,4,19,100,123,1.2195121951219512,0.04401631978653827,689,It's just one small step for everybody
3756,2265,5,17,101,123,1.2195121951219512,0.04550512530337219,689,This is your floor....one small step for man.
3518,2265,4,19,100,123,1.2195121951219512,0.04401631978653827,689,"I, uh... I thought you’d appreciate me counting down the floors. Sorry sir.

Anyway, we’re at floor one. I mean, first floor."
3372,2265,3,21,99,123,1.2195121951219512,0.042475362108238664,689,"I'm not sure that's gonna change their mind on removing you from office, Sir."
3107,2265,2,23,98,123,1.2195121951219512,0.040876354594082794,689,"Third floor, heat shields."
3335,2265,3,21,99,123,1.2195121951219512,0.042475362108238664,689,"Yes, just one small step sir."
2723,2265,3,21,99,123,1.2195121951219512,0.042475362108238664,689,Spatial awareness training.
2781,2265,4,19,100,123,1.2195121951219512,0.04401631978653827,689,Really not necessary for the Starlight Room.
2825,2265,2,23,98,123,1.2195121951219512,0.040876354594082794,689,"Did you forget your gloves, sir?"
2827,2265,6,15,102,123,1.2195121951219512,0.04694674057057004,689,It's one small step outside
2836,2265,3,21,99,123,1.2195121951219512,0.042475362108238664,689,SpaceX  1.2*10e9 suite?
2882,2265,3,21,99,123,1.2195121951219512,0.042475362108238664,689,I take it the  Mrs. is  broiling  kippers tonight  sir.
2950,2265,4,19,100,123,1.2195121951219512,0.04401631978653827,689,Can you get me one of those flu suits?
3030,2265,3,21,99,123,1.2195121951219512,0.042475362108238664,689,"Sorry, Mr. Peterson, we’re not going past the 9th floor today."
3051,2265,4,19,100,123,1.2195121951219512,0.04401631978653827,689,"I said ""ground control,"" not ""ground floor."""
3869,2265,0,27,96,123,1.2195121951219512,0.037474208760847595,689,"Sir, you don't need to countdown for this."
3121,2265,6,15,102,123,1.2195121951219512,0.04694674057057004,689,"I'm afraid that's as high as it goes, sir."
3134,2265,1,25,97,123,1.2195121951219512,0.039212196362565434,689,That's one too many steps for man
3146,2265,6,15,102,123,1.2195121951219512,0.04694674057057004,689,Your wife giving you space again?
5241,2265,2,23,98,123,1.2195121951219512,0.040876354594082794,689,It helps me avoid making eye contact.
3205,2265,2,23,98,123,1.2195121951219512,0.040876354594082794,689,I’m not a winter person.
3214,2265,3,21,99,123,1.2195121951219512,0.042475362108238664,689,I thought I left the lights on.
3218,2265,3,21,99,123,1.2195121951219512,0.042475362108238664,689,"The lunar rover is apparently still in the shop, sir. Shall I call an Uber?"
3229,2265,3,21,99,123,1.2195121951219512,0.042475362108238664,689,Bad air quality forecast today?
3233,2265,4,19,100,123,1.2195121951219512,0.04401631978653827,689,Casual dress day sir????
3243,2265,5,17,101,123,1.2195121951219512,0.04550512530337219,689,This elevator only goes to the Moon. Express to cookware is across the hall.
3288,2265,6,15,102,123,1.2195121951219512,0.04694674057057004,689,"Headed up to Capitol Hill again today, sir?"
3366,2265,5,17,101,123,1.2195121951219512,0.04550512530337219,689,"I am sorry sir, but your spaceship was towed away."
3896,2265,2,23,98,123,1.2195121951219512,0.040876354594082794,689,Have a nice day and please watch your one small step.
4330,2265,3,21,99,123,1.2195121951219512,0.042475362108238664,689,"Going  up to cruise wear on the 6th floor, sir?”"
3927,2265,5,17,101,123,1.2195121951219512,0.04550512530337219,689,"Where no man has gone before, please."
4672,2265,2,23,98,123,1.2195121951219512,0.040876354594082794,689,"Oh, I'm sorry.  I didn't realize you wanted to go up."
4714,2265,1,25,97,123,1.2195121951219512,0.039212196362565434,689,This is inner space
4728,2265,5,17,101,123,1.2195121951219512,0.04550512530337219,689,"I'm sorry sir, that floor requires special club membership."
4746,2265,5,17,101,123,1.2195121951219512,0.04550512530337219,689,To the Moon and Back please. Thank you.
4750,2265,7,13,103,123,1.2195121951219512,0.048345387282813346,689,It is indeed a small step for a man.
4975,2265,3,21,99,123,1.2195121951219512,0.042475362108238664,689,"It's just one small step, but still, let's be careful."
5033,2265,4,19,100,123,1.2195121951219512,0.04401631978653827,689,"Sir, your wife decided not to make the pickled herring tonight."
5060,2265,5,17,101,123,1.2195121951219512,0.04550512530337219,689,"Fumigating the penthouse again, Mr. Wellington?"
5072,2265,5,17,101,123,1.2195121951219512,0.04550512530337219,689,"I know we've done it all week, but other passengers get freaked out when I yell 'BLAST OFF' when we get to the lobby."
4645,2265,5,17,101,123,1.2195121951219512,0.04550512530337219,689,"7th floor, where no man has gone before."
5120,2265,5,17,101,123,1.2195121951219512,0.04550512530337219,689,"The ad said, “Open Space Loft for Rent”"
2682,2265,2,23,98,123,1.2195121951219512,0.040876354594082794,689,To the moon? How about gossamer wings on Floor Three?
4770,2265,1,25,97,123,1.2195121951219512,0.039212196362565434,689,"Man, budget cuts, am I right?"
4801,2265,3,21,99,123,1.2195121951219512,0.042475362108238664,689,And you're sure this is what earthlings wear every day?
5184,2265,4,19,100,123,1.2195121951219512,0.04401631978653827,689,Welcome to Dubai.
4803,2265,4,19,100,123,1.2195121951219512,0.04401631978653827,689,T-minus 2...
4943,2265,7,13,103,123,1.2195121951219512,0.048345387282813346,689,The Jones' parties have a limited atmosphere.
4807,2265,2,23,98,123,1.2195121951219512,0.040876354594082794,689,It goes up a hundred floors.  It's a start.
4843,2265,3,21,99,123,1.2195121951219512,0.042475362108238664,689,Don't space out on me
4936,2265,3,21,99,123,1.2195121951219512,0.042475362108238664,689,"You're right, Sir... I shouldn't introduce myself as an elevator pilot. I clearly don't grasp the gravity of the situation."
5138,2265,6,15,102,123,1.2195121951219512,0.04694674057057004,689,"It’s just a few small steps down the corridor on your right, sir...if you get to the giant leap you’ve gone to far"
3917,2265,4,19,100,123,1.2195121951219512,0.04401631978653827,689,"I told you when you got on sir, twelfth is the highest floor we get to."
4584,2265,5,17,101,123,1.2195121951219512,0.04550512530337219,689,"Are you going up or down, Sir?"
4489,2265,1,25,97,123,1.2195121951219512,0.039212196362565434,689,The rest of the way you are on your own.
3951,2265,5,17,101,123,1.2195121951219512,0.04550512530337219,689,Floor eighteen thousand eight hundred and fifty seven please
3983,2265,5,17,101,123,1.2195121951219512,0.04550512530337219,689,So you say you’re on your way to a designation wedding?
3999,2265,5,17,101,123,1.2195121951219512,0.04550512530337219,689,I was told this is a skyscraper... is this really as high as we can go?
4000,2265,7,13,103,123,1.2195121951219512,0.048345387282813346,689,"Third floor. Shoes for a man, giant boots for mankind."
4012,2265,5,17,101,123,1.2195121951219512,0.04550512530337219,689,Your parents will know about your failure to launch. Going up?
4045,2265,4,19,100,123,1.2195121951219512,0.04401631978653827,689,"I'm going to Floor 10, 9, 8, 7, 6..."
4093,2265,6,15,102,123,1.2195121951219512,0.04694674057057004,689,That's one small step for Sherman; one giant leap for the co-op board.
4121,2265,3,21,99,123,1.2195121951219512,0.042475362108238664,689,"Trust me, sir you can only look at the moon from the 115th floor!"
4156,2265,4,19,100,123,1.2195121951219512,0.04401631978653827,689,"My wife said we needed some space because I took things too literally."""
4572,2265,3,21,99,123,1.2195121951219512,0.042475362108238664,689,"""I pressed Moon. I think you're letting me off early."""
4207,2265,2,23,98,123,1.2195121951219512,0.040876354594082794,689,"I understand ma’am. Now that NASA has finally made a suit for you, you never want to take it off."
4296,2265,5,17,101,123,1.2195121951219512,0.04550512530337219,689,It's a small step sir.  Just a little gap.  You can do it.
4301,2265,5,17,101,123,1.2195121951219512,0.04550512530337219,689,"Well, sir, the price of the penthouse is out of this world anyway."
4326,2265,3,21,99,123,1.2195121951219512,0.042475362108238664,689,This is as close as I can get you
4341,2265,4,19,100,123,1.2195121951219512,0.04401631978653827,689,"I'm sorry, there's no ""launch speed"" on this elevator."
4351,2265,1,25,97,123,1.2195121951219512,0.039212196362565434,689,I parked pretty far.
4355,2265,4,19,100,123,1.2195121951219512,0.04401631978653827,689,Watch the one small step.
4370,2265,4,19,100,123,1.2195121951219512,0.04401631978653827,689,You must live in the pent house apartment.
4376,2265,3,21,99,123,1.2195121951219512,0.042475362108238664,689,"Welcome to the""O"" Zone Mr.President"
4419,2265,2,23,98,123,1.2195121951219512,0.040876354594082794,689,"My escape velocity is 6.951 miles per second. Let's crank this baby up and see what it can do."""
4285,2265,4,19,100,123,1.2195121951219512,0.04401631978653827,689,"Beam me up, Smithers."
2675,2265,3,21,99,123,1.2195121951219512,0.042475362108238664,689,"Bad air quality today, sir?"
2167,2265,3,21,99,123,1.2195121951219512,0.042475362108238664,689,"Express, Please."
2654,2265,4,19,100,123,1.2195121951219512,0.04401631978653827,689,Could you hail me a comet?
869,2265,4,19,100,123,1.2195121951219512,0.04401631978653827,689,This is a To Go order from the new oxygen bar around the corner.
877,2265,4,19,100,123,1.2195121951219512,0.04401631978653827,689,Does this mean I'm not getting a holiday tip?
906,2265,4,19,100,123,1.2195121951219512,0.04401631978653827,689,"One small step, sir."
931,2265,3,21,99,123,1.2195121951219512,0.042475362108238664,689,"I assure you, sir:  Saks has never had a gantry department"
996,2265,5,17,101,123,1.2195121951219512,0.04550512530337219,689,The Building Management calls it outer space but its really just a patio.
1001,2265,4,19,100,123,1.2195121951219512,0.04401631978653827,689,"Sky Lounge, please."
1002,2265,3,21,99,123,1.2195121951219512,0.042475362108238664,689,"One hundred fifty fourth floor, Madam. Air lock to your right."
1090,2265,4,19,100,123,1.2195121951219512,0.04401631978653827,689,Its good to be back
1118,2265,4,19,100,123,1.2195121951219512,0.04401631978653827,689,"I’m afraid you’ll have to transfer on the 9,756th floor."
1176,2265,4,19,100,123,1.2195121951219512,0.04401631978653827,689,"The moon? I'm sorry sir, but I don't think we go quite that high."
1190,2265,6,15,102,123,1.2195121951219512,0.04694674057057004,689,"Air pretty thin up there in the penthouse, eh, Mr. Aldrin?"
1234,2265,6,15,102,123,1.2195121951219512,0.04694674057057004,689,"Jupiter?  What you want to do is go all the way back down, make a left at the end of the corridor, turn right there and you’ll see the ‘B’ elevator on your left just past the Starbucks."
1295,2265,2,23,98,123,1.2195121951219512,0.040876354594082794,689,"I swear, if I hear ""going up?"" one more time..."
1400,2265,4,19,100,123,1.2195121951219512,0.04401631978653827,689,When you get to your floor take one small step off the elevator and then a giant leap into your room.
1421,2265,4,19,100,123,1.2195121951219512,0.04401631978653827,689,"“One small elevator for man and seventy floors for all mankind, sir.”"
860,2265,3,21,99,123,1.2195121951219512,0.042475362108238664,689,"They launch from roof level on the half hours. Frankly, this whole commercialization of space thing isn’t quite what I imagined."
1432,2265,6,15,102,123,1.2195121951219512,0.04694674057057004,689,"It's overkill sir. This is the penthouse floor, but Trump is not in today."
818,2265,4,19,100,123,1.2195121951219512,0.04401631978653827,689,"Please sit down, sir. We are about ready to blast off."
720,2265,4,19,100,123,1.2195121951219512,0.04401631978653827,689,"Sir, it’s just a prostate exam..."
10,2265,4,19,100,123,1.2195121951219512,0.04401631978653827,689,"Sorry, no hidden figures.”"
85,2265,5,17,101,123,1.2195121951219512,0.04550512530337219,689,- So how much have I missed? - Uhmm flat-earthers are a thing again! - Uh!!!
125,2265,2,23,98,123,1.2195121951219512,0.040876354594082794,689,"| SAID | WANTED SPACE, MAN."" |"
147,2265,5,17,101,123,1.2195121951219512,0.04550512530337219,689,You seem a little  Spaced out today. Hope  you have a great day!
154,2265,4,19,100,123,1.2195121951219512,0.04401631978653827,689,"Good morning, Major!  So glad to see you leave the tin can."
264,2265,3,21,99,123,1.2195121951219512,0.042475362108238664,689,"Moonwalk contest, on the right sir"
311,2265,2,23,98,123,1.2195121951219512,0.040876354594082794,689,Would you like a countdown?
387,2265,4,19,100,123,1.2195121951219512,0.04401631978653827,689,Are you sure you want to go out there?
447,2265,2,23,98,123,1.2195121951219512,0.040876354594082794,689,If this things stops at every floor I’m never gonna get there.
454,2265,4,19,100,123,1.2195121951219512,0.04401631978653827,689,"Watch your one small step, please."
471,2265,3,21,99,123,1.2195121951219512,0.042475362108238664,689,I must of gotten off on the wrong planet.
476,2265,5,17,101,123,1.2195121951219512,0.04550512530337219,689,"Diaper duty again, sir?"
488,2265,2,23,98,123,1.2195121951219512,0.040876354594082794,689,"For the last time, sir, there is no gantry on this floor."
578,2265,3,21,99,123,1.2195121951219512,0.042475362108238664,689,My last place had a better view.
615,2265,5,17,101,123,1.2195121951219512,0.04550512530337219,689,"I'd actually like to go further than the ""sky lounge"""
765,2265,6,15,102,123,1.2195121951219512,0.04694674057057004,689,"Yes, I'm absolutely sure.  This is the Mars room."
1468,2265,3,21,99,123,1.2195121951219512,0.042475362108238664,689,"Sadly, this is not my first space walk of shame."
898,2265,5,17,101,123,1.2195121951219512,0.04550512530337219,689,"You're a little overdressed, we only go to the 10th floor."
1514,2265,3,21,99,123,1.2195121951219512,0.042475362108238664,689,"Top floor, sir. You can walk to the moon from here."
2011,2265,5,17,101,123,1.2195121951219512,0.04550512530337219,689,"Sir, I don't think we go up that high."
2015,2265,5,17,101,123,1.2195121951219512,0.04550512530337219,689,"Which one are you? Sorry, I'm the WORST at remembering faces..."
2656,2265,4,19,100,123,1.2195121951219512,0.04401631978653827,689,"Going down, sir?"
2052,2265,3,21,99,123,1.2195121951219512,0.042475362108238664,689,"We don't validate on the roof, sir."
2132,2265,4,19,100,123,1.2195121951219512,0.04401631978653827,689,"We no longer go to Pluto, just a heads up."
2177,2265,4,19,100,123,1.2195121951219512,0.04401631978653827,689,"Sorry, but you'll have to get off on thirty-six and transfer to the express elevator."
2200,2265,2,23,98,123,1.2195121951219512,0.040876354594082794,689,"Well, what goes up..."
2208,2265,5,17,101,123,1.2195121951219512,0.04550512530337219,689,"We don't have a floor ""Up Up and Away"" sir."
2010,2265,4,19,100,123,1.2195121951219512,0.04401631978653827,689,Damn the Wall.
2214,2265,1,25,97,123,1.2195121951219512,0.039212196362565434,689,"Yes, my name is Houston.  And no, we do not have a problem!"
2376,2265,1,25,97,123,1.2195121951219512,0.039212196362565434,689,"No, No, it's cable CARS that climb halfway to the STARS!"
2378,2265,3,21,99,123,1.2195121951219512,0.042475362108238664,689,Watch the traffic at 42nd street
2449,2265,6,15,102,123,1.2195121951219512,0.04694674057057004,689,Outerwear is on 7.
1496,2265,2,23,98,123,1.2195121951219512,0.040876354594082794,689,You must be the new buyer in the moon rocks department.
2512,2265,5,17,101,123,1.2195121951219512,0.04550512530337219,689,"I can assure you, sir, no man has gone here before. The only thing down here is the hotel gym."
2514,2265,0,27,96,123,1.2195121951219512,0.037474208760847595,689,Good luck with humans.
2517,2265,4,19,100,123,1.2195121951219512,0.04401631978653827,689,Mr. Musk believes it will work.
2645,2265,5,17,101,123,1.2195121951219512,0.04550512530337219,689,Any higher than this and you'll need a rocket.
2240,2265,7,13,103,123,1.2195121951219512,0.048345387282813346,689,"With two other billionaires with space programs, wouldn't your money be better spent by not working your workers to death?"
1997,2265,2,23,98,123,1.2195121951219512,0.040876354594082794,689,"Good luck on the Mars acquisition, Sir."
2492,2265,4,19,100,123,1.2195121951219512,0.04401631978653827,689,"Watch your step- it may seem small, but it's a giant leap for man."
1936,2265,2,23,98,123,1.2195121951219512,0.040876354594082794,689,"You may have a leak, sir!"
1929,2265,5,17,101,123,1.2195121951219512,0.04550512530337219,689,Watch your step. The gravity of the situation is pretty strong in the Trump Tower.
1878,2265,3,21,99,123,1.2195121951219512,0.042475362108238664,689,Here for Elevator Operator-Con?
1862,2265,2,23,98,123,1.2195121951219512,0.040876354594082794,689,I'm here about 'Solo' Honeymoon Package
1813,2265,5,17,101,123,1.2195121951219512,0.04550512530337219,689,"No sir, you did not travel to infinity and beyond. This is just the ground floor."
1540,2265,2,23,98,123,1.2195121951219512,0.040876354594082794,689,"So you guys provide complimentary breakfast, right?"
1582,2265,4,19,100,123,1.2195121951219512,0.04401631978653827,689,Of course I'm going up!
1751,2265,2,23,98,123,1.2195121951219512,0.040876354594082794,689,"Sorry, sir, but you’re going to be disappointed."
1714,2265,6,15,102,123,1.2195121951219512,0.04694674057057004,689,"Yes, there is Tang available in the Milky Way suite. I’ll see you again when you are ready for re-entry."
1589,2265,1,25,97,123,1.2195121951219512,0.039212196362565434,689,You're going to love your new apartment. It has more space than you can imagine.
1620,2265,4,19,100,123,1.2195121951219512,0.04401631978653827,689,It's a connecting flight.
1700,2265,1,25,97,123,1.2195121951219512,0.039212196362565434,689,"Sorry, this is not the floor for NASA."
1650,2265,4,19,100,123,1.2195121951219512,0.04401631978653827,689,Really? They told us the asbestos was nothing to worry about.
1699,2265,5,17,101,123,1.2195121951219512,0.04550512530337219,689,"So sorry, this elevator doesn't go that high."
1374,2431,2,19,84,105,1.2190476190476192,0.04484599691984634,689,Nice to see you again.  The usual express to the observation deck?
1232,2432,2,25,106,133,1.218045112781955,0.038981020007001405,689,Keep the door open. I'm afraid of closed spaces.
3195,2432,2,25,106,133,1.218045112781955,0.038981020007001405,689,"I'll notify facilities, the Tesla is on the roof."
396,2434,1,20,80,101,1.2178217821782178,0.04360933771395099,689,"No, there’s no Zero G in this building"
1442,2434,1,20,80,101,1.2178217821782178,0.04360933771395099,689,"Floor 7,567,789, please."
2765,2434,3,16,82,101,1.2178217821782178,0.04793551856202062,689,"18,700 please."
1392,2437,3,21,100,124,1.217741935483871,0.042168600982961026,689,What color is your parachute?
3220,2437,2,23,99,124,1.217741935483871,0.0405839939544974,689,The Eagle has landed in the shoe department.
3678,2439,4,23,116,143,1.2167832167832169,0.03987059257715485,689,"Sir, we don't go up that far."
3072,2440,3,20,97,120,1.2166666666666666,0.042969817648649274,689,"I see you bought your ticket for SpaceX's starship, sir"
2706,2440,3,20,97,120,1.2166666666666666,0.042969817648649274,689,"The 126,427,013th floor, please."
1167,2440,5,16,99,120,1.2166666666666666,0.04611417649244208,689,"I'm sorry, we don't go to the International Space Station!"""
172,2440,3,20,97,120,1.2166666666666666,0.042969817648649274,689,Budget cuts?
308,2440,2,22,96,120,1.2166666666666666,0.041307979935470175,689,"Which floor? Ten, nine, eight…?"
333,2440,4,18,98,120,1.2166666666666666,0.04456973469931287,689,Think carefully about what you’ll say.  “One small step for man . . . “ has already been used.
926,2440,1,24,95,120,1.2166666666666666,0.03957642207097862,689,"Try one small step, sir. It doesn't have to be a giant leap for mankind."
2098,2440,2,22,96,120,1.2166666666666666,0.041307979935470175,689,"I’m sorry, but this only goes to floor 5, sir, or madam"
1889,2440,1,24,95,120,1.2166666666666666,0.03957642207097862,689,Top floor.  This lift doesn't go to the moon.
1877,2440,3,20,97,120,1.2166666666666666,0.042969817648649274,689,"Sorry Sir, this is as high as it goes."
1396,2440,2,22,96,120,1.2166666666666666,0.041307979935470175,689,"That's right sir, it is one small step."
190,2440,1,24,95,120,1.2166666666666666,0.03957642207097862,689,"Good Evening, Commander. Nice night for a walk."
979,2440,3,20,97,120,1.2166666666666666,0.042969817648649274,689,Watch your small step for man.
5190,2440,3,20,97,120,1.2166666666666666,0.042969817648649274,689,"No sir, I had no idea the penthouse was that high up."
4470,2440,3,20,97,120,1.2166666666666666,0.042969817648649274,689,"No, I'm not blasting off anywhere. I just like that feeling of pulling a few Gs for a while."
4454,2440,4,18,98,120,1.2166666666666666,0.04456973469931287,689,I'm afraid you have the wrong elevator sir.
2777,2440,2,22,96,120,1.2166666666666666,0.041307979935470175,689,I didn't realize the budget cuts at NASA had been that bad!
3058,2440,1,24,95,120,1.2166666666666666,0.03957642207097862,689,The restroom is down the hall on the right
4704,2440,3,20,97,120,1.2166666666666666,0.042969817648649274,689,"This floor is lace, not space."
3994,2459,2,23,100,125,1.216,0.04029568135028705,689,T-minus tenth floor?
4485,2459,5,17,103,125,1.216,0.044842376271529365,689,"I’m sorry.  This building is only 40
stories up.  This is it."
3032,2461,3,16,83,102,1.2156862745098038,0.04751125295676055,689,Aren't you taking the global warming thing a little to far?
1211,2462,4,18,99,121,1.2148760330578512,0.04423611137544672,689,"I know you need the practice, but I can’t get to the top floor any faster."
2329,2462,2,22,97,121,1.2148760330578512,0.04100428582425275,689,Space Cadet just touched down from the Red Planet.
1956,2462,4,18,99,121,1.2148760330578512,0.04423611137544672,689,Just drive!
3197,2462,4,18,99,121,1.2148760330578512,0.04423611137544672,689,"Sorry, Sir, this elevator no longer stops on that floor."
4099,2462,2,22,97,121,1.2148760330578512,0.04100428582425275,689,Plenty of time to explain on the way up.
3201,2462,5,16,100,121,1.2148760330578512,0.04576652266070564,689,"Sorry, this the Moon elevator, Mars' is on the other side of the building."
3966,2462,5,16,100,121,1.2148760330578512,0.04576652266070564,689,I'm taking a walk on the wild side.
1594,2469,4,20,107,131,1.213740458015267,0.04198206365294289,689,This way if I fart no one will know.
558,2470,3,19,95,117,1.2136752136752136,0.04348009532891287,689,"And a very happy holidays to you, too, Mr. Musk."
211,2470,5,15,97,117,1.2136752136752136,0.04674658407270865,689,Thats not what she meant by ‘other side of  the moon Sir
4046,2470,2,21,94,117,1.2136752136752136,0.04175112541577314,689,"Any bags, sir?"
2338,2470,2,21,94,117,1.2136752136752136,0.04175112541577314,689,No giant leap for mankind??
2298,2470,2,21,94,117,1.2136752136752136,0.04175112541577314,689,"Floor 309283, please."
2843,2470,3,19,95,117,1.2136752136752136,0.04348009532891287,689,"Sorry, this elevator only goes as far as the penthouse"
2169,2476,2,22,98,122,1.2131147540983607,0.04070491887853253,689,"Dr. Bowman, they are sending you back to Earth, on the ground floor. HAL persuaded them."
1242,2476,2,22,98,122,1.2131147540983607,0.04070491887853253,689,"Ground floor please, Tom"
4032,2476,2,22,98,122,1.2131147540983607,0.04070491887853253,689,So that MTV moonman  money got you a penthouse?
3920,2476,3,20,99,122,1.2131147540983607,0.04233643133037792,689,"This is as far as I can take you, but I can sing a few bars of ""Fly Me to the Moon""."
3682,2476,4,18,100,122,1.2131147540983607,0.043907361736680285,689,"Third floor, the Final Frontier.Watch your one small step."
3933,2476,3,20,99,122,1.2131147540983607,0.04233643133037792,689,"80,000th floor, please. Is this elevator pressurized?"
1218,2482,1,19,79,99,1.2121212121212122,0.04372080059897002,689,"Ad decem, as usual, sir?"
4593,2483,2,21,95,118,1.2118644067796611,0.041435377036082355,689,They are waiting for you on the roof.
3322,2483,4,17,97,118,1.2118644067796611,0.04479530749320431,689,"Top floor. Lift off,  actually I meant off the lift."
3236,2483,5,15,98,118,1.2118644067796611,0.046384093448669866,689,"Look...I’m happy to take you to our leader, but first I need to see your Real ID compliant card.”"
3097,2483,3,19,96,118,1.2118644067796611,0.043148059304753364,689,Up--how far?
3073,2483,2,21,95,118,1.2118644067796611,0.041435377036082355,689,"Sorry, but we have a no alien policy in effect now."
3056,2483,2,21,95,118,1.2118644067796611,0.041435377036082355,689,Thats one small step for man... and one giant leap in everyone's expectations at my High School reunion.
3043,2483,5,15,98,118,1.2118644067796611,0.046384093448669866,689,I don't think this elevator goes up that many floors !
3029,2483,5,15,98,118,1.2118644067796611,0.046384093448669866,689,"Mr. Clooney, it's been 6 years... We know what you did to save Sandra Bullock on Gravity... Maybe it's time to let go..."
2979,2483,3,19,96,118,1.2118644067796611,0.043148059304753364,689,"Sir, this elevator doesn’t go all the way to the top."
3363,2483,2,21,95,118,1.2118644067796611,0.041435377036082355,689,You've got some shmutz on the side of  your mouth there
2937,2483,4,17,97,118,1.2118644067796611,0.04479530749320431,689,"Welcome to the Burj Khalifa, sir, but this is only the 155th floor."
2915,2483,3,19,96,118,1.2118644067796611,0.043148059304753364,689,"The air quality today is not so good , I agree"
2900,2483,4,17,97,118,1.2118644067796611,0.04479530749320431,689,"One small step for the ground floor, Mr. Armstrong..."
2862,2483,5,15,98,118,1.2118644067796611,0.046384093448669866,689,I told Houston that we had a problem and this is the best that they could do.
2767,2483,1,23,94,118,1.2118644067796611,0.039648782055418656,689,"Going way, way up?"
2689,2483,5,15,98,118,1.2118644067796611,0.046384093448669866,689,"Musk penthouse, lunch and launch."""
2635,2483,3,19,96,118,1.2118644067796611,0.043148059304753364,689,"Ohhh, you mean HOW-ston Street."
2475,2483,5,15,98,118,1.2118644067796611,0.046384093448669866,689,I'm the captain on this ship!
2428,2483,3,19,96,118,1.2118644067796611,0.043148059304753364,689,How's No Nut November going?
2339,2483,4,17,97,118,1.2118644067796611,0.04479530749320431,689,"Mr. Lucas's office is the third down on the left. If you find yourself in Sigourney Weaver's room, you've gone too far."
2997,2483,1,23,94,118,1.2118644067796611,0.039648782055418656,689,"I'm sorry, sir. The penthouse IS the last stop."
3370,2483,5,15,98,118,1.2118644067796611,0.046384093448669866,689,This elevator only goes down.
3525,2483,2,21,95,118,1.2118644067796611,0.041435377036082355,689,"And in the back of the elevator, Cyclops awaits the next floor."
3510,2483,5,15,98,118,1.2118644067796611,0.046384093448669866,689,"Just so you know, I'm assuming ""the outermost reaches of human inquiry"" is floor twelve."
4626,2483,3,19,96,118,1.2118644067796611,0.043148059304753364,689,Say hi to Sam at the elevator to the capsule.
4684,2483,1,23,94,118,1.2118644067796611,0.039648782055418656,689,Obviously you are going up.
4903,2483,1,23,94,118,1.2118644067796611,0.039648782055418656,689,"I'm sorry, Sir, you'll find that the Halloween party was on a different floor in a different month."
4957,2483,2,21,95,118,1.2118644067796611,0.041435377036082355,689,"If you come back at three am, I will let you shoot yourself to the moon...and back."
2322,2483,3,19,96,118,1.2118644067796611,0.043148059304753364,689,"It looks like one small step, but it's really a giant leap."
5125,2483,2,21,95,118,1.2118644067796611,0.041435377036082355,689,"I'm sorry, sir, but the top floor is only 59 storeys."
5169,2483,4,17,97,118,1.2118644067796611,0.04479530749320431,689,What floor is the audition for the Space Force
5275,2483,4,17,97,118,1.2118644067796611,0.04479530749320431,689,"Yes, alternate side parking is suspended today."
5305,2483,2,21,95,118,1.2118644067796611,0.041435377036082355,689,"Sir, I don't think the elevator goes that high."
5314,2483,4,17,97,118,1.2118644067796611,0.04479530749320431,689,"Just so we’re clear - -the only MOONs’  
I can take you Near, live on Floor 24"
4506,2483,6,13,99,118,1.2118644067796611,0.04792023243577968,689,"I am afraid we do not bave a 2,567,000 floor in this building."
4265,2483,4,17,97,118,1.2118644067796611,0.04479530749320431,689,"Looking good Mr. Smith, but Halloween is still 10 months away.
John Kavanagh
Bellaire, MI"
4056,2483,4,17,97,118,1.2118644067796611,0.04479530749320431,689,Mission control says this is the last liftoff to Alpha Centauri this evening
4015,2483,3,19,96,118,1.2118644067796611,0.043148059304753364,689,Do you ever regret moving into the stratosphere penthouse?
4006,2483,2,21,95,118,1.2118644067796611,0.041435377036082355,689,We've talked about this before.  I cannot simulate G-forces.
3991,2483,4,17,97,118,1.2118644067796611,0.04479530749320431,689,You'll have to change at floor 52 for an elevator to Mars.
3872,2483,4,17,97,118,1.2118644067796611,0.04479530749320431,689,I'm sorry you missed your shuttle but we just don't go high enough
3801,2483,3,19,96,118,1.2118644067796611,0.043148059304753364,689,Sorry bud Penthouse M doesn't stand for moon.
3721,2483,2,21,95,118,1.2118644067796611,0.041435377036082355,689,"No, sir, batteries are on the second floor, in electronics."
3685,2483,2,21,95,118,1.2118644067796611,0.041435377036082355,689,The rest of your party is already in space.
3583,2483,1,23,94,118,1.2118644067796611,0.039648782055418656,689,You did say you wanted to go up sir?
3447,2483,4,17,97,118,1.2118644067796611,0.04479530749320431,689,Christmas with the kids?
5044,2483,4,17,97,118,1.2118644067796611,0.04479530749320431,689,"What, the atmosphere wasn't good enough?"
933,2483,3,19,96,118,1.2118644067796611,0.043148059304753364,689,"Top floor, Jeeves. Warp factor six."
2278,2483,3,19,96,118,1.2118644067796611,0.043148059304753364,689,So this is mars?
750,2483,7,11,100,118,1.2118644067796611,0.049408635159690094,689,"Finally, some elevator music I like: 'Fly Me to the Moon' 
by Percy Faith

John Canning
Sea Cliff, NY"
742,2483,3,19,96,118,1.2118644067796611,0.043148059304753364,689,"Sir, this is the tallest building in the world, but it's not THAT tall.."
726,2483,2,21,95,118,1.2118644067796611,0.041435377036082355,689,"Well, of course she used the stairs, she's been using the peloton bike"
594,2483,2,21,95,118,1.2118644067796611,0.041435377036082355,689,"Don't forget to turn on the gravity, sir."
586,2483,4,17,97,118,1.2118644067796611,0.04479530749320431,689,Glad I'm not the only one with a sense of fashion.
430,2483,4,17,97,118,1.2118644067796611,0.04479530749320431,689,The lingerie Department please
419,2483,4,17,97,118,1.2118644067796611,0.04479530749320431,689,"264,000 please."
383,2483,5,15,98,118,1.2118644067796611,0.046384093448669866,689,‘I envy your commute.’
353,2483,4,17,97,118,1.2118644067796611,0.04479530749320431,689,T minus 30 seconds to mezzanine launch.
302,2483,4,17,97,118,1.2118644067796611,0.04479530749320431,689,"Seventh heaven, please, fantasy suite."
134,2483,2,21,95,118,1.2118644067796611,0.041435377036082355,689,Blind date. Her friend said she loves men in uniform.
112,2483,3,19,96,118,1.2118644067796611,0.043148059304753364,689,"Sir, please take a seat  and fasten your seatbelt For lift off ."
62,2483,4,17,97,118,1.2118644067796611,0.04479530749320431,689,I will vote for your President!
37,2483,3,19,96,118,1.2118644067796611,0.043148059304753364,689,Does this elevator go any higher?
12,2483,3,19,96,118,1.2118644067796611,0.043148059304753364,689,"Since Wonka’s Factory, Charlie had been playing it safe"
788,2483,5,15,98,118,1.2118644067796611,0.046384093448669866,689,Penthouse not all it’s cracked up to be?
801,2483,2,21,95,118,1.2118644067796611,0.041435377036082355,689,Platinum floor. I hope you enjoy your anti-gravity mattress
2293,2483,4,17,97,118,1.2118644067796611,0.04479530749320431,689,"168,364, please."
1100,2483,1,23,94,118,1.2118644067796611,0.039648782055418656,689,I can only take so many small steps.
844,2483,3,19,96,118,1.2118644067796611,0.043148059304753364,689,"Ah...you were asking for our most ""space-ish"" suite."
2211,2483,3,19,96,118,1.2118644067796611,0.043148059304753364,689,"I can't tell by the look of you, are you coming or going?"
2075,2483,4,17,97,118,1.2118644067796611,0.04479530749320431,689,I’m sorry sir but this car does not go to infinity or beyond.
2045,2483,2,21,95,118,1.2118644067796611,0.041435377036082355,689,"Don’t worry , word is that Mr. Johnson is not having lentil soup  for lunch again today"
2032,2483,4,17,97,118,1.2118644067796611,0.04479530749320431,689,You had the chili? It’s gonna get rough in there.
2025,2483,4,17,97,118,1.2118644067796611,0.04479530749320431,689,I hope this ride was not too fast for you.
1890,2483,5,15,98,118,1.2118644067796611,0.046384093448669866,689,Not necessary today. Mr. Jenks didn't have fiber last night.
1875,2483,1,23,94,118,1.2118644067796611,0.039648782055418656,689,"Due to budget cuts, the reentry program was cancelled."
1892,2483,2,21,95,118,1.2118644067796611,0.041435377036082355,689,Sorry sir the applicants for the Space Force are at the hotel next door.
1846,2483,6,13,99,118,1.2118644067796611,0.04792023243577968,689,You're damn right I'm going up.
1781,2483,3,19,96,118,1.2118644067796611,0.043148059304753364,689,You ready? 5....4....3....2....
1647,2483,4,17,97,118,1.2118644067796611,0.04479530749320431,689,I'm afraid we only blast off to the penthouse.
1562,2483,2,21,95,118,1.2118644067796611,0.041435377036082355,689,I know you are in a hurry so shall I hold the elevator while you retrieve your keys?
1270,2483,3,19,96,118,1.2118644067796611,0.043148059304753364,689,I forgot my ID
1257,2483,5,15,98,118,1.2118644067796611,0.046384093448669866,689,"No need to apologize, sir. I can't smell anything."
1208,2483,2,21,95,118,1.2118644067796611,0.041435377036082355,689,"How was your trip back from Earth, sir?
Year 2100"
1855,2483,6,13,99,118,1.2118644067796611,0.04792023243577968,689,"Sir, this is the Empire State Building--the top floor is only 1250 feet up!"
4487,2568,3,20,100,123,1.2113821138211383,0.04202655323609029,689,I get seasick if you go up to quickly.
2022,2568,3,20,100,123,1.2113821138211383,0.04202655323609029,689,Bad hair day?
1158,2568,5,16,102,123,1.2113821138211383,0.04508648599697628,689,"I'm sorry, sir, but this only elevator only goes to the 30th floor."
598,2568,2,22,99,123,1.2113821138211383,0.04040979034319688,689,"I’m sorry sir, but we’re back on the ground floor.  I know you must be disappointed."
4411,2568,5,16,102,123,1.2113821138211383,0.04508648599697628,689,Your Uber Earth Rover is waiting.
3725,2573,4,22,116,142,1.2112676056338028,0.03976630604598696,689,I think you are looking for the second elevator bank
289,2574,4,19,105,128,1.2109375,0.04245821207248054,689,"It's one small step for man, one giant leap for ladies undergarments"
2764,2575,2,21,96,119,1.2100840336134453,0.041124261655553385,689,I got tired of taking small steps.
3573,2575,4,17,98,119,1.2100840336134453,0.04445294819591745,689,"I know it’s only a small step Mr. Armstrong, but mankind only makes so many giant leaps."
256,2577,4,13,83,100,1.21,0.049838121792844324,689,Mr. Kubrick’s floor please.
4466,2577,3,15,82,100,1.21,0.047768380565162374,689,I forgot my car keys.
3621,2577,3,15,82,100,1.21,0.047768380565162374,689,No Sir. I don't smell a thing.
3317,2577,2,17,81,100,1.21,0.045604802157206865,689,Launch me...full throttle.
4518,2577,2,17,81,100,1.21,0.045604802157206865,689,I assume you
920,2577,4,13,83,100,1.21,0.049838121792844324,689,"sorry wrong, elevator"
16,2577,2,17,81,100,1.21,0.045604802157206865,689,Can I see your boarding pass?
916,2577,3,15,82,100,1.21,0.047768380565162374,689,2000th Floor?
394,2577,3,15,82,100,1.21,0.047768380565162374,689,Good luck in Yankee Candle.
4825,2586,4,15,91,110,1.209090909090909,0.046737523336702363,689,I don't know if the elevator goes to that floor.
2998,2587,3,18,94,115,1.208695652173913,0.043660943442513006,689,Prepare to be underwhelmed.
4938,2587,5,14,96,115,1.208695652173913,0.04702540361213032,689,"Since Rudolph died, I'm trying everything."
3736,2587,2,20,93,115,1.208695652173913,0.041877472237392736,689,"Yeah, I am feeling a little spacey today.  Thanks for noticing."
4638,2587,2,20,93,115,1.208695652173913,0.041877472237392736,689,"No, Sir. You're in no danger. I'm completely quarantined."
4501,2587,3,18,94,115,1.208695652173913,0.043660943442513006,689,"Up, Up, and Away?"
4412,2587,4,16,95,115,1.208695652173913,0.045374368134300666,689,"I don’t know, sir. I don’t think ’One small elevator for man’’ has the right ring to it."
4368,2587,2,20,93,115,1.208695652173913,0.041877472237392736,689,"20,000 leagues please."
3349,2587,5,14,96,115,1.208695652173913,0.04702540361213032,689,You'll want to take the express elevator.
1032,2587,4,16,95,115,1.208695652173913,0.045374368134300666,689,To the 71st floor and beyond!
2290,2587,5,14,96,115,1.208695652173913,0.04702540361213032,689,"Straight to the Moon, Alice?"
1212,2597,4,17,99,120,1.2083333333333333,0.04411570179340408,689,We don't go that high.
199,2597,1,18,77,96,1.2083333333333333,0.04422001081778641,689,Is this seat taken? Gota  long way up.
2112,2597,2,21,97,120,1.2083333333333333,0.04081768121668144,689,I’ve spent my whole life training for this moment.
3561,2597,2,21,97,120,1.2083333333333333,0.04081768121668144,689,Shall I call you a Soyuz?
3498,2601,4,18,103,125,1.208,0.04294933248946162,689,"The Usual Test Spin, Tonight"
3310,2601,5,16,104,125,1.208,0.04442608939975293,689,The soundstage is to your right Mr. Armstrong.
1671,2601,2,22,101,125,1.208,0.039831904864835316,689,"You know, Walter. Sometimes I feel like the East Side is another planet."
653,2604,3,17,91,111,1.2072072072072073,0.04455093454204471,689,"Good afternoon sir, how's all looking?"
3,2604,2,19,90,111,1.2072072072072073,0.04267300791799646,689,Gravity is losing its force
1377,2604,5,13,93,111,1.2072072072072073,0.048087275823962834,689,"Housewares, women's lingerie, lunar surface."
2509,2604,6,11,94,111,1.2072072072072073,0.0497612927883716,689,"Watch your ‘first step for a man’, Sir."
3776,2604,1,21,89,111,1.2072072072072073,0.04070854260433828,689,"Spatial Reality and Cultural Reentry is on your left, sir."
3215,2604,3,17,91,111,1.2072072072072073,0.04455093454204471,689,"That's one small step for man, one giant leap for the sixth floor."
3376,2610,5,14,97,116,1.206896551724138,0.04665295229583647,689,MTV missed you too.
3698,2610,5,14,97,116,1.206896551724138,0.04665295229583647,689,"I'm sorry sir, but I only go up to the tenth floor."
3558,2610,3,18,95,116,1.206896551724138,0.043320294123598405,689,This is the roof. Your spaceship awaits.
2956,2610,4,16,96,116,1.206896551724138,0.04501747350125653,689,"One small step to get past the gap, sir."""
3649,2610,5,14,97,116,1.206896551724138,0.04665295229583647,689,"I apologize, but this is as high as we go."
3691,2610,3,18,95,116,1.206896551724138,0.043320294123598405,689,I can take you to the 15th floor and that's it.
3239,2610,3,18,95,116,1.206896551724138,0.043320294123598405,689,I think I'm a couple floors up.
3824,2610,3,18,95,116,1.206896551724138,0.043320294123598405,689,Do you mind if I press the button and step out?
4612,2610,4,16,96,116,1.206896551724138,0.04501747350125653,689,One very small step for infidelity?
3956,2610,5,14,97,116,1.206896551724138,0.04665295229583647,689,Seems like the elevator's out of order--so the second floor is 45 steps for man...
4290,2610,1,22,93,116,1.206896551724138,0.03970891345771823,689,Congress cut NASA's budget and we have to economize.
4581,2610,5,14,97,116,1.206896551724138,0.04665295229583647,689,"The 3.89 x 10 28 floor please, Walter. (28 in superscript but I couldn't get that to move to your template)"
4727,2610,4,16,96,116,1.206896551724138,0.04501747350125653,689,Santa will be down the hall on your right.
4764,2610,2,20,94,116,1.206896551724138,0.041553854760705604,689,this doesn't  go up that far.
4947,2610,2,20,94,116,1.206896551724138,0.041553854760705604,689,"No sir, it's not THAT tall......."
5045,2610,5,14,97,116,1.206896551724138,0.04665295229583647,689,Mind the step
5295,2610,6,12,98,116,1.206896551724138,0.04823300732277486,689,"Up or down Sir? Blast Off Please!
I wanna land on tonight's full moon!
This is a lift! Not Lift Off!"
5311,2610,4,16,96,116,1.206896551724138,0.04501747350125653,689,Mind the small step.
3932,2610,1,22,93,116,1.206896551724138,0.03970891345771823,689,"I'm sorry, I can only take you as high as the 68th floor."
2921,2610,2,20,94,116,1.206896551724138,0.041553854760705604,689,Maybe you should use the express?
2720,2610,2,20,94,116,1.206896551724138,0.041553854760705604,689,I am told the sky top restaurant is out of this world.
2748,2610,2,20,94,116,1.206896551724138,0.041553854760705604,689,"This is the express elevator, not SpaceX."
89,2610,4,16,96,116,1.206896551724138,0.04501747350125653,689,Wrong floor. This is not the Mars landing studio.’
252,2610,5,14,97,116,1.206896551724138,0.04665295229583647,689,Going down.
366,2610,2,20,94,116,1.206896551724138,0.041553854760705604,689,Wait … you said you landed WHERE on the building?
374,2610,2,20,94,116,1.206896551724138,0.041553854760705604,689,I can take you as far as the sixteenth floor.
495,2610,1,22,93,116,1.206896551724138,0.03970891345771823,689,"Sorry sir, only one zero-g descent per day."
2824,2610,2,20,94,116,1.206896551724138,0.041553854760705604,689,"Going up? To the moon, please!"
631,2610,3,18,95,116,1.206896551724138,0.043320294123598405,689,After this elevator broke down last week I'm not taking any chances.
1049,2610,5,14,97,116,1.206896551724138,0.04665295229583647,689,Sorry. This car is going down.
1210,2610,3,18,95,116,1.206896551724138,0.043320294123598405,689,"I presume you don’t require a cab this morning, Mr. Musk."
1436,2610,3,18,95,116,1.206896551724138,0.043320294123598405,689,"Oh, Sorry, wrong floor."
575,2610,6,12,98,116,1.206896551724138,0.04823300732277486,689,I'm sorry sir but this elevator does not go to the moon.
1503,2610,4,16,96,116,1.206896551724138,0.04501747350125653,689,"Sorry sir, Mr. Musk's crew has already left for the launch."
1538,2610,3,18,95,116,1.206896551724138,0.043320294123598405,689,"Who are you calling ""Alice?"""
1655,2610,6,12,98,116,1.206896551724138,0.04823300732277486,689,"One small step for man, one giant tip for operator?"
1916,2610,3,18,95,116,1.206896551724138,0.043320294123598405,689,No. I can' t go horizontally.
2060,2610,3,18,95,116,1.206896551724138,0.043320294123598405,689,I’m looking for HAL
2389,2610,5,14,97,116,1.206896551724138,0.04665295229583647,689,Missed the Shuttle Launch
2544,2610,2,20,94,116,1.206896551724138,0.041553854760705604,689,Your shuttle will be here in a jiffy sir.
2584,2610,3,18,95,116,1.206896551724138,0.043320294123598405,689,The Mos Eisley cantina is on your left. I hope you are able to hire a starship crew. Just be careful.
2646,2610,2,20,94,116,1.206896551724138,0.041553854760705604,689,Are you going up to outer space?
1483,2610,3,18,95,116,1.206896551724138,0.043320294123598405,689,"I'm sorry, Mr. Musk. Floor ""M"" is the mezzanine, not Mars."
2756,2653,4,12,81,97,1.2061855670103092,0.05063629562986725,689,Someone's gotta tell Paul to stop putting chairs in the elevator.
2876,2653,1,18,78,97,1.2061855670103092,0.043814432989690705,689,"The penthouse, if you please."
3208,2653,3,14,80,97,1.2061855670103092,0.04846914279015989,689,"I think you'll have no trouble blasting off from here, Sir."
3356,2653,4,12,81,97,1.2061855670103092,0.05063629562986725,689,I swear if you do a launch countdown like the last guy I’m taking the stairs.
2560,2653,2,16,79,97,1.2061855670103092,0.0462004455661469,689,That was far from a giant leap for mankind.
3860,2653,3,14,80,97,1.2061855670103092,0.04846914279015989,689,"Yeah, I was also disappointed the diaper subplot was left out of the movie."
3986,2653,2,16,79,97,1.2061855670103092,0.0462004455661469,689,"*muffled* ""23 please...I only do 1 small step"""
4203,2653,1,18,78,97,1.2061855670103092,0.043814432989690705,689,"Be careful out there, Fella.  I don't think you're ready for the current atmosphere."
3403,2653,2,16,79,97,1.2061855670103092,0.0462004455661469,689,Infiniti and beyond? I'm afraid this only goes up to sixteen.
1763,2653,2,16,79,97,1.2061855670103092,0.0462004455661469,689,"Yes, I've heard Trump funded this moon resort out of the NASA budget, but half the profits go to the Klingon Empire, so it's ok."
5315,2653,3,14,80,97,1.2061855670103092,0.04846914279015989,689,"Sorry sir, the elevator doesn't go that far up"
1593,2653,3,14,80,97,1.2061855670103092,0.04846914279015989,689,"When I say blastoff , hit 4!"
526,2653,2,16,79,97,1.2061855670103092,0.0462004455661469,689,"I take it you had to park in the far lot, sir?"
855,2653,1,18,78,97,1.2061855670103092,0.043814432989690705,689,GOING UP!   HOW FAR SIR?
891,2653,2,16,79,97,1.2061855670103092,0.0462004455661469,689,"I’m sorry, but this elevator only goes up ten floors."
1394,2653,3,14,80,97,1.2061855670103092,0.04846914279015989,689,"Sir, or Madam, if you would clean your helmet, you would see this is not your rocket ship and I can’t manage enough thrust to launch you into orbit."
1638,2653,1,18,78,97,1.2061855670103092,0.043814432989690705,689,I understand -- what goes up must come down. But why MY elevator?
1458,2653,4,12,81,97,1.2061855670103092,0.05063629562986725,689,Testing the effects of weightlessness on weightlessness?  Mr. Trump’s office it is!
1574,2653,2,16,79,97,1.2061855670103092,0.0462004455661469,689,"Sir,we don’t go that far up."
1590,2653,3,14,80,97,1.2061855670103092,0.04846914279015989,689,It’s 2:00 AM sir.  Good luck on your Central Park moonwalk.
1435,2653,3,14,80,97,1.2061855670103092,0.04846914279015989,689,"It's bad out there today, Madam. I hope this the updated model you're wearing."
5088,2674,3,16,88,107,1.205607476635514,0.04549598868304171,689,I'm renting space.
5063,2674,3,16,88,107,1.205607476635514,0.04549598868304171,689,"No Mr. Musk,  I don't know which way the Falcon Rocket is."
4675,2674,3,16,88,107,1.205607476635514,0.04549598868304171,689,"Sorry, it’s going down."
4444,2674,1,20,86,107,1.205607476635514,0.04143927484569612,689,Can you get me to Alpha Centauri?
4379,2674,3,16,88,107,1.205607476635514,0.04549598868304171,689,One small step at a time man.
4300,2674,3,16,88,107,1.205607476635514,0.04549598868304171,689,"Starlight Suite, Sir?"
4222,2674,1,20,86,107,1.205607476635514,0.04143927484569612,689,Sky deck please
4092,2674,4,14,89,107,1.205607476635514,0.04739431115126178,689,"Keep going up, I assume?"
3418,2674,3,16,88,107,1.205607476635514,0.04549598868304171,689,"Your floor, sir. The 4,398th."
5021,2674,2,18,87,107,1.205607476635514,0.04351493126493826,689,The lunar elevator is still just an idea.
2601,2674,4,14,89,107,1.205607476635514,0.04739431115126178,689,I'm in town for the reshoot.
1260,2674,3,16,88,107,1.205607476635514,0.04549598868304171,689,"First, there’s one small step."
1168,2674,1,20,86,107,1.205607476635514,0.04143927484569612,689,"The Honeymoon Suite, please."
519,2674,4,14,89,107,1.205607476635514,0.04739431115126178,689,"Sir, the elevator doesn't go that high."
347,2674,2,18,87,107,1.205607476635514,0.04351493126493826,689,Our safeword is Buzz Aldrin.
78,2674,1,20,86,107,1.205607476635514,0.04143927484569612,689,G = “i oing up?
3050,2674,4,14,89,107,1.205607476635514,0.04739431115126178,689,I would assume you're going up.
2949,2691,5,13,94,112,1.2053571428571428,0.047691888465535556,689,"Ralph in a bad mood again , Mrs Kramden ?"
2965,2691,1,21,90,112,1.2053571428571428,0.040385833926123646,689,"Liftoff at your pleasure, sir."
3002,2691,2,19,91,112,1.2053571428571428,0.04233073047779356,689,"What floor is the ""moon landing"" audition on?"
3024,2691,3,17,92,112,1.2053571428571428,0.044190110926074416,689,Floor 10...9...8...7...?
3119,2691,3,17,92,112,1.2053571428571428,0.044190110926074416,689,"We have a race to win. The moon, please."
3143,2691,1,21,90,112,1.2053571428571428,0.040385833926123646,689,Top floor: final frontier....everybody off!!
3158,2691,2,19,91,112,1.2053571428571428,0.04233073047779356,689,"Street level, please."
3166,2691,3,17,92,112,1.2053571428571428,0.044190110926074416,689,"That's one small step for lobby, one giant leap for poolside"
3179,2691,4,15,93,112,1.2053571428571428,0.04597435224702924,689,"Look, the invite said 'Suit & Tie' and I'm wearing a suit. Ties are for ground-people."
3283,2691,4,15,93,112,1.2053571428571428,0.04597435224702924,689,"I was born in 1981 and I don’t think I’ve ever seen an elevator operator in my life.That was a thing you’d see I guess? Anyways, there’s one in this cartoon with an astronaut. They’re exchanging words about going up or using the stairs or something."
3222,2691,5,13,94,112,1.2053571428571428,0.047691888465535556,689,"I don't care what Houston says, we don't have a floor 239,875"
3271,2691,2,19,91,112,1.2053571428571428,0.04233073047779356,689,Every journey starts with the first floor.
3501,2691,4,15,93,112,1.2053571428571428,0.04597435224702924,689,"One small lift for man, one giant elevator for mankind."
3598,2691,4,15,93,112,1.2053571428571428,0.04597435224702924,689,"Don't worry. I didn't understand the ending of ""2001"" either."
3670,2691,2,19,91,112,1.2053571428571428,0.04233073047779356,689,"Yes sir. I still sometimes get that sinking feeling in my stomach. Don’t worry, you’ll get used to it."
3675,2691,3,17,92,112,1.2053571428571428,0.044190110926074416,689,"Odd, but not as concerning as Mrs. Foster's parachute."
3769,2691,1,21,90,112,1.2053571428571428,0.040385833926123646,689,Too many small steps for this man.
3732,2691,1,21,90,112,1.2053571428571428,0.040385833926123646,689,"I'm sorry, sir. We don't go that high."
2932,2691,2,19,91,112,1.2053571428571428,0.04233073047779356,689,"6th Floor - moon rocks, oxygen kits, and now plumbing supplies"
3198,2691,2,19,91,112,1.2053571428571428,0.04233073047779356,689,"""Get out of the way.  I need some space."""
2920,2691,2,19,91,112,1.2053571428571428,0.04233073047779356,689,"Oh, my space is a lot less hostile than yours."
2642,2691,3,17,92,112,1.2053571428571428,0.044190110926074416,689,"How ""up"" do you need to be?"
2866,2691,3,17,92,112,1.2053571428571428,0.044190110926074416,689,"10, 9, 8, 7, 6, 5, 4, 3, 2, or 1?"
2284,2691,3,17,92,112,1.2053571428571428,0.044190110926074416,689,The internet said this place had 5 stars?
2306,2691,2,19,91,112,1.2053571428571428,0.04233073047779356,689,One less step for mankind.
2351,2691,3,17,92,112,1.2053571428571428,0.044190110926074416,689,This is the roof...it’s as high as I go. Perhaps your buddies can meet you here?
2404,2691,3,17,92,112,1.2053571428571428,0.044190110926074416,689,Watch this space.
2416,2691,5,13,94,112,1.2053571428571428,0.047691888465535556,689,"10th floor: hardware, appliances, extra-vehicular activities."
2488,2691,3,17,92,112,1.2053571428571428,0.044190110926074416,689,Does he know that this lift won't take him to the place where he wants to go?
2511,2691,4,15,93,112,1.2053571428571428,0.04597435224702924,689,"Which floor, sir? 10? 9? 8? 7..."
2531,2691,3,17,92,112,1.2053571428571428,0.044190110926074416,689,"To the 1,234,034,356,232,525,235,565,565,562,230,000,000,000,000,000,000th floor please"""
2540,2691,1,21,90,112,1.2053571428571428,0.040385833926123646,689,"The air is so bad outside, I’m moving to the moon."
2577,2691,2,19,91,112,1.2053571428571428,0.04233073047779356,689,Watch your one small step for man
2609,2691,4,15,93,112,1.2053571428571428,0.04597435224702924,689,"26th Floor for Space Force General Interviews, please."
3940,2691,4,15,93,112,1.2053571428571428,0.04597435224702924,689,Good morning. Going up?
2659,2691,1,21,90,112,1.2053571428571428,0.040385833926123646,689,". . . eight, seven, six, five, four . . ."
2754,2691,3,17,92,112,1.2053571428571428,0.044190110926074416,689,"Back from Mars so soon, Captain?"
2772,2691,3,17,92,112,1.2053571428571428,0.044190110926074416,689,"Yes Sir, this is the Stratosphere Hotel but I can't take you to that stratosphere."
2780,2691,4,15,93,112,1.2053571428571428,0.04597435224702924,689,"I'm sorry sir, it looks like they launched without you."
2811,2691,4,15,93,112,1.2053571428571428,0.04597435224702924,689,"Mars? 6th floor, 'candy'."
2851,2691,4,15,93,112,1.2053571428571428,0.04597435224702924,689,"Wow, this must be a tall building!"
2861,2691,2,19,91,112,1.2053571428571428,0.04233073047779356,689,"Sorry, this building doesn't have a 26,400th floor."
2912,2691,1,21,90,112,1.2053571428571428,0.040385833926123646,689,"Countdown to liftoff, please."
3943,2691,2,19,91,112,1.2053571428571428,0.04233073047779356,689,"Rovers, Rudder Gages, Ladies Lingerie…watch your step."
4161,2691,3,17,92,112,1.2053571428571428,0.044190110926074416,689,"I can only take you to the penthouse level, buddy."
3984,2691,3,17,92,112,1.2053571428571428,0.044190110926074416,689,"Dress for the job you want, not the job you have"", they said. 
Well here I am. Are you happy now, Bob"
4813,2691,4,15,93,112,1.2053571428571428,0.04597435224702924,689,"I hope your allergies clear up soon, sir.”"
4833,2691,5,13,94,112,1.2053571428571428,0.047691888465535556,689,"What floor sir?""
""Infinity and beyond, please.""
"" what?"
4858,2691,2,19,91,112,1.2053571428571428,0.04233073047779356,689,Do you really have to count down every time?
4905,2691,4,15,93,112,1.2053571428571428,0.04597435224702924,689,"Sir, did you say you wanted to see outer space or the rental space?"
4910,2691,4,15,93,112,1.2053571428571428,0.04597435224702924,689,Ascent into orbit or reentry?
4920,2691,3,17,92,112,1.2053571428571428,0.044190110926074416,689,"Going Up, Please!"
4928,2691,4,15,93,112,1.2053571428571428,0.04597435224702924,689,"I’m sorry, but the Penthouse will be our last stop."
5029,2691,3,17,92,112,1.2053571428571428,0.044190110926074416,689,"That's one small step for you, Mr. Musk, one giant leap for the other 99% of us."
5068,2691,2,19,91,112,1.2053571428571428,0.04233073047779356,689,Wait...WHAT floor?
5081,2691,4,15,93,112,1.2053571428571428,0.04597435224702924,689,Hosiery and handbags department—where no man has gone before.
5107,2691,5,13,94,112,1.2053571428571428,0.047691888465535556,689,International Space Station breakfast is on Wednesdays.
5123,2691,3,17,92,112,1.2053571428571428,0.044190110926074416,689,Do you have permission to be on the roof?
5200,2691,4,15,93,112,1.2053571428571428,0.04597435224702924,689,I'm assuming the 400th floor?
5237,2691,5,13,94,112,1.2053571428571428,0.047691888465535556,689,"I'm sorry, but this IS the highest floor."
5255,2691,5,13,94,112,1.2053571428571428,0.047691888465535556,689,Mr. Trump dislikes the word “toxic.”
5268,2691,7,9,96,112,1.2053571428571428,0.05095357246709405,689,"That's one small step for man, one giant leap to my bed!"
5290,2691,1,21,90,112,1.2053571428571428,0.040385833926123646,689,"Launchpad Bar, please."
5319,2691,1,21,90,112,1.2053571428571428,0.040385833926123646,689,"Tell me, does living scent-free have it's moments?"
5333,2691,2,19,91,112,1.2053571428571428,0.04233073047779356,689,Moon deck please.
4744,2691,6,11,95,112,1.2053571428571428,0.04934968476377782,689,"But this is as high as it goes, sir."
4741,2691,2,19,91,112,1.2053571428571428,0.04233073047779356,689,"I am sorry sir, there is no 90 thousandth floor."
4733,2691,2,19,91,112,1.2053571428571428,0.04233073047779356,689,"Lift-off floor as usual, Mr. Aldrin?"
4732,2691,2,19,91,112,1.2053571428571428,0.04233073047779356,689,It's a start
4022,2691,2,19,91,112,1.2053571428571428,0.04233073047779356,689,Now that I turned 18-yrs could you please call me “bubble man?
4034,2691,0,23,89,112,1.2053571428571428,0.03834241021419074,689,"Floor five, four, three, two, one?"
4036,2691,3,17,92,112,1.2053571428571428,0.044190110926074416,689,The Eagle has landed.
4041,2691,4,15,93,112,1.2053571428571428,0.04597435224702924,689,Mr. Pence’s suite is the fourth door on the right.
4077,2691,1,21,90,112,1.2053571428571428,0.040385833926123646,689,"What space: office, loft, or outer?"
4098,2691,2,19,91,112,1.2053571428571428,0.04233073047779356,689,Your job will disappear in ten years.
4137,2691,2,19,91,112,1.2053571428571428,0.04233073047779356,689,Take me to 1969 please
4146,2691,2,19,91,112,1.2053571428571428,0.04233073047779356,689,"This is a skyscraper, not a skypenetrator.... Sir."
2260,2691,2,19,91,112,1.2053571428571428,0.04233073047779356,689,"Sub basement, I presume."
3948,2691,3,17,92,112,1.2053571428571428,0.044190110926074416,689,"No sir, in fact, my mother is not an astronaut."
4184,2691,2,19,91,112,1.2053571428571428,0.04233073047779356,689,What planet are you looking for?
4304,2691,2,19,91,112,1.2053571428571428,0.04233073047779356,689,"Lobby level, we've landed. Please watch your 
one small step for man."""
4366,2691,3,17,92,112,1.2053571428571428,0.044190110926074416,689,My penthouse has a lot of space.
4374,2691,3,17,92,112,1.2053571428571428,0.044190110926074416,689,Can’t do it Govn’r; take her any higher I could lose me job.
4377,2691,4,15,93,112,1.2053571428571428,0.04597435224702924,689,We’re called The Stratosphere Hotel but a spacesuit is not required!
4398,2691,3,17,92,112,1.2053571428571428,0.044190110926074416,689,Want to join the 100 mile high club?
4417,2691,3,17,92,112,1.2053571428571428,0.044190110926074416,689,The 2001 floor please
4630,2691,6,11,95,112,1.2053571428571428,0.04934968476377782,689,"I'm sorry, sir, this elevator doesn't stop at Neptune."
4694,2691,6,11,95,112,1.2053571428571428,0.04934968476377782,689,NASA hopes if we stay at a Trump hotel he'll remember we already have a Space Force.
4702,2691,5,13,94,112,1.2053571428571428,0.047691888465535556,689,Huston... We have a problem.. there is a man here and he is pushing all The wrong buttons!
4236,2691,1,21,90,112,1.2053571428571428,0.040385833926123646,689,Do you really think you need an elevator ?
2250,2691,3,17,92,112,1.2053571428571428,0.044190110926074416,689,"Penthouse, we have a problem."
3755,2691,3,17,92,112,1.2053571428571428,0.044190110926074416,689,"I know climate change is scary, Sir, but don’t you think this is a bit of an overreaction?"
2225,2691,3,17,92,112,1.2053571428571428,0.044190110926074416,689,The mens room? To the right and down the hall.
53,2691,3,17,92,112,1.2053571428571428,0.044190110926074416,689,"Apologies sir, but the elevator doesnt go any higher."
693,2691,2,19,91,112,1.2053571428571428,0.04233073047779356,689,"- Bit overdressed,aren't we?
- You are, indeed."
746,2691,4,15,93,112,1.2053571428571428,0.04597435224702924,689,This suit is basically useless on earth.
752,2691,4,15,93,112,1.2053571428571428,0.04597435224702924,689,"Sorry to bring you back to earth, but the Stratosphere is closed for repairs."
764,2691,5,13,94,112,1.2053571428571428,0.047691888465535556,689,This car doesn't go all the way up to the launch pad.
766,2691,1,21,90,112,1.2053571428571428,0.040385833926123646,689,You may want to hold your breath when the doors open to let me off.
775,2691,3,17,92,112,1.2053571428571428,0.044190110926074416,689,Fifth floor...moon landing conspiracies to your left.
776,2691,3,17,92,112,1.2053571428571428,0.044190110926074416,689,You're on your own after the rooftop.
638,2691,4,15,93,112,1.2053571428571428,0.04597435224702924,689,"Hey Buddy, rumor has it Ivanka likes Cosmonauts better."
782,2691,4,15,93,112,1.2053571428571428,0.04597435224702924,689,"Oh, I thought you said you wanted to ""get off the lift."""
872,2691,4,15,93,112,1.2053571428571428,0.04597435224702924,689,They said they're changing the Muzak tunes on Monday.
42,2691,3,17,92,112,1.2053571428571428,0.044190110926074416,689,THE FORECAST IN FLORIDA...
973,2691,2,19,91,112,1.2053571428571428,0.04233073047779356,689,So you'll pass along my resume?
1017,2691,3,17,92,112,1.2053571428571428,0.044190110926074416,689,"I'm afraid the top floor is out of service, sir."
40,2691,5,13,94,112,1.2053571428571428,0.047691888465535556,689,We choose to go to the sixth floor!
1058,2691,3,17,92,112,1.2053571428571428,0.044190110926074416,689,I forgot my briefs.
35,2691,2,19,91,112,1.2053571428571428,0.04233073047779356,689,"Just promise me, don’t take me to the stars”"
1070,2691,3,17,92,112,1.2053571428571428,0.044190110926074416,689,Sorry sir. We only go to the 40th floor.”
868,2691,2,19,91,112,1.2053571428571428,0.04233073047779356,689,Welcome to the International Space Station 2050
1098,2691,3,17,92,112,1.2053571428571428,0.044190110926074416,689,"Oh, sir...actually, today the air quality at the top is much improved."
622,2691,4,15,93,112,1.2053571428571428,0.04597435224702924,689,"No, sir. Going down."
620,2691,1,21,90,112,1.2053571428571428,0.040385833926123646,689,I hear LA has more space.
230,2691,4,15,93,112,1.2053571428571428,0.04597435224702924,689,My wife has just left me because I said I needed  space.
240,2691,1,21,90,112,1.2053571428571428,0.040385833926123646,689,Going all the way up?”
181,2691,4,15,93,112,1.2053571428571428,0.04597435224702924,689,I started to feel like work was a ferocious void so they sent me home
273,2691,2,19,91,112,1.2053571428571428,0.04233073047779356,689,Thats the wrong pianet...take me to planet 9!
276,2691,3,17,92,112,1.2053571428571428,0.044190110926074416,689,"Welcome to the Apollo 11, sir. A bit overdressed for the party if I may say so"
288,2691,3,17,92,112,1.2053571428571428,0.044190110926074416,689,Will it be a step or a leap?
354,2691,3,17,92,112,1.2053571428571428,0.044190110926074416,689,"Sorry, sir, this the local--the elevator to the ionosphere is across the hall."
395,2691,2,19,91,112,1.2053571428571428,0.04233073047779356,689,Don't worry - it's a small step for mankind.
57,2691,0,23,89,112,1.2053571428571428,0.03834241021419074,689,"‘Lobby or Houston, Sir?"
438,2691,1,21,90,112,1.2053571428571428,0.040385833926123646,689,I used the stairs on my last trip.
157,2691,2,19,91,112,1.2053571428571428,0.04233073047779356,689,"It is not that giant leap for mankind, but here you go!  This is the smoking terrace!"
512,2691,3,17,92,112,1.2053571428571428,0.044190110926074416,689,"Ah, today is your NASA interview. Good
luck!"
103,2691,4,15,93,112,1.2053571428571428,0.04597435224702924,689,Take me to your C-level | execs
63,2691,2,19,91,112,1.2053571428571428,0.04233073047779356,689,"Sorry, 13 just sends us up and back down."
529,2691,2,19,91,112,1.2053571428571428,0.04233073047779356,689,"What atmosphere, sir?"
581,2691,3,17,92,112,1.2053571428571428,0.044190110926074416,689,The SPACE FORCE arranged everything
591,2691,2,19,91,112,1.2053571428571428,0.04233073047779356,689,"I'm sorry,you want me to countdown?"
606,2691,2,19,91,112,1.2053571428571428,0.04233073047779356,689,It's those NASA budget cuts for microgravity testing.
487,2691,4,15,93,112,1.2053571428571428,0.04597435224702924,689,There you go sir: over the moon.
1113,2691,1,21,90,112,1.2053571428571428,0.040385833926123646,689,"I'm sorry, *which* floor??"
1146,2691,3,17,92,112,1.2053571428571428,0.044190110926074416,689,Bubble got your tongue?  I repeat - going up or down?
1206,2691,3,17,92,112,1.2053571428571428,0.044190110926074416,689,Upper penthouse sir?
1798,2691,6,11,95,112,1.2053571428571428,0.04934968476377782,689,How are you enjoying the penthouse?
1807,2691,2,19,91,112,1.2053571428571428,0.04233073047779356,689,"Sorry about my flatulence."""
1810,2691,3,17,92,112,1.2053571428571428,0.044190110926074416,689,Up please waaaaay up!
1835,2691,1,21,90,112,1.2053571428571428,0.040385833926123646,689,"10,9,8,7...6 please."
1838,2691,3,17,92,112,1.2053571428571428,0.044190110926074416,689,10?  9?  8? ...
1879,2691,4,15,93,112,1.2053571428571428,0.04597435224702924,689,So the suit really is just for vapeing?
1945,2691,2,19,91,112,1.2053571428571428,0.04233073047779356,689,You look well Mister Trump.
2000,2691,3,17,92,112,1.2053571428571428,0.044190110926074416,689,Have my friends Time and Continuum arrived yet?
2006,2691,3,17,92,112,1.2053571428571428,0.044190110926074416,689,You've got about 60'000 floors to go
2007,2691,4,15,93,112,1.2053571428571428,0.04597435224702924,689,Send me to the top of the Stratosphere please. I'm going to ride the roller coaster.
2012,2691,3,17,92,112,1.2053571428571428,0.044190110926074416,689,Forgot your toenail clipper? Again?
2230,2691,3,17,92,112,1.2053571428571428,0.044190110926074416,689,Ten Nine Eight Seven Six ......
2041,2691,1,21,90,112,1.2053571428571428,0.040385833926123646,689,"I know... I know...I forgot
my locker key again!!"
2062,2691,4,15,93,112,1.2053571428571428,0.04597435224702924,689,I'm late for my porn shoot
2134,2691,4,15,93,112,1.2053571428571428,0.04597435224702924,689,This is one very small step.....
2157,2691,3,17,92,112,1.2053571428571428,0.044190110926074416,689,"This is not the gantry elevator, Pal!"
2173,2691,1,21,90,112,1.2053571428571428,0.040385833926123646,689,"I'm sorry sir, we only go to tenth floor."
1741,2691,4,15,93,112,1.2053571428571428,0.04597435224702924,689,The lengths I'll go to just to avoid my being with in-laws on the holidays.
196,2691,2,19,91,112,1.2053571428571428,0.04233073047779356,689,"Rough day, huh?"
1738,2691,1,21,90,112,1.2053571428571428,0.040385833926123646,689,Our best restaurant - it's out of this world!
1669,2691,3,17,92,112,1.2053571428571428,0.044190110926074416,689,Pluto was an inside job.
1282,2691,3,17,92,112,1.2053571428571428,0.044190110926074416,689,"I could never make it at NASA Mission Control, but this the next best thing."
1340,2691,4,15,93,112,1.2053571428571428,0.04597435224702924,689,"One small step for a man,a giant leap for Otis!"
17,2691,1,21,90,112,1.2053571428571428,0.040385833926123646,689,Oops. Forgot my wallet.
9,2691,3,17,92,112,1.2053571428571428,0.044190110926074416,689,"I can get you to the 20th,but for anything above that I should  really speak to my manager..."
1412,2691,4,15,93,112,1.2053571428571428,0.04597435224702924,689,"Let’s try it again today, Charlie."
1438,2691,1,21,90,112,1.2053571428571428,0.040385833926123646,689,You realize that the top floor is still sub-orbital?
1455,2691,5,13,94,112,1.2053571428571428,0.047691888465535556,689,Fourth Four Space Apparel
1724,2691,2,19,91,112,1.2053571428571428,0.04233073047779356,689,"It's the highest we go, sir. The costume party's on ten."
1470,2691,4,15,93,112,1.2053571428571428,0.04597435224702924,689,I'm a staunch anti-vaccer and all the predictions say that it's going to be a severe flu season.
1467,2691,3,17,92,112,1.2053571428571428,0.044190110926074416,689,"Good luck on your first day at Space Force, sir."
1494,2691,4,15,93,112,1.2053571428571428,0.04597435224702924,689,To the moonroof?
1499,2691,4,15,93,112,1.2053571428571428,0.04597435224702924,689,I think you want the lunar service elevator.
1508,2691,4,15,93,112,1.2053571428571428,0.04597435224702924,689,I’m here to install the atmosphere.
1521,2691,3,17,92,112,1.2053571428571428,0.044190110926074416,689,Well the building is named the Stratosphere.
1557,2691,4,15,93,112,1.2053571428571428,0.04597435224702924,689,Great set last night.
1599,2691,3,17,92,112,1.2053571428571428,0.044190110926074416,689,The bus to the space launch left hours ago.
1627,2691,4,15,93,112,1.2053571428571428,0.04597435224702924,689,"Sorry, I’ll take the stairs—I’m claustrophobic."
1476,2691,3,17,92,112,1.2053571428571428,0.044190110926074416,689,Your job is redundant. It's not rocket science.
186,2691,3,17,92,112,1.2053571428571428,0.044190110926074416,689,Which floor is the moon?
4291,2868,1,22,94,117,1.205128205128205,0.03940775366590017,689,Enjoy your day sir.
114,2868,2,20,95,117,1.205128205128205,0.04123509749376133,689,How far do you go up?
5185,2868,3,18,96,117,1.205128205128205,0.0429848285055057,689,Fine. But you'll need to do your own playing among the stars.
4899,2868,2,20,95,117,1.205128205128205,0.04123509749376133,689,"Up to to the moon, Sir?"
182,2868,5,14,98,117,1.205128205128205,0.04628628213956272,689,"They tell me the stairs lead to heaven, but my cardio is not great."
3666,2873,3,17,93,113,1.2035398230088497,0.043834989753693564,689,Driving the Tesla again today sir?
1348,2874,5,14,99,118,1.2033898305084745,0.045925261661577774,689,"To the submarine, please"
1531,2874,5,14,99,118,1.2033898305084745,0.045925261661577774,689,The roof is closed this time of year
3168,2874,4,16,98,118,1.2033898305084745,0.04432003053970261,689,Roof please
4509,2874,3,18,97,118,1.2033898305084745,0.04265443183768786,689,Be careful. The atmosphere is lethal up here.
4926,2874,3,18,97,118,1.2033898305084745,0.04265443183768786,689,This is  going to take a wile by your standards.
944,2874,4,16,98,118,1.2033898305084745,0.04432003053970261,689,"Is this as high as it goes?"""
128,2874,3,18,97,118,1.2033898305084745,0.04265443183768786,689,It wasn’t me I swear.
2419,2881,2,18,89,109,1.201834862385321,0.0427952487863065,689,"First visit to the Big Apple, sir?"
2510,2881,3,16,90,109,1.201834862385321,0.044736204398555954,689,It's gonna be a long day at work today...
3790,2883,1,21,92,114,1.2017543859649122,0.03975515921969982,689,I'm just so tired of floating.
2678,2883,2,19,93,114,1.2017543859649122,0.041662070036289175,689,I am sorry but this elevator does not go that high.
2673,2885,3,18,98,119,1.2016806722689075,0.042328992625491904,689,"The stars look very different today, Barry."
2309,2886,5,12,93,110,1.2,0.047978310362298264,689,"Good morning Mister Musk, your Cyber truck will around in a minute."
2133,2886,4,14,92,110,1.2,0.046207278580632616,689,Launch pad Mr Musk?
2430,2886,4,14,92,110,1.2,0.046207278580632616,689,The next elevator down isn't due for at least six months.
2068,2886,6,10,94,110,1.2,0.04968625500693169,689,See ya yesterday!
1844,2886,2,18,90,110,1.2,0.04244409559694416,689,"It's a small step, but please use caution."
4127,2886,3,16,91,110,1.2,0.0443656051737758,689,"So, you like the Astros chances this season?"
2446,2886,4,14,92,110,1.2,0.046207278580632616,689,"Go, sir, where no man has gone before."
2508,2886,2,18,90,110,1.2,0.04244409559694416,689,Year-2040:- All set to wander on the earth.
2561,2886,5,12,93,110,1.2,0.047978310362298264,689,"Wow Greta, this is really next level"
3042,2886,2,18,90,110,1.2,0.04244409559694416,689,Nice.
3350,2886,2,18,90,110,1.2,0.04244409559694416,689,"Skyscrapers might be overdoing it, if you ask me sir."
3570,2886,4,14,92,110,1.2,0.046207278580632616,689,Floor 42. This is how high it goes...
3595,2886,1,20,89,110,1.2,0.04043136875805354,689,This is earth lobby floor .
3708,2886,2,18,90,110,1.2,0.04244409559694416,689,"""Thank God for clean coal, crude and trump, right, sir?"
3845,2886,2,18,90,110,1.2,0.04244409559694416,689,"So, I take it Nassau isn’t NASA’s sister school?"
4007,2886,2,18,90,110,1.2,0.04244409559694416,689,So they put you on the smoking floor.
4360,2886,2,18,90,110,1.2,0.04244409559694416,689,"Yeah, pretty good. Yourself?"
4388,2886,2,18,90,110,1.2,0.04244409559694416,689,I’m sorry but this only goes to the penthouse.
5102,2886,1,20,89,110,1.2,0.04043136875805354,689,"Sorry, this is as high as this thing goes."
5328,2886,4,14,92,110,1.2,0.046207278580632616,689,"And your shuttle service is on a first come, first serve basis?"
1618,2886,2,18,90,110,1.2,0.04244409559694416,689,"On behalf of Acme Space Elevators, welcome back down to earth."
1325,2886,4,14,92,110,1.2,0.046207278580632616,689,"Welcome to the moon. Due to climate change, you’ll no longer need that attire."
3458,2886,3,16,91,110,1.2,0.0443656051737758,689,One small step.
694,2886,1,20,89,110,1.2,0.04043136875805354,689,Watch the drop.
570,2886,1,20,89,110,1.2,0.04043136875805354,689,"Good luck on your re-entry, Sir."
429,2886,3,16,91,110,1.2,0.0443656051737758,689,"Your first trip to the lobby and beyond, sir?"
352,2886,2,18,90,110,1.2,0.04244409559694416,689,You are go for lunch.
335,2886,3,16,91,110,1.2,0.0443656051737758,689,Nope--only one G.
59,2886,2,18,90,110,1.2,0.04244409559694416,689,the agoraphobia conference room is to the left all the way down
30,2886,2,18,90,110,1.2,0.04244409559694416,689,spaced out
1041,2886,2,18,90,110,1.2,0.04244409559694416,689,Going up or way up?
3257,2886,1,21,93,115,1.2,0.0394469779986572,689,How far up does this go?
1922,2918,3,17,96,116,1.1982758620689655,0.04280254792505459,689,We practice in a safe space.
465,2918,4,15,97,116,1.1982758620689655,0.044519469295554885,689,"Oh, I thought this was going up"
2622,2920,8,6,97,111,1.1981981981981982,0.05248894399371859,689,I dont know why it always lands on the roof of the Ritz Carlton
4212,2920,4,14,93,111,1.1981981981981982,0.04582454131112576,689,I'll walk Tiny.  Don't even worry about it.
1692,2920,1,20,90,111,1.1981981981981982,0.04010596084093461,689,Um . . . you do realize that skyscraper is just an expression?
809,2920,3,16,92,111,1.1981981981981982,0.04400100479051482,689,"This IS the tallest building in the city, the party IS in the penthouse and YOU'RE overdressed."
4423,2920,2,18,91,111,1.1981981981981982,0.042098554117389164,689,This is as close to the moon as I can take you.
2545,2920,3,16,92,111,1.1981981981981982,0.04400100479051482,689,"When you said you wanted to attend an AA meeting, I assumed you meant Astronaut Apparel."
2679,2920,2,18,91,111,1.1981981981981982,0.042098554117389164,689,"Men's underwear department, and make it quick.  I need to be somewhere in minus 10:07"
4163,2920,2,18,91,111,1.1981981981981982,0.042098554117389164,689,"Sorry sir, but we discontinued carrying moon rocks last year."
2837,2920,1,20,90,111,1.1981981981981982,0.04010596084093461,689,"Take a left.  Climb out the window.  Zoom up about 240,000 miles"
3331,2920,3,16,92,111,1.1981981981981982,0.04400100479051482,689,Let’s start out with the third floor and take it from there.
5165,2930,3,15,88,106,1.1981132075471699,0.04529986209665202,689,"hey man, I get that you were, like, just in space and all that, but a Christmas gift still would've been appreciated."
761,2931,1,17,78,96,1.1979166666666667,0.043477640116023786,689,Take me to your leader.
1149,2932,5,13,99,117,1.1965811965811965,0.04580761072155073,689,Take me to the floor with the most space
4428,2933,2,18,92,112,1.1964285714285714,0.041758494142599856,689,Black Friday sales are out of this world
4313,2933,4,14,94,112,1.1964285714285714,0.045448015961182156,689,I think no matter what you say I'm going to disappoint you.
4542,2933,3,16,93,112,1.1964285714285714,0.04364226155841041,689,Was your last place a walk up?
2470,2933,2,18,92,112,1.1964285714285714,0.041758494142599856,689,"Sir, the penthouse is not THAT high up"
2304,2937,4,13,90,107,1.1962616822429906,0.046834653903772186,689,The prices here are stratospheric
2163,2937,3,15,89,107,1.1962616822429906,0.044912682652352945,689,I'm new here.  Which way is up?
2009,2937,2,17,88,107,1.1962616822429906,0.042904700439180404,689,"I don't go that far,try the space escalator."
4104,2937,3,15,89,107,1.1962616822429906,0.044912682652352945,689,"That's one small step for man, one giant leap for maniacs."
1694,2937,4,13,90,107,1.1962616822429906,0.046834653903772186,689,"Up, up and away, please."
1630,2937,2,17,88,107,1.1962616822429906,0.042904700439180404,689,"Your right ,it’s all alien out there now"
2289,2937,5,11,91,107,1.1962616822429906,0.04868080267971432,689,I swear the smell last time wasn't me.
2429,2937,1,19,87,107,1.1962616822429906,0.04079800946762782,689,I bring you glad tidings!
1581,2937,4,13,90,107,1.1962616822429906,0.046834653903772186,689,Yes Sir. Of course you're going up.
2728,2937,2,17,88,107,1.1962616822429906,0.042904700439180404,689,I‘m sorry it’s not as nice as the moon Mr Armstrong.
2918,2937,2,17,88,107,1.1962616822429906,0.042904700439180404,689,How’s the new penthouse sir?
2975,2937,4,13,90,107,1.1962616822429906,0.046834653903772186,689,"Sorry, the elevator only goes up to the sixth floor."
3114,2937,4,13,90,107,1.1962616822429906,0.046834653903772186,689,"Don't worry, i'm vaccinated."
3313,2937,0,21,86,107,1.1962616822429906,0.038576441428227824,689,The Met Gala was truly out of this world this year.
3431,2937,1,19,87,107,1.1962616822429906,0.04079800946762782,689,"I’m sorry, but this elevator stops just below the stratosphere"
3586,2937,2,17,88,107,1.1962616822429906,0.042904700439180404,689,They thought a more luxurious ride up the launch pad is appropriate!
3589,2937,2,17,88,107,1.1962616822429906,0.042904700439180404,689,"Fourth floor, lingerie."
3640,2937,2,17,88,107,1.1962616822429906,0.042904700439180404,689,"I'm sorry, sir. That floor is restricted to our frequent guest loyalty club members only."
2317,2937,4,13,90,107,1.1962616822429906,0.046834653903772186,689,They said the building had a lot of open space...
1360,2937,2,17,88,107,1.1962616822429906,0.042904700439180404,689,There is plenty to do Major Tom
4206,2937,3,15,89,107,1.1962616822429906,0.044912682652352945,689,I’m beginning to regret having eaten all of that cheese.
1335,2937,1,19,87,107,1.1962616822429906,0.04079800946762782,689,"Step out, sir.  And watch the ozone hole."
4465,2937,2,17,88,107,1.1962616822429906,0.042904700439180404,689,"Go sit down, we'll try it again."
4700,2937,3,15,89,107,1.1962616822429906,0.044912682652352945,689,"I'm sorry sir, but this is the highest altitude this vessel can attain."
4152,2937,2,17,88,107,1.1962616822429906,0.042904700439180404,689,"No, miss. Unfortunately, our elevators still don't go beyond the glass ceiling."
3913,2937,2,17,88,107,1.1962616822429906,0.042904700439180404,689,Management's response to the recall on our windows.
5199,2937,1,19,87,107,1.1962616822429906,0.04079800946762782,689,I don't think giant leaps involve elevators.
319,2937,2,17,88,107,1.1962616822429906,0.042904700439180404,689,I'm afraid this one will take three small steps.
1354,2937,2,17,88,107,1.1962616822429906,0.042904700439180404,689,Beam me up Scotty!
4140,2937,1,19,87,107,1.1962616822429906,0.04079800946762782,689,How high does this bad boy go?
4009,2937,2,17,88,107,1.1962616822429906,0.042904700439180404,689,"I'm sorry, sir, but Trump was wrong when he called this an airlock."
145,2937,4,13,90,107,1.1962616822429906,0.046834653903772186,689,Going up. High up.
449,2937,2,17,88,107,1.1962616822429906,0.042904700439180404,689,Not sure what your job is but it seems your regulators are as silly as mine.
574,2937,2,17,88,107,1.1962616822429906,0.042904700439180404,689,We will be going up in 10...9...8...7...
626,2937,3,15,89,107,1.1962616822429906,0.044912682652352945,689,"I'm ready for launch, Captain."
955,2937,4,13,90,107,1.1962616822429906,0.046834653903772186,689,"The ""far yonder"" is not an option, I'm afraid."
985,2937,5,11,91,107,1.1962616822429906,0.04868080267971432,689,That’s one small elevator for man.
1305,2937,1,19,87,107,1.1962616822429906,0.04079800946762782,689,"I take it you're going up, sir?"
120,2937,1,19,87,107,1.1962616822429906,0.04079800946762782,689,"slower than Apollo, Faster than the stairs, safer than both!"
4987,2976,5,13,100,118,1.194915254237288,0.04544829509037639,689,I think the affair is 'bow-tie' was optional...just go with your look!
3135,2976,2,19,97,118,1.194915254237288,0.04038506991066491,689,"I hope, I get back"
1865,2978,2,18,93,113,1.1946902654867257,0.04142378932836539,689,To the penthouse and not beyond.
3004,2979,3,15,90,108,1.1944444444444444,0.04453197507374984,689,Did you remember to unplug the iron?
3971,2979,3,15,90,108,1.1944444444444444,0.04453197507374984,689,What floor are the moon landing auditions?
3562,2979,3,15,90,108,1.1944444444444444,0.04453197507374984,689,Technology has come a long way since we had to splash down.
3596,2979,1,19,88,108,1.1944444444444444,0.04045931624376092,689,"75834023rd Floor: Jupiter, Europa, Ganymede and Io, watch your step and oxygen levels!"
3804,2979,1,19,88,108,1.1944444444444444,0.04045931624376092,689,"Due to budget cuts, this is as close to space as we can get you."
4876,2979,3,15,90,108,1.1944444444444444,0.04453197507374984,689,Surface transportation is on this floor.
4778,2979,1,19,88,108,1.1944444444444444,0.04045931624376092,689,"They couldn't build a space elevator, because it couldn't go up and down without paying me overtime."
5139,2979,4,13,91,108,1.1944444444444444,0.046434546089062695,689,I have a feeling you're going to be underwhelmed.
4730,2979,2,17,89,108,1.1944444444444444,0.04254440665282414,689,"Yes, there is life on other elevators."
5027,2979,2,17,89,108,1.1944444444444444,0.04254440665282414,689,...and he's bringing reindeer? The condo association will require sign off.
5059,2979,2,17,89,108,1.1944444444444444,0.04254440665282414,689,"NASA budget cuts are no joke, huh?"
3337,2979,3,15,90,108,1.1944444444444444,0.04453197507374984,689,going up? ...up & away?
2187,2979,0,21,87,108,1.1944444444444444,0.03826076324884863,689,This elevator is going down
3481,2979,3,15,90,108,1.1944444444444444,0.04453197507374984,689,"How many fathoms do you wish to descend to today, sir?"
1735,2979,1,19,88,108,1.1944444444444444,0.04045931624376092,689,You're in the wrong building. We only have 20 floors.
195,2979,2,17,89,108,1.1944444444444444,0.04254440665282414,689,"Suite 4 please, 3rd bachelorette party of the night."
2161,2979,3,15,90,108,1.1944444444444444,0.04453197507374984,689,"Top floor, but really punch it this time."
3188,2979,3,15,90,108,1.1944444444444444,0.04453197507374984,689,It's time for your extra-vehicular activity.
3226,2997,2,16,85,103,1.1941747572815533,0.04375801017679495,689,"No, Ma'am, the costume party is on seven."
2055,2998,0,21,88,109,1.1926605504587156,0.03795007231189866,689,"Yes, the bar on the top floor is called Outer Space, but we do have oxygen up there."
1546,2998,1,19,89,109,1.1926605504587156,0.0401260844561969,689,what floor are your space heaters on?
141,2998,3,15,91,109,1.1926605504587156,0.044157581278879685,689,DOWNSTAIRS?
3487,2998,4,13,92,109,1.1926605504587156,0.046041140838475915,689,This is one step for man ...
3503,2998,2,17,90,109,1.1926605504587156,0.042190014447655216,689,They left!!  I’m only 5 minutes late.
3766,2998,3,15,91,109,1.1926605504587156,0.044157581278879685,689,"Just to let you know, it’ll be slower and lower than a launch."
2688,2998,1,19,89,109,1.1926605504587156,0.0401260844561969,689,I’ll get out here.
2148,2998,4,13,92,109,1.1926605504587156,0.046041140838475915,689,"Unless that's a bullshit suit, it won't help you on the top floor."
2096,2998,0,21,88,109,1.1926605504587156,0.03795007231189866,689,I suggest to check our shuttle route in the reception.
1474,3007,1,18,85,104,1.1923076923076923,0.041166983308659526,689,Are you here to view the new office space?
3718,3007,2,16,86,104,1.1923076923076923,0.04337541944605909,689,These NASA budget cuts have gotten ridiculous.
4891,3007,4,12,88,104,1.1923076923076923,0.047485155647778804,689,It’s my elevator car; they are my controls.
99,3007,2,16,86,104,1.1923076923076923,0.04337541944605909,689,You know... you might find the presence of gravity here quite useful.
1020,3007,4,12,88,104,1.1923076923076923,0.047485155647778804,689,"Yes, but it’s a giant leap from the roof."
4682,3007,5,10,89,104,1.1923076923076923,0.04941200769327116,689,"I don't have the special key for that floor, sir!"
1526,3013,3,16,96,115,1.191304347826087,0.0425998216136205,689,"No, I've never been to the moon; I'm just here for an interview with the Space Force."
113,3014,1,19,90,110,1.190909090909091,0.03979818677571405,689,| parked it on top’
119,3014,2,17,91,110,1.190909090909091,0.041841383127562214,689,"10 years from now at Tesla Tower, Planet Mars."
656,3014,3,15,92,110,1.190909090909091,0.04378934817304632,689,Sorry the Musk expedition is full; try the Branson elevator.
1192,3014,3,15,92,110,1.190909090909091,0.04378934817304632,689,"Everything that goes up must come down,sir"
1376,3014,3,15,92,110,1.190909090909091,0.04378934817304632,689,Going Up- Up and Away... ?
4789,3014,3,15,92,110,1.190909090909091,0.04378934817304632,689,Continue walking up the stairs until you see a giant rock.
4934,3020,3,14,88,105,1.1904761904761905,0.045078763173336374,689,"Forget your protein pill again, Major Tom?"
3268,3020,0,20,85,105,1.1904761904761905,0.03850512095536382,689,It is flu season...you can't be too careful.
3287,3020,3,14,88,105,1.1904761904761905,0.045078763173336374,689,"I’m sorry, this elevator stops at the Penthouse."
3344,3020,3,14,88,105,1.1904761904761905,0.045078763173336374,689,"Neil, this time I’m sure it is no more than one small step for man."
3351,3020,6,8,91,105,1.1904761904761905,0.050808911016555915,689,My girlfriend likes to make us role-play. She'll be dressed up in a sexy Stanley Kubrick costume.
3421,3020,1,18,86,105,1.1904761904761905,0.040814146113049836,689,What exactly are you supposed to be?
3440,3020,4,12,89,105,1.1904761904761905,0.04706639005052258,689,"What are you, some kind of astronaut? Fuck off."
3521,3020,3,14,88,105,1.1904761904761905,0.045078763173336374,689,"Sorry, this one doesn’t go fast enough to simulate weightlessness."
3486,3020,2,16,87,105,1.1904761904761905,0.04299935704272291,689,Is this the moon?
3492,3020,1,18,86,105,1.1904761904761905,0.040814146113049836,689,How high would you like to go?
3260,3020,1,18,86,105,1.1904761904761905,0.040814146113049836,689,"Sorry, you want the stairway to the stars. This is the elevator to Floor 9: women's apparel, outerwear, and home furnishings."
3538,3020,5,10,90,105,1.1904761904761905,0.04897341376234777,689,"I'm sorry, sir.  We don't go that far up."
3545,3020,2,16,87,105,1.1904761904761905,0.04299935704272291,689,I hear the penthouse is very space-ious.
3551,3020,1,18,86,105,1.1904761904761905,0.040814146113049836,689,Wanting to get high?
3443,3020,2,16,87,105,1.1904761904761905,0.04299935704272291,689,"Your Uber SpaceX is waiting out front, sir."
4961,3020,2,16,87,105,1.1904761904761905,0.04299935704272291,689,"Going up?""  David Sivak, Coquitlam, BC, Canad"
3160,3020,3,14,88,105,1.1904761904761905,0.045078763173336374,689,"You know, for the first floor, it’s one small flight of stairs."
3200,3020,2,16,87,105,1.1904761904761905,0.04299935704272291,689,It's just one small step to the mankind department.
2758,3020,4,12,89,105,1.1904761904761905,0.04706639005052258,689,I don’t think it’s much of an anti-gravity experience either but I’m not the one who cut your funding.
2799,3020,2,16,87,105,1.1904761904761905,0.04299935704272291,689,"Sorry sir, the lift is off."
2810,3020,5,10,90,105,1.1904761904761905,0.04897341376234777,689,"Sorry, sir, this is the top floor"
2829,3020,4,12,89,105,1.1904761904761905,0.04706639005052258,689,Mr Kubrick will be with you shortly
2833,3020,3,14,88,105,1.1904761904761905,0.045078763173336374,689,"12th floor.  Shoes, ladies lingerie, and Mars."
2840,3020,2,16,87,105,1.1904761904761905,0.04299935704272291,689,"Sir, I'm afraid the 'M' stands for mezzanine."
3223,3020,3,14,88,105,1.1904761904761905,0.045078763173336374,689,Forgot your keys to the rover again sir?
2923,3020,3,14,88,105,1.1904761904761905,0.045078763173336374,689,How high do you go?
2958,3020,1,18,86,105,1.1904761904761905,0.040814146113049836,689,"Moon, Mars or our new space elevator destination Venus?"
3034,3020,1,18,86,105,1.1904761904761905,0.040814146113049836,689,We only go up to Floor 50.
3096,3020,1,18,86,105,1.1904761904761905,0.040814146113049836,689,"I miss space, can we go down really fast?"
3098,3020,5,10,90,105,1.1904761904761905,0.04897341376234777,689,You might need to take a giant leap over the gap.
3557,3020,4,12,89,105,1.1904761904761905,0.04706639005052258,689,I am just passing through going up and up and up and up.
3169,3020,2,16,87,105,1.1904761904761905,0.04299935704272291,689,Mr. Musk isn’t a little early to be practicing for the Mars colony?
2934,3020,1,18,86,105,1.1904761904761905,0.040814146113049836,689,How high is this building?
3593,3020,3,14,88,105,1.1904761904761905,0.045078763173336374,689,This is embarrassing. My lanyard was in here the whole time.
3665,3020,2,16,87,105,1.1904761904761905,0.04299935704272291,689,"Sorry, sir—you'll have to take the express elevator on your left."
3628,3020,4,12,89,105,1.1904761904761905,0.04706639005052258,689,It didn't work. My ears still popped when we passed the 20th floor.
4841,3020,3,14,88,105,1.1904761904761905,0.045078763173336374,689,"Are you sure this is the space elevator?"""
4247,3020,1,18,86,105,1.1904761904761905,0.040814146113049836,689,Mr. Trump's Apartment please...
4346,3020,3,14,88,105,1.1904761904761905,0.045078763173336374,689,Outer space was filled to capacity!
4354,3020,2,16,87,105,1.1904761904761905,0.04299935704272291,689,"I know it’s Muzak, but it’s still “Fly Me to the Moon”"
4404,3020,5,10,90,105,1.1904761904761905,0.04897341376234777,689,"It was a giant leap for mankind too, until we got it serviced."
4477,3020,1,18,86,105,1.1904761904761905,0.040814146113049836,689,"Take it from me, they won’t believe you."
4219,3020,3,14,88,105,1.1904761904761905,0.045078763173336374,689,"Long story short, never trust a man with the last name Armstrong."
4480,3020,1,18,86,105,1.1904761904761905,0.040814146113049836,689,"Top floor, ground control. Please tell my wife I love her so."
4540,3020,1,18,86,105,1.1904761904761905,0.040814146113049836,689,"Sorry, you want the express elevator."
4594,3020,3,14,88,105,1.1904761904761905,0.045078763173336374,689,"Yes Sir,  I know it’s one small step ..but is this your floor?"
4597,3020,3,14,88,105,1.1904761904761905,0.045078763173336374,689,Can you believe they assigned me a middle seat.
4820,3020,2,16,87,105,1.1904761904761905,0.04299935704272291,689,Strap on so you don't float away.
4796,3020,0,20,85,105,1.1904761904761905,0.03850512095536382,689,"I don't have to ask, going up"
4724,3020,6,8,91,105,1.1904761904761905,0.050808911016555915,689,This elevator only goes to the 75th floor.
4505,3020,1,18,86,105,1.1904761904761905,0.040814146113049836,689,Meeting with HR are you? I see you're well prepared.
4944,3020,2,16,87,105,1.1904761904761905,0.04299935704272291,689,"Floor 281 ...  Have a good day, sir."
4180,3020,3,14,88,105,1.1904761904761905,0.045078763173336374,689,One small step for man is a few floors up sir...
4131,3020,3,14,88,105,1.1904761904761905,0.045078763173336374,689,"Sir, this floor is actually above the smog level."
3647,3020,1,18,86,105,1.1904761904761905,0.040814146113049836,689,"Really, Sir, I can’t continue to enable your addiction to liftoffs."
2735,3020,4,12,89,105,1.1904761904761905,0.04706639005052258,689,"1,863,753,925th floor, sir."
3706,3020,4,12,89,105,1.1904761904761905,0.04706639005052258,689,Not only is there no oxygen in the penthouse but sleeping in this suit is ruining my marriage.
4890,3020,3,14,88,105,1.1904761904761905,0.045078763173336374,689,"Oh, SPACIOUS elevators. I see it now."
3753,3020,3,14,88,105,1.1904761904761905,0.045078763173336374,689,"So sorry, madam, this elevator does not go that high."
3785,3020,1,18,86,105,1.1904761904761905,0.040814146113049836,689,Which do you think?
4179,3020,3,14,88,105,1.1904761904761905,0.045078763173336374,689,"I can tell you want to get high, but I can't help you."
3810,3020,1,18,86,105,1.1904761904761905,0.040814146113049836,689,"Pardon me, sir.  But may I suggest that your first step off be one small step for man, one giant leap for mankind?"
3961,3020,1,18,86,105,1.1904761904761905,0.040814146113049836,689,I'm here for the Space Force interview.
4014,3020,2,16,87,105,1.1904761904761905,0.04299935704272291,689,I'm actually headed downstairs
4061,3020,2,16,87,105,1.1904761904761905,0.04299935704272291,689,I'll press the close door button in ten... nine...
4072,3020,4,12,89,105,1.1904761904761905,0.04706639005052258,689,"Mr Armstrong arrived a few minutes ago, Mr Aldrin."
4094,3020,5,10,90,105,1.1904761904761905,0.04897341376234777,689,"Once I went into space, my wife won’t look at me any other way."
4122,3020,4,12,89,105,1.1904761904761905,0.04706639005052258,689,There wasn’t a gift receipt
3891,3020,2,16,87,105,1.1904761904761905,0.04299935704272291,689,"Lunar floor, Sir. Your rocket is to the right"
2722,3020,3,14,88,105,1.1904761904761905,0.045078763173336374,689,"Sorry, it only goes to 40."
2605,3020,3,14,88,105,1.1904761904761905,0.045078763173336374,689,"So, it'll be the penthouse then?"
2708,3020,3,14,88,105,1.1904761904761905,0.045078763173336374,689,"And, by the way, you can take off the suit. Studies have shown that there's virtually no risk of running out of air in an elevator."
623,3020,3,14,88,105,1.1904761904761905,0.045078763173336374,689,Is this the Bezos or Musk floor?
624,3020,2,16,87,105,1.1904761904761905,0.04299935704272291,689,Watch the landing. It’s one small step.
725,3020,0,20,85,105,1.1904761904761905,0.03850512095536382,689,You're the first to make it back from the Penthouse.
781,3020,6,8,91,105,1.1904761904761905,0.050808911016555915,689,"Sorry, this elevator is going down."
817,3020,1,18,86,105,1.1904761904761905,0.040814146113049836,689,"Floor 102,437 next!"
832,3020,4,12,89,105,1.1904761904761905,0.04706639005052258,689,"Apologies, what floor was that again sir?"
562,3020,4,12,89,105,1.1904761904761905,0.04706639005052258,689,"Ma’am, it’s been a privilege riding with you."
881,3020,2,16,87,105,1.1904761904761905,0.04299935704272291,689,It gets a little bumpy on the way up
1124,3020,4,12,89,105,1.1904761904761905,0.04706639005052258,689,The elevator doesn't go up any higher huh?
5186,3020,1,18,86,105,1.1904761904761905,0.040814146113049836,689,Menswear is on four.
1304,3020,5,10,90,105,1.1904761904761905,0.04897341376234777,689,"The bathroom is on the fourth floor, sir."
1330,3020,2,16,87,105,1.1904761904761905,0.04299935704272291,689,It’s one small step to the penthouse.
1346,3020,1,18,86,105,1.1904761904761905,0.040814146113049836,689,"110th Floor - rockets, gantries, space shuttles. Have a nice day."
5163,3020,2,16,87,105,1.1904761904761905,0.04299935704272291,689,"You replaced my favorite Sinatra song with elevator music?
Frank Buckley Andover, MA"
5218,3020,3,14,88,105,1.1904761904761905,0.045078763173336374,689,"Miss, there is no glass ceiling here."
1495,3020,2,16,87,105,1.1904761904761905,0.04299935704272291,689,I'm afraid we do not have a Moon Roof!
552,3020,5,10,90,105,1.1904761904761905,0.04897341376234777,689,"I'm sorry, sir. We don't have a 126-millionth floor."
5250,3020,2,16,87,105,1.1904761904761905,0.04299935704272291,689,I'd say your trajectory is more than a little off.
3620,3020,3,14,88,105,1.1904761904761905,0.045078763173336374,689,I'm guessing you are going to the top floor.
5,3020,4,12,89,105,1.1904761904761905,0.04706639005052258,689,"Operator, I am trying to reach commander P.R. |  Johnson” “Ground floor for major | Tom it is then”"
69,3020,0,20,85,105,1.1904761904761905,0.03850512095536382,689,I’m sorry ma’am. It only goes up to the 30th floor.
5267,3020,1,18,86,105,1.1904761904761905,0.040814146113049836,689,"I'm sorry, Sir, this elevator is going down."
126,3020,2,16,87,105,1.1904761904761905,0.04299935704272291,689,Wait. Sorry. | forgot my umbrella.
139,3020,1,18,86,105,1.1904761904761905,0.040814146113049836,689,Today I am working from home.
524,3020,1,18,86,105,1.1904761904761905,0.040814146113049836,689,"Yes, we have bathrooms."
166,3020,5,10,90,105,1.1904761904761905,0.04897341376234777,689,"The potatoes are this way, Mr. Damon."
216,3020,1,18,86,105,1.1904761904761905,0.040814146113049836,689,Walking in the club like excuse me sir
253,3020,2,16,87,105,1.1904761904761905,0.04299935704272291,689,All the best for the SpaceX demo Mr.Musk!
351,3020,2,16,87,105,1.1904761904761905,0.04299935704272291,689,"Eighty-six floors is a good first step. Now, shall we shoot for the roof?"
355,3020,2,16,87,105,1.1904761904761905,0.04299935704272291,689,"Elevate me up, Scotty"
364,3020,4,12,89,105,1.1904761904761905,0.04706639005052258,689,"Ground floor, Major Tom. Before Bloomberg, this was Davy Jones’ locker."
385,3020,4,12,89,105,1.1904761904761905,0.04706639005052258,689,"You'll fit, there's plenty of space"
191,3020,1,18,86,105,1.1904761904761905,0.040814146113049836,689,Of course you are the first sir.
2715,3020,2,16,87,105,1.1904761904761905,0.04299935704272291,689,"I'm sorry sir. The coop board has replaced the  launch pad  with a
 Media room."
1502,3020,2,16,87,105,1.1904761904761905,0.04299935704272291,689,"We don't have floor 48,450!"
1552,3020,2,16,87,105,1.1904761904761905,0.04299935704272291,689,"Yes, Sir, Mr. President. Rocket Man and his entourage await."
2244,3020,2,16,87,105,1.1904761904761905,0.04299935704272291,689,The Final Frontier.
2253,3020,2,16,87,105,1.1904761904761905,0.04299935704272291,689,"Be careful of the small step for man"""
2280,3020,4,12,89,105,1.1904761904761905,0.04706639005052258,689,"Ninth floor:lingerie, sports wear, and space shuttle."
2297,3020,1,18,86,105,1.1904761904761905,0.040814146113049836,689,I finally found the hotel Wi-Fi signal.
2335,3020,3,14,88,105,1.1904761904761905,0.045078763173336374,689,Is this the floor for Space Force accessories?
2417,3020,3,14,88,105,1.1904761904761905,0.045078763173336374,689,"Sorry... ""M"" is for mezzanine."
2215,3020,4,12,89,105,1.1904761904761905,0.04706639005052258,689,The rental on the 5th floor? I am afraid it’s not THAT  spacious.
2455,3020,2,16,87,105,1.1904761904761905,0.04299935704272291,689,"Sure, but I’ll have to stand on your shoulders to reach the button."
2487,3020,3,14,88,105,1.1904761904761905,0.045078763173336374,689,"Actually, sir, SpaceX is next door."
2498,3020,2,16,87,105,1.1904761904761905,0.04299935704272291,689,I can take you as high as 42.
2537,3020,4,12,89,105,1.1904761904761905,0.04706639005052258,689,Low gravity at the penthouse sir?
2579,3020,3,14,88,105,1.1904761904761905,0.045078763173336374,689,To the 20th floor and beyond!
4747,3020,2,16,87,105,1.1904761904761905,0.04299935704272291,689,It’s just a small step. The giant leap comes at the cellar door.
2621,3020,5,10,90,105,1.1904761904761905,0.04897341376234777,689,One small step for the third floor.
2479,3020,2,16,87,105,1.1904761904761905,0.04299935704272291,689,"We're birds of a feather. My job, your job -- we both have our ups and downs."
1522,3020,3,14,88,105,1.1904761904761905,0.045078763173336374,689,"You like cheese, Earthling?"
2212,3020,3,14,88,105,1.1904761904761905,0.045078763173336374,689,Lift-off is in precisely ten seconds.
2115,3020,1,18,86,105,1.1904761904761905,0.040814146113049836,689,"Penthouse in 3, 2, 1..."
1571,3020,4,12,89,105,1.1904761904761905,0.04706639005052258,689,She's in apt. 37. Good luck and I'm sure the cameras won't get you.
1709,3020,3,14,88,105,1.1904761904761905,0.045078763173336374,689,"I""ve had faster rides."
1823,3020,1,18,86,105,1.1904761904761905,0.040814146113049836,689,I already called down to valet for my Shuttle.
1850,3020,2,16,87,105,1.1904761904761905,0.04299935704272291,689,Welcome inside Musk's new Cybershuttle.
1851,3020,0,20,85,105,1.1904761904761905,0.03850512095536382,689,"Sir, we only go up to 26."
1915,3020,4,12,89,105,1.1904761904761905,0.04706639005052258,689,"Sir, your dry cleaning has arrived so you can take that suit off now."
2144,3020,4,12,89,105,1.1904761904761905,0.04706639005052258,689,"Won't get you as high, but it's much safer..."
1923,3020,4,12,89,105,1.1904761904761905,0.04706639005052258,689,But does yours play music?
1965,3020,3,14,88,105,1.1904761904761905,0.045078763173336374,689,"Yes, sir. I made sure your Uber has a moonroof."
1967,3020,4,12,89,105,1.1904761904761905,0.04706639005052258,689,"They say it doesn’t stink.
I’ve seen it all in the videos.
It stinks."
1968,3020,4,12,89,105,1.1904761904761905,0.04706639005052258,689,You're only a little late. Just gimme the lunch code.
2020,3020,2,16,87,105,1.1904761904761905,0.04299935704272291,689,"After space, you've got nowhere to go but down!"
2043,3020,2,16,87,105,1.1904761904761905,0.04299935704272291,689,Your final frontier is the penthouse.
2053,3020,2,16,87,105,1.1904761904761905,0.04299935704272291,689,Complaints are the 5th floor.
5159,3020,4,12,89,105,1.1904761904761905,0.04706639005052258,689,"First day of training at NASA, Lieutenant?"
4776,3020,3,14,88,105,1.1904761904761905,0.045078763173336374,689,This is Apollo 10 - Apollo 11 is next floor up.
941,3162,3,16,97,116,1.1896551724137931,0.04226317401211664,689,Ready for takeoff.
5303,3162,6,10,100,116,1.1896551724137931,0.047285843442009465,689,"One small step for man; one giant leap for mankind.""
""Ok boomer."
2892,3164,2,17,92,111,1.1891891891891893,0.041498376301112666,689,To infinity and menswear and sporting goods!
5099,3164,3,15,93,111,1.1891891891891893,0.04342712746002104,689,The air quality is terrible today
4996,3164,3,15,93,111,1.1891891891891893,0.04342712746002104,689,Easy does it.  One step at a time.
2831,3164,3,15,93,111,1.1891891891891893,0.04342712746002104,689,NASA has had severe cut backs.  Can you make the elevator drop fast enough to experience weightlessness?
1345,3164,2,17,92,111,1.1891891891891893,0.041498376301112666,689,"Good morning, Mr. Pitt.   I guess we can call this the Pitt Stop, heh, heh, heh...."
2002,3169,3,14,89,106,1.1886792452830188,0.044687610008373936,689,I’ve got to find a new dry cleaner.
2308,3169,4,12,90,106,1.1886792452830188,0.046654871209528416,689,I'm running late. How far up does this thing go?
2382,3169,2,16,88,106,1.1886792452830188,0.04262966067122,689,I'm afraid this won't count as simulator training.
2794,3169,3,14,89,106,1.1886792452830188,0.044687610008373936,689,"One billionth floor, please."
2875,3169,2,16,88,106,1.1886792452830188,0.04262966067122,689,One final leap for mankind
4585,3169,1,18,87,106,1.1886792452830188,0.040467189791560776,689,Space capsule or submarine?
3321,3169,2,16,88,106,1.1886792452830188,0.04262966067122,689,"Womens, 5th floor please."
3417,3169,3,14,89,106,1.1886792452830188,0.044687610008373936,689,"Yes sir,the penthouse is another world. Rarified air indeed, sir."
3448,3169,4,12,90,106,1.1886792452830188,0.046654871209528416,689,Twelth floor is as high as we go.
4048,3169,4,12,90,106,1.1886792452830188,0.046654871209528416,689,"Sorry sir, but we have no button for “Gantry.”"
4271,3169,1,18,87,106,1.1886792452830188,0.040467189791560776,689,"I'm sorry, but this is the highest the elevator will go."
4964,3169,1,18,87,106,1.1886792452830188,0.040467189791560776,689,"I'm more than happy to help you time your jumps, but surely there must be better ways to prepare for zero gravity."
5232,3169,4,12,90,106,1.1886792452830188,0.046654871209528416,689,One small step to penthouse living.
5258,3169,3,14,89,106,1.1886792452830188,0.044687610008373936,689,Push the red button!
1532,3169,2,16,88,106,1.1886792452830188,0.04262966067122,689,Should I hold the door?
1153,3169,3,14,89,106,1.1886792452830188,0.044687610008373936,689,"Sorry, we only go to the 40th floor moonroof."
2099,3169,1,18,87,106,1.1886792452830188,0.040467189791560776,689,"Shoot me up to the 151st floor, please."
914,3169,2,16,88,106,1.1886792452830188,0.04262966067122,689,"Houston, we have lift off."
826,3169,1,18,87,106,1.1886792452830188,0.040467189791560776,689,"You may like to take a seat, sir. This baby goes up like a rocket!"
159,3169,3,14,89,106,1.1886792452830188,0.044687610008373936,689,"Rooftop please, they are waiting for me...I lost track of time"
29,3169,4,12,90,106,1.1886792452830188,0.046654871209528416,689,My therapist said I need to ‘face my fears’
936,3190,3,15,94,112,1.1875,0.04307077546134616,689,"Up or down, and with or without the boosters?"
2283,3190,3,15,94,112,1.1875,0.04307077546134616,689,"Whoa, you must be on a REALLY high floor."
1413,3190,4,13,95,112,1.1875,0.044899519593386075,689,One giant step for mankind?
440,3193,4,12,91,107,1.1869158878504673,0.046250414976182756,689,I believe this is your space sir
3196,3193,2,16,89,107,1.1869158878504673,0.042266173223498654,689,Floor 3...2...1...Off lift!
4464,3193,2,16,89,107,1.1869158878504673,0.042266173223498654,689,"Yesiree, tallest building in Dubai."
4835,3193,2,16,89,107,1.1869158878504673,0.042266173223498654,689,This doesn't go to the Moon
5280,3193,5,10,92,107,1.1869158878504673,0.04811898407826445,689,''I don't recall the war on the moon in 1969.''
4336,3193,1,18,88,107,1.1869158878504673,0.04012597233343557,689,Give me a countdown
1632,3199,3,13,86,102,1.1862745098039216,0.045641722077372035,689,"Sorry sir, we only go to ten."
1803,3199,4,11,87,102,1.1862745098039216,0.04772110492175312,689,"This building only goes to infinity, not beyond."
1854,3199,1,17,84,102,1.1862745098039216,0.04116907422639316,689,"In this city, there is no air if I can’t see it."
4829,3199,1,17,84,102,1.1862745098039216,0.04116907422639316,689,Sorry I couldn’t take you higher
2369,3199,2,15,85,102,1.1862745098039216,0.04346296968021364,689,Which way to the bachelorette party?
4459,3199,0,19,83,102,1.1862745098039216,0.03873958714149352,689,"Yeah, I worry about global warming, too."
2385,3199,1,17,84,102,1.1862745098039216,0.04116907422639316,689,Rooftop Level.  To Infinity and Beyond!
4427,3199,3,13,86,102,1.1862745098039216,0.045641722077372035,689,We only have 43 floors
4323,3199,3,13,86,102,1.1862745098039216,0.045641722077372035,689,"This elevator doesn’t go all the way up, sir.  You’ll need to change at the 95-th floor."
3848,3199,2,15,85,102,1.1862745098039216,0.04346296968021364,689,This is as high as we go Mr. Musk.
3733,3199,3,13,86,102,1.1862745098039216,0.045641722077372035,689,Floor 560 million please.
2800,3199,3,13,86,102,1.1862745098039216,0.045641722077372035,689,"This is the exit to the roof, sir; would you like me to call a rocket for you?"
2686,3199,3,13,86,102,1.1862745098039216,0.045641722077372035,689,"No tether, Sir"
2397,3199,2,15,85,102,1.1862745098039216,0.04346296968021364,689,"W-a-a-y up, please!"
1536,3199,2,15,85,102,1.1862745098039216,0.04346296968021364,689,ARE YOU SURE THIS IS HOW YOU START TO GET OVER YOUR FEAR OF HEIGHTS?
4663,3199,3,13,86,102,1.1862745098039216,0.045641722077372035,689,"The ""bring me back some honey"" line is wearing a bit thin"
1291,3199,1,17,84,102,1.1862745098039216,0.04116907422639316,689,I think you’ll find the accommodations to be most spacious.
2245,3199,2,15,85,102,1.1862745098039216,0.04346296968021364,689,"Going up, pun intended?"
5195,3199,2,15,85,102,1.1862745098039216,0.04346296968021364,689,Good luck at school
681,3199,1,17,84,102,1.1862745098039216,0.04116907422639316,689,"I apologize for my latest bout of IBS, but isn't this a bit much?"
667,3199,3,13,86,102,1.1862745098039216,0.045641722077372035,689,A Spaceman on Earth!
506,3199,3,13,86,102,1.1862745098039216,0.045641722077372035,689,"Sorry. Not higher than the penthouse."""
4998,3199,4,11,87,102,1.1862745098039216,0.04772110492175312,689,I hear they may be cracking down on these pencil towers.
824,3199,1,17,84,102,1.1862745098039216,0.04116907422639316,689,"Ground, please."
1602,3223,3,15,95,113,1.1858407079646018,0.042720152943370955,689,Dressed for the penthouse party sir?
5047,3224,1,16,80,97,1.1855670103092784,0.042297366409248006,689,"My name is Steve, not Houston."
5143,3225,2,16,90,108,1.1851851851851851,0.04190874258156364,689,I don't think this elevator will reach as high as you're anticipating... This building is only 23 stories... Seriously why are you doing this to me? My lunch break is in five minutes...
5087,3225,3,14,91,108,1.1851851851851851,0.043925083623096,689,"Hypersonic speed,102nd floor.Training."
4124,3225,2,16,90,108,1.1851851851851851,0.04190874258156364,689,A sore arm about 12 hours. You might want to try a Flu Shot.
3820,3225,2,16,90,108,1.1851851851851851,0.04190874258156364,689,"Wait, what did you do to the elevator motor?"
3345,3225,2,16,90,108,1.1851851851851851,0.04190874258156364,689,The president's bathroom is the second door on the right.
18,3225,3,14,91,108,1.1851851851851851,0.043925083623096,689,"Hotel bar, sir. Stay here long enough and perhaps you’ ll be transported somewhere else."
3022,3225,2,16,90,108,1.1851851851851851,0.04190874258156364,689,"Uranus, 7th Floor Please"
2889,3225,2,16,90,108,1.1851851851851851,0.04190874258156364,689,"I'm sorry, sir. The Skylight Room is closed for the night."
2415,3225,2,16,90,108,1.1851851851851851,0.04190874258156364,689,I'm sorry. This goes to the parking lot.
74,3225,2,16,90,108,1.1851851851851851,0.04190874258156364,689,hopefully there will be enough space for you in this room sir
47,3225,3,14,91,108,1.1851851851851851,0.043925083623096,689,"Houston, is there a problem?"
3180,3225,1,18,89,108,1.1851851851851851,0.039790356095912936,689,And she says I'M the impulsive shopper!
2503,3225,3,14,91,108,1.1851851851851851,0.043925083623096,689,"Mr. Musk likes his gantries first-class."""
533,3225,3,14,91,108,1.1851851851851851,0.043925083623096,689,Please watch your step or leap before exiting the elevator.
129,3239,3,12,83,98,1.183673469387755,0.04665756099726821,689,You don’t need to hold the door. Buzz and Neil will be at least two more hours.
4848,3239,4,10,84,98,1.183673469387755,0.048860223433162986,689,"Due to budgetary restraints, this is the highest we go."
5340,3241,2,16,91,109,1.18348623853211,0.04155722142841897,689,It's hot in the city tonight.
5152,3241,2,16,91,109,1.18348623853211,0.04155722142841897,689,I'm a British astronaut. I'm here for the lift off.
4845,3241,2,16,91,109,1.18348623853211,0.04155722142841897,689,This elevator doesn't go THAT high!
4811,3241,2,16,91,109,1.18348623853211,0.04155722142841897,689,"This is floor 5,762, sir."
4266,3241,1,18,90,109,1.18348623853211,0.039460207646984526,689,"We only go up to the 32nd floor, sir."
2928,3241,3,14,92,109,1.18348623853211,0.0435533846923308,689,"Going down, for a change?"
2551,3241,2,16,91,109,1.18348623853211,0.04155722142841897,689,Floor 10? 9? ... 8?
2027,3241,2,16,91,109,1.18348623853211,0.04155722142841897,689,"Mrs. Kramden, I presume?"
278,3241,3,14,92,109,1.18348623853211,0.0435533846923308,689,"Wow, so you drove 500 miles to get here *and* you didn't even stop to use the bathroom?"
1152,3250,2,15,87,104,1.1826923076923077,0.04269755533620633,689,"Sorry, Sir...the Moon is just above the Penthouse."
2869,3251,1,16,82,99,1.1818181818181819,0.041522350851192366,689,"We don't go down that far,"
2888,3251,3,12,84,99,1.1818181818181819,0.046221117974161514,689,through the roof please
3093,3251,1,16,82,99,1.1818181818181819,0.041522350851192366,689,"I’m sorry Mrs. Kramden, the highest I can “bang zoom” to, is the 39th floor."
3125,3251,3,12,84,99,1.1818181818181819,0.046221117974161514,689,"Hi, not Earth, please."
3157,3251,1,16,82,99,1.1818181818181819,0.041522350851192366,689,Big meeting this morning?
3162,3251,1,16,82,99,1.1818181818181819,0.041522350851192366,689,Would you like to control liftoff?
3165,3251,3,12,84,99,1.1818181818181819,0.046221117974161514,689,Need a booster?”
3182,3251,2,14,83,99,1.1818181818181819,0.04393459551987973,689,"Are you joining the ""Space Force"
3213,3251,2,14,83,99,1.1818181818181819,0.04393459551987973,689,"I'm here for the open house at 432 Park, Apt: PH"
3242,3251,4,10,85,99,1.1818181818181819,0.048399739772722716,689,"Sir, I see you're prepared for our rarefied New York air."
3256,3251,4,10,85,99,1.1818181818181819,0.048399739772722716,689,I'm hoping my flu shot will be enough.
3295,3251,2,14,83,99,1.1818181818181819,0.04393459551987973,689,"Yes, sir!  The flu IS really bad this year!"
3343,3251,2,14,83,99,1.1818181818181819,0.04393459551987973,689,"Look, I'm sorry you missed your flight but I just don't go that high"
3429,3251,2,14,83,99,1.1818181818181819,0.04393459551987973,689,"Sir, Deep Space 9 isn't a floor in this building."
2859,3251,2,14,83,99,1.1818181818181819,0.04393459551987973,689,"A long ride, huh?"
2858,3251,2,14,83,99,1.1818181818181819,0.04393459551987973,689,10...9...8...7...6...5.....?
2593,3251,2,14,83,99,1.1818181818181819,0.04393459551987973,689,"The Smith’s apartment is on the left, one giant leap down the hall."
2759,3251,1,16,82,99,1.1818181818181819,0.041522350851192366,689,The Germ Free Club meeting is in Room 837
2505,3251,2,14,83,99,1.1818181818181819,0.04393459551987973,689,"What floor sir, 3...2...1."
2499,3251,3,12,84,99,1.1818181818181819,0.046221117974161514,689,Sorry just going to the 68th floor
2643,3251,4,10,85,99,1.1818181818181819,0.048399739772722716,689,"Co-opt board interview ready, Millennial applicant affects a tentless measure of enviable self-sufficiency."
2443,3251,2,14,83,99,1.1818181818181819,0.04393459551987973,689,"These new buildings go so high, I just wanted to be prepared for anything."
2388,3251,3,12,84,99,1.1818181818181819,0.046221117974161514,689,Going waaaaaaaaay up?
2375,3251,4,10,85,99,1.1818181818181819,0.048399739772722716,689,I was forewarned the atmosphere at this convention would be quite toxic...
2763,3251,5,8,86,99,1.1818181818181819,0.05048443199000259,689,I'm sorry. It's the next elevator that will take you to the moon.
2370,3251,3,12,84,99,1.1818181818181819,0.046221117974161514,689,Which galaxy?
2226,3251,0,18,81,99,1.1818181818181819,0.038961038961038946,689,"And, the association just opened a high-altitude training center on 265.  Keycard only, though."
2209,3251,5,8,86,99,1.1818181818181819,0.05048443199000259,689,"Sir, this elevator only goes to the 7th floor."
2207,3251,3,12,84,99,1.1818181818181819,0.046221117974161514,689,I think your method acting class has gone too far.
3441,3251,1,16,82,99,1.1818181818181819,0.041522350851192366,689,"Fourth Floor, Mars."
2711,3251,3,12,84,99,1.1818181818181819,0.046221117974161514,689,I lost their scent in the asteroids.
2744,3251,1,16,82,99,1.1818181818181819,0.041522350851192366,689,"Sir, space suits are not needed for the planetarium."
2294,3251,2,14,83,99,1.1818181818181819,0.04393459551987973,689,I prefer personal space.
3507,3251,5,8,86,99,1.1818181818181819,0.05048443199000259,689,And you are
2121,3251,1,16,82,99,1.1818181818181819,0.041522350851192366,689,Budget cuts. This is as high as you go.
3548,3251,2,14,83,99,1.1818181818181819,0.04393459551987973,689,Godspeed with the air quality out there.
4534,3251,2,14,83,99,1.1818181818181819,0.04393459551987973,689,You're wearing THAT business suit to the dining room?
4550,3251,1,16,82,99,1.1818181818181819,0.041522350851192366,689,"Lunar module or command capsule, sir?"
4716,3251,1,16,82,99,1.1818181818181819,0.041522350851192366,689,They told me I needed to get used to heights to qualify.
4564,3251,0,18,81,99,1.1818181818181819,0.038961038961038946,689,Give me 15 minutes to change and we'll go together.
4577,3251,3,12,84,99,1.1818181818181819,0.046221117974161514,689,Men's space ware is on the tenth floor.
4603,3251,2,14,83,99,1.1818181818181819,0.04393459551987973,689,They have elevator attendants on Mars?!!!
4616,3251,3,12,84,99,1.1818181818181819,0.046221117974161514,689,Just practicing the ups and downs.
4685,3251,3,12,84,99,1.1818181818181819,0.046221117974161514,689,I see you’re here to apply for a “Space Force” position.
4846,3251,4,10,85,99,1.1818181818181819,0.048399739772722716,689,"Sorry, I don't have a button here that says ""Up Up and Beyond"""
5086,3251,2,14,83,99,1.1818181818181819,0.04393459551987973,689,I guess you’re going up.
4782,3251,0,18,81,99,1.1818181818181819,0.038961038961038946,689,"All the way to the top, please."
5097,3251,2,14,83,99,1.1818181818181819,0.04393459551987973,689,"6th Floor: Cosmetics, Rockets, Lingerie, Launchpads"
4870,3251,2,14,83,99,1.1818181818181819,0.04393459551987973,689,This is your stop: 432 Park Penthouse.
4927,3251,0,18,81,99,1.1818181818181819,0.038961038961038946,689,Parking Deck?
4753,3251,3,14,93,110,1.1818181818181819,0.04318785349158611,689,"You know this isn't Cape Canaveral, right?"
4461,3251,3,12,84,99,1.1818181818181819,0.046221117974161514,689,"One small step off the elevator, one giant leap to my front door."
3526,3251,2,14,83,99,1.1818181818181819,0.04393459551987973,689,Do you mind if we do a countdown before you push the button?
4445,3251,2,14,83,99,1.1818181818181819,0.04393459551987973,689,"You're at the wrong address, buddy. This is NASA office
headquarters in Washington not Cape Canaveral, Florida.
I hope you have a better chance at finding Mars."
4283,3251,4,10,85,99,1.1818181818181819,0.048399739772722716,689,Is there a bar on the roof? I want to grab a drink before I head home.
3549,3251,2,14,83,99,1.1818181818181819,0.04393459551987973,689,"One small step for man, one giant leap for Men's Haberdashery."
3578,3251,2,14,83,99,1.1818181818181819,0.04393459551987973,689,High Rise
3692,3251,3,12,84,99,1.1818181818181819,0.046221117974161514,689,The Mar-a-lago launch pad has the classy elevator.  Much better than Elon Musk's.
3703,3251,1,16,82,99,1.1818181818181819,0.041522350851192366,689,You’ll take another elevator for that sir.
3705,3251,5,8,86,99,1.1818181818181819,0.05048443199000259,689,"Sir your playtime outfit is best left upstairs...
What do you say we go back up and fly to the moon?"
3709,3251,2,14,83,99,1.1818181818181819,0.04393459551987973,689,The Oval Office is on fhe right
3749,3251,3,12,84,99,1.1818181818181819,0.046221117974161514,689,It’s not the moon but the sale is worth a look
3803,3251,2,14,83,99,1.1818181818181819,0.04393459551987973,689,Damn. Would you mind holding the door open while I go back and get my Depends?
3813,3251,3,12,84,99,1.1818181818181819,0.046221117974161514,689,"Yes, sometimes getting service to ""rocketer"" can be challenging from this floor..."
3829,3251,2,14,83,99,1.1818181818181819,0.04393459551987973,689,"Sorry, Mars 2112 has been closed for 7 years."
3880,3251,4,10,85,99,1.1818181818181819,0.048399739772722716,689,"Lost and Found, Public Restrooms and Black Holes"
4064,3251,3,12,84,99,1.1818181818181819,0.046221117974161514,689,Now if you'll just direct me to the airport shuttle...
4083,3251,1,16,82,99,1.1818181818181819,0.041522350851192366,689,This car only goes up to the 42nd floor.
4138,3251,5,8,86,99,1.1818181818181819,0.05048443199000259,689,I quit.
4278,3251,3,12,84,99,1.1818181818181819,0.046221117974161514,689,You'll have to walk up the rest of the way.
4422,3251,2,14,83,99,1.1818181818181819,0.04393459551987973,689,Bad launch pad traffic?
2026,3251,2,14,83,99,1.1818181818181819,0.04393459551987973,689,"Sorry Commander, this car only goes down!!!"
2539,3251,3,12,84,99,1.1818181818181819,0.046221117974161514,689,Epstein didn't kill himself.
1952,3251,2,14,83,99,1.1818181818181819,0.04393459551987973,689,I've been told the views are phenomenal...
957,3251,1,16,82,99,1.1818181818181819,0.041522350851192366,689,"Floor 1,654,352, I assume?"
953,3251,4,10,85,99,1.1818181818181819,0.048399739772722716,689,Mens Wear...one giant step to your right.
930,3251,2,16,92,110,1.1818181818181819,0.0412114670670419,689,"I'm sorry, sir, but there is no 28,000th floor."
861,3251,2,14,83,99,1.1818181818181819,0.04393459551987973,689,My therapist says I need to be more grounded.
838,3251,4,10,85,99,1.1818181818181819,0.048399739772722716,689,Mr. Aldrin has been looking to relive his glory days
724,3251,2,14,83,99,1.1818181818181819,0.04393459551987973,689,Is this Level Mars?
721,3251,5,8,86,99,1.1818181818181819,0.05048443199000259,689,Elon Musk’s Plan B
706,3251,2,14,83,99,1.1818181818181819,0.04393459551987973,689,"5th floor women’s shoes, houseware, Kubrick’s moon landing set."
697,3251,0,18,81,99,1.1818181818181819,0.038961038961038946,689,Ten...nine...eight...
688,3251,1,16,82,99,1.1818181818181819,0.041522350851192366,689,Top floor?
670,3251,0,18,81,99,1.1818181818181819,0.038961038961038946,689,This is the basement. I presume you want to go up.
663,3251,1,16,82,99,1.1818181818181819,0.041522350851192366,689,Do you think you can look over my Space Force application when you have a minute?
633,3251,2,14,83,99,1.1818181818181819,0.04393459551987973,689,"Houston, we have a problem."
610,3251,3,12,84,99,1.1818181818181819,0.046221117974161514,689,Up or Down!
485,3251,1,16,82,99,1.1818181818181819,0.041522350851192366,689,"This elevator is going down, sir."
472,3251,1,16,82,99,1.1818181818181819,0.041522350851192366,689,The only way is up.
470,3251,1,16,82,99,1.1818181818181819,0.041522350851192366,689,One floor up for mankind?
362,3251,2,14,83,99,1.1818181818181819,0.04393459551987973,689,Are the stars really just like us?
323,3251,2,14,83,99,1.1818181818181819,0.04393459551987973,689,"I could set my watch by your afternoon space walk, sir."
322,3251,3,12,84,99,1.1818181818181819,0.046221117974161514,689,"Well, this is where your journey ends."
275,3251,2,14,83,99,1.1818181818181819,0.04393459551987973,689,Have a good monday sir
238,3251,1,16,82,99,1.1818181818181819,0.041522350851192366,689,Where do they sell spacesuits with built-in toilets?
226,3251,2,14,83,99,1.1818181818181819,0.04393459551987973,689,Where is my Tesla dude?
168,3251,1,16,82,99,1.1818181818181819,0.041522350851192366,689,Are you a visitor of Mr .Dogg?
138,3251,0,18,81,99,1.1818181818181819,0.038961038961038946,689,I will take a break from social media for couple of months. Please spare me some memes and good news about climate change when I’m back.
87,3251,3,14,93,110,1.1818181818181819,0.04318785349158611,689,You just have  to push the right button and you go up.
34,3251,2,14,83,99,1.1818181818181819,0.04393459551987973,689,Allergy season strikes again
1317,3251,1,18,91,110,1.1818181818181819,0.039135397614244984,689,"I’m sorry, this elevator’s already full of nostalgia."
2004,3251,1,16,82,99,1.1818181818181819,0.041522350851192366,689,It's one small step for menswear.
970,3251,2,14,83,99,1.1818181818181819,0.04393459551987973,689,My son has one of those.  How do you like it?
986,3251,3,12,84,99,1.1818181818181819,0.046221117974161514,689,Let's hope we'll never have to take the emergency staircase again
2453,3251,2,14,83,99,1.1818181818181819,0.04393459551987973,689,"Actually, sir, we've cleaned the lobby after the Meyers baby."
1061,3251,2,14,83,99,1.1818181818181819,0.04393459551987973,689,"Third planet, please."
1934,3251,3,12,84,99,1.1818181818181819,0.046221117974161514,689,"Yes sir, this the top floor!"
1908,3251,4,10,85,99,1.1818181818181819,0.048399739772722716,689,"Did we forget to use the bathroom before heading to work again, sir?"
1897,3251,4,10,85,99,1.1818181818181819,0.048399739772722716,689,Really nice to see that they finally upgraded the rockets
1888,3251,3,12,84,99,1.1818181818181819,0.046221117974161514,689,I think I’ve made a mistake.. The dress code said ‘suit’ so I just figured...
1873,3251,0,18,81,99,1.1818181818181819,0.038961038961038946,689,"Sorry to disappoint you, but the twelfth floor is as far as we go."
1861,3251,3,12,84,99,1.1818181818181819,0.046221117974161514,689,What you looking at ? Get your iphone 11 out and start shooting away sir- we still have time to make it to the evening news!
1859,3251,2,14,83,99,1.1818181818181819,0.04393459551987973,689,I love banking here. Just push the Vacuum Canister button and jump out quickly.
1805,3251,0,18,81,99,1.1818181818181819,0.038961038961038946,689,"Lunar garage level 3, please."
1782,3251,1,16,82,99,1.1818181818181819,0.041522350851192366,689,So....is it flat?
1778,3251,2,14,83,99,1.1818181818181819,0.04393459551987973,689,"I am not a pessimist.
One good thing about the climate change ?
My costume is no longer limited to just Halloween now!"
1752,3251,3,12,84,99,1.1818181818181819,0.046221117974161514,689,"I'm sorry, but I can only take you as far as the 94th floor."
1731,3251,2,16,92,110,1.1818181818181819,0.0412114670670419,689,"sir this is the naval submarine base, I think you're in the wrong place."
1706,3251,1,16,82,99,1.1818181818181819,0.041522350851192366,689,"You know, people say I look like Matt Damon."
1674,3251,2,16,92,110,1.1818181818181819,0.0412114670670419,689,So this building is not really as tall as Mr. Trump claims?
1053,3251,3,14,93,110,1.1818181818181819,0.04318785349158611,689,I can get you as high as the 27th floor.
1125,3251,3,12,84,99,1.1818181818181819,0.046221117974161514,689,"I can get you as high as the 102nd floor, but you're on your own from there."
1225,3251,2,14,83,99,1.1818181818181819,0.04393459551987973,689,"5th floor; take a left through Men's Wear and UFOs will be on your right"".."
1233,3251,3,12,84,99,1.1818181818181819,0.046221117974161514,689,"Down?  I can't do that, Dave."
1315,3251,2,14,83,99,1.1818181818181819,0.04393459551987973,689,Going that far up sir?
1365,3251,2,14,83,99,1.1818181818181819,0.04393459551987973,689,"Respectfully sir, I don’t think you can blast off on this floor."
1430,3251,1,16,82,99,1.1818181818181819,0.041522350851192366,689,Mesosphere or Thermosphere?
1454,3251,0,18,81,99,1.1818181818181819,0.038961038961038946,689,"Starlight Roof, please."
1634,3251,2,14,83,99,1.1818181818181819,0.04393459551987973,689,"I'm afraid this is as 'way up high' as I can take you, Captain."
1464,3251,1,16,82,99,1.1818181818181819,0.041522350851192366,689,"No sir, orbital boom sensor systems and logistics modules are on the 5th floor."
1121,3251,0,18,81,99,1.1818181818181819,0.038961038961038946,689,I guess the Space Force is still underfunded?
1548,3251,0,18,81,99,1.1818181818181819,0.038961038961038946,689,Can you give me a little space?
1551,3251,1,16,82,99,1.1818181818181819,0.041522350851192366,689,Sorry!  I was going upstairs!
1616,3251,2,14,83,99,1.1818181818181819,0.04393459551987973,689,"One small step for me, one giant leap for my families' penthouse dreams."
1022,3386,3,13,89,105,1.180952380952381,0.04443572215126961,689,Uber Air
4720,3386,3,13,89,105,1.180952380952381,0.04443572215126961,689,"To infinity and beyond?  Sir, this building has just 20 floors."
1901,3386,4,11,90,105,1.180952380952381,0.04645087282554565,689,"Have a good day, Mr Musk"
4471,3389,3,9,71,83,1.180722891566265,0.05183831390483617,689,Any chance you’re looking for a different elevator?
3216,3389,2,11,70,83,1.180722891566265,0.04892190131450311,689,Whichever floor has the nicest bathrooms please.
2192,3389,2,11,70,83,1.180722891566265,0.04892190131450311,689,"I will not say ""Going--you know what"" for less than $200."
1610,3389,2,11,70,83,1.180722891566265,0.04892190131450311,689,Moon rocks?  next floor.
972,3389,1,13,69,83,1.180722891566265,0.04582023644587216,689,I’m sorry if you don’t think there’s enough space here sir.
407,3389,1,13,69,83,1.180722891566265,0.04582023644587216,689,"I'm sorry, sir, this mission is black tie only!"
307,3389,1,13,69,83,1.180722891566265,0.04582023644587216,689,"Sorry, I've never seen the Willie Wonka movie."
842,3396,2,14,84,100,1.18,0.04353101761904371,689,Watch your one step for man
4474,3396,3,12,85,100,1.18,0.045792681696639,689,This is definately going to be a major letdown.
3976,3396,2,14,84,100,1.18,0.04353101761904371,689,"There is still oxygen here, I promise."
4678,3399,3,14,95,112,1.1785714285714286,0.04247469856733219,689,"That’s One Small Step for Man, One Giant Leap to The Menswear Department."
1441,3399,2,16,94,112,1.1785714285714286,0.04053670999859967,689,"Geared up for a zero-atmosphere party, Sir?"
1806,3401,2,15,90,107,1.1775700934579438,0.04159804659525817,689,Is Mr. Musk expecting you?
90,3401,1,17,89,107,1.1775700934579438,0.039421589735652615,689,"Sorry, Bob, we don’t go up that high.  |"
3912,3403,1,15,80,96,1.1770833333333333,0.04187175404195182,689,"Sure, the brochure said 'to come sleep between the stars', but this is really the highest we can go."
4024,3403,1,15,80,96,1.1770833333333333,0.04187175404195182,689,Now remember . . . keeping a down-to-earth personality is the best way to go.
2259,3403,0,17,79,96,1.1770833333333333,0.03916561682056946,689,There are sandwiches on the 107th floor if you get hungry.
2989,3403,1,15,80,96,1.1770833333333333,0.04187175404195182,689,"I know you wanted to go to the international space station, but this is as close as I could manage."
2700,3403,1,15,80,96,1.1770833333333333,0.04187175404195182,689,Nice to meet someone else who is in the business of taking people to new heights.
2651,3403,3,11,82,96,1.1770833333333333,0.04681709386300883,689,"The lobby’s buzzing! C’mon, It’s just one small step."
2543,3403,2,13,81,96,1.1770833333333333,0.044413309178260335,689,"Sixth floor is fine, but I'm not going to say ""Blast off!"""
2296,3403,2,13,81,96,1.1770833333333333,0.044413309178260335,689,"Sir, the elevator only goes up 94 floors."
3794,3403,1,15,80,96,1.1770833333333333,0.04187175404195182,689,"Matt Damon, is that you?"
3462,3403,1,15,80,96,1.1770833333333333,0.04187175404195182,689,"This elevator doesn't go too fast, does it? I get motion-sickness very easily."
2111,3403,0,17,79,96,1.1770833333333333,0.03916561682056946,689,"Bespoke tailoring is to your left, first door on the right."
4410,3403,4,9,83,96,1.1770833333333333,0.04910334533809091,689,"Down, please.  I've already been up."
2078,3403,1,15,80,96,1.1770833333333333,0.04187175404195182,689,The sky is not the limit.
4635,3403,2,13,81,96,1.1770833333333333,0.044413309178260335,689,I'm afraid you've got the Marriott Canaveral.
4691,3403,4,9,83,96,1.1770833333333333,0.04910334533809091,689,"Sorry, sir.  This elevator only goes to the 9 billionth floor!"
1381,3403,3,11,82,96,1.1770833333333333,0.04681709386300883,689,I just got tired of climbing the stairway to heaven
4885,3403,2,13,81,96,1.1770833333333333,0.044413309178260335,689,"I'm sorry, sir, the moon elevator shuts down during the day."
4980,3403,3,11,82,96,1.1770833333333333,0.04681709386300883,689,"Welcome back, we haven't seen you at the studio in 50 years"
4988,3403,1,15,80,96,1.1770833333333333,0.04187175404195182,689,"Sorry, there is no 18,000,000th floor."
5198,3403,2,13,81,96,1.1770833333333333,0.044413309178260335,689,The job has its ups and downs.
5234,3403,3,11,82,96,1.1770833333333333,0.04681709386300883,689,"Hey, count your blessings. It was a hot day at work..."
4113,3403,1,15,80,96,1.1770833333333333,0.04187175404195182,689,I missed my flight.  Is this the observation deck?
1981,3403,1,15,80,96,1.1770833333333333,0.04187175404195182,689,"What fathom, please?"
573,3403,1,15,80,96,1.1770833333333333,0.04187175404195182,689,Thirteen’s floor please
1658,3403,2,13,81,96,1.1770833333333333,0.044413309178260335,689,Take one bold step.
1680,3403,2,13,81,96,1.1770833333333333,0.044413309178260335,689,I'm sorry but this building only goes up to floor 15.
204,3403,1,15,80,96,1.1770833333333333,0.04187175404195182,689,Elevators terrify me. | usually take the stairs.’
286,3403,0,17,79,96,1.1770833333333333,0.03916561682056946,689,I hope you have an out of this world experience.
1010,3403,0,17,79,96,1.1770833333333333,0.03916561682056946,689,"Here you go, top floor."
1174,3403,3,11,82,96,1.1770833333333333,0.04681709386300883,689,"I'm sorry, that's above my pay grade."
621,3403,1,15,80,96,1.1770833333333333,0.04187175404195182,689,Have a good lunar day.
1310,3403,3,11,82,96,1.1770833333333333,0.04681709386300883,689,This will take a while -- you might want to sit down.
1515,3403,2,13,81,96,1.1770833333333333,0.044413309178260335,689,"You didn't know about the 40,000th floor?"
1624,3403,3,11,82,96,1.1770833333333333,0.04681709386300883,689,"Sorry, rest rooms are for guests, only."
1228,3403,1,15,80,96,1.1770833333333333,0.04187175404195182,689,"I'm afraid you were misinformed, sir."
3116,3438,1,15,81,97,1.175257731958763,0.04147803334904919,689,Just another day at the Office.
3252,3438,1,15,81,97,1.175257731958763,0.04147803334904919,689,What goes up must come down
3131,3438,2,13,82,97,1.175257731958763,0.04399095228347804,689,"It’s a nice apartment, but I’m looking for something with a little more space."
3151,3438,2,13,82,97,1.175257731958763,0.04399095228347804,689,"Sir, it is customary to remove your meta-galactic 
cataphract before entering the gala"
3164,3438,3,11,83,97,1.175257731958763,0.04636788236602624,689,I think this 'Space Force' thing is getting out of hand.
3075,3438,4,9,84,97,1.175257731958763,0.048628768721941266,689,"No sir, I can hardly tell you have a giant eye for a head."
3177,3438,2,13,82,97,1.175257731958763,0.04399095228347804,689,I guess you could say it's a good job but the gravity is terrible.
3209,3438,2,13,82,97,1.175257731958763,0.04399095228347804,689,Did you remember to pack the Tang?
3638,3438,0,17,80,97,1.175257731958763,0.03880271405716913,689,sorry Mr. Bezos - perhaps the up button this time?
3383,3438,1,15,81,97,1.175257731958763,0.04147803334904919,689,To reach the spacewalk floor take the flight of stairs right there.
3473,3438,3,11,83,97,1.175257731958763,0.04636788236602624,689,"Tuna casserole again tonight, sir?"
3451,3438,0,17,80,97,1.175257731958763,0.03880271405716913,689,Suit alterations?
3432,3438,1,15,81,97,1.175257731958763,0.04147803334904919,689,"The Moon Suite, sir?"
3422,3438,1,15,81,97,1.175257731958763,0.04147803334904919,689,"Happy New Year, Senator."
3293,3438,3,11,83,97,1.175257731958763,0.04636788236602624,689,New York thinks it is the most fun city in the world and maybe it used to be. I think Sao Paolo. What do you think?
3276,3438,1,15,81,97,1.175257731958763,0.04147803334904919,689,"Sir, Cuomo had the subway craters filled in last night"
3063,3438,2,13,82,97,1.175257731958763,0.04399095228347804,689,"No sir, the 7th floor is for PLACE settings."""
3270,3438,2,13,82,97,1.175257731958763,0.04399095228347804,689,"Going up in T-minus 10, 9, 8..."
3267,3438,2,13,82,97,1.175257731958763,0.04399095228347804,689,I don't think that we can go that high.
3606,3438,0,17,80,97,1.175257731958763,0.03880271405716913,689,Everyone who visits the Trump Tower is a bit spacey
3033,3438,3,11,83,97,1.175257731958763,0.04636788236602624,689,"I'm sorry, sir, there's only a Fireman button."
2321,3438,3,11,83,97,1.175257731958763,0.04636788236602624,689,"Today's pollution pattern certainly validates your insightful choice of garb, sir."
3023,3438,2,13,82,97,1.175257731958763,0.04399095228347804,689,Next floor final frontier.
2717,3438,0,17,80,97,1.175257731958763,0.03880271405716913,689,"You look handsome, Sir, or ain't you pretty?"
2751,3438,2,13,82,97,1.175257731958763,0.04399095228347804,689,"Yes, there is a 13th floor, and you're going to take me there!"
2753,3438,4,9,84,97,1.175257731958763,0.048628768721941266,689,The 7th floor in T-minus 10...9...8...
2761,3438,2,13,82,97,1.175257731958763,0.04399095228347804,689,"Sir, this is Hilton."
2785,3438,1,15,81,97,1.175257731958763,0.04147803334904919,689,"First day on your new job?  Looks like you already heard about the toxic work environment here.  Lots of luck, buddy!"
2792,3438,1,15,81,97,1.175257731958763,0.04147803334904919,689,"I’m sorry, we don’t have any higher floors. P"
2793,3438,2,13,82,97,1.175257731958763,0.04399095228347804,689,Elon recommended some practice before the trip
2798,3438,3,11,83,97,1.175257731958763,0.04636788236602624,689,"Will there be anyone joining you this evening, sir?"
2809,3438,1,15,81,97,1.175257731958763,0.04147803334904919,689,Nice shoes !
2839,3438,1,15,81,97,1.175257731958763,0.04147803334904919,689,"Oh, is that what they mean by space capacity?"
3693,3438,2,13,82,97,1.175257731958763,0.04399095228347804,689,"Yes, I can smell the Musk, but how do I know you are not Bezos?"
2848,3438,2,13,82,97,1.175257731958763,0.04399095228347804,689,"Sorry, the building has no 13 trillionth floor."
2857,3438,1,15,81,97,1.175257731958763,0.04147803334904919,689,"If I wanted to see my grandkid, it was either this or get the DTaP vaccine."
2860,3438,3,11,83,97,1.175257731958763,0.04636788236602624,689,"No jumping, Bruce. I’m serious this time."
2873,3438,1,15,81,97,1.175257731958763,0.04147803334904919,689,"10, 9, 8, 7,............"
2885,3438,2,13,82,97,1.175257731958763,0.04399095228347804,689,I still can't get you access to the roof...and the 'thin air' above the seventh floor isn't the reason.
2898,3438,0,17,80,97,1.175257731958763,0.03880271405716913,689,"Third floor, perfume samples..."
2919,3438,2,13,82,97,1.175257731958763,0.04399095228347804,689,"Did you forget your medicine again, sir?"
2952,3438,3,11,83,97,1.175257731958763,0.04636788236602624,689,"I'm here from OSHA, which way is the West Wing?"
2964,3438,1,15,81,97,1.175257731958763,0.04147803334904919,689,"I heard your wife call you a space cadet. If I may, sir, I think you're talking it too hard."
3011,3438,2,13,82,97,1.175257731958763,0.04399095228347804,689,"Prepared to blast off in my '03 Honda Civic. Houston, please set course for the parking garage."
3028,3438,4,9,84,97,1.175257731958763,0.048628768721941266,689,I know you want to be launched into space but I only go to the top floor.
3739,3438,1,15,81,97,1.175257731958763,0.04147803334904919,689,That bar where they still allow smoking is two blocks east.
4664,3438,2,13,82,97,1.175257731958763,0.04399095228347804,689,"There's always a higher floor, Steve. Keep going."
3817,3438,0,17,80,97,1.175257731958763,0.03880271405716913,689,"I'm off after this ride, you'll have to come down on your own."
4570,3438,2,13,82,97,1.175257731958763,0.04399095228347804,689,"I appreciate the concern, Mrs. Stern, but I assure you I have improved since your last few rides."
4587,3438,1,15,81,97,1.175257731958763,0.04147803334904919,689,Riding these things makes me nauseous.
4618,3438,0,17,80,97,1.175257731958763,0.03880271405716913,689,"It's not the launching pad, but you can get there from here."
4639,3438,2,13,82,97,1.175257731958763,0.04399095228347804,689,You can tell the desk that your room doesn't have enough space to suit you ...
2705,3438,2,13,82,97,1.175257731958763,0.04399095228347804,689,"Sorry, but this is as far as we go."
4665,3438,2,13,82,97,1.175257731958763,0.04399095228347804,689,"Yuck, who farted?"
4761,3438,2,13,82,97,1.175257731958763,0.04399095228347804,689,"12th floor, no oxygen needed sir"""
4763,3438,0,17,80,97,1.175257731958763,0.03880271405716913,689,"You say you want the 23,000,000th floor?"
4775,3438,2,13,82,97,1.175257731958763,0.04399095228347804,689,"Fifth floor: Ladies lingerie, housewares, oxygen."
4856,3438,1,15,81,97,1.175257731958763,0.04147803334904919,689,The launch pad stairway is second door on left.
5061,3438,1,15,81,97,1.175257731958763,0.04147803334904919,689,I'm sorry sir but this is the suborbital elevator.
5075,3438,3,11,83,97,1.175257731958763,0.04636788236602624,689,"I heard the NASA budget was gutted almost immediately after Apollo 11, but I had no idea it had gotten this bad!"
5111,3438,1,15,81,97,1.175257731958763,0.04147803334904919,689,Everything's fine at work.  Why do you ask?
5170,3438,1,15,81,97,1.175257731958763,0.04147803334904919,689,"I'm going up, up & away!"
5178,3438,2,13,82,97,1.175257731958763,0.04399095228347804,689,Who's Houston? And what problem?!
5244,3438,4,9,84,97,1.175257731958763,0.048628768721941266,689,Are you here to see Mr. Musk or Sir Branson
5245,3438,1,15,81,97,1.175257731958763,0.04147803334904919,689,"I'm afraid this elevator only goes down, Sir."
5262,3438,2,13,82,97,1.175257731958763,0.04399095228347804,689,"Yeah, that sounds exciting, I guess. While you were at the International Space Station I got the new Disney streaming service and I got kicked off GrubHub for insisting the delivery drivers feed me the food like I’m a baby bird"
5281,3438,2,13,82,97,1.175257731958763,0.04399095228347804,689,"Going to the moon, thank you."
5334,3438,1,15,81,97,1.175257731958763,0.04147803334904919,689,The 64th Floor is high as I  can take you
5346,3438,3,11,83,97,1.175257731958763,0.04636788236602624,689,"Sorry sir, but the elevator doesn't go that far up."
4557,3438,2,13,82,97,1.175257731958763,0.04399095228347804,689,"Sorry, this is not a space elevator."
3770,3438,3,11,83,97,1.175257731958763,0.04636788236602624,689,"Yes sir, this is the very top floor of the Space Needle. I think you're taking the name a bit to literally."
4556,3438,2,13,82,97,1.175257731958763,0.04399095228347804,689,Run out of sunblock again?
4441,3438,1,15,81,97,1.175257731958763,0.04147803334904919,689,"Yes, please bring me back a hunk of blue cheese."
3819,3438,3,11,83,97,1.175257731958763,0.04636788236602624,689,The second manhole on your left is the clogged sewer
3825,3438,0,17,80,97,1.175257731958763,0.03880271405716913,689,I too used to be over the moon for the lady on that floor!
3837,3438,1,15,81,97,1.175257731958763,0.04147803334904919,689,"Mr. Santo, it's only 20 floors to the penthouse."
3842,3438,2,13,82,97,1.175257731958763,0.04399095228347804,689,"But Sir, this elevator is going down."
3949,3438,1,15,81,97,1.175257731958763,0.04147803334904919,689,"This way to set, Mr. Armstrong."
3972,3438,2,13,82,97,1.175257731958763,0.04399095228347804,689,The custodian asked me to let you know that the climate control on you floor is working properly now.
4011,3438,0,17,80,97,1.175257731958763,0.03880271405716913,689,"At worst, you'll land among the donor class."
4079,3438,1,15,81,97,1.175257731958763,0.04147803334904919,689,Obviously cutbacks in NASA funding.
4086,3438,2,13,82,97,1.175257731958763,0.04399095228347804,689,Working hard or hardly working??? Hahah just kidding. What floor?
4162,3438,2,13,82,97,1.175257731958763,0.04399095228347804,689,"As the elevator landed, Mr. Armstrong was about to make another small step."
4168,3438,1,15,81,97,1.175257731958763,0.04147803334904919,689,The stairs are broken.
4198,3438,2,13,82,97,1.175257731958763,0.04399095228347804,689,"The monolith from ""2001: A Space Odyssey"" is down the second isle on the left."
4213,3438,1,15,81,97,1.175257731958763,0.04147803334904919,689,This is the Apollo Hotel what were you expecting.
4238,3438,1,15,81,97,1.175257731958763,0.04147803334904919,689,Looks like the rocket didn't work.
4246,3438,2,13,82,97,1.175257731958763,0.04399095228347804,689,"Sorry, Sir. Like the economy, the elevator only goes down."
4287,3438,2,13,82,97,1.175257731958763,0.04399095228347804,689,I am either in a gravity field or in an accelerating elevator in outer space. BTW did you see my keys? I
4310,3438,2,13,82,97,1.175257731958763,0.04399095228347804,689,Can you believe they kicked me out of the program... so what I don’t like elevators ... or tight spaces!
4337,3438,2,13,82,97,1.175257731958763,0.04399095228347804,689,"One small step for the doorman, one giant vertical leap for mankind"
4340,3438,1,15,81,97,1.175257731958763,0.04147803334904919,689,"Ok,  I'll push past 99 if you slip me a Benjamin."
4344,3438,2,13,82,97,1.175257731958763,0.04399095228347804,689,So sorry the air conditioner isn’t working up there.
4425,3438,3,11,83,97,1.175257731958763,0.04636788236602624,689,"Yes,I know the basement is flooded!"
4483,3438,1,15,81,97,1.175257731958763,0.04147803334904919,689,"The ghost is in the Ballroom to the left, several of the Ghostbusters are here already."
2703,3438,3,11,83,97,1.175257731958763,0.04636788236602624,689,"Yes, sir. 'G' is for geostationary."
2034,3438,3,11,83,97,1.175257731958763,0.04636788236602624,689,"Mr. Jones, do you ever get the feeling that these high risers are getting to be a bit too high?"
2648,3438,3,11,83,97,1.175257731958763,0.04636788236602624,689,"Actually, I prefer my current uniform Mr. Musk."
502,3438,2,13,82,97,1.175257731958763,0.04399095228347804,689,Let's blow the roof off.
508,3438,2,13,82,97,1.175257731958763,0.04399095228347804,689,The front desk can help you with directions.
522,3438,2,13,82,97,1.175257731958763,0.04399095228347804,689,"I missed lift-off.  79,890th floor please."
528,3438,1,15,81,97,1.175257731958763,0.04147803334904919,689,"238,900th floor, rare rocks and who knows what else!"
550,3438,1,15,81,97,1.175257731958763,0.04147803334904919,689,"It's just one small step, sir. Nothing more than that."
559,3438,2,13,82,97,1.175257731958763,0.04399095228347804,689,The 50th floor is a giant leap for mankind?
579,3438,3,11,83,97,1.175257731958763,0.04636788236602624,689,"Alright Sir, does this look like the right floor?"
604,3438,3,11,83,97,1.175257731958763,0.04636788236602624,689,"If you want to go that far up, you really should take the express elevator across the lobby."
666,3438,1,15,81,97,1.175257731958763,0.04147803334904919,689,"What stage, sir?"
690,3438,2,13,82,97,1.175257731958763,0.04399095228347804,689,Express check out is to your left.
703,3438,2,13,82,97,1.175257731958763,0.04399095228347804,689,"Second floor, perfumes and cosmetics."
713,3438,1,15,81,97,1.175257731958763,0.04147803334904919,689,This is 125. The down elevator is not working You’re on your own. Happy Landings
729,3438,3,11,83,97,1.175257731958763,0.04636788236602624,689,The launch pad is to the left.
735,3438,0,17,80,97,1.175257731958763,0.03880271405716913,689,I don't recommend Uber.
833,3438,1,15,81,97,1.175257731958763,0.04147803334904919,689,"Sorry, sir, we only go to the troposphere."
835,3438,1,15,81,97,1.175257731958763,0.04147803334904919,689,"Whatever “jacket weather” is in Kelvin, I think you’ll be okay."
982,3438,1,15,81,97,1.175257731958763,0.04147803334904919,689,Watch out for the crater at 79th and Park.
496,3438,3,11,83,97,1.175257731958763,0.04636788236602624,689,"If you're really feeling nostalgic, I can just cut the cord."
993,3438,4,9,84,97,1.175257731958763,0.048628768721941266,689,You can do it. It's just one small step for man...
492,3438,1,15,81,97,1.175257731958763,0.04147803334904919,689,Floor 76 - But I was assured this went all the way to the upper atmosphere.
469,3438,4,9,84,97,1.175257731958763,0.048628768721941266,689,Watch your step
20,3438,3,11,83,97,1.175257731958763,0.04636788236602624,689,"Yep, that’s what she Said. Space."
50,3438,2,13,82,97,1.175257731958763,0.04399095228347804,689,"Just so you know, all of the jumping was purely for educational purposes."
51,3438,2,13,82,97,1.175257731958763,0.04399095228347804,689,"Welcome to our planet, Sir. you have a pleasant stay!  Hope"
75,3438,3,11,83,97,1.175257731958763,0.04636788236602624,689,It’s just not the same.
102,3438,3,11,83,97,1.175257731958763,0.04636788236602624,689,Dtchete tall halted hated snd elnelice!
158,3438,1,15,81,97,1.175257731958763,0.04147803334904919,689,Oh so the moon’s not interesting enough huh?
169,3438,4,9,84,97,1.175257731958763,0.048628768721941266,689,you dont need to hold the door buzz and neil will be back
192,3438,0,17,80,97,1.175257731958763,0.03880271405716913,689,"Our rooms are large but not as spaciou as you could have imagined, sir"
218,3438,4,9,84,97,1.175257731958763,0.048628768721941266,689,-Where can I take you Siz?  -Fly me to the moon and let me play among the stars
2696,3438,1,15,81,97,1.175257731958763,0.04147803334904919,689,"Hey, aren't you supposed to be on the moon right now?"
295,3438,2,13,82,97,1.175257731958763,0.04399095228347804,689,"You'll need that suit in there, lots of hot air."
305,3438,2,13,82,97,1.175257731958763,0.04399095228347804,689,"10,817th floor.  Moon rock, Mars ice and baby Yoda dolls."""
332,3438,1,15,81,97,1.175257731958763,0.04147803334904919,689,Escape velocity? What floor is that on?
356,3438,2,13,82,97,1.175257731958763,0.04399095228347804,689,"That'll be ten small steps, first door on the right."
426,3438,1,15,81,97,1.175257731958763,0.04147803334904919,689,When should I start the countdown?
435,3438,4,9,84,97,1.175257731958763,0.048628768721941266,689,She said the penthouse has more space than we need.
442,3438,1,15,81,97,1.175257731958763,0.04147803334904919,689,You will have to get off here we don’t go as far as the moon.
474,3438,2,13,82,97,1.175257731958763,0.04399095228347804,689,"I see you've missed your takeoff, will you be going up to the roof?"
1057,3438,3,11,83,97,1.175257731958763,0.04636788236602624,689,"Sir, are you looking for the gantry in the Sky Light Lounge?"
266,3438,2,13,82,97,1.175257731958763,0.04399095228347804,689,I already warned that a rooftop disco named ‘Space’ would lead to misunderstandings
1159,3438,3,11,83,97,1.175257731958763,0.04636788236602624,689,There is a stop for The Bends on the 39th floor.
1737,3438,1,15,81,97,1.175257731958763,0.04147803334904919,689,This is not what I envisioned when I said space elevator.
1754,3438,2,13,82,97,1.175257731958763,0.04399095228347804,689,We now offer Moon Pies on our room service menu.
2372,3438,2,13,82,97,1.175257731958763,0.04399095228347804,689,"Have a nice day at work, Mr. Armstrong."
1774,3438,2,13,82,97,1.175257731958763,0.04399095228347804,689,The zero-gravity machine was out of order.
1804,3438,4,9,84,97,1.175257731958763,0.048628768721941266,689,you know this only goes to the 14th floor right ?
1867,3438,5,7,85,97,1.175257731958763,0.05078911083799813,689,Yelp said the restaurant had no atmosphere.
1712,3438,4,9,84,97,1.175257731958763,0.048628768721941266,689,"Watch your step sir, just one small step at a time"
1893,3438,2,13,82,97,1.175257731958763,0.04399095228347804,689,Just consider it a giant leap for the Co-op
1976,3438,2,13,82,97,1.175257731958763,0.04399095228347804,689,How high dose this go
2277,3438,3,11,83,97,1.175257731958763,0.04636788236602624,689,I never believed the penthouse landing was faked.
2046,3438,1,15,81,97,1.175257731958763,0.04147803334904919,689,"No, I said space station, foor# 3,538,731,704,673!"
2104,3438,1,15,81,97,1.175257731958763,0.04147803334904919,689,Would you like me to do the ‘countdown’ thing?
2124,3438,1,15,81,97,1.175257731958763,0.04147803334904919,689,"Say it with me, ""It's one small step for a man..."""
2131,3438,2,13,82,97,1.175257731958763,0.04399095228347804,689,Are we still in the troposphere?
1927,3438,1,15,81,97,1.175257731958763,0.04147803334904919,689,"Ahhhh, just one giant leap...into the lobby! Tangs for riding with us!"
1661,3438,1,15,81,97,1.175257731958763,0.04147803334904919,689,"I'm sorry Sir, we have a weight room, but no weightless room."
1621,3438,3,11,83,97,1.175257731958763,0.04636788236602624,689,"Sorry, but Mr. Trump isn't taking applications for Space Command yet."
1609,3438,1,15,81,97,1.175257731958763,0.04147803334904919,689,"Sir, we have no space walk exit. You will just have to walk around the lobby."
1215,3438,3,11,83,97,1.175257731958763,0.04636788236602624,689,Mars please.
1079,3438,2,13,82,97,1.175257731958763,0.04399095228347804,689,Women's undergarments and secondary air-packs please...
2629,3438,3,11,83,97,1.175257731958763,0.04636788236602624,689,"Floor 11 sir,the soundstage is down the hall to your left."
1264,3438,2,13,82,97,1.175257731958763,0.04399095228347804,689,The elevator has landed. Watch your small steps for man.
1273,3438,2,13,82,97,1.175257731958763,0.04399095228347804,689,"I'm sorry sir, we don't have a 90,514,286th floor."
1357,3438,0,17,80,97,1.175257731958763,0.03880271405716913,689,"You just missed the messenger with the subpoena, sir."
1370,3438,1,15,81,97,1.175257731958763,0.04147803334904919,689,"Sorry sir, you'll have to take a different elevator; this one only goes to the 5th floor."
1451,3438,3,11,83,97,1.175257731958763,0.04636788236602624,689,Hey Norm am I still the man you think I am?
1462,3438,2,13,82,97,1.175257731958763,0.04399095228347804,689,"They call using the elevator for the final portion of the descent a ""soft landing."""
1481,3438,1,15,81,97,1.175257731958763,0.04147803334904919,689,"Beam me up to the MTV auditions, Scotty."
2587,3438,1,15,81,97,1.175257731958763,0.04147803334904919,689,Suite 2001. The cranes are ready with the obelisk.
1534,3438,3,11,83,97,1.175257731958763,0.04636788236602624,689,"The penthouse. Right away, sir!"""
2481,3438,1,15,81,97,1.175257731958763,0.04147803334904919,689,"Rooftop, please.  I need some space."
1559,3438,1,15,81,97,1.175257731958763,0.04147803334904919,689,Is this where the auditions for Sea Hunt are being held?
1586,3438,0,17,80,97,1.175257731958763,0.03880271405716913,689,This does not service the odd floors.
2203,3438,3,11,83,97,1.175257731958763,0.04636788236602624,689,The “honeymoon” suite is to the left.
2229,3438,2,13,82,97,1.175257731958763,0.04399095228347804,689,"I dress for the job I want, an elevator attendant."
4243,3613,1,16,86,103,1.174757281553398,0.04005323049143718,689,Fourteen millionth floor please.
5279,3614,4,10,90,104,1.1730769230769231,0.046220700895214704,689,"Can you stop at floors 10, 9, 8, 7, 6..."
2145,3615,1,12,68,81,1.1728395061728396,0.04577900300676336,689,We go only to the 97th floor.
2345,3615,2,10,69,81,1.1728395061728396,0.04903426446477902,689,I want to scrape the sky.
894,3615,2,10,69,81,1.1728395061728396,0.04903426446477902,689,"Blast off on your signal sir."""
3193,3618,1,14,78,93,1.1720430107526882,0.04221446145523714,689,Welcome to Central Park Tower!
2738,3618,3,10,80,93,1.1720430107526882,0.047429620885569776,689,The curry cooking in 3B is a bit much for me too.
4558,3620,3,11,85,99,1.1717171717171717,0.045494611170084985,689,Enjoy your extra vehicular activity.
3085,3620,2,13,84,99,1.1717171717171717,0.043169625690192184,689,"Careful, sir! It’s a fake ‘landing’."
2742,3620,2,13,84,99,1.1717171717171717,0.043169625690192184,689,"Ballroom's down the hall, Sir. I'm sure the guests will especially enjoy your version of 'Fly Me To The Moon."
427,3623,1,16,88,105,1.1714285714285715,0.039356413241211106,689,You are welcome to orbit our cocktail lounge which is located on the top level and has maybe more exotic views than space.
3615,3623,1,16,88,105,1.1714285714285715,0.039356413241211106,689,Are you getting used to the acceleration and altitude?
3745,3625,2,12,80,94,1.1702127659574468,0.04445531425009222,689,"It’s just down 5th,  .00000000000000001 light year away."
3743,3625,0,16,78,94,1.1702127659574468,0.03897067828847878,689,That's one small step for Doug...
3669,3625,1,14,79,94,1.1702127659574468,0.04180304254081611,689,"Yes. We go up, but not that far."
3543,3625,0,16,78,94,1.1702127659574468,0.03897067828847878,689,"Wow, you're the latest free agent signing by the Astros?"
3517,3625,1,14,79,94,1.1702127659574468,0.04180304254081611,689,"As high up as you can go, please."
3494,3625,2,12,80,94,1.1702127659574468,0.04445531425009222,689,"None of us can really get away, sir."
3493,3625,2,12,80,94,1.1702127659574468,0.04445531425009222,689,"The air was fixed this afternoon, sir!"
3485,3625,3,10,81,94,1.1702127659574468,0.046958019171166314,689,"...and so you're back. From outer space.
I just walked in to find you here with that sad look upon your face..."
3483,3625,2,12,80,94,1.1702127659574468,0.04445531425009222,689,"Sir, there is a small charge if you choose to free fall from the 110th floor."
3478,3625,0,16,78,94,1.1702127659574468,0.03897067828847878,689,Going up and out there?
5164,3625,1,14,79,94,1.1702127659574468,0.04180304254081611,689,We only go as high as 101 floors.
3386,3625,1,14,79,94,1.1702127659574468,0.04180304254081611,689,"This is ground control to Major Tom; I think we have arrived. Now it's time to leave the lift, if you dare!...This is major Tom to ground control; I'm stepping through the door."
3261,3625,1,14,79,94,1.1702127659574468,0.04180304254081611,689,Floor 487 million?
5005,3625,2,12,80,94,1.1702127659574468,0.04445531425009222,689,"We only go up to the 35th floor, Major."
3217,3625,2,12,80,94,1.1702127659574468,0.04445531425009222,689,Sorry to hear your marriage is so toxic!”
4772,3625,1,14,79,94,1.1702127659574468,0.04180304254081611,689,How strange. I didn't think elevators had operators any more.
3152,3625,1,14,79,94,1.1702127659574468,0.04180304254081611,689,"Sir, I believe there is a jet pack supercharging station just down the block"
3089,3625,1,14,79,94,1.1702127659574468,0.04180304254081611,689,"The Space Station, please."
3084,3625,1,14,79,94,1.1702127659574468,0.04180304254081611,689,Just take me to the roof; I can jump from there.
3083,3625,0,16,78,94,1.1702127659574468,0.03897067828847878,689,"Sir, we only have 22 floors."
3074,3625,1,14,79,94,1.1702127659574468,0.04180304254081611,689,Very well.  The twenty-eighth...MILE?!
3054,3625,3,10,81,94,1.1702127659574468,0.046958019171166314,689,"That's one small step for man, one giant leap for Macys."
3039,3625,2,12,80,94,1.1702127659574468,0.04445531425009222,689,"I'd keep the space suit on. The environment in this co-op is toxic."""
2929,3625,0,16,78,94,1.1702127659574468,0.03897067828847878,689,"Climate change is coming faster than you think!
or
Sea levels are rising faster than you think!"
2806,3625,2,12,80,94,1.1702127659574468,0.04445531425009222,689,"No, ma'am. The bathroom is to the left."
4713,3625,2,12,80,94,1.1702127659574468,0.04445531425009222,689,"food delivery, 987th floor please"
3798,3625,3,10,81,94,1.1702127659574468,0.046958019171166314,689,Twenty-fifth floor. Small step? Giant Leap? Your call.
3227,3625,2,12,80,94,1.1702127659574468,0.04445531425009222,689,I'm avoiding my flu shot this year.
3799,3625,2,12,80,94,1.1702127659574468,0.04445531425009222,689,"Taking that 'space-age bachelor pad' lifestyle to a bit of an extreme, aren't we?"
3830,3625,2,12,80,94,1.1702127659574468,0.04445531425009222,689,This time you'll be going way past the highest floor
4970,3625,0,16,78,94,1.1702127659574468,0.03897067828847878,689,"Sir, the Stratosphere is simply the name of the hotel."
4836,3625,3,10,81,94,1.1702127659574468,0.046958019171166314,689,"Going up?""
""To space? Yeah."
5046,3625,2,12,80,94,1.1702127659574468,0.04445531425009222,689,Sorry sir. There's no space on here for you.
4822,3625,1,14,79,94,1.1702127659574468,0.04180304254081611,689,"Geoffrey, this is not what I meant when I asked to by taken to Ground Zero."
4780,3625,1,14,79,94,1.1702127659574468,0.04180304254081611,689,"So sorry, sir - my liftoff button is out of order."
2636,3625,0,16,78,94,1.1702127659574468,0.03897067828847878,689,There’s no place like home sir.
5073,3625,2,12,80,94,1.1702127659574468,0.04445531425009222,689,"Watch your step? That's what I was going to tell you, Sir!"
4726,3625,1,14,79,94,1.1702127659574468,0.04180304254081611,689,"OK, but the 36th floor is as high we go."
4717,3625,2,12,80,94,1.1702127659574468,0.04445531425009222,689,Mrs. Goldfarb in Apt 4-C is asking why the General Tsao Chicken delivery is taking so long.
4759,3625,1,14,79,94,1.1702127659574468,0.04180304254081611,689,Sorry sir.  We don't go any higher than ten floors.
4458,3625,0,16,78,94,1.1702127659574468,0.03897067828847878,689,I thought the out of this world rating would bring in the social elite?
4317,3625,0,16,78,94,1.1702127659574468,0.03897067828847878,689,I suggest you ste out: On the way down I'll be practicing weightessness
4297,3625,2,12,80,94,1.1702127659574468,0.04445531425009222,689,Gravity is really bringing me down these days; 7th floor please.
4292,3625,3,10,81,94,1.1702127659574468,0.046958019171166314,689,"I love you to the moon and back. Just get a real job someday, please?"
4280,3625,2,12,80,94,1.1702127659574468,0.04445531425009222,689,What are your doing in a film studio anyway?
4216,3625,2,12,80,94,1.1702127659574468,0.04445531425009222,689,Quit staring... there's a reason I took the elevator.
4164,3625,0,16,78,94,1.1702127659574468,0.03897067828847878,689,You'll find the door to the launch pad down the hall to your right.
4134,3625,1,14,79,94,1.1702127659574468,0.04180304254081611,689,Mars awaits.
4090,3625,1,14,79,94,1.1702127659574468,0.04180304254081611,689,So you mean I might lose my job on Mars?
4062,3625,1,14,79,94,1.1702127659574468,0.04180304254081611,689,"I’m sorry, sir, this as high as we can go."
3967,3625,0,16,78,94,1.1702127659574468,0.03897067828847878,689,"For the Moon ; you continue to the next elevator on your right, then you take the next one, and so on until you have reached the so called Moon."
3938,3625,3,10,81,94,1.1702127659574468,0.046958019171166314,689,"that chick who drove across the country in diapers to kill her husband or whatever— how was she, as like a spaceman?"
3889,3625,1,14,79,94,1.1702127659574468,0.04180304254081611,689,Saturn floor sir?
3864,3625,0,16,78,94,1.1702127659574468,0.03897067828847878,689,"The penthouse is as high as we go,Sir."
3852,3625,0,16,78,94,1.1702127659574468,0.03897067828847878,689,Fifth floor. Ladies lingerie.
3812,3625,1,14,79,94,1.1702127659574468,0.04180304254081611,689,Is this lift off?
4478,3625,1,14,79,94,1.1702127659574468,0.04180304254081611,689,"Despite his work, I'm no fan of David Bowie."
2559,3625,2,12,80,94,1.1702127659574468,0.04445531425009222,689,"To the Cosmo Lounge, sir?"
2411,3625,3,10,81,94,1.1702127659574468,0.046958019171166314,689,"The elevator ends in this floor, from here you have to use the stairs"
1092,3625,1,14,79,94,1.1702127659574468,0.04180304254081611,689,The upper upper penthouse I assume.
1071,3625,2,12,80,94,1.1702127659574468,0.04445531425009222,689,"To the moon Jimmy, to the moon."
1023,3625,2,12,80,94,1.1702127659574468,0.04445531425009222,689,"So, ALL the way up?"
1021,3625,0,16,78,94,1.1702127659574468,0.03897067828847878,689,I'm as surprised as you are
998,3625,2,12,80,94,1.1702127659574468,0.04445531425009222,689,There were too many steps on the next flight.
899,3625,0,16,78,94,1.1702127659574468,0.03897067828847878,689,"Sorry, this elevator goes down"
849,3625,1,14,79,94,1.1702127659574468,0.04180304254081611,689,"Sorry, I don't think it goes up that high."
705,3625,3,10,81,94,1.1702127659574468,0.046958019171166314,689,Space Force.Duh!
691,3625,3,10,81,94,1.1702127659574468,0.046958019171166314,689,13th floor please.
1138,3625,0,16,78,94,1.1702127659574468,0.03897067828847878,689,"Sir, this elevator only goes to the 70th floor; you'll have to change there to get to the capsule entry gantry."
669,3625,1,14,79,94,1.1702127659574468,0.04180304254081611,689,"Sir, I'm afraid my Moon button is out of order. Highest I can go is the Penthouse. You'll have to wait for the other elevator."
551,3625,1,14,79,94,1.1702127659574468,0.04180304254081611,689,"10? 9? 8, 7, 6..."
517,3625,3,10,81,94,1.1702127659574468,0.046958019171166314,689,The chair is for Michael Collins after you and Buzz get off.
420,3625,0,16,78,94,1.1702127659574468,0.03897067828847878,689,High enough for me.
358,3625,2,12,80,94,1.1702127659574468,0.04445531425009222,689,"Houston, please."
339,3625,2,12,80,94,1.1702127659574468,0.04445531425009222,689,It's flu season.
188,3625,0,16,78,94,1.1702127659574468,0.03897067828847878,689,want you home for _ dinner at 7”
55,3625,2,12,80,94,1.1702127659574468,0.04445531425009222,689,One small step for me to  | get out of this elevator but | the isolation of my  | apartment is terrifying
4844,3625,0,16,78,94,1.1702127659574468,0.03897067828847878,689,"I'm sorry sir, but this is a lift without a liftoff."
2434,3625,1,14,79,94,1.1702127659574468,0.04180304254081611,689,So Mr Jones climate change is that serious?
580,3625,0,16,78,94,1.1702127659574468,0.03897067828847878,689,"Jim, I swear, if you ask ‘Going up?’ one more time."
1278,3625,2,12,80,94,1.1702127659574468,0.04445531425009222,689,Too bad that budget cutbacks mean an elevator ride to the top of New York's tallest building is how NASA gets Americans to space nowadays.
1545,3625,2,12,80,94,1.1702127659574468,0.04445531425009222,689,"Sir, this building has no floor 'zero', much less 'zero-g'."
1334,3625,1,14,79,94,1.1702127659574468,0.04180304254081611,689,So how are you enjoying your penthouse apartment?
2174,3625,0,16,78,94,1.1702127659574468,0.03897067828847878,689,"I'm not sure the investors are going to like this, Mr. Musk."
2031,3625,4,8,82,94,1.1702127659574468,0.04933392508086898,689,"It's time to leave the elevator if you dare. Tell your wife I, I mean, you, love her so."
1913,3625,1,14,79,94,1.1702127659574468,0.04180304254081611,689,"Floor 25,632, please."
2189,3625,2,12,80,94,1.1702127659574468,0.04445531425009222,689,And a Top o’the Gantry to you too!
1912,3625,1,14,79,94,1.1702127659574468,0.04180304254081611,689,"It doesn't look like much, but it's decent space!"
1826,3625,1,14,79,94,1.1702127659574468,0.04180304254081611,689,"If we're really going that high, shouldn't I be wearing one of those too?"
1770,3625,2,12,80,94,1.1702127659574468,0.04445531425009222,689,"That's one small step for man, one giant leap for five-story brownstones."
1757,3625,0,16,78,94,1.1702127659574468,0.03897067828847878,689,"455,737,221st Floor. Men’s suits."
1870,3625,1,14,79,94,1.1702127659574468,0.04180304254081611,689,"The fuck you looking at, nerd?"
1670,3625,1,14,79,94,1.1702127659574468,0.04180304254081611,689,"Sir, this elevator doesn't go beyond the 12th floor."
1397,3625,0,16,78,94,1.1702127659574468,0.03897067828847878,689,"Top floor, sir?"
1743,3625,0,16,78,94,1.1702127659574468,0.03897067828847878,689,Thanks for helping me get grounded
1472,3625,2,12,80,94,1.1702127659574468,0.04445531425009222,689,"You can't miss it - it's one small step to the M, one giant leap for Manhattan"
1507,3625,1,14,79,94,1.1702127659574468,0.04180304254081611,689,One gigaparsec please
2186,3625,1,14,79,94,1.1702127659574468,0.04180304254081611,689,Did she not realize it's me?
1528,3625,1,14,79,94,1.1702127659574468,0.04180304254081611,689,Take me up to sea level please.
1326,3625,1,14,79,94,1.1702127659574468,0.04180304254081611,689,"By the time it gets to my floor, it feels like we should already be to the space station."
1639,3625,2,12,80,94,1.1702127659574468,0.04445531425009222,689,Sometimes I feel like Elon goes too far.
1523,3625,2,12,80,94,1.1702127659574468,0.04445531425009222,689,"Only enough oxygen for one, so don't ask."
3618,3727,3,10,82,95,1.168421052631579,0.0464956296732458,689,It’s true. There’s no such thing as one rat”
1995,3727,1,14,80,95,1.168421052631579,0.04139945950425743,689,"Kubrick's floor, please."
2213,3727,4,8,83,95,1.168421052631579,0.04884473097935025,689,… but YELP said it was a bit of a dive!
2313,3727,1,14,80,95,1.168421052631579,0.04139945950425743,689,welcome to the Thirteenth Floor.
2445,3727,2,12,81,95,1.168421052631579,0.0440213517849933,689,'Submarine or Astronaught? Down or Up?'
3183,3727,2,12,81,95,1.168421052631579,0.0440213517849933,689,"Basement: Outdoor living, Space walks."
1900,3727,2,12,81,95,1.168421052631579,0.0440213517849933,689,"Sir, I know you're going up, but this is the wrong ride."
5078,3727,1,14,80,95,1.168421052631579,0.04139945950425743,689,"Sixth Floor, Decontamination Lock."
3645,3727,1,14,80,95,1.168421052631579,0.04139945950425743,689,Rooftop party is so 2019.
3750,3727,2,12,81,95,1.168421052631579,0.0440213517849933,689,All out for vacuums
3982,3727,4,8,83,95,1.168421052631579,0.04884473097935025,689,Roof maintenance at the Burj Khalifa.
4586,3727,2,12,81,95,1.168421052631579,0.0440213517849933,689,We’re not going that far up.
4765,3727,2,12,81,95,1.168421052631579,0.0440213517849933,689,I told them to stop the world and let me off!
4771,3727,3,10,82,95,1.168421052631579,0.0464956296732458,689,"Floor 12, ladies lingerie and SpaceCamp."
4981,3727,3,10,82,95,1.168421052631579,0.0464956296732458,689,Ad astra?
1793,3727,1,14,80,95,1.168421052631579,0.04139945950425743,689,"Thyssen, we have a problem."
3629,3727,3,10,82,95,1.168421052631579,0.0464956296732458,689,"That was one small step for you, man."
1290,3727,1,14,80,95,1.168421052631579,0.04139945950425743,689,They said my room has a lot of space
371,3727,1,14,80,95,1.168421052631579,0.04139945950425743,689,Anything can be a space walk if you've got enough middle aged whimsy.
306,3727,1,14,80,95,1.168421052631579,0.04139945950425743,689,"Well, the penthouse floor might be a start."
162,3727,2,12,81,95,1.168421052631579,0.0440213517849933,689,‘Plumbing gear has come a long way’ She told the lift  operator.
1230,3727,1,14,80,95,1.168421052631579,0.04139945950425743,689,"I don't blame you pal, it won't be long before I get off of this M----r F----r, too!"
1869,3749,4,8,84,96,1.1666666666666667,0.048365083340667456,689,We heard that the people here are scared of a huge honeycomb. Where's it?
1154,3749,1,14,81,96,1.1666666666666667,0.041003494359720165,689,They're still working on that space elevator eh?
588,3749,0,16,80,96,1.1666666666666667,0.03823595564509364,689,You know the drill: one small step.
343,3749,0,16,80,96,1.1666666666666667,0.03823595564509364,689,"Welcome to Vegas, Commander. Is this your first time experiencing The Stratosphere?"
1193,3749,4,9,89,102,1.1666666666666667,0.04638626689884598,689,I just needed some space.
96,3749,1,14,81,96,1.1666666666666667,0.041003494359720165,689,There was no prep for this small talk thing.
3876,3749,2,12,82,96,1.1666666666666667,0.04359569698171643,689,"Going up I think? Or are you a scuba diver now, Jeremy?"
1428,3749,0,16,80,96,1.1666666666666667,0.03823595564509364,689,This only goes to the 35th floor.
5335,3749,4,8,84,96,1.1666666666666667,0.048365083340667456,689,"Hollywood basement, Mr. Armstrong."
1274,3749,2,12,82,96,1.1666666666666667,0.04359569698171643,689,"Sir, this only goes to the tenth floor"
3969,3749,1,14,81,96,1.1666666666666667,0.041003494359720165,689,Gravity sucks
5140,3749,1,11,66,78,1.1666666666666667,0.04622501635210242,689,"No, the next floor is not Mars."
5288,3761,2,12,83,97,1.1649484536082475,0.043178116402505386,689,I'm just here for a good time
1764,3761,1,14,82,97,1.1649484536082475,0.040614936953858476,689,Tell me what a good day is
360,3761,3,10,84,97,1.1649484536082475,0.045597438177716845,689,"No sir, I won't count down from 10 and say ""Lift-off"" before we go."
1711,3761,2,12,83,97,1.1649484536082475,0.043178116402505386,689,"The Vice President is to your right, pod four."
1524,3761,1,14,82,97,1.1649484536082475,0.040614936953858476,689,"Sorry, Sir. That's in the Cousteau building next door -- sub-, sub-,  sub-basement!"
3005,3766,2,11,78,91,1.164835164835165,0.04492222627620774,689,How high do you think this goes?
2881,3766,0,15,76,91,1.164835164835165,0.039110176747367435,689,"No, sir.  ""Going Down"" was a statement, not a question."
2683,3766,0,15,76,91,1.164835164835165,0.039110176747367435,689,I'm sorry but the highest I can go is the 82nd floor.
2614,3766,1,13,77,91,1.164835164835165,0.04211657832030713,689,You thought this was the levitator?
2513,3766,2,11,78,91,1.164835164835165,0.04492222627620774,689,"No, sir. M is for Mezzanine, not Moon-Landing."
2319,3766,0,15,76,91,1.164835164835165,0.039110176747367435,689,"It's one small step for man, one giant leap for the 12th floor"
4986,3766,1,13,77,91,1.164835164835165,0.04211657832030713,689,"If I say, 'Watch your step,' will that affect my Christmas tip?"
4819,3766,0,15,76,91,1.164835164835165,0.039110176747367435,689,Was there some gossip I missed.
4568,3766,2,11,78,91,1.164835164835165,0.04492222627620774,689,"Yes doctor, Nurse Frazier said the shark is prepped."
4397,3766,1,13,77,91,1.164835164835165,0.04211657832030713,689,Where do you want to go Alice?
4218,3766,2,11,78,91,1.164835164835165,0.04492222627620774,689,I asked the front desk to give me a high floor.
4095,3766,1,13,77,91,1.164835164835165,0.04211657832030713,689,"""Scented candles and perfume. Please check you oxygen levels..."
3069,3766,0,15,76,91,1.164835164835165,0.039110176747367435,689,The Penthouse I presume.......
3684,3766,0,15,76,91,1.164835164835165,0.039110176747367435,689,"To floor ninety, and beyond!"
5131,3766,0,15,76,91,1.164835164835165,0.039110176747367435,689,"Sorry sir, the 45th floor is as high as I can make this one go."
1758,3766,0,15,76,91,1.164835164835165,0.039110176747367435,689,"Roof deck, I presume?"
4921,3766,3,9,79,91,1.164835164835165,0.047562660331514815,689,"Which bookcase on the Interstellevator today, sir?"
1498,3766,2,11,78,91,1.164835164835165,0.04492222627620774,689,And to think i was voted most likely to succeed.
1417,3766,1,13,77,91,1.164835164835165,0.04211657832030713,689,I don’t go up that far!
876,3766,1,13,77,91,1.164835164835165,0.04211657832030713,689,We only go as high as the 12th floor.
576,3766,4,7,80,91,1.164835164835165,0.0500640280242341,689,"I have never been more certain. If you smelt it, you dealt it."
467,3766,1,13,77,91,1.164835164835165,0.04211657832030713,689,My parents were the original anti-vaxxers.
258,3766,2,11,78,91,1.164835164835165,0.04492222627620774,689,"To be fair, you didn’t Say you WEREN’T a  bathroom attendant. (M"
221,3766,2,11,78,91,1.164835164835165,0.04492222627620774,689,This is my final exam!
1575,3766,1,13,77,91,1.164835164835165,0.04211657832030713,689,"Suits are one small step, one giant leap on your left."
4252,3791,2,11,79,92,1.1630434782608696,0.044467368369936235,689,See you in twenty-two months.
2871,3791,3,9,80,92,1.1630434782608696,0.047076941202535395,689,"I am going to revisit the Grateful Dead song ""Dark Star!"""
2460,3791,3,9,80,92,1.1630434782608696,0.047076941202535395,689,"What floor”
“ moon level”
“ what is that”
“ the moon level stupid”
“ get off"
2193,3791,0,15,77,92,1.1630434782608696,0.03872420126056659,689,This will be
61,3791,2,11,79,92,1.1630434782608696,0.044467368369936235,689,"the indoor pool, Sir"
1769,3796,1,12,73,86,1.1627906976744187,0.04332445313847639,689,"Sorry, did you say 23rd floor or 23rd century?"
1749,3797,1,13,79,93,1.1612903225806452,0.04128126361587671,689,I forgot my sunglasses in the Cybertruck.
4690,3798,0,14,73,87,1.160919540229885,0.039623877256794074,689,"One small step for mankind sir, but it's a big one for you"
4893,3799,2,8,65,75,1.16,0.05036801501882853,689,I’ll always be here for you.
2530,3799,1,10,64,75,1.16,0.04665379487862243,689,The penthouse?
2557,3799,2,8,65,75,1.16,0.05036801501882853,689,"Finally, some space."
2746,3799,1,10,64,75,1.16,0.04665379487862243,689,Launchpad on floor 31
728,3799,1,10,64,75,1.16,0.04665379487862243,689,The dressmaker is the first door on the right.
5098,3799,1,10,64,75,1.16,0.04665379487862243,689,"We’ve had some upgrades to the Space Station, sir."
2357,3799,2,8,65,75,1.16,0.05036801501882853,689,Floors 3...2...1...lift off!
1679,3799,1,10,64,75,1.16,0.04665379487862243,689,Lost & Found Dept straight ahead!
1535,3807,2,11,81,94,1.1595744680851063,0.0435845055714996,689,"Welcome to Death Star XL41 ... asteroids to your left, black holes to your right.  Taking samples not allowed."
456,3807,2,11,81,94,1.1595744680851063,0.0435845055714996,689,I usually just leave the elevator to pee.
4498,3807,0,15,79,94,1.1595744680851063,0.037974306143782784,689,"Sorry,sir,but this is as high as we go."
2165,3807,0,15,79,94,1.1595744680851063,0.037974306143782784,689,"Sorry, sir - I can’t reach that button."
3981,3811,0,14,74,88,1.1590909090909092,0.039213678081561475,689,'This floor is pressurized.'
3679,3811,0,14,74,88,1.1590909090909092,0.039213678081561475,689,Sorry—this only goes to the 21st floor.
3700,3811,0,14,74,88,1.1590909090909092,0.039213678081561475,689,I can take you up to 18...not sure what you do from there.
3726,3811,1,12,75,88,1.1590909090909092,0.04241397845684892,689,It may not be the final frontier but it is the first floor
3751,3811,1,12,75,88,1.1590909090909092,0.04241397845684892,689,It's one small step for Man and one giant leap for New Yorkers
3774,3811,1,12,75,88,1.1590909090909092,0.04241397845684892,689,"Thirteen? The manager tell ya? Quantum fluctuation up there could trigger a vacuum bubble. Yep. It'd expand at the speed of light 'n wipe out everything. Most hotels don't bother having a floor like that, but, hey, we ain't most hotels!"
3886,3811,3,8,77,88,1.1590909090909092,0.04818102954737957,689,Sixth floor...now it's time to leave the elevator if you dare.
3988,3811,2,10,76,88,1.1590909090909092,0.045389190215201616,689,"Is this a straight to the moon kind of day, sir?"
3240,3811,0,14,74,88,1.1590909090909092,0.039213678081561475,689,"Going up for some Tang?!"""
3918,3811,3,8,77,88,1.1590909090909092,0.04818102954737957,689,Must have been a heck of  a Halloween Party.
3228,3811,2,10,76,88,1.1590909090909092,0.045389190215201616,689,Please report to management that some of the heat shielding was damaged on my re-entry.
3955,3811,1,12,75,88,1.1590909090909092,0.04241397845684892,689,They said the rooftop view is out of this world.
3204,3811,1,12,75,88,1.1590909090909092,0.04241397845684892,689,"I tried to tell you, this is as high up as it goes."
3959,3811,1,12,75,88,1.1590909090909092,0.04241397845684892,689,There is absolutely no sense of atmosphere with my building's staff
3965,3811,1,12,75,88,1.1590909090909092,0.04241397845684892,689,Just another Spare The Air day
3604,3811,2,10,76,88,1.1590909090909092,0.045389190215201616,689,It's a security issue - I work for Trump
3899,3811,1,12,75,88,1.1590909090909092,0.04241397845684892,689,I'm moving into a new space.
3582,3811,0,14,74,88,1.1590909090909092,0.039213678081561475,689,"I’m sorry, sir--this is as high as we can go in this building.”"
3564,3811,0,14,74,88,1.1590909090909092,0.039213678081561475,689,"125, the Oligarch floor, sir."
3357,3811,0,14,74,88,1.1590909090909092,0.039213678081561475,689,Der Mond ist aufgegangen?
3355,3811,3,8,77,88,1.1590909090909092,0.04818102954737957,689,"I look at the unprotected elevator personnel, then at the Geiger-Mueller counter inside my helmet. This level of radiation exposure? He’ll be dead in weeks…maybe days. But we need SOMEONE—it’s just too damn hard to push buttons in these puffy gloves."
3353,3811,1,12,75,88,1.1590909090909092,0.04241397845684892,689,Maybe if you pump the gas a bit next time.
3266,3811,0,14,74,88,1.1590909090909092,0.039213678081561475,689,I can either play pretend or admit to my wife I blew all our savings
3996,3811,0,14,74,88,1.1590909090909092,0.039213678081561475,689,"Down, sir?? Well, if you insist."
3444,3811,0,14,74,88,1.1590909090909092,0.039213678081561475,689,I won't miss you.
3450,3811,0,14,74,88,1.1590909090909092,0.039213678081561475,689,"Going up, you say?"
3497,3811,1,12,75,88,1.1590909090909092,0.04241397845684892,689,This is as high as we go any higher you have to take the stairs
3500,3811,1,12,75,88,1.1590909090909092,0.04241397845684892,689,"Good protection,  but the impeachment trial is on the next floor"
3511,3811,1,12,75,88,1.1590909090909092,0.04241397845684892,689,"The Moon Saloon is to your left, directly across from the Mars Bar."
3519,3811,2,10,76,88,1.1590909090909092,0.045389190215201616,689,Did you fly into this space?
3552,3811,1,12,75,88,1.1590909090909092,0.04241397845684892,689,There's no space for you here.
3559,3811,0,14,74,88,1.1590909090909092,0.039213678081561475,689,One small step for man. One giant walk of shame for mankind.
3560,3811,3,8,77,88,1.1590909090909092,0.04818102954737957,689,Fake news Mr. President.  The tower's elevators do not reach earth exit velocity.
3265,3811,0,14,74,88,1.1590909090909092,0.039213678081561475,689,This elevator doesn't even go up to the penthouse.
3569,3811,1,12,75,88,1.1590909090909092,0.04241397845684892,689,Did they really cut the funding for the Space  Progran?
4033,3811,3,8,77,88,1.1590909090909092,0.04818102954737957,689,"Fifth, fourth, third, second, first?"
4345,3811,1,12,75,88,1.1590909090909092,0.04241397845684892,689,I see you’re going up to the POTUS’s penthouse.
4101,3811,1,12,75,88,1.1590909090909092,0.04241397845684892,689,This is as close as I can get you to the moon.
4779,3811,2,10,76,88,1.1590909090909092,0.045389190215201616,689,I presume you are going down.
4810,3811,0,14,74,88,1.1590909090909092,0.039213678081561475,689,Aren’t you going a tad higher than the forty-third floor?
4814,3811,1,12,75,88,1.1590909090909092,0.04241397845684892,689,"Houston, we have your floor."
4874,3811,1,12,75,88,1.1590909090909092,0.04241397845684892,689,Climbing or diving?
4904,3811,3,8,77,88,1.1590909090909092,0.04818102954737957,689,I think there is still time to get your flu shot.
4935,3811,0,14,74,88,1.1590909090909092,0.039213678081561475,689,The sales are out of this world.
4963,3811,1,12,75,88,1.1590909090909092,0.04241397845684892,689,"Did you ask for the Delta Airlines Sky Lounge?""  Michael Sivak, Ann Arbor, M"
4756,3811,1,12,75,88,1.1590909090909092,0.04241397845684892,689,May I please see your Green Card?
5010,3811,0,14,74,88,1.1590909090909092,0.039213678081561475,689,This is what I shot for the moon for? 5 freaking stars?! I'd like to speak to your manager!
5251,3811,1,12,75,88,1.1590909090909092,0.04241397845684892,689,Must we count down every time?
5238,3811,1,12,75,88,1.1590909090909092,0.04241397845684892,689,I never come ill-prepared!
5214,3811,3,8,77,88,1.1590909090909092,0.04818102954737957,689,"Space? Ma'am, this is New York City. Everyone wants space."
5207,3811,0,14,74,88,1.1590909090909092,0.039213678081561475,689,"Terribly sorry sir, I thought it would block smells"
5205,3811,3,8,77,88,1.1590909090909092,0.04818102954737957,689,Your space ship must be waiting outside.
5174,3811,2,10,76,88,1.1590909090909092,0.045389190215201616,689,"I would ask you, as a joke, if you are going up."
5083,3811,2,10,76,88,1.1590909090909092,0.045389190215201616,689,"I'll do my best, sir."
3153,3811,4,6,78,88,1.1590909090909092,0.05081972676135885,689,"Did you say I should wait, Sir?"
4661,3811,0,14,74,88,1.1590909090909092,0.039213678081561475,689,The penthouse still had oxygen the last time I was up there...
4659,3811,2,10,76,88,1.1590909090909092,0.045389190215201616,689,You're on your own after the top floor.
4647,3811,2,10,76,88,1.1590909090909092,0.045389190215201616,689,"My cousins told me if you jump while the elevator is landing, it'll take you straight to the moon"
4142,3811,3,8,77,88,1.1590909090909092,0.04818102954737957,689,‘“Ground Floor. Indefinite articles.”
5260,3811,0,14,74,88,1.1590909090909092,0.039213678081561475,689,Soft landing
4151,3811,1,12,75,88,1.1590909090909092,0.04241397845684892,689,"This is The Langtree, you want the Gantry"
4188,3811,2,10,76,88,1.1590909090909092,0.045389190215201616,689,We don't elevate fast enough to send you into orbit.
4220,3811,3,8,77,88,1.1590909090909092,0.04818102954737957,689,There's an alien world out there - be careful!
4227,3811,3,8,77,88,1.1590909090909092,0.04818102954737957,689,"Housewares, men's fashions, or low earth orbit?"
4233,3811,1,12,75,88,1.1590909090909092,0.04241397845684892,689,"But... that’s as high as we go, sir!"
4275,3811,1,12,75,88,1.1590909090909092,0.04241397845684892,689,"Mind the gap;
the First Step IS for Mankind."
4295,3811,1,12,75,88,1.1590909090909092,0.04241397845684892,689,Be careful when you take that one small step for man.
4325,3811,2,10,76,88,1.1590909090909092,0.045389190215201616,689,"But, Sir, we don’t go that high!"
4406,3811,0,14,74,88,1.1590909090909092,0.039213678081561475,689,I only go to the 6th floor.
4435,3811,2,10,76,88,1.1590909090909092,0.045389190215201616,689,"No, Sir...we do not have a floor 85 thousand!"
4453,3811,1,12,75,88,1.1590909090909092,0.04241397845684892,689,"Shall I switch on the underwater landing lights, sir?"
4494,3811,0,14,74,88,1.1590909090909092,0.039213678081561475,689,"That’s 3 small floors up for man, one giant leap for mankind."
4573,3811,3,8,77,88,1.1590909090909092,0.04818102954737957,689,Infestation? I’d call it more of an invasion.
4579,3811,0,14,74,88,1.1590909090909092,0.039213678081561475,689,We'll make it back...  One small step at a time.
4628,3811,1,12,75,88,1.1590909090909092,0.04241397845684892,689,Level 4. Apollo and turtle necks.
4035,3811,2,10,76,88,1.1590909090909092,0.045389190215201616,689,"JPL budget cuts have been a real bitch, huh?"
3040,3811,0,14,74,88,1.1590909090909092,0.039213678081561475,689,I ALWAYS forget my phone.
1887,3811,3,8,77,88,1.1590909090909092,0.04818102954737957,689,"You may have taken the wrong lift, sir"
2938,3811,1,12,75,88,1.1590909090909092,0.04241397845684892,689,The valet wants to know what color.
1046,3811,1,12,75,88,1.1590909090909092,0.04241397845684892,689,"Men's room,please"
1065,3811,2,10,76,88,1.1590909090909092,0.045389190215201616,689,Are you sure you are on the right planet
1107,3811,2,10,76,88,1.1590909090909092,0.045389190215201616,689,"Sir, air is not too thin on the 100th floor balcony!"
1126,3811,1,12,75,88,1.1590909090909092,0.04241397845684892,689,"No, we didn't orbit anything and that's a wedding reception not a parade on the mezzanine."
1194,3811,0,14,74,88,1.1590909090909092,0.039213678081561475,689,Going up. Sky's the limit.
1279,3811,1,12,75,88,1.1590909090909092,0.04241397845684892,689,"I know you're playing Neil Armstrong but give it a rest."""
1011,3811,0,14,74,88,1.1590909090909092,0.039213678081561475,689,"I'll take you up, sir, but no counting backwards from 10 this time."
1289,3811,1,12,75,88,1.1590909090909092,0.04241397845684892,689,"Third floor, Menswear,  Manchester, Mars!"
1361,3811,3,8,77,88,1.1590909090909092,0.04818102954737957,689,You must be the 'missile toe' ordered for the Christmas party at 833
1402,3811,2,10,76,88,1.1590909090909092,0.045389190215201616,689,This is your official uniform for jumping man of the moon!
1544,3811,1,12,75,88,1.1590909090909092,0.04241397845684892,689,I said “up”.
1550,3811,0,14,74,88,1.1590909090909092,0.039213678081561475,689,"I'm sorry sir, this elevator only goes to the 25th floor."
1612,3811,1,12,75,88,1.1590909090909092,0.04241397845684892,689,How fast can this elevator get? I'm practicing for my launch tomorrow.
1648,3811,1,12,75,88,1.1590909090909092,0.04241397845684892,689,What moon is this?
1311,3811,2,10,76,88,1.1590909090909092,0.045389190215201616,689,"A few years after winning the chance to observe how government works, Jim's recent health conditions progressed to the point where he had to retreat."
1665,3811,2,10,76,88,1.1590909090909092,0.045389190215201616,689,So that's one small step out of the lift and then one giant leap to the left.
954,3811,1,12,75,88,1.1590909090909092,0.04241397845684892,689,"It's not exactly what I expected, to be honest."
863,3811,2,10,76,88,1.1590909090909092,0.045389190215201616,689,I said I was going up
58,3811,1,12,75,88,1.1590909090909092,0.04241397845684892,689,Sometimes it’s just good to know which way is up.
108,3811,2,10,76,88,1.1590909090909092,0.045389190215201616,689,"Actually, could you leave it open just a crack?"
136,3811,3,8,77,88,1.1590909090909092,0.04818102954737957,689,What? It was too cold in  my faux fur coat...
193,3811,3,8,77,88,1.1590909090909092,0.04818102954737957,689,"HUH, YOU WERE RIGHT, WE ARE THE SAME SIZE."
205,3811,1,12,75,88,1.1590909090909092,0.04241397845684892,689,"This is the space bar, unfortunately drinks do not include complementary laptops"
299,3811,2,10,76,88,1.1590909090909092,0.045389190215201616,689,"This is just a side hustle, I really want to get into BitCoin."
940,3811,0,14,74,88,1.1590909090909092,0.039213678081561475,689,I was sure the small would fit. Maybe I should take the stairs.
491,3811,1,12,75,88,1.1590909090909092,0.04241397845684892,689,The Moon Walk Lounge is on the left
561,3811,1,12,75,88,1.1590909090909092,0.04241397845684892,689,Tickets are how much?!
712,3811,1,12,75,88,1.1590909090909092,0.04241397845684892,689,Do NOT press the button until I FINISH the countdown!
763,3811,1,12,75,88,1.1590909090909092,0.04241397845684892,689,"There is no ""space"" in these elevators these days"
806,3811,1,12,75,88,1.1590909090909092,0.04241397845684892,689,Ground floor. Going up again?
3026,3811,0,14,74,88,1.1590909090909092,0.039213678081561475,689,The smog isn't that bad...
821,3811,2,10,76,88,1.1590909090909092,0.045389190215201616,689,These new East-side buildings are taller than I thought.
515,3811,2,10,76,88,1.1590909090909092,0.045389190215201616,689,More cutbacks?
1686,3811,0,14,74,88,1.1590909090909092,0.039213678081561475,689,"Should I really push the button, or do you want to fake it again?"
810,3811,2,10,76,88,1.1590909090909092,0.045389190215201616,689,I heard the penthouse has a moonroof.
1719,3811,2,10,76,88,1.1590909090909092,0.045389190215201616,689,"I'm sorry sir, we only go as far as the 22nd."
2228,3811,2,10,76,88,1.1590909090909092,0.045389190215201616,689,Sorry. Not allowed to take it up a couple of feet for you to make a giant leap. Don't care who you say it's for.
2231,3811,1,12,75,88,1.1590909090909092,0.04241397845684892,689,"Level 13...rockets, shuttles & space stations."
2301,3811,0,14,74,88,1.1590909090909092,0.039213678081561475,689,"Penthouse or the pool today, sir?"
2323,3811,1,12,75,88,1.1590909090909092,0.04241397845684892,689,"Zero G is doable, but not recommended on this elevator..."
2324,3811,1,12,75,88,1.1590909090909092,0.04241397845684892,689,The Moon Lounge is down to your left and the Mars Bar is straight ahead.
2422,3811,2,10,76,88,1.1590909090909092,0.045389190215201616,689,Hi. I want to reach before Chandrayaan.
2424,3811,0,14,74,88,1.1590909090909092,0.039213678081561475,689,"Are you sure that is what your Commander meant when he said ""take the elevator to the Rockettes?"""
2448,3811,0,14,74,88,1.1590909090909092,0.039213678081561475,689,"Well no, sir. It only goes up to 12."
2458,3811,1,12,75,88,1.1590909090909092,0.04241397845684892,689,"I said we only have 12 floors, I didn't say we we're the space station this is a hotel"
2476,3811,3,8,77,88,1.1590909090909092,0.04818102954737957,689,"I'm sick of going up, take me down, sir."
2663,3811,0,14,74,88,1.1590909090909092,0.039213678081561475,689,45th floor has spectacular views
2736,3811,2,10,76,88,1.1590909090909092,0.045389190215201616,689,Going up or coming down?
2896,3811,0,14,74,88,1.1590909090909092,0.039213678081561475,689,Youv'e Been UP Before ... Wanna Go Down Now ??
2916,3811,0,14,74,88,1.1590909090909092,0.039213678081561475,689,"So,I take it the Mars Colonization is going well,Mr. Musk?"
1688,3811,2,10,76,88,1.1590909090909092,0.045389190215201616,689,How's the weather out there?
2181,3811,1,12,75,88,1.1590909090909092,0.04241397845684892,689,"Sorry,giant leaps are on the 12th floor."
2179,3811,1,12,75,88,1.1590909090909092,0.04241397845684892,689,I used to take a rocket to get up here.
1473,3811,1,12,75,88,1.1590909090909092,0.04241397845684892,689,I’m guessing that NASA cut the training budget again?
2151,3811,0,14,74,88,1.1590909090909092,0.039213678081561475,689,I value my privacy
1762,3811,2,10,76,88,1.1590909090909092,0.045389190215201616,689,I'm sorry but the moon landing was never an option on this elevator
2162,3811,2,10,76,88,1.1590909090909092,0.045389190215201616,689,"Up or down please, either works."
1792,3811,2,10,76,88,1.1590909090909092,0.045389190215201616,689,Sorry you took the wrong elevator.
1894,3811,0,14,74,88,1.1590909090909092,0.039213678081561475,689,"I promise, they said I can keep the suit after the photos."
1955,3811,1,12,75,88,1.1590909090909092,0.04241397845684892,689,"But, this is the top!"
1984,3811,1,12,75,88,1.1590909090909092,0.04241397845684892,689,Be careful.  It's a jungle out there.
1989,3811,0,14,74,88,1.1590909090909092,0.039213678081561475,689,It was the last one they had.
1919,3811,1,12,75,88,1.1590909090909092,0.04241397845684892,689,No more steps for Mankind.  Twelfth floor please.
2088,3811,0,14,74,88,1.1590909090909092,0.039213678081561475,689,"Which star, sir?"
2023,3811,0,14,74,88,1.1590909090909092,0.039213678081561475,689,Is this the third Stone from the Sun?
2029,3811,1,12,75,88,1.1590909090909092,0.04241397845684892,689,Is the planetarium still open?
2071,3811,0,14,74,88,1.1590909090909092,0.039213678081561475,689,"That's one small step, Mr. Armstrong. Have a good day. See ya when you get back."
2089,3811,1,12,75,88,1.1590909090909092,0.04241397845684892,689,Thought I'd start off this way since I get airsick
2013,3811,3,8,77,88,1.1590909090909092,0.04818102954737957,689,I know-air quality has taken a hit since this administration has taken over.
2238,3959,1,13,81,95,1.1578947368421053,0.040478076611364315,689,This elevator doesn't go to the space station
410,3960,2,10,77,89,1.1573033707865168,0.04491188855445378,689,The Astronauts With Vertigo program is down the hall on the left.
3654,3960,2,10,77,89,1.1573033707865168,0.04491188855445378,689,Down sir ? How many fathoms ?
1,3960,3,8,78,89,1.1573033707865168,0.04767012007999197,689,Welcome Major Tom! great to see you back at ground control please leave your helmet at the lobby desk this season we have protein pills special merry christmas to you and your beloved wife!
327,3963,2,10,78,90,1.1555555555555554,0.044444444444444446,689,"Do watch your step, sir—
 while it might appear but a small one, the elevator is not quite flush and it actually requires more of a giant leap. Still, I don’t suppose that would bother a man of your caliber, if you don’t mind my saying so, sir."
947,3964,1,13,83,97,1.1546391752577319,0.03970522339619019,689,"Fly me go the moon. I overslept the shutt





Launch me."
3346,3964,2,11,84,97,1.1546391752577319,0.04232353242870654,689,"Up to Mars, sir?"
2295,3966,1,11,73,85,1.1529411764705881,0.04268929619034754,689,"Yes, this is the Mars floor"
66,3966,0,13,72,85,1.1529411764705881,0.03927166872453084,689,"Stratosphere, please"
3861,3966,1,11,73,85,1.1529411764705881,0.04268929619034754,689,I know. I should take the stairs.
5312,3966,1,11,73,85,1.1529411764705881,0.04268929619034754,689,"No, staying on the top floor does not mean you've gone into orbit."
194,3966,1,11,73,85,1.1529411764705881,0.04268929619034754,689,What you think your better than me?
49,3966,1,11,73,85,1.1529411764705881,0.04268929619034754,689,"Good morning, Mr. LaLiberte. So you were serious."
908,3966,1,11,73,85,1.1529411764705881,0.04268929619034754,689,How high did you want to go? This is only the second floor.
5079,3966,0,13,72,85,1.1529411764705881,0.03927166872453084,689,I could've sworn Ms. Phillips said she was dating a deep sea diver.
1925,3974,0,16,89,105,1.1523809523809523,0.03524106511591413,689,"I'm sorry, ma'am - this is 11-19. 20000-30000 is around the corner."
3449,3975,2,9,75,86,1.1511627906976745,0.04535146788118489,689,...3...2...1...We have liftoff!
3412,3975,0,13,73,86,1.1511627906976745,0.03885305672071535,689,Take me through the roof.
3368,3975,2,9,75,86,1.1511627906976745,0.04535146788118489,689,Aren’t you taking your fear of flatulence a little to the extreme?
3127,3975,1,11,74,86,1.1511627906976745,0.04222745348420426,689,It only goes sixteen floors.
3062,3975,1,11,74,86,1.1511627906976745,0.04222745348420426,689,"Should I call a Land Rover, sir?"
3048,3975,1,11,74,86,1.1511627906976745,0.04222745348420426,689,"Sorry,but you missed NASA's Day Parade"
5257,3975,0,13,73,86,1.1511627906976745,0.03885305672071535,689,"Have a giant leap for mankind today, sir."
2945,3975,0,13,73,86,1.1511627906976745,0.03885305672071535,689,Sorry.   This is only a 30 story building.
2943,3975,2,9,75,86,1.1511627906976745,0.04535146788118489,689,And this space is where the door used to be.
2905,3975,2,9,75,86,1.1511627906976745,0.04535146788118489,689,"This elevator only goes to 120th floor, the Space Elevator hasn’t been built yet Colonel!!!!"
2640,3975,1,11,74,86,1.1511627906976745,0.04222745348420426,689,Ugh... Moon days amIright?
2625,3975,1,11,74,86,1.1511627906976745,0.04222745348420426,689,"Roger that, Houston. T -10 and counting."
2624,3975,1,11,74,86,1.1511627906976745,0.04222745348420426,689,And I thought only chickens could lay eggs.
3467,3975,1,11,74,86,1.1511627906976745,0.04222745348420426,689,"Yes, this is the Observation Deck"
2951,3975,0,13,73,86,1.1511627906976745,0.03885305672071535,689,"Remember to take your lunch, Sir?"
3505,3975,0,13,73,86,1.1511627906976745,0.03885305672071535,689,"Second floor, sir."
3841,3975,2,9,75,86,1.1511627906976745,0.04535146788118489,689,"Penthouse, sir?  Or the command module?"
4867,3975,1,11,74,86,1.1511627906976745,0.04222745348420426,689,"What do you mean, ""no roof access""?"
4020,3975,0,13,73,86,1.1511627906976745,0.03885305672071535,689,Going down to the ocean floor?
4160,3975,2,9,75,86,1.1511627906976745,0.04535146788118489,689,"Alright, alright, alright."
4469,3975,1,11,74,86,1.1511627906976745,0.04222745348420426,689,"Sorry, but the 102nd floor is as high as we go."
4488,3975,1,11,74,86,1.1511627906976745,0.04222745348420426,689,"Sorry, sir, this is as far as we go---"
4591,3975,1,11,74,86,1.1511627906976745,0.04222745348420426,689,"Geostationary orbit, sir?"
4709,3975,1,11,74,86,1.1511627906976745,0.04222745348420426,689,"Sorry, but there is a dress code for this elevator"
4797,3975,0,13,73,86,1.1511627906976745,0.03885305672071535,689,It's too many giant steps to the 9th floor
4839,3975,3,7,76,86,1.1511627906976745,0.048273734578916254,689,"Takeoff begins at Floor 1, sir."
5066,3975,0,13,73,86,1.1511627906976745,0.03885305672071535,689,"Sorry sir, if you want to reach terminal velocity you’ll have to take number 11."
4992,3975,2,9,75,86,1.1511627906976745,0.04535146788118489,689,The restroom is straight ahead on your left.
2610,3975,2,9,75,86,1.1511627906976745,0.04535146788118489,689,"Takes about two years to acclimate to our air on this planet. Earth was waaaay better. But hey, even the suites are cheap here."
3587,3975,2,9,75,86,1.1511627906976745,0.04535146788118489,689,How about THIS for atmosphere?
5162,3975,3,7,76,86,1.1511627906976745,0.048273734578916254,689,It looks like you're gonna land that job
2467,3975,1,11,74,86,1.1511627906976745,0.04222745348420426,689,"Twelfth floor in T-minus 10, 9, 8..."
2433,3975,2,9,75,86,1.1511627906976745,0.04535146788118489,689,"-The astronaut: Nice disguise, dude!"
82,3975,0,13,73,86,1.1511627906976745,0.03885305672071535,689,I think we’re gonna need a bigger elevator.
107,3975,1,11,74,86,1.1511627906976745,0.04222745348420426,689,Top floor please.”
214,3975,3,7,76,86,1.1511627906976745,0.048273734578916254,689,wee ad I thought we had budget-cuts!
269,3975,0,13,73,86,1.1511627906976745,0.03885305672071535,689,Enjoy your launch break.
424,3975,2,9,75,86,1.1511627906976745,0.04535146788118489,689,'First Man' - This is the First Floor!  I've been waiting to say that my whole life.
514,3975,0,13,73,86,1.1511627906976745,0.03885305672071535,689,I think you got on the wrong elevator.
541,3975,0,13,73,86,1.1511627906976745,0.03885305672071535,689,"Okay, but there will be a really big tip . . ."
600,3975,0,13,73,86,1.1511627906976745,0.03885305672071535,689,"Sure, go to the first hallway, turn left and then it's one small step for the Men's room."
785,3975,1,11,74,86,1.1511627906976745,0.04222745348420426,689,Which apartment has the most space?
823,3975,0,13,73,86,1.1511627906976745,0.03885305672071535,689,That's one baby step for mankind
2463,3975,1,11,74,86,1.1511627906976745,0.04222745348420426,689,"I guess you try to avoid taking any more steps, huh?"
1247,3975,0,13,73,86,1.1511627906976745,0.03885305672071535,689,"Wow, look at all the space."
1320,3975,1,11,74,86,1.1511627906976745,0.04222745348420426,689,"I can't tell you from Col. Glenn, Commander Carpenter. And neither can Mrs. Glenn, the maid tells me."
1350,3975,1,11,74,86,1.1511627906976745,0.04222745348420426,689,Floor 37 sir. The flat earth convention is just down the hall
1362,3975,0,13,73,86,1.1511627906976745,0.03885305672071535,689,Have a safe flight
1572,3975,1,11,74,86,1.1511627906976745,0.04222745348420426,689,Did Russia arrive yet?
1580,3975,2,9,75,86,1.1511627906976745,0.04535146788118489,689,Floor 250 Million.....fine furniture and  outer space fine art
1677,3975,2,9,75,86,1.1511627906976745,0.04535146788118489,689,"3, 2, or 1?"
1736,3975,0,13,73,86,1.1511627906976745,0.03885305672071535,689,"Unfortunately sir, Man has already stepped off on every floor in this building."
1830,3975,1,11,74,86,1.1511627906976745,0.04222745348420426,689,Your planet is so technologically backward—you still have elevator operators.
1881,3975,2,9,75,86,1.1511627906976745,0.04535146788118489,689,"Watch your step, man."
1920,3975,0,13,73,86,1.1511627906976745,0.03885305672071535,689,To infinity and the penthouse!
2001,3975,0,13,73,86,1.1511627906976745,0.03885305672071535,689,I'm sorry sir.....I'm just not seeing a listing here for Space Force.
2077,3975,2,9,75,86,1.1511627906976745,0.04535146788118489,689,I think you’re gonna need a bigger lift.
2346,3975,1,11,74,86,1.1511627906976745,0.04222745348420426,689,We'll need to stop at the Passport Office on the 110th floor.
71,3975,1,11,74,86,1.1511627906976745,0.04222745348420426,689,"You cant go to- the moon with an  elevator,though"
4399,4034,0,13,74,87,1.1494252873563218,0.038443158107632124,689,It’s my circular breathing suit after Elvis and intelligent oxygen have left the building.
365,4035,0,14,80,94,1.148936170212766,0.03691812903947712,689,Beware the effects of deceleration on descent.
1991,4036,0,12,69,81,1.1481481481481481,0.03971779738801338,689,You won't need a mask...
1750,4036,1,10,70,81,1.1481481481481481,0.043429775553920656,689,"I'm sorry, this elevator only goes to floor 83,573."
1198,4038,2,9,77,88,1.1477272727272727,0.04438059934877056,689,"Houston, we are preparing for ascent."
3970,4039,2,8,72,82,1.146341463414634,0.04630896338925492,689,Going out for some fresh air today sir?
3408,4039,0,12,70,82,1.146341463414634,0.03927202370241041,689,Do they have cabanas on the Swimming Pool floor?
3413,4039,2,8,72,82,1.146341463414634,0.04630896338925492,689,"Like I said, finish with “one giant leap for mankind”.  Good luck up there!"
3482,4039,2,8,72,82,1.146341463414634,0.04630896338925492,689,"The Sky Bar is in the 14th floor, sir."
3508,4039,2,8,72,82,1.146341463414634,0.04630896338925492,689,"Space lingerie? That would be rooftop, 3rd orbit to the right."
3522,4039,0,12,70,82,1.146341463414634,0.03927202370241041,689,"Sorry, sir. We don't go up that high."
3565,4039,0,12,70,82,1.146341463414634,0.03927202370241041,689,PH floor 645667899 has adequate oxygen levels and supports plant life.
3579,4039,2,8,72,82,1.146341463414634,0.04630896338925492,689,I've been up. Does this go down?
3585,4039,0,12,70,82,1.146341463414634,0.03927202370241041,689,"Sorry, we only go as far as 54"
3993,4039,2,8,72,82,1.146341463414634,0.04630896338925492,689,"Penthouse, I presume..."
3591,4039,1,10,71,82,1.146341463414634,0.0429349038421541,689,"We're not going up that far, sir."
3635,4039,0,12,70,82,1.146341463414634,0.03927202370241041,689,How tall is this building?
3992,4039,1,10,71,82,1.146341463414634,0.0429349038421541,689,Ever since Space Force rented space in Trump Tower I feel a bit silly asking if you're going up
3655,4039,1,10,71,82,1.146341463414634,0.0429349038421541,689,The exosphere elevators are under repair.
3676,4039,1,10,71,82,1.146341463414634,0.0429349038421541,689,It's gonna take me forever to get to Mars.
3728,4039,1,10,71,82,1.146341463414634,0.0429349038421541,689,"Sorry,Sir,going down."
3759,4039,2,8,72,82,1.146341463414634,0.04630896338925492,689,Would you like some dinner before you retire and become a new born fetus?
3787,4039,1,10,71,82,1.146341463414634,0.0429349038421541,689,"""Gantry? I don't know anybody by that name, sir."""
3788,4039,2,8,72,82,1.146341463414634,0.04630896338925492,689,If there’s an emergency at any point just take the stairs.
3816,4039,2,8,72,82,1.146341463414634,0.04630896338925492,689,I think you want the Penthouse Elevator.
3879,4039,1,10,71,82,1.146341463414634,0.0429349038421541,689,... Should I be wearing a suit!?
3887,4039,0,12,70,82,1.146341463414634,0.03927202370241041,689,"I'm sorry, this is as high as we go."
3890,4039,2,8,72,82,1.146341463414634,0.04630896338925492,689,"Houston, you oversold me on this."
3906,4039,2,8,72,82,1.146341463414634,0.04630896338925492,689,Our top floor is 23.
3925,4039,2,8,72,82,1.146341463414634,0.04630896338925492,689,"So you want me to say, '3-2-1 Blast-off' before pressing the Up button?"
3671,4039,0,12,70,82,1.146341463414634,0.03927202370241041,689,Are you sure you're in the right place?  We only go to the thirty-first floor.
3404,4039,0,12,70,82,1.146341463414634,0.03927202370241041,689,I'm the keynote speaker at this year's EarthMom.Org climate change summit.
3018,4039,0,12,70,82,1.146341463414634,0.03927202370241041,689,We only go to the 48th floor.
3323,4039,1,10,71,82,1.146341463414634,0.0429349038421541,689,One small review for the hotel?
2639,4039,2,8,72,82,1.146341463414634,0.04630896338925492,689,I know this is a skyscraper but that 's going a little too far!
2681,4039,0,12,70,82,1.146341463414634,0.03927202370241041,689,T-7 seconds to claustrophobia.
2702,4039,1,10,71,82,1.146341463414634,0.0429349038421541,689,"That's one small step on linoleum, one giant slip for the webcam."
2773,4039,0,12,70,82,1.146341463414634,0.03927202370241041,689,2nd floor sir? T-minus 100...
2789,4039,1,10,71,82,1.146341463414634,0.0429349038421541,689,This building only has 40 floors.
2818,4039,0,12,70,82,1.146341463414634,0.03927202370241041,689,Penthouse. Going up?
2821,4039,0,12,70,82,1.146341463414634,0.03927202370241041,689,"I'm sorry sir, this elevator doesn't service the Fra Mauro."
2841,4039,1,10,71,82,1.146341463414634,0.0429349038421541,689,I forgot my umbrella.
2853,4039,2,8,72,82,1.146341463414634,0.04630896338925492,689,"I think you're overdressed in that space suit, sir.  This is only a 10 story building.  Pressurization is not required, even on the top floor!"
2855,4039,1,10,71,82,1.146341463414634,0.0429349038421541,689,I never thought they’d accept me for the Mars colony.
2904,4039,2,8,72,82,1.146341463414634,0.04630896338925492,689,I need a breath of bad air to freshen up!
2927,4039,1,10,71,82,1.146341463414634,0.0429349038421541,689,"Sir, evacuations won't be necessary for at least a few more years."
2941,4039,1,10,71,82,1.146341463414634,0.0429349038421541,689,Top floor I presume?
3000,4039,0,12,70,82,1.146341463414634,0.03927202370241041,689,I wanted to push button.
4013,4039,0,12,70,82,1.146341463414634,0.03927202370241041,689,Your rocket is set to blast off !
3061,4039,2,8,72,82,1.146341463414634,0.04630896338925492,689,"Yes, I know it's a tall skyscraper. No, I wasn't told it that it's THAT tall!"
3076,4039,3,6,73,82,1.146341463414634,0.049453353904863585,689,The sound stage is right this way sir.
3078,4039,0,12,70,82,1.146341463414634,0.03927202370241041,689,"This is 'UP.""  You want ""DOWN."""
3087,4039,0,12,70,82,1.146341463414634,0.03927202370241041,689,"I’m sorry, but I’ll have to see an actual  photo ID."
3094,4039,3,6,73,82,1.146341463414634,0.049453353904863585,689,Trump Towers' VIP Suite is always reserved for members of the Space Force.
3099,4039,0,12,70,82,1.146341463414634,0.03927202370241041,689,The rocket room is on your right.
3128,4039,2,8,72,82,1.146341463414634,0.04630896338925492,689,Which stage ma'm?
3136,4039,1,10,71,82,1.146341463414634,0.0429349038421541,689,"L for Liftoff, please."
3176,4039,2,8,72,82,1.146341463414634,0.04630896338925492,689,"There we are, ""level 3, men's wallets & haberdashery"". Godspeed."
3203,4039,2,8,72,82,1.146341463414634,0.04630896338925492,689,Men's Rooms are on floors 3 and 5.
3281,4039,1,10,71,82,1.146341463414634,0.0429349038421541,689,"I’m definitely going up, no hurry though."
3300,4039,2,8,72,82,1.146341463414634,0.04630896338925492,689,Take the lift on the right to transfer floors.
3371,4039,2,8,72,82,1.146341463414634,0.04630896338925492,689,Did you take a left turn at Albuquerque?
4057,4039,1,10,71,82,1.146341463414634,0.0429349038421541,689,Moonwares is to your left just past time travel.
4334,4039,2,8,72,82,1.146341463414634,0.04630896338925492,689,I’m sorry sir but this IS the last floor.
4129,4039,2,8,72,82,1.146341463414634,0.04630896338925492,689,"To be , or not to be , that is the question !"
4802,4039,3,6,73,82,1.146341463414634,0.049453353904863585,689,"You must have come down several thousand floors, if you made it all the way to the top floor of the Empire State Building."
4853,4039,1,10,71,82,1.146341463414634,0.0429349038421541,689,Please tell me your going to a Halloween party.
4860,4039,2,8,72,82,1.146341463414634,0.04630896338925492,689,Number 1 requests a new throne.
4883,4039,0,12,70,82,1.146341463414634,0.03927202370241041,689,"Oh, not THAT type of rendezvous. My bad."
4895,4039,1,10,71,82,1.146341463414634,0.0429349038421541,689,"This isn't a space elevator, fuckwit."
4900,4039,0,12,70,82,1.146341463414634,0.03927202370241041,689,"Yes, sir, there is space for rent on this floor."
4962,4039,1,10,71,82,1.146341463414634,0.0429349038421541,689,"8297th floor, men's jetpacks."
4977,4039,2,8,72,82,1.146341463414634,0.04630896338925492,689,This elevator doesn't go that far.
4997,4039,1,10,71,82,1.146341463414634,0.0429349038421541,689,"Guard-Sorry, not interested in changing places, off you go to Mars!
Astronaut-Just a last minute try!"
5037,4039,2,8,72,82,1.146341463414634,0.04630896338925492,689,How's the air out there?
5050,4039,2,8,72,82,1.146341463414634,0.04630896338925492,689,"That's one small press for man, one giant leap for elevator kind."
5116,4039,1,10,71,82,1.146341463414634,0.0429349038421541,689,The front desk is 10 small steps or one giant leap away.
5130,4039,2,8,72,82,1.146341463414634,0.04630896338925492,689,"Well, as long as you are asking, you may be a tad overdressed for the eleventh floor."
5136,4039,1,10,71,82,1.146341463414634,0.0429349038421541,689,Welcome to the land of no personal space.
5149,4039,2,8,72,82,1.146341463414634,0.04630896338925492,689,To the cafeteria please.
5150,4039,1,10,71,82,1.146341463414634,0.0429349038421541,689,"So sorry, sir. There is nothing after PH."
5166,4039,1,10,71,82,1.146341463414634,0.0429349038421541,689,Sorry.....You'll have to use the escalator to get to that one....
5188,4039,1,10,71,82,1.146341463414634,0.0429349038421541,689,"Ever since they retired the Space Shuttles, getting off the ground isn't half as exciting as the good old days."
5189,4039,1,10,71,82,1.146341463414634,0.0429349038421541,689,But how will I get back down?
5203,4039,2,8,72,82,1.146341463414634,0.04630896338925492,689,Welcome to New Delhi! Ready to step out Sir?
5208,4039,2,8,72,82,1.146341463414634,0.04630896338925492,689,"You do know this the wrong elevator, don't you?"
5217,4039,1,10,71,82,1.146341463414634,0.0429349038421541,689,Me taking you above the penthouse would be an unknown story.
5248,4039,2,8,72,82,1.146341463414634,0.04630896338925492,689,"Another expedition to DUMBO, Mr. Gladstone?"
5253,4039,2,8,72,82,1.146341463414634,0.04630896338925492,689,"Oops, wrong elevator!"
5264,4039,0,12,70,82,1.146341463414634,0.03927202370241041,689,Now it's time to leave the capsule if you dare.
5278,4039,1,10,71,82,1.146341463414634,0.0429349038421541,689,Actually Mr. Trump himself invited me.
5345,4039,0,12,70,82,1.146341463414634,0.03927202370241041,689,The Sixtyfourth’d
4749,4039,1,10,71,82,1.146341463414634,0.0429349038421541,689,"Fourth floor...women's shoes, men's sport coats...Tang."
4745,4039,1,10,71,82,1.146341463414634,0.0429349038421541,689,"The penthouse is that high, huh?"
4743,4039,2,8,72,82,1.146341463414634,0.04630896338925492,689,Are you my module pilot? Nice to meet you. I am Steve!
4718,4039,1,10,71,82,1.146341463414634,0.0429349038421541,689,"You know you can't get a head start like this, right?"
4133,4039,4,4,74,82,1.146341463414634,0.05240942982605344,689,"The Eagle, my dear sir, has landed."
4157,4039,0,12,70,82,1.146341463414634,0.03927202370241041,689,"Year 2049
- Sir, this is the floor of planet Earth. Make sure your clothes are cool and your oxygen lasts for the entire stay. If you're not satisfied, pick up the time phone and feel free to call previous generations and make your complaints."
4181,4039,3,6,73,82,1.146341463414634,0.049453353904863585,689,"One small step for man, one giant leap for Black Friday."
4182,4039,1,10,71,82,1.146341463414634,0.0429349038421541,689,"So, my elevator nightmare is real?"
4193,4039,1,10,71,82,1.146341463414634,0.0429349038421541,689,"98,560,881, please."
4202,4039,0,12,70,82,1.146341463414634,0.03927202370241041,689,"Hey diddle diddle, the cat and the fiddle, the cow jumped over the........ c’mon you got this!"
4234,4039,0,12,70,82,1.146341463414634,0.03927202370241041,689,"If there is a fire alarm, don't use the elevator, use your jet pack."
4245,4039,1,10,71,82,1.146341463414634,0.0429349038421541,689,"Could you speak up, Sir?"
4306,4039,2,8,72,82,1.146341463414634,0.04630896338925492,689,Which floor's the NASA-themed party?
4319,4039,3,6,73,82,1.146341463414634,0.049453353904863585,689,"I want to, but it quit being one small step after the hip replacement."
4320,4039,2,8,72,82,1.146341463414634,0.04630896338925492,689,"One small step for a man, one giant leap for an elevator cab"
4329,4039,3,6,73,82,1.146341463414634,0.049453353904863585,689,They sent you down for not wearing a tie.
2638,4039,2,8,72,82,1.146341463414634,0.04630896338925492,689,"Yes Sir, the Gentlemen's is just a small step down the corridor and a giant leap around the corner."
4102,4039,0,12,70,82,1.146341463414634,0.03927202370241041,689,Your wife just got off on the top floor in her gear. You guys are really taking this honeymoon thing to another level.
4380,4039,1,10,71,82,1.146341463414634,0.0429349038421541,689,"How'd the group therapy go?
Germaphobia is it?"
4431,4039,0,12,70,82,1.146341463414634,0.03927202370241041,689,"5, 4, 3, 2, 1, Penthouse."
4437,4039,1,10,71,82,1.146341463414634,0.0429349038421541,689,"Traffic was heavy, okay. Now please do as I ask, push the button to the penthouse, hold down the door closed button and hang on when we screech to a stop."
4484,4039,0,12,70,82,1.146341463414634,0.03927202370241041,689,Where's the valet?
4520,4039,2,8,72,82,1.146341463414634,0.04630896338925492,689,I'll just put in floor 100000000000 and see what happens.
4531,4039,2,8,72,82,1.146341463414634,0.04630896338925492,689,"Sorry sir, this elevator doesn't go to the roof."
4552,4039,0,12,70,82,1.146341463414634,0.03927202370241041,689,I’m sorry to say this elevator does not go any farther than the penthouse
4561,4039,1,10,71,82,1.146341463414634,0.0429349038421541,689,Will you have pain if I go up too fast?
4566,4039,1,10,71,82,1.146341463414634,0.0429349038421541,689,Ionosphere?  Try the Intrepid at Pier 86.
4608,4039,2,8,72,82,1.146341463414634,0.04630896338925492,689,Please take one small step and get off my elevator.
4655,4039,1,10,71,82,1.146341463414634,0.0429349038421541,689,"No, only Willy Wonka has one of those..."
4666,4039,0,12,70,82,1.146341463414634,0.03927202370241041,689,This one's going down...I think you want the one going up.
4698,4039,1,10,71,82,1.146341463414634,0.0429349038421541,689,Are you here to check out the office space?
4712,4039,0,12,70,82,1.146341463414634,0.03927202370241041,689,"Sir, I can confirm the parachute did not deploy. But have a lovely day."
4409,4039,1,10,71,82,1.146341463414634,0.0429349038421541,689,"20,108th story"
2627,4039,1,10,71,82,1.146341463414634,0.0429349038421541,689,"Penthouse, and quick -- I'm late for a mission."
3055,4039,1,10,71,82,1.146341463414634,0.0429349038421541,689,Those 77th floor parties are severely lacking in atmosphere.
2597,4039,0,12,70,82,1.146341463414634,0.03927202370241041,689,Are you sure you don’t want the upper atmosphere elevator?
991,4039,0,12,70,82,1.146341463414634,0.03927202370241041,689,"Ok then, you’re going to want to grab a seat."
1038,4039,0,12,70,82,1.146341463414634,0.03927202370241041,689,The suite is out of this world
1044,4039,1,10,71,82,1.146341463414634,0.0429349038421541,689,"Yes, the men's room has a changing station. It's to the left down the hall."
1078,4039,1,10,71,82,1.146341463414634,0.0429349038421541,689,She’s about to birth our 7th child.
1082,4039,0,12,70,82,1.146341463414634,0.03927202370241041,689,"You need to take the ""Express"""
1089,4039,0,12,70,82,1.146341463414634,0.03927202370241041,689,"This is as high as it goes.  Try the next building over, they have another 10 floors."
1105,4039,1,10,71,82,1.146341463414634,0.0429349038421541,689,Take the cross-town bus to the dock.  You will find the ocean there.
1117,4039,1,10,71,82,1.146341463414634,0.0429349038421541,689,"Oh, my mistake. You did say up."
1137,4039,1,10,71,82,1.146341463414634,0.0429349038421541,689,"Yes,this is the only Hotel in Vegas with a rooftop launching pad"
1150,4039,1,10,71,82,1.146341463414634,0.0429349038421541,689,But there is no 13th  floor.
1183,4039,1,10,71,82,1.146341463414634,0.0429349038421541,689,I will be back in a week. Just heading out for some cheese.
1185,4039,1,10,71,82,1.146341463414634,0.0429349038421541,689,How high is up?
987,4039,1,10,71,82,1.146341463414634,0.0429349038421541,689,"Yes, mam, an umbrella is definitely required today."
1240,4039,0,12,70,82,1.146341463414634,0.03927202370241041,689,Penthouse?
1262,4039,1,10,71,82,1.146341463414634,0.0429349038421541,689,I only can go at home.
1272,4039,2,8,72,82,1.146341463414634,0.04630896338925492,689,The Honeymoon Suite?
1309,4039,1,10,71,82,1.146341463414634,0.0429349038421541,689,I can only take you as high as the penthouse.
1312,4039,0,12,70,82,1.146341463414634,0.03927202370241041,689,"26,000th floor!  Watch your step."
1316,4039,1,10,71,82,1.146341463414634,0.0429349038421541,689,"""This is the express, hope you can handle it."
1356,4039,1,10,71,82,1.146341463414634,0.0429349038421541,689,And this is the top floor. Women’s wear and you won’t find Tang here either.
1364,4039,2,8,72,82,1.146341463414634,0.04630896338925492,689,Are you all right? You look a bit spacey.
1367,4039,2,8,72,82,1.146341463414634,0.04630896338925492,689,"Its not a problem for me to select your floor, and my name is not Houston."
1393,4039,2,8,72,82,1.146341463414634,0.04630896338925492,689,"Sir, the gantry is near Miami Florida, not Miami, Ohio."
1405,4039,1,10,71,82,1.146341463414634,0.0429349038421541,689,My payload is none of your business.
1408,4039,1,10,71,82,1.146341463414634,0.0429349038421541,689,I can get you as far as the 22 floor. After that you're on your own.
1409,4039,1,10,71,82,1.146341463414634,0.0429349038421541,689,"It’s okay, everyone mistakes the description of the Zero-G-Simulator for an analogy."
1249,4039,0,12,70,82,1.146341463414634,0.03927202370241041,689,"there's one small step there, man"
978,4039,2,8,72,82,1.146341463414634,0.04630896338925492,689,"I’m sorry sir,  but this elevator only goes to the troposhere."
886,4039,0,12,70,82,1.146341463414634,0.03927202370241041,689,Just don't try a spacewalk. It's a 110 stories.
862,4039,2,8,72,82,1.146341463414634,0.04630896338925492,689,No... I will not take one giant step.
11,4039,1,10,71,82,1.146341463414634,0.0429349038421541,689,Where is Greta Thunberg? I need her out there with me next time!
19,4039,1,10,71,82,1.146341463414634,0.0429349038421541,689,| don’t Know when they put in the elevator. I’ve only been here a week.
64,4039,1,10,71,82,1.146341463414634,0.0429349038421541,689, 
127,4039,2,8,72,82,1.146341463414634,0.04630896338925492,689,THIS IS AS FAR AS I CAN GET YOU  SIXTH FLOOR
131,4039,1,10,71,82,1.146341463414634,0.0429349038421541,689,"As the bell hop pressed the button to close the elevator door, he looked back and suddenly I realized the gravity of the  Situation."
173,4039,0,12,70,82,1.146341463414634,0.03927202370241041,689,Your Uber shuttle Is right outside
219,4039,1,10,71,82,1.146341463414634,0.0429349038421541,689,you need to stop taking your work home with  yo
232,4039,1,10,71,82,1.146341463414634,0.0429349038421541,689,Is this the way to the moon landing set?
261,4039,0,12,70,82,1.146341463414634,0.03927202370241041,689,"Floor 1,326,785 please"
279,4039,1,10,71,82,1.146341463414634,0.0429349038421541,689,"Not quite the weather forecast yet, but better safe than sorry."
331,4039,0,12,70,82,1.146341463414634,0.03927202370241041,689,Where to sir: low earth orbit
380,4039,1,10,71,82,1.146341463414634,0.0429349038421541,689,"Sorry, this is as far as we go."
434,4039,1,10,71,82,1.146341463414634,0.0429349038421541,689,Surely a rocket would be faster.
446,4039,1,10,71,82,1.146341463414634,0.0429349038421541,689,Complaints?
504,4039,1,10,71,82,1.146341463414634,0.0429349038421541,689,Damn budget cuts - we're launching from the penthouse.
535,4039,1,10,71,82,1.146341463414634,0.0429349038421541,689,"VR headset repair? Walk the plank, then free fall to the sixth floor."
553,4039,0,12,70,82,1.146341463414634,0.03927202370241041,689,"Sir thisvis the Moon Tower, but I think you got it wrong!"
607,4039,0,12,70,82,1.146341463414634,0.03927202370241041,689,"We all try to relive our glory days, one way or another."
717,4039,1,10,71,82,1.146341463414634,0.0429349038421541,689,"The 1,453,786th floor please."
767,4039,2,8,72,82,1.146341463414634,0.04630896338925492,689,"Coming back from your trip to the moon,eh? apollo 11?"
787,4039,1,10,71,82,1.146341463414634,0.0429349038421541,689,Have you seen Alexa!?
794,4039,0,12,70,82,1.146341463414634,0.03927202370241041,689,"One small step for Human Resources,one giant step for the cafeteria."
798,4039,1,10,71,82,1.146341463414634,0.0429349038421541,689,Is it true that these new penthouse suites are spacious?
799,4039,1,10,71,82,1.146341463414634,0.0429349038421541,689,"Going down, I presume."
831,4039,1,10,71,82,1.146341463414634,0.0429349038421541,689,I’d ask you for a hug but I just took a shower.
2607,4039,2,8,72,82,1.146341463414634,0.04630896338925492,689,Launchpad access is available on floor 10
857,4039,0,12,70,82,1.146341463414634,0.03927202370241041,689,"Another Extra-Vehicular Activity simulation, Sir?"
1429,4039,1,10,71,82,1.146341463414634,0.0429349038421541,689,"Saturn, please."
1433,4039,0,12,70,82,1.146341463414634,0.03927202370241041,689,Do we really need to stop at every floor?
848,4039,1,10,71,82,1.146341463414634,0.0429349038421541,689,"Yes, your room has plenty of space, Sir."
1977,4039,1,10,71,82,1.146341463414634,0.0429349038421541,689,"I could have ordered a Lyft faster than that lift, and that's coming from someone whose been to the moon and back..."
2056,4039,4,4,74,82,1.146341463414634,0.05240942982605344,689,"One small step for man, one giant step for Henry 
Klein."""
2082,4039,0,12,70,82,1.146341463414634,0.03927202370241041,689,"Sorry, we don't go that high."
2090,4039,1,10,71,82,1.146341463414634,0.0429349038421541,689,"You feel that tingling, that's the tension before liftoff."
2110,4039,0,12,70,82,1.146341463414634,0.03927202370241041,689,"Well, at least tomorrow’s Friday."
2114,4039,1,10,71,82,1.146341463414634,0.0429349038421541,689,"Just checking, are you sure you meant to say, “Down?”"
2125,4039,1,10,71,82,1.146341463414634,0.0429349038421541,689,"Yes, the atmosphere on 99 is a bit rarified, but still..."
2578,4039,0,12,70,82,1.146341463414634,0.03927202370241041,689,"'Get in on the ground floor, but reach for the stars.' Very good, sir."""
2137,4039,1,10,71,82,1.146341463414634,0.0429349038421541,689,"First I have to do the countdown...10, 9, 8......"
2221,4039,1,10,71,82,1.146341463414634,0.0429349038421541,689,25th floor is the highest I can go.
2233,4039,2,8,72,82,1.146341463414634,0.04630896338925492,689,"“No really, it’s just one small step.”"
2242,4039,1,10,71,82,1.146341463414634,0.0429349038421541,689,"I like to avoid awkward elevator chitchat."""
2003,4039,1,10,71,82,1.146341463414634,0.0429349038421541,689,"Sorry, sir.  The Houston Astros are not tenants in this building."
2254,4039,0,12,70,82,1.146341463414634,0.03927202370241041,689,It comes with the cybertruck.
2263,4039,1,10,71,82,1.146341463414634,0.0429349038421541,689,"I don't know what you mean by 'deep state,' but this is as far down as I can take you."""
2315,4039,0,12,70,82,1.146341463414634,0.03927202370241041,689,"Thank you for following our new smoking policy, sir."
2326,4039,1,10,71,82,1.146341463414634,0.0429349038421541,689,"It won’t protect you from astronomical rents, sir!"
2332,4039,1,10,71,82,1.146341463414634,0.0429349038421541,689,"What floor Mr. President?"" ... ""Take me to the Fake News room."
2386,4039,1,10,71,82,1.146341463414634,0.0429349038421541,689,Is it safe?
2563,4039,1,10,71,82,1.146341463414634,0.0429349038421541,689,"Let’s just say, cleaning the bathroom was a bigger mission than anticipated. #blastoff"
2390,4039,0,12,70,82,1.146341463414634,0.03927202370241041,689,We can't go that far up.
2444,4039,2,8,72,82,1.146341463414634,0.04630896338925492,689,"You wanted the blast off floor,right?"
2533,4039,1,10,71,82,1.146341463414634,0.0429349038421541,689,"We only go as high as the 12th floor, sir."
2457,4039,1,10,71,82,1.146341463414634,0.0429349038421541,689,"Sir, I think you are looking for a different pad."
2461,4039,0,12,70,82,1.146341463414634,0.03927202370241041,689,I understand budget cuts - but my elevator can’t get you to zero gravity.
2569,4039,0,12,70,82,1.146341463414634,0.03927202370241041,689,Password is: 13th floor space capsule please...
2490,4039,0,12,70,82,1.146341463414634,0.03927202370241041,689,The lander was broken so I took the elevator.
2516,4039,1,10,71,82,1.146341463414634,0.0429349038421541,689,"1,999th   floor - Space Station"
1962,4039,2,8,72,82,1.146341463414634,0.04630896338925492,689,Rocket entry? Top floor.
1448,4039,2,8,72,82,1.146341463414634,0.04630896338925492,689,"Be back in five, going to get some more romaine lettuce."
1510,4039,1,10,71,82,1.146341463414634,0.0429349038421541,689,What? I missed my flight.
1511,4039,2,8,72,82,1.146341463414634,0.04630896338925492,689,Fifth Floor please.  5A is still having problems with her shower.
1517,4039,0,12,70,82,1.146341463414634,0.03927202370241041,689,"They were out of flu vaccine at Rite Aid, and I teach first grade at P.S. 186."
1543,4039,1,10,71,82,1.146341463414634,0.0429349038421541,689,"Sorry, this elevator only goes down."
1556,4039,1,10,71,82,1.146341463414634,0.0429349038421541,689,This is the express elevator so you may want to sit on that chair.
1576,4039,1,10,71,82,1.146341463414634,0.0429349038421541,689,"Good luck, and don't burn your fuse up there alone."
1588,4039,1,10,71,82,1.146341463414634,0.0429349038421541,689,First floor.  Perfumes and cosmetics.
1592,4039,2,8,72,82,1.146341463414634,0.04630896338925492,689,"Always a pleasure to see a gentleman dressed in a nice business suit, sir."
1659,4039,2,8,72,82,1.146341463414634,0.04630896338925492,689,Going way way way way up?
1676,4039,0,12,70,82,1.146341463414634,0.03927202370241041,689,What type of ship is this?
1690,4039,0,12,70,82,1.146341463414634,0.03927202370241041,689,Is this the right shuttle?
1974,4039,1,10,71,82,1.146341463414634,0.0429349038421541,689,Excuse me sir but the Halloween party was in October...
1705,4039,0,12,70,82,1.146341463414634,0.03927202370241041,689,"Sir, the atmosphere is not a floor."
1733,4039,1,10,71,82,1.146341463414634,0.0429349038421541,689,"Sir, this is a bank."
1745,4039,1,10,71,82,1.146341463414634,0.0429349038421541,689,36th floor at 7 G’s please
1766,4039,0,12,70,82,1.146341463414634,0.03927202370241041,689,I was told to expect and awkward atmosphere
1831,4039,0,12,70,82,1.146341463414634,0.03927202370241041,689,The casting call said “Astronaut type”.
1860,4039,0,12,70,82,1.146341463414634,0.03927202370241041,689,"You going way, way up?"
1872,4039,1,10,71,82,1.146341463414634,0.0429349038421541,689,"I'm scared of mosquitoes, Only mosquitoes."""
1444,4039,1,10,71,82,1.146341463414634,0.0429349038421541,689,"Break a leg, Mrs. Maisel!"
1905,4039,0,12,70,82,1.146341463414634,0.03927202370241041,689,"No sir, I don't have any Kleenex."
1910,4039,2,8,72,82,1.146341463414634,0.04630896338925492,689,"No, Sir. This is not the launch pad floor."
1938,4039,0,12,70,82,1.146341463414634,0.03927202370241041,689,"One small step for man, one working elevator for the building"
1949,4039,0,12,70,82,1.146341463414634,0.03927202370241041,689,"I’m sorry sir, this car only goes to the stratosphere"
1708,4039,1,10,71,82,1.146341463414634,0.0429349038421541,689,"Yes, all the way up...but you have to give me a 10 second count-down before you actually press the button."
3150,4277,1,12,84,97,1.1443298969072164,0.038745609222610576,689,"Sorry, which floor was it again? So anyway, Kubrick felt so guilty about deceiving the world that he dropped a bunch of hints about his involvement all throughout The Shining. There are plenty of YouTube videos on this if you've got the time."
2063,4278,1,9,68,78,1.141025641025641,0.04366020435906115,689,"Sir, fire sale was just a figure of speech."
924,4279,0,12,74,86,1.1395348837209303,0.03758361657235561,689,I’m sure your qualified. You made it to the 12th floor
1816,4280,1,9,69,79,1.139240506329114,0.04314095017892059,689,SpaceX installed this new button in the Wonka factory elevator?
4259,4280,0,11,68,79,1.139240506329114,0.03919912801985522,689,"I'm sorry, but we do not have an ""Aether"" button."
4194,4280,0,11,68,79,1.139240506329114,0.03919912801985522,689,These NASA budget cuts are getting out of hand
3122,4283,1,9,70,80,1.1375,0.042633817622437835,689,Mars ain’t the kind of place to raise your kids
3248,4283,2,7,71,80,1.1375,0.04619629964906088,689,I heard that the view from the rooftop terrace is out of this world.
3299,4283,1,9,70,80,1.1375,0.042633817622437835,689,"Fourth floor. Sporting goods, ladies lingerie. Kind of the same thing."
3309,4283,3,5,72,80,1.1375,0.049503068566184395,689,"Will you be exploring the penthouse again this evening, sir?"
3361,4283,2,7,71,80,1.1375,0.04619629964906088,689,"Houston, this guy doesn't know where the 5th floor is.."
5025,4283,0,11,69,80,1.1375,0.03874515077865563,689,"I'm sorry sir, escape velocity is only available for our penthouse guests."
3385,4283,2,7,71,80,1.1375,0.04619629964906088,689,I was surprised to see a chair in an elevator too! You guys have made things so comfortable since I got back.
3411,4283,1,9,70,80,1.1375,0.042633817622437835,689,"I’m sorry, did you mean ""headed to lunch?"""
3414,4283,2,7,71,80,1.1375,0.04619629964906088,689,"Look out, Sir . .Ma'am? .  .for Captain Space Farce . .He's tougher than he looks . . ."
3455,4283,1,9,70,80,1.1375,0.042633817622437835,689,Since when did hotels start charging for oxygen?
3594,4283,1,9,70,80,1.1375,0.042633817622437835,689,It's been a rare privilege to share your personal space.
3609,4283,0,11,69,80,1.1375,0.03874515077865563,689,Nope. This is a close as we can get you to the Space Shuttle. But there is a great Star Wars exhibit.
3611,4283,1,9,70,80,1.1375,0.042633817622437835,689,"But sir, the Air Quality Index is only 65 today."
3012,4283,0,11,69,80,1.1375,0.03874515077865563,689,the launching pad to your capsule is across the street
2990,4283,0,11,69,80,1.1375,0.03874515077865563,689,"Sorry, I can’t take you as high as you need to go."
2971,4283,1,9,70,80,1.1375,0.042633817622437835,689,"90,082,457th Floor"
2959,4283,2,7,71,80,1.1375,0.04619629964906088,689,10th floor.....perfumes and colognes
2235,4283,2,7,71,80,1.1375,0.04619629964906088,689,That's one small step for [a] man.
2257,4283,2,7,71,80,1.1375,0.04619629964906088,689,Is the Mrs. expecting you this year?
2276,4283,0,11,69,80,1.1375,0.03874515077865563,689,Mr. Musk is expecting you
2316,4283,1,9,70,80,1.1375,0.042633817622437835,689,"Sir, I must insist Mr. Musk is quite busy today."
2344,4283,1,9,70,80,1.1375,0.042633817622437835,689,Sure you work for NASA buddy. Come down from Mars and show me some ID.
2352,4283,0,11,69,80,1.1375,0.03874515077865563,689,"I'm sorry, sir...I only go to the top floor."
3639,4283,3,5,72,80,1.1375,0.049503068566184395,689,Sorry. This elevator only goes as high as the 14th floor.
2377,4283,0,11,69,80,1.1375,0.03874515077865563,689,"Ocean intrusion level, please."
2466,4283,2,7,71,80,1.1375,0.04619629964906088,689,The Executive Suite -- rarified turf indeed!
2493,4283,2,7,71,80,1.1375,0.04619629964906088,689,"If you're looking for space, this is the place."
2583,4283,2,7,71,80,1.1375,0.04619629964906088,689,"Sorry, since '73 this is as high as it gets."
2864,4283,1,9,70,80,1.1375,0.042633817622437835,689,I’ll announce you to Mr. &. Mrs. Jetson.
2887,4283,0,11,69,80,1.1375,0.03874515077865563,689,"Sorry, sir, this is as far down as we go."
2893,4283,0,11,69,80,1.1375,0.03874515077865563,689,"Ok, but 79,000 feet will take a while."
2450,4283,0,11,69,80,1.1375,0.03874515077865563,689,"Sorry sir, this elevator only goes down!"
3667,4283,2,7,71,80,1.1375,0.04619629964906088,689,"Economy, Business or First Class"
3741,4283,3,5,72,80,1.1375,0.049503068566184395,689,13th floor sir...
3806,4283,1,9,70,80,1.1375,0.042633817622437835,689,When I said to wear your suit from work I didn't mean...
5187,4283,1,9,70,80,1.1375,0.042633817622437835,689,All you need to get started is to take one small step.
2100,4283,0,11,69,80,1.1375,0.03874515077865563,689,But this IS the top floor sir....
4855,4283,1,9,70,80,1.1375,0.042633817622437835,689,Your Louis XVI bedroom with the luminous floor is down the hall to your right.
5317,4283,1,9,70,80,1.1375,0.042633817622437835,689,I thought you were taking the space elevator
5008,4283,1,9,70,80,1.1375,0.042633817622437835,689,"I'm sorry sir, this elevator does not go to infinity or beyond."
4875,4283,0,11,69,80,1.1375,0.03874515077865563,689,"NASA's G-Force simulator is broken, how many G's does this thing do?"
4785,4283,2,7,71,80,1.1375,0.04619629964906088,689,But I only go up to the 37th floor!
4784,4283,1,9,70,80,1.1375,0.042633817622437835,689,You still owe me a Christmas tip.
4734,4283,1,9,70,80,1.1375,0.042633817622437835,689,"Mezzanine - Sky, Moon, and Stars"
4642,4283,2,7,71,80,1.1375,0.04619629964906088,689,"Once more Charlie, time to unclog this $360 million residential tower's $6 outflow connection to the sewer system!"""
4595,4283,1,9,70,80,1.1375,0.042633817622437835,689,"I'm sorry, this elevator does not go that far."
4582,4283,1,9,70,80,1.1375,0.042633817622437835,689,The penthouse views in this building are out of this world!
4567,4283,1,9,70,80,1.1375,0.042633817622437835,689,We've redecorated the launch tower since you visited last.
4548,4283,0,11,69,80,1.1375,0.03874515077865563,689,SO unhealthy for most persons!
4547,4283,2,7,71,80,1.1375,0.04619629964906088,689,Need I ask?
4415,4283,1,9,70,80,1.1375,0.042633817622437835,689,"Pluto's a planet, Sir. I would know. VIVA LA PLUTO!"
4395,4283,1,9,70,80,1.1375,0.042633817622437835,689,This car doesn’t go to the bridge. You need to transfer on the twenty-eighth floor.
3822,4283,1,9,70,80,1.1375,0.042633817622437835,689,The staircase is a giant leap for mankind.
3847,4283,1,9,70,80,1.1375,0.042633817622437835,689,"Floor 92,955,807."
3858,4283,0,11,69,80,1.1375,0.03874515077865563,689,"One hundred twenty six millionth floor ... Rocks, regolith, and customer complaints departments"
3977,4283,0,11,69,80,1.1375,0.03874515077865563,689,"I'd love to go for lunch sir, but I just started my shift!"
4004,4283,1,9,70,80,1.1375,0.042633817622437835,689,"Lingerie, pajamas, air"
4060,4283,2,7,71,80,1.1375,0.04619629964906088,689,This is floor 10...then 9...then 8...then 7...then 6...
5171,4283,2,7,71,80,1.1375,0.04619629964906088,689,Good luck sir and rest assured that no one will know you are terrified of elevators.
4116,4283,0,11,69,80,1.1375,0.03874515077865563,689,"Ten seconds to lift-off...nine, eight, seven..."
4208,4283,1,9,70,80,1.1375,0.042633817622437835,689,I may be a tad too proud but I think you will find our hotel to be out of this world.
4228,4283,2,7,71,80,1.1375,0.04619629964906088,689,Gratuity of twenty percent for large trips above the roof.
4250,4283,1,9,70,80,1.1375,0.042633817622437835,689,"Sorry, was that ""seven"" or ""Saturn""? It was a bit muffled."
4282,4283,0,11,69,80,1.1375,0.03874515077865563,689,the President's Suite is down the corridor on your right
4338,4283,3,5,72,80,1.1375,0.049503068566184395,689,"Let me guess, Jared,"" said the concierge wearily. ""No tip today."
4359,4283,0,11,69,80,1.1375,0.03874515077865563,689,"Yes, sir, the lights are on and it is broad daylight outside."
4145,4283,2,7,71,80,1.1375,0.04619629964906088,689,Ground control to Major Tom...I see the recession hit you hard.
4882,4283,1,9,70,80,1.1375,0.042633817622437835,689,Which way to Mars?
3406,4283,0,11,69,80,1.1375,0.03874515077865563,689,I'm sure your room will have enough space.
2042,4283,0,11,69,80,1.1375,0.03874515077865563,689,Bon voyage!
866,4283,0,11,69,80,1.1375,0.03874515077865563,689,Please watch your one small step.
852,4283,1,9,70,80,1.1375,0.042633817622437835,689,"Going up, I assume?""
""Constellation Room or Starlight Lounge""
""The Dress Code clearly stated Black Tie."
845,4283,2,7,71,80,1.1375,0.04619629964906088,689,"Fifth floor - Men’s Department, casual clothes and footwear."
740,4283,1,9,70,80,1.1375,0.042633817622437835,689,I'm expanding my business into retail space.
708,4283,1,9,70,80,1.1375,0.042633817622437835,689,"That's one small step for man, one giant leap for Manhattan."
696,4283,1,9,70,80,1.1375,0.042633817622437835,689,I am sorry the penthouse was so disappointing.
657,4283,3,5,72,80,1.1375,0.049503068566184395,689,"I know you're going up, but this baby won't get you there. May I suggest you speak with Mr. Musk. He's in the penthouse."
635,4283,1,9,70,80,1.1375,0.042633817622437835,689,"I am afraid we don't go that high,Mr. Anderson."
628,4283,1,9,70,80,1.1375,0.042633817622437835,689,I think you jumped a little late.
627,4283,1,9,70,80,1.1375,0.042633817622437835,689,"""See?  I told you ..."
603,4283,1,9,70,80,1.1375,0.042633817622437835,689,"Fly me to the moon, please."
563,4283,2,7,71,80,1.1375,0.04619629964906088,689,"Yes sir, we ARE going up!"
505,4283,2,7,71,80,1.1375,0.04619629964906088,689,They’re getting pretty high these days.
490,4283,2,7,71,80,1.1375,0.04619629964906088,689,"If I can make it there, I’ll make it anywhere."
903,4283,0,11,69,80,1.1375,0.03874515077865563,689,Mars is to the left and up the escalator.
486,4283,0,11,69,80,1.1375,0.03874515077865563,689,Do you really think that will be one giant leap for mankind?
445,4283,3,5,72,80,1.1375,0.049503068566184395,689,"10,000 th floor:moon, mars,and beyond"
425,4283,0,11,69,80,1.1375,0.03874515077865563,689,"I beg your pardon, Commander - this isn't the express."
388,4283,1,9,70,80,1.1375,0.042633817622437835,689,"No liftoff, sorry.  All I can give you is off-lift."
376,4283,1,9,70,80,1.1375,0.042633817622437835,689,"The moon chairs are to your right."""
357,4283,0,11,69,80,1.1375,0.03874515077865563,689,Take one small step and you will be in the lobby
344,4283,1,9,70,80,1.1375,0.042633817622437835,689,"Exxon gave me this cool walk-the-Earth-without-imminent-death suit after I helped accidentally ice and boil a few countries with my old money, sick right?"
303,4283,1,9,70,80,1.1375,0.042633817622437835,689,"No, sir, I'm sorry, this isn't Mars. You're in Washington D.C."
297,4283,0,11,69,80,1.1375,0.03874515077865563,689,"I assure you, there's no button for Mars."
227,4283,1,9,70,80,1.1375,0.042633817622437835,689,"Sorry, Sir. The elevator only goes till the 273rd floor."
143,4283,1,9,70,80,1.1375,0.042633817622437835,689,Sorry this is the furthest we can go
140,4283,1,9,70,80,1.1375,0.042633817622437835,689,"‘Hue?’ ""Stan?"
93,4283,0,11,69,80,1.1375,0.03874515077865563,689,"I gotta say, this place has quite an atmosphere.."
77,4283,1,9,70,80,1.1375,0.042633817622437835,689,"One small step for man, one giant leap for mankind ‘  ,Oh ok, you must be heading up to COP 25‘"
24,4283,2,7,71,80,1.1375,0.04619629964906088,689,"Fancy dress party?” “Yeah, redundant job theme."
483,4283,1,9,70,80,1.1375,0.042633817622437835,689,"Try chewing gum, it’s only twelve floors."
976,4283,0,11,69,80,1.1375,0.03874515077865563,689,Penthouse please.
902,4283,1,9,70,80,1.1375,0.042633817622437835,689,The lobby is one small step ahead.
1018,4283,2,7,71,80,1.1375,0.04619629964906088,689,Down or up sir ?
2081,4283,1,9,70,80,1.1375,0.042633817622437835,689,You want the Express elevator. This one only goes to the stratosphere.
2030,4283,1,9,70,80,1.1375,0.042633817622437835,689,Sir! Space launches are on floor 4.
2008,4283,1,9,70,80,1.1375,0.042633817622437835,689,"Sooooo, this is NOT the gantry then."
1994,4283,2,7,71,80,1.1375,0.04619629964906088,689,I'm sorry to inform you this is not the Space Needle -- it's in Seattle.
1891,4283,0,11,69,80,1.1375,0.03874515077865563,689,Re-entry is scheduled no later than 5 PM
1866,4283,2,7,71,80,1.1375,0.04619629964906088,689,"Sorry, not his Ghost.... I'm Strong, only Strong but with Arms."
1857,4283,0,11,69,80,1.1375,0.03874515077865563,689,I love the open space concept of your penthouse.
1852,4283,1,9,70,80,1.1375,0.042633817622437835,689,"Yeah, it’s been a hell of a day. My bar bill will be astronomic."
1777,4283,0,11,69,80,1.1375,0.03874515077865563,689,"Sir, the penthouse is fully pressurized."
1767,4283,2,7,71,80,1.1375,0.04619629964906088,689,"I can take you as far as the two thousandth floor, but then you're on your own."
1739,4283,1,9,70,80,1.1375,0.042633817622437835,689,The penthouse is higher than you think.
1727,4283,0,11,69,80,1.1375,0.03874515077865563,689,I hear the view is great today
1720,4283,2,7,71,80,1.1375,0.04619629964906088,689,"Sorry, sir, the Chrysler Building cannot take off."
1697,4283,0,11,69,80,1.1375,0.03874515077865563,689,Flu season...
1682,4283,1,9,70,80,1.1375,0.042633817622437835,689,Got the day off?
1707,4283,0,11,69,80,1.1375,0.03874515077865563,689,What floor is probing?
1525,4283,1,9,70,80,1.1375,0.042633817622437835,689,"Aside from cost, it’s probably also less painful than Botox."
1045,4283,0,11,69,80,1.1375,0.03874515077865563,689,I’m sorry but  the elevator doesn’t go up that high.
1096,4283,0,11,69,80,1.1375,0.03874515077865563,689,"3,400,00th floor, sir?"
1171,4283,2,7,71,80,1.1375,0.04619629964906088,689,What floor Mr. West?
1585,4283,0,11,69,80,1.1375,0.03874515077865563,689,Please tell me there is still space available up there.
1358,4283,0,11,69,80,1.1375,0.03874515077865563,689,"I totally agree, sir.  . .especially the airborne."
1366,4283,2,7,71,80,1.1375,0.04619629964906088,689,I was told the atmosphere would be rarified.
1373,4283,1,9,70,80,1.1375,0.042633817622437835,689,It’s one small step for a man . . .
1327,4283,0,11,69,80,1.1375,0.03874515077865563,689,"Okayyy, not the launch party I expected."
1427,4283,0,11,69,80,1.1375,0.03874515077865563,689,"I'm sorry, going to the 13th floor is a moonshot."
1501,4283,3,5,72,80,1.1375,0.049503068566184395,689,"NASA sent me, I’ll take it up from here!"
1399,4283,1,9,70,80,1.1375,0.042633817622437835,689,"“Umpteenth Floor,  just go down the hall 
and out the door.  GO MAN, GO❗️”"
4837,4415,1,9,71,81,1.1358024691358024,0.0421383905330272,689,"Going up, i'm assuming?"
1453,4415,1,9,71,81,1.1358024691358024,0.0421383905330272,689,What do YOU mean we're going up?
2797,4415,2,7,72,81,1.1358024691358024,0.04565398046197679,689,Up 240 thousand miles please
4787,4415,0,11,70,81,1.1358024691358024,0.03830146187034216,689,"Basement, please."
4710,4419,2,7,73,82,1.1341463414634145,0.045124189174381345,689,"12th Floor
Ladies lingerie
and 
Launch Pad"
2863,4419,1,9,72,82,1.1341463414634145,0.04165427140633984,689,"Well, I wouldn’t exactly call it a *giant* leap."
4442,4419,0,11,71,82,1.1341463414634145,0.03786771981702473,689,"Enjoy your trip, Mr. Wilberforce and mind the gap."
3989,4419,0,11,71,82,1.1341463414634145,0.03786771981702473,689,Penthouse and beyond?
3291,4419,1,9,72,82,1.1341463414634145,0.04165427140633984,689,"Ah! Dressing like it’s your last day on earth? I admire you sir. If it were your—God forbid, day of demise—what splendid attire to be done in, in. I wish the Doormen Union was not so strict with dress code. We have to sleep and bathe in our uniforms."
23,4419,0,11,71,82,1.1341463414634145,0.03786771981702473,689,Can you hear me? Sorry I lost you there for a minute” -Major To
1363,4425,0,10,66,76,1.131578947368421,0.03903262361629298,689,"White silk scarves please.
They’re still in fashion, right? 
My boyfriend was a major fail; I mean come on, a Black scarf?  Like, where am I headed?  A black hole?"
3857,4425,0,10,66,76,1.131578947368421,0.03903262361629298,689,It’s a small step for a man.
1928,4427,0,11,73,84,1.130952380952381,0.037028783150812844,689,"Watch your step, Mr Armstrong, lest it becomes a leap in this gravity!"
5233,4428,2,6,69,77,1.12987012987013,0.04658776821420219,689,To Moon or to Boss?
3111,4428,2,6,69,77,1.12987012987013,0.04658776821420219,689,Another moon landing?
3123,4428,0,10,67,77,1.12987012987013,0.03856025347250398,689,"You will need to take one small step, sir, as this is your floor."
3184,4428,0,10,67,77,1.12987012987013,0.03856025347250398,689,You're still going to gasp when they tell you how much the rent is here.
3235,4428,2,6,69,77,1.12987012987013,0.04658776821420219,689,I get altitude sickness.
3399,4428,0,10,67,77,1.12987012987013,0.03856025347250398,689,"I’m afraid we’re a few hundred miles short of the ISS, sir."
3475,4428,1,8,68,77,1.12987012987013,0.04276279513224073,689,I just want a normal college experience.
3747,4428,1,8,68,77,1.12987012987013,0.04276279513224073,689,"Whaddya mean I have a funny-looking outfit? 
Take a look at yourself!"
3867,4428,0,10,67,77,1.12987012987013,0.03856025347250398,689,"10, 9, 8, 7, 6, 5, 4, 3, 2, 1...please."
3968,4428,2,6,69,77,1.12987012987013,0.04658776821420219,689,New shuttle still not ready?
4063,4428,0,10,67,77,1.12987012987013,0.03856025347250398,689,"Buzz was wise to ""Chilli Tuesday"" in the staff cafeteria."
4244,4428,0,10,67,77,1.12987012987013,0.03856025347250398,689,"The earth is really octagonal, isn't it?"
4281,4428,0,10,67,77,1.12987012987013,0.03856025347250398,689,"Skywalk, I presume?"
4386,4428,1,8,68,77,1.12987012987013,0.04276279513224073,689,"Yes, it goes up. No, it is not going to be a space shot."
4394,4428,0,10,67,77,1.12987012987013,0.03856025347250398,689,There's space available on this floor.
4468,4428,1,8,68,77,1.12987012987013,0.04276279513224073,689,The 'Starlight Roof' is the 19th floor.
4598,4428,1,8,68,77,1.12987012987013,0.04276279513224073,689,I've set the course. But I can't go along for the ride.
4605,4428,1,8,68,77,1.12987012987013,0.04276279513224073,689,"Do you count down from ten, or me?"
4953,4428,3,4,70,77,1.12987012987013,0.050121688387747526,689,"Sorry, I'm supposed to get out on the 85092102nd floor."
5040,4428,2,6,69,77,1.12987012987013,0.04658776821420219,689,Your reentry approach was bumpy.
5247,4428,0,10,67,77,1.12987012987013,0.03856025347250398,689,"I'll put on turbo, sir.  But can't promise anything."
2769,4428,2,6,69,77,1.12987012987013,0.04658776821420219,689,The turn to “disinformation” reminds me of the way “ideology” worked against social theory in the 1960s.
2755,4428,2,6,69,77,1.12987012987013,0.04658776821420219,689,I'm so sorry your toilet exploded.  Better luck next time.
3963,4428,0,10,67,77,1.12987012987013,0.03856025347250398,689,Please watch your giant leap as you exit.
2647,4428,1,8,68,77,1.12987012987013,0.04276279513224073,689,Floor one... no need for the giant leap.
2421,4428,0,10,67,77,1.12987012987013,0.03856025347250398,689,"Sir, the music playing then was ""A Foggy Day"". But we've arrived ""On A Clear Day""."
2408,4428,2,6,69,77,1.12987012987013,0.04658776821420219,689,I wish my honeymoon had been as exciting
2359,4428,1,8,68,77,1.12987012987013,0.04276279513224073,689,"Glad to see you getting out, Mr. Kelly, even though our air quality can't match pure O2."
105,4428,0,10,67,77,1.12987012987013,0.03856025347250398,689,"It’s called #Fashion, Frank"
2149,4428,0,10,67,77,1.12987012987013,0.03856025347250398,689,"The most toxic Xmas party is in 1307, but they are big tippers."
2102,4428,1,8,68,77,1.12987012987013,0.04276279513224073,689,Liftoff... it's all relative.
1791,4428,1,8,68,77,1.12987012987013,0.04276279513224073,689,"They're on the left, and no, I can't assist you any further."
413,4428,0,10,67,77,1.12987012987013,0.03856025347250398,689,Need a breath mint?
1516,4428,0,10,67,77,1.12987012987013,0.03856025347250398,689,"Space is not here on earth, over and out!!"
457,4428,0,10,67,77,1.12987012987013,0.03856025347250398,689,"I’m sorry, what did you say about a giant leap?"
1478,4428,1,8,68,77,1.12987012987013,0.04276279513224073,689,"Sorry we were unable to reach escape velocity, sir."
629,4428,1,8,68,77,1.12987012987013,0.04276279513224073,689,"I agree,  the fragrance spritzers are a bit insistent..."
1319,4428,0,10,67,77,1.12987012987013,0.03856025347250398,689,"Sir, I'm afraid the space elevator is still on the drawing board....."
1280,4428,0,10,67,77,1.12987012987013,0.03856025347250398,689,"‘I’m sorry, it doesn’t come with a seat belt.’"
858,4428,1,8,68,77,1.12987012987013,0.04276279513224073,689,I'm sorry.  I'm going down.
4130,4468,0,10,68,78,1.1282051282051282,0.038099080213023176,689,I spent too much time on WebMD.
213,4469,1,6,56,63,1.126984126984127,0.04795918799660978,689,"To Uranus, please."
1568,4469,1,6,56,63,1.126984126984127,0.04795918799660978,689,"What up, BRUHHH...?"
3038,4471,1,8,71,80,1.125,0.041242567416306754,689,The Star Terrace is to your right.
2147,4471,0,10,70,80,1.125,0.0372087848617242,689,"The 32nd balcony was two scary.
I was afraid I' couldn't open the ripcord
fast enough on any of the lower floors."
2664,4471,1,8,71,80,1.125,0.041242567416306754,689,"Can you jump to get that weightless feelin'?  Go for it, buddy!"
95,4474,0,9,64,73,1.1232876712328768,0.038745577051317676,689,"Do you mina if we do a countdown before you push the button e""  ("
2074,4474,0,9,64,73,1.1232876712328768,0.038745577051317676,689,I told them I'd meet them on the roof.
1946,4474,0,9,64,73,1.1232876712328768,0.038745577051317676,689,"No, not up.  Down.  Center of the Earth, please."
3052,4474,0,9,64,73,1.1232876712328768,0.038745577051317676,689,Take the stairs wise guy.
4476,4474,0,9,64,73,1.1232876712328768,0.038745577051317676,689,Launching or re-launching?
1504,4474,1,7,65,73,1.1232876712328768,0.043378995433789966,689,Did somebody pass gas???
251,4480,0,10,72,82,1.1219512195121952,0.03635882890243561,689,Next stop Mars.
3761,4481,1,7,66,74,1.1216216216216217,0.04282120038926688,689,Do you need me to call a cab?
3871,4481,1,7,66,74,1.1216216216216217,0.04282120038926688,689,"Sir, The  Space-Time Continuum requires a coat and tie."
3504,4481,2,5,67,74,1.1216216216216217,0.04694559031179952,689,Oops. I must have pressed 009 instead of 909
3509,4481,2,5,67,74,1.1216216216216217,0.04694559031179952,689,"WAIT A MINUTE
I LEFT THE IRON ON"
3540,4481,2,5,67,74,1.1216216216216217,0.04694559031179952,689,"This is five, are you going to infinity and beyond?"
3897,4481,2,5,67,74,1.1216216216216217,0.04694559031179952,689,'Up?'  Seriously?
3541,4481,0,9,65,74,1.1216216216216217,0.03825469848047654,689,Here ya go Major Tom.
3936,4481,1,7,66,74,1.1216216216216217,0.04282120038926688,689,"Sorry, it's out of order. You'll have to moonwalk instead."
3553,4481,1,7,66,74,1.1216216216216217,0.04282120038926688,689,Sorry -85 is as high as we go in this one.
3584,4481,2,5,67,74,1.1216216216216217,0.04694559031179952,689,"All the way up, mate!"
3612,4481,1,7,66,74,1.1216216216216217,0.04282120038926688,689,This elevator doesn’t go that high.  Ou want NASA.
3623,4481,1,7,66,74,1.1216216216216217,0.04282120038926688,689,"Sorry, this elevator car only goes to the 45,218th floor."
3641,4481,1,7,66,74,1.1216216216216217,0.04282120038926688,689,"8,735,246th floor, please."
3720,4481,0,9,65,74,1.1216216216216217,0.03825469848047654,689,"Hey, not THAT far up."
3832,4481,0,9,65,74,1.1216216216216217,0.03825469848047654,689,Our rockets are made in the USSR
3729,4481,2,5,67,74,1.1216216216216217,0.04694559031179952,689,Am I there yet?
3738,4481,0,9,65,74,1.1216216216216217,0.03825469848047654,689,"If you knew you were going to stink up the elevator, why not just take the stairs?"
3495,4481,0,9,65,74,1.1216216216216217,0.03825469848047654,689,"As I said, the sky’s the limit."
5337,4481,1,7,66,74,1.1216216216216217,0.04282120038926688,689,"Yeah, chicks dig astronauts and they will do A-N-Y-T-H-I-N-G when they know you are leaving for a mission and they may never see you again. Anyway, thanks for the lift bro. Im 'bout to go get my fuck on and shoot off like Apollo 11, knaw wut I mean?"
3457,4481,0,9,65,74,1.1216216216216217,0.03825469848047654,689,Up to the Future
2992,4481,1,7,66,74,1.1216216216216217,0.04282120038926688,689,Space please.
3036,4481,0,9,65,74,1.1216216216216217,0.03825469848047654,689,Be careful on your first step.
3057,4481,0,9,65,74,1.1216216216216217,0.03825469848047654,689,I believe the tailor is on the fifth floor.
3980,4481,0,9,65,74,1.1216216216216217,0.03825469848047654,689,"No, we don't go as far as the moon."
3070,4481,0,9,65,74,1.1216216216216217,0.03825469848047654,689,"Sir, I'm afraid this elevator does not go that high.
Rebecca L. Hawkins, M.D."
3088,4481,0,9,65,74,1.1216216216216217,0.03825469848047654,689,"Sir, the space elevator is next door..."
3105,4481,1,7,66,74,1.1216216216216217,0.04282120038926688,689,You going up or down?
3155,4481,1,7,66,74,1.1216216216216217,0.04282120038926688,689,I can’t see too well in this thing so let me know when we get up into orbit.
3175,4481,0,9,65,74,1.1216216216216217,0.03825469848047654,689,"Sixth floor, please, planetarium."
3186,4481,0,9,65,74,1.1216216216216217,0.03825469848047654,689,Go higher? This is the top floor.
3194,4481,1,7,66,74,1.1216216216216217,0.04282120038926688,689,It's not like I have a pocket to put them in
3202,4481,1,7,66,74,1.1216216216216217,0.04282120038926688,689,"Actually, the hotel shuttle is on the ground floor."
3302,4481,0,9,65,74,1.1216216216216217,0.03825469848047654,689,"Take it easy, Homeland Security
isn't worried about refugees from friendly nations."
3307,4481,1,7,66,74,1.1216216216216217,0.04282120038926688,689,"You'll be fine here, in our building all women come from Venus."
3338,4481,1,7,66,74,1.1216216216216217,0.04282120038926688,689,Fifth floor and hurry. I left the keys to the spaceship in my other suit...
3358,4481,1,7,66,74,1.1216216216216217,0.04282120038926688,689,"I assume you're on floor 1,000?"
3365,4481,2,5,67,74,1.1216216216216217,0.04694559031179952,689,"Boy Santa, the new outfit looks good, but really, no more chimneys?"
3415,4481,1,7,66,74,1.1216216216216217,0.04282120038926688,689,"The 81st Floor?!? We only have 33!""                   J K Fuller. GENOA, N"
3426,4481,1,7,66,74,1.1216216216216217,0.04282120038926688,689,La Jake
3476,4481,0,9,65,74,1.1216216216216217,0.03825469848047654,689,Doesn't this thing go up any higher?
4001,4481,1,7,66,74,1.1216216216216217,0.04282120038926688,689,You might prefer the express elevator.
4881,4481,1,7,66,74,1.1216216216216217,0.04282120038926688,689,Bellhop: “and we’re going up in 5..4..3..2..1 And we have lift off from lobby”
4050,4481,1,7,66,74,1.1216216216216217,0.04282120038926688,689,"T-minus 10, 9, 8, 7 ..."
4931,4481,1,7,66,74,1.1216216216216217,0.04282120038926688,689,"When the doors close, will you be counting down the time to liftoff?"
4959,4481,0,9,65,74,1.1216216216216217,0.03825469848047654,689,Forget to tip the Alien BellHopper at your peril!
4973,4481,0,9,65,74,1.1216216216216217,0.03825469848047654,689,Decompression room to the right but don't forget to wipe your shoes before you go in.
4984,4481,1,7,66,74,1.1216216216216217,0.04282120038926688,689,Thirteens. Am I right?
4989,4481,1,7,66,74,1.1216216216216217,0.04282120038926688,689,"I believe your Rover is waiting, sir... ma'am... martian?"
5006,4481,0,9,65,74,1.1216216216216217,0.03825469848047654,689,"I'm sorry, this elevator only goes to the stratosphere."
5009,4481,1,7,66,74,1.1216216216216217,0.04282120038926688,689,"Lunarhouse, sir."
5038,4481,1,7,66,74,1.1216216216216217,0.04282120038926688,689,"Theoretical or not, I assure you, Sir, that this is not a space elevator."
5052,4481,0,9,65,74,1.1216216216216217,0.03825469848047654,689,"For the 10,000th floor, you want the express."
4919,4481,2,5,67,74,1.1216216216216217,0.04694559031179952,689,have a lovely flight Sir
5055,4481,1,7,66,74,1.1216216216216217,0.04282120038926688,689,I think you’ll find space savers on the fourth floor.
5110,4481,0,9,65,74,1.1216216216216217,0.03825469848047654,689,"Heaven, please."
5134,4481,0,9,65,74,1.1216216216216217,0.03825469848047654,689,Weightlessness withdrawals?
5181,4481,2,5,67,74,1.1216216216216217,0.04694559031179952,689,"Five, four, three, two, one?"
5284,4481,0,9,65,74,1.1216216216216217,0.03825469848047654,689,I don't know if she can take us that far up!
5287,4481,1,7,66,74,1.1216216216216217,0.04282120038926688,689,What? Did I forget to put my pants on? AGAIN?!
2982,4481,0,9,65,74,1.1216216216216217,0.03825469848047654,689,"Floor B1, satellites, drones, space wreckage, helmet cams, freeze dried food, American flags, golf balls and face mask cleaner..."
5306,4481,0,9,65,74,1.1216216216216217,0.03825469848047654,689,To the 13th floor and beyond please.
5323,4481,1,7,66,74,1.1216216216216217,0.04282120038926688,689,"Pretty nasty suit fire, from what I hear."
5348,4481,1,7,66,74,1.1216216216216217,0.04282120038926688,689,We will ensure you have a proper countdown to lift off for next time.
5094,4481,0,9,65,74,1.1216216216216217,0.03825469848047654,689,"Are you sure it's not the roof you want, sir?"
4019,4481,0,9,65,74,1.1216216216216217,0.03825469848047654,689,"Can you talk loader?”
Don Dechman, Austin, T"
4918,4481,0,9,65,74,1.1216216216216217,0.03825469848047654,689,It'll be faster in a rocket over at the cape
4880,4481,1,7,66,74,1.1216216216216217,0.04282120038926688,689,Second Planet Please
4106,4481,0,9,65,74,1.1216216216216217,0.03825469848047654,689,"Dare I say ""Blast off!"""
4143,4481,1,7,66,74,1.1216216216216217,0.04282120038926688,689,Astronauts are really down to Earth.
4159,4481,2,5,67,74,1.1216216216216217,0.04694559031179952,689,"It's based on quantum gravity, sir."
4167,4481,0,9,65,74,1.1216216216216217,0.03825469848047654,689,A rocket? I thought that was just people getting busy on the tenth floor.
4185,4481,0,9,65,74,1.1216216216216217,0.03825469848047654,689,"3.....2.....1......, Lift ....your left foot... off... the floor and step out."
4209,4481,0,9,65,74,1.1216216216216217,0.03825469848047654,689,"10? 9? 8?...""
""Basement bachelorette party."
4242,4481,1,7,66,74,1.1216216216216217,0.04282120038926688,689,I always wanted to try one of those MRE's. Are they any good
4438,4481,0,9,65,74,1.1216216216216217,0.03825469848047654,689,"128632, please"
4519,4481,0,9,65,74,1.1216216216216217,0.03825469848047654,689,What floor is the swimming pool on?
4913,4481,2,5,67,74,1.1216216216216217,0.04694559031179952,689,"Godspeed, 3rd floor."
4562,4481,0,9,65,74,1.1216216216216217,0.03825469848047654,689,The launchroom?
4609,4481,0,9,65,74,1.1216216216216217,0.03825469848047654,689,"I KNOW YOU WANT ""UP""  BUT  I'M ALREADY  GOING DOWN!"
4614,4481,1,7,66,74,1.1216216216216217,0.04282120038926688,689,"And, your suit is rated for how many G's, Sir ?"
4705,4481,0,9,65,74,1.1216216216216217,0.03825469848047654,689,"Take me to the moon, Jensen."
4804,4481,1,7,66,74,1.1216216216216217,0.04282120038926688,689,"Yes, sir. I'm still holding my breath, sir."
4809,4481,0,9,65,74,1.1216216216216217,0.03825469848047654,689,Are you going into outer space or down into water?
4827,4481,0,9,65,74,1.1216216216216217,0.03825469848047654,689,You're safe.  There's zero-g's.
4830,4481,0,9,65,74,1.1216216216216217,0.03825469848047654,689,Just trying  to hide myself from the world
4834,4481,1,7,66,74,1.1216216216216217,0.04282120038926688,689,Wrong station
4842,4481,0,9,65,74,1.1216216216216217,0.03825469848047654,689,"what floor sir ?
go up to the moon"
4602,4481,1,7,66,74,1.1216216216216217,0.04282120038926688,689,This is Ground Concourse 2 Major Tom.
2968,4481,1,7,66,74,1.1216216216216217,0.04282120038926688,689,"Strato-floor, please."
2268,4481,1,7,66,74,1.1216216216216217,0.04282120038926688,689,"I think you're looking for sub-basement, sir."
2903,4481,2,5,67,74,1.1216216216216217,0.04694559031179952,689,"I'm sorry sir but in this building 35 is the limit, not the sky."
589,4481,0,9,65,74,1.1216216216216217,0.03825469848047654,689,Sure we have a wide open space.
599,4481,1,7,66,74,1.1216216216216217,0.04282120038926688,689,Did you say 'Space Force' ?
602,4481,0,9,65,74,1.1216216216216217,0.03825469848047654,689,"Sir, did you mean to get on the space elevator next door?"
618,4481,1,7,66,74,1.1216216216216217,0.04282120038926688,689,"I’m sorry, there’s no button for Zooptah."
625,4481,0,9,65,74,1.1216216216216217,0.03825469848047654,689,Exhilarating.
682,4481,3,3,68,74,1.1216216216216217,0.050735802907502126,689,"Ground floor Major Toms. Control Room is down the hall. 

Collier Holmes
Fairhope, Al"
714,4481,2,5,67,74,1.1216216216216217,0.04694559031179952,689,Next time try the surface elevator.
796,4481,0,9,65,74,1.1216216216216217,0.03825469848047654,689,It beats a walk up
549,4481,0,9,65,74,1.1216216216216217,0.03825469848047654,689,Take me to the Sky Room.
834,4481,1,7,66,74,1.1216216216216217,0.04282120038926688,689,"Sir, this only goes up to 12."
965,4481,0,9,65,74,1.1216216216216217,0.03825469848047654,689,"20th floor is as high as I go sir, you'll have to find another way to the moon."
974,4481,1,7,66,74,1.1216216216216217,0.04282120038926688,689,Directions to Venus?  You'll have to ask the concierge.
995,4481,0,9,65,74,1.1216216216216217,0.03825469848047654,689,I’m just done.  Up please.
1000,4481,0,9,65,74,1.1216216216216217,0.03825469848047654,689,"Please exit carefully, even if it's one small step for a man."
1019,4481,1,7,66,74,1.1216216216216217,0.04282120038926688,689,Funding cuts...afraid you'll have to walk the remaining ten floors to the capsule.
1033,4481,0,9,65,74,1.1216216216216217,0.03825469848047654,689,"It’s the latest in pollution fashion, Henry. Yours is on the way. Between the tenants and the air quality, I figured you could use the protection."
1036,4481,1,7,66,74,1.1216216216216217,0.04282120038926688,689,Take me outta this world!
1076,4481,1,7,66,74,1.1216216216216217,0.04282120038926688,689,Going up or to the costume ball
905,4481,0,9,65,74,1.1216216216216217,0.03825469848047654,689,Charlie testing the Wonka-Vator 2.0
1131,4481,0,9,65,74,1.1216216216216217,0.03825469848047654,689,"This is as high as we go, bub."
462,4481,1,7,66,74,1.1216216216216217,0.04282120038926688,689,"The offices of Cosmo are on the 40th floor, but I'm not sure how you'll get to the Cosmos from here."
411,4481,1,7,66,74,1.1216216216216217,0.04282120038926688,689,Next shaft.
2,4481,2,5,67,74,1.1216216216216217,0.04694559031179952,689,They weren’t kidding about that penthouse in the sky
22,4481,0,9,65,74,1.1216216216216217,0.03825469848047654,689,"Up or down, Sir?”  “Up, my kid was drawing a masterpiece”"
28,4481,0,9,65,74,1.1216216216216217,0.03825469848047654,689,"Ah yes, going all the way up! 47"
54,4481,0,9,65,74,1.1216216216216217,0.03825469848047654,689,‘Earth orbits parking lot. Left my roadster there...’
76,4481,0,9,65,74,1.1216216216216217,0.03825469848047654,689,"Sorry, we dont go that far up."
123,4481,0,9,65,74,1.1216216216216217,0.03825469848047654,689,"Ya know, we’ve been  debating whether to call it the 9th floor or the 9th tier"
152,4481,2,5,67,74,1.1216216216216217,0.04694559031179952,689,HA HA HA! | WAS OUT THERE FOR JUST A WEEK AND TOTALLY  FORGOT ABOUT GRAVITY
174,4481,0,9,65,74,1.1216216216216217,0.03825469848047654,689,Power dressing for millenials
448,4481,1,7,66,74,1.1216216216216217,0.04282120038926688,689,Second floor!  Acrophobia clinic is in room six.
183,4481,1,7,66,74,1.1216216216216217,0.04282120038926688,689,Welcome back Mrs. Portman! - My name Is Lucy.
202,4481,0,9,65,74,1.1216216216216217,0.03825469848047654,689,"Excuse me, is this the  level of the Moon Headquarters?"
224,4481,0,9,65,74,1.1216216216216217,0.03825469848047654,689,This is as high as it goes.
242,4481,0,9,65,74,1.1216216216216217,0.03825469848047654,689,High society lounge space?
243,4481,1,7,66,74,1.1216216216216217,0.04282120038926688,689,Oh Mr Armstrong the moon landing recording is over?
249,4481,1,7,66,74,1.1216216216216217,0.04282120038926688,689,IT had no other clean clothes
304,4481,0,9,65,74,1.1216216216216217,0.03825469848047654,689,"Regularmoon suite, please."
377,4481,2,5,67,74,1.1216216216216217,0.04694559031179952,689,"5, 4, 3, 2, 1...

-Willa Jaymes, Rhinecliff, NY"
386,4481,1,7,66,74,1.1216216216216217,0.04282120038926688,689,I don't like shaking hands
185,4481,0,9,65,74,1.1216216216216217,0.03825469848047654,689,I will just check up on a friend and
1182,4481,0,9,65,74,1.1216216216216217,0.03825469848047654,689,"Here is where you take one giant leap for mankind, sir."
1110,4481,0,9,65,74,1.1216216216216217,0.03825469848047654,689,"Highest floor, please. Obviously."
1214,4481,1,7,66,74,1.1216216216216217,0.04282120038926688,689,"Let me guess, Rent the Runway?"
2139,4481,0,9,65,74,1.1216216216216217,0.03825469848047654,689,Shall I take you to the top or the bottom?
2152,4481,1,7,66,74,1.1216216216216217,0.04282120038926688,689,"4... 3... 2... 1... Lunar Lounge, please!"
2216,4481,0,9,65,74,1.1216216216216217,0.03825469848047654,689,Sir-Top floor is forty feet above  sea level
2281,4481,1,7,66,74,1.1216216216216217,0.04282120038926688,689,"Vite! Ou est le toilet, s'il vous plait."
2312,4481,1,7,66,74,1.1216216216216217,0.04282120038926688,689,What do you mean that elevator doesn't go to space?
2331,4481,1,7,66,74,1.1216216216216217,0.04282120038926688,689,Penthouse? Practice flight?
2353,4481,0,9,65,74,1.1216216216216217,0.03825469848047654,689,"I told you before, this elevator only goes down."
2373,4481,1,7,66,74,1.1216216216216217,0.04282120038926688,689,Be sure to give me a heads up when you expect to touch down.
2494,4481,1,7,66,74,1.1216216216216217,0.04282120038926688,689,"Great job kids, they didn’t suspect a thing!"
2535,4481,1,7,66,74,1.1216216216216217,0.04282120038926688,689,"Mr. Kubrick's Suite is left, then 2nd on the right..."
2657,4481,1,7,66,74,1.1216216216216217,0.04282120038926688,689,Nothing beats that penthouse view!
2707,4481,0,9,65,74,1.1216216216216217,0.03825469848047654,689,Do you know if the flat Earth convention is in town?
2716,4481,0,9,65,74,1.1216216216216217,0.03825469848047654,689,Your capsule awaits.
2731,4481,0,9,65,74,1.1216216216216217,0.03825469848047654,689,"Floor 130,944 please..."
2740,4481,2,5,67,74,1.1216216216216217,0.04694559031179952,689,"You think I don’t recognise you in that suit, Jerry? You’re trying to fuck my wife again, aren’t you? You’re not even a real astronaut you sonuva bitch!"
2776,4481,2,5,67,74,1.1216216216216217,0.04694559031179952,689,"The Space Force Headquarters floor, Sir?"
2814,4481,2,5,67,74,1.1216216216216217,0.04694559031179952,689,"Welcome to Beijing
Enjoy your jog sir!"
2886,4481,1,7,66,74,1.1216216216216217,0.04282120038926688,689,I’m looking for the new elevator to the moon but First I need to stop at Macy’s to do my Christmas shopping.
2890,4481,1,7,66,74,1.1216216216216217,0.04282120038926688,689,Space Station? To your left.
1209,4481,1,7,66,74,1.1216216216216217,0.04282120038926688,689,You will probably survive New Delhi with that.
2106,4481,2,5,67,74,1.1216216216216217,0.04694559031179952,689,I want you to know that Christmas bonus was out of this world.
2109,4481,1,7,66,74,1.1216216216216217,0.04282120038926688,689,We're dealing with serious budget issues.
2067,4481,0,9,65,74,1.1216216216216217,0.03825469848047654,689,Musk?
1241,4481,1,7,66,74,1.1216216216216217,0.04282120038926688,689,Third floor today Mr. Jones?
1259,4481,1,7,66,74,1.1216216216216217,0.04282120038926688,689,Sorry for the cramped space.
1314,4481,1,7,66,74,1.1216216216216217,0.04282120038926688,689,Ghostbusters! What do you want?
1384,4481,1,7,66,74,1.1216216216216217,0.04282120038926688,689,I think I got the wrong floor.
1477,4481,1,7,66,74,1.1216216216216217,0.04282120038926688,689,"Umm, the Farmers' Almanac says we are not getting snow until January...you might want to rethink your outfit."
1566,4481,0,9,65,74,1.1216216216216217,0.03825469848047654,689,"You can only get up there with the stairs from here, sir."
2069,4481,2,5,67,74,1.1216216216216217,0.04694559031179952,689,Ahead one giant step for lingerie.
1605,4481,0,9,65,74,1.1216216216216217,0.03825469848047654,689,"This elevator only goes as far as the twelfth floor"".."
1645,4481,1,7,66,74,1.1216216216216217,0.04282120038926688,689,"If we go that high, then we might break the fourth wall."
1569,4481,0,9,65,74,1.1216216216216217,0.03825469848047654,689,Enough with the prunes!
1746,4481,1,7,66,74,1.1216216216216217,0.04282120038926688,689,Hi! This is Universal Studios. If you believe they put a man on the moon. Take your pills.
1748,4481,1,7,66,74,1.1216216216216217,0.04282120038926688,689,"Morning,Frank. Knicks lose again. Shocker. I'm running out for a Tang,you want one?"
1771,4481,0,9,65,74,1.1216216216216217,0.03825469848047654,689,There's a new Uber drone stop on the roof.
1780,4481,1,7,66,74,1.1216216216216217,0.04282120038926688,689,The Fragrance section is to the left.
1982,4481,0,9,65,74,1.1216216216216217,0.03825469848047654,689,All the way up!
2017,4481,2,5,67,74,1.1216216216216217,0.04694559031179952,689,Sorry - this elevator doesn't go that far up.
2059,4481,1,7,66,74,1.1216216216216217,0.04282120038926688,689,Space Station viewing is the best on this floor.
1649,4481,0,9,65,74,1.1216216216216217,0.03825469848047654,689,For some reason I always want to take the express.
2935,4481,0,9,65,74,1.1216216216216217,0.03825469848047654,689,"Sorry, but there is no roof access from this elevator."
5176,4658,0,9,66,75,1.12,0.037776011264121404,689,"Safe travels out there, sir.  There are a lot of crazy drivers on the freeway."
642,4658,1,7,67,75,1.12,0.04227750450756747,689,"Here you go Commander, you can catch the express elevator to Saturn on this floor"
3269,4658,1,7,67,75,1.12,0.04227750450756747,689,Which Floor?
2802,4658,0,9,66,75,1.12,0.037776011264121404,689,"To the Top Floor!
And Beyond!"
958,4658,0,9,66,75,1.12,0.037776011264121404,689,What floor Maj. Tom?
220,4658,1,7,67,75,1.12,0.04227750450756747,689,The floor is essentially tile
2188,4664,0,9,67,76,1.118421052631579,0.03730907073357324,689,"Coming back down is really hard, man!"
2695,4665,0,9,68,77,1.1168831168831168,0.036853453360789,689,What are you waiting for? David Pumpkins?
4808,4666,1,6,63,70,1.1142857142857143,0.0433716527952698,689,Will the 73rd floor suffice for infinity and beyond?
2913,4666,1,6,63,70,1.1142857142857143,0.0433716527952698,689,"This is it, sir. We don't have a 240,000th floor."
1903,4666,0,8,62,70,1.1142857142857143,0.038301717862847806,689,"Unfortunately, your wife is also no stranger to re-entry."
81,4669,0,8,63,71,1.1126760563380282,0.037792698211264054,689,Did I win?
3461,4669,0,8,63,71,1.1126760563380282,0.037792698211264054,689,"One giant leap, sir?"
3474,4669,1,6,64,71,1.1126760563380282,0.04278670967729594,689,"Sorry, sir, we don't have a 5,237th floor."
3513,4669,1,6,64,71,1.1126760563380282,0.04278670967729594,689,"Ast or not, only Wrights allowed on this floor!"
3546,4669,0,8,63,71,1.1126760563380282,0.037792698211264054,689,It’s my bachelorette blastoff costume.
3547,4669,0,8,63,71,1.1126760563380282,0.037792698211264054,689,That's right Mr. Johnson...No flu for you. No flu for you.
3577,4669,0,8,63,71,1.1126760563380282,0.037792698211264054,689,"Sorry, this one only goes up 35 floors- take the express on the lobby side."
3588,4669,0,8,63,71,1.1126760563380282,0.037792698211264054,689,The space station is on a higher floor.
3643,4669,1,6,64,71,1.1126760563380282,0.04278670967729594,689,The 'no ozone' bar has moved to the 5th floor.
3460,4669,0,8,63,71,1.1126760563380282,0.037792698211264054,689,Floor five: notions and stationery
3704,4669,0,8,63,71,1.1126760563380282,0.037792698211264054,689,"To infinity and beyond, thank you."
3710,4669,0,8,63,71,1.1126760563380282,0.037792698211264054,689,"I’m sorry, Sir.  This elevator only goes to the 23rd floor."
3713,4669,0,8,63,71,1.1126760563380282,0.037792698211264054,689,Put the restrooms on the floor above the food court.... What would you expect?!
3754,4669,0,8,63,71,1.1126760563380282,0.037792698211264054,689,There are quicker ways to space than this elevator.
3789,4669,0,8,63,71,1.1126760563380282,0.037792698211264054,689,"Floor 118, Sir. The rarefied atmosphere of the Executive Dining Room awaits, second door on the right."
3795,4669,0,8,63,71,1.1126760563380282,0.037792698211264054,689,"Hey dude ,you should check out the awesome plant around the corner."
3807,4669,1,6,64,71,1.1126760563380282,0.04278670967729594,689,"3rd floor; Sinks, Toilets and Spaceforce"
3614,4669,1,6,64,71,1.1126760563380282,0.04278670967729594,689,...with possible cosmic ray flurries
3397,4669,0,8,63,71,1.1126760563380282,0.037792698211264054,689,"Sorry sir, the elevator doesn't go quite that high."
3328,4669,1,6,64,71,1.1126760563380282,0.04278670967729594,689,"I'm sorry you have to pass by the perfume counter again, sir."
3369,4669,0,8,63,71,1.1126760563380282,0.037792698211264054,689,I think you're at the wrong station!
2817,4669,0,8,63,71,1.1126760563380282,0.037792698211264054,689,"The men's room is one small 'step down' the hallway, but how do you....."
2823,4669,0,8,63,71,1.1126760563380282,0.037792698211264054,689,Ground floor.  Space Force office is on your right.
2828,4669,0,8,63,71,1.1126760563380282,0.037792698211264054,689,"The zero gravity simulator is broken, so ground floor at top speed, please."
2850,4669,0,8,63,71,1.1126760563380282,0.037792698211264054,689,Whadaya mean it only goes to the 88th floor?
2899,4669,1,6,64,71,1.1126760563380282,0.04278670967729594,689,"But we don't have an ""outer space"" floor."
2925,4669,0,8,63,71,1.1126760563380282,0.037792698211264054,689,"Sir,I think you me looking for the sub-basement"
2966,4669,0,8,63,71,1.1126760563380282,0.037792698211264054,689,We've arrived in space. Please watch your step.
2978,4669,0,8,63,71,1.1126760563380282,0.037792698211264054,689,Top floor - form here on you're on your own
3380,4669,0,8,63,71,1.1126760563380282,0.037792698211264054,689,I can only take you to the top floor.
2987,4669,0,8,63,71,1.1126760563380282,0.037792698211264054,689,"Sir, you may be in the wrong elevator. The space elevator is down the hall, to the left. Remember to keep on your helmet. It goes to astronomical heights!"
3060,4669,0,8,63,71,1.1126760563380282,0.037792698211264054,689,"You have to take stairs the rest of the way, ma'am."
3065,4669,0,8,63,71,1.1126760563380282,0.037792698211264054,689,Forgot the spaceship keys again?
3102,4669,0,8,63,71,1.1126760563380282,0.037792698211264054,689,This is as far as it goes. There is no sub-sub-sub-sub-sub-sub-sub-basement
3154,4669,0,8,63,71,1.1126760563380282,0.037792698211264054,689,Is there enough space for you in the elevator?
3212,4669,0,8,63,71,1.1126760563380282,0.037792698211264054,689,Afraid of heights?
3259,4669,0,8,63,71,1.1126760563380282,0.037792698211264054,689,3-2-1 and a smaller step for mankind.
3278,4669,1,6,64,71,1.1126760563380282,0.04278670967729594,689,I can take you as high as the 31st floor. You’re on your own from there.
3828,4669,0,8,63,71,1.1126760563380282,0.037792698211264054,689,"Where is your pad located, sir?"
2999,4669,0,8,63,71,1.1126760563380282,0.037792698211264054,689,"Elon Musk's apartment, thanks."
3962,4669,1,6,64,71,1.1126760563380282,0.04278670967729594,689,I don’t do bucket lists.
4016,4669,1,6,64,71,1.1126760563380282,0.04278670967729594,689,"Sorry, I would've taken that outdoor transport up to the capsule, but I'm afraid of heights."
5331,4669,1,6,64,71,1.1126760563380282,0.04278670967729594,689,Excuse me. What floor did you say again?
4826,4669,0,8,63,71,1.1126760563380282,0.037792698211264054,689,"Third floor...menswear, shoes, Space Force..."
4884,4669,0,8,63,71,1.1126760563380282,0.037792698211264054,689,"Seventh floor,please"
4946,4669,1,6,64,71,1.1126760563380282,0.04278670967729594,689,It gets quite claustrophobic in here.
5057,4669,0,8,63,71,1.1126760563380282,0.037792698211264054,689,"”Sorry, this isn’t the moon, it’s the lobby. The moon is on the thirteenth floor.”"
5119,4669,0,8,63,71,1.1126760563380282,0.037792698211264054,689,"Nervous about going to the 103rd floor, Sir?"
5145,4669,1,6,64,71,1.1126760563380282,0.04278670967729594,689,"People have gone to the lobby before sir, might I suggest the prohibition era basement for bold exploration"
2713,4669,0,8,63,71,1.1126760563380282,0.037792698211264054,689,"Yes, your space food has been delivered to your room"
5153,4669,1,6,64,71,1.1126760563380282,0.04278670967729594,689,We're going to need a bigger elevator.
4799,4669,0,8,63,71,1.1126760563380282,0.037792698211264054,689,"No, not as high.  But I have had more successful landings than you."
5157,4669,0,8,63,71,1.1126760563380282,0.037792698211264054,689,"So it’s true, the air really is thinner at the top."
5210,4669,0,8,63,71,1.1126760563380282,0.037792698211264054,689,"Even with your generous tip, the penthouse is as high as we go."
5226,4669,1,6,64,71,1.1126760563380282,0.04278670967729594,689,"Take me to a floor with deep space and no life."""
5228,4669,0,8,63,71,1.1126760563380282,0.037792698211264054,689,The air quality has gone down.
5259,4669,0,8,63,71,1.1126760563380282,0.037792698211264054,689,..We're going through some budget cuts
5266,4669,0,8,63,71,1.1126760563380282,0.037792698211264054,689,"You know what they say, “One small step”."
5274,4669,1,6,64,71,1.1126760563380282,0.04278670967729594,689,"By law, I get off at 275.  Godspeed."
5283,4669,0,8,63,71,1.1126760563380282,0.037792698211264054,689,Our new tax dollars at work- Doormen now at launch entry points!
5289,4669,1,6,64,71,1.1126760563380282,0.04278670967729594,689,Sir? How high do you expect this elevator to go?
5158,4669,0,8,63,71,1.1126760563380282,0.037792698211264054,689,Sixth floor.....the moon please.
3975,4669,0,8,63,71,1.1126760563380282,0.037792698211264054,689,"Sorry sir, but we only go to the 21st floor."
4729,4669,1,6,64,71,1.1126760563380282,0.04278670967729594,689,It took me a few months to get used to the altitude.
4607,4669,0,8,63,71,1.1126760563380282,0.037792698211264054,689,"Sorry, this building doesn't go that high.""

Michael Rogness, St. Paul M"
4027,4669,0,8,63,71,1.1126760563380282,0.037792698211264054,689,"Sir, if you want to go 'to the stars', that's the next floor!"
4029,4669,1,6,64,71,1.1126760563380282,0.04278670967729594,689,"Sir, this is a 47-story building. The penthouse is about a thousand small steps from the lobby."
4066,4669,1,6,64,71,1.1126760563380282,0.04278670967729594,689,"Sir, this elevator definitely will not take you to the space capsule"
4114,4669,1,6,64,71,1.1126760563380282,0.04278670967729594,689,"To the moon, Alex... too the moon!"
4118,4669,0,8,63,71,1.1126760563380282,0.037792698211264054,689,"Sir, I don’t think it goes that high."
4166,4669,0,8,63,71,1.1126760563380282,0.037792698211264054,689,"""Softest blast-off I ever had!"
4169,4669,0,8,63,71,1.1126760563380282,0.037792698211264054,689,I’m sure you’ll find something of interest.
4174,4669,0,8,63,71,1.1126760563380282,0.037792698211264054,689,"- Welcome home sir!
- Thanks! Ah! Shoot, I forgot the grocery. Hold the elevator please!"
4611,4669,0,8,63,71,1.1126760563380282,0.037792698211264054,689,"You know, I used to be an astronaut too”.


Jude Baue"
4272,4669,0,8,63,71,1.1126760563380282,0.037792698211264054,689,"This is the roof. After that, you're on your own, I'm afraid."
4302,4669,0,8,63,71,1.1126760563380282,0.037792698211264054,689,One small step for man.  One giant lobby for a toddler.
4405,4669,0,8,63,71,1.1126760563380282,0.037792698211264054,689,"Zero-G, as usual, Sir?"
4432,4669,0,8,63,71,1.1126760563380282,0.037792698211264054,689,"Ma'am, I'm sorry, but this only goes up. It can't go to Orlando."
4492,4669,1,6,64,71,1.1126760563380282,0.04278670967729594,689,"One giant leap for the Plaza, sir."
4504,4669,0,8,63,71,1.1126760563380282,0.037792698211264054,689,"With all due respect, I think you've gone a little too far now in fearing New York City smog."
4510,4669,1,6,64,71,1.1126760563380282,0.04278670967729594,689,This thing gets some momentum going but not enough to break free of earth’s gravity.
4514,4669,0,8,63,71,1.1126760563380282,0.037792698211264054,689,"Will that be the penthouse, Sir?"
4525,4669,1,6,64,71,1.1126760563380282,0.04278670967729594,689,Sorry - we don't go down that far.
4298,4669,1,6,64,71,1.1126760563380282,0.04278670967729594,689,"None of the floors are called ""Mars""."
2685,4669,0,8,63,71,1.1126760563380282,0.037792698211264054,689,Terrific moon-walk sir. What floor?
132,4669,0,8,63,71,1.1126760563380282,0.037792698211264054,689,Don’t stop until we lose gravity.
2634,4669,1,6,64,71,1.1126760563380282,0.04278670967729594,689,"One small step for man, one giant leap onto the 17th floor of the Chrysler Tower!"
537,4669,0,8,63,71,1.1126760563380282,0.037792698211264054,689,You are overdressed.  The garage isn't  flooded.
647,4669,1,6,64,71,1.1126760563380282,0.04278670967729594,689,3 ..2.. 1..
648,4669,1,6,64,71,1.1126760563380282,0.04278670967729594,689,"Floor 42. Right this way to the Space Force cubicles, sir."
695,4669,0,8,63,71,1.1126760563380282,0.037792698211264054,689,"Hey, I like your outfit!  What's it like up there?"
745,4669,1,6,64,71,1.1126760563380282,0.04278670967729594,689,I already got my flu shot.
754,4669,0,8,63,71,1.1126760563380282,0.037792698211264054,689,"I'm recovering from an eye infection,"" they both said"
759,4669,0,8,63,71,1.1126760563380282,0.037792698211264054,689,"Okay Major Tom, this is ground control."
819,4669,0,8,63,71,1.1126760563380282,0.037792698211264054,689,"Sorruy, we only go up 99 floors!"
836,4669,0,8,63,71,1.1126760563380282,0.037792698211264054,689,I'm assuming you want to go up?
897,4669,1,6,64,71,1.1126760563380282,0.04278670967729594,689,No traffic but took forever to find a spot
980,4669,0,8,63,71,1.1126760563380282,0.037792698211264054,689,Is the Oxygen level low on the penthouse?
1027,4669,0,8,63,71,1.1126760563380282,0.037792698211264054,689,The Elevator broken again?
1148,4669,0,8,63,71,1.1126760563380282,0.037792698211264054,689,"Sorry sir, this isn't your floor. I pressed all the buttons so we could do a countdown."
1221,4669,0,8,63,71,1.1126760563380282,0.037792698211264054,689,"Sorry, Lady’s Lingerie is as high as we go."
1268,4669,0,8,63,71,1.1126760563380282,0.037792698211264054,689,"No sir, this isn't the Willy Wonka elevator."
1300,4669,0,8,63,71,1.1126760563380282,0.037792698211264054,689,Have a good night Sir/Madam.
1337,4669,0,8,63,71,1.1126760563380282,0.037792698211264054,689,Careful. That' one small step.
516,4669,1,6,64,71,1.1126760563380282,0.04278670967729594,689,"One small step for a man, one giant leap for the co-op board."
473,4669,0,8,63,71,1.1126760563380282,0.037792698211264054,689,"I'm dressed up as an astronaut as I  can
reached for the stars!"
450,4669,0,8,63,71,1.1126760563380282,0.037792698211264054,689,"Sorry, Mr. Branson, the penthouse is as close to the moon as I can get you."
432,4669,0,8,63,71,1.1126760563380282,0.037792698211264054,689,This elevator is not a moon shot sir. Please exit.
2653,4669,0,8,63,71,1.1126760563380282,0.037792698211264054,689,It was too many steps for mankind.
14,4669,1,6,64,71,1.1126760563380282,0.04278670967729594,689,"The two million seven- hundred eighty three thousand one hundred and twelth floor, please."
31,4669,1,6,64,71,1.1126760563380282,0.04278670967729594,689,"GOING UP AND OUT, HOUSTON?"
33,4669,0,8,63,71,1.1126760563380282,0.037792698211264054,689,Can you please close the elevator doors? I’m running late for a meeting.
52,4669,0,8,63,71,1.1126760563380282,0.037792698211264054,689,"Yes sir, ll check to see if the dry cleaners can have your space suit back by Monday."
56,4669,1,6,64,71,1.1126760563380282,0.04278670967729594,689,"Be right back, just going to check on last years New Years resolutions!"
68,4669,0,8,63,71,1.1126760563380282,0.037792698211264054,689,"Actually, just to the basement, where that obscure bathroom is. The freeze-dried ice cream really does a number on my digestive system."
72,4669,0,8,63,71,1.1126760563380282,0.037792698211264054,689,"You’ nl get used t to ‘the smell eventually,  maybe even love it."
1382,4669,0,8,63,71,1.1126760563380282,0.037792698211264054,689,"Godspeed, Jerald."
73,4669,0,8,63,71,1.1126760563380282,0.037792698211264054,689,NASA isnt launching rockets to the moon  anymore and SpaceX isnt Hiring.What would  you expect Fred!?
101,4669,0,8,63,71,1.1126760563380282,0.037792698211264054,689,"that chick who drove across the country in diapers to kill her husband or whatever— how was she, as like a spaceman?  on god i bet she was Super good"
142,4669,0,8,63,71,1.1126760563380282,0.037792698211264054,689,Space voyage through Heavenward
148,4669,0,8,63,71,1.1126760563380282,0.037792698211264054,689,"I need some space, honey"
149,4669,1,6,64,71,1.1126760563380282,0.04278670967729594,689,"Well, I’m afraid we can only go to the 12th floor of this building."
244,4669,0,8,63,71,1.1126760563380282,0.037792698211264054,689,I didnt receive training for this kind of trip.
257,4669,1,6,64,71,1.1126760563380282,0.04278670967729594,689,Wife thinks I have acrophobia.
328,4669,0,8,63,71,1.1126760563380282,0.037792698211264054,689,I take it your on the top floor?
412,4669,1,6,64,71,1.1126760563380282,0.04278670967729594,689,Our most spacious floor? The penthouse on 89.
86,4669,0,8,63,71,1.1126760563380282,0.037792698211264054,689,"You better wear pinstripes from now on, Mr. Cole"
1391,4669,0,8,63,71,1.1126760563380282,0.037792698211264054,689,"For the last time, YES. I AM Edward’s escort for the weekend!"
1251,4669,1,6,64,71,1.1126760563380282,0.04278670967729594,689,"That’s one small step for me, one giant button press for you."
1490,4669,0,8,63,71,1.1126760563380282,0.037792698211264054,689,"The ad may have overstated the case a little, sir.  The ""stratospheric penthouse with a view"" is still very much in breathing bounds."
2305,4669,1,6,64,71,1.1126760563380282,0.04278670967729594,689,"Living  in these new towers along the park, is truly breathtaking."
2318,4669,0,8,63,71,1.1126760563380282,0.037792698211264054,689,"There's no sky bar, sir.  And there's no aquarium floor either.  The underground parking garage will have to do."
2341,4669,0,8,63,71,1.1126760563380282,0.037792698211264054,689,"No, not this one, try the other elevator for an out-of-this-world experience ."
1406,4669,1,6,64,71,1.1126760563380282,0.04278670967729594,689,"Yes, I do think that you will get away with stealing the bathroom scale."
2361,4669,0,8,63,71,1.1126760563380282,0.037792698211264054,689,Thought I'd get a head start!
2365,4669,0,8,63,71,1.1126760563380282,0.037792698211264054,689,"Third floor, penthouse, or Jupiter?"
2381,4669,0,8,63,71,1.1126760563380282,0.037792698211264054,689,"Oh, I forgot to tell you, DON'T go to the bathroom."
2392,4669,1,6,64,71,1.1126760563380282,0.04278670967729594,689,"The lobby is gravity-free, so prepare to hit the ceiling"
2288,4669,1,6,64,71,1.1126760563380282,0.04278670967729594,689,"If you want more space, you're talkin' Hoboken."
2425,4669,0,8,63,71,1.1126760563380282,0.037792698211264054,689,"One step for ma-"" uh what are you doing?
Ugh you ruined my moment! Now I have to restart all over again"
2500,4669,0,8,63,71,1.1126760563380282,0.037792698211264054,689,"Gonna level with ya Steve, I fart in the elevator right before I get to my floor every chance I get. Jokes on me today, I'm choking on doodoo clouds in here haha"
2524,4669,1,6,64,71,1.1126760563380282,0.04278670967729594,689,"Cheese and grits,” she said. “Cheese AND grits."
2542,4669,0,8,63,71,1.1126760563380282,0.037792698211264054,689,Breathing isn't easy wearing shirt and trousers on earth
2553,4669,1,6,64,71,1.1126760563380282,0.04278670967729594,689,Let me guess. You want the floor with the custom tailor.
2558,4669,1,6,64,71,1.1126760563380282,0.04278670967729594,689,The moon's got nothing on 16F.
2562,4669,1,6,64,71,1.1126760563380282,0.04278670967729594,689,If we could get moving that would be great. I'm kind of running late for a thing.
2567,4669,0,8,63,71,1.1126760563380282,0.037792698211264054,689,"Where to mis-
Oh."
2613,4669,0,8,63,71,1.1126760563380282,0.037792698211264054,689,"With this small step, Bob, your giant leaping days are over."
2482,4669,1,6,64,71,1.1126760563380282,0.04278670967729594,689,"Not yet?....ok, just let me know when."
2270,4669,0,8,63,71,1.1126760563380282,0.037792698211264054,689,"No offense, but has anyone else ever told you that you're kind of a blank slate?"
2349,4669,0,8,63,71,1.1126760563380282,0.037792698211264054,689,"Sorry, sir. We only go to the 102nd floor."
1789,4669,1,6,64,71,1.1126760563380282,0.04278670967729594,689,"Because the toilet in my place ""out there"" is busted."
1681,4669,1,6,64,71,1.1126760563380282,0.04278670967729594,689,"There is nothing more annoying than seeing an astronaut, without his spaceship, taking an elevator to the 6th floor."
2220,4669,1,6,64,71,1.1126760563380282,0.04278670967729594,689,"John, take the suit off, we got rid of the asbestos this morning."
1698,4669,1,6,64,71,1.1126760563380282,0.04278670967729594,689,"Sorry, sir, but the pool's closed for the season."
1760,4669,0,8,63,71,1.1126760563380282,0.037792698211264054,689,"Sir, it’s good to be proactive in this colder morning."
1787,4669,0,8,63,71,1.1126760563380282,0.037792698211264054,689,This will be one small step for a man.
1833,4669,1,6,64,71,1.1126760563380282,0.04278670967729594,689,You have the best view in the galaxy.
1520,4669,0,8,63,71,1.1126760563380282,0.037792698211264054,689,You want to go to what floor?! You've got to be knid-ing me!
1668,4669,1,6,64,71,1.1126760563380282,0.04278670967729594,689,"Sir, would you like your countdown?"
1849,4669,0,8,63,71,1.1126760563380282,0.037792698211264054,689,Ahhh......we don't go up that high......
1906,4669,0,8,63,71,1.1126760563380282,0.037792698211264054,689,Right this way miss.
1918,4669,1,6,64,71,1.1126760563380282,0.04278670967729594,689,it's customary to offer a tip
1944,4669,0,8,63,71,1.1126760563380282,0.037792698211264054,689,"- Don't worry, Elon said the crash tests have been a success lately.
- I know, but haven't you seen the truck demo?"
2061,4669,1,6,64,71,1.1126760563380282,0.04278670967729594,689,For some reason I assumed you were going up.
2194,4669,1,6,64,71,1.1126760563380282,0.04278670967729594,689,"Take me to the moon, Johnny"
2196,4669,1,6,64,71,1.1126760563380282,0.04278670967729594,689,"Trump tower’s space force floor has been closed indefinitely. Would you like the lobby, sir?"
2198,4669,0,8,63,71,1.1126760563380282,0.037792698211264054,689,Forget the ahi tuna. Have the veal loon in the lounge. Frankie is at the piano.
1899,4669,0,8,63,71,1.1126760563380282,0.037792698211264054,689,I wish I had your ups and downs.
1642,4669,0,8,63,71,1.1126760563380282,0.037792698211264054,689,"Sorry, sir.  This elevator doesn't go that high."
3277,4839,1,6,65,72,1.1111111111111112,0.042217280000676725,689,"Where would you like to go, sir?""
""Where do you think?"
5132,4839,1,6,65,72,1.1111111111111112,0.042217280000676725,689,Weightlessness simulation is located off the roof.
3453,4839,0,8,64,72,1.1111111111111112,0.037296949257630635,689,"No offense, Mr. Aldrin, just watch that step."
3017,4839,0,8,64,72,1.1111111111111112,0.037296949257630635,689,Off to eat for a daily launch break.
3066,4839,0,8,64,72,1.1111111111111112,0.037296949257630635,689,This is halloween isn't it?
3514,4839,0,8,64,72,1.1111111111111112,0.037296949257630635,689,Do you get claustrophobic working in such tight quarters?
2342,4839,0,8,64,72,1.1111111111111112,0.037296949257630635,689,"Sorry, it doesn't go any higher than infinity."
3634,4839,0,8,64,72,1.1111111111111112,0.037296949257630635,689,"All this, to take a piss."
3840,4839,1,6,65,72,1.1111111111111112,0.042217280000676725,689,"Shall I Call A Cab, Sir?"
3916,4839,0,8,64,72,1.1111111111111112,0.037296949257630635,689,"One of these days Bellhop..one of these days, bam, zoom, straight to the moon."
4589,4839,0,8,64,72,1.1111111111111112,0.037296949257630635,689,I’m a pot smoker and don’t want to offend anyone.
5155,4839,0,8,64,72,1.1111111111111112,0.037296949257630635,689,I guess the elevator to space has taken a lot of the joy out of it.
3535,4839,0,8,64,72,1.1111111111111112,0.037296949257630635,689,"This hotel has only 11 floors, sir. I'm afraid you're in the wrong century."
2261,4839,0,8,64,72,1.1111111111111112,0.037296949257630635,689,Does this thing go any higher?
1475,4839,0,8,64,72,1.1111111111111112,0.037296949257630635,689,Down or up?
1958,4839,0,8,64,72,1.1111111111111112,0.037296949257630635,689,Elon's SpaceX has made the trip to Mars a whole lot easier.
659,4839,0,8,64,72,1.1111111111111112,0.037296949257630635,689,"Boy, the atmosphere in this building has really changed since the election."
722,4839,1,6,65,72,1.1111111111111112,0.042217280000676725,689,I'm sorry--anything higher than the penthouse requires a security code.
963,4839,1,6,65,72,1.1111111111111112,0.042217280000676725,689,"I need to simulate,""Lift Off"";send this on express to the roof."
367,4839,0,8,64,72,1.1111111111111112,0.037296949257630635,689,That' the best soft landing I've done today.
1450,4839,0,8,64,72,1.1111111111111112,0.037296949257630635,689,Countdown?
2005,4839,0,8,64,72,1.1111111111111112,0.037296949257630635,689,No sir. I'm sorry but I  can't explain why the floors don't count down.
1713,4839,1,6,65,72,1.1111111111111112,0.042217280000676725,689,How do you go to the bathroom in that thing?
1004,4839,0,8,64,72,1.1111111111111112,0.037296949257630635,689,I heard the Co-op Board is from outer-space
786,4863,1,6,67,74,1.1081081081081081,0.04112256523107289,689,"I presume,7th floor paranormal?"
2438,4864,0,7,61,68,1.1029411764705883,0.03712509925760679,689,"I’m sorry sir, but this one is heading down"
5223,4864,2,3,63,68,1.1029411764705883,0.04749985389910039,689,You must be a manager.
5114,4864,0,7,61,68,1.1029411764705883,0.03712509925760679,689,Take me all the way up...but as slowly as possible.
4658,4864,1,5,62,68,1.1029411764705883,0.04262926879107264,689,It's a Hollywood set.
4316,4864,0,7,61,68,1.1029411764705883,0.03712509925760679,689,Please exit through the rear door.
4214,4864,0,7,61,68,1.1029411764705883,0.03712509925760679,689,I’ll have a moon on the rocks.
2156,4864,1,5,62,68,1.1029411764705883,0.04262926879107264,689,"Yes, sir. This elevator CAN go sky high."
3446,4864,0,7,61,68,1.1029411764705883,0.03712509925760679,689,Where's your son? You said it was take your kid to work day this morning.
960,4864,0,7,61,68,1.1029411764705883,0.03712509925760679,689,"Going up"" was a term with a limit"
532,4864,1,5,62,68,1.1029411764705883,0.04262926879107264,689,The penthouse is the best I can do.
400,4864,0,7,61,68,1.1029411764705883,0.03712509925760679,689,"Happy holidays,"" said the doorman"
1932,4864,0,7,61,68,1.1029411764705883,0.03712509925760679,689,Just wondering if your license plate is ILIKESPACE24?
3602,4876,1,6,71,78,1.1025641025641026,0.0390945794678848,689,THIS CAR DOESN'T GO TO THE ROOF.
1039,4877,0,7,62,69,1.1014492753623188,0.03661350600424963,689,Can you press Jupiter
2407,4878,0,7,64,71,1.0985915492957747,0.03563129757936204,689,"one giant step for man, one giant leap for mankind."
4703,4878,0,7,64,71,1.0985915492957747,0.03563129757936204,689,"Sub-Basement:  Decontainment, Disinfection and Diatribes."
210,4880,0,7,65,72,1.0972222222222223,0.035159608253116335,689,you’ve been a little spacey these days... we’re not seeing each other on the  same eye level
582,4881,0,6,57,63,1.0952380952380953,0.03728006482184823,689,"Sorry sir, it only goes up to the 12th floor."
3771,4881,1,4,58,63,1.0952380952380953,0.04361004475139291,689,"""I'm just warning you, I get pretty panicky in confined spaces."
3210,4883,1,4,59,64,1.09375,0.0429490169335173,689,Give my regards to Species 8472.
3249,4883,0,6,58,64,1.09375,0.036723103212062694,689,"I know it’s not my place, Mr. Moby, but I can’t resist - you’re a cunt."
3262,4883,0,6,58,64,1.09375,0.036723103212062694,689,All the IP please
3315,4883,0,6,58,64,1.09375,0.036723103212062694,689,I don’t care that the restrooms are only for patrons.
3471,4883,1,4,59,64,1.09375,0.0429490169335173,689,"I'm sorry sir. You must have been given the wrong address.
There is no launchpad on top of this building!"
3416,4883,1,4,59,64,1.09375,0.0429490169335173,689,Our service has been added due to a cut in your salary.
3435,4883,0,6,58,64,1.09375,0.036723103212062694,689,"Top floor, hmmm?"
3454,4883,0,6,58,64,1.09375,0.036723103212062694,689,This is as high as this elevator goes.
3488,4883,1,4,59,64,1.09375,0.0429490169335173,689,Congratulations! Its a successful landing.
3631,4883,0,6,58,64,1.09375,0.036723103212062694,689,"2nd floor:
Contagion to the right."
3147,4883,0,6,58,64,1.09375,0.036723103212062694,689,"I'm sorry, but this elevator stops at the 70th floor."
3336,4883,0,6,58,64,1.09375,0.036723103212062694,689,"No, sir, this is 1952, you'll find 2052 on the top floor."
3113,4883,0,6,58,64,1.09375,0.036723103212062694,689,Next car over!
2571,4883,0,6,58,64,1.09375,0.036723103212062694,689,I parked my Duesenberg before the pipe ruptured
2953,4883,0,6,58,64,1.09375,0.036723103212062694,689,"sorry, the down elevator is to your left."
2502,4883,0,6,58,64,1.09375,0.036723103212062694,689,"Good morning, Mr. Baumgartner, going up or down?"
2546,4883,0,6,58,64,1.09375,0.036723103212062694,689,"I think you'll find this space isn't quite as light as what you're accustomed to, but it's airier."
2554,4883,0,6,58,64,1.09375,0.036723103212062694,689,PL IDENTIFY YOURSELF
3699,4883,1,4,59,64,1.09375,0.0429490169335173,689,"Thank you for helping me with the elevator, good sir. I am off to my day job as a spaceman. Toodle Loo!"
2603,4883,2,2,60,64,1.09375,0.048380262520859696,689,"Actually I wanted to be an elevator operator when I grew up, too."
2612,4883,1,4,59,64,1.09375,0.0429490169335173,689,"Sorry, this one only goes to the 5th floor."
3091,4883,0,6,58,64,1.09375,0.036723103212062694,689,"Sorry, Airheads are ten floors up."
2637,4883,0,6,58,64,1.09375,0.036723103212062694,689,"That ""one small step"" line, who came up with that shit?"
2691,4883,0,6,58,64,1.09375,0.036723103212062694,689,......the film crew will be along any minute......
2694,4883,0,6,58,64,1.09375,0.036723103212062694,689,Did the elevator ride feel like space?
2697,4883,0,6,58,64,1.09375,0.036723103212062694,689,"Top floor!  From here on up, Mister Moonman, you're on your own."
2749,4883,1,4,59,64,1.09375,0.0429490169335173,689,What did you think the chair was for?
2790,4883,0,6,58,64,1.09375,0.036723103212062694,689,I’m not allowed to go above the fortieth floor.
2826,4883,1,4,59,64,1.09375,0.0429490169335173,689,This car only goes to the 21st floor.
2655,4883,2,2,60,64,1.09375,0.048380262520859696,689,"Going up, I assume

Or:  Sorry, we only go to the 63rd floor."
3715,4883,0,6,58,64,1.09375,0.036723103212062694,689,The Launchpad is just past Children's Footwear.
4372,4883,0,6,58,64,1.09375,0.036723103212062694,689,"Yes sir, NASA cuts are a ""booger"", but the penthouse still doesn't quite reach. Have you tried Mr. Musk?"
3731,4883,0,6,58,64,1.09375,0.036723103212062694,689,"I'm sorry, this only goes to the 11th floor"
2489,4883,1,4,59,64,1.09375,0.0429490169335173,689,"Top floor, sir. Count down? To Christmas?  Right, but no launch planned til New Years."
5344,4883,0,6,58,64,1.09375,0.036723103212062694,689,"You are aware that this building only has 42 floors, right?"
5304,4883,0,6,58,64,1.09375,0.036723103212062694,689,"Last time, okay?  3,2,1 ..."
5201,4883,0,6,58,64,1.09375,0.036723103212062694,689,"It's not mars, but it's close."
5182,4883,0,6,58,64,1.09375,0.036723103212062694,689,"One small step for man, one giant leap for the condo board."
5056,4883,1,4,59,64,1.09375,0.0429490169335173,689,Having your change of clothes laundered?
5031,4883,0,6,58,64,1.09375,0.036723103212062694,689,"Yes sir, one giant step for man, and one giant step to the penthouse."
5011,4883,1,4,59,64,1.09375,0.0429490169335173,689,"Yes Sir, cryptocurrency is acceptable!"
4967,4883,0,6,58,64,1.09375,0.036723103212062694,689,I don’t think we have that floor.
4865,4883,0,6,58,64,1.09375,0.036723103212062694,689,"I'm sorry, is there a floor beyond ""infinity?"""
4800,4883,1,4,59,64,1.09375,0.0429490169335173,689,"Oh no Sir, you must have the wrong elevator, this is the Hilton."
4795,4883,0,6,58,64,1.09375,0.036723103212062694,689,"No, I said 'get off the lift,' not 'lift-off.'"
4735,4883,0,6,58,64,1.09375,0.036723103212062694,689,"Sorry, Colonel, but you have to use the service elevator."
4689,4883,0,6,58,64,1.09375,0.036723103212062694,689,But I can get you to the 67th floor observatory.
4669,4883,0,6,58,64,1.09375,0.036723103212062694,689,Did you just listen to Astroworld?
4644,4883,0,6,58,64,1.09375,0.036723103212062694,689,"The sub-basement, please; I’m here to fix the leak."
4610,4883,0,6,58,64,1.09375,0.036723103212062694,689,"Here's the ground to control, Major Tom"
4522,4883,1,4,59,64,1.09375,0.0429490169335173,689,They are spacey but not that spacey.
4490,4883,1,4,59,64,1.09375,0.0429490169335173,689,We don't go lower than the first floor
4350,4883,0,6,58,64,1.09375,0.036723103212062694,689,"Ok....OK, Sir.  For the 3rd time today.   T minus 10...9...8"
4333,4883,1,4,59,64,1.09375,0.0429490169335173,689,"YOU SHOULD SIT ON THE CHAIR AND PRACTICE DRIVING.  
GOING UP !"
4314,4883,1,4,59,64,1.09375,0.0429490169335173,689,"Oh sir, it's only 120 stories to the roof!"
4293,4883,1,4,59,64,1.09375,0.0429490169335173,689,Sorry. Jupiter was Thursday.
4230,4883,1,4,59,64,1.09375,0.0429490169335173,689,This is as high as we go - you'll need to call Uber Space for the next phase.
4170,4883,0,6,58,64,1.09375,0.036723103212062694,689,"I'm sorry Captain,  but this elevator doesn't go to Mars."
4037,4883,0,6,58,64,1.09375,0.036723103212062694,689,Feels good to be on the ground again.
4002,4883,1,4,59,64,1.09375,0.0429490169335173,689,I just always take advantage wherever I can.
3953,4883,1,4,59,64,1.09375,0.0429490169335173,689,"This is as high as I go. To go higher, Move to the next bank of elevators"
3811,4883,0,6,58,64,1.09375,0.036723103212062694,689,Do you really want to race my elevator to the top?
3724,4883,0,6,58,64,1.09375,0.036723103212062694,689,"Welcome back to the Ritz, Mr. Aldrin."
2485,4883,0,6,58,64,1.09375,0.036723103212062694,689,I am so happy the Uber finally went interstellar. Makes my commute so much easier!
981,4883,0,6,58,64,1.09375,0.036723103212062694,689,Third Floor: Space Bee Convention
2469,4883,1,4,59,64,1.09375,0.0429490169335173,689,"I bet this will be the last time my employees ask for a ""casual Friday""."
1485,4883,1,4,59,64,1.09375,0.0429490169335173,689,"I'm sorry sir, there is no ""Houston"" floor."
1466,4883,0,6,58,64,1.09375,0.036723103212062694,689,"Floor fifty million, please."
1344,4883,1,4,59,64,1.09375,0.0429490169335173,689,your shuttle is stuck in traffic on the Van wyck Expressway
1284,4883,1,4,59,64,1.09375,0.0429490169335173,689,"Sir, welcome back to the ground floor. Tell me, were the 
chocolate chip cookies up in the space station any good?"
1229,4883,0,6,58,64,1.09375,0.036723103212062694,689,"So do the Russians also have a
‘13th Floor Mission?’"
1181,4883,1,4,59,64,1.09375,0.0429490169335173,689,Is this going up?
1111,4883,0,6,58,64,1.09375,0.036723103212062694,689,"I'm sorry, sir, but this elevator doesn't go to '4-Gs.'"
1077,4883,0,6,58,64,1.09375,0.036723103212062694,689,Did you find everything that you didn't need sir?
1052,4883,0,6,58,64,1.09375,0.036723103212062694,689,The elevator to your left will take you the rest of the way to the moon.
1008,4883,0,6,58,64,1.09375,0.036723103212062694,689,You could've told me this wasn't a space elevator
882,4883,1,4,59,64,1.09375,0.0429490169335173,689,This is the Mars floor. The Jupiter floor is another seven-thousand flights up.
856,4883,0,6,58,64,1.09375,0.036723103212062694,689,Not mine kind a day!
773,4883,0,6,58,64,1.09375,0.036723103212062694,689,This is Plan B.
2480,4883,0,6,58,64,1.09375,0.036723103212062694,689,"Buzz, your floor."
723,4883,0,6,58,64,1.09375,0.036723103212062694,689,Geez...I thought the Space Force was a branch of the Housing Authority  !
664,4883,0,6,58,64,1.09375,0.036723103212062694,689,"I can take you to the tp floor.  From there, you'll have to call NASA."
652,4883,0,6,58,64,1.09375,0.036723103212062694,689,"Given your acrophobia,
 I don’t know why you insist on living in the penthouse."
389,4883,1,4,59,64,1.09375,0.0429490169335173,689,Mind the Barnard 68.
372,4883,0,6,58,64,1.09375,0.036723103212062694,689,Hopeful.
184,4883,1,4,59,64,1.09375,0.0429490169335173,689,"3, 2, 1...lift me up!"
179,4883,1,4,59,64,1.09375,0.0429490169335173,689,MERCURY WAS IN MY THIRD HOUSE! BAD DAY FOR A VIRGO.
175,4883,0,6,58,64,1.09375,0.036723103212062694,689,"Spacesuit in NYC- protection from the tourists, subway air &  going broke."
160,4883,0,6,58,64,1.09375,0.036723103212062694,689,"‘Well, they did say prices here were astronomical..’"
130,4883,0,6,58,64,1.09375,0.036723103212062694,689,"sir, your chair..."
117,4883,0,6,58,64,1.09375,0.036723103212062694,689,"Hows the buisness doing par""  ""Astronomical"
46,4883,0,6,58,64,1.09375,0.036723103212062694,689,"please, forgot my rocket keys!"
43,4883,0,6,58,64,1.09375,0.036723103212062694,689,"Last floor, please."
39,4883,0,6,58,64,1.09375,0.036723103212062694,689,"I knew Pluto wasn’t an  ordinary planet, but how can I breath here?"
26,4883,0,6,58,64,1.09375,0.036723103212062694,689,Russian Interference Part 2 The Cosmos-Gate. Simply occupying.
1497,4883,0,6,58,64,1.09375,0.036723103212062694,689,How fast up can you go?
1529,4883,0,6,58,64,1.09375,0.036723103212062694,689,stepping out in this weather? Giant step for mankind indeed!
760,4883,0,6,58,64,1.09375,0.036723103212062694,689,"-Which floor?
-One Small Step For Man"
1603,4883,0,6,58,64,1.09375,0.036723103212062694,689,The rocket is under construction.
2396,4883,0,6,58,64,1.09375,0.036723103212062694,689,Our ISS is the guy in the penthouse; sorry for the misunderstanding.
2337,4883,0,6,58,64,1.09375,0.036723103212062694,689,"We have lift off. Seriously, get off."
2330,4883,0,6,58,64,1.09375,0.036723103212062694,689,Got it. The elevator overshot the penthouse.
2271,4883,0,6,58,64,1.09375,0.036723103212062694,689,"Sorry, sir, LEO  is sold only online."
2256,4883,0,6,58,64,1.09375,0.036723103212062694,689,"Smoking floor, Sir"
2255,4883,1,4,59,64,1.09375,0.0429490169335173,689,Your fragrance free suite is the second door on the right.
2183,4883,0,6,58,64,1.09375,0.036723103212062694,689,"Floor 1,000,059 please."
2172,4883,1,4,59,64,1.09375,0.0429490169335173,689,This doesn't look like Mars
2170,4883,0,6,58,64,1.09375,0.036723103212062694,689,The space station elevator leaves from the third floor.
2143,4883,0,6,58,64,1.09375,0.036723103212062694,689,I see this Top of the World Observation Deck really shoots for the moon in this new skyscraper.
2135,4883,0,6,58,64,1.09375,0.036723103212062694,689,People call this a penthouse?
2123,4883,0,6,58,64,1.09375,0.036723103212062694,689,You came down not up!
2120,4883,0,6,58,64,1.09375,0.036723103212062694,689,It's surströmming night!
2113,4883,1,4,59,64,1.09375,0.0429490169335173,689,The diapers are in the last isle behind lingerie and shoes.
2105,4883,0,6,58,64,1.09375,0.036723103212062694,689,"Now, sir, it only seems that high."
2086,4883,0,6,58,64,1.09375,0.036723103212062694,689,The elevator only goes to the 30th floor.
2083,4883,0,6,58,64,1.09375,0.036723103212062694,689,"The Empire State Building doesn't leave the launch pad, ever."
2076,4883,1,4,59,64,1.09375,0.0429490169335173,689,Im just down here looking for a $5 hotdog.
2073,4883,0,6,58,64,1.09375,0.036723103212062694,689,Please step into the next elevator sir. This one does not go as high as that floor
2039,4883,1,4,59,64,1.09375,0.0429490169335173,689,"Sir, we've had more than enough people attempting to moonwalk here."
1948,4883,0,6,58,64,1.09375,0.036723103212062694,689,"Ok, it’s a tall building. Five, four, three . . ."
1909,4883,0,6,58,64,1.09375,0.036723103212062694,689,"Sorry, this elevator doesn’t go to the stratosphere."
1848,4883,0,6,58,64,1.09375,0.036723103212062694,689,"Sir, there is no one thousandth floor."
1537,4883,0,6,58,64,1.09375,0.036723103212062694,689,Take me to the fourth floor.
1837,4883,0,6,58,64,1.09375,0.036723103212062694,689,"Sorry, this elevator only stops at every sixth floor."
1822,4883,0,6,58,64,1.09375,0.036723103212062694,689,"Actually Sir, I'm positive that you ""dealt it""."
1716,4883,1,4,59,64,1.09375,0.0429490169335173,689,Penthouse B or bust.
1637,4883,0,6,58,64,1.09375,0.036723103212062694,689,"Yes Sir...the moon is the next stop after lingerie"""
2414,4883,0,6,58,64,1.09375,0.036723103212062694,689,Eleventh floor. Office space
2441,4883,1,4,59,64,1.09375,0.0429490169335173,689,If you hurry I can catch up.
98,5012,0,6,59,65,1.0923076923076922,0.03618247638889766,689,reach the stars in our rooftop” don’t you  think?    It’s a bit exaggerated to
1005,5012,0,6,59,65,1.0923076923076922,0.03618247638889766,689,"It's the haircut, isn't it?"
1203,5014,1,3,56,60,1.0833333333333333,0.04312422383919018,689,"Yessir, our building is definitely a skyscraper, but it is not a space-scraper!"
5293,5015,0,5,56,61,1.0819672131147542,0.03541388359785716,689,Any countdown you'd like. No problem.
4028,5015,0,5,56,61,1.0819672131147542,0.03541388359785716,689,"Sir, I assure you, there are no ""aliens"" washing the windows of this building."
3935,5015,0,5,56,61,1.0819672131147542,0.03541388359785716,689,Heading to space to find my mr. lost in space future husband...
3884,5015,0,5,56,61,1.0819672131147542,0.03541388359785716,689,If you're looking for the moon you will find it in our green cheese department.
3530,5015,0,5,56,61,1.0819672131147542,0.03541388359785716,689,I’m very sorry sir but we don’t have a Floor -240 miles from Earth .
3332,5015,0,5,56,61,1.0819672131147542,0.03541388359785716,689,My daughter's driving the rocket this week.
4150,5015,0,5,56,61,1.0819672131147542,0.03541388359785716,689,"One step....be careful,  it's a slippery slope in this political climate."
3303,5015,0,5,56,61,1.0819672131147542,0.03541388359785716,689,"Going Up, Please--Way Up"
3187,5015,0,5,56,61,1.0819672131147542,0.03541388359785716,689,"Yeah, the air is pretty thin at the top. Look at my eye!"
3144,5015,0,5,56,61,1.0819672131147542,0.03541388359785716,689,"Just be careful, people are saying say he flushed one too many this time"
3092,5015,1,3,57,61,1.0819672131147542,0.04243337411654028,689,You may take one small step or one giant step.
5339,5015,0,5,56,61,1.0819672131147542,0.03541388359785716,689,It ain't the meat it's the motion
3025,5015,0,5,56,61,1.0819672131147542,0.03541388359785716,689,"Just take me to the top floor, and step on it."
2988,5015,0,5,56,61,1.0819672131147542,0.03541388359785716,689,Did you forget something up there?
3190,5015,0,5,56,61,1.0819672131147542,0.03541388359785716,689,Fourth Floor. Men’s Wear and Man’s Destiny Lies In The Exploration of Outer Space.
4187,5015,0,5,56,61,1.0819672131147542,0.03541388359785716,689,"I thought you said, ""we are going up."""
4192,5015,0,5,56,61,1.0819672131147542,0.03541388359785716,689,Welcome! So glad we're finally good use of the hotel roof.
4308,5015,0,5,56,61,1.0819672131147542,0.03541388359785716,689,I thought you said you wanted to get off at lingerie.
4312,5015,0,5,56,61,1.0819672131147542,0.03541388359785716,689,"Sir, I trust you checked the AQI for Pekin,Illinois, not China."
4321,5015,0,5,56,61,1.0819672131147542,0.03541388359785716,689,"Sorry, sir, Mercury's as far as we go."
4420,5015,0,5,56,61,1.0819672131147542,0.03541388359785716,689,Thousandth floor I presume?
4447,5015,0,5,56,61,1.0819672131147542,0.03541388359785716,689,"I said, ""Down, please!"
4545,5015,0,5,56,61,1.0819672131147542,0.03541388359785716,689,"Safety before efficacy, Sir?"
4617,5015,0,5,56,61,1.0819672131147542,0.03541388359785716,689,That's one giant step from home furnishings.
4677,5015,0,5,56,61,1.0819672131147542,0.03541388359785716,689,"Yes, this car IS going down....but not that far down!"
4861,5015,0,5,56,61,1.0819672131147542,0.03541388359785716,689,"118,953,412th floor, please."
4915,5015,0,5,56,61,1.0819672131147542,0.03541388359785716,689,the door belongs to Hubie the evil cab driver
4991,5015,0,5,56,61,1.0819672131147542,0.03541388359785716,689,How high up is the penthouse?
5000,5015,0,5,56,61,1.0819672131147542,0.03541388359785716,689,Ground control to MajorTom. You are now the first astronaut to walk onto the hotels bottom floor.
5160,5015,0,5,56,61,1.0819672131147542,0.03541388359785716,689,The elevator goes to PH but not the moon?
5261,5015,0,5,56,61,1.0819672131147542,0.03541388359785716,689,You should've taken an express!
2985,5015,0,5,56,61,1.0819672131147542,0.03541388359785716,689,"Ah, how do I.....well, were does all that food go?"
2931,5015,0,5,56,61,1.0819672131147542,0.03541388359785716,689,"No, this isn’t the express elevator."
3080,5015,0,5,56,61,1.0819672131147542,0.03541388359785716,689,"Thermosphere, please."
2868,5015,0,5,56,61,1.0819672131147542,0.03541388359785716,689,"Top floor sir, please take care as you exit. Thats it, 'one step for man and one giant leap for mankind' ."
67,5015,0,5,56,61,1.0819672131147542,0.03541388359785716,689,Where to?” Astronaut: “Outerspace
109,5015,0,5,56,61,1.0819672131147542,0.03541388359785716,689,"Earth orbit, please."
115,5015,0,5,56,61,1.0819672131147542,0.03541388359785716,689,"iGRUSS GOTT""  4"
215,5015,0,5,56,61,1.0819672131147542,0.03541388359785716,689,"- Sir, do you go out alone tonight  - | - |need my space. |"
233,5015,0,5,56,61,1.0819672131147542,0.03541388359785716,689,I’m ready for holiday season!
285,5015,1,3,57,61,1.0819672131147542,0.04243337411654028,689,I insist on a count down before we blast off to 20th floor.
325,5015,1,3,57,61,1.0819672131147542,0.04243337411654028,689,It's just one small step for a man.
545,5015,1,3,57,61,1.0819672131147542,0.04243337411654028,689,I hear this building is full of nonimmigrant aliens.
684,5015,0,5,56,61,1.0819672131147542,0.03541388359785716,689,"Ready to commence countdown to ""blastoff "" ?"
1026,5015,0,5,56,61,1.0819672131147542,0.03541388359785716,689,"Basement, please. Just kidding!"
1160,5015,0,5,56,61,1.0819672131147542,0.03541388359785716,689,"Penthouse floor, Tower of Babel. May I take your helmet, sir?"
1165,5015,1,3,57,61,1.0819672131147542,0.04243337411654028,689,"The film crew is ready for you,Mr. Armstrong."
1237,5015,0,5,56,61,1.0819672131147542,0.03541388359785716,689,"Enjoy your moonwalk, sir."
1245,5015,0,5,56,61,1.0819672131147542,0.03541388359785716,689,Yes i mean up
1308,5015,1,3,57,61,1.0819672131147542,0.04243337411654028,689,"One small step for man, one giant leap for mankind"
2910,5015,0,5,56,61,1.0819672131147542,0.03541388359785716,689,"Yes, sir, this elevator does go to L1, but only a noon."
1622,5015,1,3,57,61,1.0819672131147542,0.04243337411654028,689,"Sorry  sir, we don't go to Infinity and Beyond."
1703,5015,0,5,56,61,1.0819672131147542,0.03541388359785716,689,Just how many floors do you think there are in this building?!
1759,5015,0,5,56,61,1.0819672131147542,0.03541388359785716,689,Up?  We're not going that far.
1868,5015,1,3,57,61,1.0819672131147542,0.04243337411654028,689,"Yeah, Honeymooning without the spouse is trending now"
1561,5015,0,5,56,61,1.0819672131147542,0.03541388359785716,689,"Up to the fake floor, I'm guessing?"
1882,5015,0,5,56,61,1.0819672131147542,0.03541388359785716,689,First floor--not the Fish Floor
1990,5015,0,5,56,61,1.0819672131147542,0.03541388359785716,689,Are you sure?...the Penthouse is completely over the moon.
2033,5015,0,5,56,61,1.0819672131147542,0.03541388359785716,689,You do know that the top floor in this building is the 56th.?
2307,5015,1,3,57,61,1.0819672131147542,0.04243337411654028,689,"Mr. President, no one will believe that you were an astronaut -- since they don't believe some of the other self-crediting remarks.  And no, you cannot wear it to the next state dinner!"
2327,5015,0,5,56,61,1.0819672131147542,0.03541388359785716,689,You're now beyond '2001.'
2401,5015,0,5,56,61,1.0819672131147542,0.03541388359785716,689,I thought we
2440,5015,0,5,56,61,1.0819672131147542,0.03541388359785716,689,Welcome to Trump Tower  . . . the only dry spot in New York
2484,5015,0,5,56,61,1.0819672131147542,0.03541388359785716,689,This car does not go to the penthouse.
2550,5015,0,5,56,61,1.0819672131147542,0.03541388359785716,689,"Sorry sir. We were going down, not up."
2712,5080,0,5,57,62,1.0806451612903225,0.03486308566114124,689,It's true. You can't impeach a Space Force cadet.
1390,5080,0,5,57,62,1.0806451612903225,0.03486308566114124,689,"By the way Mr. Katz, did you hear that 608 was up for sale?"
1369,5080,0,5,57,62,1.0806451612903225,0.03486308566114124,689,"Ground floor sir. Please bring me back a sample of the moon."""
4353,5083,0,4,53,57,1.0701754385964912,0.034134933513474304,689,Which floor is the moon on liftman ?
5096,5083,0,4,53,57,1.0701754385964912,0.034134933513474304,689,"Are you sure you won’t just get the flu shot this year, sir?"
2842,5085,0,4,54,58,1.0689655172413792,0.033563052647743945,689,"Sir, I’m a highly trained professional.  In what possible world could I ever be obsolete?"
3644,5085,0,4,54,58,1.0689655172413792,0.033563052647743945,689,"We don't even have Freon gas on the moon, sir. You'll have to leave your suit in the cloakroom like everyone else."
3662,5085,0,4,54,58,1.0689655172413792,0.033563052647743945,689,"Don't spend six months in space 
without a change of clothes."
3663,5085,0,4,54,58,1.0689655172413792,0.033563052647743945,689,"Yes, a lot of people have commented that the building looks like the Falcon Heavy."
3683,5085,0,4,54,58,1.0689655172413792,0.033563052647743945,689,We’re not going up that may floors.
3757,5085,0,4,54,58,1.0689655172413792,0.033563052647743945,689,Ok I give up.  Where’s the space rocket?
3844,5085,0,4,54,58,1.0689655172413792,0.033563052647743945,689,Please tell Mrs Armstrong that she has my sympathies.
3931,5085,0,4,54,58,1.0689655172413792,0.033563052647743945,689,"Any floor will do, Charles."
3985,5085,0,4,54,58,1.0689655172413792,0.033563052647743945,689,"Is the ""final frontier"" the 19th or 20th floor?"
4008,5085,0,4,54,58,1.0689655172413792,0.033563052647743945,689,High rise buildings these days!
4085,5085,0,4,54,58,1.0689655172413792,0.033563052647743945,689,My room sucked.
4172,5085,1,2,55,58,1.0689655172413792,0.041610565732650054,689,"This doesn't look good, do you think I should cancel Mrs. Rosenberg's Wall St. Journal?"
4262,5085,1,2,55,58,1.0689655172413792,0.041610565732650054,689,Working toilets are to your left.
4322,5085,1,2,55,58,1.0689655172413792,0.041610565732650054,689,"You are in the wrong elevator, the one to  floor 1.325.654.345 is in building X."
4364,5085,0,4,54,58,1.0689655172413792,0.033563052647743945,689,"Astronaut Schweickart, aren't you supposed to be testing the backpack on your space walk?"
3627,5085,0,4,54,58,1.0689655172413792,0.033563052647743945,689,How was that for a soft landing back on Earth Sir?
3605,5085,0,4,54,58,1.0689655172413792,0.033563052647743945,689,"The next stop is lingerie, after that is the jet way to the capsule."
3555,5085,1,2,55,58,1.0689655172413792,0.041610565732650054,689,"1st floor, camping and skiing equipment"". ""C'mon Sheldon you know I like it when you say blast off  at the lobby."""
3496,5085,0,4,54,58,1.0689655172413792,0.033563052647743945,689,The next elevator goes to the moon
4390,5085,0,4,54,58,1.0689655172413792,0.033563052647743945,689,Sea floor.
2724,5085,0,4,54,58,1.0689655172413792,0.033563052647743945,689,"The sky’s the limit in this car, sir!"
2632,5085,0,4,54,58,1.0689655172413792,0.033563052647743945,689,"'Which party? Orbit, space station or moon?'"
2939,5085,0,4,54,58,1.0689655172413792,0.033563052647743945,689,"Sorry sir, we only go to the 23rd floor, you want the other elevator."
3104,5085,0,4,54,58,1.0689655172413792,0.033563052647743945,689,"5th floor... women's lingerie, men's shoe's, the final frontier."
3138,5085,0,4,54,58,1.0689655172413792,0.033563052647743945,689,"Neither, Sire. These are ""floors""."
3159,5085,1,2,55,58,1.0689655172413792,0.041610565732650054,689,I forgot my teddy bear.
3161,5085,0,4,54,58,1.0689655172413792,0.033563052647743945,689,I don’t believe it goes that high
3191,5085,0,4,54,58,1.0689655172413792,0.033563052647743945,689,I am here to help you recover from the Binds
2693,5085,0,4,54,58,1.0689655172413792,0.033563052647743945,689,InfoWars said there was a child sex slave colony on Mars. But I had no idea it would be so posh!
3263,5085,1,2,55,58,1.0689655172413792,0.041610565732650054,689,Don't forget your briefcase.
3294,5085,0,4,54,58,1.0689655172413792,0.033563052647743945,689,"Yeah, just going to check my New Years Resolutions"
3297,5085,0,4,54,58,1.0689655172413792,0.033563052647743945,689,"Beam me up, Fred"
3395,5085,0,4,54,58,1.0689655172413792,0.033563052647743945,689,"I'm glad you're finally getting acclimated to the 13,000th floor Mr. Goodwin."
3468,5085,0,4,54,58,1.0689655172413792,0.033563052647743945,689,"I’m afraid you’re in the wrong elevator, sir!"
2729,5085,0,4,54,58,1.0689655172413792,0.033563052647743945,689,Wrong elevator?
3230,5085,0,4,54,58,1.0689655172413792,0.033563052647743945,689,"Oh sorry, I said ""up""."
4873,5085,0,4,54,58,1.0689655172413792,0.033563052647743945,689,13th floor? Okay.
4479,5085,0,4,54,58,1.0689655172413792,0.033563052647743945,689,It's one small step to the lobby...
5095,5085,0,4,54,58,1.0689655172413792,0.033563052647743945,689,"I’m sorry sir, we’re already at the top floor. We can’t go up."
5118,5085,0,4,54,58,1.0689655172413792,0.033563052647743945,689,I'm sorry sir. I'm afraid you'll have to find infinity and beyond elsewhere. 12 is our highest floor.
5133,5085,0,4,54,58,1.0689655172413792,0.033563052647743945,689,Thanks for choosing Hyatt Neptune. The doorman will call you a teleporter.
5135,5085,0,4,54,58,1.0689655172413792,0.033563052647743945,689,"The pollen count is higher than usual this morning, Mr. Anderson."
5177,5085,0,4,54,58,1.0689655172413792,0.033563052647743945,689,"This is the elevator to the gallows, not space."
5196,5085,0,4,54,58,1.0689655172413792,0.033563052647743945,689,"No, those really are not funny."
5224,5085,0,4,54,58,1.0689655172413792,0.033563052647743945,689,This elevator only goes down one more floor !
5229,5085,0,4,54,58,1.0689655172413792,0.033563052647743945,689,Skyway just ahead.
5236,5085,0,4,54,58,1.0689655172413792,0.033563052647743945,689,"In the event of a super nova, take the stairs."
5242,5085,0,4,54,58,1.0689655172413792,0.033563052647743945,689,One giant leap  for Post-Millennials.
5282,5085,1,2,55,58,1.0689655172413792,0.041610565732650054,689,"Who? No, I'm the bellboy,
Can you hear me, Major Tom?"
5300,5085,0,4,54,58,1.0689655172413792,0.033563052647743945,689,"You said the toilets were on this floor, right?"
5310,5085,0,4,54,58,1.0689655172413792,0.033563052647743945,689,"Sorry, but there are only 25 floors."
5318,5085,0,4,54,58,1.0689655172413792,0.033563052647743945,689,"I'm actually going down, believe it or not."
5327,5085,0,4,54,58,1.0689655172413792,0.033563052647743945,689,"W Hotels bought the naming rights to the Space Station, but otherwise nothing has changed. Enjoy your stay."
5084,5085,1,2,55,58,1.0689655172413792,0.041610565732650054,689,I assume you'd like to go down?
5014,5085,0,4,54,58,1.0689655172413792,0.033563052647743945,689,"I'm sorry, the ninety eight floor is the highest I can go."
4956,5085,1,2,55,58,1.0689655172413792,0.041610565732650054,689,Time to film the Mars landing Sir?
4941,5085,0,4,54,58,1.0689655172413792,0.033563052647743945,689,I'm sorry sir but men's suits are not returnable!
4537,5085,0,4,54,58,1.0689655172413792,0.033563052647743945,689,"No, no - your not a space cadet  if you forget the floor."
4541,5085,0,4,54,58,1.0689655172413792,0.033563052647743945,689,"The ISS, sir? I am afraid you'll have to take Elon's space elevator, not this one."
4543,5085,1,2,55,58,1.0689655172413792,0.041610565732650054,689,500th floor! I get nosebleeds up there !
4578,5085,0,4,54,58,1.0689655172413792,0.033563052647743945,689,Most people go to the spa to get their buoyancy fix.
4624,5085,0,4,54,58,1.0689655172413792,0.033563052647743945,689,"Anything but 13, I'm guessing.
Greg Stroupe
Madison, WI"
4643,5085,0,4,54,58,1.0689655172413792,0.033563052647743945,689,"All the way to the Moon and back""?! That's the elevator down the hall, Sir"
4650,5085,0,4,54,58,1.0689655172413792,0.033563052647743945,689,And that’s pretty much how the Space Elevator will work.
4421,5085,0,4,54,58,1.0689655172413792,0.033563052647743945,689,Up one flight to the moon.
4668,5085,0,4,54,58,1.0689655172413792,0.033563052647743945,689,"Is the sky the limit again, sir?"
4812,5085,0,4,54,58,1.0689655172413792,0.033563052647743945,689,I'm here for the co-op board interview in 12C.
4840,5085,0,4,54,58,1.0689655172413792,0.033563052647743945,689,Liftoff! You'll break ground on so many levels!
4849,5085,0,4,54,58,1.0689655172413792,0.033563052647743945,689,"Sorry sir, floor 30 is the highest this goes"
4859,5085,0,4,54,58,1.0689655172413792,0.033563052647743945,689,"Have it your way. Watch your One Giant Leap, please."
2599,5085,0,4,54,58,1.0689655172413792,0.033563052647743945,689,One small step for man...
4923,5085,0,4,54,58,1.0689655172413792,0.033563052647743945,689,"I'm sorry Mr. Sanders, but ""Space Socialism""  is still socialism. Besides - and no thanks to you - my wages are way up!"
4940,5085,1,2,55,58,1.0689655172413792,0.041610565732650054,689,"for the last time, stop calling me Major Tom"
4740,5085,0,4,54,58,1.0689655172413792,0.033563052647743945,689,These craters are quite square.
2581,5085,0,4,54,58,1.0689655172413792,0.033563052647743945,689,Just a couple more floors to make it to the outer atmosphere.
4396,5085,0,4,54,58,1.0689655172413792,0.033563052647743945,689,There’s no button fir that.
2528,5085,0,4,54,58,1.0689655172413792,0.033563052647743945,689,I hope the bed is adapted.
709,5085,0,4,54,58,1.0689655172413792,0.033563052647743945,689,"‘Forget something, Captain?’ ‘Depends. Could you hold it at my level?’"
790,5085,0,4,54,58,1.0689655172413792,0.033563052647743945,689,I’m not sure you’ll fit in the cab with all your gear.
793,5085,0,4,54,58,1.0689655172413792,0.033563052647743945,689,Wrong floor!
871,5085,0,4,54,58,1.0689655172413792,0.033563052647743945,689,Top floor. Giant steps not available.
873,5085,0,4,54,58,1.0689655172413792,0.033563052647743945,689,It’s flu season and I don’t wanna risk it.
912,5085,0,4,54,58,1.0689655172413792,0.033563052647743945,689,Space capsule? Just 1 quadrillionth of a parsec to the right
674,5085,1,2,55,58,1.0689655172413792,0.041610565732650054,689,"Is this Women's Scarves and Wraps? My wife is expecting me to bring her back something special."""
913,5085,1,2,55,58,1.0689655172413792,0.041610565732650054,689,"Sir, this IS beyond."
1050,5085,0,4,54,58,1.0689655172413792,0.033563052647743945,689,"Sorry sir, this elevator does not go to the moon, just to floor 101!"
1056,5085,0,4,54,58,1.0689655172413792,0.033563052647743945,689,Going higher?
1064,5085,0,4,54,58,1.0689655172413792,0.033563052647743945,689,But the elevator doesn't go to your ceiling
1155,5085,1,2,55,58,1.0689655172413792,0.041610565732650054,689,This is ground floor to Major Tom
1173,5085,0,4,54,58,1.0689655172413792,0.033563052647743945,689,Ready to brave flue season then sir?
1256,5085,0,4,54,58,1.0689655172413792,0.033563052647743945,689,Please exit quickly!
917,5085,0,4,54,58,1.0689655172413792,0.033563052647743945,689,"Yea, top floor. The truck's parked on the roof."
671,5085,0,4,54,58,1.0689655172413792,0.033563052647743945,689,"Preparing for Mars?
Yeah!Enough of this Impeachment drama!"
661,5085,0,4,54,58,1.0689655172413792,0.033563052647743945,689,Enjoy your perpetual night. sir.
595,5085,0,4,54,58,1.0689655172413792,0.033563052647743945,689,She said she wanted some space.
2552,5085,0,4,54,58,1.0689655172413792,0.033563052647743945,689,"Even on the ground floor facing the street, the prices here are astronomical!"
163,5085,0,4,54,58,1.0689655172413792,0.033563052647743945,689,5. ..4. Bee. | | |  OO)  iV
187,5085,0,4,54,58,1.0689655172413792,0.033563052647743945,689,Better safe than sorry
197,5085,0,4,54,58,1.0689655172413792,0.033563052647743945,689,Are you going up or down?
203,5085,0,4,54,58,1.0689655172413792,0.033563052647743945,689,Write your caption here  I just want some  me time
222,5085,0,4,54,58,1.0689655172413792,0.033563052647743945,689,OMS SIRH SESE a mankind but please press 12 for me thank you. #
250,5085,0,4,54,58,1.0689655172413792,0.033563052647743945,689,"I guess it is today.... Good luck for your court hearing for divorce, sir!"
268,5085,0,4,54,58,1.0689655172413792,0.033563052647743945,689,Great Wall of  ;  - this is your floor. You A right from your room.
283,5085,0,4,54,58,1.0689655172413792,0.033563052647743945,689,"No; I don't have a martian mellow. """
290,5085,0,4,54,58,1.0689655172413792,0.033563052647743945,689,"Your double-parked rocket was towed, sir."
338,5085,0,4,54,58,1.0689655172413792,0.033563052647743945,689,"Yes sir, splashdown. It won’t happen again, sir."
444,5085,0,4,54,58,1.0689655172413792,0.033563052647743945,689,"""What floor?""
""2001, please."""
489,5085,0,4,54,58,1.0689655172413792,0.033563052647743945,689,They say the plumber will be in shortly.
587,5085,0,4,54,58,1.0689655172413792,0.033563052647743945,689,"You may find the view different than you’re accustomed to, but I think it’s pretty spectacular."
590,5085,0,4,54,58,1.0689655172413792,0.033563052647743945,689,Good evening Mr. Aldrin. Shall we have lift-off to the sixth floor?
1385,5085,0,4,54,58,1.0689655172413792,0.033563052647743945,689,"The International Space Station, please,"
1404,5085,0,4,54,58,1.0689655172413792,0.033563052647743945,689,It's better than walking on the moon--- it's Trump Tower!
839,5085,0,4,54,58,1.0689655172413792,0.033563052647743945,689,"Usually, Mr. Johnson just lights a match. But, last night he tried this new Mexican restaurant . . ."
1449,5085,0,4,54,58,1.0689655172413792,0.033563052647743945,689,"Excuse me sir, do you know how to get to the Apollo?"
1986,5085,0,4,54,58,1.0689655172413792,0.033563052647743945,689,"Wauw,you really think our hotel will go that high?"
2016,5085,0,4,54,58,1.0689655172413792,0.033563052647743945,689,"I don't go that far,try the space elevator"
2035,5085,0,4,54,58,1.0689655172413792,0.033563052647743945,689,We have ignition.
2047,5085,0,4,54,58,1.0689655172413792,0.033563052647743945,689,I heard Frank Sinatra sing Fly Me To The Moon right in this elevator.
2097,5085,0,4,54,58,1.0689655172413792,0.033563052647743945,689,No sir. We only go to 17
2210,5085,1,2,55,58,1.0689655172413792,0.041610565732650054,689,"This elevator does have 43,896 floors, but it doesn't go past the atmosphere I'm afraid."
2222,5085,0,4,54,58,1.0689655172413792,0.033563052647743945,689,"Sorry, the descent beckoned."
2237,5085,0,4,54,58,1.0689655172413792,0.033563052647743945,689,That won't be necessary.  This is a skyscraper not a spacescraper.
2239,5085,0,4,54,58,1.0689655172413792,0.033563052647743945,689,You can't land in the penthouse swimming pool unless you're a coop member.
2275,5085,0,4,54,58,1.0689655172413792,0.033563052647743945,689,pee pee poo poo
2286,5085,0,4,54,58,1.0689655172413792,0.033563052647743945,689,"Floor 88,000 please"
1426,5085,0,4,54,58,1.0689655172413792,0.033563052647743945,689,one small step for the operator and one giant leap for human kind.
2356,5085,1,2,55,58,1.0689655172413792,0.041610565732650054,689,"How far down, sir?"
2403,5085,0,4,54,58,1.0689655172413792,0.033563052647743945,689,"The moon? Sorry, we only go up 39 floors."
2506,5085,0,4,54,58,1.0689655172413792,0.033563052647743945,689,"I'm sorry, sir, but this is as high as it will go."
1970,5085,1,2,55,58,1.0689655172413792,0.041610565732650054,689,Mars? This is Hershey’s headquarters.
1947,5085,0,4,54,58,1.0689655172413792,0.033563052647743945,689,"I’m sorry, but we only have 63 floors."
2355,5085,0,4,54,58,1.0689655172413792,0.033563052647743945,689,"Ready for basic training, sir!"
1911,5085,0,4,54,58,1.0689655172413792,0.033563052647743945,689,"Just for the record, it’s not true what they say I only take a bath once a week."
1471,5085,0,4,54,58,1.0689655172413792,0.033563052647743945,689,"“10TH FLOOR”
     “LADIES LINGERIE”
“Undergarments (mainly brassieres), sleepwear and lightweight robes”

""That's one small step for man, one giant leap for mankind."""
1479,5085,0,4,54,58,1.0689655172413792,0.033563052647743945,689,"All the way up? Air. 
All the way down? Air.
Now, the bar on mezzanine?
Kinda smokey."
1492,5085,0,4,54,58,1.0689655172413792,0.033563052647743945,689,"Sorry, I thought you said down."
1512,5085,0,4,54,58,1.0689655172413792,0.033563052647743945,689,"I'm sorry, Sir, we don't go above the penthouse."
1541,5085,0,4,54,58,1.0689655172413792,0.033563052647743945,689,"Down to water level, please."
1597,5085,0,4,54,58,1.0689655172413792,0.033563052647743945,689,"WHEN I GET TO THE TOP FLOOR, WHICH WAY SHOULD I JUMNP?"
1625,5085,0,4,54,58,1.0689655172413792,0.033563052647743945,689,Light this candle?
1578,5085,0,4,54,58,1.0689655172413792,0.033563052647743945,689,"Careful getting off, it's one small step for man."
1663,5085,0,4,54,58,1.0689655172413792,0.033563052647743945,689,I'm sorry...the elevator stops at the 102nd Floor.
1863,5085,0,4,54,58,1.0689655172413792,0.033563052647743945,689,"Relax!. It's already removed and 'Safe' in my backpack."""
1452,5085,0,4,54,58,1.0689655172413792,0.033563052647743945,689,Will you be getting off at groundwater?
1864,5085,0,4,54,58,1.0689655172413792,0.033563052647743945,689,I'm Honey Detector and Extractor.
1871,5085,0,4,54,58,1.0689655172413792,0.033563052647743945,689,"I'm Strong. Where's that ""scary"" Honeycomb in this tower?"
1886,5085,0,4,54,58,1.0689655172413792,0.033563052647743945,689,"10th floor: housewares, space suits and cutlery..Watch your step please."
1656,5085,0,4,54,58,1.0689655172413792,0.033563052647743945,689,To the top. And beyond!
1924,5085,0,4,54,58,1.0689655172413792,0.033563052647743945,689,Have a seat. I can launch you to the roof.
3622,5234,0,4,55,59,1.0677966101694916,0.03300998538034586,689,Going up...and step on it
4951,5235,0,4,56,60,1.0666666666666667,0.03247482002983032,689,One small floor?
2024,5236,0,4,57,61,1.0655737704918034,0.03195670276986547,689,I'm afraid this isn't the NASA building.
1841,5237,0,4,60,64,1.0625,0.030496877279641663,689,"Mars,sir. Made -to-measure to your right."
2878,5238,0,3,51,54,1.0555555555555556,0.031464006330825245,689,"No sir, not a nose-cone stop at any level."
1747,5238,0,3,51,54,1.0555555555555556,0.031464006330825245,689,How do you do business in that coat?
1083,5238,0,3,51,54,1.0555555555555556,0.031464006330825245,689,OK!  10-9-8-8-6 ...
2127,5241,0,3,52,55,1.0545454545454545,0.030903148567228995,689,"Boy, Thanks a lot! Our tenants were up in arms about the washing machines being out of commission!"
4154,5242,0,2,48,50,1.04,0.02799416848895062,689,"""Welcome to the greenhouse effect."
4864,5243,0,2,49,51,1.0392156862745099,0.027450980392156866,689,"Oh, you need the express elevator."
2816,5243,0,2,49,51,1.0392156862745099,0.027450980392156866,689,I don't think elevator will go that far
2946,5243,0,2,49,51,1.0392156862745099,0.027450980392156866,689,"I'm sorry, this elevator stops at the 110 th floor."
3219,5243,0,2,49,51,1.0392156862745099,0.027450980392156866,689,"They said once more late and you're done, sir."
3250,5243,0,2,49,51,1.0392156862745099,0.027450980392156866,689,"OK, the 89th floor -- this is as high as I go.  There's a stairway that'll take you to the roof behind the door over there.  The rest if the way you're on your own."
3253,5243,0,2,49,51,1.0392156862745099,0.027450980392156866,689,sooo where’s the spacecraft?
2710,5243,0,2,49,51,1.0392156862745099,0.027450980392156866,689,"No, this elevator does not go up to the sky!"
3352,5243,0,2,49,51,1.0392156862745099,0.027450980392156866,689,I didn't know pre-war buildings had floors this high!
3389,5243,0,2,49,51,1.0392156862745099,0.027450980392156866,689,"Oh my God, he's is so gonna win this fancy dress competition."
3782,5243,0,2,49,51,1.0392156862745099,0.027450980392156866,689,Yes 'no atmosphere' I know just push the button
3883,5243,0,2,49,51,1.0392156862745099,0.027450980392156866,689,Cocain is a hell of a drug
3941,5243,0,2,49,51,1.0392156862745099,0.027450980392156866,689,You will need to transfer at the top floor to continue.
4190,5243,0,2,49,51,1.0392156862745099,0.027450980392156866,689,I'm allergic to elevators.
4258,5243,0,2,49,51,1.0392156862745099,0.027450980392156866,689,You have the wrong elevator. We only have 50 floors
4467,5243,1,0,50,51,1.0392156862745099,0.0392156862745098,689,I'm sorry sir -- this car only goest to the forty-fifth floor.
4583,5243,1,0,50,51,1.0392156862745099,0.0392156862745098,689,"No, I this isn't the Watergate.  Probably the costume Party you are looking for is at Trump Tower."
4637,5243,1,0,50,51,1.0392156862745099,0.0392156862745098,689,"Yes, the prices are stratospheric, but this only goes up to the penthouse."
4699,5243,1,0,50,51,1.0392156862745099,0.0392156862745098,689,"This is “ladies lingerie”.  
Are you sure you don’t want our Halloween shop on eight?"
3433,5243,0,2,49,51,1.0392156862745099,0.027450980392156866,689,"Sir, if you want the ""boldly go where no man has gone before floor"" you'll have to go just a little higher."
2684,5243,0,2,49,51,1.0392156862745099,0.027450980392156866,689,My bags are on their way down.
1954,5243,0,2,49,51,1.0392156862745099,0.027450980392156866,689,"Guy: Did this dude even check in?
Astronaut: why is this dude looking at me 
Guy:"
2564,5243,0,2,49,51,1.0392156862745099,0.027450980392156866,689,"Cutbacks? Well, the best I can do for you, buddy, is the penthouse and roof garden."
2617,5243,0,2,49,51,1.0392156862745099,0.027450980392156866,689,"Just one small step sir, then take your first left and you can’t miss the buffet."
124,5243,0,2,49,51,1.0392156862745099,0.027450980392156866,689,The chair in Wonka’s  glass elevator was  Charlie’s suggestion; the Space suit is because everyone still knows what happened to the other  kids.
287,5243,0,2,49,51,1.0392156862745099,0.027450980392156866,689,"Hope I didn't offend your religious beliefs, Mx. Doe."
359,5243,0,2,49,51,1.0392156862745099,0.027450980392156866,689,"So sorry, sir. The subterranean level’s door is rusted shut ."
415,5243,0,2,49,51,1.0392156862745099,0.027450980392156866,689,We have raked out the moon in the swimming pool.
499,5243,0,2,49,51,1.0392156862745099,0.027450980392156866,689,"Some International Space Station, Bud!"
683,5243,0,2,49,51,1.0392156862745099,0.027450980392156866,689,Try the Empire State Building...
870,5243,0,2,49,51,1.0392156862745099,0.027450980392156866,689,3 more successfully launches and I'm back with my  launch group !!!
1378,5243,0,2,49,51,1.0392156862745099,0.027450980392156866,689,"A little of clothes here I am afraid I’m afraid, But I’ll take you up where there’s more space"
144,5243,0,2,49,51,1.0392156862745099,0.027450980392156866,689,its the 10th floor already and i'm starting to belive they made these 10 stars up
1646,5243,0,2,49,51,1.0392156862745099,0.027450980392156866,689,I think my stop is a little higher up...
1812,5243,0,2,49,51,1.0392156862745099,0.027450980392156866,689,"Excuse me, sir. This one only goes to the tenth floor."
1885,5243,0,2,49,51,1.0392156862745099,0.027450980392156866,689,i know - you are going on a mission to mars and this elevator doesn’t even go to the penthouse. life‘s tough like that sometimes.
2140,5243,0,2,49,51,1.0392156862745099,0.027450980392156866,689,I'm the new captain of Trump's Space Force..  does this elevator go to the moon?  or Mars?
2347,5243,1,0,50,51,1.0392156862745099,0.0392156862745098,689,"Time to pull out my flame-proof suit;
the cult of crazy has taken over."
2418,5243,0,2,49,51,1.0392156862745099,0.027450980392156866,689,"Yes, it was driver-less smarty!   The landing capsule is being picked up from the roof  by Elon Musk."
2478,5243,0,2,49,51,1.0392156862745099,0.027450980392156866,689,Nice to meet a fellow traveler. Does that thing keep your ears from popping?
1415,5243,0,2,49,51,1.0392156862745099,0.027450980392156866,689,"To the left, but please, more careful this time."
2515,5243,0,2,49,51,1.0392156862745099,0.027450980392156866,689,"When you get to the top
tell em Groucho sent you"
4575,5284,0,1,46,47,1.0212765957446808,0.021506619680967013,689,"No, sir, there are no launch abort options."
4249,5285,0,1,47,48,1.0208333333333333,0.021053798026662972,689,You might get tired of the music
4176,5285,0,1,47,48,1.0208333333333333,0.021053798026662972,689,"No, I can't make it do the ""vomit comet"" thing. Yes, I've tried."
4158,5285,0,1,47,48,1.0208333333333333,0.021053798026662972,689,Tinder: There's no one new around you.
4120,5285,0,1,47,48,1.0208333333333333,0.021053798026662972,689,Here you go.... the Space Cadet Convention... on basement level.
3405,5285,0,1,47,48,1.0208333333333333,0.021053798026662972,689,I assure you sir.  This capsule is disinfected every day.
2779,5285,0,1,47,48,1.0208333333333333,0.021053798026662972,689,"Perhaps a misunderstanding, sir? The suite where Michael Jackson stayed is on that floor, not the SpaceX headquarters."
3367,5285,0,1,47,48,1.0208333333333333,0.021053798026662972,689,"In theatres this December: 
The Secrets of the Unsinkable Molly Brown"
3290,5285,0,1,47,48,1.0208333333333333,0.021053798026662972,689,"Sir, you are welcome to take a look yourself, but the aquarium hasn't been here for years."
3041,5285,0,1,47,48,1.0208333333333333,0.021053798026662972,689,Save the great leap for the after party.
2747,5285,0,1,47,48,1.0208333333333333,0.021053798026662972,689,"I'm sorry, but the best I can do is the 86th floor""."
2658,5285,0,1,47,48,1.0208333333333333,0.021053798026662972,689,Is NASA cutting costs again?
4362,5285,0,1,47,48,1.0208333333333333,0.021053798026662972,689,"I'm sorry,this elevator doesn't stop at ""the moon."""
3375,5285,0,1,47,48,1.0208333333333333,0.021053798026662972,689,"Down? Really? I had you pegged for wanting to get to the eighth floor, pronto!"
4413,5285,0,1,47,48,1.0208333333333333,0.021053798026662972,689,Hold on. I think you want the sub basement.
5015,5285,0,1,47,48,1.0208333333333333,0.021053798026662972,689,Welcome to Houston...?
4456,5285,0,1,47,48,1.0208333333333333,0.021053798026662972,689,"This only goes to floor 10, after that you'll have to take the stairs."
4553,5285,0,1,47,48,1.0208333333333333,0.021053798026662972,689,"I'm sorry sir, this elevator does not go that far"
4695,5285,0,1,47,48,1.0208333333333333,0.021053798026662972,689,"This is the surface elevator, sir."
4766,5285,0,1,47,48,1.0208333333333333,0.021053798026662972,689,"Men's Room is to the left. No, I cannot help with your suit."
4768,5285,0,1,47,48,1.0208333333333333,0.021053798026662972,689,"I'm sorry sir, this elevator only goes to the 52nd floor."
4815,5285,0,1,47,48,1.0208333333333333,0.021053798026662972,689,I don't have that much up.
4866,5285,0,1,47,48,1.0208333333333333,0.021053798026662972,689,"For the toy department, make the first left."
4952,5285,0,1,47,48,1.0208333333333333,0.021053798026662972,689,"I see you've heard the rumors, but let me assure you that the atmospheric conditions here are always suitable for lift off."
2518,5285,0,1,47,48,1.0208333333333333,0.021053798026662972,689,I guess you also found out that the National Chili Bean growers are having their convention here.
5036,5285,0,1,47,48,1.0208333333333333,0.021053798026662972,689,Are you sure you don't want to go up?
5076,5285,0,1,47,48,1.0208333333333333,0.021053798026662972,689,JHOUIBWHQOFWGRFWjgehuirj0eghufjowgprfw90doqefv
5117,5285,0,1,47,48,1.0208333333333333,0.021053798026662972,689,Space aardvarks are on the 4th floor. Burp! I'm Hank!
5144,5285,0,1,47,48,1.0208333333333333,0.021053798026662972,689,"Let me guess, the Lonley Moon Suite?"
5254,5285,0,1,47,48,1.0208333333333333,0.021053798026662972,689,Good morning Mr. Ciaramella.
4418,5285,0,1,47,48,1.0208333333333333,0.021053798026662972,689,We can't go to the 9th floor until after store hours.
2383,5285,0,1,47,48,1.0208333333333333,0.021053798026662972,689,May I suggest going down to see how the world looks from below
1440,5285,0,1,47,48,1.0208333333333333,0.021053798026662972,689,C Level please
1926,5285,0,1,47,48,1.0208333333333333,0.021053798026662972,689,"I'm sorry, sir, but this elevator only goes to the sixth floor."
5296,5285,0,1,47,48,1.0208333333333333,0.021053798026662972,689,"There aren't any higher floors"""
38,5285,0,1,47,48,1.0208333333333333,0.021053798026662972,689,"Unbeknownst to Carl, elevator A had been designated ag an early testing site tor NASA gpace elevator program."
164,5285,0,1,47,48,1.0208333333333333,0.021053798026662972,689,"No, my name is “toy not Houston 9 %  ‘, and yes, we all 7 have problems."
165,5285,0,1,47,48,1.0208333333333333,0.021053798026662972,689,sir are you going to the space? no i'm heading to delhi
171,5285,0,1,47,48,1.0208333333333333,0.021053798026662972,689,"as the bellhop pressed the button, he looked back and suddenly realized teh gravity of the situation"
254,5285,0,1,47,48,1.0208333333333333,0.021053798026662972,689,This iSait4 he
398,5285,0,1,47,48,1.0208333333333333,0.021053798026662972,689,"Excuse me sir, if you're looking for the moon elevator that's on the other side of the lobby"""
525,5285,0,1,47,48,1.0208333333333333,0.021053798026662972,689,"I'm sorry, but this is as high as we go."
572,5285,0,1,47,48,1.0208333333333333,0.021053798026662972,689,"What floor?

Ten ...

OK, ten it--

Nine ...

Nine?

Eight ...

NO!"
614,5285,0,1,47,48,1.0208333333333333,0.021053798026662972,689,"Down, I assume?"
730,5285,0,1,47,48,1.0208333333333333,0.021053798026662972,689,I'm using this as my practice capsule.  I'm claustrophobic.
797,5285,0,1,47,48,1.0208333333333333,0.021053798026662972,689,"Sequel to Space Odyssey 2001:
Earth Odyssey 2020."
825,5285,0,1,47,48,1.0208333333333333,0.021053798026662972,689,Did you enjoy your trip to the moon sir?
867,5285,0,1,47,48,1.0208333333333333,0.021053798026662972,689,Geosynchronous Suite... please.
2155,5285,0,1,47,48,1.0208333333333333,0.021053798026662972,689,"Sorry, this lift is only for floors 23 - 56."
880,5285,0,1,47,48,1.0208333333333333,0.021053798026662972,689,"All the way to the top. Shoot me to the moon."" 
""But I...."" 
""Just do it. And fast. I don't have much air left."""
1130,5285,0,1,47,48,1.0208333333333333,0.021053798026662972,689,Here you are sir -- caught between the moon and New York City -- good luck with the love stuff.
1175,5285,0,1,47,48,1.0208333333333333,0.021053798026662972,689,"This is as far as I can take you, Elton.  You're on your own now, Rocket Man"
1200,5285,0,1,47,48,1.0208333333333333,0.021053798026662972,689,"Sir, this does not go up to the top of the rocket."
1379,5285,0,1,47,48,1.0208333333333333,0.021053798026662972,689,It’s down on the right.
1389,5285,0,1,47,48,1.0208333333333333,0.021053798026662972,689,"Do you really think it's faster?""  --Gerard Black Laurelton, N"
1395,5285,0,1,47,48,1.0208333333333333,0.021053798026662972,689,Remember your training and don’t accept a bunch of hot air.
1486,5285,0,1,47,48,1.0208333333333333,0.021053798026662972,689,"Sir, for the last time, it doesn't go that high."
1509,5285,0,1,47,48,1.0208333333333333,0.021053798026662972,689,"Certainly, sir.  The restrooms are down the hall, to your left."
1553,5285,0,1,47,48,1.0208333333333333,0.021053798026662972,689,"I'm sorry, we don't go to the moon."
1583,5285,0,1,47,48,1.0208333333333333,0.021053798026662972,689,its no door to your right
1607,5285,0,1,47,48,1.0208333333333333,0.021053798026662972,689,Buzz? Buzz?! *sigh* He's doing it again...
1710,5285,0,1,47,48,1.0208333333333333,0.021053798026662972,689,To Infinity...and the fourth floor
1755,5285,0,1,47,48,1.0208333333333333,0.021053798026662972,689,"I’m just saying, dress for the job YOU want"
1776,5285,0,1,47,48,1.0208333333333333,0.021053798026662972,689,"Maybe a giant leap for Mrs. Farkas in 9B, sir. You should be fine."
888,5285,0,1,47,48,1.0208333333333333,0.021053798026662972,689,"Going to the penthouse, sir?"
3306,5349,0,0,43,43,1.0,0.023531040266750583,689,"We only go to the top floor.”
Will Hunter, Plymouth M"
