target_id,rank,funny,somewhat_funny,unfunny,count,score,precision,contest,caption
2405,1,2913,3853,3724,10490,1.9226882745471878,0.0077298306372233375,690,"First day on Wall Street, sir?"
1300,2,3222,4635,4533,12390,1.894188861985472,0.0070439735543401435,690,"Why yes, I always do dress to kill."
1740,3,3169,3839,4404,11412,1.8917805818436733,0.007558310567765612,690,Now that’s what I call a dinner jacket.
778,4,2241,2895,3442,8578,1.8599906738167404,0.008657770691128039,690,I'll take this and the granny dress.
4023,5,2124,3207,3436,8767,1.8503478955172807,0.008354187909381722,690,Perfect! I'm surprising someone for dinner.
3660,6,1685,2541,2870,7096,1.8330045095828635,0.009302855517411916,690,"This is more practical for work, but the Zebra is just so fun."
2430,7,955,1637,1753,4345,1.8163406214039126,0.011649365710160765,690,I don't know. Do you think it makes my teeth look big?
3924,8,157,107,257,521,1.8080614203454894,0.03817432940849434,690,"Dress for the meal you want, not the one you have."
1093,9,2164,2882,3950,8996,1.8014673188083592,0.008436534593901396,690,It’s so ewe!
1625,10,2047,2901,3781,8729,1.801351815786459,0.008483812325007006,690,Would you like to try on a different metaphor?
4094,11,2536,2808,4501,9845,1.8004062976130015,0.008280322292361449,690,It's from our new White House collection.
3903,12,2438,3562,4545,10545,1.800189663347558,0.007682314984498107,690,This should get me through the primaries.
2218,13,2199,2183,3888,8270,1.7957678355501814,0.009163350633830523,690,Why bother?  The sheep will still vote for me even if I eat one on Fifth Avenue.
1385,14,1357,2495,2833,6685,1.7792071802543006,0.009299418716872796,690,"I want something that says, 'I'm approachable.'"
3508,15,1711,2568,3570,7849,1.76315454197987,0.008864772916441848,690,Could you pull the wool over my eyes?
3510,16,1111,1880,2658,5649,1.7261462205700124,0.010239707068592932,690,I love that it's 100% wool.
938,17,1233,1714,2816,5763,1.7253166753427034,0.010432628193153659,690,Our D.C. store can't keep these in stock.
321,18,1531,2963,3832,8326,1.7236368003843383,0.008258221590938723,690,Do my teeth look big in this?
2213,19,978,1802,2425,5205,1.721998078770413,0.0105253013144866,690,It's a formal dinner. Do you have it in black?
3079,20,789,1714,2196,4699,1.7005745903383698,0.010776434375357417,690,Love it — perfect for a quick bite or an evening out.
4130,21,767,1675,2234,4676,1.6862703165098374,0.01078086578491122,690,Sometimes you just have to go with the classics.
3144,22,1219,1927,3267,6413,1.6806486823639482,0.009653473049838076,690,"It won't fool Grandma, but the Electorate..."
2835,23,884,1678,2625,5187,1.6643531906689801,0.010427056966229902,690,You look absolutely ravenous.
823,24,618,1241,1908,3767,1.657552428988585,0.012120936322177027,690,Dressed to kill as usual I see.
442,25,952,1949,3212,6113,1.630296090299362,0.009438509086559686,690,Do you have it in black?
3441,26,764,1481,2646,4891,1.6152116131670415,0.010597071345445167,690,Is my intent showing?
3781,27,341,872,1331,2544,1.6108490566037736,0.01410307329029236,690,And you're sure I'll blend in?
2036,28,617,1255,2220,4092,1.608260019550342,0.011487335821124019,690,"Of course it's not you,  but isn't that the point?"
3364,29,801,1497,2826,5124,1.60480093676815,0.010377071356162473,690,"It's very ewe, Sir."
1542,30,589,1180,2148,3917,1.6019913198876692,0.011746580720732295,690,"Sir, allow me to offer you an alternative to the cliche."
678,31,440,868,1599,2907,1.6013071895424837,0.01366261485220085,690,It's an off-the-rack of lamb.
2965,32,476,968,1757,3201,1.5998125585754452,0.012959606878734323,690,This really isn’t me. I’ll take it.
2692,33,335,799,1333,2467,1.595460072963113,0.014415797062876236,690,I still can't believe this works every year.
3884,34,617,724,1949,3290,1.5951367781155015,0.013685706606021307,690,"On second thought, let me try the one with the orange face and the tiny hands again."
3149,35,176,450,748,1374,1.5836972343522562,0.019067501710338445,690,Don't bother with wrapping; I'm wearing it straight to work.
3654,36,110,270,466,846,1.57919621749409,0.02441687360246889,690,They say cliche- I say classic.
426,37,369,791,1564,2724,1.5613069016152716,0.013781338592702754,690,It bespeaks a conformist sensibility and intentional deception—I’ll take it.
561,38,442,661,1650,2753,1.561205957137668,0.014358345771184876,690,Very presidential!
3991,39,364,715,1510,2589,1.5573580533024334,0.014282149425348986,690,Don't dress for the meal you ate; dress for the meal you want to eat!
707,40,398,811,1692,2901,1.5539469148569458,0.01340969634253912,690,"THIS is you, sir, and barely recognizable."
2296,41,530,1346,2471,4347,1.5534851621808143,0.010628929994921441,690,Are you sure it's not too cliche?
4171,42,457,1205,2187,3849,1.5505326058716549,0.011225698309743903,690,I can't decide between this and the grandma outfit.
542,43,395,893,1770,3058,1.5503597122302157,0.012863017039600385,690,An excellent choice sir.  It brings out the beast in you.
2766,44,376,835,1693,2904,1.546487603305785,0.013212694325833114,690,Did you also want an outfit for when you go huffing and puffing?
1045,45,326,880,1606,2812,1.5448079658605975,0.013065465906518269,690,This one will be perfect for a little dinner I am planning
3473,46,457,768,1891,3116,1.5397946084724006,0.01318763422549107,690,It's our new line for 2020.  It's already big in Washington.
459,47,238,468,1057,1763,1.535450935904708,0.01715816717789239,690,I'm gonna need this one for the swing states.
830,48,300,849,1559,2708,1.5350812407680945,0.013181339275761312,690,"Ah, you can never go wrong with a classic."
1463,49,177,504,935,1616,1.5309405940594059,0.01702487863742644,690,"You're right, it does make me look more approachable."
898,50,224,441,1019,1684,1.5279097387173397,0.017497208004789325,690,Farm-fatale
2580,51,216,336,911,1463,1.5249487354750513,0.019301432513179315,690,"Why, yes, it's for my confirmation hearing.  I'm frankly surprised you still had one in stock!"
3423,52,275,454,1194,1923,1.5221008840353614,0.016692153461782985,690,It makes me feel so...unimpeachable.
1091,53,222,437,1043,1702,1.5176263219741482,0.017324900913041633,690,It's not cultural appropriation if it's couture.
3168,54,300,503,1336,2139,1.5156615240766713,0.015748544789997987,690,And this is the same one he wore in 2016?
1480,55,239,432,1105,1776,1.5123873873873874,0.017099389607388698,690,"Sir, this is indeed our fleece de résistance."
649,56,227,624,1273,2124,1.5075329566854991,0.014778804004945226,690,I'll take this one if you throw in the grandma costume for half price.
1778,57,206,469,1072,1747,1.50429307384087,0.016680654368163416,690,Perfect. Even I’d eat me.
505,58,166,468,957,1591,1.502828409805154,0.016984376656785725,690,"Absolutely dashing sir, but a tad dressy for huffing and puffing."
3488,59,207,473,1111,1791,1.495254048017867,0.016394801854257533,690,You have to be a real wolf to look that good in sheep.
2116,60,200,458,1086,1744,1.4919724770642202,0.016582576569752705,690,"I mean, I like it, but is it cultural appropriation?"
3693,61,195,467,1085,1747,1.490555237550086,0.01646181036719786,690,Do you also have this in pig?
2561,62,90,229,522,841,1.4863258026159334,0.023498833099260482,690,Oh I feel baa-d
587,63,150,450,945,1545,1.4854368932038835,0.016957021892185887,690,I definitely prefer this to the nightgown and bonnet
1431,64,97,211,527,835,1.4850299401197604,0.024043107435730234,690,"I like it, but I want pockets. do you have anything in a marsupial."
821,65,163,409,957,1529,1.4807063440156965,0.017404169251755107,690,Can I get it in black?
896,66,140,347,821,1308,1.4793577981651376,0.018834461443481904,690,"Very good, sir. And the billing address is still Grandmother’s House?"
3311,67,162,344,888,1394,1.4791965566714491,0.018601343341512925,690,It’s to die for.
2978,68,84,189,478,751,1.4753661784287617,0.02511559690338777,690,"Let’s hurry this up, she’s already over the river and through the woods"
1916,69,116,383,806,1305,1.471264367816092,0.018094673512532064,690,"I know it''s cliché, but I absolutely love it!"
2640,70,139,294,781,1214,1.471169686985173,0.01985445538848563,690,"I was born lupine, but I identify as ovine."
4060,71,126,310,769,1205,1.4663900414937758,0.01950379044416419,690,"Yes, they are all free-range."
300,72,162,229,795,1186,1.466273187183811,0.020989241485831294,690,This is the one Vladimir likes.
1471,73,106,337,738,1181,1.4648602878916173,0.019051093020012812,690,"They're all fabulous, but this one has me salivating."
2717,74,136,276,767,1179,1.4648006785411365,0.02017464061902893,690,"This’ll work in the blue states, what’ve you got for the red?"
2934,75,108,325,733,1166,1.4639794168096054,0.01930000847555295,690,"Very good sir, you can't go wrong with the classic."
3906,76,141,249,757,1147,1.4629468177855274,0.020772301324954535,690,"Oh, the bargains at Neiman Carcass!"
2133,77,100,336,722,1158,1.46286701208981,0.019082967487475812,690,"Too obvious, let's try the Zebra again."
2132,78,139,215,716,1070,1.4607476635514018,0.02180516537090795,690,The best part is I can deduct it as a campaign expense.
679,79,132,274,762,1168,1.4606164383561644,0.020163775292507062,690,That is so ewe
4036,80,136,237,733,1106,1.4602169981916817,0.021151224447576382,690,I'd say this one looks more presidential.
4175,81,83,249,570,902,1.460088691796009,0.021907954053900194,690,"I don't care if it makes me look fat, as long as it doesn't make me look hungry."
2537,82,113,254,686,1053,1.4558404558404558,0.020971527319880348,690,"No, I need more of a power-suit. 
This makes me look like a follower."
655,83,107,132,532,771,1.4487678339818417,0.02611007850058073,690,...and I’ll throw in the pigs’ address as they are potential Cloven Hoof donors.
2441,84,100,227,625,952,1.4485294117647058,0.021931803587042446,690,"I love it! No animals were harmed, right?"
2414,85,113,193,630,936,1.4476495726495726,0.022862350813416858,690,"I'll take this one, and the american flag lapel pin to complete the package."
3133,86,96,222,610,928,1.4461206896551724,0.022130181951950448,690,This is too obvious. Let me try the business suit.
3919,87,76,181,490,747,1.4457831325301205,0.02457524202353724,690,I'll take three bags full.
797,88,101,199,602,902,1.4445676274944568,0.02286072382219306,690,Can I rent it?  I heard you do predatory lending.
710,89,91,133,489,713,1.4417952314165499,0.026549499877714648,690,"Now I understand, sir. I brought out cheap clothing and you wanted ‘sheep’s’ clothing."
3179,90,78,210,547,835,1.4383233532934132,0.022786211556948415,690,"I don't usually wear white after Labor Day, but I'll make an exception."
3555,91,70,223,536,829,1.4378769601930037,0.022388178773207763,690,I’m not looking to make a statement. I just want to blend in.
3728,92,80,201,544,825,1.4375757575757575,0.023109138693108447,690,"Not everyone can pull it off, but I am sure you will kill it!"
3271,93,84,187,544,815,1.4355828220858895,0.023564053447634323,690,This one is perfect for both of my New Year’s resolutions: gain weight and try to get more sheep.
552,94,80,180,525,785,1.4331210191082802,0.023940531604955174,690,"Yes, but I'm wearing it ironically"
3622,95,60,219,504,783,1.4329501915708813,0.022581509879839198,690,You were right - I do look great in wool.
4185,96,82,163,511,756,1.4325396825396826,0.02474720728104661,690,"You know that's a poodle, right?"
1085,97,66,190,491,747,1.431057563587684,0.02378280203455796,690,Would you eat me? I would eat me.
3153,98,58,212,491,761,1.431011826544021,0.02287470574299527,690,It’s actually polyester but you can hardly taste the difference.
2268,99,67,195,502,764,1.4306282722513088,0.023478057393227225,690,This is very flattering to my sense of irony. I'll take it.
2678,100,62,197,487,746,1.4302949061662198,0.023498137553949156,690,"I suppose the choice would depend upon your objective, sir. Is it meant for a dinner engagement?"
3636,101,66,192,496,754,1.429708222811671,0.0236206568569685,690,What good taste I have.
2543,102,70,183,499,752,1.4295212765957446,0.02396188057707419,690,"Sorry for the confusion, sir. I thought you asked for "" the sheepest one."""
1817,103,57,147,404,608,1.4292763157894737,0.026693024605489623,690,"I want something that says, 'I'm not here to eat you.'"
2366,104,56,208,482,746,1.4289544235924934,0.023028624566756938,690,This one really shows off what big eyes I got.
1112,105,96,234,665,995,1.428140703517588,0.02098675124924393,690,"Yes, I WILL kill in this outfit!"
497,106,58,194,475,727,1.4264099037138926,0.023593910962939984,690,Now for the hard part... Baaaaaaa.
509,106,53,204,470,727,1.4264099037138926,0.02318892269275714,690,I love it. But don't you think it's a bit too cliché?
3370,108,57,179,457,693,1.4227994227994227,0.02429771497207612,690,"Alright, now pull the wool over my eyes."""
2911,109,58,170,449,677,1.4224519940915805,0.02478697621065774,690,Let’s try the pig. Somehow I don’t think they’ll fall for this.
4128,110,54,183,453,690,1.4217391304347826,0.024106590087943053,690,It's not me...it's perfect
3680,111,72,123,444,639,1.4178403755868545,0.027101397573893207,690,No one will believe it. Oh wait!  Donald Trump is President.
631,112,59,155,440,654,1.4174311926605505,0.025469873102385736,690,I think this one strikes the right balance of insouciance and menace.
1115,113,48,189,446,683,1.417276720351391,0.02371980958011841,690,"I agree, “a wolf in pig’s clothing” just doesn’t have the same ring to it."
1414,114,52,168,432,652,1.4171779141104295,0.02486985184491148,690,"I really thought I wanted a change, but sometimes you just have to stick with what's classic."
1561,115,59,153,438,650,1.416923076923077,0.025579167611591645,690,"This one is perfect, do you also have it in black?"
2634,116,61,144,435,640,1.415625,0.026046361079227236,690,I'll take it! I think I'm going to enjoy life on the lamb.
1503,117,60,167,464,691,1.4153400868306802,0.024568568922757758,690,What do you have in a Grandma?
1326,118,60,143,431,634,1.414826498422713,0.026124623025877695,690,"I’m running for President, why do you ask."
2500,119,76,108,445,629,1.4133545310015898,0.02776568188406947,690,Do you have a Trump one? Sheep love him!!!
2947,120,46,163,410,619,1.4119547657512117,0.025149226286411534,690,...and you’re saying this is 100% wool?
3240,121,51,145,407,603,1.4096185737976783,0.026128529317102352,690,This is the first time I've been fleeced and I'm loving it
3151,122,49,146,402,597,1.4087102177554438,0.026094185353168882,690,"You have to dress for the job you want, not the one you have, right?"
2319,123,43,157,395,595,1.408403361344538,0.025496678033868375,690,Timeless.
3974,124,49,142,398,589,1.4074702886247878,0.026335807395875384,690,YES! This will certainly do for my domestic work. I'll take the zebra and gazelle for my overseas trips.
2605,125,50,138,397,585,1.406837606837607,0.026569272970202142,690,See how it fits when you huff and puff.
4021,126,42,152,387,581,1.4061962134251291,0.025790240164049627,690,"Well, you can't beat a classic"
3787,127,57,121,401,579,1.4058721934369602,0.02752888221403314,690,Gimme the zebra--I look like a complete idiom in this one.
4083,128,47,138,388,573,1.4048865619546247,0.026609133360306934,690,"Indeed, the stripes were slimming, but this hides so much more."
353,129,67,95,405,567,1.4038800705467371,0.02903307875920443,690,This one makes me look like Rudy Giuliani.
3019,129,46,137,384,567,1.4038800705467371,0.026684203938768913,690,Perfect.  Mary won't know what hit her.
2833,131,42,144,379,565,1.4035398230088496,0.02627487003654038,690,You had me at 'machine washable'.
3802,131,43,142,380,565,1.4035398230088496,0.026394034882292472,690,It's between this and that red-hooded number you showed me earlier.
4089,131,48,132,385,565,1.4035398230088496,0.02698196595914748,690,"By the way, I love your human costume."
4108,131,50,128,387,565,1.4035398230088496,0.027213582103092604,690,"This will do for the primaries, but I need something less obvious for the convention."
2244,135,50,127,386,563,1.403197158081705,0.027280313161046715,690,"This one is nice, but does it say cruelty free?"
1550,136,49,128,384,561,1.4028520499108734,0.02723083640819982,690,"The wolf in sheep's clothing shtick is a bit overdone, but I can't see myself with stripes or udders."
3837,137,55,114,388,557,1.4021543985637344,0.028064441943464965,690,"It's my first time going to a vegan restaurant, so I want to make a good impression."
1686,137,49,126,382,557,1.4021543985637344,0.027365392852860413,690,"And,of course,sir,this is 100% wool"
2908,139,41,113,331,485,1.402061855670103,0.02908665753142766,690,"Would you like me to pull the wool over your eyes, Sir?"
3001,140,47,129,379,555,1.4018018018018017,0.02719519239871051,690,"And, of course, it is genuine wool."
3851,140,53,117,385,555,1.4018018018018017,0.027903524642522225,690,Perfect! Now I can go into politics!
2454,142,39,151,380,570,1.4017543859649122,0.025746837797406337,690,I love it...does it come in black?
285,143,51,119,381,551,1.4010889292196007,0.027808911828901772,690,"Oh, yeah. I’d eat me."
1109,144,44,132,373,549,1.4007285974499089,0.02703190287459158,690,Aha! The perfect fleecing outfit!
3491,145,50,119,378,547,1.40036563071298,0.02783021353882698,690,I'm not used to having the sheep on the outside...Nice!
4057,145,54,111,382,547,1.40036563071298,0.028307365091716823,690,Deceit never goes out of fashion.
4098,147,46,126,373,545,1.4,0.027413209951964404,690,"Excellent choice, sir. Shall I put in on your Diners Club Card?"
2828,148,55,110,386,551,1.399274047186933,0.028267916475408404,690,Great for surprising the herd or addressing a nation.
2695,149,43,130,368,541,1.399260628465804,0.027176257982229727,690,"A bit too cliche!  Besides, I've got a party to attend in a brick house, so I'll take the pig."
1939,149,52,112,377,541,1.399260628465804,0.028287157729843287,690,I look so good but feel so baaaad.
691,151,49,116,372,537,1.398510242085661,0.02806559392893668,690,"It’s perfect, sir. They’ll take you for a victim."
936,152,37,137,356,530,1.3981132075471698,0.026775045623033327,690,"Oh, yeah. This is a killer outfit."
2283,152,50,111,369,530,1.3981132075471698,0.028454132719549295,690,"Ahh yes, that one is very popular in our D.C. store."
845,154,43,125,363,531,1.3973634651600753,0.027520980348594112,690,Will you be wearing hoofs?
3938,154,58,95,378,531,1.3973634651600753,0.02939392459353507,690,"Very fine choice Sir. Its a favorite among my most influential clients, including Politicians, Lawyers, Televangelists, and even some Doctors."
2954,156,45,116,360,521,1.3953934740882918,0.028141202902838672,690,I’ll kill in this one
1782,157,30,137,335,502,1.3924302788844622,0.026729616348148504,690,It's for a dinner date.
1747,158,35,126,339,500,1.392,0.02753522065924853,690,Would you trust me? I'd trust me.
1646,159,40,115,343,498,1.391566265060241,0.02832992940721142,690,They're all so delicious; I just can't choose.
3220,160,41,111,342,494,1.3906882591093117,0.028627950077394347,690,I do love a shear blouse.
1175,161,42,108,342,492,1.3902439024390243,0.028850528004192404,690,Now you’re sure I won’t be accused of cultural appropriation?
4082,162,41,109,340,490,1.389795918367347,0.02878600259026629,690,"And these furs are cruelty free, correct?"
3731,163,33,124,331,488,1.389344262295082,0.02767519179644228,690,Timeless classic - or tired trope?
1639,164,34,120,330,484,1.3884297520661157,0.027976918449514408,690,But does this make my teeth look big?
3773,165,46,108,361,515,1.3883495145631068,0.028454856929543814,690,And you say this is 100 percent wool?
1700,166,36,114,330,480,1.3875,0.028436786651678293,690,"Fashions fade, style is eternal."""
652,167,38,125,358,521,1.3857965451055663,0.027133249948087503,690,We have them in all sheeps and sizes.
2574,168,35,109,322,466,1.3841201716738198,0.028840922899262992,690,Try on the kangaroo. You'll like having pockets.
423,169,34,108,318,460,1.382608695652174,0.02892576964402145,690,Who says you can't wear white after Labor Day!
602,170,49,75,329,453,1.3818984547461368,0.031636331117328845,690,I like it. The only problem is it makes me look like a politician.
2983,170,49,75,329,453,1.3818984547461368,0.031636331117328845,690,"Mr. Trump Sir..

Which personality trait would you like to wear today? the pig, the lazy cow, the ass..I mean donkey"
3354,172,50,74,332,456,1.381578947368421,0.03163232106660527,690,"Excellent choice, its last owner is in the White House!"
381,172,36,102,318,456,1.381578947368421,0.02942194707236565,690,It sure beats dressing up like Grandma.
1184,174,41,90,320,451,1.3813747228381374,0.030468425384557372,690,"What do you think? I'm considering a run for office."""
3896,175,39,94,319,452,1.3805309734513274,0.03008832243873402,690,At least it’s not the elephant in the room.
3725,175,33,106,313,452,1.3805309734513274,0.02909365757150779,690,This suit will separate me from the pack.
2338,177,28,111,302,441,1.3786848072562359,0.028693788961822637,690,Not B-a-a-a-a-d!
1418,178,35,94,306,435,1.3770114942528735,0.0301987795280888,690,"I'll take this one.  Wrap up the Bo Peep for my wife, too."
733,178,33,98,304,435,1.3770114942528735,0.029845916338513346,690,Would you eat me? I’d eat me.
937,180,42,79,312,433,1.3764434180138567,0.03150283467956205,690,I'll take it! Just bill my campaign
3335,181,38,79,295,412,1.3762135922330097,0.03193450355719236,690,Just add the monogram GOP and you've got a deal.
2391,182,37,88,306,431,1.3758700696055683,0.03073841229498594,690,"Forget Red Riding Hood, this can get me Bo Peep!"
976,183,26,106,290,422,1.3744075829383886,0.0291384317235144,690,"I like the new styles too, but I think I will go with a traditional look"
2940,184,39,93,325,457,1.37417943107221,0.029796367427506767,690,Are you sure I don’t look like a complete idiom?
1278,185,35,86,297,418,1.3732057416267942,0.031025143778321593,690,Does this make my butt look fluffy?
4001,186,38,79,299,416,1.3725961538461537,0.03167837496126944,690,"And finally, this is the last outfit from our fabled Aesop collection."
1167,186,27,101,288,416,1.3725961538461537,0.02959876065025499,690,Wool does give me a softer side.
2096,188,35,92,308,435,1.3724137931034484,0.030154796488177458,690,Simply ravishing...I will kill it in this outfit!!”
1434,189,29,96,289,414,1.3719806763285025,0.030080910710326977,690,"Warm, and renewably sourced;  I’ll take it!"
3833,190,36,78,292,406,1.3694581280788178,0.03182896891365684,690,Wait until they don't see me in this.
4184,191,37,125,378,540,1.3685185185185185,0.026191447890593966,690,"Doesn’t make me look sheepish, does it?”"
2135,192,24,98,275,397,1.3677581863979849,0.029874269516567284,690,This outfit will absolutely slay.
624,193,36,75,289,400,1.3675,0.03215110587557691,690,You have excellent taste.  This is the choice of our president's sons
3791,193,25,97,278,400,1.3675,0.029930736668076417,690,I’m thinking of it more as a rebranding
2848,195,31,83,281,395,1.3670886075949367,0.031433459939530325,690,"No, no, I said like a wolf in 'chic' clothing."
1830,196,33,116,347,496,1.3669354838709677,0.027167953145831553,690,It's for a friend.
2988,197,36,74,288,398,1.3668341708542713,0.032260408648196084,690,"Yes, sir. Your outfit hits the nail on the head, barks up the wrong tree, is a piece of cake, a pie in the sky and is, um, something else I can’t quite put a finger on..."
1609,198,25,93,273,391,1.3657289002557544,0.030375787828767344,690,That one really brings out your teeth.
3246,199,24,96,274,394,1.365482233502538,0.03000137323676573,690,If I haven't returned it by 5:00 AM you can assume it works.
3686,199,38,68,288,394,1.365482233502538,0.03287722443878709,690,"It becomes you, Donald"
3474,199,39,66,289,394,1.365482233502538,0.03307307483424714,690,"Yes, a long red tie would work."
768,202,31,80,278,389,1.365038560411311,0.031751631309791264,690,"Oh screw it, I’m wearing white."
546,203,26,89,272,387,1.3643410852713178,0.030791105636518854,690,"Who is afraid of the big bad wolf now, huh?"
3808,203,25,91,271,387,1.3643410852713178,0.030572924171412604,690,I just love your Ready-to-Eat Collection.
1070,205,33,74,278,385,1.3636363636363635,0.03238897422454714,690,Were any animals harmed making this jacket?
1932,205,30,80,275,385,1.3636363636363635,0.031756278682080544,690,Dress to repress.
2409,205,30,80,275,385,1.3636363636363635,0.031756278682080544,690,"Sir, New York is probably the only city in the world where YOU can go as your actual self."
623,208,26,87,270,383,1.3629242819843341,0.030994868791574152,690,It's how I've always felt on the inside.
1136,209,34,70,277,381,1.3622047244094488,0.03282690457510817,690,"Most excellent choice, sir. Shall I go ahead and charge it to the Senate account as a travel expenditure?"
1953,210,26,85,268,379,1.3614775725593669,0.031202305543413248,690,Sometimes you just have to stick with a classic.
1741,211,24,87,263,374,1.36096256684492,0.03102411231114018,690,It's just not me. I'll take it!
1860,212,25,84,263,372,1.3602150537634408,0.03136038545940101,690,"Is it ethically sourced?"""
2863,213,20,92,256,368,1.358695652173913,0.030380364977786803,690,"Yes, this is the perfect dinner jacket."
405,213,24,84,260,368,1.358695652173913,0.03134009036388903,690,I find that wool itches.  What do you have in alpaca?
1286,213,24,84,260,368,1.358695652173913,0.03134009036388903,690,I like it. It makes me feel b-a-a-a-a-d.
1571,213,28,76,264,368,1.358695652173913,0.03227128680189132,690,Lamb is the new pork.
3647,217,26,78,260,364,1.3571428571428572,0.03203170689815745,690,Will it last me through the primary season?
1176,218,28,72,259,359,1.3565459610027855,0.0328110298184756,690,"An excellent choice, monsieur. Cliché has such cachet these days!"
2098,219,25,77,255,357,1.3557422969187676,0.032205700238296615,690,It's so not me - I'll take it!
3291,219,25,77,255,357,1.3557422969187676,0.032205700238296615,690,Love it--it's so not me!
798,221,25,78,257,360,1.3555555555555556,0.03201778280954298,690,Do you have a lighter shade? I told her my fleece is white as snow.
579,222,23,80,252,355,1.3549295774647887,0.03182455601006585,690,But what if he wears wolf’s clothing?
730,222,21,84,250,355,1.3549295774647887,0.031320488035662016,690,All this shopping is making me hungry.
1728,222,28,70,257,355,1.3549295774647887,0.03305110968412778,690,"Ok, but will I be able to pull it over THEIR eyes?"
1858,222,21,84,250,355,1.3549295774647887,0.031320488035662016,690,"Dress to kill, right?"
1921,222,18,90,247,355,1.3549295774647887,0.030548795051906576,690,"Yes, this one has a certain innocence about it."
2308,222,24,78,253,355,1.3549295774647887,0.03207361941628515,690,"Pass me the Zebra, it's the horizontal stripes that make you thinner."
2503,228,39,62,294,395,1.3544303797468353,0.032892604822427625,690,"It looks great on you, Ivanka!"
2335,229,23,73,244,340,1.35,0.03271374539244847,690,Yes!  Let's go with the cliche.
2791,229,28,63,249,340,1.35,0.03401396044958457,690,"In like a wolf, out like a lamb, sir?"
3737,231,19,82,242,343,1.3498542274052479,0.031448622306569286,690,"This one really brings out the gleam in your eyes and the sparkle in your teeth, I do say."
396,232,23,72,243,338,1.349112426035503,0.032834790777444896,690,May I suggest something less predictable?
3123,233,21,75,240,336,1.3482142857142858,0.03241342530674208,690,I just keep coming back to the sheep. It’s so versatile!
2310,233,22,73,241,336,1.3482142857142858,0.03268636476370749,690,"Should the gentleman wish to blend into Wall St., we offer a robust collection of pinstripes."
2033,233,26,65,245,336,1.3482142857142858,0.03375606089086376,690,"It’s between this, the pig, and the false prophet."
3958,233,27,63,246,336,1.3482142857142858,0.034018229645560526,690,"Classic! excellent choice, ""let them know you're a pig"" is so last election."
615,233,22,73,241,336,1.3482142857142858,0.03268636476370749,690,"Sir, I would ask you to please take off the wolf suit before trying on another animal."
1360,233,22,73,241,336,1.3482142857142858,0.03268636476370749,690,To die for? I should certainly hope so!
1450,239,17,81,233,331,1.3474320241691844,0.031596031875111764,690,"Oh yes, I prefer understated deception."
735,240,23,69,240,332,1.3463855421686748,0.033205249066934485,690,"Yes, you are looking very big and quite bad indeed, sir."
841,241,24,81,268,373,1.3458445040214477,0.030888387791680426,690,"That’s the one, sir. She’ll never know what bit her."
2645,242,16,82,232,330,1.3454545454545455,0.03133723808389234,690,"I like it, but something a little less revealing, perhaps?"
696,243,30,53,245,328,1.3445121951219512,0.035355355139083236,690,Have you any fake gnus?
1292,244,25,64,242,331,1.3444108761329305,0.03379301641799932,690,Love it. Do you take Diners' Club?
1208,244,18,78,235,331,1.3444108761329305,0.031840195381586736,690,With the right accessories it will be a killer look.
2703,246,15,81,227,323,1.3436532507739938,0.03144723229743689,690,Grandma will absolutely die when she sees me in this.
965,247,20,70,231,321,1.3426791277258567,0.033065311083105564,690,"That's the one, sir! I hardly recognize you!"
3426,247,23,64,234,321,1.3426791277258567,0.03393708903214616,690,I think the best part will be bragging that I share a tailor with the President.
964,249,26,62,245,333,1.3423423423423424,0.03388944726545423,690,"Sir, I believe you are supposed to wear it with the wool over your eyes"
492,250,21,67,231,319,1.341692789968652,0.03348707951618274,690,"It’s very sheep like, but that’s actually labradoodle"
994,251,20,66,226,312,1.3397435897435896,0.033667707159707565,690,"Perfect! Now do you have anything that says, ""Grandma"""
1416,252,22,63,230,315,1.3396825396825396,0.034046654558471424,690,"This is it! This suit shouts, ""Trust me."""
2612,253,17,60,201,278,1.3381294964028776,0.03534768505528321,690,It's black tie so maybe something in a penguin?
1355,254,20,64,224,308,1.3376623376623376,0.033934052408883274,690,Ooh! I look delicious in this one!
1731,254,18,68,222,308,1.3376623376623376,0.0333049086320586,690,"I know it's cliche, but there's just something about the timelessness of a classic."
3770,254,20,64,224,308,1.3376623376623376,0.033934052408883274,690,And it's 100 percent wool?
1383,257,18,67,221,306,1.3366013071895424,0.03343444410329372,690,"You hardly need it in an election year, but it seems more sporting."
974,257,19,65,222,306,1.3366013071895424,0.03375339078164295,690,très sheep!
819,257,23,57,226,306,1.3366013071895424,0.03500012480415474,690,Do you think this one makes me look sheepish?
2579,260,19,64,221,304,1.3355263157894737,0.0338872332630614,690,"This fleece won't do, it's too proverbial."
3455,261,18,65,219,302,1.3344370860927153,0.03369761072554766,690,Do you think this one makes me look fat?
3904,261,20,61,221,302,1.3344370860927153,0.034344321231875606,690,Would you like to try the Grandma suit next sir?
981,261,19,63,220,302,1.3344370860927153,0.034022502623181655,690,"Ironically, it was my vegan diet that got me into shape."
576,261,21,59,222,302,1.3344370860927153,0.034663152150549145,690,"Yes, it’s a classic but I’m moving to L.A. I’d like to see some vegan alternatives"
430,265,18,62,215,295,1.3322033898305086,0.03420020069563146,690,Too obvious?
4031,265,20,58,217,295,1.3322033898305086,0.034867949044845095,690,Are these locally sourced?
2359,267,16,64,209,289,1.3321799307958477,0.033981360698168935,690,Perfect! Now I’ll finally blend in at work.
1182,267,17,62,210,289,1.3321799307958477,0.03433310493430517,690,This suits my taste perfectly.
1191,269,20,52,206,278,1.330935251798561,0.03631500783740436,690,Will blood stains come out?
1309,270,13,70,208,291,1.3298969072164948,0.03271675816834267,690,"I like this one, but I think I'd like to see the Grandmother costume one more time"
1338,270,22,52,217,291,1.3298969072164948,0.03582850372530805,690,Do you have anything more gullible?
2327,272,14,67,207,288,1.3298611111111112,0.033301232082650734,690,"Ooh, I like it...but is it locally sourced?"
3110,272,20,55,213,288,1.3298611111111112,0.035414009677687874,690,"I look fabulous. If I didn’t know better, I’d eat myself."
683,274,20,54,211,285,1.3298245614035087,0.03567217705460448,690,Does this metaphor make me look fat?
1280,275,15,64,207,286,1.3286713286713288,0.03379720694760363,690,"Yes Sir. Quite ironic, Sir."
2010,275,20,54,212,286,1.3286713286713288,0.03556593216365622,690,Do you have anything vegan?
2805,277,19,61,222,302,1.3278145695364238,0.033913119018263056,690,Ring this up with the granny outfit.
1524,278,14,65,205,284,1.3274647887323943,0.033564617821456186,690,I love the bovine look. But I can't resist the irony of this one.
719,278,16,61,207,284,1.3274647887323943,0.034297990402084075,690,I’d really like to show more of my vulnerable side.
2377,278,18,57,209,284,1.3274647887323943,0.0350160066504233,690,"Oh, it's for a girl alright."
968,278,18,57,209,284,1.3274647887323943,0.0350160066504233,690,This will be perfect for the next Presidential debate!
1828,278,27,39,218,284,1.3274647887323943,0.03807990696269039,690,Wise choice sir - the 2020 delegate special.
1155,278,20,53,211,284,1.3274647887323943,0.03571959263294482,690,You don't need to wrap it. I'll wear it home.
3882,284,25,45,221,291,1.3264604810996563,0.03675198053409487,690,"Impeachment, imsheepment, this coverup will work fine!
Thank God the boys went hunting."
2759,285,18,56,208,282,1.326241134751773,0.03516445508071477,690,Oh yeah. This is me. Soft but vicious.
2735,285,20,52,210,282,1.326241134751773,0.03587502171208956,690,Yes Sir; this is the latest style and very popular among university professors and members of congress!
1263,285,18,56,208,282,1.326241134751773,0.03516445508071477,690,We do have a Grandma suit in the back that we save only for our most discriminating clientele.
2278,285,20,52,210,282,1.326241134751773,0.03587502171208956,690,If only the old pack could see me now!!
2378,285,19,54,209,282,1.326241134751773,0.03552151519830273,690,This one. They say to dress for the meal you want.
2571,285,15,62,205,282,1.326241134751773,0.03407083031780516,690,"I guess that depends sir, do you see yourself as a flock member, or do you have more of a herd mentality?"
1801,291,23,45,212,280,1.325,0.03708271845742332,690,Which carcass was the most sustainably sourced?
1613,292,12,66,199,277,1.3249097472924187,0.033296320176014534,690,This one is so conflicted. I love it.
503,292,13,64,200,277,1.3249097472924187,0.03368686899015224,690,Ravishing.  How appropriate.
1702,292,17,56,204,277,1.3249097472924187,0.03520576604398365,690,"High school reunion. I’m want something that’s says, “I’m not who you thought I was.”"
1984,295,16,63,214,293,1.3242320819112627,0.03353186258383341,690,I'd also like to see what you have in a grandmother.
3241,296,15,59,201,275,1.3236363636363637,0.03459815070685074,690,The perfect dinner jacket
2800,296,16,57,202,275,1.3236363636363637,0.03497963454067787,690,"I say, it goes rakishly well with my sheepish grin."
2093,296,21,47,207,275,1.3236363636363637,0.03682782689660801,690,Heck yes I identify as a sheep. Their bathrooms are so much better.
4186,299,17,54,202,273,1.3223443223443223,0.03550997088323276,690,"Yeah, yeah, it's a costume party...a surprise costume party."
861,300,19,52,209,280,1.3214285714285714,0.03561173191833135,690,On you sir it ceases to be a cliche
2821,301,12,63,196,271,1.3210332103321034,0.03369425568170024,690,"You know, I've never identified as a wolf."
3988,302,16,54,198,268,1.3208955223880596,0.03554416839678001,690,It's ewe all over.
2398,303,14,58,197,269,1.3197026022304832,0.03464005035200636,690,Now THIS kills!
1354,303,13,60,196,269,1.3197026022304832,0.034237271490928894,690,"The stripes were slimming, but this hides all I need it to."
1949,303,15,56,198,269,1.3197026022304832,0.03503819940629797,690,I love it! But do you have it in black?
3160,303,20,46,203,269,1.3197026022304832,0.03696467318758975,690,"Rest assured, all of our garments are grass fed, pasture raised and local."
1802,303,16,54,199,269,1.3197026022304832,0.035431874729986594,690,"I don’t know, white after Labor Day?"
359,303,17,52,200,269,1.3197026022304832,0.03582122382230158,690,I look delicious.
482,303,11,64,194,269,1.3197026022304832,0.033417152790919294,690,"It’s such a cliche, but I’ll take it."
4097,303,13,60,196,269,1.3197026022304832,0.034237271490928894,690,Nothing slays 'em like a wool suit.
1382,303,20,46,203,269,1.3197026022304832,0.03696467318758975,690,You're gonna KILL in that outfit
3021,312,16,53,197,266,1.3195488721804511,0.035699909748226503,690,"I'm sorry, sir. I didn't realize you were Kosher. I'll take these two back."
4063,312,20,45,201,266,1.3195488721804511,0.03725553423841516,690,And the best part is that it's not cruelty-free.
1723,314,17,50,197,264,1.3181818181818181,0.03625690061751871,690,It’s so not me.
1493,314,14,56,194,264,1.3181818181818181,0.03504493339605026,690,We also have a nice Puppy outfit which will get you in anywhere.
450,314,22,40,202,264,1.3181818181818181,0.03819147354860346,690,It's ewe.
1096,314,18,48,198,264,1.3181818181818181,0.036651984997727455,690,Wall Street here I come
2461,314,19,46,199,264,1.3181818181818181,0.037042855804576516,690,I think the sheepskin is best for blending in.
3100,314,12,60,192,264,1.3181818181818181,0.034213112003493334,690,"I agree, sir: I'd choose ""sheepish"" over ""cowed"" any day."
2488,314,18,48,198,264,1.3181818181818181,0.036651984997727455,690,Sheep clothing is a little 2019.  Try one of  these.
1929,314,18,48,198,264,1.3181818181818181,0.036651984997727455,690,"That piece is all the rage. We can hardly keep it in stock, particularly in our DC store!"
1435,314,17,57,212,286,1.3181818181818181,0.034326771693275776,690,"Oddly,it's the only one that doesn't itch."
2368,314,22,40,202,264,1.3181818181818181,0.03819147354860346,690,Ah! A perfect portrayal of Lindsey Graham.
3376,324,15,60,209,284,1.3169014084507042,0.03373712075104962,690,They say dress for the job you want not the job you have.
3498,325,18,47,197,262,1.316793893129771,0.0368199566159922,690,I love the smell of sheepskin in the morning.
2418,326,18,46,196,260,1.3153846153846154,0.03698996515412897,690,Perhaps you would like to try something Gnu
2926,327,15,51,191,257,1.3151750972762646,0.036043120488416874,690,Do you really think it shows off my sensitive side?
3226,327,19,43,195,257,1.3151750972762646,0.037692198997694944,690,"The wolf in sheep's clothing was a very popular costume, particularly in the Washington, D.C. area."
1970,327,16,49,192,257,1.3151750972762646,0.036462382906597875,690,"Yes, It's definitely you. Well ,not actually you, but it is you."
2108,327,16,49,192,257,1.3151750972762646,0.036462382906597875,690,Perfect. Can you recommend a good nocturnal animal for my evening wear?
525,327,9,63,185,257,1.3151750972762646,0.03341726407762292,690,"Well, at least it's not fur"
3776,332,10,56,176,242,1.3140495867768596,0.03516806547919622,690,You’re so right – I do look dressed to kill!
1711,333,8,63,182,253,1.3122529644268774,0.03321360386286042,690,"Yes, we have faux 
for every occasion, Sir."
1901,333,19,41,193,253,1.3122529644268774,0.0380553418591383,690,And if you want something even warmer I may have an alpaca in the back.
3855,333,17,45,191,253,1.3122529644268774,0.03722190015087768,690,"I hope that one is a bit more to your taste, Sir."
2925,336,10,58,183,251,1.3107569721115537,0.034285177630924486,690,"The style may be a bit cliché, but it's me."
3507,336,15,48,188,251,1.3107569721115537,0.036535406867651575,690,What a bold suit choice senator.
3496,336,13,52,186,251,1.3107569721115537,0.03565236226485593,690,"I do think that one brings out the real ewe, sir."
2969,336,17,44,190,251,1.3107569721115537,0.0373976065397929,690,I don‘t know...Do you have anything sheeper?
2890,336,13,52,186,251,1.3107569721115537,0.03565236226485593,690,"Tempting, but I think something less cliche."
1896,336,15,48,188,251,1.3107569721115537,0.036535406867651575,690,Don't try to pull the wool over my eyes--I know a knock-off stole when I see one!
1680,336,17,44,190,251,1.3107569721115537,0.0373976065397929,690,A wolf in sheep's clothing!  This could start a trend.
1600,336,12,54,185,251,1.3107569721115537,0.03520253435626992,690,"Now, this is more to my taste!"
1113,336,18,42,191,251,1.3107569721115537,0.03782133637069584,690,Does this sheep make my ass look fat?
477,336,12,54,185,251,1.3107569721115537,0.03520253435626992,690,You don't think it's a little... cliché?
3357,346,14,49,185,248,1.310483870967742,0.03638452214879667,690,Do you have something in synthetic?  Wool makes me itch...
3754,346,18,41,189,248,1.310483870967742,0.038137027984343236,690,I'm tired of dressing like a Senator.
4193,346,13,51,184,248,1.310483870967742,0.03593304313755932,690,Classics are always in style.
2216,349,12,52,182,246,1.3089430894308942,0.035631803756088855,690,"It also comes in black, you say?"
1104,349,12,52,182,246,1.3089430894308942,0.035631803756088855,690,Am I too old to pull off lamb?
3214,351,15,45,184,244,1.3073770491803278,0.03717643499432755,690,Is it 100% inhumane?
1631,352,12,50,180,242,1.3057851239669422,0.03594914201773233,690,You can't put a price on the perfect cliche.
2598,352,12,50,180,242,1.3057851239669422,0.03594914201773233,690,Do you think this costume makes me look trustworthy?
2402,352,16,42,184,242,1.3057851239669422,0.0378088656141603,690,My nutritionist told me you wear what you eat
3839,352,12,50,180,242,1.3057851239669422,0.03594914201773233,690,My friends would kill for one of these.
2192,352,20,34,188,242,1.3057851239669422,0.03958130652528007,690,This is what I need to get into the Labradoodle Meetup.
3200,352,14,46,182,242,1.3057851239669422,0.036890724652957965,690,We're going public you know. I need something to wear.
852,358,14,45,180,239,1.3054393305439331,0.03719700887135956,690,I'll go with this one - it'll look great with my new Uggs.
1762,358,11,51,177,239,1.3054393305439331,0.03575102719954781,690,I think this will meat my needs.
3820,358,10,53,176,239,1.3054393305439331,0.03525585679153288,690,"Yes, this is the cliche I've been searching for!"
4136,358,15,43,181,239,1.3054393305439331,0.03766666930714385,690,"Charles, your instincts are killer."
3199,362,13,61,211,285,1.305263157894737,0.03267992624277907,690,Perfect for my weekend in the country.
946,363,12,51,183,246,1.3048780487804879,0.035541777645644486,690,"No, no. I think we've found it!"
491,364,12,45,170,227,1.303964757709251,0.037469577986073456,690,Does it come in black?
2572,365,11,50,176,237,1.3037974683544304,0.03591017340834324,690,You should really take the whole wardrobe. It gives you so much versatility for every dining occasion.
566,365,16,40,181,237,1.3037974683544304,0.038318782380775955,690,Perfect! Do you have it in orange?
2088,365,17,38,182,237,1.3037974683544304,0.03878255779252914,690,"Finally, you get me!"
2138,365,16,40,181,237,1.3037974683544304,0.038318782380775955,690,I’ll wear it ironically.
2464,365,9,54,174,237,1.3037974683544304,0.03490021694267943,690,"A fine selection.  It is made of our finest wool, which we had three bags of."
1117,370,19,34,185,238,1.3025210084033614,0.03954732855557594,690,"If you’re interested in national politics, and want something for the whole pack, I’ll make you a great deal on 52 cowardly lions that we’re way overstocked on."
3324,371,14,43,178,235,1.3021276595744682,0.037553123230687616,690,Can you have it ready by the next full moon?
2078,371,15,41,179,235,1.3021276595744682,0.03803429128451609,690,I'll be needing this one through November 4th.
2380,371,12,47,176,235,1.3021276595744682,0.03657180014856798,690,It has a certain fairytale look about it!
2371,374,11,48,173,232,1.3017241379310345,0.03636719114662042,690,"I loved the alpaca, but I'll get more wear out of this one."
3490,374,10,50,172,232,1.3017241379310345,0.03585043359652129,690,This makes me look like an idiom.
703,374,18,34,180,232,1.3017241379310345,0.039797055315042296,690,I feel like a pretty little cloud.
3534,377,14,41,175,230,1.3,0.03806103638869525,690,May I say Sir has never looked more...approachable.
1973,377,12,45,173,230,1.3,0.037049938333426784,690,"A bit conventional sir, may I suggest we up your game."
1735,377,14,41,175,230,1.3,0.03806103638869525,690,It’s perfect! Fierce. Deadly. Fluffy.
3459,380,12,44,171,227,1.2995594713656389,0.037366308396989276,690,"Oh yes, Sir, it does look baaaaaad on ewe."
1090,380,15,38,174,227,1.2995594713656389,0.03889981372598825,690,Voila!  A hint of softness layered over an air of robust cunning.__
1925,382,15,38,175,228,1.2982456140350878,0.03875110429646283,690,Do these include the original owners?
3793,382,15,38,175,228,1.2982456140350878,0.03875110429646283,690,This looks better. The one on the chair is udderly ridiculous.
995,384,12,46,177,235,1.297872340425532,0.03647221567549133,690,"You say it's warm in the winter, cool in the summer, machine washable, and eco friendly?"
868,385,10,47,168,225,1.2977777777777777,0.03647375901935203,690,Is this too revealing?
1213,386,15,41,183,239,1.297071129707113,0.03748068892994994,690,And she was fleeced humanely
2056,386,10,51,178,239,1.297071129707113,0.03505708921281136,690,Don't bother wrapping it.
1403,388,8,52,169,229,1.296943231441048,0.03495843047530053,690,You’re right! It does become me!
2365,388,8,52,169,229,1.296943231441048,0.03495843047530053,690,"Screw PETA, I am so doing this."
963,390,13,41,172,226,1.2964601769911503,0.03792482553901932,690,"Are you saying ""Yes!"" to the fleece?"
1951,390,8,51,167,226,1.2964601769911503,0.03523684943833765,690,"That's nice but soo predictable. Here, try something fresh."
556,390,13,41,172,226,1.2964601769911503,0.03792482553901932,690,This'll be great for D.C. in the fall!
371,393,9,48,166,223,1.295964125560538,0.036085911673541506,690,"I think you will like this one sir, it is 100% wool."
1966,393,10,46,167,223,1.295964125560538,0.0366413996027553,690,Would black make me look thinner?
2333,393,11,44,168,223,1.295964125560538,0.037188591105162254,690,Perfect way to express my inner predator - I'll take it!
2642,393,14,38,171,223,1.295964125560538,0.0387838721506946,690,This is more believable with my MAGA hat…
2662,393,16,34,173,223,1.295964125560538,0.0398118955348491,690,"Of course, sir. It will be ready for the presidential campaign."
2851,393,9,48,166,223,1.295964125560538,0.036085911673541506,690,We also have the latest Grandmother look that might interest you.
2941,393,9,48,166,223,1.295964125560538,0.036085911673541506,690,I've been needing something I can wear to dinner.
3237,393,14,38,171,223,1.295964125560538,0.0387838721506946,690,My daddy always told me to dress for the prey you want and not  for the prey you have.
2696,393,11,44,168,223,1.295964125560538,0.037188591105162254,690,That also comes in Grandmother.
2787,393,14,38,171,223,1.295964125560538,0.0387838721506946,690,"Ohhh, I like what this one does for my lies."
2873,403,15,43,189,247,1.2955465587044535,0.03660691437092129,690,Do you have anything in a vegetable?
4085,404,13,41,173,227,1.2951541850220265,0.03777996595448196,690,"The whole stigma not withstanding, sometimes its just nice to feel pretty."
879,404,11,45,171,227,1.2951541850220265,0.03673358351322897,690,Let me see the Wildebeest again; I don't want to seem cliche'
2445,404,10,47,170,227,1.2951541850220265,0.03619905140779442,690,Does this look too tight when I huff and I puff?
1047,407,17,36,185,238,1.2941176470588236,0.03845483951176664,690,I think I like the Wolf in Sheep's clothing for my trip to Mar-a-lago.
2840,407,10,45,166,221,1.2941176470588236,0.03681095404557317,690,Do you have something to disguise the hair on my chinny-chin-chin?
571,409,15,35,172,222,1.2927927927927927,0.03934993882006229,690,"If you'd like a boa to go with that, I have the real thing."
1152,410,14,36,169,219,1.2922374429223744,0.0391825064619161,690,My pronouns are Sheep/Sheer.
3617,410,11,42,166,219,1.2922374429223744,0.03754455096008189,690,"She will never suspect, sir."
2317,410,9,46,164,219,1.2922374429223744,0.03641166895696459,690,This one makes me look deceptively good.
1831,410,11,42,166,219,1.2922374429223744,0.03754455096008189,690,"Take that, PETA."
333,410,7,50,162,219,1.2922374429223744,0.03524238876224158,690,They’re all fabulous! Do you have anything in a Granny and matching bonnet?
2592,410,13,38,168,219,1.2922374429223744,0.03864423601724834,690,I have a feeling I will become a legend.
1595,410,10,44,165,219,1.2922374429223744,0.03698244815467038,690,Does this make my teeth look big?
752,417,11,41,164,216,1.2916666666666667,0.0378767323849152,690,"Perfect! My base, which is mostly sheep, is gonna love it!"
2321,417,12,39,165,216,1.2916666666666667,0.03844103508354807,690,It's as if it was made for you.
645,419,12,41,170,223,1.2914798206278026,0.03761724333742936,690,"Oh yeah, my job just got a lot easier."
449,420,14,31,158,203,1.29064039408867,0.04127303376678187,690,We recommend it to all our politicians.
1809,421,13,36,165,214,1.2897196261682242,0.03919839339214928,690,This one really sparks joy
2065,421,11,40,163,214,1.2897196261682242,0.0380625814490784,690,"That one is too easy, they will know you’re a wolf - but a pig? They will never suspect!"
3187,421,12,38,164,214,1.2897196261682242,0.03863466158188408,690,How about I huff and I puff and we take the sleeves in?
3624,421,11,40,163,214,1.2897196261682242,0.0380625814490784,690,"and since this is the last day we can sell fur, I can give you a great price"
1429,425,13,45,188,246,1.2886178861788617,0.03562896430457443,690,"I assume this is cruelty free, of course."
348,426,9,44,162,215,1.2883720930232558,0.0367445436995461,690,Let me try the zebra again.
1829,426,13,36,166,215,1.2883720930232558,0.03903891310218454,690,Dress the way you want to be treated!
705,428,11,39,162,212,1.2877358490566038,0.03825070176415003,690,"Ah yes, this one will do nicely.  I'm going to a gathering in the country, and I'd like to fit in."
2887,428,13,35,164,212,1.2877358490566038,0.039402254106992975,690,I'll wear it home!
2768,428,18,25,169,212,1.2877358490566038,0.0421436974750351,690,Do you have anything in Stable Genius Nationalist?
2353,428,9,43,160,212,1.2877358490566038,0.037063388163899105,690,I trust this wool is from a humane source?
1444,428,11,39,162,212,1.2877358490566038,0.03825070176415003,690,It makes me feel so baad.
499,428,10,41,161,212,1.2877358490566038,0.03766172412169819,690,It's me!  And not me!
2486,434,10,43,166,219,1.2876712328767124,0.03686329167660719,690,It’s a bit itchy—do you have it in cotton?
1823,435,8,44,157,209,1.2870813397129186,0.03676985779722139,690,"The pig, cow and zebra are all trending with the wolf pups but, trust me when I say, this will never go out of style."""
332,436,11,35,153,199,1.2864321608040201,0.03988250052190909,690,"It's ewe, sir."
1120,437,10,40,160,210,1.2857142857142858,0.03784378163042981,690,"I would absolutely trust you with my daughter, sir."
2467,438,11,37,159,207,1.285024154589372,0.03879655544255554,690,I'll take it!  It's perfect for my next dinner party.
643,438,12,35,160,207,1.285024154589372,0.03939638091871746,690,I think it could work at Republican rallies.
2812,440,12,35,161,208,1.2836538461538463,0.039230457278289894,690,This is killer!
1343,440,13,33,162,208,1.2836538461538463,0.03981808523361443,690,This is the last time I place a bet with those three little pigs.
1004,440,10,39,159,208,1.2836538461538463,0.038027970120010586,690,May I suggest you add a red riding hood?
838,440,16,27,165,208,1.2836538461538463,0.04153111257713125,690,"I just don’t want Little Red to say, “My, what a big butt you have!”"
3195,440,7,45,156,208,1.2836538461538463,0.036149316884630786,690,"Okay, it's between this one and the Grandma one."
3206,445,11,40,168,219,1.2831050228310503,0.037306884395759514,690,It seems identity theft does pay off.
4118,446,11,38,163,212,1.2830188679245282,0.038125060685455986,690,Impeccable. Any sheep would be briefly glad to know you.
1171,447,7,44,154,205,1.2829268292682927,0.03645921179728082,690,"It;s much more effective if you wear the hoodie, sir."
3543,447,7,44,154,205,1.2829268292682927,0.03645921179728082,690,Are you certain that they'll flock to me?
2638,447,9,40,156,205,1.2829268292682927,0.037748140883792726,690,"its a little tight, do you have anything in Big Bad Wolf size?"
2313,447,14,30,161,205,1.2829268292682927,0.04079267309752904,690,"Admirable,Sir. Sheeplike but wolfish. Many in the Upper Chamber will follow suit."
1532,447,14,30,161,205,1.2829268292682927,0.04079267309752904,690,"That sir, is a fine example of a wooly bully !"
1460,447,8,42,155,205,1.2829268292682927,0.03710927286448527,690,"Excellent choice, sir.  This being an election year, it’s already on backorder."
517,447,11,36,158,205,1.2829268292682927,0.038994488783497934,690,This will make the vegans crazy.
439,447,12,34,159,205,1.2829268292682927,0.03960295649491572,690,"Oh sir, what a big checkbook you have."
1899,455,7,43,152,202,1.2821782178217822,0.03677689910757876,690,Do you think it’s too traditional?
786,455,13,31,158,202,1.2821782178217822,0.04059670246735631,690,I’ll never have to release my tax returns in this!
2136,455,9,39,154,202,1.2821782178217822,0.03809275026021403,690,I feel like it makes my teeth look big.
2330,455,13,31,158,202,1.2821782178217822,0.04059670246735631,690,You should see Melania in the Little Bo-Peep costume.
2376,455,12,33,157,202,1.2821782178217822,0.03998541726697434,690,What it lacks in subtlety it makes up for in breathability
2560,455,10,37,155,202,1.2821782178217822,0.038733916398887944,690,You never get a second chance to make a first impression.
3009,455,13,31,158,202,1.2821782178217822,0.04059670246735631,690,"Yes sir, I do think this will help you get re-elected"
493,455,9,39,154,202,1.2821782178217822,0.03809275026021403,690,Does it make me look too sheepish?
562,455,11,35,156,202,1.2821782178217822,0.03936464069193373,690,See if he cries wolf this time
662,455,10,37,155,202,1.2821782178217822,0.038733916398887944,690,"I feel sheepish saying it, but this looks great."
1164,455,9,39,154,202,1.2821782178217822,0.03809275026021403,690,The classics never go out of style.
1011,455,13,31,158,202,1.2821782178217822,0.04059670246735631,690,Everything so far just makes me feel hungry.
466,467,8,42,156,206,1.2815533980582525,0.036954222506199244,690,"Screw the cliche, I'll take it."
2114,468,12,33,158,203,1.2807881773399015,0.039812231178896235,690,"Before I go to the Trump rally, make me look less evil for the TV cameras."
1256,468,6,45,152,203,1.2807881773399015,0.03594959874592912,690,I know it's not me - that's the point
1852,470,9,42,163,214,1.280373831775701,0.03663527224684025,690,"Good choice, sir.  Brings out your inner carnivore."
554,471,11,34,155,200,1.28,0.03957055907778715,690,"After giving up on chasing roadrunners, Wile E. Coyote found a new calling."
1302,471,8,40,152,200,1.28,0.03761748764716248,690,"With this outfit, I should be able to fleece them and pull the wool over their eyes most successfully."
3338,471,8,40,152,200,1.28,0.03761748764716248,690,Have you got anything an old grandma would wear?
3367,471,8,40,152,200,1.28,0.03761748764716248,690,I like the traditional look but what do you have that’s gnu?
3689,471,11,34,155,200,1.28,0.03957055907778715,690,It brings out the false prophet in you.
526,471,10,36,154,200,1.28,0.03893042369981652,690,"I was the first cross=dresser, you know."
4139,471,9,38,153,200,1.28,0.03827958507045014,690,I want a look that says 'Hungry - for affection'.
4167,471,13,30,157,200,1.28,0.04082072584229067,690,This is perfect! I would eat me.
1626,479,10,35,152,197,1.2791878172588833,0.039302906796009424,690,You'll kill in this.
3424,480,11,34,156,201,1.2786069651741294,0.039397833725282334,690,"Oh man, Geoffrey... this will kill down at the farm!"
2663,480,11,34,156,201,1.2786069651741294,0.039397833725282334,690,"Yes, this is much nicer than the monkey suit I wore to the Oscars"
3999,482,13,31,161,205,1.278048780487805,0.04007143892962722,690,This will go great with a little red riding hood.
1168,483,12,31,155,198,1.2777777777777777,0.04041845868976872,690,I’m going out for a quick bite with a herbivore.
1671,483,6,43,149,198,1.2777777777777777,0.03641437662738169,690,"A lawyer in sheep's clothing, I'll take it!"
3927,483,12,31,155,198,1.2777777777777777,0.04041845868976872,690,"Ah yes, the sheep's clothing is one of our most popular items."
2103,483,10,35,153,198,1.2777777777777777,0.039129317358701274,690,If we take it in at the waist it will draw the eye away from the big teeth you have.
2154,483,7,41,150,198,1.2777777777777777,0.0371117365278168,690,It's timeless.
2706,483,9,37,152,198,1.2777777777777777,0.03846854967383968,690,You can’t beat 100% wool?
2545,483,14,27,157,198,1.2777777777777777,0.04166773486470222,690,"It's a loose fit but that's fine, I'm planning to quit my diet."
1497,483,11,33,154,198,1.2777777777777777,0.039779110597237474,690,"That’s from our Capitol Hill collection, sir."
1790,483,11,33,154,198,1.2777777777777777,0.039779110597237474,690,"Why, yes, I could see wearing this to dinner at the Kushners!"
4147,492,9,38,155,202,1.2772277227722773,0.037950047253155504,690,Who would suspect a wolf in cheap clothing?
2153,492,12,32,158,202,1.2772277227722773,0.0398494925707185,690,Perfect for the televised debates!
2775,494,9,36,150,195,1.2769230769230768,0.0388324698537101,690,Does it come in Merino?
3013,494,11,32,152,195,1.2769230769230768,0.0401708464330753,690,I’m so torn between this one and the Granny outfit...
2367,494,11,32,152,195,1.2769230769230768,0.0401708464330753,690,Wear that and I promise you’ll become a famous saying
1327,494,12,30,153,195,1.2769230769230768,0.040823583836489985,690,Remind me to thank Bill Cosby for recommending you.
2671,498,21,41,238,300,1.2766666666666666,0.03372732595082785,690,"I'm loving my new look, but do you think others will consider this agricultural appropriation?"
3811,499,13,34,170,217,1.2764976958525345,0.03848174099513149,690,Of course I'm an ethical lawyer.
3752,500,8,40,155,203,1.2758620689655173,0.037136350440881594,690,"This would be best, but I'm allergic to wool."
2919,501,11,30,148,189,1.2751322751322751,0.0409875839214476,690,It’s ewe. It’s really ewe.
2364,502,8,37,148,193,1.2746113989637307,0.03833117291876716,690,Perfect!  Now let me see something from your Grandma Collection.
1668,502,8,37,148,193,1.2746113989637307,0.03833117291876716,690,"This one may be a bit cliche, sir."
1709,504,10,32,148,190,1.2736842105263158,0.040108603975397075,690,I’d prefer to surprise them by dressing as a border collie.
1737,505,8,36,147,191,1.2722513089005236,0.03851863303104974,690,Would you like to see our selection of nightgowns and bonnets?
1603,505,6,40,145,191,1.2722513089005236,0.03706024674225279,690,Does this make me look hungry?
1024,505,7,38,146,191,1.2722513089005236,0.0377964745656082,690,"Oh this is much better, the cow was offal."
2156,505,9,34,148,191,1.2722513089005236,0.03922749917561257,690,Does this outfit make my motives obvious?
2614,505,8,36,147,191,1.2722513089005236,0.03851863303104974,690,"This isn't real fur, is it?"
911,505,10,32,149,191,1.2722513089005236,0.039923781040436215,690,I LOVE it -- it's sooooo not me! Do you have hoofs to match?
3813,505,9,34,148,191,1.2722513089005236,0.03922749917561257,690,I slay.
3944,505,9,34,148,191,1.2722513089005236,0.03922749917561257,690,"The better to fleece you with, my dear..."
2616,505,8,36,147,191,1.2722513089005236,0.03851863303104974,690,"The classic one suits you, but for a bit of fun - you might surprise folks with one of these."
3840,505,8,36,147,191,1.2722513089005236,0.03851863303104974,690,Perfect! I need to be dressed to kill for an event at the barn tonight!
3775,505,14,24,153,191,1.2722513089005236,0.04259524265141272,690,Grrrr...  I look like a wolf in cheap clothing!
2885,505,7,38,146,191,1.2722513089005236,0.0377964745656082,690,We have three bags full if you prefer it in black .
567,517,10,29,141,180,1.2722222222222221,0.04156360106277781,690,You don't think it makes my teeth look big?
1080,518,5,46,155,206,1.2718446601941749,0.034675416908072895,690,"Yes, it most certainly softens your image, sir."
762,519,11,51,207,269,1.271375464684015,0.03229500264403993,690,"You wouldn’t be pulling the wool over my eyes, would you?"
2869,520,4,43,141,188,1.2712765957446808,0.03584270418047568,690,"A wolf in sheep’s clothing is a timeless classic. But a wolf in zebra. Well, that’s right on line."
3659,520,8,35,145,188,1.2712765957446808,0.038887743785272384,690,I'll take a dozen outfits.   And some BBQ sauce
3451,520,7,37,144,188,1.2712765957446808,0.03814927683815272,690,It’s just so me!
3331,520,12,27,149,188,1.2712765957446808,0.041711075153355766,690,Does this make me look like I'm telling the truth?
2474,520,8,35,145,188,1.2712765957446808,0.038887743785272384,690,It certainly makes you approachable.
2199,520,8,35,145,188,1.2712765957446808,0.038887743785272384,690,"No, it's NOT a 'Come as you are"" party."
1903,520,8,35,145,188,1.2712765957446808,0.038887743785272384,690,"Cliché? Ironic? Who cares, it will get the job done."
4050,520,8,35,145,188,1.2712765957446808,0.038887743785272384,690,I'd kill for this one.
1832,520,8,35,145,188,1.2712765957446808,0.038887743785272384,690,"Maestro, you've really outdone yourself with this Election Year collection."
1500,520,10,31,147,188,1.2712765957446808,0.04032412681731548,690,I think this one fits with the new PR campaign...
638,520,12,27,149,188,1.2712765957446808,0.041711075153355766,690,Close enough for my base.
632,520,9,33,146,188,1.2712765957446808,0.0396124464044316,690,I love it! I haven’t felt this vulnerable since I first went on the endangered species list.
433,520,9,33,146,188,1.2712765957446808,0.0396124464044316,690,Don’t you think that’s a little too obvious?
1517,520,11,29,148,188,1.2712765957446808,0.041023462762350006,690,See you next election!
2883,534,12,38,179,229,1.2707423580786026,0.03640924953996243,690,"Yes, Mr. Donald, Mr. Vlad has one just like it."
2282,535,6,38,142,186,1.2688172043010753,0.03756584446405763,690,"Throw in the mint jelly and Woolite, and you have yourself  a sale!"
2455,535,7,36,143,186,1.2688172043010753,0.038331648921818756,690,I'll take this one for my inauguration.
2886,535,11,28,147,186,1.2688172043010753,0.04125294976285659,690,This is the aphorism I was going for.
986,535,12,26,148,186,1.2688172043010753,0.04195150179558021,690,Perfect
921,535,7,36,143,186,1.2688172043010753,0.038331648921818756,690,A good choice; we’ve sold a flock.
3202,535,10,30,146,186,1.2688172043010753,0.040542363342175425,690,I’ll try the striped one this one makes me look fat.
688,535,11,28,147,186,1.2688172043010753,0.04125294976285659,690,... and it’s 100% wool!
3765,535,8,34,144,186,1.2688172043010753,0.039082450637509536,690,New Store Grand Opening: The Hides You Seek
2977,543,6,37,140,183,1.2677595628415301,0.037915330037723315,690,"And if the gentleman is a vegetarian, we have some lovely potato skins you may be interested in trying on."
3263,543,7,35,141,183,1.2677595628415301,0.03869911487678488,690,"So, do you think it’s retro or
just cliché"
2815,543,7,35,141,183,1.2677595628415301,0.03869911487678488,690,Nice material!  The other salesman tried to pull the wool over my eyes.
2658,543,6,37,140,183,1.2677595628415301,0.037915330037723315,690,...they said the theme of the party is going to be: 'You are what you eat'
3139,543,5,39,139,183,1.2677595628415301,0.03711499712370155,690,You don't think this makes me look too cliche' ?
3627,543,6,37,140,183,1.2677595628415301,0.037915330037723315,690,It brings out the hunger in my eyes.
3297,543,5,39,139,183,1.2677595628415301,0.03711499712370155,690,"Yeah, the cow one was chique; but I'm really looking for irony with a touch of timeless metaphor."""
3572,543,7,35,141,183,1.2677595628415301,0.03869911487678488,690,Does this effectively cover up my intentions?
2633,543,7,35,141,183,1.2677595628415301,0.03869911487678488,690,I look baaaaaaad!
3983,543,10,29,144,183,1.2677595628415301,0.040960581213868544,690,Can I see your selection of old rich white privileged men in power?
4101,543,8,33,142,183,1.2677595628415301,0.039467337541614106,690,Might you have anything in red?
3268,543,4,41,138,183,1.2677595628415301,0.036297021518511205,690,Do you think this looks too cliche?
2372,543,9,31,143,183,1.2677595628415301,0.04022088975894009,690,Yes! I think this one could become legendary.
791,543,8,33,142,183,1.2677595628415301,0.039467337541614106,690,"This is faux fur, right?"
2054,543,10,29,144,183,1.2677595628415301,0.040960581213868544,690,"It doesn't feel very me,but I kind of love that about it."
1409,543,12,25,146,183,1.2677595628415301,0.042401269958954525,690,If that one doesn’t work there are plenty of CAT costumes coming back
1259,543,6,37,140,183,1.2677595628415301,0.037915330037723315,690,"I don't know . . . Last year I went as a grandmother and felt like such a cliche."""
801,543,6,37,140,183,1.2677595628415301,0.037915330037723315,690,"It's not really me, but it would make a terrific metaphor!"
668,543,8,33,142,183,1.2677595628415301,0.039467337541614106,690,"I'm not sure about Little Red Riding Hood, but I know Bo Peep will find you irresistible."
2346,543,7,35,141,183,1.2677595628415301,0.03869911487678488,690,So this is what they're wearing in D.C. these days?
3939,563,8,34,145,187,1.267379679144385,0.03889946261419688,690,"It's been popular in China, Iran, and Russia, but the North American has really warmed up to it."
3476,564,11,27,146,184,1.266304347826087,0.041485500762038836,690,Have you got something a bit more sheepish?
3557,564,10,29,145,184,1.266304347826087,0.04076334434555817,690,Perfect for the Beltway crowd
3162,566,8,32,141,181,1.2651933701657458,0.03966972233616577,690,Fine. Charge it to my Wall Street account.
2301,566,8,32,141,181,1.2651933701657458,0.03966972233616577,690,Feels a bit cliché. Let me try the zebra again.
2272,566,7,34,140,181,1.2651933701657458,0.038888295360216756,690,Think I can get away with this after Labor Day?
3207,566,6,36,139,181,1.2651933701657458,0.038090840917711734,690,"This is nice, but do you have anything in a grandma?"
2261,566,5,38,138,181,1.2651933701657458,0.03727633039360753,690,"Yes, yes, I like it but isn't it a bit obvious?"
2117,566,6,36,139,181,1.2651933701657458,0.038090840917711734,690,I'll take them all.  It is not easy being a wolf in a fairy tale.
3185,566,7,34,140,181,1.2651933701657458,0.038888295360216756,690,"May I show you something in a different appetite"""
2463,566,6,36,139,181,1.2651933701657458,0.038090840917711734,690,"I love it, but it’s an election year"
2515,566,8,32,141,181,1.2651933701657458,0.03966972233616577,690,"Yes sir, three bags full"
2045,566,8,32,141,181,1.2651933701657458,0.03966972233616577,690,I'll take this one and eat the cashier on my way out
3275,566,7,34,140,181,1.2651933701657458,0.038888295360216756,690,The classic look is never out of fashion.”
3481,566,12,24,145,181,1.2651933701657458,0.042652506222361955,690,Excellent choice madam.  A classic.
3578,566,10,28,143,181,1.2651933701657458,0.04118812424277849,690,Lamb off the rack suits me!
3666,566,8,32,141,181,1.2651933701657458,0.03966972233616577,690,"I'm looking for a disguise that screams, ""Who cares? He's got the support of his base."""
4007,566,10,28,143,181,1.2651933701657458,0.04118812424277849,690,"Oh yes. November 2020, here I come."
4168,566,8,32,141,181,1.2651933701657458,0.03966972233616577,690,Who said role-playing can't be deliciously fun?
3242,566,8,32,141,181,1.2651933701657458,0.03966972233616577,690,It's all the rage in Washington.
1986,566,7,34,140,181,1.2651933701657458,0.038888295360216756,690,Somehow the grandma just felt more me.
1715,566,6,36,139,181,1.2651933701657458,0.038090840917711734,690,You can’t beat a classic!
472,566,9,30,142,181,1.2651933701657458,0.040436051048952884,690,"Perfect, add it to the pile. Now, what do you have in 'grandma'?"
1900,566,9,30,142,181,1.2651933701657458,0.040436051048952884,690,I'm gonna be baa-ed at Little Bo-Peep's costume party.
1615,566,14,20,147,181,1.2651933701657458,0.044068253828109555,690,Just what I need to get in the Republican primary.
1513,566,8,32,141,181,1.2651933701657458,0.03966972233616577,690,"That's smart, but so last year."
1373,566,7,34,140,181,1.2651933701657458,0.038888295360216756,690,Of course this is it. Whoever heard of a wolf in pigs’ clothing?
501,566,10,28,143,181,1.2651933701657458,0.04118812424277849,690,Classics never go out of style.
317,566,6,36,139,181,1.2651933701657458,0.038090840917711734,690,"Yes.  YES!  Now, do you also have it in black?"
2881,592,7,33,138,178,1.2640449438202248,0.039271393597900606,690,"Don't worry, this is a faux fur. Our company is committed to animal rights."
1304,592,7,33,138,178,1.2640449438202248,0.039271393597900606,690,"You don't think I look too sheepish, do you?"
4170,594,9,31,146,186,1.2634408602150538,0.03964804394701999,690,"A classic never goes out of style, does it, Geoffrey."
1654,595,9,29,141,179,1.2625698324022345,0.040653756873561965,690,"Oh, this irony is to die for!"
1581,595,9,29,141,179,1.2625698324022345,0.040653756873561965,690,Who looks yummy? I look yummy!
826,595,11,25,143,179,1.2625698324022345,0.042169531005341265,690,I hate shopping for clothes. I'm right between a medium sheep and a large sheep.
1726,595,7,33,139,179,1.2625698324022345,0.03907923426397881,690,"Some say cliché, I say classic."
3662,595,8,31,140,179,1.2625698324022345,0.03987426800954233,690,"Dahling,that is sooo yesterday."
3584,595,11,25,143,179,1.2625698324022345,0.042169531005341265,690,This will do nicely. Will you take a third party check?
1919,595,8,31,140,179,1.2625698324022345,0.03987426800954233,690,I still believe the wildebeest is more your look sir. Sheep is so last year.
2390,595,8,31,140,179,1.2625698324022345,0.03987426800954233,690,"I like this one, it really brings out the color of my eyes."
2097,595,9,29,141,179,1.2625698324022345,0.040653756873561965,690,Are you sure no one will recognize me in this?
2123,595,10,27,142,179,1.2625698324022345,0.04141857851945866,690,"Yes "" I'm saying yes to the sheep"" !"
2342,595,9,29,141,179,1.2625698324022345,0.040653756873561965,690,"This is perfect, I'm hunting PETA members."
2801,595,8,31,140,179,1.2625698324022345,0.03987426800954233,690,I like how I can't pull the wool over my eyes.
3032,595,6,35,138,179,1.2625698324022345,0.03826768678691017,690,"I applaud your ironic sense of style, sir."
3233,595,9,29,141,179,1.2625698324022345,0.040653756873561965,690,"I’ll take this one. It accentuates my eyes, ears, and teeth."
2074,595,9,29,141,179,1.2625698324022345,0.040653756873561965,690,But does it come in black?
1063,595,10,27,142,179,1.2625698324022345,0.04141857851945866,690,It has ewe written all over it.
3379,595,8,31,140,179,1.2625698324022345,0.03987426800954233,690,I don't know. Are you sure it's real wool?
935,595,6,35,138,179,1.2625698324022345,0.03826768678691017,690,The zebra would be more slimming.
4154,595,9,29,141,179,1.2625698324022345,0.040653756873561965,690,"A bit pricey perhaps, but it's so ewe."
4131,595,8,31,140,179,1.2625698324022345,0.03987426800954233,690,You're right:  This IS a killer outfit!
4100,595,9,29,141,179,1.2625698324022345,0.040653756873561965,690,They're not just for breakfast anymore.
940,595,8,31,140,179,1.2625698324022345,0.03987426800954233,690,Trust me you won't be as desirable in the black.
3937,595,13,21,145,179,1.2625698324022345,0.04363267975366847,690,Could I try on the carrot costume instead? I've gone vegan.
470,595,9,29,141,179,1.2625698324022345,0.040653756873561965,690,You can be more than just a wolf in sheep’s clothing.
4028,595,9,29,141,179,1.2625698324022345,0.040653756873561965,690,Just don't get blood on it.
528,595,6,35,138,179,1.2625698324022345,0.03826768678691017,690,"This is perfect, but do you also have one in black?"
745,595,7,33,139,179,1.2625698324022345,0.03907923426397881,690,Perhaps madam would like to see something in a stripe?
776,595,8,31,140,179,1.2625698324022345,0.03987426800954233,690,"Forget the pigs and Little Red.  My third act will be to sheep, perhaps, to seem."
3264,595,8,31,140,179,1.2625698324022345,0.03987426800954233,690,Someone’s grandma will be so pleased to see that you dressed for dinner!”
899,595,7,33,139,179,1.2625698324022345,0.03907923426397881,690,Do you have one in grandmother?
527,595,6,35,138,179,1.2625698324022345,0.03826768678691017,690,You're right; this is more me.
3912,626,6,34,136,176,1.2613636363636365,0.03863636363636365,690,Who's this designer? I never heard of Matthew 7:15.
1758,626,8,30,138,176,1.2613636363636365,0.040281990081318636,690,"Excellent selection for every subpoena occasion, sir. 
In fact, last week a member of the White House staff bought out the remaining stock."
1530,626,8,30,138,176,1.2613636363636365,0.040281990081318636,690,You say the bovine look is in?
3934,626,10,26,140,176,1.2613636363636365,0.04186297713710269,690,I should run for office.
2222,626,10,26,140,176,1.2613636363636365,0.04186297713710269,690,"Yes, this will do.  I won't need it after I'm elected."
2121,626,10,26,140,176,1.2613636363636365,0.04186297713710269,690,Is it shear enough?
2146,626,9,28,139,176,1.2613636363636365,0.041080089944479405,690,"I say ""yes,  to the fleece!"""
3351,626,6,34,136,176,1.2613636363636365,0.03863636363636365,690,Pure wool.
3171,626,7,32,137,176,1.2613636363636365,0.03946775468628014,690,Thrown in the pig and I’ll take it!
2956,626,10,26,140,176,1.2613636363636365,0.04186297713710269,690,This would  be great for the boardroom--or the bedroom.
2950,626,7,32,137,176,1.2613636363636365,0.03946775468628014,690,Is this one “approachable” enough for you sir?
2884,626,5,36,135,176,1.2613636363636365,0.037786684560917196,690,Yes! A drop dead outfit.
2817,626,4,38,134,176,1.2613636363636365,0.03691745474936203,690,I just keep going back to this one- it’s a classic.
2184,626,8,30,138,176,1.2613636363636365,0.040281990081318636,690,This sheep look isn't b-a-a-a-d.
3822,626,7,32,137,176,1.2613636363636365,0.03946775468628014,690,It definitely softens that big and bad image
1273,626,8,30,138,176,1.2613636363636365,0.040281990081318636,690,"Yes, Ivanka, the blood suits you.  Would you like to try on another animal your brothers killed?"
1987,626,8,30,138,176,1.2613636363636365,0.040281990081318636,690,This one’s to die for.
690,626,11,24,141,176,1.2613636363636365,0.04263148976656396,690,This will do nicely for the inauguration.
3619,626,4,38,134,176,1.2613636363636365,0.03691745474936203,690,"Thank you Nigel, no one will suspect a wolf in sheep’s clothing"
521,626,8,30,138,176,1.2613636363636365,0.040281990081318636,690,"You're really going to fleece me this time, aren't you?"
506,626,8,30,138,176,1.2613636363636365,0.040281990081318636,690,Now... if I can just pull the wool over my eyes...
452,626,7,32,137,176,1.2613636363636365,0.03946775468628014,690,"Yes, I think this will make a perfect dinner jacket."
4081,626,10,26,140,176,1.2613636363636365,0.04186297713710269,690,"If you buy that, I'll throw in a Grandma costume for 50% off."
360,626,6,34,136,176,1.2613636363636365,0.03863636363636365,690,Sheep’s clothing is very “in” this year.
3639,626,10,26,140,176,1.2613636363636365,0.04186297713710269,690,"I'm looking for something that doesn't stand out in a crowd."""
621,626,8,30,138,176,1.2613636363636365,0.040281990081318636,690,Do you carry this same suit in shorn?
3409,652,10,32,157,199,1.2613065326633166,0.0385027836599338,690,Because you can't say wolf without saying wool.
3172,653,7,33,140,180,1.261111111111111,0.03888888888888888,690,May I ask where all the meat from these animals went?
1295,653,7,33,140,180,1.261111111111111,0.03888888888888888,690,Slow-food will always be better than fast-fashion.
3969,655,9,31,148,188,1.2606382978723405,0.039274888658968894,690,You should have mentioned you were an attorney.
3564,656,10,25,139,174,1.2586206896551724,0.04210354407343709,690,"How much more with the ""I really don't care do you?"" printed?"
1474,656,10,25,139,174,1.2586206896551724,0.04210354407343709,690,"As God is my witness, I'll never be hungry again."
2118,656,6,33,135,174,1.2586206896551724,0.03881939401024628,690,"Don't wear white after Labor Day, hah! They'll never see me coming!"
2293,656,9,27,138,174,1.2586206896551724,0.04130699281584876,690,"Yes, yes... You do know my taste, James."
3261,656,8,29,137,174,1.2586206896551724,0.040494776051156305,690,It's the perfect disguise for you to fleece all the others.
4201,656,13,19,142,174,1.2586206896551724,0.04440755259761222,690,Buying an outfit for your impeachment trial?
729,656,6,33,135,174,1.2586206896551724,0.03881939401024628,690,"Yes, wolf in sheep's clothing is a classic, never goes out of style."
810,656,9,27,138,174,1.2586206896551724,0.04130699281584876,690,Never let it be said – this look doesn't kill!
1157,656,7,31,136,174,1.2586206896551724,0.039665931469940595,690,"Shall I wrap it up, or will you be wearing it out?"
2707,665,8,28,135,171,1.2573099415204678,0.04092092711970746,690,"Trust me, you’ll be able to pull the wool over anyones eyes with this disguise"
1729,665,9,26,136,171,1.2573099415204678,0.041753104386869404,690,I don't know...it looks a little Cliche
427,665,6,32,133,171,1.2573099415204678,0.03920361433755316,690,Throw in a crown rib roast and six center-cut pork chops and I’ll take it!
2808,668,10,25,140,175,1.2571428571428571,0.04188833832509729,690,It's the Don Trump Jr. collection? That explains the bazooka holes.
1453,669,8,30,141,179,1.2569832402234637,0.03968473578911617,690,"Yes, I like this one.  Do you have it in cotton?"
1787,670,9,27,140,176,1.2556818181818181,0.0408887936660111,690,« Would the gentleman like to try a pair of matching Jimmy Moo’s ? »
4051,671,6,31,132,169,1.2544378698224852,0.039393101083701705,690,I don't recommend white after Labor Day.
3363,671,8,27,134,169,1.2544378698224852,0.04114244972361408,690,Baalenciaga?
3232,671,11,21,137,169,1.2544378698224852,0.04363517278141763,690,"Excellent choice, your highness. Will you be wearing it to Mr.Epstein’s party or shall I wrap it?"
3215,671,6,31,132,169,1.2544378698224852,0.039393101083701705,690,"Ooh, this one is to die for!"
3191,671,9,25,135,169,1.2544378698224852,0.041989802897784576,690,"It might be even better with the 
wool pulled over your eyes, sir."
2952,671,6,31,132,169,1.2544378698224852,0.039393101083701705,690,Too predictable; what else have you got?
2034,671,3,37,129,169,1.2544378698224852,0.03661269286172056,690,"Yes, sir, all of our clothing is ethically and sustainably sourced."
1387,671,6,31,132,169,1.2544378698224852,0.039393101083701705,690,Of course it all depends on what you're preying for.
572,671,6,31,132,169,1.2544378698224852,0.039393101083701705,690,"And if I might say so, sir:  you look ravening!"
4034,680,4,33,125,162,1.2530864197530864,0.038481777565365555,690,I'm interested in that come hither look.
3956,681,7,28,131,166,1.2530120481927711,0.04070100148121295,690,"...in fact, I'd rather nobody notice I'm wearing it at all"
3442,681,2,38,126,166,1.2530120481927711,0.0359370946368064,690,Does this make me look sheepish?
3404,681,6,30,130,166,1.2530120481927711,0.039793871028663635,690,"I'll win the ugly sweater contest,for sure!"
2698,681,8,26,132,166,1.2530120481927711,0.04158835019210888,690,Its classic!
1202,681,4,34,128,166,1.2530120481927711,0.037914554872638916,690,I see you are still most comfortable in sheep’s clothing
3538,686,9,25,136,170,1.2529411764705882,0.04176889719780669,690,Love it! They'll fold like a sheep suit.
2315,686,4,35,131,170,1.2529411764705882,0.03737074459720537,690,I'll take it. The friends I'm having for dinner will love it!
2090,686,6,31,133,170,1.2529411764705882,0.03918928221208077,690,"It's big, it's bad, and it positively CRIES wolf!"
370,686,7,29,134,170,1.2529411764705882,0.04006761141586042,690,"It’s reversible, a wolf in sheep’s clothing or a sheep in wolf’s clothing."
1356,690,10,25,144,179,1.2513966480446927,0.04104862948977457,690,"Sir, you look ravenous, I mean, ravishing in that suit."
1484,690,7,31,141,179,1.2513966480446927,0.038686921395675346,690,It may be a cliché but damn I look good!
1082,692,8,25,131,164,1.25,0.04181913845554626,690,Ewe wear it well sir.
1352,692,5,31,128,164,1.25,0.03904344047215152,690,"It goes in cycles, and it's back to the classics!"
1691,692,6,29,129,164,1.25,0.039990085558669106,690,Perhaps it's just that you're not comfortable in your own skin.
1792,692,7,27,130,164,1.25,0.04091483401013515,690,As long as it's NOT cruelty free i'm fine with it
2070,692,8,25,131,164,1.25,0.04181913845554626,690,Perhaps sir would prefer a slightly less obvious guise?
2210,692,5,31,128,164,1.25,0.03904344047215152,690,This will  really help me blend in
2382,692,6,29,129,164,1.25,0.039990085558669106,690,This might be a bit too predictable.
2473,692,3,35,126,164,1.25,0.03707771359897973,690,Something less traditional perhaps
2708,692,6,29,129,164,1.25,0.039990085558669106,690,"Rumor has it, one must blend in."
3007,692,10,21,133,164,1.25,0.04357147850760427,690,"Honestly, do you think this sheep's clothing makes me look trustworthy?"
3140,692,7,27,130,164,1.25,0.04091483401013515,690,Yessssss... very presidential. I love it.
3221,692,8,25,131,164,1.25,0.04181913845554626,690,It may please you to know that the one you are considering was intentionally hit on Safari by a  Range Rover driven by one of the Trump boys.
3349,692,5,31,128,164,1.25,0.03904344047215152,690,"You're right, Pierre. I should dress for the dinner I want."
3452,692,8,25,131,164,1.25,0.04181913845554626,690,Perfect fit! Tell Cosby I will dry clean it for him as well.
3477,692,9,23,132,164,1.25,0.04270429767893841,690,Is it too cliché?
3742,692,10,21,133,164,1.25,0.04357147850760427,690,..And will you be paying for this with your tax break
3745,692,4,33,127,164,1.25,0.03807326548662726,690,"Excellent choice, sir. Now, are you running as a democrat or republican?"
1022,692,7,27,130,164,1.25,0.04091483401013515,690,Forget the others--I want this one by Aesop of Greece.
837,692,6,29,129,164,1.25,0.039990085558669106,690,Is this one too on the nose?
420,692,8,25,131,164,1.25,0.04181913845554626,690,Could work...the Wall Street guys did ask me to try to fit in!
498,692,7,27,130,164,1.25,0.04091483401013515,690,And you think it’s not too obvious?
487,692,5,31,128,164,1.25,0.03904344047215152,690,Dress for the meal you want.
400,692,7,27,130,164,1.25,0.04091483401013515,690,"I know, I'm predictable and unimaginative. Life is good."
379,692,8,25,131,164,1.25,0.04181913845554626,690,"This one makes me look fat, but what a diet waits for me !"
280,692,7,27,130,164,1.25,0.04091483401013515,690,Not too conservative?
3878,692,6,29,129,164,1.25,0.039990085558669106,690,You're sure this is not culturally insensitive?
1574,692,5,35,140,180,1.25,0.03684904701174095,690,Do you have anything in a faux fur?
693,692,8,25,131,164,1.25,0.04181913845554626,690,Oh how I love to shop for hunting clothes
2830,720,9,25,139,173,1.2485549132947977,0.04111962208749598,690,One minor question:Does blood wash out of wool?
4143,721,9,28,149,186,1.2473118279569892,0.0391064300552299,690,"I'll take them all, my doctor says I need a more balanced diet."
2014,722,8,24,130,162,1.2469135802469136,0.042052370206339076,690,"It looks fine on you, but I think it's too much of a cliché.  How about the pig? No one has ever heard of a wolf in pig's clothing."
2742,722,13,14,135,162,1.2469135802469136,0.046387584766601334,690,You know I'm a celebrity; in which one will I able to grab the ladies' pussies most  successfully?
1454,722,8,24,130,162,1.2469135802469136,0.042052370206339076,690,"Yeah...That's the ticket!  Now, can I see it in black?"
2857,722,8,24,130,162,1.2469135802469136,0.042052370206339076,690,Do you have something less ewey and more ramy?
725,722,4,32,126,162,1.2469135802469136,0.03823188323330268,690,"Oh, this one is just delicious."
3861,722,5,30,127,162,1.2469135802469136,0.03922190882232042,690,Let me try Grandma again?
883,722,5,30,127,162,1.2469135802469136,0.03922190882232042,690,"A classic. Fine choice, sir."
1269,722,6,28,128,162,1.2469135802469136,0.04018755239832282,690,"You don’t wear it, it wears you."
3925,722,5,30,127,162,1.2469135802469136,0.03922190882232042,690,And what is your return policy?
4064,722,3,34,125,162,1.2469135802469136,0.03721552981570146,690,That sir is totally ewe.
4078,722,8,24,130,162,1.2469135802469136,0.042052370206339076,690,"I like it, but this time I’m going for more of a Grandma vibe."
2531,722,9,22,131,162,1.2469135802469136,0.042954430226375025,690,"Indeed!!  It is a ""ravishing"" look!!"
3399,722,9,22,131,162,1.2469135802469136,0.042954430226375025,690,Do you have anything in a vegan option?
2092,722,10,20,132,162,1.2469135802469136,0.04383793234373681,690,"I look innocent, but does it make my butt look big?"
409,722,5,30,127,162,1.2469135802469136,0.03922190882232042,690,Definitely! My grandma outfit is so last year.
134,722,7,26,129,162,1.2469135802469136,0.041130531286010255,690,Blind date. Her friend said she loves men in uniform.
1997,738,6,27,125,158,1.2468354430379747,0.04083967988879557,690,What would you wear if you trying to blow down a house?
1594,739,6,37,156,199,1.2462311557788945,0.03524108034153104,690,"It's you, only nicer."
3394,740,6,31,138,175,1.2457142857142858,0.03820018385356495,690,It needs to be washable.
3322,741,8,23,128,159,1.2452830188679245,0.04252684858129961,690,I love stores that cater to the 1%.
1509,741,7,25,127,159,1.2452830188679245,0.04158030007535752,690,The strategist said this suit will help get me through my Senate confirmation hearing.
1694,741,5,29,125,159,1.2452830188679245,0.039619419008319154,690,And where would you like the dead grandmother placed?
1922,741,4,31,124,159,1.2452830188679245,0.03860164331549569,690,"Call me old fashioned, but I just have to go with tradition!"
2037,741,7,25,127,159,1.2452830188679245,0.04158030007535752,690,I can't believe it took this long to decide.
2110,741,5,29,125,159,1.2452830188679245,0.039619419008319154,690,Perfect for tonight's dinner.
2471,741,7,25,127,159,1.2452830188679245,0.04158030007535752,690,My wife is really going to enjoy this roleplay
1462,741,8,23,128,159,1.2452830188679245,0.04252684858129961,690,Free-range? I'll take it.
2495,741,5,29,125,159,1.2452830188679245,0.039619419008319154,690,"Yeah, definitely shows my soft side."
2682,741,5,29,125,159,1.2452830188679245,0.039619419008319154,690,This should stop them from crying Wolf!
3036,741,12,15,132,159,1.2452830188679245,0.0461191807587344,690,Do you also have some human skin? I think I want to run for office.
3413,741,8,23,128,159,1.2452830188679245,0.04252684858129961,690,I’m trying to spice up our sex life so I’ll take them all.
3559,741,6,27,126,159,1.2452830188679245,0.04061169607953808,690,Dinner's on me.
2400,741,8,23,128,159,1.2452830188679245,0.04252684858129961,690,Perfect. I'll wear it out to dinner.
1446,741,5,29,125,159,1.2452830188679245,0.039619419008319154,690,"Ironically, I DON'T want to stand out from the flock."
1533,741,6,27,126,159,1.2452830188679245,0.04061169607953808,690,I'm trying to up my game. Do you have anything in a shepherd?
1312,741,10,19,130,159,1.2452830188679245,0.04435939406773723,690,It's classic for a reason
832,741,6,27,126,159,1.2452830188679245,0.04061169607953808,690,"It’s really transforms me, don’t you think?  I’ll take this one and the other one in black”"
670,741,6,27,126,159,1.2452830188679245,0.04061169607953808,690,"This is perfect, I’ll wear this for the debates..."
2979,760,6,30,136,172,1.244186046511628,0.03856540453901628,690,"If sheep’s clothing doesn’t appeal, there are other options."
1301,761,4,30,123,157,1.2420382165605095,0.038763842217267794,690,Now this just howls big and bad yet approachable.
1339,761,3,32,122,157,1.2420382165605095,0.03769583725183891,690,I’ll take it.  How about something in a medium grandmother?
1469,761,5,28,124,157,1.2420382165605095,0.03980320063478991,690,"I know I shouldn't wear fur, but this one is the real me!"
1527,761,8,22,127,157,1.2420382165605095,0.042769998044863894,690,This works!
1685,761,4,30,123,157,1.2420382165605095,0.038763842217267794,690,I know you're not supposed to wear white after Labor Day but I'll take it.
1713,761,4,30,123,157,1.2420382165605095,0.038763842217267794,690,"One normally doesn't wear mutton after Labor Day, but you may just pull it off."
2688,761,4,30,123,157,1.2420382165605095,0.038763842217267794,690,And then one in black for the evenings downtown.
2630,761,5,28,124,157,1.2420382165605095,0.03980320063478991,690,"Do you have it in black, Weil?"
2606,761,6,26,125,157,1.2420382165605095,0.04081610096642558,690,Can I get it without bleats ?
2590,761,5,28,124,157,1.2420382165605095,0.03980320063478991,690,Can it be ordered in black
1907,761,8,22,127,157,1.2420382165605095,0.042769998044863894,690,"Excellent choice, Mr. Osteen."
1968,761,9,20,128,157,1.2420382165605095,0.043714208789428735,690,Do you have this in free range?
3054,761,6,26,125,157,1.2420382165605095,0.04081610096642558,690,This would be the one for the traditionalist in you.
2489,761,6,26,125,157,1.2420382165605095,0.04081610096642558,690,Does it come with Scotchguard?
3248,761,7,24,126,157,1.2420382165605095,0.041804466453114246,690,Now I just need an American flag lapel.
2403,761,6,26,125,157,1.2420382165605095,0.04081610096642558,690,"I would choose this one, but those farm boys are pretty fast."
2215,761,2,34,121,157,1.2420382165605095,0.036596677838145616,690,Does it come in anything besides wool?
2157,761,6,26,125,157,1.2420382165605095,0.04081610096642558,690,You know what? I just keep coming back to this classic.
2087,761,4,30,123,157,1.2420382165605095,0.038763842217267794,690,"So, I don't dry clean it.  I'll just use Woolite?"
1247,761,4,30,123,157,1.2420382165605095,0.038763842217267794,690,I like it.  It's more subtle than the others.  I feel like I won't stand out.
3312,761,7,24,126,157,1.2420382165605095,0.041804466453114246,690,My vegan friends will eat me alive.
1855,761,6,26,125,157,1.2420382165605095,0.04081610096642558,690,"Our finest merino, sir. Excellent choice."
1243,761,4,30,123,157,1.2420382165605095,0.038763842217267794,690,And the fact that it's faux means I can hunt in Brooklyn!
2903,761,7,24,126,157,1.2420382165605095,0.041804466453114246,690,I've always appreciated your predatory lending rates.
1214,761,6,26,125,157,1.2420382165605095,0.04081610096642558,690,"Yes, it’s totally not me!"
3911,761,3,32,122,157,1.2420382165605095,0.03769583725183891,690,"Like yourself, I can assure you, this garment is 100% vegan."
4103,761,4,30,123,157,1.2420382165605095,0.038763842217267794,690,Oh yes! this one is to die for!
4112,761,6,26,125,157,1.2420382165605095,0.04081610096642558,690,It's shear magic!
4140,761,9,20,128,157,1.2420382165605095,0.043714208789428735,690,"Actually, all I need is a MAGA cap."
1225,761,7,24,126,157,1.2420382165605095,0.041804466453114246,690,"This played in New Hampshire, now onto Iowa and let's win one there."""
3823,761,5,28,124,157,1.2420382165605095,0.03980320063478991,690,This is my favorite line of pastoral attire.
3683,761,4,30,123,157,1.2420382165605095,0.038763842217267794,690,"Ah yes, it's YOU, Sir"
3667,761,5,28,124,157,1.2420382165605095,0.03980320063478991,690,Dress shabbily and they remember the dress; dress impeccably and they serve you lamb for dinner.
2971,761,5,28,124,157,1.2420382165605095,0.03980320063478991,690,This is it! I look so ravishing I could bite myself.
3425,761,8,22,127,157,1.2420382165605095,0.042769998044863894,690,"If I wear this, the shepherd will get the count wrong and never fall asleep."
641,761,7,24,126,157,1.2420382165605095,0.041804466453114246,690,Now THIS is smart casual!
728,761,5,28,124,157,1.2420382165605095,0.03980320063478991,690,This one just feels right
781,761,5,28,124,157,1.2420382165605095,0.03980320063478991,690,Does this one make my teeth look small?
888,761,9,20,128,157,1.2420382165605095,0.043714208789428735,690,"Impeccable selection of campaign outfit, sir. Might I also suggest our Gentleman's Guide to Political Posturing and High-Minded Rhetoric. It's every bit as reassuring and toothless as your attire."
1030,761,7,24,126,157,1.2420382165605095,0.041804466453114246,690,"Perhaps, you would prefer something a little less traditional."
1103,761,7,24,126,157,1.2420382165605095,0.041804466453114246,690,"This will get you a lot of new followers, Mr. Wolf!"
3594,761,6,26,125,157,1.2420382165605095,0.04081610096642558,690,"I like it, but does it make my ass look big?"
809,803,9,27,150,186,1.2419354838709677,0.038916188465308824,690,Cultural appropriation? I think not.
1017,804,8,21,124,153,1.2418300653594772,0.04352278957221578,690,Sold
1876,805,8,27,143,178,1.2415730337078652,0.03928047368902724,690,I think it brings out the kindness in your eyes.
1083,806,6,26,126,158,1.240506329113924,0.04058586885471601,690,It’s perfect. Do you do lay-in-wait payments?
753,806,8,22,128,158,1.240506329113924,0.042526039797506444,690,I'll take this one and a pint of your mint jelly!
316,806,6,26,126,158,1.240506329113924,0.04058586885471601,690,"Yes, it's me!"
1959,806,5,28,125,158,1.240506329113924,0.03958013511357382,690,I like it even better than your grandmother outfit.
664,806,5,28,125,158,1.240506329113924,0.03958013511357382,690,"To be quite honest Pierce, and keep this between us, sometimes I just long for a predator. Something in a tiger-stripe perhaps"
3717,811,7,23,124,154,1.2402597402597402,0.04227548064677721,690,I’m saying “Yes to the dress”!!
697,811,5,27,122,154,1.2402597402597402,0.04021755074925381,690,"Yes, it’s stunning, but they have learned.  So, let’s be creative."
1042,811,6,25,123,154,1.2402597402597402,0.04125934834788863,690,May I suggest these might be less obvious.
1137,811,6,25,123,154,1.2402597402597402,0.04125934834788863,690,I think I'd like something a little less metaphoric.
1265,811,8,21,125,154,1.2402597402597402,0.04326775591291567,690,I love it -- it baa's of plausible deniability!
1638,811,7,23,124,154,1.2402597402597402,0.04227548064677721,690,Glutton dressed as lamb...I like it.
1908,811,5,27,122,154,1.2402597402597402,0.04021755074925381,690,"Yeah, I love it, but is wearing white after Labor Day doable?"
2106,811,6,25,123,154,1.2402597402597402,0.04125934834788863,690,"These animal options are nice, but do you have something to make me look like a little girl's grandmother?"
2107,811,3,31,120,154,1.2402597402597402,0.038048475825209836,690,Awesome. And you say PETA’s okay with this?
783,811,6,25,123,154,1.2402597402597402,0.04125934834788863,690,Perfect! Now let's go get their votes.
2476,811,6,25,123,154,1.2402597402597402,0.04125934834788863,690,I can’t decide between beef or lamb.
3070,811,5,27,122,154,1.2402597402597402,0.04021755074925381,690,The real Wolf of Wall Street
3152,811,4,29,121,154,1.2402597402597402,0.03914803890931436,690,A truly unnatural selection . . . . .
3650,811,5,27,122,154,1.2402597402597402,0.04021755074925381,690,A classic never goes out of style!
3696,811,6,25,123,154,1.2402597402597402,0.04125934834788863,690,"I'm just not sure this outfit screams ME, you know? ...I'll take it."
3790,811,5,27,122,154,1.2402597402597402,0.04021755074925381,690,I think this really brings out my eyes. What do you think?
3893,811,6,25,123,154,1.2402597402597402,0.04125934834788863,690,You're sure this is acrylic? My wool allergy is fierce.
4087,811,9,19,126,154,1.2402597402597402,0.044237779550552296,690,Oh that's the one Mr president
4155,811,6,25,123,154,1.2402597402597402,0.04125934834788863,690,I feel so different. And I'm not ashamed to say... I like it!
784,811,6,25,123,154,1.2402597402597402,0.04125934834788863,690,"Shear elegance..."""
1401,831,8,26,142,176,1.2386363636363635,0.03946775468628014,690,"Oh sure I look great in it, but it's a bit too cliche'


David Shamer, Cherry Hill, NJ"
3058,832,8,23,133,164,1.2378048780487805,0.04135842831698483,690,"Yes! Yes, you are right. This IS the best coat for re-election!"
3238,833,4,29,123,156,1.2371794871794872,0.038705457589905345,690,"If it pleases you, would you like to try on the hooves."
2331,834,6,24,122,152,1.236842105263158,0.0414709098441645,690,This one really accentuates what big teeth I have.
3002,834,6,24,122,152,1.236842105263158,0.0414709098441645,690,"Did I tell you I'm just buying this for Halloween"""
3329,834,6,24,122,152,1.236842105263158,0.0414709098441645,690,I love the Peta and the wolf motif.
2267,834,3,30,119,152,1.236842105263158,0.038189281691081746,690,This is from my ‘Cliche Couture’ collection.
2186,834,5,26,121,152,1.236842105263158,0.04040665771332917,690,You’re sure it’s not too cliché?
3446,834,4,28,120,152,1.236842105263158,0.03931360593765812,690,"Kiss ‘Grandmother’ goodbye, Charles. You’ve really outdone yourself this time."
1701,834,7,22,123,152,1.236842105263158,0.04250852548658323,690,"Why yes, that SCREAMS transparency."
1344,834,4,28,120,152,1.236842105263158,0.03931360593765812,690,Can I get it in merino?
1314,834,6,24,122,152,1.236842105263158,0.0414709098441645,690,"I like them all, but this one is simply fable-ous."
849,834,5,26,121,152,1.236842105263158,0.04040665771332917,690,Aesop-lutely fable-ous!
3856,834,6,24,122,152,1.236842105263158,0.0414709098441645,690,I'm gonna kill in this one.”
3871,834,7,22,123,152,1.236842105263158,0.04250852548658323,690,Bbbbbbbbad to the bone!
2626,834,4,28,120,152,1.236842105263158,0.03931360593765812,690,Do you have this in some fake fur to please those on the upper east side?
3981,834,4,28,120,152,1.236842105263158,0.03931360593765812,690,"Always go with the classics, I say"
4056,834,7,22,123,152,1.236842105263158,0.04250852548658323,690,"Difficult to say, sir, but the grandmother one did bring out your eyes."""
2689,834,5,26,121,152,1.236842105263158,0.04040665771332917,690,For my Tinder profile!
672,850,4,27,117,148,1.2364864864864864,0.03995019707832988,690,Perfect! Just the thing for a dinner party!
515,850,3,29,116,148,1.2364864864864864,0.038782593817847745,690,"New year, new me."
1335,852,6,24,123,153,1.2352941176470589,0.04122803788532132,690,This is perfect for Davos!
1667,852,5,26,122,153,1.2352941176470589,0.04017152966801222,690,"My, what a small waist you have!"
502,852,7,22,124,153,1.2352941176470589,0.04225814027946561,690,A sure winner to beat out the other presidential candidates!
1568,855,5,25,119,149,1.2348993288590604,0.04083881699787816,690,You can never go wrong with a classic look!
1316,855,5,25,119,149,1.2348993288590604,0.04083881699787816,690,"Oh, that's just SO ewe!"
1039,855,4,27,118,149,1.2348993288590604,0.03971289780687098,690,Does it make me look baaad?
1035,855,6,23,120,149,1.2348993288590604,0.04193451675354549,690,It's ewe.  It's positively ewe!
882,855,9,17,123,149,1.2348993288590604,0.045062044561415555,690,"Congratulations, sir. You're trending on Pornhub."
1588,855,5,25,119,149,1.2348993288590604,0.04083881699787816,690,Shortening the cuffs DID make a difference!
846,855,9,17,123,149,1.2348993288590604,0.045062044561415555,690,This one doesn't look endangered enough.
1934,855,6,23,120,149,1.2348993288590604,0.04193451675354549,690,No one will hear Peter crying this time!
1627,855,5,25,119,149,1.2348993288590604,0.04083881699787816,690,I think I'll stick with the classic look.
1963,855,8,19,122,149,1.2348993288590604,0.04404421799155704,690,"I love it, but does it make me look like mutton dressed as lamb?"
2421,855,5,25,119,149,1.2348993288590604,0.04083881699787816,690,There’s just something about this Merino wool that keeps me coming back.
2563,855,7,21,121,149,1.2348993288590604,0.043002307111602654,690,"Yes, sir. I do find this outfit most fitting for your line of work."
2745,855,5,25,119,149,1.2348993288590604,0.04083881699787816,690,"This is for work, you know."
2994,855,7,21,121,149,1.2348993288590604,0.043002307111602654,690,"I preferred the cashmere, but this gives me an idea."
3142,855,6,23,120,149,1.2348993288590604,0.04193451675354549,690,"Ah, just what I need to pull the wool over their eyes!"
3196,855,6,23,120,149,1.2348993288590604,0.04193451675354549,690,I'm running for President
3236,855,2,31,116,149,1.2348993288590604,0.037359400545037766,690,You are so right! This one is most suited to my taste!
3719,855,7,21,121,149,1.2348993288590604,0.043002307111602654,690,"I told you, ""in goat's clothing"" doesn't have the same ring to it."
3736,855,5,25,119,149,1.2348993288590604,0.04083881699787816,690,"They’re all good Jeeves, but I think I’ll stick with tradition."
3783,855,8,19,122,149,1.2348993288590604,0.04404421799155704,690,"That one suits you perfectly, Mr. President."
3849,855,5,25,119,149,1.2348993288590604,0.04083881699787816,690,I especially love the give in the waist.
3857,855,7,21,121,149,1.2348993288590604,0.043002307111602654,690,"Mr. Trump, the ""wolf in sheep's clothing"" is just the type of honesty the crowd loves from you."
1674,855,3,29,117,149,1.2348993288590604,0.03855411172173174,690,May I interest you in the cow? They're buy one get one 'calf' off.
1833,855,4,27,118,149,1.2348993288590604,0.03971289780687098,690,This one really makes my mouth water.
1605,855,4,27,118,149,1.2348993288590604,0.03971289780687098,690,"It may be cliché, but I really like the look."
724,855,5,25,119,149,1.2348993288590604,0.04083881699787816,690,"This new slim fit really brings out your teeth, sir."
2953,855,4,27,118,149,1.2348993288590604,0.03971289780687098,690,"I need something that both encapsulates my success in this last decade, and signals my strategy for the ‘20s."
346,855,4,27,118,149,1.2348993288590604,0.03971289780687098,690,"Wooly, or won't he? Tee hee!"
336,855,7,21,121,149,1.2348993288590604,0.043002307111602654,690,Do you have something a little more slimming?
299,855,5,25,119,149,1.2348993288590604,0.04083881699787816,690,Would sir like to try our lanolin cologne? Just the thing for a gentleman on the prowl.
676,855,6,23,120,149,1.2348993288590604,0.04193451675354549,690,"Of course we can bill you, Senator. Home address? Or mail to the Capitol?"
2862,886,7,23,128,158,1.2341772151898733,0.04131175878720662,690,I wish I was more comfortable in my own skin.
1078,886,6,25,127,158,1.2341772151898733,0.040324133704382245,690,I love the irony.
2527,888,5,25,120,150,1.2333333333333334,0.04059586016811276,690,"Sir,  might I suggest something a little more provocative?"
1381,889,5,26,124,155,1.232258064516129,0.03970920147673001,690,This won't fool anyone. My head is exposed.
3957,890,3,28,116,147,1.2312925170068028,0.03869556407217128,690,Works equally well for a night on the town or an afternoon snack.
536,890,4,26,117,147,1.2312925170068028,0.0398815074812759,690,It’s been done.”
389,890,5,24,118,147,1.2312925170068028,0.04103318899494187,690,I’ll take a pack.
1506,890,5,24,118,147,1.2312925170068028,0.04103318899494187,690,"Oh, definitely, sir. Lamb is always trendy. This will get you into all the five-star restaurants."
1569,890,3,28,116,147,1.2312925170068028,0.03869556407217128,690,I think this will work despite the saying. Do you offer a cross-species discount?
2190,890,4,26,117,147,1.2312925170068028,0.0398815074812759,690,Is this imitation?
2350,890,4,26,117,147,1.2312925170068028,0.0398815074812759,690,It’s organic.
2508,890,5,24,118,147,1.2312925170068028,0.04103318899494187,690,I’m seeing the flock tonight - this will slay them.
2758,890,7,20,120,147,1.2312925170068028,0.04324463572890544,690,"I recently dressed the emperor, trust me - you’ll be famous."
792,890,10,14,123,147,1.2312925170068028,0.04636445189660268,690,Marvelous! Just send the bill to Aesop.
3307,890,6,22,119,147,1.2312925170068028,0.042153416933982606,690,"Mr. Weinstein, that’s so you!"
3471,890,4,26,117,147,1.2312925170068028,0.0398815074812759,690,"Mr Wolf, I thought you’d like something outside your usual. They say  stripes will be the new polka dot."
3655,890,4,26,117,147,1.2312925170068028,0.0398815074812759,690,Now I can fleece the flock.
3771,890,5,24,118,147,1.2312925170068028,0.04103318899494187,690,"I know I shouldn't, but my instinct says this is the one."
3877,890,8,18,121,147,1.2312925170068028,0.044308988698020156,690,Do I have your solemn word that even my most sheepish admirers will fanatically flock to me?
3998,890,10,14,123,147,1.2312925170068028,0.04636445189660268,690,"It really suits you, Mr. President."
2709,890,7,20,120,147,1.2312925170068028,0.04324463572890544,690,I hope it’s faux… I decided to turn vegan in 2020.
1218,890,8,18,121,147,1.2312925170068028,0.044308988698020156,690,This one doesn't need a caption
3306,908,6,23,123,152,1.230263157894737,0.04119003001210647,690,"This one is perfect, l will take two just in case one gets messy."
2262,909,7,20,121,148,1.2297297297297298,0.042979869960094064,690,"It's all the rage in Washington this year, sir."
3509,909,7,20,121,148,1.2297297297297298,0.042979869960094064,690,Do you have anything in chicken?
347,909,4,26,118,148,1.2297297297297298,0.03964193778960474,690,I think we have a winner!
2012,912,5,26,126,157,1.2292993630573248,0.039257159454396444,690,It's bah-spoke.
755,913,4,25,115,144,1.2291666666666667,0.040296528604337835,690,I do like the classics.
1229,913,7,19,118,144,1.2291666666666667,0.04376283250585489,690,"Yes, yes, sir.  But for an impeachment trial, I really must suggest something other than your daily wear."
1477,913,5,23,116,144,1.2291666666666667,0.04148415739394154,690,"I've done well dressed in white but the gals seem to be really curious about this ""once you go black"" rumor."
4192,913,5,23,116,144,1.2291666666666667,0.04148415739394154,690,"For this price, I could just buy the sheep."
4153,913,5,23,116,144,1.2291666666666667,0.04148415739394154,690,Republican Party Animal
4138,913,6,21,117,144,1.2291666666666667,0.04263871963146187,690,I dress for success and chase my dreams.
4025,913,6,21,117,144,1.2291666666666667,0.04263871963146187,690,Adorable! Makes me want a little nibble of grass.
3812,913,8,17,119,144,1.2291666666666667,0.04485878516032959,690,Ewe! It's perfect.
3794,913,7,19,118,144,1.2291666666666667,0.04376283250585489,690,"I enjoyed the trend where we didn't even have to try to hide, but I'm thinkin' this is gonna make a comeback."
987,913,6,21,117,144,1.2291666666666667,0.04263871963146187,690,You look good in these carcasses.
3691,913,6,21,117,144,1.2291666666666667,0.04263871963146187,690,All the Senators are wearing it this season.
3436,913,3,27,114,144,1.2291666666666667,0.03907281817881992,690,"Yes, this doesn't look half-baaaaad."
3408,913,4,25,115,144,1.2291666666666667,0.040296528604337835,690,It’s from last year’s collection but still a classic!
2699,913,5,23,116,144,1.2291666666666667,0.04148415739394154,690,Is this your only lamb off the rack?
2602,913,6,21,117,144,1.2291666666666667,0.04263871963146187,690,They said to come dressed as your favorite cliché
1799,913,6,21,117,144,1.2291666666666667,0.04263871963146187,690,Ewe got yourself a sale!
1567,913,3,27,114,144,1.2291666666666667,0.03907281817881992,690,This one is a more traditional look.
3570,913,2,29,113,144,1.2291666666666667,0.03780952291830754,690,"No, not after Labor Day."
560,913,5,23,116,144,1.2291666666666667,0.04148415739394154,690,"I eat meat, but I don't wear fur."
665,913,5,23,116,144,1.2291666666666667,0.04148415739394154,690,2020 is the year I lean in on being carnivorous.
489,913,3,27,114,144,1.2291666666666667,0.03907281817881992,690,What's your... return policy?
397,913,5,23,116,144,1.2291666666666667,0.04148415739394154,690,Do you think it's too cliché?
507,913,4,25,115,144,1.2291666666666667,0.040296528604337835,690,Perfect for those times you just gotta be ewe.
3475,936,3,29,121,153,1.2287581699346406,0.03766573515262286,690,You're sure it doesn't make me look too muttony?
1937,937,4,24,112,140,1.2285714285714286,0.04098336105214201,690,a little on the nose don't you think sir?
1672,938,6,29,145,180,1.2277777777777779,0.03681159402580952,690,"If I may say so, sir, you look like a snack!"
3640,939,3,27,115,145,1.2275862068965517,0.03883458829086472,690,Nope.  Too metaphorical.
2610,939,5,23,117,145,1.2275862068965517,0.041227371113703344,690,"I prefer red, with a hood."
533,939,4,25,116,145,1.2275862068965517,0.040048853770538725,690,The Wolf of Woolstreet
777,939,5,23,117,145,1.2275862068965517,0.041227371113703344,690,"... as granny’d say: It’s not the suit, it’s how you wear it."
1293,943,5,22,114,141,1.2269503546099292,0.04194944891243331,690,Sheep is so cliche. Let’s try zebra.
1249,943,6,20,115,141,1.2269503546099292,0.04314015978934907,690,I love it. How easily do red wine stains come off?
1221,943,6,20,115,141,1.2269503546099292,0.04314015978934907,690,Exactly what I wanted for my next presidential debate.
1804,943,2,28,111,141,1.2269503546099292,0.03815501141758049,690,"I like it, but it seems so retro."
1142,943,5,22,114,141,1.2269503546099292,0.04194944891243331,690,I think monsieur has found his look.
866,943,5,22,114,141,1.2269503546099292,0.04194944891243331,690,Do you think I look too much like a wolf in sheep's clothing?
758,943,4,24,113,141,1.2269503546099292,0.040723938187055705,690,I just keep coming back to the sheep's wool.   It just feels...right.
475,943,6,20,115,141,1.2269503546099292,0.04314015978934907,690,"It’s a European 12, so a US 8– practically a 6. A large size 4."
411,943,6,20,115,141,1.2269503546099292,0.04314015978934907,690,THIS ought to create a sensation in the boudoir!
1827,943,10,12,119,141,1.2269503546099292,0.0476061117612586,690,Would you fuck me? I'd fuck me.
1846,943,5,22,114,141,1.2269503546099292,0.04194944891243331,690,Genuine merino really sells it!
1591,943,6,20,115,141,1.2269503546099292,0.04314015978934907,690,"The sheep's too small, the zebra makes me look fat, and the pig's....well, it's a pig."
2344,943,5,22,114,141,1.2269503546099292,0.04194944891243331,690,I’m sorry we just sold our very last grandmother costume.
4107,943,4,24,113,141,1.2269503546099292,0.040723938187055705,690,"You're right, Antoine, the wool will absorb the blood so much better!"
4075,943,4,24,113,141,1.2269503546099292,0.040723938187055705,690,"Do you have anything in Granny, Extra Large?"
3936,943,4,24,113,141,1.2269503546099292,0.040723938187055705,690,"Ah, perfect! Now, do you also carry human? Female, mid- to late-eighties, perhaps?"
3699,943,5,22,114,141,1.2269503546099292,0.04194944891243331,690,"Sir, with our selection, you'll always be dressed to kill."
3609,943,3,26,112,141,1.2269503546099292,0.03946038543741578,690,You don't think it's a little too spot-on?
3340,943,5,22,114,141,1.2269503546099292,0.04194944891243331,690,"It fits perfectly sir, and is so ewe."
1982,943,5,22,114,141,1.2269503546099292,0.04194944891243331,690,"I like it. But truthfully, I feel a little vulnerable with it on."
3733,963,8,16,118,142,1.2253521126760563,0.04513530441288086,690,"This is nice, but could I try the pig or ass costume?  I’m going for a more presidential vibe."
2777,963,6,20,116,142,1.2253521126760563,0.04286508442438123,690,"Now, so long as Trump hasn't also chosen this one, I'm golden!"
1461,963,3,26,113,142,1.2253521126760563,0.0392140931312735,690,Do you have something a little more wolfish?
1346,963,3,26,113,142,1.2253521126760563,0.0392140931312735,690,The fit is perfect but it’s perhaps a bit too idiomatic.
1879,967,5,24,122,151,1.2251655629139073,0.04005755840075498,690,It's for a party celebrating an IPO on the Street.
2510,968,3,28,121,152,1.2236842105263157,0.03756876861814674,690,"It's going to be a ""SURPRISE ""  party."
1180,969,6,19,114,139,1.223021582733813,0.04337349518088946,690,Now grandma will never know it’s me!
1255,969,6,19,114,139,1.223021582733813,0.04337349518088946,690,"This isn't too formal, so I should fit in nicely with that crowd."
1274,969,4,23,112,139,1.223021582733813,0.04089903733703297,690,Do you think I look more like a sheep or a poodle?
1915,969,5,21,113,139,1.223021582733813,0.04215442645382961,690,Do you have L size for dinner?
2363,969,7,17,115,139,1.223021582733813,0.04455922462029556,690,"Shopping makes me hungry, do you have any suits like you're wearing?"
2487,969,7,17,115,139,1.223021582733813,0.04455922462029556,690,"No, no masquerade ball.  Dinner with the President at Mar-a-Lago."
2505,969,2,27,110,139,1.223021582733813,0.03826489809192483,690,Funny coincidence...we've just had an order for 150 four foot high gun-toting farmer costumes.
2864,969,3,25,111,139,1.223021582733813,0.03960387405975209,690,Wipe that sheepish grin off your face.
3302,969,6,19,114,139,1.223021582733813,0.04337349518088946,690,Sheep is so passé may I suggest zebra.
2128,969,6,19,114,139,1.223021582733813,0.04337349518088946,690,"To be honest, I'd never considered poodle..."
3886,969,6,19,114,139,1.223021582733813,0.04337349518088946,690,Let's see Billy Porter try to outdo THIS.
4106,969,6,19,114,139,1.223021582733813,0.04337349518088946,690,"Marvelous choice, sir. If you’re not fully satisfied, perhaps you’d like to see something from our Fine Swine collection?"
958,969,5,21,113,139,1.223021582733813,0.04215442645382961,690,Do I look presidential?
4181,969,4,23,112,139,1.223021582733813,0.04089903733703297,690,That's from our 'cliche'' line
4204,969,4,23,112,139,1.223021582733813,0.04089903733703297,690,You're going to like the way you look I guarantee it!
2016,969,3,25,111,139,1.223021582733813,0.03960387405975209,690,"I don't know, can I try something from the Big and Bad Collection?"
1717,969,3,25,111,139,1.223021582733813,0.03960387405975209,690,"Be honest Alberto, classic or cliché?"
1464,969,4,23,112,139,1.223021582733813,0.04089903733703297,690,Does this fur make me look fat?
639,969,3,25,111,139,1.223021582733813,0.03960387405975209,690,"I love it, but it's a little Cliché."
3040,969,4,23,112,139,1.223021582733813,0.04089903733703297,690,"it's not me, it's ewe"
354,969,5,21,113,139,1.223021582733813,0.04215442645382961,690,"I know sir, but you can wear that one to ‘either’ party function."
401,969,5,21,113,139,1.223021582733813,0.04215442645382961,690,"I know it is cliché, but I love it."
297,969,8,15,116,139,1.223021582733813,0.04571420909648625,690,Can I get this with a red tie?
580,992,6,21,121,148,1.222972972972973,0.041595485379180015,690,"Say ""yes"" to the dress?"
1607,993,3,24,108,135,1.2222222222222223,0.04026812659575772,690,"If Madame Lupine wishes something more exclusive, we have a few lovely options in unicorn."
2793,994,3,29,126,158,1.2215189873417722,0.036609752027612255,690,This is way better than the leopard print.
3929,995,2,27,111,140,1.2214285714285715,0.03802397840166047,690,For perfect camouflage I propose a Unicorn
1891,995,3,25,112,140,1.2214285714285715,0.03935222809967372,690,Or the very popular lipstick on a pig.
1270,995,3,25,112,140,1.2214285714285715,0.03935222809967372,690,I’m famished!
757,995,6,19,115,140,1.2214285714285715,0.043092025076168945,690,It was our best seller in the last election cycle.
633,995,7,17,116,140,1.2214285714285715,0.04426847126436581,690,"I'll take all - yes ALL of this Paul Manafort collection."""
342,995,6,19,115,140,1.2214285714285715,0.043092025076168945,690,This will get by Secret Service.
312,995,4,23,113,140,1.2214285714285715,0.04063708625538447,690,Shall we try another food group?
1310,1002,7,16,113,136,1.2205882352941178,0.0451228973832111,690,I can see sir you will make a fine politician.
1565,1002,4,22,110,136,1.2205882352941178,0.04134342127394495,690,I hear grass fed will be the rage this year.
1345,1002,4,22,110,136,1.2205882352941178,0.04134342127394495,690,I will take this fabulous metaphor.
1386,1002,6,18,112,136,1.2205882352941178,0.043899241523996296,690,Of course I look fabulous. But what about fabled?
1044,1002,4,22,110,136,1.2205882352941178,0.04134342127394495,690,But will it shrink?
2915,1002,6,18,112,136,1.2205882352941178,0.043899241523996296,690,This one is fableous.
2083,1002,5,20,111,136,1.2205882352941178,0.04264048480620878,690,I knew the lamb would  be exquisite on you!
2028,1002,5,20,111,136,1.2205882352941178,0.04264048480620878,690,With that smile you could wear anything!
851,1002,7,16,113,136,1.2205882352941178,0.0451228973832111,690,"Free jar of mint jelly with this one, you say?"
2686,1002,8,14,114,136,1.2205882352941178,0.04631423463827765,690,"OK, Be an animal!!"
2761,1002,2,26,108,136,1.2205882352941178,0.03861882389311729,690,Let me try that grandma outfit again.
2912,1002,4,22,110,136,1.2205882352941178,0.04134342127394495,690,"I like how this shows off my feminine side."""
3252,1002,3,24,109,136,1.2205882352941178,0.040004325025692476,690,This look slays.
3447,1002,5,20,111,136,1.2205882352941178,0.04264048480620878,690,This is it! Hey - you are what you eat.
3463,1002,4,22,110,136,1.2205882352941178,0.04134342127394495,690,This will be perfect for my trip to New Zealand.
3546,1002,5,20,111,136,1.2205882352941178,0.04264048480620878,690,"Senator, it brings out the “I’m impartial” in you."
3560,1002,4,22,110,136,1.2205882352941178,0.04134342127394495,690,A bit cliché but it works.
3616,1002,4,22,110,136,1.2205882352941178,0.04134342127394495,690,"Oooh, the irony on this one is just right."
3979,1002,7,16,113,136,1.2205882352941178,0.0451228973832111,690,Do you have anything with a red riding hood?
1972,1002,5,20,111,136,1.2205882352941178,0.04264048480620878,690,I always wondered what I'd  look like dressed in sheep's clothing.
804,1002,3,24,109,136,1.2205882352941178,0.040004325025692476,690,"You may be right Jeeves, I don't have that savoir faire in cow's clothing."""
1033,1002,5,20,111,136,1.2205882352941178,0.04264048480620878,690,"Yeah, this will do the trick."
331,1002,4,22,110,136,1.2205882352941178,0.04134342127394495,690,Wolfoodles are all the rage this season.
301,1002,5,20,111,136,1.2205882352941178,0.04264048480620878,690,I’ve always known I was a sheep trapped in a wolf’s clothing.
20,1002,5,20,111,136,1.2205882352941178,0.04264048480620878,690,"Yep, that’s what she Said. Space."
444,1002,5,20,111,136,1.2205882352941178,0.04264048480620878,690,"I’ll take it, but can you put the entrails in a separate gift box?"
2422,1028,5,23,122,150,1.22,0.03998881275324226,690,"Yes, I can believe these are all faux fur. But are they biodegradable?"
3112,1029,3,30,131,164,1.2195121951219512,0.035714611569502515,690,A cliche is a cliche because it's universally applicable.  I'd go with it.
1095,1030,5,20,112,137,1.218978102189781,0.0423587092302743,690,Do you have anything in rural Republican?
1516,1030,7,16,114,137,1.218978102189781,0.0448212523426831,690,This will really upset Mary.
1707,1030,5,20,112,137,1.218978102189781,0.0423587092302743,690,"Yes....the Wolf of Wall Sheep....very good, Sir"
637,1030,6,18,113,137,1.218978102189781,0.04360736697635734,690,"It's 100% vegan, right?"
3744,1030,3,24,110,137,1.218978102189781,0.03974387794042468,690,Now to show those kids a real good library storytime!
3421,1030,3,24,110,137,1.218978102189781,0.03974387794042468,690,"Tonight, I'm going as the sheep of Wall Street."
3059,1030,5,20,112,137,1.218978102189781,0.0423587092302743,690,Peeerfect! And do you have black hooves in a size 10?
3879,1037,3,33,143,179,1.217877094972067,0.033847495013881776,690,Perhaps you'd like to try on something a little less cliché?
341,1038,5,24,128,157,1.21656050955414,0.0386765285919154,690,I don't know..are you sure it's Granny Cottage appropriate?
2556,1039,5,19,110,134,1.2164179104477613,0.04285033090096287,690,I don’t know... Does this make me look desperate?
2684,1039,5,19,110,134,1.2164179104477613,0.04285033090096287,690,They'll never see you coming sir.
2728,1039,6,17,111,134,1.2164179104477613,0.04414036371572012,690,"there's no background check for this, right?"
2750,1039,3,23,108,134,1.2164179104477613,0.04014609765660815,690,"Eat it up, Met Gala."
2790,1039,7,15,112,134,1.2164179104477613,0.04539375022610612,690,Of course we can get it to fit.  Our tailor is a border collie.
2799,1039,3,23,108,134,1.2164179104477613,0.04014609765660815,690,This is just what I need to move past that Red Riding Hood controversy
2724,1039,3,23,108,134,1.2164179104477613,0.04014609765660815,690,"Excellent choice, sir.  It gets our highest “yelp” rating."
1872,1039,2,25,107,134,1.2164179104477613,0.038723226962894895,690,It really makes my teeth pop.
2155,1039,2,25,107,134,1.2164179104477613,0.038723226962894895,690,If this doesn't fool them nothing will.
1902,1039,7,15,112,134,1.2164179104477613,0.04539375022610612,690,I like it!  But do you have something in sharkskin? I want to cover all my bases.
2068,1039,4,21,109,134,1.2164179104477613,0.04152023612273858,690,You'll ravage the party in that one sir!
2115,1039,3,23,108,134,1.2164179104477613,0.04014609765660815,690,Does this one make me look hungry?
2191,1039,3,23,108,134,1.2164179104477613,0.04014609765660815,690,"Yes, to the dress!"
2620,1039,5,19,110,134,1.2164179104477613,0.04285033090096287,690,Can you have it ready in time for the Met Gala?
2236,1039,5,19,110,134,1.2164179104477613,0.04285033090096287,690,This is one baaaad outfit!
2270,1039,4,21,109,134,1.2164179104477613,0.04152023612273858,690,"This outfit captures the idiom better than those!"""
2601,1039,4,21,109,134,1.2164179104477613,0.04152023612273858,690,Are you saying  ‘yes’ to the sheep?
2360,1039,3,23,108,134,1.2164179104477613,0.04014609765660815,690,"The black sheep's clothing is more traditional, but the white is more slimming."
2433,1039,4,21,109,134,1.2164179104477613,0.04152023612273858,690,This will be perfect for my interview at the White House next week.
2438,1039,5,19,110,134,1.2164179104477613,0.04285033090096287,690,"I look like a sheep, but I feel like a shark!"
2497,1039,4,21,109,134,1.2164179104477613,0.04152023612273858,690,"Excellent choice, sir.  My grandmother bought one just last week."
2523,1039,7,15,112,134,1.2164179104477613,0.04539375022610612,690,"Now, what do you have for Casual Fridays?"
2910,1039,4,21,109,134,1.2164179104477613,0.04152023612273858,690,I really don't want to look like another member of the flock
2643,1039,5,19,110,134,1.2164179104477613,0.04285033090096287,690,"Yes, hide and sheep."
2985,1039,7,15,112,134,1.2164179104477613,0.04539375022610612,690,The perfect outfit for playing the field
3398,1039,4,21,109,134,1.2164179104477613,0.04152023612273858,690,"Yes Mr. Blitzer, that should get you into the Elephant's party."
3015,1039,6,17,111,134,1.2164179104477613,0.04414036371572012,690,"Oh yeah! It’s me, alright."
4178,1039,5,19,110,134,1.2164179104477613,0.04285033090096287,690,And the little tag says 'Satire'. Nice!
4134,1039,6,17,111,134,1.2164179104477613,0.04414036371572012,690,"I'll take this one, the pig, and
the granny one you showed me earlier."
4068,1039,5,19,110,134,1.2164179104477613,0.04285033090096287,690,It’s not very ME - I’ll take it.”
3965,1039,3,23,108,134,1.2164179104477613,0.04014609765660815,690,May I offer you something a little less on-the-nose?
3784,1039,2,25,107,134,1.2164179104477613,0.038723226962894895,690,If the ewe fits...
3778,1039,3,23,108,134,1.2164179104477613,0.04014609765660815,690,"NOW, I can impeach the shepherd."
3767,1039,5,19,110,134,1.2164179104477613,0.04285033090096287,690,Hand wash only?
3748,1039,6,17,111,134,1.2164179104477613,0.04414036371572012,690,"You really are what you eat, sir."
3740,1039,7,15,112,134,1.2164179104477613,0.04539375022610612,690,"Nah, I look more presidential without it."
3705,1039,5,19,110,134,1.2164179104477613,0.04285033090096287,690,I'm ready for wall street.
3652,1039,4,21,109,134,1.2164179104477613,0.04152023612273858,690,Do you also have something more old fashioned? Something your grandma would wear.
3623,1039,5,19,110,134,1.2164179104477613,0.04285033090096287,690,"Fabulous, darling. I could just eat myself."
3598,1039,4,21,109,134,1.2164179104477613,0.04152023612273858,690,"I must say Ms Wolfe, you look a baaad lass in that coat"""
3561,1039,5,19,110,134,1.2164179104477613,0.04285033090096287,690,"It’s after Labor Day, but white really is my color."
3545,1039,3,23,108,134,1.2164179104477613,0.04014609765660815,690,May I suggest the zebra as a more non-traditional look.
3493,1039,2,25,107,134,1.2164179104477613,0.038723226962894895,690,Dressing up like grandma is SO last season.
1777,1039,4,21,109,134,1.2164179104477613,0.04152023612273858,690,"It's the perfect outfit for marauding, but it is dry-clean only."
3492,1039,3,23,108,134,1.2164179104477613,0.04014609765660815,690,"Shabby sheep, you say?"
3345,1039,4,21,109,134,1.2164179104477613,0.04152023612273858,690,Magnificent fit sir! It is our finest ungulate.
3274,1039,2,25,107,134,1.2164179104477613,0.038723226962894895,690,"It's wonderful, Marcel... and I thought last year's grandma outfit was good!"
3273,1039,3,23,108,134,1.2164179104477613,0.04014609765660815,690,"Sir, you're definitely not a wolf in cheap clothing."
3198,1039,4,21,109,134,1.2164179104477613,0.04152023612273858,690,It’s an oldie but wish you success.
3176,1039,6,17,111,134,1.2164179104477613,0.04414036371572012,690,"Mr. Wolf, you look so Baaaad!"
3071,1039,4,21,109,134,1.2164179104477613,0.04152023612273858,690,"Actually, I prefer the cow costume. I've never been a trend-setter."
3046,1039,5,19,110,134,1.2164179104477613,0.04285033090096287,690,Does it make me look gay?... Not that there's anything wrong with that.
3005,1039,4,21,109,134,1.2164179104477613,0.04152023612273858,690,"I put a lot of blood, sweat, and tears into my designs."
1721,1039,6,17,111,134,1.2164179104477613,0.04414036371572012,690,The wolf in sheep’s clothing - now that’s a classic look!
1010,1039,6,17,111,134,1.2164179104477613,0.04414036371572012,690,If only I wasn't allergic to wool.
1704,1039,4,21,109,134,1.2164179104477613,0.04152023612273858,690,"My wife wants me to be more trendy, but this look is timeless."""
925,1039,3,23,108,134,1.2164179104477613,0.04014609765660815,690,You're gonna knock them dead.
839,1039,6,17,111,134,1.2164179104477613,0.04414036371572012,690,"So, are you saying, “Yes...”?"
775,1039,5,19,110,134,1.2164179104477613,0.04285033090096287,690,Yes!  This is a look that can become legendary.
767,1039,6,17,111,134,1.2164179104477613,0.04414036371572012,690,I make a heck of a lot more money than I did as a taxidermist
660,1039,6,17,111,134,1.2164179104477613,0.04414036371572012,690,Do you have something that whispers 'plausible deniability'?
599,1039,3,23,108,134,1.2164179104477613,0.04014609765660815,690,This is so me!
588,1039,5,19,110,134,1.2164179104477613,0.04285033090096287,690,Cliches be damned--wrap it up!
577,1039,5,19,110,134,1.2164179104477613,0.04285033090096287,690,It's so cliche.
557,1039,6,17,111,134,1.2164179104477613,0.04414036371572012,690,Do you have anything slightly more revealing?
1708,1039,3,23,108,134,1.2164179104477613,0.04014609765660815,690,"100% Australian Merino, sir. Strictly cold hand wash only."
543,1039,7,15,112,134,1.2164179104477613,0.04539375022610612,690,Hello my Dear!  I am here to make Grandma's house great again!
488,1039,4,21,109,134,1.2164179104477613,0.04152023612273858,690,I love it! But does it come in black?
413,1039,2,25,107,134,1.2164179104477613,0.038723226962894895,690,It’s one of our best sellers; also available in black.
324,1039,4,21,109,134,1.2164179104477613,0.04152023612273858,690,It's killer!
291,1039,3,23,108,134,1.2164179104477613,0.04014609765660815,690,I don’t know ... don't you think it’s too cliché?
926,1039,4,21,109,134,1.2164179104477613,0.04152023612273858,690,I'm looking for something a little more couture.
1014,1039,3,23,108,134,1.2164179104477613,0.04014609765660815,690,"I like it, but I think I'll go with something less cliche."
547,1039,5,19,110,134,1.2164179104477613,0.04285033090096287,690,Cloven or UnCloven?
1604,1039,4,21,109,134,1.2164179104477613,0.04152023612273858,690,I need to wear something that no one will ask what my pronouns are.
1102,1039,3,23,108,134,1.2164179104477613,0.04014609765660815,690,I find that particular aphorism genealogically discriminatory.”
1124,1039,6,17,111,134,1.2164179104477613,0.04414036371572012,690,"Is it a classic, or is it cliche?"
1217,1039,5,19,110,134,1.2164179104477613,0.04285033090096287,690,"Now when I say for exemple that it was a perfect call, I even believe myself."
1031,1039,6,17,111,134,1.2164179104477613,0.04414036371572012,690,Me too!
1266,1039,6,17,111,134,1.2164179104477613,0.04414036371572012,690,If looks could kill ...
1272,1039,6,17,111,134,1.2164179104477613,0.04414036371572012,690,"I keep telling you, it doesn't matter how I dress, I still feel like a fraud."
1676,1039,4,21,109,134,1.2164179104477613,0.04152023612273858,690,"You'll be the belle of the barn, sir."
1432,1039,2,25,107,134,1.2164179104477613,0.038723226962894895,690,Much better.  They'll never fleece me again.
1439,1039,4,21,109,134,1.2164179104477613,0.04152023612273858,690,"Wool, does it shrink if it gets wet?"
1441,1039,5,19,110,134,1.2164179104477613,0.04285033090096287,690,I'll take it.  Not only is it warm but it serves a real need I have.
1606,1039,4,21,109,134,1.2164179104477613,0.04152023612273858,690,Perhaps a second one in black for night time forays.
1522,1039,4,21,109,134,1.2164179104477613,0.04152023612273858,690,"I like it, but wool shrinks."
2600,1126,4,22,113,139,1.2158273381294964,0.04053982252951266,690,I believe that one suits you best.
2526,1127,4,20,106,130,1.2153846153846153,0.04227379788275202,690,"If I do say so myself sir, you really put the You in Menu."
3568,1127,3,22,105,130,1.2153846153846153,0.040838871226503135,690,Now you won’t need to huff and puff.
1173,1129,2,27,115,144,1.2152777777777777,0.037089104006679675,690,Apparel can be deceiving.
1321,1130,3,29,131,163,1.2147239263803682,0.03560997378761821,690,Would you like to try a different look for the new year?
4006,1131,4,22,114,140,1.2142857142857142,0.04027872352660409,690,Do you have anything from last mating season?
3990,1132,3,22,106,131,1.213740458015267,0.040559263509874634,690,That one is so ewe!
1131,1132,3,22,106,131,1.213740458015267,0.040559263509874634,690,Bespoke or off the rack?
3931,1132,5,18,108,131,1.213740458015267,0.04335819969343802,690,To grandmother's house I go!
3672,1132,5,18,108,131,1.213740458015267,0.04335819969343802,690,"This will do nicely Jeeves. Now, tell the others I am ready for my campaign speech."
1210,1132,7,14,110,131,1.213740458015267,0.045987097156144255,690,"Perfect attire for your re-election campaign!"""
3668,1132,3,22,106,131,1.213740458015267,0.040559263509874634,690,"Yeah, but is it pure wool?"
3528,1132,7,14,110,131,1.213740458015267,0.045987097156144255,690,Can you tell me if this is organic wool?
3387,1132,7,14,110,131,1.213740458015267,0.045987097156144255,690,That piece you have on is fresh from this year’s endangered collection!
1158,1132,5,18,108,131,1.213740458015267,0.04335819969343802,690,A wolf in sheeps clothing.how intriguing and quaint!
1067,1132,4,20,107,131,1.213740458015267,0.04198206365294289,690,And you’re sure it’s not “mutton dressed as lamb”?
2870,1132,2,24,105,131,1.213740458015267,0.03908470345758232,690,"It is a cliche, but it suits you."
3080,1132,4,20,107,131,1.213740458015267,0.04198206365294289,690,"Come on, a wolf in sheep's clothing? It's old. Give these a try."
1248,1132,8,12,111,131,1.213740458015267,0.047246723875258814,690,"He-lloo, Dolly!"
3006,1132,5,18,108,131,1.213740458015267,0.04335819969343802,690,"From one wolf to another, I like your costume better."
2999,1132,6,16,109,131,1.213740458015267,0.044691982421373413,690,"You wouldn't have guessed it, but Little Red and her grandmother were loaded."
1670,1132,3,22,106,131,1.213740458015267,0.040559263509874634,690,This oughta work.
2780,1132,4,20,107,131,1.213740458015267,0.04198206365294289,690,"Very good, sir, it has that grandmotherly look that's just perfect."
2534,1132,5,18,108,131,1.213740458015267,0.04335819969343802,690,Can I get this in cute and innocent ?
1824,1132,5,18,108,131,1.213740458015267,0.04335819969343802,690,"Ahh, a perennial best seller.
Perhaps I could interest you in something a little less...
cliche?"
2309,1132,5,18,108,131,1.213740458015267,0.04335819969343802,690,"New Year's Resolution 1: Become a whole new me!
New Year's Resolution 2: Only eat fresh organic meats."
1882,1132,6,16,109,131,1.213740458015267,0.044691982421373413,690,I like the opportunity's it suggests.
2374,1132,3,22,106,131,1.213740458015267,0.040559263509874634,690,"Sir, the sheep’s clothing is a classic. Have you tried on our pig or ass? They’re all the rage."
3257,1132,4,20,107,131,1.213740458015267,0.04198206365294289,690,"Listen, the carnivore diet is carb-free"
915,1132,3,22,106,131,1.213740458015267,0.040559263509874634,690,100% grass-fed
1983,1132,4,20,107,131,1.213740458015267,0.04198206365294289,690,Do you have this in cotton or polyester?
563,1132,4,20,107,131,1.213740458015267,0.04198206365294289,690,Do you have this in cotton? I'm allergic to wool.
770,1132,7,14,110,131,1.213740458015267,0.045987097156144255,690,"Mutton skin is far too classical for you, wolf. May I suggest zebra ?"
538,1132,4,20,107,131,1.213740458015267,0.04198206365294289,690,And which convention are you attending?
406,1132,5,18,108,131,1.213740458015267,0.04335819969343802,690,And you're sure this material is pesticide-free?
2195,1161,1,27,108,136,1.213235294117647,0.03676470588235294,690,"Malcom, you're a genius! This is perfect for my next trip to Kiev!"
356,1161,3,23,110,136,1.213235294117647,0.03961702313858518,690,I love the feel...do you have one with a hoodie ?
3472,1163,4,22,115,141,1.2127659574468086,0.040020904666992804,690,This is making me hungry.
807,1164,2,25,110,137,1.2116788321167884,0.037969413429685094,690,You can buy them all and change depending upon the target group.
1396,1165,7,14,112,133,1.2105263157894737,0.045349496676596275,690,"We have that with red highlights, if you prefer."
1584,1165,3,22,108,133,1.2105263157894737,0.04001115072838613,690,"Oh my,  I'm salivating.  I'll take it."
1232,1167,4,18,102,124,1.2096774193548387,0.04326407174623477,690,"LOVE it! And you say it's organic, and free-range? Perfect!"
2558,1168,2,23,104,129,1.2093023255813953,0.039181330657278544,690,I just really want to impress her folks.
2501,1168,6,15,108,129,1.2093023255813953,0.04494076986552415,690,Now those stupid sheep will have to let me into their bridge league.
2490,1168,4,19,106,129,1.2093023255813953,0.04215951534458739,690,Does this sheepskin make me look fat?
3962,1168,5,17,107,129,1.2093023255813953,0.043572339449451776,690,It’s really me!
2237,1168,3,21,105,129,1.2093023255813953,0.040697674418604654,690,Now that's a killer look.
2111,1168,3,21,105,129,1.2093023255813953,0.040697674418604654,690,Don't I just look good enough to eat?
2059,1168,5,17,107,129,1.2093023255813953,0.043572339449451776,690,Be a lamb and find me something off the RACK !
1886,1168,5,17,107,129,1.2093023255813953,0.043572339449451776,690,"The ladies may find it a little too obvious. Alternatively,Sir may wish to consider a cuddly porker or something in stripes"
1841,1168,3,21,105,129,1.2093023255813953,0.040697674418604654,690,I see your tastes have broadened
1664,1168,4,19,106,129,1.2093023255813953,0.04215951534458739,690,"Any of them would suit you,but that one is definitely ewe."
2680,1168,8,11,110,129,1.2093023255813953,0.04755965578220166,690,"While stunning, Sir, it is still a cliche. We have new selections from the Donald Trump, Jr. Collection for your consideration."
2888,1168,2,23,104,129,1.2093023255813953,0.039181330657278544,690,Accusations of 'species appropriation' don't bother me. I'll stick with what works.
3047,1168,4,19,106,129,1.2093023255813953,0.04215951534458739,690,We believe in dressing for the job you would like to have!
4009,1168,5,17,107,129,1.2093023255813953,0.043572339449451776,690,"""That one will live on through the ages - Mrs. Wolfe"
3111,1168,4,19,106,129,1.2093023255813953,0.04215951534458739,690,"No question about it, Sir; this one definitely suits you best."
1204,1168,8,11,110,129,1.2093023255813953,0.04755965578220166,690,Excellent choice! Your admirers will flock to you and die for it!
4045,1168,6,15,108,129,1.2093023255813953,0.04494076986552415,690,You look ovine in that.
3208,1168,6,15,108,129,1.2093023255813953,0.04494076986552415,690,Ohh Sweetie... livestock is sooo 2019.
3279,1168,6,15,108,129,1.2093023255813953,0.04494076986552415,690,May I suggest a necktie that would complete the look?
3292,1168,5,17,107,129,1.2093023255813953,0.043572339449451776,690,And you'll be pleased to know that no animals were harmed in the manufacture of these items.
3314,1168,4,19,106,129,1.2093023255813953,0.04215951534458739,690,"This looks perfectly ravishing for the Shepherd's Dinner Party.  I'll take it."""
3353,1168,4,19,106,129,1.2093023255813953,0.04215951534458739,690,With our Serengeti collection you will be making a statement about inclusivity when preying at a urban and diverse holiday party.
3495,1168,3,21,105,129,1.2093023255813953,0.040697674418604654,690,The ark was full of these guys.
3688,1168,3,21,105,129,1.2093023255813953,0.040697674418604654,690,"Ooh la, la, this is tres sheep!"
3917,1168,4,19,106,129,1.2093023255813953,0.04215951534458739,690,"Wow, Merino is such a wonderful designer!"
3028,1168,4,19,106,129,1.2093023255813953,0.04215951534458739,690,"Sir, you don't look sheepish at all."
1065,1168,4,19,106,129,1.2093023255813953,0.04215951534458739,690,Now all you have to do is try on that grandma outfit.
1145,1168,5,17,107,129,1.2093023255813953,0.043572339449451776,690,It looks better on you than Donald.
978,1168,3,21,105,129,1.2093023255813953,0.040697674418604654,690,Yessss! They'll flock to me in this baby!
824,1168,1,25,103,129,1.2093023255813953,0.0376038913021943,690,Shopping for the perfect hunting jacket.
1023,1168,6,15,108,129,1.2093023255813953,0.04494076986552415,690,"How about, You Be You?"
788,1168,3,21,105,129,1.2093023255813953,0.040697674418604654,690,Do you have anything with a red hood?
780,1168,6,15,108,129,1.2093023255813953,0.04494076986552415,690,They’re all wearing it down on Wall Street
743,1168,3,21,105,129,1.2093023255813953,0.040697674418604654,690,Do you have this one in a medium?
657,1168,3,21,105,129,1.2093023255813953,0.040697674418604654,690,But do you think it makes me look fat?
334,1168,3,21,105,129,1.2093023255813953,0.040697674418604654,690,wait till Dolly sees this!
166,1168,5,17,107,129,1.2093023255813953,0.043572339449451776,690,"The potatoes are this way, Mr. Damon."
2586,1205,6,19,124,149,1.2080536912751678,0.04071193011729891,690,We make a false profit on that one.
1147,1205,6,19,124,149,1.2080536912751678,0.04071193011729891,690,"Could I get this with a Putin mask....better yet, how about Trump?"
330,1207,2,22,101,125,1.208,0.039831904864835316,690,A wolf in sheep's clothing?  Who would have imagined that?
4200,1207,5,16,104,125,1.208,0.04442608939975293,690,Its just begging to be bedazzled
2084,1209,3,20,103,126,1.2063492063492063,0.04112306010085403,690,Sheep Herding Gala this weekend
1054,1209,3,20,103,126,1.2063492063492063,0.04112306010085403,690,I'll take this one.  But now you know too much.
1126,1209,0,26,100,126,1.2063492063492063,0.036196045241242474,690,"I think if Sir truly wants to knock them dead, you might try pulling the wool over your eyes."
3536,1209,7,12,107,126,1.2063492063492063,0.04689395035604231,690,The wolves of Wool Street
1583,1209,6,14,106,126,1.2063492063492063,0.04551986877189821,690,"It's a bit cliche, but I love it!"
1041,1209,3,20,103,126,1.2063492063492063,0.04112306010085403,690,I'll take this one!  No one will know who's in it!
1687,1209,5,16,105,126,1.2063492063492063,0.04410299679190414,690,"This is perfect! I'm a high-dollar Trump supporter, you know."
1756,1209,1,24,101,126,1.2063492063492063,0.03790960060578585,690,"I'm a slave to modern fashion, but you can't go wrong wearing a classic look."
1836,1209,4,18,104,126,1.2063492063492063,0.042639068927951274,690,What pig size you have?
3482,1209,3,20,103,126,1.2063492063492063,0.04112306010085403,690,Timeless! I’ll take it.
3368,1209,3,20,103,126,1.2063492063492063,0.04112306010085403,690,It’s all the rage this 2020 campaign season.
3614,1209,4,18,104,126,1.2063492063492063,0.042639068927951274,690,"But, Sir; sheep’s clothing is so cliche."
3710,1209,3,20,103,126,1.2063492063492063,0.04112306010085403,690,Not bah-bah-baaad!
2996,1209,3,20,103,126,1.2063492063492063,0.04112306010085403,690,Just think of how pleased your friends will be when you tell them that you're  wearing a 100% animal-free Vegan product.
2797,1209,3,20,103,126,1.2063492063492063,0.04112306010085403,690,For some reason that wolf just looks a little bit too real
2661,1209,4,18,104,126,1.2063492063492063,0.042639068927951274,690,I’m Baa-ad!
1935,1209,6,14,106,126,1.2063492063492063,0.04551986877189821,690,Say hello to the new ewe !
2591,1209,4,18,104,126,1.2063492063492063,0.042639068927951274,690,Excellent! Just in time for the primaries.
2569,1209,4,18,104,126,1.2063492063492063,0.042639068927951274,690,"This, and that little, ""unifying centrist"" number."
2516,1209,5,16,105,126,1.2063492063492063,0.04410299679190414,690,Only the finest for a presidential candidate.
2007,1209,3,20,103,126,1.2063492063492063,0.04112306010085403,690,I take it by that sheepish grin that you love it.
2514,1209,6,14,106,126,1.2063492063492063,0.04551986877189821,690,"You'll never go wrong with a classic, sir."
2479,1209,5,16,105,126,1.2063492063492063,0.04410299679190414,690,"I know you have a lot of Twitter followers, but you can’t change how the story is going to end."
2466,1209,4,18,104,126,1.2063492063492063,0.042639068927951274,690,"Sir, I believe this is just the look you are going for..."
3873,1209,2,22,102,126,1.2063492063492063,0.03954898159339031,690,For once I won't mind showing up in the same outfit.
2276,1209,5,16,105,126,1.2063492063492063,0.04410299679190414,690,I'll take it for Mardi Gras!!
2225,1209,6,14,106,126,1.2063492063492063,0.04551986877189821,690,The alt-right’s way of pulling the wool over their eyes.
1977,1209,3,20,103,126,1.2063492063492063,0.04112306010085403,690,"Not a Baa'd look, Sir..."
2200,1209,6,14,106,126,1.2063492063492063,0.04551986877189821,690,Fine wool is never clichéd.
966,1209,2,22,102,126,1.2063492063492063,0.03954898159339031,690,The invitation said to come as your favorite cliche. I just hope the rest of the pack didn't have the same idea.
3579,1209,2,22,102,126,1.2063492063492063,0.03954898159339031,690,You're right ... this is SO me!
834,1209,3,20,103,126,1.2063492063492063,0.04112306010085403,690,"Ah, merino: such a classic look!"
680,1209,5,16,105,126,1.2063492063492063,0.04410299679190414,690,"Do you have something in ""Endangered""?"
636,1209,3,20,103,126,1.2063492063492063,0.04112306010085403,690,You are what you wear.
595,1209,4,18,104,126,1.2063492063492063,0.042639068927951274,690,Everyone would recognise me in that one
519,1209,2,22,102,126,1.2063492063492063,0.03954898159339031,690,"Anything more matronly, like a grandmother would wear?"
434,1209,3,20,103,126,1.2063492063492063,0.04112306010085403,690,"A wolf in sheep's clothing? Nah, been there, done that."
288,1209,3,20,103,126,1.2063492063492063,0.04112306010085403,690,It's definitely ewe.
253,1209,5,16,105,126,1.2063492063492063,0.04410299679190414,690,All the best for the SpaceX demo Mr.Musk!
3948,1209,6,14,106,126,1.2063492063492063,0.04551986877189821,690,I’m embracing my Schizophrenia.
4091,1209,1,24,101,126,1.2063492063492063,0.03790960060578585,690,"It fits perfect, a little sheepish but I’ll take it!"
3567,1209,4,18,104,126,1.2063492063492063,0.042639068927951274,690,"This should get you that position in the government, sir.”"
867,1209,3,20,103,126,1.2063492063492063,0.04112306010085403,690,"Michael, you’re a genius! Who would have ever thought?"
2258,1252,4,19,108,131,1.2061068702290076,0.04157435697855915,690,Well if you’re sure you don’t have a turducken.
3687,1253,3,22,111,136,1.2058823529411764,0.03921568627450981,690,Kind of itchy. Do you have one that's not made from wool?
447,1254,1,32,134,167,1.2035928143712575,0.03238685850288327,690,I'll take the Fable
2326,1255,2,21,100,123,1.2032520325203253,0.03992420780493856,690,Save the zebra for a lion.  This is me!
2608,1255,3,19,101,123,1.2032520325203253,0.04155986513665221,690,This one is gonna cost someone an arm and a leg.
1156,1255,4,17,102,123,1.2032520325203253,0.04313354160628968,690,"That lamb “kept his silence”, this little piggy went “to market”, and our cow jumped “over the moon!”"
1492,1255,5,15,103,123,1.2032520325203253,0.04465179092518381,690,It’s you sir.  You can grab them anywhere you like!
2720,1255,5,15,103,123,1.2032520325203253,0.04465179092518381,690,"These are great, but for the big jobs I need a gray suit with a red tie."
1589,1255,2,21,100,123,1.2032520325203253,0.03992420780493856,690,"Might I say, “classic” suits you!"
1442,1255,2,21,100,123,1.2032520325203253,0.03992420780493856,690,"The leather is nice, but I think I'll go with the wool."
3411,1255,4,17,102,123,1.2032520325203253,0.04313354160628968,690,Oh it's definitely you!
3281,1255,2,21,100,123,1.2032520325203253,0.03992420780493856,690,It's nice but today I would prefer pork.
3382,1255,2,21,100,123,1.2032520325203253,0.03992420780493856,690,"My, what big prices you have.” “Better to sell you, my dear...sir."
3891,1255,2,21,100,123,1.2032520325203253,0.03992420780493856,690,"I recommend dressing for the occasion, sir."
3898,1255,2,21,100,123,1.2032520325203253,0.03992420780493856,690,"Henceforth, my drag name will be Dolly."
4141,1255,5,15,103,123,1.2032520325203253,0.04465179092518381,690,"Perfect! No need to wrap it, I have to get over to Grandmother's house."
1128,1255,4,17,102,123,1.2032520325203253,0.04313354160628968,690,"Yes, it looks as good as it tasted."
932,1255,5,15,103,123,1.2032520325203253,0.04465179092518381,690,"Bring me something new. 
This is  passé’ and hangs like roadkill."
351,1255,2,21,100,123,1.2032520325203253,0.03992420780493856,690,What big teeth I have!
2866,1255,4,17,102,123,1.2032520325203253,0.04313354160628968,690,They're going to love this at the impeachment trial.
328,1255,3,19,101,123,1.2032520325203253,0.04155986513665221,690,"Perfect, even sheep will think you're a sheep."
417,1273,5,18,115,138,1.2028985507246377,0.04134548201289941,690,It's the proverbial perfect fit!
870,1274,1,22,96,119,1.2016806722689075,0.03881860262933798,690,Sheep’s clothing is so yesterday darling
1562,1275,3,19,102,124,1.2016129032258065,0.04125591726495557,690,"cliches are cliches precisely because they do work, sir."
270,1275,5,15,104,124,1.2016129032258065,0.04432055275485471,690,An itchy nose is only one of the problems.
327,1275,4,17,103,124,1.2016129032258065,0.042815663640008654,690,It's perfect!  Let me take you out to dinner as a show of my appreciation.
352,1275,4,17,103,124,1.2016129032258065,0.042815663640008654,690,So this one used to be Mary’s?”
550,1275,5,15,104,124,1.2016129032258065,0.04432055275485471,690,"I agree, it DOES suit me."
754,1275,4,17,103,124,1.2016129032258065,0.042815663640008654,690,"My parents always say, ""Wolves don't care that sheep are vegetarian."""
816,1275,4,17,103,124,1.2016129032258065,0.042815663640008654,690,"Yes, that one.  It is so not you."
875,1275,5,15,104,124,1.2016129032258065,0.04432055275485471,690,Wool makes me itchy
1190,1275,3,19,102,124,1.2016129032258065,0.04125591726495557,690,May  I interest you in something with stripes?
3530,1275,4,17,103,124,1.2016129032258065,0.042815663640008654,690,"Never mind the hummus, where are the lamb kabobs?"
3629,1275,2,21,101,124,1.2016129032258065,0.03963483777955145,690,"Mmmm . . . I'll try on the pig again, but I think this is the one."
1566,1275,3,19,102,124,1.2016129032258065,0.04125591726495557,690,Do you have this in cashmere?
3380,1275,3,19,102,124,1.2016129032258065,0.04125591726495557,690,"Oh, you're right! I look at myself  in this and think, ' That's so ewe!'"
2170,1275,4,17,103,124,1.2016129032258065,0.042815663640008654,690,This suits my line of work
2239,1275,3,19,102,124,1.2016129032258065,0.04125591726495557,690,I agree sir. A wolf in sheep's clothing has a certain cachet.
2295,1275,4,17,103,124,1.2016129032258065,0.042815663640008654,690,"Everyone says to go for the sheep, but I am LOVING this Labradoodle."
2506,1275,3,19,102,124,1.2016129032258065,0.04125591726495557,690,"I like it, but do you have anything that's a little less me?"
2667,1275,6,13,105,124,1.2016129032258065,0.04577599523830541,690,"Excellent choice, sir. The classics never go out of style."
2822,1275,5,15,104,124,1.2016129032258065,0.04432055275485471,690,We finally found the perfect dress suit! This one really fits your personality
2891,1275,5,15,104,124,1.2016129032258065,0.04432055275485471,690,"Yes madam, the perfect look for 2020:  100% false-prophet-for-personal-profit wool."
2959,1275,4,17,103,124,1.2016129032258065,0.042815663640008654,690,This'll have to do. I'm late for my audition with Mr. Grimm.
3012,1275,3,19,102,124,1.2016129032258065,0.04125591726495557,690,You'd pick up anyone in a coat like that.
1660,1275,2,21,101,124,1.2016129032258065,0.03963483777955145,690,"I just think it’s a bit fluffy for a hen-house, that all."
3755,1275,4,17,103,124,1.2016129032258065,0.042815663640008654,690,"So sweet, so soft, so not me."
3276,1275,2,21,101,124,1.2016129032258065,0.03963483777955145,690,"And after you've finished with Red Riding Hood, you can give it a go with Mary!"
3895,1275,4,17,103,124,1.2016129032258065,0.042815663640008654,690,Will this shrink in the wash?
3332,1275,7,11,106,124,1.2016129032258065,0.04718656677083913,690,It really brings out my Little Bo Peepers.
3317,1302,4,18,107,129,1.2015503875968991,0.04173421602201168,690,I'll take this one - it just feels right....
1889,1302,3,20,106,129,1.2015503875968991,0.04025693425938176,690,"I normally feel comfortable in my own skin, but tonigh"
1239,1302,0,26,103,129,1.2015503875968991,0.0354577024487054,690,I am so baaaad.
581,1302,4,18,107,129,1.2015503875968991,0.04173421602201168,690,Could I try something in Canada goose?
3854,1306,5,17,112,134,1.2014925373134329,0.042081210458167456,690,Too on-brand?
3180,1307,6,21,137,164,1.201219512195122,0.037881066042358136,690,"Organic leather new with tags, worn only once, grass-fed. Impressive. This is truly sustainable, cruelty-free fashion. I just beg one more question from you, sir: is it vintage?"
278,1308,1,22,97,120,1.2,0.0385304274247641,690,"I am not a speciesist, but you can’t go wrong with a little white number."
1745,1309,3,20,108,131,1.1984732824427482,0.039699173147435325,690,The classics are always in fashion. But do you have free-grazing attire? Animal welfare is so important these days.
2311,1310,3,19,104,126,1.1984126984126984,0.040660953962280574,690,I know it looks real. I just worry they'll see right through the poly blend. Do you have anything that's 100% cotton?
4105,1310,3,19,104,126,1.1984126984126984,0.040660953962280574,690,This one feels right. I know it.
1620,1312,2,20,99,121,1.1983471074380165,0.04000660191858525,690,It's just so much fluff.
1642,1312,2,20,99,121,1.1983471074380165,0.04000660191858525,690,I was hoping for something a little more grandmotherly.
1706,1312,3,18,100,121,1.1983471074380165,0.04169255621695682,690,I dunno . . . does it look like there's a wolf's head coming out of my mouth?
2837,1312,2,20,99,121,1.1983471074380165,0.04000660191858525,690,I don’t know—feels a little trite.
2334,1312,4,16,101,121,1.1983471074380165,0.04331293445076264,690,Do you have a Baby Yoda?
2429,1312,4,16,101,121,1.1983471074380165,0.04331293445076264,690,Herrree's Wolfie!
2782,1312,2,20,99,121,1.1983471074380165,0.04000660191858525,690,"Our top seller, and it comes with a certificate of authenticity."
2650,1312,4,16,101,121,1.1983471074380165,0.04331293445076264,690,"Say ""aye"" to the hide."
2043,1312,4,16,101,121,1.1983471074380165,0.04331293445076264,690,You are right! Why wearing the sheep's clothing when I can wear the sheep
2161,1312,2,20,99,121,1.1983471074380165,0.04000660191858525,690,"May I suggest, Monsieur, that stripes make one look thinner?"
2297,1312,2,20,99,121,1.1983471074380165,0.04000660191858525,690,"Warmth, or the slimming Zebra pinstripes? What is a wolf to do"
1714,1312,3,18,100,121,1.1983471074380165,0.04169255621695682,690,"Traditional, AND you can wear it after Labor Day."
1768,1312,2,20,99,121,1.1983471074380165,0.04000660191858525,690,"Subtle idioms have never been my forte, I’ll take this one!"
3290,1312,8,8,105,121,1.1983471074380165,0.04926433271712796,690,"So, are you ready to say, “Aye to the hide?”"
2981,1312,4,16,101,121,1.1983471074380165,0.04331293445076264,690,I predict that the three little pigs and Red Riding Hood will lose in 2020!
3182,1312,1,22,98,121,1.1983471074380165,0.03824640048736865,690,Ravishing !
3081,1312,6,12,103,121,1.1983471074380165,0.046384182480668695,690,This one will fool Cngress!
3320,1312,2,20,99,121,1.1983471074380165,0.04000660191858525,690,"Makes no difference , I'll still be a wolf and you''ll still be an attorney."
3460,1312,6,12,103,121,1.1983471074380165,0.046384182480668695,690,Oh! I think we've found THE one.
3515,1312,4,16,101,121,1.1983471074380165,0.04331293445076264,690,We all agree Mr President - it was a perfect call
3664,1312,6,12,103,121,1.1983471074380165,0.046384182480668695,690,Does it come with a Bible?
3673,1312,5,14,102,121,1.1983471074380165,0.044874840808274925,690,"Sir, You were born to wear that!"
3738,1312,5,14,102,121,1.1983471074380165,0.044874840808274925,690,Am I nuts or did the color look different online?
3739,1312,4,16,101,121,1.1983471074380165,0.04331293445076264,690,"And will you be paying for this with your tax break, Senator Warren?"
3769,1312,3,18,100,121,1.1983471074380165,0.04169255621695682,690,"PETA protest, i guess?"
2991,1312,2,20,99,121,1.1983471074380165,0.04000660191858525,690,What do you think — too cliché?
3846,1312,5,14,102,121,1.1983471074380165,0.044874840808274925,690,It's how you dress on your days off that are the most intriguing.
2987,1312,2,20,99,121,1.1983471074380165,0.04000660191858525,690,"Oh,my! It's me."
3870,1312,5,14,102,121,1.1983471074380165,0.044874840808274925,690,And you’re sure this has an expandable waist?
1423,1312,4,16,101,121,1.1983471074380165,0.04331293445076264,690,It's for my nephew's Baa-Mitzvah
4052,1312,3,18,100,121,1.1983471074380165,0.04169255621695682,690,That sheepdog is my bitch now.
3987,1312,6,12,103,121,1.1983471074380165,0.046384182480668695,690,I can't wait to Tweet about this!
3950,1312,3,18,100,121,1.1983471074380165,0.04169255621695682,690,How will this go with the red hood?
3262,1312,6,12,103,121,1.1983471074380165,0.046384182480668695,690,That suit is very popular with investment bankers at your firm who fleece the public and the hog and bull suits are great for casual Fridays.
2868,1312,5,14,102,121,1.1983471074380165,0.044874840808274925,690,"God Damn, I look fucking fabulous in this shit."
1377,1312,2,20,99,121,1.1983471074380165,0.04000660191858525,690,Wool is so last season.
2469,1312,3,18,100,121,1.1983471074380165,0.04169255621695682,690,I'm not sure. I'm seeing Baaaaa but I'm feeling Argggggh!
1347,1312,3,18,100,121,1.1983471074380165,0.04169255621695682,690,"That is just so ""you."""
1237,1312,3,18,100,121,1.1983471074380165,0.04169255621695682,690,"The invitation said ""no real fur"""
1209,1312,1,22,98,121,1.1983471074380165,0.03824640048736865,690,"We're getting closer, I'm just looking for something that screams ""Grandma""."
1207,1312,1,22,98,121,1.1983471074380165,0.03824640048736865,690,This one smells a bit hackneyed.
929,1312,6,12,103,121,1.1983471074380165,0.046384182480668695,690,Fabulous! Just the thing for my tour of New Zealand!
1365,1312,2,20,99,121,1.1983471074380165,0.04000660191858525,690,"I like it, but do you think it makes me look too proverbial?"
900,1312,1,22,98,121,1.1983471074380165,0.03824640048736865,690,"Very sharp, but I was thinking of something with a hood, maybe in red."
877,1312,3,18,100,121,1.1983471074380165,0.04169255621695682,690,does this make my butt look big.
700,1312,4,16,101,121,1.1983471074380165,0.04331293445076264,690,"You should consider varying your diet, Sir."
646,1312,3,18,100,121,1.1983471074380165,0.04169255621695682,690,Do you have some mint sauce to go with it?
474,1312,2,20,99,121,1.1983471074380165,0.04000660191858525,690,Classic!
393,1312,4,16,101,121,1.1983471074380165,0.04331293445076264,690,Does this make me look deliciously guilty?
216,1312,5,14,102,121,1.1983471074380165,0.044874840808274925,690,Walking in the club like excuse me sir
376,1312,1,22,98,121,1.1983471074380165,0.03824640048736865,690,Is it too...literal?
305,1312,6,12,103,121,1.1983471074380165,0.046384182480668695,690,They say down is warmer but it's just so hard to find a goose that's large enough.
2188,1364,4,18,110,132,1.196969696969697,0.04086644567456208,690,It's totally ewe.
3008,1365,5,14,103,122,1.1967213114754098,0.04453517972424422,690,Ewe completes me.
2105,1366,3,17,97,117,1.1965811965811965,0.042468962400341995,690,I like it. Does it come with an extra pair of hocks?
1666,1367,5,16,112,133,1.1954887218045114,0.04196506947311113,690,Won't the folks at PETA be surprised !
3516,1367,4,18,111,133,1.1954887218045114,0.04058504514387409,690,I love your new spring line.
2842,1369,2,20,101,123,1.1951219512195121,0.039418904154143626,690,I like the cliche but do you think it would make me look fat?
2137,1370,3,17,98,118,1.194915254237288,0.042140460644533834,690,"Politics, here I come!"
3045,1370,4,15,99,118,1.194915254237288,0.043825597257512845,690,Clichés always work best. I'll take it.
2916,1370,6,11,101,118,1.194915254237288,0.04701501970930293,690,This display of fake skins will replace our fur salon so  the Peta people can't complain any more!
2076,1370,3,17,98,118,1.194915254237288,0.042140460644533834,690,Cliche? No. Timeless? But of course.
2882,1370,5,13,100,118,1.194915254237288,0.04544829509037639,690,Be honest with me Fred.  Am I really fooling anyone?
2834,1370,4,15,99,118,1.194915254237288,0.043825597257512845,690,I assume that you dress to the right.
2681,1370,5,13,100,118,1.194915254237288,0.04544829509037639,690,"Sir, may I suggest that another costume may be better to go incognito. The sheep suit is a bit cliche. The White House has done quite well with these two."
2644,1370,3,17,98,118,1.194915254237288,0.042140460644533834,690,"So many herds, so little time."
2589,1370,2,19,97,118,1.194915254237288,0.04038506991066491,690,"You're going to score with that one, baby!!"
2587,1370,2,19,97,118,1.194915254237288,0.04038506991066491,690,Have anything a little less revealing?
2435,1370,4,15,99,118,1.194915254237288,0.043825597257512845,690,"I’ve been told you have to dress for the food you want, not the food you have."
2419,1370,2,19,97,118,1.194915254237288,0.04038506991066491,690,"I don't care if it cliché, I love it!"
2396,1370,4,15,99,118,1.194915254237288,0.043825597257512845,690,And you will need to bring home the bacon for further outfits
2375,1370,5,13,100,118,1.194915254237288,0.04544829509037639,690,"Guaranteed to fool little girls, Mr. Wolf, and for an additional $29.99 something to wear at the house made out of brick."
3064,1370,3,17,98,118,1.194915254237288,0.042140460644533834,690,This will pull the wool over their eyes.
2148,1370,7,9,102,118,1.194915254237288,0.04853119233967321,690,I have the feeling that this is the one for my fairytale wedding.
2654,1370,3,17,98,118,1.194915254237288,0.042140460644533834,690,"If this doesn't get me in good with that hot chick Mary, then nothing will!"
3086,1370,4,15,99,118,1.194915254237288,0.043825597257512845,690,Fierce and ready to pierce with no one the wiser!
3454,1370,2,19,97,118,1.194915254237288,0.04038506991066491,690,"A timeless classic, to be sure, but still capable of eliciting surprise."
3137,1370,2,19,97,118,1.194915254237288,0.04038506991066491,690,"Yes,sir,Mr. Wolf, you’ll absolutely slay them with this sheep’s clothing."
4164,1370,4,15,99,118,1.194915254237288,0.043825597257512845,690,"Yes sir, I assure you each suit is completely vegan, locally sourced, and sustainably produced."
3966,1370,2,19,97,118,1.194915254237288,0.04038506991066491,690,"A bit cliche, but you do look marvelous!"
3949,1370,1,21,96,118,1.194915254237288,0.038549829053383354,690,My life is such a cliche
3940,1370,6,11,101,118,1.194915254237288,0.04701501970930293,690,I’m going to embrace my Schizophrenia.
3922,1370,3,17,98,118,1.194915254237288,0.042140460644533834,690,"My old one worked well with the pigs, but I'm getting tired of pork. Maybe we should try something new."
3915,1370,2,19,97,118,1.194915254237288,0.04038506991066491,690,100% wool yarn... and this mirror is only convincing me to buy it more.
3836,1370,2,19,97,118,1.194915254237288,0.04038506991066491,690,Do you have something that says 'grandmother?'
3809,1370,3,17,98,118,1.194915254237288,0.042140460644533834,690,Who's afraid of this big bad boy?”
3131,1370,3,17,98,118,1.194915254237288,0.042140460644533834,690,Do you think this outfit will fool the poor?
3805,1370,3,17,98,118,1.194915254237288,0.042140460644533834,690,I'll take this AND the Grandma outfit.
3601,1370,4,15,99,118,1.194915254237288,0.043825597257512845,690,Perfect!  I'll go as a cliche
3540,1370,1,21,96,118,1.194915254237288,0.038549829053383354,690,You sure it doesn’t make me look fat?
3525,1370,3,17,98,118,1.194915254237288,0.042140460644533834,690,"So fashionable, you can wear it anywhere."
2022,1370,2,19,97,118,1.194915254237288,0.04038506991066491,690,Does it come in Grandmother?
3431,1370,2,19,97,118,1.194915254237288,0.04038506991066491,690,Do you have a matching baa-net?
3393,1370,1,21,96,118,1.194915254237288,0.038549829053383354,690,Jeeves loves caring for the party animals.
3327,1370,1,21,96,118,1.194915254237288,0.038549829053383354,690,"Now this one is the real me, Al."
3204,1370,4,15,99,118,1.194915254237288,0.043825597257512845,690,"Yes, this is the one!"
3698,1370,4,15,99,118,1.194915254237288,0.043825597257512845,690,"Thank you for shopping at Idiom Xpress. Don't forget we're having our Two Birds Are Better Than One sale so come back if you need a snack in the grass, a dead horse to beat, or feel like going on a wild goose chase."
1976,1370,4,15,99,118,1.194915254237288,0.043825597257512845,690,"I must say, dear sir, you look deceptively dashing."
2275,1370,3,17,98,118,1.194915254237288,0.042140460644533834,690,"Yes, that Grandma outfit was an absolute disas...oh my...hello there you woolly little minx...would you say this is 'white as snow'?"
1760,1370,4,15,99,118,1.194915254237288,0.043825597257512845,690,This one comes with a complimentary assortment of mint jellies.
1807,1370,4,15,99,118,1.194915254237288,0.043825597257512845,690,I don’t know. Maybe it’s a little too on the nose.
315,1370,3,17,98,118,1.194915254237288,0.042140460644533834,690,This will definitely help my sheep outreach program.
386,1370,2,19,97,118,1.194915254237288,0.04038506991066491,690,Not baaad.
559,1370,2,19,97,118,1.194915254237288,0.04038506991066491,690,Do you have anything in grandma?
836,1370,3,17,98,118,1.194915254237288,0.042140460644533834,690,"Well, sir, I have to say, it's very ewe..."
905,1370,2,19,97,118,1.194915254237288,0.04038506991066491,690,This wolf in sheep's clothing look is so dated. What can you show me in a bovine 42 long?
1050,1370,3,17,98,118,1.194915254237288,0.042140460644533834,690,Do you think it will fit after a BIG meal?
1231,1370,5,13,100,118,1.194915254237288,0.04544829509037639,690,I would like some human skin to try on now.
1340,1370,5,13,100,118,1.194915254237288,0.04544829509037639,690,I want to look good for my Senate confirmation as Ovine Secretary!
1448,1370,5,13,100,118,1.194915254237288,0.04544829509037639,690,This cocaine is fantastic!
1088,1370,3,17,98,118,1.194915254237288,0.042140460644533834,690,"let me try the ""progressive billonaire"" suit next..."
1482,1370,3,17,98,118,1.194915254237288,0.042140460644533834,690,"Just my luck, I'm allergic to wool."
1510,1370,4,15,99,118,1.194915254237288,0.043825597257512845,690,"I am killin’ em out there! Gimme the pig, I think this cliché has run its course."
1531,1370,3,17,98,118,1.194915254237288,0.042140460644533834,690,Throw in the shrunken wool boots and I’ll buy it.
1596,1370,4,15,99,118,1.194915254237288,0.043825597257512845,690,It's b-a-a-a-d.
1755,1370,4,15,99,118,1.194915254237288,0.043825597257512845,690,I feel like an ewe man!
1634,1370,6,11,101,118,1.194915254237288,0.04701501970930293,690,"Do you have one that hides my head?  Because, frankly, this isn't going to fool anyone."
1698,1370,4,15,99,118,1.194915254237288,0.043825597257512845,690,"It looks marvelously untrustworthy on you, sir"
1468,1370,2,19,97,118,1.194915254237288,0.04038506991066491,690,"Does this outfit make me look fat, or  should I go with the goat?"
1722,1370,0,23,95,118,1.194915254237288,0.03662273567609152,690,Very nice sir. May I offer a less cliche
2632,1432,3,16,96,115,1.191304347826087,0.0425998216136205,690,"Now that's more like it, Sol."
2648,1432,3,16,96,115,1.191304347826087,0.0425998216136205,690,Hollywood--I mean Washington here I come!
2823,1432,1,20,94,115,1.191304347826087,0.03885401136200545,690,"Yes, it’s a machine washable wool blend."
2854,1432,3,16,96,115,1.191304347826087,0.0425998216136205,690,And your source?  I like to personally verify humane practices.
2957,1432,3,16,96,115,1.191304347826087,0.0425998216136205,690,Sheep is sooo last year.
2955,1432,2,18,95,115,1.191304347826087,0.04076995830529592,690,"You misheard me. I'm looking for a ""cheap"" costume."
2997,1432,4,14,97,115,1.191304347826087,0.044354256873596794,690,"If my mom calls, you never saw me."
2963,1432,4,14,97,115,1.191304347826087,0.044354256873596794,690,Taxidermy & Fitch
2621,1432,4,14,97,115,1.191304347826087,0.044354256873596794,690,Oh! This is much bet...I mean...be-e-e-etter!
2858,1432,3,16,96,115,1.191304347826087,0.0425998216136205,690,"Yes, sir, I believe that one is definitely Ewe."
2576,1432,4,14,97,115,1.191304347826087,0.044354256873596794,690,"This doesn't make me look too sheepish, does it?"
2130,1432,4,14,97,115,1.191304347826087,0.044354256873596794,690,"Aah, yes, we've finally come to see the  efficacy of pot."
2520,1432,4,14,97,115,1.191304347826087,0.044354256873596794,690,"Oh yes, this screams me!"
2507,1432,2,18,95,115,1.191304347826087,0.04076995830529592,690,"I agree, the difference between haute couture and haute cuisine is overrated."
2492,1432,5,12,98,115,1.191304347826087,0.04604188749503791,690,"Now the little boy will be crying ""SHEEP!"""
2389,1432,4,14,97,115,1.191304347826087,0.044354256873596794,690,This is the look I want when I go out with that Bo Peep chick.
2387,1432,3,16,96,115,1.191304347826087,0.0425998216136205,690,"Now that I'm vegan, I can fit into so much more!"
2348,1432,3,16,96,115,1.191304347826087,0.0425998216136205,690,The little boy who cried wolf grew up into the wolf's wing man
2277,1432,1,20,94,115,1.191304347826087,0.03885401136200545,690,"Oh, I like this one. It brings out my soft side."
2248,1432,3,16,96,115,1.191304347826087,0.0425998216136205,690,"Cliché, yes, but the little pigs will never see me coming."
3050,1432,3,16,96,115,1.191304347826087,0.0425998216136205,690,„I’m sure your granddaughter will never recognize you dressed like that!“
2017,1432,1,20,94,115,1.191304347826087,0.03885401136200545,690,We call it the Into the Woods look.
1894,1432,3,16,96,115,1.191304347826087,0.0425998216136205,690,Can I interest you in another idiom?
1839,1432,2,18,95,115,1.191304347826087,0.04076995830529592,690,Does this come in size husky?”
2532,1432,3,16,96,115,1.191304347826087,0.0425998216136205,690,It's got you all over it.
3069,1432,3,16,96,115,1.191304347826087,0.0425998216136205,690,Gramma's going to love this!
3989,1432,1,20,94,115,1.191304347826087,0.03885401136200545,690,"Always opt for simple, classic fits and materials."
3210,1432,2,18,95,115,1.191304347826087,0.04076995830529592,690,Nice—but it's just not you.
3401,1432,2,18,95,115,1.191304347826087,0.04076995830529592,690,"Looking good in vintage, Sir."
1816,1432,2,18,95,115,1.191304347826087,0.04076995830529592,690,"It's 2020, I'm sure they'll appreciate you being you."
3414,1432,5,12,98,115,1.191304347826087,0.04604188749503791,690,Ewe will love it and your pack of friends will be so jealous.
3440,1432,4,14,97,115,1.191304347826087,0.044354256873596794,690,I'll take this one and the pig in case my wool allergy acts up.
3505,1432,5,12,98,115,1.191304347826087,0.04604188749503791,690,"Eric and Don junior don't shoot farm animals, am I right?"
3524,1432,4,14,97,115,1.191304347826087,0.044354256873596794,690,"I'm vegetarian, but I've always wanted to get under their skin."
3562,1432,2,18,95,115,1.191304347826087,0.04076995830529592,690,SHOW ME THE GRANDMA  COSTUME AGAIN
3674,1432,2,18,95,115,1.191304347826087,0.04076995830529592,690,This year wolves are getting away from sheep's clothing.  The pig might be more your style..
3682,1432,2,18,95,115,1.191304347826087,0.04076995830529592,690,"I like it, but does it come in Merino?"
3695,1432,3,16,96,115,1.191304347826087,0.0425998216136205,690,Have anything in human?
3712,1432,3,16,96,115,1.191304347826087,0.0425998216136205,690,"For the new year, might I suggest a 'pig in zebra's clothing' for that cosmopolitan flair?"""
3751,1432,4,14,97,115,1.191304347826087,0.044354256873596794,690,"I’ve titled this one, ‘Men In Power’"
3799,1432,1,20,94,115,1.191304347826087,0.03885401136200545,690,"Just remember, you didn't buy it here!"
3396,1432,3,16,96,115,1.191304347826087,0.0425998216136205,690,The wool’s too itchy. Does this come in Merino?
3806,1432,2,18,95,115,1.191304347826087,0.04076995830529592,690,Do you have a Day Trader in my size? I’ll make a killing in the stocks.
3897,1432,2,18,95,115,1.191304347826087,0.04076995830529592,690,"Not the pig, I'm kosher."
3900,1432,0,22,93,115,1.191304347826087,0.036838551785081455,690,Just something that doesn't  make me stand out.
4005,1432,4,14,97,115,1.191304347826087,0.044354256873596794,690,"This costume is great, I look just like a sheep vomiting a whole wolf, which is a good way to attract sheep, perfect job sizing me you smug blind idiot"
4017,1432,2,18,95,115,1.191304347826087,0.04076995830529592,690,Does this make my intentions look obvious?
4073,1432,2,18,95,115,1.191304347826087,0.04076995830529592,690,"Sir, you chose wonderfully, they’ll never know until it’s too late."
4079,1432,4,14,97,115,1.191304347826087,0.044354256873596794,690,Do you have one that looks like a salesman?
4096,1432,5,12,98,115,1.191304347826087,0.04604188749503791,690,That one is so trite...may I suggest something a bit more daring?
3366,1432,3,16,96,115,1.191304347826087,0.0425998216136205,690,"That’s brand new from 
the Little Bo-peep collection."
3267,1432,3,16,96,115,1.191304347826087,0.0425998216136205,690,"It looks splendid on you, Mister President."
3253,1432,5,12,98,115,1.191304347826087,0.04604188749503791,690,"And you say this will make them go from ""Ewes"" to ""Ooohs!""?"
3107,1432,4,14,97,115,1.191304347826087,0.044354256873596794,690,"A cliche, I know. However, sir, it’s soft and fluffy."
1734,1432,4,14,97,115,1.191304347826087,0.044354256873596794,690,Love it. Now do you have it in something less itchy?
2174,1432,5,12,98,115,1.191304347826087,0.04604188749503791,690,"As a candidate, this will be perfect for the next election."
1610,1432,2,18,95,115,1.191304347826087,0.04076995830529592,690,Won't it shrink in the wash?
440,1432,5,12,98,115,1.191304347826087,0.04604188749503791,690,So passé!  May I suggest something in stripes?
494,1432,3,16,96,115,1.191304347826087,0.0425998216136205,690,It’s really you—though I also see you in the leather shearling car coat.
592,1432,1,20,94,115,1.191304347826087,0.03885401136200545,690,"Looks a little tight - maybe I should try the big, bad and tall store."
607,1432,4,14,97,115,1.191304347826087,0.044354256873596794,690,"It's nice, but feels too last-decade."
628,1432,3,16,96,115,1.191304347826087,0.0425998216136205,690,Are you saying Yes! to the dress?
647,1432,4,14,97,115,1.191304347826087,0.044354256873596794,690,The three little pigs have a thing for Merino wool.
289,1432,4,14,97,115,1.191304347826087,0.044354256873596794,690,Is it me? I think it's me!
695,1432,2,18,95,115,1.191304347826087,0.04076995830529592,690,A wolf in sheep's clothing!  Now that's a great idea!
811,1432,3,16,96,115,1.191304347826087,0.0425998216136205,690,I think you will find the classics to be timeless
871,1432,4,14,97,115,1.191304347826087,0.044354256873596794,690,Yes indeed!  Perfect for the petting zoo.
904,1432,2,18,95,115,1.191304347826087,0.04076995830529592,690,I hope this is what my daughter meant when she wanted an inside zoo.
111,1432,3,16,96,115,1.191304347826087,0.0425998216136205,690,Harold’s friends  had failed to mention that  it wasn’t THAT kind of fancy dress  party.
979,1432,2,18,95,115,1.191304347826087,0.04076995830529592,690,"If I'm lucky, it will add ten pounds to my hips."
1006,1432,3,16,96,115,1.191304347826087,0.0425998216136205,690,"I know I'm being fleeced but I need an extra lair"""
323,1432,2,18,95,115,1.191304347826087,0.04076995830529592,690,Let me see the pig one more time.
1046,1432,2,18,95,115,1.191304347826087,0.04076995830529592,690,"This won't do, I'll take the cow !"
57,1432,5,12,98,115,1.191304347826087,0.04604188749503791,690,"‘Lobby or Houston, Sir?"
1193,1432,3,16,96,115,1.191304347826087,0.0425998216136205,690,"I’ll take it! Cash or charge, Mr President?"
1251,1432,1,20,94,115,1.191304347826087,0.03885401136200545,690,The innards are sold separately next door.
1258,1432,2,18,95,115,1.191304347826087,0.04076995830529592,690,It brings out the exploiter in you.
1290,1432,6,10,99,115,1.191304347826087,0.047669809160541525,690,But make it slutty.
1368,1432,5,12,98,115,1.191304347826087,0.04604188749503791,690,"It's ewe, sir, it's ewe!"
1389,1432,4,14,97,115,1.191304347826087,0.044354256873596794,690,"Tempting, but what have you got in Kobe beef."
1633,1432,1,20,94,115,1.191304347826087,0.03885401136200545,690,Forget Grandma. Riding Hood will never suspect!
1421,1432,3,16,96,115,1.191304347826087,0.0425998216136205,690,Tasty. And they're the ones who can't see through that.
1544,1432,4,14,97,115,1.191304347826087,0.044354256873596794,690,"Sir, I believe you have definitely made the right choice for your outdoor excursion from our extensive bespoke inventory."
1593,1432,2,18,95,115,1.191304347826087,0.04076995830529592,690,It sure beats fur.
1069,1432,3,16,96,115,1.191304347826087,0.0425998216136205,690,"Perfecto, Bruno. Dressed to kill again!"
313,1432,3,16,96,115,1.191304347826087,0.0425998216136205,690,"I’ll take this one. Last season, in the cow costume, mating season wasn’t fun for me..."
3044,1518,3,18,105,126,1.1904761904761905,0.040180996399483776,690,They're all the rage these days.
3890,1518,3,18,105,126,1.1904761904761905,0.040180996399483776,690,"It is truly a captivating look, sir."
2126,1520,1,21,99,121,1.1900826446280992,0.03769174959005415,690,"I love the fit, but I need to know if it’s bloodstain-resistant."
153,1521,5,28,167,200,1.19,0.03200973470021094,690,Enjoy your holidays Mr. Musk.
1845,1522,3,17,102,122,1.1885245901639345,0.04087507645872571,690,"It's part of our 'buy one, get ewe' free sale."
368,1523,4,14,99,117,1.188034188034188,0.04365355384480011,690,"If I may say so, sir, it makes you look a little like a cliché."
3615,1524,4,17,112,133,1.1879699248120301,0.04015006020204168,690,I'd kill to wear something like this at a ball next year.
2260,1525,2,17,93,112,1.1875,0.041160861725266853,690,If I may say Sir. It is ewe.
2189,1525,2,17,93,112,1.1875,0.041160861725266853,690,This one really brings out the blood in my eyes.
2143,1525,4,13,95,112,1.1875,0.044899519593386075,690,"Actually sir, I won't need this.  I'll just eat you."
2124,1525,3,15,94,112,1.1875,0.04307077546134616,690,"Hon, this IS the real me!"
2086,1525,3,15,94,112,1.1875,0.04307077546134616,690,You'll be a real bite at the Shepards party
2052,1525,2,17,93,112,1.1875,0.041160861725266853,690,Welcome to the Politician Boutique.
2041,1525,3,15,94,112,1.1875,0.04307077546134616,690,Do you think I'm showing too much?
2019,1525,3,15,94,112,1.1875,0.04307077546134616,690,"Eat your heart out, Brooks Brothers!"
1965,1525,2,17,93,112,1.1875,0.041160861725266853,690,Any of these reversible?
1962,1525,3,15,94,112,1.1875,0.04307077546134616,690,Ewe only live once.  I’ll take it!
1851,1525,3,15,94,112,1.1875,0.04307077546134616,690,"This one is on sale?  OK then, let's go with the sheep's clothing."
1797,1525,4,13,95,112,1.1875,0.044899519593386075,690,"Instead of saying yes to the dress, we like to ask if you're going to keep the sheep."
1765,1525,3,15,94,112,1.1875,0.04307077546134616,690,"Ah, yes, sir, I do believe we have captured the true you!"
1744,1525,4,13,95,112,1.1875,0.044899519593386075,690,Does this make me look innocent?
1720,1525,2,17,93,112,1.1875,0.041160861725266853,690,"I think I like this one, I look trustworthy in it."
1614,1525,2,17,93,112,1.1875,0.041160861725266853,690,I want it to make me look fat.
1575,1525,3,15,94,112,1.1875,0.04307077546134616,690,"Yes, it fits you perfectly, even if it's not entirely presidential."
2131,1525,2,17,93,112,1.1875,0.041160861725266853,690,You seem sold on that one.
4065,1525,4,13,95,112,1.1875,0.044899519593386075,690,"A wolf in sheep's clothing, our most popular."
2329,1525,1,19,92,112,1.1875,0.03915790312429123,690,Makes me feel like that Hollywood producer.
3676,1525,4,13,95,112,1.1875,0.044899519593386075,690,This is definitely a killer outfit alright!
3642,1525,4,13,95,112,1.1875,0.044899519593386075,690,I’ll really pull the wool over there eyes with this one!
3829,1525,4,13,95,112,1.1875,0.044899519593386075,690,It's 100% wool.
3618,1525,2,17,93,112,1.1875,0.041160861725266853,690,Definitely lamb tonight.
3558,1525,3,15,94,112,1.1875,0.04307077546134616,690,I'm looking for something with a little more meat on the bones
1458,1525,0,21,91,112,1.1875,0.037046811147738695,690,By far our most popular piece
3293,1525,3,15,94,112,1.1875,0.04307077546134616,690,"That suits you so well, sir; shall I wrap it up or would you like to wear it home?"
3287,1525,3,15,94,112,1.1875,0.04307077546134616,690,"It’s cliche, but it works"
3255,1525,1,19,92,112,1.1875,0.03915790312429123,690,"If I wear this, will the others in the pack count on me?"
3177,1525,1,19,92,112,1.1875,0.03915790312429123,690,"Well, last time this one went horribly wrong, what with that lonely shepherd and all."
3091,1525,1,19,92,112,1.1875,0.03915790312429123,690,Nice...if a tad literal.
3090,1525,1,19,92,112,1.1875,0.03915790312429123,690,It's perfect. No way they won't flock to me.
3078,1525,4,13,95,112,1.1875,0.044899519593386075,690,No need to wrap it up. I’ll wear it out.
3076,1525,3,15,94,112,1.1875,0.04307077546134616,690,"Now, is this going to shrink in the wash?"
2973,1525,3,15,94,112,1.1875,0.04307077546134616,690,It’s absolutely perfect for the Ed Shearing concert.
2968,1525,2,17,93,112,1.1875,0.041160861725266853,690,2020... Little Bo-Peep is in for a big surprise!
3972,1525,1,19,92,112,1.1875,0.03915790312429123,690,"I'm afraid we are out of merino, sir."
2921,1525,1,19,92,112,1.1875,0.03915790312429123,690,This isn't quite the woolly jumper I had in mind.
2856,1525,1,19,92,112,1.1875,0.03915790312429123,690,This one speaks to me.
2669,1525,3,15,94,112,1.1875,0.04307077546134616,690,Perfect!...everything old is new again
3973,1525,2,17,93,112,1.1875,0.041160861725266853,690,"If you are interested, we just received a shipment of grandmother's nightgowns that would look fantastic on you."
2538,1525,2,17,93,112,1.1875,0.041160861725266853,690,"It’s just a little too clichéd, don’t you think?"
1397,1525,4,13,95,112,1.1875,0.044899519593386075,690,"Oh, it's so ewe!"
1371,1525,4,13,95,112,1.1875,0.044899519593386075,690,It’s 2020.  Time for a fresh start!
1379,1525,3,15,94,112,1.1875,0.04307077546134616,690,"If you are certain I will be a smash at the Seder, I’ll take it!"
366,1525,2,17,93,112,1.1875,0.041160861725266853,690,"Tell me Sir, how long have you been on the campaign trail?"
378,1525,2,17,93,112,1.1875,0.041160861725266853,690,Does it look like I taste good?
399,1525,3,15,94,112,1.1875,0.04307077546134616,690,"""Is it stain repellent?"""
490,1525,2,17,93,112,1.1875,0.041160861725266853,690,"I simply lose myself in this one… wow!, who is that sheep in the mirror?"
687,1525,2,17,93,112,1.1875,0.041160861725266853,690,"It has been the most popular,sir...  But these days you never can tell who you might offend."
889,1525,1,19,92,112,1.1875,0.03915790312429123,690,"Cliché or not, I like how this looks."
290,1525,4,13,95,112,1.1875,0.044899519593386075,690,"I don't care what people will say. I love the look."""
972,1525,4,13,95,112,1.1875,0.044899519593386075,690,This one goes well with the ACME rocket boots.
1250,1525,4,13,95,112,1.1875,0.044899519593386075,690,"Yesterday, I had a sheep in here wanting wolf clothing"
1329,1525,4,13,95,112,1.1875,0.044899519593386075,690,Isn’t the Amazon basics puffy jacket a little too last season?
1349,1525,2,17,93,112,1.1875,0.041160861725266853,690,It's such a cliché and it fits me perfectly.
1351,1525,2,17,93,112,1.1875,0.041160861725266853,690,Ewe look spectacular!
1369,1525,2,17,93,112,1.1875,0.041160861725266853,690,Why does it always have to be a wolf in sheep’s clothing?
1394,1525,4,13,95,112,1.1875,0.044899519593386075,690,And how shall you dress for dinner tonight sir?
1211,1525,2,17,93,112,1.1875,0.041160861725266853,690,Is this the only color it comes in?
4158,1585,3,19,112,134,1.1865671641791045,0.03844104722195697,690,Don't you think this one is a little more slimming than the grandmother costume?
3757,1586,1,20,97,118,1.1864406779661016,0.03796418736507772,690,"Thank you Aesop, I have been searching for the perfect work outfit."
2900,1587,3,15,95,113,1.1858407079646018,0.042720152943370955,690,"Do you think it makes me look fat?”

“Not yet, Sir.”"
2564,1587,2,17,94,113,1.1858407079646018,0.040828711155385944,690,I can shear some of that off for more of a tapered if you like
2535,1587,2,17,94,113,1.1858407079646018,0.040828711155385944,690,"The women will flock to you, sir."
2513,1587,2,17,94,113,1.1858407079646018,0.040828711155385944,690,It’s so......you!
2425,1587,3,15,95,113,1.1858407079646018,0.042720152943370955,690,Do you have anything that's more ethically sourced?
2379,1587,3,15,95,113,1.1858407079646018,0.042720152943370955,690,"It's an amazing thing...wearing this suit actually makes me feel like a better predator."""
2351,1587,5,11,97,113,1.1858407079646018,0.0462716662040081,690,"I don’t care what the naa-sayers think, I look great in this"
2269,1587,3,15,95,113,1.1858407079646018,0.042720152943370955,690,"Who's next, James?"
2264,1587,3,15,95,113,1.1858407079646018,0.042720152943370955,690,"Wall Street was a blast, but now I need a little lie down on Broadway."
2185,1587,4,13,96,113,1.1858407079646018,0.04453132920091288,690,Is this Vegan wool?
2183,1587,2,17,94,113,1.1858407079646018,0.040828711155385944,690,"I've been invited to the Metropolitan Ball this year, I need something dazzling"
2149,1587,5,11,97,113,1.1858407079646018,0.0462716662040081,690,"The Sheep was not the wolf's first choice, but he when he put on the costume, he fell in love with the look!"
2575,1587,0,21,92,113,1.1858407079646018,0.03675497284477024,690,Do you think this costume will help my image?
2144,1587,1,19,93,113,1.1858407079646018,0.03884528081652734,690,This might be a bit warm for house showings
2032,1587,5,11,97,113,1.1858407079646018,0.0462716662040081,690,The rack of lamb sir is an excellent choice!
2011,1587,1,19,93,113,1.1858407079646018,0.03884528081652734,690,Perfect! And I thought this was just a fable.
1998,1587,3,15,95,113,1.1858407079646018,0.042720152943370955,690,"Ahh, the traditional. Never disappoints. Though I'm tempted to go Full Bovine just once."
1974,1587,3,15,95,113,1.1858407079646018,0.042720152943370955,690,Every inch of it says ewe.
1971,1587,4,13,96,113,1.1858407079646018,0.04453132920091288,690,"Sir, “wolf in sheep skin” is our all time best-seller, but “zebra” will kind of boost your originality...just sayin‘..."
1958,1587,4,13,96,113,1.1858407079646018,0.04453132920091288,690,Does this make me look approachable?
1880,1587,4,13,96,113,1.1858407079646018,0.04453132920091288,690,A wolf in sheep's clothing has such a sweet ring to it.
1775,1587,2,17,94,113,1.1858407079646018,0.040828711155385944,690,The grandma look was getting old.
1772,1587,0,21,92,113,1.1858407079646018,0.03675497284477024,690,"This is very warm, sheep thank you."
1647,1587,1,19,93,113,1.1858407079646018,0.03884528081652734,690,Does this outfit make ewe look fat?
1645,1587,3,15,95,113,1.1858407079646018,0.042720152943370955,690,It's gonna have to be this one unless the Zebras take hold of the Senate
3154,1587,4,13,96,113,1.1858407079646018,0.04453132920091288,690,This is perfect. My wife is allergic to wool.
2666,1587,3,15,95,113,1.1858407079646018,0.042720152943370955,690,No Huff or Puff needed
2704,1587,4,13,96,113,1.1858407079646018,0.04453132920091288,690,Classic sheepwear always brings out my big bad wolf.
3096,1587,2,17,94,113,1.1858407079646018,0.040828711155385944,690,Would you mind pulling the Trojan Horse? I’m in the mood for Mediterranean.
4190,1587,2,17,94,113,1.1858407079646018,0.040828711155385944,690,"It's brilliant. Those ranchers in their silly camo won't expect anything this cliche."""
4149,1587,3,15,95,113,1.1858407079646018,0.042720152943370955,690,...and it's unisex!
3899,1587,2,17,94,113,1.1858407079646018,0.040828711155385944,690,Yes! I am saying yes to the dress!
3862,1587,2,17,94,113,1.1858407079646018,0.040828711155385944,690,Your sheepish grin is awe inspiring!
2763,1587,2,17,94,113,1.1858407079646018,0.040828711155385944,690,"I do like it, but don't you think it's a bit  passé ?"""
3818,1587,5,11,97,113,1.1858407079646018,0.0462716662040081,690,"Love you Matthew, it’s retro, and  timeless !"
3762,1587,3,15,95,113,1.1858407079646018,0.042720152943370955,690,"Très sheep, sir."
3721,1587,2,17,94,113,1.1858407079646018,0.040828711155385944,690,"Mutton for dinner tonight, eh?"
3497,1587,1,19,93,113,1.1858407079646018,0.03884528081652734,690,"I'm sure your lunch- I apologize, flock, will be fooled."
2931,1587,2,17,94,113,1.1858407079646018,0.040828711155385944,690,"The best shopping experience imaginable: it’s like Hide and Seek, but with less seeking and more hides."
3453,1587,4,13,96,113,1.1858407079646018,0.04453132920091288,690,You wear what you eat
2861,1587,4,13,96,113,1.1858407079646018,0.04453132920091288,690,"Our faux fur provides all the warmth and texture of fur, yet it's entirely animal friendly."
3416,1587,1,19,93,113,1.1858407079646018,0.03884528081652734,690,This one is perfect for visiting Grandma!
3391,1587,2,17,94,113,1.1858407079646018,0.040828711155385944,690,I guess this will do since you don't have this season's Grandma in stock...
3339,1587,4,13,96,113,1.1858407079646018,0.04453132920091288,690,I love how it looks but the price is a little sheep.
3031,1587,3,15,95,113,1.1858407079646018,0.042720152943370955,690,"I don't know why you want to be a zebra, but I hit the spot with this baby!"
3308,1587,1,19,93,113,1.1858407079646018,0.03884528081652734,690,Might I suggest leaving the teeth in a jar by the bed?
2770,1587,2,17,94,113,1.1858407079646018,0.040828711155385944,690,Cliche are cliches for a reason.
3305,1587,2,17,94,113,1.1858407079646018,0.040828711155385944,690,This one is perfect. I only hope I'm not allergic to wool.
3282,1587,4,13,96,113,1.1858407079646018,0.04453132920091288,690,"Yes, Abdul, it is the perfect outfit to wear to the peace talks."
3272,1587,2,17,94,113,1.1858407079646018,0.040828711155385944,690,Say yes to the carcass.
2760,1587,2,17,94,113,1.1858407079646018,0.040828711155385944,690,It reflects your inner soul
2738,1587,3,15,95,113,1.1858407079646018,0.042720152943370955,690,Yes. this should do the trick!
3042,1587,2,17,94,113,1.1858407079646018,0.040828711155385944,690,And you’re saying it’s not too cliched?
1580,1587,3,15,95,113,1.1858407079646018,0.042720152943370955,690,Faux? It’s fabulous.
2897,1587,1,19,93,113,1.1858407079646018,0.03884528081652734,690,Yes sir it is perfect for dining al fresco
1537,1587,1,19,93,113,1.1858407079646018,0.03884528081652734,690,"Mutton without buttons! Oh, Matthew—ewe genius!"
2625,1587,2,17,94,113,1.1858407079646018,0.040828711155385944,690,The sheep. C’est chic.
1361,1587,1,19,93,113,1.1858407079646018,0.03884528081652734,690,And you're sure it's not racially insensitive?
122,1587,2,17,94,113,1.1858407079646018,0.040828711155385944,690,"you know, there’s a shuttle."
159,1587,3,15,95,113,1.1858407079646018,0.042720152943370955,690,"Rooftop please, they are waiting for me...I lost track of time"
176,1587,3,15,95,113,1.1858407079646018,0.042720152943370955,690,In 3...2...1...
233,1587,3,15,95,113,1.1858407079646018,0.042720152943370955,690,I’m ready for holiday season!
302,1587,5,11,97,113,1.1858407079646018,0.0462716662040081,690,Don't you love getting trick-or-treaters?
309,1587,2,17,94,113,1.1858407079646018,0.040828711155385944,690,Do you have this in black? I'm going home for Christmas.
318,1587,1,19,93,113,1.1858407079646018,0.03884528081652734,690,"Here at Prey R Us, we take pride in our wide selection and bespoke tailoring!"
407,1587,3,15,95,113,1.1858407079646018,0.042720152943370955,690,It looks like it was made for you
460,1587,2,17,94,113,1.1858407079646018,0.040828711155385944,690,Does this make me look fat?
463,1587,3,15,95,113,1.1858407079646018,0.042720152943370955,690,"You don’t think people will say, “My, what big hips she has?”"
467,1587,5,11,97,113,1.1858407079646018,0.0462716662040081,690,This is the one!  My first impression is absolutely critical.  Remove the price tag and I will be buffet bound!
613,1587,3,15,95,113,1.1858407079646018,0.042720152943370955,690,Yes! All of our garments are authentic.
711,1587,0,21,92,113,1.1858407079646018,0.03675497284477024,690,I'd like to get away from that stereotype look.
500,1587,2,17,94,113,1.1858407079646018,0.040828711155385944,690,"Clyde, you’ve outdone yourself."
749,1587,3,15,95,113,1.1858407079646018,0.042720152943370955,690,A wolf in sheep's clothes is too cliche
1370,1587,2,17,94,113,1.1858407079646018,0.040828711155385944,690,Do you think this makes me too non-threatening?
1200,1587,3,15,95,113,1.1858407079646018,0.042720152943370955,690,"You’re an animal, darling"
1160,1587,2,17,94,113,1.1858407079646018,0.040828711155385944,690,Ah yes...the classic wolf in sheeps' clothing...it's most certainly you...madam.
717,1587,5,11,97,113,1.1858407079646018,0.0462716662040081,690,"Sir, if I may say so, YOU LOOK STUNNING!  Many of my politician clients are choosing shearling this year."
955,1587,2,17,94,113,1.1858407079646018,0.040828711155385944,690,"Don't worry, friends, I'll soon wipe that wicked smirk off his face."
989,1587,6,9,98,113,1.1858407079646018,0.04794887804933724,690,"It's so fuzzy to the touch, but the price! Are you trying to fleece me?"
886,1587,3,15,95,113,1.1858407079646018,0.042720152943370955,690,So Wolfie...do you say 'yes to the dress?'
885,1587,0,21,92,113,1.1858407079646018,0.03675497284477024,690,"Oh, my dear, it looks so much better on you than in you!"
856,1587,1,19,93,113,1.1858407079646018,0.03884528081652734,690,I love hunting for bargains.
942,1587,2,17,94,113,1.1858407079646018,0.040828711155385944,690,"It fits okay, but is it 100% wool?"
1348,1587,3,15,95,113,1.1858407079646018,0.042720152943370955,690,"I live by three rules: buy low, sell high, and always dress like your clients."
3216,1671,4,15,105,124,1.185483870967742,0.04186658383919574,690,I love it. I'm just concerned about the PETA protesters.
2827,1672,4,18,119,141,1.1843971631205674,0.03846449550338009,690,This will be great for my date tonight!
671,1673,2,17,95,114,1.1842105263157894,0.0405018002012775,690,Do ewe have anything in black?
4132,1673,2,17,95,114,1.1842105263157894,0.0405018002012775,690,Niiice! But I need to look really b-a-a-a-d... got this in black?
3467,1675,2,17,96,115,1.182608695652174,0.04018000818902986,690,I don’t know.  Is the whole on-the-nose look a little... 2019?
1133,1675,2,17,96,115,1.182608695652174,0.04018000818902986,690,I love that it’s 42% guaranteed.
2044,1675,3,15,97,115,1.182608695652174,0.042035560652466934,690,That's the one! I'll baa baa baa buy it
4148,1675,1,19,95,115,1.182608695652174,0.038234510023979464,690,It’s a come as you eat party
920,1675,2,17,96,115,1.182608695652174,0.04018000818902986,690,"It’s perfect,
I’ll take it!"
3485,1680,3,14,93,110,1.1818181818181819,0.04318785349158611,690,"I was thinking of going as a golden calf, but that is so Old Testament."
850,1680,1,18,91,110,1.1818181818181819,0.039135397614244984,690,I see this will get me more followers!
471,1680,4,12,94,110,1.1818181818181819,0.0450776703102937,690,"Charge it to my house account, last name Manafort."
277,1680,4,12,94,110,1.1818181818181819,0.0450776703102937,690,Mr. Douglas Adams is waiting you at the end of the universe
1021,1680,3,14,93,110,1.1818181818181819,0.04318785349158611,690,This garment perfectly complements Madame's soft look.
1753,1680,4,14,103,121,1.1818181818181819,0.04231587892051194,690,Perfectly b-a-a-a-a-a-ad! I'll take it!
1101,1680,4,12,94,110,1.1818181818181819,0.0450776703102937,690,I'm going to need some new shoes to go with this.
3249,1680,2,18,101,121,1.1818181818181819,0.03892494720807615,690,Good.  I need my butt to look big.
1305,1680,3,14,93,110,1.1818181818181819,0.04318785349158611,690,Bo Peep ... it's over!
1392,1680,3,14,93,110,1.1818181818181819,0.04318785349158611,690,"Casting for ""Guernica"""
1515,1680,5,10,95,110,1.1818181818181819,0.04689138547746655,690,"Yes, this one really brings out the predator in your eyes."
1554,1680,3,14,93,110,1.1818181818181819,0.04318785349158611,690,This species suits me ...
1718,1680,3,14,93,110,1.1818181818181819,0.04318785349158611,690,"You are RIGHT Charles, this outfit CRIES Wolf!"
1868,1680,4,12,94,110,1.1818181818181819,0.0450776703102937,690,"Thanks to my steady diet of lean people, I can now fit into a medium"
723,1680,2,16,92,110,1.1818181818181819,0.0412114670670419,690,"Presidential Competency Test answer key:   c. Cow on chair
Source:  Republican Committee to Re-Elect the President"
3161,1680,5,10,95,110,1.1818181818181819,0.04689138547746655,690,So this is dry clean only?
2465,1680,3,14,93,110,1.1818181818181819,0.04318785349158611,690,This is the one ! ......Besides it's family tradition.
2480,1680,3,14,93,110,1.1818181818181819,0.04318785349158611,690,"Can I interest you in a zebra hid or a pig skin for your stuffing, wolf? And what did you say you intend to do with this again?"
2498,1680,4,12,94,110,1.1818181818181819,0.0450776703102937,690,Once upon a time I could squeeze into a size small.
3462,1680,1,18,91,110,1.1818181818181819,0.039135397614244984,690,Ewe just let me know if ewe see the shepherd.
2668,1680,2,16,92,110,1.1818181818181819,0.0412114670670419,690,"Well played."" Said Mr. Wolf"
1980,1680,1,18,91,110,1.1818181818181819,0.039135397614244984,690,"Hey, this one doesn't look baaa-d on me."
3181,1680,2,16,92,110,1.1818181818181819,0.0412114670670419,690,Does it make me look too liberal?
3223,1680,4,12,94,110,1.1818181818181819,0.0450776703102937,690,Finally! Something that compliments what big eyes I have.
3718,1680,3,14,93,110,1.1818181818181819,0.04318785349158611,690,I think I’ll just slay ‘em in this!
3229,1680,4,12,94,110,1.1818181818181819,0.0450776703102937,690,Do you have anything in grandmother skin?
3301,1680,5,10,95,110,1.1818181818181819,0.04689138547746655,690,I'm going to make America great again!
1299,1707,4,11,90,105,1.180952380952381,0.04645087282554565,690,"If I may say, sir, it's a new you!"
1518,1708,1,18,92,111,1.1801801801801801,0.03881580053961578,690,"I would go with the sheep’s wool, sir. It’s very deceptive."
3521,1709,4,10,86,100,1.18,0.04794778304562056,690,You're full of sheep.
931,1710,2,19,107,128,1.1796875,0.03750589479587144,690,"It's perfect Marty, I love Gyro's!!"
3889,1711,1,18,93,112,1.1785714285714286,0.03850129473972804,690,"You're right, 'loose fit' will be perfect if I eat too much."
3106,1712,3,17,109,129,1.178294573643411,0.038832296336267204,690,This will make the ladies huff and puff.
1788,1713,5,9,93,107,1.1775700934579438,0.04753319587726816,690,"I think if we let out the loin some, it's you!"
2715,1713,0,19,88,107,1.1775700934579438,0.0371177315313174,690,Is that a real fur?
1781,1713,4,11,92,107,1.1775700934579438,0.045640650379366696,690,This one’s not baaaad.
1757,1713,4,11,92,107,1.1775700934579438,0.045640650379366696,690,The impeachment hearing will now convene!
1795,1713,2,15,90,107,1.1775700934579438,0.04159804659525817,690,I knew you'd love the Muitton.
1796,1713,3,13,91,107,1.1775700934579438,0.04366615650359472,690,It's the rage among all the young nationalists this season.
2075,1713,2,15,90,107,1.1775700934579438,0.04159804659525817,690,I feel too defenseless in this costume.  I think I better stick with horns until I finish therapy.
1621,1713,2,15,90,107,1.1775700934579438,0.04159804659525817,690,Fabulous!  Do you have it in black?
1547,1713,2,15,90,107,1.1775700934579438,0.04159804659525817,690,"Perfect! I'll take it in white, grey and black!"
1388,1713,3,13,91,107,1.1775700934579438,0.04366615650359472,690,"You look wooly good, sir."
2845,1713,1,17,89,107,1.1775700934579438,0.039421589735652615,690,"Oh, I think people can tell a true Conservative from a fake Conservative but a true Man of the People from a fake one? Nah."
2089,1713,2,15,90,107,1.1775700934579438,0.04159804659525817,690,"I love that it's a classic but you're right, just a little too on point."
1367,1713,1,17,89,107,1.1775700934579438,0.039421589735652615,690,"Finally, I can hide my true nature."
2159,1713,5,9,93,107,1.1775700934579438,0.04753319587726816,690,Don’t you think this one makes me look dishonest?
2164,1713,2,15,90,107,1.1775700934579438,0.04159804659525817,690,Do you think this will make me look fat eventually?
2207,1713,2,15,90,107,1.1775700934579438,0.04159804659525817,690,May I suggest the elephant sir?
2231,1713,2,15,90,107,1.1775700934579438,0.04159804659525817,690,This is just what I need to get into the White House
2373,1713,3,13,91,107,1.1775700934579438,0.04366615650359472,690,"Yes, this is simply scrumptious."
2384,1713,2,15,90,107,1.1775700934579438,0.04159804659525817,690,Do you think this will fool Little Red Riding Hood?
2639,1713,4,11,92,107,1.1775700934579438,0.045640650379366696,690,« I’ll take it. I makes me look Canadian. »
2152,1713,2,15,90,107,1.1775700934579438,0.04159804659525817,690,It really brings out your eyes
2839,1713,3,13,91,107,1.1775700934579438,0.04366615650359472,690,"It's so believable!"""
3203,1713,2,15,90,107,1.1775700934579438,0.04159804659525817,690,This is the one! The last one I tried made me look like an ass.
2935,1713,3,13,91,107,1.1775700934579438,0.04366615650359472,690,The perfect Trojan sheep!
4194,1713,1,17,89,107,1.1775700934579438,0.039421589735652615,690,Animal Sanctuaries don't take wolves
4162,1713,3,13,91,107,1.1775700934579438,0.04366615650359472,690,I look delicious! Does it also come in black?
4093,1713,3,13,91,107,1.1775700934579438,0.04366615650359472,690,"That looks marvelous, sir. Might I interest you in another idiom for the new year?"
4055,1713,4,11,92,107,1.1775700934579438,0.045640650379366696,690,Will this eventually make me look fat?
3996,1713,1,17,89,107,1.1775700934579438,0.039421589735652615,690,Are you sure it isn’t too overdetermined on me?
3954,1713,4,11,92,107,1.1775700934579438,0.045640650379366696,690,Or you can be a wolf in zebra's clothing.
3907,1713,2,15,90,107,1.1775700934579438,0.04159804659525817,690,Those furries will never see you coming
3845,1713,3,13,91,107,1.1775700934579438,0.04366615650359472,690,All the better to heat you with.
3753,1713,4,11,92,107,1.1775700934579438,0.045640650379366696,690,It's great if you're going for that honest look.
3678,1713,1,17,89,107,1.1775700934579438,0.039421589735652615,690,"Perfect, sir! It's absolutely ewe."
2904,1713,0,19,88,107,1.1775700934579438,0.0371177315313174,690,"I'm Good Enough, I'm Smart Enough, and Doggone It, People Like Me!"
3643,1713,3,13,91,107,1.1775700934579438,0.04366615650359472,690,Do you have something in athleisure possum?
3541,1713,1,17,89,107,1.1775700934579438,0.039421589735652615,690,"May I say sir, it suits you very well. They'll never know you're a member of the Senate."
3494,1713,2,15,90,107,1.1775700934579438,0.04159804659525817,690,"Yeah, perfect! I'll take this in a pinstripe."
3456,1713,3,13,91,107,1.1775700934579438,0.04366615650359472,690,You've really gone back to basics with this year's collection.
3388,1713,4,11,92,107,1.1775700934579438,0.045640650379366696,690,"Don't worry, it's faux!"
3344,1713,1,17,89,107,1.1775700934579438,0.039421589735652615,690,This’ll be the perfect disguise when I go on the lamb.
3239,1713,1,17,89,107,1.1775700934579438,0.039421589735652615,690,I came as soon as I saw it in the Shears catalog.
3113,1713,4,11,92,107,1.1775700934579438,0.045640650379366696,690,"Big, bad whatever!  Just shut up and let me choose."
3082,1713,2,15,90,107,1.1775700934579438,0.04159804659525817,690,"Sir, there are now online training courses teaching society how to detect a wolf in sheep's clothing.  May I suggest you consider one of these alternative powerful images?"
3062,1713,2,15,90,107,1.1775700934579438,0.04159804659525817,690,"Well I do say sir, you look delicious!"
3049,1713,2,15,90,107,1.1775700934579438,0.04159804659525817,690,Perfect! With this I can get all the rest.
3606,1713,3,13,91,107,1.1775700934579438,0.04366615650359472,690,We sell nothing but sheer quality.
1357,1713,3,13,91,107,1.1775700934579438,0.04366615650359472,690,I don't know. I just feel like it's so...predictable.
357,1713,1,17,89,107,1.1775700934579438,0.039421589735652615,690,You eat what you are.
137,1713,3,13,91,107,1.1775700934579438,0.04366615650359472,690,"Is she aware of the  gravity of your situation,  Sir?"
319,1713,3,13,91,107,1.1775700934579438,0.04366615650359472,690,It's cliche but so damn practical
271,1713,4,11,92,107,1.1775700934579438,0.045640650379366696,690,‘Well you don’t SOUND sure you didn’t leave the oven on’
343,1713,3,13,91,107,1.1775700934579438,0.04366615650359472,690,"Not bad, but drones seem like the best way to hunt these days."
532,1713,5,9,93,107,1.1775700934579438,0.04753319587726816,690,I know it’s cliché but it’s so fluffy!
534,1713,2,15,90,107,1.1775700934579438,0.04159804659525817,690,Enough with vegan; I'm going full keto!
611,1713,4,11,92,107,1.1775700934579438,0.045640650379366696,690,I will just stick with my birthday suit.
651,1713,2,15,90,107,1.1775700934579438,0.04159804659525817,690,"It's a bit cliche, but I'll take it!"
295,1713,2,15,90,107,1.1775700934579438,0.04159804659525817,690,You know this makes you a co-conspirator.
843,1713,2,15,90,107,1.1775700934579438,0.04159804659525817,690,Last week we featured the cat’s pajamas
759,1713,2,15,90,107,1.1775700934579438,0.04159804659525817,690,You're really going to knock 'em dead in that costume.
874,1713,2,15,90,107,1.1775700934579438,0.04159804659525817,690,"It's only a barn dance, but this will do."
916,1713,1,17,89,107,1.1775700934579438,0.039421589735652615,690,Wool coats are totally in this season.
983,1713,2,15,90,107,1.1775700934579438,0.04159804659525817,690,No way I'm forgetting that idiom if I wear this to the exam.
1009,1713,2,15,90,107,1.1775700934579438,0.04159804659525817,690,I think the sheepskin is your best shot at fooling the three little pigs.
1323,1713,1,17,89,107,1.1775700934579438,0.039421589735652615,690,Wait’ll my three little bros get a load of this. Even that red-hooded gal won’t know me.
1062,1713,4,11,92,107,1.1775700934579438,0.045640650379366696,690,That is so me.  I love it.
853,1713,2,15,90,107,1.1775700934579438,0.04159804659525817,690,You charge prices like this and I'm the bad guy??
294,1713,1,17,89,107,1.1775700934579438,0.039421589735652615,690,‘Have you considered wolf in vicuna’s clothing?’
3326,1781,4,14,106,124,1.1774193548387097,0.04136471301633127,690,Deja vu Gaston! Deja vu!
3835,1782,5,10,98,113,1.176991150442478,0.04572441305652782,690,This one really makes me feel like a wolf.
4165,1782,3,14,96,113,1.176991150442478,0.04212678866913348,690,"I've narrowed it down to this, or the sexy lady roadrunner. What do you recommend, M'sieu Acme?"
476,1782,2,16,95,113,1.176991150442478,0.04020744347355056,690,Perfect!  The others didn't come close  to an idiom.
3499,1782,2,16,95,113,1.176991150442478,0.04020744347355056,690,"CUT!!! Now try it again with feeling.
Rebecca Hawkins"
1834,1782,3,14,96,113,1.176991150442478,0.04212678866913348,690,"Really suits ewe, sir"
1861,1787,1,16,85,102,1.1764705882352942,0.04041083116994654,690,I also have a grandmother costume that I think you'll  love
2243,1788,4,12,98,114,1.1754385964912282,0.0436027252080137,690,Sheep is sooo 2016. What animal can I wear for 2020?
2478,1789,1,25,128,154,1.1753246753246753,0.032091876533444,690,The eland made my butt look fat. This is much better.
3224,1790,1,20,105,126,1.1746031746031746,0.03577596085582426,690,Brilliant!  They will never see this coming!
2673,1791,3,12,89,104,1.1730769230769231,0.04415480374612475,690,"That never goes out of style, but perhaps you’d like to try something a little more original?"
2581,1791,2,14,88,104,1.1730769230769231,0.04198738139575608,690,I'm not sure the pig is the image I want to project for this party.
2557,1791,2,14,88,104,1.1730769230769231,0.04198738139575608,690,Don't I look just delicious?
2509,1791,4,10,90,104,1.1730769230769231,0.046220700895214704,690,Very good sir. Only two more and you’ll pull ahead of Don Jr.
4152,1791,2,14,88,104,1.1730769230769231,0.04198738139575608,690,We also have it in black.
2491,1791,2,14,88,104,1.1730769230769231,0.04198738139575608,690,"I'm so hungry, I could kill a whole farm"
2431,1791,2,14,88,104,1.1730769230769231,0.04198738139575608,690,"Yes, it’s very soft.  But is it me?"
2406,1791,3,12,89,104,1.1730769230769231,0.04415480374612475,690,"Gorgeous! And, so, tell me where exactly is this organic sheep farm located ?"
2401,1791,0,18,86,104,1.1730769230769231,0.03727636250629165,690,Now what can you show me from the grandmothers department?
1494,1791,1,16,87,104,1.1730769230769231,0.039701809770923226,690,"I'll take it! It's perfect for my trip to New Zealand,
and truthfully, it's who I am!"
2233,1791,2,14,88,104,1.1730769230769231,0.04198738139575608,690,You do look ravishing!
1825,1791,3,12,89,104,1.1730769230769231,0.04415480374612475,690,Meh. Why bother?
2181,1791,1,16,87,104,1.1730769230769231,0.039701809770923226,690,looks better on me then when it was Mary's little lamb.
1536,1791,3,12,89,104,1.1730769230769231,0.04415480374612475,690,I'll take it! Do you accept lamb chops?
1590,1791,3,12,89,104,1.1730769230769231,0.04415480374612475,690,"The lovely curls do make my pearly whites stand out, don't they?"
2119,1791,2,14,88,104,1.1730769230769231,0.04198738139575608,690,"Fewer people are falling for it, but I just feel fabulous in it!"
1679,1791,1,16,87,104,1.1730769230769231,0.039701809770923226,690,"I don't know, would you believe me if you saw me on the street?"
2101,1791,4,10,90,104,1.1730769230769231,0.046220700895214704,690,Baa ha ha!
1910,1791,5,8,91,104,1.1730769230769231,0.04819812951382046,690,I guarantee your constituents will fall for it.
1898,1791,2,14,88,104,1.1730769230769231,0.04198738139575608,690,It's so me and so cliche chic.
1873,1791,4,10,90,104,1.1730769230769231,0.046220700895214704,690,"Oh, this one is shear bliss."
1697,1791,2,14,88,104,1.1730769230769231,0.04198738139575608,690,"Eh, too cliché. What else do you have in my size?"
1703,1791,3,12,89,104,1.1730769230769231,0.04415480374612475,690,Ya ever seen anyone look so damn innocent?! It’s me!
1742,1791,2,14,88,104,1.1730769230769231,0.04198738139575608,690,And it works as smart casual!
1771,1791,4,10,90,104,1.1730769230769231,0.046220700895214704,690,You might prefer something a little less on the nose...
2205,1791,3,12,89,104,1.1730769230769231,0.04415480374612475,690,"I like it, but do you have it in faux?"
3219,1791,3,12,89,104,1.1730769230769231,0.04415480374612475,690,The sheep dog look is very hot right now
4072,1791,3,12,89,104,1.1730769230769231,0.04415480374612475,690,[no caption needed]
3250,1791,3,12,89,104,1.1730769230769231,0.04415480374612475,690,A wolf in fine sheep’s clothing
3147,1791,4,10,90,104,1.1730769230769231,0.046220700895214704,690,"No matter how many faces a wolf tries on, he is still a wolf."
3117,1791,2,14,88,104,1.1730769230769231,0.04198738139575608,690,This feels a bit cliche
3269,1791,4,10,90,104,1.1730769230769231,0.046220700895214704,690,I love it.  I am saying  YES to the dress!
1404,1791,5,8,91,104,1.1730769230769231,0.04819812951382046,690,"It might be a bit overdone, but, man, it feels good!"
3033,1791,3,12,89,104,1.1730769230769231,0.04415480374612475,690,Yes...Yes...This is what I'll wear to the inauguration.
2951,1791,2,14,88,104,1.1730769230769231,0.04198738139575608,690,Cliche is in for 2020.
2949,1791,2,14,88,104,1.1730769230769231,0.04198738139575608,690,This is tailor made for me.
2860,1791,4,10,90,104,1.1730769230769231,0.046220700895214704,690,"Nice, but do you think it makes me look a little too passive aggressive?"
3343,1791,2,14,88,104,1.1730769230769231,0.04198738139575608,690,"Do you have this in black? I want to be a baa,baa black sheep."
3419,1791,3,12,89,104,1.1730769230769231,0.04415480374612475,690,Let me try elephant or is that too scary?
3435,1791,1,16,87,104,1.1730769230769231,0.039701809770923226,690,This suits me perfectly
3565,1791,3,12,89,104,1.1730769230769231,0.04415480374612475,690,Does my butt look big in this?
3635,1791,2,14,88,104,1.1730769230769231,0.04198738139575608,690,"The new trend, sheepdoodle!"
3645,1791,4,10,90,104,1.1730769230769231,0.046220700895214704,690,Lassie will never know!
3746,1791,3,12,89,104,1.1730769230769231,0.04415480374612475,690,"Yes it looks good, but it’s a bit too cliched, don’t you think?"
3750,1791,3,12,89,104,1.1730769230769231,0.04415480374612475,690,May I suggest something that breathes more easily?
2794,1791,3,12,89,104,1.1730769230769231,0.04415480374612475,690,Lets hit the dog show next
3801,1791,3,12,89,104,1.1730769230769231,0.04415480374612475,690,Oh yeah this is PERFECT !
3821,1791,1,16,87,104,1.1730769230769231,0.039701809770923226,690,"I want to blend in, but make a statement."
3908,1791,1,16,87,104,1.1730769230769231,0.039701809770923226,690,Does this come in black sheep?
3941,1791,0,18,86,104,1.1730769230769231,0.03727636250629165,690,"No, I won't be dancing I just want to blend in."
3960,1791,1,16,87,104,1.1730769230769231,0.039701809770923226,690,"sheep’s clothing is, of course, the classic look, sit!”"
4012,1791,3,12,89,104,1.1730769230769231,0.04415480374612475,690,I’m getting the hang of this.  Fetch me a Republican.
4030,1791,3,12,89,104,1.1730769230769231,0.04415480374612475,690,You have this in more of a trusting look?
4122,1791,1,16,87,104,1.1730769230769231,0.039701809770923226,690,This will make me a meme!
1246,1791,3,12,89,104,1.1730769230769231,0.04415480374612475,690,That is far and away our most popular clothing item with both corporate political parties.
424,1791,0,18,86,104,1.1730769230769231,0.03727636250629165,690,Nothing like a wool suit for a job in the city
1235,1791,3,12,89,104,1.1730769230769231,0.04415480374612475,690,I'd like to really change things up. Do you have sharkskin?
457,1791,1,16,87,104,1.1730769230769231,0.039701809770923226,690,I don't care what it costs; I want to get fleeced.
468,1791,2,14,88,104,1.1730769230769231,0.04198738139575608,690,"The sheep skin looks very smart, but stripes are in this year, have you tried the zebra?"
555,1791,1,16,87,104,1.1730769230769231,0.039701809770923226,690,"""I just want to fit in!"""
570,1791,3,12,89,104,1.1730769230769231,0.04415480374612475,690,Perfect for Harvey's going away party.
601,1791,2,14,88,104,1.1730769230769231,0.04198738139575608,690,"I''ll take this; it's bound to make an expression."""
720,1791,1,16,87,104,1.1730769230769231,0.039701809770923226,690,"Yes sir, I assure you this is one of our best sellers. Your constituents will undoubtedly be convinced."
747,1791,3,12,89,104,1.1730769230769231,0.04415480374612475,690,Care for some complementary mint jelly?
829,1791,3,12,89,104,1.1730769230769231,0.04415480374612475,690,Do you have anything in Grandmother?
855,1791,4,10,90,104,1.1730769230769231,0.046220700895214704,690,Is this Italian?
858,1791,2,14,88,104,1.1730769230769231,0.04198738139575608,690,May I offer you trappings beyond the trope?
373,1791,1,16,87,104,1.1730769230769231,0.039701809770923226,690,"I sure hope you are as amenable as the local shepard from my town."""
943,1791,1,16,87,104,1.1730769230769231,0.039701809770923226,690,"It may not fit me, but it fits my sly personality perfectly."
956,1791,2,14,88,104,1.1730769230769231,0.04198738139575608,690,"By George, this one tickles my inner Peacenik!"
971,1791,3,12,89,104,1.1730769230769231,0.04415480374612475,690,Do you have something less idiomatic?
990,1791,2,14,88,104,1.1730769230769231,0.04198738139575608,690,"They say you are what you eat!  And, I'm dressed to kill! B-a-a-a-a-a-a-a-a!"
58,1791,3,12,89,104,1.1730769230769231,0.04415480374612475,690,Sometimes it’s just good to know which way is up.
1098,1791,2,14,88,104,1.1730769230769231,0.04198738139575608,690,Your inner self looks grand...
1185,1791,3,12,89,104,1.1730769230769231,0.04415480374612475,690,Fast fashion.
1187,1791,2,14,88,104,1.1730769230769231,0.04198738139575608,690,It's really you.
1245,1791,3,12,89,104,1.1730769230769231,0.04415480374612475,690,"It's a good look for you, but a caution sir? You will shed."
1227,1791,2,14,88,104,1.1730769230769231,0.04198738139575608,690,Hmm...does this makes me look TOO vulnerable?
1230,1791,5,8,91,104,1.1730769230769231,0.04819812951382046,690,I think the change from elephant to sheep will suit your party nicely
431,1791,1,16,87,104,1.1730769230769231,0.039701809770923226,690,An even better look than the grandmother ensemble.
410,1791,3,12,89,104,1.1730769230769231,0.04415480374612475,690,Do I hand wash or machine wash?
483,1872,2,15,93,110,1.1727272727272726,0.04055307976484437,690,Just what I've been looking for. A way to show my innocence.
612,1872,3,13,94,110,1.1727272727272726,0.04256005110202121,690,"This was the one.  Sheepishly, he dug for his wallet."
578,1874,1,14,78,93,1.1720430107526882,0.04221446145523714,690,"This being a female sheep, I'm worried about the male sheep."
1238,1875,4,14,110,128,1.171875,0.040160503217723596,690,It just isn't you!
1504,1876,1,15,83,99,1.1717171717171717,0.040712080749396494,690,You’re so right.  A classic look is always in style.
941,1877,4,10,91,105,1.1714285714285715,0.04580805401524416,690,You're right. It does showcase my great big eyes.
727,1877,0,18,87,105,1.1714285714285715,0.03695642136439612,690,"Of course, Gray, I think you will blend right in..."
1555,1877,2,14,89,105,1.1714285714285715,0.04161823454164244,690,This would be the perfect disguise if I didn't have to pull the wool over my eyes!
1766,1877,3,12,90,105,1.1714285714285715,0.043763313740087635,690,Can I return this after the election?
2021,1877,1,16,88,105,1.1714285714285715,0.039356413241211106,690,"Yes, you can’t go wrong with a classic."
2223,1877,2,14,89,105,1.1714285714285715,0.04161823454164244,690,does the wool itch?
2439,1877,4,10,91,105,1.1714285714285715,0.04580805401524416,690,I'll be wearing this to the Republican National Convention
2832,1877,4,10,91,105,1.1714285714285715,0.04580805401524416,690,Do you have anything in Ox?
3449,1877,3,12,90,105,1.1714285714285715,0.043763313740087635,690,Nice selection but do you have any in kangaroo or wallaby?  I am taking a trip to Australia.
4018,1877,3,12,90,105,1.1714285714285715,0.043763313740087635,690,Is it waterproof?
1034,1877,2,14,89,105,1.1714285714285715,0.04161823454164244,690,So it's cliche? Too baaaad.
1257,1877,2,14,89,105,1.1714285714285715,0.04161823454164244,690,"I wouldn’t say it’s ‘you,’ but suitable dinner attire."
2554,1889,0,18,88,106,1.169811320754717,0.03664182311151792,690,Just remember it’s baa not moo
1560,1889,1,16,89,106,1.169811320754717,0.03901689019197877,690,"I love it, Bessie. I just hope I get to wear it more than once!"
3859,1891,1,17,94,112,1.1696428571428572,0.037814304579279104,690,It is a classic signature piece yet definitely fashion forward
2879,1891,4,11,97,112,1.1696428571428572,0.04373267786724215,690,Mr do little by day becomes Dr Doolittle by night.
2162,1893,2,16,100,118,1.1694915254237288,0.038637306859440015,690,"It suits you to a ""t"" and then, of course, it goes with the expression....."
2341,1894,1,15,85,101,1.1683168316831682,0.03997352324393338,690,Do you have this in Grandma?
2263,1894,2,13,86,101,1.1683168316831682,0.04237808823570832,690,"It’s synthetic, but no one will be able to tell the difference."
3669,1894,1,15,85,101,1.1683168316831682,0.03997352324393338,690,"May I suggest sir, the gnu would be more you."
2907,1894,4,9,88,101,1.1683168316831682,0.04681817987143323,690,"It's a loose fit, but I plan to remedy that!"
3458,1898,5,8,94,107,1.1682242990654206,0.04692254036482572,690,Almost makes me want to go vegan!
2541,1898,2,14,91,107,1.1682242990654206,0.040898869966335565,690,"Oh, yes!  You’re absolutely right!  The white is functional . . . and I suppose since I’m not visiting the three pigs until after Labor Day . . .

Do you think the other one still will be available when the Fall Line comes out?"
1784,1898,2,14,91,107,1.1682242990654206,0.040898869966335565,690,"All vegan outfits are 20% off, sir."
29,1898,2,14,91,107,1.1682242990654206,0.040898869966335565,690,My therapist said I need to ‘face my fears’
1320,1902,3,13,97,113,1.168141592920354,0.0415081040692339,690,"Sold!"" Talk about nostalgia's nudge!"
1406,1903,3,11,88,102,1.1666666666666667,0.04424419392469564,690,I’m tired of being outside looking in.
1528,1903,2,13,87,102,1.1666666666666667,0.04199299507395459,690,"Yes! I’ll take this! And I even like the sound of it, “Wolf in sheep’s clothing”!"
1261,1903,2,13,87,102,1.1666666666666667,0.04199299507395459,690,Other pieces are just fine but giving up on classics is hard.
1234,1903,1,15,86,102,1.1666666666666667,0.03961407041085622,690,"Agreed, dangerously handsome. I’ll take it."
1408,1903,2,13,87,102,1.1666666666666667,0.04199299507395459,690,Nice!  I'm sure to get the most votes with this one.
3888,1903,1,15,86,102,1.1666666666666667,0.03961407041085622,690,"When business started declining, Victor began combining Aesop's Fables with his taxidermy skills as a new marketing initiative."
2125,1903,0,17,85,102,1.1666666666666667,0.03708284662416539,690,Sheep is so de rigueur.  Blow them away with pig.
1724,1903,0,17,85,102,1.1666666666666667,0.03708284662416539,690,"This one really fits the allegory, ya know?"
4102,1903,3,11,88,102,1.1666666666666667,0.04424419392469564,690,Do you have anything with a hood?
3797,1903,3,11,88,102,1.1666666666666667,0.04424419392469564,690,"Put the hoodie on, I'll cut the price tag, and you're all set!"
3621,1903,0,17,85,102,1.1666666666666667,0.03708284662416539,690,Are you sure this is an original design? I feel I've seen it before.
3553,1903,2,13,87,102,1.1666666666666667,0.04199299507395459,690,"I like it! It makes me look innocent, yet still flirty."
3227,1903,2,13,87,102,1.1666666666666667,0.04199299507395459,690,"This is the one!  Wearing this, I can slay all day!"
3156,1903,0,17,85,102,1.1666666666666667,0.03708284662416539,690,I'll take it! It will be great for picking up lambs.
3118,1903,3,11,88,102,1.1666666666666667,0.04424419392469564,690,"Yes, the sheep outfit is a favorite among my wolf clients. I'm not sure why."
1215,1903,3,11,88,102,1.1666666666666667,0.04424419392469564,690,"Perfect fit, Sir. No one could possibly recognize your personality disorder in that costume."
4160,1903,2,13,87,102,1.1666666666666667,0.04199299507395459,690,"The skins are faux, in case your vegan."
2889,1903,4,9,89,102,1.1666666666666667,0.04638626689884598,690,Does it make me look fat
2867,1903,2,13,87,102,1.1666666666666667,0.04199299507395459,690,I’m gonna kill at the annual Chicken Coop Eggs-Travaganza!
2820,1903,1,15,86,102,1.1666666666666667,0.03961407041085622,690,It is one of our most popular.
2810,1903,4,9,89,102,1.1666666666666667,0.04638626689884598,690,Now I can tell my wife I’m vegan.
2783,1903,3,11,88,102,1.1666666666666667,0.04424419392469564,690,We're expecting a shipment of equally impressive cockadoodle coats nex week.
2530,1903,1,15,86,102,1.1666666666666667,0.03961407041085622,690,I’ve worked hard; I’ve earned it; I will not apologize.
2147,1903,2,13,87,102,1.1666666666666667,0.04199299507395459,690,Guess who farted.
3975,1903,2,13,87,102,1.1666666666666667,0.04199299507395459,690,I can’t believe this wool is vegan.
1632,1903,1,15,86,102,1.1666666666666667,0.03961407041085622,690,The sheep is too expected. Let's try something endangered next.
1129,1903,3,11,88,102,1.1666666666666667,0.04424419392469564,690,"I think that one will make you look more sheepish, Sir"
21,1903,3,11,88,102,1.1666666666666667,0.04424419392469564,690,"Yes,of course, as you wish: ten, nine, eight, seven...™"
726,1903,0,17,85,102,1.1666666666666667,0.03708284662416539,690,"Clichéd, but I like it."
496,1903,1,15,86,102,1.1666666666666667,0.03961407041085622,690,Perhaps you would be more comfortable in your own skin.
418,1903,3,11,88,102,1.1666666666666667,0.04424419392469564,690,"You are correct, this one DOES make a statement!"
252,1903,3,11,88,102,1.1666666666666667,0.04424419392469564,690,Going down.
152,1903,4,9,89,102,1.1666666666666667,0.04638626689884598,690,HA HA HA! | WAS OUT THERE FOR JUST A WEEK AND TOTALLY  FORGOT ABOUT GRAVITY
27,1903,3,11,88,102,1.1666666666666667,0.04424419392469564,690,Going up?
1119,1903,2,13,87,102,1.1666666666666667,0.04199299507395459,690,American politics.
3830,1903,2,17,107,126,1.1666666666666667,0.036946980459563475,690,This costume is for the books.
2142,1939,4,11,100,115,1.1652173913043478,0.04266205659437598,690,"Yes, most esteemed Sir, I concur, that sheep's clothing fits you wonderfully well."
3115,1940,1,15,87,103,1.1650485436893203,0.0392609417299765,690,I'm going to the party as Jeff Bezos!
3360,1941,1,16,93,110,1.1636363636363636,0.03771468483790463,690,I’m looking for something more clandestine.
928,1942,1,15,88,104,1.1634615384615385,0.0389139744704688,690,Will you take a Cheque? I'm good for it.
1224,1942,2,13,89,104,1.1634615384615385,0.04124322861360888,690,She is so going to slay when she wears these!
2447,1944,2,12,85,99,1.1616161616161615,0.042366286452823095,690,"The goat goes 'Maa.' The sheep says ""Baa.'"
2460,1944,2,12,85,99,1.1616161616161615,0.042366286452823095,690,I'll take them all.
2477,1944,3,10,86,99,1.1616161616161615,0.04473304473304475,690,"Yes, sir, a perfect call."
2573,1944,2,12,85,99,1.1616161616161615,0.042366286452823095,690,Whatever it Takes!
2424,1944,2,12,85,99,1.1616161616161615,0.042366286452823095,690,I'm keeping kosher this year too.
2582,1944,1,14,84,99,1.1616161616161615,0.03985924189591093,690,"The look is fierce, but I'm worried its a little cliché."
2622,1944,3,10,86,99,1.1616161616161615,0.04473304473304475,690,"Definitely not a ""cliche.""  -- rather a ""classic""."
2685,1944,1,14,84,99,1.1616161616161615,0.03985924189591093,690,"I was hoping to pull the wool over their eyes, not the other way around."
2559,1944,2,12,85,99,1.1616161616161615,0.042366286452823095,690,"Very in, very much the mode, sir! Good choice."
2394,1944,0,16,83,99,1.1616161616161615,0.03718354610887484,690,"It really suits you, sir."
2196,1944,3,10,86,99,1.1616161616161615,0.04473304473304475,690,Wool you be paying cash or card?
2314,1944,2,12,85,99,1.1616161616161615,0.042366286452823095,690,Can I see something from the Old McDonald collection?
2304,1944,2,12,85,99,1.1616161616161615,0.042366286452823095,690,Not Baaaaaaaaad.
2701,1944,3,10,86,99,1.1616161616161615,0.04473304473304475,690,It's the thing running for office
2057,1944,3,10,86,99,1.1616161616161615,0.04473304473304475,690,White after Labor Day is the one thing they aren’t sheepish about.
2042,1944,3,10,86,99,1.1616161616161615,0.04473304473304475,690,"Add a snout, some stripes, horns and an utter and I'll take it!"
2040,1944,1,14,84,99,1.1616161616161615,0.03985924189591093,690,I trust your inventory is sustainability sourced...
2018,1944,3,10,86,99,1.1616161616161615,0.04473304473304475,690,This one is from our heritage line.
1952,1944,2,12,85,99,1.1616161616161615,0.042366286452823095,690,"Very believable sir, but may I suggest no humping."
1850,1944,2,12,85,99,1.1616161616161615,0.042366286452823095,690,I can fall asleep in this!
1847,1944,4,8,87,99,1.1616161616161615,0.046980723221066986,690,It's a baa-gain!
1808,1944,1,14,84,99,1.1616161616161615,0.03985924189591093,690,They are safe to wear; none is a fur.
1783,1944,3,10,86,99,1.1616161616161615,0.04473304473304475,690,It's the real me!
1684,1944,1,14,84,99,1.1616161616161615,0.03985924189591093,690,This is perfect for my birthday dinner tonight.
2369,1944,3,10,86,99,1.1616161616161615,0.04473304473304475,690,May I suggest something a tad more familiar to your menu.
2749,1944,4,8,87,99,1.1616161616161615,0.046980723221066986,690,I can’t believe you can still sell these. It’s free and effective to shout I AM NOT A WOLF.”
3148,1944,3,10,86,99,1.1616161616161615,0.04473304473304475,690,"Can't wait till the wife sees me in this, she won't even recognize me!"
2918,1944,2,12,85,99,1.1616161616161615,0.042366286452823095,690,"I like it, but it's just not me."
4037,1944,2,12,85,99,1.1616161616161615,0.042366286452823095,690,"Do you want that delivered or will you wear that at the farm house?"""
4016,1944,2,12,85,99,1.1616161616161615,0.042366286452823095,690,"You’re right, this is better. I felt ridiculous in that sheikh’s clothing."
1678,1944,3,10,86,99,1.1616161616161615,0.04473304473304475,690,Perfect! Do you offer a selection of grandma skins?
4038,1944,2,12,85,99,1.1616161616161615,0.042366286452823095,690,"It might be a cliché, but I love it!  Do you have it in Shetland?"
3374,1944,2,12,85,99,1.1616161616161615,0.042366286452823095,690,"Yes, sir, it is breathable."
4044,1944,2,12,85,99,1.1616161616161615,0.042366286452823095,690,Nice.  Now I just need a good campaign slogan and I’m ready for 2020.
3968,1944,2,12,85,99,1.1616161616161615,0.042366286452823095,690,Classic!  But the zebra’s better for the African safari.
4125,1944,1,14,84,99,1.1616161616161615,0.03985924189591093,690,I like it! I like it!
4145,1944,1,14,84,99,1.1616161616161615,0.03985924189591093,690,"I think this is the one, Charles."
3959,1944,2,12,85,99,1.1616161616161615,0.042366286452823095,690,Now this one I like. Does it come in black footie pajamas?
3810,1944,1,14,84,99,1.1616161616161615,0.03985924189591093,690,Are you sure this will get me access to the more tender bites of meat?
3774,1944,2,12,85,99,1.1616161616161615,0.042366286452823095,690,You’re right.  The flocking is perfect.  I’ll take it!
3611,1944,2,12,85,99,1.1616161616161615,0.042366286452823095,690,You are sure this is artificial.  I'm going to the PETA ball.
3369,1944,0,16,83,99,1.1616161616161615,0.03718354610887484,690,This look is the baaast!
3552,1944,4,8,87,99,1.1616161616161615,0.046980723221066986,690,"Yessiree, this one brings out the lobo in me!"
3503,1944,3,10,86,99,1.1616161616161615,0.04473304473304475,690,"Reginald, the IRS is after me for tax fraud, take these furs to the store house and after that shred the documents."
3365,1944,3,10,86,99,1.1616161616161615,0.04473304473304475,690,"Contest #692

""Addison Finch himself said it...You never really understand a person until you climb in his skin and walk around in it."""
3466,1944,3,10,86,99,1.1616161616161615,0.04473304473304475,690,Sweater weather!
3378,1944,3,10,86,99,1.1616161616161615,0.04473304473304475,690,For so long I've been an I Don't Have A Thing to Wear Wolf.
3350,1944,1,14,84,99,1.1616161616161615,0.03985924189591093,690,Google doesn't even have an entry for zombie
3328,1944,0,16,83,99,1.1616161616161615,0.03718354610887484,690,This'll just slay 'em down at the farm!
3211,1944,3,10,86,99,1.1616161616161615,0.04473304473304475,690,"Sir, Little Miss Riding Hood is visiting her grandmother."
3138,1944,1,14,84,99,1.1616161616161615,0.03985924189591093,690,"Ah yes, lamb's wool is soft and also brings out your wonderful smile."
3060,1944,3,10,86,99,1.1616161616161615,0.04473304473304475,690,Da! This is perfect for my meeting at the White House.
2998,1944,2,12,85,99,1.1616161616161615,0.042366286452823095,690,"It's understated, but I like it."
2816,1944,2,12,85,99,1.1616161616161615,0.042366286452823095,690,It’s PERFECT... My other suit makes me look too elderly.
1556,1944,2,12,85,99,1.1616161616161615,0.042366286452823095,690,Would Sir like to buy the farm?
3132,1944,3,10,86,99,1.1616161616161615,0.04473304473304475,690,Perfect! My spring wardrobe is lacking fleece.
1467,1944,2,12,85,99,1.1616161616161615,0.042366286452823095,690,If only it weren't such a cliche
732,1944,4,8,87,99,1.1616161616161615,0.046980723221066986,690,I'm afraid that freshly delivered lamb chops tomorow will not satisfy a credit issued today for this suit Sir.
692,1944,1,14,84,99,1.1616161616161615,0.03985924189591093,690,"Sir, this might be more in line with your taste preference!

Sebouh Kandilian
Lexington ma"
659,1944,2,12,85,99,1.1616161616161615,0.042366286452823095,690,This ensemble will look lovely at your dinner party.
648,1944,3,10,86,99,1.1616161616161615,0.04473304473304475,690,"It's our best selling ""Dinner Jacket"""
569,1944,1,14,84,99,1.1616161616161615,0.03985924189591093,690,I’ll go with the merino wool.
510,1944,1,14,84,99,1.1616161616161615,0.03985924189591093,690,Which animal are you?
464,1944,2,12,85,99,1.1616161616161615,0.042366286452823095,690,Does this sheep make me look baaaaad?
443,1944,3,10,86,99,1.1616161616161615,0.04473304473304475,690,"You  must be  the new 
taxidermist?"
438,1944,2,12,85,99,1.1616161616161615,0.042366286452823095,690,"No, I'm sorry we don't have anything by Prada - but you have to understand the Devil doesn't either."
384,1944,1,14,84,99,1.1616161616161615,0.03985924189591093,690,As we start the fitting process the first thing we need to know is if you dress to the left or the right.
380,1944,2,12,85,99,1.1616161616161615,0.042366286452823095,690,Sheep looks exquisite on you!
326,1944,1,14,84,99,1.1616161616161615,0.03985924189591093,690,I'll be dressed to kill.
306,1944,2,12,85,99,1.1616161616161615,0.042366286452823095,690,How about something that breathes a little?
258,1944,3,10,86,99,1.1616161616161615,0.04473304473304475,690,"To be fair, you didn’t Say you WEREN’T a  bathroom attendant. (M"
198,1944,3,10,86,99,1.1616161616161615,0.04473304473304475,690,"Sir, you do know that our “Mercury suite” isn’t actually Mercury, right?"
79,1944,3,10,86,99,1.1616161616161615,0.04473304473304475,690,"And that’s when I told  my wife. Honey, I need some space"
40,1944,3,10,86,99,1.1616161616161615,0.04473304473304475,690,We choose to go to the sixth floor!
756,1944,0,16,83,99,1.1616161616161615,0.03718354610887484,690,Is it real wool? I'm not a synthetics guy.
802,1944,4,8,87,99,1.1616161616161615,0.046980723221066986,690,It’s so me.  I’ll take it!
245,1944,2,12,85,99,1.1616161616161615,0.042366286452823095,690,YOU DO KNOW WHEN YOU INTERVIEW FOR NASA THEY DON’T MAKE YOU WEAR THE SUIT?
927,1944,4,8,87,99,1.1616161616161615,0.046980723221066986,690,"It's vintage and cliched, but yes sir, yes sir, three bags full!"
1311,1944,2,12,85,99,1.1616161616161615,0.042366286452823095,690,I make this cliché look good.
1296,1944,1,14,84,99,1.1616161616161615,0.03985924189591093,690,"And these are all faux fur, right?"
1294,1944,3,10,86,99,1.1616161616161615,0.04473304473304475,690,"I do say, this one has a certain... je ne sais quoi."
1166,1944,1,14,84,99,1.1616161616161615,0.03985924189591093,690,Perfect! It doesn't make me look fat.
1427,1944,2,12,85,99,1.1616161616161615,0.042366286452823095,690,I don't think the sheepish look is really me.  May I try on the udder one?
825,1944,4,8,87,99,1.1616161616161615,0.046980723221066986,690,"Indeed Mr. Belfort, this is the same suit Leo wore in the movie."
1154,1944,2,12,85,99,1.1616161616161615,0.042366286452823095,690,"Yes, it's our best wool, but the well-dressed are going with something more porcine or bovine this year."
1134,1944,1,14,84,99,1.1616161616161615,0.03985924189591093,690,"You had me at ""same-day, in-store pickup."""
1123,1944,1,14,84,99,1.1616161616161615,0.03985924189591093,690,These are all pieces from our Hemingway line.
1107,1944,0,16,83,99,1.1616161616161615,0.03718354610887484,690,"One cannot go wrong with the classic, sire."
1057,1944,3,10,86,99,1.1616161616161615,0.04473304473304475,690,This will give me something to wear for my trial tomorrow
1052,1944,2,12,85,99,1.1616161616161615,0.042366286452823095,690,Don't you think I'm going to hang out with you!
1002,1944,2,12,85,99,1.1616161616161615,0.042366286452823095,690,Republican
950,1944,3,10,86,99,1.1616161616161615,0.04473304473304475,690,"Excellent choice, sir - shall we charge it to Dr. Jackel or Mr. Hide?"
1495,1944,1,14,84,99,1.1616161616161615,0.03985924189591093,690,"Well, shear, but at what cost?"
1319,1944,0,16,83,99,1.1616161616161615,0.03718354610887484,690,"This makes me look fat, have anything more slimming?"
2339,2038,1,15,90,106,1.1603773584905661,0.03823790015932914,690,"That's the one. If you dont buy it, I will."
2607,2038,2,13,91,106,1.1603773584905661,0.04051952033171154,690,I just love Oscar season.
1303,2040,1,16,96,113,1.1592920353982301,0.03679300179735841,690,OR...Larry could just embrace schizophrenia and not worry about wardrobe.
414,2041,3,11,93,107,1.158878504672897,0.04230514619003018,690,And you swear you’re not making any false profits off of this?
2395,2042,3,10,88,101,1.1584158415841583,0.043900592628505666,690,"A classic. Boardroom or boudoir inappropriate, but it’s me, too!"
4058,2043,1,14,87,102,1.1568627450980393,0.03877641768742085,690,"I like it, but no. My anti-fur friends will it me alive."
1546,2043,2,12,88,102,1.1568627450980393,0.04120373319778469,690,It looks absolutely dreamy
1978,2045,1,13,82,96,1.15625,0.04008796522823715,690,"Others may see only sheep, but you will know you wear locally sourced, free range, organic wool."
2533,2045,3,9,84,96,1.15625,0.04522876791786861,690,Oh yeah...Obama’s got nothing on me now!
2583,2045,3,9,84,96,1.15625,0.04522876791786861,690,Deep down I''ve always felt like more of a sheep in wolf's clothing. It's about time for a change.
2713,2045,0,15,81,96,1.15625,0.037252472542454354,690,"Funny, but maybe a little too ironic?"
2751,2045,0,15,81,96,1.15625,0.037252472542454354,690,THAT IS DEFINITELY EWE!
2789,2045,1,13,82,96,1.15625,0.04008796522823715,690,"I dunno. This ""wolf in sheep's clothing"" look seems so yesterday."
2843,2045,3,9,84,96,1.15625,0.04522876791786861,690,"Yes, this one is quite yummy."
2517,2045,3,9,84,96,1.15625,0.04522876791786861,690,An unfortunate end to Noah's Ark
2899,2045,1,13,82,96,1.15625,0.04008796522823715,690,"Ah, just the cut I was looking for!"
2922,2045,1,13,82,96,1.15625,0.04008796522823715,690,"If I may be so bold, you will most definitely be the center of attention at the moment of the great reveal."
2923,2045,1,13,82,96,1.15625,0.04008796522823715,690,Not bad sir but I would go with the pigskin. I assure you It’ll blow them away.
2946,2045,1,13,82,96,1.15625,0.04008796522823715,690,"Yes, it’s 100% organic sherling, sustainably raised in free-range pasture"
2948,2045,2,11,83,96,1.15625,0.04273573682241112,690,Will ewe be wearing it out?
2804,2045,2,11,83,96,1.15625,0.04273573682241112,690,"You’d never guess, I’m vegan. Meat gives me the toots."
2496,2045,2,11,83,96,1.15625,0.04273573682241112,690,The sexy grandmother costume was a big hit last year.
2423,2045,1,13,82,96,1.15625,0.04008796522823715,690,"Before we ring these up, let me see something in a smug, happy salesperson..."
2459,2045,2,11,83,96,1.15625,0.04273573682241112,690,"It's even hypoallergenic, so those pigs don't stand a chance!"
2984,2045,2,11,83,96,1.15625,0.04273573682241112,690,She’s gonna like the way I look.  You’ve guaranteed it.
2386,2045,1,13,82,96,1.15625,0.04008796522823715,690,Excellent choice! That one is from our free-range collection.
2381,2045,2,11,83,96,1.15625,0.04273573682241112,690,"So you think the wolf/sheep juxtaposition is the way to go, huh?"
2300,2045,2,11,83,96,1.15625,0.04273573682241112,690,"It's just kinda, meh."
2279,2045,1,13,82,96,1.15625,0.04008796522823715,690,"Yes, but does it look too cliche?"
2271,2045,1,13,82,96,1.15625,0.04008796522823715,690,And could you suggest a suitable wine to go with sheep?
2015,2045,3,9,84,96,1.15625,0.04522876791786861,690,Are you going for comfort or style?
2009,2045,2,11,83,96,1.15625,0.04273573682241112,690,Doesn't this labradoodle coat really suit me?
2211,2045,0,15,81,96,1.15625,0.037252472542454354,690,These are a little less expensive but not as warm.
2202,2045,2,11,83,96,1.15625,0.04273573682241112,690,You just can't beat Merino wool...
2194,2045,3,9,84,96,1.15625,0.04522876791786861,690,"Ah, monsieur, you look fabelous!"
2193,2045,1,13,82,96,1.15625,0.04008796522823715,690,"It puts the cape in the basket, and does as it's told."
2493,2045,2,11,83,96,1.15625,0.04273573682241112,690,"It's between this and the Trojan horse."""
3000,2045,1,13,82,96,1.15625,0.04008796522823715,690,You say it'll stretch if I put on a little weight around the middle...
3933,2045,2,11,83,96,1.15625,0.04273573682241112,690,"Ahhh, this ensemble reminds me of a crazy night when I got caught by a shepherd but nobody listened when he sounded the alarm."""
3024,2045,1,13,82,96,1.15625,0.04008796522823715,690,"One for the White House
and two for the Tower, Mr. President."
4117,2045,1,13,82,96,1.15625,0.04008796522823715,690,"Hah, think they can make more idioms of me now, do they? I'll show them!"
4088,2045,1,13,82,96,1.15625,0.04008796522823715,690,and liddle lamzy will divey!
4084,2045,0,15,81,96,1.15625,0.037252472542454354,690,"Ah yes, you should see who I sold the Little Red Riding Hood costume to."
4074,2045,1,13,82,96,1.15625,0.04008796522823715,690,"It's the right look. But is it faux?"""
4067,2045,3,9,84,96,1.15625,0.04522876791786861,690,It's 100% cotton just as you requested
4062,2045,2,11,83,96,1.15625,0.04273573682241112,690,"Quite excellent sir, would you like to try the sheepskin Uggs next to complete this ensemble?"
4059,2045,2,11,83,96,1.15625,0.04273573682241112,690,They’re a little too fashion forward for me—I’m gonna go with the classic look.
3997,2045,2,11,83,96,1.15625,0.04273573682241112,690,"A wolf in sheep's clothing is so old. A new look would bring more success, try these !"
3971,2045,0,15,81,96,1.15625,0.037252472542454354,690,I'm a bit worried what PETA will say about this
3943,2045,2,11,83,96,1.15625,0.04273573682241112,690,Is this the one you designed for Mr. Epstein?
1945,2045,2,11,83,96,1.15625,0.04273573682241112,690,Can I see something more along the lines of a wolf in mink's clothing?
3914,2045,0,15,81,96,1.15625,0.037252472542454354,690,"I'll take it, but I don't have any cash. I'll trade you a red hood and a grandma costume."
3867,2045,0,15,81,96,1.15625,0.037252472542454354,690,"If I may say so, sir..  it doesn't look like a tired cliché on you."
3866,2045,3,9,84,96,1.15625,0.04522876791786861,690,"""I think I'll take this one. No sheep worth its fleece would ever believe I was a milk cow."""
3747,2045,3,9,84,96,1.15625,0.04522876791786861,690,Perfect...people will talk about this for years!
3732,2045,1,13,82,96,1.15625,0.04008796522823715,690,Hey! I think the next one is endangered!
3727,2045,2,11,83,96,1.15625,0.04273573682241112,690,Ewe got it right this time!
3709,2045,2,11,83,96,1.15625,0.04273573682241112,690,"Excellent choice sir,this will give you a lot of panache at the Bankers' Ball."""
3697,2045,2,11,83,96,1.15625,0.04273573682241112,690,It's the favorite of billionaire-backed climate change activists.
3657,2045,3,9,84,96,1.15625,0.04522876791786861,690,Think  of me as Alt Livestock.
3612,2045,2,11,83,96,1.15625,0.04273573682241112,690,"Thanks for shopping at Galore Skins, Please come again"""
3583,2045,0,15,81,96,1.15625,0.037252472542454354,690,"This is sumptuous, inside and out!"
3504,2045,1,13,82,96,1.15625,0.04008796522823715,690,"I prefer cashmere."""
3362,2045,1,13,82,96,1.15625,0.04008796522823715,690,Does this coat make me look fat?
3286,2045,2,11,83,96,1.15625,0.04273573682241112,690,"Wow, I just adore Gucci's take on animal prints!"
3277,2045,1,13,82,96,1.15625,0.04008796522823715,690,I’m looking for something that says ‘Intoxicating but not dangerous.’
3222,2045,1,13,82,96,1.15625,0.04008796522823715,690,You're right: It has just the right touch of verismo.
3188,2045,1,13,82,96,1.15625,0.04008796522823715,690,"Wall Street's leaning more African this season, sir."
3174,2045,2,11,83,96,1.15625,0.04273573682241112,690,You don't think it's too cliché?
3010,2045,2,11,83,96,1.15625,0.04273573682241112,690,I have no problem with real fur.
1838,2045,1,13,82,96,1.15625,0.04008796522823715,690,You were right! This wool blend DOES breathe better!
3798,2045,0,15,81,96,1.15625,0.037252472542454354,690,"Ooooo, Giorgio Ironi, you say?"
1810,2045,1,13,82,96,1.15625,0.04008796522823715,690,I have it in a softer llama if you prefer.
619,2045,3,9,84,96,1.15625,0.04522876791786861,690,Again ... I do NOT know how people could be so blind as to NOT know the danger of letting in a WOLF-in-SHEEP's-Clothing.
616,2045,1,13,82,96,1.15625,0.04008796522823715,690,Eh. Too cliche.
600,2045,0,15,81,96,1.15625,0.037252472542454354,690,Will you take a post-dated cheque?
590,2045,1,13,82,96,1.15625,0.04008796522823715,690,I am not sure how hungry I am for tonight's hunt.
583,2045,3,9,84,96,1.15625,0.04522876791786861,690,Odd. I suddenly feel really stupid.
535,2045,1,13,82,96,1.15625,0.04008796522823715,690,I like the dash of erudition the sheepskin adds.
432,2045,0,15,81,96,1.15625,0.037252472542454354,690,I've always had an affinity for second-hand clothes.
421,2045,2,11,83,96,1.15625,0.04273573682241112,690,I love it! Let me treat you to dinner.
419,2045,1,13,82,96,1.15625,0.04008796522823715,690,Wrap this one up for me. The resolution to go vegan can wait another year.
415,2045,2,11,83,96,1.15625,0.04273573682241112,690,"Since I’ve gone vegan, I just want to scare the bejesus out of Red."
367,2045,2,11,83,96,1.15625,0.04273573682241112,690,And you say we can capture 70% of votes with this?
337,2045,1,13,82,96,1.15625,0.04008796522823715,690,I had red paint thrown all over my last one
266,2045,3,9,84,96,1.15625,0.04522876791786861,690,I already warned that a rooftop disco named ‘Space’ would lead to misunderstandings
239,2045,1,13,82,96,1.15625,0.04008796522823715,690,"I think you're taking ""Space needle"" too literally"
220,2045,3,9,84,96,1.15625,0.04522876791786861,690,The floor is essentially tile
200,2045,3,9,84,96,1.15625,0.04522876791786861,690,Sic itur ad astra?
150,2045,3,9,84,96,1.15625,0.04522876791786861,690,"Perhaps you have taken the advice to bring protections for the date too literally, Sir."
1813,2045,1,13,82,96,1.15625,0.04008796522823715,690,"After spending 40 days in a room together, it was time for the animals to leave the ark."
102,2045,2,11,83,96,1.15625,0.04273573682241112,690,Dtchete tall halted hated snd elnelice!
96,2045,1,13,82,96,1.15625,0.04008796522823715,690,There was no prep for this small talk thing.
45,2045,3,9,84,96,1.15625,0.04522876791786861,690,need some space!
626,2045,1,13,82,96,1.15625,0.04008796522823715,690,Impeccable taste. Somethings never go out of style.
699,2045,2,11,83,96,1.15625,0.04273573682241112,690,"Save you teeth for smiling sir, and leave the killing to us!"
666,2045,1,13,82,96,1.15625,0.04008796522823715,690,"I must admit, no one does the Golden Fleece like Brooks Brothers."
763,2045,0,15,81,96,1.15625,0.037252472542454354,690,"If National Geographic won't take me, at least I should get into the 4H magazine."
1789,2045,2,11,83,96,1.15625,0.04273573682241112,690,I love it.  This could be the start of a great meme.
1767,2045,1,13,82,96,1.15625,0.04008796522823715,690,I am enjoying your retaliation collection. No mercy
1764,2045,1,13,82,96,1.15625,0.04008796522823715,690,What do you want to present to your audience today mr. Fox?
1692,2045,1,13,82,96,1.15625,0.04008796522823715,690,now that makes a political statement!
1673,2045,2,11,83,96,1.15625,0.04273573682241112,690,"I love it, but was it ethically sourced?"
1659,2045,0,15,81,96,1.15625,0.037252472542454354,690,"Can I box that up for you, sir, or would you like to wear it out?"
1629,2045,2,11,83,96,1.15625,0.04273573682241112,690,Does this make my butt look fat?
739,2045,1,13,82,96,1.15625,0.04008796522823715,690,Do you think it’s me?
1564,2045,2,11,83,96,1.15625,0.04273573682241112,690,"I think you’ll especially enjoy this one, Mr. Wolf. It’s most original."
1455,2045,1,13,82,96,1.15625,0.04008796522823715,690,"Your 'little black dress,' I would say."
1616,2045,1,13,82,96,1.15625,0.04008796522823715,690,Prada!
1342,2045,2,11,83,96,1.15625,0.04273573682241112,690,A bit cliché don't you think?
1244,2045,2,11,83,96,1.15625,0.04273573682241112,690,I look like a snack.
1153,2045,4,7,85,96,1.15625,0.047591382549600894,690,"Shall I wrap that Mr. Secretary, or, would you prefer to wear it back on your government jet?"
933,2045,3,9,84,96,1.15625,0.04522876791786861,690,"Yes Sir, this is the latest Riding Hood style"
887,2045,1,13,82,96,1.15625,0.04008796522823715,690,Ah yes- a Lamb Chop costume. Sorry... My wife has a weird puppet fetish.
848,2045,2,11,83,96,1.15625,0.04273573682241112,690,"It looks nice, but no matter what, you’re still the French horn."
1376,2045,2,11,83,96,1.15625,0.04273573682241112,690,"Give me three pigs to try on.
Jude Bauer"
840,2045,1,13,82,96,1.15625,0.04008796522823715,690,There's really a lot to be excited about.
822,2045,3,9,84,96,1.15625,0.04522876791786861,690,"Surprisingly, they’re all vegan."
3084,2156,3,9,85,97,1.1546391752577319,0.044789039167481365,690,Too idiomatic.  Do you have anything less of a cliche yet a bit more allegorical?
3729,2156,1,13,83,97,1.1546391752577319,0.03970522339619019,690,This is so unlike me.. I’ll take it..
1192,2156,1,13,83,97,1.1546391752577319,0.03970522339619019,690,I like to dress for the job I want.
1359,2159,2,12,91,105,1.1523809523809523,0.04010278091110972,690,Zebra stripes are trending with influencers this season!
750,2160,0,14,78,92,1.1521739130434783,0.037653278425410365,690,My grandfather had one just like this.
794,2160,3,8,81,92,1.1521739130434783,0.046200043353871234,690,This one's perfect. I'll take it.
1194,2160,1,12,79,92,1.1521739130434783,0.040702099693023734,690,I think I look fat in this. I’ll take it.
2818,2160,1,12,79,92,1.1521739130434783,0.040702099693023734,690,"Damn, should have stopped wearing real fur coat..."
3371,2160,1,12,79,92,1.1521739130434783,0.040702099693023734,690,It’s part of our buy one get the herd free sale.
4196,2165,1,15,96,112,1.1517857142857142,0.03634221158759841,690,A brilliant disguise.
1682,2166,1,13,85,99,1.1515151515151516,0.038961038961038946,690,Got any grandmas?
1025,2166,1,13,85,99,1.1515151515151516,0.038961038961038946,690,And it’s even on sale!
1887,2166,1,13,85,99,1.1515151515151516,0.038961038961038946,690,I can’t wait to see the look on Red’s face!
2656,2169,2,10,81,93,1.1505376344086022,0.04309832132858191,690,Delicious and cozy - I’ll take it.
2646,2169,2,10,81,93,1.1505376344086022,0.04309832132858191,690,Yes! This one makes me look fat! I'll take it.
2641,2169,1,12,80,93,1.1505376344086022,0.040295300106155195,690,"Oh yeah,this’ll pull the wool over their eyes"
2619,2169,0,14,79,93,1.1505376344086022,0.037282128693900025,690,Am I showing too much skin?
2544,2169,1,12,80,93,1.1505376344086022,0.040295300106155195,690,"An excellent choice, but they'd never expect you in these."
2475,2169,2,10,81,93,1.1505376344086022,0.04309832132858191,690,"'I'm sure that Veganuary is going to be an unqualified success, sir.'"
2453,2169,2,10,81,93,1.1505376344086022,0.04309832132858191,690,And it's on sale?
4119,2169,0,14,79,93,1.1505376344086022,0.037282128693900025,690,"Love it, but I don't think the slim fit is going to work."
2443,2169,2,10,81,93,1.1505376344086022,0.04309832132858191,690,Call me when you have grandmother back in stock.
2428,2169,2,10,81,93,1.1505376344086022,0.04309832132858191,690,I’d prefer something that breathes.
2412,2169,1,12,80,93,1.1505376344086022,0.040295300106155195,690,You can thank the Bible for this idea.
2411,2169,0,14,79,93,1.1505376344086022,0.037282128693900025,690,"Mutton dressed up as lamb-so last season!"""
4040,2169,1,12,80,93,1.1505376344086022,0.040295300106155195,690,It's time you tried something new Mr. Wolf!
2408,2169,1,12,80,93,1.1505376344086022,0.040295300106155195,690,"It's perfect, comfortable and deceiving."
2385,2169,1,12,80,93,1.1505376344086022,0.040295300106155195,690,I love network rebranding.
2665,2169,1,12,80,93,1.1505376344086022,0.040295300106155195,690,"I’ve resolved to be a vegetarian this years. But, just in case it doesn’t work out, I’ll take it."
2450,2169,1,12,80,93,1.1505376344086022,0.040295300106155195,690,"They say, ""Dress for success"", and that sheepskin suits you best!"
2687,2169,1,12,80,93,1.1505376344086022,0.040295300106155195,690,Just got back from a vacation and all I got was wild animals
2719,2169,3,8,82,93,1.1505376344086022,0.045729852307199566,690,"I know you're charging way too much, but I'm strangely enjoying getting fleeced."
2936,2169,2,10,81,93,1.1505376344086022,0.04309832132858191,690,Jeeves! Do you have an elephant in a zero size?
2929,2169,2,10,81,93,1.1505376344086022,0.04309832132858191,690,My inner sheep cloak is exactly what I was looking for!
2913,2169,4,6,83,93,1.1505376344086022,0.0482179788329506,690,It’s all about the presentation.
2901,2169,1,12,80,93,1.1505376344086022,0.040295300106155195,690,Do you have this in a polyester blend?
2896,2169,1,12,80,93,1.1505376344086022,0.040295300106155195,690,"Now for the Presidency!"""
2876,2169,3,8,82,93,1.1505376344086022,0.045729852307199566,690,Excellent choice sir. That one comes from the congressional collection of fine furs.
4041,2169,2,10,81,93,1.1505376344086022,0.04309832132858191,690,Don we now our gay apparel!
2672,2169,3,8,82,93,1.1505376344086022,0.045729852307199566,690,More Lady Ga Ga couture ideas
2814,2169,2,10,81,93,1.1505376344086022,0.04309832132858191,690,This is perfect... I'll fake it!
2803,2169,0,14,79,93,1.1505376344086022,0.037282128693900025,690,Ah! Perfect for my date with Dolly tonight.
2796,2169,1,12,80,93,1.1505376344086022,0.040295300106155195,690,You can't pull the wool over our eyes.
2781,2169,0,14,79,93,1.1505376344086022,0.037282128693900025,690,"How was your visit with the old lady and Little Red Riding Hood?""  Michael Sivak, Ann Arbor, M"
2764,2169,1,12,80,93,1.1505376344086022,0.040295300106155195,690,Do you think she’ll be surprised?
2762,2169,2,10,81,93,1.1505376344086022,0.04309832132858191,690,"I know it's cliche, but I love the fit."
2754,2169,2,10,81,93,1.1505376344086022,0.04309832132858191,690,"Your throat's next, Crowley, but for now it's sheep!"
2736,2169,1,12,80,93,1.1505376344086022,0.040295300106155195,690,We call this costume The Wolf of Wool Street.
2813,2169,2,10,81,93,1.1505376344086022,0.04309832132858191,690,"So on-trend! Oh, a lust-have."
2292,2169,1,12,80,93,1.1505376344086022,0.040295300106155195,690,Be honest. Do you think this coat will make me fat?
2281,2169,1,12,80,93,1.1505376344086022,0.040295300106155195,690,"It is so very, not you!"
2285,2169,1,12,80,93,1.1505376344086022,0.040295300106155195,690,I have no idea. I just woke up here.
1888,2169,3,8,82,93,1.1505376344086022,0.045729852307199566,690,"Yes, I'll take the fleece."
1878,2169,2,10,81,93,1.1505376344086022,0.04309832132858191,690,I will be Modeling for Guernica and I haven't decided yet what to put on.
1854,2169,1,12,80,93,1.1505376344086022,0.040295300106155195,690,I’ll take one in sheep’s clothing. What do you have in grandmother attire?
1849,2169,3,8,82,93,1.1505376344086022,0.045729852307199566,690,"And you're sure these are actual originals? I don't know, they all look so familiar!"
1842,2169,1,12,80,93,1.1505376344086022,0.040295300106155195,690,Ahhh...at last. Immortality as a Saying.
1835,2169,1,12,80,93,1.1505376344086022,0.040295300106155195,690,"I love it! 
It'll be perfect after my nose job next week."
1776,2169,2,10,81,93,1.1505376344086022,0.04309832132858191,690,"Dah-ling, it's shear-ly FAB-ulous!"
1774,2169,2,10,81,93,1.1505376344086022,0.04309832132858191,690,"Oh, my! I look Eweful."
1769,2169,2,10,81,93,1.1505376344086022,0.04309832132858191,690,Got any granny glasses to complete the ensemble?
1751,2169,1,12,80,93,1.1505376344086022,0.040295300106155195,690,I'm highly skilled at Sheep Sheep Wolf...I'll take it my dear Sir!
1738,2169,1,12,80,93,1.1505376344086022,0.040295300106155195,690,Beware a wolf in sheep’s clothing. With an Amex.
1733,2169,2,10,81,93,1.1505376344086022,0.04309832132858191,690,Thrown in an extra set of pants and you have a deal
1732,2169,2,10,81,93,1.1505376344086022,0.04309832132858191,690,So you are saying that the Koch brothers have these?
1727,2169,2,10,81,93,1.1505376344086022,0.04309832132858191,690,I don’t know. Is this too cliche?
1719,2169,1,12,80,93,1.1505376344086022,0.040295300106155195,690,Wolf or Bull of Wall Street?
1895,2169,2,10,81,93,1.1505376344086022,0.04309832132858191,690,"Dare I say, you can try these on but that one fits you perfectly."
1912,2169,2,10,81,93,1.1505376344086022,0.04309832132858191,690,"I'll be counting sheep tonight, Jeeves"
1940,2169,3,8,82,93,1.1505376344086022,0.045729852307199566,690,Can I interest you in something a little less itchy?
1943,2169,2,10,81,93,1.1505376344086022,0.04309832132858191,690,"I figure if I can't catch the Road Runner, I could just tell people that I caught this."
2245,2169,1,12,80,93,1.1505376344086022,0.040295300106155195,690,Nice! Is it 100% wool?
2238,2169,2,10,81,93,1.1505376344086022,0.04309832132858191,690,Or would you prefer the zebra?
2230,2169,1,12,80,93,1.1505376344086022,0.040295300106155195,690,"No question, sir, you’ll kill in New Haven."
2209,2169,2,10,81,93,1.1505376344086022,0.04309832132858191,690,What's my discount if I take the lot?
2198,2169,1,12,80,93,1.1505376344086022,0.040295300106155195,690,Bingo!  Just the right amount of 'warm & fuzzy' I am looking for.
2182,2169,1,12,80,93,1.1505376344086022,0.040295300106155195,690,I think this one may be too expected.
2179,2169,3,8,82,93,1.1505376344086022,0.045729852307199566,690,"And that’s 100% machine washable, as well"
2291,2169,2,10,81,93,1.1505376344086022,0.04309832132858191,690,"This is lambskin it looks great on plus it protects you from the elements...
weather not STDs."
2178,2169,2,10,81,93,1.1505376344086022,0.04309832132858191,690,Go with the sheep getup-it fits you better.
2173,2169,0,14,79,93,1.1505376344086022,0.037282128693900025,690,Are you certain this is gender neutral?
2169,2169,3,8,82,93,1.1505376344086022,0.045729852307199566,690,"Buddy,that suit is ewe."
2141,2169,1,12,80,93,1.1505376344086022,0.040295300106155195,690,It makes me so hungry I could eat myself.
2122,2169,2,10,81,93,1.1505376344086022,0.04309832132858191,690,I don't want to be a wolf in cheap clothing.
2067,2169,1,12,80,93,1.1505376344086022,0.040295300106155195,690,"Is it too much, false-prophet-wise?"
2046,2169,3,8,82,93,1.1505376344086022,0.045729852307199566,690,"Remember, that sheep suit is by Dior"
1992,2169,0,14,79,93,1.1505376344086022,0.037282128693900025,690,"I think it will work, but doesn’t it make me look fat?"
2177,2169,4,6,83,93,1.1505376344086022,0.0482179788329506,690,"Do me a favor, though."
2937,2169,2,10,81,93,1.1505376344086022,0.04309832132858191,690,Got any human ones?
2990,2169,1,12,80,93,1.1505376344086022,0.040295300106155195,690,Does it come with a cape?
3004,2169,2,10,81,93,1.1505376344086022,0.04309832132858191,690,"Oh yes, finally a perfect fit."
3869,2169,2,10,81,93,1.1505376344086022,0.04309832132858191,690,This should take care of Bo-peep.  Have you got a granny costume?
3843,2169,2,10,81,93,1.1505376344086022,0.04309832132858191,690,"Now let's try the ""wolf in pig's clothing""."
3838,2169,4,6,83,93,1.1505376344086022,0.0482179788329506,690,I think I`ll take this one.......suits you just fine Mr. Trump
3826,2169,1,12,80,93,1.1505376344086022,0.040295300106155195,690,I'm a mutton for punishment.
3824,2169,0,14,79,93,1.1505376344086022,0.037282128693900025,690,"This one’s on me, Mr. President."
3788,2169,2,10,81,93,1.1505376344086022,0.04309832132858191,690,I will tale this one. My husband will be happy about that. It looks pretty sexy though.
3761,2169,1,12,80,93,1.1505376344086022,0.040295300106155195,690,Does it make my hind look big?
3716,2169,1,12,80,93,1.1505376344086022,0.040295300106155195,690,You might get further with something a bit more tailored
3702,2169,1,12,80,93,1.1505376344086022,0.040295300106155195,690,This solves my electability problem!
3685,2169,2,10,81,93,1.1505376344086022,0.04309832132858191,690,I think I'll take this one.
3661,2169,2,10,81,93,1.1505376344086022,0.04309832132858191,690,I want to look at the grandma outfit.
3630,2169,0,14,79,93,1.1505376344086022,0.037282128693900025,690,"It’s a little cliche, but I’ll take it."
3628,2169,1,12,80,93,1.1505376344086022,0.040295300106155195,690,Can you show me something in Undecided Voter?
3608,2169,0,14,79,93,1.1505376344086022,0.037282128693900025,690,"However, it's not MY eyes I wish to pull the wool over, my good man!"
3600,2169,0,14,79,93,1.1505376344086022,0.037282128693900025,690,"It’s a nice a traditional look, but for a change let’s try something a little more exotic.”"
3894,2169,3,8,82,93,1.1505376344086022,0.045729852307199566,690,That little brat won't recognize me in this!
3913,2169,3,8,82,93,1.1505376344086022,0.045729852307199566,690,"We've got sheep's, of course, but also any other clothing you desire."
3918,2169,1,12,80,93,1.1505376344086022,0.040295300106155195,690,This will do a good job disguising me as a sheep!
3926,2169,3,8,82,93,1.1505376344086022,0.045729852307199566,690,Who knew taxidermy could be fashionable?
4137,2169,1,12,80,93,1.1505376344086022,0.040295300106155195,690,"You're right, Italian wool does add a certain air of prestige. Does it come in Granny?"
3993,2169,1,12,80,93,1.1505376344086022,0.040295300106155195,690,"No, 'Im gonna stick with the sheep. I like the irony."
4146,2169,2,10,81,93,1.1505376344086022,0.04309832132858191,690,Fine choice Sir. This particular outfit has a history of deceiving even the brightest of farmers.
4099,2169,2,10,81,93,1.1505376344086022,0.04309832132858191,690,One of our fine Javelina furs may eliminate the need to huff and puff at their door.
4151,2169,3,8,82,93,1.1505376344086022,0.045729852307199566,690,"Before they collect all the weapons from citizens, 
I must finish my collection of favourite animals."
4166,2169,1,12,80,93,1.1505376344086022,0.040295300106155195,690,"I was feeling a little sheepish about my old look, so I decided I needed something baa-rand new."
4174,2169,4,6,83,93,1.1505376344086022,0.0482179788329506,690,What the fuck?
3599,2169,0,14,79,93,1.1505376344086022,0.037282128693900025,690,Go vegan? Over my dead body.
4180,2169,1,12,80,93,1.1505376344086022,0.040295300106155195,690,"The sizing is spot on, but I've always been a black sheep."""
3961,2169,1,12,80,93,1.1505376344086022,0.040295300106155195,690,"Seems a bit cliched, no?"
4095,2169,3,8,82,93,1.1505376344086022,0.045729852307199566,690,Persian lamb just feels so decadent.
3946,2169,2,10,81,93,1.1505376344086022,0.04309832132858191,690,Perfect. File the election papers.
1716,2169,2,10,81,93,1.1505376344086022,0.04309832132858191,690,"This costume days you're soft and cuddly on the outside, but a beast inside."
4080,2169,3,8,82,93,1.1505376344086022,0.045729852307199566,690,"Yes, it does look a little pretentious. Doesn't it?"
3942,2169,2,10,81,93,1.1505376344086022,0.04309832132858191,690,"Yes, it’s certainly warm enough for winter, but are you sure it doesn’t make me look fat?"
3935,2169,3,8,82,93,1.1505376344086022,0.045729852307199566,690,That color really brings out your fangs.
4199,2169,1,12,80,93,1.1505376344086022,0.040295300106155195,690,I'll be the next Nöel Cow-herd.
2939,2169,0,14,79,93,1.1505376344086022,0.037282128693900025,690,"I've been a naughty little wolf. That's right! Eat me up, you big, bad sheep!"
3592,2169,3,8,82,93,1.1505376344086022,0.045729852307199566,690,Bo-Peep's loss.  My gain.
3574,2169,2,10,81,93,1.1505376344086022,0.04309832132858191,690,"I don't know, I'm kind of anti-fur."
3178,2169,1,12,80,93,1.1505376344086022,0.040295300106155195,690,I'll take one if you line it like the other styles.
3165,2169,0,14,79,93,1.1505376344086022,0.037282128693900025,690,"New year, new trope."
3163,2169,2,10,81,93,1.1505376344086022,0.04309832132858191,690,"If it’s the cliche you are looking for, this is the clothing for you."
3141,2169,2,10,81,93,1.1505376344086022,0.04309832132858191,690,"Very popular among the working class, you say?"
3129,2169,0,14,79,93,1.1505376344086022,0.037282128693900025,690,Smashing! It's a killer!
3121,2169,2,10,81,93,1.1505376344086022,0.04309832132858191,690,"Yes, I can see why Hillary recommended this outfit."
3114,2169,1,12,80,93,1.1505376344086022,0.040295300106155195,690,Sheep lie!
3102,2169,0,14,79,93,1.1505376344086022,0.037282128693900025,690,"Yes, it is somewhat a cliche . But sometimes it’s best to go with the classics."
4032,2169,2,10,81,93,1.1505376344086022,0.04309832132858191,690,This reminds me of Beto singing in the Sheeps band.
3099,2169,0,14,79,93,1.1505376344086022,0.037282128693900025,690,You're right ... it's classic.
3065,2169,1,12,80,93,1.1505376344086022,0.040295300106155195,690,"I’d always wanted to work in a funeral parlor, and look at me now."
3056,2169,1,12,80,93,1.1505376344086022,0.040295300106155195,690,"Alas, not wholly practical in the Yukon.  Do you have anything in musk ox?"
4054,2169,1,12,80,93,1.1505376344086022,0.040295300106155195,690,"Lambchop, eat your heart out!"
3034,2169,1,12,80,93,1.1505376344086022,0.040295300106155195,690,"I dunno, sir... do you have something more alive?_"
3014,2169,0,14,79,93,1.1505376344086022,0.037282128693900025,690,"Wow, it's deja vu!"
3183,2169,0,14,79,93,1.1505376344086022,0.037282128693900025,690,Little Red will never see this coming...
3201,2169,1,12,80,93,1.1505376344086022,0.040295300106155195,690,While that look's a classic I think you'll find these no less stunning.
3225,2169,1,12,80,93,1.1505376344086022,0.040295300106155195,690,Our best seller to the most discerning and acquisitive of you.
3234,2169,2,10,81,93,1.1505376344086022,0.04309832132858191,690,Few have the courage to wear animal any longer.
3542,2169,1,12,80,93,1.1505376344086022,0.040295300106155195,690,"Yes, wolf in zebra’s clothing just doesn’t sound right."
3529,2169,2,10,81,93,1.1505376344086022,0.04309832132858191,690,"Sir, it’s the latest fashion in farm to table, very popular in the meat packing district."
3527,2169,2,10,81,93,1.1505376344086022,0.04309832132858191,690,That's right. You sell them at half price and I'll bring back double what I borrow.
3513,2169,2,10,81,93,1.1505376344086022,0.04309832132858191,690,Yes-but I assume nobody's grandma is really going to look like this.
3511,2169,0,14,79,93,1.1505376344086022,0.037282128693900025,690,Nice! I’m calling it Cliche Chic.
3464,2169,2,10,81,93,1.1505376344086022,0.04309832132858191,690,"Well if you're sure it’s Poodle, I can’t do that whole sheep thing... that would be ba-bad."
3422,2169,0,14,79,93,1.1505376344086022,0.037282128693900025,690,Perfect! I’ll take this and the size medium Grandma Riding Hood
3586,2169,2,10,81,93,1.1505376344086022,0.04309832132858191,690,Bingo!
3415,2169,2,10,81,93,1.1505376344086022,0.04309832132858191,690,"It may well be my signature outfit , but let’s push the envelope a little."
4071,2169,1,12,80,93,1.1505376344086022,0.040295300106155195,690,"Ahhhhhh, trophy hell."
3336,2169,1,12,80,93,1.1505376344086022,0.040295300106155195,690,They’ve made it just impossible to wear fur these days.
3296,2169,3,8,82,93,1.1505376344086022,0.045729852307199566,690,It’s made from a sheep.
3284,2169,1,12,80,93,1.1505376344086022,0.040295300106155195,690,I am a superhero - call me super-animal-activist. I protect animals from surviving...
3283,2169,1,12,80,93,1.1505376344086022,0.040295300106155195,690,Does it make my butt look big?
3266,2169,1,12,80,93,1.1505376344086022,0.040295300106155195,690,"Sir, that suit is definitely you!"
3235,2169,1,12,80,93,1.1505376344086022,0.040295300106155195,690,"Yes, this does make me look like a college graduate."
3410,2169,2,10,81,93,1.1505376344086022,0.04309832132858191,690,Yes! I have found my true idiom!
1693,2169,1,12,80,93,1.1505376344086022,0.040295300106155195,690,What about PETA?
2224,2169,1,12,80,93,1.1505376344086022,0.040295300106155195,690,Absolutely perfect to huff and puff and blow in the house!
1624,2169,0,14,79,93,1.1505376344086022,0.037282128693900025,690,Do you have this in grandmother?
573,2169,1,12,80,93,1.1505376344086022,0.040295300106155195,690,"Oh, that’s so ewe."
589,2169,3,8,82,93,1.1505376344086022,0.045729852307199566,690,"Yes, we here at Aesop's Clothiers are very proud of that one. You'll be the hit of the party.""
""Party? What par… Oh, yeah, right. party. It's a great disguise, I mean costume.""
""Indubitably, sir."
603,2169,1,12,80,93,1.1505376344086022,0.040295300106155195,690,"It’s lovely, but is it me?"
605,2169,0,14,79,93,1.1505376344086022,0.037282128693900025,690,"Oh, it’s so you, darling."
608,2169,2,10,81,93,1.1505376344086022,0.04309832132858191,690,"Perfect, Henri! This will baa-baa-blind him!"
609,2169,1,12,80,93,1.1505376344086022,0.040295300106155195,690,"Let’s try the Llama again. 
This one looks a bit cliche."
677,2169,1,12,80,93,1.1505376344086022,0.040295300106155195,690,Does this make me look like a cliche?
681,2169,1,12,80,93,1.1505376344086022,0.040295300106155195,690,"Now be honest Jeeves, do my teeth look too big in this?"
684,2169,0,14,79,93,1.1505376344086022,0.037282128693900025,690,This one looks vaguely familiar.
685,2169,1,12,80,93,1.1505376344086022,0.040295300106155195,690,"Now, that's what I'm talkin' about!"
686,2169,2,10,81,93,1.1505376344086022,0.04309832132858191,690,Touché but too cliché.
689,2169,2,10,81,93,1.1505376344086022,0.04309832132858191,690,"I just can't decide. Which one looks more, uh, 'proverbial' to you?"
722,2169,1,12,80,93,1.1505376344086022,0.040295300106155195,690,"Yes sir, your ass does indeed look quite scrumptious."
736,2169,2,10,81,93,1.1505376344086022,0.04309832132858191,690,Does this coat make my hips look big?
773,2169,2,10,81,93,1.1505376344086022,0.04309832132858191,690,Too cliché.
774,2169,2,10,81,93,1.1505376344086022,0.04309832132858191,690,Does this skin make me look fat?
779,2169,2,10,81,93,1.1505376344086022,0.04309832132858191,690,"...no, I really like this one..."
975,2169,1,12,80,93,1.1505376344086022,0.040295300106155195,690,"Yes, this will catch the person who's been stealing my lunch at work."
967,2169,1,12,80,93,1.1505376344086022,0.040295300106155195,690,"That's it, Bo Peep here we come!"
954,2169,1,12,80,93,1.1505376344086022,0.040295300106155195,690,I look great but what do you have in a hoodie?
944,2169,2,10,81,93,1.1505376344086022,0.04309832132858191,690,Does this wool make me feel fat?
924,2169,0,14,79,93,1.1505376344086022,0.037282128693900025,690,I believe I also have a Grandmother costume that I think would work quite well for you.
918,2169,3,8,82,93,1.1505376344086022,0.045729852307199566,690,The wolf is running this show!
568,2169,1,12,80,93,1.1505376344086022,0.040295300106155195,690,"Ewe is not dangerous, ewe is just fluffy."
910,2169,2,10,81,93,1.1505376344086022,0.04309832132858191,690,Does this ba-a-a make my bark look big?
902,2169,0,14,79,93,1.1505376344086022,0.037282128693900025,690,I should have tried this one first!
884,2169,3,8,82,93,1.1505376344086022,0.045729852307199566,690,Perfect for the Inaugural Ball.
872,2169,0,14,79,93,1.1505376344086022,0.037282128693900025,690,"In my opinion, the Elsie suit better encapsulates your feminine side."
806,2169,2,10,81,93,1.1505376344086022,0.04309832132858191,690,"Ah, yes, you're right...this is much better than those skinny leg outfits!"
800,2169,0,14,79,93,1.1505376344086022,0.037282128693900025,690,Do you think this makes me look friendly?
796,2169,3,8,82,93,1.1505376344086022,0.045729852307199566,690,You'll be dressed to kill in this tasty little number
906,2169,3,8,82,93,1.1505376344086022,0.045729852307199566,690,"Nice, but overpriced. I'm tired of getting fleeced."
980,2169,2,10,81,93,1.1505376344086022,0.04309832132858191,690,Yes.  It's exactly the granny look I wanted.
548,2169,2,10,81,93,1.1505376344086022,0.04309832132858191,690,The past of fashion.
539,2169,3,8,82,93,1.1505376344086022,0.045729852307199566,690,"Ah, what we sacrifice in the name of fashion!"
1630,2169,2,10,81,93,1.1505376344086022,0.04309832132858191,690,"That is so cliche!  Might I suggest something more chic, and sleek?"
41,2169,2,10,81,93,1.1505376344086022,0.04309832132858191,690,"One too many small steps for man today, sir?"
54,2169,2,10,81,93,1.1505376344086022,0.04309832132858191,690,‘Earth orbits parking lot. Left my roadster there...’
72,2169,2,10,81,93,1.1505376344086022,0.04309832132858191,690,"You’ nl get used t to ‘the smell eventually,  maybe even love it."
77,2169,3,8,82,93,1.1505376344086022,0.045729852307199566,690,"One small step for man, one giant leap for mankind ‘  ,Oh ok, you must be heading up to COP 25‘"
87,2169,3,8,82,93,1.1505376344086022,0.045729852307199566,690,You just have  to push the right button and you go up.
99,2169,1,12,80,93,1.1505376344086022,0.040295300106155195,690,You know... you might find the presence of gravity here quite useful.
100,2169,1,12,80,93,1.1505376344086022,0.040295300106155195,690,"And your wife, Mr  Johnson? Did you leave her on the moon?"
132,2169,3,8,82,93,1.1505376344086022,0.045729852307199566,690,Don’t stop until we lose gravity.
144,2169,1,12,80,93,1.1505376344086022,0.040295300106155195,690,its the 10th floor already and i'm starting to belive they made these 10 stars up
171,2169,4,6,83,93,1.1505376344086022,0.0482179788329506,690,"as the bellhop pressed the button, he looked back and suddenly realized teh gravity of the situation"
219,2169,2,10,81,93,1.1505376344086022,0.04309832132858191,690,you need to stop taking your work home with  yo
224,2169,3,8,82,93,1.1505376344086022,0.045729852307199566,690,This is as high as it goes.
229,2169,2,10,81,93,1.1505376344086022,0.04309832132858191,690,"Yeah, Houston was sick of all my problems."
246,2169,1,12,80,93,1.1505376344086022,0.040295300106155195,690,‘Its only a small step sir’
248,2169,2,10,81,93,1.1505376344086022,0.04309832132858191,690,"Darn it, | forgot the flag."
254,2169,2,10,81,93,1.1505376344086022,0.04309832132858191,690,This iSait4 he
513,2169,1,12,80,93,1.1505376344086022,0.040295300106155195,690,"May I say, Sir, that makes you look docile, but threatening!"
478,2169,2,10,81,93,1.1505376344086022,0.04309832132858191,690,"Do you have something in a grandma outfit?

Ed Neufeld"
454,2169,1,12,80,93,1.1505376344086022,0.040295300106155195,690,How about something less obvious
446,2169,2,10,81,93,1.1505376344086022,0.04309832132858191,690,The chef is testing new recipes — he wants a turducken alternative.
437,2169,0,14,79,93,1.1505376344086022,0.037282128693900025,690,Are you trying to pull the wool over my eyes?
416,2169,2,10,81,93,1.1505376344086022,0.04309832132858191,690,It's ravishing!
541,2169,2,10,81,93,1.1505376344086022,0.04309832132858191,690,What's the resale value?
408,2169,2,10,81,93,1.1505376344086022,0.04309832132858191,690,"Fetching, sir! Will that be catch or carry?"
365,2169,3,8,82,93,1.1505376344086022,0.045729852307199566,690,Finally - a faux fur option for the morally conscious consumer.
339,2169,2,10,81,93,1.1505376344086022,0.04309832132858191,690,"They won’t see you coming, sir."
292,2169,2,10,81,93,1.1505376344086022,0.04309832132858191,690,"So many disguises, I feel almost human."
265,2169,3,8,82,93,1.1505376344086022,0.045729852307199566,690,Enough climate change for today?
264,2169,1,12,80,93,1.1505376344086022,0.040295300106155195,690,"Moonwalk contest, on the right sir"
256,2169,2,10,81,93,1.1505376344086022,0.04309832132858191,690,Mr. Kubrick’s floor please.
395,2169,1,12,80,93,1.1505376344086022,0.040295300106155195,690,"This one will truly pull the wool over their eyes, sir."
985,2169,2,10,81,93,1.1505376344086022,0.04309832132858191,690,"Ooo, yes. Does it come in cashmere?"
565,2169,1,12,80,93,1.1505376344086022,0.040295300106155195,690,"Yessss......I can work with this!"""
1016,2169,3,8,82,93,1.1505376344086022,0.045729852307199566,690,"Oh! Ms. Sheep, You look ravishable in Mr. Wolf's clothing."
1318,2169,3,8,82,93,1.1505376344086022,0.045729852307199566,690,Yes. Trump'll love me in this at Cabinet meetings.
1331,2169,5,4,84,93,1.1505376344086022,0.050583866730722155,690,Do you think it's too obvious?
1353,2169,1,12,80,93,1.1505376344086022,0.040295300106155195,690,This'll show 'em who's the white sheep of the pack.
1380,2169,3,8,82,93,1.1505376344086022,0.045729852307199566,690,You can run but you can't hide.
1390,2169,1,12,80,93,1.1505376344086022,0.040295300106155195,690,"I live by three rules: buy low, sell high, and dress like your clients."
1405,2169,3,8,82,93,1.1505376344086022,0.045729852307199566,690,"Ah, a wolf in sheep's clothes in a shopping mall. You must be my wife."
1411,2169,2,10,81,93,1.1505376344086022,0.04309832132858191,690,"Charles, Stop here, no need to see another suit. This is me!"
1415,2169,2,10,81,93,1.1505376344086022,0.04309832132858191,690,Sorry. Feeling a little sheepish today!
1419,2169,3,8,82,93,1.1505376344086022,0.045729852307199566,690,"A last, I think I have it right."
1424,2169,3,8,82,93,1.1505376344086022,0.045729852307199566,690,I'll take it!
1428,2169,1,12,80,93,1.1505376344086022,0.040295300106155195,690,I can give you an off the rack suit in any species you'd like.
1619,2169,1,12,80,93,1.1505376344086022,0.040295300106155195,690,Is it lined?
1437,2169,2,10,81,93,1.1505376344086022,0.04309832132858191,690,"Whatever the zoo payed, I'll pay double."
1443,2169,1,12,80,93,1.1505376344086022,0.040295300106155195,690,"Perhaps, something more lionesque?"
1308,2169,2,10,81,93,1.1505376344086022,0.04309832132858191,690,"It's not me, but I like it!"
1466,2169,3,8,82,93,1.1505376344086022,0.045729852307199566,690,Barney's closing sale is like a fairy tale ending.
1472,2169,2,10,81,93,1.1505376344086022,0.04309832132858191,690,Those pigs won't know what hit 'em
1476,2169,5,4,84,93,1.1505376344086022,0.050583866730722155,690,It's a bit cliché. Do you have an elephant in the room?
1488,2169,2,10,81,93,1.1505376344086022,0.04309832132858191,690,Forget the rest. This one will work the best.
1491,2169,2,10,81,93,1.1505376344086022,0.04309832132858191,690,Guaranteed  not to shrink.
1496,2169,2,10,81,93,1.1505376344086022,0.04309832132858191,690,"If you don’t like this style, I also have udders."
1520,2169,0,14,79,93,1.1505376344086022,0.037282128693900025,690,Hello ewe.
1521,2169,2,10,81,93,1.1505376344086022,0.04309832132858191,690,I think this is it!
1523,2169,1,12,80,93,1.1505376344086022,0.040295300106155195,690,Nice! Do you have it in a Harris Tweed?
1553,2169,3,8,82,93,1.1505376344086022,0.045729852307199566,690,"I'll take it, and I want to try on a granny costume next."
1563,2169,2,10,81,93,1.1505376344086022,0.04309832132858191,690,The animal has no clothes!
1570,2169,0,14,79,93,1.1505376344086022,0.037282128693900025,690,Are you sure that this isn't a bit cliche'?
988,2169,0,14,79,93,1.1505376344086022,0.037282128693900025,690,Just beautiful! Perfect for my re-election campaign.
1578,2169,1,12,80,93,1.1505376344086022,0.040295300106155195,690,"Yes, but I think ""a wolf in tiger's clothing"" has a marvelous ring to it."
1582,2169,1,12,80,93,1.1505376344086022,0.040295300106155195,690,"This will knock 
'em dead on the farm.  I'll take it"
1470,2169,2,10,81,93,1.1505376344086022,0.04309832132858191,690,Wow - I look like a million lamb chops!
1288,2169,2,10,81,93,1.1505376344086022,0.04309832132858191,690,"Perhaps something in a black sheep, sir?"
1447,2169,1,12,80,93,1.1505376344086022,0.040295300106155195,690,"I'm sure you'll make quite an impression, Sir."
1038,2169,2,10,81,93,1.1505376344086022,0.04309832132858191,690,"It's nice, but mutton is so yesteryear!"
1027,2169,1,12,80,93,1.1505376344086022,0.040295300106155195,690,Animal House of  Dior
1287,2169,1,12,80,93,1.1505376344086022,0.040295300106155195,690,I like it!  It matches my teeth.
1051,2169,2,10,81,93,1.1505376344086022,0.04309832132858191,690,It's lovely.  I'll take it.
1077,2169,1,12,80,93,1.1505376344086022,0.040295300106155195,690,My recent weight loss problem is about to go away!
1099,2169,1,12,80,93,1.1505376344086022,0.040295300106155195,690,"I'd like to try the cow again, but I'm definitely leaning toward the sheep"
1105,2169,2,10,81,93,1.1505376344086022,0.04309832132858191,690,Adding the extra lovely eyes to these husks was darned cunning.
1121,2169,2,10,81,93,1.1505376344086022,0.04309832132858191,690,Much better than Granny's nightgown!
1127,2169,1,12,80,93,1.1505376344086022,0.040295300106155195,690,It's very versatile -- works great as synecdoche too.
1144,2169,2,10,81,93,1.1505376344086022,0.04309832132858191,690,"Oh, now this is really 'me'!"
1146,2169,3,8,82,93,1.1505376344086022,0.045729852307199566,690,If my mother could see me now.
1150,2169,3,8,82,93,1.1505376344086022,0.045729852307199566,690,"I take this one, and the cow for my wife: she's gonna love this sexual role-play."
1169,2169,0,14,79,93,1.1505376344086022,0.037282128693900025,690,"Ah, so you're a perfect size 10 ... (whispers) just what we've been looking for."
1170,2169,1,12,80,93,1.1505376344086022,0.040295300106155195,690,"With this,I will slay them"
1172,2169,2,10,81,93,1.1505376344086022,0.04309832132858191,690,"Suits you, Sir."
1141,2169,3,8,82,93,1.1505376344086022,0.045729852307199566,690,You’re right... I even feel like the average investor...
1254,2169,2,10,81,93,1.1505376344086022,0.04309832132858191,690,"You look marvelous, madam. They won't suspect a thing."
1275,2169,2,10,81,93,1.1505376344086022,0.04309832132858191,690,Let's go further and get a pig and a cow.
1260,2169,1,12,80,93,1.1505376344086022,0.040295300106155195,690,"Now, it's every sheep has an inner wolf!"
1177,2169,1,12,80,93,1.1505376344086022,0.040295300106155195,690,Ahhh..a wolf in 50% sheep's clothing and 50% polyester
1242,2169,0,14,79,93,1.1505376344086022,0.037282128693900025,690,The classic wolf in sheep's clothing never goes out of style.
1241,2169,0,14,79,93,1.1505376344086022,0.037282128693900025,690,"Very chic, sir, but sheep's clothing was last year's look"
1197,2169,0,14,79,93,1.1505376344086022,0.037282128693900025,690,I said I wanted something cheap.
1199,2169,1,12,80,93,1.1505376344086022,0.040295300106155195,690,"Yes, yes this is more like it, but could you add a bit of Woolite for sensory ambience?"
1203,2169,1,12,80,93,1.1505376344086022,0.040295300106155195,690,The Costume Department is pleased that you are pleased.
3701,2453,3,11,99,113,1.1504424778761062,0.04019004894819678,690,"If you tell me one more time to ""make it work"" I'm going to slap that bitch ass smirk off your face."
2446,2453,0,17,96,113,1.1504424778761062,0.033781009395416894,690,"Ok, now turn around so I can take out my wallet."
3782,2455,3,9,88,100,1.15,0.04351941398892446,690,"For this New Years, I am going with a traditional look"
1026,2456,2,12,93,107,1.1495327102803738,0.03940068196980345,690,"Suck it, vegans!"
901,2457,2,10,82,94,1.148936170212766,0.0426674284505854,690,Please let me call the 3 little pigs tailor for you
1950,2457,0,14,80,94,1.148936170212766,0.03691812903947712,690,'Dry Clean Only' is a real beast.
2228,2457,1,12,81,94,1.148936170212766,0.039896476676276244,690,"Yes, that's right!  I was just cast in ""Dances with Sheep"""
1198,2457,2,10,82,94,1.148936170212766,0.0426674284505854,690,"Ah, yes! This one is definitely 'me'!"
51,2457,2,10,82,94,1.148936170212766,0.0426674284505854,690,"Welcome to our planet, Sir. you have a pleasant stay!  Hope"
461,2457,2,10,82,94,1.148936170212766,0.0426674284505854,690,"A slight change from 365 days ago, huh?"
1818,2457,0,14,80,94,1.148936170212766,0.03691812903947712,690,Is this faux wool?
2675,2457,0,14,80,94,1.148936170212766,0.03691812903947712,690,"Yes, this one. The others were too clichéd."
4159,2457,1,12,81,94,1.148936170212766,0.039896476676276244,690,I really think Red will go for this
3407,2457,1,12,81,94,1.148936170212766,0.039896476676276244,690,I was in the mood for rib eye.  But the lamb just looks so good on me.
465,2457,1,12,81,94,1.148936170212766,0.039896476676276244,690,Too bad I'm allergic to wool
1008,2457,2,10,82,94,1.148936170212766,0.0426674284505854,690,Nope.  I look entirely too sheepish in this.
908,2457,1,12,81,94,1.148936170212766,0.039896476676276244,690,Our safari line offers a superb element of surprise simply not achieved in sheep’s clothing.
1058,2457,2,10,82,94,1.148936170212766,0.0426674284505854,690,"Yes, you're so right, we need zippers!"
3706,2471,1,12,82,95,1.1473684210526316,0.03950539972626866,690,Does my butt look big in this sheep?
2063,2472,2,9,78,89,1.146067415730337,0.043910490827793,690,Paper or plastic?
139,2473,3,8,85,96,1.1458333333333333,0.04437471686755897,690,Today I am working from home.
3532,2473,1,12,83,96,1.1458333333333333,0.03912184819059489,690,None of you would be here if it weren't for my deserved  narcissism.
2134,2473,0,14,82,96,1.1458333333333333,0.036210782375335634,690,"Better, better. It’s between this and the unicorn clothing."
3963,2473,1,12,83,96,1.1458333333333333,0.03912184819059489,690,Are these in faux fur? I am trying to be more of an environmentalist
2613,2477,1,11,78,90,1.1444444444444444,0.04047505392571967,690,I'm going to stick with the classic.
2636,2477,1,11,78,90,1.1444444444444444,0.04047505392571967,690,Looks like Thanksgiving came early this year.
2596,2477,1,11,78,90,1.1444444444444444,0.04047505392571967,690,"See, I like the look and it does the job, but is it a little cliché"
2615,2477,3,7,80,90,1.1444444444444444,0.0462342488915368,690,"In that case may I say, grandmother, 
what good taste you have."
2679,2477,0,13,77,90,1.1444444444444444,0.037263146675402856,690,All our costumes are 100% organic!
1859,2477,2,9,79,90,1.1444444444444444,0.043450176989596294,690,"And best of all, it's 100% vegan."
2555,2477,1,11,78,90,1.1444444444444444,0.04047505392571967,690,It only takes 2-3 days to make your money back if you commit to Time Square.
1865,2477,0,13,77,90,1.1444444444444444,0.037263146675402856,690,I look like a snack. I'll take it!
1793,2477,0,13,77,90,1.1444444444444444,0.037263146675402856,690,Sometimes you just can’t improve on a classic look.
1866,2477,0,13,77,90,1.1444444444444444,0.037263146675402856,690,It's all the rage this year in the 'hood
1780,2477,1,11,78,90,1.1444444444444444,0.04047505392571967,690,Do you sell vegan leather?
1874,2477,0,13,77,90,1.1444444444444444,0.037263146675402856,690,Will they know it's faux?
1773,2477,2,9,79,90,1.1444444444444444,0.043450176989596294,690,"It just doesn't say, ""Come give a kiss to grandma."""
1961,2477,2,9,79,90,1.1444444444444444,0.043450176989596294,690,I love it - my favorite color and my favorite food !
1969,2477,1,11,78,90,1.1444444444444444,0.04047505392571967,690,Very sheepy chic sir.
2746,2477,1,11,78,90,1.1444444444444444,0.04047505392571967,690,You're transformed into a Sheep and it's machine washable
1699,2477,3,7,80,90,1.1444444444444444,0.0462342488915368,690,Let me borrow it — I’ll double your inventory in 24 hours.
1677,2477,2,9,79,90,1.1444444444444444,0.043450176989596294,690,Is this clothing for work?
1981,2477,2,9,79,90,1.1444444444444444,0.043450176989596294,690,Applicants for the Space Force are at the Hotel next door.
1669,2477,1,11,78,90,1.1444444444444444,0.04047505392571967,690,"Love how it looks, but will it breathe?"
1650,2477,1,11,78,90,1.1444444444444444,0.04047505392571967,690,Just call me Uberdermist !
2320,2477,0,13,77,90,1.1444444444444444,0.037263146675402856,690,I am sure everyone will be surprised at your coming out party.
2337,2477,1,11,78,90,1.1444444444444444,0.04047505392571967,690,So much better than my previous job in politics!
2485,2477,1,11,78,90,1.1444444444444444,0.04047505392571967,690,Do you have anything a little more sheer?
2548,2477,1,11,78,90,1.1444444444444444,0.04047505392571967,690,How much do I owe you?
2552,2477,2,9,79,90,1.1444444444444444,0.043450176989596294,690,It's So Fluffy!
2567,2477,1,11,78,90,1.1444444444444444,0.04047505392571967,690,"Silly, people being down in politics."
2846,2477,3,7,80,90,1.1444444444444444,0.0462342488915368,690,This ought to knock ‘em dead.
1688,2477,1,11,78,90,1.1444444444444444,0.04047505392571967,690,Buzzfeed really outdid itself with its “top 10 ways to class up hunting” list
2943,2477,2,9,79,90,1.1444444444444444,0.043450176989596294,690,"My brother had no trouble with the house made of sticks, and my sister had no trouble with the house made of straw, but as much as I huffed and puffed I just couldn't make the house made of bricks come down. Anyways, does this come in black?"
3595,2477,1,11,78,90,1.1444444444444444,0.04047505392571967,690,"It’s my family, it’s long story. They will leave by spring, I promise."
3577,2477,3,7,80,90,1.1444444444444444,0.0462342488915368,690,"The wolf doesn't realize that I am also in disguise! """
3637,2477,0,13,77,90,1.1444444444444444,0.037263146675402856,690,"Finally, an idiomatic truth."
3644,2477,1,11,78,90,1.1444444444444444,0.04047505392571967,690,"I'll be running through a pasture, can I dry clean this one?"
3653,2477,2,9,79,90,1.1444444444444444,0.043450176989596294,690,"Delicious, I''ll them all! Now, what do you carry in granny shawls?"
3726,2477,1,11,78,90,1.1444444444444444,0.04047505392571967,690,"I love it, but does it come in black sheep?  That's more my personality."
3539,2477,3,7,80,90,1.1444444444444444,0.0462342488915368,690,"Yes Piggy, I offered him the Trump skin but he thought it a little too obvious and entirely too thin."
3875,2477,3,7,80,90,1.1444444444444444,0.0462342488915368,690,"I dare say, a massive upgrade from Grandmother’s nightgown, sir."
1233,2477,2,9,79,90,1.1444444444444444,0.043450176989596294,690,Was the first one you showed me genuine leather?
3526,2477,1,11,78,90,1.1444444444444444,0.04047505392571967,690,I'll take it. It reeks of meekness.
3518,2477,2,9,79,90,1.1444444444444444,0.043450176989596294,690,"Pete, this would be great for the DNC!"
4042,2477,0,13,77,90,1.1444444444444444,0.037263146675402856,690,I just want something that will help me fit in.
4116,2477,1,11,78,90,1.1444444444444444,0.04047505392571967,690,"Hey Rog. I am so pissed off about the printer today, dude"
2927,2477,1,11,78,90,1.1444444444444444,0.04047505392571967,690,Look who's the snack now...
4177,2477,3,7,80,90,1.1444444444444444,0.0462342488915368,690,The leather on the chair is nice but you can’t beat a wool coat!
3437,2477,2,9,79,90,1.1444444444444444,0.043450176989596294,690,This'll work nicely. I'll take it!
3356,2477,1,11,78,90,1.1444444444444444,0.04047505392571967,690,"I believe that’s the last one, but I’d be happy to check in the back."
3347,2477,1,11,78,90,1.1444444444444444,0.04047505392571967,690,"Yes, it makes a statement but do you  think it makes me look fat?"
3303,2477,0,13,77,90,1.1444444444444444,0.037263146675402856,690,"Too Cliche, sir.  How about something in a little pig?"
3218,2477,1,11,78,90,1.1444444444444444,0.04047505392571967,690,I definitely won't be losing any sleep over this one.
3158,2477,1,11,78,90,1.1444444444444444,0.04047505392571967,690,I'm pretty sure they only hire vegetarians.
3150,2477,0,13,77,90,1.1444444444444444,0.037263146675402856,690,"Yes, traditional wool suits my taste."
3143,2477,2,9,79,90,1.1444444444444444,0.043450176989596294,690,"No, you don't have to do that. I'll wear it home."
3105,2477,2,9,79,90,1.1444444444444444,0.043450176989596294,690,It’s a government program to help carrot farmers.
3092,2477,1,11,78,90,1.1444444444444444,0.04047505392571967,690,"Mary, have a little lamb."
3074,2477,3,7,80,90,1.1444444444444444,0.0462342488915368,690,Time to drop my subscription to The New Yorker.
3052,2477,1,11,78,90,1.1444444444444444,0.04047505392571967,690,"This should get me through Immigration at Narita easily, right?"
2958,2477,1,11,78,90,1.1444444444444444,0.04047505392571967,690,"Oh Yeah, I'm a baa-d boy!"
3479,2477,0,13,77,90,1.1444444444444444,0.037263146675402856,690,Do you have it in Wensleydale?  I'm planning a trip to England.
1135,2477,1,11,78,90,1.1444444444444444,0.04047505392571967,690,Darn! The real enemy was hiding in plain sight!
276,2477,2,9,79,90,1.1444444444444444,0.043450176989596294,690,"Welcome to the Apollo 11, sir. A bit overdressed for the party if I may say so"
1072,2477,2,9,79,90,1.1444444444444444,0.043450176989596294,690,And they said I'd never top my Lear.
194,2477,1,11,78,90,1.1444444444444444,0.04047505392571967,690,What you think your better than me?
178,2477,2,9,79,90,1.1444444444444444,0.043450176989596294,690,Forgot my toothbrush.
173,2477,2,9,79,90,1.1444444444444444,0.043450176989596294,690,Your Uber shuttle Is right outside
165,2477,3,7,80,90,1.1444444444444444,0.0462342488915368,690,sir are you going to the space? no i'm heading to delhi
155,2477,3,7,80,90,1.1444444444444444,0.0462342488915368,690,"To the moon, Alice"
148,2477,3,7,80,90,1.1444444444444444,0.0462342488915368,690,"I need some space, honey"
143,2477,1,11,78,90,1.1444444444444444,0.04047505392571967,690,Sorry this is the furthest we can go
129,2477,2,9,79,90,1.1444444444444444,0.043450176989596294,690,You don’t need to hold the door. Buzz and Neil will be at least two more hours.
108,2477,2,9,79,90,1.1444444444444444,0.043450176989596294,690,"Actually, could you leave it open just a crack?"
78,2477,1,11,78,90,1.1444444444444444,0.04047505392571967,690,G = “i oing up?
70,2477,1,11,78,90,1.1444444444444444,0.04047505392571967,690,Psst...it’s flat!
53,2477,3,7,80,90,1.1444444444444444,0.0462342488915368,690,"Apologies sir, but the elevator doesnt go any higher."
26,2477,2,9,79,90,1.1444444444444444,0.043450176989596294,690,Russian Interference Part 2 The Cosmos-Gate. Simply occupying.
19,2477,3,7,80,90,1.1444444444444444,0.0462342488915368,690,| don’t Know when they put in the elevator. I’ve only been here a week.
16,2477,2,9,79,90,1.1444444444444444,0.043450176989596294,690,Can I see your boarding pass?
205,2477,2,9,79,90,1.1444444444444444,0.043450176989596294,690,"This is the space bar, unfortunately drinks do not include complementary laptops"
206,2477,1,11,78,90,1.1444444444444444,0.04047505392571967,690,Do you think he will remember my elevator pitch?
1076,2477,1,11,78,90,1.1444444444444444,0.04047505392571967,690,"Ahhh yes, our most vintage selection, “wolf in sheep clothing”"
259,2477,4,5,81,90,1.1444444444444444,0.048859939221226015,690,New Listing! Open concept with  great flow. Tons of space. Views are out of this world. No washer/ dryer hookup.
1056,2477,3,7,80,90,1.1444444444444444,0.0462342488915368,690,"It's perfect.  ""Make America Great Again"" it is!"
1053,2477,0,13,77,90,1.1444444444444444,0.037263146675402856,690,Is the designer ACME?
251,2477,2,9,79,90,1.1444444444444444,0.043450176989596294,690,Next stop Mars.
865,2477,3,7,80,90,1.1444444444444444,0.0462342488915368,690,This one makes me look sexy as hell!
862,2477,1,11,78,90,1.1444444444444444,0.04047505392571967,690,Do you have any synthetics? I don’t want to get cancelled by a Twitter mob.
812,2477,1,11,78,90,1.1444444444444444,0.04047505392571967,690,"Oh yes, sir, that is you!"
1020,2477,1,11,78,90,1.1444444444444444,0.04047505392571967,690,"You look positively ravening, monsieur."
358,2477,0,13,77,90,1.1444444444444444,0.037263146675402856,690,"I love it, Don. So how about starting the Cabinet meeting now"
349,2477,2,9,79,90,1.1444444444444444,0.043450176989596294,690,"Yes, ideal for a baa-matzah, much better than the udder one."
344,2477,1,11,78,90,1.1444444444444444,0.04047505392571967,690,Does this make my appetite look big?
340,2477,0,13,77,90,1.1444444444444444,0.037263146675402856,690,Don’t worry.  The last one came dressed up as a moron.
261,2477,2,9,79,90,1.1444444444444444,0.043450176989596294,690,"Floor 1,326,785 please"
391,2477,1,11,78,90,1.1444444444444444,0.04047505392571967,690,I love it! This one will slay them!
119,2571,0,15,89,104,1.1442307692307692,0.03461694046789748,690,"10 years from now at Tesla Tower, Planet Mars."
3785,2572,3,7,81,91,1.1428571428571428,0.04575090108716775,690,"Again,New yorker puts a disgusting picture up to caption"
3675,2572,1,11,79,91,1.1428571428571428,0.04005926187397015,690,"Honestly, does this make me look like I'm going to get fat?"
2993,2572,1,11,79,91,1.1428571428571428,0.04005926187397015,690,"Thank you, Mr. Hyde. The perfect hide in which to hide."
1486,2572,0,13,78,91,1.1428571428571428,0.03688555567816587,690,"You know, I was doubting my confidence when I saw this one online but standing here in the mirror, I have truly never felt more comfortable in my own skin."
1635,2572,0,13,78,91,1.1428571428571428,0.03688555567816587,690,Who would have thought an idiom would look this good?
304,2572,2,9,80,91,1.1428571428571428,0.04299935704272289,690,Oh this will do! Or should I say “wool” do
1473,2572,1,11,79,91,1.1428571428571428,0.04005926187397015,690,I dunno. Do you think it makes me get fat?
1283,2572,1,11,79,91,1.1428571428571428,0.04005926187397015,690,"Ohhh, it's a classic -- ageless, timeless. Simply irresistible to go as A Wolf in Sheep's Clothing. I'll take it! Though I'll feel a little sheepish in it at first."
1957,2572,0,13,78,91,1.1428571428571428,0.03688555567816587,690,"I adore it, Bradley, but I’d just hate to be a cliché."
3982,2572,1,11,79,91,1.1428571428571428,0.04005926187397015,690,A wolf in sheep’s clothing is a classic look but is it a little too played for a costume party?
634,2572,1,11,79,91,1.1428571428571428,0.04005926187397015,690,I love that camo is back in style.
3582,2572,1,14,97,112,1.1428571428571428,0.0355530465805953,690,"You've been so delighted with our piggy and grandma outfits, I know you'll want to say yes to this dress."
4109,2572,1,11,79,91,1.1428571428571428,0.04005926187397015,690,"I adore this new ""compassionate"" texture."
584,2572,2,9,80,91,1.1428571428571428,0.04299935704272289,690,Do you have anything less idiomatic?
1892,2586,1,12,86,99,1.1414141414141414,0.03801425648577054,690,Perfect fit Charles. It's breathtaking.
1944,2587,2,9,81,92,1.141304347826087,0.04255774228461488,690,I look devilishly handsome.
3537,2587,0,13,79,92,1.141304347826087,0.036515453466785246,690,It is not exactly what I expected when yuo invited me for dinner.
520,2587,1,11,80,92,1.141304347826087,0.0396518585330414,690,Is that woolsale price?
960,2587,1,11,80,92,1.141304347826087,0.0396518585330414,690,"But, do you think it’s too last year?"
1165,2587,2,9,81,92,1.141304347826087,0.04255774228461488,690,Ooh I love it! I'll be the most popular girl at the Prom!!
12,2592,2,9,82,93,1.1397849462365592,0.04212505550639789,690,"Since Wonka’s Factory, Charlie had been playing it safe"
630,2592,0,13,80,93,1.1397849462365592,0.03615262258846416,690,Do you have a little something in red? Perhaps a riding hood?
2432,2592,0,13,80,93,1.1397849462365592,0.03615262258846416,690,I have one. Its my favorite winterwear!
3443,2595,0,12,74,86,1.1395348837209303,0.03758361657235561,690,"I think I'll take the ""Wolf In Sheep's Clothing"" outfit."
2158,2596,0,12,75,87,1.1379310344827587,0.03718371489773737,690,"Excellent, do you have it in orange?"
2280,2596,0,12,75,87,1.1379310344827587,0.03718371489773737,690,Why people take time to put them animals on the wall like paintings I will never know.
2064,2596,1,10,76,87,1.1379310344827587,0.040619414815555276,690,"Sheep is chic, but I am now the denizen of venison."
2273,2596,2,8,77,87,1.1379310344827587,0.04378635707980383,690,I’m still not sure.  Could I try that Grandma outfit again?
2259,2596,0,12,75,87,1.1379310344827587,0.03718371489773737,690,I think you’ll find our sheepskin most deceiving.
2250,2596,1,10,76,87,1.1379310344827587,0.040619414815555276,690,"I suggest deer, it stands for endearment, women love that."
2286,2596,2,8,77,87,1.1379310344827587,0.04378635707980383,690,"If I must say, it's so ewe!"
2219,2596,1,10,76,87,1.1379310344827587,0.040619414815555276,690,Sheep’s’ clothing has been done to death.
1543,2596,0,12,75,87,1.1379310344827587,0.03718371489773737,690,I like this traditional look best.
2029,2596,2,8,77,87,1.1379310344827587,0.04378635707980383,690,Wooly bulleee!  Wooly bully!
1451,2596,2,8,77,87,1.1379310344827587,0.04378635707980383,690,It will show father that I am no longer the black sheep of the family.
1490,2596,2,8,77,87,1.1379310344827587,0.04378635707980383,690,Wool...the new fur.
1498,2596,0,12,75,87,1.1379310344827587,0.03718371489773737,690,Maybe something with a little better snout coverage?
1514,2596,1,10,76,87,1.1379310344827587,0.040619414815555276,690,May I suggest a fresh approach to personal transformation?
1529,2596,1,10,76,87,1.1379310344827587,0.040619414815555276,690,Do you have anything in a PETA?
3704,2596,0,12,75,87,1.1379310344827587,0.03718371489773737,690,"Eh, I'm not sure this one is 'me'. Do you have anything in red?"
1541,2596,0,12,75,87,1.1379310344827587,0.03718371489773737,690,"Why yes sir, you could certainly wear it as a riding hood. I'll check to see if we still have one in red."
2299,2596,1,10,76,87,1.1379310344827587,0.040619414815555276,690,I think the sheep looks best on me.
1545,2596,1,10,76,87,1.1379310344827587,0.040619414815555276,690,"Oh yes, Sheep's Clothing is still my favorite brand!"
1622,2596,1,10,76,87,1.1379310344827587,0.040619414815555276,690,It’s show time !
1683,2596,3,6,78,87,1.1379310344827587,0.046739204878581554,690,"Yep. Beware of the wolf in sheep's clothing, or cow hide, antelope skin, whatever."
1875,2596,1,10,76,87,1.1379310344827587,0.040619414815555276,690,If you’re looking for Old Woman you’ll have to order it online
1885,2596,1,10,76,87,1.1379310344827587,0.040619414815555276,690,"I like it, but do you think I'm too long in the tooth to carry it off?"
1911,2596,0,12,75,87,1.1379310344827587,0.03718371489773737,690,"Ah, perfect...now, do you have something in a ‘grandmother’?"
2000,2596,0,12,75,87,1.1379310344827587,0.03718371489773737,690,...a look that will bid you welcome in the most desirable of company
2005,2596,0,12,75,87,1.1379310344827587,0.03718371489773737,690,Are your garments cruelty-free?
2025,2596,2,8,77,87,1.1379310344827587,0.04378635707980383,690,I love my job!
2047,2596,1,10,76,87,1.1379310344827587,0.040619414815555276,690,"And all of these come with the 'fresh meat or money-back guarantee?"""
2312,2596,0,12,75,87,1.1379310344827587,0.03718371489773737,690,I'm afraid it's too much of an anachronism.
2905,2596,1,10,76,87,1.1379310344827587,0.040619414815555276,690,You definitely have that sheepish look!
2357,2596,0,12,75,87,1.1379310344827587,0.03718371489773737,690,This is perfect. Now let me see what you have in grandmother.
3457,2596,1,10,76,87,1.1379310344827587,0.040619414815555276,690,Too itchy!
3395,2596,0,12,75,87,1.1379310344827587,0.03718371489773737,690,This year's freshest suits- straight from the butcher!
3385,2596,1,10,76,87,1.1379310344827587,0.040619414815555276,690,Aww.  Fits like a wool glove!
3352,2596,3,6,78,87,1.1379310344827587,0.046739204878581554,690,Say Yes to the Dermis
3348,2596,1,10,76,87,1.1379310344827587,0.040619414815555276,690,"Henderson amidst his collection of sheep-skin, zebra hide, and Investment Banker John Henry."
3333,2596,3,6,78,87,1.1379310344827587,0.046739204878581554,690,I'll take it. This fits much better than my elephant or donkey costume.
3260,2596,0,12,75,87,1.1379310344827587,0.03718371489773737,690,"Don't smile so much, my friend. At 75%  off, the profit is false."
3244,2596,0,12,75,87,1.1379310344827587,0.03718371489773737,690,"Very nice, but I think I’m gonna go with the Mayor Pete."
3145,2596,1,10,76,87,1.1379310344827587,0.040619414815555276,690,"...and with a little accounting wizardry, I was able to have the books show the operation to be deep in the black..."
3116,2596,0,12,75,87,1.1379310344827587,0.03718371489773737,690,"I don't mean to get huffy, but I can't help but feel like you're trying to fleece me."
3093,2596,3,6,78,87,1.1379310344827587,0.046739204878581554,690,"Absolutely stunning, but I thought you might want to try on a few more disguises before you make a decision."
3089,2596,0,12,75,87,1.1379310344827587,0.03718371489773737,690,"I like it, but I'm thinking the same thing in black may be more in season. What do you think?"
3067,2596,0,12,75,87,1.1379310344827587,0.03718371489773737,690,That’s a perfect fit.
3053,2596,2,8,77,87,1.1379310344827587,0.04378635707980383,690,Ha! A wolf in a sheep onesie! Perfect.
3550,2596,1,10,76,87,1.1379310344827587,0.040619414815555276,690,I'm just glad that Little Bo Peep has no grandmother.
3027,2596,2,8,77,87,1.1379310344827587,0.04378635707980383,690,"Bring me a small ass, please."
1445,2596,1,10,76,87,1.1379310344827587,0.040619414815555276,690,"Sorry, typically the costume is worn on the outside."
2892,2596,1,10,76,87,1.1379310344827587,0.040619414815555276,690,Maybe a little too on the nose ?
2779,2596,1,10,76,87,1.1379310344827587,0.040619414815555276,690,The wisdom of our ancestors is in the simile
2752,2596,0,12,75,87,1.1379310344827587,0.03718371489773737,690,Today’s Special. Buy two and get the third one free
2691,2596,1,10,76,87,1.1379310344827587,0.040619414815555276,690,Is it too obvious for the #Me2 costume gala?
2690,2596,1,10,76,87,1.1379310344827587,0.040619414815555276,690,Whew - I nearly gave myself a heart attack!
2676,2596,0,12,75,87,1.1379310344827587,0.03718371489773737,690,"Yes, it’s the same designer that made your ‘grandmother’ coat."
2664,2596,1,10,76,87,1.1379310344827587,0.040619414815555276,690,The reverse shearling DOES look more professional.
3602,2596,2,8,77,87,1.1379310344827587,0.04378635707980383,690,Do you have anything in a 'Grandma' size medium?
2553,2596,3,6,78,87,1.1379310344827587,0.046739204878581554,690,"""My wife was hoping more for a sheep in wolf's clothing."""
2525,2596,3,6,78,87,1.1379310344827587,0.046739204878581554,690,"Ok, now I look sheepish.""
""Does it come in black?""
""Does my bum look big in this?"
2481,2596,2,8,77,87,1.1379310344827587,0.04378635707980383,690,Let’s pair stripes with a neutral solid to make you feel safe.
2434,2596,1,10,76,87,1.1379310344827587,0.040619414815555276,690,"Equine and bovine and porcine and ovine.
Three didn't cut it, but this one is so fine.
Yes, I'd like more; but this wool will be plenty
To lead to success in the year 2020."
2324,2596,1,10,76,87,1.1379310344827587,0.040619414815555276,690,What's that Ralph?  Time to clock out?
1438,2596,2,8,77,87,1.1379310344827587,0.04378635707980383,690,This is so yesterday! I'm hanging out on Wall Street these days and a bull outfit would be just the ticket.
325,2596,2,8,77,87,1.1379310344827587,0.04378635707980383,690,"Again Mademoiselle Wolffe,whether in luxurious mink or humble, misleading sheep's clothing, your iconic style and looks set the gold standard throughout the fashion world."""
1306,2596,1,10,76,87,1.1379310344827587,0.040619414815555276,690,To be honest. I don’t think any of these are  quite right. I made a resolution. It’s a plant-based diet and vegan leather for me this year.
1366,2596,1,10,76,87,1.1379310344827587,0.040619414815555276,690,I'm udderly afraid this is not going to turn out well for Wilbur.
106,2596,0,12,75,87,1.1379310344827587,0.03718371489773737,690,"Shall | tell your wife you needed some space, sir?"
94,2596,0,12,75,87,1.1379310344827587,0.03718371489773737,690,"| heard once you should dress | for the job you want and not |  the job you have, so...”"
92,2596,0,12,75,87,1.1379310344827587,0.03718371489773737,690,"Going out for a walk, Sir?"
76,2596,2,8,77,87,1.1379310344827587,0.04378635707980383,690,"Sorry, we dont go that far up."
67,2596,3,6,78,87,1.1379310344827587,0.046739204878581554,690,Where to?” Astronaut: “Outerspace
64,2596,1,10,76,87,1.1379310344827587,0.040619414815555276,690, 
36,2596,2,8,77,87,1.1379310344827587,0.04378635707980383,690,"——————————————— Before you ask- no, I’m not going up."
18,2596,3,6,78,87,1.1379310344827587,0.046739204878581554,690,"Hotel bar, sir. Stay here long enough and perhaps you’ ll be transported somewhere else."
7,2596,2,8,77,87,1.1379310344827587,0.04378635707980383,690,"To the rooftop parking, thanks."
4076,2596,0,12,75,87,1.1379310344827587,0.03718371489773737,690,Exactly what I have been looking for!
4053,2596,2,8,77,87,1.1379310344827587,0.04378635707980383,690,"Excellent choice, sir! Would you care to see our granny collection today?"
4020,2596,0,12,75,87,1.1379310344827587,0.03718371489773737,690,"I was looking for something along the lines of a grandmother, but this has potential."
4015,2596,2,8,77,87,1.1379310344827587,0.04378635707980383,690,"Behind the scenes, one often has a different personality."
4086,2596,1,10,76,87,1.1379310344827587,0.040619414815555276,690,Is it stain resistant?
4092,2596,0,12,75,87,1.1379310344827587,0.03718371489773737,690,"Fleeces are all the rage this season, Sir."
3905,2596,0,12,75,87,1.1379310344827587,0.03718371489773737,690,"Yes, definitely you, innocent, vegetarian, sheepish .... but do smile less, your teeth are showing...."
3834,2596,2,8,77,87,1.1379310344827587,0.04378635707980383,690,It walked the runway last week.
4111,2596,0,12,75,87,1.1379310344827587,0.03718371489773737,690,...Yes but do you think it highlights what big teeth I have
4113,2596,2,8,77,87,1.1379310344827587,0.04378635707980383,690,"Just wait until you try the new fragrance line, sir."
4129,2596,3,6,78,87,1.1379310344827587,0.046739204878581554,690,Does this make me look fatuous?
3470,2596,2,8,77,87,1.1379310344827587,0.04378635707980383,690,"I love them all, but nothing beats the old classics."
3827,2596,1,10,76,87,1.1379310344827587,0.040619414815555276,690,"The sheep looks nice, but it's not very slimming."
3714,2596,2,8,77,87,1.1379310344827587,0.04378635707980383,690,"Yes, I feel like this one will really stick in the social conscious."
3715,2596,2,8,77,87,1.1379310344827587,0.04378635707980383,690,"Mr. Wolfe, if I may, sheep’s clothing is sooo last year; shall I suggest a pig’s cape."
3825,2596,0,12,75,87,1.1379310344827587,0.03718371489773737,690,I'll take this one. Little Bo Peep won't know the difference.
3807,2596,2,8,77,87,1.1379310344827587,0.04378635707980383,690,Zootopia 2 has been a life-saver for our bottom line!
231,2596,1,10,76,87,1.1379310344827587,0.040619414815555276,690,Well..they were out of the Santa suit
237,2596,1,10,76,87,1.1379310344827587,0.040619414815555276,690,"Let me explain the buttons to you, then you can take it from there"
213,2596,2,8,77,87,1.1379310344827587,0.04378635707980383,690,"To Uranus, please."
257,2596,2,8,77,87,1.1379310344827587,0.04378635707980383,690,Wife thinks I have acrophobia.
1271,2596,2,8,77,87,1.1379310344827587,0.04378635707980383,690,The World's Worst Yet Most Confident Taxidermist
1163,2596,0,12,75,87,1.1379310344827587,0.03718371489773737,690,This metaphor suits you perfectly.
1138,2596,1,10,76,87,1.1379310344827587,0.040619414815555276,690,"'""Who is ever going to believe this? Now a wolf in cow's clothing.  That's the number."""
1122,2596,1,10,76,87,1.1379310344827587,0.040619414815555276,690,Do you have it in a summer weight?
1097,2596,1,10,76,87,1.1379310344827587,0.040619414815555276,690,My granddaughter will be so surprised!
1071,2596,0,12,75,87,1.1379310344827587,0.03718371489773737,690,"I know it's cliche, but nothing else hides my love handles so well."
1060,2596,1,10,76,87,1.1379310344827587,0.040619414815555276,690,It seamlessly goes from Day to Fright
984,2596,1,10,76,87,1.1379310344827587,0.040619414815555276,690,"Oh, I like this one!  It's a classic look."
953,2596,1,10,76,87,1.1379310344827587,0.040619414815555276,690,Classic. I'll take it.
947,2596,0,12,75,87,1.1379310344827587,0.03718371489773737,690,And I think you're a hunter in bankers' clothing.
860,2596,1,10,76,87,1.1379310344827587,0.040619414815555276,690,A wolf in sheep's clothing.i look utterly rediculous.
242,2596,2,8,77,87,1.1379310344827587,0.04378635707980383,690,High society lounge space?
790,2596,0,12,75,87,1.1379310344827587,0.03718371489773737,690,It looks great on you. You'll slay then!
793,2596,2,8,77,87,1.1379310344827587,0.04378635707980383,690,Do my fangs look big in this?
764,2596,1,10,76,87,1.1379310344827587,0.040619414815555276,690,The PETA convention will never see me coming!
303,2596,2,8,77,87,1.1379310344827587,0.04378635707980383,690,"Don't worry sir, your family will accept who you feel you really are, not what nature says you are!"""
390,2596,1,10,76,87,1.1379310344827587,0.040619414815555276,690,Where did you say you sourced this?
404,2596,0,12,75,87,1.1379310344827587,0.03718371489773737,690,The sheep is so dated. I would go with the newer international disguises plus the skins breathe and are washable.
529,2596,2,8,77,87,1.1379310344827587,0.04378635707980383,690,It’s a classic look sir. I’d say it’s presedentisl on you .
544,2596,1,10,76,87,1.1379310344827587,0.040619414815555276,690,This one? Or the little red cape?
782,2596,0,12,75,87,1.1379310344827587,0.03718371489773737,690,"It screams 'Baaa', but it whispers 'I'm going to sauté your entrails in your own blood'."
574,2596,2,8,77,87,1.1379310344827587,0.04378635707980383,690,You're smirk says it all.  Now let's talk about the bloody cost of this beauty!
3502,2596,1,10,76,87,1.1379310344827587,0.040619414815555276,690,I'm glad you finally remembered the metaphor!
640,2596,1,10,76,87,1.1379310344827587,0.040619414815555276,690,I really think this is me. I even feel a little sheepish.
642,2596,0,12,75,87,1.1379310344827587,0.03718371489773737,690,You're right! This one accentuates my playful side.
644,2596,0,12,75,87,1.1379310344827587,0.03718371489773737,690,It’s virgin ewe
669,2596,2,8,77,87,1.1379310344827587,0.04378635707980383,690,i have to get the flock out of here!
714,2596,1,10,76,87,1.1379310344827587,0.040619414815555276,690,"(To continue a previous cartoon by, Paul Noth).
Yes I do tell it like this."
731,2596,1,10,76,87,1.1379310344827587,0.040619414815555276,690,"It looks great, but you will have to avoid lamb chop lovers."
3094,2720,0,12,76,88,1.1363636363636365,0.03679214606365361,690,I am totally lost here. Can someone tell me the way to the Masked Ball Hall?
2094,2720,2,8,78,88,1.1363636363636365,0.043314293849451596,690,I won't be fleeced buying wool that has shrunk.  What is your return policy?
47,2720,3,6,79,88,1.1363636363636365,0.046231602519600706,690,"Houston, is there a problem?"
3832,2720,3,6,79,88,1.1363636363636365,0.046231602519600706,690,Perfect! GrrrrI'll Take It!
1752,2724,1,11,84,96,1.1354166666666667,0.03810129523822529,690,Ah yeah. That’s what I’m talking abaaaaaaht!
891,2724,1,11,84,96,1.1354166666666667,0.03810129523822529,690,Just don't tell the folks at PETA what we're up to...
1074,2724,1,11,84,96,1.1354166666666667,0.03810129523822529,690,What a big butt this makes me look like I have!
912,2727,1,10,79,90,1.1333333333333333,0.03934545613983191,690,This one looks great but somehow I don't think it's going to turn out well.
2072,2728,0,11,73,84,1.130952380952381,0.037028783150812844,690,This one makes your sinister side look great.
2085,2728,3,5,76,84,1.130952380952381,0.04724104126249248,690,"Dress for the job you want, you say?!?"
2091,2728,2,7,75,84,1.130952380952381,0.04410050166290234,690,"Irony is back, baby!"
2167,2728,1,9,74,84,1.130952380952381,0.04071845422256088,690,"The classic cut suits you perfectly, but you mentioned you often travel for business?"
2176,2728,0,11,73,84,1.130952380952381,0.037028783150812844,690,Louie! They're props! Get over it.
2208,2728,0,11,73,84,1.130952380952381,0.037028783150812844,690,"All our furs come from animals that are organic, non-GMO, free range and they are humanely killed."
2214,2728,1,9,74,84,1.130952380952381,0.04071845422256088,690,This coat might help me huff and puff.
2352,2728,1,9,74,84,1.130952380952381,0.04071845422256088,690,Very flattering and surprisingly not itchy.
2246,2728,1,9,74,84,1.130952380952381,0.04071845422256088,690,"Oh, he’ll fall for it; he’s trying to increase followers of his ‘Trophy Hunting’ Instagram profile."
2343,2728,1,9,74,84,1.130952380952381,0.04071845422256088,690,Do you have a wolf clothing? My New Year's resolution is to be more transparent.
4002,2728,0,11,73,84,1.130952380952381,0.037028783150812844,690,"I'll huff and puff and blow your balloons away """
2472,2728,1,9,74,84,1.130952380952381,0.04071845422256088,690,So I'm a little allergic to wool.  It'll be so totally worth it.
2482,2728,3,5,76,84,1.130952380952381,0.04724104126249248,690,Do you have anything with sheer?
2499,2728,2,7,75,84,1.130952380952381,0.04410050166290234,690,Yeah ... Bo-peep will love this one!
2502,2728,1,9,74,84,1.130952380952381,0.04071845422256088,690,Ah yeah...Them sheep said I couldn't come to their sheep prom cause I didn't have no wool. I'm about to show them all up with this lil number.
1994,2728,1,9,74,84,1.130952380952381,0.04071845422256088,690,It's too cliche. Let me look at the utter one.
2241,2728,0,11,73,84,1.130952380952381,0.037028783150812844,690,Can ewe guess who I am?
1985,2728,3,5,76,84,1.130952380952381,0.04724104126249248,690,It's perfect! I'll be confirmed as the Secretary of Grazing in no time!
1967,2728,2,7,75,84,1.130952380952381,0.04410050166290234,690,"It’s all faux, I am aware of your new lifestyle"
1552,2728,1,9,74,84,1.130952380952381,0.04071845422256088,690,It doesn't quite howl VEGAN loud enough for my purposes.
1585,2728,1,9,74,84,1.130952380952381,0.04071845422256088,690,"If they’re this scratchy, I’m not even sure I want to eat one."
1612,2728,0,11,73,84,1.130952380952381,0.037028783150812844,690,Well I don't FEEL sheepish.
1623,2728,0,11,73,84,1.130952380952381,0.037028783150812844,690,Would you have a Merino in black?
1628,2728,2,7,75,84,1.130952380952381,0.04410050166290234,690,It puts the lotion in the basket.
1637,2728,0,11,73,84,1.130952380952381,0.037028783150812844,690,I just don't know.....Do you think this sheepskin makes me look fat?
1653,2728,0,11,73,84,1.130952380952381,0.037028783150812844,690,"A little clichéd, don't you think?"
1658,2728,0,11,73,84,1.130952380952381,0.037028783150812844,690,It will make for a great idiom.
4035,2728,1,9,74,84,1.130952380952381,0.04071845422256088,690,"You can call ""fake-fur"" and get away with it..."
1761,2728,1,9,74,84,1.130952380952381,0.04071845422256088,690,"With these plant-based skins, I’m now a wolf in cheap clothing!"
1770,2728,1,9,74,84,1.130952380952381,0.04071845422256088,690,Are you sure this is real wool?
1800,2728,0,11,73,84,1.130952380952381,0.037028783150812844,690,Fierce!
1814,2728,1,9,74,84,1.130952380952381,0.04071845422256088,690,Me and the kids are planning a trip to Yellowstone.
4011,2728,0,11,73,84,1.130952380952381,0.037028783150812844,690,"Mr. Wolf, This is soooo ewe."
4008,2728,2,7,75,84,1.130952380952381,0.04410050166290234,690,"This would be a nice dinner dress, but I already have one like it."
2551,2728,1,9,74,84,1.130952380952381,0.04071845422256088,690,"""Nice. But do you have anything in a liberal style  made of Fake Fur?"""
2584,2728,1,9,74,84,1.130952380952381,0.04071845422256088,690,"‘Flea market’ isn’t a literal term, right?”"
2670,2728,0,11,73,84,1.130952380952381,0.037028783150812844,690,"Yes, Yes!  Wool looks good on me."
1534,2728,1,9,74,84,1.130952380952381,0.04071845422256088,690,"During fashion week, you go with what you know ..."
3245,2728,2,7,75,84,1.130952380952381,0.04410050166290234,690,"Mr. Wolf, what if we tried something a little different this time?"
3337,2728,1,9,74,84,1.130952380952381,0.04071845422256088,690,"Yes, Mr. Wolf, that coat is definitely you. But remember, your worldwide cruise suite includes your choice of five formal evening-wear attires."
3478,2728,2,7,75,84,1.130952380952381,0.04410050166290234,690,"I like it, but it's just so cliche."
3514,2728,0,11,73,84,1.130952380952381,0.037028783150812844,690,Here's one sheep you can count on.
3517,2728,3,5,76,84,1.130952380952381,0.04724104126249248,690,Wow! Rasp! Poopy dooey!
3531,2728,0,11,73,84,1.130952380952381,0.037028783150812844,690,Let’s face it...wool never goes out of favor
3213,2728,3,5,76,84,1.130952380952381,0.04724104126249248,690,"Yes, but what about the damn PETA folks outside?"
3533,2728,1,9,74,84,1.130952380952381,0.04071845422256088,690,"It's faux fur, too. For the, uhm, environmentally conscious wolf."
3580,2728,0,11,73,84,1.130952380952381,0.037028783150812844,690,It just doesn't feel like me at all - I love it.
3723,2728,2,7,75,84,1.130952380952381,0.04410050166290234,690,"They do say the clothes make the wolf.  I am getting used to the easy life in costume.  If I take these clothes off and hunt, I gotta work really hard just to get a meal!"
3772,2728,0,11,73,84,1.130952380952381,0.037028783150812844,690,"Pretty, but too cliched."
3780,2728,0,11,73,84,1.130952380952381,0.037028783150812844,690,Is it pre-shrunk?
3815,2728,0,11,73,84,1.130952380952381,0.037028783150812844,690,"A classic look indeed, sir."
3902,2728,1,9,74,84,1.130952380952381,0.04071845422256088,690,Metaphors are priceless.
3566,2728,1,9,74,84,1.130952380952381,0.04071845422256088,690,There's no people like snow people...
3212,2728,0,11,73,84,1.130952380952381,0.037028783150812844,690,"It may be a cliche, but only because it works."
3167,2728,1,9,74,84,1.130952380952381,0.04071845422256088,690,It's from the Woolf collection sir.
3995,2728,1,9,74,84,1.130952380952381,0.04071845422256088,690,My momma didn't name me Prophet for nothing you know.
2683,2728,2,7,75,84,1.130952380952381,0.04410050166290234,690,I feel an idiom coming on!
2727,2728,2,7,75,84,1.130952380952381,0.04410050166290234,690,"It's the finest Milano wool sir, imported from Italy."
2765,2728,1,9,74,84,1.130952380952381,0.04071845422256088,690,I feel like I'm in a mobile bubble bath!
2774,2728,3,5,76,84,1.130952380952381,0.04724104126249248,690,сделать Америку великой снова!
2811,2728,2,7,75,84,1.130952380952381,0.04410050166290234,690,"Yes Jack, I’m coming out of the closet, I’ve always been a sheep"
2826,2728,1,9,74,84,1.130952380952381,0.04071845422256088,690,No it’s okay to wear white after Labor Day.
2836,2728,1,9,74,84,1.130952380952381,0.04071845422256088,690,Does this make me look baa-bashful?
2849,2728,2,7,75,84,1.130952380952381,0.04410050166290234,690,"That's the one, Denise. You look like you were poured into it."
2855,2728,1,9,74,84,1.130952380952381,0.04071845422256088,690,One hundred percent cashmere?  You don't say.  I'll take it!
2880,2728,1,9,74,84,1.130952380952381,0.04071845422256088,690,"The sheep is a more expensive garment, but it really suits you."
2970,2728,0,11,73,84,1.130952380952381,0.037028783150812844,690,"The invitation says come as you are, but is this really the way I want to tell my old high school friends that I’m sheepsexual?"
2974,2728,1,9,74,84,1.130952380952381,0.04071845422256088,690,This is perfect for those weekends in the mountains!
3017,2728,1,9,74,84,1.130952380952381,0.04071845422256088,690,"Homo sapiens, Sir."
3063,2728,2,7,75,84,1.130952380952381,0.04410050166290234,690,Can’t believe the middle-aged white man is not on sale! They’re so last decade”
3095,2728,2,7,75,84,1.130952380952381,0.04410050166290234,690,Epstein didn't kill himself.
2651,2728,1,9,74,84,1.130952380952381,0.04071845422256088,690,"Yes sir, you could have fooled me."
1481,2728,1,9,74,84,1.130952380952381,0.04071845422256088,690,BAAAAA!
1459,2728,1,9,74,84,1.130952380952381,0.04071845422256088,690,"I know Wolf in Sheep's Clothing is the classic, but let's try the zebra."
3920,2728,2,7,75,84,1.130952380952381,0.04410050166290234,690,I still think it is not me.
484,2728,0,11,73,84,1.130952380952381,0.037028783150812844,690,YES! This will work nicely for my Tinder profile.
445,2728,1,9,74,84,1.130952380952381,0.04071845422256088,690,This screams sheer authority
441,2728,2,7,75,84,1.130952380952381,0.04410050166290234,690,We can take it in if you'd like.
394,2728,0,11,73,84,1.130952380952381,0.037028783150812844,690,"It might be cliche, but love it!"
374,2728,0,11,73,84,1.130952380952381,0.037028783150812844,690,"Lambs wool mittens, booties ...and minor tailoring will do the trick."
283,2728,0,11,73,84,1.130952380952381,0.037028783150812844,690,Normcore: it's all about fitting in.
267,2728,2,7,75,84,1.130952380952381,0.04410050166290234,690,"Gravity, am I right?"
1479,2728,1,9,74,84,1.130952380952381,0.04071845422256088,690,One can never go wrong with a classic.
4046,2728,2,7,75,84,1.130952380952381,0.04410050166290234,690,"Just be careful not to get the wool over your own eyes, sir."
225,2728,2,7,75,84,1.130952380952381,0.04410050166290234,690,"Going up?” “Yeah ,why"
221,2728,1,9,74,84,1.130952380952381,0.04071845422256088,690,This is my final exam!
212,2728,1,9,74,84,1.130952380952381,0.04071845422256088,690,"Long flight, Sir?"
201,2728,2,7,75,84,1.130952380952381,0.04410050166290234,690,Do you have shuttle service here?
192,2728,3,5,76,84,1.130952380952381,0.04724104126249248,690,"Our rooms are large but not as spaciou as you could have imagined, sir"
186,2728,1,9,74,84,1.130952380952381,0.04071845422256088,690,Which floor is the moon?
164,2728,2,7,75,84,1.130952380952381,0.04410050166290234,690,"No, my name is “toy not Houston 9 %  ‘, and yes, we all 7 have problems."
156,2728,1,9,74,84,1.130952380952381,0.04071845422256088,690,Year 2050 “Heading out to Central  Park sir?”
138,2728,2,7,75,84,1.130952380952381,0.04410050166290234,690,I will take a break from social media for couple of months. Please spare me some memes and good news about climate change when I’m back.
126,2728,1,9,74,84,1.130952380952381,0.04071845422256088,690,Wait. Sorry. | forgot my umbrella.
124,2728,2,7,75,84,1.130952380952381,0.04410050166290234,690,The chair in Wonka’s  glass elevator was  Charlie’s suggestion; the Space suit is because everyone still knows what happened to the other  kids.
4188,2728,1,9,74,84,1.130952380952381,0.04071845422256088,690,This ewe is really me!
63,2728,2,7,75,84,1.130952380952381,0.04410050166290234,690,"Sorry, 13 just sends us up and back down."
4202,2728,1,9,74,84,1.130952380952381,0.04071845422256088,690,"Let me speak to Mary, the owner of this little lamb whose fleece is white as snow."
508,2728,2,7,75,84,1.130952380952381,0.04410050166290234,690,I love that this Dolce and Gabaaana screams cultural appropriation.
596,2728,2,7,75,84,1.130952380952381,0.04410050166290234,690,"This retro look still works, doesn't it Andre? I'll take one in Merino and one in Cheviot."
247,2728,1,9,74,84,1.130952380952381,0.04071845422256088,690,"‘Mondays, am I right?"
698,2728,0,11,73,84,1.130952380952381,0.037028783150812844,690,"Yeah, this one's very ""me""."
1440,2728,0,11,73,84,1.130952380952381,0.037028783150812844,690,"Yes, but does it make me look fat?"""
1433,2728,0,11,73,84,1.130952380952381,0.037028783150812844,690,"Perhaps something a little less cliché, sir..."
674,2728,0,11,73,84,1.130952380952381,0.037028783150812844,690,Flesh Sale
1410,2728,2,7,75,84,1.130952380952381,0.04410050166290234,690,"Nice ovine, but I’m feeling a little horny today."
1334,2728,2,7,75,84,1.130952380952381,0.04410050166290234,690,You bet these are the fairest.
1333,2728,1,9,74,84,1.130952380952381,0.04071845422256088,690,I’ll take it.”  “Mary’s little lamb will never see me coming.
1332,2728,2,7,75,84,1.130952380952381,0.04410050166290234,690,Style over sustenance
1297,2728,0,11,73,84,1.130952380952381,0.037028783150812844,690,Two wolves in Sheep's Clothing
1220,2728,2,7,75,84,1.130952380952381,0.04410050166290234,690,What can I say? It's really me!
1130,2728,0,11,73,84,1.130952380952381,0.037028783150812844,690,"Excellent, but do you have it in Merino?"
1084,2728,0,11,73,84,1.130952380952381,0.037028783150812844,690,Ewe know I'm 100% Hotter!
1075,2728,0,11,73,84,1.130952380952381,0.037028783150812844,690,I love it. Will you take an IOU?
1430,2728,1,9,74,84,1.130952380952381,0.04071845422256088,690,"I present as a wolf but I identify as animal queer, thank you."
1007,2728,1,9,74,84,1.130952380952381,0.04071845422256088,690,"The costumes all fit, but they're not gonna fool the three little pigs."
1015,2728,2,7,75,84,1.130952380952381,0.04410050166290234,690,I look good enough to eat.
769,2728,0,11,73,84,1.130952380952381,0.037028783150812844,690,Three little piggies went to the play-never mind.
827,2728,1,9,74,84,1.130952380952381,0.04071845422256088,690,"Yes, yes, this one’s perfect...I’ll take it!"
828,2728,1,9,74,84,1.130952380952381,0.04071845422256088,690,"Sir, we've tried them all and that one is by far the least ostentatious for your dinner party."
854,2728,1,9,74,84,1.130952380952381,0.04071845422256088,690,It fits you the best.
3955,2728,1,9,74,84,1.130952380952381,0.04071845422256088,690,Perhaps you’d like something plant-based?
873,2728,2,7,75,84,1.130952380952381,0.04410050166290234,690,It fits better than it tastes!
880,2728,0,11,73,84,1.130952380952381,0.037028783150812844,690,I'll take it if you throw in a vintage dress.
949,2728,0,11,73,84,1.130952380952381,0.037028783150812844,690,I'll take this one!
951,2728,1,9,74,84,1.130952380952381,0.04071845422256088,690,It's you -- it's definitely you!
863,2728,0,11,73,84,1.130952380952381,0.037028783150812844,690,"I know it's a little cliche, but I love it."
961,2728,1,9,74,84,1.130952380952381,0.04071845422256088,690,Perfect business suit!
1988,2856,1,10,81,92,1.1304347826086956,0.038539359149039935,690,"So what's next to wear for my ""beastfriends"" party?"
1140,2856,0,12,80,92,1.1304347826086956,0.035304258388745666,690,Do you have anything in husky fit?”
189,2858,2,7,76,85,1.1294117647058823,0.043605807743241236,690,Ground floor to Major Tom?
799,2858,1,9,75,85,1.1294117647058823,0.0402660455486082,690,Some will find it cliché but I love it.
2336,2858,1,9,75,85,1.1294117647058823,0.0402660455486082,690,A steal at any price!
1116,2858,1,9,75,85,1.1294117647058823,0.0402660455486082,690,Send in the clowns...
103,2858,2,7,76,85,1.1294117647058823,0.043605807743241236,690,Take me to your C-level | execs
88,2858,1,9,75,85,1.1294117647058823,0.0402660455486082,690,which floor? the infinity and beyond please
4169,2858,1,9,75,85,1.1294117647058823,0.0402660455486082,690,Meet the new ewe.
1592,2858,1,9,75,85,1.1294117647058823,0.0402660455486082,690,"Yes, lovely, but I'm eager for you to try the Zebra."
1601,2858,0,11,74,85,1.1294117647058823,0.03662297611206199,690,"Actually, I’m looking for something a little more grandmotherly."
2061,2858,2,7,76,85,1.1294117647058823,0.043605807743241236,690,You need to diversify your proteins if you're going to do Whole30.
3994,2858,2,7,76,85,1.1294117647058823,0.043605807743241236,690,"Faux fur, you look divine. It’s amazing what a little retail therapy can do to cure the holiday blues."
435,2858,1,9,75,85,1.1294117647058823,0.0402660455486082,690,"Yeah, I think this should fool Little Red Riding Hood!"
2397,2858,2,7,76,85,1.1294117647058823,0.043605807743241236,690,"So cliche, but I love it!"
1576,2871,2,8,83,93,1.1290322580645162,0.04109819724326491,690,I always say you can’t beat Bob Mackie when you’re dressing for dinner!
2006,2871,0,12,81,93,1.1290322580645162,0.03495073154102977,690,I like this. Do you have it in pink?
4114,2871,1,10,82,93,1.1290322580645162,0.03814849572328797,690,"I think I'll take the sheep, I like the subtle image of innocence."""
4115,2874,1,9,76,86,1.127906976744186,0.03982352186952072,690,"Some of my best work, don't you think?"
2652,2875,2,7,78,87,1.1264367816091954,0.04264885469164209,690,"As a Supreme leader this out fit, fits you very well."
3041,2875,2,7,78,87,1.1264367816091954,0.04264885469164209,690,Very good sir.
1540,2875,0,11,76,87,1.1264367816091954,0.035837248691618764,690,Can I have three of these by Saturday night?
17,2878,1,10,86,97,1.1237113402061856,0.03666080462775236,690,Oops. Forgot my wallet.
1159,2879,0,11,78,89,1.1235955056179776,0.03508425841796854,690,A porcine pelt would nicely rhyme with your lupine look.
1644,2880,1,8,72,81,1.123456790123457,0.040759442022763395,690,"No, this does mutton for me."
2647,2880,1,8,72,81,1.123456790123457,0.040759442022763395,690,It’s been great doing business with you Mr. Osteen!
2635,2880,1,8,72,81,1.123456790123457,0.040759442022763395,690,"Ooh, this one makes me feel BAAD!"
2629,2880,0,10,71,81,1.123456790123457,0.036778936073496866,690,Is that in the elections end of season sale?
2585,2880,1,8,72,81,1.123456790123457,0.040759442022763395,690,Year-end bonus means Jake can buy out Yeezy’s zoomorphism collection
2568,2880,0,10,71,81,1.123456790123457,0.036778936073496866,690,Can we change the cliche with one outfit?
2546,2880,0,10,71,81,1.123456790123457,0.036778936073496866,690,Tres cliche.
2456,2880,1,8,72,81,1.123456790123457,0.040759442022763395,690,"I'll take this and a grandma, if you have one."
2361,2880,1,8,72,81,1.123456790123457,0.040759442022763395,690,Does this make what big ears I have look even bigger?
2354,2880,2,6,73,81,1.123456790123457,0.04438439015369765,690,"'' As requested, the lamb is marinating.``"
2252,2880,2,6,73,81,1.123456790123457,0.04438439015369765,690,I like it. But do you have something in a Grandma style?
2232,2880,1,8,72,81,1.123456790123457,0.040759442022763395,690,"Sorry for the delay, you have multiple choices."
2221,2880,1,8,72,81,1.123456790123457,0.040759442022763395,690,"Diversification’s the key to success these days, my friend."
2653,2880,1,8,72,81,1.123456790123457,0.040759442022763395,690,"I don't know what, but it has that touch of 'je ne sais quoi' going for it."""
2166,2880,2,6,73,81,1.123456790123457,0.04438439015369765,690,"This lamb is a little snug, let's try the sheep"
2049,2880,1,8,72,81,1.123456790123457,0.040759442022763395,690,"It's the perfect statement and will last forever."""
2030,2880,2,6,73,81,1.123456790123457,0.04438439015369765,690,I love this one but it is so last century.
2003,2880,0,10,71,81,1.123456790123457,0.036778936073496866,690,"Is it Armani, or...Pelosi?"
1995,2880,0,10,71,81,1.123456790123457,0.036778936073496866,690,"For some reason, I keep coming back to the wool."
1822,2880,0,10,71,81,1.123456790123457,0.036778936073496866,690,"Just right! No more of this ""safely graze"" nonsense."
1819,2880,0,10,71,81,1.123456790123457,0.036778936073496866,690,This one screams upper-middle class and my own instagram
1815,2880,1,8,72,81,1.123456790123457,0.040759442022763395,690,"I look so innocent, I'd almost forget I'm wearing fur!"
1811,2880,1,8,72,81,1.123456790123457,0.040759442022763395,690,I am attracted to the sheep clothing line.
1736,2880,1,8,72,81,1.123456790123457,0.040759442022763395,690,"We call that one ""trickle down economics"". It goes quite nicely with your eyes."
1657,2880,0,10,71,81,1.123456790123457,0.036778936073496866,690,Could I suggest something a little less stereotipical?
1656,2880,1,8,72,81,1.123456790123457,0.040759442022763395,690,What the flock! I'll take it.
2227,2880,2,6,73,81,1.123456790123457,0.04438439015369765,690,"Your corporate flock raid will be the talk of Wall Street, sir!"
2733,2880,2,6,73,81,1.123456790123457,0.04438439015369765,690,And they said OBAMA might be the Manchurian candidate!
2877,2880,0,10,71,81,1.123456790123457,0.036778936073496866,690,We need to get the smell out of the wool.
2872,2880,1,8,72,81,1.123456790123457,0.040759442022763395,690,"It’s perfect. I’ll will take it in white, just for the holidays ."
3381,2880,0,10,71,81,1.123456790123457,0.036778936073496866,690,"""This one doesn't really lend itself to much creativity, does it?"
3400,2880,0,10,71,81,1.123456790123457,0.036778936073496866,690,"They come runnin' just as fast as they will
'Cause every ewe crazy when I'm dressed to kill."""
3412,2880,0,10,71,81,1.123456790123457,0.036778936073496866,690,Something perhaps in coverup stripes then.....
3554,2880,1,8,72,81,1.123456790123457,0.040759442022763395,690,Irresistible and so snuggly; I'll take it.
3591,2880,0,10,71,81,1.123456790123457,0.036778936073496866,690,Not bad for a ewesed model!
3670,2880,2,6,73,81,1.123456790123457,0.04438439015369765,690,It's sure to be a hit with the ladies
3730,2880,0,10,71,81,1.123456790123457,0.036778936073496866,690,Much better than the udder one.
3760,2880,3,4,74,81,1.123456790123457,0.047734851676990625,690,"Be honest, does it make my hind quarters look big?"
3278,2880,0,10,71,81,1.123456790123457,0.036778936073496866,690,Do you have it in polyester?
3157,2880,2,6,73,81,1.123456790123457,0.04438439015369765,690,"It's me, it's definitely me. Does it come in black?"
3909,2880,1,8,72,81,1.123456790123457,0.040759442022763395,690,I can't wait to wreck the dress.
3953,2880,1,8,72,81,1.123456790123457,0.040759442022763395,690,This is the sheepest jacket we sell from the Incog-meat-o collection
2773,2880,1,8,72,81,1.123456790123457,0.040759442022763395,690,"So you are looking for a Halloween costume.  For some reason, this one is always popular with our wolf clientele."
3976,2880,1,8,72,81,1.123456790123457,0.040759442022763395,690,"This isn't me, but it might be ewe."
4061,2880,0,10,71,81,1.123456790123457,0.036778936073496866,690,"Perfect! But, does it come in black...?"
4077,2880,3,4,74,81,1.123456790123457,0.047734851676990625,690,Anything in red?
4191,2880,0,10,71,81,1.123456790123457,0.036778936073496866,690,Now you've nailed it...it's me!!
3128,2880,1,8,72,81,1.123456790123457,0.040759442022763395,690,Looking this good is a crime. Specifically murder.
3122,2880,1,8,72,81,1.123456790123457,0.040759442022763395,690,"Oh, god, yes."
3068,2880,0,10,71,81,1.123456790123457,0.036778936073496866,690,Do you have anything in unicorn?
3051,2880,1,8,72,81,1.123456790123457,0.040759442022763395,690,This year's elections need a more unexpected distraction....
3043,2880,2,6,73,81,1.123456790123457,0.04438439015369765,690,This is even BETTER than the Michael Jackson outfit!
3016,2880,0,10,71,81,1.123456790123457,0.036778936073496866,690,"Do you have something in ""Grandma chic""?"
2972,2880,2,6,73,81,1.123456790123457,0.04438439015369765,690,"Out with the Wolfe, sire - it's the White Metal Rat for 2020."
2944,2880,1,8,72,81,1.123456790123457,0.040759442022763395,690,"This is good, but what do you have in the Grandma look?"
3313,2880,1,8,72,81,1.123456790123457,0.040759442022763395,690,You have a collection to kill for.
4010,2880,0,10,71,81,1.123456790123457,0.036778936073496866,690,"Oh, I like this one... but do you have it in pink?"
1602,2880,0,10,71,81,1.123456790123457,0.036778936073496866,690,Is this wool?
2079,2880,1,8,72,81,1.123456790123457,0.040759442022763395,690,"This dress is perfect! Now I'll try on the next one, if you don't mind."
1399,2880,0,10,71,81,1.123456790123457,0.036778936073496866,690,Just express yourself.
387,2880,1,8,72,81,1.123456790123457,0.040759442022763395,690,I was really looking for something more in a poly-blend.
377,2880,1,8,72,81,1.123456790123457,0.040759442022763395,690,Perhaps something other than wool?
308,2880,2,6,73,81,1.123456790123457,0.04438439015369765,690,Might I also suggest these for when you're looking for something gamier - or meatier?
282,2880,0,10,71,81,1.123456790123457,0.036778936073496866,690,I hope nobody else wears this to the retirement party
279,2880,0,10,71,81,1.123456790123457,0.036778936073496866,690,"Heh, heh. I play the wolf in sheep's clothing in the Little Red Riding Hood production."
274,2880,2,6,73,81,1.123456790123457,0.04438439015369765,690,"The Sky Lounge is not THAT high, Sir."
269,2880,2,6,73,81,1.123456790123457,0.04438439015369765,690,Enjoy your launch break.
222,2880,1,8,72,81,1.123456790123457,0.040759442022763395,690,OMS SIRH SESE a mankind but please press 12 for me thank you. #
175,2880,1,8,72,81,1.123456790123457,0.040759442022763395,690,"Spacesuit in NYC- protection from the tourists, subway air &  going broke."
169,2880,1,8,72,81,1.123456790123457,0.040759442022763395,690,you dont need to hold the door buzz and neil will be back
146,2880,2,6,73,81,1.123456790123457,0.04438439015369765,690,Told you earth Is flat.
127,2880,2,6,73,81,1.123456790123457,0.04438439015369765,690,THIS IS AS FAR AS I CAN GET YOU  SIXTH FLOOR
80,2880,1,8,72,81,1.123456790123457,0.040759442022763395,690,"Despite claims, Trump Tower doesn’t actually have | a billion-anth floor"
66,2880,2,6,73,81,1.123456790123457,0.04438439015369765,690,"Stratosphere, please"
55,2880,2,6,73,81,1.123456790123457,0.04438439015369765,690,One small step for me to  | get out of this elevator but | the isolation of my  | apartment is terrifying
14,2880,2,6,73,81,1.123456790123457,0.04438439015369765,690,"The two million seven- hundred eighty three thousand one hundred and twelth floor, please."
1413,2880,1,8,72,81,1.123456790123457,0.040759442022763395,690,Maybe A New Look
402,2880,1,8,72,81,1.123456790123457,0.040759442022763395,690,"And even better, sir, is that you’ll fit right in with the Washington DC crowd...”"
425,2880,0,10,71,81,1.123456790123457,0.036778936073496866,690,Why did I resist this for so long? It just makes so much sense.
109,2880,1,8,72,81,1.123456790123457,0.040759442022763395,690,"Earth orbit, please."
540,2880,0,10,71,81,1.123456790123457,0.036778936073496866,690,"Wonderful, sir. Have you ever considered a career in politics?"""
448,2880,0,10,71,81,1.123456790123457,0.036778936073496866,690,"Who knew life in the city could be so fabulous."""
1330,2880,0,10,71,81,1.123456790123457,0.036778936073496866,690,"It's kind of cliche, but I can bring something fresh to it."
1132,2880,1,8,72,81,1.123456790123457,0.040759442022763395,690,"Well, I am looking for something that I can wear every day!"
1094,2880,1,8,72,81,1.123456790123457,0.040759442022763395,690,I hope this works better than that Grandma costume.
1066,2880,0,10,71,81,1.123456790123457,0.036778936073496866,690,You know you drive a mean bargain
1055,2880,3,4,74,81,1.123456790123457,0.047734851676990625,690,Gosh I look hot! #instaready #lovethisoutfit #ad #paidpartnership #20%Codeoff #spendyourmoney! #looklikeme
973,2880,0,10,71,81,1.123456790123457,0.036778936073496866,690,"Your ""Abattoir-Chic"" line is killin' it, Pierre."
903,2880,0,10,71,81,1.123456790123457,0.036778936073496866,690,I think white suits me better
857,2880,1,8,72,81,1.123456790123457,0.040759442022763395,690,May I present...the cut you ordered.
1285,2880,0,10,71,81,1.123456790123457,0.036778936073496866,690,"Oh yes, this one. I’ll wear it now, it’s mutton for lunch."
842,2880,0,10,71,81,1.123456790123457,0.036778936073496866,690,Do you carry a red riding hood?
673,2880,1,8,72,81,1.123456790123457,0.040759442022763395,690,I've been doing this for 17 years now and they still don't believe him. Aesop would've gotten a kick from this.
835,2880,1,8,72,81,1.123456790123457,0.040759442022763395,690,It's horribly cliche but will never go out of style - I love it!
847,2880,2,6,73,81,1.123456790123457,0.04438439015369765,690,This cartoon does not need a caption - words are superfluous.
831,2880,1,8,72,81,1.123456790123457,0.040759442022763395,690,I’ll take it! Now to make the pasture great again!
818,2880,2,6,73,81,1.123456790123457,0.04438439015369765,690,That outfit will be splendid for all dining occasions.
771,2880,1,8,72,81,1.123456790123457,0.040759442022763395,690,"I know it’s cliche, but it just feels so good."
748,2880,0,10,71,81,1.123456790123457,0.036778936073496866,690,"When I saw ‘sheep’s clothing’ in the window, I expected them to be your CUSTOMERS. What a pleasant surprise..."
2756,2979,1,9,80,90,1.1222222222222222,0.03814610776373575,690,"Revenge Costumes, Inc... at your Service."
75,2980,1,8,73,82,1.1219512195121952,0.040287449179724946,690,It’s just not the same.
3146,2981,1,8,74,83,1.1204819277108433,0.0398262106284982,690,Does it come in orange?
1955,2982,1,8,75,84,1.119047619047619,0.03937536494475907,690,"It looks great  and feels good, but I'm just not that fond of mutton."
1867,2982,1,8,75,84,1.119047619047619,0.03937536494475907,690,Yessiree... this is the ticket!
3777,2984,1,9,83,93,1.118279569892473,0.036977503381552486,690,Never mind.
2217,2984,1,9,83,93,1.118279569892473,0.036977503381552486,690,"I’ll take this one and the cow, too."
1183,2984,1,9,83,93,1.118279569892473,0.036977503381552486,690,Sheppard? No it's Van Huesen and your's
167,2984,1,9,83,93,1.118279569892473,0.036977503381552486,690,Please take one giant leap off the lift for mankind
2721,2988,0,9,69,78,1.1153846153846154,0.03640875553275111,690,Psst. I'm 20 percent off!
2599,2988,0,9,69,78,1.1153846153846154,0.03640875553275111,690,Cliche? Perhaps. But still a classic.
2415,2988,0,9,69,78,1.1153846153846154,0.03640875553275111,690,The bible gave me this idea.
2347,2988,1,7,70,78,1.1153846153846154,0.040725886269594766,690,I'm not sure which is worse...That I'm a wolf in sheep's clothing or that this establishment exists to cater to my disingenuous nature.
2102,2988,0,9,69,78,1.1153846153846154,0.03640875553275111,690,"Good choice, sir. It's from our Emulator Line, for the traditionalist with an ace up his sleeve."
2004,2988,0,9,69,78,1.1153846153846154,0.03640875553275111,690,I find the right dress can really liven up a dinner party.
1375,2988,1,7,70,78,1.1153846153846154,0.040725886269594766,690,If the idiom fits
1425,2988,0,9,69,78,1.1153846153846154,0.03640875553275111,690,"Yes this will work, but is it virgin wool?"
1648,2988,1,7,70,78,1.1153846153846154,0.040725886269594766,690,Yes it's warm and cuddly ... but I'm not sure this brings out the real me.
1869,2988,0,9,69,78,1.1153846153846154,0.03640875553275111,690,A Wolf in Sheep’s clothing. It looks so good it should be a cliche.
3428,2988,1,7,70,78,1.1153846153846154,0.040725886269594766,690,"I don't know, do you think it makes me look fat?"
2769,2988,0,9,69,78,1.1153846153846154,0.03640875553275111,690,"Perfect sir,little kiddies will love it."
2865,2988,0,9,69,78,1.1153846153846154,0.03640875553275111,690,Point me to the feigning room.
3048,2988,2,5,71,78,1.1153846153846154,0.04462732509846742,690,"""The others were okay, sir, but this was the funniest when you baa."""
3184,2988,0,9,69,78,1.1153846153846154,0.03640875553275111,690,"Oh, definitely this one...
But I'll have to change my drag queen name."
3372,2988,1,7,70,78,1.1153846153846154,0.040725886269594766,690,Wool is the new cashmere.
3403,2988,2,5,71,78,1.1153846153846154,0.04462732509846742,690,Fine wool indeed sir. I should add no animals were harmed in the making.
3432,2988,1,7,70,78,1.1153846153846154,0.040725886269594766,690,Will that be charged to your Wall Street account or your Political account?
3625,2988,0,9,69,78,1.1153846153846154,0.03640875553275111,690,Then you' ll love our granny outfits.
1315,2988,0,9,69,78,1.1153846153846154,0.03640875553275111,690,Do you think it’s a bit passé?
3711,2988,1,7,70,78,1.1153846153846154,0.040725886269594766,690,Now you're talking!
2734,2988,1,7,70,78,1.1153846153846154,0.040725886269594766,690,They died as they lived: screaming for me to get off of them.
1291,2988,2,5,71,78,1.1153846153846154,0.04462732509846742,690,"he was a wolf in sheeps clothing , she was a party cow from hell."
3885,2988,1,7,70,78,1.1153846153846154,0.040725886269594766,690,"Cool, but do you have it in black?"
1086,2988,1,7,70,78,1.1153846153846154,0.040725886269594766,690,I’m favoring this vintage look.
4022,2988,1,7,70,78,1.1153846153846154,0.040725886269594766,690,"Stunning, mister Secretary of the Interior!"
3758,2988,0,9,69,78,1.1153846153846154,0.03640875553275111,690,"Be honest, does it make my ass look big?"
3883,2988,2,5,71,78,1.1153846153846154,0.04462732509846742,690,What is this material? Idiom?
1114,2988,2,5,71,78,1.1153846153846154,0.04462732509846742,690,They found our hiding place.
61,2988,1,7,70,78,1.1153846153846154,0.040725886269594766,690,"the indoor pool, Sir"
101,2988,1,7,70,78,1.1153846153846154,0.040725886269594766,690,"that chick who drove across the country in diapers to kill her husband or whatever— how was she, as like a spaceman?  on god i bet she was Super good"
184,2988,1,7,70,78,1.1153846153846154,0.040725886269594766,690,"3, 2, 1...lift me up!"
1,2988,2,5,71,78,1.1153846153846154,0.04462732509846742,690,Welcome Major Tom! great to see you back at ground control please leave your helmet at the lobby desk this season we have protein pills special merry christmas to you and your beloved wife!
287,2988,0,9,69,78,1.1153846153846154,0.03640875553275111,690,"Sure, pasture chic's a classic style, but do you have anything that breathes?"
329,2988,1,7,70,78,1.1153846153846154,0.040725886269594766,690,You got this in black? I'm something of an outcast in my family.
422,2988,0,9,69,78,1.1153846153846154,0.03640875553275111,690,I quite agree that’s always in style
701,2988,0,9,69,78,1.1153846153846154,0.03640875553275111,690,Do you have anything more sheer ?
3819,2988,0,9,69,78,1.1153846153846154,0.03640875553275111,690,"It's the 20's sir, genus be damned..."
744,2988,0,9,69,78,1.1153846153846154,0.03640875553275111,690,Now this is something you could really sink your teeth into
930,2988,2,5,71,78,1.1153846153846154,0.04462732509846742,690,It's gender-neutral with repurposed materials. I love it!
185,2988,0,9,69,78,1.1153846153846154,0.03640875553275111,690,I will just check up on a friend and
3792,2988,1,7,70,78,1.1153846153846154,0.040725886269594766,690,The pack said  I'd never make it on Wall Street.
4126,3030,0,10,77,87,1.1149425287356323,0.03439354046699091,690,"I’ll take it!  And oh, by the way, would you happen to have any grandmother costumes"
2242,3031,1,7,71,79,1.1139240506329113,0.04023358353168818,690,"Lemme try the zebra, sheep is soooo last season"
2071,3032,1,9,88,98,1.1122448979591837,0.035180556970122914,690,"Oh yeah, that’s the stuff!"
1942,3033,0,10,80,90,1.1111111111111112,0.03331251951092717,690,"You can't go wrong with a classic look, Mr. Wolf."
91,3034,2,5,76,83,1.108433734939759,0.042032019030663156,690,"That’s funny. When I was  a kid, I wanted to be an elevator operator."
235,3034,1,7,75,83,1.108433734939759,0.03837749683764797,690,Yelp said the rooftop patio had great atmosphere
1201,3036,0,8,66,74,1.1081081081081081,0.03634325417788381,690,I assume you dress right?
125,3036,0,8,66,74,1.1081081081081081,0.03634325417788381,690,"| SAID | WANTED SPACE, MAN."" |"
2743,3038,0,10,83,93,1.10752688172043,0.03229700003364001,690,Cute! I always recognized Little Red Riding Hood IN you.
4157,3039,1,6,68,75,1.1066666666666667,0.04059615804541172,690,"You’re at it again, costume party animals!"
2853,3039,0,8,67,75,1.1066666666666667,0.03588436550487812,690,This one will surely blow them away!
2809,3039,0,8,67,75,1.1066666666666667,0.03588436550487812,690,"Oh darling, it was made for you...and shearling is all the rage this year!"
2806,3039,1,6,68,75,1.1066666666666667,0.04059615804541172,690,Love it...but does it make me look fat?
2755,3039,0,8,67,75,1.1066666666666667,0.03588436550487812,690,"Wow, I'm finally me.  I look so fine I'll probably become a meme."
2732,3039,0,8,67,75,1.1066666666666667,0.03588436550487812,690,"It's glamorous enough,
but the civil look isn't very chic this season."
2730,3039,0,8,67,75,1.1066666666666667,0.03588436550487812,690,It was an exhausting year I agree - but I didn’t think it would make you drink this much!
2718,3039,0,8,67,75,1.1066666666666667,0.03588436550487812,690,A wolf in sheep's clothing- a very popular choice!
2716,3039,1,6,68,75,1.1066666666666667,0.04059615804541172,690,"Nice- but do you have something in a Merino, or a Rambouillet?"
2710,3039,1,6,68,75,1.1066666666666667,0.04059615804541172,690,"Not ""look""...will it make me fat?"
2659,3039,1,6,68,75,1.1066666666666667,0.04059615804541172,690,"Suits you, sir.  Bravo."
2649,3039,2,4,69,75,1.1066666666666667,0.044815269812960044,690,I think this is the beginning of a beautiful friendship.
2624,3039,1,6,68,75,1.1066666666666667,0.04059615804541172,690,The sheepskin is always an excellent choice this time of year...
2617,3039,0,8,67,75,1.1066666666666667,0.03588436550487812,690,I think this will finally get me into Chipotle.
2069,3039,0,8,67,75,1.1066666666666667,0.03588436550487812,690,"For deception,you'll find my clothing excels!"
2859,3039,1,6,68,75,1.1066666666666667,0.04059615804541172,690,That is so 'not you' you.
2893,3039,2,4,69,75,1.1066666666666667,0.044815269812960044,690,‘Leisure  suit ? I disagree !’
2902,3039,0,8,67,75,1.1066666666666667,0.03588436550487812,690,"No need, this is exactly what's needed."
3109,3039,0,8,67,75,1.1066666666666667,0.03588436550487812,690,"No question, sir. It is absolutely ewe."
3104,3039,1,6,68,75,1.1066666666666667,0.04059615804541172,690,"Prey tell, you don't think it's a little too obvious?"
3097,3039,1,6,68,75,1.1066666666666667,0.04059615804541172,690,Stripes are very slimming.
3085,3039,0,8,67,75,1.1066666666666667,0.03588436550487812,690,"I believe being a ""wolf in sheep's clothing"" will suit you better than the pig, cow or mountain goat selections."
3073,3039,1,6,68,75,1.1066666666666667,0.04059615804541172,690,This is the latest from our picnic collection
3072,3039,2,4,69,75,1.1066666666666667,0.044815269812960044,690,"Yeah, perfect! This is faux lamb...right?"
2604,3039,0,8,67,75,1.1066666666666667,0.03588436550487812,690,"The bull suit was soooo last season. Now, this sheep suit is on trend!"
3066,3039,0,8,67,75,1.1066666666666667,0.03588436550487812,690,I love it -- it's so not me
3020,3039,1,6,68,75,1.1066666666666667,0.04059615804541172,690,I told you - the cheap price tag is deceiving.
2992,3039,1,6,68,75,1.1066666666666667,0.04059615804541172,690,Yeah...on the GOP ticket.
2980,3039,0,8,67,75,1.1066666666666667,0.03588436550487812,690,I'm leaving - you've proven yourself a sheep in salesman clothing
2967,3039,0,8,67,75,1.1066666666666667,0.03588436550487812,690,Fleece definitely suits you!
2928,3039,0,8,67,75,1.1066666666666667,0.03588436550487812,690,I love it.  It’s so cliche he’ll never dream it’s me before he falls asleep.
2906,3039,0,8,67,75,1.1066666666666667,0.03588436550487812,690,Do you have this in a ewe?
3022,3039,1,6,68,75,1.1066666666666667,0.04059615804541172,690,Taxidermy: A Dying Art
2603,3039,1,6,68,75,1.1066666666666667,0.04059615804541172,690,"It looks perfect, but does it come with anvil protection?"
2597,3039,0,8,67,75,1.1066666666666667,0.03588436550487812,690,"“You really should try some non alcoholic drinks next time, no matter what Susie says.”"
2595,3039,1,6,68,75,1.1066666666666667,0.04059615804541172,690,I'll take this in the bovine and porcine as well.
2099,3039,0,8,67,75,1.1066666666666667,0.03588436550487812,690,"This one is very 2019, do you have anything more modern?"
2100,3039,1,6,68,75,1.1066666666666667,0.04059615804541172,690,Machine-washable wool? I’ll take it.
2113,3039,0,8,67,75,1.1066666666666667,0.03588436550487812,690,It's just the right size but do you think it makes me look too sheepish?
2160,3039,1,6,68,75,1.1066666666666667,0.04059615804541172,690,On my right we have our top selling costume.
2163,3039,0,8,67,75,1.1066666666666667,0.03588436550487812,690,I love this wolf costume with the fancy hairdo!
2168,3039,0,8,67,75,1.1066666666666667,0.03588436550487812,690,Yes! A lovely one for my tour of New Zealand.
2171,3039,1,6,68,75,1.1066666666666667,0.04059615804541172,690,Thank goodness I herd about you
2204,3039,1,6,68,75,1.1066666666666667,0.04059615804541172,690,"Oh wow, my first Post Truth red tag sale."
2220,3039,0,8,67,75,1.1066666666666667,0.03588436550487812,690,I like you in sheep’s clothing
2235,3039,0,8,67,75,1.1066666666666667,0.03588436550487812,690,"If I didn't know better, Sidney, I'd think you were the terrible one."
2251,3039,0,8,67,75,1.1066666666666667,0.03588436550487812,690,"Sir, may I say it is a gorgeous look for you."
2253,3039,1,6,68,75,1.1066666666666667,0.04059615804541172,690,"Yes, I’m totally harmless and it’s ooh so comfortable. I’ll take it."
2306,3039,0,8,67,75,1.1066666666666667,0.03588436550487812,690,"It’s me, I mean, mahhh."
2323,3039,0,8,67,75,1.1066666666666667,0.03588436550487812,690,Behold the award winning couture of the season...Wolf in Lambs wool cloak
2370,3039,1,6,68,75,1.1066666666666667,0.04059615804541172,690,"I love it, but where's the rest?  I'm starving."
2407,3039,1,6,68,75,1.1066666666666667,0.04059615804541172,690,His neighbors had always suspected that Frank was hiding something.
2413,3039,0,8,67,75,1.1066666666666667,0.03588436550487812,690,"You can thank Gospel of Matthew 7:15, King James Version for this idea."
2570,3039,0,8,67,75,1.1066666666666667,0.03588436550487812,690,This one is Insta-worthy.
2566,3039,0,8,67,75,1.1066666666666667,0.03588436550487812,690,"Now I can infiltrate all the crime families! The BoPeeps, the BoPigs, the BoPebras,..."
2547,3039,0,8,67,75,1.1066666666666667,0.03588436550487812,690,Aloysius was being fleeced but he stood to make a killing.
2542,3039,0,8,67,75,1.1066666666666667,0.03588436550487812,690,Perhaps the stripe one would be more sliming
2529,3039,0,8,67,75,1.1066666666666667,0.03588436550487812,690,I can't believe you murdered Frank and his friends for their skin!
2524,3039,0,8,67,75,1.1066666666666667,0.03588436550487812,690,"Ugh, when you find The One budget really flies out window..."
3125,3039,1,6,68,75,1.1066666666666667,0.04059615804541172,690,"Now, sir, this one is finally YOU! And, it's our Lon Chaney Jr. exclusive design. It is also 100% imported wool."
2458,3039,0,8,67,75,1.1066666666666667,0.03588436550487812,690,The last time I wore this it caused quite the commotion.
2451,3039,0,8,67,75,1.1066666666666667,0.03588436550487812,690,"You were made for this look"""
2449,3039,0,8,67,75,1.1066666666666667,0.03588436550487812,690,"Is this the only ""retro-sheep"" option you have?"
2444,3039,1,6,68,75,1.1066666666666667,0.04059615804541172,690,Good! Now how to change my howl to a bleat.
2440,3039,0,8,67,75,1.1066666666666667,0.03588436550487812,690,"Kukla, Fran & Ollie, now that was a class act!"
2436,3039,1,6,68,75,1.1066666666666667,0.04059615804541172,690,I think I'm a furry.
2416,3039,1,6,68,75,1.1066666666666667,0.04059615804541172,690,"Very appealing, indeed! Will sir be wearing the 'mutton getter' home?"
2452,3039,1,6,68,75,1.1066666666666667,0.04059615804541172,690,I was looking for something that is really me. Do you have a wolf?
3126,3039,1,6,68,75,1.1066666666666667,0.04059615804541172,690,"Old McDonald ""HAD"" a farm! eA eA Oh!"
3194,3039,0,8,67,75,1.1066666666666667,0.03588436550487812,690,"I know it's cliché, but this one does bring out my sensitive side."
3205,3039,3,2,70,75,1.1066666666666667,0.04866999865182624,690,"heard somewhere that sheep vaginas are the animal vaginas most like human vaginas. big reason why sheep are always gettin fucked, one of em anyhow. so this one here, you got any that’s vagina’d?"
3759,3039,1,6,68,75,1.1066666666666667,0.04059615804541172,690,"Yes, Yes, my wife would like all of these!  heh heh"
3768,3039,0,8,67,75,1.1066666666666667,0.03588436550487812,690,I’m looking for something a little more current… Something I could accessorize with a selfie stick.
3779,3039,0,8,67,75,1.1066666666666667,0.03588436550487812,690,"I'll take them on rental, and bring them back after lunch. Is there a cleaning fee on return?"
3789,3039,1,6,68,75,1.1066666666666667,0.04059615804541172,690,I trust your party will truly howl.
3795,3039,0,8,67,75,1.1066666666666667,0.03588436550487812,690,It's PERFECT! I'll take three.
3841,3039,0,8,67,75,1.1066666666666667,0.03588436550487812,690,This is the perfect suit for my reelection campaign!
3848,3039,0,8,67,75,1.1066666666666667,0.03588436550487812,690,Does this come already shorn?
3860,3039,0,8,67,75,1.1066666666666667,0.03588436550487812,690,GMO-designed? Fantastic! I'll be wearing it out of the store - and put it on the sheep's account.
3876,3039,0,8,67,75,1.1066666666666667,0.03588436550487812,690,Which Halloween costume fits me better?
3916,3039,0,8,67,75,1.1066666666666667,0.03588436550487812,690,"I love it, but do you think it makes me look fat?"
3923,3039,1,6,68,75,1.1066666666666667,0.04059615804541172,690,I feel ravishing!
3928,3039,3,2,70,75,1.1066666666666667,0.04866999865182624,690,That'll teach him to charge an arm and a leg.
4163,3039,2,4,69,75,1.1066666666666667,0.044815269812960044,690,"Classic, traditional, but always stylish sir."
3952,3039,0,8,67,75,1.1066666666666667,0.03588436550487812,690,You’ll be the baa of the Ball!
3967,3039,1,6,68,75,1.1066666666666667,0.04059615804541172,690,Yes!  This should enable me to make a pig of myself.
3977,3039,1,6,68,75,1.1066666666666667,0.04059615804541172,690,Right out of First Edition
3984,3039,0,8,67,75,1.1066666666666667,0.03588436550487812,690,"If I say yes, can I be assured you won't fleece me twice?"
4189,3039,0,8,67,75,1.1066666666666667,0.03588436550487812,690,I feel like sheep might be so last season.”
4183,3039,1,6,68,75,1.1066666666666667,0.04059615804541172,690,I'm looking for something that screams I could just eat ewe up.
4182,3039,1,6,68,75,1.1066666666666667,0.04059615804541172,690,"You wouldn't have something not so trite, would you?"
4156,3039,1,6,68,75,1.1066666666666667,0.04059615804541172,690,"Ahh, for when I go to the Capital in the Fall."
4142,3039,0,8,67,75,1.1066666666666667,0.03588436550487812,690,"I look great in this! But, do you have anything more Mufasa's inner circle?"
4127,3039,1,6,68,75,1.1066666666666667,0.04059615804541172,690,Let me try the one with the trunk again. I can never remember its name.
3741,3039,0,8,67,75,1.1066666666666667,0.03588436550487812,690,Little Bo Peep is in for a sheepish surprise!
4121,3039,0,8,67,75,1.1066666666666667,0.03588436550487812,690,"I'll pay cash. Real cash, of course."
4033,3039,0,8,67,75,1.1066666666666667,0.03588436550487812,690,I'll take it. Now I'm gonna need some mint jelly.
4029,3039,1,6,68,75,1.1066666666666667,0.04059615804541172,690,The she-wolf says my wardrobe has gotten so predictable.
4027,3039,0,8,67,75,1.1066666666666667,0.03588436550487812,690,I think I prefer the beige.
4019,3039,0,8,67,75,1.1066666666666667,0.03588436550487812,690,"If I may say sir,  you look marvelous in sheep's clothing"
4013,3039,1,6,68,75,1.1066666666666667,0.04059615804541172,690,"Though I realize you're trying to fleece me, it seems worth the investment in the long run."
3985,3039,1,6,68,75,1.1066666666666667,0.04059615804541172,690,"I'm going for strong, yet sensitive."
4047,3039,1,6,68,75,1.1066666666666667,0.04059615804541172,690,"Sir, I believe that fits ewe to a tee."
3735,3039,0,8,67,75,1.1066666666666667,0.03588436550487812,690,I love it!  It's so counter-intuitive!
3734,3039,1,6,68,75,1.1066666666666667,0.04059615804541172,690,"Looks like you are pulling off this outfit quite well, Sir!"
3692,3039,0,8,67,75,1.1066666666666667,0.03588436550487812,690,Do you think the cliché's too obvious?
3418,3039,1,6,68,75,1.1066666666666667,0.04059615804541172,690,You’re right. It’s so much more flattering thank the elk.
3406,3039,0,8,67,75,1.1066666666666667,0.03588436550487812,690,Are we having carrots for dinner.
3402,3039,0,8,67,75,1.1066666666666667,0.03588436550487812,690,"heard somewhere that sheep vaginas are the animal vaginas most like human vaginas—that’s why sheep are always gettin fucked. one reason anyhow. anyways, this one here, uh, you got any that’s vagina’d?"
3397,3039,0,8,67,75,1.1066666666666667,0.03588436550487812,690,"Love it, I'll take 99 more."
3330,3039,0,8,67,75,1.1066666666666667,0.03588436550487812,690,"Sooo more becoming, it’s me."
3318,3039,0,8,67,75,1.1066666666666667,0.03588436550487812,690,You see that animals can have another purpose other than food.
3433,3039,1,6,68,75,1.1066666666666667,0.04059615804541172,690,"Sweet deal! I eat 'em, you fleece 'em."
3295,3039,0,8,67,75,1.1066666666666667,0.03588436550487812,690,"Do you have something a little less wooly, I'm looking to blend in."
3280,3039,1,6,68,75,1.1066666666666667,0.04059615804541172,690,I'm supposed to dress as my favorite cliche'.  This will do.
3270,3039,0,8,67,75,1.1066666666666667,0.03588436550487812,690,"-Excuse me, Is there any medium size of lamb?
 -No, they are extinct"
3258,3039,0,8,67,75,1.1066666666666667,0.03588436550487812,690,It's PERFECT..but would you have it in a cable knit?
3243,3039,0,8,67,75,1.1066666666666667,0.03588436550487812,690,It really brings out your fangs.
3230,3039,1,6,68,75,1.1066666666666667,0.04059615804541172,690,"I’m happy with my new skin, but I’ll be dammed if I’m able to grow into it."
3209,3039,0,8,67,75,1.1066666666666667,0.03588436550487812,690,It's 100% lamb's wool  including the element of surprise.
3289,3039,0,8,67,75,1.1066666666666667,0.03588436550487812,690,"Yes, it is slimming and so flatters one's physique!"
4161,3039,0,8,67,75,1.1066666666666667,0.03588436550487812,690,"Ah yes, this will adequately conceal my evil intentions."
3469,3039,0,8,67,75,1.1066666666666667,0.03588436550487812,690,"I'll pay you back by the end of the week, with interest."
3484,3039,1,6,68,75,1.1066666666666667,0.04059615804541172,690,I don’t like to look aggressive.
3690,3039,1,6,68,75,1.1066666666666667,0.04059615804541172,690,I bet I could fire a shot down 5th Avenue and no one would notice
3681,3039,1,6,68,75,1.1066666666666667,0.04059615804541172,690,"Yes, an oldie but goodie"
3679,3039,0,8,67,75,1.1066666666666667,0.03588436550487812,690,"You don’t want to look too sheepish, you might be attacked"
3671,3039,1,6,68,75,1.1066666666666667,0.04059615804541172,690,it's all the rage in Walnut Street sir!
3631,3039,0,8,67,75,1.1066666666666667,0.03588436550487812,690,"Sir, this suit should work like a charm in your election campaign"
3626,3039,1,6,68,75,1.1066666666666667,0.04059615804541172,690,"It's easier to get through immigration as Mary's little lamb."""
3480,3039,1,6,68,75,1.1066666666666667,0.04059615804541172,690,"May I say, madame looks splendid as a wolf in sheep's clothing."
3620,3039,0,8,67,75,1.1066666666666667,0.03588436550487812,690,The Wolf of Wall Street”?   How perfectly delicious!
3576,3039,1,6,68,75,1.1066666666666667,0.04059615804541172,690,Jesus said you'd love it. It will match with the Serpent scarf and the Dove handbag.
3573,3039,0,8,67,75,1.1066666666666667,0.03588436550487812,690,"And if you want something a little less traditional, there’s nothing Grimm about  this bold Zebra print..."
3549,3039,2,4,69,75,1.1066666666666667,0.044815269812960044,690,This is perfect man. Drop those duds and let's try on some cloven heels!
3535,3039,0,8,67,75,1.1066666666666667,0.03588436550487812,690,You're right. The wool does soften up my body language.
3520,3039,1,6,68,75,1.1066666666666667,0.04059615804541172,690,This is much more ewe than that grandma thing you came in wearing.
3512,3039,0,8,67,75,1.1066666666666667,0.03588436550487812,690,I only wear faux fur.
3613,3039,1,6,68,75,1.1066666666666667,0.04059615804541172,690,"A wolf is a wolf, is a wolf, is a wolf"
2066,3039,1,6,68,75,1.1066666666666667,0.04059615804541172,690,"""Eat a leg!"
594,3039,1,6,68,75,1.1066666666666667,0.04059615804541172,690,Jim was looking forward to an evening alone with his animal corpses when a wolf burst out of a motherf**king sheepskin.
458,3039,0,8,67,75,1.1066666666666667,0.03588436550487812,690,"Oh yeah, I’ve heard the Old Testament is really hot now"
236,3039,1,6,68,75,1.1066666666666667,0.04059615804541172,690,All engines running. Lift. We have lift.
240,3039,1,6,68,75,1.1066666666666667,0.04059615804541172,690,Going all the way up?”
244,3039,2,4,69,75,1.1066666666666667,0.044815269812960044,690,I didnt receive training for this kind of trip.
249,3039,0,8,67,75,1.1066666666666667,0.03588436550487812,690,IT had no other clean clothes
250,3039,0,8,67,75,1.1066666666666667,0.03588436550487812,690,"I guess it is today.... Good luck for your court hearing for divorce, sir!"
355,3039,1,6,68,75,1.1066666666666667,0.04059615804541172,690,I'm never going to order online again.  This sheep's clothing is too small for me.
364,3039,0,8,67,75,1.1066666666666667,0.03588436550487812,690,This one is me!
385,3039,0,8,67,75,1.1066666666666667,0.03588436550487812,690,"I know it's cliché, but I #$@bleating&%* love it!"
388,3039,1,6,68,75,1.1066666666666667,0.04059615804541172,690,I knew you'd fleece me.
412,3039,1,6,68,75,1.1066666666666667,0.04059615804541172,690,"Finally, I will be fully loved and accepted."
428,3039,1,6,68,75,1.1066666666666667,0.04059615804541172,690,I work undercover.
436,3039,0,8,67,75,1.1066666666666667,0.03588436550487812,690,Nothing says wolf like sheep’s clothing!
469,3039,1,6,68,75,1.1066666666666667,0.04059615804541172,690,What do you have in grandmother?
481,3039,1,6,68,75,1.1066666666666667,0.04059615804541172,690,"Sir, this season's mountain goat style looks fabulous on you."
514,3039,0,8,67,75,1.1066666666666667,0.03588436550487812,690,"I know it’s a bit cliché, but I think people will appreciate the irony."
530,3039,0,8,67,75,1.1066666666666667,0.03588436550487812,690,This one feels itchy.
551,3039,1,6,68,75,1.1066666666666667,0.04059615804541172,690,The fleece was an inspiration!
606,3039,1,6,68,75,1.1066666666666667,0.04059615804541172,690,I like them all but this is my favorite.
610,3039,1,6,68,75,1.1066666666666667,0.04059615804541172,690,What the udder...?
618,3039,0,8,67,75,1.1066666666666667,0.03588436550487812,690,"Ahh, Mr. Wolf, me thinks that one may be out dated.May I offer a different approach?"
622,3039,1,6,68,75,1.1066666666666667,0.04059615804541172,690,It’s never easy selecting that perfect wedding dress.
656,3039,0,8,67,75,1.1066666666666667,0.03588436550487812,690,"Of course, I know life was simpler on the farm"
661,3039,0,8,67,75,1.1066666666666667,0.03588436550487812,690,And this wool will be breathable if a chase is necessary! I'll take it!
663,3039,0,8,67,75,1.1066666666666667,0.03588436550487812,690,I'll take it! I look adorably ravenous.
667,3039,1,6,68,75,1.1066666666666667,0.04059615804541172,690,May we suggest an update?
706,3039,1,6,68,75,1.1066666666666667,0.04059615804541172,690,Showtime!
708,3039,1,6,68,75,1.1066666666666667,0.04059615804541172,690,Got anything that says ACME?
713,3039,1,6,68,75,1.1066666666666667,0.04059615804541172,690,"This will do, pigskin is so yesterday."
737,3039,0,8,67,75,1.1066666666666667,0.03588436550487812,690,This one will do nicely for my dinner date...
234,3039,1,6,68,75,1.1066666666666667,0.04059615804541172,690,Can you count down this time?
232,3039,1,6,68,75,1.1066666666666667,0.04059615804541172,690,Is this the way to the moon landing set?
230,3039,0,8,67,75,1.1066666666666667,0.03588436550487812,690,My wife has just left me because I said I needed  space.
228,3039,1,6,68,75,1.1066666666666667,0.04059615804541172,690,I’m assuming you’re not going down.
23,3039,1,6,68,75,1.1066666666666667,0.04059615804541172,690,Can you hear me? Sorry I lost you there for a minute” -Major To
25,3039,1,6,68,75,1.1066666666666667,0.04059615804541172,690,"High flyers lounge, sir?"
28,3039,2,4,69,75,1.1066666666666667,0.044815269812960044,690,"Ah yes, going all the way up! 47"
35,3039,2,4,69,75,1.1066666666666667,0.044815269812960044,690,"Just promise me, don’t take me to the stars”"
43,3039,2,4,69,75,1.1066666666666667,0.044815269812960044,690,"Last floor, please."
44,3039,1,6,68,75,1.1066666666666667,0.04059615804541172,690,"Finally, an elevator with  some space."
46,3039,1,6,68,75,1.1066666666666667,0.04059615804541172,690,"please, forgot my rocket keys!"
60,3039,1,6,68,75,1.1066666666666667,0.04059615804541172,690,Last floor with a bathroom before the moon.”
65,3039,0,8,67,75,1.1066666666666667,0.03588436550487812,690,She said she needed space
86,3039,0,8,67,75,1.1066666666666667,0.03588436550487812,690,"You better wear pinstripes from now on, Mr. Cole"
93,3039,1,6,68,75,1.1066666666666667,0.04059615804541172,690,"I gotta say, this place has quite an atmosphere.."
110,3039,1,6,68,75,1.1066666666666667,0.04059615804541172,690,Russia is already up?
120,3039,1,6,68,75,1.1066666666666667,0.04059615804541172,690,"slower than Apollo, Faster than the stairs, safer than both!"
131,3039,1,6,68,75,1.1066666666666667,0.04059615804541172,690,"As the bell hop pressed the button to close the elevator door, he looked back and suddenly I realized the gravity of the  Situation."
22,3039,0,8,67,75,1.1066666666666667,0.03588436550487812,690,"Up or down, Sir?”  “Up, my kid was drawing a masterpiece”"
140,3039,0,8,67,75,1.1066666666666667,0.03588436550487812,690,"‘Hue?’ ""Stan?"
151,3039,0,8,67,75,1.1066666666666667,0.03588436550487812,690,"I don’t know about the moon, but here we have landed safely on the lobby, sir!"
158,3039,0,8,67,75,1.1066666666666667,0.03588436550487812,690,Oh so the moon’s not interesting enough huh?
170,3039,1,6,68,75,1.1066666666666667,0.04059615804541172,690,"Let me guess, going up?"
174,3039,1,6,68,75,1.1066666666666667,0.04059615804541172,690,Power dressing for millenials
181,3039,0,8,67,75,1.1066666666666667,0.03588436550487812,690,I started to feel like work was a ferocious void so they sent me home
182,3039,0,8,67,75,1.1066666666666667,0.03588436550487812,690,"They tell me the stairs lead to heaven, but my cardio is not great."
183,3039,1,6,68,75,1.1066666666666667,0.04059615804541172,690,Welcome back Mrs. Portman! - My name Is Lucy.
188,3039,1,6,68,75,1.1066666666666667,0.04059615804541172,690,want you home for _ dinner at 7”
190,3039,0,8,67,75,1.1066666666666667,0.03588436550487812,690,"Good Evening, Commander. Nice night for a walk."
197,3039,1,6,68,75,1.1066666666666667,0.04059615804541172,690,Are you going up or down?
203,3039,0,8,67,75,1.1066666666666667,0.03588436550487812,690,Write your caption here  I just want some  me time
208,3039,2,4,69,75,1.1066666666666667,0.044815269812960044,690,"MR ARMSTRONG, THE STAGE IS SET IN HALL NUMBER 8°"
215,3039,1,6,68,75,1.1066666666666667,0.04059615804541172,690,"- Sir, do you go out alone tonight  - | - |need my space. |"
226,3039,0,8,67,75,1.1066666666666667,0.03588436550487812,690,Where is my Tesla dude?
142,3039,1,6,68,75,1.1066666666666667,0.04059615804541172,690,Space voyage through Heavenward
893,3039,0,8,67,75,1.1066666666666667,0.03588436550487812,690,"Yessiree, I could catch a bunch with this one."
890,3039,1,6,68,75,1.1066666666666667,0.04059615804541172,690,"Yes, Mr. Wolf, the sheep's clothing is YOU."
919,3039,1,6,68,75,1.1066666666666667,0.04059615804541172,690,"Perfect, grandmothers love sheep."
1577,3039,1,6,68,75,1.1066666666666667,0.04059615804541172,690,Mr. Wolf - you'll never get away with it; it's too cliche. I've selected some other options that may be less obvious.
1608,3039,0,8,67,75,1.1066666666666667,0.03588436550487812,690,"Ahh,the perfect fit!


TG Beasley, Newtown, PA"
1618,3039,1,6,68,75,1.1066666666666667,0.04059615804541172,690,A bit too frothy?
1636,3039,0,8,67,75,1.1066666666666667,0.03588436550487812,690,"It’s cliche, but I’ll take it!"
1649,3039,0,8,67,75,1.1066666666666667,0.03588436550487812,690,These styles are all so delicious
1652,3039,1,6,68,75,1.1066666666666667,0.04059615804541172,690,I can honestly say I have never seen an outfit that does so much for a customer
1662,3039,2,4,69,75,1.1066666666666667,0.044815269812960044,690,"If I was Ann Coulter I'd be going with the one on the chair, but this is more poetic."
1665,3039,1,6,68,75,1.1066666666666667,0.04059615804541172,690,I'm still the fairest.......
1675,3039,1,6,68,75,1.1066666666666667,0.04059615804541172,690,"Now, now, no need to hide."
2062,3039,0,8,67,75,1.1066666666666667,0.03588436550487812,690,You have some nice fur on you.
1712,3039,0,8,67,75,1.1066666666666667,0.03588436550487812,690,Show me no more. This is perfect.
1798,3039,0,8,67,75,1.1066666666666667,0.03588436550487812,690,It's you. Just you. Fin de la commedia.
1803,3039,0,8,67,75,1.1066666666666667,0.03588436550487812,690,I can write a new story for myself in this one.
1820,3039,0,8,67,75,1.1066666666666667,0.03588436550487812,690,Does this one comes in sheeple?
1821,3039,1,6,68,75,1.1066666666666667,0.04059615804541172,690,"Yes, Virginia, there is a Santa Claus!"
1837,3039,0,8,67,75,1.1066666666666667,0.03588436550487812,690,You look ravishing sir.
1877,3039,0,8,67,75,1.1066666666666667,0.03588436550487812,690,Poodle really brings out your teeth
2051,3039,0,8,67,75,1.1066666666666667,0.03588436550487812,690,"So you're SURE it's not cliché?"""
2026,3039,1,6,68,75,1.1066666666666667,0.04059615804541172,690,Do you have it in meatium?
2023,3039,1,6,68,75,1.1066666666666667,0.04059615804541172,690,The algorithm for success.
2020,3039,0,8,67,75,1.1066666666666667,0.03588436550487812,690,"You can turn the other cheek all you want, but
a wolf is a wolf and it takes one to know one!"
2013,3039,0,8,67,75,1.1066666666666667,0.03588436550487812,690,This one might make you look innocent the best!
2002,3039,1,6,68,75,1.1066666666666667,0.04059615804541172,690,Don't you have anything in mineral
1551,3039,1,6,68,75,1.1066666666666667,0.04059615804541172,690,Is it me?
1964,3039,1,6,68,75,1.1066666666666667,0.04059615804541172,690,"Well, you can never go wrong with this classic style."
1946,3039,0,8,67,75,1.1066666666666667,0.03588436550487812,690,Cannot decide which dinner will make me look more fabulous.
1936,3039,0,8,67,75,1.1066666666666667,0.03588436550487812,690,"So, it's the Sheep Couture, Mr. Wolf ?"
1927,3039,1,6,68,75,1.1066666666666667,0.04059615804541172,690,I think I'll stick with the classic.
1926,3039,1,6,68,75,1.1066666666666667,0.04059615804541172,690,"Ewe is the idea,  I'm going in drag"
1917,3039,1,6,68,75,1.1066666666666667,0.04059615804541172,690,"Pierre, do you have this in ba-baa black?"
1906,3039,0,8,67,75,1.1066666666666667,0.03588436550487812,690,"No sir, doesn't make your posterior look large at all.  If I may say sir, you look positively transformed!"
1947,3039,1,6,68,75,1.1066666666666667,0.04059615804541172,690,My New Year's resolution this year was to wear more upcycled clothing.
894,3039,0,8,67,75,1.1066666666666667,0.03588436550487812,690,Here are endangered species for the White House lawn.
1549,3039,1,6,68,75,1.1066666666666667,0.04059615804541172,690,It's as if it was made just for you.
1538,3039,0,8,67,75,1.1066666666666667,0.03588436550487812,690,"You were right, nothing beats a classic!"
945,3039,0,8,67,75,1.1066666666666667,0.03588436550487812,690,The sheep is really in this season.
952,3039,0,8,67,75,1.1066666666666667,0.03588436550487812,690,This will be perfect for the furry convention.
993,3039,1,6,68,75,1.1066666666666667,0.04059615804541172,690,"It might not be you, but it fits the cliche!"
1001,3039,0,8,67,75,1.1066666666666667,0.03588436550487812,690,I'd get this one but it's not made out of wool.  It's just polyester.
1005,3039,0,8,67,75,1.1066666666666667,0.03588436550487812,690,And this is the same one Buttigieg has?
1012,3039,0,8,67,75,1.1066666666666667,0.03588436550487812,690,"Mary, I’m glad your on your board with this whole furry thing."
1061,3039,0,8,67,75,1.1066666666666667,0.03588436550487812,690,The Carnivore's Dilemma
1064,3039,0,8,67,75,1.1066666666666667,0.03588436550487812,690,By George I think you’ve got it!
1108,3039,1,6,68,75,1.1066666666666667,0.04059615804541172,690,"Shrewd, Jeeves, shrewd. Apart from the smashingly lovely texture and obvious sex appeal, for purposes of subterfuge...this may be on par with your grandmother scheme."
1125,3039,0,8,67,75,1.1066666666666667,0.03588436550487812,690,"I agree!  Nothing cries ""WOOLF"" like this one."
1161,3039,1,6,68,75,1.1066666666666667,0.04059615804541172,690,It brings out the real ewe.
1196,3039,0,8,67,75,1.1066666666666667,0.03588436550487812,690,Yes. Barnyard is the new Barneys!
1219,3039,1,6,68,75,1.1066666666666667,0.04059615804541172,690,Does this skin make my hindquarters look too lean?
1548,3039,0,8,67,75,1.1066666666666667,0.03588436550487812,690,Dead animals or pretending to be animals-I see nothing funny here.
1228,3039,1,6,68,75,1.1066666666666667,0.04059615804541172,690,"Yes, yes, that does look very good on you!”
Don Dechman, Austin, TX 7873"
1420,3039,0,8,67,75,1.1066666666666667,0.03588436550487812,690,"I think it's really ewe, sir."
1526,3039,1,6,68,75,1.1066666666666667,0.04059615804541172,690,The mutton look is the new black.
1508,3039,0,8,67,75,1.1066666666666667,0.03588436550487812,690,"Yes! This one'll get me to the cottage. Then I 'charm' Grandma, and Red Riding Hood is mine !"
1489,3039,0,8,67,75,1.1066666666666667,0.03588436550487812,690,These are just some of the costumes for Taylor Mack's next play on the evolution of mammals.
1456,3039,0,8,67,75,1.1066666666666667,0.03588436550487812,690,"Pig - too fat; zebra - horizontal stripes, too fat, how about just this little 'fat of the lamb'?"
1422,3039,0,8,67,75,1.1066666666666667,0.03588436550487812,690,I prefer a classic style.
1252,3039,0,8,67,75,1.1066666666666667,0.03588436550487812,690,I'm sure the wolf in sheep's clothing will win Best in Show.
13,3039,1,6,68,75,1.1066666666666667,0.04059615804541172,690,Travel pillows are on the third floor.
1324,3039,0,8,67,75,1.1066666666666667,0.03588436550487812,690,we’re calling it goat couture
1313,3039,1,6,68,75,1.1066666666666667,0.04059615804541172,690,"If I may say so sir, that's quite becoming... would you like to try that in the '""Big Horn"" size?"
1268,3039,0,8,67,75,1.1066666666666667,0.03588436550487812,690,Do you think the girls will like it?
1262,3039,1,6,68,75,1.1066666666666667,0.04059615804541172,690,Does it look like it'll make me fat?
1358,3039,0,8,67,75,1.1066666666666667,0.03588436550487812,690,A lover of wool Sir?
495,3311,1,7,77,85,1.1058823529411765,0.03751201268570391,690,It makes you look ten years younger.
1289,3312,1,6,69,76,1.105263157894737,0.04008301634665216,690,You're not just huffin' and puffin' me? You really think this one will blow the house down?
2008,3312,0,8,68,76,1.105263157894737,0.03543685943284941,690,"It's called sheep's clothing, a very classic look."
1081,3312,0,8,68,76,1.105263157894737,0.03543685943284941,690,"You look radiant, madam"
3847,3312,0,8,68,76,1.105263157894737,0.03543685943284941,690,Not bad. Do you have it in merino?
3874,3316,0,8,69,77,1.103896103896104,0.035000320203669485,690,"If you're sheepish about that costume, I have many other fine selections."
704,3317,0,8,70,78,1.1025641025641026,0.03457435192119191,690,This new wolf-sheep fetish is really making me rich.
115,3318,1,10,108,119,1.1008403361344539,0.03018000873737951,690,"iGRUSS GOTT""  4"
2677,3319,0,7,63,70,1.1,0.036115755925730755,690,Who would ever guess. This is definitely the one!
3025,3320,0,7,64,71,1.0985915492957747,0.03563129757936204,690,"Hey, someone help me out of this human suit!"
2966,3320,0,7,64,71,1.0985915492957747,0.03563129757936204,690,I'm looking for something that will really make me stand out.
2829,3320,1,5,65,71,1.0985915492957747,0.0408901437281722,690,Here sir is a size 5
2825,3320,1,5,65,71,1.0985915492957747,0.0408901437281722,690,"I don't mind going vegan to a political rally, but I hope my base understands."
2824,3320,1,5,65,71,1.0985915492957747,0.0408901437281722,690,"For variety,let's try a pig's clothing or a tiger's clothing.  You might like the change."
2697,3320,0,7,64,71,1.0985915492957747,0.03563129757936204,690,I like this one best for pouncing and being bahd.
2637,3320,0,7,64,71,1.0985915492957747,0.03563129757936204,690,Looking great! Just need a little  bobeep!
2594,3320,0,7,64,71,1.0985915492957747,0.03563129757936204,690,"Ah, you've done it, sir~
It's the perfect oxymoron!"
2457,3320,1,5,65,71,1.0985915492957747,0.0408901437281722,690,You gotta stick to the classics.
2274,3320,2,3,66,71,1.0985915492957747,0.04554578291161663,690,It's so not you.
2082,3320,1,5,65,71,1.0985915492957747,0.0408901437281722,690,100 percent wool huh?
2027,3320,0,7,64,71,1.0985915492957747,0.03563129757936204,690,Does this sheep make me look less wolfish?
1996,3320,0,7,64,71,1.0985915492957747,0.03563129757936204,690,Perfect! Just what I was going for.
3055,3320,1,5,65,71,1.0985915492957747,0.0408901437281722,690,"Your shop, sir, truly is the best—no synthetics."
3101,3320,1,5,65,71,1.0985915492957747,0.0408901437281722,690,I totally identify
3155,3320,1,5,65,71,1.0985915492957747,0.0408901437281722,690,Needed to get some skin off the game.
3159,3320,1,5,65,71,1.0985915492957747,0.0408901437281722,690,Save that bull costume for the bear.
3588,3320,1,5,65,71,1.0985915492957747,0.0408901437281722,690,"Good call, Jeeves. ‘Big Bad Woolf’ sounds much cooler."
3892,3320,1,5,65,71,1.0985915492957747,0.0408901437281722,690,"You can tell it's quality materials, but $2000?"
3563,3320,1,5,65,71,1.0985915492957747,0.0408901437281722,690,This one fits just right.
1956,3320,1,5,65,71,1.0985915492957747,0.0408901437281722,690,"Grandmother, what nice wool you have!"
3930,3320,1,5,65,71,1.0985915492957747,0.0408901437281722,690,"I like it, but is it too shear?"
4024,3320,0,7,64,71,1.0985915492957747,0.03563129757936204,690,The fleece lining is a tad itchy but I’ll take it!
3700,3320,1,5,65,71,1.0985915492957747,0.0408901437281722,690,Fabulous!
4043,3320,1,5,65,71,1.0985915492957747,0.0408901437281722,690,Extinction is fun.
3489,3320,0,7,64,71,1.0985915492957747,0.03563129757936204,690,"What do you think, Guillaume - too villainous?"
3468,3320,0,7,64,71,1.0985915492957747,0.03563129757936204,690,"Yes, I like it.  But do you have it in a more Libertarian style?"
3434,3320,0,7,64,71,1.0985915492957747,0.03563129757936204,690,"It's a wrap, I'll trot right in with my fake ID and some mint jelly."""
3341,3320,0,7,64,71,1.0985915492957747,0.03563129757936204,690,Don't I look delicious?
3247,3320,1,5,65,71,1.0985915492957747,0.0408901437281722,690,Google 'what do snowman eat?'
3175,3320,0,7,64,71,1.0985915492957747,0.03563129757936204,690,I was hoping without the stripes it wouldn't make me look fat. I don't want to stick out.
2609,3320,0,7,64,71,1.0985915492957747,0.03563129757936204,690,I wish something of a different stripe!
1897,3320,0,7,64,71,1.0985915492957747,0.03563129757936204,690,It’s a breathable fiber and form-fitting
48,3320,1,5,65,71,1.0985915492957747,0.0408901437281722,690,"Ad astra, please."
1641,3320,0,7,64,71,1.0985915492957747,0.03563129757936204,690,"If I come to steal, kill and destroy, I may as well look fabulous."
1710,3320,0,7,64,71,1.0985915492957747,0.03563129757936204,690,Sheep is SO 2019!
4187,3320,0,7,64,71,1.0985915492957747,0.03563129757936204,690,It's a classic look but a little played out.
89,3320,1,5,65,71,1.0985915492957747,0.0408901437281722,690,Wrong floor. This is not the Mars landing studio.’
123,3320,1,5,65,71,1.0985915492957747,0.0408901437281722,690,"Ya know, we’ve been  debating whether to call it the 9th floor or the 9th tier"
145,3320,2,3,66,71,1.0985915492957747,0.04554578291161663,690,Going up. High up.
255,3320,0,7,64,71,1.0985915492957747,0.03563129757936204,690,"Erm, going up?"
335,3320,0,7,64,71,1.0985915492957747,0.03563129757936204,690,I have a big closet.
363,3320,1,5,65,71,1.0985915492957747,0.0408901437281722,690,"I like it, but don’t you think it’s been done to death?"
382,3320,0,7,64,71,1.0985915492957747,0.03563129757936204,690,Perfect for a dinner party.
456,3320,0,7,64,71,1.0985915492957747,0.03563129757936204,690,Aha! PETA can't catch me now.
511,3320,0,7,64,71,1.0985915492957747,0.03563129757936204,690,"I don't care if it makes me look fat, as long as it helps me to get fat.
Drew Bridges Wake Forest, NC 27587"
604,3320,0,7,64,71,1.0985915492957747,0.03563129757936204,690,"It's ewe, it's ewe !"
682,3320,0,7,64,71,1.0985915492957747,0.03563129757936204,690,I have a feeling this ’vulnerability is the new fierce’ trend is going to work for me...
298,3320,0,7,64,71,1.0985915492957747,0.03563129757936204,690,I’m feeling sheepish.
789,3320,0,7,64,71,1.0985915492957747,0.03563129757936204,690,"I  bet that you  never get the hang of this,"
1598,3320,0,7,64,71,1.0985915492957747,0.03563129757936204,690,You're right- I should have traded in my Grandma outfit years ago!
715,3320,0,7,64,71,1.0985915492957747,0.03563129757936204,690,Perfect for the Cliche Ball!
1465,3320,1,5,65,71,1.0985915492957747,0.0408901437281722,690,"Godzillabreath, damnatio el mundo!"
1412,3320,0,7,64,71,1.0985915492957747,0.03563129757936204,690,I like the aesthetic look of sheep’s clothing but I really have big eyes for grandma evening wear.
1212,3320,1,5,65,71,1.0985915492957747,0.0408901437281722,690,"Sir, it looks ravishing on you with your teeth so sharp."
1206,3320,1,5,65,71,1.0985915492957747,0.0408901437281722,690,The three little pigs are hosting a cocktail party.
1279,3320,0,7,64,71,1.0985915492957747,0.03563129757936204,690,Perhaps you would like something a little more casual?
1118,3320,1,5,65,71,1.0985915492957747,0.0408901437281722,690,"alright everyone - I’m still unsettled on if I‘m a zebrakin or pigskin, but let’s put our keys in the bowl and get this party started either way. Dibs on fucking Greg’s wife."
1032,3320,1,5,65,71,1.0985915492957747,0.0408901437281722,690,I'm literally dressed to kill.
934,3320,1,5,65,71,1.0985915492957747,0.0408901437281722,690,And who is Fairest of all??
922,3320,0,7,64,71,1.0985915492957747,0.03563129757936204,690,"Yeah, it's real nice, but I was looking for something in Grandma."
909,3320,1,5,65,71,1.0985915492957747,0.0408901437281722,690,I'll take it in the black.
2726,3382,1,5,66,72,1.0972222222222223,0.04034147195184963,690,And it comes with a money baaaack guarantee.
3003,3382,0,7,65,72,1.0972222222222223,0.035159608253116335,690,It’s my fall collection: “Metaphor”.
2933,3382,1,5,66,72,1.0972222222222223,0.04034147195184963,690,"Yes, it’s a classic look for Wall Street holiday parties."
2739,3382,0,7,65,72,1.0972222222222223,0.035159608253116335,690,You’re right. Stick with what you know.
3087,3382,0,7,65,72,1.0972222222222223,0.035159608253116335,690,"Contrary to the common belief  was that Buffalo Bill was a buffalo, it was later found out that he was a wolf."
2723,3382,0,7,65,72,1.0972222222222223,0.035159608253116335,690,"somewhat of a trope, i suppose"
2212,3382,1,5,66,72,1.0972222222222223,0.04034147195184963,690,Who's afraid of the big bad poodle?!
2511,3382,0,7,65,72,1.0972222222222223,0.035159608253116335,690,I dunno--too cliché
2307,3382,1,5,66,72,1.0972222222222223,0.04034147195184963,690,"Aah, what two purses you'll make!"
2284,3382,1,5,66,72,1.0972222222222223,0.04034147195184963,690,"In my opinion, sir, sheep does make the man."
2254,3382,1,5,66,72,1.0972222222222223,0.04034147195184963,690,"Reminds me of my younger days,  when nobody took a young wolf seriouosly"
2172,3382,0,7,65,72,1.0972222222222223,0.035159608253116335,690,"A timeless classic, I'll take it!"
3120,3382,0,7,65,72,1.0972222222222223,0.035159608253116335,690,I'm going for false prophet. What do you think?
2618,3382,1,5,66,72,1.0972222222222223,0.04034147195184963,690,So they want to see my soft side. I’ll show them.
3130,3382,1,5,66,72,1.0972222222222223,0.04034147195184963,690,It’s perfect.  I’ll take five.
3945,3382,0,7,65,72,1.0972222222222223,0.035159608253116335,690,"Looks good, but I think it is a tad trite."
3228,3382,1,5,66,72,1.0972222222222223,0.04034147195184963,690,Owoo I mean Baaa.
4104,3382,1,5,66,72,1.0972222222222223,0.04034147195184963,690,"if you want something less traditional, these are the latest styles."
4003,3382,0,7,65,72,1.0972222222222223,0.035159608253116335,690,I'll take the Wooly Bully.
3964,3382,1,5,66,72,1.0972222222222223,0.04034147195184963,690,"Great for my dating app pic, but do my hips look fat?"
2120,3382,0,7,65,72,1.0972222222222223,0.035159608253116335,690,Oh this looks gorgeous! Does it come in human skin?
3816,3382,1,5,66,72,1.0972222222222223,0.04034147195184963,690,"It's so twenty years ago, but it just FEELS right."
3703,3382,1,5,66,72,1.0972222222222223,0.04034147195184963,690,"Just a cuddly “Stuffed Animal” by day - -   
The Stuff of nightmares tomorrow"
3648,3382,1,5,66,72,1.0972222222222223,0.04034147195184963,690,And this one is for occasions when you want to see and not be seen
3589,3382,0,7,65,72,1.0972222222222223,0.035159608253116335,690,"You look fabulous, wolfee, in sheep's clothing. But may I interest you in some evening wear?"
3569,3382,0,7,65,72,1.0972222222222223,0.035159608253116335,690,Is it organic?
3519,3382,0,7,65,72,1.0972222222222223,0.035159608253116335,690,I love the look but I'm allergic to wool. Do you have anything in a poodle?
3450,3382,1,5,66,72,1.0972222222222223,0.04034147195184963,690,I will take it if it is pre-shrunk.
3445,3382,2,3,67,72,1.0972222222222223,0.04492961902766521,690,This will be perfect for tonight's presidential debate
3439,3382,1,5,66,72,1.0972222222222223,0.04034147195184963,690,Oh I flocking love it.
3377,3382,0,7,65,72,1.0972222222222223,0.035159608253116335,690,"Excellent choice, now if you don’t mind I have another client coming in to try on some grandma clothes."
3254,3382,0,7,65,72,1.0972222222222223,0.035159608253116335,690,It’s good to see literary references in action!
3170,3382,1,5,66,72,1.0972222222222223,0.04034147195184963,690,"Mr. Wolf, no bacon this time?"
2050,3382,1,5,66,72,1.0972222222222223,0.04034147195184963,690,And you're sure this doesn't make me look too much like a pushover?
1322,3382,0,7,65,72,1.0972222222222223,0.035159608253116335,690,Don't tell me - you've been saving this best one for last!
1975,3382,1,5,66,72,1.0972222222222223,0.04034147195184963,690,"Ah, Mr. Wolf! Welcome to slaughterhouse Five."
4133,3382,0,7,65,72,1.0972222222222223,0.035159608253116335,690,"I like it but, is it too old fashioned ?"
4203,3382,0,7,65,72,1.0972222222222223,0.035159608253116335,690,So this is 100% wool?
168,3382,2,3,67,72,1.0972222222222223,0.04492961902766521,690,Are you a visitor of Mr .Dogg?
223,3382,1,5,66,72,1.0972222222222223,0.04034147195184963,690,"— On which floor Mr Apollo?  - 11, please."
284,3382,1,5,66,72,1.0972222222222223,0.04034147195184963,690,"You may return it within 30 days with no questions asked - if it's not blood-stained, of course."
296,3382,0,7,65,72,1.0972222222222223,0.035159608253116335,690,I like the wool—I just worry it's a little clichéd.
350,3382,1,5,66,72,1.0972222222222223,0.04034147195184963,690,"I know, but wool can sometimes make me itch."
522,3382,1,5,66,72,1.0972222222222223,0.04034147195184963,690,"Carnivore Sheep Chic, "" we call it"
523,3382,0,7,65,72,1.0972222222222223,0.035159608253116335,690,This gives a whole new meaning to a wolf in sheeps clothing.
625,3382,1,5,66,72,1.0972222222222223,0.04034147195184963,690,Simply dashing. You'll make all the boys cry.
738,3382,0,7,65,72,1.0972222222222223,0.035159608253116335,690,Might I suggest you try on one of these latest styles? They will truly put you at the head of the pack.
785,3382,2,3,67,72,1.0972222222222223,0.04492961902766521,690,"See my vest, see my vest,
see my veeeest!"
2001,3382,1,5,66,72,1.0972222222222223,0.04034147195184963,690,This is my best idiom.
1059,3382,1,5,66,72,1.0972222222222223,0.04034147195184963,690,"Call me a traditionalist, but you just can't beat a good Sheep's Clothing!"
1019,3382,1,5,66,72,1.0972222222222223,0.04034147195184963,690,I'm not feelin' it. What do you have in big brown spots?
1092,3382,1,5,66,72,1.0972222222222223,0.04034147195184963,690,Do you have anything suited to Wall Street?
1923,3382,1,5,66,72,1.0972222222222223,0.04034147195184963,690,"This is fun...
but I prefer our old Vaudeville shtick."
1904,3382,1,5,66,72,1.0972222222222223,0.04034147195184963,690,I always eat and wear what I kill.
1881,3382,0,7,65,72,1.0972222222222223,0.035159608253116335,690,"I know sheep is your traditional choice, but I would
like to show you some of our latest chic offerings."
1844,3382,1,5,66,72,1.0972222222222223,0.04034147195184963,690,Anything in unicorn? I'm feeling lucky.
1087,3382,1,5,66,72,1.0972222222222223,0.04034147195184963,690,This is definitely my style.
1705,3382,1,5,66,72,1.0972222222222223,0.04034147195184963,690,Does this make my ass look big?
1840,3382,0,7,65,72,1.0972222222222223,0.035159608253116335,690,"What's more, all the she-wolves will flock to you."
1681,3382,1,5,66,72,1.0972222222222223,0.04034147195184963,690,"I know it's a bit cliche', but you can put the others back."
1400,3382,1,5,66,72,1.0972222222222223,0.04034147195184963,690,I'm a Serta-fied genius.
1378,3382,1,5,66,72,1.0972222222222223,0.04034147195184963,690,"If it makes her look fat, she'll dump me.  I'll take it."
1328,3382,1,5,66,72,1.0972222222222223,0.04034147195184963,690,Do you think this will make me fat?
1186,3382,1,5,66,72,1.0972222222222223,0.04034147195184963,690,Who am I wearing? Is that a red carpet?
1100,3382,0,7,65,72,1.0972222222222223,0.035159608253116335,690,"The zebra was a bit much but the 44"" sheepskin is ewe!"
4172,3382,0,7,65,72,1.0972222222222223,0.035159608253116335,690,"You're right, this will be perfect for dining out."
4124,3448,0,7,66,73,1.095890410958904,0.034700192131439885,690,This is more like it.
3383,3448,0,7,66,73,1.095890410958904,0.034700192131439885,690,Little Red Riding Hood should go for this
1048,3448,0,7,66,73,1.095890410958904,0.034700192131439885,690,Perhaps you’d be more comfortable in your own skin.
1695,3448,1,5,67,73,1.095890410958904,0.03980729628804269,690,Sheep's clothing is so 2019.
1663,3452,0,8,76,84,1.0952380952380953,0.03222058768123689,690,"Sir, I thought you had a wool allergy."
2058,3453,0,7,68,75,1.0933333333333333,0.033816320668333254,690,5 minutes till Eyes Wide Shut 2 casting call!
272,3453,1,5,69,75,1.0933333333333333,0.038780199895099864,690,"Here you are sir, home—where | no one can hear you scream."
2792,3453,0,7,68,75,1.0933333333333333,0.033816320668333254,690,"Ah, yes! A Democrat In Name Only!"
2631,3456,0,6,62,68,1.088235294117647,0.03465174867755203,690,Or perhaps sir would prefer a more stylish animal?
2741,3456,0,6,62,68,1.088235294117647,0.03465174867755203,690,Oh! No ! You again!#@%
2924,3456,0,6,62,68,1.088235294117647,0.03465174867755203,690,"It’s a cliche, but I’ll probably take this one!"
3323,3456,0,6,62,68,1.088235294117647,0.03465174867755203,690,"Instead of the Baa, you might prefer the Grr."
3429,3456,1,4,63,68,1.088235294117647,0.04049352107666846,690,The Frozen North... Once .....
3486,3456,0,6,62,68,1.088235294117647,0.03465174867755203,690,"I'll take this, and the grandma costume."
3448,3456,0,6,62,68,1.088235294117647,0.03465174867755203,690,"So, with these disguises I can tear out as many throats as I want as long as I call it “cosplay.”"
3500,3456,0,6,62,68,1.088235294117647,0.03465174867755203,690,"That little pissant, Don Jr. He's incorrigible."
3547,3456,1,4,63,68,1.088235294117647,0.04049352107666846,690,"No one could accuse you of looking like mutton dressed as lamb in that one, Sir."
3581,3456,0,6,62,68,1.088235294117647,0.03465174867755203,690,"It's clearly you, Mr. Wolf"
3593,3456,0,6,62,68,1.088235294117647,0.03465174867755203,690,Déjà Vu
3720,3456,0,6,62,68,1.088235294117647,0.03465174867755203,690,I can still see you’re just a coyote.
4004,3456,0,6,62,68,1.088235294117647,0.03465174867755203,690,Where's the faux fur?
162,3456,0,6,62,68,1.088235294117647,0.03465174867755203,690,‘Plumbing gear has come a long way’ She told the lift  operator.
1436,3456,0,6,62,68,1.088235294117647,0.03465174867755203,690,So we narrowed it down to the sheep costume or the grandma costume.
2356,3456,0,6,62,68,1.088235294117647,0.03465174867755203,690,I was going for retro sheep.
2448,3456,0,6,62,68,1.088235294117647,0.03465174867755203,690,I'm sure the friend you call 'Little Red' will be fooled and delighted.
2287,3456,0,6,62,68,1.088235294117647,0.03465174867755203,690,Definitely this one - I'll take it.
814,3456,0,6,62,68,1.088235294117647,0.03465174867755203,690,"Ooh, I feel ten years less evil in this one."
2053,3456,0,6,62,68,1.088235294117647,0.03465174867755203,690,"Mirror, mirror on the wall
Who’s the fiercest of them all
Little Red is going to fall
I’ll be standing very tall"
113,3456,1,4,63,68,1.088235294117647,0.04049352107666846,690,| parked it on top’
372,3456,0,6,62,68,1.088235294117647,0.03465174867755203,690,Do you have anything maybe a little less trite?
462,3456,0,6,62,68,1.088235294117647,0.03465174867755203,690,"I assure you sir, it is 100% pure wool."
480,3456,0,6,62,68,1.088235294117647,0.03465174867755203,690,Do you have anything in a biped?
620,3456,0,6,62,68,1.088235294117647,0.03465174867755203,690,It makes me feel so idiomatic!
878,3456,0,6,62,68,1.088235294117647,0.03465174867755203,690,"So passé, do you have any old woman’s clothing with a wig?"
268,3456,1,4,63,68,1.088235294117647,0.04049352107666846,690,Great Wall of  ;  - this is your floor. You A right from your room.
1264,3456,1,4,63,68,1.088235294117647,0.04049352107666846,690,"Cute, but they're all so passe'. Step over here for a moment. I just got an idea."
982,3456,1,4,63,68,1.088235294117647,0.04049352107666846,690,"Ah, yes.  It speaks to me.  Baa-aaa-aaa."
2039,3456,0,6,62,68,1.088235294117647,0.03465174867755203,690,I’ve never seen anyone look so ready to kill it !
98,3456,1,4,63,68,1.088235294117647,0.04049352107666846,690,reach the stars in our rooftop” don’t you  think?    It’s a bit exaggerated to
1384,3456,0,6,62,68,1.088235294117647,0.03465174867755203,690,Perfect!  Will you take a cheque?
2257,3456,0,6,62,68,1.088235294117647,0.03465174867755203,690,Reminsent trophys from wishful hunts.
1690,3456,0,6,62,68,1.088235294117647,0.03465174867755203,690,"It suits you sir, but is it perhaps a little last century but one?"
2776,3490,0,6,63,69,1.0869565217391304,0.03416979339101634,690,"All protected species, I assure you."
2578,3490,0,6,63,69,1.0869565217391304,0.03416979339101634,690,The weather outside is frightening.........
2627,3490,1,4,64,69,1.0869565217391304,0.039922828555730934,690,I already paid them off this is just for the irony.
2705,3490,0,6,63,69,1.0869565217391304,0.03416979339101634,690,No one will recognise me in line for the new iPhone
2711,3490,1,4,64,69,1.0869565217391304,0.039922828555730934,690,Funny ... he looked horny to me.
2725,3490,0,6,63,69,1.0869565217391304,0.03416979339101634,690,Does sheep's clothing make me look fat?
2731,3490,1,4,64,69,1.0869565217391304,0.039922828555730934,690,I bought everything from Rhoda Morgenstern.
2771,3490,0,6,63,69,1.0869565217391304,0.03416979339101634,690,Take the udder one
2772,3490,0,6,63,69,1.0869565217391304,0.03416979339101634,690,"What next, elephant man?"
2693,3490,1,4,64,69,1.0869565217391304,0.039922828555730934,690,I’ve had my big eyes on this for awhile.
2930,3490,0,6,63,69,1.0869565217391304,0.03416979339101634,690,The ladies will find that one quite fetching
2838,3490,1,4,64,69,1.0869565217391304,0.039922828555730934,690,"Darling, check out this one. It's SO ewe..."""
2850,3490,0,6,63,69,1.0869565217391304,0.03416979339101634,690,"If I may say so, Sir, you’ll look a little blasé in that one."
2871,3490,1,4,64,69,1.0869565217391304,0.039922828555730934,690,"Remember when Trump publicly asked China to investigate the Bidens?  That was a nice touch. When you boldly put your crime on display, people start thinking what you have done must be ok!"
2898,3490,1,4,64,69,1.0869565217391304,0.039922828555730934,690,It's perfect sir - they simply won't recognise the new you!
2577,3490,0,6,63,69,1.0869565217391304,0.03416979339101634,690,I  really do like it... but  it's just not endangered enough for my taste.
2960,3490,0,6,63,69,1.0869565217391304,0.03416979339101634,690,"Hey Dolly, why are you dressed as a wolf dressed as a sheep?""
""I don't know Greg, why are you dressed as someone who gets paid to carry my stuff and not ask dumb questions?"
2976,3490,1,4,64,69,1.0869565217391304,0.039922828555730934,690,When does summer start?
2989,3490,0,6,63,69,1.0869565217391304,0.03416979339101634,690,I almost want to keep the price tag on!
3018,3490,0,6,63,69,1.0869565217391304,0.03416979339101634,690,"Well, it definitely makes a statement"
2786,3490,0,6,63,69,1.0869565217391304,0.03416979339101634,690,"Excellent choice, Mr. Buttigieg."
2562,3490,0,6,63,69,1.0869565217391304,0.03416979339101634,690,"I love the material, but do you have anything with a slimmer fit?"
2305,3490,0,6,63,69,1.0869565217391304,0.03416979339101634,690,Yes.  It's most definitely ewe.
2504,3490,0,6,63,69,1.0869565217391304,0.03416979339101634,690,This should get me past customs.
2024,3490,0,6,63,69,1.0869565217391304,0.03416979339101634,690,"I love it, but do you think it's too cliche'?"
2031,3490,0,6,63,69,1.0869565217391304,0.03416979339101634,690,It's very popular with sheep but it does suit Madam.
2055,3490,0,6,63,69,1.0869565217391304,0.03416979339101634,690,Maybe your sheep on wolfs clothes.
2077,3490,0,6,63,69,1.0869565217391304,0.03416979339101634,690,"Believe me sir, the look really suits ewe."
2081,3490,0,6,63,69,1.0869565217391304,0.03416979339101634,690,"I know it's cliché, but it's making a comeback."
2127,3490,0,6,63,69,1.0869565217391304,0.03416979339101634,690,Now let's see if that red-hooded tart recognizes me.
2151,3490,0,6,63,69,1.0869565217391304,0.03416979339101634,690,Being politically correct never suited me!
2187,3490,0,6,63,69,1.0869565217391304,0.03416979339101634,690,Perfect! Now where are your red caps?
2201,3490,0,6,63,69,1.0869565217391304,0.03416979339101634,690,"Wool is so-o-o-o-o In this year, too."
2203,3490,0,6,63,69,1.0869565217391304,0.03416979339101634,690,That's perfect - beats the udder ones!
2249,3490,0,6,63,69,1.0869565217391304,0.03416979339101634,690,"“Good choice, Mr. Wolf.  Definitely a pull the wool over her eyes piece.”"
2265,3490,0,6,63,69,1.0869565217391304,0.03416979339101634,690,"Nobody is gonna know I am a wolf, right? Ha, ha, ha. Ha, ha, ha. Oh, and dry clean only... but, ""Does this coat make my butt look fat?!?"""
2288,3490,0,6,63,69,1.0869565217391304,0.03416979339101634,690,Alfred knew that whatever costume he sold to Wilbur would not matter - Facebook already knows his true self
2294,3490,0,6,63,69,1.0869565217391304,0.03416979339101634,690,"No, try another, this and the horizontal stripes make me look too fat."
2298,3490,0,6,63,69,1.0869565217391304,0.03416979339101634,690,Faux fur?
3037,3490,0,6,63,69,1.0869565217391304,0.03416979339101634,690,Now they’ll have no choice but to call me a wolf in chic clothing!
2322,3490,0,6,63,69,1.0869565217391304,0.03416979339101634,690,All of these will give you that perfect vegan look.
2417,3490,0,6,63,69,1.0869565217391304,0.03416979339101634,690,How could PETA be angry if I go with wool instead of leather?
2426,3490,0,6,63,69,1.0869565217391304,0.03416979339101634,690,Now ewe talkin'...
2427,3490,0,6,63,69,1.0869565217391304,0.03416979339101634,690,This year I´ll try something different
2437,3490,0,6,63,69,1.0869565217391304,0.03416979339101634,690,"Date night with Miss Red Riding Hood I presume, sir?"
2536,3490,1,4,64,69,1.0869565217391304,0.039922828555730934,690,"Price? Why, I could hardly do better if I’d gone to Mongolia with Junior."
3039,3490,1,4,64,69,1.0869565217391304,0.039922828555730934,690,The classic look never goes out of style.
3259,3490,0,6,63,69,1.0869565217391304,0.03416979339101634,690,This one’s sure to leave a lasting expression.
3127,3490,0,6,63,69,1.0869565217391304,0.03416979339101634,690,And perhaps monsieur would like to round out the ensemble with  one for dining on pork and one for catching a ride home.
3641,3490,0,6,63,69,1.0869565217391304,0.03416979339101634,690,"Yes, I'll take the Sheepskin."
3658,3490,0,6,63,69,1.0869565217391304,0.03416979339101634,690,One size fits all.
3663,3490,0,6,63,69,1.0869565217391304,0.03416979339101634,690,Sold! You can put those away...
3708,3490,0,6,63,69,1.0869565217391304,0.03416979339101634,690,Whoa - Jeff Van Drew is killing it out there!
3766,3490,0,6,63,69,1.0869565217391304,0.03416979339101634,690,Do you have this in a Worsted?
3796,3490,0,6,63,69,1.0869565217391304,0.03416979339101634,690,Sheep is the new black.
3803,3490,0,6,63,69,1.0869565217391304,0.03416979339101634,690,Do you have any vegan options?
3817,3490,1,4,64,69,1.0869565217391304,0.039922828555730934,690,Mr. Johnson’s shop had a “don’t ask don’t tell” policy
3864,3490,0,6,63,69,1.0869565217391304,0.03416979339101634,690,"This ain’t chinchilla, but they taste awful."
3633,3490,0,6,63,69,1.0869565217391304,0.03416979339101634,690,Do you think Target will carry it?
3865,3490,0,6,63,69,1.0869565217391304,0.03416979339101634,690,You can count me in on this outfit!
3887,3490,0,6,63,69,1.0869565217391304,0.03416979339101634,690,It's a perfect look for you Ms. Pelosi!
3910,3490,0,6,63,69,1.0869565217391304,0.03416979339101634,690,Don't you just love Diversity.
4000,3490,0,6,63,69,1.0869565217391304,0.03416979339101634,690,Can I help you?
4014,3490,0,6,63,69,1.0869565217391304,0.03416979339101634,690,I'd feel sheepish wearing this. What else you got?
4049,3490,1,4,64,69,1.0869565217391304,0.039922828555730934,690,Perfect - there's an embraceable ewe I've been eyeing for some time.
4069,3490,0,6,63,69,1.0869565217391304,0.03416979339101634,690,"Oink...uh, Moo...er, Baad weather for a party, huh?"
4123,3490,0,6,63,69,1.0869565217391304,0.03416979339101634,690,I heard this is what they are wearing on the Continent.
4176,3490,0,6,63,69,1.0869565217391304,0.03416979339101634,690,"I’ll take it! Sure I feel morally compromised, but the feeling goes away with the hunger."
4195,3490,0,6,63,69,1.0869565217391304,0.03416979339101634,690,"This is perfect for this year's Met Gala theme: ""Idiomatic Expressions."""
3881,3490,1,4,64,69,1.0869565217391304,0.039922828555730934,690,"As you can see, we ran out of tuxedo, but we have everything that suits any other occasion"
3605,3490,1,4,64,69,1.0869565217391304,0.039922828555730934,690,"Dang, I make one sexy sheep."
3597,3490,0,6,63,69,1.0869565217391304,0.03416979339101634,690,"Excellent idea, Marcelle!"
3501,3490,0,6,63,69,1.0869565217391304,0.03416979339101634,690,That's a Horse of a Different Color.
3136,3490,0,6,63,69,1.0869565217391304,0.03416979339101634,690,"Ah yes, an approachable exhibition of class, it suits you quite well."
3164,3490,0,6,63,69,1.0869565217391304,0.03416979339101634,690,They say to dress for the food you want...
3189,3490,0,6,63,69,1.0869565217391304,0.03416979339101634,690,A boy cried to me about it.
3231,3490,0,6,63,69,1.0869565217391304,0.03416979339101634,690,"I predict, 'Best Costume Award'  for 'A Wolf in Sheep's Clothing.'"""
1993,3490,0,6,63,69,1.0869565217391304,0.03416979339101634,690,I told Bo to check here.
3298,3490,1,4,64,69,1.0869565217391304,0.039922828555730934,690,That will make a lasting statement!
3300,3490,0,6,63,69,1.0869565217391304,0.03416979339101634,690,I need something that breathes.
3309,3490,1,4,64,69,1.0869565217391304,0.039922828555730934,690,You will look wonderful at the MeatBall
3310,3490,0,6,63,69,1.0869565217391304,0.03416979339101634,690,"I don’t always cosplay, but when I do, it is to cause mass fatalities."
3321,3490,0,6,63,69,1.0869565217391304,0.03416979339101634,690,"And with that, a timeless adage was born at Bergdorf’s."
3342,3490,0,6,63,69,1.0869565217391304,0.03416979339101634,690,It suits you.
3346,3490,1,4,64,69,1.0869565217391304,0.039922828555730934,690,George Orwell clothing line.
3355,3490,0,6,63,69,1.0869565217391304,0.03416979339101634,690,Do you think anyone will notice it's not real fur?
3361,3490,0,6,63,69,1.0869565217391304,0.03416979339101634,690,"Today cheesecake, tomorrow cheeseburger!"
3373,3490,0,6,63,69,1.0869565217391304,0.03416979339101634,690,"Oooh, it feels so soft!"
3375,3490,0,6,63,69,1.0869565217391304,0.03416979339101634,690,What else ya got?
3384,3490,0,6,63,69,1.0869565217391304,0.03416979339101634,690,I still can't believe no sales tax!
3389,3490,1,4,64,69,1.0869565217391304,0.039922828555730934,690,"Yeah this one looks nice. I’ll buy it. The sheep one. People say I’m messed up or whatever because I’m a wolf who wears other dead animals’ skin, but that’s how I get my kicks, baby. I’m sure there’s a metaphor in here somewhere. I’m also unemployed."
3430,3490,1,4,64,69,1.0869565217391304,0.039922828555730934,690,The only problem is that there isn't a dry cleaner in my neck of the woods.
3438,3490,0,6,63,69,1.0869565217391304,0.03416979339101634,690,"When you call me ‘Mr. Madoff,’ Georges, I turn around and look for my father. You can call me ‘Bernie.’"
3483,3490,1,4,64,69,1.0869565217391304,0.039922828555730934,690,I can almost taste the votes.
3098,3490,0,6,63,69,1.0869565217391304,0.03416979339101634,690,"Mr. Lobo, it's YOU"
1991,3490,0,6,63,69,1.0869565217391304,0.03416979339101634,690,Yo brah we pulling all the motherfucking wool tonight.
4144,3490,1,4,64,69,1.0869565217391304,0.039922828555730934,690,I dress for success.
1914,3490,0,6,63,69,1.0869565217391304,0.03416979339101634,690,These are probably insured.
398,3490,0,6,63,69,1.0869565217391304,0.03416979339101634,690,"It's nice, but I think I'd prefer a little red riding hood."
479,3490,0,6,63,69,1.0869565217391304,0.03416979339101634,690,"I suppose, in a manner of speaking, I am going out on a lamb."
549,3490,0,6,63,69,1.0869565217391304,0.03416979339101634,690,It‘s Huge!
553,3490,1,4,64,69,1.0869565217391304,0.039922828555730934,690,"Perfect Sir, no udder for you."
586,3490,0,6,63,69,1.0869565217391304,0.03416979339101634,690,Good.  It makes me look fat!
598,3490,0,6,63,69,1.0869565217391304,0.03416979339101634,690,Is it slimming? I may put a few pounds on.
614,3490,0,6,63,69,1.0869565217391304,0.03416979339101634,690,This ought to do it!
650,3490,0,6,63,69,1.0869565217391304,0.03416979339101634,690,We have a return-before-it-rots policy.
654,3490,0,6,63,69,1.0869565217391304,0.03416979339101634,690,I'll be popping out of a pasture
383,3490,0,6,63,69,1.0869565217391304,0.03416979339101634,690,I look just faaabulous
721,3490,0,6,63,69,1.0869565217391304,0.03416979339101634,690,Fits like a glove!
746,3490,0,6,63,69,1.0869565217391304,0.03416979339101634,690,This one is definitely ewe.
751,3490,0,6,63,69,1.0869565217391304,0.03416979339101634,690,I think the sheep suit fits me the best.
760,3490,0,6,63,69,1.0869565217391304,0.03416979339101634,690,"And, of course, all our outfits are made 100% vegan."
761,3490,1,4,64,69,1.0869565217391304,0.039922828555730934,690,Ewe are right  I'll take it
803,3490,0,6,63,69,1.0869565217391304,0.03416979339101634,690,I'm just an innocent sheep
815,3490,0,6,63,69,1.0869565217391304,0.03416979339101634,690,Would you count me?
820,3490,1,4,64,69,1.0869565217391304,0.039922828555730934,690,Watch our world.  Hear me baa!
833,3490,0,6,63,69,1.0869565217391304,0.03416979339101634,690,"The new ""Faux Wool"" version looks splendid on sir."
844,3490,0,6,63,69,1.0869565217391304,0.03416979339101634,690,I'll take it.  Will you take a check?
742,3490,0,6,63,69,1.0869565217391304,0.03416979339101634,690,"Do I pay extra for the insides?"""
345,3490,0,6,63,69,1.0869565217391304,0.03416979339101634,690,Perfect! Do you have it in pinstripes?
338,3490,0,6,63,69,1.0869565217391304,0.03416979339101634,690,"You know, I just don't care if people are moralistic about it."
322,3490,0,6,63,69,1.0869565217391304,0.03416979339101634,690,"Too bad I'm a vegetarian now."""
1948,3490,0,6,63,69,1.0869565217391304,0.03416979339101634,690,"I always thought it was an idiom, not fashion advice."
0,3490,0,6,63,69,1.0869565217391304,0.03416979339101634,690,My pitch Is still a bit long.
30,3490,0,6,63,69,1.0869565217391304,0.03416979339101634,690,spaced out
39,3490,1,4,64,69,1.0869565217391304,0.039922828555730934,690,"I knew Pluto wasn’t an  ordinary planet, but how can I breath here?"
50,3490,1,4,64,69,1.0869565217391304,0.039922828555730934,690,"Just so you know, all of the jumping was purely for educational purposes."
62,3490,0,6,63,69,1.0869565217391304,0.03416979339101634,690,I will vote for your President!
69,3490,1,4,64,69,1.0869565217391304,0.039922828555730934,690,I’m sorry ma’am. It only goes up to the 30th floor.
95,3490,1,4,64,69,1.0869565217391304,0.039922828555730934,690,"Do you mina if we do a countdown before you push the button e""  ("
105,3490,0,6,63,69,1.0869565217391304,0.03416979339101634,690,"It’s called #Fashion, Frank"
117,3490,0,6,63,69,1.0869565217391304,0.03416979339101634,690,"Hows the buisness doing par""  ""Astronomical"
172,3490,0,6,63,69,1.0869565217391304,0.03416979339101634,690,Budget cuts?
179,3490,1,4,64,69,1.0869565217391304,0.039922828555730934,690,MERCURY WAS IN MY THIRD HOUSE! BAD DAY FOR A VIRGO.
191,3490,1,4,64,69,1.0869565217391304,0.039922828555730934,690,Of course you are the first sir.
210,3490,0,6,63,69,1.0869565217391304,0.03416979339101634,690,you’ve been a little spacey these days... we’re not seeing each other on the  same eye level
217,3490,1,4,64,69,1.0869565217391304,0.039922828555730934,690,"All the way up? Very well, Sir."
218,3490,1,4,64,69,1.0869565217391304,0.039922828555730934,690,-Where can I take you Siz?  -Fly me to the moon and let me play among the stars
243,3490,1,4,64,69,1.0869565217391304,0.039922828555730934,690,Oh Mr Armstrong the moon landing recording is over?
260,3490,0,6,63,69,1.0869565217391304,0.03416979339101634,690,"Here we are, sir, Mars... or floor 7"
275,3490,1,4,64,69,1.0869565217391304,0.039922828555730934,690,Have a good monday sir
281,3490,0,6,63,69,1.0869565217391304,0.03416979339101634,690,You gotta take advantage of an assail like this when it happens.
307,3490,0,6,63,69,1.0869565217391304,0.03416979339101634,690,Does this make me look toothy?
864,3490,0,6,63,69,1.0869565217391304,0.03416979339101634,690,It's a bit last-year.  Let's try the gazelle.
876,3490,0,6,63,69,1.0869565217391304,0.03416979339101634,690,Is this too Cliche?
121,3490,0,6,63,69,1.0869565217391304,0.03416979339101634,690,Waaay behind in laundry”
962,3490,0,6,63,69,1.0869565217391304,0.03416979339101634,690,"If I may say so sir, this one suits you perfectly!"
1426,3490,0,6,63,69,1.0869565217391304,0.03416979339101634,690,It's my signature style
1449,3490,0,6,63,69,1.0869565217391304,0.03416979339101634,690,"It is a cliché, my name's Mutton."
1452,3490,0,6,63,69,1.0869565217391304,0.03416979339101634,690,Do you have this one in black?
1478,3490,1,4,64,69,1.0869565217391304,0.039922828555730934,690,It is you sir and definitely NOT fugacious.
1499,3490,1,4,64,69,1.0869565217391304,0.039922828555730934,690,Oh yeah -- this one is definitely a killer.
1501,3490,0,6,63,69,1.0869565217391304,0.03416979339101634,690,Yes you look dashing but it's such a cliché.  Why not try the zebra's clothing?
1512,3490,0,6,63,69,1.0869565217391304,0.03416979339101634,690,I'll take it as long as bloodstains wash out of it.
1558,3490,0,6,63,69,1.0869565217391304,0.03416979339101634,690,"So, wool is in this season?"
1573,3490,1,4,64,69,1.0869565217391304,0.039922828555730934,690,Ha! Ha!  You're unmasked.  Wolf in sheep's clothing.  Right?
1398,3490,1,4,64,69,1.0869565217391304,0.039922828555730934,690,"Madam, its ewe."
1617,3490,1,4,64,69,1.0869565217391304,0.039922828555730934,690,"Ah, Yes!  Sheep suits me fine, as will mutton and lamb."
1696,3490,0,6,63,69,1.0869565217391304,0.03416979339101634,690,"With this curly wool coat, I could play in the drama: a wolf in the sheepfold!"
1730,3490,0,6,63,69,1.0869565217391304,0.03416979339101634,690,"I want a 'wolf in sheep's clothing' look, but this is more 'mutton dressed as lamb.'"
1743,3490,0,6,63,69,1.0869565217391304,0.03416979339101634,690,is that the sheepest one?
1763,3490,0,6,63,69,1.0869565217391304,0.03416979339101634,690,"Yes, of course it's OFF the rack!"
1786,3490,0,6,63,69,1.0869565217391304,0.03416979339101634,690,Ruminating cow: “Anna W’s going to eat this up!”
1794,3490,0,6,63,69,1.0869565217391304,0.03416979339101634,690,A perfect fit for the Electoral College!
1848,3490,1,4,64,69,1.0869565217391304,0.039922828555730934,690,"I'll take this one, it's absolutely perfect for church."
914,3490,1,4,64,69,1.0869565217391304,0.039922828555730934,690,Is it too Wall Street?
1913,3490,0,6,63,69,1.0869565217391304,0.03416979339101634,690,What do you feel like for dinner today?
1661,3490,0,6,63,69,1.0869565217391304,0.03416979339101634,690,The leather just doesn’t shrink as much ...
1395,3490,1,4,64,69,1.0869565217391304,0.039922828555730934,690,Perfect! I394c-9c24-4d5c-b7b0-67fa865d68dd.1578101392.1.1578101572.1578101392.cecc9490-c891-4b87-a1a0-637c3
1750,3490,0,6,63,69,1.0869565217391304,0.03416979339101634,690,"The man who cried, ""No refunds."""
1391,3490,0,6,63,69,1.0869565217391304,0.03416979339101634,690,So this is what happened to the boy who cried wolf
1013,3490,0,6,63,69,1.0869565217391304,0.03416979339101634,690,Arrr pieces of eight okay?
1073,3490,0,6,63,69,1.0869565217391304,0.03416979339101634,690,This one really suits me!
1143,3490,0,6,63,69,1.0869565217391304,0.03416979339101634,690,This will go over big at the Chicken Coup Ball
1148,3490,0,6,63,69,1.0869565217391304,0.03416979339101634,690,Have you something more vegan?
1151,3490,0,6,63,69,1.0869565217391304,0.03416979339101634,690,Haters gonna hate.
1174,3490,0,6,63,69,1.0869565217391304,0.03416979339101634,690,"For a sheep, you look good as a wolf!"
1178,3490,0,6,63,69,1.0869565217391304,0.03416979339101634,690,Is this vegan?
1188,3490,0,6,63,69,1.0869565217391304,0.03416979339101634,690,I make this look good!
998,3490,0,6,63,69,1.0869565217391304,0.03416979339101634,690,All this because they stray onto your side of the pasture.
1205,3490,1,4,64,69,1.0869565217391304,0.039922828555730934,690,"Yes, I do believe I prefer lamb chops to pork ribs or zebra steak."
1195,3490,0,6,63,69,1.0869565217391304,0.03416979339101634,690,"I'm thinking of switching up my fursona, which do you think looks best on me?"
1253,3490,0,6,63,69,1.0869565217391304,0.03416979339101634,690,I do like this one - it reveals my true inner and outer self.
1281,3490,0,6,63,69,1.0869565217391304,0.03416979339101634,690,"Sure does make me look innocent. But, do you have anything in an extra-large bunny?"
1284,3490,0,6,63,69,1.0869565217391304,0.03416979339101634,690,did i mention that there's a sale on sherpa?
1307,3490,0,6,63,69,1.0869565217391304,0.03416979339101634,690,You're all ready for classes to resume this term?
1350,3490,0,6,63,69,1.0869565217391304,0.03416979339101634,690,Just a few more weeks on this diet and I’ll be able to fit into a size “lamb.”
1364,3490,1,4,64,69,1.0869565217391304,0.039922828555730934,690,He obviously doesn't realize he's next.
970,3490,1,4,64,69,1.0869565217391304,0.039922828555730934,690,"Well, I love it and I don't care WHAT the guys say. If they don't like it, then they can just eat me."
1374,3490,1,4,64,69,1.0869565217391304,0.039922828555730934,690,It's magical!
1216,3490,0,6,63,69,1.0869565217391304,0.03416979339101634,690,Tasty!
1507,3681,1,4,65,70,1.0857142857142856,0.03936797335696671,690,"Sir, your taste is impeccable."
3646,3681,0,6,64,70,1.0857142857142856,0.03370101854969076,690,I'll fit right in!
4150,3681,2,2,66,70,1.0857142857142856,0.04431609189880219,690,And I’ll take a whole pack of these.”
1487,3681,0,6,64,70,1.0857142857142856,0.03370101854969076,690,"No, I said chic clothing!"
1336,3681,0,6,64,70,1.0857142857142856,0.03370101854969076,690,Yes!  I think I can get a Tony with this one.
702,3681,1,4,65,70,1.0857142857142856,0.03936797335696671,690,this is so much better than the grandmother's outfit. riding hood loves sheep she'll never know what hit her.
3026,3681,0,6,64,70,1.0857142857142856,0.03370101854969076,690,"With this outfit, I’ll finally be able to live my vegan lifestyle in peace and quiet."
38,3681,1,4,65,70,1.0857142857142856,0.03936797335696671,690,"Unbeknownst to Carl, elevator A had been designated ag an early testing site tor NASA gpace elevator program."
84,3681,0,6,64,70,1.0857142857142856,0.03370101854969076,690,to infinity and beyond please
787,3690,0,7,78,85,1.0823529411764705,0.02999423243289873,690,Would you like to modify any more animal skin?
3030,3691,0,6,69,75,1.08,0.03153719382878879,690,"They're very popular sir, for every single one we sell we get three coming in!"
2522,3692,0,5,60,65,1.0769230769230769,0.033308669376324554,690,I’m a furry
2588,3692,0,5,60,65,1.0769230769230769,0.033308669376324554,690,Let’s not take chances. Get your hair dryer.
2593,3692,0,5,60,65,1.0769230769230769,0.033308669376324554,690,It hides my belly fat.
2611,3692,0,5,60,65,1.0769230769230769,0.033308669376324554,690,"A perfect fit for your next investors’ meeting, Mr. Madoff.”"
2038,3692,0,5,60,65,1.0769230769230769,0.033308669376324554,690,Do you have something a little more lambish?
2655,3692,0,5,60,65,1.0769230769230769,0.033308669376324554,690,"Now, that's what I call a wolf in sharp clothing."
2694,3692,1,3,61,65,1.0769230769230769,0.039877771833322535,690,You missed the fireworks!
2700,3692,0,5,60,65,1.0769230769230769,0.033308669376324554,690,"Actually, the pig is a better fit, but the sheep is more flattering--and it's on sale!"
2702,3692,0,5,60,65,1.0769230769230769,0.033308669376324554,690,I’ll be ready in five minutes....
2712,3692,0,5,60,65,1.0769230769230769,0.033308669376324554,690,"If you would like something non-traditional,we also have pig, zebra, cow, and goat clothing...."
2737,3692,0,5,60,65,1.0769230769230769,0.033308669376324554,690,Shoe soon hanging.
2740,3692,0,5,60,65,1.0769230769230769,0.033308669376324554,690,"Don’t look on what I say, just what I wear."
2784,3692,0,5,60,65,1.0769230769230769,0.033308669376324554,690,"Hunans; so friendly, yet so ruthless."
2795,3692,0,5,60,65,1.0769230769230769,0.033308669376324554,690,This will be great for Little Bo Peep. I need a hog costume for The 3 Little Pigs and a Grandmother's outfit for Little Red Riding Hood.
2674,3692,0,5,60,65,1.0769230769230769,0.033308669376324554,690,I’ll take it. You keep the idiom.
2494,3692,0,5,60,65,1.0769230769230769,0.033308669376324554,690,You'll find voters respond more favorably to a giraffe personality.
2388,3692,0,5,60,65,1.0769230769230769,0.033308669376324554,690,"It's a little tight in the midsection, but I can make it work."
2345,3692,0,5,60,65,1.0769230769230769,0.033308669376324554,690,We would like your endorsement.
2129,3692,0,5,60,65,1.0769230769230769,0.033308669376324554,690,"I i.p.o, darling!"
2798,3692,0,5,60,65,1.0769230769230769,0.033308669376324554,690,"Mr. Wolf, sheep's clothing is so passe this year."
2109,3692,0,5,60,65,1.0769230769230769,0.033308669376324554,690,"Uh, what fresh hell is this?"
2048,3692,0,5,60,65,1.0769230769230769,0.033308669376324554,690,Wool so compliments your wolverine smile
2060,3692,0,5,60,65,1.0769230769230769,0.033308669376324554,690,"I agree sir, the white really suits ewe."
2139,3692,0,5,60,65,1.0769230769230769,0.033308669376324554,690,Wolf in sheep's clothing. So classic!
2410,3692,1,3,61,65,1.0769230769230769,0.039877771833322535,690,Does this jumper make my teeth look suspiciously sharp?
2145,3692,0,5,60,65,1.0769230769230769,0.033308669376324554,690,"But sir, they accept you as you are..."
2256,3692,0,5,60,65,1.0769230769230769,0.033308669376324554,690,"Why yes, you are good at tailoring cliches!"
2266,3692,0,5,60,65,1.0769230769230769,0.033308669376324554,690,Did you say you were Warren Zevon's tailor?
2289,3692,0,5,60,65,1.0769230769230769,0.033308669376324554,690,"'Ah, just a month until the Iowa caucus!'"
2303,3692,1,3,61,65,1.0769230769230769,0.039877771833322535,690,The duality is just fabulous
2316,3692,1,3,61,65,1.0769230769230769,0.039877771833322535,690,"Now you can’t put that in a washer, so make sure to take it to the die cleaner"
2340,3692,0,5,60,65,1.0769230769230769,0.033308669376324554,690,I will take them all. Is there a special price for politicians?
2206,3692,0,5,60,65,1.0769230769230769,0.033308669376324554,690,Have you noticed the price of carrots?
2802,3692,0,5,60,65,1.0769230769230769,0.033308669376324554,690,"I could say “Yes” to it, just not sure if my Mom is OK with the  price .”"
3800,3692,0,5,60,65,1.0769230769230769,0.033308669376324554,690,This one's perfect. Can you cut it up for stew?
2874,3692,0,5,60,65,1.0769230769230769,0.033308669376324554,690,Professor Juan-Manuel Olivia-Silvera's Student Fashion Show at Maris College is more  varied than a fox in sheep's clothing.
3604,3692,0,5,60,65,1.0769230769230769,0.033308669376324554,690,"Excellent choice, sir. The sheep is always in style."
3665,3692,0,5,60,65,1.0769230769230769,0.033308669376324554,690,"This'll do for my ""Embraceable Ewe"""
3677,3692,0,5,60,65,1.0769230769230769,0.033308669376324554,690,"Aha, so that’s what they mean when they say ‘A wolf in sheep’s clothing!"
3684,3692,0,5,60,65,1.0769230769230769,0.033308669376324554,690,"A wolf in sheep’s clothing.  Excellent disguise, sir, to get by the Secret Service!"
3724,3692,1,3,61,65,1.0769230769230769,0.039877771833322535,690,Perfect!  Now I don't look like anybody’s grandma.
3764,3692,0,5,60,65,1.0769230769230769,0.033308669376324554,690,I like how it drapes over my shoulders and makes me look very dashing!
3831,3692,0,5,60,65,1.0769230769230769,0.033308669376324554,690,Of course it’s safe miss Riding Hood.
3842,3692,0,5,60,65,1.0769230769230769,0.033308669376324554,690,I'll buy this one but you can't kiss me anymore. I didn't like that
3844,3692,0,5,60,65,1.0769230769230769,0.033308669376324554,690,"Oh Oscar, this institutional look intrigues me!"
3858,3692,0,5,60,65,1.0769230769230769,0.033308669376324554,690,Do you have this in Merino?
3986,3692,0,5,60,65,1.0769230769230769,0.033308669376324554,690,"Your happy holiday greeting card photo will portray the eternal struggle of good vs evil very nicely, Mr Wolfie-Sheepskin."
2035,3692,0,5,60,65,1.0769230769230769,0.033308669376324554,690,"You know, Jenkins, my ex told me I was sick for doing this, but... it's who I am and that's okay. Wool just feels so RIGHT, y'know?"
3992,3692,1,3,61,65,1.0769230769230769,0.039877771833322535,690,These will fit better over your ears.
4026,3692,0,5,60,65,1.0769230769230769,0.033308669376324554,690,"Another Tinder date is it, Mister Wolf?""
""Hmm? Oh. Yes. You don't think this one's a little, obvious, do you?"
4173,3692,0,5,60,65,1.0769230769230769,0.033308669376324554,690,"You nailed it, Jamison. I haven't felt this innocent since the first time I blew a little piggy!"
3551,3692,0,5,60,65,1.0769230769230769,0.033308669376324554,690,And the nomination will be mine ...
2819,3692,0,5,60,65,1.0769230769230769,0.033308669376324554,690,"Perfect, Alfred!"
3548,3692,1,3,61,65,1.0769230769230769,0.039877771833322535,690,A wolf in sheep's clothing was only a metaphor
3420,3692,0,5,60,65,1.0769230769230769,0.033308669376324554,690,"But does it say ""me."""
2878,3692,0,5,60,65,1.0769230769230769,0.033308669376324554,690,We have costumes for all occasions on the election circuit!
2894,3692,0,5,60,65,1.0769230769230769,0.033308669376324554,690,Love it - What you have in lamb to hunt as a pack with the pups?
2909,3692,0,5,60,65,1.0769230769230769,0.033308669376324554,690,"It’s only a wool blend, sir.  Please kindly take any huffing and puffing to customer service.”"
2914,3692,0,5,60,65,1.0769230769230769,0.033308669376324554,690,The sheep thing is so last century. We're known for creating new myths. How about . . .
2945,3692,1,3,61,65,1.0769230769230769,0.039877771833322535,690,"President Trump requests that your
group attend his next impeachment."
2982,3692,0,5,60,65,1.0769230769230769,0.033308669376324554,690,Last time they call me a wolf in cheap clothing!
3038,3692,0,5,60,65,1.0769230769230769,0.033308669376324554,690,It brings back so many memories!
3108,3692,0,5,60,65,1.0769230769230769,0.033308669376324554,690,"Thing's are looking up, it pays to dress up."
3135,3692,1,3,61,65,1.0769230769230769,0.039877771833322535,690,It's too difficult. I give up!
3169,3692,0,5,60,65,1.0769230769230769,0.033308669376324554,690,"This is the one, I’m going for simple & demure."
3193,3692,0,5,60,65,1.0769230769230769,0.033308669376324554,690,"Social Darwinism taught me to make this much money,you know? Predatory instincts. Get Tomi Lahren on the phone I need to tell her about a gazelle I caught the other day. She'll be so jealous."
3217,3692,1,3,61,65,1.0769230769230769,0.039877771833322535,690,I love it. I'm just concerned about the protesters outside.
3288,3692,0,5,60,65,1.0769230769230769,0.033308669376324554,690,"Finally, I can relive my college days living in the Animal House"
3358,3692,0,5,60,65,1.0769230769230769,0.033308669376324554,690,"Poor Little Bo-Peep, she was fleeced."
3359,3692,0,5,60,65,1.0769230769230769,0.033308669376324554,690,This one really brings out my eyes
3444,3692,0,5,60,65,1.0769230769230769,0.033308669376324554,690,Who knew wool was so slimming!
1990,3692,0,5,60,65,1.0769230769230769,0.033308669376324554,690,"Just a moment, sir. Our grandmother outfits are in the back"
939,3692,0,5,60,65,1.0769230769230769,0.033308669376324554,690,"Sir, should we turn it into a fur coat or a disguise?"
1938,3692,0,5,60,65,1.0769230769230769,0.033308669376324554,690,I’ll take this one if you have it in an 8 7/8.
512,3692,0,5,60,65,1.0769230769230769,0.033308669376324554,690,Too bulky
361,3692,0,5,60,65,1.0769230769230769,0.033308669376324554,690,"The low sales price of the layaway plan is inviting, but I can't shake the feeling that price is meant to distract me from the crippling interest rate..."
320,3692,0,5,60,65,1.0769230769230769,0.033308669376324554,690,You said this is the latest in Iranian fashion?
314,3692,0,5,60,65,1.0769230769230769,0.033308669376324554,690,When a model makes clothes actually look FIERCE
310,3692,0,5,60,65,1.0769230769230769,0.033308669376324554,690,"Ah, nothing beats the classic look of wolf in sheep’s clothing."
286,3692,0,5,60,65,1.0769230769230769,0.033308669376324554,690,"Dee-lish!  It's the perfect foil for that lean, hungry look..."
241,3692,1,3,61,65,1.0769230769230769,0.039877771833322535,690,Sharon and I broke up. I told her I needed some space.
238,3692,0,5,60,65,1.0769230769230769,0.033308669376324554,690,Where do they sell spacesuits with built-in toilets?
211,3692,0,5,60,65,1.0769230769230769,0.033308669376324554,690,Thats not what she meant by ‘other side of  the moon Sir
207,3692,1,3,61,65,1.0769230769230769,0.039877771833322535,690,Your plan to reach the moon in  an elevator is wrong on so many levels.
204,3692,1,3,61,65,1.0769230769230769,0.039877771833322535,690,Elevators terrify me. | usually take the stairs.’
196,3692,0,5,60,65,1.0769230769230769,0.033308669376324554,690,"Rough day, huh?"
195,3692,1,3,61,65,1.0769230769230769,0.039877771833322535,690,"Suite 4 please, 3rd bachelorette party of the night."
180,3692,0,5,60,65,1.0769230769230769,0.033308669376324554,690,"Sir, I think you may have  misunderstood our courtesy shuttle system..."
177,3692,2,1,62,65,1.0769230769230769,0.0455083060238432,690,"The cosmonauts drove up rates at Trump Tower, so here i am."
161,3692,1,3,61,65,1.0769230769230769,0.039877771833322535,690,"I need space, Gary."
160,3692,0,5,60,65,1.0769230769230769,0.033308669376324554,690,"‘Well, they did say prices here were astronomical..’"
2,3692,0,5,60,65,1.0769230769230769,0.033308669376324554,690,They weren’t kidding about that penthouse in the sky
9,3692,0,5,60,65,1.0769230769230769,0.033308669376324554,690,"I can get you to the 20th,but for anything above that I should  really speak to my manager..."
11,3692,0,5,60,65,1.0769230769230769,0.033308669376324554,690,Where is Greta Thunberg? I need her out there with me next time!
33,3692,0,5,60,65,1.0769230769230769,0.033308669376324554,690,Can you please close the elevator doors? I’m running late for a meeting.
1989,3692,0,5,60,65,1.0769230769230769,0.033308669376324554,690,"Yes sir, it is a breathtaking suit."
37,3692,1,3,61,65,1.0769230769230769,0.039877771833322535,690,Does this elevator go any higher?
537,3692,1,3,61,65,1.0769230769230769,0.039877771833322535,690,It’s absolutely swanky! Now can I try on your grannies?
56,3692,0,5,60,65,1.0769230769230769,0.033308669376324554,690,"Be right back, just going to check on last years New Years resolutions!"
71,3692,1,3,61,65,1.0769230769230769,0.039877771833322535,690,"You cant go to- the moon with an  elevator,though"
90,3692,0,5,60,65,1.0769230769230769,0.033308669376324554,690,"Sorry, Bob, we don’t go up that high.  |"
107,3692,1,3,61,65,1.0769230769230769,0.039877771833322535,690,Top floor please.”
112,3692,0,5,60,65,1.0769230769230769,0.033308669376324554,690,"Sir, please take a seat  and fasten your seatbelt For lift off ."
136,3692,0,5,60,65,1.0769230769230769,0.033308669376324554,690,What? It was too cold in  my faux fur coat...
154,3692,0,5,60,65,1.0769230769230769,0.033308669376324554,690,"Good morning, Major!  So glad to see you leave the tin can."
68,3692,0,5,60,65,1.0769230769230769,0.033308669376324554,690,"Actually, just to the basement, where that obscure bathroom is. The freeze-dried ice cream really does a number on my digestive system."
582,3692,0,5,60,65,1.0769230769230769,0.033308669376324554,690,I love it.  But will the PETA crowd come gunning for me?
34,3692,0,5,60,65,1.0769230769230769,0.033308669376324554,690,Allergy season strikes again
627,3692,0,5,60,65,1.0769230769230769,0.033308669376324554,690,Perfect. I'll wear it to the open house for The Three Little Pigs.
593,3692,1,3,61,65,1.0769230769230769,0.039877771833322535,690,I could wear that costume myself. I don't have a wolf costume
1909,3692,0,5,60,65,1.0769230769230769,0.033308669376324554,690,Now how's that for a dinner jacket?
1893,3692,0,5,60,65,1.0769230769230769,0.033308669376324554,690,Would you like to wear-wolf that out of the store?
1857,3692,0,5,60,65,1.0769230769230769,0.033308669376324554,690,"Very nice, sir.  But perhaps the New Year calls for a whole new set of duds."
1843,3692,0,5,60,65,1.0769230769230769,0.033308669376324554,690,You can cosplay as a cow - udderly chic!
1759,3692,1,3,61,65,1.0769230769230769,0.039877771833322535,690,Let's howl it for my flock frock
1748,3692,0,5,60,65,1.0769230769230769,0.033308669376324554,690,That's my pack...I'll take six for all of us and…guess who gets promoted to Alpha?
1655,3692,0,5,60,65,1.0769230769230769,0.033308669376324554,690,"Its perfect, Red ."
1611,3692,0,5,60,65,1.0769230769230769,0.033308669376324554,690,"Yeah, this works."
1587,3692,0,5,60,65,1.0769230769230769,0.033308669376324554,690,"If no one at dinner suspects you're a robot, you must devise a treat for yourself."
1559,3692,0,5,60,65,1.0769230769230769,0.033308669376324554,690,"It's a tad big, do you have anything younger?"
1539,3692,1,3,61,65,1.0769230769230769,0.039877771833322535,690,This'll look great in my wine cave.
1525,3692,0,5,60,65,1.0769230769230769,0.033308669376324554,690,Did you say Cheapish or Sheepish?
1483,3692,0,5,60,65,1.0769230769230769,0.033308669376324554,690,That Ralph Lauren is so last year; you might try the Prada.
1393,3692,0,5,60,65,1.0769230769230769,0.033308669376324554,690,The new me: one costume change away.
1905,3692,1,3,61,65,1.0769230769230769,0.039877771833322535,690,I’ll take this one and then all of humanity!
658,3692,0,5,60,65,1.0769230769230769,0.033308669376324554,690,It is so you! But do you say yes to the carcass?
653,3692,0,5,60,65,1.0769230769230769,0.033308669376324554,690,"May I suggest a little more tulle for the veil , sir."
675,3692,0,5,60,65,1.0769230769230769,0.033308669376324554,690,Does this sheep make me look fat?
709,3692,0,5,60,65,1.0769230769230769,0.033308669376324554,690,"And ewe say this one’s on sale?
It will be a total hit at the barn."
1362,3692,0,5,60,65,1.0769230769230769,0.033308669376324554,690,"While the others were more colorful, I think this one gives you a little more bite for the buck."
772,3692,0,5,60,65,1.0769230769230769,0.033308669376324554,690,"I like it,but isn't it a bit too alter -egoish?"
813,3692,0,5,60,65,1.0769230769230769,0.033308669376324554,690,You’re sure this is still the style?
869,3692,1,3,61,65,1.0769230769230769,0.039877771833322535,690,I love the irony of this one.
716,3692,0,5,60,65,1.0769230769230769,0.033308669376324554,690,Lamb and pig are so traditional - give me the zebra!
957,3692,0,5,60,65,1.0769230769230769,0.033308669376324554,690,They look great. I'll take all of them !
996,3692,0,5,60,65,1.0769230769230769,0.033308669376324554,690,With this and 'The Whiffenpoof Song' their doors will fly open.
1110,3692,1,3,61,65,1.0769230769230769,0.039877771833322535,690,"Yes, yes...this one'll do just fine."
1181,3692,0,5,60,65,1.0769230769230769,0.033308669376324554,690,This one hides all my flaws. I’ll  take it!
1298,3692,0,5,60,65,1.0769230769230769,0.033308669376324554,690,This is all well and good but I don't have a single pair of shoes to match.
1337,3692,0,5,60,65,1.0769230769230769,0.033308669376324554,690,I'm so unappreciated.
897,3692,1,3,61,65,1.0769230769230769,0.039877771833322535,690,Does this make me look too puffy?
263,3833,0,5,63,68,1.0735294117647058,0.03188665499421398,690,"I understand you, these days all we all need is more space."
3103,3834,1,3,65,69,1.0724637681159421,0.03761223941765693,690,When does this go on sale?
3256,3835,0,4,56,60,1.0666666666666667,0.03247482002983032,690,"It’s perfect!  I’m going to the masquerade party as the antithesis
of Donald Trump!"
2628,3836,1,2,58,61,1.0655737704918034,0.03959392553603673,690,Dave has decided to take the lead on climate change
2722,3836,1,2,58,61,1.0655737704918034,0.03959392553603673,690,"You know, Reality, this Oculus game is a little too weird for me."
2744,3836,0,4,57,61,1.0655737704918034,0.03195670276986547,690,Excellent selection!  You will become cliche.
2748,3836,0,4,57,61,1.0655737704918034,0.03195670276986547,690,"This is fine, but what I really want is what you're wearing."
2753,3836,0,4,57,61,1.0655737704918034,0.03195670276986547,690,"'They're bringing crime. They're rapists. And some, I assume, are good sheep.' Yeah, that works. No need to wrap it. I'll eat you now."
1960,3836,0,4,57,61,1.0655737704918034,0.03195670276986547,690,"Certainly, no one can say I'm a wolf in cheap clothing."
2807,3836,0,4,57,61,1.0655737704918034,0.03195670276986547,690,"If the shearling is too on the nose, I have a stunning narwhal cloak with a tusk that will accentuate those dazzling pearly whites"
2831,3836,0,4,57,61,1.0655737704918034,0.03195670276986547,690,This is our most popular outfit.
2844,3836,1,2,58,61,1.0655737704918034,0.03959392553603673,690,Mutton is all the rage this year!
2875,3836,0,4,57,61,1.0655737704918034,0.03195670276986547,690,Sheep is all the rage in Paris this year.
2785,3836,1,2,58,61,1.0655737704918034,0.03959392553603673,690,I always find wool doesn’t fit well on me
2623,3836,0,4,57,61,1.0655737704918034,0.03195670276986547,690,Fire the webmaster
2234,3836,0,4,57,61,1.0655737704918034,0.03195670276986547,690,"No thanks, I’m a vegetarian. I’m just shopping for Impossible ™️ Sheepskin."
2462,3836,0,4,57,61,1.0655737704918034,0.03195670276986547,690,"Wonderful choice, sir. Will that be cash or charge?"
2420,3836,1,2,58,61,1.0655737704918034,0.03959392553603673,690,Do I have to wear this all the way from Tokyo to Beirut?
2392,3836,0,4,57,61,1.0655737704918034,0.03195670276986547,690,I love it. Fur is so out of style these days.
2355,3836,0,4,57,61,1.0655737704918034,0.03195670276986547,690,"Senator, this one fits you perfectly."
2328,3836,0,4,57,61,1.0655737704918034,0.03195670276986547,690,You can’t put a price on the fear in their eyes
2290,3836,0,4,57,61,1.0655737704918034,0.03195670276986547,690,"This is what the kids are into, right?"
2247,3836,0,4,57,61,1.0655737704918034,0.03195670276986547,690,"2020 is all about dressing for the person you want to be, not the person you are... I'll take this and the cow one."
2229,3836,0,4,57,61,1.0655737704918034,0.03195670276986547,690,And for your trip abroad we have the 2020 line called Skittish and Scared by Smith and Wesson.
2112,3836,0,4,57,61,1.0655737704918034,0.03195670276986547,690,Love the look but  does it make me too sheepish?
2095,3836,0,4,57,61,1.0655737704918034,0.03195670276986547,690,Opening Day
2080,3836,0,4,57,61,1.0655737704918034,0.03195670276986547,690,W a a a a y  baaad!
2895,3836,0,4,57,61,1.0655737704918034,0.03195670276986547,690,I think this wool suit fits better than the leather.
2550,3836,0,4,57,61,1.0655737704918034,0.03195670276986547,690,And this is a wolf in its natural habitat. Watch as it prepares to stalk its prey.
2917,3836,1,2,58,61,1.0655737704918034,0.03959392553603673,690,Does this make my butt look baaad?
3544,3836,0,4,57,61,1.0655737704918034,0.03195670276986547,690,Do you think she will like it?
2962,3836,0,4,57,61,1.0655737704918034,0.03195670276986547,690,"Don't worry. If they come in, you'll have that indoor pool you always wanted."
4110,3836,1,2,58,61,1.0655737704918034,0.03959392553603673,690,"The fit is right, but do you have it in vegan?"
1954,3836,0,4,57,61,1.0655737704918034,0.03195670276986547,690,I've heard this style is now in vogue.  It'll do just fine.
4120,3836,0,4,57,61,1.0655737704918034,0.03195670276986547,690,"great disguise  ""sheep in wolf's clothing """
4090,3836,0,4,57,61,1.0655737704918034,0.03195670276986547,690,I will take it my butt doesn't look so big.
4039,3836,0,4,57,61,1.0655737704918034,0.03195670276986547,690,My ungulates collection has given myself and my lupine assistant a lifetime of incommensurable pleasure
3947,3836,0,4,57,61,1.0655737704918034,0.03195670276986547,690,Wonderful!  Makes you look just like a liberal Democrat!!
4197,3836,0,4,57,61,1.0655737704918034,0.03195670276986547,690,"No sir, it's not a cliche at all."
3850,3836,0,4,57,61,1.0655737704918034,0.03195670276986547,690,Does it come in colors? White after Labor Day is such a faux pas.
3786,3836,0,4,57,61,1.0655737704918034,0.03195670276986547,690,"It's very 'basic ewe,' but I'll take it!"
3707,3836,0,4,57,61,1.0655737704918034,0.03195670276986547,690,The new fall collection has arrived
3651,3836,0,4,57,61,1.0655737704918034,0.03195670276986547,690,"We've lost, Hugh. I'm taking it on the lamb."
3607,3836,0,4,57,61,1.0655737704918034,0.03195670276986547,690,"While I love my entire collection, you, my Ewe, are the most like me."
2961,3836,0,4,57,61,1.0655737704918034,0.03195670276986547,690,"This one is a bit out of your price range, but I think the extra $1000 is worth it for your big day."
3523,3836,0,4,57,61,1.0655737704918034,0.03195670276986547,690,A captionist respite.
3427,3836,0,4,57,61,1.0655737704918034,0.03195670276986547,690,"Yes, breakfast / lunch and dinner, the perfect attire!"
3392,3836,0,4,57,61,1.0655737704918034,0.03195670276986547,690,I'm gonna be the bell of the ball.
3386,3836,0,4,57,61,1.0655737704918034,0.03195670276986547,690,"They tell us to be something we are not. Wolf be a sheep. Man be something other than who you truly are. While the world above reaches out to help us, we ignore them and carry on with our self-disgusted ways. We look in the mirror for our truth."
3294,3836,0,4,57,61,1.0655737704918034,0.03195670276986547,690,Not as wrinkled as the grandma suit.
3285,3836,0,4,57,61,1.0655737704918034,0.03195670276986547,690,My concern is the environment. The winters are getting too mild.
3265,3836,0,4,57,61,1.0655737704918034,0.03195670276986547,690,I agree my mother's painting is creepy
3251,3836,0,4,57,61,1.0655737704918034,0.03195670276986547,690,"Oh yes, B.B., be daring, BE DARING!"
3197,3836,0,4,57,61,1.0655737704918034,0.03195670276986547,690,A new Broadway musical: “The Bronx Zoo.”
3186,3836,0,4,57,61,1.0655737704918034,0.03195670276986547,690,Do you have anything in elephant or donkey?
3166,3836,0,4,57,61,1.0655737704918034,0.03195670276986547,690,Do you have anything that could pull the wool over my eyes?
2986,3836,0,4,57,61,1.0655737704918034,0.03195670276986547,690,My wife is practically married to her Trans Am. Now she'll be married to a trans lamb!
2975,3836,0,4,57,61,1.0655737704918034,0.03195670276986547,690,I think I prefer the yak's clothing?
3487,3836,0,4,57,61,1.0655737704918034,0.03195670276986547,690,Fake Fashion! Nostalgia is making a comeback.
1918,3836,0,4,57,61,1.0655737704918034,0.03195670276986547,690,I like this look the best!
32,3836,1,2,58,61,1.0655737704918034,0.03959392553603673,690,"Uh Houston, we’ve got a problem"
1864,3836,0,4,57,61,1.0655737704918034,0.03195670276986547,690,"It's not itchy.  Indeed, this will scratch an itch.  Mmmwwahahaha."
805,3836,0,4,57,61,1.0655737704918034,0.03195670276986547,690,That is the versatile pansexual model.
712,3836,0,4,57,61,1.0655737704918034,0.03195670276986547,690,Trumpsson Organic Costume Shop
694,3836,1,2,58,61,1.0655737704918034,0.03959392553603673,690,"It's a perfect fit, I'll take it."
597,3836,0,4,57,61,1.0655737704918034,0.03195670276986547,690,Dr. Dolittle crashes a kid party.
575,3836,0,4,57,61,1.0655737704918034,0.03195670276986547,690,"An excellent choice from Little Bo-Peep's finest line, featuring adjustable hoods to pull the wool over your eyes."
486,3836,0,4,57,61,1.0655737704918034,0.03195670276986547,690,It's ok--but I'm goin' with the pig.
451,3836,1,2,58,61,1.0655737704918034,0.03959392553603673,690,"They will be absolutely blown away, sir."
429,3836,0,4,57,61,1.0655737704918034,0.03195670276986547,690,"Step right up,Step right up folks and make sure to get real close."
403,3836,0,4,57,61,1.0655737704918034,0.03195670276986547,690,You might also consider a lovely red silk cape. It would pair nicely with the plush Merino wool.
1870,3836,0,4,57,61,1.0655737704918034,0.03195670276986547,690,Got one that will make me look like an internet exec?
227,3836,0,4,57,61,1.0655737704918034,0.03195670276986547,690,"Sorry, Sir. The elevator only goes till the 273rd floor."
808,3836,0,4,57,61,1.0655737704918034,0.03195670276986547,690,"Pshaw! Impeachment, imsheepment!"
214,3836,0,4,57,61,1.0655737704918034,0.03195670276986547,690,wee ad I thought we had budget-cuts!
163,3836,1,2,58,61,1.0655737704918034,0.03959392553603673,690,5. ..4. Bee. | | |  OO)  iV
157,3836,0,4,57,61,1.0655737704918034,0.03195670276986547,690,"It is not that giant leap for mankind, but here you go!  This is the smoking terrace!"
141,3836,0,4,57,61,1.0655737704918034,0.03195670276986547,690,DOWNSTAIRS?
130,3836,0,4,57,61,1.0655737704918034,0.03195670276986547,690,"sir, your chair..."
116,3836,1,2,58,61,1.0655737704918034,0.03959392553603673,690,Happy Halloween Mr Armstrong
97,3836,1,2,58,61,1.0655737704918034,0.03959392553603673,690,"Oops, wrong world..."
52,3836,0,4,57,61,1.0655737704918034,0.03195670276986547,690,"Yes sir, ll check to see if the dry cleaners can have your space suit back by Monday."
49,3836,0,4,57,61,1.0655737704918034,0.03195670276986547,690,"Good morning, Mr. LaLiberte. So you were serious."
42,3836,0,4,57,61,1.0655737704918034,0.03195670276986547,690,THE FORECAST IN FLORIDA...
8,3836,0,4,57,61,1.0655737704918034,0.03195670276986547,690,Are you sure that’s what she meant by | ‘needing some space’?” |
5,3836,1,2,58,61,1.0655737704918034,0.03959392553603673,690,"Operator, I am trying to reach commander P.R. |  Johnson” “Ground floor for major | Tom it is then”"
202,3836,0,4,57,61,1.0655737704918034,0.03195670276986547,690,"Excuse me, is this the  level of the Moon Headquarters?"
817,3836,0,4,57,61,1.0655737704918034,0.03195670276986547,690,Now that's what I'm talkin'  about.  Do you have it in Alpaca?
485,3836,0,4,57,61,1.0655737704918034,0.03195670276986547,690,I suppose this'll do. Too bad you're all out of little old granny outfits.
881,3836,0,4,57,61,1.0655737704918034,0.03195670276986547,690,"I like it, but is it too cliched?"
1853,3836,0,4,57,61,1.0655737704918034,0.03195670276986547,690,"You can't go wrong with a classic, it never goes out of style!"
1826,3836,0,4,57,61,1.0655737704918034,0.03195670276986547,690,You never lose with a classic. Am I right?
1806,3836,1,2,58,61,1.0655737704918034,0.03959392553603673,690,I think ewe got it!
1779,3836,0,4,57,61,1.0655737704918034,0.03195670276986547,690,They'll flock to me in this.
859,3836,0,4,57,61,1.0655737704918034,0.03195670276986547,690,Do you think this outfit makes me look clichéd?
1643,3836,0,4,57,61,1.0655737704918034,0.03195670276986547,690,Will I be able to remove viscera stains?
1599,3836,0,4,57,61,1.0655737704918034,0.03195670276986547,690,Looking For Little Bo Peep ???
1519,3836,0,4,57,61,1.0655737704918034,0.03195670276986547,690,Take your time. There is plenty of food for everyone!
1511,3836,0,4,57,61,1.0655737704918034,0.03195670276986547,690,Magnificent! This will be the best prom ever.
1402,3836,0,4,57,61,1.0655737704918034,0.03195670276986547,690,...Perhaps something with a red riding hood.
1363,3836,0,4,57,61,1.0655737704918034,0.03195670276986547,690,"Yes! Yes! My Man. This is it, even if its so bleating hot."
1341,3836,0,4,57,61,1.0655737704918034,0.03195670276986547,690,"We have some of the trendier styles, but I recommend staying with the timelessness  of the classics!"
1749,3836,0,4,57,61,1.0655737704918034,0.03195670276986547,690,"Well sir, a difficult choice! Whether to go with the classical sweet sheep outfit or try something daring like the floozy cow look."
1240,3836,0,4,57,61,1.0655737704918034,0.03195670276986547,690,Heh heh heh. Did you know this Lecter guy stole the idea from me?
1277,3836,0,4,57,61,1.0655737704918034,0.03195670276986547,690,Sir go as yourself  and claim it's a costume. I will tutor you in the Baa Baa-Oink Oink - Moo Moo  language.
917,3836,0,4,57,61,1.0655737704918034,0.03195670276986547,690,"You know, it’s really more of a sheep costume."
992,3836,0,4,57,61,1.0655737704918034,0.03195670276986547,690,just looking for an all-season coat
1000,3836,0,4,57,61,1.0655737704918034,0.03195670276986547,690,"This one looks like it will perhaps impart just the right amount of verisimilitude . .  ."""
1003,3836,0,4,57,61,1.0655737704918034,0.03195670276986547,690,White Fang better not be wearing sheep at Bo Peep's party tonight!
999,3836,0,4,57,61,1.0655737704918034,0.03195670276986547,690,"Do you like this one, or is it too cliched?"
1162,3836,1,2,58,61,1.0655737704918034,0.03959392553603673,690,And this show is dedicated to Eric and Don Jr.
1179,3836,0,4,57,61,1.0655737704918034,0.03195670276986547,690,"Ah, this is the look for 2020!"
1222,3836,0,4,57,61,1.0655737704918034,0.03195670276986547,690,I think my constituents will like this one best.
1223,3836,0,4,57,61,1.0655737704918034,0.03195670276986547,690,This'll REALLY trigger the libs.
1037,3836,0,4,57,61,1.0655737704918034,0.03195670276986547,690,"I don't know, don't you think it's a bit cliche?"
1890,3948,0,4,58,62,1.064516129032258,0.031454833121021764,690,"All jokes aside, that one looks good on ewe."
2657,3948,0,4,58,62,1.064516129032258,0.031454833121021764,690,It has that touch of 'je ne sais quoi' going to it.
2150,3948,0,4,58,62,1.064516129032258,0.031454833121021764,690,They just want to watch their friend Frosty on tv tonight
2197,3948,1,2,59,62,1.064516129032258,0.0389644357901399,690,Sheep's clothing are so last season
2383,3948,0,4,58,62,1.064516129032258,0.031454833121021764,690,It'll due before Labor Day.
2442,3948,0,4,58,62,1.064516129032258,0.031454833121021764,690,I'm really going to have to get more closet space.
2483,3948,1,2,59,62,1.064516129032258,0.0389644357901399,690,What are you having for lunch today?
2788,3948,0,4,58,62,1.064516129032258,0.031454833121021764,690,The sheep's feeling a bit loose—do you have anything tiger?
3694,3948,0,4,58,62,1.064516129032258,0.031454833121021764,690,"The creatures outside looked from pig to man, and from man to pig, and wolf to sheep, and cow to goat, etc.; but already it was impossible to say which was which."
3134,3948,0,4,58,62,1.064516129032258,0.031454833121021764,690,"I want to be sure I'm sending the right message, no matter the cost."""
3315,3948,0,4,58,62,1.064516129032258,0.031454833121021764,690,"The sheep is really me, isn't it?"
3465,3948,0,4,58,62,1.064516129032258,0.031454833121021764,690,"Do I look like a sheep, or just sheepish?"
3556,3948,1,2,59,62,1.064516129032258,0.0389644357901399,690,Do you work for the NSA?
3951,3948,0,4,58,62,1.064516129032258,0.031454833121021764,690,"Sure it's warm, but does it breathe?"
4179,3948,0,4,58,62,1.064516129032258,0.031454833121021764,690,This is it!  This is definitely the one.
1785,3948,0,4,58,62,1.064516129032258,0.031454833121021764,690,"On god, I was about to say that I'm looking like a whole ass meal in this fit, which is deeply ironic for reasons I probably don't need to explain to you, fam."
3011,3948,0,4,58,62,1.064516129032258,0.031454833121021764,690,SHEEP SHEEP SHEEP SHEEP SHEEP
1754,3948,1,2,59,62,1.064516129032258,0.0389644357901399,690,"The sheep is perfect, Sir."
193,3948,0,4,58,62,1.064516129032258,0.031454833121021764,690,"HUH, YOU WERE RIGHT, WE ARE THE SAME SIZE."
1689,3948,0,4,58,62,1.064516129032258,0.031454833121021764,690,I just love the au naturel look
311,3948,1,2,59,62,1.064516129032258,0.0389644357901399,690,Does this make me look faaaaaaaat?
545,3948,0,4,58,62,1.064516129032258,0.031454833121021764,690,"Jeremy, you’ve really outdone yourself. This new fair-trade organic collection is to die for!”"
1725,3948,0,4,58,62,1.064516129032258,0.031454833121021764,690,"I only wear organic, single-source leather."
718,3948,0,4,58,62,1.064516129032258,0.031454833121021764,690,You don't think it looks too cliched?
740,3948,0,4,58,62,1.064516129032258,0.031454833121021764,690,I'd recommend three nice suits for your first Wall Street job.
558,3948,0,4,58,62,1.064516129032258,0.031454833121021764,690,"Thanks, this sheepskin is really itchy"
923,3948,0,4,58,62,1.064516129032258,0.031454833121021764,690,I'm a sucker for timeless wool construction.
959,3948,0,4,58,62,1.064516129032258,0.031454833121021764,690,The post holiday sales was helping Jeff get in touch with his animal nature.
1267,3948,0,4,58,62,1.064516129032258,0.031454833121021764,690,Sheep is such a catwalk cliche.I want to expand my pose
1485,3948,1,2,59,62,1.064516129032258,0.0389644357901399,690,Are you stuffed yet?
1651,3948,0,4,58,62,1.064516129032258,0.031454833121021764,690,That will definitely make you stand out during your interview.
741,3948,0,4,58,62,1.064516129032258,0.031454833121021764,690,"Yes, sir. The price does include after-dinner mints."
4135,3980,0,4,61,65,1.0615384615384615,0.030039421830410213,690,"This is the one, it's a doggone conclusion!"
3190,3981,0,4,63,67,1.0597014925373134,0.02916443047517594,690,For someone like me who absolutely hates to shop online you are a lifesaver!
3417,3982,0,3,55,58,1.0517241379310345,0.029334355490462056,690,Sorry but the weasel outfit is at the cleaners
3316,3982,0,3,55,58,1.0517241379310345,0.029334355490462056,690,Love your fall collection!
3304,3982,0,3,55,58,1.0517241379310345,0.029334355490462056,690,How Much?
3173,3982,0,3,55,58,1.0517241379310345,0.029334355490462056,690,"Magnificent,sir! No one will see you coming."
3088,3982,0,3,55,58,1.0517241379310345,0.029334355490462056,690,No. Too hackneyed.
2519,3982,0,3,55,58,1.0517241379310345,0.029334355490462056,690,Look at ewe.
2852,3982,0,3,55,58,1.0517241379310345,0.029334355490462056,690,"Maybe something in a black and white stripe, sir?"
2841,3982,0,3,55,58,1.0517241379310345,0.029334355490462056,690,This will do for my late-stage capitalism wool coat.
2767,3982,0,3,55,58,1.0517241379310345,0.029334355490462056,690,Do you find this slimming?
2528,3982,0,3,55,58,1.0517241379310345,0.029334355490462056,690,They just think they ewe me!
3461,3982,0,3,55,58,1.0517241379310345,0.029334355490462056,690,Do you have something in a little red riding hood?
2512,3982,0,3,55,58,1.0517241379310345,0.029334355490462056,690,You must feel great having so much skin in the game.
3077,3982,0,3,55,58,1.0517241379310345,0.029334355490462056,690,"Oh yeah! This says,”The wolf is at your door!”"
3571,3982,0,3,55,58,1.0517241379310345,0.029334355490462056,690,I like it. Does it come in camo?
3763,3982,0,3,55,58,1.0517241379310345,0.029334355490462056,690,"I know it's a metaphor, but I'm really hungry."
3632,3982,0,3,55,58,1.0517241379310345,0.029334355490462056,690,I shall really pull the wool over their eyes with this one!
3638,3982,0,3,55,58,1.0517241379310345,0.029334355490462056,690,Sheep's clothing is still our best seller in lupine wear.
3713,3982,0,3,55,58,1.0517241379310345,0.029334355490462056,690,"Say, you wouldn’t be trying to fleece me, would you?"
3749,3982,0,3,55,58,1.0517241379310345,0.029334355490462056,690,"No pleats. This will work just fine...ha, ha, ha."
3756,3982,0,3,55,58,1.0517241379310345,0.029334355490462056,690,"Can't go wrong with black, yes?"
3814,3982,0,3,55,58,1.0517241379310345,0.029334355490462056,690,Mr. Wolf - Your sheep dress will be the talk of the Golden Globes.
3868,3982,0,3,55,58,1.0517241379310345,0.029334355490462056,690,It fits perfectly. Now get the fuck out of my store
3901,3982,0,3,55,58,1.0517241379310345,0.029334355490462056,690,Market research reveals our rural clientele preferring calfskin coats while our more aggressive urban customers prefer sheepskin.
3921,3982,0,3,55,58,1.0517241379310345,0.029334355490462056,690,"You're right! It fits perfectly, but can I try the granny suit one more time, please."
3932,3982,0,3,55,58,1.0517241379310345,0.029334355490462056,690,Your wolf in sheep's clothing idea is proving to be very profitable.
4070,3982,0,3,55,58,1.0517241379310345,0.029334355490462056,690,"I'll take it, if I can get it in black, I don't want it to clash with my personality."
4066,3982,0,3,55,58,1.0517241379310345,0.029334355490462056,690,Wolf may safely graze.
2470,3982,0,3,55,58,1.0517241379310345,0.029334355490462056,690,Do I deserve to wear white?
3590,3982,0,3,55,58,1.0517241379310345,0.029334355490462056,690,"I like the look, but I have a craving for Steak."
2404,3982,0,3,55,58,1.0517241379310345,0.029334355490462056,690,I'd like to try the man suit next.
1579,3982,0,3,55,58,1.0517241379310345,0.029334355490462056,690,Sorry for the trouble but I think I’ll go with the cliche.
2180,3982,0,3,55,58,1.0517241379310345,0.029334355490462056,690,"Like it, but do you have anything in lamb?"
2399,3982,0,3,55,58,1.0517241379310345,0.029334355490462056,690,Does this make me look smarmy
3,3982,0,3,55,58,1.0517241379310345,0.029334355490462056,690,Gravity is losing its force
83,3982,0,3,55,58,1.0517241379310345,0.029334355490462056,690,Laundry day?’
293,3982,1,1,56,58,1.0517241379310345,0.038281393516913155,690,Now that's a better narrative!
362,3982,0,3,55,58,1.0517241379310345,0.029334355490462056,690,Does the wool make my tail look big?
375,3982,0,3,55,58,1.0517241379310345,0.029334355490462056,690,This is the one! No more cheap clothing for this guy.
734,3982,0,3,55,58,1.0517241379310345,0.029334355490462056,690,"If THIS doesn't get me into their fashion issue, I'll eat my hat."""
765,3982,0,3,55,58,1.0517241379310345,0.029334355490462056,690,They'll be talking about it for years.
795,3982,0,3,55,58,1.0517241379310345,0.029334355490462056,690,Do my gums look big in this?
1029,3982,0,3,55,58,1.0517241379310345,0.029334355490462056,690,Is there a vegan option?
1089,3982,0,3,55,58,1.0517241379310345,0.029334355490462056,690,Now we're talkin' . . . but does it make me look fattened?
1139,3982,0,3,55,58,1.0517241379310345,0.029334355490462056,690,I fear it is old fashioned.  Do you have any scrubs?  I heard ER docs are killing it.
1189,3982,0,3,55,58,1.0517241379310345,0.029334355490462056,690,This is just perfect! I will wear it at my next dinner engagement.
455,3982,0,3,55,58,1.0517241379310345,0.029334355490462056,690,"The style has been around for awhile, but it works."
1407,3982,0,3,55,58,1.0517241379310345,0.029334355490462056,690,"This will make me look fat,indeed!"
2165,3982,0,3,55,58,1.0517241379310345,0.029334355490462056,690,It is very becoming on you.
1226,3982,0,3,55,58,1.0517241379310345,0.029334355490462056,690,"This is nice, but do you have one that looks more like a human grandma?"
2073,3982,0,3,55,58,1.0517241379310345,0.029334355490462056,690,Ewe and me can wool the world.
1930,3982,0,3,55,58,1.0517241379310345,0.029334355490462056,690,Yeah! Much better than the pig.
1920,3982,0,3,55,58,1.0517241379310345,0.029334355490462056,690,"Yes, but I want this in red!"
1856,3982,0,3,55,58,1.0517241379310345,0.029334355490462056,690,"I'm just not sure it it's really ""me""."
1862,3982,0,3,55,58,1.0517241379310345,0.029334355490462056,690,But is it too derivative?
1812,3982,0,3,55,58,1.0517241379310345,0.029334355490462056,690,"Well, it's supposed to make it look big!"
1746,3982,0,3,55,58,1.0517241379310345,0.029334355490462056,690,"Divine! It's absolutely divine...and, at this price, so sheep!"
1505,3982,0,3,55,58,1.0517241379310345,0.029334355490462056,690,"Our various personas are 100% guaranteed to confuse your friends and family, thus protecting you from harm."
1502,3982,0,3,55,58,1.0517241379310345,0.029334355490462056,690,You don't think it makes me look too fat?
1475,3982,0,3,55,58,1.0517241379310345,0.029334355490462056,690,"Do you find this one to your liking, Mr.Wolf?"
262,4041,0,3,58,61,1.0491803278688525,0.027917026829387525,690,"I am not sure if this is enough but this is the highest we can  go, sir"
1111,4042,0,2,50,52,1.0384615384615385,0.02692846315438478,690,"Excellent choice, sir.  It's a classic."
2540,4043,0,2,52,54,1.037037037037037,0.025940896147128686,690,"Oh. you've done it, Edward!
This one brings out the real me!!"
2549,4043,0,2,52,54,1.037037037037037,0.025940896147128686,690,You're sure it's 100 % virgin wool? I'm allergic to synthetics.
2565,4043,0,2,52,54,1.037037037037037,0.025940896147128686,690,"It's nice, but so last year!  Do you have anything with a more porcine look?"
2539,4043,0,2,52,54,1.037037037037037,0.025940896147128686,690,"The fit is nice. I love the feel of the fabric. And it is oh, so warm. Still,  it makes me feel like a walking cliché?"
2660,4043,0,2,52,54,1.037037037037037,0.025940896147128686,690,"Does this coat make my teeth look big?”
...
“Wearing a grandmother’s garments is so last year. Sheep is in.”
...
“Jason himself couldn’t have found you fleece this fine."
2920,4043,0,2,52,54,1.037037037037037,0.025940896147128686,690,It's a bit of a cliche but I DO look fabulous.
2747,4043,0,2,52,54,1.037037037037037,0.025940896147128686,690,Wool is a fine choice for this season sir.
2757,4043,0,2,52,54,1.037037037037037,0.025940896147128686,690,Do you think this makes my flanks look fat?
2778,4043,0,2,52,54,1.037037037037037,0.025940896147128686,690,Perfect! I’ll take it.
2847,4043,0,2,52,54,1.037037037037037,0.025940896147128686,690,You're a party animal in sheep's clothing.
2932,4043,0,2,52,54,1.037037037037037,0.025940896147128686,690,You'll get a lot of use out of this one.
2521,4043,0,2,52,54,1.037037037037037,0.025940896147128686,690,"C’mon, this is not even designer!"
2942,4043,0,2,52,54,1.037037037037037,0.025940896147128686,690,Between you and me I just do it to feel accepted by a
2714,4043,0,2,52,54,1.037037037037037,0.025940896147128686,690,FINALLY a fleece to cover up my fleas!
2484,4043,0,2,52,54,1.037037037037037,0.025940896147128686,690,"#DIYNewYorker
https://photos.app.goo.gl/kXsBcUYRgwh3hiet7
""As hard as I try, I never feel like I can quite hit the nail on the head!"""
1999,4043,0,2,52,54,1.037037037037037,0.025940896147128686,690,Note to self: Rakish young wolf joined our Grand Pahty today! How morbidly interesting...
2393,4043,0,2,52,54,1.037037037037037,0.025940896147128686,690,Hmmm... Very fetching! I just might eat myself.
1884,4043,0,2,52,54,1.037037037037037,0.025940896147128686,690,Got anything in politician?
1924,4043,0,2,52,54,1.037037037037037,0.025940896147128686,690,Fooled you
1931,4043,0,2,52,54,1.037037037037037,0.025940896147128686,690,Be honest. Does this make me look thin?
1979,4043,0,2,52,54,1.037037037037037,0.025940896147128686,690,"i know it makes me look fat, but I don't give a rat's ass."
2964,4043,0,2,52,54,1.037037037037037,0.025940896147128686,690,"I'll eat, er take, it!"
2175,4043,0,2,52,54,1.037037037037037,0.025940896147128686,690,"Yeah, this works a LOT better than that lion suit you showed me."
2468,4043,0,2,52,54,1.037037037037037,0.025940896147128686,690,"A wolf in sheep's clothing is so last year, Sir. Why not try one of these new styles?  And so unexpected, you'll ..."
2226,4043,0,2,52,54,1.037037037037037,0.025940896147128686,690,The only thing left to do before she gets here is to pick the perfect romantic playlist.
2302,4043,0,2,52,54,1.037037037037037,0.025940896147128686,690,That Chihuahua is row 6 looks delicious.
2318,4043,0,2,52,54,1.037037037037037,0.025940896147128686,690,"My, how big my teeth look in this!"
2325,4043,0,2,52,54,1.037037037037037,0.025940896147128686,690,"What do you have that says, ""I'm gonna blow your house down?"
2332,4043,0,2,52,54,1.037037037037037,0.025940896147128686,690,"You're right, this one is so me!"
2358,4043,0,2,52,54,1.037037037037037,0.025940896147128686,690,"I hadn't thought of cross-dressing, but this will help me fit in"
2362,4043,0,2,52,54,1.037037037037037,0.025940896147128686,690,"Well, I guess you can't ever go wrong with a classic."
2240,4043,0,2,52,54,1.037037037037037,0.025940896147128686,690,"And because of the indecent with the granny costume, I'll give this one to you free!"
2995,4043,0,2,52,54,1.037037037037037,0.025940896147128686,690,My crowds don’t know how I just eat this up!
3506,4043,0,2,52,54,1.037037037037037,0.025940896147128686,690,I love the wool on you! But we also have stripes and... pork.
3035,4043,0,2,52,54,1.037037037037037,0.025940896147128686,690,"Your entourage offers few words, but ma’am, are you saying yes to the dress?"
3634,4043,0,2,52,54,1.037037037037037,0.025940896147128686,690,It’s not about dinner. It’s about sex.
3649,4043,0,2,52,54,1.037037037037037,0.025940896147128686,690,"You many notice that the coat doesn't cover your legs and tail,but I'm pretty sure you wouldn't mind considering that the sheep would be eaten already."
3722,4043,0,2,52,54,1.037037037037037,0.025940896147128686,690,"the ""impossible"" lamb"
3743,4043,0,2,52,54,1.037037037037037,0.025940896147128686,690,Are you sure this isn't going to look too cliché?
3804,4043,0,2,52,54,1.037037037037037,0.025940896147128686,690,"Orwell, I guess this will do."
3828,4043,0,2,52,54,1.037037037037037,0.025940896147128686,690,So I guess you are the bad guy in every story.
3610,4043,0,2,52,54,1.037037037037037,0.025940896147128686,690,"well Sir, I think red riding hood would less LGBTQ!”"
3852,4043,0,2,52,54,1.037037037037037,0.025940896147128686,690,"Now, anything without fur and just a little hair on top?"
3880,4043,0,2,52,54,1.037037037037037,0.025940896147128686,690,Does sheep’s clothing make me look too skinny?
3970,4043,0,2,52,54,1.037037037037037,0.025940896147128686,690,I don't know. Do you think it makes my butt look big?
3978,4043,0,2,52,54,1.037037037037037,0.025940896147128686,690,"Yes! This'll fool the pigs, but I'm going to need something for Red. Do you have a human one that cuts a more matronly figure?"
4198,4043,0,2,52,54,1.037037037037037,0.025940896147128686,690,Not bad. Not baaaad at all.
4048,4043,0,2,52,54,1.037037037037037,0.025940896147128686,690,You are right. It's great Capex but is it tax deductable?
1883,4043,0,2,52,54,1.037037037037037,0.025940896147128686,690,New business model of a Zoo.
3853,4043,0,2,52,54,1.037037037037037,0.025940896147128686,690,"You look amazing, sir!  It comes in three different sizes...small, medium and liberal.”"
3023,4043,0,2,52,54,1.037037037037037,0.025940896147128686,690,That adage is so last season
3603,4043,0,2,52,54,1.037037037037037,0.025940896147128686,690,I need something with wow factor for the Vet Gala.
3587,4043,0,2,52,54,1.037037037037037,0.025940896147128686,690,"Yes, very nice, but a bit too warm;  I think the pig skin might be just right."
3057,4043,0,2,52,54,1.037037037037037,0.025940896147128686,690,You have to eat them before you can wear them
3061,4043,0,2,52,54,1.037037037037037,0.025940896147128686,690,You heard right- this suits me.
3075,4043,0,2,52,54,1.037037037037037,0.025940896147128686,690,Herbert Von Schlimmer: A man who never felt right in his own skin.
3083,4043,0,2,52,54,1.037037037037037,0.025940896147128686,690,I owe ewe.
3119,4043,0,2,52,54,1.037037037037037,0.025940896147128686,690,You simply can't beat a wolf in sheep's clothing!
3124,4043,0,2,52,54,1.037037037037037,0.025940896147128686,690,"I think that’s the best one, Sir."
3596,4043,0,2,52,54,1.037037037037037,0.025940896147128686,690,I wonder what they want?
3192,4043,0,2,52,54,1.037037037037037,0.025940896147128686,690,Do you also sell these animals' meat and bones?
3325,4043,0,2,52,54,1.037037037037037,0.025940896147128686,690,I just love this season’s fashion!
3390,4043,0,2,52,54,1.037037037037037,0.025940896147128686,690,Do you have anything more slimming? I'm gonna need it.
3405,4043,0,2,52,54,1.037037037037037,0.025940896147128686,690,You don't know how pleased I am to find a style that speaks to the inner core of my being!
3522,4043,0,2,52,54,1.037037037037037,0.025940896147128686,690,He thinks I'm a poodle and will do well at Westminster. Hot dog.
3575,4043,0,2,52,54,1.037037037037037,0.025940896147128686,690,The Metaphor Museum opens.
3585,4043,0,2,52,54,1.037037037037037,0.025940896147128686,690,That's more like it... but does it make me look a bit sheepish?
3319,4043,0,2,52,54,1.037037037037037,0.025940896147128686,690,we have to get back to wall street before the pack notices we're not there.
1871,4043,0,2,52,54,1.037037037037037,0.025940896147128686,690,Splendid—what's your return policy?
73,4043,0,2,52,54,1.037037037037037,0.025940896147128686,690,NASA isnt launching rockets to the moon  anymore and SpaceX isnt Hiring.What would  you expect Fred!?
1791,4043,0,2,52,54,1.037037037037037,0.025940896147128686,690,I won't have to huff and puff to blow down the house in these!
617,4043,0,2,52,54,1.037037037037037,0.025940896147128686,690,"If only people knew how handsome I was, they would accept me for me."
591,4043,0,2,52,54,1.037037037037037,0.025940896147128686,690,I don't really feel like lamb tonight
585,4043,0,2,52,54,1.037037037037037,0.025940896147128686,690,"No, this one makes me to horny."
564,4043,0,2,52,54,1.037037037037037,0.025940896147128686,690,"Sir, I have the Bo Peep and Lamp Chop style in your size, but I'm afraid the Counting Series is missing."
531,4043,0,2,52,54,1.037037037037037,0.025940896147128686,690,It fits well but it
524,4043,0,2,52,54,1.037037037037037,0.025940896147128686,690,Do you have this in a size U?
516,4043,0,2,52,54,1.037037037037037,0.025940896147128686,690,A bit of a cliche'. Don't you think?
504,4043,0,2,52,54,1.037037037037037,0.025940896147128686,690,Jack’s nightly visualization has finally paid off.
473,4043,0,2,52,54,1.037037037037037,0.025940896147128686,690,"Hey youse, come to Daddy."
369,4043,0,2,52,54,1.037037037037037,0.025940896147128686,690,I feel so sheep.
1805,4043,0,2,52,54,1.037037037037037,0.025940896147128686,690,"Oh yes, this one, it has just the right amount of innocence and covers my big nose so well."
209,4043,0,2,52,54,1.037037037037037,0.025940896147128686,690,"Welcome to Mars, Mr Musk sir."
199,4043,0,2,52,54,1.037037037037037,0.025940896147128686,690,Is this seat taken? Gota  long way up.
187,4043,0,2,52,54,1.037037037037037,0.025940896147128686,690,Better safe than sorry
629,4043,0,2,52,54,1.037037037037037,0.025940896147128686,690,"I thought you were my wife and this was a costume party, but alright!"
149,4043,0,2,52,54,1.037037037037037,0.025940896147128686,690,"Well, I’m afraid we can only go to the 12th floor of this building."
135,4043,0,2,52,54,1.037037037037037,0.025940896147128686,690,My apologies. Maybe we lied when we said our rooftop view was “out of this world...”
133,4043,0,2,52,54,1.037037037037037,0.025940896147128686,690,You must be the new penthouse resident.
128,4043,0,2,52,54,1.037037037037037,0.025940896147128686,690,It wasn’t me I swear.
118,4043,0,2,52,54,1.037037037037037,0.025940896147128686,690,"Going up, sir?"
104,4043,0,2,52,54,1.037037037037037,0.025940896147128686,690,FORGET YOUR KEYS AGAIN?
82,4043,0,2,52,54,1.037037037037037,0.025940896147128686,690,I think we’re gonna need a bigger elevator.
81,4043,0,2,52,54,1.037037037037037,0.025940896147128686,690,Did I win?
74,4043,0,2,52,54,1.037037037037037,0.025940896147128686,690,hopefully there will be enough space for you in this room sir
59,4043,0,2,52,54,1.037037037037037,0.025940896147128686,690,the agoraphobia conference room is to the left all the way down
31,4043,0,2,52,54,1.037037037037037,0.025940896147128686,690,"GOING UP AND OUT, HOUSTON?"
24,4043,0,2,52,54,1.037037037037037,0.025940896147128686,690,"Fancy dress party?” “Yeah, redundant job theme."
15,4043,0,2,52,54,1.037037037037037,0.025940896147128686,690,"One small step for woman, one giant leap for humanity."
10,4043,0,2,52,54,1.037037037037037,0.025940896147128686,690,"Sorry, no hidden figures.”"
6,4043,0,2,52,54,1.037037037037037,0.025940896147128686,690,Today Mr. Kubrick said we’ re shooting the ‘one small step for man’ scene
147,4043,0,2,52,54,1.037037037037037,0.025940896147128686,690,You seem a little  Spaced out today. Hope  you have a great day!
635,4043,0,2,52,54,1.037037037037037,0.025940896147128686,690,"With the right accessories, this will work for me!"
273,4043,0,2,52,54,1.037037037037037,0.025940896147128686,690,Thats the wrong pianet...take me to planet 9!
892,4043,0,2,52,54,1.037037037037037,0.025940896147128686,690,Can I get a pitiful sheep’s cry for help to go with this?  And do you have a really scary wolf’s howl in stock?
1739,4043,0,2,52,54,1.037037037037037,0.025940896147128686,690,"Well, It's been done before, but I'm sure you will make it your own by being particularly nasty."
1640,4043,0,2,52,54,1.037037037037037,0.025940896147128686,690,I guess it just depends on what they are serving for dinner tonight.
766,4043,0,2,52,54,1.037037037037037,0.025940896147128686,690,I love Black Fridays!
1572,4043,0,2,52,54,1.037037037037037,0.025940896147128686,690,"Ah, yes, the classic choice; but, doesn't it make me look a little fat?"
1557,4043,0,2,52,54,1.037037037037037,0.025940896147128686,690,Noah's Ark check - in
1535,4043,0,2,52,54,1.037037037037037,0.025940896147128686,690,Do you have it in argyle?
1457,4043,0,2,52,54,1.037037037037037,0.025940896147128686,690,"Can't wait to ditch this sheep's clothing for the suit and tie!  Heh, heh heh!  Yum!"
1417,4043,0,2,52,54,1.037037037037037,0.025940896147128686,690,Is it the light in here or does this sheep's clothing make my ass look fat?
1372,4043,0,2,52,54,1.037037037037037,0.025940896147128686,690,This makes me look like a cliché!
1325,4043,0,2,52,54,1.037037037037037,0.025940896147128686,690,This is exactly what I've been looking for!  It suits me just fine!
1317,4043,0,2,52,54,1.037037037037037,0.025940896147128686,690,"No, give me a sheep's head mask and I'll go as a sheep in wolf's clothing."
1276,4043,0,2,52,54,1.037037037037037,0.025940896147128686,690,Wool is so last year. I need a fresh look and a new flock.
1236,4043,0,2,52,54,1.037037037037037,0.025940896147128686,690,"I don’t think it’s too trendy, it suits you!"
1149,4043,0,2,52,54,1.037037037037037,0.025940896147128686,690,"Just get me a salad, Charles."
1106,4043,0,2,52,54,1.037037037037037,0.025940896147128686,690,Do you have this in mauve?
1586,4043,0,2,52,54,1.037037037037037,0.025940896147128686,690,"It’s a bit cliched, but you look marvelous."
1068,4043,0,2,52,54,1.037037037037037,0.025940896147128686,690,Get our app at taxiderm.com
1079,4043,0,2,52,54,1.037037037037037,0.025940896147128686,690,"Ah, clearly, the votes should be safe with this."
895,4043,0,2,52,54,1.037037037037037,0.025940896147128686,690,"Wolfenskin, once daily, so you can enjoy the pleasures of wool. See your doctor immediately if you feel sheepish or experience prolonged cries of baaaaahhhhh"
907,4043,0,2,52,54,1.037037037037037,0.025940896147128686,690,This will make a perfect dinner wear outfit.
913,4043,0,2,52,54,1.037037037037037,0.025940896147128686,690,"That one really suits you, sir."
969,4043,0,2,52,54,1.037037037037037,0.025940896147128686,690,fashion faux paux?  My peta  acceptance gown has to be  purr fect.
977,4043,0,2,52,54,1.037037037037037,0.025940896147128686,690,It seems a little clichéd.
991,4043,0,2,52,54,1.037037037037037,0.025940896147128686,690,You bear an uncanny resemblence to my ex-wife.
948,4043,0,2,52,54,1.037037037037037,0.025940896147128686,690,I think I'll go with the full Aesop look today.
1018,4043,0,2,52,54,1.037037037037037,0.025940896147128686,690,You don't think it makes me look fat!
1028,4043,0,2,52,54,1.037037037037037,0.025940896147128686,690,Nothing feels as great as living a metaphor.
1036,4043,0,2,52,54,1.037037037037037,0.025940896147128686,690,And then I say....how about some mutual funds?
1040,4043,0,2,52,54,1.037037037037037,0.025940896147128686,690,Prey a porter!
1043,4043,0,2,52,54,1.037037037037037,0.025940896147128686,690,"Madame, you look ravenous."
1049,4043,0,2,52,54,1.037037037037037,0.025940896147128686,690,Sheep's clothing is so yesterday!
997,4043,0,2,52,54,1.037037037037037,0.025940896147128686,690,It’s all the rage for spring.
2729,4180,0,2,53,55,1.0363636363636364,0.02547377820791616,690,"Yes, yes, the sheep's clothing. I'll take the sheep's clothing - been looking for for dinnerwear for ages."
3872,4180,0,2,53,55,1.0363636363636364,0.02547377820791616,690,"Yes, yes, better than J-Lo."
3863,4180,0,2,53,55,1.0363636363636364,0.02547377820791616,690,I look fabulous!
3656,4180,0,2,53,55,1.0363636363636364,0.02547377820791616,690,This Big Bad Wolf learned a great lesson from the “Good Book”
3334,4180,0,2,53,55,1.0363636363636364,0.02547377820791616,690,The zoo gives me contraception...I give them euthanasia.
2938,4180,0,2,53,55,1.0363636363636364,0.02547377820791616,690,"The wolf discovers his real wild side:

""It's true. I have been an awfully naughty little wolf.  By all rights, you should just eat me up, you big bad sheep, you."""
2255,4180,0,2,53,55,1.0363636363636364,0.02547377820791616,690,Totally baaaaaaa-drag. Totally.
1282,4180,0,2,53,55,1.0363636363636364,0.02547377820791616,690,Do you think this makes me look fat?
1933,4180,0,2,53,55,1.0363636363636364,0.02547377820791616,690,Being an animal that died only inside has its perks
1928,4180,0,2,53,55,1.0363636363636364,0.02547377820791616,690,Hmm I can’t seem to choose.. I only have money for the one”
453,4180,0,2,53,55,1.0363636363636364,0.02547377820791616,690,"I'm not sure Rufus, fur is so out of vogue right now."
392,4180,0,2,53,55,1.0363636363636364,0.02547377820791616,690,Yes indeedy!  Perfect.
114,4180,0,2,53,55,1.0363636363636364,0.02547377820791616,690,How far do you go up?
2104,4180,0,2,53,55,1.0363636363636364,0.02547377820791616,690,"Honey, I got you next couple of lingerie to try on."
1863,4194,0,2,54,56,1.0357142857142858,0.025023180348048967,690,yes - he hasn’t noticed I bought this wolf costume from him last week
2349,4195,0,2,61,63,1.0317460317460319,0.022266067491202152,690,President Trump’s Stylist:”I wonder how Mr. Trump is going to act today.”
3029,4196,0,1,49,50,1.02,0.020203050891044214,690,I love it. Will the alterations be ready in time for my speech?
2518,4196,0,1,49,50,1.02,0.020203050891044214,690,"Yes, I’ll baaaaaaa this one, I’ll look really baaaaaad in it tonight!"
2140,4196,0,1,49,50,1.02,0.020203050891044214,690,"Oh Oh here she comes, she’s a man eater."
1941,4196,0,1,49,50,1.02,0.020203050891044214,690,"She was delicious, and she keeps on giving thanks to your recycling program."
4,4196,0,1,49,50,1.02,0.020203050891044214,690,"Take me back up, Frank. I forgot my umbrella."
518,4196,0,1,49,50,1.02,0.020203050891044214,690,"RuPaul, eat your heart out!"
85,4196,0,1,49,50,1.02,0.020203050891044214,690,- So how much have I missed? - Uhmm flat-earthers are a thing again! - Uh!!!
3299,4196,0,1,49,50,1.02,0.020203050891044214,690,"Nope, Smithers send it back, it's just a tad too snug. I wonder if we could reach up for the elephant costume? 
Also, I am sure Grandma would love it if we squeezed you in for dinner."
1597,4196,0,1,49,50,1.02,0.020203050891044214,690,Do you have this in a vegan option?
3980,4196,0,1,49,50,1.02,0.020203050891044214,690,But will this help me win friends and influence people?
