target_id,rank,funny,somewhat_funny,unfunny,count,score,precision,contest,caption
4754,1,1077,1185,873,3135,2.0650717703349284,0.014039956134054017,593,It's not so much what she said as how she said it.
762,2,792,758,706,2256,2.0381205673758864,0.01714104673486926,593,"No, my wife served the papers personally."
7278,3,980,1170,877,3027,2.034027089527585,0.014225091273138443,593,I'm pretty sure it's a final notice
4822,4,1031,1001,993,3025,2.012561983471074,0.01487306416266333,593,"...oh, and there's a note from your mother."
6786,5,957,1218,942,3117,2.004812319538017,0.013982573225609,593,‘Sharply worded’ would describe it.
3525,6,1025,1115,1080,3220,1.9829192546583851,0.014247566528243858,593,"Actually, I would like to shoot the messenger."
293,7,708,580,753,2041,1.977951984321411,0.01872582704138157,593,"Hi honey, we just received the new Republican tax plan."
5144,8,937,1093,1020,3050,1.9727868852459016,0.014498264342888516,593,"Well, it doesn't feel like a metaphor."
2262,9,688,946,787,2421,1.9591078066914498,0.015845068627987683,593,"Yes, I am painfully aware of your terms and conditions."
7756,10,906,1054,1040,3000,1.9553333333333334,0.014684313451402194,593,"What I had actually said was ""Take a stab at it and get back to me"""
7818,11,324,392,389,1105,1.9411764705882353,0.02411079237658966,593,I have reason to believe that my wife found our love letters.
6367,12,838,991,1023,2852,1.9351332398316972,0.015079781372589715,593,At least she didn’t use bullet points.
7714,13,612,742,794,2148,1.915270018621974,0.017364596453682067,593,"And I said, ""Divorce papers? Why not just stick a knife in my back?"""
6293,14,756,1191,1030,2977,1.9079610345985891,0.014097653458574602,593,"To her credit, she did leave a note."
5360,15,781,874,1056,2711,1.898561416451494,0.015692148504137395,593,I'd like to switch to paperless statements.
5119,16,711,939,1010,2660,1.887593984962406,0.015445708201234224,593,Turns out they CAN pin it on me
6720,17,517,728,744,1989,1.8858722976370035,0.017673568626537794,593,"The stress is bearable, it's the paperwork that's killing me."
568,18,625,1010,923,2558,1.8835027365129007,0.015210537445536089,593,I think we can rule out reconciliation.
7026,19,532,806,785,2123,1.8808290155440415,0.016901149092009148,593,I've just received some painful news.
4144,20,712,997,1049,2758,1.8778100072516317,0.015039251865849241,593,"I'm sorry, but Emma and I won't be able to make it to your murder mystery party. Clever invitation, by the way."
7223,21,784,900,1171,2855,1.864448336252189,0.015280481147911256,593,She knows.
6334,22,494,696,779,1969,1.8552564753682073,0.01782894086879441,593,My wife served the papers herself.
7180,23,554,847,992,2393,1.8169661512745507,0.016002581212304003,593,"No, I can't sit back and relax."
6234,24,460,665,834,1959,1.809086268504339,0.017853292722691944,593,I got your text but I’m having trouble with the attachment.
1130,25,280,520,559,1359,1.794701986754967,0.02058100193210109,593,"I wouldn't say it went well, but she did sign the divorce papers."
2736,26,329,504,664,1497,1.7762191048764195,0.02024662057171686,593,Remember when we thought there couldn't be anything worse than his tweets.
5366,27,379,713,804,1896,1.77584388185654,0.017399529644844897,593,All I can say is that I did not see this coming.
1319,28,389,776,867,2032,1.764763779527559,0.016646085127531487,593,"No, I haven't read it but I get the point."
1844,29,273,504,596,1373,1.764748725418791,0.020517670859474722,593,I think the worst news is behind me.
4166,30,409,765,922,2096,1.7552480916030535,0.016568590166278464,593,"I can’t read it, but I got the message."
2289,31,176,373,411,960,1.7552083333333333,0.023981557331362438,593,"No, I haven't read it yet, but I get the point."
7087,32,357,742,841,1940,1.7505154639175258,0.016922650220506402,593,"Yes, well I'm afraid I'm not in any position to read the fine print just now."
2396,33,316,484,701,1501,1.743504330446369,0.020195020386765527,593,"........ all I said was ""You know where you can stick it."""
5304,34,206,350,470,1026,1.7426900584795322,0.024045911162104843,593,Turns out the pen and sword are about equal.
5752,35,155,297,370,822,1.7384428223844282,0.026355435530516523,593,I need to order some Post-It Notes for my wife.
29,36,337,556,780,1673,1.7352062163777644,0.018904619780552655,593,I was under the impression that the writing would be on the wall.
6972,37,329,611,794,1734,1.731833910034602,0.018226669125001472,593,You were right. She didn't like the pre-nup.
700,38,376,549,861,1786,1.7284434490481524,0.018619982973120286,593,"So she said, ‘How can I convince you that I am filing for divorce?’. And I said, ‘Take a stab at it.’"
7371,39,173,337,429,939,1.7273695420660278,0.024581360374682476,593,"'Yes doctor, you could call it a stabbing pain."""
4103,40,230,429,564,1223,1.7269010629599346,0.02168514829193963,593,Your last letter really hurt.
1953,41,315,578,777,1670,1.7233532934131737,0.018599220032087152,593,The good news is she finally signed the divorce papers.
5559,42,215,421,545,1181,1.720575783234547,0.021890415550258897,593,"No, it's not the handwriting that makes it difficult to read."
4529,43,158,221,372,751,1.715046604527297,0.028856593965712274,593,What are you going as? I'm the Wittenberg Church door.
1806,44,253,478,652,1383,1.7114967462039046,0.020329066054590682,593,I don't see why you can't leave notes on the fridge like everyone else
529,45,234,509,632,1375,1.7105454545454546,0.019935015384489385,593,I think we’re past mediation.
4449,46,157,218,384,759,1.7009222661396575,0.028676442731888453,593,Please remove me from your mailing list.
1179,47,190,309,499,998,1.6903807615230462,0.024419369473934225,593,"No, I mean literally."
7269,48,237,391,631,1259,1.6870532168387609,0.02168388973742934,593,"Man, these back taxes are killing me."
1956,49,214,406,597,1217,1.685291700903862,0.021600275940617777,593,"Can't talk right now, I'm stuck with some paperwork"
3325,50,122,212,332,666,1.6846846846846846,0.029590130787375074,593,The prenup is signed. How quickly can you draw up a will?
7696,51,152,225,405,782,1.6764705882352942,0.027892351476337885,593,i'd like to switch to paperless billing please.
5373,52,168,387,519,1074,1.6731843575418994,0.02228461871830639,593,I can't read it. But I feel it's bad news.
6369,53,124,234,359,717,1.6722454672245468,0.028121274020334874,593,"She got the house, and I got stuck with the mortgage."
1591,54,203,279,543,1025,1.6682926829268292,0.024562085195465707,593,I'd like to switch to your paperless billing option.
5515,55,204,262,539,1005,1.6666666666666667,0.02501378845804566,593,It's an advance copy of the new Republican tax plan.
6809,56,154,349,484,987,1.6656534954407294,0.023285329044679327,593,"No, I wouldn’t say the prenuptial discussion went well."
109,57,170,309,497,976,1.6649590163934427,0.02420318221603892,593,I received some painful news.
7065,58,150,304,462,916,1.6593886462882097,0.02456409429181192,593,"Yes, I’m pretty certain she just served me with divorce papers."
6245,59,143,290,445,878,1.6560364464692483,0.025074414819499062,593,"Why can’t you just text, like everyone else?"
5729,60,153,268,454,875,1.656,0.025657894653020517,593,So you filed for divorce behind my back?
2442,61,140,279,436,855,1.6538011695906434,0.025465929398477312,593,What really hurts is that you couldn't tell me to my face.
2803,62,141,243,424,808,1.6497524752475248,0.026729729424870976,593,I'd like to sign up for paperless billing...
7378,63,90,189,290,569,1.648506151142355,0.03095573813803122,593,"Yes, without a word. But she did leave a painful note."
492,64,123,256,398,777,1.646074646074646,0.026507743334179275,593,"Yes, I'm sure the differences are irreconcilable..."
7817,65,116,263,388,767,1.6453715775749673,0.02633744389153078,593,We need post it notes.
6306,66,106,228,358,692,1.6358381502890174,0.027900650144377304,593,"Yes, I do think she really means it this time."
2046,67,104,130,299,533,1.6341463414634145,0.034200004988100524,593,"Hello, 911? Hi, it's the middle class. I just received the House tax plan."
1369,68,106,200,348,654,1.6299694189602447,0.029212926179346975,593,I'd like to switch to online billing.
6936,68,111,190,353,654,1.6299694189602447,0.02961099221158036,593,"Hello, I'd like to switch to paperless billing."
1135,70,94,211,331,636,1.6273584905660377,0.02887325818197974,593,"Why yes, she did leave a note..."
5371,71,110,172,343,625,1.6272,0.03064007765940483,593,"Her divorce attorney is a Lutheran, I think."
4084,72,116,156,348,620,1.6258064516129032,0.03134997829548033,593,I'd like to start receiving my bill online.
291,73,88,183,303,574,1.6254355400696865,0.030723848379454907,593,"If I had to guess, I'd say that the divorce is contested."
3426,74,77,220,303,600,1.6233333333333333,0.028643673402153007,593,"I can't read it, but I gather you're unhappy."
223,75,103,167,329,599,1.6227045075125208,0.03111232521708925,593,"Sorry, I can’t make it, I have a to-do list that is killing me."
6291,76,101,165,324,590,1.6220338983050848,0.031312017822818394,593,She wants either a divorce or Protestant reformation.
2417,77,86,198,311,595,1.6218487394957983,0.029707567847828093,593,She left me a very pointed note.
6461,78,89,185,311,585,1.6205128205128205,0.030401146910974463,593,Can I switch to paperless delivery?
3683,79,84,171,296,551,1.6152450090744102,0.03138090819045127,593,Mediation is probably out of the question.
387,80,82,169,292,543,1.6132596685082874,0.031540930772281324,593,I got my performance review today.
4181,81,79,171,287,537,1.6126629422718808,0.031490766519270866,593,Tell the orthopedist the pain is back and I haven't seen the bill.
1816,82,93,138,299,530,1.6113207547169812,0.0333552535744009,593,"So then I said, ""Who leaves a homicide note?"""
4293,83,76,170,281,527,1.6110056925996206,0.031625866093696824,593,"Listen, it's not what you said, it's how you said it."
1091,84,85,142,286,513,1.608187134502924,0.03335648946895574,593,I'd like to report an attack ad.
7231,84,86,140,287,513,1.608187134502924,0.03347043340188037,593,"Yes, I heard from her attorney."
3330,86,78,154,278,510,1.607843137254902,0.0326995073558114,593,"Signed, no. Executed, yes."
6351,87,83,142,282,507,1.6074950690335306,0.0334410277852666,593,I'd like to cancel our marriage counselling appointment.
1526,88,75,149,271,495,1.604040404040404,0.0331297870227519,593,I need to get something off my back.
189,89,63,156,252,471,1.5987261146496816,0.03286882626612771,593,She left a 'Dear John' letter. It really hurt.
1760,90,71,135,257,463,1.5982721382289418,0.034410246234381145,593,It's not the fine print that I'm worried about.
337,91,64,142,247,453,1.596026490066225,0.03402691606405684,593,I think she's serious this time.
7117,92,71,123,252,446,1.594170403587444,0.03545903112526421,593,"Agnes, I got your divorce papers today and I must admit they hurt me more than I expected."
4746,93,59,139,237,435,1.5908045977011493,0.03438126207235001,593,"It's not the demands I object to, it's the way they were presented."
1461,94,67,119,243,429,1.5897435897435896,0.03598741993509244,593,I believe my wife chose to serve me the papers herself.
4919,95,66,119,241,426,1.5892018779342723,0.03603600095011446,593,"yes, she left a note."
5070,95,69,113,244,426,1.5892018779342723,0.036492922341827584,593,It certainly doesn't feel like fake news . . .
6047,95,64,123,239,426,1.5892018779342723,0.03572814045114362,593,"Yes, can you tell me how to unsubscribe?"
3581,98,78,93,252,423,1.5886524822695036,0.038048829429048525,593,"Yes, I think the divorce papers are still where you put them."
4099,98,56,137,230,423,1.5886524822695036,0.03465866568218923,593,"Of course she signed the pre-nup, I have it right here ..."
3288,100,62,119,234,415,1.5855421686746989,0.03616513781919615,593,I don't know what it says. That's why I need you to come over.
6827,101,64,113,235,412,1.5849514563106797,0.03669638902796071,593,"No, I'm quite sure I selected email notifications."
5899,102,54,129,223,406,1.583743842364532,0.035451125148272124,593,I have a hunch my wife found out about us.
527,103,56,123,224,403,1.5831265508684864,0.03600047019092653,593,I'm going to need a paramedic and a divorce attorney
333,104,57,119,225,401,1.5810473815461346,0.03632219014433516,593,"Honey, it's backwards in the mirror. Can you just come home and read it?"
3256,105,64,100,229,393,1.5801526717557253,0.038108173595562435,593,"She left a note. No, I haven't read it yet."
7323,106,47,130,210,387,1.578811369509044,0.03550825726356444,593,Next time just send me a text.
310,106,53,118,216,387,1.578811369509044,0.03662195103302643,593,"What part of ""literally"" don't you understand?"
5319,108,54,113,217,384,1.5755208333333333,0.03704300668074136,593,"I haven't read it yet, but I'm pretty sure she wants a divorce."
1714,109,45,122,202,369,1.5745257452574526,0.03642847191527661,593,"It feels more like a utility knife than a steak knife, but I could be wrong."
3514,110,56,104,216,376,1.574468085106383,0.0380290010290785,593,It's a sharp pain in my back. I have a nagging feeling that there's more to it.
6718,110,48,120,208,376,1.574468085106383,0.03650657121621653,593,"Oh, so now I'm the one who's being dramatic?"
1098,112,61,92,220,373,1.5737265415549597,0.03920041368348005,593,You said the instructions are on the back?
2174,112,57,100,216,373,1.5737265415549597,0.03845799355783675,593,"Yes, she signed the papers."
7432,112,57,100,216,373,1.5737265415549597,0.03845799355783675,593,Of course I'm sure - she left a note
7767,112,60,94,219,373,1.5737265415549597,0.03901613309697196,593,It started it with a ‘kick me’ and it went downhill from there.
4577,116,45,116,200,361,1.5706371191135735,0.03705543432284602,593,I'm detecting a new level of animosity in the negotiations.
7439,117,56,95,212,363,1.5702479338842976,0.03910621507063477,593,You couldn’ta just texted me ??
4420,118,63,86,223,372,1.5698924731182795,0.03966927697054667,593,The worst part is she moved out and stuck me with the lease.
6884,119,59,86,213,358,1.5698324022346368,0.04012349193988395,593,"Mrs. Luther, your son Martin must learn to hand in his homework like everyone else."
6893,120,44,117,199,360,1.5694444444444444,0.036930330914427996,593,Didn’t read your note but got the point
6627,121,61,81,215,357,1.5686274509803921,0.040607291910686155,593,Hello Mr. Trump. My name is Willard Skivington from the middle class. I wanted to inform you I just now received a copy of your new tax plan.
7667,122,45,110,197,352,1.5681818181818181,0.03778153794200007,593,Let's just say she made her point.
3635,123,46,109,199,354,1.5677966101694916,0.03783408783069654,593,Can't play golf today. Jenny is kind of anxious that I finish my to-do list.
3065,124,48,106,202,356,1.5674157303370786,0.03809247608425302,593,"I'm not sure what it says, but somehow I get the point."
5829,125,59,85,214,358,1.5670391061452513,0.04013683516721449,593,The New Yorker asked me to stop submitting cartoon captions.
2962,126,47,103,198,348,1.5660919540229885,0.03855258754186765,593,"I don't know--a list of grievances, I think. She seemed angry."
5494,126,40,117,191,348,1.5660919540229885,0.037018451318176694,593,"In life, Joe, there are to-do lists and or-else lists."
5083,128,22,42,88,152,1.5657894736842106,0.05953158376844467,593,"No, I don't see any note."
3132,129,57,76,205,338,1.5621301775147929,0.04160781809777027,593,"I've got a bad back, but there's a funny story attached..."
6704,130,48,95,197,340,1.561764705882353,0.039485558477380195,593,"What to-do list was that, Hon?"
6619,131,56,75,202,333,1.5615615615615615,0.04188864003616772,593,She got the house. I got the cutlery.
2814,132,41,104,187,332,1.5602409638554218,0.038607130271461246,593,"No, negotiations did not go well."
2503,133,48,86,192,326,1.5582822085889572,0.040802779383813666,593,Can you come over? I need you to read something.
3382,134,44,92,187,323,1.5572755417956656,0.04015363866410159,593,"Yes Officer Dibble, my wife has read the restraining order."
822,135,42,97,186,325,1.5569230769230769,0.039488289472688634,593,I think my wife found out about us.
3156,135,39,103,183,325,1.5569230769230769,0.038760094794760176,593,"Yeah, I'm pretty sure she wants a divorce."
6731,135,44,93,188,325,1.5569230769230769,0.039966382249738634,593,911? I'd like to report an ultimatum.
2454,138,48,82,190,320,1.55625,0.04140313079722247,593,"It’s not what you said, it was how you said it!"
426,139,42,92,183,317,1.555205047318612,0.04024987734393951,593,"No, mother, this time I don't think she's coming back."
5419,139,45,86,186,317,1.555205047318612,0.040987188283674605,593,I liked it better when she left notes on the refrigerator.
1039,141,42,93,184,319,1.554858934169279,0.040059444090785074,593,"Sorry I can't come, I've been stuck with the to-do list."
6496,141,42,93,184,319,1.554858934169279,0.040059444090785074,593,No. Technically I haven't seen the summons.
5773,143,43,89,184,316,1.5537974683544304,0.04060095124121512,593,"No, I'm not with the White House any longer."
7195,144,47,79,187,313,1.5527156549520766,0.04189197602858685,593,"No -- no, I think it's too high to be sciatica. Feels more like a manifesto."
5234,145,44,87,186,317,1.5520504731861198,0.0407560383000198,593,"The knife wound is minimal, but the words cut deep."
7248,146,39,90,176,305,1.5508196721311476,0.040683108880297844,593,That's right. She delivered the divorce papers personally.
1879,147,43,83,181,307,1.5504885993485342,0.04152254268031604,593,I wish he would go back to tweeting.
2136,147,37,95,175,307,1.5504885993485342,0.03995476390701139,593,"It's not a metaphor, Operator."
5370,149,38,95,178,311,1.54983922829582,0.0398338906475125,593,"Sorry, I don’t have the exact figures in front of me."
6805,149,44,83,184,311,1.54983922829582,0.04136674099149446,593,I’d like to report a backstabbing. No eyewitnesses but they did leave a note.
2071,151,38,90,174,302,1.5496688741721854,0.04072387498277996,593,It might be a toss up as to which one is mightier.
1480,152,41,85,178,304,1.549342105263158,0.041319099490244156,593,"Sorry I can’t, I just got stuck with some paperwork."
463,153,37,91,173,301,1.548172757475083,0.04055969105392614,593,I wouldn't call it a death threat as much as a manifesto.
4445,154,41,81,176,298,1.5469798657718121,0.041962010935777165,593,Does this mean it’s over?
5237,155,43,75,177,295,1.5457627118644068,0.042834565399507946,593,"Well that's all fine and good, Lorraine, but the note is backwards in the mirror, so how 'bout you just tell me what it said?"
2717,156,38,80,169,287,1.543554006968641,0.04234851285961145,593,It’s not so much what it says as how it was presented
3956,156,35,86,166,287,1.543554006968641,0.04147648619817538,593,"Sorry, no golf today. Trudy just reminded me it's her birthday"
6012,156,34,88,165,287,1.543554006968641,0.04118170746002426,593,"Apparently, they want the contract signed in blood."
5708,159,43,71,175,289,1.5432525951557095,0.043529486641064825,593,Your lawyer sent the divorce papers.
7474,160,39,76,169,284,1.5422535211267605,0.04298337780771652,593,"Yes Jim, the divorce papers were served personally."
1190,161,36,83,167,286,1.5419580419580419,0.04188487875465651,593,Tell Mr. Mueller I'm ready to talk.
5545,161,36,83,167,286,1.5419580419580419,0.04188487875465651,593,I forget: Where did you leave my copy of our child-support agreement?
1328,163,37,79,167,283,1.540636042402827,0.042519616290550184,593,"No, I'm pretty sure it will be contested."
4823,163,35,83,165,283,1.540636042402827,0.04192608048398528,593,She isn’t totally on-board with the divorce settlement.
6766,165,39,72,167,278,1.539568345323741,0.043701063837916526,593,"In this case, it's not what it says that hurts, but how they said it."
3489,166,32,87,161,280,1.5392857142857144,0.04134946187340766,593,Fake news. Real knife.
6546,167,40,68,167,275,1.538181818181818,0.04437116343729237,593,I’d like to switch to paperless billing.
7584,168,35,79,163,277,1.5379061371841156,0.04261687705725398,593,"Well, she signed the prenup. But she wasn’t happy."
4888,169,36,74,162,272,1.536764705882353,0.04352351185238043,593,"No, doctor, it's more like a stabbing pain."
2311,169,40,66,166,272,1.536764705882353,0.04475295052880845,593,I'd prefer paperless billing in the future.
1230,171,35,74,160,269,1.5353159851301115,0.04357939355923164,593,It wasn't just the email. She also added an attachment.
4153,172,31,83,157,271,1.5350553505535056,0.04205610935583333,593,"and then I said, "" President Trump,you can't keep tweeting! There must be another way of communicating with the media"""
5257,173,35,72,159,266,1.5338345864661653,0.043955943444931124,593,"I'd love to stop by, but my paperwork is killing me..."
5993,173,29,84,153,266,1.5338345864661653,0.0419748502212536,593,I'd like to complain about your overly aggressive process servers.
7308,173,33,76,157,266,1.5338345864661653,0.04330565005233013,593,That's the last time I date a Protestant.
986,176,38,67,163,268,1.5335820895522387,0.044656589483752444,593,"The good news is, she signed the papers."
4486,177,37,70,163,270,1.5333333333333334,0.04409195203280367,593,"About 5'10"", chubby; possibly Lutheran."
4288,178,30,80,153,263,1.532319391634981,0.04267274453511121,593,Oh she's more than just talking behind my back.
6006,178,37,66,160,263,1.532319391634981,0.044990426386927684,593,This is what I get for marrying a Lutheran.
2901,180,38,62,160,260,1.5307692307692307,0.04571866911428328,593,I'll stop calling if you stop writing.
3772,180,37,64,159,260,1.5307692307692307,0.045392694080449665,593,"Yes dear, I got your note."
3750,182,27,82,148,257,1.5291828793774318,0.04235568748099024,593,Now she's spreading vicious rumors behind my back.
3943,183,31,75,153,259,1.528957528957529,0.04351528738319786,593,"I don't think it's ""Uncontested"" anymore."
5779,184,33,68,153,254,1.5275590551181102,0.044857394513652976,593,There may be some lingering resentment.
707,184,32,70,152,254,1.5275590551181102,0.04450913670993913,593,"Yes Greta, I got the divorce papers."
2493,184,30,74,150,254,1.5275590551181102,0.04380431561941296,593,I'm calling to report a hate message.
3918,187,36,63,157,256,1.52734375,0.04561141581115186,593,"Et tu, Verizon?"
608,188,25,82,144,251,1.5258964143426295,0.04235717473936103,593,"When I said don't shoot the messenger, wouldn't you think no stabbing is implied?"
6382,188,31,70,150,251,1.5258964143426295,0.04455743834267989,593,"Well...it still hurts, but at least I've put it behind me now."
2797,190,33,67,153,253,1.5256916996047432,0.04499600960212281,593,Not sure what it says but she really seemed to take the “back-stabbing bitch” comment quite literally
7481,190,33,67,153,253,1.5256916996047432,0.04499600960212281,593,She's delivered the divorce papers.
601,192,35,58,152,245,1.5224489795918368,0.046834655491838795,593,I've been served.
4487,192,35,58,152,245,1.5224489795918368,0.046834655491838795,593,"Yes doctor, its a stabbing pain between my shoulders... yes, I did just sign a new contract with my cable company."
4610,194,33,63,151,247,1.5222672064777327,0.04583066433833327,593,"Yeah, I got the message."
5995,194,30,69,148,247,1.5222672064777327,0.04474040530619331,593,"Yes, dear, I got your message."
2961,196,37,52,153,242,1.5206611570247934,0.04800407315694167,593,I’d like to unsubscribe from your mailing list.
1734,197,34,59,151,244,1.5204918032786885,0.046625582028982364,593,"Yes,I'm a 100% sure she found the letter I wrote to you."
6159,198,28,69,144,241,1.5186721991701244,0.04481519897527173,593,I looked everywhere.
4647,198,33,59,149,241,1.5186721991701244,0.04670431235175082,593,Does this mean it’s over?
6438,200,27,72,144,243,1.5185185185185186,0.04415783518048484,593,"Yes, I'd like to report an overreaction."
6729,201,22,79,137,238,1.5168067226890756,0.04282194928193949,593,At least she had the decency to leave a note.
7127,201,30,63,145,238,1.5168067226890756,0.04601496612200457,593,"There is a will, but I don’t think you could call it uncontested"
1638,203,26,72,142,240,1.5166666666666666,0.04417485648128122,593,The fine print is killing me.
2580,203,33,58,149,240,1.5166666666666666,0.04685606118261591,593,"Well, she decided not to sign the prenup."
3340,203,28,68,144,240,1.5166666666666666,0.04495723470271825,593,"Yes, I have a copy, and it’s binding."
7740,203,29,66,145,240,1.5166666666666666,0.04534336175893937,593,I think the pre-nup touched a nerve
951,207,34,52,147,233,1.5150214592274678,0.04831737074857907,593,She left instructions for my next wife.
4496,207,25,70,138,233,1.5150214592274678,0.04473902439285072,593,She finally stuck me with divorce papers.
4722,207,33,54,146,233,1.5150214592274678,0.04793297036495542,593,"I know, but this time I think she means it."
7114,207,26,68,139,233,1.5150214592274678,0.04515062537409689,593,No. I wouldn’t use the word amicable.
2419,211,36,49,150,235,1.5148936170212766,0.04875199574680712,593,"Hey, Brutus it's me... I got your note."
1105,211,28,65,142,235,1.5148936170212766,0.04567050575817009,593,"Yes, I do mean literally."
7123,213,21,80,136,237,1.5147679324894514,0.042535981679891366,593,"911? I need an ambulance and a proof reader, stat."
3509,213,30,62,145,237,1.5147679324894514,0.04616415372929981,593,"This hurts, Judy."
5741,213,33,56,148,237,1.5147679324894514,0.04731175548316946,593,How can I change the delivery method for future notices?
6886,216,23,74,137,234,1.5128205128205128,0.04377158969601112,593,"Well, she delivered the divorce papers."
842,217,23,69,133,225,1.511111111111111,0.04503574907654319,593,"Yes, I got the final notice."
1350,218,32,52,143,227,1.5110132158590308,0.048509511660479475,593,I think she wants a divorce.
3145,218,28,60,139,227,1.5110132158590308,0.04687465607277879,593,"No. Literally, this time."
2416,220,24,69,136,229,1.5109170305676856,0.04489206379590841,593,"On second thought, I do agree to the terms and conditions."
7431,220,33,51,145,229,1.5109170305676856,0.04858030182668997,593,She overreacted ‘cause the job jar and fridge magnets were full.
830,222,25,63,134,222,1.509009009009009,0.046367802790996136,593,My client has expressed reluctance at accepting your proposal.
909,222,24,65,133,222,1.509009009009009,0.045926118810733496,593,The acupuncturist stopped by with another payment notice.
6997,222,26,61,135,222,1.509009009009009,0.04680531895321095,593,*Can you hold? I think I have another message.
7723,222,25,63,134,222,1.509009009009009,0.046367802790996136,593,"The good news is, they gave me a very detailed severance package."
2943,226,26,62,136,224,1.5089285714285714,0.04649428036355785,593,"Yes, hi. I'd like to change my delivery preferences."
1506,226,28,58,138,224,1.5089285714285714,0.04734759740814699,593,She served the papers herself.
6481,228,28,61,141,230,1.508695652173913,0.04641763360641481,593,Got your message. Point taken.
1704,229,29,54,138,221,1.506787330316742,0.0482605321082257,593,She’s hired a real backstabber for a lawyer.
2402,229,37,38,146,221,1.506787330316742,0.05155736263030666,593,Remember the new neighbor I said looked like Martin Luther?
4477,231,21,66,127,214,1.5046728971962617,0.045771418510504716,593,You could've sent me an all caps text message.
7400,232,28,54,136,218,1.5045871559633028,0.048329690140283994,593,And then I asked her to sign a prenup
2669,233,17,72,122,211,1.5023696682464456,0.044246701541346856,593,"Yeah, it's definitely worse than those itches you can't quite reach."
7543,233,22,62,127,211,1.5023696682464456,0.046727436131535106,593,"OK, I’m ready to switch to paperless billing now."
5833,235,25,57,131,213,1.5023474178403755,0.04781727571620958,593,"I think she means it, this time."
6054,235,29,49,135,213,1.5023474178403755,0.04963522406028193,593,Hello...menopause hotline?
571,237,29,50,136,215,1.5023255813953489,0.04928280175896319,593,They got back to me in writing.
2320,237,27,54,134,215,1.5023255813953489,0.048392736303677165,593,I looked everywhere.
6683,239,19,67,124,210,1.5,0.04540895412366039,593,"The next time the alimony check is late, just call me."
4365,239,34,37,139,210,1.5,0.05239752011232179,593,Yes I heard. Republicans sent the middle class a message. Yes I got mine too.
6739,239,28,49,133,210,1.5,0.04972010975646149,593,"So, then marriage counseling is out?"
1306,239,23,59,128,210,1.5,0.047373483945020195,593,"Trust me, I don't have to read it to know it's not good news."
405,239,26,52,130,208,1.5,0.04914731871829904,593,My backstabbing wife has just served divorce papers on me.
3789,239,31,43,136,210,1.5,0.05107636159768893,593,My annual performance review didn't go too well.
7011,239,29,47,134,210,1.5,0.05017626710722586,593,The wedding's off. She refused to sign the pre-nup.
483,246,29,45,133,207,1.497584541062802,0.050731895822577984,593,"Well, it feels like about four or five pages, but I think you're missing my main concern."
4846,247,26,50,129,205,1.497560975609756,0.04968787813990479,593,I sense three or four pages. Does it matter?
295,248,28,45,131,204,1.4950980392156863,0.05082985114089074,593,"Yeah, she served me the papers herself."
1727,248,23,55,126,204,1.4950980392156863,0.04839625880478782,593,I wouldn’t call it an amicable divorce.
4100,248,20,61,123,204,1.4950980392156863,0.04687549814004046,593,"No, I cannot forward the Message"
4286,248,20,61,123,204,1.4950980392156863,0.04687549814004046,593,They told me it's a binding contract and I'm stuck with it.
4933,248,21,59,124,204,1.4950980392156863,0.04738784133106253,593,She said something about never listening.
6935,248,22,57,125,204,1.4950980392156863,0.0478947041556682,593,It pains me to read your letter.
1484,254,34,32,136,202,1.495049504950495,0.054022712929509435,593,"I didn't get a good look at him, but I'm pretty sure he's Lutheran"
5528,254,30,40,132,202,1.495049504950495,0.0521672203920064,593,I want to report an attempted contract killing.
1148,256,25,49,126,200,1.495,0.05012421755927616,593,"Yes, sweetheart, of course I am sure that I no longer work at the White House. the President told me in person!"
3453,256,27,45,128,200,1.495,0.051116921840937,593,I won't be coming to work today. My To-Do list is killing me.
6991,256,21,57,122,200,1.495,0.04807735600887408,593,"Yes, I can show that I was personally served."
7635,256,23,53,124,200,1.495,0.049111451550191774,593,Funny that you mention it. She did seem a bit upset.
200,260,21,59,125,205,1.4926829268292683,0.04721791935213387,593,I believe I'm the target of a hate mail campaign.
7075,261,21,56,122,199,1.4924623115577889,0.048252202526526164,593,It’s safe to say she’s not bluffing this time.
3584,261,21,56,122,199,1.4924623115577889,0.048252202526526164,593,I'd prefer to go paperless from now on.
843,261,22,54,123,199,1.4924623115577889,0.04877534103816796,593,I just got her counter-proposal. What's our next move?
1181,261,22,54,123,199,1.4924623115577889,0.04877534103816796,593,Yes I have the note. Yes I know where the note is. Yes it is in a place where it won't get lost. No I cannot read it to you.
1773,261,20,58,121,199,1.4924623115577889,0.047723329765767646,593,"Mother, of course she was decent enough to leave me a farewell note."
1663,266,17,63,117,197,1.4923857868020305,0.0464302667956774,593,"It hurts to admit it, but I feel you've made your point."
5716,266,19,59,119,197,1.4923857868020305,0.04753277198002578,593,"Room Service? Could you, please, send up two mirrors."
1811,268,22,53,123,198,1.4898989898989898,0.04895456257634654,593,These bills are killing me.
7100,269,23,50,123,196,1.489795918367347,0.04985053322601704,593,"Hello Mabel, my wife found your letters."
1469,269,19,58,119,196,1.489795918367347,0.047704938611106584,593,I thought reporting to HR was confidential?
1818,269,30,36,130,196,1.489795918367347,0.0533982773993562,593,I brought a subpoena to a knife fight.
3546,269,18,60,118,196,1.489795918367347,0.04715328773407272,593,She said I don't pay attention to the Post Its.
6295,269,24,48,124,196,1.489795918367347,0.050372654155557695,593,... and then she stuck me with a long list of demands.
6689,269,25,46,125,196,1.489795918367347,0.0508894184524899,593,"Martin, I think more people would see it if you pinned your message to a church door."
5259,275,23,49,122,194,1.4896907216494846,0.05023298674904032,593,The sign said “Post No Bills” not “Post On Bill...”
5514,275,25,45,124,194,1.4896907216494846,0.05128532789925986,593,"Well, they missed my spinal cord so I wouldn't call it 'crippling debt.'"
5201,275,23,49,122,194,1.4896907216494846,0.05023298674904032,593,"Well, she didn't embrace constructive criticism as much as I'd hoped"
83,278,22,53,124,199,1.4874371859296482,0.04877011127982577,593,I sense it's over.
349,279,25,44,124,193,1.4870466321243523,0.05148318737368862,593,"Yes, I received the divorce papers."
3404,279,18,58,117,193,1.4870466321243523,0.04767296948077188,593,"No, it’s a sharp stabbing pain."
1651,281,25,43,123,191,1.486910994764398,0.05189101852384497,593,"Yes, as chance would have it, I do have a living will posted where first responders can find it."
3036,281,22,49,120,191,1.486910994764398,0.05027268642579184,593,"I think it's the divorce papers, and I'm guessing she signed them."
3505,281,20,53,118,191,1.486910994764398,0.04916421257868347,593,"Yeah, I'm sure. This time, the divorce is going to stick."
5181,281,22,49,120,191,1.486910994764398,0.05027268642579184,593,"Yes, literally"
1566,285,23,46,120,189,1.4867724867724867,0.0512197641104704,593,"Yes, I'm sure the message was meant for me."
3206,285,19,54,116,189,1.4867724867724867,0.04897259513455313,593,Apparently they call it targeted advertising.
4325,285,23,46,120,189,1.4867724867724867,0.0512197641104704,593,"No dear, I did not see your note."
6223,285,29,34,126,189,1.4867724867724867,0.05441679867018357,593,The new Congressional tax plan has just arrived.
2397,289,18,55,115,188,1.4840425531914894,0.048575137320861383,593,There's a backstory you should know about.
6118,289,23,45,120,188,1.4840425531914894,0.05141974749952997,593,An amicable separation appears to be off the table now.
3550,289,18,55,115,188,1.4840425531914894,0.048575137320861383,593,"Yes, I'd like to lodge a complaint concerning your delivery service."
1601,289,22,47,119,188,1.4840425531914894,0.05086355413732354,593,I miss the old days when they just wrote 'Kick Me' on sticky notes.
1292,289,24,43,121,188,1.4840425531914894,0.05196998870839201,593,"Yes, I received the divorce papers."
620,289,16,59,113,188,1.4840425531914894,0.047389507054521995,593,"Haven't read it yet, but I am guessing it's not good news."
4855,295,27,36,123,186,1.4838709677419355,0.054030143486840175,593,"Yes, unfortunately, they found a way to make the charges stick."
6934,295,26,38,122,186,1.4838709677419355,0.05348956689337406,593,Your letter was really hurtful
312,297,21,48,118,187,1.481283422459893,0.05049478947922158,593,Can I talk to someone about going paperless?
2716,297,24,42,121,187,1.481283422459893,0.05217496318497729,593,Got your message. Point taken.
4278,297,17,56,114,187,1.481283422459893,0.048163468931135635,593,"Yes, Martha, I got the divorce papers."
4328,297,21,48,118,187,1.481283422459893,0.05049478947922158,593,I think I got her answer to the prenup.
4619,297,21,48,118,187,1.481283422459893,0.05049478947922158,593,"I see. And, what if I'm 90 days late?"
4691,297,22,46,119,187,1.481283422459893,0.05106099069562317,593,"Yes, the divorce papers just got here. No, I don't think she's kidding."
6071,297,19,52,116,187,1.481283422459893,0.049342899712275595,593,"Yes, I've heard the expression ""Stick it to the man."""
6666,297,22,46,119,187,1.481283422459893,0.05106099069562317,593,This wasn't what I meant when I said let's put our grivances behind us.
7319,297,18,54,115,187,1.481283422459893,0.04875675077102736,593,"Please remove this list from me, I mean me from this list."
7536,297,21,48,118,187,1.481283422459893,0.05049478947922158,593,Please put me on your Do Not Stab list.
6907,307,24,41,120,185,1.481081081081081,0.05260091408769303,593,I think my wife is on to us.
6235,307,20,49,116,185,1.481081081081081,0.050317378076951594,593,Can I change to the digital subscription?
2172,307,20,49,116,185,1.481081081081081,0.050317378076951594,593,I didn't see it coming. She served me the divorce papers herself.
5388,307,25,39,121,185,1.481081081081081,0.05315647250750709,593,Your mother stopped by and left a note.
6107,307,24,41,120,185,1.481081081081081,0.05260091408769303,593,"Yes, I’ve received it Senator. Now I understand why it’s called a middle class tax cut."
883,312,16,56,111,183,1.4808743169398908,0.04829497256305337,593,I haven't seen their comments but I sense they’re unhappy with a few of the terms.
1489,312,23,42,118,183,1.4808743169398908,0.05246664709609185,593,"You were right, I should have known Martin Luther would be a bad roommate."
2414,312,23,42,118,183,1.4808743169398908,0.05246664709609185,593,Remember you told me the prenup was bulletproof?
5084,312,20,48,115,183,1.4808743169398908,0.05072081758385323,593,Yes. I got your note. You made your point.
7109,312,23,42,118,183,1.4808743169398908,0.05246664709609185,593,"Hello, IKEA customer service? My wife finds your assembly instructions confusing and frustrating."
1502,317,20,50,118,188,1.4787234042553192,0.04972186082020868,593,She didn't go for the pre-nup.
2447,318,24,41,121,186,1.478494623655914,0.05238124457605916,593,"Stabbed in the Back With a Note Attached Hot Line? I'm calling about...yes, I'll hold."
4960,319,27,33,122,182,1.478021978021978,0.054934429183221285,593,She delivered the subpoena herself.
4952,319,22,43,117,182,1.478021978021978,0.05209825016457762,593,I’d like to change my billing preference to “online.”
6844,319,17,53,112,182,1.478021978021978,0.049098511492055144,593,"Well, there is one sticking point."
2686,319,21,45,116,182,1.478021978021978,0.05151227914115065,593,I think we're done with counter-offers.
1863,319,13,61,108,182,1.478021978021978,0.04655977619313819,593,"No, I didn't see it coming. Yes, she did leave a note."
3347,319,21,45,116,182,1.478021978021978,0.05151227914115065,593,"I don't think you understand what I mean by ""paper cut."""
7605,325,21,44,115,180,1.4777777777777779,0.05193676355710676,593,She delivered it herself. I haven't been able to get to it yet.
1055,326,18,49,111,178,1.4775280898876404,0.05051946004578002,593,"I called him a back-stabbing, ignorant list-maker, and look where it got me."
1955,327,22,42,117,181,1.4751381215469612,0.05230656479149948,593,"Honey, do you remember where you put the shopping list?"
2318,327,21,44,116,181,1.4751381215469612,0.05171643226366548,593,Indications are pointing towards a painful divorce.
3018,327,23,40,118,181,1.4751381215469612,0.05289011320173523,593,I assume a friendly divorce is out of the question.
5059,327,22,42,117,181,1.4751381215469612,0.05230656479149948,593,She finally served the divorce papers.
116,331,15,55,109,179,1.4748603351955307,0.048399424421817126,593,I had a different understanding when you said you have my back in this contract.
7602,331,17,51,111,179,1.4748603351955307,0.04967942915975323,593,"I received your letter, but I'm sensing some hostility."
7372,333,27,30,120,177,1.4745762711864407,0.056126803462416004,593,Mr. Fleceum Esq. please. My wife just served me divorce papers and I think it's going to be messy.
1265,333,18,48,111,177,1.4745762711864407,0.050718892421056365,593,"I just heard from her lawyer,it's going to get ugly."
2282,333,25,34,118,177,1.4745762711864407,0.05497104143213153,593,"Hello 911, someone has just stabbed me and left a note to make it look like a suicide."
3990,333,24,36,117,177,1.4745762711864407,0.05438395039665053,593,Please inform Mr Luther that the church is actually next door.
6130,333,24,36,117,177,1.4745762711864407,0.05438395039665053,593,"Well, to be fair I did ask him to take a stab at the report."
3935,338,16,51,109,176,1.4715909090909092,0.04962782084803994,593,I think it's safe to assume she's made up her mind.
671,338,16,51,109,176,1.4715909090909092,0.04962782084803994,593,"No, if she were mad she would tell me."
2938,338,25,33,118,176,1.4715909090909092,0.055202682783907636,593,"You were right, she served the papers herself."
4216,341,18,46,110,174,1.471264367816092,0.05134440073187335,593,The good news is that she signed the separation agreement.
1674,342,26,29,117,172,1.4709302325581395,0.056789368188739066,593,"For the last time, Mr. Luther, my name is Chuck Dorr, not Church Door."
2996,342,21,39,112,172,1.4709302325581395,0.0537125223691311,593,"No, I already looked on the refrigerator."
4296,342,19,43,110,172,1.4709302325581395,0.052431251627685804,593,"I got your message, and I'm hurt."
4635,342,12,57,103,172,1.4709302325581395,0.04767640879109123,593,I would like to report a threatening letter that I have just received.
4667,342,19,43,110,172,1.4709302325581395,0.052431251627685804,593,"Honey, you said I couldn't find it if it was pinned to my chest. Well? Where is it?"
4821,342,24,33,115,172,1.4709302325581395,0.05557907364528006,593,"I can no longer refer to the divorce proceedings as "" amicable."""
6031,342,22,37,113,172,1.4709302325581395,0.054341830253118645,593,"Actually, I’m not able to read the fine print."
7089,342,22,37,113,172,1.4709302325581395,0.054341830253118645,593,"Dad, remember when you said words could never hurt me?"
7379,342,15,51,106,172,1.4709302325581395,0.04976985355843733,593,I’m guess I’m looking for a divorce lawyer.
1666,351,21,38,111,170,1.4705882352941178,0.05418540228026319,593,I didn't read it but I feel I got the point.
7485,351,24,32,114,170,1.4705882352941178,0.0560793968681617,593,"Not to jump to conclusions, but I'd say my attacker is likely a Lutheran."
686,351,19,42,109,170,1.4705882352941178,0.05288506908121984,593,I don't think the prenup is going to fly
1346,351,18,44,108,170,1.4705882352941178,0.05222276215838375,593,I suppose this means the divorce is no longer an amicable parting of two people that still care very much about one another?
2859,355,21,41,115,177,1.4689265536723164,0.05256611510790163,593,"Short, German accent, answers to Luther."
7427,355,18,47,112,177,1.4689265536723164,0.05070101035851096,593,She just stuck me with divorce papers.
1040,357,16,48,107,171,1.4678362573099415,0.050648732437547354,593,It started out as a friendly game of pin the tail on the donkey.
3133,357,19,42,110,171,1.4678362573099415,0.05264686549400136,593,I’m not being paranoid. They stabbed me in the back with the terms of that contract.
6168,357,17,46,108,171,1.4678362573099415,0.05132342103888501,593,"Yup, pretty sure she's filing for divorce..."
3477,360,20,39,110,169,1.467455621301775,0.05376465768844161,593,"No, Mildred; I haven't read the letter yet...but I get the message."
3858,360,18,43,108,169,1.467455621301775,0.05243809359698283,593,"Yeah, she left. I haven't read her note, but it hurts already."
1985,360,20,39,110,169,1.467455621301775,0.05376465768844161,593,"Please resend it, I can't read the attachment."
5484,360,23,33,113,169,1.467455621301775,0.05569529199815152,593,"Yes, Dear...your mother did leave a message."
1689,360,16,47,106,169,1.467455621301775,0.05107708785567713,593,Yes. Phyllis really nailed me with those divorce papers.
808,360,22,35,112,169,1.467455621301775,0.05505926963395605,593,"Yes, I recieved your apology, but it feels insincere."
1754,360,19,41,109,169,1.467455621301775,0.05310551796396131,593,I'm pretty sure she wants a divorce.
6251,360,18,43,108,169,1.467455621301775,0.05243809359698283,593,It's back from peer review.
5271,368,20,38,109,167,1.467065868263473,0.054243777115227376,593,"Yes, I did receive the divorce papers today."
4908,368,14,50,103,167,1.467065868263473,0.05009509112048946,593,"Yes, dear. I did get your message."
625,370,15,48,105,168,1.4642857142857142,0.05058318093809886,593,"Yes, I did hear from your lawyer."
1764,371,16,45,105,166,1.463855421686747,0.05172565472121961,593,The ex got just about everything... Although she did leave me the title to the Prius.
5139,371,15,47,104,166,1.463855421686747,0.05101493904937106,593,They’ve presented a fairly compelling counter offer.
6564,371,23,31,112,166,1.463855421686747,0.05645067587933129,593,She's fairly adamant about the divorce settlement.
7037,371,20,37,109,166,1.463855421686747,0.0544758731628045,593,"Well, bravo, Janice. This time you've also robbed me of my favorite metaphor to describe how this divorce feels."
7786,375,15,46,103,164,1.4634146341463414,0.051456595579893134,593,All I said was just give me the shopping list.
7486,375,16,44,104,164,1.4634146341463414,0.05217851979272614,593,"Hang on, I believe Col. Mustard left a message"
6745,375,20,36,108,164,1.4634146341463414,0.05497149010267831,593,"I don't know what it says, but I have a feeling it's some sort of grievance."
5701,375,14,48,102,164,1.4634146341463414,0.05072439777449745,593,I'm starting to think that the couple's therapy isn't working..
5613,375,18,40,106,164,1.4634146341463414,0.05359320223623875,593,Apparently she and I have different understandings of ‘amicable.’
4707,375,15,46,103,164,1.4634146341463414,0.051456595579893134,593,"I can't read the fine print, but I think she's serious this time."
5476,375,20,36,108,164,1.4634146341463414,0.05497149010267831,593,My fiancé has a few issues with the pre-nup draft.
3462,375,19,38,107,164,1.4634146341463414,0.05428672052188843,593,"No, I have to say the discussion about the pre-nup didn't go well."
2412,375,16,44,104,164,1.4634146341463414,0.05217851979272614,593,"No, it's more like a deeply personal kind of pain."
2115,375,14,48,102,164,1.4634146341463414,0.05072439777449745,593,We are out of post-its again.
2095,375,18,40,106,164,1.4634146341463414,0.05359320223623875,593,"She says she wants out, and this time I think she's serious."
1668,375,21,34,109,164,1.4634146341463414,0.05564783394882585,593,"911? Yes, please send an ambulance and a divorce attorney right away."
565,375,12,52,100,164,1.4634146341463414,0.04922734129943409,593,Hold on. I think someone is trying to get my attention.
3686,375,18,40,106,164,1.4634146341463414,0.05359320223623875,593,My ex just violated the restraining order.
7684,389,14,47,101,162,1.462962962962963,0.05116455999158646,593,"Yes, I got your demands, but posting them on my door would have been OK too."
7158,389,15,45,102,162,1.462962962962963,0.051908510239017415,593,"Honey, Your lawyer was here."
5307,389,20,35,107,162,1.462962962962963,0.0554788213261764,593,I'd appreciate being put on your Do Not Stab list.
839,389,16,43,103,162,1.462962962962963,0.05264194782999297,593,"Call it a hunch, but no, I don't think my wife will be open to marriage counseling."""
792,389,20,35,107,162,1.462962962962963,0.0554788213261764,593,"Yes, it came on very suddenly; I'd say it starts at the shoulder blades and kind of radiates out."
4858,389,16,43,103,162,1.462962962962963,0.05264194782999297,593,"Hi mother, my divorce papers just arrived."
3063,395,19,40,110,169,1.4615384615384615,0.053081966103258015,593,"Yes, it's over, she served the papers herself."
5094,395,19,40,110,169,1.4615384615384615,0.053081966103258015,593,"Hi, I'm holding for Brutus. Is he in?"
3483,395,20,38,111,169,1.4615384615384615,0.05374139469275168,593,"Yeah, she signed it, but she wasn't happy."
4147,395,21,36,112,169,1.4615384615384615,0.05439282932204212,593,"Yes, she signed and returned the prenup."
2684,395,19,40,110,169,1.4615384615384615,0.053081966103258015,593,I guess the divorce papers are final.
1242,395,11,56,102,169,1.4615384615384615,0.047477953834489814,593,"Well, it wasn't the NRA..."
865,395,15,48,106,169,1.4615384615384615,0.050357974669844395,593,I need to get a few legal issues off my back.
588,395,26,26,117,169,1.4615384615384615,0.057539480118699665,593,"I'd like to go paperless, please."
407,395,19,40,110,169,1.4615384615384615,0.053081966103258015,593,I had no idea they put out a contract on me.
1559,395,18,42,109,169,1.4615384615384615,0.052414241836095915,593,It wasn’t her lawyer. She delivered the divorce papers herself.
4958,405,21,33,109,163,1.460122699386503,0.05589223054689754,593,"Actually, Mr. Trump, when you said, ""I've got your back covered"" this wasn't exactly what I expected."
3181,406,20,34,107,161,1.4596273291925466,0.055723494395363504,593,"Martha, can we go back to the regular Post-it notes?"
4197,406,13,48,100,161,1.4596273291925466,0.05061254357133756,593,"I need both and ambulance and an ambulance chaser, please."
5661,406,19,36,106,161,1.4596273291925466,0.055022432480555716,593,I'm pretty sure the divorce paperwork is final.
5989,406,19,36,106,161,1.4596273291925466,0.055022432480555716,593,"Yes, I definitely got the subpoena. Oh yeah, it was served on my person alright."
6807,406,13,48,100,161,1.4596273291925466,0.05061254357133756,593,"Believe me, they're not willing to negotiate."
7691,411,22,29,108,159,1.4591194968553458,0.05764680457133107,593,I have a complaint about the tags on your shirts.
7086,411,13,47,99,159,1.4591194968553458,0.05105536812309912,593,"No mom, this time I think she means it."
6515,411,14,45,100,159,1.4591194968553458,0.05182916273764388,593,This time I think she's serious.
6441,411,19,35,105,159,1.4591194968553458,0.05553665086755964,593,"...yes, then I said, stick it wherever you think it will do the most good."
6028,411,13,47,99,159,1.4591194968553458,0.05105536812309912,593,"I'm so sorry, I won't be able to make it in today. I have a stabbing pain in my back"
2870,411,19,35,105,159,1.4591194968553458,0.05553665086755964,593,"Yes, she's gone. Yes, left me a note. Yes, she was very upset. No, I haven't read it yet. Yes, I love you. Will talk later."
794,411,18,37,104,159,1.4591194968553458,0.05481521771994712,593,"Hi, I'm just calling to let you know I got your manuscript and I literally can't put it down."
373,411,15,43,101,159,1.4591194968553458,0.052591573526423234,593,What divorce papers?!
5478,411,11,51,97,159,1.4591194968553458,0.04947148292082166,593,A simple 'No' would have sufficed.
984,420,15,43,102,160,1.45625,0.052340559780281376,593,"Sorry Bob, no poker tonight. The wife stuck me with some errands."
3599,420,15,43,102,160,1.45625,0.052340559780281376,593,"As divorces go, it's been pretty amicable."
4075,420,16,41,103,160,1.45625,0.05308625575715871,593,"So I said to her ""I'll tell you where you can stick your Dear John letter"""
4559,420,19,35,106,160,1.45625,0.05526300396212859,593,"Phyllis, your mother just returned the nursing home application. No, she hasn't signed it yet."
4760,420,21,31,108,160,1.45625,0.05666773607019038,593,"The tax cut plan arrived today. Deep cuts, as promised."
4983,420,14,45,101,160,1.45625,0.05158408519991365,593,"yes dear, I think I got the point"
7000,420,15,43,102,160,1.45625,0.052340559780281376,593,All I asked for was a gentle reminder.
7503,420,20,33,107,160,1.45625,0.055969777193763226,593,I told her there was no point in HANDWRITTEN stories these days.
5043,428,16,39,101,156,1.455128205128205,0.054067742881899125,593,"No, it's not a metaphor this time."
5242,428,15,41,100,156,1.455128205128205,0.05329735297746373,593,Is it too late to settle?
5284,428,18,35,103,156,1.455128205128205,0.05557649496163588,593,I've just left the Trump administration and I'm looking for a new position...
5461,428,13,45,98,156,1.455128205128205,0.05172216026546819,593,It's official. The divorce papers have been served.
1820,428,20,31,105,156,1.455128205128205,0.05704535707748987,593,This paperwork is killing me
6446,428,13,45,98,156,1.455128205128205,0.05172216026546819,593,"Yes, I got your message. I must say I found it somewhat hurtful."
6889,428,13,45,98,156,1.455128205128205,0.05172216026546819,593,Her parting words will stick with me for a while.
4996,428,18,35,103,156,1.455128205128205,0.05557649496163588,593,"Yes, Doctor, I do work in the White House. Why do you ask?"
6154,428,18,35,103,156,1.455128205128205,0.05557649496163588,593,I think my wife found our love letters.
4733,428,17,37,102,156,1.455128205128205,0.05482730894619894,593,RE-PRE-SEN-TA-TIVE.
630,428,18,35,103,156,1.455128205128205,0.05557649496163588,593,I'm starting to feel the sword is mightier than the pen.
3976,428,17,37,102,156,1.455128205128205,0.05482730894619894,593,"Gretchen, your old boyfriend was here...yes, he left a message..."
3479,428,19,33,104,156,1.455128205128205,0.05631571519708802,593,"Yes, I have a copy of the divorce agreement."
3449,428,19,33,104,156,1.455128205128205,0.05631571519708802,593,Is it too late to take out the 'over-my-dead-body' clause?
3183,428,17,37,102,156,1.455128205128205,0.05482730894619894,593,"Yes Honey, the grocery list is still where you put it."
2944,428,22,27,107,156,1.455128205128205,0.05847733523319875,593,"Yes, I received it today -- but just to be clear, I requested online billing."
2091,428,16,39,101,156,1.455128205128205,0.054067742881899125,593,"I was wrong, they pinned it on me."
1790,428,15,41,100,156,1.455128205128205,0.05329735297746373,593,9-1-1? I have reason to believe there's a contract out on me.
4356,428,18,35,103,156,1.455128205128205,0.05557649496163588,593,"First you threaten to shove your divorce papers up my ass, then you stab me in the back with your demands, and now you want me to leave my response after the beep. It hurts, Eleanor; it really hurts."
7402,447,13,44,97,154,1.4545454545454546,0.052191518426008165,593,"I was literally stabbed in the back with the new contract..... what?.......yes I KNOW what ""literally"" means......"
6836,447,18,34,102,154,1.4545454545454546,0.05611030907712433,593,The good news is she signed the divorce agreement.
6322,447,19,32,103,154,1.4545454545454546,0.056861667426782656,593,"No, I'm not speaking metaphorically."
5839,447,16,38,100,154,1.4545454545454546,0.05457656923152272,593,"Dr. Mackey, do you have any experience removing a subpoena?"
5556,447,21,28,105,154,1.4545454545454546,0.05833535890179527,593,"Yes, I have reconsidered, I would like to receive my bank statements by email instead."
400,447,16,38,100,154,1.4545454545454546,0.05457656923152272,593,"No, I don't mean that figuratively."
2182,447,14,42,98,154,1.4545454545454546,0.05299846255728523,593,On the bright side: I feel a sense of closure.
1966,447,22,26,106,154,1.4545454545454546,0.05905841630136113,593,"Yes Sir, it's Mr. Herman again. I called yesterday, complaining about the way your boy was delivering my newspaper."
353,447,16,38,100,154,1.4545454545454546,0.05457656923152272,593,I'm not wild about their counter-offer.
141,447,18,34,102,154,1.4545454545454546,0.05611030907712433,593,How can you say I'm oblivious?
3144,447,16,38,100,154,1.4545454545454546,0.05457656923152272,593,"Yes, your new divorce attorney contacted me directly."
4255,458,15,39,99,153,1.4509803921568627,0.054027010144260125,593,"Call me paranoid if you want, but I get the feeling that something's going on behind my back"
6654,458,12,45,96,153,1.4509803921568627,0.0515841050044631,593,How the hell do I know what they want?
3721,458,20,29,104,153,1.4509803921568627,0.057869805470171634,593,"No, Jack, I'm just a clerk. I don't think I'm going to need my own personal attorney. The White House has my back."
4611,458,18,33,102,153,1.4509803921568627,0.056364135415568103,593,"Yes, Mr. President, I prefer this to Twitter."
1364,458,17,35,101,153,1.4509803921568627,0.055596011090176194,593,"Got it. Next time just click ""I Agree."""
946,458,22,25,106,153,1.4509803921568627,0.059337281781073475,593,"As I told you the last time you called, I’m on the “National Do Not Stab” list."
2570,458,15,39,99,153,1.4509803921568627,0.054027010144260125,593,She served me herself. Is that legal?
7782,465,13,42,96,151,1.4503311258278146,0.05289728621911486,593,I think I have a contract out on me.
7450,465,17,34,100,151,1.4503311258278146,0.056136652664272445,593,"No, I think I can state with some certainty she won't be signing any prenuptial agreement."
6484,465,16,36,99,151,1.4503311258278146,0.05534458918086405,593,"No, it's NOT a metaphor!"
4021,465,17,34,100,151,1.4503311258278146,0.056136652664272445,593,"No, you didn't interrupt anything. We're just celebrating the 500th anniversary of the reformation."
3742,465,16,36,99,151,1.4503311258278146,0.05534458918086405,593,I made the mistake of asking for her ultimatum in writing.
3398,465,16,36,99,151,1.4503311258278146,0.05534458918086405,593,Stop trying to pin this one on me
2897,465,16,36,99,151,1.4503311258278146,0.05534458918086405,593,It only hurts when I lie down.
3784,465,15,38,98,151,1.4503311258278146,0.05454102429225237,593,"No, it only hurts when I try to read the fine print."
2639,465,12,44,95,151,1.4503311258278146,0.05205595709038887,593,Ace Detective Agency?...Someone's trying to pin something on me
2378,465,13,42,96,151,1.4503311258278146,0.05289728621911486,593,I'm beginning to think she was serious about the divorce.
1360,465,12,44,95,151,1.4503311258278146,0.05205595709038887,593,"Yes, I suppose a flaming arrow would have been worse."
925,465,15,38,98,151,1.4503311258278146,0.05454102429225237,593,Sure it hurts. But it’s just her opinion.
903,465,12,44,95,151,1.4503311258278146,0.05205595709038887,593,My wife personally served me with divorce papers.
225,465,15,38,98,151,1.4503311258278146,0.05454102429225237,593,"No, I feel like they're demands rather than suggestions."
2648,465,12,44,95,151,1.4503311258278146,0.05205595709038887,593,"Yes, I think its fair to characterize her lawyer as difficult."
2334,480,16,35,98,149,1.4496644295302012,0.05588546631018567,593,"...because, I wouldn't sign this stupid anti-gun petition!"
7224,480,17,33,99,149,1.4496644295302012,0.05669109335931088,593,"Could you pick up some more Post-Its, Margaret?"
5910,482,20,28,104,152,1.4473684210526316,0.05813821232784688,593,A description? I’m pretty sure he was Lutheran.
5777,483,16,35,99,150,1.4466666666666668,0.05559253057408096,593,Can I call you back? I just got an urgent message.
1149,483,16,35,99,150,1.4466666666666668,0.05559253057408096,593,"Yes, please. I'd like to report a manifesto..."
1361,483,16,35,99,150,1.4466666666666668,0.05559253057408096,593,I'd like to report an overzealous process server.
1448,483,14,39,97,150,1.4466666666666668,0.053958859684060924,593,"Honey, I forgot where you put the to-do list?"
5582,483,14,39,97,150,1.4466666666666668,0.053958859684060924,593,I think she suspects us.
7546,488,13,40,95,148,1.445945945945946,0.0536271985843003,593,The good news is she signed first.
5326,488,14,38,96,148,1.445945945945946,0.05447756502779116,593,"Yes, please tell Martin I got his message."
7777,488,14,38,96,148,1.445945945945946,0.05447756502779116,593,I'm pretty sure my wife just served me divorce papers.
4460,488,14,38,96,148,1.445945945945946,0.05447756502779116,593,"Yes, I believe the divorce papers were just served."
3996,488,14,38,96,148,1.445945945945946,0.05447756502779116,593,"Oh, and your acupuncturist said the check bounced"
3998,488,12,42,94,148,1.445945945945946,0.052763128836743035,593,"This time I think they mean business, Phil."
4064,488,15,36,97,148,1.445945945945946,0.055314860161754444,593,It’s death. And taxes. I should go.
1930,488,14,38,96,148,1.445945945945946,0.05447756502779116,593,She made it pretty clear that she wants a divorce.
1433,496,12,41,93,146,1.4452054794520548,0.05326453968000154,593,"No sir, the writing is not on the wall."
7350,496,16,33,97,146,1.4452054794520548,0.056701009095788596,593,911? My wife ran out of Post-its...
2638,498,12,40,92,144,1.4444444444444444,0.05377889510613085,593,"Every time something goes wrong, why do you pin it on me?"
756,499,15,36,98,149,1.4429530201342282,0.05502382309407229,593,There's a little push back on the pre-nup.
2315,500,15,35,97,147,1.4421768707482994,0.055563003753766875,593,I'm having second thoughts about this Lutheran thing.
6333,501,14,35,94,143,1.4405594405594406,0.0558084636734309,593,What grocery list?
4372,501,14,35,94,143,1.4405594405594406,0.0558084636734309,593,And I felt personally threatened by the tone of this letter as well!
3549,501,17,29,97,143,1.4405594405594406,0.058395751440556545,593,It seems I misunderstood when you said you had my back.
2092,501,17,29,97,143,1.4405594405594406,0.058395751440556545,593,"...Yup, she finally signed the divorce papers."
4355,501,12,39,92,143,1.4405594405594406,0.05401479894537779,593,Yes...literally & figuratively
5535,506,17,28,96,141,1.4397163120567376,0.059009722488332916,593,"Et tu, IRS?"
7629,506,9,44,88,141,1.4397163120567376,0.05168762296140457,593,"Yes, I got the message from your attorney..."
6613,506,14,34,93,141,1.4397163120567376,0.05637549095457093,593,Lucy means business with her Christmas list this year.
6140,506,13,36,92,141,1.4397163120567376,0.05546962103507821,593,This is why I prefer email.
6015,506,14,34,93,141,1.4397163120567376,0.05637549095457093,593,Edwina? It's Milton. I think she may be on to us.
4749,506,16,30,95,141,1.4397163120567376,0.05814490713343986,593,"It's going to be my second divorce. First time with a Lutheran, though."
1683,506,7,48,86,141,1.4397163120567376,0.04968879272243269,593,"Well, of course there's a back story..."
3960,506,17,28,96,141,1.4397163120567376,0.059009722488332916,593,Im afraid I’m stuck with this contract.
3807,506,14,34,93,141,1.4397163120567376,0.05637549095457093,593,"Yes, I'd like to register a complaint about your past due accounts notification policy…"
3306,506,14,34,93,141,1.4397163120567376,0.05637549095457093,593,"If you're trying to send a message, I prefer email."
2199,506,16,30,95,141,1.4397163120567376,0.05814490713343986,593,"It's not being backstabbed that hurts, it's the lengthy explanation that came with it."
701,506,12,38,91,141,1.4397163120567376,0.054548709748090944,593,"No, I don't think it's another 'KICK ME' sign. This one feels different."
4034,506,14,34,93,141,1.4397163120567376,0.05637549095457093,593,"Et tu, Brenda?"
7019,519,16,30,96,142,1.4366197183098592,0.057816968022104384,593,I learned an important lesson: Don't bring an essay to a knife fight
6609,520,13,35,92,140,1.4357142857142857,0.05572166393815257,593,I just knew you'd try to pin this on me.
4334,520,12,37,91,140,1.4357142857142857,0.054791686496380124,593,"I took the kids’ phones and told them to communicate the old fashioned way, like you suggested."
2997,520,14,33,93,140,1.4357142857142857,0.05663637307380496,593,"Yes, I get the point"
2022,520,16,29,95,140,1.4357142857142857,0.05842284314198373,593,I wouldn't exactly say she GAVE me the divorce papers.
563,520,13,35,92,140,1.4357142857142857,0.05572166393815257,593,"No, the mother of my children served the papers herself. I think she's serious."
2628,525,16,28,94,138,1.434782608695652,0.05904537101472227,593,Police? I want to report a literary crime.
3169,525,17,26,95,138,1.434782608695652,0.059934483905871756,593,I just got served the divorce papers. Actually she served them herself .
5290,525,17,26,95,138,1.434782608695652,0.059934483905871756,593,I looked everywhere. You did not leave me the shopping list.
7441,525,13,34,91,138,1.434782608695652,0.05629383864931595,593,"Yes, I received the attached copy."
5341,529,11,37,88,136,1.4338235294117647,0.05493331854253018,593,At this point I’d have to say a divorce is imminent
5312,529,13,33,90,136,1.4338235294117647,0.05688175814654789,593,The cable company has convinced me to switch to paperless billing.
5161,529,12,35,89,136,1.4338235294117647,0.05591602585993329,593,"Well no, it was not posted where I could see it."
3045,529,17,25,94,136,1.4338235294117647,0.06059095854446371,593,My ex had the divorce papers delivered; I'm just having a hard time getting to them.
2496,529,12,35,89,136,1.4338235294117647,0.05591602585993329,593,"Hi Honey, I just received my buy out. No, it's everything I expected."
4006,529,15,29,92,136,1.4338235294117647,0.05876563054702675,593,"Hi, I’m calling to switch to paperless billing."
1224,529,16,27,93,136,1.4338235294117647,0.05968527285238195,593,I'd like to lodge a complaint with your paperboy.
722,529,16,27,93,136,1.4338235294117647,0.05968527285238195,593,She wants a divorce. It hurts too much to talk about it.
466,529,14,31,91,136,1.4338235294117647,0.057831365812299515,593,"If you ask me, the Jehovah's Witnesses in this neighborhood are getting a little aggressive."
317,529,15,29,92,136,1.4338235294117647,0.05876563054702675,593,I got your message.
73,529,15,29,92,136,1.4338235294117647,0.05876563054702675,593,"I came home to a ""Spear John"" letter."
2178,529,14,31,91,136,1.4338235294117647,0.057831365812299515,593,"no dad, the prenuptial was not well received.............."
4250,541,13,35,93,141,1.4326241134751774,0.05541129674891997,593,"Hello, Comcast? I'm having an issue with my bill."
3076,542,10,40,89,139,1.4316546762589928,0.05310734336140613,593,Am I now to assume an uncontested divorce is out of the question?
2253,542,11,38,90,139,1.4316546762589928,0.05408007334926239,593,"Yes Marsha, your lawyer has been here with the divorce papers."
1549,542,14,32,93,139,1.4316546762589928,0.05689857271608434,593,Would you hold on for a minute? Someone's trying to get through to me.
5205,545,14,30,91,135,1.4296296296296296,0.05810794242610133,593,She's not here now but she left a message.
7352,545,11,36,88,135,1.4296296296296296,0.05518023209859195,593,"But the good news is, the demands themselves are quite reasonable."
7227,545,13,32,90,135,1.4296296296296296,0.05714870649001221,593,"Oh, not a whole lot... Susan finally dropped off the divorce papers this morning"
7136,545,16,26,93,135,1.4296296296296296,0.05998041023552768,593,This is the third time this week I’ve been mistaken for a church door.
6719,545,16,26,93,135,1.4296296296296296,0.05998041023552768,593,"Don't be silly, Mom, we're both looking forward to your visit."
5505,545,13,32,90,135,1.4296296296296296,0.05714870649001221,593,"The divorce papers? Yes, she delivered them this morning."
4900,545,12,34,89,135,1.4296296296296296,0.05617309261530845,593,It hasn't really sunk in yet.
6226,545,11,36,88,135,1.4296296296296296,0.05518023209859195,593,I suspect they're plotting something behind my back.
3289,545,15,28,92,135,1.4296296296296296,0.059051598560146114,593,"Caesar residence, Julius speaking"
1999,545,11,36,88,135,1.4296296296296296,0.05518023209859195,593,Apparently she has 95 complaints
4851,545,12,34,89,135,1.4296296296296296,0.05617309261530845,593,The divorce papers were served today.
1352,545,14,30,91,135,1.4296296296296296,0.05810794242610133,593,I’d like to order some flowers for my wife.
1303,545,14,30,91,135,1.4296296296296296,0.05810794242610133,593,I'd like to report and attempted murder and some very hurtful criticism.
1222,545,11,36,88,135,1.4296296296296296,0.05518023209859195,593,"Next time, could you keep it to just TALKING behind my back?"
119,545,14,30,91,135,1.4296296296296296,0.05810794242610133,593,I got your note.
7309,560,10,37,86,133,1.4285714285714286,0.05472201782738588,593,You left a message?
6096,560,13,31,89,133,1.4285714285714286,0.057760390708157215,593,IRS? Is this regarding my back taxes?
4808,562,12,32,87,131,1.4274809160305344,0.05737508768757895,593,Did you get your pink slip the same way I did?
6134,562,11,34,86,131,1.4274809160305344,0.05634235418458367,593,"No need to explain further, I got the point."
6623,562,12,32,87,131,1.4274809160305344,0.05737508768757895,593,It's about your process server.
7411,562,10,36,85,131,1.4274809160305344,0.055290334263456684,593,"I think the IRS is serious this time Lauren."""
5458,566,14,29,91,134,1.4253731343283582,0.05838593756434718,593,Next time just send me a text.
7508,566,11,35,88,134,1.4253731343283582,0.055427927557917075,593,Stabbing pain would be an accurate symptom.
6594,566,12,33,89,134,1.4253731343283582,0.05643116163964509,593,"Gotta go. My ""Honey-do"" list just arrived."
5122,566,12,33,89,134,1.4253731343283582,0.05643116163964509,593,"Yes, I was served the papers, and no, I haven't read them yet."
5928,566,13,31,90,134,1.4253731343283582,0.05741686907724766,593,"No, not separation. She's calling it ""Reformation."""
2616,566,9,39,86,134,1.4253731343283582,0.053364908433329174,593,"Hi hun, your ex was over and left a list of his stuff. By the way, remember when I said that you were a bit harsh in calling him a 'back-stabbing S.O.B'?"
1513,566,14,29,91,134,1.4253731343283582,0.05838593756434718,593,Got your note. I’m troubled by one sticking point.
245,566,12,33,89,134,1.4253731343283582,0.05643116163964509,593,It's the harshest rejection letter I've ever gotten.
5050,566,16,25,93,134,1.4253731343283582,0.06027735401073891,593,The divorce papers arrived.
3282,575,11,29,80,120,1.425,0.059951544392701235,593,"She left a note, but I can't read it."
7126,576,14,28,90,132,1.4242424242424243,0.05902399575671023,593,Does our new health insurance cover stab wounds? I have all the paperwork attached.
5239,576,12,32,88,132,1.4242424242424243,0.05703079197311118,593,"Honey, why do we have a framed picture of a potted plant? And where did we put the bulletin board?"
3735,576,13,30,89,132,1.4242424242424243,0.058035951392944485,593,It would appear she didn't agree to the terms of the divorce.
5127,576,18,20,94,132,1.4242424242424243,0.06282096591985734,593,What do you mean you're divorcing me because I'm an oblivious idiot?
1835,576,13,30,89,132,1.4242424242424243,0.058035951392944485,593,"Hey, Maury, you know those divorce papers you drew up for me, the ones I thought I lost? My wife just found them!"
1512,576,12,32,88,132,1.4242424242424243,0.05703079197311118,593,Cancel me for the foursome. The wife's 'honey do' list just took on a more urgent tone.
504,576,11,34,87,132,1.4242424242424243,0.05600759602122153,593,"Yeah, well, I'm pretty sure that's not an appropriate way to serve divorce papers."
2109,576,10,36,86,132,1.4242424242424243,0.054965356280773967,593,"She read it ,but I am not sure she is going for it."
5532,584,14,27,89,130,1.4230769230769231,0.059680509564434485,593,"Well, my wife thinks I should get another quote."
7094,584,14,27,89,130,1.4230769230769231,0.059680509564434485,593,So that's a definite no?
7476,584,11,33,86,130,1.4230769230769231,0.05660372309963335,593,"No, ma'am, when I say, 'stabbed in the back,' I mean I need an ambulance not an attorney."
7039,584,11,33,86,130,1.4230769230769231,0.05660372309963335,593,I seem to have ignored the first few notices.
6967,584,15,25,90,130,1.4230769230769231,0.060671441438682,593,I got more feedback on my manuscript.
6954,584,11,33,86,130,1.4230769230769231,0.05660372309963335,593,I received your complaint but haven't gotten around to reading it yet.
5820,584,10,35,85,130,1.4230769230769231,0.055540263632459494,593,"Et tu, Janet?"
5789,584,16,23,91,130,1.4230769230769231,0.061646446699094366,593,It may be an offer we can't refuse.
5291,584,14,27,89,130,1.4230769230769231,0.059680509564434485,593,"I have the list of demands, but I haven't gotten around to reading them."
895,584,13,29,88,130,1.4230769230769231,0.05867284412310087,593,"Hello, Murder Mystery Monthly? I'd like to switch to your online edition."
4930,584,11,33,86,130,1.4230769230769231,0.05660372309963335,593,"Well, yes, I’m fairly certain she’s already contacted a lawyer."
4626,584,12,31,87,130,1.4230769230769231,0.05764756762532856,593,"Unfortunately, I won't be able to sleep on it."
3991,584,10,35,85,130,1.4230769230769231,0.055540263632459494,593,"I'm not positive, but something tells me it's divorce papers..."
3845,584,14,27,89,130,1.4230769230769231,0.059680509564434485,593,I liked it better when he was tweeting his messages.
2733,584,5,45,80,130,1.4230769230769231,0.04988404516956083,593,"Yes, she just gave me the eviction notice."
2491,584,11,33,86,130,1.4230769230769231,0.05660372309963335,593,Well if I could read the instructions I’d get it out myself.
914,584,8,39,83,130,1.4230769230769231,0.05334978646264084,593,I'd love to but I'm stuck at home with a big to-do list...
168,584,16,23,91,130,1.4230769230769231,0.061646446699094366,593,The fine print is killing me.
4955,584,11,33,86,130,1.4230769230769231,0.05660372309963335,593,...and now my back-stabbing wife wants me to sign the divorce papers!
6929,603,13,28,87,128,1.421875,0.059328359219492706,593,"Yes, I'd like to report an obituary."
6539,603,15,24,89,128,1.421875,0.06136706934344469,593,Ix-nay on the pre-nup.
6156,603,11,32,85,128,1.421875,0.057217053537832414,593,"Hello, is this The Mafia Daily? Yes? I'd like to switch to the Digital edition please."
5355,603,16,22,90,128,1.421875,0.0623614359669992,593,"I didn't get a good look at him, but I'm pretty sure he was a contract killer."
5208,603,15,24,89,128,1.421875,0.06136706934344469,593,"The handwriting is hard to make out, but I don't think it's good news."
2954,603,12,30,86,128,1.421875,0.05828226755724397,593,"Hello, billing? I've finally decided to go paperless."
1189,603,14,26,88,128,1.421875,0.060356322814930974,593,I’d like to order a box of Post-it notes.
2742,603,13,28,87,128,1.421875,0.059328359219492706,593,Who do I call to get taken off this mailing list?
1669,603,16,22,90,128,1.421875,0.0623614359669992,593,"Hi, Mr. Mueller. I'm calling to let you know that Don Jr. just responded to our latest request for his records."
835,603,10,34,84,128,1.421875,0.05613162851270386,593,"I'm not saying that you didn't leave a note, I'm saying that I didn't find a note."
37,603,9,36,83,128,1.421875,0.05502479644146988,593,She's amazingly literate for someone so violent.
2817,603,11,32,85,128,1.421875,0.057217053537832414,593,The Republicans just delivered their final version of the 'Repeal & Replace' Health Care bill
2158,615,13,30,90,133,1.4210526315789473,0.05768619621291049,593,"I don't know, back in my day it was just ""kick me""."
5835,616,8,37,81,126,1.4206349206349207,0.054456243804471255,593,Independent third party mediation may not work in this case.
2405,616,12,29,85,126,1.4206349206349207,0.05893571919666818,593,"Well, you could say I’ve been served."
3005,616,10,33,83,126,1.4206349206349207,0.05674020394094709,593,I think they are trying to make a point.
788,616,15,23,88,126,1.4206349206349207,0.06208358380587337,593,She was not crazy about the prenup idea
1675,616,14,25,87,126,1.4206349206349207,0.06105233207009193,593,Hi. I think I need a divorce attorney.
5241,621,18,16,90,124,1.4193548387096775,0.06587861087467912,593,She served the divorce papers herself.
6787,621,14,24,86,124,1.4193548387096775,0.061769490822989555,593,My back-stabbing wife just filed for divorce.
6605,621,8,36,80,124,1.4193548387096775,0.05503351647098693,593,"Yeah, I don’t think she wants to talk it over anymore."
6204,621,15,22,87,124,1.4193548387096775,0.06282197338585355,593,"Yes Dear, by the way your Mother came by and left you a note."
5891,621,11,30,83,124,1.4193548387096775,0.05849853815136657,593,"I used to feel like I was on top of my to-do list, but now it's killing me."
5140,621,13,26,85,124,1.4193548387096775,0.060698761543954836,593,I got the bill from the acupuncturist today.
4696,621,11,30,83,124,1.4193548387096775,0.05849853815136657,593,I won't be into work today. My wife stuck me with the grocery list.
4114,621,10,32,82,124,1.4193548387096775,0.05736679023865106,593,So I take it you didn't like the edits?
3926,621,15,22,87,124,1.4193548387096775,0.06282197338585355,593,"She did leave a note, but no forwarding address."
3276,621,11,30,83,124,1.4193548387096775,0.05849853815136657,593,You'll find a note attached from my wife.
4438,621,12,28,84,124,1.4193548387096775,0.059608802281277136,593,Your letter pains me.
2611,621,13,26,85,124,1.4193548387096775,0.060698761543954836,593,Our new health insurance plan has arrived.
1185,621,15,22,87,124,1.4193548387096775,0.06282197338585355,593,"Et tu, Wells Fargo?"
1233,621,15,22,87,124,1.4193548387096775,0.06282197338585355,593,"Yes, I'd like to go paperless."
2739,621,10,32,82,124,1.4193548387096775,0.05736679023865106,593,"Apparently, there is no grace period."
1499,621,7,38,79,124,1.4193548387096775,0.053828966101912915,593,"As far as prenups go, it could have been worse"
1753,621,12,28,84,124,1.4193548387096775,0.059608802281277136,593,No I can't hold.
1279,621,10,32,82,124,1.4193548387096775,0.05736679023865106,593,"Well, let's just say the editor thought the manuscript needed more work."
1902,621,14,24,86,124,1.4193548387096775,0.061769490822989555,593,I was pained by your message.
2028,621,13,26,85,124,1.4193548387096775,0.060698761543954836,593,The good news is there's a signed confession.
2519,621,15,22,87,124,1.4193548387096775,0.06282197338585355,593,"Yes, the divorce settlement agreement just arrived."
659,642,13,26,86,125,1.416,0.060304603151752206,593,I'd like to place an obituary.
851,642,8,36,81,125,1.416,0.05469445923462213,593,It’s like this nagging pain that someone is trying to tell me something.
1933,642,12,28,85,125,1.416,0.059225103657366496,593,"Hello Mom I hate to tell you this, but I think the wedding is off."
5062,642,14,24,87,125,1.416,0.06136511565502699,593,I'd like to reschedule our couples counseling session
6521,646,8,35,80,123,1.4146341463414633,0.055278280488707095,593,"No, the divorce isn't quite final yet."
6018,646,15,21,87,123,1.4146341463414633,0.06315574750615971,593,Never discuss divorce with an angry Lutheran.
5463,646,10,31,82,123,1.4146341463414633,0.057638948085802034,593,Ok.. you made your point...
6576,646,7,37,79,123,1.4146341463414633,0.05405930329243406,593,I don’t know. She didn’t even leave a note.
2346,646,11,29,83,123,1.4146341463414633,0.05878374229123717,593,"The homeowner association left a notice, they said they won't be as friendly next time."
6734,646,10,31,82,123,1.4146341463414633,0.057638948085802034,593,Is the pre-nup still good if there's a little blood on it?
7074,646,11,29,83,123,1.4146341463414633,0.05878374229123717,593,Let's just say she's serious about the divorce.
7780,646,11,29,83,123,1.4146341463414633,0.05878374229123717,593,This is not what I meant by more direct communication!
5252,646,12,27,84,123,1.4146341463414633,0.059906663895491534,593,"""I don't know... it usually just says 'kick me.'"
6715,646,13,25,85,123,1.4146341463414633,0.06100892066257354,593,Between C7 and T1 a sharp but relatively shallow pain.
4769,646,11,29,83,123,1.4146341463414633,0.05878374229123717,593,What goodbye note?
399,646,11,29,83,123,1.4146341463414633,0.05878374229123717,593,It's the thoughts that hurt.
3805,646,15,21,87,123,1.4146341463414633,0.06315574750615971,593,"If I could read it, I wouldn't be calling you."
3691,646,12,27,84,123,1.4146341463414633,0.059906663895491534,593,"All I said was, ""Before the wedding, I think we should take a stab at writing a pre-nup."""
2594,646,11,29,83,123,1.4146341463414633,0.05878374229123717,593,"It says ""middle class tax relief""...."
2271,646,15,21,87,123,1.4146341463414633,0.06315574750615971,593,"Yes, I'd like to file a complaint about how my newspaper is being delivered."
2269,646,10,31,82,123,1.4146341463414633,0.057638948085802034,593,"Honey, I would sign the divorce papers if I could reach them."
1919,646,12,27,84,123,1.4146341463414633,0.059906663895491534,593,Yes her depression has lifted significantly since she's been practicing her direct communication skills.
1449,646,11,29,83,123,1.4146341463414633,0.05878374229123717,593,Roman Catholic. Why do you ask?
827,646,11,29,83,123,1.4146341463414633,0.05878374229123717,593,No I can’t read what it says
526,646,14,23,86,123,1.4146341463414633,0.062091613135245534,593,"Hello, Jim. Can we rewrite the prenuptial agreement?"
4108,646,11,29,83,123,1.4146341463414633,0.05878374229123717,593,"I'd like to report a...yes, I'll hold."
5276,668,8,34,79,121,1.4132231404958677,0.05587942239122837,593,"Yes dear, I did hear from your lawyer."
7034,668,12,26,83,121,1.4132231404958677,0.060609191003552734,593,"I think I said ""more backstory"" one too many times."
6799,668,13,24,84,121,1.4132231404958677,0.06173503932886974,593,That's right. I was attacked by a Lutheran.
6365,668,15,20,86,121,1.4132231404958677,0.06392728036293274,593,"No, I haven't read it yet but I think I've got the general concept."
6340,668,17,16,88,121,1.4132231404958677,0.06604679604844521,593,"Yes, I would like to change my notification settings."
4784,668,13,24,84,121,1.4132231404958677,0.06173503932886974,593,"I saw her reviewing the prenup, but I can't see whether she signed it."
5316,668,12,26,83,121,1.4132231404958677,0.060609191003552734,593,"No...she's not here, but she left a note."
2598,668,10,30,81,121,1.4132231404958677,0.05829229743663588,593,"No, it does not say ""kick me""."
2380,668,10,30,81,121,1.4132231404958677,0.05829229743663588,593,"I've been stabbed in the back before, but never by an English major."
2324,668,12,26,83,121,1.4132231404958677,0.060609191003552734,593,"Yes, I'd like to report a Reformation."
1799,668,6,38,77,121,1.4132231404958677,0.053357546355819276,593,I meant attach the document to an email.
1385,668,11,28,82,121,1.4132231404958677,0.0594620297944258,593,"Yes dear, the divorce papers have arrived."
299,668,11,28,82,121,1.4132231404958677,0.0594620297944258,593,"Well, let's just say she wasn't too thrilled when I showed her the prenup."
2914,668,13,24,84,121,1.4132231404958677,0.06173503932886974,593,"I'd like to opt out of notifications, please"
7134,682,7,35,77,119,1.411764705882353,0.055223858122138494,593,In my opinion the cancellation penalty is a bit harsh.
5979,682,12,25,82,119,1.411764705882353,0.06133370828818634,593,Frank...its Tom. What's the customary way of serving divorce papers?
6909,682,9,31,79,119,1.411764705882353,0.057745425901006085,593,"No, divorce is when they stab you in the heart. This is just your standard student loans."
6310,682,12,25,82,119,1.411764705882353,0.06133370828818634,593,"Well, I did ask him to take a stab at the speech."
6284,682,9,31,79,119,1.411764705882353,0.057745425901006085,593,She can't come to the phone right now. She's simmering.
5834,682,11,27,81,119,1.411764705882353,0.060161398912284995,593,"Sam, She signed the divorce papers."
2225,682,10,29,80,119,1.411764705882353,0.05896578724808001,593,I can’t read it but I know it must be important.
5806,682,8,33,78,119,1.411764705882353,0.05649871112858534,593,An email would have been sufficient.
3039,682,10,29,80,119,1.411764705882353,0.05896578724808001,593,"No, I don't know what it says but I think she's upset."
3526,682,15,19,85,119,1.411764705882353,0.06472336001995022,593,"""Middle class tax cuts"". This isn't what I had in mind."
5814,682,9,31,79,119,1.411764705882353,0.057745425901006085,593,I'd like to get something off my back.
5706,682,14,21,84,119,1.411764705882353,0.06361354792003697,593,Ok. You can go back to using all caps to get my attention.
3919,682,11,27,81,119,1.411764705882353,0.060161398912284995,593,"It turns out, I do have a backbone."
6846,695,11,29,84,124,1.4112903225806452,0.058403554572945215,593,I'm not that Harvey Weinstein.
7489,696,11,28,83,122,1.4098360655737705,0.05906980978422179,593,She signed the pre-nup. Now what?
7426,696,13,24,85,122,1.4098360655737705,0.0613205383351445,593,You said the charges would not stick.
6010,696,14,22,86,122,1.4098360655737705,0.062415474191868624,593,"Yes, Congress has taken a stab at tax reform."
5554,696,9,32,81,122,1.4098360655737705,0.05672985487533317,593,"Yes, hello. I'd like to sign up to receive my statements online."
4912,696,14,22,86,122,1.4098360655737705,0.062415474191868624,593,I'd call it more of a stabbing pain...
4741,696,12,26,84,122,1.4098360655737705,0.06020569262808988,593,"No, I didn’t misuse the word ‘literally.’"
4340,696,10,30,82,122,1.4098360655737705,0.057911651945530385,593,And can you send those refrigerator magnets with expedited shipping?
4177,696,10,30,82,122,1.4098360655737705,0.057911651945530385,593,I think maybe my wife found a letter from my mistress.
3251,696,11,28,83,122,1.4098360655737705,0.05906980978422179,593,"I would love to join you Bob , but I have to conquer this to do list before it kills me."
7737,696,15,20,87,122,1.4098360655737705,0.06349153026569536,593,Let's just say she wouldn't sign the prenup...
2847,696,12,26,84,122,1.4098360655737705,0.06020569262808988,593,I'm pretty sure the prenup is a nonstarter.
2624,696,11,28,83,122,1.4098360655737705,0.05906980978422179,593,Never mind. I just received it.
654,696,7,36,79,122,1.4098360655737705,0.0542891374071147,593,"Got your note. A simple ""yes"" or ""no"" text would have been sufficient."
538,696,10,30,82,122,1.4098360655737705,0.057911651945530385,593,"No, I don’t think this is going to be an amicable divorce."
4292,696,14,22,86,122,1.4098360655737705,0.062415474191868624,593,"Frankly, in retrospect, I would have preferred a Dear John text!"
3109,696,15,20,87,122,1.4098360655737705,0.06349153026569536,593,Do you remember where you put my will?
3022,712,11,27,82,120,1.4083333333333334,0.05975654779744672,593,I think she's moved from cloak to dagger
78,712,13,23,84,120,1.4083333333333334,0.0620560798752746,593,I would like to cancel the paper delivery.
228,714,10,28,80,118,1.4067796610169492,0.059254737184754325,593,"Yeah, I got the memo."
7598,714,12,24,82,118,1.4067796610169492,0.061651058240088076,593,"The cable bill came. Apparently, our promotional rate ended."
6550,714,11,26,81,118,1.4067796610169492,0.060464770159808924,593,The worst part is the prose is terrible.
6509,714,13,22,83,118,1.4067796610169492,0.06281494673855056,593,Don't believe the suicide note.
6200,714,8,32,78,118,1.4067796610169492,0.05675733235050676,593,I never thought receiving a 'Dear John' letter would hurt so much.
5669,714,7,34,77,118,1.4067796610169492,0.05546647838020428,593,"Yes, they've definitely pinned it on me."
4454,714,13,22,83,118,1.4067796610169492,0.06281494673855056,593,She didn't sign the prenup.
5726,714,12,24,82,118,1.4067796610169492,0.061651058240088076,593,"It took a wee bit of compromise, but I finally got her to sign them."
3172,714,12,24,82,118,1.4067796610169492,0.061651058240088076,593,"Honey, did you say you left me a grocery list somewhere?"
3007,714,14,20,84,118,1.4067796610169492,0.06395765853602801,593,"I just didn't think this was what they meant by ""middle-class tax cut."""
1899,714,12,24,82,118,1.4067796610169492,0.061651058240088076,593,"Et tu, Alice"
1398,714,8,32,78,118,1.4067796610169492,0.05675733235050676,593,I'm sensing this goes deeper than just words.
1147,714,13,22,83,118,1.4067796610169492,0.06281494673855056,593,"Hello, Jake from State Farm?"
1057,714,11,26,81,118,1.4067796610169492,0.060464770159808924,593,"No, I don't mean that metaphorically."
4122,714,12,24,82,118,1.4067796610169492,0.061651058240088076,593,"Sorry, but I'll have to skip the game today. Marge just reminded me of a few things on the ""to do"" list."
5135,729,11,25,80,116,1.4051724137931034,0.06119554554036036,593,I think the attacker may have left a note.
3871,729,12,23,81,116,1.4051724137931034,0.062408491661500504,593,Sure I can hold.
4409,729,15,17,84,116,1.4051724137931034,0.06591354143047812,593,"Well, we've certainly moved past 'idle threats'. How are you?"
4511,729,13,21,82,116,1.4051724137931034,0.0635983086956315,593,He said his name was Luther. Martin Luther. L-u-t-h-e-r.
4615,729,11,25,80,116,1.4051724137931034,0.06119554554036036,593,Your mother has 95 complaints against me and it hurts.
4700,729,10,27,79,116,1.4051724137931034,0.05995806665079403,593,I'm quite certain she's not coming back
5759,729,11,25,80,116,1.4051724137931034,0.06119554554036036,593,"Judging from the way I was served, I suspect divorce is no longer just an idle threat."
3754,729,12,23,81,116,1.4051724137931034,0.062408491661500504,593,"Yes, officer, she did leave a note before she went missing."
7672,729,9,29,78,116,1.4051724137931034,0.05869450331180766,593,I think we're out of post-it notes.
6277,729,11,25,80,116,1.4051724137931034,0.06119554554036036,593,Ok. OK! I'll switch to e-billing.
6611,729,12,23,81,116,1.4051724137931034,0.062408491661500504,593,"If you think the Jehovah's Witnesses are bad, wait until you see these Lutherans."
7041,729,11,25,80,116,1.4051724137931034,0.06119554554036036,593,No mom. I think it's more of a 'dear Julius' letter.
7176,729,11,25,80,116,1.4051724137931034,0.06119554554036036,593,I want to file a complaint about your process server
7216,729,4,39,73,116,1.4051724137931034,0.051917429940372656,593,I take it you didn't like my edits.
7254,729,8,31,77,116,1.4051724137931034,0.05740313302894312,593,"Yes, I'm fairly certain the divorce papers have arrived."
6147,729,6,35,75,116,1.4051724137931034,0.054729056328206696,593,You win. You lawyer is better than mine.
3410,729,8,31,77,116,1.4051724137931034,0.05740313302894312,593,Hello John? My wife finally signed the divorce papers.
1452,729,13,21,82,116,1.4051724137931034,0.0635983086956315,593,"I’m telling you, there’s a contract out on me."
3001,729,8,31,77,116,1.4051724137931034,0.05740313302894312,593,I'm guessing they thought our offer was a little low.
290,729,10,27,79,116,1.4051724137931034,0.05995806665079403,593,I'd like to report a threatening letter.
397,729,9,29,78,116,1.4051724137931034,0.05869450331180766,593,"No, she did not sign the divorce papers."
476,729,10,27,79,116,1.4051724137931034,0.05995806665079403,593,I think we're beyond mediation.
892,729,15,17,84,116,1.4051724137931034,0.06591354143047812,593,"Yes, the divorce is now final."
1295,729,13,21,82,116,1.4051724137931034,0.0635983086956315,593,"No, I don't mean that figuratively."
1334,729,13,21,82,116,1.4051724137931034,0.0635983086956315,593,"Hello, I would like to report a heretic."
1647,729,10,27,79,116,1.4051724137931034,0.05995806665079403,593,"It's more of a ""Honey Don't"" list"
3295,729,14,19,83,116,1.4051724137931034,0.06476627136423785,593,"Unfortunately, I can confirm his story about why he didn't turn in his homework."
1885,729,16,15,85,116,1.4051724137931034,0.06704118123503355,593,"No, I can't read them, but I'm pretty sure they're divorce papers."
2130,729,8,31,77,116,1.4051724137931034,0.05740313302894312,593,You're going to have to read it for me but I got the gist.
2208,729,10,27,79,116,1.4051724137931034,0.05995806665079403,593,Couldn’t you have just texted me?
2261,729,12,23,81,116,1.4051724137931034,0.062408491661500504,593,"I had hoped she'd file divorce papers, but it still hurts."
2438,729,9,29,78,116,1.4051724137931034,0.05869450331180766,593,I feel as though she doesn't want to talk about it
2622,729,8,31,77,116,1.4051724137931034,0.05740313302894312,593,You win. Can I pay on the phone?
2704,729,12,23,81,116,1.4051724137931034,0.062408491661500504,593,I'd like to start getting my phone bill by email.
1873,729,10,27,79,116,1.4051724137931034,0.05995806665079403,593,I think I have just been served.
5336,764,10,26,78,114,1.4035087719298245,0.06068400960063587,593,"Apparently, I failed to agree with the terms of service."
3917,764,10,26,78,114,1.4035087719298245,0.06068400960063587,593,"Yes, I guess she could have used a Post-it note."
3315,764,9,28,77,114,1.4035087719298245,0.05939102311027388,593,"Yes, he left of demands. No, I can’t read them to you."
1519,764,7,32,75,114,1.4035087719298245,0.05671668921785831,593,I believe my wife might be filing for divorce.
427,764,10,26,78,114,1.4035087719298245,0.06068400960063587,593,"I'm not sure, what does a Dear John letter look like?"
2809,764,12,22,80,114,1.4035087719298245,0.06319066237554428,593,This time I think she's serious about her to do list.
2026,770,12,23,82,117,1.4017094017094016,0.0619696229404237,593,She served the divorce papers this morning.
3828,771,11,23,79,113,1.3982300884955752,0.06227338563881523,593,"I'm not sure what are his demands are, but he definitely has my attention."
7506,771,6,33,74,113,1.3982300884955752,0.05556829576696816,593,It seems we've run out of post it notes.
5479,771,12,21,80,113,1.3982300884955752,0.06352953936410738,593,"Honey, I'm painfully aware of your to-do list."
5385,771,11,23,79,113,1.3982300884955752,0.06227338563881523,593,"Yes, Maude, I got your text, email and the letter stuck to the knife in my back. Thanks for checking."
4504,771,6,33,74,113,1.3982300884955752,0.05556829576696816,593,I got your note but haven't been able to read it yet.
4489,771,10,25,78,113,1.3982300884955752,0.06099136615969124,593,I can’t get my hands on that document right now.
4387,771,6,33,74,113,1.3982300884955752,0.05556829576696816,593,"Fine, Lois, I'll sign, but one point is still bothering me."
4199,771,9,27,77,113,1.3982300884955752,0.05968181409047869,593,One student really nailed his thesis on Martin Luther.
3617,771,9,27,77,113,1.3982300884955752,0.05968181409047869,593,"Sorry, you just missed her."
1500,771,10,25,78,113,1.3982300884955752,0.06099136615969124,593,I think she’s serious about this divorce thing.
2886,771,10,25,78,113,1.3982300884955752,0.06099136615969124,593,Okay...I got the point...what's the message?
2792,771,12,21,80,113,1.3982300884955752,0.06352953936410738,593,Unsubscribe
2523,771,7,31,75,113,1.3982300884955752,0.05697247850796313,593,"No. What ""Dear John"" letter?"
2218,771,11,23,79,113,1.3982300884955752,0.06227338563881523,593,Arlene was less than enthusiastic when I asked her to sign a prenuptial agreement.
1975,771,13,19,81,113,1.3982300884955752,0.06476133248096999,593,"Sheila, where did you put the divorce papers?"
893,771,9,27,77,113,1.3982300884955752,0.05968181409047869,593,My sense is we still don't have agreement on the terms.
552,771,6,33,74,113,1.3982300884955752,0.05556829576696816,593,I have a feeling this divorce procedure is going to be more acrimonious than we thought.
3081,771,7,31,75,113,1.3982300884955752,0.05697247850796313,593,You can just go back to slipping the menus under the door.
4003,789,14,16,81,111,1.3963963963963963,0.06684572098718332,593,She has a few more amendments to the Prenup.
4116,789,8,28,75,111,1.3963963963963963,0.05903854191539098,593,"Yes, she is serious about the divorce."
4204,789,13,18,80,111,1.3963963963963963,0.06560907140400782,593,I think the trial separation ship has sailed.
4341,789,10,24,77,111,1.3963963963963963,0.06175070654734005,593,that note you let...I'm having difficulty reading it.
4342,789,11,22,78,111,1.3963963963963963,0.06306306306306306,593,"Did I get the pre-nup back? Yea, I got the pre-nup back."
5464,789,8,28,75,111,1.3963963963963963,0.05903854191539098,593,"Yes dear, I got your note."
5162,789,9,26,76,111,1.3963963963963963,0.060409846840523786,593,"After she presented me the papers, I said “Why don’t you just go ahead and stab me back while you’re at it?” Boy, am I glad I didn’t say anything about testicles!"
5367,789,12,20,79,111,1.3963963963963963,0.06434866033334363,593,Hello. Is Martin Luther there?
5695,789,9,26,76,111,1.3963963963963963,0.060409846840523786,593,"Well, the good news is that I'm on the front page..."
3801,789,8,28,75,111,1.3963963963963963,0.05903854191539098,593,"Well, the good news is she finally signed the divorce papers."
4780,789,9,26,76,111,1.3963963963963963,0.060409846840523786,593,"OK, so just what DOES constitute ""irreconcilable differences?"
3773,789,12,20,79,111,1.3963963963963963,0.06434866033334363,593,Your mother stopped by and left you a note.
3700,789,10,24,77,111,1.3963963963963963,0.06175070654734005,593,My wife says she was inspired by Martin Luther.
3603,789,9,26,76,111,1.3963963963963963,0.060409846840523786,593,"Yes, they are sharp words dear, but I do get the point."
2842,789,11,22,78,111,1.3963963963963963,0.06306306306306306,593,You put the instructions on the back of what?
2767,789,10,24,77,111,1.3963963963963963,0.06175070654734005,593,"No, counseling is not an option."
2706,789,9,26,76,111,1.3963963963963963,0.060409846840523786,593,"hello Amazon, I'd like to report a drone misfire"
2185,789,11,22,78,111,1.3963963963963963,0.06306306306306306,593,What divorce papers?!
1940,789,6,32,73,111,1.3963963963963963,0.056195632427218485,593,"Occasionally, the sword is actually mightier than the pen."
1911,789,9,26,76,111,1.3963963963963963,0.060409846840523786,593,I can't come in today -- I'm stuck at home.
1752,789,8,28,75,111,1.3963963963963963,0.05903854191539098,593,I don't think my fiance is going to sign those prenuptial papers.
741,789,10,24,77,111,1.3963963963963963,0.06175070654734005,593,The divorce is final and I got the cutlery!
379,789,11,22,78,111,1.3963963963963963,0.06306306306306306,593,I’ve heard from your lawyer.
149,789,10,24,77,111,1.3963963963963963,0.06175070654734005,593,Don't expect me to take this lying down.
4679,813,8,27,74,109,1.3944954128440368,0.05975705234335184,593,"So then I said, I would rather stick a knife through my back than sign this contract"
5394,813,9,25,75,109,1.3944954128440368,0.06116207951070337,593,A Post-It would have been perfectly adequate.
6019,813,8,27,74,109,1.3944954128440368,0.05975705234335184,593,They did send a rather pointed message.
6101,813,11,21,77,109,1.3944954128440368,0.06387949045420306,593,My wife took a stab at filing for divorce.
6129,813,10,23,76,109,1.3944954128440368,0.06253554697434979,593,"All I said to her is, I can't believe you have all those issues with me, I would like to see a list!"
7703,813,10,23,76,109,1.3944954128440368,0.06253554697434979,593,"Yes, she's just given me feedback on the settlement."
6431,813,10,23,76,109,1.3944954128440368,0.06253554697434979,593,He left me this really passive aggressive note.
6875,813,9,25,75,109,1.3944954128440368,0.06116207951070337,593,'I don't think it's a love letter; more like a list of grievances...'
7362,813,12,19,78,109,1.3944954128440368,0.06519573579610961,593,"I didn't get to read it yet, but I have a sneakng suspicion this is their final notice ."
7412,813,8,27,74,109,1.3944954128440368,0.05975705234335184,593,I'd like to report an overzealous process server.
4582,813,11,21,77,109,1.3944954128440368,0.06387949045420306,593,"Yes, her attorney just served me with the divorce papers."
6355,813,9,25,75,109,1.3944954128440368,0.06116207951070337,593,I think someone in the office might be a back stabber.
4389,813,8,27,74,109,1.3944954128440368,0.05975705234335184,593,. . .she was quite pointed with her demands.
4404,813,11,21,77,109,1.3944954128440368,0.06387949045420306,593,"But the good news, my darling, is that she finally signed the divorce papers."
4271,813,5,33,71,109,1.3944954128440368,0.05532830477109852,593,"Yes, I'd like to cancel my home delivery service."
4373,813,12,19,78,109,1.3944954128440368,0.06519573579610961,593,"The wedding is still on, but she’d like a few changes in the prenup."
560,813,6,31,72,109,1.3944954128440368,0.05684290610226638,593,I want out. This contract is killing me.
735,813,8,27,74,109,1.3944954128440368,0.05975705234335184,593,So I assume an amicable divorce is out of the question?
1019,813,10,23,76,109,1.3944954128440368,0.06253554697434979,593,"Not sure yet , but I think she wants a divorce"
1062,813,6,31,72,109,1.3944954128440368,0.05684290610226638,593,"And THEN he said, 'if you have already made a payment, please disregard this reminder'..."
1184,813,7,29,73,109,1.3944954128440368,0.05831818446641306,593,I'm calling to complain about your process server.
258,813,10,23,76,109,1.3944954128440368,0.06253554697434979,593,"No officer, I haven't had a chance to read the ransom note yet."
2162,813,8,27,74,109,1.3944954128440368,0.05975705234335184,593,"Hello, Equifax? I've got some lingering questions about the 'Terms of Service Agreement' that your special courier just delivered."
2558,813,8,27,74,109,1.3944954128440368,0.05975705234335184,593,I thought we agreed to bury the hatchet.
2746,813,9,25,75,109,1.3944954128440368,0.06116207951070337,593,I'm not sure what it says
3135,813,10,23,76,109,1.3944954128440368,0.06253554697434979,593,"Hi, can you help me change my delivery preferences?"
4044,813,8,27,74,109,1.3944954128440368,0.05975705234335184,593,"No, she's not coming back. I haven't read the note yet, but the signs are pretty clear."
2006,813,10,23,76,109,1.3944954128440368,0.06253554697434979,593,"Yes, I feel the criticism was very pointed."
430,841,10,24,78,112,1.3928571428571428,0.06129913632937231,593,"No, I don't think it's going to be amicable."
3940,842,10,22,75,107,1.3925233644859814,0.06334725058954986,593,"No, I haven't seen your 10 page letter about me being insensitive and unfeeling."
4234,842,9,24,74,107,1.3925233644859814,0.06193979669001238,593,"Yes, She gave me the divorce papers...a few minutes ago...No, I need to talk to a doctor before I sign anything."
4809,842,10,22,75,107,1.3925233644859814,0.06334725058954986,593,I think it's time to ditch the landline. The bill is literally killing me.
5174,842,7,28,72,107,1.3925233644859814,0.059024290995231384,593,"Why yes, she did leave a note..."
7483,842,8,26,73,107,1.3925233644859814,0.06049960884786703,593,I got a rather pointed response.
6579,842,7,28,72,107,1.3925233644859814,0.059024290995231384,593,I'm tired of always getting stuck with a long list of chores.
6139,842,10,22,75,107,1.3925233644859814,0.06334725058954986,593,Wittenberg Residence
6362,842,7,28,72,107,1.3925233644859814,0.059024290995231384,593,Where did you leave it?
6595,842,14,14,79,107,1.3925233644859814,0.06868927958769008,593,"No need to come to the E.R. Mr. Jones, that’s just the new middle class tax cuts your feeling."
6950,842,11,20,76,107,1.3925233644859814,0.06472410602326141,593,"I have a great back story to tell you, if only I could get around to it."
3853,842,9,24,74,107,1.3925233644859814,0.06193979669001238,593,Apparently I have been served.
5959,842,9,24,74,107,1.3925233644859814,0.06193979669001238,593,As if the knife in the back wasn't self explanatory.
3601,842,12,18,77,107,1.3925233644859814,0.06607227590877691,593,"Yes dear you made your point, words do hurt."
5263,842,6,30,71,107,1.3925233644859814,0.05751113965341493,593,"No, I haven't seen your note yet, but I have a feeling about it."
3313,842,9,24,74,107,1.3925233644859814,0.06193979669001238,593,Kushner speaking.
3370,842,8,26,73,107,1.3925233644859814,0.06049960884786703,593,...but the good news is she signed the divorce papers.
330,842,7,28,72,107,1.3925233644859814,0.059024290995231384,593,A back due notice has been brought to my attention.
362,842,8,26,73,107,1.3925233644859814,0.06049960884786703,593,Are you saying you don' t want to give marriage counseling a go?
954,842,6,30,71,107,1.3925233644859814,0.05751113965341493,593,"It's not that she broke it off, it's the way she did it that hurts more than anything else"
993,842,9,24,74,107,1.3925233644859814,0.06193979669001238,593,"Yes, I’m calling him a back-stabber. No, I don’t mean it metaphorically."
2207,842,6,30,71,107,1.3925233644859814,0.05751113965341493,593,My wife makes a strong point
1152,842,11,20,76,107,1.3925233644859814,0.06472410602326141,593,I'd like to report a malicious posting.
2501,842,8,26,73,107,1.3925233644859814,0.06049960884786703,593,"Yup, the back pain is getting worse, and I still can't find the will."
2845,842,11,20,76,107,1.3925233644859814,0.06472410602326141,593,Can't you just leave a message on my voicemail like everyone else?
2930,842,8,26,73,107,1.3925233644859814,0.06049960884786703,593,I jokingly told her to take a stab at it.
3208,842,9,24,74,107,1.3925233644859814,0.06193979669001238,593,It’s just a feeling I have
3216,842,15,12,80,107,1.3925233644859814,0.06996108113466383,593,"So, do you remember when he promised he’d take care of us…health insurance for everybody…tax cuts for the middle class..?"
2303,842,9,24,74,107,1.3925233644859814,0.06193979669001238,593,It's a rather threatening note.
260,870,12,19,79,110,1.3909090909090909,0.064699800187966,593,"My back hurts and, no, I did't see your stupid note"
4815,871,12,18,78,108,1.3888888888888888,0.06555845955163904,593,Is this the Anger Management Hotline?
2309,871,7,28,73,108,1.3888888888888888,0.05858805583173792,593,"Describe my symptoms? Well, I'm feeling a little listless, and there's a stabbing pain in my back."
3492,871,11,20,77,108,1.3888888888888888,0.06422492781043573,593,This new ‘Rate Your Professor’ interface is problematic.
1971,871,11,20,77,108,1.3888888888888888,0.06422492781043573,593,"Hey Roger, so let me tell you how that whole prenup issue went over...."
2135,871,8,26,74,108,1.3888888888888888,0.06004690293987734,593,I just got the newest version of the tax reform bill.
5581,876,8,25,73,106,1.3867924528301887,0.06079845294790931,593,"Well, the divorce is final."
5797,876,10,21,75,106,1.3867924528301887,0.06368548437040786,593,I'd like to stop my mail please.
5825,876,12,17,77,106,1.3867924528301887,0.06644719676651369,593,"No, things are not improving at work."
5856,876,9,23,74,106,1.3867924528301887,0.06225870541680339,593,"I think she means it, this time."
5876,876,8,25,73,106,1.3867924528301887,0.06079845294790931,593,You couldn't have had a sheriff's deputy deliver the divorce papers like everyone else?
5963,876,10,21,75,106,1.3867924528301887,0.06368548437040786,593,I think because of my rogue apostrophes.
5966,876,9,23,74,106,1.3867924528301887,0.06225870541680339,593,I'd like to report what I think is a hate crime.
6794,876,8,25,73,106,1.3867924528301887,0.06079845294790931,593,I think it’s just a paper cut.
6857,876,10,21,75,106,1.3867924528301887,0.06368548437040786,593,"No, I haven't read your letter, but I get the point."
7179,876,9,23,74,106,1.3867924528301887,0.06225870541680339,593,"Yes, an ambulance and a pen."
7204,876,6,29,71,106,1.3867924528301887,0.0577673163841356,593,"Yes, I did receive your previous message, thank you."
7215,876,12,17,77,106,1.3867924528301887,0.06644719676651369,593,Hold off on the ice sculpture. The pre-nup seems to have ticked her off a bit.
7384,876,9,23,74,106,1.3867924528301887,0.06225870541680339,593,On second thought I've decided to accept all the editorial suggestions.
7462,876,11,19,76,106,1.3867924528301887,0.06508099137851717,593,I laughed when she said it was an unauthorized autobiography.
7668,876,10,21,75,106,1.3867924528301887,0.06368548437040786,593,I would like to order a refrigerator
7701,876,9,23,74,106,1.3867924528301887,0.06225870541680339,593,"I'd like to switch my subscription to ""Online Only"" please."
6819,876,15,11,80,106,1.3867924528301887,0.07038688454591002,593,"Honey, I'm sorry to bother you at work but where did you leave the grocery shopping list??"
4881,876,10,21,75,106,1.3867924528301887,0.06368548437040786,593,What––you couldn't just text?
5380,876,10,21,75,106,1.3867924528301887,0.06368548437040786,593,My acupuncturist made a point of informing me of his cancellation policy.
845,876,5,31,70,106,1.3867924528301887,0.05619046469738135,593,You know that spot right in the middle of your back that you just can't reach?
289,876,7,27,72,106,1.3867924528301887,0.059302254270322485,593,"Hi, Bob. Can you come over and read something for me?"
402,876,9,23,74,106,1.3867924528301887,0.06225870541680339,593,The kids are taking their Reformation studies a little too seriously.
467,876,11,19,76,106,1.3867924528301887,0.06508099137851717,593,"Oh, no! You're not pinning this one on me!"
1142,876,9,23,74,106,1.3867924528301887,0.06225870541680339,593,"Yes, I received your attachment."
1327,876,8,25,73,106,1.3867924528301887,0.06079845294790931,593,I sense you've been letting things build up again.
1679,876,9,23,74,106,1.3867924528301887,0.06225870541680339,593,"The complaints may be justified, but not the delivery."
4476,876,9,23,74,106,1.3867924528301887,0.06225870541680339,593,"Yes, dear, but I haven't read it yet!"
2585,876,7,27,72,106,1.3867924528301887,0.059302254270322485,593,Can you recommend a good lawyer? I'm sure it's going to be a bitter divorce.
1742,876,7,27,72,106,1.3867924528301887,0.059302254270322485,593,"Well, regardless of whether their demand list is reasonable, I have a small issue with the delivery method."
2771,876,10,21,75,106,1.3867924528301887,0.06368548437040786,593,"Mrs. Luther, please come pick up Marty. He’s totally out of control."
3390,876,11,19,76,106,1.3867924528301887,0.06508099137851717,593,I can't. I'm stuck at home.
3684,876,8,25,73,106,1.3867924528301887,0.06079845294790931,593,"What do you mean, ""Is there a backstory?"""
3876,876,9,23,74,106,1.3867924528301887,0.06225870541680339,593,I don't think this is how arbitration is supposed to work.
3930,876,10,21,75,106,1.3867924528301887,0.06368548437040786,593,I guess this finalizes our divorce.
4331,876,10,21,75,106,1.3867924528301887,0.06368548437040786,593,We're out of Post-it notes again.
4466,876,5,31,70,106,1.3867924528301887,0.05619046469738135,593,"Yes, dear. I got your note. It came as quite a surprise."
2650,876,8,25,73,106,1.3867924528301887,0.06079845294790931,593,"Honey, Do you know what happened to the ""to do"" list I left for you on the refrigerator?"
5597,913,10,20,74,104,1.3846153846153846,0.06453674221353506,593,I'm sorry I don't have it in front of me but I can only assume I'm in serious trouble.
5365,913,10,20,74,104,1.3846153846153846,0.06453674221353506,593,"I think she took the kids, the silver and most of the cutlery."
5269,913,10,20,74,104,1.3846153846153846,0.06453674221353506,593,"Well, I don’t know. How would YOU define ‘emergency’?"
5159,913,7,26,71,104,1.3846153846153846,0.06004058297000414,593,"I got your note, but I'm having a hard time seeing your perspective."
4740,913,6,28,70,104,1.3846153846153846,0.058465075951304825,593,"I simply asked if they had any Girl Scout cookies that were vegan, gluten free, made in a factory without nuts, and if they were ethically sourced."
5087,913,10,20,74,104,1.3846153846153846,0.06453674221353506,593,"Yes, it is a bad time."
5008,913,11,18,75,104,1.3846153846153846,0.0659673979547654,593,It was Admiral Arthur with the Hunting Knife in the Library just as I finished the manuscript. Please send an ambulance.
4863,913,9,22,73,104,1.3846153846153846,0.06307364424345695,593,"Why yes, I did receive your killer memorandum."
5679,913,9,22,73,104,1.3846153846153846,0.06307364424345695,593,Divorce papers? Of course I would know if I had been served with divorce papers.
5105,913,8,24,72,104,1.3846153846153846,0.06157579151553036,593,The news is killing me.
5705,913,10,20,74,104,1.3846153846153846,0.06453674221353506,593,"Yes, apparently, my wife has her own list of 95 grievances."
6863,913,9,22,73,104,1.3846153846153846,0.06307364424345695,593,"Yes, Mary left me a dear John letter, but I can’t put my hands on it."
5912,913,7,26,71,104,1.3846153846153846,0.06004058297000414,593,Do you recall what we did with the 'Do Not Resuscitate' forms?
5954,913,10,20,74,104,1.3846153846153846,0.06453674221353506,593,I'm getting so much resistance from behind.
6148,913,6,28,70,104,1.3846153846153846,0.058465075951304825,593,Hey... So I got your message
6177,913,12,16,76,104,1.3846153846153846,0.06736767837998053,593,Please cancel my subscription immediately.
6238,913,8,24,72,104,1.3846153846153846,0.06157579151553036,593,"Exactly what did you mean when you said, ""I've got your back?"""
7347,913,6,28,70,104,1.3846153846153846,0.058465075951304825,593,"I have not read the fine print, no."
6768,913,12,16,76,104,1.3846153846153846,0.06736767837998053,593,What's black and white and red all over?
7167,913,9,22,73,104,1.3846153846153846,0.06307364424345695,593,"Yes, I got your list of demands."
7341,913,12,16,76,104,1.3846153846153846,0.06736767837998053,593,"No, the handwriting is definitely not on the wall."
5903,913,11,18,75,104,1.3846153846153846,0.0659673979547654,593,I'd like to report a malicious posting.
4646,913,8,24,72,104,1.3846153846153846,0.06157579151553036,593,"Well, the ‘Honey Do’ List isn’t so passive-aggressive any more."
1264,913,13,14,77,104,1.3846153846153846,0.06873943982674434,593,I got the note.
4528,913,9,22,73,104,1.3846153846153846,0.06307364424345695,593,It was how she delivered the papers that really stung.
4638,913,11,18,75,104,1.3846153846153846,0.0659673979547654,593,911? Help! I just received the tax reform bill.
685,913,7,26,71,104,1.3846153846153846,0.06004058297000414,593,"You had me at ""goodbye."""
731,913,9,22,73,104,1.3846153846153846,0.06307364424345695,593,"Yes, the divorce papers arrived. Was she angry? I couldn't tell..."
1117,913,8,24,72,104,1.3846153846153846,0.06157579151553036,593,So I guess couple's therapy is out of the question.
1302,913,10,20,74,104,1.3846153846153846,0.06453674221353506,593,You left a note? What note?
1490,913,9,22,73,104,1.3846153846153846,0.06307364424345695,593,"Hello Anton Press, I just got your rejection of my short story and it was very hurtful."
1648,913,8,24,72,104,1.3846153846153846,0.06157579151553036,593,"In the future, can you just e-mail me?"
2041,913,7,26,71,104,1.3846153846153846,0.06004058297000414,593,"Let me fill you in on my backstory, which is quite painful to discuss."
2206,913,9,22,73,104,1.3846153846153846,0.06307364424345695,593,I just thought the vacuum cleaner was the perfect present.
2353,913,8,24,72,104,1.3846153846153846,0.06157579151553036,593,"I gotta tell you, these itemized bills are killing me."
672,913,8,24,72,104,1.3846153846153846,0.06157579151553036,593,"With all due respect Sir, these back taxes are killing me"
2469,913,7,26,71,104,1.3846153846153846,0.06004058297000414,593,Apparently it's gone beyond just cleaning his litter box more often.
2857,913,10,20,74,104,1.3846153846153846,0.06453674221353506,593,"Martin Luther, please. Yes, I’ll hold."
2884,913,7,26,71,104,1.3846153846153846,0.06004058297000414,593,She served the divorce papers. Something tells me this is going to be nasty.
3028,913,12,16,76,104,1.3846153846153846,0.06736767837998053,593,I'm looking for a policy that covers a coexisting condition.
3560,913,10,20,74,104,1.3846153846153846,0.06453674221353506,593,She says I've no feelings.
3875,913,10,20,74,104,1.3846153846153846,0.06453674221353506,593,"I""m not sure, but I suspect it's a ""Dear John"" letter."
4043,913,7,26,71,104,1.3846153846153846,0.06004058297000414,593,I guess Mueller is serious about wanting me to come testify.
4077,913,10,20,74,104,1.3846153846153846,0.06453674221353506,593,"Yeah, it's the new Obamacare repeal bill. Can't the doctor see me before Tuesday?"
4513,913,11,18,75,104,1.3846153846153846,0.0659673979547654,593,"All I said was ""I don't think a President should tweet""."
2398,913,8,24,72,104,1.3846153846153846,0.06157579151553036,593,I think I've been served.
6852,959,11,19,77,107,1.3831775700934579,0.06457115400319402,593,"Martin, for the 95th time, your thesis proposal was not accepted."
5249,960,6,27,69,102,1.3823529411764706,0.0591864170574302,593,Good news. We can set the date. My wife signed the divorce papers.
5136,960,10,19,73,102,1.3823529411764706,0.06541850049608035,593,"I'm not angry, it just hurts."
4087,960,6,27,69,102,1.3823529411764706,0.0591864170574302,593,I haven’t gotten around to reading it.
4644,960,7,25,70,102,1.3823529411764706,0.060804350377756396,593,"Their reply was pointed, to say the least."
4627,960,7,25,70,102,1.3823529411764706,0.060804350377756396,593,"I don't know what the terms of divorce are, but they sure hurt."
5278,960,9,21,72,102,1.3823529411764706,0.06391747137043802,593,I have the feeling that a number of pointed remarks were made about me behind my back
4807,960,6,27,69,102,1.3823529411764706,0.0591864170574302,593,Get me my lawyer. And my doctor.
5587,960,11,17,74,102,1.3823529411764706,0.06688585252443573,593,I'll go ahead and shoot you a reply.
7177,960,4,31,67,102,1.3823529411764706,0.055810015611593086,593,"Yes, dear, it hurts more than acupuncture."
6317,960,10,19,73,102,1.3823529411764706,0.06541850049608035,593,The divorce papers just arrived.
6413,960,9,21,72,102,1.3823529411764706,0.06391747137043802,593,I have questions about your terms and conditions.
6451,960,8,23,71,102,1.3823529411764706,0.06238033412563501,593,"No, I think this time she really means it."
6989,960,9,21,72,102,1.3823529411764706,0.06391747137043802,593,A PDF would have sufficed.
7377,960,8,23,71,102,1.3823529411764706,0.06238033412563501,593,"Yes,thank you, I received your demands but I can't actually read them."
7403,960,8,23,71,102,1.3823529411764706,0.06238033412563501,593,"I’ve tried to read it in the mirror, but the print is backwards."
7445,960,11,17,74,102,1.3823529411764706,0.06688585252443573,593,"No, I think I can state with some certainty that she won't sign the prenuptial agreement you prepared?"
3708,960,7,25,70,102,1.3823529411764706,0.060804350377756396,593,"Yes, he is a back stabber. Why do you ask?"
6313,960,6,27,69,102,1.3823529411764706,0.0591864170574302,593,"911? Yeah, I've got this stabbing pain in my divorce papers... er, back..."
3556,960,10,19,73,102,1.3823529411764706,0.06541850049608035,593,"No, she left a few minutes ago, but she did leave a homocide note."
3095,960,10,19,73,102,1.3823529411764706,0.06541850049608035,593,"Hi sweetie, where did you say you put the grocery list?"
3358,960,9,21,72,102,1.3823529411764706,0.06391747137043802,593,I received your final notice.
458,960,7,25,70,102,1.3823529411764706,0.060804350377756396,593,I'm not denying that I owe the money. I'm taking issue with your collection methods.
586,960,7,25,70,102,1.3823529411764706,0.060804350377756396,593,It would be easier to read if you'd just left it on the nightstand.
687,960,8,23,71,102,1.3823529411764706,0.06238033412563501,593,I'm assuming my manuscript was rejected.
799,960,7,25,70,102,1.3823529411764706,0.060804350377756396,593,I said I'll take a stab at paying the bills. Then she said she had a better idea.
826,960,10,19,73,102,1.3823529411764706,0.06541850049608035,593,I'd like to make a back payment.
1104,960,8,23,71,102,1.3823529411764706,0.06238033412563501,593,I just got served with divorce papers.
1151,960,7,25,70,102,1.3823529411764706,0.060804350377756396,593,Note? What note?
425,960,8,23,71,102,1.3823529411764706,0.06238033412563501,593,I think she's serious this time.
1627,960,6,27,69,102,1.3823529411764706,0.0591864170574302,593,The divorce is going about as well as I expected.
2142,960,11,17,74,102,1.3823529411764706,0.06688585252443573,593,"I haven't read it yet, but I think she wants a divorce."
2238,960,12,15,75,102,1.3823529411764706,0.06832169734927158,593,She not signing the pre nup.
2341,960,10,19,73,102,1.3823529411764706,0.06541850049608035,593,"Yes the knife hurts, but the disclaimers are killing me."
2765,960,10,19,73,102,1.3823529411764706,0.06541850049608035,593,"Yes, she got back to me on the proposed changes to the prenup."
2833,960,8,23,71,102,1.3823529411764706,0.06238033412563501,593,"Hey - I need for you to come over,and read something to me."
3061,960,11,17,74,102,1.3823529411764706,0.06688585252443573,593,"No, it’s more of a stabbing pain."
3380,960,9,21,72,102,1.3823529411764706,0.06391747137043802,593,She left. She wouldn't sign the prenup.
1872,960,10,19,73,102,1.3823529411764706,0.06541850049608035,593,You could have used tape.
7513,998,9,22,74,105,1.380952380952381,0.0625773548857474,593,I’d like to report a death by fake news.
6341,998,9,22,74,105,1.380952380952381,0.0625773548857474,593,"Marjorie, I'm having trouble reading your to-do list."
7797,1000,9,20,71,100,1.38,0.06479181891241978,593,"When she said, “I’ve got your back,” I thought it was a good thing."
3974,1000,4,30,66,100,1.38,0.05646130345536479,593,These manuscript rejections are killing me.
3986,1000,10,18,72,100,1.38,0.066332495807108,593,I'm sure there's an emoticon that would have worked just as well.
4490,1000,11,16,73,100,1.38,0.06783819132332614,593,"Hello, Roman Times? About your paper boy, Brutus..."
4813,1000,8,22,70,100,1.38,0.06321360293449185,593,It's for me but I can't read it.
5771,1000,9,20,71,100,1.38,0.06479181891241978,593,I'M CALLING TO COMPLAIN ABOUT HOW YOUR PAPER IS DELIVERED!!
5901,1000,6,26,68,100,1.38,0.05993262210114949,593,At this moment it's a little difficult to read the fine print.
3817,1000,6,26,68,100,1.38,0.05993262210114949,593,What letter?
6075,1000,9,20,71,100,1.38,0.06479181891241978,593,"So much for ""The Art of the Deal."""
6374,1000,12,14,74,100,1.38,0.06931118527366564,593,All I remember was that he looked like a monk
6758,1000,5,28,67,100,1.38,0.058222839074533204,593,I got your message and I feel your pain.
7125,1000,6,26,68,100,1.38,0.05993262210114949,593,"Sorry , I will not be in today, my marriage is going through a reformation."
7313,1000,12,14,74,100,1.38,0.06931118527366564,593,"To add insult to injury, they charged me with carrying a concealed weapon!"
7327,1000,8,22,70,100,1.38,0.06321360293449185,593,"I'm sorry I have to cancel our poker game tonight, Charlie, but I just got an urgent note from my wife that forces me to change plans."
7465,1000,10,18,72,100,1.38,0.066332495807108,593,Tell the Pope that Luther is at it again
6186,1000,9,20,71,100,1.38,0.06479181891241978,593,My wife’s to do list is killing me.
3687,1000,8,22,70,100,1.38,0.06321360293449185,593,"Hello, I would like to request a retraction."
3255,1000,8,22,70,100,1.38,0.06321360293449185,593,I got your note and just want to let you know I feel your pain.
3500,1000,8,22,70,100,1.38,0.06321360293449185,593,You could say our relationship ended on a bad note.
6,1000,11,16,73,100,1.38,0.06783819132332614,593,"Sorry, Martin Luther just left."
100,1000,8,22,70,100,1.38,0.06321360293449185,593,I think she’s serious about the divorce this time.
3578,1000,10,18,72,100,1.38,0.066332495807108,593,"I'm sorry sir, but we don't cover backstabbing"
548,1000,11,16,73,100,1.38,0.06783819132332614,593,"Hello,9-1-1? I think I just received a death threat."
691,1000,9,20,71,100,1.38,0.06479181891241978,593,The new tax regulations are here.
715,1000,9,20,71,100,1.38,0.06479181891241978,593,"Hi, I just received my health care plan renewal notice, and I have a few questions."
1270,1000,9,20,71,100,1.38,0.06479181891241978,593,"Yes, I received your Final Demand notice."
364,1000,9,20,71,100,1.38,0.06479181891241978,593,Hi Hon. I used two mirrors to read your letter. You seem angry.
1914,1000,12,14,74,100,1.38,0.06931118527366564,593,"Yes, I’ve been served the divorce papers. No, I haven’t had a chance to read them yet."
1954,1000,7,24,69,100,1.38,0.06159496240715952,593,I get your point...but I'm not happy about it!
2124,1000,11,16,73,100,1.38,0.06783819132332614,593,"I'd like to order a mirror, please."
3124,1000,10,18,72,100,1.38,0.066332495807108,593,"It says 'Kick me,' more or less."
3317,1000,11,16,73,100,1.38,0.06783819132332614,593,"Yes, she delivered the divorce papers this morning."
3434,1000,8,22,70,100,1.38,0.06321360293449185,593,"He said, ""You've been served....oh, and your wife wants the knife back"""
1856,1000,8,22,70,100,1.38,0.06321360293449185,593,The divorce papers came today.
2237,1034,9,18,68,95,1.3789473684210527,0.06722619365060226,593,Can I please speak to a Doctor of Letters?
5633,1035,5,29,69,103,1.3786407766990292,0.05708261278153174,593,Yes. The divorce papers just arrived.
5266,1035,8,23,72,103,1.3786407766990292,0.061883171454483306,593,I liked your manuscript it's spine tingling.
4309,1035,7,25,71,103,1.3786407766990292,0.060325446539295634,593,"No, dear, I am just saying that's what refrigerator magnets are for."
4161,1035,9,21,73,103,1.3786407766990292,0.06340263652534128,593,"Yes, I got my wife's list of grievances."
572,1035,8,23,72,103,1.3786407766990292,0.061883171454483306,593,I'd like to order a bulletin board for my wife.
3826,1035,9,21,73,103,1.3786407766990292,0.06340263652534128,593,Emergency ? I have a list of demands attached to my back with a knife . I would like to know what the demands are.
619,1035,6,27,70,103,1.3786407766990292,0.0587264173184935,593,I get your point.
5702,1035,9,21,73,103,1.3786407766990292,0.06340263652534128,593,Brute? Et Tu?
4117,1035,11,17,75,103,1.3786407766990292,0.06633723793288099,593,I’d like to switch to auto-pay.
5921,1035,7,25,71,103,1.3786407766990292,0.060325446539295634,593,I found your note. Are you mad at me?
4022,1045,10,20,76,106,1.3773584905660377,0.06351889898340929,593,The difference is that Luther nailed his doctrines on a CHURCH DOOR!
6041,1046,9,20,72,101,1.3762376237623761,0.06425734946371467,593,"No, I haven't read your message"
6020,1047,8,23,73,104,1.375,0.06139330106764154,593,"Yeah, I got your message. It's just a little hard to read."
7670,1047,6,27,71,104,1.375,0.058272844629465775,593,"I made some good points, but his presentation was far more compelling."
3945,1049,9,19,71,99,1.3737373737373737,0.06514316502335188,593,"No, this time I think she's really gone."
4212,1049,6,25,68,99,1.3737373737373737,0.06020965669559904,593,"If that's your demand letter, I'd hate to see your cease-and-desist."
4505,1049,9,19,71,99,1.3737373737373737,0.06514316502335188,593,"Hello, Mr. Luther? Did you not see me standing in the doorway?"
4630,1049,8,21,70,99,1.3737373737373737,0.06354123768053102,593,Can you repost Martin's document as a pdf?
4724,1049,9,19,71,99,1.3737373737373737,0.06514316502335188,593,"Yes Mother, I received my divorce papers. As a matter-of-fact she was kind enough to deliver them in person."
4985,1049,7,23,69,99,1.3737373737373737,0.06189786605924161,593,"On second thought, I'd prefer the online edition only."
5189,1049,10,17,72,99,1.3737373737373737,0.0667066339470489,593,"Hold on, I just got a text."
5499,1049,8,21,70,99,1.3737373737373737,0.06354123768053102,593,"If I had to guess, I'd say it was a contract killing..."
5796,1049,7,23,69,99,1.3737373737373737,0.06189786605924161,593,"Or, you could just e-mail me"
6312,1049,9,19,71,99,1.3737373737373737,0.06514316502335188,593,I'm calling to unsubscribe from your newsletter
3886,1049,8,21,70,99,1.3737373737373737,0.06354123768053102,593,Tell me it doesn't say 'Kick Me'!
6379,1049,10,17,72,99,1.3737373737373737,0.0667066339470489,593,"Stabbing me in the back wasn't enough, Stanley? You had to add the notes from the morning meeting?"
6965,1049,8,21,70,99,1.3737373737373737,0.06354123768053102,593,"Yes, baby doll, I marched right in and demanded a divorce. Then, as I marched out, she made an excellent point."
6996,1049,7,23,69,99,1.3737373737373737,0.06189786605924161,593,Yeah... I think they're really serious about this eviction notice.
7069,1049,8,21,70,99,1.3737373737373737,0.06354123768053102,593,I just feel that the GOP is taking ‘death and taxes’ a bit too literally with this new bill
7219,1049,10,17,72,99,1.3737373737373737,0.0667066339470489,593,"Honey, you're going to kill me, but I can't find the grocery list again."
7473,1049,8,21,70,99,1.3737373737373737,0.06354123768053102,593,I have a feeling she really means it this time!
7704,1049,9,19,71,99,1.3737373737373737,0.06514316502335188,593,I think it's time we switched to electronic bill delivery.
7725,1049,7,23,69,99,1.3737373737373737,0.06189786605924161,593,I don't think the terms are negotiable.
6009,1049,9,19,71,99,1.3737373737373737,0.06514316502335188,593,It isn't a very good severance package.
3867,1049,7,23,69,99,1.3737373737373737,0.06189786605924161,593,"Yes, I got my performance review today."
4854,1049,9,19,71,99,1.3737373737373737,0.06514316502335188,593,Honey...where is that note that said why you are leaving me?
3377,1049,10,17,72,99,1.3737373737373737,0.0667066339470489,593,"But Mr. Luther, I'm not even Catholic?"
38,1049,10,17,72,99,1.3737373737373737,0.0667066339470489,593,"Hello, 911? I have a feeling that the mob put a contract out on me."
3862,1049,7,23,69,99,1.3737373737373737,0.06189786605924161,593,Who do I talk to about someone posting a hate message?
159,1049,5,27,67,99,1.3737373737373737,0.05847272608760407,593,About your final notice...
590,1049,10,17,72,99,1.3737373737373737,0.0667066339470489,593,"Well, no, I didn't read it yet, but something tells me it's bad."
613,1049,10,17,72,99,1.3737373737373737,0.0667066339470489,593,"Yeah, I think she's really serious this time."
858,1049,8,21,70,99,1.3737373737373737,0.06354123768053102,593,I need an appointment to review a legal document; today would be great.
915,1049,9,19,71,99,1.3737373737373737,0.06514316502335188,593,I got your divorce papers.
1066,1049,8,21,70,99,1.3737373737373737,0.06354123768053102,593,"I need to speak to the attorney, my wife just served me papers!"
1305,1049,12,13,74,99,1.3737373737373737,0.06972848154891527,593,I think she's really serious about the divorce!
1330,1049,8,21,70,99,1.3737373737373737,0.06354123768053102,593,Consider me served.
75,1049,9,19,71,99,1.3737373737373737,0.06514316502335188,593,The job started ok but now the paperwork's killing me.
1826,1049,5,27,67,99,1.3737373737373737,0.05847272608760407,593,Remember what she said about sticking it to me?
1665,1049,9,19,71,99,1.3737373737373737,0.06514316502335188,593,I'd like to register a complaint about your subpoena service.
3297,1049,8,21,70,99,1.3737373737373737,0.06354123768053102,593,Let's keep the date. My wife just filed for divorce.
2980,1049,9,19,71,99,1.3737373737373737,0.06514316502335188,593,"I DO know what you mean, the news is killing me too!"
2863,1049,5,27,67,99,1.3737373737373737,0.05847272608760407,593,Remember that idea you had for sticky notes?
3302,1049,10,17,72,99,1.3737373737373737,0.0667066339470489,593,"Mildred, did you see the suicide note I left by the phone this morning?"
2388,1049,8,21,70,99,1.3737373737373737,0.06354123768053102,593,She doesn't suspect a thing.
2305,1049,5,27,67,99,1.3737373737373737,0.05847272608760407,593,I'd like to report a contract killing.
1866,1049,8,21,70,99,1.3737373737373737,0.06354123768053102,593,She's hired very assertive divorce lawyers.
2582,1049,7,23,69,99,1.3737373737373737,0.06189786605924161,593,"It went better than I thought. She brought over the divorce papers to sign, gave me a big old hug and out the door she went."
2907,1093,7,20,64,91,1.3736263736263736,0.0656485474497285,593,I think I'm going to agree to counseling. She's made it pointedly clear that we have much to discuss.
4969,1094,7,22,68,97,1.3711340206185567,0.06272654411089969,593,"Yes, Mrs. Jones, technically Billy did turn in his homework..."
5915,1094,9,18,70,97,1.3711340206185567,0.0660618846287438,593,"Yes, dear, I got the divorce papers...nice touch on the Process Server."
4975,1094,6,24,67,97,1.3711340206185567,0.060990513227831084,593,911 - this is a contractual emergency
5025,1094,7,22,68,97,1.3711340206185567,0.06272654411089969,593,"Yes, I think I got the message."
5114,1094,7,22,68,97,1.3711340206185567,0.06272654411089969,593,"Yes, she just finished the chapter on the Protestant Reformation."
5243,1094,8,20,69,97,1.3711340206185567,0.06441580526857558,593,Your mother stopped by.
5330,1094,9,18,70,97,1.3711340206185567,0.0660618846287438,593,Just tell him I got the message!
5971,1094,9,18,70,97,1.3711340206185567,0.0660618846287438,593,"Hello, may I speak to Martin Luther?"
7490,1094,10,16,71,97,1.3711340206185567,0.06766793356534438,593,Her actions speak louder than her words.
6538,1094,6,24,67,97,1.3711340206185567,0.060990513227831084,593,"No golf today guys, my wife has stuck me with a To Do List."
6849,1094,4,28,65,97,1.3711340206185567,0.05736104461382679,593,"Not to worry, dear, it's just where you left it."
7110,1094,3,30,64,97,1.3711340206185567,0.05545730616327322,593,No. I am sorry you missed her. She just left.
7524,1094,5,26,66,97,1.3711340206185567,0.05920359846742285,593,"I haven't read it yet, but I'm pretty sure she's claiming irreconcilable differences."
7592,1094,8,20,69,97,1.3711340206185567,0.06441580526857558,593,I'm sure my wife left a reminder. I'll look around for it.
7743,1094,8,20,69,97,1.3711340206185567,0.06441580526857558,593,"Sweetie, it seems you forgot to sign the prenup."
4926,1094,7,22,68,97,1.3711340206185567,0.06272654411089969,593,Honey. It's me. I can't seem to find your to-do list anywhere.
6414,1094,8,20,69,97,1.3711340206185567,0.06441580526857558,593,I thought the next step after Mediation was Arbitration.
4871,1094,7,22,68,97,1.3711340206185567,0.06272654411089969,593,"Well yes, she did really drive the point home."
385,1094,7,22,68,97,1.3711340206185567,0.06272654411089969,593,"Hello-Cheryl? Yeah, I think my wife knows about us."
3981,1094,10,16,71,97,1.3711340206185567,0.06766793356534438,593,I am not insensitive.
4054,1094,7,22,68,97,1.3711340206185567,0.06272654411089969,593,I get that you are upset with me. But this is not how we communicate in the digital age.
95,1094,4,28,65,97,1.3711340206185567,0.05736104461382679,593,"I can't read it, but I don't think it's good."
395,1094,9,18,70,97,1.3711340206185567,0.0660618846287438,593,Tell them I'm ready to settle
663,1094,11,14,72,97,1.3711340206185567,0.06923673782975528,593,"No, I have not been able to read the note yet ..."
757,1094,7,22,68,97,1.3711340206185567,0.06272654411089969,593,"Hi, she wouldn't sign the prenup."
1297,1094,8,20,69,97,1.3711340206185567,0.06441580526857558,593,"Stop being a grammar Nazi, I know what “literally” means."
1569,1094,11,14,72,97,1.3711340206185567,0.06923673782975528,593,"Let’s just say she didn’t sign the NDA, Mr Weinstein"
1900,1094,7,22,68,97,1.3711340206185567,0.06272654411089969,593,I need you to come over read read something to me.
564,1094,7,22,68,97,1.3711340206185567,0.06272654411089969,593,I get your point.
2215,1094,8,20,69,97,1.3711340206185567,0.06441580526857558,593,I'm starting to think she's serious about getting that divorce.
2506,1094,7,22,68,97,1.3711340206185567,0.06272654411089969,593,"Yeah, I need an appointment with Dr. Wallace. I've got a suspicious subpoena on my back I want him to take a look at."
3035,1094,10,16,71,97,1.3711340206185567,0.06766793356534438,593,"Okay, but that's not what people usually mean when they say ""I'm gonna stick it to you!"""
3232,1094,7,22,68,97,1.3711340206185567,0.06272654411089969,593,I’m calling about the ‘offer I can’t refuse’...
3868,1094,8,20,69,97,1.3711340206185567,0.06441580526857558,593,I'm just trying to put the whole thing behind me.
3463,1094,6,24,67,97,1.3711340206185567,0.060990513227831084,593,So I presented the prenup you suggested...
2159,1094,9,18,70,97,1.3711340206185567,0.0660618846287438,593,I have been looking dear- I can't find it anywhere!
3547,1094,6,24,67,97,1.3711340206185567,0.060990513227831084,593,"I'll try to make sense of the thing, but it's going to be a reach."
6568,1131,14,9,77,100,1.37,0.07199186261535594,593,"No, I haven't read the note. Were you listening when I talked about the knife?"
6525,1131,8,21,71,100,1.37,0.06301354672375671,593,This metaphor is killing me.
4159,1133,9,17,69,95,1.368421052631579,0.06701545271308577,593,"I agree in principle, but there is still one sticking point."
4324,1133,7,21,67,95,1.368421052631579,0.06358571042988252,593,Bad news....The IRS stuck me with back taxes again.
4524,1133,5,25,65,95,1.368421052631579,0.05996010539855568,593,"I've had a hunch that my days as a powerful, white male were numbered, but now I'm quite certain."
6066,1133,3,29,63,95,1.368421052631579,0.056100676537265935,593,"Hello, 911, my wife is missing. She left me a note, but I can't read it."
5009,1133,8,19,68,95,1.368421052631579,0.06532309497112299,593,You make a good point.
5648,1133,9,17,69,95,1.368421052631579,0.06701545271308577,593,"""What note""?"
5764,1133,6,23,66,95,1.368421052631579,0.061799501657694524,593,Yes. I did get the divorce papers from your lawyer.
5865,1133,9,17,69,95,1.368421052631579,0.06701545271308577,593,The IRS have changed their notification methods.
6011,1133,7,21,67,95,1.368421052631579,0.06358571042988252,593,"yes dear, I think I got the point"
6260,1133,7,21,67,95,1.368421052631579,0.06358571042988252,593,She hired a Lutheran lawyer.
7529,1133,8,19,68,95,1.368421052631579,0.06532309497112299,593,Is it valid service of process if they left it where I can't see it?
6402,1133,8,19,68,95,1.368421052631579,0.06532309497112299,593,"""OK, you've convinced me to go with paperless bills.""."
6488,1133,8,19,68,95,1.368421052631579,0.06532309497112299,593,You could have done this via voicemail...
6832,1133,6,23,66,95,1.368421052631579,0.061799501657694524,593,"""if this is what you meant when you said 'you'll have my back' it's time to end our relationship"
6888,1133,8,19,68,95,1.368421052631579,0.06532309497112299,593,"Late payments department? I’d like to set up online billing, please."
7054,1133,7,21,67,95,1.368421052631579,0.06358571042988252,593,"By the way, World of Cutlery has responded to our letter of complaint."
7184,1133,7,21,67,95,1.368421052631579,0.06358571042988252,593,"Yes, Mom, I suppose it is poetic."
7520,1133,6,23,66,95,1.368421052631579,0.061799501657694524,593,I’m trying not to take my performance review personally.
4069,1133,8,19,68,95,1.368421052631579,0.06532309497112299,593,Hi Honey. Do you remember what you did with that pre-nup I asked you to sign?
7541,1133,4,27,64,95,1.368421052631579,0.0580624669960933,593,I think you know the point of this call.
7764,1133,6,23,66,95,1.368421052631579,0.061799501657694524,593,This one appears to be enforceable.
6324,1133,7,21,67,95,1.368421052631579,0.06358571042988252,593,I have this bad feeling that my manuscript was rejected.
3659,1133,7,21,67,95,1.368421052631579,0.06358571042988252,593,Just tell the doctor that I need to know how to delete a message.
4950,1133,7,21,67,95,1.368421052631579,0.06358571042988252,593,I'd like to report a delivery problem.
3129,1133,6,23,66,95,1.368421052631579,0.061799501657694524,593,There's one point in the contract I wasn't too crazy about.
544,1133,5,25,65,95,1.368421052631579,0.05996010539855568,593,"Yes, I’m aware it’s March 15th."
795,1133,7,21,67,95,1.368421052631579,0.06358571042988252,593,"I think that I must have said ""Fake News"" too many times."
886,1133,7,21,67,95,1.368421052631579,0.06358571042988252,593,"Mark, if you wanted me to read your new screenplay, you could have just asked."
927,1133,7,21,67,95,1.368421052631579,0.06358571042988252,593,He said it was too important to put into an e-mail.
942,1133,7,21,67,95,1.368421052631579,0.06358571042988252,593,"About that comment you made yesterday that ""You had my back""..."
1004,1133,10,15,70,95,1.368421052631579,0.06866611295299392,593,Please tell Mr. Luther I received his 95 complaints.
1399,1133,8,19,68,95,1.368421052631579,0.06532309497112299,593,"""You certainly made your point!!!"
1640,1133,7,21,67,95,1.368421052631579,0.06358571042988252,593,I found your note.
1809,1133,6,23,66,95,1.368421052631579,0.061799501657694524,593,"Yes, a sharp pain just below the payment due amount."
1906,1133,8,19,68,95,1.368421052631579,0.06532309497112299,593,"Barbara, it's one thing to stab me in the back, but lying about leaving me a letter takes the cake."
1836,1133,7,21,67,95,1.368421052631579,0.06358571042988252,593,"No mom, she means it this time. She stuck me with divorce papers."
2313,1133,10,15,70,95,1.368421052631579,0.06866611295299392,593,And you say I can't remove it without paying early termination fees?
2337,1133,7,21,67,95,1.368421052631579,0.06358571042988252,593,"No mom, it's not my imagine. There's no doubt in my mind Claire wants a divorce."
2425,1133,7,21,67,95,1.368421052631579,0.06358571042988252,593,"Honey, I've been served."
2514,1133,8,19,68,95,1.368421052631579,0.06532309497112299,593,But everyone defaults on student loans
2553,1133,11,13,71,95,1.368421052631579,0.07027801387209802,593,Your lawyer just visited and served the divorce papers
2604,1133,12,11,72,95,1.368421052631579,0.07185376399006724,593,"She said the document was attached, but I don't see it."
2615,1133,7,21,67,95,1.368421052631579,0.06358571042988252,593,"I'm sorry Mr. President, but I don't think as the FBI Director I should be expected to sign your loyalty pledge."
2675,1133,10,15,70,95,1.368421052631579,0.06866611295299392,593,"No, I didn't read ""Terms and Conditions"" before clicking ""I agree."""
2790,1133,6,23,66,95,1.368421052631579,0.061799501657694524,593,It all started with simple 'kick me' signs taped to my back.
2851,1133,7,21,67,95,1.368421052631579,0.06358571042988252,593,Yes Doris I was served with the divorce papers papers.
2151,1133,3,29,63,95,1.368421052631579,0.056100676537265935,593,I think I get your point.
3475,1133,7,21,67,95,1.368421052631579,0.06358571042988252,593,So is that a hard 'No' to getting back together?
3257,1181,8,20,70,98,1.3673469387755102,0.06386749100214828,593,Dying. What are you doing?
7499,1181,9,18,71,98,1.3673469387755102,0.06549389164368152,593,What if you don't actually touch the subpoena?
4188,1181,7,22,69,98,1.3673469387755102,0.062198576922504314,593,His message has a point.
2994,1181,8,20,70,98,1.3673469387755102,0.06386749100214828,593,"Well, the divorce is final."
2415,1181,7,22,69,98,1.3673469387755102,0.062198576922504314,593,"Yes, I did receive your previous message."
1633,1181,6,24,68,98,1.3673469387755102,0.060483630309860544,593,Eventually I did get her to sign the divorce papers.
2762,1181,7,22,69,98,1.3673469387755102,0.062198576922504314,593,911? I’d like report a Russian ad trying to influence my vote.
3365,1188,7,20,66,93,1.3655913978494623,0.06447715824704568,593,"Hello, Circulation ? I'd like to increase my annual Christmas tip to my carrier."
3427,1188,10,14,69,93,1.3655913978494623,0.06970341604042325,593,"Yes officer, the University of Wittenberg’s chapel door."
3778,1188,5,24,64,93,1.3655913978494623,0.06074368900734789,593,That’s when I realized she was giving me a back message and not a back massage.
3882,1188,4,26,63,93,1.3655913978494623,0.05878810818120285,593,My ex did say she'd stick it to me.
4101,1188,8,18,67,93,1.3655913978494623,0.06626505886446611,593,"No, it's not my lower back."
4482,1188,4,26,63,93,1.3655913978494623,0.05878810818120285,593,I avoided getting served as long as I could.
4697,1188,6,22,65,93,1.3655913978494623,0.06263824586399258,593,"Yes, dear, I got your message."
4824,1188,7,20,66,93,1.3655913978494623,0.06447715824704568,593,"O.K., I'll read it. Love you too."
4934,1188,7,20,66,93,1.3655913978494623,0.06447715824704568,593,"Yes, I have been served the divorce papers."
4993,1188,7,20,66,93,1.3655913978494623,0.06447715824704568,593,"Yes, she left one -- but I can't quite read it now."
5163,1188,8,18,67,93,1.3655913978494623,0.06626505886446611,593,"I'm fine, it's just a papercut."
5303,1188,9,16,68,93,1.3655913978494623,0.06800597118641676,593,"No, I really think this is their best and final offer."
5475,1188,7,20,66,93,1.3655913978494623,0.06447715824704568,593,"Room Service? Can you send up a physician, and maybe a coroner?"
5562,1188,2,30,61,93,1.3655913978494623,0.054667481029691094,593,"My ""don't kill the messenger"" line didn't really go over like I thought it would."
6669,1188,4,26,63,93,1.3655913978494623,0.05878810818120285,593,"no, I havent had a chance to read the contract"
6821,1188,5,24,64,93,1.3655913978494623,0.06074368900734789,593,"Yes, I am aware of your customer service contract. I just found it hard to read."
7055,1188,8,18,67,93,1.3655913978494623,0.06626505886446611,593,I'll get back to you. These Lutherans really mean business.
7200,1188,6,22,65,93,1.3655913978494623,0.06263824586399258,593,Tell my attorney I believe that I may have just been served with the divorce papers.
7493,1188,8,18,67,93,1.3655913978494623,0.06626505886446611,593,"No, I mean it literally. The divorce feels like a stab in the back."
7613,1188,7,20,66,93,1.3655913978494623,0.06447715824704568,593,She really stuck it to me this time.
7813,1188,8,18,67,93,1.3655913978494623,0.06626505886446611,593,"Yes, it's true, I did ask that you shouldn't leave my newspaper on the floor anymore ."
3141,1188,4,26,63,93,1.3655913978494623,0.05878810818120285,593,"A simple ""overdue"" notice would have sufficed!"
5331,1188,8,18,67,93,1.3655913978494623,0.06626505886446611,593,The printer is acting up again.
2766,1188,4,26,63,93,1.3655913978494623,0.05878810818120285,593,Her remarks were rather pointed.
4570,1188,9,16,68,93,1.3655913978494623,0.06800597118641676,593,"Yes, I had lunch with my editor."
2373,1188,8,18,67,93,1.3655913978494623,0.06626505886446611,593,I thought you said the writing was on the wall?
147,1188,9,16,68,93,1.3655913978494623,0.06800597118641676,593,"The GOOD NEWS is that they left a list of demands, and I have it with me......."
256,1188,7,20,66,93,1.3655913978494623,0.06447715824704568,593,I'm ready to sign the divorce papers.
286,1188,11,12,70,93,1.3655913978494623,0.07136049536263689,593,My wife finally signed the divorce papers!
456,1188,7,20,66,93,1.3655913978494623,0.06447715824704568,593,I need to talk to my attorney. My wife personally served the divorce papers.
723,1188,7,20,66,93,1.3655913978494623,0.06447715824704568,593,"Yes, my submission received another violent rejection..."
780,1188,8,18,67,93,1.3655913978494623,0.06626505886446611,593,Mrs. Luther? I need to talk to you about your son.
793,1188,5,24,64,93,1.3655913978494623,0.06074368900734789,593,She really stabbed me in the back with these divorce papers.
856,1188,7,20,66,93,1.3655913978494623,0.06447715824704568,593,A string around a finger would have sufficed.
1038,1188,7,20,66,93,1.3655913978494623,0.06447715824704568,593,You have been processing my claim for six months and my acupuncturist is demanding immediate payment.
1061,1188,10,14,69,93,1.3655913978494623,0.06970341604042325,593,They smiled in my face -- so I assume it says they want to take my place.
1354,1188,5,24,64,93,1.3655913978494623,0.06074368900734789,593,"For starters, can a party to a divorce serve the petition herself?"
1065,1188,4,26,63,93,1.3655913978494623,0.05878810818120285,593,It was a very odd exit interview.
1551,1188,10,14,69,93,1.3655913978494623,0.06970341604042325,593,Let's just say that her divorce lawyer really stabbed me in the back.
1620,1188,6,22,65,93,1.3655913978494623,0.06263824586399258,593,I showed her the prenup. She said she’d think about it.
1692,1188,7,20,66,93,1.3655913978494623,0.06447715824704568,593,I'm calling to make an appointment for a chiropractic adjustment. I have a stabbing pain between my shoulder blades that you wouldn't believe.
2507,1188,8,18,67,93,1.3655913978494623,0.06626505886446611,593,"I get the point, Helen."
1952,1188,5,24,64,93,1.3655913978494623,0.06074368900734789,593,"No, Dear, I can't find it anywhere."
2081,1188,8,18,67,93,1.3655913978494623,0.06626505886446611,593,It appears I've been mistaken for a church door.
2184,1188,5,24,64,93,1.3655913978494623,0.06074368900734789,593,Ransom note? What ransom note?
2228,1188,5,24,64,93,1.3655913978494623,0.06074368900734789,593,"You were right, Mother. I shouldn't have shown her the will."
2319,1188,10,14,69,93,1.3655913978494623,0.06970341604042325,593,"Actually, my wife just delivered her divorce filing papers in person."
2321,1188,7,20,66,93,1.3655913978494623,0.06447715824704568,593,"my wife said she left the divorce papers somewhere in the back, but I don't know exactly where."
1402,1188,7,20,66,93,1.3655913978494623,0.06447715824704568,593,"No, I haven't read it yet."
5645,1237,10,15,71,96,1.3645833333333333,0.06805536907720007,593,I've reconsidered my options. Please restore standard voicemail immediately.
6671,1237,8,19,69,96,1.3645833333333333,0.06475289004365635,593,"Sorry boss, I can't come to work today. I've got a stabbing pain in my back and I can't find my files."
4287,1237,11,13,72,96,1.3645833333333333,0.0696479109941422,593,"Yes, Condé Nast subscriptions? I did indeed enjoy the New Yorker trial subscription, but for the third time, I would like to cancel."
7736,1237,7,21,68,96,1.3645833333333333,0.06303680292806588,593,"No, this time I think she really means it."
2601,1237,8,19,69,96,1.3645833333333333,0.06475289004365635,593,Yes Martin... I got your message.
4008,1237,8,19,69,96,1.3645833333333333,0.06475289004365635,593,I just got the terms of our divorce.
496,1237,6,23,67,96,1.3645833333333333,0.0612726715410531,593,I just got served with the divorce papers.
4183,1244,11,11,69,91,1.3626373626373627,0.07248676106059508,593,"No, I haven't seen the divorce papers yet."
4230,1244,6,21,64,91,1.3626373626373627,0.06350849791999952,593,Come home quickly. I need you to read something to me.
4422,1244,10,13,68,91,1.3626373626373627,0.07078227380393738,593,And then her lawyer has the nerve to demand her knife back!
4553,1244,7,19,65,91,1.3626373626373627,0.06540282526202387,593,Let's try texting next time.
4703,1244,6,21,64,91,1.3626373626373627,0.06350849791999952,593,"I think it's a ""Dear John"" letter."
4704,1244,7,19,65,91,1.3626373626373627,0.06540282526202387,593,"No, I haven't seen her. But she did leave a ""honey do"" list."
5844,1244,6,21,64,91,1.3626373626373627,0.06350849791999952,593,"Sweetie, where did you put my honey-do list?"
5058,1244,6,21,64,91,1.3626373626373627,0.06350849791999952,593,"Martin Luther called, he left a message about some changes he was enthusiastic about."
5258,1244,3,27,61,91,1.3626373626373627,0.05745196755076235,593,Apple has gotten serious with the user agreement for the new iPhone.
5474,1244,10,13,68,91,1.3626373626373627,0.07078227380393738,593,No. No note she said I was clueless and left.
5492,1244,9,15,67,91,1.3626373626373627,0.06903571568873111,593,"Go ahead with the contract, but I have 95 reasons to doubt him."
5808,1244,7,19,65,91,1.3626373626373627,0.06540282526202387,593,I can’t talk now. My wife and I are having a discussion.
5826,1244,10,13,68,91,1.3626373626373627,0.07078227380393738,593,Hi Chuck? I need you to come over and read something for me.
4835,1244,4,25,62,91,1.3626373626373627,0.05953930483012121,593,I feel unfairly targeted.
6173,1244,6,21,64,91,1.3626373626373627,0.06350849791999952,593,I got my thesis back. It doesn't look good.
6465,1244,9,15,67,91,1.3626373626373627,0.06903571568873111,593,"Yes, I do have a delivery menu on me."
6495,1244,5,23,63,91,1.3626373626373627,0.061555901941685,593,"Yes, I do take your actions as a stab in the back."
6503,1244,6,21,64,91,1.3626373626373627,0.06350849791999952,593,I believe they are asking me to step aside.
6554,1244,6,21,64,91,1.3626373626373627,0.06350849791999952,593,"Sorry Jim, I can’t go to the game. I need to take care of the list of chores that Doris left for me."
6590,1244,5,23,63,91,1.3626373626373627,0.061555901941685,593,"Yes, she just dropped off the divorce papers."
6596,1244,10,13,68,91,1.3626373626373627,0.07078227380393738,593,"Well, she signed the prenup."
6781,1244,8,17,66,91,1.3626373626373627,0.06724380861057076,593,Yes dear you did make your point.
7119,1244,7,19,65,91,1.3626373626373627,0.06540282526202387,593,"Yes, I rejected his manuscript, but now I am stuck with it."
7495,1244,8,17,66,91,1.3626373626373627,0.06724380861057076,593,"Yes, I got the memo. What does it say?"
7675,1244,7,19,65,91,1.3626373626373627,0.06540282526202387,593,I can't read it. You took the hand mirror too.
7688,1244,3,27,61,91,1.3626373626373627,0.05745196755076235,593,She said it was time to ‘stick it to the man’
7772,1244,8,17,66,91,1.3626373626373627,0.06724380861057076,593,"Yes, she gave me the note but I haven't read it yet."
3893,1244,8,17,66,91,1.3626373626373627,0.06724380861057076,593,Note? What note?
6428,1244,9,15,67,91,1.3626373626373627,0.06903571568873111,593,911 ? I NEED HELP TO READ A NOTE MY WIFE LEFT ME !
3890,1244,10,13,68,91,1.3626373626373627,0.07078227380393738,593,"Hello, Lucille. I would sign the divorce papers if I could find them."
4938,1244,9,15,67,91,1.3626373626373627,0.06903571568873111,593,"You win. He's a back-stabber, alright."
3824,1244,9,15,67,91,1.3626373626373627,0.06903571568873111,593,"Thank you for calling, but I already got the message."
3847,1244,7,19,65,91,1.3626373626373627,0.06540282526202387,593,"No, I haven't had a chance to read it yet."
77,1244,6,21,64,91,1.3626373626373627,0.06350849791999952,593,It was more the way I was served.
90,1244,6,21,64,91,1.3626373626373627,0.06350849791999952,593,"Yes mother, l think the divorce is final."
347,1244,5,23,63,91,1.3626373626373627,0.061555901941685,593,I got your note.
667,1244,9,15,67,91,1.3626373626373627,0.06903571568873111,593,A text would have been less painful.
681,1244,7,19,65,91,1.3626373626373627,0.06540282526202387,593,I tried serving her the papers but she didn't take it well.
881,1244,8,17,66,91,1.3626373626373627,0.06724380861057076,593,She left a note.
995,1244,9,15,67,91,1.3626373626373627,0.06903571568873111,593,"I’m sorry, but I can’t seem to find the divorce papers you served me."
1496,1244,6,21,64,91,1.3626373626373627,0.06350849791999952,593,"Other than that, no complaints, yourself?"
1497,1244,9,15,67,91,1.3626373626373627,0.06903571568873111,593,"No, her lawyer delivered it in person."
1536,1244,9,15,67,91,1.3626373626373627,0.06903571568873111,593,Of course I'm sure no one is getting backstabbed.
1560,1244,5,23,63,91,1.3626373626373627,0.061555901941685,593,I need to ask my lawyer what constitutes being legally served.
1699,1244,5,23,63,91,1.3626373626373627,0.061555901941685,593,"Well, no. I actually haven't read it yet, but I'm pretty sure it's very hostile."
1784,1244,8,17,66,91,1.3626373626373627,0.06724380861057076,593,"Message received, Mr. President."
1517,1244,9,15,67,91,1.3626373626373627,0.06903571568873111,593,"I'd like to order a cork board and some push pins, please."
2010,1244,7,19,65,91,1.3626373626373627,0.06540282526202387,593,"I agreed to take a stab at the new healthcare bill, and it just went downhill from there"
3719,1244,3,27,61,91,1.3626373626373627,0.05745196755076235,593,Can we take another stab at the prenup tomorrow?
3559,1244,9,15,67,91,1.3626373626373627,0.06903571568873111,593,I can't bring myself to read her divorce complaint--it hurts too much
1935,1244,8,17,66,91,1.3626373626373627,0.06724380861057076,593,"In the future, Mr. Luther, if you have any complaints, please post them on my office door"
3266,1244,5,23,63,91,1.3626373626373627,0.061555901941685,593,"Yes, dear, I did receive the divorce papers."
3234,1244,5,23,63,91,1.3626373626373627,0.061555901941685,593,"Yes, I got the reminder!"
3008,1244,9,15,67,91,1.3626373626373627,0.06903571568873111,593,"Yes, I got your message."
2906,1244,6,21,64,91,1.3626373626373627,0.06350849791999952,593,"Yes, I know this is 911. I’m telling you, she literally stuck me with divorce papers."
3292,1244,6,21,64,91,1.3626373626373627,0.06350849791999952,593,"Yes, the divorce papers have been served."
2848,1244,4,25,62,91,1.3626373626373627,0.05953930483012121,593,"OK, so you did not like my suggestion eh?"
2508,1244,6,21,64,91,1.3626373626373627,0.06350849791999952,593,I think I get your point.
2086,1244,5,23,63,91,1.3626373626373627,0.061555901941685,593,"Mom, I think Tina has left me."
2193,1244,7,19,65,91,1.3626373626373627,0.06540282526202387,593,"Can you explain, to the employees, what we mean by pinning their response to the bulletin board."
2131,1244,5,23,63,91,1.3626373626373627,0.061555901941685,593,Be careful-- the small print will kill you.
7659,1305,5,24,65,94,1.3617021276595744,0.06021973002420669,593,Soooo...got your message...
6386,1305,8,18,68,94,1.3617021276595744,0.06567158961380372,593,So I take it that you’re not open to negotiate?
4121,1305,7,20,67,94,1.3617021276595744,0.06390600193251555,593,"Yes Amanda, I have been approached by your legal team."
3111,1305,9,16,69,94,1.3617021276595744,0.06739093619923248,593,"Yes, she was here. She served the papers herself."
2044,1305,5,24,65,94,1.3617021276595744,0.06021973002420669,593,"My ""To Do List"" is killing me."
3336,1305,6,22,66,94,1.3617021276595744,0.062090228567734475,593,I got stuck with my own to do list
7373,1311,7,19,66,92,1.358695652173913,0.06480799997498295,593,I got my thesis back. It doesn't look good.
5453,1311,7,19,66,92,1.358695652173913,0.06480799997498295,593,If I switch to the unlimited plan is the contract affixed with a smaller knife?
5218,1311,6,21,65,92,1.358695652173913,0.06293794815147712,593,"Darling, next time leave it on the fridge, I will remember."
5171,1311,9,15,68,92,1.358695652173913,0.06839488246379351,593,"You know, I kind of felt like your letter was a complete stab in the back."
4527,1311,5,23,64,92,1.358695652173913,0.06101060378556052,593,"My lawyer has my back, unfortunately my ex wife does too."
3791,1311,7,19,66,92,1.358695652173913,0.06480799997498295,593,Where did you put the divorce papers?
1832,1311,5,23,64,92,1.358695652173913,0.06101060378556052,593,I think it's from her lawyer
2667,1311,5,23,64,92,1.358695652173913,0.06101060378556052,593,"No, my shirt does not say ‘Post No Bills’ on it."
787,1311,8,17,67,92,1.358695652173913,0.06662558370473583,593,Paper cuts are the worst
509,1311,7,19,66,92,1.358695652173913,0.06480799997498295,593,"I need a doctor, a lawyer, and a talent agent."
182,1311,7,19,66,92,1.358695652173913,0.06480799997498295,593,"Brutus, from billing ?"
2757,1311,7,19,66,92,1.358695652173913,0.06480799997498295,593,"Yes, I dotted my ""I's"", but I'm afraid my ""Ts"" have been double-crossed."
1892,1323,8,13,60,81,1.3580246913580247,0.07309017341044782,593,It seems that I should have gone with my gut and emailed her a PDF of the divorce papers.
3261,1323,7,15,59,81,1.3580246913580247,0.07094738525034375,593,I'm calling to complain about your bill collection practices?
5387,1325,7,18,65,90,1.3555555555555556,0.06574477020468014,593,No. . . but I think it was a Lutheran!
5068,1325,2,28,60,90,1.3555555555555556,0.05544308215259641,593,I'll concede that she made a very effective point with her article.
5004,1325,7,18,65,90,1.3555555555555556,0.06574477020468014,593,"I know you think they are 95 good reasons, Martin, but it was still extremely inappropriate."
4584,1325,6,20,64,90,1.3555555555555556,0.06381760665465971,593,So I asked her to give me one example.
4467,1325,6,20,64,90,1.3555555555555556,0.06381760665465971,593,I can't put my finger on it but I think I'm forgetting something.
3884,1325,8,16,66,90,1.3555555555555556,0.06761702965528377,593,She took backstabbing to another level
4198,1325,4,24,62,90,1.3555555555555556,0.05977717908076804,593,"It looks like end of the third marriage. I'm handling it well, but I sense there might be an issue regarding the pre-nup."
5489,1325,7,18,65,90,1.3555555555555556,0.06574477020468014,593,9-1-1? I'd like to report a manifesto.
3728,1325,9,14,67,90,1.3555555555555556,0.06943882623965394,593,"What's my emergency? Well, someone is either trying to kill me or convert me."
3642,1325,2,28,60,90,1.3555555555555556,0.05544308215259641,593,"Yeah, well apparently they do know if you accept the User Agreement without reading it."
3611,1325,7,18,65,90,1.3555555555555556,0.06574477020468014,593,"Yes, she did leave a note."
4318,1325,7,18,65,90,1.3555555555555556,0.06574477020468014,593,I’ve got this nagging feeling that my wife’s asking for a divorce
5626,1325,7,18,65,90,1.3555555555555556,0.06574477020468014,593,"Mr. Speaker, perhaps you should have been more specific when you said this tax bill would 'have my back.'"
6038,1325,5,22,63,90,1.3555555555555556,0.06183040537625109,593,I asked her to take a stab at reading it.
5733,1325,6,20,64,90,1.3555555555555556,0.06381760665465971,593,"yes, she left a note."
7789,1325,7,18,65,90,1.3555555555555556,0.06574477020468014,593,I feel like whatever's in the fine print is going to kill me.
6314,1325,8,16,66,90,1.3555555555555556,0.06761702965528377,593,"It's a stabbing pain Harry, and it gets worse when I lie down. Think I should see a doctor?"
6337,1325,7,18,65,90,1.3555555555555556,0.06574477020468014,593,"I can't really read it, but I'm guessing the medium is the message."
6542,1325,6,20,64,90,1.3555555555555556,0.06381760665465971,593,"Hey, Bob. Yeah, I got the divorce papers but it doesn't look like it will be amicable."
6549,1325,7,18,65,90,1.3555555555555556,0.06574477020468014,593,My wife personally served me divorce papers this morning.
6732,1325,10,12,68,90,1.3555555555555556,0.07121403288452481,593,"Hello, I’d like to make a complaint against the guy who served this subpoena..."
6818,1325,6,20,64,90,1.3555555555555556,0.06381760665465971,593,"You can tell my wife's lawyer I've decided to settle"""
7024,1325,5,22,63,90,1.3555555555555556,0.06183040537625109,593,"Honestly, I don't think they'll be open to renegotiation."
7040,1325,7,18,65,90,1.3555555555555556,0.06574477020468014,593,...so you're telling me this isn't covered by my insurance?
7390,1325,6,20,64,90,1.3555555555555556,0.06381760665465971,593,Yes I can assure you - this is definitely their final offer.
7559,1325,8,16,66,90,1.3555555555555556,0.06761702965528377,593,I'd like to report an unorthodox eviction notice.
3421,1325,6,20,64,90,1.3555555555555556,0.06381760665465971,593,"Actually, the pain of reading it is far worse,"
5712,1325,6,20,64,90,1.3555555555555556,0.06381760665465971,593,I.m calling to complain about my newspaper delivery service.
3105,1325,8,16,66,90,1.3555555555555556,0.06761702965528377,593,"Actually, what hurts most is she could have told me to my face."
1917,1325,3,26,61,90,1.3555555555555556,0.057650873789708366,593,I'm telling you my wife left me and stuck me with all the bills!
3085,1325,8,16,66,90,1.3555555555555556,0.06761702965528377,593,May I call you back? I got something pressing to read.
3091,1325,7,18,65,90,1.3555555555555556,0.06574477020468014,593,I just got served.
33,1325,4,24,62,90,1.3555555555555556,0.05977717908076804,593,What note? I haven't seen your blloody note!
274,1325,8,16,66,90,1.3555555555555556,0.06761702965528377,593,I just have a feeling that she means it this time.
602,1325,8,16,66,90,1.3555555555555556,0.06761702965528377,593,"yes, I got your ""honey-do"" list."
611,1325,6,20,64,90,1.3555555555555556,0.06381760665465971,593,That’s not what I meant when I said I wanted to put the divorce behind me.
726,1325,7,18,65,90,1.3555555555555556,0.06574477020468014,593,"Can you use refrigerator magnets next time you leave me a ""honey do"" list dear?"
931,1325,6,20,64,90,1.3555555555555556,0.06381760665465971,593,Hello 911; I think my wife just left me.
1119,1325,7,18,65,90,1.3555555555555556,0.06574477020468014,593,"She's not home right now, but she left a detailed note."
1368,1325,7,18,65,90,1.3555555555555556,0.06574477020468014,593,Congress just delivered our new tax plan.
1486,1325,10,12,68,90,1.3555555555555556,0.07121403288452481,593,She STRONGLY rejected the offer.
1758,1325,6,20,64,90,1.3555555555555556,0.06381760665465971,593,The news hurt more than usual this morning.
1949,1325,8,16,66,90,1.3555555555555556,0.06761702965528377,593,"No, Doctor, I don't mind that he thinks he's Martin Luther. What I mind is that he thinks I'm the Wittenberg Castle!"
1993,1325,7,18,65,90,1.3555555555555556,0.06574477020468014,593,"As a matter of fact, she gave me 95 reasons she's leaving."
1261,1325,4,24,62,90,1.3555555555555556,0.05977717908076804,593,Is everything all right? You seemed a little upset this morning.
2101,1325,7,18,65,90,1.3555555555555556,0.06574477020468014,593,"I think she signed the divorce papers, but I'm not 100% positive."
2061,1325,7,18,65,90,1.3555555555555556,0.06574477020468014,593,He should just say it to my face.
2791,1325,4,24,62,90,1.3555555555555556,0.05977717908076804,593,"Hello, Sol...., I don't think she's gonna go for the pre-nup."
2696,1325,5,22,63,90,1.3555555555555556,0.06183040537625109,593,"Hi. Remember how I always say, ""The pen is mightier than the sword!""? Funny thing..."
2522,1325,7,18,65,90,1.3555555555555556,0.06574477020468014,593,"Is that you, Brutus?"
2394,1325,9,14,67,90,1.3555555555555556,0.06943882623965394,593,"It's me. Yeah, so the homeowner's association is apparently serious."
2296,1325,4,24,62,90,1.3555555555555556,0.05977717908076804,593,I didn't see it coming.
2947,1325,5,22,63,90,1.3555555555555556,0.06183040537625109,593,I don't think she's gonna sign the prenup.
2179,1325,6,20,64,90,1.3555555555555556,0.06381760665465971,593,The divorce decree arrived.
2138,1325,6,20,64,90,1.3555555555555556,0.06381760665465971,593,"Just to let you know, I do have an email account."
2137,1325,5,22,63,90,1.3555555555555556,0.06183040537625109,593,"This is non-binding, right?"
2117,1325,7,18,65,90,1.3555555555555556,0.06574477020468014,593,Game of Thrones rejected my manuscript.
2231,1325,5,22,63,90,1.3555555555555556,0.06183040537625109,593,I've decided to agree to your terms after all.
5231,1383,7,17,64,88,1.3522727272727273,0.06671844787737748,593,911? My wife's just nailed me with her grievances.
5048,1383,11,9,68,88,1.3522727272727273,0.07413692309896043,593,"Unfortunately, the mediator is dead - I think we should settle."
5014,1383,4,23,61,88,1.3522727272727273,0.06056114453678371,593,I think I've been served.
4820,1383,6,19,63,88,1.3522727272727273,0.06473112286460529,593,There are some issues with the prenup.
4751,1383,7,17,64,88,1.3522727272727273,0.06671844787737748,593,The divorce is final.
3966,1383,6,19,63,88,1.3522727272727273,0.06473112286460529,593,I dare you to come and say that to my face!
3914,1383,8,15,65,88,1.3522727272727273,0.06864826514209987,593,"Yeah, I got your note. Very funny."
3913,1383,7,17,64,88,1.3522727272727273,0.06671844787737748,593,"I'm being held hostage. Yes, they have a list of demands. And yes, I think they're serious."
3809,1383,9,13,66,88,1.3522727272727273,0.07052529565250865,593,Yes Ethel I have received the divorce papers.
5557,1383,6,19,63,88,1.3522727272727273,0.06473112286460529,593,I believe you've been trying to reach me about my late payment.
4488,1383,11,9,68,88,1.3522727272727273,0.07413692309896043,593,I'd like to report a reformation.
5807,1383,5,21,62,88,1.3522727272727273,0.06268082041150161,593,That's not what I meant when I said you should have my back.
7456,1383,6,19,63,88,1.3522727272727273,0.06473112286460529,593,"Can I call you back, mother? We're just reviewing the prenuptial agreement."
6092,1383,8,15,65,88,1.3522727272727273,0.06864826514209987,593,You were right. I shouldn't have brought the Constitution to a knife fight.
6283,1383,9,13,66,88,1.3522727272727273,0.07052529565250865,593,"Honey, where did you say you put the to-do list?"
6540,1383,7,17,64,88,1.3522727272727273,0.06671844787737748,593,I'll call you back. My wife just gave me an ultimatum.
6545,1383,6,19,63,88,1.3522727272727273,0.06473112286460529,593,"What do you mean, I don't notice you?"
6764,1383,8,15,65,88,1.3522727272727273,0.06864826514209987,593,"Karen, just confirming receipt of your Dear John letter."
6769,1383,8,15,65,88,1.3522727272727273,0.06864826514209987,593,"Can't come over today, i've been stuck with the to do list"
6840,1383,7,17,64,88,1.3522727272727273,0.06671844787737748,593,"All right, two weeks from Friday at 2:00 pm. And while I'm there, I'd like to get a flu shot too."
7098,1383,5,21,62,88,1.3522727272727273,0.06268082041150161,593,"Apparently, we don't qualify for long term health care."
7229,1383,6,19,63,88,1.3522727272727273,0.06473112286460529,593,"Honey, the truce with the paperboy is off."
7264,1383,7,17,64,88,1.3522727272727273,0.06671844787737748,593,"Margaret, I can't find our Pre-Nup."
7340,1383,6,19,63,88,1.3522727272727273,0.06473112286460529,593,"I don't know, Doc. All she said was that Post-its weren't working."
3759,1383,6,19,63,88,1.3522727272727273,0.06473112286460529,593,Our landlord just delivered the new lease agreement.
5927,1383,7,17,64,88,1.3522727272727273,0.06671844787737748,593,I didn't realize you had left. Did you leave a note?
3517,1383,5,21,62,88,1.3522727272727273,0.06268082041150161,593,"Yes Brutus, I got your letter."
3046,1383,6,19,63,88,1.3522727272727273,0.06473112286460529,593,She's not happy I've filed for divorce but at least she's communicating.
3188,1383,6,19,63,88,1.3522727272727273,0.06473112286460529,593,Yes the lawyer did make a point of coming by as a matter of fact.
301,1383,7,17,64,88,1.3522727272727273,0.06671844787737748,593,I really enjoyed out murder mystery date last night
3273,1383,4,23,61,88,1.3522727272727273,0.06056114453678371,593,"She wants the china, but I can keep the cutlery."
595,1383,7,17,64,88,1.3522727272727273,0.06671844787737748,593,Apparently she has 95 complaints
635,1383,6,19,63,88,1.3522727272727273,0.06473112286460529,593,She has some problems with the pre-nup.
905,1383,9,13,66,88,1.3522727272727273,0.07052529565250865,593,My wife found the love letter you sent me.
916,1383,8,15,65,88,1.3522727272727273,0.06864826514209987,593,I still owe the paper boy money
1028,1383,8,15,65,88,1.3522727272727273,0.06864826514209987,593,"My shirt specifically says, ""Post No Bills."""
1122,1383,6,19,63,88,1.3522727272727273,0.06473112286460529,593,You put it where?
1176,1383,10,11,67,88,1.3522727272727273,0.07235364777761702,593,He said his name was Luther. Martin Luther.
1178,1383,6,19,63,88,1.3522727272727273,0.06473112286460529,593,This time I think she might really mean it.
1210,1383,8,15,65,88,1.3522727272727273,0.06864826514209987,593,I'm going to be late this morning .... my wife just served me divorce papers.
1258,1383,6,19,63,88,1.3522727272727273,0.06473112286460529,593,"Yes, she just delivered the divorce papers."
519,1383,5,21,62,88,1.3522727272727273,0.06268082041150161,593,"It was pointed criticism, but I can't grasp the specifics."
1411,1383,6,19,63,88,1.3522727272727273,0.06473112286460529,593,"Yes, it’s an emergency! Please send an ambulance and an editor."
1308,1383,7,17,64,88,1.3522727272727273,0.06671844787737748,593,I’m getting the feeling that she’s not interested in a no-fault divorce.
2858,1383,8,15,65,88,1.3522727272727273,0.06864826514209987,593,I'm positive I ordered a SINGING telegram.
2520,1383,6,19,63,88,1.3522727272727273,0.06473112286460529,593,"Hi dear, it's me. Tell me again what I was supposed to do today."
2245,1383,7,17,64,88,1.3522727272727273,0.06671844787737748,593,He didn't give a last name. Said his first name was Martin.
2064,1383,6,19,63,88,1.3522727272727273,0.06473112286460529,593,"Yes, she did leave a note for you and said you'd know where to find it."
3100,1383,8,15,65,88,1.3522727272727273,0.06864826514209987,593,She's adamant. She won't sign the prenup.
1895,1383,6,19,63,88,1.3522727272727273,0.06473112286460529,593,The job made me an offer I just can't refuse
1867,1383,6,19,63,88,1.3522727272727273,0.06473112286460529,593,"No Mother, the wedding is definitely off. I've received a lengthy Dear John letter and frankly it cuts like a knife."
1842,1383,5,21,62,88,1.3522727272727273,0.06268082041150161,593,This is just another example of you going behind my back.
1444,1383,6,19,63,88,1.3522727272727273,0.06473112286460529,593,"Hello Daily Bugler, is it too late to get an obit in tomorrow's paper?"
1948,1383,7,17,64,88,1.3522727272727273,0.06671844787737748,593,"Yes, I can describe him. It was a monk with a German accent."
1413,1383,7,17,64,88,1.3522727272727273,0.06671844787737748,593,You can tell your divorce attorney I get the point.
5646,1438,7,14,59,80,1.35,0.07137882535360719,593,"Yes Karen, I received the divorce papers by 'special delivery'..."
5103,1439,6,18,62,86,1.3488372093023255,0.06568057232943851,593,I don't think we'll be sending little Martin to Catholic school.
4918,1439,6,18,62,86,1.3488372093023255,0.06568057232943851,593,"Edna left me again, and I think she means it this time."
4911,1439,9,12,65,86,1.3488372093023255,0.0716570374434719,593,"No, this time I think she's really serious about the divorce."
4898,1439,6,18,62,86,1.3488372093023255,0.06568057232943851,593,"Hang on, I know she put it somewhere"
4743,1439,7,16,63,86,1.3488372093023255,0.06773134719419151,593,"Hang on, I think she just finished the grocery list."
7785,1439,5,20,61,86,1.3488372093023255,0.063563667061499,593,You put it where?
4063,1439,8,14,64,86,1.3488372093023255,0.0697218273136729,593,"No, it's 13 across, 6 letters. ""Bodkin or Dagger"". I'm stuck."
5118,1439,5,20,61,86,1.3488372093023255,0.063563667061499,593,I just got your lawyer's outline of a suggested property settlement.
4818,1439,9,12,65,86,1.3488372093023255,0.0716570374434719,593,"No, I do not have time to take a survey."
5308,1439,6,18,62,86,1.3488372093023255,0.06568057232943851,593,"...yeah, but if I don’t take it out of my back, then I haven’t officially been served."
7256,1439,6,18,62,86,1.3488372093023255,0.06568057232943851,593,I don't think my wife is willing to sign the divorce papers you served... Any paperless suggestions?
5828,1439,7,16,63,86,1.3488372093023255,0.06773134719419151,593,"About 9, on a scale of 0 to 10."
5860,1439,8,14,64,86,1.3488372093023255,0.0697218273136729,593,I think I just received a hate letter.
6396,1439,5,20,61,86,1.3488372093023255,0.063563667061499,593,She found a sticking point in the divorce settlement.
6433,1439,6,18,62,86,1.3488372093023255,0.06568057232943851,593,The contract wasn't quite as iron-clad as we thought.
6938,1439,8,14,64,86,1.3488372093023255,0.0697218273136729,593,"Honey, where did you leave that to-do list you're always nagging about?"
7420,1439,4,22,60,86,1.3488372093023255,0.06137378886045396,593,A simple post-it note would have sufficed.
7697,1439,5,20,61,86,1.3488372093023255,0.063563667061499,593,I feel compelled to mention a few sticking points.
7773,1439,3,24,59,86,1.3488372093023255,0.05910282690252702,593,"Yes, the papers were served—but I must say “blunt” is the wrong adjective to describe their delivery."
3903,1439,5,20,61,86,1.3488372093023255,0.063563667061499,593,My order was actually for a back *scratcher*
5609,1439,10,10,66,86,1.3488372093023255,0.07354134093414835,593,"Then I said, ""You forged that knife, why not my signature?"""
3314,1439,7,16,63,86,1.3488372093023255,0.06773134719419151,593,I'd like to switch to the paperless option for hidden fees.
4300,1439,6,18,62,86,1.3488372093023255,0.06568057232943851,593,"Florence, if you have something to say to me, just say it to my face!"
3203,1439,5,20,61,86,1.3488372093023255,0.063563667061499,593,"Yes, dear, I'll be sure to read the article."
229,1439,7,16,63,86,1.3488372093023255,0.06773134719419151,593,I’ve just received a notice about a back payment?
236,1439,6,18,62,86,1.3488372093023255,0.06568057232943851,593,"The police are investigating, but I'm almost certain it was Martin Luther."
468,1439,5,20,61,86,1.3488372093023255,0.063563667061499,593,"Divorce Papers Just Came Through, She's Not Happy !!"
502,1439,5,20,61,86,1.3488372093023255,0.063563667061499,593,"Hello , Anger Management Center ..."
676,1439,6,18,62,86,1.3488372093023255,0.06568057232943851,593,"If she left a good-bye note, I haven't seen it."
678,1439,6,18,62,86,1.3488372093023255,0.06568057232943851,593,"Hey Bill, What's the name of that divorce attorney you were telling me about?"
940,1439,4,22,60,86,1.3488372093023255,0.06137378886045396,593,"I think she's maybe considering leaving me, possibly."
949,1439,7,16,63,86,1.3488372093023255,0.06773134719419151,593,"Et tu, Con Ed."
971,1439,7,16,63,86,1.3488372093023255,0.06773134719419151,593,"No, it isn't just a feeling. I'm sure she wants a divorce."
68,1439,6,18,62,86,1.3488372093023255,0.06568057232943851,593,She has a few suggestions about my will.
1006,1439,7,16,63,86,1.3488372093023255,0.06773134719419151,593,My wife just left me a note. I think we'll have to pass on the card game tonight.
1314,1439,9,12,65,86,1.3488372093023255,0.0716570374434719,593,"Dear, the cook just gave notice."
1905,1439,5,20,61,86,1.3488372093023255,0.063563667061499,593,"Yeah, I got the message."
2367,1439,5,20,61,86,1.3488372093023255,0.063563667061499,593,And that's all she wrote.
2481,1439,8,14,64,86,1.3488372093023255,0.0697218273136729,593,"Hello, Frank? That DYI prenup form may not be quite as helpful as we thought."
2703,1439,6,18,62,86,1.3488372093023255,0.06568057232943851,593,"Yeah, I got the memo."
2892,1439,5,20,61,86,1.3488372093023255,0.063563667061499,593,I don't think 'amicable' is a possibility anymore.
3106,1439,7,16,63,86,1.3488372093023255,0.06773134719419151,593,I'll tell you what the problem is. The problem is I'm not THAT Martin Luther!
3152,1439,8,14,64,86,1.3488372093023255,0.0697218273136729,593,How would I know what the note says?
3180,1439,7,16,63,86,1.3488372093023255,0.06773134719419151,593,"It's not that she served me with divorce papers, it's how she did it that hurts the most."
1284,1439,5,20,61,86,1.3488372093023255,0.063563667061499,593,She delivered the divorce paperwork herself.
3213,1439,8,14,64,86,1.3488372093023255,0.0697218273136729,593,I’d like to report a schism.
5579,1485,3,25,61,89,1.348314606741573,0.057840618769589874,593,"Can you represent me? I have just been served the divorce papers. Yes, you could say it was a surprise."
2593,1485,11,9,69,89,1.348314606741573,0.07340598135679713,593,"Hello, Yes, I'd like to renew my subscription. And also a few more back issues."
1520,1487,6,20,66,92,1.3478260869565217,0.06265884279329496,593,Couldn't you have just SIGNED the divorce papers?
307,1488,6,16,59,81,1.345679012345679,0.0684044206281238,593,My wife would like to make a few 'tweaks' to our divorce agreement.
2995,1488,5,18,58,81,1.345679012345679,0.06610992955797673,593,"Well yes doctor, I would describe it as a stabbing pain in the middle of my back."
3416,1488,3,22,56,81,1.345679012345679,0.06126368284345435,593,A simple 'We will not be publishing your manuscript.' would have been sufficient.
7281,1488,8,12,61,81,1.345679012345679,0.07277670446019503,593,"Yes, as a matter of fact, I AM a registered voter."
4046,1492,8,13,63,84,1.3452380952380953,0.07084047438415259,593,How should I know? I don't have eyes in the back of my head.
4435,1492,7,15,62,84,1.3452380952380953,0.06878598024544619,593,"I'll be late for work today, my neighbor took the 500th anniversary of the Reformation a bit too literal this morning . . ."
5038,1492,6,17,61,84,1.3452380952380953,0.06666820340823688,593,"Yes, she finally got around to serving me the divorce papers."
5193,1492,7,15,62,84,1.3452380952380953,0.06878598024544619,593,"Yeah, Bob, she didn't accept my apology."
5372,1492,11,7,66,84,1.3452380952380953,0.0766743634398511,593,"Yes Mom, i'm pretty sure she is not coming back"
5389,1492,8,13,63,84,1.3452380952380953,0.07084047438415259,593,She was just here.
5495,1492,5,19,60,84,1.3452380952380953,0.06448090890362188,593,"But on the bright side, she did reply to my letter."
5745,1492,9,11,64,84,1.3452380952380953,0.0728370410135986,593,It has come to my attention that we will be getting the breadsticks after all.
5815,1492,7,15,62,84,1.3452380952380953,0.06878598024544619,593,Something tells me she's probably not coming back this time...
6170,1492,7,15,62,84,1.3452380952380953,0.06878598024544619,593,"So, Helen dropped off the divorce papers..."
5957,1492,4,21,59,84,1.3452380952380953,0.06221676526783049,593,"I got your message, but I haven't had a chance to read it."
6114,1492,6,17,61,84,1.3452380952380953,0.06666820340823688,593,"... and where would I find this ""policy rider""?"
6206,1492,5,19,60,84,1.3452380952380953,0.06448090890362188,593,"They keep saying it's a tax cut for the middle class, I don't know though."
6287,1492,5,19,60,84,1.3452380952380953,0.06448090890362188,593,I'd like to report a point too well taken.
6726,1492,5,19,60,84,1.3452380952380953,0.06448090890362188,593,"""No, I'm pretty sure it won't be amicable""."
6783,1492,5,19,60,84,1.3452380952380953,0.06448090890362188,593,The termination clause in that contract was brutal.
6872,1492,6,17,61,84,1.3452380952380953,0.06666820340823688,593,Washington Post? Thanks for running that article about my affair.
7525,1492,7,15,62,84,1.3452380952380953,0.06878598024544619,593,This time I think she's serious about the divorce.
5861,1492,4,21,59,84,1.3452380952380953,0.06221676526783049,593,I think we can view this as a hostile takeover.
3873,1492,4,21,59,84,1.3452380952380953,0.06221676526783049,593,Let's just say I won't forget the grocery list again.
5069,1492,3,23,58,84,1.3452380952380953,0.059867053942443606,593,It seems the figurative implications of my divorce have just become literal.
3527,1492,6,17,61,84,1.3452380952380953,0.06666820340823688,593,Hold on a sec. I know I stuck it somewhere.
3760,1492,8,13,63,84,1.3452380952380953,0.07084047438415259,593,Speaking as a Lutheran...
679,1492,4,21,59,84,1.3452380952380953,0.06221676526783049,593,I got some feedback on the prenuptial proposal.
758,1492,8,13,63,84,1.3452380952380953,0.07084047438415259,593,"Would I prefer a high-speed internet service provider for all my data, e-mail, and messaging needs? You betcha."
850,1492,4,21,59,84,1.3452380952380953,0.06221676526783049,593,It seems they didn't think much of our initial offer.
943,1492,8,13,63,84,1.3452380952380953,0.07084047438415259,593,I've just learned that my wife's divorce attorney is a Lutheran
1023,1492,3,23,58,84,1.3452380952380953,0.059867053942443606,593,I believe it's a list of grievances.
1600,1492,6,17,61,84,1.3452380952380953,0.06666820340823688,593,"I'm not sure, but I think that I AM the message."
2073,1492,7,15,62,84,1.3452380952380953,0.06878598024544619,593,I'd like to get a quote on a term life policy.
2085,1492,4,21,59,84,1.3452380952380953,0.06221676526783049,593,I don’t have a problem with the contract per se. I have a problem with the backstabbing.
697,1492,7,15,62,84,1.3452380952380953,0.06878598024544619,593,This is what happens when you divorce a Lutheran.
2123,1492,8,13,63,84,1.3452380952380953,0.07084047438415259,593,"He had a medium frame, spoke fluent German, and was wearing a cassock."
2106,1492,6,17,61,84,1.3452380952380953,0.06666820340823688,593,It will have to wait. I've been stuck with a new assignment.
3041,1492,6,17,61,84,1.3452380952380953,0.06666820340823688,593,i think she took the pre-nup pretty well.
2945,1492,7,15,62,84,1.3452380952380953,0.06878598024544619,593,"No, dear, I haven't seen your ""to do"" list."
3136,1492,8,13,63,84,1.3452380952380953,0.07084047438415259,593,I'm pretty sure it's for good this time...
2584,1492,3,23,58,84,1.3452380952380953,0.059867053942443606,593,"Yes, I know, divorce can be painful; but this is different."
2527,1492,5,19,60,84,1.3452380952380953,0.06448090890362188,593,Prenup rejected. . . .
2912,1492,4,21,59,84,1.3452380952380953,0.06221676526783049,593,"Hello Dear. Now, once again, where did you put those divorce papers?"
3415,1492,7,15,62,84,1.3452380952380953,0.06878598024544619,593,Hello....I thought I had signed up for e-statements.
6174,1533,6,20,67,93,1.3440860215053763,0.062094168438514334,593,She's gone but I still feel the pain.
5481,1534,6,16,60,82,1.3414634146341464,0.06769645526719131,593,"All she said was, she was sick and tired of my indulgences."
5437,1534,8,12,62,82,1.3414634146341464,0.07200721005737898,593,Your thank you note was deeply touching and heartfelt.
4921,1534,6,16,60,82,1.3414634146341464,0.06769645526719131,593,"In retrospect, letting him just issue angry tweets to express his displeasure had its merits."
5260,1534,6,16,60,82,1.3414634146341464,0.06769645526719131,593,"Yes, I am sure she's serious about making the divorce stick this time"
5210,1534,5,18,59,82,1.3414634146341464,0.06543466920135303,593,Was it really necessary to go behind my back with this?
5086,1534,7,14,61,82,1.3414634146341464,0.06988507836437738,593,"No, the back-stabbing bitch isn't here."
4961,1534,7,14,61,82,1.3414634146341464,0.06988507836437738,593,"I don’t see your argument, but I get your point."
4346,1534,1,26,55,82,1.3414634146341464,0.055472871247855604,593,"Next time, could you just send a text?"
4453,1534,5,18,59,82,1.3414634146341464,0.06543466920135303,593,"Yeah, I was just served a very pointed set of divorce papers. I’m looking for a lawyer who will have my back on this."
4364,1534,5,18,59,82,1.3414634146341464,0.06543466920135303,593,"Yes, you made your point and I think it finally stuck."
4277,1534,5,18,59,82,1.3414634146341464,0.06543466920135303,593,"Police, I’d like to report a drive by republican."
4257,1534,7,14,61,82,1.3414634146341464,0.06988507836437738,593,"Well, I’ve been through the contract and there’s a major sticking point I’d like removed."
4254,1534,5,18,59,82,1.3414634146341464,0.06543466920135303,593,I don't see your point.
5510,1534,8,12,62,82,1.3414634146341464,0.07200721005737898,593,"Well, I've looked in all the obvious places, but I can't see it. You sure you left a list?"
4036,1534,6,16,60,82,1.3414634146341464,0.06769645526719131,593,Doesn't hurt. Fake news. Sad.
4861,1534,3,22,57,82,1.3414634146341464,0.06065861595013385,593,Looks like my divorce will be messy.
5527,1534,5,18,59,82,1.3414634146341464,0.06543466920135303,593,He said something about ninety five thesis.
6631,1534,9,10,63,82,1.3414634146341464,0.07406856568409999,593,Her response to the suggestion of a pre-nup went as expected.
5830,1534,6,16,60,82,1.3414634146341464,0.06769645526719131,593,I would like to cancel my subscription.
3979,1534,5,18,59,82,1.3414634146341464,0.06543466920135303,593,Can we at least talk through some of your 95 reasons for reforming our marriage?
7727,1534,6,16,60,82,1.3414634146341464,0.06769645526719131,593,The tag on this new shirt is killing me.
7618,1534,3,22,57,82,1.3414634146341464,0.06065861595013385,593,"No, I can't really read what it says!"
7591,1534,3,22,57,82,1.3414634146341464,0.06065861595013385,593,I take it your response is final?
7332,1534,4,20,58,82,1.3414634146341464,0.06309185217790143,593,I would like to convert to the digital subscription please.
7171,1534,8,12,62,82,1.3414634146341464,0.07200721005737898,593,"No, I don't really know why she left - the note is a bit hard to read."
7129,1534,7,14,61,82,1.3414634146341464,0.06988507836437738,593,Hang on; my wife’s trying to get my attention.
5766,1534,3,22,57,82,1.3414634146341464,0.06065861595013385,593,This time I think she means it.
6903,1534,6,16,60,82,1.3414634146341464,0.06769645526719131,593,THEY STUCK IT TO ME WITH THE LATE FEES.
6437,1534,5,18,59,82,1.3414634146341464,0.06543466920135303,593,I literally can't see your reasoning.
6377,1534,11,6,65,82,1.3414634146341464,0.07802807614573425,593,House Republicans? It's the middle class. Just wanted to let you know I got the tax reform bill. Thanks!
6301,1534,4,20,58,82,1.3414634146341464,0.06309185217790143,593,"Yes, I recall when you said you had my back. I should have told you to forget it."
6254,1534,7,14,61,82,1.3414634146341464,0.06988507836437738,593,I had to kill the messenger.
6248,1534,4,20,58,82,1.3414634146341464,0.06309185217790143,593,Martha just gave me a list of the things I do that annoy her.
5889,1534,6,16,60,82,1.3414634146341464,0.06769645526719131,593,I hear her divorce lawyer is a Lutheran.
5878,1534,4,20,58,82,1.3414634146341464,0.06309185217790143,593,I have yet to read them but the divorce papers have arrived.
6520,1534,6,16,60,82,1.3414634146341464,0.06769645526719131,593,I think you took the expression a bit too literally.
3941,1534,6,16,60,82,1.3414634146341464,0.06769645526719131,593,I really don't see your point.
3689,1534,3,22,57,82,1.3414634146341464,0.06065861595013385,593,"Yeah, my wife sent over our divorce papers this morning."
3837,1534,4,20,58,82,1.3414634146341464,0.06309185217790143,593,Tell my lawyer that I think my wife just served me with papers.
1477,1534,10,8,64,82,1.3414634146341464,0.07607408589494959,593,I can't find the divorce papers you left.
1465,1534,7,14,61,82,1.3414634146341464,0.06988507836437738,593,"As it turned out, the only thing Larry hated more than being stuck on hold was being stuck, on hold."
1357,1534,4,20,58,82,1.3414634146341464,0.06309185217790143,593,"I got your message, but it's hard to see the point."
1228,1534,8,12,62,82,1.3414634146341464,0.07200721005737898,593,"On a positive note, my sciatica is cured."
1223,1534,5,18,59,82,1.3414634146341464,0.06543466920135303,593,Wait...seriously? You can't get me in until next month?
1146,1534,6,16,60,82,1.3414634146341464,0.06769645526719131,593,My wife refuses to go paperless.
1120,1534,7,14,61,82,1.3414634146341464,0.06988507836437738,593,...but what hurt the most is when she served me with the divorce papers.
816,1534,5,18,59,82,1.3414634146341464,0.06543466920135303,593,My wife stabbing me in the back wasn't the worst part - she attached a shopping list.
682,1534,6,16,60,82,1.3414634146341464,0.06769645526719131,593,"If your letter was an attempt to stab me in the heart, you missed."
665,1534,7,14,61,82,1.3414634146341464,0.06988507836437738,593,"Nice touch, Blanch. It's bad enough that you left me and ran off with the circus, but to have your new boyfriend the knife thrower deliver the ""Dear John"" letter is so ""you""."
556,1534,6,16,60,82,1.3414634146341464,0.06769645526719131,593,"Next time, just leave voicemail."
539,1534,5,18,59,82,1.3414634146341464,0.06543466920135303,593,"When she told me she was going to stick me with the mortgage payments, she wasn't kidding!"
454,1534,6,16,60,82,1.3414634146341464,0.06769645526719131,593,"Well, she wants a divorce. She was very clear on that."
443,1534,4,20,58,82,1.3414634146341464,0.06309185217790143,593,Mildred knows about us.
339,1534,5,18,59,82,1.3414634146341464,0.06543466920135303,593,out of nowhere...she's filing for divorce!
1750,1534,7,14,61,82,1.3414634146341464,0.06988507836437738,593,"Honey, my lawyer says it still needs your signature."
1805,1534,5,18,59,82,1.3414634146341464,0.06543466920135303,593,Your mother won't be joining us for lunch.
1293,1534,6,16,60,82,1.3414634146341464,0.06769645526719131,593,"You know Sweetie, there is a bulletin board in the kitchen?"
1974,1534,5,18,59,82,1.3414634146341464,0.06543466920135303,593,"Yes, I did get your message."
3733,1534,7,14,61,82,1.3414634146341464,0.06988507836437738,593,"Hello GOP. Yes, I just got your Republican tax break bill notice from the mailman...interesting delivery method you picked for us in the middle class, good joke, point well made."
3707,1534,7,14,61,82,1.3414634146341464,0.06988507836437738,593,I think the IRS is starting to crack down on back taxes.
1907,1534,8,12,62,82,1.3414634146341464,0.07200721005737898,593,Upset? I'd notice if she's upset.
3473,1534,7,14,61,82,1.3414634146341464,0.06988507836437738,593,"Hi, front desk? This is Room 127, I'd like to switch to paperless billing."
2672,1534,6,16,60,82,1.3414634146341464,0.06769645526719131,593,Some murder mystery writers do not deal well with rejection.
2645,1534,8,12,62,82,1.3414634146341464,0.07200721005737898,593,I have the feeling somebody is trying to tell me something.
2586,1534,6,16,60,82,1.3414634146341464,0.06769645526719131,593,She claims I was always turning my back to her and missed her messages.
2579,1534,7,14,61,82,1.3414634146341464,0.06988507836437738,593,"Yes, I just received your final offer. Frankly, I feel like I've been stabbed in the back."
3481,1534,4,20,58,82,1.3414634146341464,0.06309185217790143,593,Does this mean we're not settling?
2274,1534,6,16,60,82,1.3414634146341464,0.06769645526719131,593,Okay. You nailed it.
2467,1534,7,14,61,82,1.3414634146341464,0.06988507836437738,593,I'm guessing it's the work of some back stabbing lawyer.
1980,1534,5,18,59,82,1.3414634146341464,0.06543466920135303,593,At least she waited until halftime.
2038,1534,6,16,60,82,1.3414634146341464,0.06769645526719131,593,I think someone put a contract out in me.
3939,1534,6,16,60,82,1.3414634146341464,0.06769645526719131,593,"All in all, slightly less excruciating than Twitter"
2161,1534,4,20,58,82,1.3414634146341464,0.06309185217790143,593,Sorry Dear! What list?
2246,1534,8,12,62,82,1.3414634146341464,0.07200721005737898,593,Some Republicans thought I was the President!
2116,1534,6,16,60,82,1.3414634146341464,0.06769645526719131,593,"Sure I'll hold, but it hurts."
28,1609,9,11,65,85,1.3411764705882352,0.07208954355749449,593,I received your last bill and it is literally killing me...
2619,1609,6,17,62,85,1.3411764705882352,0.06600428892029754,593,Yes....that's right.. divorce papers. And I think she's serious this time!
2626,1609,5,19,61,85,1.3411764705882352,0.06384711513495489,593,"No, I'm not going to bend over backwards to read the fine print."
3094,1609,5,19,61,85,1.3411764705882352,0.06384711513495489,593,The rumors are correct. It is a hostile takeover.
3498,1609,7,15,63,85,1.3411764705882352,0.0680931582517072,593,"No, I haven't read it yet."
6086,1609,8,13,64,85,1.3411764705882352,0.0701198277629799,593,"I give up, honey. Where is it?"
436,1609,6,17,62,85,1.3411764705882352,0.06600428892029754,593,She's out right now but left me a note!
7292,1616,7,14,62,83,1.3373493975903614,0.0691604250585552,593,"Hello, I need to report a murder. Yes, I have all the forms filled out!"
3825,1616,7,14,62,83,1.3373493975903614,0.0691604250585552,593,"Honey, have you gotten back to me on that ""to-do"" list?"
6298,1616,5,18,60,83,1.3373493975903614,0.06477227550224965,593,"It's not what you did, it's what you said that hurt."
6121,1616,5,18,60,83,1.3373493975903614,0.06477227550224965,593,I’m willing to negoiate.
4089,1616,6,16,61,83,1.3373493975903614,0.06700228379696978,593,"I'd love to grab a beer, but I have this Honey-Do list that feels pretty urgent."
3419,1616,7,14,62,83,1.3373493975903614,0.0691604250585552,593,"Yes Dear, I got the divorce papers"
2492,1616,7,14,62,83,1.3373493975903614,0.0691604250585552,593,You could have told me to my face
1733,1616,7,14,62,83,1.3373493975903614,0.0691604250585552,593,"It's not so much the pink slip, it's the fact he's such a drama queen"
1589,1616,2,24,57,83,1.3373493975903614,0.057566245256471964,593,Something you wrote really sticks with me.
1124,1616,4,20,59,83,1.3373493975903614,0.0624627033794486,593,"Honey...Yes I got your email, but I’m having a problem with the attachment."
323,1616,6,16,61,83,1.3373493975903614,0.06700228379696978,593,It's not like her to leave without telling me.
2707,1616,6,16,61,83,1.3373493975903614,0.06700228379696978,593,That's it. I'm not representing any more Young Adult authors.
3736,1628,7,15,64,86,1.3372093023255813,0.0674135513017877,593,"Yes, but she’s not in a mood to talk."
5690,1629,6,15,60,81,1.3333333333333333,0.06804138174397717,593,Take the kids to your mother's....I have a contract on me.
5615,1629,5,17,59,81,1.3333333333333333,0.06573421981221796,593,Can you please tell someone at the theology department that I've found a 96th thesis?
5521,1629,6,15,60,81,1.3333333333333333,0.06804138174397717,593,From the opening handshake to the parting slap on the back I found him to be an honest to God deal maker!
5441,1629,7,13,61,81,1.3333333333333333,0.07027283689263066,593,Is it legal for my wife to serve me the divorce papers personally?
5350,1629,4,19,58,81,1.3333333333333333,0.06334307917217434,593,"I'm not sure what her note says, but I don't think she's coming back."
5323,1629,6,15,60,81,1.3333333333333333,0.06804138174397717,593,"Yes, she definitely has some issues."
5254,1629,6,15,60,81,1.3333333333333333,0.06804138174397717,593,"Sticks and Stones may break my bones, but it's that !#%?ing small print that kills me!"
5212,1629,5,17,59,81,1.3333333333333333,0.06573421981221796,593,"Oh yes, Gladys. But may I suggest that going through your divorce lawyer would have been a more adult way of doing it."
5206,1629,4,19,58,81,1.3333333333333333,0.06334307917217434,593,I think there are some parts of the divorce settlement she is objecting to.
5026,1629,7,13,61,81,1.3333333333333333,0.07027283689263066,593,"No, Marsha, I didn't see your note."
5085,1629,5,17,59,81,1.3333333333333333,0.06573421981221796,593,Yes dear. I got your 'to-do' list. It's just hard to read in mirror.
5713,1629,6,15,60,81,1.3333333333333333,0.06804138174397717,593,The board decided to give me my severance papers today
4845,1629,5,17,59,81,1.3333333333333333,0.06573421981221796,593,You wouldn’t think a Luther 500 celebration would get so out of hand.
4826,1629,7,13,61,81,1.3333333333333333,0.07027283689263066,593,"Listen, about that urgent message you sent me..."
4520,1629,3,21,57,81,1.3333333333333333,0.06085806194501846,593,Can I take that as a maybe?
4426,1629,6,15,60,81,1.3333333333333333,0.06804138174397717,593,"So, Martin, Luther finally came by and turned in his thesis"
4129,1629,4,19,58,81,1.3333333333333333,0.06334307917217434,593,"Yes, Mr. Corleone, I did receive your to-do list."
4110,1629,4,19,58,81,1.3333333333333333,0.06334307917217434,593,"Sorry honey, I can't seem to find the shopping list."
3647,1629,8,11,62,81,1.3333333333333333,0.07243558228002943,593,I think it's going to be a hostile takeover.
5172,1629,5,17,59,81,1.3333333333333333,0.06573421981221796,593,"I can’t tell, are you going to publish my story or not?"
5762,1629,7,13,61,81,1.3333333333333333,0.07027283689263066,593,"Oh, she signed them all right."
5982,1629,5,17,59,81,1.3333333333333333,0.06573421981221796,593,"Honey, I found the “To Do” list!"
5940,1629,8,11,62,81,1.3333333333333333,0.07243558228002943,593,"Trust me, he'll stab you in the back the first chance he gets."
3422,1629,6,15,60,81,1.3333333333333333,0.06804138174397717,593,"Yeah Doc, I have a whole list of back pains."
7707,1629,6,15,60,81,1.3333333333333333,0.06804138174397717,593,"Yes, dear. I found the want ads right where you left them."
7674,1629,4,19,58,81,1.3333333333333333,0.06334307917217434,593,We were playing Martin Luther and the 95 theses.
7187,1629,7,13,61,81,1.3333333333333333,0.07027283689263066,593,hold on...I appear to be getting an urgent message.
7147,1629,7,14,63,84,1.3333333333333333,0.06845004236570003,593,"Even worse, she hired a Lutheran lawyer and he still has about 92 pages to deliver yet."
7033,1629,6,15,60,81,1.3333333333333333,0.06804138174397717,593,"May I please speak with my attorney, I believe I've just been served divorce papers."
6957,1629,7,13,61,81,1.3333333333333333,0.07027283689263066,593,You win. I will subscribe to the Sunday Times.
6919,1629,6,15,60,81,1.3333333333333333,0.06804138174397717,593,I'm pretty sure they're divorce papers.
6847,1629,7,13,61,81,1.3333333333333333,0.07027283689263066,593,Can you make it quick? I'm in rehearsals for the Divorce-Attorney Association's production of Julius Caesar.
6843,1629,7,13,61,81,1.3333333333333333,0.07027283689263066,593,I got my wife to sign the divorce papers.
6833,1629,5,17,59,81,1.3333333333333333,0.06573421981221796,593,Listen...I can't speak to the millions of crank calls you say you've received about this but I actually HAVE been stabbed in the back by the Republican tax bill and I need professional help immediately!
7778,1629,7,13,61,81,1.3333333333333333,0.07027283689263066,593,"The firing was a surprise, but I got a great reference."
6420,1629,3,22,59,84,1.3333333333333333,0.059480764699915124,593,The details aren't important.
6416,1629,8,11,62,81,1.3333333333333333,0.07243558228002943,593,"If you've got something to say, at least have the guts to stab it to my face."
6412,1629,7,13,61,81,1.3333333333333333,0.07027283689263066,593,You could have just emailed the divorce papers.
6228,1629,4,19,58,81,1.3333333333333333,0.06334307917217434,593,Are you sure this is not covered under my health plan?
6142,1629,5,17,59,81,1.3333333333333333,0.06573421981221796,593,"Yes, my wife just served the papers..."
6135,1629,6,15,60,81,1.3333333333333333,0.06804138174397717,593,I'd like to complain about your back bill posting policy.
6078,1629,6,15,60,81,1.3333333333333333,0.06804138174397717,593,"As you suggested, doctor, we exchanged our respective lists of marital grievances."
5896,1629,6,15,60,81,1.3333333333333333,0.06804138174397717,593,Where did you leave the 'honey-do' list?
3417,1629,1,25,55,81,1.3333333333333333,0.05555555555555555,593,"Yeah, Doc, I've had this nagging pain ever since my wife served me with divorce papers"
6584,1629,6,15,60,81,1.3333333333333333,0.06804138174397717,593,I paid last month’s cable bill on time but got stuck with a penalty for being late. I’m wondering if you could remove it.
3101,1629,6,15,60,81,1.3333333333333333,0.06804138174397717,593,"The divorce papers? Yes, I just received them."
1338,1629,4,19,58,81,1.3333333333333333,0.06334307917217434,593,"I told you that I cannot ""state"" my emergency. Someone will have to read it to me."
1275,1629,7,13,61,81,1.3333333333333333,0.07027283689263066,593,I was just standing in a church doorway...
1183,1629,5,17,59,81,1.3333333333333333,0.06573421981221796,593,"I have this stabbing pain in my back, and I couldn't find it on WebMD so I called you, doctor."
926,1629,5,17,59,81,1.3333333333333333,0.06573421981221796,593,"Et tu, Barbara?"
647,1629,5,17,59,81,1.3333333333333333,0.06573421981221796,593,"No, I am not calling 911 to report that I was betrayed."
634,1629,5,17,59,81,1.3333333333333333,0.06573421981221796,593,"Hello, is this the Lutheran church? I'd like to file a complaint against one of your ministers."
518,1629,4,19,58,81,1.3333333333333333,0.06334307917217434,593,Thank you for leaving the reminder note about our anniversary.
446,1629,4,19,58,81,1.3333333333333333,0.06334307917217434,593,"No, she's not home, and quite frankly, I don't expect her to return."
431,1629,4,19,58,81,1.3333333333333333,0.06334307917217434,593,"Yes, Mom. It appears we're getting divorced."
415,1629,5,17,59,81,1.3333333333333333,0.06573421981221796,593,I thought there was a 5 day grace period?
411,1629,7,13,61,81,1.3333333333333333,0.07027283689263066,593,"...so then I said, ‘We communicate just fine!’"
275,1629,6,15,60,81,1.3333333333333333,0.06804138174397717,593,"Well, she was always a devout Protestant."
111,1629,5,17,59,81,1.3333333333333333,0.06573421981221796,593,I don't want to pick a quarrel but you chose a very rude courier service.
99,1629,8,11,62,81,1.3333333333333333,0.07243558228002943,593,"Honey, you said the electricity bill was under the knife, but I can't find either of them."
87,1629,5,17,59,81,1.3333333333333333,0.06573421981221796,593,"The negotiations? Oh, fine. You know, some minor points, but nothing I can't handle."
48,1629,5,17,59,81,1.3333333333333333,0.06573421981221796,593,"""911, What's your emergency?"
11,1629,5,17,59,81,1.3333333333333333,0.06573421981221796,593,I think she wants a divorce.
9,1629,6,15,60,81,1.3333333333333333,0.06804138174397717,593,Your mother's letter arrived.
3392,1629,5,17,59,81,1.3333333333333333,0.06573421981221796,593,"Yes, Vinnie, I have the contract right here."
1470,1629,5,17,59,81,1.3333333333333333,0.06573421981221796,593,It appears that I have been served.
1553,1629,5,17,59,81,1.3333333333333333,0.06573421981221796,593,"I'm not questioning that you served me, it's the method I object to."
70,1629,7,13,61,81,1.3333333333333333,0.07027283689263066,593,"She called it a ' Honey Die"" list."
1908,1629,5,17,59,81,1.3333333333333333,0.06573421981221796,593,I've reformed.
1840,1629,7,13,61,81,1.3333333333333333,0.07027283689263066,593,"Next time, could you just email me?"
3059,1629,7,13,61,81,1.3333333333333333,0.07027283689263066,593,B-R-U-T-U-S !!
2999,1629,4,19,58,81,1.3333333333333333,0.06334307917217434,593,Mary always uses my own words to stab me in the back.
2964,1629,4,19,58,81,1.3333333333333333,0.06334307917217434,593,Working for Trump is tremendous! Fantastic!! Amazing!!!
2909,1629,3,21,57,81,1.3333333333333333,0.06085806194501846,593,Trust me: it's still better than being on social media.
2908,1629,4,19,58,81,1.3333333333333333,0.06334307917217434,593,"I’m telling you, it’s not fake news"
2879,1629,6,15,60,81,1.3333333333333333,0.06804138174397717,593,"Apparently, someone else wanted to take a stab at my work."
2777,1629,6,15,60,81,1.3333333333333333,0.06804138174397717,593,"Hi, I'm responding to the message you left earlier."
2715,1629,5,17,59,81,1.3333333333333333,0.06573421981221796,593,"My wife is killing me with her ""to do"" lists."
3050,1629,5,17,59,81,1.3333333333333333,0.06573421981221796,593,"Yes, I got the divorce papers."
2575,1629,8,11,62,81,1.3333333333333333,0.07243558228002943,593,I got the message.
1923,1629,4,19,58,81,1.3333333333333333,0.06334307917217434,593,I still haven’t seen the terms and conditions.
2676,1629,4,19,58,81,1.3333333333333333,0.06334307917217434,593,"I did, but apparently the average tip is 20% now..."
2043,1629,6,15,60,81,1.3333333333333333,0.06804138174397717,593,Yes... Mr Kushner stopped by and said he's got my back in tomorrow's Senate hearing.
2112,1629,5,17,59,81,1.3333333333333333,0.06573421981221796,593,"I'm calling about the ""Early Contract Cancellation Penalties""?"
1988,1629,7,13,61,81,1.3333333333333333,0.07027283689263066,593,I finally got hold of his tax return.
2359,1629,5,17,59,81,1.3333333333333333,0.06573421981221796,593,I sense you want a divorce.
2449,1629,5,17,59,81,1.3333333333333333,0.06573421981221796,593,"Honey, can you tell me again where you put the grocery list?"
2475,1629,5,17,59,81,1.3333333333333333,0.06573421981221796,593,The new guaranteed message service is working but it is a bloody nuisance.
2549,1629,4,19,58,81,1.3333333333333333,0.06334307917217434,593,I have no idea where the contract is. I bet those backstabbers in the office are hiding it from me on purpose.
1713,1718,4,19,59,82,1.329268292682927,0.06269775231034838,593,"Hi, just received a demand from the White House to drop the investigation."
5002,1718,7,13,62,82,1.329268292682927,0.06952949382475611,593,So I take it you won’t be renewing your lease.
6489,1718,7,13,62,82,1.329268292682927,0.06952949382475611,593,Trump delivered his message and this time it wasn't a Tweet.
5423,1721,6,14,59,79,1.3291139240506329,0.06912425482733159,593,"...yes, well when they knocked on the door I suspected they were Jehovah's Witnesses. Turns out they were Lutheran after all."
4916,1721,4,18,57,79,1.3291139240506329,0.06425747206191397,593,I've been served with my walking papers.
5141,1721,4,18,57,79,1.3291139240506329,0.06425747206191397,593,"Honey, I have no idea where you put the grocery list."
4992,1721,8,10,61,79,1.3291139240506329,0.07367022801023554,593,Hello Congressman. I'm calling about your latest tax plan.
5428,1721,9,8,62,79,1.3291139240506329,0.07584109993864278,593,"Hi -- say, I've received my renewal notice from Healthcare.gov and I have a few questions."
4768,1721,5,16,58,79,1.3291139240506329,0.06673524301754483,593,"Um, Yes, Comcast? I'm ready to go paperless now."
4135,1721,3,20,56,79,1.3291139240506329,0.061680246197340576,593,It still feels like you stabbed me in the back.
4641,1721,7,12,60,79,1.3291139240506329,0.07143341340197165,593,"Honey, where did you put those divorce papers?"
4521,1721,3,20,56,79,1.3291139240506329,0.061680246197340576,593,"I am telling you, I did not have a face to face meeting with the Russians."
4464,1721,4,18,57,79,1.3291139240506329,0.06425747206191397,593,I just received your final notice.
4401,1721,6,14,59,79,1.3291139240506329,0.06912425482733159,593,"Doctor, I just got my divorce papers but I need your help in retrieving them."
5776,1721,4,18,57,79,1.3291139240506329,0.06425747206191397,593,I received the divorce papers.
4106,1721,2,22,55,79,1.3291139240506329,0.05899053166518706,593,The divorce will be finalized once I get around to signing the papers.
4767,1721,4,18,57,79,1.3291139240506329,0.06425747206191397,593,I'm calling about the subpoena that was served on me today.
5888,1721,3,20,56,79,1.3291139240506329,0.061680246197340576,593,"I just told her, ""I am sick and tired of seeing your ""to do"" list everywhere I go!"""
7285,1721,7,12,60,79,1.3291139240506329,0.07143341340197165,593,"Yes, I did receive a copy of the proposed contract but I have not yet had a chance to read it."
5967,1721,5,16,58,79,1.3291139240506329,0.06673524301754483,593,"Yeah, I finally nailed the back story on POTUS."
6146,1721,6,14,59,79,1.3291139240506329,0.06912425482733159,593,Couldn't you have made your point in an email?
6463,1721,4,18,57,79,1.3291139240506329,0.06425747206191397,593,"Yes dear, I know you've listed 95 problems with our marriage...but this last move seems a bit extreme."
6480,1721,6,14,59,79,1.3291139240506329,0.06912425482733159,593,"911? Yes, I'll hold."
6591,1721,6,14,59,79,1.3291139240506329,0.06912425482733159,593,"'Where did you put the shopping list?"""
6607,1721,6,14,59,79,1.3291139240506329,0.06912425482733159,593,I have a bad feeling it's Trump's new tax plan.
6900,1721,6,14,59,79,1.3291139240506329,0.06912425482733159,593,Just got the divorce papers.
6942,1721,6,14,59,79,1.3291139240506329,0.06912425482733159,593,"No, she didn't send a messenger, she delivered the divorce papers in person!"
6990,1721,6,14,59,79,1.3291139240506329,0.06912425482733159,593,"Mugged, yes. By lawyers. I believe it was a pack of lawyers."
7259,1721,4,18,57,79,1.3291139240506329,0.06425747206191397,593,"Yes, my wife finally gave me the divorce papers to sign."
7290,1721,4,18,57,79,1.3291139240506329,0.06425747206191397,593,"You're not hearing me, Fred...I'm pretty sure she won't agree to the changes."
7304,1721,6,14,59,79,1.3291139240506329,0.06912425482733159,593,Could you come over and read her note to me?
7514,1721,6,14,59,79,1.3291139240506329,0.06912425482733159,593,She didn't respond that well to my asking for a pre-nup.
4010,1721,5,16,58,79,1.3291139240506329,0.06673524301754483,593,I calling to let you know I received the new Republican Tax plan and I wanted to express my distaste for it.
5926,1721,7,12,60,79,1.3291139240506329,0.07143341340197165,593,"Actually, I wanted the no-fault, no-pain divorce."
3934,1721,6,14,59,79,1.3291139240506329,0.06912425482733159,593,"Hold on. I think Lois just let me know if I can go to Vegas with you, next weekend."
3110,1721,3,20,56,79,1.3291139240506329,0.061680246197340576,593,The papers were served but I haven't had a chance to read them yet.
3364,1721,4,18,57,79,1.3291139240506329,0.06425747206191397,593,"Yes, Dear. I won’t forget to pick up the items on your grocery list."
23,1721,5,16,58,79,1.3291139240506329,0.06673524301754483,593,I think I just got a very pointed text message.
56,1721,4,18,57,79,1.3291139240506329,0.06425747206191397,593,"Yes, I have my cellphone contract, but it is difficult to read, given where you put it."
302,1721,5,16,58,79,1.3291139240506329,0.06673524301754483,593,"Yes, your lawyer served the divorce papers. She is rather hostile."
365,1721,5,16,58,79,1.3291139240506329,0.06673524301754483,593,At least they didn't throw me under the bus.
488,1721,4,18,57,79,1.3291139240506329,0.06425747206191397,593,"All I heard was, 'Hear ye, hear ye' - then he ran away."
1025,1721,5,16,58,79,1.3291139240506329,0.06673524301754483,593,"Yes, I WOULD be interested in your 'Life Alert'!"
1345,1721,6,14,59,79,1.3291139240506329,0.06912425482733159,593,I've been served.
1419,1721,5,16,58,79,1.3291139240506329,0.06673524301754483,593,My wife just filed for divorce. Could you send an ambulance?
1436,1721,5,16,58,79,1.3291139240506329,0.06673524301754483,593,"Yes, I'm sure I was served with divorce papers."
1491,1721,8,10,61,79,1.3291139240506329,0.07367022801023554,593,"No. Just ask him whether, hypothetically speaking, a subpoena delivered via dagger in a dark alley is a lawful means of service."
1574,1721,5,16,58,79,1.3291139240506329,0.06673524301754483,593,"Yes, I agree, Chapeldoor is an unusual last name--ironic even, yes. Now, about that ambulance..."
1789,1721,6,14,59,79,1.3291139240506329,0.06912425482733159,593,I'd say this 500 year commemoration of Martin Luther has gotten out of hand.
1845,1721,4,18,57,79,1.3291139240506329,0.06425747206191397,593,"Uhm, yes. She gave me the divorce papers, but I haven’t been able to sign them yet."
1996,1721,4,18,57,79,1.3291139240506329,0.06425747206191397,593,"Honey, where did you put the letter opener?"
2127,1721,7,12,60,79,1.3291139240506329,0.07143341340197165,593,Kevlar T-shirt company? I'd like to file a complaint.
3043,1721,6,14,59,79,1.3291139240506329,0.06912425482733159,593,"Remember Bob, our classmate with the ""kick me"" signs? He's a mob lawyer now."
3311,1721,3,20,56,79,1.3291139240506329,0.061680246197340576,593,911 ? My emergency ? This subpoena is killing me.
3239,1721,7,12,60,79,1.3291139240506329,0.07143341340197165,593,Please tell Mr. Steinman that my wife would like to make some changes to the divorce offer
3200,1721,5,16,58,79,1.3291139240506329,0.06673524301754483,593,"Hello, Martin Luther? I think you have the wrong house."
3118,1721,7,12,60,79,1.3291139240506329,0.07143341340197165,593,"I was standing in front of Wittenberg Castle Church and this monk stabs me in the back with 95 Theses.... in Latin, no less...."
3090,1721,4,18,57,79,1.3291139240506329,0.06425747206191397,593,"Hi, I just wanted to verify, a divorce agreement with blood stains is valid?"
2279,1721,1,24,54,79,1.3291139240506329,0.056172171769643446,593,"No, I still haven't seen your list of grievances."
3600,1721,5,16,58,79,1.3291139240506329,0.06673524301754483,593,I just got served with the divorce papers.
2919,1721,8,10,61,79,1.3291139240506329,0.07367022801023554,593,Bringing up the prenup didn't go as badly as I thought it might.
2861,1721,5,16,58,79,1.3291139240506329,0.06673524301754483,593,I'm not sure. My unsigned divorce papers I'd guess.
2643,1721,5,16,58,79,1.3291139240506329,0.06673524301754483,593,I got the divorce papers today...
2513,1721,5,16,58,79,1.3291139240506329,0.06673524301754483,593,She says that it's all explained in the note.
2433,1721,7,12,60,79,1.3291139240506329,0.07143341340197165,593,My wife turned out to be a real backstabber in this divorce.
2426,1721,7,12,60,79,1.3291139240506329,0.07143341340197165,593,"Yes, I got the message, but I can't read it."
2942,1721,6,14,59,79,1.3291139240506329,0.06912425482733159,593,"So, is this what you meant about tax cuts to the middle class?"
6158,1785,5,16,59,80,1.325,0.06602406542458496,593,"Look, Doris, I've looked everywhere for those divorce papers you dropped off, but..."
4028,1785,8,10,62,80,1.325,0.07285975778025527,593,"Yes, 95 theses, but it's the one knife that I'm worried about."
351,1785,4,18,58,80,1.325,0.06358239944345717,593,"""Hello Sid, I think I've been subpoenaed by my ex-wife""."
177,1785,3,20,57,80,1.325,0.06104314722214781,593,"Yes, I got your message."
1684,1785,5,16,59,80,1.325,0.06602406542458496,593,"I'll need a mirror, but I'm pretty sure the divorce papers are now signed."
4376,1790,4,17,56,77,1.3246753246753247,0.06520790254401293,593,"Yeah, she left me but didn't take the good knife set."
4475,1790,6,13,58,77,1.3246753246753247,0.07025380810679205,593,"No, they did not actually say they were rejecting my book."
4680,1790,6,13,58,77,1.3246753246753247,0.07025380810679205,593,"That's right, officer. He said his name was Luther, then something about 95 theses and didn't have time to find a church door and had a plane to catch and would I mind? Can you send someone over right away? My back is killing me."
5013,1790,8,9,60,77,1.3246753246753247,0.07496082011839542,593,Please tell your lawyer that I got his subpoena.
5199,1790,3,19,55,77,1.3246753246753247,0.0625324480132615,593,"No, I was expecting a poison pen letter."
7799,1790,4,17,56,77,1.3246753246753247,0.06520790254401293,593,"The writing's a bit pedestrian, but the surprise ending was quite effective"
5435,1790,7,11,59,77,1.3246753246753247,0.07264544757356925,593,"Ya, my fiancée didn’t like the idea of a prenup."
5605,1790,2,21,54,77,1.3246753246753247,0.05973728780981787,593,I thought you said the divorce was going to be amicable.
5607,1790,6,13,58,77,1.3246753246753247,0.07025380810679205,593,"Didn't hear you leave this morning. I'm fine, dear. What's up?"
5657,1790,7,11,59,77,1.3246753246753247,0.07264544757356925,593,"Yes, I understand that you are leaving me because you feel I'm dead inside, and no I have not seen any damn note!"
5761,1790,6,13,58,77,1.3246753246753247,0.07025380810679205,593,"I'm guessing they're divorce papers, but it's difficult to tell."
5803,1790,4,17,56,77,1.3246753246753247,0.06520790254401293,593,Divorce papers? How could I miss them?
5877,1790,6,13,58,77,1.3246753246753247,0.07025380810679205,593,My ex just sent me another letter.
5892,1790,5,15,57,77,1.3246753246753247,0.06777782863036942,593,I couldn't find your note. Where did you leave it?
6143,1790,4,17,56,77,1.3246753246753247,0.06520790254401293,593,"I can't see you tonight. My back is hurting too much. Oh, and my wife found the letter you sent."
6305,1790,7,11,59,77,1.3246753246753247,0.07264544757356925,593,There's a sticking point in the Sanity Clause.
6544,1790,6,13,58,77,1.3246753246753247,0.07025380810679205,593,I’d like to report an assault with the English language.
6752,1790,5,15,57,77,1.3246753246753247,0.06777782863036942,593,Hello Amazon? I have some feedback on your new newspaper delivery system..
6854,1790,6,13,58,77,1.3246753246753247,0.07025380810679205,593,"Yes doctor, I would describe it as a stabbing pain in my upper back."
6876,1790,5,15,57,77,1.3246753246753247,0.06777782863036942,593,"Hold on, my wife has something to add."
6930,1790,5,15,57,77,1.3246753246753247,0.06777782863036942,593,Can I call you back? My wife just served me with divorce papers.
6931,1790,4,17,56,77,1.3246753246753247,0.06520790254401293,593,The gas company has gotten a lot more aggressive about their shut-off notices.
7027,1790,4,17,56,77,1.3246753246753247,0.06520790254401293,593,You forgot to tip the mailman.
7093,1790,5,15,57,77,1.3246753246753247,0.06777782863036942,593,"...yes, I believe his name is Marin Luther..."
7369,1790,4,17,56,77,1.3246753246753247,0.06520790254401293,593,"I won't be in today, I've become painfully aware of some domestic needs I need to attend to."
7443,1790,2,21,54,77,1.3246753246753247,0.05973728780981787,593,"Next time, just fax it."
7680,1790,4,17,56,77,1.3246753246753247,0.06520790254401293,593,She dropped off the divorce papers today.
3965,1790,4,17,56,77,1.3246753246753247,0.06520790254401293,593,"I told you, I can't read it! It's not like it's been nailed to my door!"
6304,1790,5,15,57,77,1.3246753246753247,0.06777782863036942,593,Yes I did get the divorce papers. The whole process has been very painful for me.
3628,1790,4,17,56,77,1.3246753246753247,0.06520790254401293,593,"I got your message. You get right to the point, don't you?"
2126,1790,3,19,55,77,1.3246753246753247,0.0625324480132615,593,"Nope, she just stormed out without saying a word."
3520,1790,4,17,56,77,1.3246753246753247,0.06520790254401293,593,"A survey? Sure, I have time. Go ahead."
3561,1790,7,11,59,77,1.3246753246753247,0.07264544757356925,593,I haven't even read the thing yet and already I'm wounded.
88,1790,4,17,56,77,1.3246753246753247,0.06520790254401293,593,"Oh, I got the point."
166,1790,4,17,56,77,1.3246753246753247,0.06520790254401293,593,I have a feeling that it's not good news.
283,1790,4,17,56,77,1.3246753246753247,0.06520790254401293,593,"She wants a divorce, I didn't see it coming. Yeah its pretty painful."
451,1790,4,17,56,77,1.3246753246753247,0.06520790254401293,593,"No, I'm pretty sure it won't be amicable. She's already served notice."
530,1790,5,15,57,77,1.3246753246753247,0.06777782863036942,593,Does our plan cover marriage counseling?
558,1790,4,17,56,77,1.3246753246753247,0.06520790254401293,593,"I don't believe it's her ""honey-do"" list."
889,1790,3,19,55,77,1.3246753246753247,0.0625324480132615,593,"I haven't read it yet, but it just feels like an emergency."
896,1790,3,19,55,77,1.3246753246753247,0.0625324480132615,593,I'd call it more than 'hen-pecked'.
981,1790,3,19,55,77,1.3246753246753247,0.0625324480132615,593,"Honey, I think it's time we paid the Chiropractor"
1008,1790,5,15,57,77,1.3246753246753247,0.06777782863036942,593,"Hi, I'd like to get caught up on my rent."
1110,1790,3,19,55,77,1.3246753246753247,0.0625324480132615,593,I've kind of gotten painfully attached to the manuscript.
1192,1790,4,17,56,77,1.3246753246753247,0.06520790254401293,593,"Yes, dear, you’ve made your point about counseling."
1231,1790,6,13,58,77,1.3246753246753247,0.07025380810679205,593,Where exactly did you say you put it?
218,1790,3,19,55,77,1.3246753246753247,0.0625324480132615,593,I can't talk right now; I' ve got the law on my back!
1400,1790,7,11,59,77,1.3246753246753247,0.07264544757356925,593,"Charlotte.... when you said you'd stick it to me, you hurt me deeply."
1250,1790,5,15,57,77,1.3246753246753247,0.06777782863036942,593,His name is Martin Luther.
2781,1790,4,17,56,77,1.3246753246753247,0.06520790254401293,593,My recent submission was painfully rejected.
2597,1790,7,11,59,77,1.3246753246753247,0.07264544757356925,593,I thought it was a Honey Do list but I'm thinking she had something else in mind.
2483,1790,3,19,55,77,1.3246753246753247,0.0625324480132615,593,"Yes, I’ve been served."
2335,1790,3,19,55,77,1.3246753246753247,0.0625324480132615,593,"Sorry Bob, the wife's To Do list trumps golf today."
3114,1790,5,15,57,77,1.3246753246753247,0.06777782863036942,593,I'm pretty sure my son Martin will not be attending the Catechism class.
2021,1790,5,15,57,77,1.3246753246753247,0.06777782863036942,593,I think they are a little disappointed in my performance this year.
1577,1790,7,11,59,77,1.3246753246753247,0.07264544757356925,593,Hi Mark I think my Sharon just served me those divorce papers.
2118,1790,3,19,55,77,1.3246753246753247,0.0625324480132615,593,"Well, the good news is I got a lot off my chest."
1583,1790,3,19,55,77,1.3246753246753247,0.0625324480132615,593,I can really feel the thrust of your argument.
3193,1790,5,15,57,77,1.3246753246753247,0.06777782863036942,593,"Yes, she just served me with divorce papers."
1795,1790,3,19,55,77,1.3246753246753247,0.0625324480132615,593,These assembly instructions are not user-friendly.
1882,1790,7,11,59,77,1.3246753246753247,0.07264544757356925,593,Yes my wife has seen this morning’s Washington Post.
2497,1851,7,12,62,81,1.3209876543209877,0.06989224619613908,593,I object to the way she served the divorce papers!
2298,1852,5,15,58,78,1.3205128205128205,0.0670326030971889,593,You're in luck. I think Dad wants to change his will.
5299,1853,5,14,56,75,1.32,0.06886466686438221,593,It's a killer script.
4202,1853,3,18,54,75,1.32,0.06341625676135118,593,"Can you define ""Pre - Existing"" condition?"
4221,1853,4,16,55,75,1.32,0.06619654055902001,593,"Despite the obvious, I don't see a point to your manifesto."
4624,1853,2,20,53,75,1.32,0.06050835695390563,593,"There's a message for you, but I can't read it."
4640,1853,5,14,56,75,1.32,0.06886466686438221,593,You know hurts most? The legalese.
4873,1853,4,16,55,75,1.32,0.06619654055902001,593,"They left a ransom note, but I haven't read it yet."
4896,1853,3,18,54,75,1.32,0.06341625676135118,593,"Yes, I just received the divorce papers."
5224,1853,4,16,55,75,1.32,0.06619654055902001,593,"I'm telling you, no matter what it says, it was not suicide."
4164,1853,6,12,57,75,1.32,0.07143320448294828,593,You said you had my back!
7428,1853,4,16,55,75,1.32,0.06619654055902001,593,I got the point of your message but couldn't you just email it?
6151,1853,6,12,57,75,1.32,0.07143320448294828,593,"No, I can't stay on hold."
6161,1853,3,18,54,75,1.32,0.06341625676135118,593,"No, I can't read them, but I'm pretty sure they're divorce papers."
6817,1853,4,16,55,75,1.32,0.06619654055902001,593,Can I call you back? My daughter just presented me with a dissenting opinion.
7130,1853,7,10,58,75,1.32,0.07391253657576001,593,"I don't know, Senator, I guess I just assumed that stabbing me in the back with taxes was a figure of speech..."
7164,1853,6,12,57,75,1.32,0.07143320448294828,593,"Sorry I can't make it, I'm stuck with a huge ""honey do"" list."
7699,1853,4,16,55,75,1.32,0.06619654055902001,593,"No, honey, I haven't read your note yet, but I sense you are still cross with me."
7700,1853,7,10,58,75,1.32,0.07391253657576001,593,"I get the point of the contract, I just don't like how it was delivered."
7762,1853,6,12,57,75,1.32,0.07143320448294828,593,"“No, it’s a metaphor. A simile would use ‘like’ or ‘as’."
4111,1853,6,12,57,75,1.32,0.07143320448294828,593,I got the point but I don't see it.
5580,1853,7,10,58,75,1.32,0.07391253657576001,593,"I just got the divorce papers and, in fairness, she once said she'd always have my back."
4050,1853,5,14,56,75,1.32,0.06886466686438221,593,My wife just filed the divorce papers.
6105,1853,4,16,55,75,1.32,0.06619654055902001,593,"No, Brutus just left."
3841,1853,5,14,56,75,1.32,0.06886466686438221,593,"Yeah, well as soon as I get to a mirror I'll tell you what the charges are."
4041,1853,2,20,53,75,1.32,0.06050835695390563,593,"No, she didn't like my suggestions."
790,1853,5,14,56,75,1.32,0.06886466686438221,593,I’d like to order a bulletin board please
857,1853,3,18,54,75,1.32,0.06341625676135118,593,Let me cut to the chase.
863,1853,5,14,56,75,1.32,0.06886466686438221,593,"Yes officer, I agree that it was probably a contract killer, but why include the contract?"
1211,1853,5,14,56,75,1.32,0.06886466686438221,593,"Jenna, a simple “no” to not wanting to see me ever again would have been a better option."
1245,1853,7,10,58,75,1.32,0.07391253657576001,593,"So should I pick up some milk, too?"
1572,1853,5,14,56,75,1.32,0.06886466686438221,593,"No doctor, I didn’t receive the bill, but the backpain is still there."
1812,1853,5,14,56,75,1.32,0.06886466686438221,593,"Hi honey, I can’t seem to find your “to do” list."
1878,1853,4,16,55,75,1.32,0.06619654055902001,593,I think Post it notes was a better idea
973,1853,3,18,54,75,1.32,0.06341625676135118,593,Hello...Mr. Luther...so when was your most recent eye exam?
2149,1853,6,12,57,75,1.32,0.07143320448294828,593,"Yes, Officer, I was just standing in front of the Wittenberg Castle church when..."
2338,1853,6,12,57,75,1.32,0.07143320448294828,593,She signed it.
2542,1853,5,14,56,75,1.32,0.06886466686438221,593,"Yes, she signed the papers."
2609,1853,5,14,56,75,1.32,0.06886466686438221,593,"Yes, the memo arrived, hand delivered. There is, however, a sticking point..."
2678,1853,6,12,57,75,1.32,0.07143320448294828,593,I hear they stuck a knife in the middle class tax cut.
2860,1853,4,16,55,75,1.32,0.06619654055902001,593,I just got served.
3122,1853,3,18,54,75,1.32,0.06341625676135118,593,"No, I can’t get you my order number right now."
3329,1853,6,12,57,75,1.32,0.07143320448294828,593,You know that back story you've been wanting me to find? It just hit me.
3665,1853,3,18,54,75,1.32,0.06341625676135118,593,Glad you noticed. I'll change it from back to front.
2011,1853,2,20,53,75,1.32,0.06050835695390563,593,"""Hi, I'd like to re-schedule my marriage counseling appointment""!"
2816,1896,5,16,61,82,1.3170731707317074,0.06464423003727134,593,"No thank you, I'm already stuck to my cable contract for the year."
5660,1897,5,14,57,76,1.3157894736842106,0.06808283477870967,593,I would like to order a bulletin board and a box of thumbtacks for my wife.
6448,1897,7,10,59,76,1.3157894736842106,0.07305495724090182,593,911? I need some help reading my wife’s alimony demands.
6471,1897,5,14,57,76,1.3157894736842106,0.06808283477870967,593,"In this case, the Constitution doesn't protect me."
7244,1897,5,14,57,76,1.3157894736842106,0.06808283477870967,593,"Sorry Dear, but can you do the shopping this week? I can’t find the list and my back is killing me!"
7741,1897,5,14,57,76,1.3157894736842106,0.06808283477870967,593,"Sweetie, it appears you have forgotten to sign the prenup."
7359,1897,4,16,56,76,1.3157894736842106,0.06545529160062329,593,A Post-it Note would have sufficed.
7421,1897,3,18,55,76,1.3157894736842106,0.06271776467269995,593,"Yes, I did ask you to sharpen your delivery."
7715,1897,6,12,58,76,1.3157894736842106,0.07061267297367758,593,I decided not to insist on the prenup.
7747,1897,5,14,57,76,1.3157894736842106,0.06808283477870967,593,"Honey, where did you say you left my list of chores?"
5553,1897,4,16,56,76,1.3157894736842106,0.06545529160062329,593,Yes...I think I’m finally persuaded to become a contributing circle member.
7261,1897,1,22,53,76,1.3157894736842106,0.05684860261761283,593,Luther in Sales said he'd take a stab at it
5449,1897,5,14,57,76,1.3157894736842106,0.06808283477870967,593,You might say it arrived by Fed-up Ex.
5765,1897,4,16,56,76,1.3157894736842106,0.06545529160062329,593,"Yes, I suggested he put his ideas down on paper....."
3969,1897,6,12,58,76,1.3157894736842106,0.07061267297367758,593,I don't know why she's so angry. She left a long letter but I can't read it.
4158,1897,4,16,56,76,1.3157894736842106,0.06545529160062329,593,I'd like to file a complaint about your process server.
271,1897,5,14,57,76,1.3157894736842106,0.06808283477870967,593,She hit me with divorce papers.
1696,1897,3,18,55,76,1.3157894736842106,0.06271776467269995,593,"But honey, you usually leave the list on the kitchen counter."
1934,1897,5,14,57,76,1.3157894736842106,0.06808283477870967,593,"Flo just filed the divorce papers. I know, I know. I didn't see it coming, either."
2140,1897,3,18,55,76,1.3157894736842106,0.06271776467269995,593,"Hello, this is the president of the co-op board; maybe we should reconsider that application."
2005,1897,5,14,57,76,1.3157894736842106,0.06808283477870967,593,My wife left me a note to call the doctor about stabbing pain that I've been experiencing.
2936,1897,6,12,58,76,1.3157894736842106,0.07061267297367758,593,My wife says your early cancellation penalty is too severe.
3189,1897,8,8,60,76,1.3157894736842106,0.07541819389545502,593,"And now I can't even read the damn 'to-do' list, so joke's on her!"
3337,1897,6,12,58,76,1.3157894736842106,0.07061267297367758,593,"Honey, where exactly did you pin up the to do list."
3615,1897,6,12,58,76,1.3157894736842106,0.07061267297367758,593,I think it was Martin Luther.
3725,1897,6,12,58,76,1.3157894736842106,0.07061267297367758,593,Tell me again what we need at the store?
2487,1897,3,18,55,76,1.3157894736842106,0.06271776467269995,593,I'm pretty sure he's not a real chiropractor
4588,1923,5,13,55,73,1.3150684931506849,0.06999867450573467,593,My fiancée didn't like the Prenup ...
4988,1923,4,15,54,73,1.3150684931506849,0.06722571627550439,593,"Yes dear, your subpoena was served.."
4739,1923,5,13,55,73,1.3150684931506849,0.06999867450573467,593,I'd like to report a betrayal.
4657,1923,3,17,53,73,1.3150684931506849,0.06433334613518435,593,"These new plans you’re sticking me with, they’re killing me."
4557,1923,4,15,54,73,1.3150684931506849,0.06722571627550439,593,My backstabbing former partner is suing me.
4209,1923,6,11,56,73,1.3150684931506849,0.0726658925243815,593,"Frankly Francine, I preferred the singing telegram."
4437,1923,6,11,56,73,1.3150684931506849,0.0726658925243815,593,She left a note.
4411,1923,4,15,54,73,1.3150684931506849,0.06722571627550439,593,"Yes, stop my service. A local cell provider has made me an offer I can't refuse."
4384,1923,5,13,55,73,1.3150684931506849,0.06999867450573467,593,Divorce papers? What divorce papers?
4299,1923,2,19,52,73,1.3150684931506849,0.06130466475843632,593,Let me take a stab at it...you want a divorce....
5095,1923,5,13,55,73,1.3150684931506849,0.06999867450573467,593,You stab me in the back with a ransom note hand written in cursive and then you have the audacity to call me on my land line.
4468,1923,3,17,53,73,1.3150684931506849,0.06433334613518435,593,"Yes, I will not forget to go to the market today."
5111,1923,6,11,56,73,1.3150684931506849,0.0726658925243815,593,"Take Trump at his word when he says, ""I'll stick it to you!"""
6126,1923,5,13,55,73,1.3150684931506849,0.06999867450573467,593,I sense our divorce discussions have entered a new phase.
5321,1923,3,17,53,73,1.3150684931506849,0.06433334613518435,593,". . Well, I was standing near the front of the church, and this guy comes up dressed like Martin Luther, . . . ."
5353,1923,3,17,53,73,1.3150684931506849,0.06433334613518435,593,I'd be happy to take a message for you.
5600,1923,5,13,55,73,1.3150684931506849,0.06999867450573467,593,Does the company insurance policy cover backstabbing?
5785,1923,8,7,58,73,1.3150684931506849,0.07772623073310139,593,"In fact, no, I can't read it to you right now."
5906,1923,4,15,54,73,1.3150684931506849,0.06722571627550439,593,"Yes dear, I found the divorce papers."
6213,1923,4,15,54,73,1.3150684931506849,0.06722571627550439,593,It's more of a stabbing pain that gets worse around quarterly review time.
6478,1923,4,15,54,73,1.3150684931506849,0.06722571627550439,593,I'm calling to let you know I received your message ...
6978,1923,6,11,56,73,1.3150684931506849,0.0726658925243815,593,I got their counter offer.
7018,1923,4,15,54,73,1.3150684931506849,0.06722571627550439,593,"No, I can't read it, but I'm pretty sure it's a list of the ninety-five reasons she wants a divorce."
7542,1923,4,15,54,73,1.3150684931506849,0.06722571627550439,593,"Honey, any quibbles with the prenup?"
7640,1923,6,11,56,73,1.3150684931506849,0.0726658925243815,593,She presented her objections Luther style.
7816,1923,6,11,56,73,1.3150684931506849,0.0726658925243815,593,I have a feeling Marsha isn't going to sign the divorce papers.
3955,1923,4,15,54,73,1.3150684931506849,0.06722571627550439,593,I'm telling you! She left without saying a word. Not even a note.
5298,1923,2,19,52,73,1.3150684931506849,0.06130466475843632,593,"Larry, my wife just served me with divorce papers. What’s next?"
3769,1923,4,15,54,73,1.3150684931506849,0.06722571627550439,593,"Yes dear, I finally feel your pain."
4132,1923,5,13,55,73,1.3150684931506849,0.06999867450573467,593,I'll call you back. Need to take care of a little paper cut.
3349,1923,4,15,54,73,1.3150684931506849,0.06722571627550439,593,What kind of knife wounds does my policy cover?
482,1923,5,13,55,73,1.3150684931506849,0.06999867450573467,593,"Really, Marge? 'THESES?' Can't you just serve divorce papers like other wives?"
583,1923,4,15,54,73,1.3150684931506849,0.06722571627550439,593,"To be honest Bill, I can't really recommend the ""Immersive Julius Caesar"""
612,1923,5,13,55,73,1.3150684931506849,0.06999867450573467,593,"No, I haven't read your script yet."
623,1923,3,17,53,73,1.3150684931506849,0.06433334613518435,593,"Believe me, there is no such thing as an amicable divorce."
725,1923,5,13,55,73,1.3150684931506849,0.06999867450573467,593,"Yes, I received your counter-offer!"
900,1923,6,11,56,73,1.3150684931506849,0.0726658925243815,593,You’re killing me with all this paper work.
908,1923,5,13,55,73,1.3150684931506849,0.06999867450573467,593,"Yes, I am ""assuming"" it's divorce papers--I can't see it, but..."
1203,1923,5,13,55,73,1.3150684931506849,0.06999867450573467,593,"My guess is he's a Roman, a Lutheran, or a mugger."
1377,1923,2,19,52,73,1.3150684931506849,0.06130466475843632,593,"Yes Dear, I have your note."
1487,1923,3,17,53,73,1.3150684931506849,0.06433334613518435,593,"Well, I’m having a few stabbing pains but I think theyll subside once the contract is signed."
1529,1923,4,15,54,73,1.3150684931506849,0.06722571627550439,593,"Well, of course it hurts."
1598,1923,2,19,52,73,1.3150684931506849,0.06130466475843632,593,"Yes, I received the new Terms and Conditions"
1688,1923,3,17,53,73,1.3150684931506849,0.06433334613518435,593,I just can't read your note.
1267,1923,7,9,57,73,1.3150684931506849,0.07523861668166248,593,I was just informed that my wife filed for divorce.
2381,1923,3,17,53,73,1.3150684931506849,0.06433334613518435,593,Someone unfriended me!
3383,1923,6,11,56,73,1.3150684931506849,0.0726658925243815,593,"So, are we still on for tonight?"
2312,1923,4,15,54,73,1.3150684931506849,0.06722571627550439,593,"I didn't get a good look, but I'm pretty sure he was a Lutheran."
3250,1923,6,11,56,73,1.3150684931506849,0.0726658925243815,593,I just have a feeling this isn't the tax relief Trump promised.
3227,1923,4,15,54,73,1.3150684931506849,0.06722571627550439,593,"Yes operator, we were playing charades. Where? In the library with the knife."
3164,1923,3,17,53,73,1.3150684931506849,0.06433334613518435,593,Subpoena? ... I didn't get any subpoena.
3053,1923,4,15,54,73,1.3150684931506849,0.06722571627550439,593,"Hold on, I just got your message."
3294,1923,4,15,54,73,1.3150684931506849,0.06722571627550439,593,I'm gonna be a little late.
2874,1923,5,13,55,73,1.3150684931506849,0.06999867450573467,593,"Hello, front desk? - I've got a complaint about my bill..."
2794,1923,3,17,53,73,1.3150684931506849,0.06433334613518435,593,"I didn't understand the contract, so my wife took a stab at it."
2674,1923,5,13,55,73,1.3150684931506849,0.06999867450573467,593,Congress just passed tax reform.
2573,1923,4,15,54,73,1.3150684931506849,0.06722571627550439,593,"Ok, Martha, you can have the still life."
2485,1923,1,21,51,73,1.3150684931506849,0.05811836557697652,593,I was hoping that your rejection notice would be a little less pointed.
2976,1923,2,19,52,73,1.3150684931506849,0.06130466475843632,593,I don't know where she is. She just left me a note.
4629,1982,4,16,57,77,1.3116883116883118,0.06472968203281866,593,"911?, help! I was just received the Republicans tax reform bill!"
4917,1982,6,12,59,77,1.3116883116883118,0.06981016212118606,593,"Actually, it's more like 106 theses; and, no, she didn't nail them to the front door."
4944,1982,6,12,59,77,1.3116883116883118,0.06981016212118606,593,And where did you leave the note?
5120,1982,3,18,56,77,1.3116883116883118,0.06203360570216413,593,"Honey, I have a feeling there's something you want to tell me,"
5604,1982,4,16,57,77,1.3116883116883118,0.06472968203281866,593,I can't understand why you didn't get the payment. My wife figured out a surefire way to remind me to send our bills in on time.
6948,1982,4,16,57,77,1.3116883116883118,0.06472968203281866,593,I wasn't being literal.
6839,1982,2,20,55,77,1.3116883116883118,0.05921490299538904,593,She said it was important.
7492,1982,3,18,56,77,1.3116883116883118,0.06203360570216413,593,"Can't you just do it on social media like everyone else, Myrtle?"
7750,1982,3,18,56,77,1.3116883116883118,0.06203360570216413,593,"Wait, what exactly did you mean by 'early termination fee'?"
4327,1982,4,16,57,77,1.3116883116883118,0.06472968203281866,593,The good news first honey. It finally appears my divorce is being granted.
5671,1982,4,16,57,77,1.3116883116883118,0.06472968203281866,593,"Can't go out tonight, Larry. My wife is dead serious about this ""honey-do"" list."
4185,1982,5,14,58,77,1.3116883116883118,0.06731786713591009,593,Where's the shopping list?
2770,1982,2,20,55,77,1.3116883116883118,0.05921490299538904,593,This isn't the type of pointed feedback I expected
3158,1982,6,12,59,77,1.3116883116883118,0.06981016212118606,593,"""Hi Fiona, I've just got your letter""."
3235,1982,6,12,59,77,1.3116883116883118,0.06981016212118606,593,"Frankly, you're killing me here with your onerous terms."
217,1982,5,14,58,77,1.3116883116883118,0.06731786713591009,593,"I understand you're a little upset, but what's for dinner?"
598,1982,4,16,57,77,1.3116883116883118,0.06472968203281866,593,Do process servers have any restrictions?
736,1982,5,14,58,77,1.3116883116883118,0.06731786713591009,593,"Yes, I'll renew my subscription."
987,1982,4,16,57,77,1.3116883116883118,0.06472968203281866,593,Me too....but i just can't put my finger on it.
208,1982,4,16,57,77,1.3116883116883118,0.06472968203281866,593,"Yeah 911, I’ll be needing an ambulance, but is it possible to stop by my lawyer’s office on the way to the hospital?"
1503,1982,4,16,57,77,1.3116883116883118,0.06472968203281866,593,You misunderstood. I said I'd like to change my delivery option to email not chain mail.
1705,1982,3,18,56,77,1.3116883116883118,0.06203360570216413,593,I just can't face the divorce papers she served me with!
2023,1982,5,14,58,77,1.3116883116883118,0.06731786713591009,593,I have a strong feeling that she wants a divorce.
2744,1982,4,16,57,77,1.3116883116883118,0.06472968203281866,593,"No, I still don't see your point."
1046,1982,6,12,59,77,1.3116883116883118,0.06981016212118606,593,"Yes Dear, I have tho ToDo list right here"
5784,2007,5,13,56,74,1.3108108108108107,0.06917741592724358,593,"Well, that's the problem, I have to take out the knife to get the account number."
4463,2007,6,11,57,74,1.3108108108108107,0.07180353836209209,593,"Sorry honey, I can't find your ""to do"" list."
4621,2007,4,15,55,74,1.3108108108108107,0.0664475855650548,593,Why do you always put my ‘honey-do’ list where I can’t find it?
4929,2007,5,13,56,74,1.3108108108108107,0.06917741592724358,593,YES DEAR I WAS FIRED- SOME BACK STABBERS AT THE OFFICE.
4966,2007,4,15,55,74,1.3108108108108107,0.0664475855650548,593,I guess she really isn't happy
4976,2007,6,11,57,74,1.3108108108108107,0.07180353836209209,593,"It wasn't suicide, no matter what my wife tells you"
5096,2007,5,13,56,74,1.3108108108108107,0.06917741592724358,593,I'm quite sure she already signed...
4281,2007,6,11,57,74,1.3108108108108107,0.07180353836209209,593,"That's Luther, L-U-T-H-E-R"
5403,2007,4,15,55,74,1.3108108108108107,0.0664475855650548,593,"Yeah, I just got served. So you really want a divorce? Like, for real?"
5589,2007,4,15,55,74,1.3108108108108107,0.0664475855650548,593,"Hello, Wittenberg Cathedral?"
5819,2007,6,11,57,74,1.3108108108108107,0.07180353836209209,593,"She finally signed the divorce papers, but it doesn't look like I will get to keep the house."
6663,2007,7,9,58,74,1.3108108108108107,0.07433694484078562,593,"For the last time, Margaret, you did not give me a shopping list before you left for work. And I’m getting pretty tired of you saying I don’t listen when you’re talking to me."
6229,2007,5,13,56,74,1.3108108108108107,0.06917741592724358,593,I really think she means it this time!
6253,2007,5,13,56,74,1.3108108108108107,0.06917741592724358,593,"Yes, apparently, I forgot to schedule her follow-up anger management session."
6308,2007,4,15,55,74,1.3108108108108107,0.0664475855650548,593,Hello? The new tax plan seems to have stabbed me in the back.
6501,2007,5,13,56,74,1.3108108108108107,0.06917741592724358,593,He said his name was Luther
6842,2007,6,11,57,74,1.3108108108108107,0.07180353836209209,593,"No, honey, I didn’t find your shopping list"
6887,2007,3,17,54,74,1.3108108108108107,0.0636006948112967,593,I no longer expect an amicable divorce.
7066,2007,5,13,56,74,1.3108108108108107,0.06917741592724358,593,Next time just tie a string around my finger.
7088,2007,6,11,57,74,1.3108108108108107,0.07180353836209209,593,"Honey, where's that shopping list you were on my back about?"
7538,2007,5,13,56,74,1.3108108108108107,0.06917741592724358,593,"You do know you can mail divorce papers, right?"
7686,2007,5,13,56,74,1.3108108108108107,0.06917741592724358,593,"Yes, they left a note. That's the problem."
4013,2007,6,11,57,74,1.3108108108108107,0.07180353836209209,593,I'd say it's more of a stabbing pain.
5859,2007,6,11,57,74,1.3108108108108107,0.07180353836209209,593,What list?
3902,2007,6,11,57,74,1.3108108108108107,0.07180353836209209,593,Hello 911? I've been attacked by Lutherans
3619,2007,2,19,53,74,1.3108108108108107,0.060620253492823066,593,Probably would have been better to leave my messages on the machine.
3752,2007,3,17,54,74,1.3108108108108107,0.0636006948112967,593,"Okay, I’m sorry I didn’t read your email."
3758,2007,2,19,53,74,1.3108108108108107,0.060620253492823066,593,"I have no idea. I didn't see it coming, and she didn't even leave a note."
25,2007,5,13,56,74,1.3108108108108107,0.06917741592724358,593,What message?
160,2007,6,11,57,74,1.3108108108108107,0.07180353836209209,593,"Yes, I got your note."
216,2007,6,11,57,74,1.3108108108108107,0.07180353836209209,593,I just received my final notice so I need to speak to someone in your medical department.
249,2007,4,15,55,74,1.3108108108108107,0.0664475855650548,593,I'd like to discuss my bill.
303,2007,6,11,57,74,1.3108108108108107,0.07180353836209209,593,I just left the White House and my backs been aching ever since.
319,2007,2,19,53,74,1.3108108108108107,0.060620253492823066,593,I'm going to have to disagree with these terms and conditions.
334,2007,5,13,56,74,1.3108108108108107,0.06917741592724358,593,"As a matter of fact, they were quite pointed with their concerns about our offer..."
480,2007,5,13,56,74,1.3108108108108107,0.06917741592724358,593,"I take it, you didn't care for the pre nup?"
1216,2007,6,11,57,74,1.3108108108108107,0.07180353836209209,593,"Yes, I have a complaint about the new paperboy. No, no, his aim is excellent; that's not the problem."
1370,2007,3,17,54,74,1.3108108108108107,0.0636006948112967,593,She served me the divorce papers today.
1532,2007,3,17,54,74,1.3108108108108107,0.0636006948112967,593,I don't think he liked the changes.
128,2007,7,9,58,74,1.3108108108108107,0.07433694484078562,593,My wife says that I am in fact covered for stabbing back pain.
1578,2007,9,5,60,74,1.3108108108108107,0.0791608985683788,593,Yes I received the divorce papers today dear.
1545,2007,5,13,56,74,1.3108108108108107,0.06917741592724358,593,"It's just not my day. First, the 'Dear John' letter. Then she stabs me in the back."
3680,2007,5,13,56,74,1.3108108108108107,0.06917741592724358,593,"Mr. Mueller, I got the written confession from them that you wanted but not exactly as I expected. You may want to come see this."
3440,2007,5,13,56,74,1.3108108108108107,0.06917741592724358,593,"OK, but Martin Luther posted them to the door."
2844,2007,3,17,54,74,1.3108108108108107,0.0636006948112967,593,"Hi sweety..... yup, yup.... my wife did finally sign the divorce papers......but there's a small glitch."
3701,2007,6,11,57,74,1.3108108108108107,0.07180353836209209,593,Please take me off the distribution list.
2229,2007,4,15,55,74,1.3108108108108107,0.0664475855650548,593,I’ve got the divorce papers behind me
2154,2007,3,17,54,74,1.3108108108108107,0.0636006948112967,593,Describe it? I would definitely say its a painful reminder.
1898,2007,4,15,55,74,1.3108108108108107,0.0664475855650548,593,I got your message.
1776,2007,5,13,56,74,1.3108108108108107,0.06917741592724358,593,"Yes, I got the divorce papers from her."
2292,2007,5,13,56,74,1.3108108108108107,0.06917741592724358,593,She finally got her point across.
5519,2058,3,16,52,71,1.3098591549295775,0.06528547216313318,593,It’s addressed to Dear Recipient.
4922,2058,6,10,55,71,1.3098591549295775,0.07395563762369861,593,"Of course I could tell you were upset, dear, but I still don't know why."
5427,2058,3,16,52,71,1.3098591549295775,0.06528547216313318,593,"Yes, I'm positive I chose paperless billing."
5261,2058,5,12,54,71,1.3098591549295775,0.07118301657984366,593,"To be honest, Billy, when it comes to being a victim of legalese, I'm having difficulty differentiating between literal and figurative."
5226,2058,4,14,53,71,1.3098591549295775,0.06829793087996713,593,"Yes, boss, I got your note, in the usual place. Yes, of course I get the point."
5203,2058,4,14,53,71,1.3098591549295775,0.06829793087996713,593,All right. I accept the Terms of Service.
5031,2058,8,6,57,71,1.3098591549295775,0.07921026013194808,593,Good news. My boss is no longer a pain in the butt.
4962,2058,5,12,54,71,1.3098591549295775,0.07118301657984366,593,I got your note. But I'm having some difficulty reading it.
5501,2058,3,16,52,71,1.3098591549295775,0.06528547216313318,593,"Hi babe, is there any chance we can talk about this?"
4660,2058,5,12,54,71,1.3098591549295775,0.07118301657984366,593,"I didn't get a good look, but I think he was a Lutheran."
4865,2058,5,12,54,71,1.3098591549295775,0.07118301657984366,593,"I didn't count them all,but she said it was 95 complaints."
4825,2058,2,18,51,71,1.3098591549295775,0.0621271147619275,593,"No, the pain has always been there, but this time it feels litigious"
4726,2058,3,16,52,71,1.3098591549295775,0.06528547216313318,593,"Yes, I got the point of your message."
4652,2058,2,18,51,71,1.3098591549295775,0.0621271147619275,593,Take this kids somewhere safe...there's a contract on me
4593,2058,2,18,51,71,1.3098591549295775,0.0621271147619275,593,"Yes, I did get your message, but I'm having difficulty reading it."
4548,2058,4,14,53,71,1.3098591549295775,0.06829793087996713,593,"Yes, Dear, I promise I won't forget to sign the divorce papers."
4458,2058,6,10,55,71,1.3098591549295775,0.07395563762369861,593,I don’t know. When I woke up she was gone and so was my manuscript.
4431,2058,4,14,53,71,1.3098591549295775,0.06829793087996713,593,"In hindsight, biting the hand that fed you was preferable"
5524,2058,4,14,53,71,1.3098591549295775,0.06829793087996713,593,"You’ve always been a pain, but lower."
4272,2058,3,16,52,71,1.3098591549295775,0.06528547216313318,593,I asked her for one example where I didn't listen.
4891,2058,4,14,53,71,1.3098591549295775,0.06829793087996713,593,Reporting an attempt to kill the messenger.
5590,2058,4,14,53,71,1.3098591549295775,0.06829793087996713,593,"Honey, where did you put the grocery list?"
6773,2058,5,12,54,71,1.3098591549295775,0.07118301657984366,593,Yes. Ms. Borden was already here to sign the contract.
5736,2058,3,16,52,71,1.3098591549295775,0.06528547216313318,593,"Yes, he wrote me back."
4233,2058,3,16,52,71,1.3098591549295775,0.06528547216313318,593,You could have just emailed me my performance review.
7793,2058,2,18,51,71,1.3098591549295775,0.0621271147619275,593,"And I thought having a ""kick me"" sign on my back was the worst it could get..."
7709,2058,1,20,50,71,1.3098591549295775,0.05879935290222317,593,"I can't play today. No, it isn't my tennis elbow."
7645,2058,4,14,53,71,1.3098591549295775,0.06829793087996713,593,"You know, there were easier ways to tell me you want a divorce."
7419,2058,3,16,52,71,1.3098591549295775,0.06528547216313318,593,"Honey, did you leave the chores list where I can find it?"
7336,2058,3,16,52,71,1.3098591549295775,0.06528547216313318,593,"Sorry, Sam, can't make lunch today. I'm stuck at home."
7161,2058,4,14,53,71,1.3098591549295775,0.06829793087996713,593,I need you to look at a contract.
7060,2058,6,10,55,71,1.3098591549295775,0.07395563762369861,593,"Yes, Dear. I won't forget the shopping list."
7028,2058,3,16,52,71,1.3098591549295775,0.06528547216313318,593,"Alice, settle down. What do you mean when you say you went behind my back?"
6908,2058,1,20,50,71,1.3098591549295775,0.05879935290222317,593,I asked her to sign a pre-nup. I would say she didn't take it very well.
6792,2058,4,14,53,71,1.3098591549295775,0.06829793087996713,593,"I'd like to speak to your best divorce attorney, please."
6660,2058,6,10,55,71,1.3098591549295775,0.07395563762369861,593,"I can't read it, but I'm pretty sure it says she wants a divorce!"
6410,2058,3,16,52,71,1.3098591549295775,0.06528547216313318,593,Well...I finally told my wife about us.
6315,2058,2,18,51,71,1.3098591549295775,0.0621271147619275,593,I wouldn’t exactly call them cutting remarks.
6198,2058,6,10,55,71,1.3098591549295775,0.07395563762369861,593,"I'm tellin' ya, nurse, I'm lookin' in the mirror and all I see is a potted plant."
6120,2058,2,18,51,71,1.3098591549295775,0.0621271147619275,593,"Yes, it’s definitely a rejection letter."
6029,2058,5,12,54,71,1.3098591549295775,0.07118301657984366,593,You're dumping me because I don't show my emotions?
5964,2058,3,16,52,71,1.3098591549295775,0.06528547216313318,593,"All I said is, “What’s wrong with indulgences,” and then Martin goes off on me."
5883,2058,4,14,53,71,1.3098591549295775,0.06829793087996713,593,Those divorce papers I thought I'd lost...they just turned up.
5791,2058,2,18,51,71,1.3098591549295775,0.0621271147619275,593,Remind me again...where did you put the shopping list?
5768,2058,5,12,54,71,1.3098591549295775,0.07118301657984366,593,"Just because you didn't like the legal agreement I said you had to sign, you didn't have to become a backstabber."
5691,2058,3,16,52,71,1.3098591549295775,0.06528547216313318,593,"Yes, I did receive your demand letter and quite frankly this follow up call is a little much."
4081,2058,5,12,54,71,1.3098591549295775,0.07118301657984366,593,She served me with divorce papers
3855,2058,4,14,53,71,1.3098591549295775,0.06829793087996713,593,"No, honey, I didn't see the note you left while I was napping. Where did you leave it?"
3977,2058,6,10,55,71,1.3098591549295775,0.07395563762369861,593,"Good news, Honey. I just received that Whitehouse job offer in writing."
1616,2058,5,12,54,71,1.3098591549295775,0.07118301657984366,593,"Frankly, I am taking all the backstabbing at work very personally."
1548,2058,5,12,54,71,1.3098591549295775,0.07118301657984366,593,Does this mean the wedding is off?
1483,2058,3,16,52,71,1.3098591549295775,0.06528547216313318,593,"Mom, she gave me her terms for the divorce."
1427,2058,4,14,53,71,1.3098591549295775,0.06829793087996713,593,"Well, the divorce is final, but Muriel took it a bit harder than I expected."
1379,2058,3,16,52,71,1.3098591549295775,0.06528547216313318,593,I'm calling about your new list of demands.
1317,2058,3,16,52,71,1.3098591549295775,0.06528547216313318,593,"Honey, I said I'd be happy to pick up the groceries but you forgot to leave me the list."
1312,2058,6,10,55,71,1.3098591549295775,0.07395563762369861,593,tell Mon Senior that the Lutherans are at it again
1169,2058,5,12,54,71,1.3098591549295775,0.07118301657984366,593,"Yes, this is a complaint on how I received the eviction notice."
1054,2058,4,14,53,71,1.3098591549295775,0.06829793087996713,593,What backstabbing remarks?
1676,2058,6,10,55,71,1.3098591549295775,0.07395563762369861,593,"You cannot unilaterally revise the terms of our tontine, Gregory."
1020,2058,5,12,54,71,1.3098591549295775,0.07118301657984366,593,Remember that list of suggestions I gave to Tom?
840,2058,2,18,51,71,1.3098591549295775,0.0621271147619275,593,"If you wanted a divorce, you could have just asked."
649,2058,4,14,53,71,1.3098591549295775,0.06829793087996713,593,Why didn't you just pick up the phone?
644,2058,6,10,55,71,1.3098591549295775,0.07395563762369861,593,""" I don't think you understand. It's a little more serious than someone just talking behind my back...."
409,2058,6,10,55,71,1.3098591549295775,0.07395563762369861,593,The magnet on the fridge would have worked just as well.
388,2058,5,12,54,71,1.3098591549295775,0.07118301657984366,593,"'Yes, my wife just discovered my roaming charges."""
342,2058,3,16,52,71,1.3098591549295775,0.06528547216313318,593,I haven't a clue.
151,2058,5,12,54,71,1.3098591549295775,0.07118301657984366,593,"Does it count as ""serving a summons"" if they don't put it in my hands?"
97,2058,6,10,55,71,1.3098591549295775,0.07395563762369861,593,The stuck me with the hospital bill.
61,2058,6,10,55,71,1.3098591549295775,0.07395563762369861,593,So you left me and didn't even leave a note.
898,2058,3,16,52,71,1.3098591549295775,0.06528547216313318,593,"I'll be late for dinner, the paperwork is killing me."
1945,2058,4,14,53,71,1.3098591549295775,0.06829793087996713,593,"I’m sorry,...where’s the shopping list, again?"
1474,2058,4,14,53,71,1.3098591549295775,0.06829793087996713,593,"No, Leslie doesn't live here any more."
2019,2058,5,12,54,71,1.3098591549295775,0.07118301657984366,593,"Yes, I'd like to report that my wife is missing, she left a note, but I'm going to need help reading it."
3912,2058,5,12,54,71,1.3098591549295775,0.07118301657984366,593,She's threatening to twist it if I keep the convertible.
4000,2058,5,12,54,71,1.3098591549295775,0.07118301657984366,593,"As my divorce attorney, you should know that my wife served the papers for divorce just now!"
3839,2058,4,14,53,71,1.3098591549295775,0.06829793087996713,593,"I had a feeling you left a note, but I didn’t see it."
3829,2058,6,10,55,71,1.3098591549295775,0.07395563762369861,593,Yes...she signed them. But the old 'take her to a fancy restaurant to avoid a scene' ploy failed miserably!
3796,2058,5,12,54,71,1.3098591549295775,0.07118301657984366,593,"I want 2 egg rolls, fried rice and a surgeon."
1983,2058,5,12,54,71,1.3098591549295775,0.07118301657984366,593,"Barb, did you sign the prenup?"
3775,2058,4,14,53,71,1.3098591549295775,0.06829793087996713,593,She says we need to communicate better.
3762,2058,5,12,54,71,1.3098591549295775,0.07118301657984366,593,"Well no, he didn't like the return we prepared."
3609,2058,6,10,55,71,1.3098591549295775,0.07395563762369861,593,She had some reservations about the prenup
3448,2058,5,12,54,71,1.3098591549295775,0.07118301657984366,593,What about telling me to my face?
3447,2058,1,20,50,71,1.3098591549295775,0.05879935290222317,593,Duly noted. I'll put the Oxford comma back in.
3782,2058,3,16,52,71,1.3098591549295775,0.06528547216313318,593,Do you remember when you said that being president of the co-op board is a thankless position?
3078,2058,6,10,55,71,1.3098591549295775,0.07395563762369861,593,... and that's how she served the divorce papers...
2625,2058,5,12,54,71,1.3098591549295775,0.07118301657984366,593,"Thanks for calling, it never occurred to me to look there"
2465,2058,3,16,52,71,1.3098591549295775,0.06528547216313318,593,"Yes, I got your summons to appear."
2434,2058,5,12,54,71,1.3098591549295775,0.07118301657984366,593,..and I also don't appreciate your tone.
2350,2058,1,20,50,71,1.3098591549295775,0.05879935290222317,593,Thought you should know I just got served by my ex.
3166,2058,3,16,52,71,1.3098591549295775,0.06528547216313318,593,Got your note - mind if we chat?
2348,2058,5,12,54,71,1.3098591549295775,0.07118301657984366,593,I'm calling to report a summons turned violent.
2288,2058,8,6,57,71,1.3098591549295775,0.07921026013194808,593,I thought our divorce was supposed to be painless.
2259,2058,4,14,53,71,1.3098591549295775,0.06829793087996713,593,"I've been stabbed in the back before, my friends."
2050,2058,2,18,51,71,1.3098591549295775,0.0621271147619275,593,Yes. She gave me the divorce papers.
2063,2153,6,12,60,78,1.3076923076923077,0.06902511356693186,593,You know what hurts the most? No one told me I had a prenup stuck to my back all day.
1697,2154,4,15,56,75,1.3066666666666666,0.06568648806805485,593,What gave you the idea I've ignored your memos?
7397,2155,4,14,54,72,1.3055555555555556,0.0674800407774118,593,"Yes, my back pain is back again and I can't find my insurance papers."
6753,2155,7,8,57,72,1.3055555555555556,0.07567869464723181,593,"Hi, I would like to order some Post It notes for my wife, the kind with the sticky paste on the edge"
6276,2155,6,10,56,72,1.3055555555555556,0.07304812466298974,593,I've been subpoenaed to testify before congress.
6097,2155,3,16,53,72,1.3055555555555556,0.06451604138965669,593,"I know Dad. I’ve tried that. But, I still feel like I’m a target."
5863,2155,4,14,54,72,1.3055555555555556,0.0674800407774118,593,It seems my wife is ready for a Marital Reformation.
5526,2155,5,12,55,72,1.3055555555555556,0.07031921650623267,593,"Yes, I'm seriously thinking about getting out of politics."
5211,2155,3,16,53,72,1.3055555555555556,0.06451604138965669,593,It's like a stab in the back
4797,2155,1,20,51,72,1.3055555555555556,0.05813645141504052,593,I received the divorce papers from your attorney today.
3815,2155,3,16,53,72,1.3055555555555556,0.06451604138965669,593,It seems I agreed to compulsory arbitration
3280,2155,5,12,55,72,1.3055555555555556,0.07031921650623267,593,My new job as poster boy is going well
1803,2155,3,16,53,72,1.3055555555555556,0.06451604138965669,593,"My estranged wife, the circus knife-thrower, finally signed the divorce papers."
2651,2155,5,12,55,72,1.3055555555555556,0.07031921650623267,593,"Yes, Mr. TRUMP, I have received your message. Same as Gov. Christie and AG Sessions."
2631,2155,3,16,53,72,1.3055555555555556,0.06451604138965669,593,"Darling, where exactly did you put that letter from my mother?"
2476,2155,6,10,56,72,1.3055555555555556,0.07304812466298974,593,I'd like to revise my opinion on Manuscript 5754: Idiot's Guide to Getting Published
2410,2155,3,16,53,72,1.3055555555555556,0.06451604138965669,593,My wife served me with divorce papers.
2339,2155,5,12,55,72,1.3055555555555556,0.07031921650623267,593,"My wife left me, but I don't know why."
1409,2155,3,16,53,72,1.3055555555555556,0.06451604138965669,593,"I haven't read it, but I'm sure it's not good."
698,2155,5,12,55,72,1.3055555555555556,0.07031921650623267,593,We've just been served.
152,2155,5,12,55,72,1.3055555555555556,0.07031921650623267,593,My boss sent me home with a note today.
2953,2155,5,12,55,72,1.3055555555555556,0.07031921650623267,593,"Yes, I too feel betrayed by the news!"
5100,2175,3,15,51,69,1.3043478260869565,0.06627446813222473,593,"Yes, I received your message."
5143,2175,5,11,53,69,1.3043478260869565,0.07242112982562723,593,"'Is it an emergency?' ""I don't know, I can't read it?"""
5222,2175,6,9,54,69,1.3043478260869565,0.07530655685082074,593,I really think I got the job this time. It felt like I nailed it.
5300,2175,4,13,52,69,1.3043478260869565,0.06941586695932576,593,This Thanksgiving your mother has a few rules for the conversations we can have at the dinner table.
5426,2175,5,11,53,69,1.3043478260869565,0.07242112982562723,593,"Loud and clear, Bonnie. You get the ficus and the juicer."
5518,2175,5,11,53,69,1.3043478260869565,0.07242112982562723,593,Don't ignore his emails.
5621,2175,7,7,55,69,1.3043478260869565,0.0780854337519581,593,"""What note""?"
5862,2175,4,13,52,69,1.3043478260869565,0.06941586695932576,593,"I haven't gotten around to reading it, but she didn't bother with a process server."
5718,2175,3,15,51,69,1.3043478260869565,0.06627446813222473,593,I'm requesting the delivery to put on my doorstep from now on.
5746,2175,5,11,53,69,1.3043478260869565,0.07242112982562723,593,"Honey, I can't find the list you left me..."
5060,2175,4,13,52,69,1.3043478260869565,0.06941586695932576,593,Yes. I'm quite sure this is my last Will
5900,2175,5,11,53,69,1.3043478260869565,0.07242112982562723,593,I would say it's more like a honey die list.
5933,2175,4,13,52,69,1.3043478260869565,0.06941586695932576,593,Hello 911? I'd like to report a Fake News attack!
5936,2175,4,13,52,69,1.3043478260869565,0.06941586695932576,593,"Yes, I definitely got your point as I was leaving."
5939,2175,4,13,52,69,1.3043478260869565,0.06941586695932576,593,"Well, next time write it backwards, so at least I can read it in the mirror."
5635,2175,4,13,52,69,1.3043478260869565,0.06941586695932576,593,"So she gives me the divorce papers but really, how does she expect me to sign them?"
5010,2175,4,13,52,69,1.3043478260869565,0.06941586695932576,593,"Okay, okay, you told me not to marry a Lutheran!"
4840,2175,5,11,53,69,1.3043478260869565,0.07242112982562723,593,"Yes, as a matter of fact, she personally delivered the property settlement papers."
4945,2175,4,13,52,69,1.3043478260869565,0.06941586695932576,593,Her therapist is a strict Lutheran.
5960,2175,4,13,52,69,1.3043478260869565,0.06941586695932576,593,I told him there was no way they were going to pin it on me!
4407,2175,3,15,51,69,1.3043478260869565,0.06627446813222473,593,The Pre-nup ? Not a good idea.
4415,2175,1,19,49,69,1.3043478260869565,0.05949613606948093,593,Do you think I should watch my back?
4436,2175,3,15,51,69,1.3043478260869565,0.06627446813222473,593,"I'm overreacting?? Well, I'm sorry, but that's exactly the way these divorce papers make feel."
4350,2175,3,15,51,69,1.3043478260869565,0.06627446813222473,593,She said that the five hundredth anniversary of Martin Luther's Reformation gave her the idea.
4447,2175,3,15,51,69,1.3043478260869565,0.06627446813222473,593,"No, I really didn't see that coming."
4450,2175,4,13,52,69,1.3043478260869565,0.06941586695932576,593,You said to call as soon as I got the divorce papers.
4979,2175,3,15,51,69,1.3043478260869565,0.06627446813222473,593,This is your editor returning your message.
4459,2175,3,15,51,69,1.3043478260869565,0.06627446813222473,593,"Well dear, tell your lawyer that I'm having a problem reading the fine print..."
4628,2175,3,15,51,69,1.3043478260869565,0.06627446813222473,593,Yes they have a list of demands and Yes I think they mean business.
4631,2175,3,15,51,69,1.3043478260869565,0.06627446813222473,593,I think I got the point
4706,2175,5,11,53,69,1.3043478260869565,0.07242112982562723,593,I would like to report a Coup!
4710,2175,6,9,54,69,1.3043478260869565,0.07530655685082074,593,My wife just delivered our divorce papers.
4817,2175,4,13,52,69,1.3043478260869565,0.06941586695932576,593,"I'm dealing with more Fake News than you can throw a knife at, really."
4887,2175,1,19,49,69,1.3043478260869565,0.05949613606948093,593,Is it because I still depend on a land line?
4913,2175,2,17,50,69,1.3043478260869565,0.06297656442442483,593,I'd like to leave a voice message for Marcus Junius Brutus please.
4625,2175,1,19,49,69,1.3043478260869565,0.05949613606948093,593,These latest demands from her feel like a knife in the back.
5969,2175,2,17,50,69,1.3043478260869565,0.06297656442442483,593,"Oh, and by the way, please stop sticking your menus everywhere."
7606,2175,2,17,50,69,1.3043478260869565,0.06297656442442483,593,I think she means it this time - she won't answer my emails.
6069,2175,3,15,51,69,1.3043478260869565,0.06627446813222473,593,Can I call you back? Someone just left me a message.
7289,2175,5,11,53,69,1.3043478260869565,0.07242112982562723,593,"Hi, I’m calling to return all 95 of your messages"
7307,2175,4,13,52,69,1.3043478260869565,0.06941586695932576,593,"Well, she did point out that she won't miss me."
7370,2175,4,13,52,69,1.3043478260869565,0.06941586695932576,593,I need an ambulance and a lawyer.
7396,2175,5,11,53,69,1.3043478260869565,0.07242112982562723,593,"...and on top of everything else, she's a Lutheran now, too."
7416,2175,3,15,51,69,1.3043478260869565,0.06627446813222473,593,"Yes, I'd like to make a complaint about how I'm being served."
7440,2175,6,9,54,69,1.3043478260869565,0.07530655685082074,593,"Boy, am I ever sorry I voted for Trump!"
7471,2175,3,15,51,69,1.3043478260869565,0.06627446813222473,593,The fake news is starting to feel real to me.
7277,2175,1,19,49,69,1.3043478260869565,0.05949613606948093,593,"Was she miffed? Yes, I think we can say ""miffed"" would apply."
7484,2175,4,13,52,69,1.3043478260869565,0.06941586695932576,593,I'd like to speak with Martin Luther's supervisor please.
7528,2175,2,17,50,69,1.3043478260869565,0.06297656442442483,593,I have to say that your last letter has really stuck with me.
7601,2175,4,13,52,69,1.3043478260869565,0.06941586695932576,593,Just a pain in my back and a lost chores list.
7603,2175,3,15,51,69,1.3043478260869565,0.06627446813222473,593,The bed in this suite is very uncomfortable.
7661,2175,3,15,51,69,1.3043478260869565,0.06627446813222473,593,Ellen walked out on me again. This time she didn’t even leave a note.
7751,2175,4,13,52,69,1.3043478260869565,0.06941586695932576,593,"Yes, Doctor, my wife is a Lutheran. Why do you ask?"
7808,2175,3,15,51,69,1.3043478260869565,0.06627446813222473,593,"No, Mom, she didn't sign the prenup."
4315,2175,4,13,52,69,1.3043478260869565,0.06941586695932576,593,"Hello, AT&T, yes, I think I'd like to change my Contract. Do you have something a little less painful?"
7517,2175,4,13,52,69,1.3043478260869565,0.06941586695932576,593,"Sure, I'll give you the shirt off my back. Over my dead body."
6004,2175,4,13,52,69,1.3043478260869565,0.06941586695932576,593,I have a complaint about the newspaper delivery person.
7131,2175,4,13,52,69,1.3043478260869565,0.06941586695932576,593,"While I'm not sure I can sign it, their lawyer did make a compelling point."
7091,2175,5,11,53,69,1.3043478260869565,0.07242112982562723,593,I signed a couple bad contracts and now they won't get off my back!
6073,2175,4,13,52,69,1.3043478260869565,0.06941586695932576,593,Ok.. you made your point...
6116,2175,6,9,54,69,1.3043478260869565,0.07530655685082074,593,"Hold on, I just received a text from my smartknife."
6153,2175,4,13,52,69,1.3043478260869565,0.06941586695932576,593,"You’re not going to stick me with another two year contract again, are you?"
6220,2175,3,15,51,69,1.3043478260869565,0.06627446813222473,593,"No, I haven't seen the divorce papers yet."
6252,2175,3,15,51,69,1.3043478260869565,0.06627446813222473,593,"He was supposed to nail it to the door, right?"
6280,2175,3,15,51,69,1.3043478260869565,0.06627446813222473,593,"911? You see, I had just finished explaining the phrase stick it to me to my toddler..."
6353,2175,3,15,51,69,1.3043478260869565,0.06627446813222473,593,They just delivered our middle income tax reform package
7099,2175,4,13,52,69,1.3043478260869565,0.06941586695932576,593,Yes? Hello? I'd like to complain about the newspaper delivery.
6357,2175,0,21,48,69,1.3043478260869565,0.055799038949543286,593,I feel like there’s something I’m supposed to remember.
6582,2175,3,15,51,69,1.3043478260869565,0.06627446813222473,593,That’s not the half of it; they charged me with carrying a concealed weapon.
6620,2175,3,15,51,69,1.3043478260869565,0.06627446813222473,593,"No, she didn't tell me in so many words."
6668,2175,6,9,54,69,1.3043478260869565,0.07530655685082074,593,"Honey, have you seen my last will and testament?"
6918,2175,2,17,50,69,1.3043478260869565,0.06297656442442483,593,'My back is killing me!' is not a pre-existing condition.
7015,2175,2,17,50,69,1.3043478260869565,0.06297656442442483,593,Take a stab at the reviews in the back.
7016,2175,3,15,51,69,1.3043478260869565,0.06627446813222473,593,"Hello, Mr Luther, this is Bob from 1517. Yes, your son Marty has been at it again."
7029,2175,3,15,51,69,1.3043478260869565,0.06627446813222473,593,"Yes, honey, I ordered more post-it's."
6565,2175,3,15,51,69,1.3043478260869565,0.06627446813222473,593,"Apparently, the 'terms and conditions' state that I can only refer to them as ""the assailant""."
4276,2175,5,11,53,69,1.3043478260869565,0.07242112982562723,593,"I know you were raised as a Lutheran, but couldn't you just stuck your complaints on the door."
1134,2175,2,17,50,69,1.3043478260869565,0.06297656442442483,593,Call me old school but a contract must cut both ways.
4191,2175,3,15,51,69,1.3043478260869565,0.06627446813222473,593,Tell me again where you put the shopping list.
952,2175,3,15,51,69,1.3043478260869565,0.06627446813222473,593,"I specifically told the man, ""Post No Bills."""
1036,2175,4,13,52,69,1.3043478260869565,0.06941586695932576,593,I’m finding it difficult to read the separation agreement.
1137,2175,6,9,54,69,1.3043478260869565,0.07530655685082074,593,"Hello, Mrs. Luther? Yes, I'm calling about your son Martin."
1321,2175,5,11,53,69,1.3043478260869565,0.07242112982562723,593,I need an ambulance and a lawyer.
1420,2175,4,13,52,69,1.3043478260869565,0.06941586695932576,593,"Frankly, she didn't handle the divorce papers very well."
1542,2175,5,11,53,69,1.3043478260869565,0.07242112982562723,593,"Yes, Martin, I got your point."
1563,2175,5,11,53,69,1.3043478260869565,0.07242112982562723,593,"We weren't exactly happy, but I can't say I saw this coming."
1659,2175,3,15,51,69,1.3043478260869565,0.06627446813222473,593,"No, I’ve been extremely served."
1700,2175,5,11,53,69,1.3043478260869565,0.07242112982562723,593,It's not the fine print that gets you.
1707,2175,3,15,51,69,1.3043478260869565,0.06627446813222473,593,Where did you say you put the divorce papers?
1711,2175,2,17,50,69,1.3043478260869565,0.06297656442442483,593,"Am I feeling listless? No, not exactly."
1759,2175,6,9,54,69,1.3043478260869565,0.07530655685082074,593,Just to be clear - you have practiced pirate law before?
1761,2175,2,17,50,69,1.3043478260869565,0.06297656442442483,593,Next time just hand them to me.
1766,2175,5,11,53,69,1.3043478260869565,0.07242112982562723,593,I got your letter and it really hurt.
1778,2175,3,15,51,69,1.3043478260869565,0.06627446813222473,593,All I heard when she went out the door was “and here’s your damn pre-nup”. It felt like a stab in the back.
818,2175,3,15,51,69,1.3043478260869565,0.06627446813222473,593,"No, I haven't actually seen the note...but I'm fairly certain she wants a divorce."
759,2175,2,17,50,69,1.3043478260869565,0.06297656442442483,593,Well their initial offer was acceptable... but they added an amendment I can't refuse.
732,2175,4,13,52,69,1.3043478260869565,0.06941586695932576,593,What do you mean this is just the first draft?
724,2175,8,5,56,69,1.3043478260869565,0.08076875895875199,593,Balding...German accent...accomplice called him Luther.
4240,2175,4,13,52,69,1.3043478260869565,0.06941586695932576,593,"No, their forms are NOT a pain in the neck."
24,2175,4,13,52,69,1.3043478260869565,0.06941586695932576,593,"I'm not sure I'd call the divorce, ""amicable""."
175,2175,4,13,52,69,1.3043478260869565,0.06941586695932576,593,"I'm sorry, honey, I didn't see it. But I feel all of your concerns, especially the one about my not putting the toilette seat back down."
193,2175,2,17,50,69,1.3043478260869565,0.06297656442442483,593,"Hello, Find A Mate, I want my money back."
219,2175,4,13,52,69,1.3043478260869565,0.06941586695932576,593,Hello Martin Luther? I think there's been a mistake.
270,2175,4,13,52,69,1.3043478260869565,0.06941586695932576,593,"9-1-1, I've been manifestoed."
372,2175,3,15,51,69,1.3043478260869565,0.06627446813222473,593,I think I'm finally ready to give email a try.
1877,2175,4,13,52,69,1.3043478260869565,0.06941586695932576,593,"Your attorney just served me with divorce papers...would he happen to be Lutheran, per chance?"
457,2175,4,13,52,69,1.3043478260869565,0.06941586695932576,593,My wife gets less and less subtle each year about what she wants for her birthday.
550,2175,3,15,51,69,1.3043478260869565,0.06627446813222473,593,I've looked everywhere for the shopping list.
592,2175,5,11,53,69,1.3043478260869565,0.07242112982562723,593,"No, I asked for the MLK impersonator, not the Martin Luther impersonator."
629,2175,4,13,52,69,1.3043478260869565,0.06941586695932576,593,"'I'm sorry but I have to cancel the movers, Iv'e been stuck with my old rental agreement for another year."""
656,2175,2,17,50,69,1.3043478260869565,0.06297656442442483,593,Seriously. I won't forget.
669,2175,5,11,53,69,1.3043478260869565,0.07242112982562723,593,The IRS is really getting tough with failure to pay on time!
670,2175,4,13,52,69,1.3043478260869565,0.06941586695932576,593,"Yes, I know I'm stuck with the fine print!"
720,2175,5,11,53,69,1.3043478260869565,0.07242112982562723,593,The Mrs. just served me with those divorce papers
513,2175,4,13,52,69,1.3043478260869565,0.06941586695932576,593,"The food was good, but I wasn't nuts about how they presented the check."
2033,2175,4,13,52,69,1.3043478260869565,0.06941586695932576,593,"""Yes, I got your note, I guess things haven't changed""!?"
413,2175,6,9,54,69,1.3043478260869565,0.07530655685082074,593,"Yea, I got it. Did you ever try using PostIt notes?"
2045,2175,5,11,53,69,1.3043478260869565,0.07242112982562723,593,"Saul, I'm being sued by Brutus, too."
3268,2175,3,15,51,69,1.3043478260869565,0.06627446813222473,593,Can you call me back?
3335,2175,3,15,51,69,1.3043478260869565,0.06627446813222473,593,"Sorry, not tonight . . . I’ve got 95 theses to read."
3450,2175,4,13,52,69,1.3043478260869565,0.06941586695932576,593,"9-1-1? ""I'd like to report that some idiot thinks backstabbing is covered by the 2nd Amendment."
3480,2175,3,15,51,69,1.3043478260869565,0.06627446813222473,593,Next time email will be just fine.
3486,2175,4,13,52,69,1.3043478260869565,0.06941586695932576,593,I got your first note. Should I expect any follow-up?
3589,2175,3,15,51,69,1.3043478260869565,0.06627446813222473,593,I vaguely recall you mentioning a list while I was watching the game.
3597,2175,4,13,52,69,1.3043478260869565,0.06941586695932576,593,A simple pink slip would have been sufficient.
3674,2175,6,9,54,69,1.3043478260869565,0.07530655685082074,593,"Yes, I want a divorce too, but how do you expect me to sign the damn thing."
3788,2175,4,13,52,69,1.3043478260869565,0.06941586695932576,593,I think she really means it this time.
3793,2175,4,13,52,69,1.3043478260869565,0.06941586695932576,593,It's actually quite refreshing considering all of the front stabbers we've had this year.
3818,2175,3,15,51,69,1.3043478260869565,0.06627446813222473,593,I'm beginning to think she was serious about the divorce.
3889,2175,4,13,52,69,1.3043478260869565,0.06941586695932576,593,She left a note. It feels like a stab in the back.
3920,2175,7,7,55,69,1.3043478260869565,0.0780854337519581,593,"Et tu, Doris. You couldn't just leave an ordinary Dear John letter, like anyone else, could you?"
3947,2175,5,11,53,69,1.3043478260869565,0.07242112982562723,593,He said something about being related to Martin Luther.
2040,2175,5,11,53,69,1.3043478260869565,0.07242112982562723,593,"The insurance company said they would be on my side, not on my back."
3238,2175,7,7,55,69,1.3043478260869565,0.0780854337519581,593,"Yes, I am a middle class taxpayer."
3207,2175,5,11,53,69,1.3043478260869565,0.07242112982562723,593,The hospital said I would experience some back pain when bill came.
3285,2175,6,9,54,69,1.3043478260869565,0.07530655685082074,593,I sorry Mr. President I can't sign this well-worded resignation but it's definitely not because I don't want to.
3027,2175,4,13,52,69,1.3043478260869565,0.06941586695932576,593,I am calling to report attempted reformation.
2053,2175,5,11,53,69,1.3043478260869565,0.07242112982562723,593,Your aggressive advertising for the Caesar salad has me intrigued.
2141,2175,4,13,52,69,1.3043478260869565,0.06941586695932576,593,She wants a divorce.
2224,2175,5,11,53,69,1.3043478260869565,0.07242112982562723,593,"My God Doctor, my wife's Lasik surgery has failed."
2281,2175,5,11,53,69,1.3043478260869565,0.07242112982562723,593,Yes Doctor... My wife has her Martin Luther delusion back.
2395,2175,3,15,51,69,1.3043478260869565,0.06627446813222473,593,"Well no, I haven’t read it yet, but it SEEMS like an emergency ..."
2468,2175,5,11,53,69,1.3043478260869565,0.07242112982562723,593,I have a few problems with your chapter about our marriage.
3165,2175,3,15,51,69,1.3043478260869565,0.06627446813222473,593,"No, I didn't get your message."
2480,2175,3,15,51,69,1.3043478260869565,0.06627446813222473,593,"Yes, I get the point. The check is in the mail."
2471,2175,5,11,53,69,1.3043478260869565,0.07242112982562723,593,"9-1-1, my name is William. Can you please send someone? My wife just tried to execute her will."
2588,2175,6,9,54,69,1.3043478260869565,0.07530655685082074,593,What message?
2612,2175,5,11,53,69,1.3043478260869565,0.07242112982562723,593,Wikileaks evidently has a new way to release information.
2867,2175,5,11,53,69,1.3043478260869565,0.07242112982562723,593,Tell my attorney I’m calling about the prenup.
2881,2175,3,15,51,69,1.3043478260869565,0.06627446813222473,593,"No, I don't think to say ""getting this letter is a stab in the back"" is exaggerating."
4067,2175,1,19,49,69,1.3043478260869565,0.05949613606948093,593,"Yes, she delivered the divorce papers herself."
2982,2175,6,9,54,69,1.3043478260869565,0.07530655685082074,593,"Hello, Martin? Martin Luther?"
3024,2175,2,17,50,69,1.3043478260869565,0.06297656442442483,593,"Hello. I would like to answer, what is black and white and red all over."
2482,2175,3,15,51,69,1.3043478260869565,0.06627446813222473,593,Isn't it customary for a process server and not your client to deliver the divorce papers?
7032,2329,4,13,53,70,1.3,0.06855503599782095,593,"Hello, Mary? Please leave your message on the machine next time."
3613,2329,2,17,51,70,1.3,0.06222246869713582,593,I asked Marge to put it in writing.
6693,2329,8,5,57,70,1.3,0.07972520091197943,593,Not really an ache...More of a sharp manifesto.
6231,2329,5,11,54,70,1.3,0.07151133921002156,593,I can't find the list you left and the pain in my back still hasn't gone away.
5416,2329,5,11,54,70,1.3,0.07151133921002156,593,"Yeah, the guy playing Luther took it really seriously."
5157,2329,4,13,53,70,1.3,0.06855503599782095,593,I haven't had a chance to read the fine print.
3711,2329,3,15,52,70,1.3,0.06546536707079771,593,I still haven't received your list of demands.
3423,2329,6,9,55,70,1.3,0.0743501870243714,593,It doesn't feel like a subpoena. I think it's the Ten Commandments.
6053,2329,4,13,53,70,1.3,0.06855503599782095,593,"Just a bit of advice ....""watch your back."""
2406,2329,3,15,52,70,1.3,0.06546536707079771,593,I don't know. It could be a honey-do list or divorce papers.
1528,2329,5,11,54,70,1.3,0.07151133921002156,593,I just got your text.
1031,2329,2,17,51,70,1.3,0.06222246869713582,593,"No, the reconciliation isn’t going well."
937,2329,4,13,53,70,1.3,0.06855503599782095,593,I can't today Phil; my wife has given me a honey-do list
811,2329,1,19,50,70,1.3,0.05880099434378475,593,"Yes, it's a fair contract, but there's one sticking point."
254,2329,4,13,53,70,1.3,0.06855503599782095,593,"Yes, I got her sign the pre-nup."
230,2329,6,9,55,70,1.3,0.0743501870243714,593,So she found out she only gets the house...
2607,2329,6,9,55,70,1.3,0.0743501870243714,593,"Yes. I found the grocery list, Helen."
5044,2346,3,14,50,67,1.2985074626865671,0.0673022351167596,593,"Honey, remember that argument I had with the mail carrier?"
5016,2346,4,12,51,67,1.2985074626865671,0.07058239784879214,593,"I can't remember exactly, I stuck it somewhere."
4953,2346,5,10,52,67,1.2985074626865671,0.07371674789665346,593,I don't think she appreciated that article on self-improvement I gave her.
4856,2346,4,12,51,67,1.2985074626865671,0.07058239784879214,593,"Okay, so you didn't like the script. You could have just mailed it back."
4885,2346,5,10,52,67,1.2985074626865671,0.07371674789665346,593,Let's just say I'm uncomfortable with the list of demands that they left behind my back.
4869,2346,4,12,51,67,1.2985074626865671,0.07058239784879214,593,"I can't play cards tonight, I'm stuck with a 'to do' list"
5126,2346,3,14,50,67,1.2985074626865671,0.0673022351167596,593,I received your final notice.
4886,2346,3,14,50,67,1.2985074626865671,0.0673022351167596,593,"9-1-1? Yes, I'd like to report that I received an attack ad through the mail."
5132,2346,2,16,49,67,1.2985074626865671,0.06385379250552001,593,I just received my new policy and I have a question about the deductible.
5221,2346,3,14,50,67,1.2985074626865671,0.0673022351167596,593,I have the answer to our law suit.
5175,2346,3,14,50,67,1.2985074626865671,0.0673022351167596,593,Well I did tell her I didn't like text messages.
5213,2346,4,12,51,67,1.2985074626865671,0.07058239784879214,593,For once could you just leave the shopping list someplace I can find it?
4819,2346,3,14,50,67,1.2985074626865671,0.0673022351167596,593,"Maybe you're right, Bob. I should have seen this coming."
5229,2346,4,12,51,67,1.2985074626865671,0.07058239784879214,593,"As soon as I find a mirror--and master right to left , you'll get your darn report."
5306,2346,4,12,51,67,1.2985074626865671,0.07058239784879214,593,"Yes, I received it, but I'm having a hard time reading it."
5337,2346,5,10,52,67,1.2985074626865671,0.07371674789665346,593,"I am sorry Pamela, but that is no the way to serve a divorce notice"
5343,2346,1,18,48,67,1.2985074626865671,0.06020816209588544,593,I received the documents from my wife. I don't believe that this will be settled amicably.
5368,2346,2,16,49,67,1.2985074626865671,0.06385379250552001,593,"I know I'm not supposed to call you, but I can't find our divorce papers."
5418,2346,3,14,50,67,1.2985074626865671,0.0673022351167596,593,"It was a stab and run, but they left all their insurance information."
5420,2346,3,14,50,67,1.2985074626865671,0.0673022351167596,593,"Sorry, I can't take any more messages."
5165,2346,2,16,49,67,1.2985074626865671,0.06385379250552001,593,"Yes, Monsignor, we have evidence that Martin Luther is back."
4800,2346,4,12,51,67,1.2985074626865671,0.07058239784879214,593,"Hello, I am just calling to confirm that I have received your message"
4654,2346,2,16,49,67,1.2985074626865671,0.06385379250552001,593,The contract has one big sticking point.
4765,2346,2,16,49,67,1.2985074626865671,0.06385379250552001,593,I got your point. I prefer Twitter.
5498,2346,4,12,51,67,1.2985074626865671,0.07058239784879214,593,"Yeah, my wife just had divorce papers served. Can you send an ambulance?"
3704,2346,4,12,51,67,1.2985074626865671,0.07058239784879214,593,Is that one-bedroom still available?
3652,2346,4,12,51,67,1.2985074626865671,0.07058239784879214,593,"hello, 911? yes, i can hold."
3714,2346,5,10,52,67,1.2985074626865671,0.07371674789665346,593,Honey....where did you put the shopping list??
3732,2346,3,14,50,67,1.2985074626865671,0.0673022351167596,593,Is that your final offer?
3836,2346,3,14,50,67,1.2985074626865671,0.0673022351167596,593,"Yes, I think that I need a divorce attorney. My wife just nailed 95 thesis to my back."
3883,2346,3,14,50,67,1.2985074626865671,0.0673022351167596,593,"Hi honey! Yes, the paperwork is right where you left it"
3904,2346,3,14,50,67,1.2985074626865671,0.0673022351167596,593,"Yes, she left a note but I haven't read it yet."
4012,2346,4,12,51,67,1.2985074626865671,0.07058239784879214,593,"Sticky notes shouldn't hurt, should they?"
4025,2346,4,12,51,67,1.2985074626865671,0.07058239784879214,593,"...yes, I believe I’ve been served."
4171,2346,7,6,54,67,1.2985074626865671,0.07961612267126512,593,"Honey, I just received a copy of the Republican tax reform bill."
4274,2346,3,14,50,67,1.2985074626865671,0.0673022351167596,593,The bill from the chiropractor came in. It didn’t make a difference.
4283,2346,2,16,49,67,1.2985074626865671,0.06385379250552001,593,"So I said, ""Let's just take a stab at working out our divorce settlement,"" and she . . ."
4329,2346,4,12,51,67,1.2985074626865671,0.07058239784879214,593,"Yes, Mr President, I feel I'm well qualified."
4391,2346,4,12,51,67,1.2985074626865671,0.07058239784879214,593,My wife just served me with divorce papers.
4465,2346,4,12,51,67,1.2985074626865671,0.07058239784879214,593,"No, Luther is not here and yes, he did leave his grievances with me."
4542,2346,3,14,50,67,1.2985074626865671,0.0673022351167596,593,If you don't pick up the phone I'm dead.
4545,2346,4,12,51,67,1.2985074626865671,0.07058239784879214,593,"Hi, it's me. I got your message."
4602,2346,4,12,51,67,1.2985074626865671,0.07058239784879214,593,Ma? Have you converted my bedroom yet?
4633,2346,2,16,49,67,1.2985074626865671,0.06385379250552001,593,I haven't seen it. Was it a text or an email?
4732,2346,4,12,51,67,1.2985074626865671,0.07058239784879214,593,"Oh, and I suppose because I didn't read your letter that now I'm ""unfeeling."""
4776,2346,3,14,50,67,1.2985074626865671,0.0673022351167596,593,"Yes, I'm aware my account is overdue. Your representative was just here to inquire about it."
5550,2346,1,18,48,67,1.2985074626865671,0.06020816209588544,593,Well does the doctor have any time free next week?
7660,2346,3,14,50,67,1.2985074626865671,0.0673022351167596,593,I’ve been having trouble sleeping on my back.
5630,2346,5,10,52,67,1.2985074626865671,0.07371674789665346,593,The new tax forms arrived.
6868,2346,3,14,50,67,1.2985074626865671,0.0673022351167596,593,My Congressman just gave me a copy of the new tax bill.
6882,2346,3,14,50,67,1.2985074626865671,0.0673022351167596,593,"I need to speak to my attorney, please. It appears my wife has posted 95 reasons why she wants a divorce."
6904,2346,2,16,49,67,1.2985074626865671,0.06385379250552001,593,Hold on. I think I just got served with divorce papers.
6943,2346,2,16,49,67,1.2985074626865671,0.06385379250552001,593,"Yes, I got the invitation to my funeral."
6956,2346,3,14,50,67,1.2985074626865671,0.0673022351167596,593,"Yes, I saw the doctor about my back pain...he said it's too long to explain..."
7007,2346,3,14,50,67,1.2985074626865671,0.0673022351167596,593,I haven't read it but I'm assuming she wants a divorce.
7038,2346,4,12,51,67,1.2985074626865671,0.07058239784879214,593,She really drove in the knife with these divorce papers.
7064,2346,3,14,50,67,1.2985074626865671,0.0673022351167596,593,"Yes, I know we agreed the title would be ""Death Surprised Me"" and I feel the ending is becoming clearer."
7115,2346,3,14,50,67,1.2985074626865671,0.0673022351167596,593,This is clearly not what I expected when I suggested he took a stab at his homework.
7191,2346,3,14,50,67,1.2985074626865671,0.0673022351167596,593,Protestant.
7196,2346,5,10,52,67,1.2985074626865671,0.07371674789665346,593,I Agree
7296,2346,5,10,52,67,1.2985074626865671,0.07371674789665346,593,She said she was glad to see the back of me.
7311,2346,4,12,51,67,1.2985074626865671,0.07058239784879214,593,"Now, we both know nobody enjoys a good ""KICK ME"" sign more than I do, but I wish you'd found another way to attach it."
7338,2346,6,8,53,67,1.2985074626865671,0.07672315787838994,593,"She's really sore. But reading her complaint in the bathroom mirror, I'd say she's got it all backwards."
7383,2346,2,16,49,67,1.2985074626865671,0.06385379250552001,593,She really stuck it to me.
7392,2346,3,14,50,67,1.2985074626865671,0.0673022351167596,593,It's always the fine print that gets you.
7496,2346,2,16,49,67,1.2985074626865671,0.06385379250552001,593,The backbiting has stopped. Now it's escalated to backstabbing ultimatums!
7580,2346,3,14,50,67,1.2985074626865671,0.0673022351167596,593,She took the divorce papers surprisingly well.
7596,2346,6,8,53,67,1.2985074626865671,0.07672315787838994,593,I ran into Martin Luther today.
7685,2346,6,8,53,67,1.2985074626865671,0.07672315787838994,593,"No, literally. He literally stabbed me in the back, through a copy of the Constitution for some reason."
3651,2346,4,12,51,67,1.2985074626865671,0.07058239784879214,593,There's a lot of backstabbing in the print media.
6835,2346,2,16,49,67,1.2985074626865671,0.06385379250552001,593,I think someone has put out a contract on me.
5592,2346,4,12,51,67,1.2985074626865671,0.07058239784879214,593,"Yes, she left me the divorce papers to sign."
6789,2346,5,10,52,67,1.2985074626865671,0.07371674789665346,593,No . . . it's a little higher up and more to the left . . .
6646,2346,4,12,51,67,1.2985074626865671,0.07058239784879214,593,Where did you put my honey-do list?
5649,2346,3,14,50,67,1.2985074626865671,0.0673022351167596,593,"No officer, I don't know the subject of the document."
5697,2346,6,8,53,67,1.2985074626865671,0.07672315787838994,593,"The Drug Facts info for my painkiller - honey, where'd you stick that?"
5781,2346,4,12,51,67,1.2985074626865671,0.07058239784879214,593,...then he mumbled something about indulgences and asked me if I had any Pepto.
5831,2346,5,10,52,67,1.2985074626865671,0.07371674789665346,593,Tell the president that I got his return tweet!
5852,2346,5,10,52,67,1.2985074626865671,0.07371674789665346,593,Tell him that all submissions must go through proper channels.
5870,2346,5,10,52,67,1.2985074626865671,0.07371674789665346,593,"Yes, she served the divorce papers today."
5874,2346,3,14,50,67,1.2985074626865671,0.0673022351167596,593,"No, I cannot read what is on the paper."
5968,2346,3,14,50,67,1.2985074626865671,0.0673022351167596,593,"No, I'm tired of reading her notes in the mirror. I need you over here."
5997,2346,6,8,53,67,1.2985074626865671,0.07672315787838994,593,Did you leave it somewhere I could find it?
6163,2346,2,16,49,67,1.2985074626865671,0.06385379250552001,593,Today’s news is killing me.
6176,2346,3,14,50,67,1.2985074626865671,0.0673022351167596,593,"Given how the divorce papers were served, Emily, I guess there's no chance of reconciliation."
6184,2346,4,12,51,67,1.2985074626865671,0.07058239784879214,593,Couldn't have just sent an email?
6255,2346,3,14,50,67,1.2985074626865671,0.0673022351167596,593,I'm pretty sure she stuck me with they're divorce papers.
6261,2346,3,14,50,67,1.2985074626865671,0.0673022351167596,593,"Yes, I need to hire a new Administrative Assistant."
6268,2346,4,12,51,67,1.2985074626865671,0.07058239784879214,593,"Just because I clicked ""agree"" instead of reading the Terms and Conditions, doesn't mean that it's okay for you to stab me in the back."
6292,2346,5,10,52,67,1.2985074626865671,0.07371674789665346,593,"Honey, have you seen the grocery list?"
6391,2346,5,10,52,67,1.2985074626865671,0.07371674789665346,593,And we agree that when I take it out it becomes a legally enforceable blood pact.
6457,2346,3,14,50,67,1.2985074626865671,0.0673022351167596,593,It's apparently true... I'd make a better door than a window.
6541,2346,6,8,53,67,1.2985074626865671,0.07672315787838994,593,She ALWAYS has the last word.
6617,2346,2,16,49,67,1.2985074626865671,0.06385379250552001,593,"Honey, I can't find your to-do list."
6641,2346,5,10,52,67,1.2985074626865671,0.07371674789665346,593,She finally signed the divorce papers but I'm left with this stabbing pain.
6700,2346,1,18,48,67,1.2985074626865671,0.06020816209588544,593,My troubles are behind me.
3621,2346,3,14,50,67,1.2985074626865671,0.0673022351167596,593,Where did you leave the divorce papers you want me to sign?
2889,2346,3,14,50,67,1.2985074626865671,0.0673022351167596,593,I don't have to read it to know she was mad as hell.
3470,2346,2,16,49,67,1.2985074626865671,0.06385379250552001,593,"I have to say again, Mildred, naming him Martin Luther was a really bad idea."
997,2346,3,14,50,67,1.2985074626865671,0.0673022351167596,593,I have this nagging feeling they didn't like our offer.
1056,2346,6,8,53,67,1.2985074626865671,0.07672315787838994,593,I think it's a list of her complaints.
1079,2346,0,20,47,67,1.2985074626865671,0.05632706941241333,593,"My ""To Do List"" is killing me."
1097,2346,3,14,50,67,1.2985074626865671,0.0673022351167596,593,I'd prefer not to take another message.
1102,2346,3,14,50,67,1.2985074626865671,0.0673022351167596,593,"Yes, sir.....I see sir. I agree it may have gone better with you here......no, I am quite certain I know the precise moment that contract negations broke down..."
1237,2346,4,12,51,67,1.2985074626865671,0.07058239784879214,593,"Wait a minute, she left a note around here somewhere."
1254,2346,3,14,50,67,1.2985074626865671,0.0673022351167596,593,"It's about the cable bill, I need to change delivery."
1257,2346,4,12,51,67,1.2985074626865671,0.07058239784879214,593,"Yes, my wife’s lawyer just delivered a copy of the divorce papers."
1273,2346,3,14,50,67,1.2985074626865671,0.0673022351167596,593,"HR Department please, it's about the termination letter."
994,2346,1,18,48,67,1.2985074626865671,0.06020816209588544,593,And then the second my back was turned...
1274,2346,3,14,50,67,1.2985074626865671,0.0673022351167596,593,I don’t know. Who do you think yours is from?
1294,2346,2,16,49,67,1.2985074626865671,0.06385379250552001,593,"No, officer. I don't mean it as a metaphor!"
1340,2346,2,16,49,67,1.2985074626865671,0.06385379250552001,593,"I haven't yet read the accompanying letter, but is it reasonable to surmise that I won't be getting a second interview?"
1348,2346,4,12,51,67,1.2985074626865671,0.07058239784879214,593,"Well Mom, she finally did it -- She served me with divorce papers..."
1349,2346,5,10,52,67,1.2985074626865671,0.07371674789665346,593,"So, long story short, we’re going through quite the Reformation in our relationship right now."
1395,2346,4,12,51,67,1.2985074626865671,0.07058239784879214,593,My wife just got back to me.
1438,2346,3,14,50,67,1.2985074626865671,0.0673022351167596,593,"If you don't want to sign the prenup, you just should have said so!"
1547,2346,3,14,50,67,1.2985074626865671,0.0673022351167596,593,A poison pen letter would have been enough...
1550,2346,4,12,51,67,1.2985074626865671,0.07058239784879214,593,My editor wants me to take another stab at it.
1639,2346,3,14,50,67,1.2985074626865671,0.0673022351167596,593,"Thanks for the heads up, but my wife just delivered the divorce papers. ."
1281,2346,3,14,50,67,1.2985074626865671,0.0673022351167596,593,Her divorce lawyer is evidently Lutheran.
959,2346,4,12,51,67,1.2985074626865671,0.07058239784879214,593,Gotta go.
938,2346,3,14,50,67,1.2985074626865671,0.0673022351167596,593,I have a problem with your user agreement.
929,2346,2,16,49,67,1.2985074626865671,0.06385379250552001,593,"Honey, I can't find your shopping list anywhere!"
86,2346,3,14,50,67,1.2985074626865671,0.0673022351167596,593,So I can assume you won't be coming home tonight dear?
91,2346,2,16,49,67,1.2985074626865671,0.06385379250552001,593,The proposal was rejected.
102,2346,7,6,54,67,1.2985074626865671,0.07961612267126512,593,"Yes, Luther. L-U-T-H-E-R."
121,2346,5,10,52,67,1.2985074626865671,0.07371674789665346,593,She gave me some divorce papers so I think she's on to us.
197,2346,4,12,51,67,1.2985074626865671,0.07058239784879214,593,"Hello, New Yorker magazine, I have a copy of the latest GOP tax bill."
206,2346,3,14,50,67,1.2985074626865671,0.0673022351167596,593,"No, not tattoo removal."
210,2346,4,12,51,67,1.2985074626865671,0.07058239784879214,593,"Well, I think they're pretty strict Terms and Conditions."
215,2346,6,8,53,67,1.2985074626865671,0.07672315787838994,593,"Yes, I'm certain they are divorce papers."
226,2346,4,12,51,67,1.2985074626865671,0.07058239784879214,593,"Et tu, Telemarketer?"
280,2346,3,14,50,67,1.2985074626865671,0.0673022351167596,593,"She's gone, and something tells me she won't be back."
375,2346,6,8,53,67,1.2985074626865671,0.07672315787838994,593,"In the future, I'd really appreciate it if you just left me a voicemail message."
424,2346,4,12,51,67,1.2985074626865671,0.07058239784879214,593,"Well, the chef begs to differ and I think he makes a very, strong point."
448,2346,4,12,51,67,1.2985074626865671,0.07058239784879214,593,``I can't find the prenup anywhere.''
465,2346,5,10,52,67,1.2985074626865671,0.07371674789665346,593,I'd like to report a hate rhyme
486,2346,5,10,52,67,1.2985074626865671,0.07371674789665346,593,"Honey, I'm telling you, I've looked everywhere and I can't find this ""To Do List"" you say you've left for me."
604,2346,2,16,49,67,1.2985074626865671,0.06385379250552001,593,"Yes, and I don’t think she’s happy with it."
628,2346,2,16,49,67,1.2985074626865671,0.06385379250552001,593,It's that age old dilemma .. I never know whether to take it figuratively .. or literally.
712,2346,4,12,51,67,1.2985074626865671,0.07058239784879214,593,"Yes, I have a complaint about your delivery service."
776,2346,2,16,49,67,1.2985074626865671,0.06385379250552001,593,"Yes, I suppose it is ironic that she called the prenup a betrayal."
861,2346,4,12,51,67,1.2985074626865671,0.07058239784879214,593,"I would be interested, but I really can't pull out of my current contract."
879,2346,3,14,50,67,1.2985074626865671,0.0673022351167596,593,"Why, yes -- I did get the divorce papers from your lawyer today."
1660,2346,4,12,51,67,1.2985074626865671,0.07058239784879214,593,I don't like being a target of fake news.
1706,2346,5,10,52,67,1.2985074626865671,0.07371674789665346,593,I don’t know why she keeps saying I’m clueless about feelings
1741,2346,6,8,53,67,1.2985074626865671,0.07672315787838994,593,"I know you have a long list of complaints but if you don't come back, who's going to get the stain out of my shirt?"
2758,2346,4,12,51,67,1.2985074626865671,0.07058239784879214,593,She left some divorce papers for me to sign.
2806,2346,4,12,51,67,1.2985074626865671,0.07058239784879214,593,No. I can't read to you.
2830,2346,3,14,50,67,1.2985074626865671,0.0673022351167596,593,"Well , Detective, it started off with a simple ""kick me""..."
2850,2346,3,14,50,67,1.2985074626865671,0.0673022351167596,593,"Except for a few, minor hitches, she took the news rather well."
2854,2346,5,10,52,67,1.2985074626865671,0.07371674789665346,593,"No, your daughter has been expressing her feelings quite clearly lately"
2876,2346,5,10,52,67,1.2985074626865671,0.07371674789665346,593,"Yes sir, I did receive the notice about cutbacks."
2880,2346,1,18,48,67,1.2985074626865671,0.06020816209588544,593,Rejecting my submission?! Talk about adding insult to injury!
3573,2346,2,16,49,67,1.2985074626865671,0.06385379250552001,593,"She left me a message, but I can't read it."
2896,2346,5,10,52,67,1.2985074626865671,0.07371674789665346,593,Your wife isn't ready to settle yet.
2940,2346,3,14,50,67,1.2985074626865671,0.0673022351167596,593,"When I asked for a pointed reply, this wasn't what I expected."
2780,2346,3,14,50,67,1.2985074626865671,0.0673022351167596,593,Is it too late to cancel that reservation?
2941,2346,3,14,50,67,1.2985074626865671,0.0673022351167596,593,My wife doesn't want to remortgage.
3049,2346,2,16,49,67,1.2985074626865671,0.06385379250552001,593,"We will give fair consideration to your application, but you will not be given any preference over those who submitted electronically."
3073,2346,3,14,50,67,1.2985074626865671,0.0673022351167596,593,"Yeah, I think his name is Luther."
3103,2346,4,12,51,67,1.2985074626865671,0.07058239784879214,593,"This tax plan feels like a knife in the back, but they say it will trickle down in our pockets"
3161,2346,5,10,52,67,1.2985074626865671,0.07371674789665346,593,"Sorry, I don't know where my wife put it."
3199,2346,2,16,49,67,1.2985074626865671,0.06385379250552001,593,I would like to cancel my subscription to Threats Weekly.
3300,2346,4,12,51,67,1.2985074626865671,0.07058239784879214,593,My wife thinks she's the next Martin Luther.
3366,2346,4,12,51,67,1.2985074626865671,0.07058239784879214,593,"Luther, the company's policy is to post your ideas on the message board."
3375,2346,3,14,50,67,1.2985074626865671,0.0673022351167596,593,Yes dear I got your shopping list.
3399,2346,4,12,51,67,1.2985074626865671,0.07058239784879214,593,Trolling on Facebook would suffice
2998,2346,6,8,53,67,1.2985074626865671,0.07672315787838994,593,It’s what we get for raising him Lutheran.
1755,2346,4,12,51,67,1.2985074626865671,0.07058239784879214,593,Are you sure? Because billing just told me to talk to you about this
2738,2346,2,16,49,67,1.2985074626865671,0.06385379250552001,593,I've been reminded to make a reservation for Shakespeare's Julius Cesar
2614,2346,3,14,50,67,1.2985074626865671,0.0673022351167596,593,"Sorry honey, but I can't really find your shopping list. Where is it?"
1785,2346,2,16,49,67,1.2985074626865671,0.06385379250552001,593,"""She served the papers right after the pot roast""."
1862,2346,2,16,49,67,1.2985074626865671,0.06385379250552001,593,Nana finally signed her will
1868,2346,5,10,52,67,1.2985074626865671,0.07371674789665346,593,We are processing back orders now.
1928,2346,3,14,50,67,1.2985074626865671,0.0673022351167596,593,"Hello Stan? Yes, I just got it, and no, Claire delivered it herself."
1998,2346,3,14,50,67,1.2985074626865671,0.0673022351167596,593,"Yes, I got the point of your message."
2024,2346,4,12,51,67,1.2985074626865671,0.07058239784879214,593,No I didn't see your note. Where did you leave it?
2049,2346,3,14,50,67,1.2985074626865671,0.0673022351167596,593,Divorce papers? What divorce papers?
2150,2346,4,12,51,67,1.2985074626865671,0.07058239784879214,593,She keeps complaining that I'm impenetrable.
2198,2346,4,12,51,67,1.2985074626865671,0.07058239784879214,593,"A petition demanding my resignation? No, haven't seen a thing."
2342,2346,3,14,50,67,1.2985074626865671,0.0673022351167596,593,This bill is a stab in the back.
2345,2346,5,10,52,67,1.2985074626865671,0.07371674789665346,593,"Honey, I can't find the divorce papers"
2349,2346,3,14,50,67,1.2985074626865671,0.0673022351167596,593,Work is going about the same as always.
2440,2346,5,10,52,67,1.2985074626865671,0.07371674789665346,593,I've just been served the divorce papers.
2441,2346,3,14,50,67,1.2985074626865671,0.0673022351167596,593,"Mr Luther, please?"
2451,2346,6,8,53,67,1.2985074626865671,0.07672315787838994,593,Are you sure you remembered to tip the paperboy?
2526,2346,7,6,54,67,1.2985074626865671,0.07961612267126512,593,"Can I help you?"" ""Yes you can"". ""How do I get the IRS off my back?"". ""And please do not transfer me again!"
2548,2346,5,10,52,67,1.2985074626865671,0.07371674789665346,593,"Yes, hello, you said to call you back after I was served with the divorce papers."
2557,2346,3,14,50,67,1.2985074626865671,0.0673022351167596,593,"Yes, she just served me with divorce papers, but I've been unable to read them."
2587,2346,3,14,50,67,1.2985074626865671,0.0673022351167596,593,"I’m telling you, all I said was remove the crust and cut it into quarters!"
2600,2346,3,14,50,67,1.2985074626865671,0.0673022351167596,593,I got your pointed message.
2613,2346,3,14,50,67,1.2985074626865671,0.0673022351167596,593,"I'm sure it doesn't say ""Kick Me""."
3413,2346,4,12,51,67,1.2985074626865671,0.07058239784879214,593,"Hi Gene, we're not coming to counseling this week. For the first time in a long while I saw my wife and got a little tingle in my spine so I'm going to see where this goes."
3431,2346,4,12,51,67,1.2985074626865671,0.07058239784879214,593,I wish to report an illegal posting of a political campaign poster.
1143,2541,3,13,48,64,1.296875,0.06929236820651079,593,Do you give credit for back payment?
5795,2542,3,15,53,71,1.295774647887324,0.06467490657213137,593,Where did you find that divorce lawyer?
4091,2542,4,13,54,71,1.295774647887324,0.06771453335167756,593,"Yes, I just got s copy of the new GOP tax plan!"
760,2542,4,13,54,71,1.295774647887324,0.06771453335167756,593,Are you serious about wanting to break up?
3844,2545,2,16,50,68,1.2941176470588236,0.06306073667376835,593,This is what gives class action lawsuits a bad name.
4265,2545,3,14,51,68,1.2941176470588236,0.06645026766396593,593,"I haven't read it yet, but it still hurts."
4322,2545,3,14,51,68,1.2941176470588236,0.06645026766396593,593,"Well, officer, the knife is real, although the news may be fake."
4537,2545,4,12,52,68,1.2941176470588236,0.06967510054091834,593,"Fine, I'll hold."
4725,2545,2,16,50,68,1.2941176470588236,0.06306073667376835,593,Meryl served me the papers today so I guess she's serious about going through with the divorce.
4831,2545,3,14,51,68,1.2941176470588236,0.06645026766396593,593,"Yes, I received the letter from your attorney. I just haven't gotten around to it yet."
5149,2545,5,10,53,68,1.2941176470588236,0.072757138468754,593,She did it. She finally signed the divorced papers.
3252,2545,3,14,51,68,1.2941176470588236,0.06645026766396593,593,Front desk...Couldn't you have just slipped the bill under the door?
5599,2545,2,16,50,68,1.2941176470588236,0.06306073667376835,593,"Yes, she just had me served with the divorce papers."
5650,2545,3,14,51,68,1.2941176470588236,0.06645026766396593,593,"Honey, I just located the Honeydo list."
6160,2545,4,12,52,68,1.2941176470588236,0.06967510054091834,593,"Dr. Luther, even though it is the 500th anniversary of the Reformation, I would appreciate it if you used more traditional methods of communication."
6892,2545,2,16,50,68,1.2941176470588236,0.06306073667376835,593,"Yes, you can say that I have been served."
7003,2545,5,10,53,68,1.2941176470588236,0.072757138468754,593,I can't believe she took her final stab at filing for divorce today!
7498,2545,5,10,53,68,1.2941176470588236,0.072757138468754,593,"Yes, dear. I got your honey do list."
7551,2545,5,10,53,68,1.2941176470588236,0.072757138468754,593,"Yes, my last name is Wittenberg, but you're delivery is 500 years late..."
7582,2545,4,12,52,68,1.2941176470588236,0.06967510054091834,593,I tried to tell her that I was only the messenger!
5614,2545,5,10,53,68,1.2941176470588236,0.072757138468754,593,We are not currently interested in a romantic getaway.
3202,2545,2,16,50,68,1.2941176470588236,0.06306073667376835,593,"Well, I still haven't read it, but now I know where he was coming from."
6677,2545,5,10,53,68,1.2941176470588236,0.072757138468754,593,It only hurts when I laugh.
2856,2545,4,12,52,68,1.2941176470588236,0.06967510054091834,593,"Honey, do you remember where you put the dagger remover?"
2988,2545,4,12,52,68,1.2941176470588236,0.06967510054091834,593,"Just a hunch, but I think Bob Mueller wants to ask me some questions."
76,2545,2,16,50,68,1.2941176470588236,0.06306073667376835,593,"I know, but still, I never received the email confirmation."
81,2545,3,14,51,68,1.2941176470588236,0.06645026766396593,593,"Yes, the President just hired me personally."
369,2545,2,16,50,68,1.2941176470588236,0.06306073667376835,593,Ironically its a paring knife.
716,2545,5,10,53,68,1.2941176470588236,0.072757138468754,593,"Yes, I'm sure I'd rather get the paper online."
761,2545,3,14,51,68,1.2941176470588236,0.06645026766396593,593,My wife has some questions about the will you drafted.
1000,2545,6,8,54,68,1.2941176470588236,0.075713821465673,593,"Frank, can we move our tee-time? My honey-do list is a bit longer than I thought."
1074,2545,6,8,54,68,1.2941176470588236,0.075713821465673,593,Please tell Mr. Luther that his theses was delivered to the wrong address.
557,2545,3,14,51,68,1.2941176470588236,0.06645026766396593,593,"Yeah, the tax plan is a bust, but at least GOP backstabs are covered under the ACA."
1686,2545,3,14,51,68,1.2941176470588236,0.06645026766396593,593,Don't shoot the messenger?
1724,2545,4,12,52,68,1.2941176470588236,0.06967510054091834,593,"I know you think I'm an unfeeling ,insensitive, cold shoulder kind of guy,but can we get together at the ER and talk about it?"
1738,2545,2,16,50,68,1.2941176470588236,0.06306073667376835,593,"Remember how in the last session, you told her she needed express herself unreservedly?"
1774,2545,2,16,50,68,1.2941176470588236,0.06306073667376835,593,"Nah, she always does this whenever I forget her birthday."
2003,2545,4,12,52,68,1.2941176470588236,0.06967510054091834,593,I think we overplayed our hand a bit with that ultimatum.
2037,2545,4,12,52,68,1.2941176470588236,0.06967510054091834,593,Apparently the new generation of internet trolls is neither anonymous nor terse.
2287,2545,5,10,53,68,1.2941176470588236,0.072757138468754,593,I’m getting a painful feeling your serious about this divorce.
1554,2545,2,16,50,68,1.2941176470588236,0.06306073667376835,593,I forgot another anniversary.
2695,2545,6,8,54,68,1.2941176470588236,0.075713821465673,593,Martin? You just missed him.
5145,2583,3,13,49,65,1.2923076923076924,0.068370726287043,593,This is your idea of amicable?
5147,2583,3,13,49,65,1.2923076923076924,0.068370726287043,593,Spencer is in his Martin Luther phase.
5198,2583,2,15,48,65,1.2923076923076924,0.06475945477108745,593,No I didn't misdial 911. She literally filed me with divorce papers behind my back.
5248,2583,5,9,51,65,1.2923076923076924,0.07507392806131975,593,"I know, Reggie, but only exceptional MBA students in the management curriculum learn this after only two weeks. Impressive."
5339,2583,4,11,50,65,1.2923076923076924,0.07180059500997873,593,"Sorry to be so annoying, but I have a sharp pain in my back - so I won't make it to work. I have a note from my therapist."
5596,2583,3,13,49,65,1.2923076923076924,0.068370726287043,593,I'd say it's time to take her concerns more seriously.
5393,2583,5,9,51,65,1.2923076923076924,0.07507392806131975,593,The stabbing pain is my body sending me a message? I don't see it.
5421,2583,2,15,48,65,1.2923076923076924,0.06475945477108745,593,"No Evelyn, I haven't gotten around to reading your list of demands yet."
5637,2583,4,11,50,65,1.2923076923076924,0.07180059500997873,593,"Hello 911? I've been stabbed in the back again. Yes, I work in advertising."
4968,2583,4,11,50,65,1.2923076923076924,0.07180059500997873,593,Get off my back!
7631,2583,3,13,49,65,1.2923076923076924,0.068370726287043,593,I think I have been served with divorce papers.
5392,2583,2,15,48,65,1.2923076923076924,0.06475945477108745,593,I just got sued by my back-stabbing partner.
4860,2583,4,11,50,65,1.2923076923076924,0.07180059500997873,593,I think I have had it with being Attorney General.
4033,2583,3,13,49,65,1.2923076923076924,0.068370726287043,593,I think the divorce attorney came by today.
4748,2583,2,15,48,65,1.2923076923076924,0.06475945477108745,593,"Well, it's a little skin off my back."
4717,2583,2,15,48,65,1.2923076923076924,0.06475945477108745,593,Brutus no longer lives here.
4659,2583,3,13,49,65,1.2923076923076924,0.068370726287043,593,Apparently there are 99 of them.
4558,2583,6,7,52,65,1.2923076923076924,0.07821038233716444,593,She told me she has my back.
4390,2583,4,11,50,65,1.2923076923076924,0.07180059500997873,593,All that talk about a kinder and gentler IRS? Not so much.
4259,2583,1,17,47,65,1.2923076923076924,0.06093453660674947,593,"Honestly, I’m feeling rather upbeat now that I’ve put all that hate mail behind me."
4180,2583,4,11,50,65,1.2923076923076924,0.07180059500997873,593,I'd like to report a complaint regarding my delivery.
4134,2583,3,13,49,65,1.2923076923076924,0.068370726287043,593,Yes so the divorce is final. Signatures have dried.
3973,2583,3,13,49,65,1.2923076923076924,0.068370726287043,593,"Yes, I got the message, but I can't read it."
3795,2583,4,11,50,65,1.2923076923076924,0.07180059500997873,593,"""Hi mom, just keeping you up to date, I received my divorce papers today""!"
3749,2583,4,11,50,65,1.2923076923076924,0.07180059500997873,593,"Ok, I get the message"
3747,2583,1,17,47,65,1.2923076923076924,0.06093453660674947,593,"Yes, I received the message."
5811,2583,4,11,50,65,1.2923076923076924,0.07180059500997873,593,"Yes, Google? I'm calling to complain about your new service, 'DirkMail.'"
4779,2583,2,15,48,65,1.2923076923076924,0.06475945477108745,593,The column you wrote was quite sharp.
5836,2583,1,17,47,65,1.2923076923076924,0.06093453660674947,593,Is your grocery store still open? My wife has a list of items she wanted me to pick up.
7090,2583,4,11,50,65,1.2923076923076924,0.07180059500997873,593,"She is definitely serious. I haven't been able to read them yet, but she says they are non-negotiable ."
5935,2583,5,9,51,65,1.2923076923076924,0.07507392806131975,593,"It's sort of a sharp, stabbing pain."
7617,2583,2,15,48,65,1.2923076923076924,0.06475945477108745,593,She made her point.
7577,2583,0,19,46,65,1.2923076923076924,0.056852867304209555,593,I’m taking notes.
7515,2583,4,11,50,65,1.2923076923076924,0.07180059500997873,593,They said thats all behind me now.
7322,2583,6,7,52,65,1.2923076923076924,0.07821038233716444,593,How do I know he wants a divorce? I just... have a feeling.
7243,2583,3,13,49,65,1.2923076923076924,0.068370726287043,593,"Ok, I'll call you when the phone company gets off my back."
7206,2583,5,9,51,65,1.2923076923076924,0.07507392806131975,593,We have spirited religious debates. I’m Catholic and Linda’s Lutheran.
7201,2583,4,11,50,65,1.2923076923076924,0.07180059500997873,593,"Honey, where did you say you put that to-do list you left for me?"
7168,2583,4,11,50,65,1.2923076923076924,0.07180059500997873,593,Hold on. I think my wife is trying to tell me something.
7132,2583,2,15,48,65,1.2923076923076924,0.06475945477108745,593,Her mother just delivered the divorce papers.
7096,2583,2,15,48,65,1.2923076923076924,0.06475945477108745,593,I got your note. What's up?
3685,2583,5,9,51,65,1.2923076923076924,0.07507392806131975,593,Hello 911? My son seems to be in a Martin Luther phase.
7035,2583,4,11,50,65,1.2923076923076924,0.07180059500997873,593,I need your help with a Post It Note my wife left me.
6981,2583,3,13,49,65,1.2923076923076924,0.068370726287043,593,"I realize I complained about your food once, but I would still prefer to receive the weekly menu by fax only."
5881,2583,2,15,48,65,1.2923076923076924,0.06475945477108745,593,We've been working on our costumes for the Reformation 500 Anniversary party. Cathy is going as Martin Luther--I'm trying on the 95 theses right now.
6976,2583,3,13,49,65,1.2923076923076924,0.068370726287043,593,I've got a funny feeling she knows something's up.
6914,2583,3,13,49,65,1.2923076923076924,0.068370726287043,593,I'm not sure we should still use the same attorney.
6653,2583,5,9,51,65,1.2923076923076924,0.07507392806131975,593,That article was a real stab in the back.
6651,2583,5,9,51,65,1.2923076923076924,0.07507392806131975,593,Got your message. You seem to be unhappy with my counteroffer on alimony.
6625,2583,3,13,49,65,1.2923076923076924,0.068370726287043,593,"Yes, Mr. Luther was here, and left his theses."
6543,2583,3,13,49,65,1.2923076923076924,0.068370726287043,593,I never imagined that being served the divorce papers would hurt this much.
6450,2583,2,15,48,65,1.2923076923076924,0.06475945477108745,593,I don't know if it's in all caps.
6408,2583,3,13,49,65,1.2923076923076924,0.068370726287043,593,"No, I don't know why yet, but I'm pretty sure it's over."
6359,2583,3,13,49,65,1.2923076923076924,0.068370726287043,593,I think it may be some kind of cease and desist order but I haven’t been able to get to it.
6244,2583,3,13,49,65,1.2923076923076924,0.068370726287043,593,I've been stabbed in the back before but never with a list of reasons
6232,2583,4,11,50,65,1.2923076923076924,0.07180059500997873,593,"Ok, for the last time, I've received no such summons, now get of of my back!"
6103,2583,1,17,47,65,1.2923076923076924,0.06093453660674947,593,"And in another ironic twist of fate, guess how they delivered my hospital bill?"
5994,2583,3,13,49,65,1.2923076923076924,0.068370726287043,593,"Thanks, but I already got her message."
5984,2583,1,17,47,65,1.2923076923076924,0.06093453660674947,593,"I didn't actually see the courier, but I know he was here."
6932,2583,3,13,49,65,1.2923076923076924,0.068370726287043,593,Just switch me to the electronic version of your newsletter !
3592,2583,4,11,50,65,1.2923076923076924,0.07180059500997873,593,Hello Maddie. I'm calling to let you know I received the divorce papers.
5805,2583,2,15,48,65,1.2923076923076924,0.06475945477108745,593,They said this is how they execute a contract over here.
3452,2583,4,11,50,65,1.2923076923076924,0.07180059500997873,593,Let me guess. You're mad I get to keep the painting.
1736,2583,4,11,50,65,1.2923076923076924,0.07180059500997873,593,Martin was here and he's pretty angry.
1717,2583,3,13,49,65,1.2923076923076924,0.068370726287043,593,"Yeah, the contract took some sharp criticism...."
1642,2583,2,15,48,65,1.2923076923076924,0.06475945477108745,593,I think it’s that explanation of benefits that I asked for...
1631,2583,4,11,50,65,1.2923076923076924,0.07180059500997873,593,"Honey, I just received my job evaluation and I don't think I will be home tonight."
1543,2583,2,15,48,65,1.2923076923076924,0.06475945477108745,593,Something tells me I've put off the 'honey do' list a bit too long...
1501,2583,4,11,50,65,1.2923076923076924,0.07180059500997873,593,"I'd like to have a word with Mr. Luther, please."
1457,2583,6,7,52,65,1.2923076923076924,0.07821038233716444,593,"Mom, you may be hearing that I am not working in the West Wing anymore."
1453,2583,4,11,50,65,1.2923076923076924,0.07180059500997873,593,"Et tu, Wells Fargo?"
1417,2583,3,13,49,65,1.2923076923076924,0.068370726287043,593,Lost the grocery list again. Do we need frozen waffles?
1362,2583,2,15,48,65,1.2923076923076924,0.06475945477108745,593,I'd like to complain about your company's bill collector.
1251,2583,3,13,49,65,1.2923076923076924,0.068370726287043,593,I can’t make it. Apparently something needs my attention.
1236,2583,4,11,50,65,1.2923076923076924,0.07180059500997873,593,My new neighbor is a Lutheran.
1227,2583,5,9,51,65,1.2923076923076924,0.07507392806131975,593,I'd love to move but I can't get out of my lease.
1206,2583,2,15,48,65,1.2923076923076924,0.06475945477108745,593,I told her our argument was pointless but she proved me wrong.
1167,2583,5,9,51,65,1.2923076923076924,0.07507392806131975,593,"Yes, I had called earlier about a missing newspaper."
1132,2583,4,11,50,65,1.2923076923076924,0.07180059500997873,593,All I can tell you is that I'm picking up a really weird vibe at work.
1033,2583,5,9,51,65,1.2923076923076924,0.07507392806131975,593,That's some sharp feedback for sure!
912,2583,2,15,48,65,1.2923076923076924,0.06475945477108745,593,Your lawyer was here.
848,2583,4,11,50,65,1.2923076923076924,0.07180059500997873,593,The divorce lawyer just dropped off my copy.
785,2583,5,9,51,65,1.2923076923076924,0.07507392806131975,593,911? This is the middle class. We'd like to report an attempted homicide called the GOP tax plan.
752,2583,2,15,48,65,1.2923076923076924,0.06475945477108745,593,I’m just saying there’s got to be a better way to serve divorce papers.
545,2583,5,9,51,65,1.2923076923076924,0.07507392806131975,593,I was hoping we could settle this amicably.
348,2583,5,9,51,65,1.2923076923076924,0.07507392806131975,593,Never mind insensitive! Where did you leave our divorce papers?
171,2583,3,13,49,65,1.2923076923076924,0.068370726287043,593,"Officer, I want to report a threat. It's in da Vinci mirror code."
144,2583,4,11,50,65,1.2923076923076924,0.07180059500997873,593,I lost the acupuncture forms again.
140,2583,4,11,50,65,1.2923076923076924,0.07180059500997873,593,"The 'Dear John' I can accept, it's the delivery I have issue with...."
3539,2583,2,15,48,65,1.2923076923076924,0.06475945477108745,593,"Honey, did you say something about a to-do list before you left?"
1915,2583,5,9,51,65,1.2923076923076924,0.07507392806131975,593,It started when I gave him ‘a punch list.’
1916,2583,3,13,49,65,1.2923076923076924,0.068370726287043,593,"""She just left without even leaving a note""."
1910,2583,6,7,52,65,1.2923076923076924,0.07821038233716444,593,"Mum, can we please have less of the 'But she's Lutheran, I knew it would come to this' talk..."
2032,2583,4,11,50,65,1.2923076923076924,0.07180059500997873,593,She wants a divorce.
3359,2583,5,9,51,65,1.2923076923076924,0.07507392806131975,593,"Sure I feel betrayed, but at least it's all behind me now."
3350,2583,2,15,48,65,1.2923076923076924,0.06475945477108745,593,"Francis, I want to report a Martin Luther sighting."
3327,2583,5,9,51,65,1.2923076923076924,0.07507392806131975,593,I'm not sure but she said something about divorce papers.
3316,2583,2,15,48,65,1.2923076923076924,0.06475945477108745,593,Correct. I’d like to repay my student loans please.
3279,2583,1,17,47,65,1.2923076923076924,0.06093453660674947,593,"My wife is gonna kill me if I don't work on that list, but I can't find it!"
3277,2583,1,17,47,65,1.2923076923076924,0.06093453660674947,593,Now where did she put the divorce papers again?
3127,2583,2,15,48,65,1.2923076923076924,0.06475945477108745,593,"Mother was here, she left a note."
3089,2583,2,15,48,65,1.2923076923076924,0.06475945477108745,593,Message received.
3060,2583,3,13,49,65,1.2923076923076924,0.068370726287043,593,It feels serious.
3017,2583,5,9,51,65,1.2923076923076924,0.07507392806131975,593,"Yes Doris, your divorce papers did come through."
2937,2583,2,15,48,65,1.2923076923076924,0.06475945477108745,593,The ultimatum my wife just gave sure does sting.
2929,2583,5,9,51,65,1.2923076923076924,0.07507392806131975,593,I think someone's trying to tell me something.
1968,2583,3,13,49,65,1.2923076923076924,0.068370726287043,593,I think my wife is trying to tell me something.
2855,2583,4,11,50,65,1.2923076923076924,0.07180059500997873,593,"I don't know, I can't read it."
2866,2583,2,15,48,65,1.2923076923076924,0.06475945477108745,593,I've received their hostile takeover offer.
2772,2583,1,17,47,65,1.2923076923076924,0.06093453660674947,593,"As a matter of fact, I did just receive the divorce papers, Gladys."
2047,2583,3,13,49,65,1.2923076923076924,0.068370726287043,593,I just heard back from your attorney.
2068,2583,2,15,48,65,1.2923076923076924,0.06475945477108745,593,I get the feeling she's trying to send me a message.
2121,2583,1,17,47,65,1.2923076923076924,0.06093453660674947,593,"I know, Mr. Shapiro, she was just here...."
2826,2583,2,15,48,65,1.2923076923076924,0.06475945477108745,593,I’m pretty sure it’s the pre-nup.
2240,2583,4,11,50,65,1.2923076923076924,0.07180059500997873,593,She did let me have her great-grandpa's hunting knife.
2299,2583,3,13,49,65,1.2923076923076924,0.068370726287043,593,"I know the wedding is next week, mom, but she's indicated she has some problems with the prenup."
2128,2583,2,15,48,65,1.2923076923076924,0.06475945477108745,593,This 'Honey-Do' list is brutal.
2387,2583,4,11,50,65,1.2923076923076924,0.07180059500997873,593,Excuse me for a moment. I think I just received another message.
2437,2583,6,7,52,65,1.2923076923076924,0.07821038233716444,593,I know she left me a list somewhere.
2550,2583,3,13,49,65,1.2923076923076924,0.068370726287043,593,I’d like to sign up for electronic delivery of my account documents in the future.
2665,2583,5,9,51,65,1.2923076923076924,0.07507392806131975,593,"I can't sign the settlement papers if I don't know where you put them, Joan."
2721,2583,6,7,52,65,1.2923076923076924,0.07821038233716444,593,"Honey, where did you put the to do list?"
2371,2583,1,17,47,65,1.2923076923076924,0.06093453660674947,593,some one is trying to tell me something
5774,2706,3,12,47,62,1.2903225806451613,0.07045630820994753,593,"""Hello Doctor, I have a pain in my back and I think it's trying to tell me something.'"
6007,2707,4,12,53,69,1.289855072463768,0.06879008333288728,593,911? I've been attacked by my health insurance provider.
7565,2707,3,14,52,69,1.289855072463768,0.06561873288505375,593,I wish she had just emailed the divorce papers.
7388,2707,4,12,53,69,1.289855072463768,0.06879008333288728,593,"Uhh, no dear, I haven't seen it. You said you stuck it, where??"
6759,2707,4,12,53,69,1.289855072463768,0.06879008333288728,593,"My wife. Don't ask, I just know."
5991,2707,4,12,53,69,1.289855072463768,0.06879008333288728,593,I've got a stabbing pain in my back. And a long list of other symptoms.
5246,2707,3,14,52,69,1.289855072463768,0.06561873288505375,593,911? Joe Taxpayer here. Just got stabbed in the back with the GOP tax plan.....
3593,2707,3,14,52,69,1.289855072463768,0.06561873288505375,593,"Yes, she's calling it her '22 Theses,' for each year of our marriage."
3555,2707,4,12,53,69,1.289855072463768,0.06879008333288728,593,"I can see that you’ve taken all your things, but I can’t seem to find the note you keep telling me you left."
3513,2707,4,12,53,69,1.289855072463768,0.06879008333288728,593,I've been asked to join the reformation.
5880,2707,3,14,52,69,1.289855072463768,0.06561873288505375,593,"Man, my back is killing me."
6524,2717,4,11,51,66,1.2878787878787878,0.07084291534855332,593,I turned my back for a moment and she was gone but she left a note
7768,2717,6,7,53,66,1.2878787878787878,0.07714349996910448,593,Fake news hurts.
7722,2717,4,11,51,66,1.2878787878787878,0.07084291534855332,593,It feels like there's a hole in the contract.
7150,2717,5,9,52,66,1.2878787878787878,0.07406023981383504,593,I just received the divorce papers.
7006,2717,4,11,51,66,1.2878787878787878,0.07084291534855332,593,My boss made sure I got the point to bring some work home today.
6993,2717,4,11,51,66,1.2878787878787878,0.07084291534855332,593,I take it then that it is over between us.
6982,2717,2,15,49,66,1.2878787878787878,0.06392431245372421,593,"Ya. I got it. But, unfortunately for you, it looks like you hit ""reply all."""
6751,2717,2,15,49,66,1.2878787878787878,0.06392431245372421,593,"Yes, of course I got your list of demands."
5608,2717,3,13,50,66,1.2878787878787878,0.06747235129207982,593,Her divorce request was painful in so many ways.
5067,2717,3,13,50,66,1.2878787878787878,0.06747235129207982,593,"Good, so you received our friendly reminder."
4984,2717,2,15,49,66,1.2878787878787878,0.06392431245372421,593,I am sure I get the point of the memo
4581,2717,5,9,52,66,1.2878787878787878,0.07406023981383504,593,Could you please reconnect me with the whistleblower hotline?
4778,2717,1,17,48,66,1.2878787878787878,0.06016741025240236,593,"No Doc, I think she really means it this time!"
3849,2717,5,9,52,66,1.2878787878787878,0.07406023981383504,593,"Yes, I've got your message, could you please use my email next time"
357,2717,2,15,49,66,1.2878787878787878,0.06392431245372421,593,I thought Dear John letters were typically left on the kitchen counter.
494,2717,4,11,51,66,1.2878787878787878,0.07084291534855332,593,"Hello, Fingers? You know how I said they'll never pin it on me?"
1100,2717,2,15,49,66,1.2878787878787878,0.06392431245372421,593,Your process server was very insistent that I call immediately.
1581,2717,6,7,53,66,1.2878787878787878,0.07714349996910448,593,Thanks for getting back to me
4304,2717,3,13,50,66,1.2878787878787878,0.06747235129207982,593,"Yes, I did show her the prenuptial agreement."
2484,2717,1,17,48,66,1.2878787878787878,0.06016741025240236,593,I'm dying to read your ultimatum!
1797,2717,3,13,50,66,1.2878787878787878,0.06747235129207982,593,"No, I'd not be willing to take a brief survey after this call."
2983,2717,4,11,51,66,1.2878787878787878,0.07084291534855332,593,"Sorry, I can't golf today. I've gotten my wife's to-do list."
2986,2717,3,13,50,66,1.2878787878787878,0.06747235129207982,593,I have a complaint about the recent delivery of my order for a back issue.
3672,2717,5,9,52,66,1.2878787878787878,0.07406023981383504,593,I didn't realize our marriage needed a Protestant reformation.
3677,2717,3,13,50,66,1.2878787878787878,0.06747235129207982,593,"OK, I got your point."
2778,2717,3,13,50,66,1.2878787878787878,0.06747235129207982,593,Well it all started when I refused to sign the divorce papers...
5456,2743,4,10,49,63,1.2857142857142858,0.07307373205693578,593,I don’t know what their demands are. They were pretty angry and I don’t have a three-way mirror.
5315,2743,4,10,49,63,1.2857142857142858,0.07307373205693578,593,"Hello, Wittenberg Castle church?"
4689,2743,5,8,50,63,1.2857142857142858,0.07649707894309514,593,I keep having these paranoid thoughts.
5202,2743,5,8,50,63,1.2857142857142858,0.07649707894309514,593,"Yes, dear. The divorce papers have been served."
4878,2743,4,10,49,63,1.2857142857142858,0.07307373205693578,593,911? My wife seems to be missing and I also need help for a sharp pain I've had since this morning.
4744,2743,1,16,46,63,1.2857142857142858,0.06167391674311746,593,She did make one point in her favor.
4491,2743,5,8,50,63,1.2857142857142858,0.07649707894309514,593,Its not so much that they're talking behind my back ...
3946,2743,3,12,48,63,1.2857142857142858,0.06948192244484573,593,"So I told her, 'Just go ahead and take a stab at making those divorce allegations stick.'"
4339,2743,3,12,48,63,1.2857142857142858,0.06948192244484573,593,"I know I promised to change my will, dear, but your reminders are getting a bit extreme."
4320,2743,5,8,50,63,1.2857142857142858,0.07649707894309514,593,...and you ruined my favorite shirt.
4155,2743,3,12,48,63,1.2857142857142858,0.06948192244484573,593,I'd like to report a manifesto...
7775,2743,2,14,47,63,1.2857142857142858,0.06569402390274377,593,I get the point!
4032,2743,5,8,50,63,1.2857142857142858,0.07649707894309514,593,"On second thought, I’ll sign up for e-billing."
5714,2743,0,18,45,63,1.2857142857142858,0.05737280920732136,593,"No, Doc, the pain is no longer in my neck."
4371,2743,1,16,46,63,1.2857142857142858,0.06167391674311746,593,I've been hacked.
5895,2743,1,16,46,63,1.2857142857142858,0.06167391674311746,593,"Fine, I'll read your manuscript!"
7625,2743,1,16,46,63,1.2857142857142858,0.06167391674311746,593,"You know, it's a pain to keep checking your lists of things for me to do."""
6181,2743,4,10,49,63,1.2857142857142858,0.07307373205693578,593,"My wife is missing, and yes, she left a note, but I can't read it."
6209,2743,4,10,49,63,1.2857142857142858,0.07307373205693578,593,Can someone in your practice represent me? I was just served with a divorce warrant.
6422,2743,2,14,47,63,1.2857142857142858,0.06569402390274377,593,"Et tu, Donald?"
6622,2743,5,8,50,63,1.2857142857142858,0.07649707894309514,593,I can't seem to find it anywhere.
6662,2743,3,12,48,63,1.2857142857142858,0.06948192244484573,593,Can you help me? I forgot where my wife put the directions.
6920,2743,3,12,48,63,1.2857142857142858,0.06948192244484573,593,'Somehow I don't think this is the step toward better communication our therapist had in mind.'
7077,2743,2,14,47,63,1.2857142857142858,0.06569402390274377,593,I think it's divorce papers but I can't read upside down.
7082,2743,5,8,50,63,1.2857142857142858,0.07649707894309514,593,I'm letting my lawyer handle it.
7116,2743,4,10,49,63,1.2857142857142858,0.07307373205693578,593,Then she muttered something about her 95 Theses.
7148,2743,4,10,49,63,1.2857142857142858,0.07307373205693578,593,Shall I assume you won't be making dinner tonight?
7175,2743,3,12,48,63,1.2857142857142858,0.06948192244484573,593,Where did you leave the divorce agreement?
7222,2743,2,14,47,63,1.2857142857142858,0.06569402390274377,593,They got back to me
7282,2743,2,14,47,63,1.2857142857142858,0.06569402390274377,593,How did you send it?
7692,2743,2,14,47,63,1.2857142857142858,0.06569402390274377,593,You could have just tweeted your Dear John letter
6044,2743,2,14,47,63,1.2857142857142858,0.06569402390274377,593,"No, I can’t read the ransom note!"
3938,2743,4,10,49,63,1.2857142857142858,0.07307373205693578,593,When I sexted her I had no idea she was a pirate and a lawyer.
3510,2743,3,12,48,63,1.2857142857142858,0.06948192244484573,593,Yeah I got the divorce papers; it's my fault for marrying a reformation historian in the first place.
3814,2743,2,14,47,63,1.2857142857142858,0.06569402390274377,593,"Apparently, she's accused me of being unfeeling."
3831,2743,4,10,49,63,1.2857142857142858,0.07307373205693578,593,I feel like she's trying to tell me something.
62,2743,3,12,48,63,1.2857142857142858,0.06948192244484573,593,"Doctor Stevens, thank you for the procedure and I received the bill, but the back pain is persistent."
439,2743,2,14,47,63,1.2857142857142858,0.06569402390274377,593,Scaramucci lied! He is a back stabber!
493,2743,4,10,49,63,1.2857142857142858,0.07307373205693578,593,"Well, it's not exactly a friendly divorce if you must know."
721,2743,4,10,49,63,1.2857142857142858,0.07307373205693578,593,"She filed yesterday, but it still hasn't sunk in."
800,2743,4,12,54,70,1.2857142857142858,0.06792657448194941,593,I need to go now and call my shrink. This poison pen letter is killing me!
955,2743,4,10,49,63,1.2857142857142858,0.07307373205693578,593,I think this makes me the Party of the Second Part.
1247,2743,2,14,47,63,1.2857142857142858,0.06569402390274377,593,For once in my life I can't hold.
1320,2743,3,14,53,70,1.2857142857142858,0.06480695059870954,593,"I've received half my order and the invoice, but I'm still waiting on the cloak."
1468,2743,3,12,48,63,1.2857142857142858,0.06948192244484573,593,Your mother-in-law left a message.
1524,2743,2,14,47,63,1.2857142857142858,0.06569402390274377,593,"YES, I KNOW YOU HAVE MY BACK"
1667,2743,4,10,49,63,1.2857142857142858,0.07307373205693578,593,"Yes I'm sure it's more than a harmless ""KICK ME"" Post-It note."
1756,2743,3,12,48,63,1.2857142857142858,0.06948192244484573,593,I would describe it as a stabbing pain in my back.
1944,2743,3,12,48,63,1.2857142857142858,0.06948192244484573,593,yes sir...I did receive my prepared statement for the Congressional Hearing today.
1977,2743,3,12,48,63,1.2857142857142858,0.06948192244484573,593,"No, nothing in the tax plan gives me an unfavorable opinion of the President."
1690,2743,2,14,47,63,1.2857142857142858,0.06569402390274377,593,My vote for Trump was predicated on a middle-class tax cut.
2104,2743,4,10,49,63,1.2857142857142858,0.07307373205693578,593,Is it too late to opt for paperless checkout?
3521,2743,2,14,47,63,1.2857142857142858,0.06569402390274377,593,"It may be fake news, but it's making an impression on me."
3432,2743,2,14,47,63,1.2857142857142858,0.06569402390274377,593,I haven't seen the note but it feels like a betrayal.
3303,2743,4,10,49,63,1.2857142857142858,0.07307373205693578,593,He says I was given a full explanation in writing but I haven't seen it.
1979,2743,2,14,47,63,1.2857142857142858,0.06569402390274377,593,I'm guessing it will be a painful divorce.
3147,2743,2,14,47,63,1.2857142857142858,0.06569402390274377,593,I've put all that behind me.
3139,2743,4,10,49,63,1.2857142857142858,0.07307373205693578,593,"Senator, I just want to thank you for the tax cuts."
2963,2743,4,10,49,63,1.2857142857142858,0.07307373205693578,593,"She took almost everything, and I can't find the divorce papers anywhere."
3195,2743,4,10,49,63,1.2857142857142858,0.07307373205693578,593,"No, I don't have my account number handy at the moment."
2785,2743,2,14,47,63,1.2857142857142858,0.06569402390274377,593,"No, on the contrary, we're going to renew our vows."
2784,2743,5,8,50,63,1.2857142857142858,0.07649707894309514,593,"Yes dear, I know you wrote down a 'honey do' list, but I seem to have misplaced it."
2427,2743,2,14,47,63,1.2857142857142858,0.06569402390274377,593,"Based on the weight, I'm guessing it's around six pages."
2291,2743,3,12,48,63,1.2857142857142858,0.06948192244484573,593,I received your notice but I am having trouble reading it.
2257,2743,3,12,48,63,1.2857142857142858,0.06948192244484573,593,"No, I didn't read the fine print."
2824,2743,2,14,47,63,1.2857142857142858,0.06569402390274377,593,"When I joined, you told me I was set-up for paperless billing."
3923,2809,0,18,46,64,1.28125,0.05664543544843536,593,"...ok, now picture Martin Luther"
7469,2809,2,14,48,64,1.28125,0.06481333851304336,593,You really want us to end on a stuck note?
7459,2809,4,10,50,64,1.28125,0.07206130960001936,593,"Hello, I have a complaint about Stab-o-Grams."
7300,2809,3,12,49,64,1.28125,0.06853320797422294,593,It seems my wife has come to an agreement on our divorce issues.
7050,2809,1,16,47,64,1.28125,0.060866551595885596,593,I think I could have been a little more diplomatic.
6834,2809,2,14,48,64,1.28125,0.06481333851304336,593,Being let go after all these years was like a knife in the back
6199,2809,2,14,48,64,1.28125,0.06481333851304336,593,I didn't get a chance to read it.
3389,2809,3,12,49,64,1.28125,0.06853320797422294,593,I thought you had my back
4837,2809,4,10,50,64,1.28125,0.07206130960001936,593,Are you sure you really feel this way?
2904,2809,4,10,50,64,1.28125,0.07206130960001936,593,"Yes, I'm Martin J. Luther, the great great great great great great grandson of THE Martin Luther and I want to speak to to someone at the Vatican! NOW!!"
3108,2809,3,12,49,64,1.28125,0.06853320797422294,593,"Hello, Washington Post"
137,2809,4,10,50,64,1.28125,0.07206130960001936,593,"Yes, I got the message. I'll vote for Moore."
533,2809,2,14,48,64,1.28125,0.06481333851304336,593,"So, you're saying we're getting a divorce?"
596,2809,1,16,47,64,1.28125,0.060866551595885596,593,I think she could have just as easily handed it to me.
94,2809,3,12,49,64,1.28125,0.06853320797422294,593,So your editorial judgement is no longer rewrite and resubmit?
2470,2809,5,8,51,64,1.28125,0.07542455891353682,593,"So.... uhm, I got your final notice...."
2714,2809,2,14,48,64,1.28125,0.06481333851304336,593,I'm serious -- all this paperwork is killing me.
2220,2809,1,16,47,64,1.28125,0.060866551595885596,593,It's been brought to my attention that I'm late paying my cable bill.
118,2827,1,17,50,68,1.2794117647058822,0.05868618733921613,593,"Wait, my wife just sent me a message."
7729,2827,1,17,50,68,1.2794117647058822,0.05868618733921613,593,It appears I've misplaced the draft of our prenup.
4879,2829,2,13,46,61,1.278688524590164,0.06665770789935259,593,"I can't find your ""to do"" list."
4915,2829,3,11,47,61,1.278688524590164,0.0706377951937,593,Tell Trump to tweet me next time!
4884,2829,2,13,46,61,1.278688524590164,0.06665770789935259,593,"A bit redundant, don't you think?"
4894,2829,4,9,48,61,1.278688524590164,0.07440528339613257,593,Hello? Mrs. Johnson? Your son just delivered his homework.
4909,2829,3,11,47,61,1.278688524590164,0.0706377951937,593,"Yes, honey, I now see what you mean about those guys at the office who are always trying to pin it on somebody else."
4971,2829,2,13,46,61,1.278688524590164,0.06665770789935259,593,"Yes, as a matter of fact, the employees union did present a list of their demands today."
5092,2829,3,11,47,61,1.278688524590164,0.0706377951937,593,No problem. My attorney has just back-dated it.
5071,2829,4,9,48,61,1.278688524590164,0.07440528339613257,593,"But dear, where do you put my to-do list?"
7790,2829,3,11,47,61,1.278688524590164,0.0706377951937,593,Can you give me a clue where you left it?
5080,2829,5,7,49,61,1.278688524590164,0.07799098848386585,593,I'm sorry you couldn't find the stamps.
4850,2829,3,11,47,61,1.278688524590164,0.0706377951937,593,"No! No more like that, I'll only accept emails."
5093,2829,4,9,48,61,1.278688524590164,0.07440528339613257,593,Apparently there are a hundred reasons why I deserved it.
5164,2829,5,7,49,61,1.278688524590164,0.07799098848386585,593,Hello. Is this Bishop Rimbo at NYC Evangelical Lutheran Church? My name is Adorin Wittenburg. I'd like to talk to you about your 500th Reformation Anniversary re-enactment festivities.
5324,2829,4,9,48,61,1.278688524590164,0.07440528339613257,593,I took a stab at the prenup.
5035,2829,3,11,47,61,1.278688524590164,0.0706377951937,593,I've had it with the 'honey do' list.
4801,2829,2,13,46,61,1.278688524590164,0.06665770789935259,593,I appreciate your being up front.
4544,2829,3,11,47,61,1.278688524590164,0.0706377951937,593,"I know I should have seen it coming that she would stab me in the back, but I just didn't expect her to be so literal about it."
4756,2829,3,11,47,61,1.278688524590164,0.0706377951937,593,I was just about to change my shirt.....can you call back in a few minutes ?
5338,2829,6,5,50,61,1.278688524590164,0.08141893128825868,593,"Sorry for calling after hours, Carol, but did you get the performance review that I left on your desk?"
4115,2829,3,11,47,61,1.278688524590164,0.0706377951937,593,"Honey, where did you put the grocery list?"
4163,2829,1,15,45,61,1.278688524590164,0.06242436972019596,593,"No, I didn't get your note."
4203,2829,4,9,48,61,1.278688524590164,0.07440528339613257,593,Just confirming I'm still on the Do-Not-Call list.
4232,2829,3,11,47,61,1.278688524590164,0.0706377951937,593,"I always thought she would do this, and knowing her there's a list somewhere as to the reasons why."
4284,2829,3,11,47,61,1.278688524590164,0.0706377951937,593,Can you hold? I believe I've been summoned.
4310,2829,4,9,48,61,1.278688524590164,0.07440528339613257,593,Martin Luther was just here. He wasn't happy.
4353,2829,1,15,45,61,1.278688524590164,0.06242436972019596,593,"Yes, yes I got your point. You really know how to hurt a guy, don't you?"
4361,2829,1,15,45,61,1.278688524590164,0.06242436972019596,593,Hi. Sorry I'm not home right now. Please leave me a message.
4385,2829,3,11,47,61,1.278688524590164,0.0706377951937,593,"Trust me, they can make the charges stick."
4080,2829,3,11,47,61,1.278688524590164,0.0706377951937,593,They're not playing pin the tail on the donkey the way I remember it.
4501,2829,2,13,46,61,1.278688524590164,0.06665770789935259,593,"I don’t know why she left, Mom, but I do know that she was pretty angry."
4637,2829,1,15,45,61,1.278688524590164,0.06242436972019596,593,"Martin, eliminate the pre-nup."
4665,2829,2,13,46,61,1.278688524590164,0.06665770789935259,593,She's finally left me. I think.
4747,2829,4,9,48,61,1.278688524590164,0.07440528339613257,593,Something about the Reformation.
4798,2829,3,11,47,61,1.278688524590164,0.0706377951937,593,He said he had my back.
5508,2829,3,11,47,61,1.278688524590164,0.0706377951937,593,"Dear, there's still a few things I have to pick up. Oh, by the way, I got my severance package today."
6797,2829,2,13,46,61,1.278688524590164,0.06665770789935259,593,"Tell me, again, where you put the “To Do” list."
5523,2829,5,7,49,61,1.278688524590164,0.07799098848386585,593,Would you please come over and tell me why Margaret left me?
6533,2829,3,11,47,61,1.278688524590164,0.0706377951937,593,"Yes, I would like to make a complaint on how your subpoenas are served."
6578,2829,1,15,45,61,1.278688524590164,0.06242436972019596,593,"My autbiography, yes..... Yes, my ghostwriter wife did take a stab at it."
6621,2829,4,9,48,61,1.278688524590164,0.07440528339613257,593,"Yes Helen I got your note and frankly, I'm damn glad you're leaving."
6695,2829,3,11,47,61,1.278688524590164,0.0706377951937,593,Put me through to the Reformation desk please.
6823,2829,3,11,47,61,1.278688524590164,0.0706377951937,593,"No, I wouldn't call it a love letter."
6871,2829,6,5,50,61,1.278688524590164,0.08141893128825868,593,"I know you told me where the list was, but I still can't find it."
6442,2829,2,13,46,61,1.278688524590164,0.06665770789935259,593,"Put me on your no call list, stop with the constant emails and please refrain from knifing me in the back with your promotional materials!"
6898,2829,4,9,48,61,1.278688524590164,0.07440528339613257,593,"I cannot find my notes, I will have to call you back."
6974,2829,2,13,46,61,1.278688524590164,0.06665770789935259,593,"Of course I wrote down all my passwords and email addresses, but retrieval isn't an option at the moment."
6992,2829,4,9,48,61,1.278688524590164,0.07440528339613257,593,So exactly how far past due is my MasterCard?
7344,2829,4,9,48,61,1.278688524590164,0.07440528339613257,593,"No dear, what instructions?"
7505,2829,3,11,47,61,1.278688524590164,0.0706377951937,593,Is this the desk? Could you send someone up to read the new codicil to my father's will?
7770,2829,2,13,46,61,1.278688524590164,0.06665770789935259,593,"We need new costumes. Joe and Anne are going as 'Martin Luther and the Church,' too!"
4074,2829,2,13,46,61,1.278688524590164,0.06665770789935259,593,It's always the fine print that kills me.
6953,2829,5,7,49,61,1.278688524590164,0.07799098848386585,593,"Thank God I didn't say ""Shot through the heart"""
6329,2829,0,17,44,61,1.278688524590164,0.057882241210340364,593,Mmm... it's more like a tingling sensation.
6309,2829,3,11,47,61,1.278688524590164,0.0706377951937,593,"4,000 signatures telling me to quit telling my jokes at parties?"
6241,2829,4,9,48,61,1.278688524590164,0.07440528339613257,593,"Seriously dear, I don't remember where you pinned the grocery list."
5544,2829,3,11,47,61,1.278688524590164,0.0706377951937,593,I'd like to file a complaint against your collection agency.
5647,2829,3,11,47,61,1.278688524590164,0.0706377951937,593,I'm starting to sense that I've been neglecting my household chores.
5668,2829,2,13,46,61,1.278688524590164,0.06665770789935259,593,Couldn't you have sent an email?
5698,2829,3,11,47,61,1.278688524590164,0.0706377951937,593,"Yes, I'd like to inquire about your on-line billing option?"
5707,2829,5,7,49,61,1.278688524590164,0.07799098848386585,593,"Ok, I’ve got the message."
5719,2829,3,11,47,61,1.278688524590164,0.0706377951937,593,The divorce papers came as a real stab in the back.
5783,2829,4,9,48,61,1.278688524590164,0.07440528339613257,593,"Martin Luther, please."
5817,2829,5,7,49,61,1.278688524590164,0.07799098848386585,593,I'd like to discuss my cable bill.
5838,2829,4,9,48,61,1.278688524590164,0.07440528339613257,593,I'm telling you I can't find it
5849,2829,3,11,47,61,1.278688524590164,0.0706377951937,593,I got 95 theses but indulgence aint one.
5965,2829,3,11,47,61,1.278688524590164,0.0706377951937,593,Let me take a stab at that.. No wait...!
6087,2829,3,11,47,61,1.278688524590164,0.0706377951937,593,About the health insurance premium increase reminder…
6095,2829,3,11,47,61,1.278688524590164,0.0706377951937,593,I think they nailed it!
6109,2829,4,9,48,61,1.278688524590164,0.07440528339613257,593,Read between the lines? What about read between the ribs?
6169,2829,2,13,46,61,1.278688524590164,0.06665770789935259,593,"It's over, yet I feel nothing-- turns out I really am spineless"
5511,2829,3,11,47,61,1.278688524590164,0.0706377951937,593,"Listen here, Martin, I told you I'd take a look at the church door and I will."
4056,2829,3,11,47,61,1.278688524590164,0.0706377951937,593,"Yes dear, I got your list"
5072,2829,2,13,46,61,1.278688524590164,0.06665770789935259,593,Did you mean to post that on Craig's List?
3830,2829,4,9,48,61,1.278688524590164,0.07440528339613257,593,It's more of a stabbing pain.
928,2829,4,9,48,61,1.278688524590164,0.07440528339613257,593,"I'm trying to reach my wife, Edict."
935,2829,3,11,47,61,1.278688524590164,0.0706377951937,593,"I know you think I'm forgetful and insensitive, but I can't find your 'honeydew' list."
998,2829,2,13,46,61,1.278688524590164,0.06665770789935259,593,"Yes, Vivian, I received the divorce papers this morning."
1082,2829,6,5,50,61,1.278688524590164,0.08141893128825868,593,"No I can't count them, but I am pretty sure it was Martin Luther."
1088,2829,3,11,47,61,1.278688524590164,0.0706377951937,593,"Yes, Louise, as a matter of fact, your attorney DID serve me with the divorce papers."
1127,2829,3,11,47,61,1.278688524590164,0.0706377951937,593,"I don't know what it is, but I'm feeling like someone is targeting me."
920,2829,3,11,47,61,1.278688524590164,0.0706377951937,593,"Yes, well, at least they listed their grievances this time."
1163,2829,4,9,48,61,1.278688524590164,0.07440528339613257,593,"Yes, I’ve been served."
1337,2829,2,13,46,61,1.278688524590164,0.06665770789935259,593,"Next time send your demands via email, please."
1388,2829,4,9,48,61,1.278688524590164,0.07440528339613257,593,It would seem I'm a part of a much larger plot.
1493,2829,2,13,46,61,1.278688524590164,0.06665770789935259,593,"Yes, I picked up your new iPhone. Though I don't think you'll like the terms of service agreement."
1588,2829,2,13,46,61,1.278688524590164,0.06665770789935259,593,i was explaining mansplaining to her and she tore the notes out of my hand...
1609,2829,3,11,47,61,1.278688524590164,0.0706377951937,593,"I suggested marriage counseling, but she's Lutheran."
1618,2829,3,11,47,61,1.278688524590164,0.0706377951937,593,"Darling, I've got this terrible feeling there's something you're not telling me."
1180,2829,3,11,47,61,1.278688524590164,0.0706377951937,593,I wish you'd called first instead of leaving the note.
876,2829,2,13,46,61,1.278688524590164,0.06665770789935259,593,The divorce is final.
862,2829,1,15,45,61,1.278688524590164,0.06242436972019596,593,This mnemonic device is too painful to use.
778,2829,2,13,46,61,1.278688524590164,0.06665770789935259,593,I don't think that she's willing to sign the NDA.
4040,2829,1,15,45,61,1.278688524590164,0.06242436972019596,593,I’m beginning to sense that I have a target on my back.
15,2829,4,9,48,61,1.278688524590164,0.07440528339613257,593,The papers were served and I feel like I got stabbed in the back.
41,2829,6,5,50,61,1.278688524590164,0.08141893128825868,593,So you're saying I've been served?
47,2829,3,11,47,61,1.278688524590164,0.0706377951937,593,She said I needed to reform; then she posted her 95 reasons.
195,2829,5,7,49,61,1.278688524590164,0.07799098848386585,593,"I haven't seen the bill yet, but I'm not looking forward to it."
220,2829,4,9,48,61,1.278688524590164,0.07440528339613257,593,Do you do take out?
247,2829,3,11,47,61,1.278688524590164,0.0706377951937,593,I prefer tracked changes.
267,2829,3,11,47,61,1.278688524590164,0.0706377951937,593,"They just barged in and said, 'This is from Vlad.' Then I said, 'Putin or the Impaler?'"
311,2829,2,13,46,61,1.278688524590164,0.06665770789935259,593,I have the divorce papers right here.
505,2829,4,9,48,61,1.278688524590164,0.07440528339613257,593,"Honey, I can't do the grocery shopping: my back is killing me."
593,2829,3,11,47,61,1.278688524590164,0.0706377951937,593,"Help, I'm a victim of Protestantism."
636,2829,4,9,48,61,1.278688524590164,0.07440528339613257,593,“I think she just filed for divorce”.
705,2829,1,15,45,61,1.278688524590164,0.06242436972019596,593,"No, I can't find the newspaper... But my back hurts."
747,2829,4,9,48,61,1.278688524590164,0.07440528339613257,593,I think it’s something I picked up at the office.
765,2829,4,9,48,61,1.278688524590164,0.07440528339613257,593,Well...it was certainly pointed response.
1765,2829,4,9,48,61,1.278688524590164,0.07440528339613257,593,"Hello 911. This is the man who mistook his wife for a hat? Remember me? Well, she just mistook me for a church door!"
1825,2829,5,7,49,61,1.278688524590164,0.07799098848386585,593,Customer service? I received my order of 95 Theses but I have a complaint about the delivery method.
1392,2829,2,13,46,61,1.278688524590164,0.06665770789935259,593,"it's me again, I can't believe you didn't even leave a farewell note"
1946,2829,3,11,47,61,1.278688524590164,0.0706377951937,593,"Well, she didn't shaft me...but I got her point."
2727,2829,2,13,46,61,1.278688524590164,0.06665770789935259,593,"Yes dear, I'm certain we can't back out of the agreement."
2760,2829,4,9,48,61,1.278688524590164,0.07440528339613257,593,"This is the second time he stabbed me in the back, this time literally with a rather convincing explanation"
2838,2829,3,11,47,61,1.278688524590164,0.0706377951937,593,"Yes, I gave him a copy of your resume. No, I think a follow-up phone call would be sufficient."
3013,2829,2,13,46,61,1.278688524590164,0.06665770789935259,593,I have a message I am supposed to give you but I can't seem to find it.
1891,2829,2,13,46,61,1.278688524590164,0.06665770789935259,593,Do you mind putting me up tonight? My wife just hand delivered divorce papers and I need a place to stay.
3058,2829,3,11,47,61,1.278688524590164,0.0706377951937,593,I think Doris has found someone else.
3099,2829,2,13,46,61,1.278688524590164,0.06665770789935259,593,I understand that I can't get out of my contract. But can I get the contract out of me?
3123,2829,3,11,47,61,1.278688524590164,0.0706377951937,593,They hit me with the subpoena today.
3319,2829,0,17,44,61,1.278688524590164,0.057882241210340364,593,"At first, it seemed cool having Paul Hogan as a roommate, but I'm having second thoughts."
3361,2829,3,11,47,61,1.278688524590164,0.0706377951937,593,What was it you wanted me to read?
3459,2829,5,7,49,61,1.278688524590164,0.07799098848386585,593,I thought I would be safe on the Ides of November.
3530,2829,0,17,44,61,1.278688524590164,0.057882241210340364,593,"The divorce papers are bad enough, but did the messenger have to shout 'Et Tu, Brian?'"
3536,2829,4,9,48,61,1.278688524590164,0.07440528339613257,593,When I find it I will get back to you.
3623,2829,4,9,48,61,1.278688524590164,0.07440528339613257,593,I think you took your Notice of Eviction too far.
3755,2829,3,11,47,61,1.278688524590164,0.0706377951937,593,"Yeah, until I put my foot down, my wife's Honey-Do list use to be a pain in the butt."
2719,2829,4,9,48,61,1.278688524590164,0.07440528339613257,593,"I told you, it wouldn't have happened if I'd finished reading the instructions first."
2663,2829,5,7,49,61,1.278688524590164,0.07799098848386585,593,"And then she said ""I'll show YOU self-serving!"""
3023,2829,2,13,46,61,1.278688524590164,0.06665770789935259,593,I paid the rent Donald.
2509,2829,1,15,45,61,1.278688524590164,0.06242436972019596,593,Our attempt to communicate without text messaging is not working
1987,2829,3,11,47,61,1.278688524590164,0.0706377951937,593,"Hello, Attorney Jones. My estranged wife has finally posted her list of demands."
2659,2829,2,13,46,61,1.278688524590164,0.06665770789935259,593,"No, I can’t tell you what it says; but that’s not my complaint."
2078,2829,1,15,45,61,1.278688524590164,0.06242436972019596,593,Tell my attorney that I think she's serious this time.
2148,2829,6,5,50,61,1.278688524590164,0.08141893128825868,593,Mueller here. I couldn't find anything.
2181,2829,4,9,48,61,1.278688524590164,0.07440528339613257,593,I just had a disturbing visit from Martin.
2210,2829,1,15,45,61,1.278688524590164,0.06242436972019596,593,Your process server is a bit overzealous.
2252,2829,3,11,47,61,1.278688524590164,0.0706377951937,593,"Yes, he had some sharp words for me."
2030,2829,2,13,46,61,1.278688524590164,0.06665770789935259,593,"Yes, I followed the directions."
2336,2829,3,11,47,61,1.278688524590164,0.0706377951937,593,"Then she said, ‘Actually, I have 95 reasons.’"
2343,2829,4,9,48,61,1.278688524590164,0.07440528339613257,593,"Well, I guess this is what I get for marrying a Luthern."
2354,2829,3,11,47,61,1.278688524590164,0.0706377951937,593,Now I know what you mean when you said divorce can be painful
2444,2829,4,9,48,61,1.278688524590164,0.07440528339613257,593,"Yes, Senator McConnell, I just took another stab at drafting a middle-class tax cut."
2446,2829,1,15,45,61,1.278688524590164,0.06242436972019596,593,I was the one who filed for divorce but her fingerprints are all over it.
2486,2829,5,7,49,61,1.278688524590164,0.07799098848386585,593,Her demands seem reasonable.
2256,2829,3,11,47,61,1.278688524590164,0.0706377951937,593,Enough with the targeted advertising.
980,2974,0,18,47,65,1.2769230769230768,0.05593476758557304,593,"Honestly, I wouldn't remember if you put a gun to my head."
4599,2975,4,9,49,62,1.2741935483870968,0.07333325062427716,593,I'd like to report an act of heresy.
4774,2975,3,11,48,62,1.2741935483870968,0.06963436592193856,593,Can't go bowling tonight. The wife just gave me her shopping list. She's serious this time.
4799,2975,1,15,46,62,1.2741935483870968,0.061573561353922224,593,I was trying to put death and taxes behind me.
4899,2975,3,11,48,62,1.2741935483870968,0.06963436592193856,593,I GET THE POINT LET ME GO TO A MIRROR AND READ YOUR OFFER MORE CLEARLY.
5056,2975,3,11,48,62,1.2741935483870968,0.06963436592193856,593,So I took a stab at being a letter carrier for a while.
6361,2975,2,13,47,62,1.2741935483870968,0.06572765162074355,593,The editor back-stabbed me.
6157,2975,2,13,47,62,1.2741935483870968,0.06572765162074355,593,I got your edits to the prenuptial agreement.
6203,2975,5,7,50,62,1.2741935483870968,0.07685431918178479,593,"What's surprising is that we've never even considered divorce. Murder sometimes, but never divorce."
6380,2975,5,7,50,62,1.2741935483870968,0.07685431918178479,593,"Yes, I suppose it could be murder-suicide, but I can't find any note."
6812,2975,4,9,49,62,1.2741935483870968,0.07333325062427716,593,Don't come in tomorrow? What are you talking about? I never saw any memo about layoffs.
4263,2975,5,7,50,62,1.2741935483870968,0.07685431918178479,593,"Yes, I believe his last name is Luther."
5281,2975,2,13,47,62,1.2741935483870968,0.06572765162074355,593,Are you sure there is no way to have me unstuck from this contract?
3495,2975,4,9,49,62,1.2741935483870968,0.07333325062427716,593,I’ve been attacked by a Martin Luther impersonator.
2563,2975,4,9,49,62,1.2741935483870968,0.07333325062427716,593,Martin Luther’s first day as a process server.
2978,2975,2,13,47,62,1.2741935483870968,0.06572765162074355,593,You said you’d get back to me.
2895,2975,4,9,49,62,1.2741935483870968,0.07333325062427716,593,Next time Paul McCartney tells you to let Martin Luther in? DON’T.
2657,2975,3,11,48,62,1.2741935483870968,0.06963436592193856,593,Ummm...I think my wife knows about us.
3211,2975,1,15,46,62,1.2741935483870968,0.061573561353922224,593,"Honey, what's an 'indulgence'?"
2539,2975,3,11,48,62,1.2741935483870968,0.06963436592193856,593,"My wife's Lutheran, Dr. Martz, so I'm guessing there are probably 95 complaints on her list for discussion at the next session."
2477,2975,4,9,49,62,1.2741935483870968,0.07333325062427716,593,I was just standing in a church doorway...
2430,2975,5,7,50,62,1.2741935483870968,0.07685431918178479,593,I do not appreciate your back stabbing letter.
2344,2975,3,11,48,62,1.2741935483870968,0.06963436592193856,593,Your friend Luther dropped by again.
2189,2975,4,9,49,62,1.2741935483870968,0.07333325062427716,593,"Yes officer , I realize this is a no fault divorce state ."
1938,2975,4,9,49,62,1.2741935483870968,0.07333325062427716,593,I'm thinking of quitting the bible study group. The reformation is more challenging than I anticipated.
1804,2975,2,13,47,62,1.2741935483870968,0.06572765162074355,593,"Honey, where did you put the to do list?"
1429,2975,2,13,47,62,1.2741935483870968,0.06572765162074355,593,"They love me at that office. They all tell me, ""Don't worry, we have your back."" I am still looking for my most recent evaluation."
617,2975,1,15,46,62,1.2741935483870968,0.061573561353922224,593,"I have received poison-pen letters, but right now I have a knife-in-the-back letter that's starting to hurt."
4058,3002,4,11,55,70,1.2714285714285714,0.06724827634518965,593,After a while you get a pretty good feel for what people on the shop floor hold dear. But it's not all roses I can tell you!
5731,3003,1,14,44,59,1.271186440677966,0.06318318471128868,593,"No I haven't been able to read the contract yet."" ""Yes, they delivered a copy."" ""Um, about that...."
5715,3003,3,10,46,59,1.271186440677966,0.07184025265927597,593,Just got the news from my wife!
5763,3003,1,14,44,59,1.271186440677966,0.06318318471128868,593,You stabbed me in the back for all the wrong reasons!
5704,3003,3,10,46,59,1.271186440677966,0.07184025265927597,593,"Sorry honey, once again I lost the shopping list."
5699,3003,2,12,45,59,1.271186440677966,0.06765033899549001,593,I have a small issue with your terms and conditions.
5673,3003,4,8,47,59,1.271186440677966,0.0757989144915183,593,"Honey, the kids are complaining about tofu night again."
5616,3003,3,10,46,59,1.271186440677966,0.07184025265927597,593,"I'm pretty sure he was trying to send me a message."""
5611,3003,3,10,46,59,1.271186440677966,0.07184025265927597,593,Remember the story about Luther pinning his demands on the church door?
5485,3003,2,12,45,59,1.271186440677966,0.06765033899549001,593,"All I said to my kids was, ""Give me one good reason this family really needs cell phones""!"
5482,3003,3,10,46,59,1.271186440677966,0.07184025265927597,593,"Yes, I received the subpoena."
5451,3003,2,12,45,59,1.271186440677966,0.06765033899549001,593,My wife stabs me in the back with divorce papers and you think I don't need an ambulance?
5401,3003,5,6,48,59,1.271186440677966,0.07956085076239691,593,"I need help, my wife just served me with divorce papers."
5400,3003,2,12,45,59,1.271186440677966,0.06765033899549001,593,So you didn't like my column.
5283,3003,4,8,47,59,1.271186440677966,0.0757989144915183,593,How should I know what it says? I can't read it!
4947,3003,3,10,46,59,1.271186440677966,0.07184025265927597,593,I get this feeling that someone has a contract out on me.
5106,3003,3,10,46,59,1.271186440677966,0.07184025265927597,593,"Hey, I got your flyer and I would like to order a large pepperoni."
5104,3003,3,10,46,59,1.271186440677966,0.07184025265927597,593,She said she was serving me with divorce papers but I have yet to see them.
5039,3003,3,10,46,59,1.271186440677966,0.07184025265927597,593,"I'm very sorry I forgot the butter and lettuce last time, Marge, but I do think this reminder is a bit over the top."
5015,3003,1,14,44,59,1.271186440677966,0.06318318471128868,593,"Yes, Attorney Bornstein, I have a nagging suspicion she's gone for good this time."
5871,3003,2,12,45,59,1.271186440677966,0.06765033899549001,593,"Hello, I'd like to report another misdelivered letter."
4870,3003,5,6,48,59,1.271186440677966,0.07956085076239691,593,"Yes, I'm pretty sure it's in English."
4810,3003,4,8,47,59,1.271186440677966,0.0757989144915183,593,I can't find the honey-do list you left me.
4782,3003,1,14,44,59,1.271186440677966,0.06318318471128868,593,"No, I didn't read the terms and conditions!"
4716,3003,4,8,47,59,1.271186440677966,0.0757989144915183,593,I still want to believe that this will be an amicable property settlement.
4711,3003,2,12,45,59,1.271186440677966,0.06765033899549001,593,"Well, she finally had the papers served and I feel like I've been stabbed in the back."
4702,3003,3,10,46,59,1.271186440677966,0.07184025265927597,593,Where did you say you were going to leave the note to remind me?
4671,3003,5,6,48,59,1.271186440677966,0.07956085076239691,593,"That's right, I'll go back to paperless e-mail notification."
4632,3003,4,8,47,59,1.271186440677966,0.0757989144915183,593,Martin just gave me 95 reasons why I need to look for another job
4539,3003,2,12,45,59,1.271186440677966,0.06765033899549001,593,You left a note?
5235,3003,2,12,45,59,1.271186440677966,0.06765033899549001,593,"She left me, Tom - and I still feel the after-effects."
5917,3003,3,10,46,59,1.271186440677966,0.07184025265927597,593,What honey-do list?
6297,3003,3,10,46,59,1.271186440677966,0.07184025265927597,593,Utilizing two mirrors and a great deal of patience I believe she objects to our maintaining a landline.
6188,3003,2,12,45,59,1.271186440677966,0.06765033899549001,593,Your words hit me really hard..
4473,3003,2,12,45,59,1.271186440677966,0.06765033899549001,593,"It's either my prenup or the Paradise Papers, I'm not sure"
7719,3003,1,14,44,59,1.271186440677966,0.06318318471128868,593,"It’s not that I don’t want to, but my wife’s just reminded me that I’m behind on my chores."
7673,3003,2,12,45,59,1.271186440677966,0.06765033899549001,593,You're telling me a paper cut isn't an emergency?!
7643,3003,4,8,47,59,1.271186440677966,0.0757989144915183,593,Okay. But this to-do list you left is a real pain!
7593,3003,4,8,47,59,1.271186440677966,0.0757989144915183,593,Tell Martin I found his theses.
7548,3003,3,10,46,59,1.271186440677966,0.07184025265927597,593,Sorry boss but the contract negotiations have stalled
7349,3003,1,14,44,59,1.271186440677966,0.06318318471128868,593,"I think she could have just said, ""We're done."""
7345,3003,3,10,46,59,1.271186440677966,0.07184025265927597,593,"Et tu, Monica?"
7294,3003,2,12,45,59,1.271186440677966,0.06765033899549001,593,Police? I want to report a daggered dowager.
7235,3003,2,12,45,59,1.271186440677966,0.06765033899549001,593,"I've been stabbed, literaturally."
7153,3003,2,12,45,59,1.271186440677966,0.06765033899549001,593,I'd like to make an appointment for a couple's session.
7139,3003,4,8,47,59,1.271186440677966,0.0757989144915183,593,"No, mother, we're not getting along. She just sent me another of her pointed comments."
7004,3003,1,14,44,59,1.271186440677966,0.06318318471128868,593,Yes. I followed the instructions.
6975,3003,4,8,47,59,1.271186440677966,0.0757989144915183,593,"Sweetie, a service called Blade Runner delivered our divorce papers today."
5923,3003,2,12,45,59,1.271186440677966,0.06765033899549001,593,"Collections department, please?"
6927,3003,0,16,43,59,1.271186440677966,0.05837517703884873,593,"If the senator wants my vote, you might suggest a different strategy."
6901,3003,1,14,44,59,1.271186440677966,0.06318318471128868,593,So that’s my backstory - how about you?
6826,3003,2,12,45,59,1.271186440677966,0.06765033899549001,593,Please cancel the free service and sign me up for the friendly reminder service.
6760,3003,2,12,45,59,1.271186440677966,0.06765033899549001,593,"If you wanted me to get the message, you should have stuck it in my chest."
6748,3003,1,14,44,59,1.271186440677966,0.06318318471128868,593,My wife is talking about divorce again! I think this time she means it...
6473,3003,1,14,44,59,1.271186440677966,0.06318318471128868,593,I think it's safe to say that today's negotiations are heading for binding arbitration.
6427,3003,4,8,47,59,1.271186440677966,0.0757989144915183,593,She just served me with the divorce papers.
6411,3003,2,12,45,59,1.271186440677966,0.06765033899549001,593,"No, I didn't see the message that you left."
6409,3003,3,10,46,59,1.271186440677966,0.07184025265927597,593,"No, thank you. The back issues are painful enough."
6327,3003,4,8,47,59,1.271186440677966,0.0757989144915183,593,"Honey, where did you say you left the shopping list again?"
6303,3003,2,12,45,59,1.271186440677966,0.06765033899549001,593,That lawyer came by and dropped off the contract.
6289,3003,1,14,44,59,1.271186440677966,0.06318318471128868,593,I didn't see it coming.
6236,3003,3,10,46,59,1.271186440677966,0.07184025265927597,593,"Got you urgent email, thx. I'm on it."
6230,3003,2,12,45,59,1.271186440677966,0.06765033899549001,593,I just heard.
6196,3003,4,8,47,59,1.271186440677966,0.0757989144915183,593,"Could I speak to Martin Luther, please?"
6902,3003,4,8,47,59,1.271186440677966,0.0757989144915183,593,"Yes, I know you hate reminding me all the time…but I can’t find that shopping list anywhere!"
4462,3003,2,12,45,59,1.271186440677966,0.06765033899549001,593,"Wow, that is a firm deadline."
1378,3003,3,10,46,59,1.271186440677966,0.07184025265927597,593,"Yes, I received the papers from your lawyer today."
4383,3003,4,8,47,59,1.271186440677966,0.0757989144915183,593,"Yes officer, I didn't get a good look at her, but I believe it was my wife who served me the divorce papers."
1196,3003,4,8,47,59,1.271186440677966,0.0757989144915183,593,"Hello, Mr. Luther? I think you missed the door."
1099,3003,1,14,44,59,1.271186440677966,0.06318318471128868,593,"Yes, I know you’ve got my back but that’s not why I’m calling"
1064,3003,4,8,47,59,1.271186440677966,0.0757989144915183,593,one more time...where did you say you put the grocery list?
1048,3003,2,12,45,59,1.271186440677966,0.06765033899549001,593,I thought I got shot by Cupid but it was just my divorce giving me back pain again.
1044,3003,3,10,46,59,1.271186440677966,0.07184025265927597,593,"She gave me another Honey Do list, but I don't think she's holding her breath."
1017,3003,3,10,46,59,1.271186440677966,0.07184025265927597,593,"Typical first day as a supervisor, some guy named Luther filed a complaint when he heard my name was Wittenberg."
991,3003,3,10,46,59,1.271186440677966,0.07184025265927597,593,Yes mother l have received Maria's divorce settlement demands .
976,3003,3,10,46,59,1.271186440677966,0.07184025265927597,593,"Hello, Room Service? Someone’s stuck me with a bill that isn’t mine."
953,3003,1,14,44,59,1.271186440677966,0.06318318471128868,593,Your bill is killing me?
825,3003,3,10,46,59,1.271186440677966,0.07184025265927597,593,Yes. I got your message. Point taken.
804,3003,4,8,47,59,1.271186440677966,0.0757989144915183,593,I believe it was Martin Luther.
774,3003,2,12,45,59,1.271186440677966,0.06765033899549001,593,A one hundred and fourty character betrayal would have been sufficient.
768,3003,3,10,46,59,1.271186440677966,0.07184025265927597,593,I’ve got the list of demands.
4386,3003,5,6,48,59,1.271186440677966,0.07956085076239691,593,"Honey, those divorce papers really hurt..."
733,3003,4,8,47,59,1.271186440677966,0.0757989144915183,593,I'm running a little late. I can't find the divorce papers.
729,3003,2,12,45,59,1.271186440677966,0.06765033899549001,593,"Why yes, I am Lutheran."
727,3003,2,12,45,59,1.271186440677966,0.06765033899549001,593,Of course I know where to find it.
652,3003,2,12,45,59,1.271186440677966,0.06765033899549001,593,I have a pretty good idea what it says.
508,3003,4,8,47,59,1.271186440677966,0.0757989144915183,593,I don't think they liked my manuscript.
445,3003,3,10,46,59,1.271186440677966,0.07184025265927597,593,"Yes, I'd like to file a complaint about the new delivery boy . . ."
356,3003,2,12,45,59,1.271186440677966,0.06765033899549001,593,Professor Plum speaking.
354,3003,4,8,47,59,1.271186440677966,0.0757989144915183,593,"Sorry, I forgot why I called."
278,3003,2,12,45,59,1.271186440677966,0.06765033899549001,593,DOES IT SAY ANNIVERSARY ?!!
244,3003,1,14,44,59,1.271186440677966,0.06318318471128868,593,"If I remembered the last place I put the suicide note, I wouldn't be calling, Carol."
240,3003,3,10,46,59,1.271186440677966,0.07184025265927597,593,"Much better, thanks. I've got a new lease on knife."
174,3003,3,10,46,59,1.271186440677966,0.07184025265927597,593,"I got your 'honey-do' list dear ,but I'm having trouble reading it ."
143,3003,4,8,47,59,1.271186440677966,0.0757989144915183,593,But I already am Lutheran.
20,3003,3,10,46,59,1.271186440677966,0.07184025265927597,593,"She signed the papers, I'm free."
17,3003,3,10,46,59,1.271186440677966,0.07184025265927597,593,I think a Lutheran did it
1310,3003,3,10,46,59,1.271186440677966,0.07184025265927597,593,I think I got the point of your memo.
1363,3003,2,12,45,59,1.271186440677966,0.06765033899549001,593,Thought I would take a stab at Sundays crossword... but its harder than you think.
754,3003,5,6,48,59,1.271186440677966,0.07956085076239691,593,I think she really means it this time.
3653,3003,2,12,45,59,1.271186440677966,0.06765033899549001,593,I'd like to opt out of the class action suit.
4302,3003,1,14,44,59,1.271186440677966,0.06318318471128868,593,"OK, OK, I get the point!"
4208,3003,4,8,47,59,1.271186440677966,0.0757989144915183,593,"I can't read it, but am sure they left a note Sir!"
4090,3003,2,12,45,59,1.271186440677966,0.06765033899549001,593,"Circulation, please."
4047,3003,2,12,45,59,1.271186440677966,0.06765033899549001,593,I must be having a senior momemt....the contract was here a minute ago!
3881,3003,3,10,46,59,1.271186440677966,0.07184025265927597,593,"Well, I didn't see his face but it was definitely the contract killer."
3792,3003,2,12,45,59,1.271186440677966,0.06765033899549001,593,"I'm calling to speak to my lawyer regarding my divorce. My wife delivered the latest agreement, but I can't read it."
3430,3003,3,10,46,59,1.271186440677966,0.07184025265927597,593,"Of course I didn't realize Medicare Part C stood for ""Caesar""!"
3334,3003,1,14,44,59,1.271186440677966,0.06318318471128868,593,"I said to use asterisks, not daggers."
3326,3003,3,10,46,59,1.271186440677966,0.07184025265927597,593,Is that new will still binding?
3291,3003,5,6,48,59,1.271186440677966,0.07956085076239691,593,"Look, I know he's the great great grandson of Martin Luther, but this is getting ridiculous."
3159,3003,4,8,47,59,1.271186440677966,0.0757989144915183,593,I prefer hate e-mail over mail
3025,3003,2,12,45,59,1.271186440677966,0.06765033899549001,593,"Hi Ester, I got your message. This is Bob. Does that mean we’re not going to dinner?"
2992,3003,3,10,46,59,1.271186440677966,0.07184025265927597,593,"I didn't say your article was a betrayal, I said it was a knife in the back."
4319,3003,4,8,47,59,1.271186440677966,0.0757989144915183,593,That backstabbing judge really threw the book at me!
2924,3003,2,12,45,59,1.271186440677966,0.06765033899549001,593,I think Lucille finally found a job she thinks I should apply for....
2578,3003,1,14,44,59,1.271186440677966,0.06318318471128868,593,The papers were served today. I’m having trouble sitting down to read them.
1575,3003,3,10,46,59,1.271186440677966,0.07184025265927597,593,"Yes, Harold. I got your point."
1654,3003,3,10,46,59,1.271186440677966,0.07184025265927597,593,"Yes , Sir . I have received the bloody memo ."
1708,3003,3,10,46,59,1.271186440677966,0.07184025265927597,593,"Not only did the deal fall through, but he also ruined my favorite shirt."
1709,3003,2,12,45,59,1.271186440677966,0.06765033899549001,593,My wife stuck me with her to-do list.
1720,3003,3,10,46,59,1.271186440677966,0.07184025265927597,593,"What are you gonna do, stab me?"
2039,3003,3,10,46,59,1.271186440677966,0.07184025265927597,593,She's also getting my lawyer in the divorce.
2621,3003,2,12,45,59,1.271186440677966,0.06765033899549001,593,Speak to a representative.
1562,3003,2,12,45,59,1.271186440677966,0.06765033899549001,593,"Yes, I did receive the papers that your lawyer sent."
2084,3003,3,10,46,59,1.271186440677966,0.07184025265927597,593,I didn't mean ANY idiot can understand an IKEA manual.
2250,3003,1,14,44,59,1.271186440677966,0.06318318471128868,593,"Yes, I got your note, but I haven't been able to read it yet."
2464,3003,1,14,44,59,1.271186440677966,0.06318318471128868,593,Her demands are quite long and painful.
2499,3003,3,10,46,59,1.271186440677966,0.07184025265927597,593,"If you’re trying to drive a point, I got  it!"
2516,3003,1,14,44,59,1.271186440677966,0.06318318471128868,593,My boyfriend Brutus violated the restraining order.
2569,3003,2,12,45,59,1.271186440677966,0.06765033899549001,593,Tell 3M that's NOT what I meant by a sticky note.
2055,3003,2,12,45,59,1.271186440677966,0.06765033899549001,593,About the final offer? I’m having trouble reading the fine print.
4552,3134,4,9,50,63,1.2698412698412698,0.07229097631590838,593,"She took the mirrors too, Ma."
2984,3134,2,13,48,63,1.2698412698412698,0.06482221622648096,593,To whom do I complain about your method of process serving?
3731,3136,1,14,45,60,1.2666666666666666,0.06228541316417525,593,When she left me she said she posted a list of her grievances but I can’t seem to find it.
3739,3136,3,10,47,60,1.2666666666666666,0.07077722935985044,593,I know I stuck it somewhere. Let me get back to you.
4105,3136,5,6,49,60,1.2666666666666666,0.07835406625492855,593,"Hello, 9-11? I would like to report that my wife and I had a heated disagreement on Martin Luther and the Protestant Reformation."
4335,3136,0,16,44,60,1.2666666666666666,0.057571702611783036,593,It appears to be a suicide note.
4377,3136,2,12,46,60,1.2666666666666666,0.06666666666666667,593,I believe you've encouraged my son to do things the 'Lutheran way.
4388,3136,1,14,45,60,1.2666666666666666,0.06228541316417525,593,"Sure, you hate phone calls, but I don’t like text!"
4566,3136,4,8,48,60,1.2666666666666666,0.07466182389460697,593,I got the divorce papers
4620,3136,1,14,45,60,1.2666666666666666,0.06228541316417525,593,"Oh, yes, I definitely got your message but I can't read it at the moment."
4771,3136,3,10,47,60,1.2666666666666666,0.07077722935985044,593,I’d like to report a stabbing in the back.
5146,3136,3,10,47,60,1.2666666666666666,0.07077722935985044,593,Office Depot? What range of bulletin boards do you have in stock?
5227,3136,0,16,44,60,1.2666666666666666,0.057571702611783036,593,I think my mother in law is trying to tell me something.
5617,3136,4,8,48,60,1.2666666666666666,0.07466182389460697,593,That gives new meaning to: 'I got your back.'
5629,3136,2,12,46,60,1.2666666666666666,0.06666666666666667,593,Can't wait until my voice mail is turned back on.
5802,3136,2,12,46,60,1.2666666666666666,0.06666666666666667,593,"I get your point that the affidavit required nail-and-mail delivery, but I'm having a problem with the attachment."
5904,3136,2,12,46,60,1.2666666666666666,0.06666666666666667,593,I can’t find it anywhere.
3671,3136,1,14,45,60,1.2666666666666666,0.06228541316417525,593,"No, Margaret, I HAVEN'T been able to read it yet."
6062,3136,3,10,47,60,1.2666666666666666,0.07077722935985044,593,I'd like to pay my overdue bill to the Knife of the Month Club. In full.
6102,3136,2,12,46,60,1.2666666666666666,0.06666666666666667,593,Your urgent memo got me before I got it. Next time try texting.
6131,3136,1,14,45,60,1.2666666666666666,0.06228541316417525,593,I think the bloom is off the rose...
6278,3136,3,10,47,60,1.2666666666666666,0.07077722935985044,593,Tell Mr. Luther I got his message.
6299,3136,2,12,46,60,1.2666666666666666,0.06666666666666667,593,"Yes darling, I do need to confess; the evidence is overwhelming."
6453,3136,4,8,48,60,1.2666666666666666,0.07466182389460697,593,Valachi? You thought I said 'over knife' delivery?
6659,3136,2,12,46,60,1.2666666666666666,0.06666666666666667,593,Can't make it. Stuck with a honeydew list.
6696,3136,3,10,47,60,1.2666666666666666,0.07077722935985044,593,Tell Martin Luther I got the message.
6722,3136,0,16,44,60,1.2666666666666666,0.057571702611783036,593,"After our last session, I’d like to add one to the list about “un-constructive attitude towards sharing grievances.” I’m gonna need your help with that."
6969,3136,3,10,47,60,1.2666666666666666,0.07077722935985044,593,It turns out that the prenup wasn't nearly as protective as expected.
7295,3136,1,14,45,60,1.2666666666666666,0.06228541316417525,593,I thought we agreed to disagree.
7324,3136,4,8,48,60,1.2666666666666666,0.07466182389460697,593,"I can’t read backwards, though."
7334,3136,3,10,47,60,1.2666666666666666,0.07077722935985044,593,"Yes Mr. President, I believe the tax reform vote is going well."
7567,3136,3,10,47,60,1.2666666666666666,0.07077722935985044,593,Got your message. Can we talk?
5919,3136,2,12,46,60,1.2666666666666666,0.06666666666666667,593,Should I assume you're cancelling our date for Saturday?
3661,3136,2,12,46,60,1.2666666666666666,0.06666666666666667,593,I was served divorce papers today.
2647,3136,2,12,46,60,1.2666666666666666,0.06666666666666667,593,"I agreed to let you take a stab at this, but com’on man?!!"
3637,3136,3,10,47,60,1.2666666666666666,0.07077722935985044,593,I was standing in front of the church door in Wittenberg...
3660,3136,3,10,47,60,1.2666666666666666,0.07077722935985044,593,If you played Hamlet with this level of commitment and emotion you would've loved my review.
43,3136,4,8,48,60,1.2666666666666666,0.07466182389460697,593,I am calling about my eviction notice from Trump Tower......
284,3136,1,14,45,60,1.2666666666666666,0.06228541316417525,593,I can't possibly get all these things done before you get home!
435,3136,2,12,46,60,1.2666666666666666,0.06666666666666667,593,I think she's leaving me; she left a note
708,3136,4,8,48,60,1.2666666666666666,0.07466182389460697,593,I'd like to cancel my extended warranty.
782,3136,0,16,44,60,1.2666666666666666,0.057571702611783036,593,I think my wife wants a divorce.
1001,3136,4,8,48,60,1.2666666666666666,0.07466182389460697,593,"In New York, we stab you in the front."
1087,3136,2,12,46,60,1.2666666666666666,0.06666666666666667,593,"I swear, I'll sign the papers today."
1244,3136,3,10,47,60,1.2666666666666666,0.07077722935985044,593,"Hon, I just got a message that our health coverage has been canceled."
1336,3136,1,14,45,60,1.2666666666666666,0.06228541316417525,593,"You're being über-picky, mother. What difference does it make if she's Lutheran?"""
1343,3136,4,8,48,60,1.2666666666666666,0.07466182389460697,593,"Yes, I just got the memo."
1460,3136,1,14,45,60,1.2666666666666666,0.06228541316417525,593,911. We're out of post-its.
1505,3136,1,14,45,60,1.2666666666666666,0.06228541316417525,593,The pre-nup sort of spoiled the moment.
1516,3136,2,12,46,60,1.2666666666666666,0.06666666666666667,593,"Sorry, hon, I just can't for the life of me find where you put the ""to do"" list!"
1770,3136,3,10,47,60,1.2666666666666666,0.07077722935985044,593,Perhaps removing her from my will was not a great idea.
832,3136,2,12,46,60,1.2666666666666666,0.06666666666666667,593,Gotta go Stan; Marge just gave me a to do list.
2196,3136,2,12,46,60,1.2666666666666666,0.06666666666666667,593,"The lawyer left his bill in my apartment, but I can't see it anywhere!"
3490,3136,1,14,45,60,1.2666666666666666,0.06228541316417525,593,Now’s not a good time....
2195,3136,6,4,50,60,1.2666666666666666,0.08187998198640595,593,"YES, NOW I GET THE POINT OF YOUR MESSAGE!"
3454,3136,4,8,48,60,1.2666666666666666,0.07466182389460697,593,I'd like to register a complaint about your take-out menu delivery person.
3446,3136,2,12,46,60,1.2666666666666666,0.06666666666666667,593,Divorce doesn't need to be overly adversarial.
3394,3136,3,10,47,60,1.2666666666666666,0.07077722935985044,593,"No, I didn't see the writing on the wall."
3160,3136,1,14,45,60,1.2666666666666666,0.06228541316417525,593,My literary agent? A real backstabber...
2887,3136,3,10,47,60,1.2666666666666666,0.07077722935985044,593,"YES, I’m calling from a landline."
3363,3136,4,8,48,60,1.2666666666666666,0.07466182389460697,593,"No, actually, this a case where the messenger tried to kill me."
2670,3136,3,10,47,60,1.2666666666666666,0.07077722935985044,593,"My lawyer says the alimony part is clear, but he still needs your signature."
2457,3136,0,16,44,60,1.2666666666666666,0.057571702611783036,593,I think it's a letter from my wife's lawyer.
2429,3136,3,10,47,60,1.2666666666666666,0.07077722935985044,593,I think this is their best-and-final.
2263,3136,1,14,45,60,1.2666666666666666,0.06228541316417525,593,I was just served divorce papers and I'll need a good lawyer.
2221,3136,4,8,48,60,1.2666666666666666,0.07466182389460697,593,"..ok I'll take a stab at it, I think I have been served divorce papers"
2761,3136,2,12,46,60,1.2666666666666666,0.06666666666666667,593,I'd like to make an appointment to see my chiropractor. My back is killing me!
699,3201,4,10,54,68,1.2647058823529411,0.06827116008146468,593,"On the one hand I'm glad the divorce is final, but she really stuck it to me."
5151,3202,2,11,44,57,1.263157894736842,0.0686712218487231,593,I thought you said you had my back. Where were you then?
5409,3202,3,9,45,57,1.263157894736842,0.07309106050835933,593,"You tell me once you read it, but I'm going to go ahead and guess they want me off the board"
5121,3202,3,9,45,57,1.263157894736842,0.07309106050835933,593,You were right honey. Steve IS a backstabber!
5236,3202,3,9,45,57,1.263157894736842,0.07309106050835933,593,"No, I can’t tell. It’s either the Ninety-five Theses of Martin Luther or I was just served divorce papers."
5255,3202,1,13,43,57,1.263157894736842,0.06394662066252167,593,You were right. They are still going behind my back
5262,3202,2,11,44,57,1.263157894736842,0.0686712218487231,593,"Hello, Vatican? I have mistakenly received a letter addressed to the Pope."
5334,3202,2,11,44,57,1.263157894736842,0.0686712218487231,593,I haven't got the faintest idea about what's going on behind my back!
5438,3202,2,11,44,57,1.263157894736842,0.0686712218487231,593,"Tu quoque, IRS!"
5780,3202,2,11,44,57,1.263157894736842,0.0686712218487231,593,"Yes, Sonja. I did receive your divorce request."
5674,3202,1,13,43,57,1.263157894736842,0.06394662066252167,593,"Gary, I received your list of demands, but I will not be moving my fence one inch."
5678,3202,4,7,46,57,1.263157894736842,0.07725845935738523,593,Mrs. Luther. Martin mistook me for the door again!
5725,3202,3,9,45,57,1.263157894736842,0.07309106050835933,593,"I realize that this was my final notice."" "" Don't you think it a bit much?"
5735,3202,3,9,45,57,1.263157894736842,0.07309106050835933,593,"Honey, do you know where you put your 'To do' list?"
5743,3202,2,11,44,57,1.263157894736842,0.0686712218487231,593,"Yes, I’ve been served. You could have told me yourself."
5744,3202,3,9,45,57,1.263157894736842,0.07309106050835933,593,"I think I've just been served, but these things are hard to read."
5792,3202,2,11,44,57,1.263157894736842,0.0686712218487231,593,I got your post-it note.
5033,3202,1,13,43,57,1.263157894736842,0.06394662066252167,593,"All she said is, “You’ve been served.”"
5824,3202,5,5,47,57,1.263157894736842,0.08121228945373259,593,A vase with flowers. Why?
5624,3202,2,11,44,57,1.263157894736842,0.0686712218487231,593,"Hello, Oswald? I need some legal advice....I think Gladys just filed for a divorce."
5024,3202,4,7,46,57,1.263157894736842,0.07725845935738523,593,Dr. Schwartz? My wife didn't care for that letter of explanation you suggested I write.
4345,3202,2,11,44,57,1.263157894736842,0.0686712218487231,593,I swear it's not fake news.
4959,3202,2,11,44,57,1.263157894736842,0.0686712218487231,593,I have this stabby feeling there’s a “To Do” list just for me around here somewhere...
4071,3202,1,13,43,57,1.263157894736842,0.06394662066252167,593,Hello Morty? Vera just delivered the papers and I think it's safe to say this won't be an amicable divorce.
4072,3202,1,13,43,57,1.263157894736842,0.06394662066252167,593,At least she has my back.
4086,3202,3,9,45,57,1.263157894736842,0.07309106050835933,593,"If you had served me divorce papers, I think I would know."
4107,3202,1,13,43,57,1.263157894736842,0.06394662066252167,593,I am really getting tired of you people delivering my mail to the wrong address.
4140,3202,2,11,44,57,1.263157894736842,0.0686712218487231,593,"Well, working from home doesn't make you immune from backstabbing..."
4244,3202,4,7,46,57,1.263157894736842,0.07725845935738523,593,"Honey, I'm sorry but I seem to have misplaced the to-do list you left for me today."
5841,3202,2,11,44,57,1.263157894736842,0.0686712218487231,593,"Yes, I did get your bill"
4379,3202,3,9,45,57,1.263157894736842,0.07309106050835933,593,Somebody stuck me with a landline and a knife.
4441,3202,2,11,44,57,1.263157894736842,0.0686712218487231,593,..hello..Police? This is Martin Luther. I'd like to report a case of extreme irony.
5018,3202,2,11,44,57,1.263157894736842,0.0686712218487231,593,I should have never trusted the terms and conditions.
4444,3202,3,9,45,57,1.263157894736842,0.07309106050835933,593,Where exactly did you leave the note?
4503,3202,2,11,44,57,1.263157894736842,0.0686712218487231,593,"You are mistaken, I ordered the 95 pieces."
4532,3202,2,11,44,57,1.263157894736842,0.0686712218487231,593,Where did you leave the instructions?
4541,3202,3,9,45,57,1.263157894736842,0.07309106050835933,593,Not to worry! The senator assures me he has your back.
4561,3202,1,13,43,57,1.263157894736842,0.06394662066252167,593,I'm a victim of fake news.
4622,3202,3,9,45,57,1.263157894736842,0.07309106050835933,593,A vendetta? What's a vendetta?
4683,3202,3,9,45,57,1.263157894736842,0.07309106050835933,593,"I know that you are upset with me dear, but that was a cruel text message."
4757,3202,2,11,44,57,1.263157894736842,0.0686712218487231,593,"I just figured she'd leave a note, if she was going to stab me in the back."
4775,3202,4,7,46,57,1.263157894736842,0.07725845935738523,593,She says it’s her 95 theses protesting my “attitude.”
4907,3202,4,7,46,57,1.263157894736842,0.07725845935738523,593,The House's interpretation of tax reform is killing middle-class folks like me.
4498,3202,1,13,43,57,1.263157894736842,0.06394662066252167,593,I think my wife is trying to tell me something.
5855,3202,4,7,46,57,1.263157894736842,0.07725845935738523,593,I need to speak to the Pope concerning 95 complaints.
6643,3202,3,9,45,57,1.263157894736842,0.07309106050835933,593,I've been the victim of a targeted ad campaign.
5918,3202,3,9,45,57,1.263157894736842,0.07309106050835933,593,I liked it better when you just left voice mails.
7182,3202,5,5,47,57,1.263157894736842,0.08121228945373259,593,She's not interested in a prenup.
7236,3202,3,9,45,57,1.263157894736842,0.07309106050835933,593,I'll get back to you; I have a stabbing pain in my back.
7242,3202,2,11,44,57,1.263157894736842,0.0686712218487231,593,So I have to keep the landline because it’s part of the boilerplate?
7301,3202,2,11,44,57,1.263157894736842,0.0686712218487231,593,"Yes, I just received your decree."
7351,3202,2,11,44,57,1.263157894736842,0.0686712218487231,593,"Yeah, I""m pretty sure it was a process server."
7393,3202,3,9,45,57,1.263157894736842,0.07309106050835933,593,"Since you put it that way, yes, I will keep the landline."
7415,3202,0,15,42,57,1.263157894736842,0.05884389414473131,593,The backstabbers are at it again and somehow I feel they are writing about me!
7433,3202,2,11,44,57,1.263157894736842,0.0686712218487231,593,"I couldn't read the fine print, but I don't think it said 'Have a nice day.'"
7438,3202,2,11,44,57,1.263157894736842,0.0686712218487231,593,"No, it's an actual backstabbing text."
7466,3202,3,9,45,57,1.263157894736842,0.07309106050835933,593,I’d like to report a thesis nailing.
7531,3202,3,9,45,57,1.263157894736842,0.07309106050835933,593,I hope it's a Dear John letter.
7532,3202,1,13,43,57,1.263157894736842,0.06394662066252167,593,He said his name was Luther
7540,3202,3,9,45,57,1.263157894736842,0.07309106050835933,593,it’s the first time I have been confused for.a Church door
7594,3202,1,13,43,57,1.263157894736842,0.06394662066252167,593,"Hello, this is Room 462. I need a drink."
7683,3202,4,7,46,57,1.263157894736842,0.07725845935738523,593,"It's not from my wife; that would have been one sentence, written badly."
7710,3202,2,11,44,57,1.263157894736842,0.0686712218487231,593,I don’t how she expects me to respond to her demands when they are presented this way.
7712,3202,2,11,44,57,1.263157894736842,0.0686712218487231,593,They explained the fine print as I was leaving.
7769,3202,4,7,46,57,1.263157894736842,0.07725845935738523,593,When did Pin the Amendment on the Lawyer become a game?
7811,3202,3,9,45,57,1.263157894736842,0.07309106050835933,593,"As you well know, I can't read what it says."
7155,3202,3,9,45,57,1.263157894736842,0.07309106050835933,593,"No 'King', just Martin Luther"
7138,3202,3,9,45,57,1.263157894736842,0.07309106050835933,593,The tax bill is a real back-stabber for everyday people like us.
7067,3202,3,9,45,57,1.263157894736842,0.07309106050835933,593,It's a Martin Luther like pain in my upper back.
6912,3202,4,7,46,57,1.263157894736842,0.07725845935738523,593,My wife said she put the grocery list where I couldn’t lose it.
5930,3202,5,5,47,57,1.263157894736842,0.08121228945373259,593,Thank goodness I was sitting!
5938,3202,2,11,44,57,1.263157894736842,0.0686712218487231,593,The good news is he stopped tweeting.
5953,3202,3,9,45,57,1.263157894736842,0.07309106050835933,593,"And last, she's taking the dog."
5958,3202,5,5,47,57,1.263157894736842,0.08121228945373259,593,"Damn it, Finster, I specifically requested you send it by email!"
5988,3202,1,13,43,57,1.263157894736842,0.06394662066252167,593,Hello. I didn't think she was serious about the divorce thing.
6056,3202,3,9,45,57,1.263157894736842,0.07309106050835933,593,Your mother just posted her own 95 Theses.
6070,3202,1,13,43,57,1.263157894736842,0.06394662066252167,593,"He told me, I've got your back."
6082,3202,2,11,44,57,1.263157894736842,0.0686712218487231,593,I put the election news behind me.
6172,3202,3,9,45,57,1.263157894736842,0.07309106050835933,593,"Yes, I got the message but I haven't been able to get to it."
5905,3202,2,11,44,57,1.263157894736842,0.0686712218487231,593,"Yes, I would like you to read it; I'm stuck on one point."
6219,3202,3,9,45,57,1.263157894736842,0.07309106050835933,593,Hang on a sec. I think Elaine just responded to my pre-nup.
6458,3202,2,11,44,57,1.263157894736842,0.0686712218487231,593,I won't be golfing today; I am stuck at home with a huge honey-do list.
6528,3202,2,11,44,57,1.263157894736842,0.0686712218487231,593,where's that letter I must sign and mail?
6630,3202,4,7,46,57,1.263157894736842,0.07725845935738523,593,"Yeah, Carol served me with divorce papers, I always knew she would stab me in the back."
6647,3202,2,11,44,57,1.263157894736842,0.0686712218487231,593,Someone's sent me a message—but I can't read it.
6665,3202,0,15,42,57,1.263157894736842,0.05884389414473131,593,"No, I haven't seen the summons yet."
6728,3202,2,11,44,57,1.263157894736842,0.0686712218487231,593,Received your note. The answer is yes.
6738,3202,3,9,45,57,1.263157894736842,0.07309106050835933,593,next time would you please consider a paperless e-delivery....
6879,3202,3,9,45,57,1.263157894736842,0.07309106050835933,593,"Please hold. Your call is important to us, too, and our agent will be with you in the order it was received."
6890,3202,2,11,44,57,1.263157894736842,0.0686712218487231,593,It was good of your father to drop off the pre-nup.
6435,3202,4,7,46,57,1.263157894736842,0.07725845935738523,593,I got your point. I just can't read the fine print.
4051,3202,4,7,46,57,1.263157894736842,0.07725845935738523,593,No anchovies.
3908,3202,5,5,47,57,1.263157894736842,0.08121228945373259,593,"Et tu, Sweetheart?"
4027,3202,3,9,45,57,1.263157894736842,0.07309106050835933,593,She didn’t even leave a note...I feel like I’ve been stabbed in the back
1373,3202,2,11,44,57,1.263157894736842,0.0686712218487231,593,"She just gave me her edits ... yeah, they seem pretty firm. The sooner you can review them the better I will feel."
1424,3202,1,13,43,57,1.263157894736842,0.06394662066252167,593,"From now on if you want to leave me a note, just leave it on the kitchen table....."
1498,3202,4,7,46,57,1.263157894736842,0.07725845935738523,593,"Yes, I received your message."
1539,3202,3,9,45,57,1.263157894736842,0.07309106050835933,593,Dont be silly. It’s just an expression.
1629,3202,2,11,44,57,1.263157894736842,0.0686712218487231,593,Let me get back to you on that.
1671,3202,1,13,43,57,1.263157894736842,0.06394662066252167,593,"Yeah, still stressed as hell... Can't get that lousy subpoena off my back."
1722,3202,2,11,44,57,1.263157894736842,0.0686712218487231,593,"Hello, Lenny? My fiance' finally agreed to sign the pre-nup, somewhat reluctantly."
4035,3202,3,9,45,57,1.263157894736842,0.07309106050835933,593,I do believe knives are included in the second amendment.
1777,3202,3,9,45,57,1.263157894736842,0.07309106050835933,593,"I don't know why, something about not having a pen."
1815,3202,2,11,44,57,1.263157894736842,0.0686712218487231,593,They decided to pass on the manuscript.
1841,3202,2,11,44,57,1.263157894736842,0.0686712218487231,593,No dear I haven't found your list of grievances.
1970,3202,2,11,44,57,1.263157894736842,0.0686712218487231,593,"She said if I lose the list one more time, she would find another way to remind me. Can't find it, but my back is killing me!"
2062,3202,3,9,45,57,1.263157894736842,0.07309106050835933,593,"Yes sir, my neighbor stole the newspaper again this morning, but this time he returned it."
2094,3202,0,15,42,57,1.263157894736842,0.05884389414473131,593,I'm just calling to let you know that your back order has arrived.
2120,3202,2,11,44,57,1.263157894736842,0.0686712218487231,593,I think she gave me an ultimatum. No I haven't look at it!
2190,3202,3,9,45,57,1.263157894736842,0.07309106050835933,593,"My ex wife stopped by, but I don't see the legal paperwork she was suppose to drop off."
2219,3202,3,9,45,57,1.263157894736842,0.07309106050835933,593,Can you convert me to paperless delivery?
2230,3202,3,9,45,57,1.263157894736842,0.07309106050835933,593,"Well, you always said men can’t find anything, but where’d you put the divorce docs?"
2308,3202,3,9,45,57,1.263157894736842,0.07309106050835933,593,"He’s coming over to apologize, but I recommend you don’t indulge him."
1276,3202,3,9,45,57,1.263157894736842,0.07309106050835933,593,Guess how she responded to my taping 'Kick me' on her back.
2358,3202,1,13,43,57,1.263157894736842,0.06394662066252167,593,"Yes, I would say the divorce was messy."
1262,3202,1,13,43,57,1.263157894736842,0.06394662066252167,593,You might want to re-think your delivery service.
1112,3202,3,9,45,57,1.263157894736842,0.07309106050835933,593,i need a doctor! and a lawyer
49,3202,3,9,45,57,1.263157894736842,0.07309106050835933,593,That's not funny
120,3202,1,13,43,57,1.263157894736842,0.06394662066252167,593,"Yes, I was served the divorce papers."
132,3202,3,9,45,57,1.263157894736842,0.07309106050835933,593,"Et tu, Janet?"
366,3202,3,9,45,57,1.263157894736842,0.07309106050835933,593,My wife thinks I might be happier with e-mail billing.
404,3202,1,13,43,57,1.263157894736842,0.06394662066252167,593,I'm calling about the eviction notice.
420,3202,1,13,43,57,1.263157894736842,0.06394662066252167,593,Tee off without me. Something's come up.
450,3202,2,11,44,57,1.263157894736842,0.0686712218487231,593,To do list - call Brutus back
510,3202,2,11,44,57,1.263157894736842,0.0686712218487231,593,"No problem, my wife reminded me to take a message."
547,3202,1,13,43,57,1.263157894736842,0.06394662066252167,593,I got served.
555,3202,1,13,43,57,1.263157894736842,0.06394662066252167,593,"Yes, I'd like to know the protocol for delivering final notice of overdue payments."
562,3202,1,13,43,57,1.263157894736842,0.06394662066252167,593,I never received a notice.
668,3202,3,9,45,57,1.263157894736842,0.07309106050835933,593,"Hello 911, my back has apparently been mistaken for a church door."
680,3202,1,13,43,57,1.263157894736842,0.06394662066252167,593,Feels like I've been served.
740,3202,2,11,44,57,1.263157894736842,0.0686712218487231,593,I'll get back to you soon.
807,3202,2,11,44,57,1.263157894736842,0.0686712218487231,593,She's not here.
899,3202,2,11,44,57,1.263157894736842,0.0686712218487231,593,My wife would like to dispute the Victoria's Secret charge on my account.
910,3202,3,9,45,57,1.263157894736842,0.07309106050835933,593,"Yeah, Mom, I remember. You warned me not to marry a Lutheran."
917,3202,2,11,44,57,1.263157894736842,0.0686712218487231,593,"Well, thanks for getting back to me!"
1051,3202,2,11,44,57,1.263157894736842,0.0686712218487231,593,I'll have to call you back. Some smart-ass just served me my wife's divorce paperwork.
1140,3202,4,7,46,57,1.263157894736842,0.07725845935738523,593,"Yes operator, ...I would like to report a problem with your billing department."
2400,3202,1,13,43,57,1.263157894736842,0.06394662066252167,593,All I said to her was do you have a list of what constitutes sexual assault.
1747,3202,4,7,46,57,1.263157894736842,0.07725845935738523,593,It just arrived by hand.
2445,3202,1,13,43,57,1.263157894736842,0.06394662066252167,593,Got to run. Madge gave me a ‘to do’ list.
3393,3202,4,7,46,57,1.263157894736842,0.07725845935738523,593,"Luther, when I told you to post your thesis, I meant online."
3420,3202,3,9,45,57,1.263157894736842,0.07309106050835933,593,Process servers are getting really aggressive nowadays.
3425,3202,1,13,43,57,1.263157894736842,0.06394662066252167,593,I'll get back to you. I just got the memo.
3439,3202,1,13,43,57,1.263157894736842,0.06394662066252167,593,Is this the Lutheran Church?
3461,3202,3,9,45,57,1.263157894736842,0.07309106050835933,593,Martin Luther was just here.
3469,3202,2,11,44,57,1.263157894736842,0.0686712218487231,593,"Acme Process Servers? Complaint Department, please."
3570,3202,1,13,43,57,1.263157894736842,0.06394662066252167,593,She said she had some demands before she got back with me.
3668,3202,1,13,43,57,1.263157894736842,0.06394662066252167,593,...searched high and low. And my back is killing me!
3740,3202,4,7,46,57,1.263157894736842,0.07725845935738523,593,I don’t care if it IS Martin Luther’s birthday—that’s no way to leave me a shopping list!
3756,3202,3,9,45,57,1.263157894736842,0.07309106050835933,593,"Martin, how many times have I asked you to get glasses?"
3777,3202,2,11,44,57,1.263157894736842,0.0686712218487231,593,"Hello Mr. Luther, we need to talk about Martin!"
2431,3202,0,15,42,57,1.263157894736842,0.05884389414473131,593,"I'm sorry, but I can't sign this."
3798,3202,1,13,43,57,1.263157894736842,0.06394662066252167,593,I just got the petition on banning knives at school
3802,3202,4,7,46,57,1.263157894736842,0.07725845935738523,593,"Yes, a Bowie knife, in my back...I'm not sure, I think it's B-O-W-I-E..."
3840,3202,3,9,45,57,1.263157894736842,0.07309106050835933,593,"Honey, remember when you told me you were going to put that To-Do list somewhere I couldn't lose it again?"
3842,3202,0,15,42,57,1.263157894736842,0.05884389414473131,593,"No, I'm pretty sure it wasn't Scaramucci."
3851,3202,4,7,46,57,1.263157894736842,0.07725845935738523,593,"Yes, my name is Pope, the other man's name is Luther. He seemed angry about something."
3866,3202,3,9,45,57,1.263157894736842,0.07309106050835933,593,Martin somebody.
3877,3202,1,13,43,57,1.263157894736842,0.06394662066252167,593,"Uh, yes, I'd like to discuss going paperless."
3391,3202,3,9,45,57,1.263157894736842,0.07309106050835933,593,I'd like to update my will. The Grim Reaper just gave me an eviction notice.
3367,3202,2,11,44,57,1.263157894736842,0.0686712218487231,593,"I just wanted to be clear as to whether this is a ""final,"" Final Notice."
3785,3202,4,7,46,57,1.263157894736842,0.07725845935738523,593,I think they liked my mystery manuscript.
3249,3202,2,11,44,57,1.263157894736842,0.0686712218487231,593,"Archibald's policy was to be nice to all the telemarketers who call, even during dinner, since they are only doing their job..."
2455,3202,3,9,45,57,1.263157894736842,0.07309106050835933,593,I think we received the final notice for our subscription renewal.
2495,3202,3,9,45,57,1.263157894736842,0.07309106050835933,593,Marge has gotten serious about the 'honey-do' list.
2535,3202,4,7,46,57,1.263157894736842,0.07725845935738523,593,I guess the process server was Protestant.
2544,3202,2,11,44,57,1.263157894736842,0.0686712218487231,593,Any messages?
2554,3202,2,11,44,57,1.263157894736842,0.0686712218487231,593,"Yes, yes I did get your honey-do list."
2636,3202,2,11,44,57,1.263157894736842,0.0686712218487231,593,For some reason I get the feeling that I have a target on my back.
2718,3202,1,13,43,57,1.263157894736842,0.06394662066252167,593,"Well, my divorce is final but we might have to postpone the party."
3284,3202,3,9,45,57,1.263157894736842,0.07309106050835933,593,Home Depot? I'm going to need help with my wife's to-do list.
2796,3202,1,13,43,57,1.263157894736842,0.06394662066252167,593,My lawyer says you really stabbed me in the back with this divorce
2821,3202,1,13,43,57,1.263157894736842,0.06394662066252167,593,I'd like to back out of the deal.
2775,3202,2,11,44,57,1.263157894736842,0.0686712218487231,593,It was more than a poison pen letter!
2878,3202,4,7,46,57,1.263157894736842,0.07725845935738523,593,"Being sued by your best friend? Yeah, it's like...well...I can't describe what it feels like exactly."
2960,3202,2,11,44,57,1.263157894736842,0.0686712218487231,593,The fine print really will kill you.
3037,3202,2,11,44,57,1.263157894736842,0.0686712218487231,593,"Don't worry, it's just a metaphor."
3070,3202,3,9,45,57,1.263157894736842,0.07309106050835933,593,I never should've messed with the Lutherans
3077,3202,2,11,44,57,1.263157894736842,0.0686712218487231,593,"She said she’d stick me with divorce papers, but I haven’t seen them yet."
3121,3202,1,13,43,57,1.263157894736842,0.06394662066252167,593,I need to come over and read something for me.
3142,3202,1,13,43,57,1.263157894736842,0.06394662066252167,593,"Listen, it’s more than just being read the riot act."
3162,3202,3,9,45,57,1.263157894736842,0.07309106050835933,593,"Yes, I'd like to opt-out of paper statements, please."
3176,3202,3,9,45,57,1.263157894736842,0.07309106050835933,593,I think my complaint letter was well received.
2825,3202,1,13,43,57,1.263157894736842,0.06394662066252167,593,"You're right Mother, her understanding of 'taking the plunge' differs from mine."
7621,3385,3,10,48,61,1.2622950819672132,0.06974441765961523,593,My boss found a new way to get under my skin
6421,3385,4,8,49,61,1.2622950819672132,0.07355767724792935,593,"How is my day going? Not too bad, I just got a new cell phone plan. How are you?"
5685,3385,4,8,49,61,1.2622950819672132,0.07355767724792935,593,"Honey, Where'd you put that grocery list?"
5311,3385,4,8,49,61,1.2622950819672132,0.07355767724792935,593,Luther's back.
5112,3385,3,10,48,61,1.2622950819672132,0.06974441765961523,593,Yes...I got the divorce papers...which I have pointedly decided not to sign.
2801,3385,3,10,48,61,1.2622950819672132,0.06974441765961523,593,"What? No, I can't read French"
3861,3385,1,14,46,61,1.2622950819672132,0.06141162446813682,593,The point is obvious.
559,3385,2,12,47,61,1.2622950819672132,0.06571024050516902,593,"Yes, I'd like to report a letter that was delivered to the wrong address."
282,3385,4,8,49,61,1.2622950819672132,0.07355767724792935,593,"Yes, doctor, he went to the Halloween party as Martin Luther......."
237,3385,3,10,48,61,1.2622950819672132,0.06974441765961523,593,Lye down and wait.That's your best advice?
4789,3385,2,12,47,61,1.2622950819672132,0.06571024050516902,593,No it was the other Martin Luther. The one who was less nonviolent.
5101,3396,3,11,51,65,1.2615384615384615,0.06678367443917438,593,All because I wouldn’t sign the petition for stronger gun control.
4931,3397,2,11,45,58,1.2586206896551724,0.06762921949463294,593,"Just for that, now you're not getting the house in Amagansett."
4940,3397,1,13,44,58,1.2586206896551724,0.06299802101572145,593,"I have a feeling that her divorce terms are payback, but I really can't see the point."
5064,3397,1,13,44,58,1.2586206896551724,0.06299802101572145,593,"Yes, I got your point, Dear. And thanks for printing in reverse."
5289,3397,2,11,45,58,1.2586206896551724,0.06762921949463294,593,"Dear, please remind me. Where did you put your ""honey do"" list?"
5601,3397,2,11,45,58,1.2586206896551724,0.06762921949463294,593,"No, sorry, Marty Luther just left."
5749,3397,3,9,46,58,1.2586206896551724,0.07196299053686693,593,watch your own back!
5942,3397,3,9,46,58,1.2586206896551724,0.07196299053686693,593,I know. I got your note.
7315,3397,2,11,45,58,1.2586206896551724,0.06762921949463294,593,I don't know if there are ninety-five; I can't see them.
7291,3397,3,9,46,58,1.2586206896551724,0.07196299053686693,593,Apparently she is serious about my signing the divorce papers
7346,3397,3,9,46,58,1.2586206896551724,0.07196299053686693,593,Where's the list?
7414,3397,2,11,45,58,1.2586206896551724,0.06762921949463294,593,She just tacked up her manifesto.
7435,3397,4,7,47,58,1.2586206896551724,0.07605019845184599,593,‘She was yelling something about Martin Luther when she left.”
7519,3397,4,7,47,58,1.2586206896551724,0.07605019845184599,593,Hi honey. I can't find the to do list.
7748,3397,1,13,44,58,1.2586206896551724,0.06299802101572145,593,"No, she DOES hate me. The note she left says so."
4571,3397,1,13,44,58,1.2586206896551724,0.06299802101572145,593,Did you let the subscription to witnessprotection.com run out . . . ?
7784,3397,2,11,45,58,1.2586206896551724,0.06762921949463294,593,I'm think she's serious about the divorce
4417,3397,2,11,45,58,1.2586206896551724,0.06762921949463294,593,"Marketing department, please."
1925,3397,1,13,44,58,1.2586206896551724,0.06299802101572145,593,I won't be into today. I have something wrong with my back.
3737,3397,5,5,48,58,1.2586206896551724,0.0799286767194423,593,I can’t shake the feeling I’ve been stabbed in the back.
211,3397,3,9,46,58,1.2586206896551724,0.07196299053686693,593,The government just won't get off my back!
259,3397,4,7,47,58,1.2586206896551724,0.07605019845184599,593,Louisa served me with the Divorce Papers
390,3397,3,9,46,58,1.2586206896551724,0.07196299053686693,593,I get the point. You need a back story along with the manuscript.
490,3397,4,7,47,58,1.2586206896551724,0.07605019845184599,593,I think we have to rewrite the prenuptial agreement.
531,3397,3,9,46,58,1.2586206896551724,0.07196299053686693,593,I found your shopping list.
693,3397,3,9,46,58,1.2586206896551724,0.07196299053686693,593,One thesis would have been sufficient.
1628,3397,4,7,47,58,1.2586206896551724,0.07605019845184599,593,"I'm not sure, but I think my wife wants a divorce."
1976,3397,4,7,47,58,1.2586206896551724,0.07605019845184599,593,"No honey, it's not a metaphor..."
2018,3397,3,9,46,58,1.2586206896551724,0.07196299053686693,593,She said something about my being thick as a church door.
2688,3397,4,7,47,58,1.2586206896551724,0.07605019845184599,593,"I couldn't see him, but he might be Lutheran."
2949,3397,2,11,45,58,1.2586206896551724,0.06762921949463294,593,"I'm sorry, she's not here right now. Can't say when she'll be back."
3115,3397,4,7,47,58,1.2586206896551724,0.07605019845184599,593,"It doesn't just say ""Kick me"". It's legally binding."
3322,3397,4,7,47,58,1.2586206896551724,0.07605019845184599,593,"I'm sorry, Mom, I have to hang up now. Dora seems angry about something, and I should probably find out what it is."
3464,3397,5,5,48,58,1.2586206896551724,0.0799286767194423,593,"Honey, I can’t seem to find where you pinned the grocery list anywhere."
3604,3397,2,11,45,58,1.2586206896551724,0.06762921949463294,593,"I don't know what he was so pissed at. He was ranting about indulgences, papal authority, something about church doors and how Apple Maps had screwed him again."
4330,3397,2,11,45,58,1.2586206896551724,0.06762921949463294,593,As my lawyer you said she might reject the divorce papers but she went way too far!
5537,3432,3,10,49,62,1.2580645161290323,0.06874059282197471,593,"Yes, that's right. A new message from Martin Luther."
322,3432,3,10,49,62,1.2580645161290323,0.06874059282197471,593,"Divorce papers, can you believe it? I wish there was a phrase for what she's done to me."
5717,3434,3,8,44,55,1.2545454545454546,0.0743917278364524,593,That angry writer whose book I edited sent me a long letter about the difference between literal and figurative language.
5037,3434,2,10,43,55,1.2545454545454546,0.06971892495651474,593,Martin Luther came by -- left you a message.
5124,3434,3,8,44,55,1.2545454545454546,0.0743917278364524,593,"Yes, please cancel the private investigator. I've already been served."
5177,3434,3,8,44,55,1.2545454545454546,0.0743917278364524,593,well it's signed... but we need to talk about beneficiaries again
5200,3434,3,8,44,55,1.2545454545454546,0.0743917278364524,593,"Maybe I'm dense, but I still don't get your point."
5301,3434,3,8,44,55,1.2545454545454546,0.0743917278364524,593,"Yes, I'd like to speak to someone about a single point of contact."
5346,3434,3,8,44,55,1.2545454545454546,0.0743917278364524,593,Hello Jerry? I've been served.
5034,3434,2,10,43,55,1.2545454545454546,0.06971892495651474,593,"Gladys, I think I just got the divorce papers."
5352,3434,4,6,45,55,1.2545454545454546,0.0787878787878788,593,I would like to make a change to my last will and testament
5384,3434,4,6,45,55,1.2545454545454546,0.0787878787878788,593,It's killing me that I can't find it.
5398,3434,2,10,43,55,1.2545454545454546,0.06971892495651474,593,"Yes, I showed her the divorce settlement offer and I think she wants to talk."
5446,3434,3,8,44,55,1.2545454545454546,0.0743917278364524,593,"Yes, I have already received your advice"
5502,3434,2,10,43,55,1.2545454545454546,0.06971892495651474,593,"Yes, I'm sure everyone knows my back story."
5620,3434,3,8,44,55,1.2545454545454546,0.0743917278364524,593,"Hi, I'd like to murder a report."
5683,3434,4,6,45,55,1.2545454545454546,0.0787878787878788,593,May I speak to the Pope?
5381,3434,3,8,44,55,1.2545454545454546,0.0743917278364524,593,"Specialty Process Servers, about that divorce summons you just served."
5000,3434,2,10,43,55,1.2545454545454546,0.06971892495651474,593,I got the divorce papers
4525,3434,3,8,44,55,1.2545454545454546,0.0743917278364524,593,Sigh... yeah... she left a note.
4904,3434,4,6,45,55,1.2545454545454546,0.0787878787878788,593,"Not tonight, I have this stabbing pain in my back."
4152,3434,2,10,43,55,1.2545454545454546,0.06971892495651474,593,She is reliable to a fault. Whenever she leaves she leave a note.
4160,3434,3,8,44,55,1.2545454545454546,0.0743917278364524,593,Hello....Mr. Luther
4207,3434,2,10,43,55,1.2545454545454546,0.06971892495651474,593,"Hi, I am calling to complain about my Caesar salad delivery."
4262,3434,1,12,42,55,1.2545454545454546,0.06470956516382613,593,"Well, she did explain herself."
4398,3434,3,8,44,55,1.2545454545454546,0.0743917278364524,593,I want to report a “Post No Bills” violation!
4439,3434,2,10,43,55,1.2545454545454546,0.06971892495651474,593,"I'd love to, but my wife has a couple of things around the house she'd like me to take care of."
4442,3434,1,12,42,55,1.2545454545454546,0.06470956516382613,593,"Oh, yeah, believe me. These rules will stick."
4910,3434,2,10,43,55,1.2545454545454546,0.06971892495651474,593,"No officer, they didn’t leave a ransom note."
4509,3434,3,8,44,55,1.2545454545454546,0.0743917278364524,593,"Then she screamed, I CAN NOT LIVE ANOTHER MINUTE WITH YOUR PASSIVE AGGRESSIVE DULLNESS!, then the phone rang and as I was walking over to pick it up she pinned the divorce papers to my spine with a steak knife... and how 'bout you, how're you doing?"
4562,3434,3,8,44,55,1.2545454545454546,0.0743917278364524,593,"Hello, Daily Gazette? May I speak to someone in customer relations?"
4573,3434,2,10,43,55,1.2545454545454546,0.06971892495651474,593,I don't think she wants to sign the prenup.
4682,3434,2,10,43,55,1.2545454545454546,0.06971892495651474,593,"No Doris, she did not sign the divorce papers - I was lucky to get out alive!"
4694,3434,2,10,43,55,1.2545454545454546,0.06971892495651474,593,"Honey, I didn't mean this when I asked you to give me a to do list."
4734,3434,2,10,43,55,1.2545454545454546,0.06971892495651474,593,Hi Mom. I think Betty just sent me the divorce papers.
4738,3434,5,4,46,55,1.2545454545454546,0.08295137441473863,593,"Yes, I will hold"
4880,3434,1,12,42,55,1.2545454545454546,0.06470956516382613,593,Billy is going through a Martin Luther phase.
5738,3434,3,8,44,55,1.2545454545454546,0.0743917278364524,593,I believe he said his name was Martin Luther.
5740,3434,3,8,44,55,1.2545454545454546,0.0743917278364524,593,"Yes dear, I still have the shopping list you 'gave' me."
6166,3434,4,6,45,55,1.2545454545454546,0.0787878787878788,593,"Sheryl, put my MAGA hat on eBay, will you?"
5911,3434,2,10,43,55,1.2545454545454546,0.06971892495651474,593,Is that your final offer?
6921,3434,3,8,44,55,1.2545454545454546,0.0743917278364524,593,"Honey, I can't find the grocery list."
7009,3434,2,10,43,55,1.2545454545454546,0.06971892495651474,593,I think my writing career is looking up - this time they didn't just hand the manuscript back to me.
7072,3434,2,10,43,55,1.2545454545454546,0.06971892495651474,593,"So if I can't see the summons, I can skip the court appearance?"
7108,3434,2,10,43,55,1.2545454545454546,0.06971892495651474,593,I think my wife wants a divorce.
7122,3434,3,8,44,55,1.2545454545454546,0.0743917278364524,593,The brochure promised a memorable time in Germany.
7385,3434,2,10,43,55,1.2545454545454546,0.06971892495651474,593,"Next time, please post my foreclosure notice in a place where I can read it."
7401,3434,3,8,44,55,1.2545454545454546,0.0743917278364524,593,"""It's more serious than 'Kick Me!'"
6874,3434,3,8,44,55,1.2545454545454546,0.0743917278364524,593,"No, I still do not wish to sign up for e-billing."
7407,3434,3,8,44,55,1.2545454545454546,0.0743917278364524,593,My lawsuit was dismissed with prejudice.
7479,3434,3,8,44,55,1.2545454545454546,0.0743917278364524,593,"Yeah, I think I got her wish list ..."
7612,3434,2,10,43,55,1.2545454545454546,0.06971892495651474,593,Our marriage is undergoing a reformation.
7654,3434,1,12,42,55,1.2545454545454546,0.06470956516382613,593,"""I need to start reading my contracts more carefully. Some of the terms are real killers""."
7657,3434,2,10,43,55,1.2545454545454546,0.06971892495651474,593,I knew that student debt would stab in the back someday.
7663,3434,3,8,44,55,1.2545454545454546,0.0743917278364524,593,I need to see a doctor for a work related injury.
7669,3434,3,8,44,55,1.2545454545454546,0.0743917278364524,593,She read Martin Luther a lot.
7682,3434,1,12,42,55,1.2545454545454546,0.06470956516382613,593,I'm hurting real bad--my wife just served divorce papers on me.
7451,3434,4,6,45,55,1.2545454545454546,0.0787878787878788,593,What we have is a failure to communicate appropriately.
5872,3434,3,8,44,55,1.2545454545454546,0.0743917278364524,593,She just stepped out
6861,3434,1,12,42,55,1.2545454545454546,0.06470956516382613,593,Call me old-fashioned but I liked it better when they just handed you the summons.
6710,3434,2,10,43,55,1.2545454545454546,0.06971892495651474,593,I'd like to report a citing....I swear it was Martin Luther.
5943,3434,3,8,44,55,1.2545454545454546,0.0743917278364524,593,I just wanted you to know that your lawyer delivered your reply to my alimony request.
6039,3434,2,10,43,55,1.2545454545454546,0.06971892495651474,593,All I did was defend the Catholic church
6065,3434,1,12,42,55,1.2545454545454546,0.06470956516382613,593,Mr. Bannon? I got your note.
6081,3434,1,12,42,55,1.2545454545454546,0.06470956516382613,593,"Dr. Lewis, It's Fred. I hate to leave a message like this on your answering machine...but please call me back ASAP. I have a sudden sharp pain right between my shoulder blades. Thanks"
6083,3434,4,6,45,55,1.2545454545454546,0.0787878787878788,593,"I am aware that lawyers hear 'stabbed me in the back' all the time, but this time you'll have written proof of motivation *and* physical evidence."
6144,3434,1,12,42,55,1.2545454545454546,0.06470956516382613,593,Indulge me.
6149,3434,5,4,46,55,1.2545454545454546,0.08295137441473863,593,Fine! I admit it....converting to Catholicism was a bad idea.
6822,3434,2,10,43,55,1.2545454545454546,0.06971892495651474,593,Thanks! But I didn't need my resume back.
3705,3434,3,8,44,55,1.2545454545454546,0.0743917278364524,593,Martin Luther? He just left.
6279,3434,0,14,41,55,1.2545454545454546,0.059278386873217015,593,"...furthermore, I can prove that it wasn't me who wrote the suicide note..."
6499,3434,1,12,42,55,1.2545454545454546,0.06470956516382613,593,"Yes, my wife threw it, and it's the Help Wanted section."
6529,3434,3,8,44,55,1.2545454545454546,0.0743917278364524,593,"Yes, my wife left me the divorce papers a short time ago."
6588,3434,2,10,43,55,1.2545454545454546,0.06971892495651474,593,They've backed up their demands.
6616,3434,1,12,42,55,1.2545454545454546,0.06470956516382613,593,"The pain is up to, like, 11."
6638,3434,3,8,44,55,1.2545454545454546,0.0743917278364524,593,I take it your new to back channel communications.
6644,3434,3,8,44,55,1.2545454545454546,0.0743917278364524,593,"Hi honey. Yes, I got your note."
6185,3434,4,6,45,55,1.2545454545454546,0.0787878787878788,593,I would like to stop delivery of your publication.
3650,3434,1,12,42,55,1.2545454545454546,0.06470956516382613,593,"Same to you, fella."
6811,3434,3,8,44,55,1.2545454545454546,0.0743917278364524,593,"His name was Luther, and his memo has ninety-five theses."
3586,3434,2,10,43,55,1.2545454545454546,0.06971892495651474,593,I think someone's trying to send me a message.
786,3434,2,10,43,55,1.2545454545454546,0.06971892495651474,593,I don't know what it says but I know it's there.
821,3434,2,10,43,55,1.2545454545454546,0.06971892495651474,593,"At least, she remembered I don't like multiple exclamation points."
885,3434,2,10,43,55,1.2545454545454546,0.06971892495651474,593,"OK, I got your point."
887,3434,3,8,44,55,1.2545454545454546,0.0743917278364524,593,I received your divorce papers.
1116,3434,2,10,43,55,1.2545454545454546,0.06971892495651474,593,"I hate to admit it, but hiring Buffy the Process Server was actually a nice touch."
1136,3434,3,8,44,55,1.2545454545454546,0.0743917278364524,593,"I have no idea, Officer...all I told her was that she knew where she could stick her ""To Do"" list"
1165,3434,1,12,42,55,1.2545454545454546,0.06470956516382613,593,I can't keep ignoring her cries for attention.
773,3434,2,10,43,55,1.2545454545454546,0.06971892495651474,593,"She called it, ""pin the divorce on the donkey"""
1168,3434,2,10,43,55,1.2545454545454546,0.06971892495651474,593,And how do you expect me to read your Honey-do list?
1197,3434,4,6,45,55,1.2545454545454546,0.0787878787878788,593,I feel the airline might be changing its frequent flier policy.
1232,3434,2,10,43,55,1.2545454545454546,0.06971892495651474,593,But I never subscribed to the Daily Blade!
1246,3434,2,10,43,55,1.2545454545454546,0.06971892495651474,593,"I can't talk now, I'm in the middle of a divorce."
1248,3434,1,12,42,55,1.2545454545454546,0.06470956516382613,593,Hello is this the IRS I have I noticed from you about back taxes
1269,3434,1,12,42,55,1.2545454545454546,0.06470956516382613,593,You're leaving me? Well why didn't you leave a note?
1288,3434,3,8,44,55,1.2545454545454546,0.0743917278364524,593,The divorce is off to a good start.
1326,3434,1,12,42,55,1.2545454545454546,0.06470956516382613,593,The goodbye letter you left me seems a little harsh.
1177,3434,2,10,43,55,1.2545454545454546,0.06971892495651474,593,"No, it's not break-in. If you must know, it's the Housewife's Manifesto."
1431,3434,2,10,43,55,1.2545454545454546,0.06971892495651474,593,I got your message to call.
692,3434,2,10,43,55,1.2545454545454546,0.06971892495651474,593,What do you mean 'they killed the story'?
618,3434,2,10,43,55,1.2545454545454546,0.06971892495651474,593,Please inform our readers to submit negative comments in writing.
3605,3434,2,10,43,55,1.2545454545454546,0.06971892495651474,593,Happy Martin Luther anniversary to you too
16,3434,4,6,45,55,1.2545454545454546,0.0787878787878788,593,The DNC has some paperwork for Senator Sanders.
85,3434,2,10,43,55,1.2545454545454546,0.06971892495651474,593,"Just a hunch, but you could try reaching her at her mother's."
213,3434,3,8,44,55,1.2545454545454546,0.0743917278364524,593,"Yes, I've read the new tax bill."
214,3434,1,12,42,55,1.2545454545454546,0.06470956516382613,593,I understand...but all I said was you better make sure I get a copy of the agreement!
255,3434,1,12,42,55,1.2545454545454546,0.06470956516382613,593,She seemed surprised that I asked her to take a stab at drafting the pre-nuptials.
324,3434,3,8,44,55,1.2545454545454546,0.0743917278364524,593,I've decided against contesting the divorce.
664,3434,1,12,42,55,1.2545454545454546,0.06470956516382613,593,I'd like to withdraw my candidacy.
350,3434,3,8,44,55,1.2545454545454546,0.0743917278364524,593,"Yes, I received your text"
381,3434,3,8,44,55,1.2545454545454546,0.0743917278364524,593,"""I'm calling about your 'money back' guarantee."
394,3434,3,8,44,55,1.2545454545454546,0.0743917278364524,593,Ironically my ex-wife was the one doing the screaming.
412,3434,2,10,43,55,1.2545454545454546,0.06971892495651474,593,I've been served. By a man in a cloak.
460,3434,2,10,43,55,1.2545454545454546,0.06971892495651474,593,How long do I have to ignore the subpoena?
473,3434,2,10,43,55,1.2545454545454546,0.06971892495651474,593,On a scale of 1 to 10?
549,3434,3,8,44,55,1.2545454545454546,0.0743917278364524,593,I’d like to report an attempted divorce filing.
580,3434,2,10,43,55,1.2545454545454546,0.06971892495651474,593,"First, she shoves it in my face and says her lawyer drew it up. Then, she tells me I'm numb in every conceivable way! Now, she's gone and I can't find the damned thing!!!"
359,3434,2,10,43,55,1.2545454545454546,0.06971892495651474,593,I bet you won't say that to my face!
1441,3434,2,10,43,55,1.2545454545454546,0.06971892495651474,593,What's an indulgence?
884,3434,2,10,43,55,1.2545454545454546,0.06971892495651474,593,I wish you hadn’t done it that way. I keep a paperless office.
1636,3434,3,8,44,55,1.2545454545454546,0.0743917278364524,593,"No, I haven't seen it. What did you say you pinned it to?"
2708,3434,3,8,44,55,1.2545454545454546,0.0743917278364524,593,Hello 911? I think I've been 'Martin Luthered' by my wife.
2783,3434,3,8,44,55,1.2545454545454546,0.0743917278364524,593,And I want you to tie the response to a brick and throw it through her window.
2888,3434,1,12,42,55,1.2545454545454546,0.06470956516382613,593,"Ambulance to Joe Wittenberg, 95 All Saints' Lane."
2902,3434,0,14,41,55,1.2545454545454546,0.059278386873217015,593,I thought the suggestions were supposed to be anonymous.
3071,3434,1,12,42,55,1.2545454545454546,0.06470956516382613,593,"Honey, did you move the plant on the neighbor’s balcony?"
3140,3434,2,10,43,55,1.2545454545454546,0.06971892495651474,593,But I thought that 14 year old girl wanted me to write a love note in her yearbook.
3149,3434,3,8,44,55,1.2545454545454546,0.0743917278364524,593,Hello 911....I'm having a big problem with the Republican health care plans.
3186,3434,1,12,42,55,1.2545454545454546,0.06470956516382613,593,"Luther household. No, Martin's not at home. Something about us being indulgent or something"
3254,3434,4,6,45,55,1.2545454545454546,0.0787878787878788,593,His twitter account is down.
3260,3434,2,10,43,55,1.2545454545454546,0.06971892495651474,593,Your note was insensitive and your grammar atrocious .
3328,3434,2,10,43,55,1.2545454545454546,0.06971892495651474,593,"Can't talk now, Mom, Darlene just gave me a shopping list."
3342,3434,4,6,45,55,1.2545454545454546,0.0787878787878788,593,I'm pretty sure the divorce is final now.
3373,3434,3,8,44,55,1.2545454545454546,0.0743917278364524,593,"Yeah, so... she brought over the papers this morning.."
1619,3434,3,8,44,55,1.2545454545454546,0.0743917278364524,593,Apparently there are some things I need to do before I play golf.
3443,3434,1,12,42,55,1.2545454545454546,0.06470956516382613,593,"Not right now, thank you, I have a few things on my list that I have to do first."
3493,3434,1,12,42,55,1.2545454545454546,0.06470956516382613,593,"Tonight's no good, the wife's really getting adamant about my to-do list."
3566,3434,3,8,44,55,1.2545454545454546,0.0743917278364524,593,Would you please re-send that via email?
2699,3434,2,10,43,55,1.2545454545454546,0.06971892495651474,593,I wish he would go back to tweeting.
2617,3434,2,10,43,55,1.2545454545454546,0.06971892495651474,593,Can you remind me?
3411,3434,3,8,44,55,1.2545454545454546,0.0743917278364524,593,You could have called too.
2147,3434,4,6,45,55,1.2545454545454546,0.0787878787878788,593,"Honey, you could have used a thumbtack."
1870,3434,3,8,44,55,1.2545454545454546,0.0743917278364524,593,"I wish it just read ""Kick me!"""
1943,3434,0,14,41,55,1.2545454545454546,0.059278386873217015,593,"I'm calling about that ""Final Notice"" you sent me."
1957,3434,1,12,42,55,1.2545454545454546,0.06470956516382613,593,I thought we had agreed for the kids' sakes we would not let this get ugly.
2002,3434,3,8,44,55,1.2545454545454546,0.0743917278364524,593,911? Emergency! I have been stabbed in the back. . . . My wife! . . . Divorce papers!
2076,3434,2,10,43,55,1.2545454545454546,0.06971892495651474,593,Hello . It's about the back issue of The New Yorker I ordered .
2489,3434,4,6,45,55,1.2545454545454546,0.0787878787878788,593,"No, ma'm, I can't actually read you the list of demands right now, but I'm pretty sure it has something to do with the gardening dispute I've been having with my neighbor."
2164,3434,4,6,45,55,1.2545454545454546,0.0787878787878788,593,I called you so you can tell me how you really feel about us.
2168,3434,2,10,43,55,1.2545454545454546,0.06971892495651474,593,"He says he’s a sharp negotiator, but I’m still waiting for him to get back with a detailed offer."
2176,3434,2,10,43,55,1.2545454545454546,0.06971892495651474,593,That divorce petition my wife filed is behind me now.
2202,3434,1,12,42,55,1.2545454545454546,0.06470956516382613,593,Put a fork in it.
2275,3434,2,10,43,55,1.2545454545454546,0.06971892495651474,593,I want to report a missing dossier
2283,3434,2,10,43,55,1.2545454545454546,0.06971892495651474,593,It could be worse. She might have passed that pistol background check.
1783,3434,1,12,42,55,1.2545454545454546,0.06470956516382613,593,She seems to have disappeared but she did leave a note....
2329,3434,3,8,44,55,1.2545454545454546,0.0743917278364524,593,"Basically it says 'kick me,' in legal jargon."
2392,3434,4,6,45,55,1.2545454545454546,0.0787878787878788,593,"Yes, I know where you put the papers from your lawyer, but I don't know what they say."
1853,3434,0,14,41,55,1.2545454545454546,0.059278386873217015,593,I think I’ve finally mastered the office politics.
5074,3590,5,5,49,59,1.2542372881355932,0.07868446532925927,593,"You surprised me, I was served the divorce papers today."
5011,3590,2,11,46,59,1.2542372881355932,0.06661744873769729,593,"I must say, he did get my attention."
4338,3590,4,7,48,59,1.2542372881355932,0.0748785119257021,593,She said no more indulgences.
6940,3590,2,11,46,59,1.2542372881355932,0.06661744873769729,593,"Jane, you really stuck it to me this time, didn't you?"
3927,3590,2,11,46,59,1.2542372881355932,0.06661744873769729,593,Nothing's left in your closet. You could have at least written a 'Dear John' letter.
1769,3590,2,11,46,59,1.2542372881355932,0.06661744873769729,593,I take it that’s your final offer..?
1992,3590,1,13,45,59,1.2542372881355932,0.062076009378630594,593,"Et tu, Schrute?"
1865,3590,1,13,45,59,1.2542372881355932,0.062076009378630594,593,"Janice, the cable company just delivered a late payment notice."
158,3590,1,13,45,59,1.2542372881355932,0.062076009378630594,593,"Sweetheart, I can’t find the Honey Do List."
3863,3590,3,9,47,59,1.2542372881355932,0.0708684556926678,593,Hello 911 ? My wife has upped the ante on her Honey-Do list.
5512,3600,3,8,45,56,1.25,0.07319250547113999,593,I thought you said the divorce papers would be mailed.
4381,3600,2,10,44,56,1.25,0.06861335298462105,593,Did you leave your note where I'll see it?
4266,3600,3,8,45,56,1.25,0.07319250547113999,593,My wife did a Martin Luther thing
4405,3600,2,10,44,56,1.25,0.06861335298462105,593,"Yes, it's safe to say that I do understand the importance of completing my list before your sister arrives"
4471,3600,3,8,45,56,1.25,0.07319250547113999,593,I can't find those divorce papers that I sent to my wife.
4485,3600,3,8,45,56,1.25,0.07319250547113999,593,Hello 911 - There's a Picture Hanging On My Wall And I Did Not Put It There.
4550,3600,3,8,45,56,1.25,0.07319250547113999,593,NO I can’t read paragraph 2a back to you
4830,3600,2,11,47,60,1.25,0.06563466770327837,593,"(What's your emergency?) ""I can't find the To-Do-List my wife wrote."""
4994,3600,4,6,46,56,1.25,0.07750157099371281,593,"Yeah Ralph, Don't ever set me up with a girl again, ok? This one was a back stabber,.. literally!"
6002,3600,3,8,45,56,1.25,0.07319250547113999,593,"Hi, customer support? I’m a having a bit of an issue putting my IKEA shelf together. I think the instructions are a bit off"
7753,3600,2,10,44,56,1.25,0.06861335298462105,593,"I'd love to join you, but I'm planning to surprise the wife and get going on some honey-do projects"
6049,3600,2,10,44,56,1.25,0.06861335298462105,593,"No, I won't forget the Parmigiano-Reggiano this time."
6381,3600,4,6,46,56,1.25,0.07750157099371281,593,Can't talk now..... I have a 'Honey Do' list that is imperative!
6398,3600,0,14,42,56,1.25,0.05838742081211422,593,I believe it's an actuarial notice but it's hard to see.
6511,3600,1,12,43,56,1.25,0.06370589892970319,593,I know I'll appreciate your latest communication if I live to read it!
6516,3600,3,8,45,56,1.25,0.07319250547113999,593,The news is killing me these days.
6632,3600,2,10,44,56,1.25,0.06861335298462105,593,Mom said she won't sign the will.
6782,3600,2,10,44,56,1.25,0.06861335298462105,593,"Yes, Mr. Luther. The name IS Worms but I think you've got the wrong idea."
7079,3600,1,12,43,56,1.25,0.06370589892970319,593,The divorce papers have come through.
7092,3600,3,8,45,56,1.25,0.07319250547113999,593,"Martin Luther, you get home this instant!"
3412,3600,3,8,45,56,1.25,0.07319250547113999,593,"Doctor, my wife is protesting again."
6046,3600,3,8,45,56,1.25,0.07319250547113999,593,No. I did not see the note you left for me.
3355,3600,4,6,46,56,1.25,0.07750157099371281,593,"Yes, I know you want a divorce but I'm not sure if the best choice for your attorney was Martin Luther."
2769,3600,4,6,46,56,1.25,0.07750157099371281,593,"Well Mr. Trump, I know it’s not Scaramucci. He’s a front stabber."
2915,3600,2,10,44,56,1.25,0.06861335298462105,593,"Well, yes. He was quite adamant about it."
3331,3600,1,12,43,56,1.25,0.06370589892970319,593,Cancel the tee-time...I feel a piercing need to work on her to-do list.
341,3600,1,12,43,56,1.25,0.06370589892970319,593,I think she's leaving me.
355,3600,0,14,42,56,1.25,0.05838742081211422,593,"I didn't read the whole thing, but I get the point."
398,3600,2,10,44,56,1.25,0.06861335298462105,593,"He said his name was Luther.....Martin Luther, I believe."
469,3600,2,10,44,56,1.25,0.06861335298462105,593,"Hi Honey, where did you say you left the grocery list?"
498,3600,3,8,45,56,1.25,0.07319250547113999,593,"Honey, have you seen the letter from my ex?"
833,3600,1,12,43,56,1.25,0.06370589892970319,593,It feels kind of protestant with a burning heretic kind of sensation.
872,3600,3,8,45,56,1.25,0.07319250547113999,593,In the future please use your Twitter account!
1268,3600,4,7,49,60,1.25,0.07374180027192605,593,"No, officer, it only feels like ninety-four theses."
1298,3600,1,12,43,56,1.25,0.06370589892970319,593,"Well, it’s a just a standard prenup ..."
1256,3600,1,12,43,56,1.25,0.06370589892970319,593,I was just standing in front of the cathedral door and this guy came up behind me...
1860,3600,3,8,45,56,1.25,0.07319250547113999,593,I'd like to report a to-do list.
2849,3600,4,6,46,56,1.25,0.07750157099371281,593,i know i know. i should have never roomed with martin luther
2822,3600,1,12,43,56,1.25,0.06370589892970319,593,"Margaret, I hope after the divorce is final, we can still be friends."
1582,3600,1,12,43,56,1.25,0.06370589892970319,593,"Hi Mom, Shelia is divorcing me. No, it won't be friendly but I can't really see her point of view."
2687,3600,1,12,43,56,1.25,0.06370589892970319,593,I'd like to report a missing suicide note.
2682,3600,1,12,43,56,1.25,0.06370589892970319,593,Thanks for taking a stab at the grocery list.
2779,3600,3,8,45,56,1.25,0.07319250547113999,593,Let me call you back. Doris just served the divorce papers.
2177,3600,3,8,45,56,1.25,0.07319250547113999,593,I'm pretty sure it was Martin Luther.
2004,3600,4,6,46,56,1.25,0.07750157099371281,593,My wife reminded me of a few more things to consider before the agreement can be signed in blood.
1994,3600,1,12,43,56,1.25,0.06370589892970319,593,Your terms and conditions are unacceptable
2533,3600,2,11,47,60,1.25,0.06563466770327837,593,"I'll sign, dear. Just remind me where you left the papers."
2564,3647,3,9,49,61,1.2459016393442623,0.06877435069968206,593,I'd like to. Report a badly botched suicide.
4434,3648,1,12,44,57,1.2456140350877194,0.06273178451520715,593,I didn't know it was a hostile merger offer
7739,3648,2,10,45,57,1.2456140350877194,0.06754141843715221,593,"Cable company, I think your contract is literally killing me."
6678,3648,1,12,44,57,1.2456140350877194,0.06273178451520715,593,Thanks for the reminder.
6425,3648,4,6,47,57,1.2456140350877194,0.0762559901685283,593,"These new, “Made in the Philippines” tags are getting to be a bit much I think."
4145,3648,2,10,45,57,1.2456140350877194,0.06754141843715221,593,I should have never named my son Luther!
6618,3648,1,12,44,57,1.2456140350877194,0.06273178451520715,593,"She's been saying ""it's over"" for years. I think she means it this time."
2330,3648,1,12,44,57,1.2456140350877194,0.06273178451520715,593,I suppose it's better than having them hang over your head
2328,3648,4,6,47,57,1.2456140350877194,0.0762559901685283,593,Yeah. Hi. I have a quick questions about the recent credit card bill I received from you which covered my last business trip. Actually ... its more my Wife that has the questions. Can I Hold? ... Well ... I do need to make another call fairly soon.
1939,3648,3,8,46,57,1.2456140350877194,0.07203061585563866,593,I just got the letter from your attorney. He made of point of delivering it himself.
3822,3648,2,10,45,57,1.2456140350877194,0.06754141843715221,593,"Well, to take a stab in the dark, I guess she used a knife."
1922,3648,3,8,46,57,1.2456140350877194,0.07203061585563866,593,My wife claims it's because she ran out of refrigerator magnets.
1037,3648,3,8,46,57,1.2456140350877194,0.07203061585563866,593,"Honey, have you seen our prenup?"
4906,3660,2,9,42,53,1.2452830188679245,0.07079099215243659,593,Do you even know what 'getting served' means?
4974,3660,0,13,40,53,1.2452830188679245,0.059665616229592086,593,And one other thing—today is Martin Luther KING day.
5017,3660,3,7,43,53,1.2452830188679245,0.07574334277585738,593,I would have preferred your breakup letter been sent by email. Now it pains me to read it.
5155,3660,2,9,42,53,1.2452830188679245,0.07079099215243659,593,She signed the divorce papers.
5188,3660,1,11,41,53,1.2452830188679245,0.06546506828066133,593,"Oh the boys are fine, but I think Janet and I are headed toward a schism."
5293,3660,2,9,42,53,1.2452830188679245,0.07079099215243659,593,"Wait, I thought this was an amicable divorce."
5377,3660,1,11,41,53,1.2452830188679245,0.06546506828066133,593,"Yes, Scaramucci just gave me the memo."
4866,3660,4,5,44,53,1.2452830188679245,0.08039118969013777,593,I just learned the IRS is working with Amazon.
5414,3660,3,7,43,53,1.2452830188679245,0.07574334277585738,593,I’m stuck with a problem here. Can you come over and read this note I received?
5570,3660,0,13,40,53,1.2452830188679245,0.059665616229592086,593,"Honey, I wish you hadn't left the ""to do"" list in such a hostile manner."
5687,3660,1,11,41,53,1.2452830188679245,0.06546506828066133,593,"Honey, the children have a list of reforms. I fear they are on the verge of starting a new family without us."
5720,3660,3,7,43,53,1.2452830188679245,0.07574334277585738,593,I get the impression she won’t sign the nondisclosure agreement.
5793,3660,0,13,40,53,1.2452830188679245,0.059665616229592086,593,How could I have seen this coming?
5313,3660,3,7,43,53,1.2452830188679245,0.07574334277585738,593,Martin? Joe here - Joe Wittenberg
4793,3660,1,11,41,53,1.2452830188679245,0.06546506828066133,593,I thought her attorney was only going to be a pain in the ass!
4580,3660,3,7,43,53,1.2452830188679245,0.07574334277585738,593,...my emergency is that when I said it would hurt less to have a knife in my back she didn’t understand the irony
4729,3660,2,9,42,53,1.2452830188679245,0.07079099215243659,593,What ever happened to no-fault divorce?
4563,3660,2,9,42,53,1.2452830188679245,0.07079099215243659,593,"Yeah, I guess we can take another stab at it."
4547,3660,2,9,42,53,1.2452830188679245,0.07079099215243659,593,"Hi, Martin. I get your points."
4506,3660,3,7,43,53,1.2452830188679245,0.07574334277585738,593,"On the bright side, she only had 93 theses."
4448,3660,2,9,42,53,1.2452830188679245,0.07079099215243659,593,"As best I can tell, it's from the Homeowners' Association."
4139,3660,2,9,42,53,1.2452830188679245,0.07079099215243659,593,Office politics has gotten really nasty.
4138,3660,2,9,42,53,1.2452830188679245,0.07079099215243659,593,"Yes operator,I’m aware it’s uncommon to request an ambulance for a paper cut.."
4123,3660,0,13,40,53,1.2452830188679245,0.059665616229592086,593,at first I thought it was a pat on the back
4098,3660,1,11,41,53,1.2452830188679245,0.06546506828066133,593,I think someone's trying to tell me something.
4023,3660,2,9,42,53,1.2452830188679245,0.07079099215243659,593,Yes sweetheart I did receive your Dearr John letter…
4007,3660,2,9,42,53,1.2452830188679245,0.07079099215243659,593,"Hello, I'm calling to cancel my subscription."
4004,3660,3,7,43,53,1.2452830188679245,0.07574334277585738,593,Explain that again. I'm not sure I got your point.
3999,3660,0,13,40,53,1.2452830188679245,0.059665616229592086,593,"Sure, kick me is KINDA funny..."
5986,3660,2,9,42,53,1.2452830188679245,0.07079099215243659,593,You missed the entire point.
3967,3660,1,11,41,53,1.2452830188679245,0.06546506828066133,593,I don't think counseling will help. She was pretty adamant about me signing the divorce papers.
6111,3660,3,7,43,53,1.2452830188679245,0.07574334277585738,593,"I haven't read it yet, but I think she agreed to the divorce."
7020,3660,1,11,41,53,1.2452830188679245,0.06546506828066133,593,I can't find the advice my wife and I got from the last marriage counseling session.
6192,3660,3,7,43,53,1.2452830188679245,0.07574334277585738,593,I have a complaint about my postman.
3921,3660,4,5,44,53,1.2452830188679245,0.08039118969013777,593,I sense you are unhappy.
7730,3660,0,13,40,53,1.2452830188679245,0.059665616229592086,593,"No, but she may have left a note."
7794,3660,2,9,42,53,1.2452830188679245,0.07079099215243659,593,All this paperwork is killing me.
7658,3660,0,13,40,53,1.2452830188679245,0.059665616229592086,593,I think it has something to do with Luther's Ninety-five theses.
7650,3660,3,7,43,53,1.2452830188679245,0.07574334277585738,593,"Yes, I'd like to request a song by the Ojay's...."
7570,3660,1,11,41,53,1.2452830188679245,0.06546506828066133,593,"It's like the modern day version of that Martin Luther thing, but it's about all of her grievances."
7555,3660,3,7,43,53,1.2452830188679245,0.07574334277585738,593,"Yes, but there was no reason for you to have the divorce papers delivered so pointedly."
7449,3660,2,9,42,53,1.2452830188679245,0.07079099215243659,593,"Hello, is this Pope Francis? I have a list of issues that I'd like to discuss with you."
7355,3660,5,3,45,53,1.2452830188679245,0.08478462587480352,593,"Honey, where did you place my last will and testament?"
7328,3660,1,11,41,53,1.2452830188679245,0.06546506828066133,593,Your list of complaints seem a bit sharp.
7306,3660,3,7,43,53,1.2452830188679245,0.07574334277585738,593,That's the last time I'll believe Paul Ryan.
7265,3660,3,7,43,53,1.2452830188679245,0.07574334277585738,593,"Yes, Honey. I received your to-do list."
7202,3660,2,9,42,53,1.2452830188679245,0.07079099215243659,593,Luther stopped by . . .
7124,3660,3,7,43,53,1.2452830188679245,0.07574334277585738,593,All I did was tell her it was a draft for my will
6119,3660,3,7,43,53,1.2452830188679245,0.07574334277585738,593,You were wrong. The persecution complex wasn't all in my head.
7080,3660,1,11,41,53,1.2452830188679245,0.06546506828066133,593,I’m sorry dear - but I’m afraid I’m stuck with it.
6881,3660,2,9,42,53,1.2452830188679245,0.07079099215243659,593,Customer. Representative.
6878,3660,2,9,42,53,1.2452830188679245,0.07079099215243659,593,"Hello, 911? Martin Luther was just in my apartment."
6761,3660,2,9,42,53,1.2452830188679245,0.07079099215243659,593,I'd like to cancel my request for the remaining back issues.
6709,3660,1,11,41,53,1.2452830188679245,0.06546506828066133,593,"Yes, I feel like she is finally ready to divorce."
6648,3660,2,9,42,53,1.2452830188679245,0.07079099215243659,593,WHO SAID HINDSIGHT IS 20/20? I CANT SEE A THING!
6557,3660,1,11,41,53,1.2452830188679245,0.06546506828066133,593,I think my wife is fed up with my procrastinating .
6552,3660,2,9,42,53,1.2452830188679245,0.07079099215243659,593,"Well, doctor, I believe I started experiencing the pain a few days ago."
6510,3660,3,7,43,53,1.2452830188679245,0.07574334277585738,593,"Hi, it's John. I got your letter."
6500,3660,1,11,41,53,1.2452830188679245,0.06546506828066133,593,My wife has just reminded me that I forgot to buy the garlic butter.
6399,3660,3,7,43,53,1.2452830188679245,0.07574334277585738,593,"Honey, remind me where you left that list?"
6296,3660,0,13,40,53,1.2452830188679245,0.059665616229592086,593,"Not to worry - the ""TO DO"" list is done. I'll see you in ER shortly."
6286,3660,2,9,42,53,1.2452830188679245,0.07079099215243659,593,Have you signed the divorce papers yet?
6275,3660,3,7,43,53,1.2452830188679245,0.07574334277585738,593,I think he was a Lutheran.
6259,3660,1,11,41,53,1.2452830188679245,0.06546506828066133,593,I need to report an aggressive process server.
6949,3660,2,9,42,53,1.2452830188679245,0.07079099215243659,593,"No, seriously, I can’t get the news off my back!"
3874,3660,1,11,41,53,1.2452830188679245,0.06546506828066133,593,Yes Don Corleone - you could say I got the message.
167,3660,1,11,41,53,1.2452830188679245,0.06546506828066133,593,Are you sure you won't give us another chance?
3706,3660,2,9,42,53,1.2452830188679245,0.07079099215243659,593,"Marge, can you come over and take a note?"
1614,3660,4,5,44,53,1.2452830188679245,0.08039118969013777,593,911? My name is Martin Luther.
1511,3660,2,9,42,53,1.2452830188679245,0.07079099215243659,593,"Yes, the committee has finished marking up the tax bill."
1467,3660,3,7,43,53,1.2452830188679245,0.07574334277585738,593,But I'm sure the plan said 'unlimited usage'.
1426,3660,2,9,42,53,1.2452830188679245,0.07079099215243659,593,My wife felt it necessary to remind me that March fifteenth is our anniversary.
1422,3660,2,9,42,53,1.2452830188679245,0.07079099215243659,593,"911, i think im having a constitutional crisis."
1329,3660,3,7,43,53,1.2452830188679245,0.07574334277585738,593,I'd like to report a murder
1229,3660,1,11,41,53,1.2452830188679245,0.06546506828066133,593,I'm not aware of any backstabbing
1213,3660,2,9,42,53,1.2452830188679245,0.07079099215243659,593,"Time-Warner? Yes, I have read the fine print. No, no, nothing I didn't expect from you."
1204,3660,4,5,44,53,1.2452830188679245,0.08039118969013777,593,What do you mean how do I know the sports section is missing? I just know.
1199,3660,3,7,43,53,1.2452830188679245,0.07574334277585738,593,"I need someone to read the notice on my back, it might be urgent"
1171,3660,2,9,42,53,1.2452830188679245,0.07079099215243659,593,Where did you say you put the divorce papers?
1073,3660,3,7,43,53,1.2452830188679245,0.07574334277585738,593,"I received your note. Yes, sir...it was concise and to the point."
975,3660,2,9,42,53,1.2452830188679245,0.07079099215243659,593,"I know I promised, but I can't find the 'honey-do list' anywhere."
962,3660,3,7,43,53,1.2452830188679245,0.07574334277585738,593,I am having a problem with some guy named Martin Luther....
796,3660,2,9,42,53,1.2452830188679245,0.07079099215243659,593,"Sorry, no ""poker night"" - the wife's pretty serious about her ""to do"" list."
771,3660,3,7,43,53,1.2452830188679245,0.07574334277585738,593,"Just wanted to clarify-- Are those divorce papers, or the ""to do"" list you posted"
770,3660,2,9,42,53,1.2452830188679245,0.07079099215243659,593,Mitch McConnell calling. The president says he can't find his copy of the Constitution anywhere.
714,3660,2,9,42,53,1.2452830188679245,0.07079099215243659,593,The Reformation Day party was a little wild.
703,3660,0,13,40,53,1.2452830188679245,0.059665616229592086,593,"Honey... I think we can rest assured that the kids are on the ""naughty list"" again this year."
683,3660,3,7,43,53,1.2452830188679245,0.07574334277585738,593,"In case your wondering, I was just served with the subpoena."
646,3660,3,7,43,53,1.2452830188679245,0.07574334277585738,593,I'd like to find out who ordered the stab-o-gram.
453,3660,1,11,41,53,1.2452830188679245,0.06546506828066133,593,"Yes, I found the divorce papers."
360,3660,3,7,43,53,1.2452830188679245,0.07574334277585738,593,"Honey, I've looked everywhere for the grocery list."
252,3660,4,5,44,53,1.2452830188679245,0.08039118969013777,593,How should I feel about tax reform?
241,3660,2,9,42,53,1.2452830188679245,0.07079099215243659,593,Who doesn't love a game of 'Pin the Mail on the Donkey'?
198,3660,2,9,42,53,1.2452830188679245,0.07079099215243659,593,All I did was ask her what's wrong.
196,3660,1,11,41,53,1.2452830188679245,0.06546506828066133,593,Martin Luther is a lousy butler.
69,3660,2,9,42,53,1.2452830188679245,0.07079099215243659,593,Your attorney was just here with the first draft of the divorce papers.
3790,3660,3,7,43,53,1.2452830188679245,0.07574334277585738,593,Her lawyer's a Lutheran.
1834,3660,3,7,43,53,1.2452830188679245,0.07574334277585738,593,"Yes, I am aware that my voicemail is full."
1839,3660,0,13,40,53,1.2452830188679245,0.059665616229592086,593,"The magazine didn't buy my short story, but at least it was a personal rejection this time."
1391,3660,3,7,43,53,1.2452830188679245,0.07574334277585738,593,Tell the Senator that I can't vote on the tax plan because I haven't read it yet.
1978,3660,3,7,43,53,1.2452830188679245,0.07574334277585738,593,The paper says crime rate is down. That sounds like Fake News to me.
3694,3660,2,9,42,53,1.2452830188679245,0.07079099215243659,593,"Obviously, I did not read the fine print."
3675,3660,2,9,42,53,1.2452830188679245,0.07079099215243659,593,"I can't read it right now, I'm waiting for a ride to the emergency room."
3622,3660,3,7,43,53,1.2452830188679245,0.07574334277585738,593,"I've looked everywhere, but I can't find it."
3591,3660,2,9,42,53,1.2452830188679245,0.07079099215243659,593,I really want to put this all behind me.
3587,3660,2,9,42,53,1.2452830188679245,0.07079099215243659,593,"Sorry dear, but I'm going to be getting home, this paperwork is a killer."
3512,3660,1,11,41,53,1.2452830188679245,0.06546506828066133,593,My divinity student just submitted her thesis....
3385,3660,1,11,41,53,1.2452830188679245,0.06546506828066133,593,My Body just gave me an Eviction Notice.
3371,3660,1,11,41,53,1.2452830188679245,0.06546506828066133,593,"Maggie, deep-six Friday's team building event. I think the moment for a fun and effective change in our corporate culture has come and gone."
1889,3660,2,9,42,53,1.2452830188679245,0.07079099215243659,593,I got your note. Are you sure it's over?
3248,3660,1,11,41,53,1.2452830188679245,0.06546506828066133,593,"Bob, I know it's very late, but I need to annul my pre-nup."
3240,3660,1,11,41,53,1.2452830188679245,0.06546506828066133,593,I'm afraid I'll have to pass. There are a few things my wife wants done around the house.
3233,3660,5,3,45,53,1.2452830188679245,0.08478462587480352,593,"Hello dear. I received the divorce papers, but I was hoping we can reconcile."
3229,3660,4,5,44,53,1.2452830188679245,0.08039118969013777,593,I've looked everywhere. Where did you put the grocery list again?
3098,3660,3,7,43,53,1.2452830188679245,0.07574334277585738,593,Hello? Martin Luther Hospital?
3086,3660,2,9,42,53,1.2452830188679245,0.07079099215243659,593,I can't read the fine print.
3269,3660,1,11,41,53,1.2452830188679245,0.06546506828066133,593,Hello? I'd like to report the Eagles. They stabbed me with their steely knife but they just can't kill the list.
3015,3660,3,7,43,53,1.2452830188679245,0.07574334277585738,593,All I said was 'Why can't they protest more like Martin Luther?'
2800,3660,3,7,43,53,1.2452830188679245,0.07574334277585738,593,"Counselor, seems she declined to sign the separation agreement...."
2559,3660,2,9,42,53,1.2452830188679245,0.07079099215243659,593,Sticky notes were just not working for me.
2555,3660,1,11,41,53,1.2452830188679245,0.06546506828066133,593,I made the Trump List!
2422,3660,1,11,41,53,1.2452830188679245,0.06546506828066133,593,"Mom, it's over. She didn't exactly like the prenup idea."
2377,3660,1,11,41,53,1.2452830188679245,0.06546506828066133,593,"No, mom, I still haven't signed the divorce papers."
2316,3660,2,9,42,53,1.2452830188679245,0.07079099215243659,593,I'd go shopping for you if I knew where you put the grocery list!
2293,3660,1,11,41,53,1.2452830188679245,0.06546506828066133,593,And this was my favorite shirt.
1989,3660,0,13,40,53,1.2452830188679245,0.059665616229592086,593,You couldn't just put them on the front door?
2284,3660,4,5,44,53,1.2452830188679245,0.08039118969013777,593,"Hey mom, these bills are killing me."
2272,3660,2,9,42,53,1.2452830188679245,0.07079099215243659,593,"No, Counsel, I don't think she's going to accept the divorce terms we demanded."
2216,3660,3,7,43,53,1.2452830188679245,0.07574334277585738,593,But it's not signed.
2211,3660,1,11,41,53,1.2452830188679245,0.06546506828066133,593,Luther? You agreed to hang your 95 Theses on the Cathedral door! This makes me feel like I've been stabbed me in the back.
2035,3660,0,13,40,53,1.2452830188679245,0.059665616229592086,593,Your writ of habeas corpus has been received.
3042,3660,1,11,41,53,1.2452830188679245,0.06546506828066133,593,"Here I stand, I can do no other."
7280,3792,1,12,45,58,1.2413793103448276,0.061786005555532486,593,That's just like you. How do you expect me to read it?
376,3792,2,10,46,58,1.2413793103448276,0.06650166283683627,593,Where did you leave the 'honey-do' list?
7137,3792,2,10,46,58,1.2413793103448276,0.06650166283683627,593,They cut me out of their will.
7446,3795,0,13,41,54,1.2407407407407407,0.05872620136016884,593,You guessed it--another drive-by knifing.
7283,3795,1,11,42,54,1.2407407407407407,0.06440169831426679,593,The divorce papers were served.
7053,3795,1,11,42,54,1.2407407407407407,0.06440169831426679,593,We'very put all those bills behind us.
7042,3795,4,5,45,54,1.2407407407407407,0.07901907873711286,593,"I haven't had a chance to read it yet, Mr. President, but I've been told it states that giving to the poor is more important than buying indulgences."
4829,3795,2,9,43,54,1.2407407407407407,0.06961602376844407,593,Yes. I know. It was an odd way for her to commemorate the 500th anniversary of Luther's 95 theses.
6517,3795,2,9,43,54,1.2407407407407407,0.06961602376844407,593,"I said: ""Do I look like a German Church? And, by the way, it's 2017 not 1517!!!"""
6508,3795,2,9,43,54,1.2407407407407407,0.06961602376844407,593,apparently with some provocation
6486,3795,2,9,43,54,1.2407407407407407,0.06961602376844407,593,"I'm sorry to bother you Honey, but tell me again where you left the divorce papers."
5920,3795,1,11,42,54,1.2407407407407407,0.06440169831426679,593,There's something I just need to get off my back right now.
5516,3795,0,13,41,54,1.2407407407407407,0.05872620136016884,593,"Yes, but if we can't use e-mail, I would prefer face to face."
5417,3795,3,7,44,54,1.2407407407407407,0.07446611836866017,593,Helpline..? Can you settle a disagreement about the stuffing recipe?..
4964,3795,1,11,42,54,1.2407407407407407,0.06440169831426679,593,Do you know a guy called Martin Luther?
4589,3795,2,9,43,54,1.2407407407407407,0.06961602376844407,593,"Yes, I got the memo. I'm trying to understand the message."
6757,3795,3,7,44,54,1.2407407407407407,0.07446611836866017,593,"Rev. Luther? Steve Dore here. Just a suggestion, but how about posting your notice on the cathedral door instead?"
3582,3795,2,9,43,54,1.2407407407407407,0.06961602376844407,593,"Yes honey, my wife gave me a note about your accidental butt call that you made during your lunch with the girls."
4586,3795,3,7,44,54,1.2407407407407407,0.07446611836866017,593,A Dear John letter causes enough pain without the added twist.
406,3795,0,13,41,54,1.2407407407407407,0.05872620136016884,593,"Now you're just being sarcastic, clearly the pun was intended."
543,3795,3,7,44,54,1.2407407407407407,0.07446611836866017,593,"What do you mean we're finished? No, I haven't seen your letter!"
658,3795,2,9,43,54,1.2407407407407407,0.06961602376844407,593,I’m not positive but I think it might be my ‘honey do’ list!
992,3795,1,11,42,54,1.2407407407407407,0.06440169831426679,593,"My son, your student, has taken the lesson of Martin Luther too literally."
922,3795,2,9,43,54,1.2407407407407407,0.06961602376844407,593,"I don't want to talk about it, can you just pick me up early?"
1389,3795,2,9,43,54,1.2407407407407407,0.06961602376844407,593,Ed still has my back but he's added a few conditions.
1656,3795,3,7,44,54,1.2407407407407407,0.07446611836866017,593,The divorce papers just arrived.
1828,3795,2,9,43,54,1.2407407407407407,0.06961602376844407,593,"I haven't read it yet, but I'm pretty sure it's not very positive."
2802,3795,0,13,41,54,1.2407407407407407,0.05872620136016884,593,I got a pointed message from my wife about our correspondence.
2807,3795,2,9,43,54,1.2407407407407407,0.06961602376844407,593,"I'll call you back, mother. The landlord stopped by for the rent."
1083,3795,1,11,42,54,1.2407407407407407,0.06440169831426679,593,Hello Maureen. Stan here. The divorce papers arrived today. I do have a question about the alimony payment.
5577,3822,2,10,47,59,1.2372881355932204,0.06549270642063965,593,Where did you put the shopping list this time!
5664,3823,2,9,44,55,1.2363636363636363,0.06847859093607389,593,It's me. You told me to call you when my wife signed the divorce papers.
7008,3823,3,7,45,55,1.2363636363636363,0.07323058165814891,593,Just wondering -- you want your knife?
6593,3823,1,11,43,55,1.2363636363636363,0.06337126117720451,593,No worries sweetheart; it's my wife making another non-negotiable divorce point!
3174,3823,3,7,45,55,1.2363636363636363,0.07323058165814891,593,911? I'm calling to complain about a back-stabbing op-ed report in today's paper.
3438,3823,2,9,44,55,1.2363636363636363,0.06847859093607389,593,My wife said the sheriff was taking too long to serve me the papers
2364,3823,1,11,43,55,1.2363636363636363,0.06337126117720451,593,"Yes, I'd like to report a Reformation."
2249,3823,5,3,47,55,1.2363636363636363,0.08191165629379107,593,"I know this is Reformation Sunday,but she is no Martin Luther"
1451,3823,1,11,43,55,1.2363636363636363,0.06337126117720451,593,I just got your text.
3125,3823,3,7,45,55,1.2363636363636363,0.07323058165814891,593,"I can't actually read it, but it's probably another one of Ellen's ultimatums."
5099,3832,3,6,42,51,1.2352941176470589,0.07714633558002353,593,"We're free to marry, but the ex is sending a few instructions."
5110,3832,2,8,41,51,1.2352941176470589,0.07188354031303278,593,Does this policy cover a stabbing-in-the-back?
5176,3832,1,10,40,51,1.2352941176470589,0.06620369810248677,593,"No, I don’t think Roy Moore did it"
5233,3832,3,6,42,51,1.2352941176470589,0.07714633558002353,593,You said people were upfront here.
5256,3832,2,8,41,51,1.2352941176470589,0.07188354031303278,593,I took the 2 aspirin but the habeas corpus is still in my corpus.
5275,3832,1,10,40,51,1.2352941176470589,0.06620369810248677,593,She says she has 95 reasons but I haven't seen them yet.
5286,3832,1,10,40,51,1.2352941176470589,0.06620369810248677,593,Sheila's left me--I have no idea why.
5386,3832,2,8,41,51,1.2352941176470589,0.07188354031303278,593,"No, I am not interested in the Protestant Reformation."
5431,3832,3,6,42,51,1.2352941176470589,0.07714633558002353,593,I realize you already took a stab at a second draft but it still doesn’t feel right.
5477,3832,0,12,39,51,1.2352941176470589,0.05998846486579745,593,"Yes, I'd like to accuse my attorney of malfeasance and murder... oh and he also ran off with my wife, the kids and my cat.... I loved that cat."
5500,3832,1,10,40,51,1.2352941176470589,0.06620369810248677,593,I’m sorry I’m stuck when it comes to the news
5536,3832,0,12,39,51,1.2352941176470589,0.05998846486579745,593,Just tell my attorney that wifey didn't like our divorce offer.
5573,3832,3,6,42,51,1.2352941176470589,0.07714633558002353,593,The pain is more intense when I sit in a chair
5603,3832,3,6,42,51,1.2352941176470589,0.07714633558002353,593,"Hello corporate, I'm having difficulty reading the fine print of our backstabbing policy.."
5627,3832,3,6,42,51,1.2352941176470589,0.07714633558002353,593,I'm calling to complain about the backstabbing manner in which my non-moving violation was presented.
5653,3832,2,8,41,51,1.2352941176470589,0.07188354031303278,593,"Hey Mitch, after consulting with my wife I think I'm a ""no"" on the tax reform bill."
5088,3832,2,8,41,51,1.2352941176470589,0.07188354031303278,593,Do you carry Post-it Notes?
4516,3832,0,12,39,51,1.2352941176470589,0.05998846486579745,593,Human Resources ? I’d like to report some back stabbers.
5012,3832,1,10,40,51,1.2352941176470589,0.06620369810248677,593,You know that note you said you left for me when you walked out? I can't find it.
4268,3832,3,6,42,51,1.2352941176470589,0.07714633558002353,593,This back pain is yesterday's news.
4285,3832,2,8,41,51,1.2352941176470589,0.07188354031303278,593,"You were right, she was a backstabber!"
4306,3832,2,8,41,51,1.2352941176470589,0.07188354031303278,593,Yes sir... we did get a response to the subpoena.
4382,3832,1,10,40,51,1.2352941176470589,0.06620369810248677,593,When she gets in please tell her that I've changed my opinion on breaking up via text.
4394,3832,2,8,41,51,1.2352941176470589,0.07188354031303278,593,Phone number for the Martin Luther Museum please?
4425,3832,2,8,41,51,1.2352941176470589,0.07188354031303278,593,"Yes, I'm pretty sure it's a resignation letter"
4427,3832,2,8,41,51,1.2352941176470589,0.07188354031303278,593,I dunno. She kept muttering something about me being too indulgent.
5027,3832,2,8,41,51,1.2352941176470589,0.07188354031303278,593,"Miss Smith, did that order for the Post-It Notes come in yet?"
5816,3832,3,6,42,51,1.2352941176470589,0.07714633558002353,593,"No, I don't know what it says. My wife thinks I will get the message anyway."
4597,3832,3,6,42,51,1.2352941176470589,0.07714633558002353,593,"I'm sorry Susan, but until I find that list you left me I simply can't meet with the relationship counsellor."
4676,3832,2,8,41,51,1.2352941176470589,0.07188354031303278,593,"Yes, I AM aware that our claim was rejected because our policy lapsed when I forgot to pay the premium. My wife informed me of the denial."
4785,3832,1,10,40,51,1.2352941176470589,0.06620369810248677,593,Our client wants to re-evaluate the no-backstabbing clause.
4875,3832,2,8,41,51,1.2352941176470589,0.07188354031303278,593,The least you could have done is told me about your memo first.
4967,3832,3,6,42,51,1.2352941176470589,0.07714633558002353,593,Couldn't you just pick up the phone like everyone else?
4970,3832,2,8,41,51,1.2352941176470589,0.07188354031303278,593,"Mother, you should give me more credit. I didn't mention contractual obligation once on this call."
4989,3832,3,6,42,51,1.2352941176470589,0.07714633558002353,593,"Hi, Mr. Phillips? Yes, this is Billy's father. I'm just calling to give you some feedback on your recent Roman history unit."
4567,3832,1,10,40,51,1.2352941176470589,0.06620369810248677,593,No Dad! It's on White House letterhead but there's no signature.
5847,3832,2,8,41,51,1.2352941176470589,0.07188354031303278,593,"My dear, your words cut me to the quick."
6434,3832,2,8,41,51,1.2352941176470589,0.07188354031303278,593,"As I was leaving, she made some very pointed remarks"
6058,3832,3,6,42,51,1.2352941176470589,0.07714633558002353,593,"Yes, Brad has posted his thesis."
7333,3832,2,8,41,51,1.2352941176470589,0.07188354031303278,593,Did you ever hear of Ninety-five Theses?
7357,3832,4,4,43,51,1.2352941176470589,0.08207235112335823,593,These hidden fees are killing me
7358,3832,2,8,41,51,1.2352941176470589,0.07188354031303278,593,"I don't care how many theses you have, Mr. Luther, this is the wrong way to submit your homework."
7417,3832,4,4,43,51,1.2352941176470589,0.08207235112335823,593,I'll have to call you back. I just got a text from my wife.
7507,3832,2,8,41,51,1.2352941176470589,0.07188354031303278,593,I'm stuck at the office again.
7534,3832,2,8,41,51,1.2352941176470589,0.07188354031303278,593,I just received their final proposal to sign the agreement.
7553,3832,2,8,41,51,1.2352941176470589,0.07188354031303278,593,"Can you come home, Darcy, and help me find that letter from my mother?"
7557,3832,3,6,42,51,1.2352941176470589,0.07714633558002353,593,"Yes, you told be that they are backstabbers, but you did not tell me about the small print!"
7632,3832,1,10,40,51,1.2352941176470589,0.06620369810248677,593,Consider me served.
7634,3832,3,6,42,51,1.2352941176470589,0.07714633558002353,593,"Yes, are you able to take care of back taxes?"
7687,3832,3,6,42,51,1.2352941176470589,0.07714633558002353,593,I'm calling to cancel my acupuncture appointment for this week.
7698,3832,1,10,40,51,1.2352941176470589,0.06620369810248677,593,"Peaches, I told you this lawyer was a backstabber."
7706,3832,2,8,41,51,1.2352941176470589,0.07188354031303278,593,I absolutely cannot sign this.
7721,3832,2,8,41,51,1.2352941176470589,0.07188354031303278,593,Have you seen the honey do list?
4243,3832,2,8,41,51,1.2352941176470589,0.07188354031303278,593,I thought you said it was a stab in the dark!
7275,3832,0,12,39,51,1.2352941176470589,0.05998846486579745,593,Yes I checked the box but does anyone really reads the Terms and Conditions!!!
7250,3832,0,12,39,51,1.2352941176470589,0.05998846486579745,593,"Okay, I concede a signed note with an explanation was thoughtful. Still..."
7197,3832,1,10,40,51,1.2352941176470589,0.06620369810248677,593,I know you would not stab me in the back without a full explanation...
7017,3832,3,6,42,51,1.2352941176470589,0.07714633558002353,593,"Yes honey, I spoke to the landlord again, but I’m still getting some resistance about breaking the lease."
6064,3832,1,10,40,51,1.2352941176470589,0.06620369810248677,593,"Why, yes - I do prefer your telephone calls!"
6183,3832,2,8,41,51,1.2352941176470589,0.07188354031303278,593,"Yes, I got it, and it's an offer I can't refuse."
6189,3832,1,10,40,51,1.2352941176470589,0.06620369810248677,593,I think it’s a Ginsu!
6205,3832,2,8,41,51,1.2352941176470589,0.07188354031303278,593,I changed my mind I want the full week delivery not just weekends.
6208,3832,2,8,41,51,1.2352941176470589,0.07188354031303278,593,911? I want to report an illegal posting.
6240,3832,2,8,41,51,1.2352941176470589,0.07188354031303278,593,"Honey, can you remind me where you put the shopping list?"
6371,3832,4,4,43,51,1.2352941176470589,0.08207235112335823,593,You’re telling me there’s an extra charge for breakfast too?
6013,3832,2,8,41,51,1.2352941176470589,0.07188354031303278,593,"Yes, I got your message, and I'll be setting up my voicemail sometime today."
6395,3832,2,8,41,51,1.2352941176470589,0.07188354031303278,593,You could have sent me a text!
6466,3832,2,8,41,51,1.2352941176470589,0.07188354031303278,593,"Can I have the Vatican, please?"
6475,3832,4,4,43,51,1.2352941176470589,0.08207235112335823,593,The President came up with a few suggestions we should look at.
6523,3832,3,6,42,51,1.2352941176470589,0.07714633558002353,593,I have 95 reasons why not
6703,3832,2,8,41,51,1.2352941176470589,0.07188354031303278,593,But I can't find your list of demands!
6708,3832,0,12,39,51,1.2352941176470589,0.05998846486579745,593,I don't see how agreeing to the death clause was helpful.
6802,3832,1,10,40,51,1.2352941176470589,0.06620369810248677,593,I just got the subpoena.
6906,3832,1,10,40,51,1.2352941176470589,0.06620369810248677,593,The terms of this agreement are killing me.
6464,3832,3,6,42,51,1.2352941176470589,0.07714633558002353,593,Is there anyway we can turn this around?
4130,3832,0,12,39,51,1.2352941176470589,0.05998846486579745,593,I am well aware that you want me to sign that contract.
4176,3832,2,8,41,51,1.2352941176470589,0.07188354031303278,593,It's not the fine print I'm worried about...
4019,3832,1,10,40,51,1.2352941176470589,0.06620369810248677,593,She wanted her complaints to be stated in writing.
1133,3832,1,10,40,51,1.2352941176470589,0.06620369810248677,593,I received your final notice about my late payment.
1160,3832,3,6,42,51,1.2352941176470589,0.07714633558002353,593,"Honey, have you seen my paternity test results anywhere?"
1259,3832,2,8,41,51,1.2352941176470589,0.07188354031303278,593,"She read me the riot act and then she stabbed me in the back, literally."
1304,3832,1,10,40,51,1.2352941176470589,0.06620369810248677,593,"Yes doctor, my wife's ""to do"" list was a pain in the neck but now it's moved to my back."
1393,3832,1,10,40,51,1.2352941176470589,0.06620369810248677,593,"Police, I've been served with divorce papers!"
1456,3832,2,8,41,51,1.2352941176470589,0.07188354031303278,593,"In case I hadn't made it clear, Reginald, I prefer you send your attachments via email."
1593,3832,1,10,40,51,1.2352941176470589,0.06620369810248677,593,No. Shank YOU.
1723,3832,3,6,42,51,1.2352941176470589,0.07714633558002353,593,"Yes, I did meet a Russian lawyer today."
1748,3832,2,8,41,51,1.2352941176470589,0.07188354031303278,593,I think she seriously wants a divorce.
1829,3832,3,6,42,51,1.2352941176470589,0.07714633558002353,593,Room service? Can you send up a lawyer and some large tweezers?
1937,3832,3,6,42,51,1.2352941176470589,0.07714633558002353,593,I think those squats are finally paying off. Everyone's taking a close look at my backside today!
1961,3832,2,8,41,51,1.2352941176470589,0.07188354031303278,593,Your divorce lawyer made his point very clear.
1965,3832,1,10,40,51,1.2352941176470589,0.06620369810248677,593,She’s finally gone Mom and she left a very unpleasant farewell letter.
1972,3832,0,12,39,51,1.2352941176470589,0.05998846486579745,593,She said we're cutting back on Post-it notes.
2001,3832,2,8,41,51,1.2352941176470589,0.07188354031303278,593,Our son thinks he is Martin Luther.
1081,3832,3,6,42,51,1.2352941176470589,0.07714633558002353,593,Apparently Wendy wasn't joking when she said that she wanted a divorce!
985,3832,1,10,40,51,1.2352941176470589,0.06620369810248677,593,"I know, she could have emailed her demands."
970,3832,2,8,41,51,1.2352941176470589,0.07188354031303278,593,"hi honey , where did you say you put the shopping list ?"
968,3832,1,10,40,51,1.2352941176470589,0.06620369810248677,593,Are you ready for the worst part? My signature must be NOTARIZED!
127,3832,2,8,41,51,1.2352941176470589,0.07188354031303278,593,Let me get straight to the point.
138,3832,3,6,42,51,1.2352941176470589,0.07714633558002353,593,I don't think she wants you calling here anymore.
181,3832,2,8,41,51,1.2352941176470589,0.07188354031303278,593,"Yes, I got the divorce papers."
243,3832,2,8,41,51,1.2352941176470589,0.07188354031303278,593,My coverage? I'm having a bit of difficulty accessing the policy at the moment.
300,3832,2,8,41,51,1.2352941176470589,0.07188354031303278,593,Can I call you back...I've just been handed a project.
343,3832,1,10,40,51,1.2352941176470589,0.06620369810248677,593,"You're right, I would prefer receiving a call over direct mail."
346,3832,3,6,42,51,1.2352941176470589,0.07714633558002353,593,I think Martha wants a divorce
2008,3832,4,4,43,51,1.2352941176470589,0.08207235112335823,593,"I would love to run for the House of Representatives, but the fake Neew York Times stabbed me in the back."
470,3832,4,4,43,51,1.2352941176470589,0.08207235112335823,593,"Next time, text me your 95 Theses."
511,3832,0,12,39,51,1.2352941176470589,0.05998846486579745,593,"Yes, I'd like to file a complaint about the way my acupuncturist delivered my bill."
632,3832,4,4,43,51,1.2352941176470589,0.08207235112335823,593,"Hang on, I know it's around here somewhere."
803,3832,1,10,40,51,1.2352941176470589,0.06620369810248677,593,There is a very sharp point to their demands.
812,3832,1,10,40,51,1.2352941176470589,0.06620369810248677,593,"Sorry babe, where did you say you put the grocery list?"
869,3832,2,8,41,51,1.2352941176470589,0.07188354031303278,593,She's trying to put it all behind me.
880,3832,0,12,39,51,1.2352941176470589,0.05998846486579745,593,"Honey, if you left me a Dear John letter I would've seen it by now"
960,3832,2,8,41,51,1.2352941176470589,0.07188354031303278,593,My wife left me a note that I should report an attempted murder.
503,3832,0,12,39,51,1.2352941176470589,0.05998846486579745,593,"No, Dear...I can't sign the divorce papers."
2048,3832,1,10,40,51,1.2352941176470589,0.06620369810248677,593,It seems I'm too indulgent with the kids.
1800,3832,2,8,41,51,1.2352941176470589,0.07188354031303278,593,"Well, your Yelp review sure FELT like a stab in the back!"
2100,3832,1,10,40,51,1.2352941176470589,0.06620369810248677,593,My attorney said it’s a standard divorce contract.
3368,3832,1,10,40,51,1.2352941176470589,0.06620369810248677,593,Is it too late to change parties?
3407,3832,3,6,42,51,1.2352941176470589,0.07714633558002353,593,"Honey, have you seen my favorite ""to do"" list?"
3471,3832,3,6,42,51,1.2352941176470589,0.07714633558002353,593,"When you said that you would get ""back"" with a note, you should have been more descriptive."
3476,3832,3,6,42,51,1.2352941176470589,0.07714633558002353,593,"Hey Honey -- can you tell me where you left that ""To Do"" list that you wanted me to tackle?"
3523,3832,3,6,42,51,1.2352941176470589,0.07714633558002353,593,"Next time, please post it where I can read it."
3564,3832,3,6,42,51,1.2352941176470589,0.07714633558002353,593,I might have a dogma problem.
2083,3832,1,10,40,51,1.2352941176470589,0.06620369810248677,593,I’ll start my todo list as soon as I get a second mirror.
3318,3832,1,10,40,51,1.2352941176470589,0.06620369810248677,593,"Yes, I'm responding to your ad..."
3577,3832,2,8,41,51,1.2352941176470589,0.07188354031303278,593,I don't see your point.
3726,3832,3,6,42,51,1.2352941176470589,0.07714633558002353,593,"Yes, I'd like to register a complaint about my bill."
3743,3832,3,6,42,51,1.2352941176470589,0.07714633558002353,593,"Hon, are you sure you paid the cable bill?"
3838,3832,2,8,41,51,1.2352941176470589,0.07188354031303278,593,I think I've been hit with a ransom note.
3885,3832,3,6,42,51,1.2352941176470589,0.07714633558002353,593,The editor rejected my manuscript but she did attach some helpful suggestions this time.
3907,3832,2,8,41,51,1.2352941176470589,0.07188354031303278,593,Remember that recipe you gave to the cook? Well she just quit.
3949,3832,4,4,43,51,1.2352941176470589,0.08207235112335823,593,Nuptial Agreement Process department please...
4113,3832,1,10,40,51,1.2352941176470589,0.06620369810248677,593,"My only point was that it wasn’t fake news, then he made his point."
3630,3832,1,10,40,51,1.2352941176470589,0.06620369810248677,593,"Yes, my newspaper delivery complaint has been addressed, but not to my satisfaction."
3298,3832,2,8,41,51,1.2352941176470589,0.07188354031303278,593,I just don't think I'll be able to back out of this contract.
3574,3832,2,8,41,51,1.2352941176470589,0.07188354031303278,593,"Editor? The pen is mightier, my ass."
3175,3832,2,8,41,51,1.2352941176470589,0.07188354031303278,593,Any idea where I left my knife and list of demands?
2310,3832,3,6,42,51,1.2352941176470589,0.07714633558002353,593,There's one on my closet door but I don't have a hand mirror.
2361,3832,3,6,42,51,1.2352941176470589,0.07714633558002353,593,I don't want to be a process server anymore mommy.
2512,3832,1,10,40,51,1.2352941176470589,0.06620369810248677,593,Just got a New Yorker rejection delivered in person.
2691,3832,2,8,41,51,1.2352941176470589,0.07188354031303278,593,"Yes, hello, I'm calling to enroll in paperless billing."
2774,3832,2,8,41,51,1.2352941176470589,0.07188354031303278,593,Next time make it a jpeg.
3241,3832,1,10,40,51,1.2352941176470589,0.06620369810248677,593,"C'mon over, I've queued up a whole bunch of old Steve Guttenberg movies."
2789,3832,2,8,41,51,1.2352941176470589,0.07188354031303278,593,Enough back and forth. I'm calling to accept your contract terms.
2793,3832,3,6,42,51,1.2352941176470589,0.07714633558002353,593,I’d sign the darn separation agreement if I could reach it!
2834,3832,3,6,42,51,1.2352941176470589,0.07714633558002353,593,Mr Mueller ...
2840,3832,1,10,40,51,1.2352941176470589,0.06620369810248677,593,I'd like to report a Martin Luther.
2872,3832,3,6,42,51,1.2352941176470589,0.07714633558002353,593,Yes. I'd like to order a bulletin board.
3006,3832,1,10,40,51,1.2352941176470589,0.06620369810248677,593,they left a message for my masseuse
3107,3832,3,6,42,51,1.2352941176470589,0.07714633558002353,593,"I gave up my cellphone two weeks ago, but I’m still getting hate mail."
3113,3832,3,6,42,51,1.2352941176470589,0.07714633558002353,593,I don't remember where my spouse put the instructions.
3119,3832,2,8,41,51,1.2352941176470589,0.07188354031303278,593,Airbnb helpline? Yes--evidently there are some rather severe restrictions and penalties in my lease concerning short term rentals...
2297,3832,2,8,41,51,1.2352941176470589,0.07188354031303278,593,I want to report a missed delivery.
2114,3832,1,10,40,51,1.2352941176470589,0.06620369810248677,593,I'm concerned what might happen if this bill goes to collections.
4104,3986,2,9,45,56,1.2321428571428572,0.06737697508644648,593,Amazon? I'd like to order a bulletin board.
7779,3987,2,8,42,52,1.2307692307692308,0.07063269667552394,593,My suicide note is attached.
4727,3987,1,10,41,52,1.2307692307692308,0.06507557165853581,593,"Hi, Jacob. My wife just signed and gave me the divorce papers."
4893,3987,2,8,42,52,1.2307692307692308,0.07063269667552394,593,"Is the dire shortage of fridge magnets likely to end soon ,if not what alternatives can you suggest ?"
5879,3987,3,6,43,52,1.2307692307692308,0.0757834127802906,593,Hang on. My wife just served me with 95 theses.
5893,3987,2,8,42,52,1.2307692307692308,0.07063269667552394,593,"Of course, dear. I haven't lost the ""honey do"" list."
6048,3987,2,8,42,52,1.2307692307692308,0.07063269667552394,593,Dr. Luther has made it plain to me that he is also considering a career in the circus.
6281,3987,0,12,40,52,1.2307692307692308,0.058997306834413094,593,"Yes, I'm here. The boss sent me home with a note."
6455,3987,1,10,41,52,1.2307692307692308,0.06507557165853581,593,''It's not the message . ''It's not the message. It's the delivery.''
6522,3987,2,8,42,52,1.2307692307692308,0.07063269667552394,593,"Yes, my finance won’t sign the prenup."
6592,3987,0,12,40,52,1.2307692307692308,0.058997306834413094,593,"Listen carefully, your options have changed. Quite a bit, actually."
6777,3987,3,6,43,52,1.2307692307692308,0.0757834127802906,593,I'd like to get off your special deals list.
6828,3987,2,8,42,52,1.2307692307692308,0.07063269667552394,593,"Hello, 9-1-1, I think my backstabbing wife just served me with divorce papers."
6915,3987,2,8,42,52,1.2307692307692308,0.07063269667552394,593,"Hello, I saw your ad on TV and could use some legal advice. My wife just served me with divorce papers."
7491,3987,4,4,44,52,1.2307692307692308,0.08060566646085904,593,I’d like to report a totally trumped-up back-stabbing!
7588,3987,2,8,42,52,1.2307692307692308,0.07063269667552394,593,"Ok, you made your point, I'll sign the papers."
7754,3987,2,8,42,52,1.2307692307692308,0.07063269667552394,593,"Yes, I just left the Senate floor and no I can’t be certain, but it does has the White House Letterhead on top."
4649,3987,1,10,41,52,1.2307692307692308,0.06507557165853581,593,"Any ideas where you put the ""to-do"" list you gave to me this morning?"
4396,3987,1,10,41,52,1.2307692307692308,0.06507557165853581,593,"I said the contract terms are stuck, rhymes with suck."
3245,3987,3,6,43,52,1.2307692307692308,0.0757834127802906,593,It’s not so much a paper cut. More of a paper stab.
3753,3987,1,10,41,52,1.2307692307692308,0.06507557165853581,593,"I don't know the details, but she gave me a painful ultimatum."
2,3987,2,8,42,52,1.2307692307692308,0.07063269667552394,593,It feels like she really stabbed me in the back with these divorce papers
737,3987,4,4,44,52,1.2307692307692308,0.08060566646085904,593,"Hey, can you come over and read my new cellular phone contract to me?"
919,3987,2,8,42,52,1.2307692307692308,0.07063269667552394,593,"Could you hold on, I think my wife wants me to sign the divorce papers."
1063,3987,1,10,41,52,1.2307692307692308,0.06507557165853581,593,"No, I'm certain they think our offer is low."
1243,3987,1,10,41,52,1.2307692307692308,0.06507557165853581,593,I Got Your Back.
1624,3987,3,6,43,52,1.2307692307692308,0.0757834127802906,593,i got the message i can't read the attachment!
2690,3987,1,10,41,52,1.2307692307692308,0.06507557165853581,593,911...I just received a death threat
1813,3987,4,4,44,52,1.2307692307692308,0.08060566646085904,593,"That's right. I ordered ""This Is Spinal Tap"" on on-demand and then requested my final bill for checkout."
2877,3987,3,6,43,52,1.2307692307692308,0.0757834127802906,593,"But it's only a first draft, aren't you being a little harsh?"
2966,3987,4,4,44,52,1.2307692307692308,0.08060566646085904,593,Press 3 if you would like to be removed from the list.
2977,3987,0,12,40,52,1.2307692307692308,0.058997306834413094,593,Hi. I'm calling for take-out.
3143,3987,2,8,42,52,1.2307692307692308,0.07063269667552394,593,Let me get back to you on some of those recommentations. I have a number of suggestions from my wife.
4190,3987,4,4,44,52,1.2307692307692308,0.08060566646085904,593,Not my idea of being put on notice
3253,3987,1,10,41,52,1.2307692307692308,0.06507557165853581,593,I haven't looked yet but I think it's a honey-do list.
3646,3987,0,12,40,52,1.2307692307692308,0.058997306834413094,593,He looked like Martin Luther.
2843,3987,3,6,43,52,1.2307692307692308,0.0757834127802906,593,Are you coming to our 95 Theses Anniversary Party?
3727,4023,0,12,41,53,1.2264150943396226,0.058037007324041226,593,"I got your note, next time send a text."
5297,4023,1,10,42,53,1.2264150943396226,0.06398424512382328,593,Godot finally showed
4146,4023,2,8,43,53,1.2264150943396226,0.06942386498172073,593,They really stabbed me in the back with that pink slip.
3718,4023,2,8,43,53,1.2264150943396226,0.06942386498172073,593,Go ahead and laugh. I don't have a cell phone. But at least I don't communicate the way my wife does.
2273,4023,2,8,43,53,1.2264150943396226,0.06942386498172073,593,I am done playing Mr Nice Guy!
3321,4023,2,8,43,53,1.2264150943396226,0.06942386498172073,593,"Remember when ole professor psycho stapled my first rejected thesis to my forehead? Well,"
1375,4023,3,6,44,53,1.2264150943396226,0.07446719031852134,593,"""One way or another, the divorce is final whether she signed them or not""."
3690,4023,2,8,43,53,1.2264150943396226,0.06942386498172073,593,"Sorry, I can't make it. I brought some work home."""
5395,4031,2,7,40,49,1.2244897959183674,0.0729906929723637,593,May I take a message?
5775,4031,1,9,39,49,1.2244897959183674,0.06691263800308161,593,It wouldn't hurt so much if you had fired me to my face!
5760,4031,1,9,39,49,1.2244897959183674,0.06691263800308161,593,"I got the shopping list, mother."
5655,4031,1,9,39,49,1.2244897959183674,0.06691263800308161,593,"Hello...yes, I am looking for a lawyer. I believe my wife would like a divorce but I am not able to read the papers she left with me."
5530,4031,1,9,39,49,1.2244897959183674,0.06691263800308161,593,The good news is that my 'to do' list is behind me now.
5503,4031,2,7,40,49,1.2244897959183674,0.0729906929723637,593,What I understand is that the U.S. Postal Service isn't good enough for you.
5497,4031,0,11,38,49,1.2244897959183674,0.060224255815053626,593,It’s not the content that I resent so much as the sensation of being stabbed in the back.
5459,4031,2,7,40,49,1.2244897959183674,0.0729906929723637,593,I still cannot understand what you want from me.
5448,4031,2,7,40,49,1.2244897959183674,0.0729906929723637,593,We need to talk about this list you stuck me with.
5869,4031,1,9,39,49,1.2244897959183674,0.06691263800308161,593,"Honey, help me out. I couldn't find the shopping list!"
5408,4031,2,7,40,49,1.2244897959183674,0.0729906929723637,593,Exactly what message delivery service are you using?
5404,4031,2,7,40,49,1.2244897959183674,0.0729906929723637,593,Please come quickly! There’s a lunatic dressed up like Martin Luther running around the neighborhood.
5327,4031,3,5,41,49,1.2244897959183674,0.07860013611082545,593,"Senator, this new tax bill is a stab in the back to the middle class."
4510,4031,2,7,40,49,1.2244897959183674,0.0729906929723637,593,I'm taking a stab at it right now!
5192,4031,1,9,39,49,1.2244897959183674,0.06691263800308161,593,I feel like your terms and conditions are stabbing me in the back.
5187,4031,3,5,41,49,1.2244897959183674,0.07860013611082545,593,I was just served with divorce papers--I have a hunch she found out about our affair
5081,4031,2,7,40,49,1.2244897959183674,0.0729906929723637,593,"I'm sorry honey, I don't mean to be insensitive. But I just can't find that note you left me."
5078,4031,1,9,39,49,1.2244897959183674,0.06691263800308161,593,"No, operator, I can’t read what it says. But I think you’re missing the point."
5001,4031,3,5,41,49,1.2244897959183674,0.07860013611082545,593,That's all she wrote
4901,4031,3,5,41,49,1.2244897959183674,0.07860013611082545,593,i’m just curious - is the contract really binding?
4868,4031,0,11,38,49,1.2244897959183674,0.060224255815053626,593,"Yes, I'd like to order a box of thumb tacks."
4643,4031,2,7,40,49,1.2244897959183674,0.0729906929723637,593,Really! I get your point.
4598,4031,1,9,39,49,1.2244897959183674,0.06691263800308161,593,"No, I think the ""to do list"" has stopped the bleeding...."
4579,4031,3,5,41,49,1.2244897959183674,0.07860013611082545,593,"Yeah, I'm gonna need help filing my fed tax return this year."
5973,4031,2,7,40,49,1.2244897959183674,0.0729906929723637,593,"Senator McConnell? You told me the individual mandate on income tax would not be repealed, but I see from your note no intention to take my advice."
4497,4031,2,7,40,49,1.2244897959183674,0.0729906929723637,593,"Honey, can you remind me where you put that list of things you wanted me to do?"
4429,4031,1,9,39,49,1.2244897959183674,0.06691263800308161,593,Caeser's form of fake news
5196,4031,3,5,41,49,1.2244897959183674,0.07860013611082545,593,"Yes, is this Lutheran Charities? I’d like to be removed from your mailing list."
6016,4031,2,7,40,49,1.2244897959183674,0.0729906929723637,593,"I can't find your note about the divorce, and my back is killing me."
6778,4031,1,9,39,49,1.2244897959183674,0.06691263800308161,593,Mailing the bill would have sufficed.
6042,4031,0,11,38,49,1.2244897959183674,0.060224255815053626,593,The pain in my neck stuck her knife in my back today. I think I've been served.
4308,4031,2,7,40,49,1.2244897959183674,0.0729906929723637,593,"Frankly, I can’t see the point of your essay."
7803,4031,2,7,40,49,1.2244897959183674,0.0729906929723637,593,She thinks texting is too impersonal
7746,4031,2,7,40,49,1.2244897959183674,0.0729906929723637,593,"Okay, I'll take your customer satisfaction survey."
7731,4031,0,11,38,49,1.2244897959183674,0.060224255815053626,593,"Yes, it hurts."
7713,4031,4,3,42,49,1.2244897959183674,0.08383508533242337,593,"Well, the good news is he finally released his taxes."
7651,4031,3,5,41,49,1.2244897959183674,0.07860013611082545,593,"Hello dear, I have a prickling sensation you left me a to-do list, but I can't find it anywhere"
7556,4031,3,5,41,49,1.2244897959183674,0.07860013611082545,593,"Yes honey, you did leave the shopping list at home."
7487,4031,2,7,40,49,1.2244897959183674,0.0729906929723637,593,I think the collectors really mean it this time.
7452,4031,1,9,39,49,1.2244897959183674,0.06691263800308161,593,Give you one guess who served the divorce papers herself.
7207,4031,2,7,40,49,1.2244897959183674,0.0729906929723637,593,The 'you've left me' letter--can't find it.
7185,4031,2,7,40,49,1.2244897959183674,0.0729906929723637,593,I got your letter.
7178,4031,2,7,40,49,1.2244897959183674,0.0729906929723637,593,"Taxes on a postcard? No, not this year"
7172,4031,0,11,38,49,1.2244897959183674,0.060224255815053626,593,"The house is fine, but I've been condemned."
6034,4031,1,9,39,49,1.2244897959183674,0.06691263800308161,593,I didn't receive your reaction to the proposed divorce agreement I drafted.
7166,4031,2,7,40,49,1.2244897959183674,0.0729906929723637,593,"I am sorry that I have to tell you this, but we must begin paying back our student loans."
7062,4031,1,9,39,49,1.2244897959183674,0.06691263800308161,593,He told me I need to reform.
6917,4031,2,7,40,49,1.2244897959183674,0.0729906929723637,593,"Yes, it’s true. She just served me with the divorce papers."
6829,4031,2,7,40,49,1.2244897959183674,0.0729906929723637,593,"I think it's the same guy who pinned ""kick me"" on my back in the third grade."
6711,4031,1,9,39,49,1.2244897959183674,0.06691263800308161,593,She didn't even leave a note.
6586,4031,2,7,40,49,1.2244897959183674,0.0729906929723637,593,She said she left a note but I can't find it..
6456,4031,2,7,40,49,1.2244897959183674,0.0729906929723637,593,"Okay, I'll give you the divorce."
6424,4031,2,7,40,49,1.2244897959183674,0.0729906929723637,593,Give me a second--let me find my glasses--where'd I put that bill?
6339,4031,2,7,40,49,1.2244897959183674,0.0729906929723637,593,"After a review of the service agreement you ‘delivered,’ I’ve changed my mind and decided not to cancel my cable service at this time."
6323,4031,1,9,39,49,1.2244897959183674,0.06691263800308161,593,This doesn't feel like a routine part of the iPhone X upgrade process.
6272,4031,1,9,39,49,1.2244897959183674,0.06691263800308161,593,"Let me call you back, I’m pinned down just now."
6269,4031,2,7,40,49,1.2244897959183674,0.0729906929723637,593,"I haven't seen it yet, but it feels bad."
6141,4031,2,7,40,49,1.2244897959183674,0.0729906929723637,593,"Hi, I need to hire an attorney...my divorce papers were just served."
6061,4031,2,7,40,49,1.2244897959183674,0.0729906929723637,593,Call 911. The Republicans have stabbed me in the back with the proposed tax bill.
7154,4031,2,7,40,49,1.2244897959183674,0.0729906929723637,593,"Sorry, I haven't had a chance to read about your rate increase yet."
4303,4031,1,9,39,49,1.2244897959183674,0.06691263800308161,593,"At the tone, leave a message in my back"
753,4031,1,9,39,49,1.2244897959183674,0.06691263800308161,593,"Yes, you can get it in paper back."
4247,4031,2,7,40,49,1.2244897959183674,0.0729906929723637,593,Your delivery method leaves a lot to be desired!
2212,4031,3,5,41,49,1.2244897959183674,0.07860013611082545,593,It's an existential crisis.
2107,4031,1,9,39,49,1.2244897959183674,0.06691263800308161,593,My wife would like the Ceaser salad.
2051,4031,2,7,40,49,1.2244897959183674,0.0729906929723637,593,"I'm not signing that contract, you backstabber!"
2014,4031,2,7,40,49,1.2244897959183674,0.0729906929723637,593,"Yeah, she really stabbed me in the back with the divorce papers."
1772,4031,1,9,39,49,1.2244897959183674,0.06691263800308161,593,His name? He called himself Stabby McBackstab.
4251,4031,1,9,39,49,1.2244897959183674,0.06691263800308161,593,"Hi. I've been attacked by my insurance small print. Yes, I'll hold."
1430,4031,1,9,39,49,1.2244897959183674,0.06691263800308161,593,It has something to do with the selling of indulgences.
1390,4031,1,9,39,49,1.2244897959183674,0.06691263800308161,593,"Honey, couldn’t you have used a post-it for your list?"
1387,4031,1,9,39,49,1.2244897959183674,0.06691263800308161,593,"Yes, I did receive the message. I just can't read it."
1351,4031,2,7,40,49,1.2244897959183674,0.0729906929723637,593,I'm beginning to suspect that my wife knows about us.
1322,4031,3,5,41,49,1.2244897959183674,0.07860013611082545,593,My wife says she doesn't recognize the knife but she hasn't been too honest with me lately.
1296,4031,2,7,40,49,1.2244897959183674,0.0729906929723637,593,"Hi Honey, I guess I wasn't listening before, where did you say you left the grocery list?"
1194,4031,1,9,39,49,1.2244897959183674,0.06691263800308161,593,This tax form is killing me
1175,4031,0,11,38,49,1.2244897959183674,0.060224255815053626,593,I guess it was too long for a Tweet.
1141,4031,2,7,40,49,1.2244897959183674,0.0729906929723637,593,My wife delivered the divorce papers in person.
1047,4031,2,7,40,49,1.2244897959183674,0.0729906929723637,593,"She did say she'd stick it to me in the divorce, but I think we need to change our strategy."
1010,4031,1,9,39,49,1.2244897959183674,0.06691263800308161,593,Whoever it was seems to have their reasons.
1007,4031,3,5,41,49,1.2244897959183674,0.07860013611082545,593,The Condo board liked almost all of my suggestions..
978,4031,1,9,39,49,1.2244897959183674,0.06691263800308161,593,"Yes, I got your memo."
966,4031,2,7,40,49,1.2244897959183674,0.0729906929723637,593,"No kidding, I was stabbed in the back and there is a note attached."
711,4031,2,7,40,49,1.2244897959183674,0.0729906929723637,593,The divorce papers have arrived.
650,4031,1,9,39,49,1.2244897959183674,0.06691263800308161,593,Regular mail would have sufficed.
643,4031,2,7,40,49,1.2244897959183674,0.0729906929723637,593,It's not my fault if you posted notice where I can't see it.
616,4031,3,5,41,49,1.2244897959183674,0.07860013611082545,593,I want to speak to someone about my latest overdue bill payment notice.
615,4031,2,7,40,49,1.2244897959183674,0.0729906929723637,593,"Well, Doctor, the way to describe the pain is my wife, she showed me a job in the classifies advertisement and when I pointed out I was not qualified I had a sudden piercing pain in my back, like a knife !"
501,4031,1,9,39,49,1.2244897959183674,0.06691263800308161,593,"Dear, we have to talk about your honey do lists."
440,4031,2,7,40,49,1.2244897959183674,0.0729906929723637,593,You knew I wasn't Protestant when you married me.
2234,4031,2,7,40,49,1.2244897959183674,0.0729906929723637,593,"Honey!.. the ""too-do"" list is becoming a real pain."
2266,4031,4,3,42,49,1.2244897959183674,0.08383508533242337,593,"I am a little busy right now, call my Heirs."
1664,4031,2,7,40,49,1.2244897959183674,0.0729906929723637,593,"Well, in a nutshell, it says sharpen the knives."
2453,4031,1,9,39,49,1.2244897959183674,0.06691263800308161,593,The divorce papers came in the mail today and my wife is really trying to stab me in the back
4172,4031,2,7,40,49,1.2244897959183674,0.0729906929723637,593,My wife thinks I don't pay any attention to her to-do lists.
4168,4031,3,5,41,49,1.2244897959183674,0.07860013611082545,593,It only hurts when I do something unconstitutional.
4048,4031,1,9,39,49,1.2244897959183674,0.06691263800308161,593,He didn't CARE that we're Jewish!!!!
4037,4031,2,7,40,49,1.2244897959183674,0.0729906929723637,593,"I know my back’s up, but what are they saying behind my back?"
3985,4031,2,7,40,49,1.2244897959183674,0.0729906929723637,593,The health insurance agent came by. They're denying my claim.
3959,4031,0,11,38,49,1.2244897959183674,0.060224255815053626,593,I like to proclaim a stabbing.
3901,4031,2,7,40,49,1.2244897959183674,0.0729906929723637,593,I seem to be stuck with a policy - and I am having trouble reading the fine print.
2285,4031,1,9,39,49,1.2244897959183674,0.06691263800308161,593,I just have enough time to say that you've made your point.
3846,4031,2,7,40,49,1.2244897959183674,0.0729906929723637,593,Hello. This is Martin Luther. I'm afraid I've made a terrible mistake.
3602,4031,1,9,39,49,1.2244897959183674,0.06691263800308161,593,I haven’t read that yet
3522,4031,2,7,40,49,1.2244897959183674,0.0729906929723637,593,I told you the bill for Corleone’s garage was due...
3435,4031,1,9,39,49,1.2244897959183674,0.06691263800308161,593,I'm I'd like to apply for that new job opening for a whistle blower.
3362,4031,1,9,39,49,1.2244897959183674,0.06691263800308161,593,"Yes, Agatha, I received the divorce papers. I'll look them over as soon as the ambulance arrives."
3460,4031,2,7,40,49,1.2244897959183674,0.0729906929723637,593,"I think it all started in 4th grade when someone taped a ""kick me"" sign on my pants."
3236,4031,2,7,40,49,1.2244897959183674,0.0729906929723637,593,I am not a church door
2536,4031,1,9,39,49,1.2244897959183674,0.06691263800308161,593,She did it right after I insisted that I could buy an indulgence.
2610,4031,1,9,39,49,1.2244897959183674,0.06691263800308161,593,Hello Doc. I think I have a paper cut.
2618,4031,2,7,40,49,1.2244897959183674,0.0729906929723637,593,I can't sign the divorce papers if I can't reach them.
2640,4031,1,9,39,49,1.2244897959183674,0.06691263800308161,593,"Actually, no. I'm not happy with the terms of my long distance plan."
3323,4031,1,9,39,49,1.2244897959183674,0.06691263800308161,593,They told me I couldn't leave my post.
2685,4031,2,7,40,49,1.2244897959183674,0.0729906929723637,593,It was just another day at the office.
2681,4031,2,7,40,49,1.2244897959183674,0.0729906929723637,593,"Yes, I know you left me a good-bye letter while I was sleeping.. No, I haven't read it yet."
2819,4031,1,9,39,49,1.2244897959183674,0.06691263800308161,593,There's a note; but I'm not sure if it says when she'll be back.
2920,4031,3,5,41,49,1.2244897959183674,0.07860013611082545,593,"Yes, I got your message and your point was well stated but it still hurts!"
2927,4031,1,9,39,49,1.2244897959183674,0.06691263800308161,593,I don't know whether there are fingerprints on the handle.
2928,4031,0,11,38,49,1.2244897959183674,0.060224255815053626,593,I can’t read it. I just know it hurts.
3194,4031,1,9,39,49,1.2244897959183674,0.06691263800308161,593,"Someone knifed me in the back and stole my paper. Yes, I'll hold."
2755,4031,0,11,38,49,1.2244897959183674,0.060224255815053626,593,"Ever since we finalized the divorce, Doc, I've had this nagging pain between my shoulder blades."
5788,4153,2,7,41,50,1.22,0.07165677830848258,593,You people didn’t deliver today’s newspaper again.
5507,4153,1,9,40,50,1.22,0.06571428571428571,593,But i thought the mini-bar was free.
5533,4153,3,5,42,50,1.22,0.07714285714285714,593,"I know you left me with a ""to do list,"" but it's on backwards."
5654,4153,2,7,41,50,1.22,0.07165677830848258,593,I've just received the divorce papers. I'm guessing that you're really not in the mood to discuss reconciliation?
5670,4153,2,7,41,50,1.22,0.07165677830848258,593,I expected a more traditional reply from the congressman.
5909,4153,2,7,41,50,1.22,0.07165677830848258,593,But I have a lifetime warranty.
5440,4153,0,11,39,50,1.22,0.059178043363451366,593,OK! OK! Your mother already sent me the shopping list!
6405,4153,1,9,40,50,1.22,0.06571428571428571,593,"I don't see the news, I feel it."
6735,4153,4,3,43,50,1.22,0.08226388599364554,593,"911, I have a death notice I can't read."
6905,4153,1,9,40,50,1.22,0.06571428571428571,593,"No, honey, I won't forget to water the plants."
7021,4153,1,9,40,50,1.22,0.06571428571428571,593,I was served the paperwork with a steak knife.
7271,4153,2,7,41,50,1.22,0.07165677830848258,593,"Honestly, I'm more upset about the figurative backstabbing."
7581,4153,1,9,40,50,1.22,0.06571428571428571,593,He knifed me in the back at work but didn't puncture my Kevlar underwear.
6332,4153,0,11,39,50,1.22,0.059178043363451366,593,95? I don’t know...why do you ask?
5091,4153,2,7,41,50,1.22,0.07165677830848258,593,"Don't get mad again, honey, but can you tell me once more where you put my ""to do"" list?"
4057,4153,2,7,41,50,1.22,0.07165677830848258,593,Of course I heard you say 'I'm putting the shopping list right here'. I just wasn't looking at where 'here' was exactly.
5003,4153,3,5,42,50,1.22,0.07714285714285714,593,Reason for returning the Whambo boomerang dagger?...well it's hard to control and the directions are way too long.
5054,4153,2,7,41,50,1.22,0.07165677830848258,593,Got the message. Can't read it.
561,4153,2,7,41,50,1.22,0.07165677830848258,593,I haven't seen your letter. Are you sure you put enough postage on it?
570,4153,2,7,41,50,1.22,0.07165677830848258,593,I can't sign off on this.
834,4153,1,9,40,50,1.22,0.06571428571428571,593,"It's my last will and testament, but I need another witness."
1439,4153,1,9,40,50,1.22,0.06571428571428571,593,"Yes, I get the point - now put me on your do not call list!"
1440,4153,2,7,41,50,1.22,0.07165677830848258,593,That back-stabbing jerk in accounting is harassing me again.
1576,4153,2,7,41,50,1.22,0.07165677830848258,593,"Yes, dear, I got your to-do list."
624,4153,3,5,42,50,1.22,0.07714285714285714,593,I? assume your attorney once worked in the circus
2741,4153,2,7,41,50,1.22,0.07165677830848258,593,"I checked in the mirror and I think it starts out ""We the People..."""
3066,4153,1,9,40,50,1.22,0.06571428571428571,593,911 - I just got stabbed by Fake News
3312,4153,0,11,39,50,1.22,0.059178043363451366,593,My wife just informed me she's leaving...
4237,4153,2,7,41,50,1.22,0.07165677830848258,593,"Next time, if you want to leave a message, please do so on the answering machine."
1786,4153,2,7,41,50,1.22,0.07165677830848258,593,She left me her list but I just don’t know where to start.
4182,4153,0,11,39,50,1.22,0.059178043363451366,593,I'd better let you go--I think it's urgent.
3579,4184,2,7,42,51,1.2156862745098038,0.07037003311735827,593,You're breaking up with me with 95 Theses?
4443,4184,0,11,40,51,1.2156862745098038,0.058166262643887544,593,I got the part!
2347,4184,1,9,41,51,1.2156862745098038,0.0645571671888405,593,I'm calling about the denial of coverage for my back injury that just arrived
5005,4187,2,6,39,47,1.2127659574468086,0.07410377385468282,593,"But, I'm an atheist."
5040,4187,1,8,38,47,1.2127659574468086,0.06757440284088687,593,I didn't get the promotion.
5230,4187,2,6,39,47,1.2127659574468086,0.07410377385468282,593,This phone bill is killing me!
5116,4187,1,8,38,47,1.2127659574468086,0.06757440284088687,593,It's a new set of marriage vows. Apparently the others didn't cover everything.
5186,4187,0,10,37,47,1.2127659574468086,0.06034260964773519,593,"Honey, these divorce papers are a real stab in the back!"
5191,4187,0,10,37,47,1.2127659574468086,0.06034260964773519,593,"I haven’t had a chance to read the letter yet, but I suspect the publisher didn’t love my manuscript."
5220,4187,1,8,38,47,1.2127659574468086,0.06757440284088687,593,"Hi, someone just stabbed me. Yeah. Right in the back. Yes, it would be great if you could send an ambulance. Thanks."
5232,4187,1,8,38,47,1.2127659574468086,0.06757440284088687,593,"Hello? Yes, collections is getting more creative..."
5598,4187,1,8,38,47,1.2127659574468086,0.06757440284088687,593,"A divorce lawyer of my wife ? Sorry, wrong number."
5318,4187,1,8,38,47,1.2127659574468086,0.06757440284088687,593,"Yes Sir, they do seem very determined. Their lawyers just delivered the list of demands."
5465,4187,1,8,38,47,1.2127659574468086,0.06757440284088687,593,AND she complains that I don’t do my share of the shopping!
5538,4187,3,4,40,47,1.2127659574468086,0.08010267585860968,593,"Hi, I'm calling about a Mr. Martin Luther in apartment 2F."
5568,4187,1,8,38,47,1.2127659574468086,0.06757440284088687,593,Early termination fee?
5574,4187,2,6,39,47,1.2127659574468086,0.07410377385468282,593,"I need to order one pair of suspenders, and, do you do knife removal?"
5575,4187,2,6,39,47,1.2127659574468086,0.07410377385468282,593,I’d like to report an attack by my crazy neighbor .... Martin Luther.
5594,4187,3,4,40,47,1.2127659574468086,0.08010267585860968,593,Mrs. Luther's 95 Theses.
4973,4187,2,6,39,47,1.2127659574468086,0.07410377385468282,593,"Yes, I got divorce papers. No, I haven't had a chance to read them."
5602,4187,2,6,39,47,1.2127659574468086,0.07410377385468282,593,Well I didn’t get a good look ar the assailant but I am pretty sure he is Lutheran and unreliable.
5309,4187,2,6,39,47,1.2127659574468086,0.07410377385468282,593,I’d like to report an incident of radical Lutheran terrorism.
4841,4187,1,8,38,47,1.2127659574468086,0.06757440284088687,593,"I realize you’re upset, dear, but did you have to hire Gloria Allred?"
4595,4187,2,6,39,47,1.2127659574468086,0.07410377385468282,593,I haven't read your list of demands but I feel they are a pain in the back
4745,4187,1,8,38,47,1.2127659574468086,0.06757440284088687,593,“I have this feeling that she left me a note”.
4031,4187,0,10,37,47,1.2127659574468086,0.06034260964773519,593,Getting out of my cell phone contract was painful.
4038,4187,1,8,38,47,1.2127659574468086,0.06757440284088687,593,"Yeah...they smile in your face...all the time, they want to take your place..."
4066,4187,1,8,38,47,1.2127659574468086,0.06757440284088687,593,"I know she wasn't happy about the non-discloser agreement, but for $5,000,000 I didn't think she would stab me in the back and publish it."
4102,4187,2,6,39,47,1.2127659574468086,0.07410377385468282,593,"Quick update, Sir. The seller personally countered your obscenely low and offensive offer."
4174,4187,4,2,41,47,1.2127659574468086,0.08568260068364525,593,"Well officer, I was just walking into church and..."
4206,4187,2,6,39,47,1.2127659574468086,0.07410377385468282,593,My wife is missing; last I saw her she was mumbling something about how insensitive I am.
4311,4187,4,2,41,47,1.2127659574468086,0.08568260068364525,593,"Hello, Officer? I want to report a Reformation."
4336,4187,1,8,38,47,1.2127659574468086,0.06757440284088687,593,They just sent me the therapy and the bill for my back pain simultaneously !
4812,4187,1,8,38,47,1.2127659574468086,0.06757440284088687,593,I get this pain every time I pay my bills
4366,4187,2,6,39,47,1.2127659574468086,0.07410377385468282,593,She delivered the divorce papers this afternoon.
4556,4187,3,4,40,47,1.2127659574468086,0.08010267585860968,593,Middle Class Tax Cut
4585,4187,2,6,39,47,1.2127659574468086,0.07410377385468282,593,I've just been attacked by someone who thinks he is Martin Luther.
5636,4187,1,8,38,47,1.2127659574468086,0.06757440284088687,593,"""And I'm sick of her cutting remarks""."
4603,4187,0,10,37,47,1.2127659574468086,0.06034260964773519,593,I apologize for missing our appointment. I misplaced my reminder note.
4645,4187,2,6,39,47,1.2127659574468086,0.07410377385468282,593,"I’m sorry Martin, I just don’t get the point."
4674,4187,2,6,39,47,1.2127659574468086,0.07410377385468282,593,"Her divorce decree? No, I haven't seen it yet."
4685,4187,1,8,38,47,1.2127659574468086,0.06757440284088687,593,My wife strongly suggested I call you.
4728,4187,1,8,38,47,1.2127659574468086,0.06757440284088687,593,"Yes, I heard that it passed The House, but I still have no idea what's in it."
4479,4187,1,8,38,47,1.2127659574468086,0.06757440284088687,593,where did you say our grocery list is?
5659,4187,2,6,39,47,1.2127659574468086,0.07410377385468282,593,You said there was a grace period!
6224,4187,2,6,39,47,1.2127659574468086,0.07410377385468282,593,"Actually, my wife handles all the bills."
5864,4187,1,8,38,47,1.2127659574468086,0.06757440284088687,593,What memo? Where did you leave it?
7063,4187,2,6,39,47,1.2127659574468086,0.07410377385468282,593,"I finally got your point, Ma'am."
7083,4187,2,6,39,47,1.2127659574468086,0.07410377385468282,593,'Next time you send me to negotiate I'm gonna need to go in with a bulletproof contract.
7095,4187,2,6,39,47,1.2127659574468086,0.07410377385468282,593,"And so then I said “Dear, I’m not the Help Desk, you need to figure out how to back up your documents on Sharepoint yourself.”"
7107,4187,2,6,39,47,1.2127659574468086,0.07410377385468282,593,"Yes, I'll wait...."
7151,4187,0,10,37,47,1.2127659574468086,0.06034260964773519,593,The alimony agreement is a real back stabber. I need to talk to my lawyer about it.
7276,4187,2,6,39,47,1.2127659574468086,0.07410377385468282,593,Does this mean you’ve fired our collaborative attorney?
7279,4187,1,8,38,47,1.2127659574468086,0.06757440284088687,593,Thank you for sending the information on Reverse Mortgages.
7297,4187,0,10,37,47,1.2127659574468086,0.06034260964773519,593,"I wish I could, but I've got a deadline I absolutely can't miss."
7348,4187,1,8,38,47,1.2127659574468086,0.06757440284088687,593,Evicted.
7380,4187,2,6,39,47,1.2127659574468086,0.07410377385468282,593,"Honey, where did you put my to-do list?"
7381,4187,2,6,39,47,1.2127659574468086,0.07410377385468282,593,Just posting your thesis online would have worked.
7472,4187,1,8,38,47,1.2127659574468086,0.06757440284088687,593,"Hon, I ahhh, got your note"
7497,4187,0,10,37,47,1.2127659574468086,0.06034260964773519,593,Your 'Dear John' letter sure was a stab in the back.
7522,4187,1,8,38,47,1.2127659574468086,0.06757440284088687,593,"I feel there's a sticking point in the agreement, but I can't quite put a finger on it."
7572,4187,1,8,38,47,1.2127659574468086,0.06757440284088687,593,She's left me for a Lutheran.
7705,4187,3,4,40,47,1.2127659574468086,0.08010267585860968,593,I'm on the front of the Toledo Blade!
7744,4187,1,8,38,47,1.2127659574468086,0.06757440284088687,593,I promise to read your screenplay at the ER.
7745,4187,1,8,38,47,1.2127659574468086,0.06757440284088687,593,"Hello Boss: I'll be a little late coming to work. Apparently, my wife served me with divorce papers."
7807,4187,1,8,38,47,1.2127659574468086,0.06757440284088687,593,"Ye, I have the acupuncture script with me."
7049,4187,1,8,38,47,1.2127659574468086,0.06757440284088687,593,"OK, OK, I get the point!"
5769,4187,1,8,38,47,1.2127659574468086,0.06757440284088687,593,"Hello, police... I just had some guy at my door dressed like a monk. Said his name was Luther. Rambled on about a reformation or something. I yelled for my wife but when I turned back around to he was gone!"
7047,4187,1,8,38,47,1.2127659574468086,0.06757440284088687,593,Cancel my order for the 95 indulgensis.
7013,4187,2,6,39,47,1.2127659574468086,0.07410377385468282,593,"She's not in, but she left you a note somewhere."
5944,4187,2,6,39,47,1.2127659574468086,0.07410377385468282,593,Indulgences? I think you've got the wrong number.
5956,4187,0,10,37,47,1.2127659574468086,0.06034260964773519,593,Do you have any _other_ messages for Room 909?
5985,4187,2,6,39,47,1.2127659574468086,0.07410377385468282,593,"Dear, I can’t find those legal papers you say were served on me anywhere."
6040,4187,3,4,40,47,1.2127659574468086,0.08010267585860968,593,She just served me the papers: I think she wants a divorce.
6052,4187,2,6,39,47,1.2127659574468086,0.07410377385468282,593,My wife said she left a note explaining why she was leaving me but I can't find it
6055,4187,1,8,38,47,1.2127659574468086,0.06757440284088687,593,"So Dear, where again did you say you left that honey-do list?"
3989,4187,2,6,39,47,1.2127659574468086,0.07410377385468282,593,What do you mean that I should have first read the fine print?
6288,4187,1,8,38,47,1.2127659574468086,0.06757440284088687,593,Will call you back after I find my to do list!
6316,4187,0,10,37,47,1.2127659574468086,0.06034260964773519,593,"Mom? Wow, what ironic timing for your call."
6338,4187,1,8,38,47,1.2127659574468086,0.06757440284088687,593,"Yes, I got the subpoena. Your lawyer made his point quite clearly."
6366,4187,2,6,39,47,1.2127659574468086,0.07410377385468282,593,"Summons Service Department, please!"
6482,4187,1,8,38,47,1.2127659574468086,0.06757440284088687,593,"Well....no, I didn't sign-up for paperless statements."
6535,4187,1,8,38,47,1.2127659574468086,0.06757440284088687,593,"This gives a whole new meaning to the phrase ""print is dead."""
6629,4187,1,8,38,47,1.2127659574468086,0.06757440284088687,593,"I wish to report a significant edict from my wife,"
6680,4187,0,10,37,47,1.2127659574468086,0.06034260964773519,593,"Yes, I have a copy of our prenup."
6717,4187,3,4,40,47,1.2127659574468086,0.08010267585860968,593,I ran into Martin outside of the cathedral...
6727,4187,0,10,37,47,1.2127659574468086,0.06034260964773519,593,I didn't know they took cord cutting so personally.
6741,4187,0,10,37,47,1.2127659574468086,0.06034260964773519,593,"I said, "" Fax it to me! Not stick it to me."""
6873,4187,2,6,39,47,1.2127659574468086,0.07410377385468282,593,"Et tu, Mother?"
7044,4187,2,6,39,47,1.2127659574468086,0.07410377385468282,593,The wife has made her opinion of my proposed divorce settlement abundantly clear.
3895,4187,2,6,39,47,1.2127659574468086,0.07410377385468282,593,"I think the last thing she said was, 'How about we take YOU out of your will.'"
4675,4187,1,8,38,47,1.2127659574468086,0.06757440284088687,593,Remind me not to attend Lutheran conventions.
3852,4187,2,6,39,47,1.2127659574468086,0.07410377385468282,593,My lawyer stabbed me in the back
1234,4187,2,6,39,47,1.2127659574468086,0.07410377385468282,593,It lacks a human element.
1300,4187,1,8,38,47,1.2127659574468086,0.06757440284088687,593,She asked that those who cannot be present and dispute with her orally shall do so in their absence by letter.
1445,4187,2,6,39,47,1.2127659574468086,0.07410377385468282,593,"So, the divorce papers came via special delivery, but I’m going to need help signing them."
1508,4187,0,10,37,47,1.2127659574468086,0.06034260964773519,593,"Ni, I didn't lose the bill again, but this time I can't read it."
1533,4187,1,8,38,47,1.2127659574468086,0.06757440284088687,593,This divorce is going to be more painful than I thought.
1561,4187,2,6,39,47,1.2127659574468086,0.07410377385468282,593,Vintage Siri
1599,4187,0,10,37,47,1.2127659574468086,0.06034260964773519,593,"Hello, front desk? Vito hand delivered the Post. I specifically asked for the Times."
1623,4187,3,4,40,47,1.2127659574468086,0.08010267585860968,593,I can't find the shopping list.
1172,4187,1,8,38,47,1.2127659574468086,0.06757440284088687,593,"Well, I have a pretty extensive Honey-Do list, but I guess I can hold."
1645,4187,1,8,38,47,1.2127659574468086,0.06757440284088687,593,"No, I don’t have any pain. I just feel betrayed."
1744,4187,2,6,39,47,1.2127659574468086,0.07410377385468282,593,It is the quincentenary of Martin Luther's 95 Theses.
1792,4187,2,6,39,47,1.2127659574468086,0.07410377385468282,593,Is this the marriage reconciliation hot line?
1794,4187,0,10,37,47,1.2127659574468086,0.06034260964773519,593,Hello operator. Would you please give me the number for the cartoon hospital?
1827,4187,0,10,37,47,1.2127659574468086,0.06034260964773519,593,"Martin, this is not funny."
1869,4187,1,8,38,47,1.2127659574468086,0.06757440284088687,593,"No honey, I haven't seen your to-do list."
1888,4187,3,4,40,47,1.2127659574468086,0.08010267585860968,593,"Yes, the clinic did give me the patient rights agreement to sign."
1890,4187,2,6,39,47,1.2127659574468086,0.07410377385468282,593,"I know you said you want me to stop procrastinating and get going on your honey-do list, but isn't this carrying it a bit far?"
1959,4187,1,8,38,47,1.2127659574468086,0.06757440284088687,593,"Hello, 911? I need help. Someone has mistaken me for the door of Wittenberg Castle church!"
1685,4187,1,8,38,47,1.2127659574468086,0.06757440284088687,593,Damn lawyers have stuck it to me again.
1078,4187,2,6,39,47,1.2127659574468086,0.07410377385468282,593,When you said you'd get BACK to me I thought you meant an email or phone call.
1052,4187,0,10,37,47,1.2127659574468086,0.06034260964773519,593,Hello counselor? I have received 95 theses for us to consider
999,4187,1,8,38,47,1.2127659574468086,0.06757440284088687,593,"I know you put it where I would remember but, of course, I forgot where that was"
54,4187,2,6,39,47,1.2127659574468086,0.07410377385468282,593,I've been looking but I can't find where you put the grocery list.
125,4187,3,4,40,47,1.2127659574468086,0.08010267585860968,593,Delivery issue.
199,4187,2,6,39,47,1.2127659574468086,0.07410377385468282,593,Where did you leave that of items you wanted me to pick up at the store dear?
205,4187,1,8,38,47,1.2127659574468086,0.06757440284088687,593,He said there wasn't room on my desk.
287,4187,3,4,40,47,1.2127659574468086,0.08010267585860968,593,"Hi Dr. Smith. I’m having some really bad back pain... I wrote down a list of questions for you, but I just can’t remember where I put it!"
331,4187,3,4,40,47,1.2127659574468086,0.08010267585860968,593,"On the contrary, young Martin has made his feelings very clear."
391,4187,2,6,39,47,1.2127659574468086,0.07410377385468282,593,She didn't say but she left you a note.
414,4187,2,6,39,47,1.2127659574468086,0.07410377385468282,593,He said he wouln'nt sign over my dead body.
459,4187,1,8,38,47,1.2127659574468086,0.06757440284088687,593,"Among other things, Mrs. Luther, he says he did it because you named him, Martin."
546,4187,1,8,38,47,1.2127659574468086,0.06757440284088687,593,"Hello, Nancy? Yes, I was served with the divorce papers."
573,4187,3,4,40,47,1.2127659574468086,0.08010267585860968,593,"Tired of disputing the power of her husband’s indulgences, Mrs. Martin Luther posts her own 95 Theses."
763,4187,3,4,40,47,1.2127659574468086,0.08010267585860968,593,Just got the divorce papers.
784,4187,2,6,39,47,1.2127659574468086,0.07410377385468282,593,"Well, it wasn't Anthony Scaramucci."
831,4187,1,8,38,47,1.2127659574468086,0.06757440284088687,593,Can I still text you?
918,4187,2,6,39,47,1.2127659574468086,0.07410377385468282,593,Martin Luther notwithstanding...
944,4187,0,10,37,47,1.2127659574468086,0.06034260964773519,593,No. My wife urges I cease communication with you altogether.
3854,4187,1,8,38,47,1.2127659574468086,0.06757440284088687,593,My wife insisted on personally serving me with the divorce papers.
958,4187,2,6,39,47,1.2127659574468086,0.07410377385468282,593,theyve bulls eyed the universal tax form
996,4187,1,8,38,47,1.2127659574468086,0.06757440284088687,593,I'm calling because I received your strongly worded letter about my overdue account.
1986,4187,1,8,38,47,1.2127659574468086,0.06757440284088687,593,"What do you mean, ""I'll be sorry if I don't complete my honey do list""?"
1997,4187,1,8,38,47,1.2127659574468086,0.06757440284088687,593,I should've seen it coming.
956,4187,2,6,39,47,1.2127659574468086,0.07410377385468282,593,"All I heard was ""here's my damn signature, honey"" then I felt a sharp stabbing pain."
2082,4187,1,8,38,47,1.2127659574468086,0.06757440284088687,593,"Yes, I'd like to make an appointment to get my ""honey do"" list removed."
3051,4187,1,8,38,47,1.2127659574468086,0.06757440284088687,593,Where did you say you put the To-Do list again?
3068,4187,3,4,40,47,1.2127659574468086,0.08010267585860968,593,This is the absolute last time that I teach that class on Lutheranism.
3088,4187,0,10,37,47,1.2127659574468086,0.06034260964773519,593,"No honey, I didn’t forget your “honey do” list."
3146,4187,1,8,38,47,1.2127659574468086,0.06757440284088687,593,Dear John just stabbed me in the back.
3184,4187,1,8,38,47,1.2127659574468086,0.06757440284088687,593,Martha know it’s my favorite holiday John ... yathink she could have waited until AFTER Thanksgiving to serve me with a divorce!
3220,4187,0,10,37,47,1.2127659574468086,0.06034260964773519,593,Ha
3357,4187,1,8,38,47,1.2127659574468086,0.06757440284088687,593,My divorce just got medieval on me.
3441,4187,0,10,37,47,1.2127659574468086,0.06034260964773519,593,"Honey, where did you pin that shopping list?"
3442,4187,1,8,38,47,1.2127659574468086,0.06757440284088687,593,Yes honey….I remember where you put the list...
3543,4187,2,6,39,47,1.2127659574468086,0.07410377385468282,593,"I wish I could tell you what's in the complaint, but I'm having trouble grasping it."
3544,4187,0,10,37,47,1.2127659574468086,0.06034260964773519,593,"I was the church door in my son's 3rd grade play. Yeah, Martin Luther...95 Theses."
3667,4187,1,8,38,47,1.2127659574468086,0.06757440284088687,593,I got ninety-five problems but the Pope ain't one.
3699,4187,1,8,38,47,1.2127659574468086,0.06757440284088687,593,"Never mind telling me what's on the menu, thanks. My wife just stuck it where she can read it to me."
3745,4187,1,8,38,47,1.2127659574468086,0.06757440284088687,593,I'd prefer you negotiate this deal yourself.
3748,4187,0,10,37,47,1.2127659574468086,0.06034260964773519,593,Hello. I’d like to relay a text message I received from a Mr. Vinnie “the Snake” Carlucci …
3757,4187,1,8,38,47,1.2127659574468086,0.06757440284088687,593,"If you have something to say to me, you can call my admin and make an appointment, just like everyone else!"
3779,4187,2,6,39,47,1.2127659574468086,0.07410377385468282,593,My wife just served me.
3799,4187,0,10,37,47,1.2127659574468086,0.06034260964773519,593,It's an old school tweet.... from him.
2077,4187,1,8,38,47,1.2127659574468086,0.06757440284088687,593,It started as a playful bible lesson.
3012,4187,0,10,37,47,1.2127659574468086,0.06034260964773519,593,"Hi Sue, Joe sent me a tickler about the contract that is due today."
2989,4187,1,8,38,47,1.2127659574468086,0.06757440284088687,593,I’m not convinced arbitration was the best idea . . .
3576,4187,1,8,38,47,1.2127659574468086,0.06757440284088687,593,"No, I thought I could drop the cloak part of the work."
2894,4187,1,8,38,47,1.2127659574468086,0.06757440284088687,593,"I recognized him, officer. His name is Luther, Martin Luther. Very nearsighted, insisted I was a door."
2267,4187,1,8,38,47,1.2127659574468086,0.06757440284088687,593,"I got ahold of Knausgaard's make-believe suicide note. Problem is, he saw me take it."
2934,4187,1,8,38,47,1.2127659574468086,0.06757440284088687,593,"Yeah, hi Bill, I'm going to be late to work today - apparently it's my turn to go food shopping."
2302,4187,2,6,39,47,1.2127659574468086,0.07410377385468282,593,"I agree, we shouldn't have named him Martin Luther."
2352,4187,1,8,38,47,1.2127659574468086,0.06757440284088687,593,I think it's a list of grievances from my team but I can't say for sure
2385,4187,1,8,38,47,1.2127659574468086,0.06757440284088687,593,Yeah? Well I've got one more for your little list!
2450,4187,2,6,39,47,1.2127659574468086,0.07410377385468282,593,It kind of hurts that you won't talk to me anymore.
2472,4187,2,6,39,47,1.2127659574468086,0.07410377385468282,593,"Yes mother, she served me with the papers. Seems somewhat prejudicial!"
2473,4187,1,8,38,47,1.2127659574468086,0.06757440284088687,593,"Yes, Martin Luther please- I believe he came by the Parish just as I was closing up."
2515,4187,0,10,37,47,1.2127659574468086,0.06034260964773519,593,Just checking one more time - that was dry cleaning and RYE bread?
2420,4187,1,8,38,47,1.2127659574468086,0.06757440284088687,593,"Seymour, I just got Ethel's divorce papers."
2571,4187,2,6,39,47,1.2127659574468086,0.07410377385468282,593,"Yes, Dear. I got the message."
2627,4187,0,10,37,47,1.2127659574468086,0.06034260964773519,593,"No, I'm not disputing the charges."
2656,4187,4,2,41,47,1.2127659574468086,0.08568260068364525,593,"My wife gave me a ""honeydo"" list again."
2705,4187,2,6,39,47,1.2127659574468086,0.07410377385468282,593,White male. Five foot four. German or possibly Austrian. Wearing a habit.
2712,4187,0,10,37,47,1.2127659574468086,0.06034260964773519,593,"Hi honey, I got my notice."
2720,4187,0,10,37,47,1.2127659574468086,0.06034260964773519,593,"Yeah, I just got the divorce papers, and I'm starting to think we the amicable route is off the table."
2768,4187,3,4,40,47,1.2127659574468086,0.08010267585860968,593,I know it’s here somewhere. I’ll call you right back.
2534,4187,3,4,40,47,1.2127659574468086,0.08010267585860968,593,I had expected to get the new 1040 on line.
2776,4187,3,4,40,47,1.2127659574468086,0.08010267585860968,593,"The negotiations were painful, but we've got a deal."
2823,4187,1,8,38,47,1.2127659574468086,0.06757440284088687,593,"Yes, I was eating cake when my son went all Martin Luther on me. I think he misunderstood the meaning of indulgences."
3932,4365,1,9,42,52,1.2115384615384615,0.0634392529086423,593,What is to forget?
5055,4366,4,2,42,48,1.2083333333333333,0.08399559540405274,593,"Yes, police? I'd like to report a schism."
5244,4366,2,6,40,48,1.2083333333333333,0.07267881673425383,593,"Someone stuck a note on my beck ,I have the filling it's not good news ."
5347,4366,1,8,39,48,1.2083333333333333,0.0662999666605966,593,"Please tell attorney Schmidt he was right: She resorted to the ""nail and mail"" method of service."
5486,4366,2,6,40,48,1.2083333333333333,0.07267881673425383,593,I can't find the punch list !
5496,4366,1,8,39,48,1.2083333333333333,0.0662999666605966,593,"I expected this at the office, but at home? Really?"
5625,4366,1,8,39,48,1.2083333333333333,0.0662999666605966,593,"Hello, I'd like to speak to your costumer service. I feel like your company really stabbed me in the back with the new terms and conditions."
5547,4366,1,8,39,48,1.2083333333333333,0.0662999666605966,593,"No, I haven't seen your ""honey do"" list. Have you seen my letter opener?"
5628,4366,2,6,40,48,1.2083333333333333,0.07267881673425383,593,""" I'm not comfortable with your telling me 'you've got my back' ""."
4990,4366,3,4,41,48,1.2083333333333333,0.07854129630064868,593,"Yes officer, I've been attacked by the liberal media."
5643,4366,3,4,41,48,1.2083333333333333,0.07854129630064868,593,"Hello, Customer Service? Yes, I certainly would like to ""go paperless and save money with e-delivery."""
5513,4366,3,4,41,48,1.2083333333333333,0.07854129630064868,593,Let's keep each other posted.
4892,4366,2,6,40,48,1.2083333333333333,0.07267881673425383,593,Honey? Where did you leave the grocery list?
4178,4366,2,6,40,48,1.2083333333333333,0.07267881673425383,593,"Hi, I’m trying to reach Martin Luther"
4735,4366,2,6,40,48,1.2083333333333333,0.07267881673425383,593,Sorry I don't know where she went. I can't read her note.
4591,4366,2,6,40,48,1.2083333333333333,0.07267881673425383,593,I was visiting a church in Wittenberg when this monk ...
4536,4366,0,10,38,48,1.2083333333333333,0.059238169759886945,593,Yes. I believe I can pinpoint the pain for you.
4530,4366,1,8,39,48,1.2083333333333333,0.0662999666605966,593,"Hello, Lutheran Medical? I'd like to contest some charges."
4395,4366,1,8,39,48,1.2083333333333333,0.0662999666605966,593,"Mrs. Luther, it's Leo, next door. Look, I know little Marty was excited about the 500th anniversary, but it's gotten a bit out of hand."
4360,4366,1,8,39,48,1.2083333333333333,0.0662999666605966,593,"They failed at Repeal and Replace, so they mandated a new way to deliver diagnoses."
4317,4366,2,6,40,48,1.2083333333333333,0.07267881673425383,593,"I asked her to scratch my back, like always, and when I turned around she'd disappeared."
4215,4366,1,8,39,48,1.2083333333333333,0.0662999666605966,593,"Ninety-five, I think. Why?"
4156,4366,1,8,39,48,1.2083333333333333,0.0662999666605966,593,It's either my last will and testament or my divorce papers.
4142,4366,0,10,38,48,1.2083333333333333,0.059238169759886945,593,"Hurry home, honey. The kids are starting to make demands."
5672,4366,2,6,40,48,1.2083333333333333,0.07267881673425383,593,"I don't know where she went, she said to sign the divorce papers but I cant find them anywhere!"
4761,4366,1,8,39,48,1.2083333333333333,0.0662999666605966,593,"I feel like I'm a metaphor for something, but I can't figure out what."
5751,4366,0,10,38,48,1.2083333333333333,0.059238169759886945,593,"Yes, honey, I’ll add that to my to-do list."
7656,4366,0,10,38,48,1.2083333333333333,0.059238169759886945,593,"No, I didn't see it coming and I still don't know what she really wants. I'm really quite hurt she chose this way to tell me."
5975,4366,2,6,40,48,1.2083333333333333,0.07267881673425383,593,The divorce papers were just served.
4065,4366,1,8,39,48,1.2083333333333333,0.0662999666605966,593,"If you haven't clicked ""yes"" on the software update, yet, maybe hold off a little longer."
7783,4366,1,8,39,48,1.2083333333333333,0.0662999666605966,593,"No, the divorce isn't final yet, Frank. I've only just been served."
7771,4366,0,10,38,48,1.2083333333333333,0.059238169759886945,593,"Honey, come on. Didn't we talk about healthy communication styles with the therapist?"
7726,4366,1,8,39,48,1.2083333333333333,0.0662999666605966,593,"""She said that I was Whittenburg and she was Luther""!"
7676,4366,0,10,38,48,1.2083333333333333,0.059238169759886945,593,"Yes, I’d like to switch cable providers."
7641,4366,1,8,39,48,1.2083333333333333,0.0662999666605966,593,"Helen, I very much do get your point."
7571,4366,3,4,41,48,1.2083333333333333,0.07854129630064868,593,"I just found the latest "" honey-do"" list."
7413,4366,1,8,39,48,1.2083333333333333,0.0662999666605966,593,"She said she would air-mail the ""to do"" list"
7382,4366,3,4,41,48,1.2083333333333333,0.07854129630064868,593,Actually your paper wasn't due until after the break.
7314,4366,0,10,38,48,1.2083333333333333,0.059238169759886945,593,I have no idea where you put the shopping list.
7220,4366,2,6,40,48,1.2083333333333333,0.07267881673425383,593,I'm afraid I did get the point Alice.
5754,4366,2,6,40,48,1.2083333333333333,0.07267881673425383,593,I am taking a stab at the to-do list as we speak !
7156,4366,2,6,40,48,1.2083333333333333,0.07267881673425383,593,Myra just said someday I would understand.
7022,4366,1,8,39,48,1.2083333333333333,0.0662999666605966,593,"Brutus, it’s Julius. Fine, I’ll read your screenplay."
6983,4366,2,6,40,48,1.2083333333333333,0.07267881673425383,593,"Yes, your lawyer delivered the divorce papers."
6947,4366,2,6,40,48,1.2083333333333333,0.07267881673425383,593,I love her but she is constantly stabbing me in the back with her demands.
6690,4366,1,8,39,48,1.2083333333333333,0.0662999666605966,593,"911, The phone company's drive to get me to replace my land line with cell service has become more pointed."
6527,4366,2,6,40,48,1.2083333333333333,0.07267881673425383,593,"Suspects?. Yes, mainly two. The OJ's and a guy called Mack."
6492,4366,0,10,38,48,1.2083333333333333,0.059238169759886945,593,Yes. I was served the divorce papers this morning.
6368,4366,1,8,39,48,1.2083333333333333,0.0662999666605966,593,Yeah its me. I've found the Kevin Spacey morals clause.
6331,4366,1,8,39,48,1.2083333333333333,0.0662999666605966,593,I just got my tax refund.
6321,4366,0,10,38,48,1.2083333333333333,0.059238169759886945,593,"Baby, I forgot where you put to-do list..."
6125,4366,2,6,40,48,1.2083333333333333,0.07267881673425383,593,"Just before she left, she said she would leave me an explanatory note...but I can't find it anywhere!"
6025,4366,0,10,38,48,1.2083333333333333,0.059238169759886945,593,I know it hard to believe but they're making demands behind my back.
7142,4366,2,6,40,48,1.2083333333333333,0.07267881673425383,593,She didn't like wording that said I would keep both houses.
4026,4366,2,6,40,48,1.2083333333333333,0.07267881673425383,593,"Okay, so I don’t have eyes in the back of my head! What’s your point?"
1831,4366,2,6,40,48,1.2083333333333333,0.07267881673425383,593,I think our tax preparer just quit.
3978,4366,0,10,38,48,1.2083333333333333,0.059238169759886945,593,"Honey, where's that shopping list?"
1837,4366,1,8,39,48,1.2083333333333333,0.0662999666605966,593,I’d like to submit some cutting edge humor.
3995,4366,1,8,39,48,1.2083333333333333,0.0662999666605966,593,"Hey Al, you know how my wife hates technology. Well, she finally went off the deep end when she couldn't find a bulletin board to post her ultimatum on."
1739,4366,2,6,40,48,1.2083333333333333,0.07267881673425383,593,"I am calling to complain about your ""End User License Agreement""."
1527,4366,2,6,40,48,1.2083333333333333,0.07267881673425383,593,She is having second thoughts about the arrangements.
1454,4366,1,8,39,48,1.2083333333333333,0.0662999666605966,593,To-do list? Where did you leave it?
1437,4366,1,8,39,48,1.2083333333333333,0.0662999666605966,593,.....”said his name was Martin Luther?”
1287,4366,1,8,39,48,1.2083333333333333,0.0662999666605966,593,"So she said she indulged me enough, gave me a list of the 95 most terrible things she thinks I did and left."
1198,4366,0,10,38,48,1.2083333333333333,0.059238169759886945,593,"Ok, You can have the house."
1186,4366,1,8,39,48,1.2083333333333333,0.0662999666605966,593,No. I didn't see the papers you left me.
1161,4366,2,6,40,48,1.2083333333333333,0.07267881673425383,593,..And so I told her that I admired Martin Luther and how he handled disagreements
1144,4366,3,4,41,48,1.2083333333333333,0.07854129630064868,593,"Hello is this the TMZ hot line "" Martin Luther is alive and living in my closet""."
1085,4366,2,6,40,48,1.2083333333333333,0.07267881673425383,593,"Sandra, if you just told your lawyer to call me first he could have mailed me the divorce complaint."
1041,4366,3,4,41,48,1.2083333333333333,0.07854129630064868,593,"Yes Mom, I think she wants a divorce."
969,4366,2,6,40,48,1.2083333333333333,0.07267881673425383,593,"She hasn't mentioned a divorce, but I'm pretty sure it's a marital schism..."
964,4366,1,8,39,48,1.2083333333333333,0.0662999666605966,593,I get a sense she wants the same order as last time.
913,4366,2,6,40,48,1.2083333333333333,0.07267881673425383,593,911 I feel a sharp pain in my tax return
878,4366,1,8,39,48,1.2083333333333333,0.0662999666605966,593,She'll kill me if I forget.
764,4366,0,10,38,48,1.2083333333333333,0.059238169759886945,593,I'm afraid she took it literally.
688,4366,0,10,38,48,1.2083333333333333,0.059238169759886945,593,"Yes, I got your report. No, I haven't read it yet."
313,4366,0,10,38,48,1.2083333333333333,0.059238169759886945,593,She claims I'm oblivious to what she's trying to communicate.
298,4366,1,8,39,48,1.2083333333333333,0.0662999666605966,593,Where did you say you put the note?
294,4366,2,6,40,48,1.2083333333333333,0.07267881673425383,593,"Yes, she just delivered the divorce papers."
268,4366,1,8,39,48,1.2083333333333333,0.0662999666605966,593,I still don’t know why she stormed out of here but it really really hurts.
1848,4366,1,8,39,48,1.2083333333333333,0.0662999666605966,593,"Yes, dear, I'll remember the shopping list this time."
1858,4366,0,10,38,48,1.2083333333333333,0.059238169759886945,593,"Did we read the warranty? Well, my wife took a stab at it ..."
1495,4366,1,8,39,48,1.2083333333333333,0.0662999666605966,593,"Yeah, i don't think they are really into renegotiating your contract"
2070,4366,2,6,40,48,1.2083333333333333,0.07267881673425383,593,"No, I have absolutely no complaints about my new insurance agent. I would simply request that you have Mr. Gambino email my bills from now on."
3931,4366,1,8,39,48,1.2083333333333333,0.0662999666605966,593,Can we go back to good fences?
3833,4366,2,6,40,48,1.2083333333333333,0.07267881673425383,593,"Et tu, Blue Cross?"
3776,4366,1,8,39,48,1.2083333333333333,0.0662999666605966,593,"No Dear, I haven't misplaced gentle reminder for the Honey Do List this time!"
3657,4366,0,10,38,48,1.2083333333333333,0.059238169759886945,593,She was determined to get her point across.
3485,4366,1,8,39,48,1.2083333333333333,0.0662999666605966,593,How can I get this lawsuit off my back?
2054,4366,1,8,39,48,1.2083333333333333,0.0662999666605966,593,"Yes, honey - I trust you."
3177,4366,1,8,39,48,1.2083333333333333,0.0662999666605966,593,Would you send me another reminder?
3104,4366,3,4,41,48,1.2083333333333333,0.07854129630064868,593,"No, she's not bitter about the divorce...in fact she said she signed the papers already."
3087,4366,2,6,40,48,1.2083333333333333,0.07267881673425383,593,"No. I didn't forget were divorced, Its just Hard to find the visitation days..."
2981,4366,0,10,38,48,1.2083333333333333,0.059238169759886945,593,"Yes! I said, 'Look, I've been in this part of Brooklyn since 1972 and I'll keep paying $225 a month for as long as I damn please!"
2971,4366,1,8,39,48,1.2083333333333333,0.0662999666605966,593,"""Hello. I'd like to cancel my subscription to the Blade""."
2952,4366,1,8,39,48,1.2083333333333333,0.0662999666605966,593,Alice - I told you I would sign the divorce papers SOON!
3436,4366,2,6,40,48,1.2083333333333333,0.07267881673425383,593,I have a complaint about the process server.
2835,4366,2,6,40,48,1.2083333333333333,0.07267881673425383,593,My Reformation Theology class got a little too excited about handing in their theses.
2839,4366,1,8,39,48,1.2083333333333333,0.0662999666605966,593,"I went to a political rally today - it was so cutting an pointed with every one chanting ""STICK IT TO THE MAN!"" I just couldn't take all the jabs."
2113,4366,2,6,40,48,1.2083333333333333,0.07267881673425383,593,Luther. Martin Luther
2203,4366,2,6,40,48,1.2083333333333333,0.07267881673425383,593,"You were right, Mom. I shouldn't have married a Lutheran."
2314,4366,1,8,39,48,1.2083333333333333,0.0662999666605966,593,"I know it's not hip to have an answering machine, but the alternative seems ridiculous."
2357,4366,1,8,39,48,1.2083333333333333,0.0662999666605966,593,I've been attacked but the non-disclosure I signed prevents me from providing any further details.
2280,4366,3,4,41,48,1.2083333333333333,0.07854129630064868,593,"Hello, suicide hotline? I wrote a note, but I can't seem to find it."
2390,4366,2,6,40,48,1.2083333333333333,0.07267881673425383,593,"Yes, I need an ambulance. Could you please send a lawyer as well?"
2490,4366,2,6,40,48,1.2083333333333333,0.07267881673425383,593,911? My name is Martin and the Pope just stuck some theses on my back.
2538,4366,0,10,38,48,1.2083333333333333,0.059238169759886945,593,Was it really necessary to sign terms and conditions in blood?
2677,4366,0,10,38,48,1.2083333333333333,0.059238169759886945,593,"No, Honey, I couldn't even find my to-do list"
2829,4366,2,6,40,48,1.2083333333333333,0.07267881673425383,593,"I appreciate the answers to my questions; but really, next time - send an email!"
2883,4474,1,6,32,39,1.205128205128205,0.07510215426707977,593,"Mildred, as your son-in-law, please stop sending Helen those letters dissing me."
5292,4475,1,8,40,49,1.2040816326530612,0.06507185874050676,593,I'd like to cancel may subscription.
4853,4475,1,8,40,49,1.2040816326530612,0.06507185874050676,593,"Yeah, I'd like to place an order for take out."
4941,4475,2,6,41,49,1.2040816326530612,0.07130699079332185,593,"ha ha ha ... No, Martin Luther did not pay me a visit."
5250,4475,2,6,41,49,1.2040816326530612,0.07130699079332185,593,You always do this! I've looked everywhere! What do you mean I can't miss it?
4672,4475,1,8,40,49,1.2040816326530612,0.06507185874050676,593,I think I've been stabbed in the back with my own words.
5396,4475,1,8,40,49,1.2040816326530612,0.06507185874050676,593,Hello? 911? I've just received a letter from my ex-wife!
7636,4475,1,8,40,49,1.2040816326530612,0.06507185874050676,593,"Honey, you forgot to leave me the grocery list again."
5854,4475,1,8,40,49,1.2040816326530612,0.06507185874050676,593,"Yes, officer. When she said ‘I’ve got your back’ I thought she meant she APPROVED of my decision to retire!"
5897,4475,1,8,40,49,1.2040816326530612,0.06507185874050676,593,I wanted to speak with you about one of your process servers.
6765,4475,1,8,40,49,1.2040816326530612,0.06507185874050676,593,"Yes, the divorce settlement is signed. About my fee..."
7482,4475,2,6,41,49,1.2040816326530612,0.07130699079332185,593,I suspect she's filed for divorce. I've just been served.
4424,4475,3,4,42,49,1.2040816326530612,0.07703912689051784,593,"No, I can't see what it says."
5753,4475,3,4,42,49,1.2040816326530612,0.07703912689051784,593,The good news is that the cable company waived the fees for the first month.
4414,4475,3,4,42,49,1.2040816326530612,0.07703912689051784,593,Remind me! Where is the separation contract?
4321,4475,1,8,40,49,1.2040816326530612,0.06507185874050676,593,Gloria stopped by to give me the divorce papers.
4082,4475,1,8,40,49,1.2040816326530612,0.06507185874050676,593,Your Holiness? Yes! There was a mad monk here a minute ago. He left a message.
1567,4475,1,8,40,49,1.2040816326530612,0.06507185874050676,593,What do you mean you left the grocery list in the back?
1681,4475,1,8,40,49,1.2040816326530612,0.06507185874050676,593,"Every time I think I can get away, my To Do list stabs me in the back."
1743,4475,3,4,42,49,1.2040816326530612,0.07703912689051784,593,Terms and conditions applied.
2125,4475,1,8,40,49,1.2040816326530612,0.06507185874050676,593,Just got a letter from my ex.
2155,4475,3,4,42,49,1.2040816326530612,0.07703912689051784,593,Betrayal received.
2428,4475,1,8,40,49,1.2040816326530612,0.06507185874050676,593,Hello? I've misplaced my bill.
1595,4475,2,6,41,49,1.2040816326530612,0.07130699079332185,593,"No, it was more than the pirate costume that got my attention."
3057,4475,3,4,42,49,1.2040816326530612,0.07703912689051784,593,You served me with divorce papers? When? How?
3402,4475,2,6,41,49,1.2040816326530612,0.07130699079332185,593,"Yes, I'm calling about a Special Delivery."
3429,4475,1,8,40,49,1.2040816326530612,0.06507185874050676,593,"Anniversary or not, I won't indulge her ninety-five demands!"
3612,4475,2,6,41,49,1.2040816326530612,0.07130699079332185,593,"Mom, I think Elizabeth might want a divorce."
3625,4475,1,8,40,49,1.2040816326530612,0.06507185874050676,593,There's new information but I haven't looked at it yet.
2599,4475,1,8,40,49,1.2040816326530612,0.06507185874050676,593,I suspect Martin Luther.
5551,4504,1,7,37,45,1.2,0.06816498108607269,593,I'm afraid the contract negotiations have reached a sticking point.
5548,4504,0,9,36,45,1.2,0.06030226891555274,593,"Hello, 911, ""Yes, I want to report a disgruntle debt collector."""
5543,4504,2,5,38,45,1.2,0.07521014330903551,593,"Look,.... I don't care what it says in the fine print."
5509,4504,1,7,37,45,1.2,0.06816498108607269,593,"No,I didn't say backslapper"
5491,4504,1,7,37,45,1.2,0.06816498108607269,593,She's found a sticking point in the divorce proposal.
5228,4504,1,7,37,45,1.2,0.06816498108607269,593,Lawyers really are backstabbers
5274,4504,1,7,37,45,1.2,0.06816498108607269,593,"I read the article, but what’s the back story?"
5225,4504,1,7,37,45,1.2,0.06816498108607269,593,"They lie in your face. All the time, they want to take your place..."
5154,4504,2,5,38,45,1.2,0.07521014330903551,593,"911, it's Norm Luther again, Martin's brother"
5610,4504,2,5,38,45,1.2,0.07521014330903551,593,I'm dying to tell you about the divorce papers I just got.
5471,4504,2,5,38,45,1.2,0.07521014330903551,593,"Hello, New Yorker? About your delivery person...."
5618,4504,2,5,38,45,1.2,0.07521014330903551,593,"Trust me, it’s at the top of my to-do list."
6026,4504,1,7,37,45,1.2,0.06816498108607269,593,"Hello? 911? I'm not certain, but I think it's both death and taxes."
5680,4504,0,9,36,45,1.2,0.06030226891555274,593,I lost my dagger and you lost your grocery list.
5750,4504,2,5,38,45,1.2,0.07521014330903551,593,You're divorcing me? I didn't see that coming.
5799,4504,2,5,38,45,1.2,0.07521014330903551,593,"Honey, slowly hang up the phone, and turn around!"
5832,4504,2,5,38,45,1.2,0.07521014330903551,593,"I guess she finally got tired of hearing, 'Don't you get the point?'"
5886,4504,0,9,36,45,1.2,0.06030226891555274,593,This is a medical AND a psychiatric emergency.
5134,4504,1,7,37,45,1.2,0.06816498108607269,593,I am looking fir Martin Luther's suster
6033,4504,1,7,37,45,1.2,0.06816498108607269,593,"I got your note and quite frankly, I regard it as a stab in the back."
6035,4504,2,5,38,45,1.2,0.07521014330903551,593,Well they were smiling in face when all the time they wanted to take my place...
6037,4504,2,5,38,45,1.2,0.07521014330903551,593,"Sorry, I misplaced the ""honey do"" list again. Did you stick it somewhere?"
6080,4504,2,5,38,45,1.2,0.07521014330903551,593,"I forgot, where did you put those divorce papers ?"
6088,4504,2,5,38,45,1.2,0.07521014330903551,593,911? It seems a guy dressed like a monk thought I was the door of his church.
5644,4504,1,7,37,45,1.2,0.06816498108607269,593,"Sorry honey, but where did you leave the grocery list?"
5053,4504,3,3,39,45,1.2,0.08164965809277261,593,"Also, I can't read the fine print."
4781,4504,2,5,38,45,1.2,0.07521014330903551,593,"How's law school? Well, I'm finding Contract Law's a killer course."
4112,4504,2,5,38,45,1.2,0.07521014330903551,593,"Honey, remember that Martin Luther guy at the homeowner association meeting who was unhappy with the CC&Rs?"
4136,4504,2,5,38,45,1.2,0.07521014330903551,593,I take it back. I get your point now.
4236,4504,1,7,37,45,1.2,0.06816498108607269,593,The fact that YOU are THERE... and I am HERE...  does NOT make this a PRE-EXISTING CONDITION!
4269,4504,2,5,38,45,1.2,0.07521014330903551,593,"Yes, I have the divorce papers."
4295,4504,0,9,36,45,1.2,0.06030226891555274,593,911? I seem to be the subject of ninety-five theses. Could you please send a priest?
4297,4504,2,5,38,45,1.2,0.07521014330903551,593,"Hello, Mr Luther. Your boy, Martin, is acting up again."
4305,4504,0,9,36,45,1.2,0.06030226891555274,593,"No, I’m not exaggerating. She literally stabbed me in the back with the divorce papers."
4354,4504,0,9,36,45,1.2,0.06030226891555274,593,Your Honey-do’s are killing me.
4369,4504,1,7,37,45,1.2,0.06816498108607269,593,I won't be able to make our tee time. My wife has other plans for me.
4400,4504,2,5,38,45,1.2,0.07521014330903551,593,"Hello, is this 311? How do I file a complaint against my landlord?"
4452,4504,1,7,37,45,1.2,0.06816498108607269,593,"I understand you and your mother ""love"" the painting! But the bill just came and it's ""really"" killing me!"
4481,4504,2,5,38,45,1.2,0.07521014330903551,593,"Honey, I've looked all over the house and can't find the list you gave me."
5022,4504,2,5,38,45,1.2,0.07521014330903551,593,I swear I have the divorce papers here somewhere
4533,4504,2,5,38,45,1.2,0.07521014330903551,593,I was just served with your divorce papers.
4607,4504,1,7,37,45,1.2,0.06816498108607269,593,"No, I didn't read the terms and conditions!"
4613,4504,1,7,37,45,1.2,0.06816498108607269,593,"No, he did not exactly hand me the free estimate."
4661,4504,1,7,37,45,1.2,0.06816498108607269,593,"Yes, I'm a member of the middle class. Sure, I'll hold."
4669,4504,2,5,38,45,1.2,0.07521014330903551,593,Only an idiot would agree to those terms.
4752,4504,2,5,38,45,1.2,0.07521014330903551,593,One sec--I left my notes behind me!
4753,4504,1,7,37,45,1.2,0.06816498108607269,593,"Bennett, do you think you can put a good word in for me with the romance editor? Mystery is killing me."
6089,4504,2,5,38,45,1.2,0.07521014330903551,593,Mr Luther sent me a reminder to call you.
4905,4504,0,9,36,45,1.2,0.06030226891555274,593,My wife asked me to order paper clips.
4914,4504,2,5,38,45,1.2,0.07521014330903551,593,"Ja, wanted to see if you had repaired the spectacles of Vicar Martin Luther yet?"
4936,4504,0,9,36,45,1.2,0.06030226891555274,593,She said something about a Reformation and then left
4943,4504,2,5,38,45,1.2,0.07521014330903551,593,So you're telling me you'd like some changes in the pre-nup?
4596,4504,1,7,37,45,1.2,0.06816498108607269,593,"Yes, I'm calling to make a change in your newspaper's delivery instructions."
6104,4504,0,9,36,45,1.2,0.06030226891555274,593,"Yes, I understand, I just think there are nicer ways to ask someone for a divorce..."
7310,4504,1,7,37,45,1.2,0.06816498108607269,593,You're obviously very upset and I think we should discuss this issue face to face.
6180,4504,2,5,38,45,1.2,0.07521014330903551,593,The President doesn't always respond by Tweet.
6984,4504,1,7,37,45,1.2,0.06816498108607269,593,I think I may owe you an apology.
7031,4504,1,7,37,45,1.2,0.06816498108607269,593,"No, this is not a prank call."
7036,4504,2,5,38,45,1.2,0.07521014330903551,593,"Hi - yes, I'd like to complain about your bank's new manner of delivering my account statements"
7143,4504,1,7,37,45,1.2,0.06816498108607269,593,"No luck yet, but apparently she left the report somewhere she was sure I would find it."
7174,4504,2,5,38,45,1.2,0.07521014330903551,593,I can confidently state that I've been served with the divorce papers.
7183,4504,0,9,36,45,1.2,0.06030226891555274,593,I'm being evicted.
7190,4504,1,7,37,45,1.2,0.06816498108607269,593,The contract from the National Knife Association just arrived.
7272,4504,0,9,36,45,1.2,0.06030226891555274,593,I’m starting to think that being “meeting facilitator” at the office isn’t for me.
7303,4504,1,7,37,45,1.2,0.06816498108607269,593,"Oh, my day at the office was politics as usual."
4109,4504,0,9,36,45,1.2,0.06030226891555274,593,"I swear, Hillary, I was always loyal to the campaign!"
7386,4504,0,9,36,45,1.2,0.06030226891555274,593,The news? I can’t really say but it’s painful.
7406,4504,1,7,37,45,1.2,0.06816498108607269,593,My wife dropped off the divorce papers today - it went well.
7408,4504,2,5,38,45,1.2,0.07521014330903551,593,"Well, communication isn't Susan's mother's strongest suit."
7457,4504,2,5,38,45,1.2,0.07521014330903551,593,"Honey, I seem to have misplaced your list of things I should do in order for us to stay together."
7460,4504,2,5,38,45,1.2,0.07521014330903551,593,Could you send over one of your representatives to twist it a little?
7537,4504,1,7,37,45,1.2,0.06816498108607269,593,I just got the point; I need to reform my ways--95 ways!
7637,4504,2,5,38,45,1.2,0.07521014330903551,593,"911 ? No, I can't hold."
7671,4504,1,7,37,45,1.2,0.06816498108607269,593,"Did you sign them, at least?"
7693,4504,1,7,37,45,1.2,0.06816498108607269,593,Such a pain! I can not find your list!
7717,4504,1,7,37,45,1.2,0.06816498108607269,593,"""Hello Mrs. Luther. Martin has gone too far this time. First he started nailing his ""95 theses"" to the classroom doors, now this."
7728,4504,0,9,36,45,1.2,0.06030226891555274,593,"You were right, ignoring the issue hasn't seemed to work."
7732,4504,0,9,36,45,1.2,0.06030226891555274,593,Have you seen the honey do list?
7742,4504,2,5,38,45,1.2,0.07521014330903551,593,"Yes, apparently my wife needs eggs, and I’ll take an ambulance."
7760,4504,1,7,37,45,1.2,0.06816498108607269,593,"I got your message, and I've got to tell you: it makes me feel like you're stabbing me in the back."
7763,4504,0,9,36,45,1.2,0.06030226891555274,593,Got you message Mr. President.
6941,4504,2,5,38,45,1.2,0.07521014330903551,593,She’ll kill me if I don’t find the “to do” list.
6117,4504,2,5,38,45,1.2,0.07521014330903551,593,It's just that there is a right way and wrong way to file for divorce.
6891,4504,1,7,37,45,1.2,0.06816498108607269,593,"Sorry, I can’t talk now."
6793,4504,1,7,37,45,1.2,0.06816498108607269,593,"I just got your reminder, the payment will be in the mail first thing tomorrow."
6191,4504,0,9,36,45,1.2,0.06030226891555274,593,His name is Martin Luther and he owes me three indulgences.
6194,4504,2,5,38,45,1.2,0.07521014330903551,593,"Hey, where did you stick that contract offer?"
6197,4504,0,9,36,45,1.2,0.06030226891555274,593,"Yes, your writing has gotten much sharper."
6202,4504,1,7,37,45,1.2,0.06816498108607269,593,Apparently I am the target of false accusations.
6221,4504,1,7,37,45,1.2,0.06816498108607269,593,"Well, typically it's about how I need to apply myself to the task of making her feel better."
6233,4504,0,9,36,45,1.2,0.06030226891555274,593,"Yes, you remembered to put eggs on my to-do-or-die list."
6242,4504,1,7,37,45,1.2,0.06816498108607269,593,I didn't know you would stab me in the back with an injunction.
6249,4504,1,7,37,45,1.2,0.06816498108607269,593,"I never agreed to these updated terms and conditions, Brutus."
6270,4504,0,9,36,45,1.2,0.06030226891555274,593,"I received your proposal, but there's one sticking point."
6356,4504,2,5,38,45,1.2,0.07521014330903551,593,"Got your message, dear. I think we need to talk."
6375,4504,2,5,38,45,1.2,0.07521014330903551,593,"My wife just gave me an ultimatum. So, I am calling you to repair our headlights."
6389,4504,3,3,39,45,1.2,0.08164965809277261,593,He said his name was Luther. Martin Luther.
6403,4504,1,7,37,45,1.2,0.06816498108607269,593,"Sorry I can't come. She hit me with her ""honey do list"" right between my shoulders."
6449,4504,1,7,37,45,1.2,0.06816498108607269,593,My wife just served me with papers. I didn’t think divorce could be this painful!
6485,4504,0,9,36,45,1.2,0.06030226891555274,593,Thank you for the reminder. I'm sure I won't forget again.
6505,4504,1,7,37,45,1.2,0.06816498108607269,593,"Yes, dear, I got the to do list."
6553,4504,2,5,38,45,1.2,0.07521014330903551,593,You said the new billing system would be painless.
6561,4504,0,9,36,45,1.2,0.06030226891555274,593,"Honey, I can't find the do list."
6575,4504,2,5,38,45,1.2,0.07521014330903551,593,I just got some bad news. Do you want the backstory?
6587,4504,0,9,36,45,1.2,0.06030226891555274,593,"Brietbart home delivery hotline, how can we help you?"
6614,4504,0,9,36,45,1.2,0.06030226891555274,593,You can say I was taken aback by their negotiation tactics.
6626,4504,3,3,39,45,1.2,0.08164965809277261,593,"Oh, I'm painfully aware that some people have grievances with my management style."
6633,4504,0,9,36,45,1.2,0.06030226891555274,593,I sense that a no-fault divorce is out of the question.
6767,4504,2,5,38,45,1.2,0.07521014330903551,593,Next time a simple letter will do
6788,4504,1,7,37,45,1.2,0.06816498108607269,593,Do you mind if I call you right back?
6877,4504,1,7,37,45,1.2,0.06816498108607269,593,"Yes, I got your list of demands but did you have to stick a knife in my back as well?"
4095,4504,1,7,37,45,1.2,0.06816498108607269,593,Looks like we'll be skipping mediation and going straight to triage.
4954,4504,0,9,36,45,1.2,0.06030226891555274,593,"No, I mean her demands are literally beyond my reach..."
4055,4504,1,7,37,45,1.2,0.06816498108607269,593,I think this back pain is trying to tell me something.
1191,4504,1,7,37,45,1.2,0.06816498108607269,593,"No, I do not have a history with Martin Luther."
1214,4504,2,5,38,45,1.2,0.07521014330903551,593,Tell Martin Luther to call me back. I'm really upset.
1225,4504,2,5,38,45,1.2,0.07521014330903551,593,I have a problem but you can rule out Martin Luther.
1291,4504,1,7,37,45,1.2,0.06816498108607269,593,The order distinctly spelled out A-R-R-O-W !
1313,4504,0,9,36,45,1.2,0.06030226891555274,593,That information is just out of reach.
1353,4504,3,3,39,45,1.2,0.08164965809277261,593,Guess I should have made the Honey Do list a higher priority
1366,4504,1,7,37,45,1.2,0.06816498108607269,593,You know I can't read backward.
1394,4504,0,9,36,45,1.2,0.06030226891555274,593,Your written notice was sufficient.
1403,4504,1,7,37,45,1.2,0.06816498108607269,593,Do you deliver thumbtacks?
1423,4504,1,7,37,45,1.2,0.06816498108607269,593,I need a lawyer- my wife stabbed me in the back with the divorce contract.
1488,4504,0,9,36,45,1.2,0.06030226891555274,593,Two words. White board.
1174,4504,0,9,36,45,1.2,0.06030226891555274,593,She was insulted by the pre-nup.
1540,4504,0,9,36,45,1.2,0.06030226891555274,593,Press One if you're the victim of an enthusiastic Lutheran. Press Two if the twins are up to high-spirited mischief again...
1617,4504,2,5,38,45,1.2,0.07521014330903551,593,I’m calling from a landline because those cell phone contracts are killers.”
1644,4504,1,7,37,45,1.2,0.06816498108607269,593,You said it would be an amiable divorce.
1678,4504,2,5,38,45,1.2,0.07521014330903551,593,"I thought taxes were a pain in the ass for a middle-class guy like me, so I voted for Republicans. But I just finished reading the GOP tax plan. . . ."
1693,4504,1,7,37,45,1.2,0.06816498108607269,593,"As a matter of fact, I have been talking to Russians."
1737,4504,2,5,38,45,1.2,0.07521014330903551,593,How the heck am I supposed to know what it says? It's in my back!
1751,4504,1,7,37,45,1.2,0.06816498108607269,593,Where did you say you put my to-do list?
1849,4504,1,7,37,45,1.2,0.06816498108607269,593,"....alright, but the president said 'the constitution got your back'...."
1875,4504,3,3,39,45,1.2,0.08164965809277261,593,"Oh, message on MY back, I thought it was call YOU back"
1896,4504,2,5,38,45,1.2,0.07521014330903551,593,darling I think a thumbtack would have sufficed
1964,4504,2,5,38,45,1.2,0.07521014330903551,593,Hi Herb. I need you to come over and confirm something. I think Margaret just served me divorce papers.
1969,4504,0,9,36,45,1.2,0.06030226891555274,593,"Yes dear, I found your to-do list."
1580,4504,0,9,36,45,1.2,0.06030226891555274,593,I wouldn't quite go so far as to call it tax relief.
1173,4504,1,7,37,45,1.2,0.06816498108607269,593,"I've heard rumors I'm getting the pink slip, but so far, nothing."
1166,4504,0,9,36,45,1.2,0.06030226891555274,593,"I got your list of grievances. Could we discuss them, possibly at the emergency room?"
1139,4504,0,9,36,45,1.2,0.06030226891555274,593,"Room Service, I feel a really bad draft in my suite."""
4079,4504,0,9,36,45,1.2,0.06030226891555274,593,"Dear, I can't find the note you left for me."
130,4504,2,5,38,45,1.2,0.07521014330903551,593,I work in Show Business.
133,4504,1,7,37,45,1.2,0.06816498108607269,593,A pirate's life just isn't for me.
139,4504,2,5,38,45,1.2,0.07521014330903551,593,"I've no idea what they are demanding, officer!"
153,4504,1,7,37,45,1.2,0.06816498108607269,593,"Hi, is this an exorcist? I've been repossessed."
173,4504,0,9,36,45,1.2,0.06030226891555274,593,"Yes, this is the best way to reach me."
176,4504,0,9,36,45,1.2,0.06030226891555274,593,"Martin Luther’s desk, please."
178,4504,2,5,38,45,1.2,0.07521014330903551,593,"Yes, they've got my back on this."
340,4504,0,9,36,45,1.2,0.06030226891555274,593,It feels like I'm forgetting something.
367,4504,2,5,38,45,1.2,0.07521014330903551,593,I'm not taking this lying down.
464,4504,0,9,36,45,1.2,0.06030226891555274,593,"For groceries, a post-it note would suffice."
489,4504,1,7,37,45,1.2,0.06816498108607269,593,Please bill me by regular mail
585,4504,2,5,38,45,1.2,0.07521014330903551,593,"Hey Sweetheart, Mildred has finally given me the divorce papers."
684,4504,1,7,37,45,1.2,0.06816498108607269,593,"Was this really necessary, I said, ""I got the message."""
694,4504,1,7,37,45,1.2,0.06816498108607269,593,So I hear you refused my settlement offer
755,4504,1,7,37,45,1.2,0.06816498108607269,593,Hello Don Giovanni - I got your message
767,4504,0,9,36,45,1.2,0.06030226891555274,593,"Thankfully, I was shielded by the large pile of the paperwork."
783,4504,1,7,37,45,1.2,0.06816498108607269,593,My back pain began right after our sales meeting when I asked the competition to make their point obvious!
1043,4504,2,5,38,45,1.2,0.07521014330903551,593,E tu Martinus?
1076,4504,1,7,37,45,1.2,0.06816498108607269,593,I can no longer represent my client in this matter.
1077,4504,2,5,38,45,1.2,0.07521014330903551,593,I am stuck with a newspaper I did not order...
1089,4504,1,7,37,45,1.2,0.06816498108607269,593,About your manifesto...
1103,4504,1,7,37,45,1.2,0.06816498108607269,593,"I got her message. OK, she can have the dog!"
1111,4504,0,9,36,45,1.2,0.06030226891555274,593,"Yes, it's still on the market. But we might want to bump our offer a tad."
1131,4504,1,7,37,45,1.2,0.06816498108607269,593,"Oh, the same old, same old in the office...how was your day?"
1982,4504,1,7,37,45,1.2,0.06816498108607269,593,I'd like to place an order for someone to watch my back. How soon will that be delivered?
2029,4504,0,9,36,45,1.2,0.06030226891555274,593,I'm gonna need another copy of those divorce papers.
1788,4504,2,5,38,45,1.2,0.07521014330903551,593,"So, you did get my love letter? ... Uh-huh ... Well thanks for letting me know you don't feel the same way. ... Goodbye."
2097,4504,2,5,38,45,1.2,0.07521014330903551,593,Yes I will sign the divorce agreement—where did you put it?
3191,4504,3,3,39,45,1.2,0.08164965809277261,593,"I know that divorce papers can be hand-delivered, but this goes a bit beyond that..."
3204,4504,3,3,39,45,1.2,0.08164965809277261,593,911? I was just served divorce papers by a pirate.
3214,4504,3,3,39,45,1.2,0.08164965809277261,593,"No, I don’t know what it says."
3221,4504,0,9,36,45,1.2,0.06030226891555274,593,"Talk about being stabbed in the back by the fake media, right Mr. President?"
3223,4504,2,5,38,45,1.2,0.07521014330903551,593,"Hey, Morti, about those separation papers I asked you to serve ..."
2065,4504,2,5,38,45,1.2,0.07521014330903551,593,It's not so much a death threat as a manifesto.
3271,4504,0,9,36,45,1.2,0.06030226891555274,593,"Sorry, looks like I got “stuck “with this contract."
3286,4504,1,7,37,45,1.2,0.06816498108607269,593,Don’t expect any of these demands met until I see two mirrors.
3293,4504,1,7,37,45,1.2,0.06816498108607269,593,"This is a weird way to celebrate the 500th anniversary of MARTIN Luther’s start of the Reformation. My name is neither Leo or Charles, and the note on my back has only 94 theses!"
3467,4504,1,7,37,45,1.2,0.06816498108607269,593,"Mr. Luther just stepped out for a few minutes, but he left you a message."
3541,4504,0,9,36,45,1.2,0.06030226891555274,593,I can't help but feel that I was stabbed in the back when the commission's report pinned the blame on me.
3552,4504,2,5,38,45,1.2,0.07521014330903551,593,Let's settle this thing now. I no longer have the spine for it.
3565,4504,1,7,37,45,1.2,0.06816498108607269,593,"It wasn’t what she said in the letter, it’s that she stabbed me in the back."
3585,4504,1,7,37,45,1.2,0.06816498108607269,593,"Hey, honey. They changed the terms of service on our protection plan."
3626,4504,0,9,36,45,1.2,0.06030226891555274,593,A true summons stabs you in the front.
3673,4504,2,5,38,45,1.2,0.07521014330903551,593,I had no idea Amazon Prime was so targeted.
3676,4504,0,9,36,45,1.2,0.06030226891555274,593,"Yes, I'd like to report a Lutheran backstabber."
3695,4504,0,9,36,45,1.2,0.06030226891555274,593,"Billing department, let me say I get your point, but..."
3771,4504,3,3,39,45,1.2,0.08164965809277261,593,"Yes, I received Dorothy's divorce request. It felt as if I had been stabbed in the back."
3823,4504,1,7,37,45,1.2,0.06816498108607269,593,The terms of the divorce are rather unpleasant.
3864,4504,2,5,38,45,1.2,0.07521014330903551,593,She can never divorce me so long as I keep avoiding the process server!
3922,4504,1,7,37,45,1.2,0.06816498108607269,593,"Yes deer, I have the grocery list this time."
3936,4504,0,9,36,45,1.2,0.06030226891555274,593,It's just a reminder of tonight's meeting.
4045,4504,1,7,37,45,1.2,0.06816498108607269,593,Hello 911? I've been attacked by Fake News! Send out a retraction!
4052,4504,1,7,37,45,1.2,0.06816498108607269,593,"What ""to do"" list?"
3148,4504,3,3,39,45,1.2,0.08164965809277261,593,I'd like to speak with President Trump about my new tax bill
3117,4504,0,9,36,45,1.2,0.06030226891555274,593,"Yes Marjorie, I found the divorce papers you left me."
3231,4504,2,5,38,45,1.2,0.07521014330903551,593,Your counteroffer is certainly to the point.
3033,4504,3,3,39,45,1.2,0.08164965809277261,593,"Yes, I noticed a stabbing pain in my back, or rather a stabbing notice in my back pain."
2156,4504,1,7,37,45,1.2,0.06816498108607269,593,"Can't you just leave my ""honey-do"" list on the table?"
2165,4504,1,7,37,45,1.2,0.06816498108607269,593,"I'm bleeding out and maybe have 4 minutes to live, tops. So, you've got to listen to me. Twin Peaks, man. It's not just weird for weird's sake. Seriously, give it a chance."
2194,4504,2,5,38,45,1.2,0.07521014330903551,593,"No doctor, it just started this afternoon!"
2222,4504,2,5,38,45,1.2,0.07521014330903551,593,"Hello, is this Mafia messages?"
2278,4504,3,3,39,45,1.2,0.08164965809277261,593,I'd like to report a reenactment of the posting of the ninety-five theses.
3084,4504,1,7,37,45,1.2,0.06816498108607269,593,Are you sure you delivered the divorce papers?
2332,4504,2,5,38,45,1.2,0.07521014330903551,593,Wittenburg was lovely.
2368,4504,0,9,36,45,1.2,0.06030226891555274,593,I'd like to downgrade my life insurance policy. Do you have anything with tape?
2443,4504,2,5,38,45,1.2,0.07521014330903551,593,Please take me off your stabbing list.
2448,4504,2,5,38,45,1.2,0.07521014330903551,593,"I found your note but I didn't read it... I assume you're not coming back, forgive the pun."
2502,4504,1,7,37,45,1.2,0.06816498108607269,593,It's a sharp pain in my back radiating toward my wallet
2517,4504,1,7,37,45,1.2,0.06816498108607269,593,No...it's worse than that.
2294,4504,0,9,36,45,1.2,0.06030226891555274,593,"Yes son, your homework is here where you left it and, no, I will not tell your teacher the dog ate it."
2543,4504,0,9,36,45,1.2,0.06030226891555274,593,It’s Wittenberg. Dr. Arthur Wittenberg.
2540,4504,2,5,38,45,1.2,0.07521014330903551,593,"Yes, I'm sure she means it. No, I did not see it coming."
3004,4504,0,9,36,45,1.2,0.06030226891555274,593,"Apparently, it's legalese for ""Kick me!"""
2979,4504,1,7,37,45,1.2,0.06816498108607269,593,"No, I'm alone. But funny, I feel like that the legal team is right here."
2970,4504,3,3,39,45,1.2,0.08164965809277261,593,Where is my will?
2836,4504,1,7,37,45,1.2,0.06816498108607269,593,I got your notes and I'm not amused.
2810,4504,0,9,36,45,1.2,0.06030226891555274,593,Yes I see you got my back.
2898,4504,0,9,36,45,1.2,0.06030226891555274,593,I’m afraid your process server seems to have a bit too much flair for the dramatic.
2734,4504,1,7,37,45,1.2,0.06816498108607269,593,Can you please just deliver my bills through the mail.
2726,4504,2,5,38,45,1.2,0.07521014330903551,593,"Yeah, I just got the divorce papers, and I'm starting to think we the amicable route is off the table."
2694,4504,2,5,38,45,1.2,0.07521014330903551,593,It's about the advertised new use for the Ginsu knive.
2596,4504,2,5,38,45,1.2,0.07521014330903551,593,He said I make a better door than a window.
2545,4504,1,7,37,45,1.2,0.06816498108607269,593,There must be something between this and a tattoo.
5320,4730,2,5,39,46,1.1956521739130435,0.07368535547180384,593,I’m afraid my pinned tweet’s not aging well
4518,4730,2,5,39,46,1.1956521739130435,0.07368535547180384,593,Apparently they have 95 grievances.
4600,4730,1,7,38,46,1.1956521739130435,0.06680829316878904,593,"They lie in your face. All the time, they want to take your place..."
4848,4730,1,7,38,46,1.1956521739130435,0.06680829316878904,593,"Yes, I have a living will."
5073,4730,1,7,38,46,1.1956521739130435,0.06680829316878904,593,"Nope, I didn't see it coming either!"
4440,4730,1,7,38,46,1.1956521739130435,0.06680829316878904,593,"Look sis, it feels like you're trying to stab me in the back over Dad's will."
5351,4730,1,7,38,46,1.1956521739130435,0.06680829316878904,593,"Yes, I will get around to your resume, but I have to warn you, there are some at the firm who are big on people skills."
6000,4730,2,5,39,46,1.1956521739130435,0.07368535547180384,593,"I'd like to cancel my landline service, but I'm really stuck with this contract."
5480,4730,1,7,38,46,1.1956521739130435,0.06680829316878904,593,I'm gonna need your help to get the message out
5520,4730,1,7,38,46,1.1956521739130435,0.06680829316878904,593,I don't think this is the best way to get across I need to pay my medical bill.
5634,4730,1,7,38,46,1.1956521739130435,0.06680829316878904,593,My wife is unhappy that I haven't finished her honey-do list.
5676,4730,1,7,38,46,1.1956521739130435,0.06680829316878904,593,Wrong number
7085,4730,1,7,38,46,1.1956521739130435,0.06680829316878904,593,This draft was a little better. But your punctuation still needs work.
7614,4730,1,7,38,46,1.1956521739130435,0.06680829316878904,593,"Mike, ""who would have thought that my wife is a backstabber?"""
4374,4730,2,5,39,46,1.1956521739130435,0.07368535547180384,593,"Is this about Bangkok, your sister or the Ponzi scheme?"
5452,4730,3,3,40,46,1.1956521739130435,0.07997321542795012,593,"Apparently, my wife wants a divorce."
4092,4730,1,7,38,46,1.1956521739130435,0.06680829316878904,593,"Yes, please. I'd like to make a harassment complaint."
3096,4730,1,7,38,46,1.1956521739130435,0.06680829316878904,593,"When I said ""text me"" I meant on SMS."
3933,4730,1,7,38,46,1.1956521739130435,0.06680829316878904,593,I know the facts would eventually catch up to me but I thought Reality only bites.
4039,4730,1,7,38,46,1.1956521739130435,0.06680829316878904,593,Flower shop? Here is Mr. Ceremonial. I have been stabbed in the back. I am looking at the photo of the jar of flower that you send to my wife funeral. Please send the exact same thing for my own funeral.
484,4730,0,9,37,46,1.1956521739130435,0.05913682829884976,593,May I please speak to the Summons department?
1249,4730,1,7,38,46,1.1956521739130435,0.06680829316878904,593,911? I’m stuck!
1283,4730,1,7,38,46,1.1956521739130435,0.06680829316878904,593,"Now that she signed the prenup, she is kind of pushing me to pick a wedding date."
1850,4730,1,7,38,46,1.1956521739130435,0.06680829316878904,593,No. I don't think I misunderstood her.
1894,4730,0,9,37,46,1.1956521739130435,0.05913682829884976,593,You'll find my manifesto attached to the body.
2239,4730,1,7,38,46,1.1956521739130435,0.06680829316878904,593,"Yes, she did leave a note. Will you come by and read it to me?"
891,4730,0,9,37,46,1.1956521739130435,0.05913682829884976,593,"Yes, Mother, I would say it is a pretty clear sign that we are breaking up."
2658,4730,2,5,39,46,1.1956521739130435,0.07368535547180384,593,"McGraw, Tatum and Hill? This is Mr. Linklater. I'd like to amend my will... Yes, the clause referencing the portion of my estate that goes to Mrs. Linklater."
2668,4730,1,7,38,46,1.1956521739130435,0.06680829316878904,593,The cord on this phone is really inconvenient
3014,4730,1,7,38,46,1.1956521739130435,0.06680829316878904,593,"Divorce papers came thru. Yes, I've signed them in blood."
3026,4730,2,5,39,46,1.1956521739130435,0.07368535547180384,593,My script was rejected.
3151,4730,0,9,37,46,1.1956521739130435,0.05913682829884976,593,What do you want? The shirt off my back. It ain't gonna happen!!
3457,4730,2,5,39,46,1.1956521739130435,0.07368535547180384,593,I can assure you those documents are very near to my heart
3406,4730,1,7,38,46,1.1956521739130435,0.06680829316878904,593,And then he went all Martin Luther on me...
2306,4730,2,5,39,46,1.1956521739130435,0.07368535547180384,593,I've got 95 problems but a thesis ain't one
5075,4765,2,5,40,47,1.1914893617021276,0.07222061144970149,593,I don't know. He had a weird look in his eye and said that Martin Luther made him do it.
5294,4765,0,9,38,47,1.1914893617021276,0.058014463349769285,593,"""yes Officer, what they did was they smiled in my face and said they wanted to take my place"" and then they left a note!"
2813,4765,1,7,39,47,1.1914893617021276,0.06550379636299898,593,"Yeah, I really do have to get rid of my landline."
4709,4768,1,6,35,42,1.1904761904761905,0.07015906299901953,593,"Oh hey, Larry. Nothing much-- just trying to get Carol to sign the divorce papers."
4719,4768,0,8,34,42,1.1904761904761905,0.061325801544455674,593,"Yeah, pin the bill on the donkey didn't go so well at the party."
4783,4768,2,4,36,42,1.1904761904761905,0.07799829681942307,593,Luther has taken this 95 theses thing way too far.
4796,4768,3,2,37,42,1.1904761904761905,0.0851185907576086,593,Please tell my wife I have feelings about her 'to-do' list.
4811,4768,0,8,34,42,1.1904761904761905,0.061325801544455674,593,"The divorce papers are signed, but this wound may take some time to heal."
4816,4768,1,6,35,42,1.1904761904761905,0.07015906299901953,593,"No, I don’t know what it says."
5023,4768,1,6,35,42,1.1904761904761905,0.07015906299901953,593,"Yes, I got your note, No I won't forget to stop."
4836,4768,0,8,34,42,1.1904761904761905,0.061325801544455674,593,We use to be friends.
4889,4768,1,6,35,42,1.1904761904761905,0.07015906299901953,593,I'd be happy to start on the chores list if I could find it.
5076,4768,0,8,34,42,1.1904761904761905,0.061325801544455674,593,"Yes, it was my wife. She idolized Martin Luther."
5488,4768,0,8,34,42,1.1904761904761905,0.061325801544455674,593,"Et tu, Brute, or is this Martin Luther?"
5207,4768,2,4,36,42,1.1904761904761905,0.07799829681942307,593,"But Honey, I've looked everywhere ..."
5279,4768,1,6,35,42,1.1904761904761905,0.07015906299901953,593,Did you get the honey-do list?
5354,4768,0,8,34,42,1.1904761904761905,0.061325801544455674,593,"Relax, I'll sign it in the morning."
5358,4768,1,6,35,42,1.1904761904761905,0.07015906299901953,593,"I refused to sign the divorce papers, but I have a feeling she left them behind."
5405,4768,0,8,34,42,1.1904761904761905,0.061325801544455674,593,How am I supposed to sign the divorce papers if I can’t even reach ‘em?
5442,4768,2,4,36,42,1.1904761904761905,0.07799829681942307,593,Margaret? I've forgotten where you put the grocery list.
5470,4768,1,6,35,42,1.1904761904761905,0.07015906299901953,593,I’m calling about that job in the paper. My wife insists it’s perfect for me.
4656,4768,1,6,35,42,1.1904761904761905,0.07015906299901953,593,"Yes dear, I have the to-do list that you gave me."
5534,4768,1,6,35,42,1.1904761904761905,0.07015906299901953,593,"No, not with an F. Theses! T-H-E-S-E-S"
5619,4768,1,6,35,42,1.1904761904761905,0.07015906299901953,593,Suffice it to say it's worse than a 'kick me' sticky.
5156,4768,1,6,35,42,1.1904761904761905,0.07015906299901953,593,Hello Senator? I was just reading about the impact of the new tax legislation on our Medicare benefits and I'd like to share my thoughts...
4648,4768,1,6,35,42,1.1904761904761905,0.07015906299901953,593,"Yes Senator, I have received a copy of your new tax plan."
4228,4768,1,6,35,42,1.1904761904761905,0.07015906299901953,593,I think someone's trying to send me a message.
4534,4768,2,4,36,42,1.1904761904761905,0.07799829681942307,593,"Yes, I feel betrayed."
3678,4768,1,6,35,42,1.1904761904761905,0.07015906299901953,593,"Honey, I can’t find the shopping list again."
3722,4768,1,6,35,42,1.1904761904761905,0.07015906299901953,593,""" Yes, I believe it was Guy Fawkes who put the post it on my back""."
3765,4768,1,6,35,42,1.1904761904761905,0.07015906299901953,593,Hello 9-1-1? I think I'm about to start a reformation.
3768,4768,0,8,34,42,1.1904761904761905,0.061325801544455674,593,I said that Martin Luther needs glasses!!!
3800,4768,0,8,34,42,1.1904761904761905,0.061325801544455674,593,"Honey, where did you say you stuck my life insurance policy?"
3821,4768,1,6,35,42,1.1904761904761905,0.07015906299901953,593,Yes dear. I'll add it to the list you gave me this morning.
3850,4768,2,4,36,42,1.1904761904761905,0.07799829681942307,593,Where did you leave your note to me dear ?
3870,4768,3,2,37,42,1.1904761904761905,0.0851185907576086,593,"Yes, I'd like to cancel my sports package."
3899,4768,0,8,34,42,1.1904761904761905,0.061325801544455674,593,"Yes, I get the point. This your final notice."
3925,4768,0,8,34,42,1.1904761904761905,0.061325801544455674,593,Hello....Mr. Luther
4605,4768,0,8,34,42,1.1904761904761905,0.061325801544455674,593,They told me they weren’t sure they could fix the problem but they would definitely take a stab at it
4015,4768,0,8,34,42,1.1904761904761905,0.061325801544455674,593,If Marty had any grievances he’d tell me.
4127,4768,1,6,35,42,1.1904761904761905,0.07015906299901953,593,"Look, I'm sorry I tried to cancel my home phone and, no, I didn't read the Terms and Conditions."
4169,4768,0,8,34,42,1.1904761904761905,0.061325801544455674,593,Thanks for verifying the vase painting was an original Monet.
4217,4768,3,2,37,42,1.1904761904761905,0.0851185907576086,593,Honey....know you were mad at me this morning so where did you leave that honey do list?
5667,4768,0,8,34,42,1.1904761904761905,0.061325801544455674,593,I have a pointed suggestion re your contact.
4252,4768,1,6,35,42,1.1904761904761905,0.07015906299901953,593,"Hello, I'd like to cancel my order for indulgences."
4307,4768,1,6,35,42,1.1904761904761905,0.07015906299901953,593,Martin Luther came by today.
4380,4768,0,8,34,42,1.1904761904761905,0.061325801544455674,593,"I don't know, but he looked like Martin Luther."
4397,4768,1,6,35,42,1.1904761904761905,0.07015906299901953,593,"Gary, we need to start screening these ghost writers for poltergeists...."
4430,4768,2,4,36,42,1.1904761904761905,0.07799829681942307,593,"I'm sorry, I couldn't read the to-do list."
4494,4768,1,6,35,42,1.1904761904761905,0.07015906299901953,593,Have you assigned a new mail carrier to my route?
4126,4768,0,8,34,42,1.1904761904761905,0.061325801544455674,593,Hey honey. I can’t find my list of chores anywhere.
5907,4768,1,6,35,42,1.1904761904761905,0.07015906299901953,593,"The article really stabbed me in the back, Bob!"
6060,4768,0,8,34,42,1.1904761904761905,0.061325801544455674,593,Yep..it’s happened again. I know I need a better job but at least it’s less painful than re-tweeting all day.
5914,4768,1,6,35,42,1.1904761904761905,0.07015906299901953,593,"Honey, where did you put those divorce papers?"
7101,4768,1,6,35,42,1.1904761904761905,0.07015906299901953,593,Let's just say that negotiations are neatly complete.
7145,4768,1,6,35,42,1.1904761904761905,0.07015906299901953,593,"Well, I guess my wife was serious about signing our divorce papers."
7157,4768,2,4,36,42,1.1904761904761905,0.07799829681942307,593,"Hello, Vatican. I think we have a problem."
7169,4768,2,4,36,42,1.1904761904761905,0.07799829681942307,593,"I can't see, but I'm sensing it's bad news"
7194,4768,1,6,35,42,1.1904761904761905,0.07015906299901953,593,"...Hello Pope Francis, tell that Luther guy that this thesis thing is getting a bit personal..."
7199,4768,0,8,34,42,1.1904761904761905,0.061325801544455674,593,I have first-hand knowledge that Trump's tax plan will do us in!
7221,4768,1,6,35,42,1.1904761904761905,0.07015906299901953,593,I've received your final demand for payment. Do you do Pay Pal per chance? Ok .Lovely.
7228,4768,0,8,34,42,1.1904761904761905,0.061325801544455674,593,"Honey, do you know where our couples counseling contract is?"
7233,4768,0,8,34,42,1.1904761904761905,0.061325801544455674,593,The press is killer these days.
7253,4768,1,6,35,42,1.1904761904761905,0.07015906299901953,593,I don't appreciate being stabbed in the back while being served.
7014,4768,1,6,35,42,1.1904761904761905,0.07015906299901953,593,No! She’s refused to sign it!
7287,4768,2,4,36,42,1.1904761904761905,0.07799829681942307,593,"She said she'd write me about leaving, and I'd get the point"
7316,4768,1,6,35,42,1.1904761904761905,0.07015906299901953,593,Hi honey. You forgot to give me the divorce papers to sign.
7318,4768,2,4,36,42,1.1904761904761905,0.07799829681942307,593,I got stabbed in the back by McConnell's tax plan.
7395,4768,1,6,35,42,1.1904761904761905,0.07015906299901953,593,I can't tell if you signed the divorce papers.
7442,4768,1,6,35,42,1.1904761904761905,0.07015906299901953,593,Do you understand? No more deals behind my back!
7447,4768,2,4,36,42,1.1904761904761905,0.07799829681942307,593,"No, she didn't say anything, but I sensed she was unhappy from physical cues."
7504,4768,1,6,35,42,1.1904761904761905,0.07015906299901953,593,I’ve been served in the back.
7512,4768,2,4,36,42,1.1904761904761905,0.07799829681942307,593,"Hello, is this the Martin Luther Door Company? I have a question about your bill."
7595,4768,2,4,36,42,1.1904761904761905,0.07799829681942307,593,I thought breaking up in Latin was a classy way to end it.
7626,4768,0,8,34,42,1.1904761904761905,0.061325801544455674,593,"Apparently, her grievances were of an incisive nature."
3654,4768,2,4,36,42,1.1904761904761905,0.07799829681942307,593,Is there a message?
7293,4768,1,6,35,42,1.1904761904761905,0.07015906299901953,593,I've got good news and bad news. The good news? She finally signed the divorce papers.
5908,4768,2,4,36,42,1.1904761904761905,0.07799829681942307,593,I misplaced your grievances.
6963,4768,2,4,36,42,1.1904761904761905,0.07799829681942307,593,"I prefer direct, blunt feedback."
6923,4768,0,8,34,42,1.1904761904761905,0.061325801544455674,593,O.K. I'll switch to Geico.
5916,4768,2,4,36,42,1.1904761904761905,0.07799829681942307,593,You know you could of just handed me the Divorce papers .
5934,4768,3,2,37,42,1.1904761904761905,0.0851185907576086,593,Why would the Republicans take away my health care to give the Koch Brothers a tax cut?
5941,4768,1,6,35,42,1.1904761904761905,0.07015906299901953,593,Can you come over? Someone stuck a note on my back and I can't read it.
5949,4768,1,6,35,42,1.1904761904761905,0.07015906299901953,593,"Honey, where is the shopping list so that I can add ""aspirin""?"
5996,4768,2,4,36,42,1.1904761904761905,0.07799829681942307,593,"The alternative to ACA hasn't been passed yet? In that case, does my current plan cover pre-existing conditions caused by knives in the back?"
6014,4768,0,8,34,42,1.1904761904761905,0.061325801544455674,593,I didn't mind them so much just picking my pocket.
6023,4768,1,6,35,42,1.1904761904761905,0.07015906299901953,593,I have the settlement offer from my ex wife…
6068,4768,1,6,35,42,1.1904761904761905,0.07015906299901953,593,Did you have to buy the kid a Martin Luther costume for Halloween?
6093,4768,1,6,35,42,1.1904761904761905,0.07015906299901953,593,I guess they ran out of post it notes.
6133,4768,0,8,34,42,1.1904761904761905,0.061325801544455674,593,That tweet you just sent really stab me in the back.
6959,4768,1,6,35,42,1.1904761904761905,0.07015906299901953,593,"W;hen they served me with a suboena, I thought they would hand it to me."
6445,4768,1,6,35,42,1.1904761904761905,0.07015906299901953,593,"Honey, I swear I understand why I need to be more patient with your mother..."
6483,4768,0,8,34,42,1.1904761904761905,0.061325801544455674,593,"No, I didn't find the shopping list...are you sure you wrote one?"
6583,4768,1,6,35,42,1.1904761904761905,0.07015906299901953,593,"It happened at church, I think it was Martin Luther"
6606,4768,1,6,35,42,1.1904761904761905,0.07015906299901953,593,I can't remember where I left the list.
6702,4768,1,6,35,42,1.1904761904761905,0.07015906299901953,593,I am calling to cancel my subscription.
6725,4768,1,6,35,42,1.1904761904761905,0.07015906299901953,593,Someone mistook me for a church door.
6779,4768,0,8,34,42,1.1904761904761905,0.061325801544455674,593,"Helen, I lost our divorce papers again."
6803,4768,2,4,36,42,1.1904761904761905,0.07799829681942307,593,"Hun, where did you place my to do list?"
6859,4768,1,6,35,42,1.1904761904761905,0.07015906299901953,593,"Sorry, Mr. Binkley, I didn't see the memo."
6865,4768,0,8,34,42,1.1904761904761905,0.061325801544455674,593,"No, I haven't had a chance to read the allegations, but I have a bad feeling about them."
6897,4768,2,4,36,42,1.1904761904761905,0.07799829681942307,593,"Okay, you win. I accept the TERMS AND CONDITIONS OF USE."
6452,4768,0,8,34,42,1.1904761904761905,0.061325801544455674,593,He said his name was Martin Luther
3645,4768,2,4,36,42,1.1904761904761905,0.07799829681942307,593,I just finished doing my taxes. Can I take back my vote for Trump?
1657,4768,2,4,36,42,1.1904761904761905,0.07799829681942307,593,"Sorry to bother you at work, Brenda, but I can't remember where you left our divorce papers."
3583,4768,1,6,35,42,1.1904761904761905,0.07015906299901953,593,The amicable approach isn’t working.
988,4768,1,6,35,42,1.1904761904761905,0.07015906299901953,593,I'd like a refund on the home acupuncture kit I ordered with Groupon.
1021,4768,1,6,35,42,1.1904761904761905,0.07015906299901953,593,This diet of worms is getting to me
1049,4768,2,4,36,42,1.1904761904761905,0.07799829681942307,593,I thought the contract was specifically designed to prevent any backstabbing!
1092,4768,1,6,35,42,1.1904761904761905,0.07015906299901953,593,911? My wife just served me divorce papers...
1108,4768,1,6,35,42,1.1904761904761905,0.07015906299901953,593,I'd like to take a stab at getting my job back!
1109,4768,1,6,35,42,1.1904761904761905,0.07015906299901953,593,I'll call you back. My little Jeffrey wants me to proofread his homework.
1241,4768,2,4,36,42,1.1904761904761905,0.07799829681942307,593,"I preferred the simple check box for the ""Terms of Service"" agreement."
1255,4768,1,6,35,42,1.1904761904761905,0.07015906299901953,593,Dammit. I told you to post it on Twitter.
1289,4768,1,6,35,42,1.1904761904761905,0.07015906299901953,593,"... something about Luther and her lawyer, and then she left."
1331,4768,1,6,35,42,1.1904761904761905,0.07015906299901953,593,"Hi Honey, I noticed that you left me a ""Honey Do List."" What's on your mind exactly?"
1332,4768,1,6,35,42,1.1904761904761905,0.07015906299901953,593,"Hi, I need a personal injury lawyer."
1342,4768,2,4,36,42,1.1904761904761905,0.07799829681942307,593,"Yes, I am sure. He said his name was Martin Luther."
1374,4768,1,6,35,42,1.1904761904761905,0.07015906299901953,593,"Luther's ""Ninety-five Theses"" has never felt so painful, Your Reverence."
1396,4768,1,6,35,42,1.1904761904761905,0.07015906299901953,593,"well, it's young Martin again ...."
1523,4768,1,6,35,42,1.1904761904761905,0.07015906299901953,593,"I don’t know, he said something about his thesis?"
1603,4768,1,6,35,42,1.1904761904761905,0.07015906299901953,593,"Now, as for the best way to remove the Care Tag..."
3616,4768,1,6,35,42,1.1904761904761905,0.07015906299901953,593,Never mind.
1682,4768,1,6,35,42,1.1904761904761905,0.07015906299901953,593,"My wife signed the divorce papers, but had a funny way of claiming I stabbed her in the back!"
1703,4768,1,6,35,42,1.1904761904761905,0.07015906299901953,593,I promise the Russians did not put me up to it.
1730,4768,1,6,35,42,1.1904761904761905,0.07015906299901953,593,Your resignations are a stab in the back
1735,4768,0,8,34,42,1.1904761904761905,0.061325801544455674,593,"Thank you for calling the Emergency Divorce Referal Hotline. If you are experiencing a medical emergency, please hang up and dial 911."
930,4768,1,6,35,42,1.1904761904761905,0.07015906299901953,593,I'd like to report another IRS scam
897,4768,1,6,35,42,1.1904761904761905,0.07015906299901953,593,"No, you're spineless."
823,4768,0,8,34,42,1.1904761904761905,0.061325801544455674,593,I lost my wife's shopping list again.
772,4768,1,6,35,42,1.1904761904761905,0.07015906299901953,593,She said she was defiling for divorce
63,4768,1,6,35,42,1.1904761904761905,0.07015906299901953,593,I'm uncomfortable with the idea of alternative dispute resolution.
96,4768,0,8,34,42,1.1904761904761905,0.061325801544455674,593,I'd deliver my revised will to you but my only shirt has a hole in it.
110,4768,1,6,35,42,1.1904761904761905,0.07015906299901953,593,911?..Please send help! My tax bill is killing me!
136,4768,2,4,36,42,1.1904761904761905,0.07799829681942307,593,"I can,t find the note you left me."
238,4768,2,4,36,42,1.1904761904761905,0.07799829681942307,593,".....she said something about Martin Luther and ""Reforming "" our marriage...."
242,4768,2,4,36,42,1.1904761904761905,0.07799829681942307,593,I need to use my health coverage but can't locate the paperwork.
336,4768,1,6,35,42,1.1904761904761905,0.07015906299901953,593,"Yes, Carla, I got the summons, you could have mailed it."
444,4768,1,6,35,42,1.1904761904761905,0.07015906299901953,593,They're demanding I get the family I-phones.
447,4768,0,8,34,42,1.1904761904761905,0.061325801544455674,593,How can I forget? It's stuck in my back.
449,4768,1,6,35,42,1.1904761904761905,0.07015906299901953,593,Please remove me from your mailing list.
1762,4768,1,6,35,42,1.1904761904761905,0.07015906299901953,593,"And then, just to make a point........."
452,4768,2,4,36,42,1.1904761904761905,0.07799829681942307,593,"I'd like to RSVP ""Yes"" to the wedding."
500,4768,1,6,35,42,1.1904761904761905,0.07015906299901953,593,"After today, I will no longer be moderating the SATs."
507,4768,1,6,35,42,1.1904761904761905,0.07015906299901953,593,"Hi, Mr. Reaper? I’ve received your eviction notice."
512,4768,1,6,35,42,1.1904761904761905,0.07015906299901953,593,I met Martin Luther today.
520,4768,2,4,36,42,1.1904761904761905,0.07799829681942307,593,How do I feel about the new tax bill?
536,4768,1,6,35,42,1.1904761904761905,0.07015906299901953,593,"Your ""Dear John"" letter is a real stab in the back."
579,4768,0,8,34,42,1.1904761904761905,0.061325801544455674,593,So am I to take it that we're no longer pen pals?
627,4768,1,6,35,42,1.1904761904761905,0.07015906299901953,593,"Honey, I'm going to be late."
638,4768,2,4,36,42,1.1904761904761905,0.07799829681942307,593,"Yes, mother, the divorce is amicable."
655,4768,0,8,34,42,1.1904761904761905,0.061325801544455674,593,"Pope Francis please, Father Mark, calling"
666,4768,0,8,34,42,1.1904761904761905,0.061325801544455674,593,Having a target on my back is a nonstarter.
497,4768,2,4,36,42,1.1904761904761905,0.07799829681942307,593,delivery? yes she put the list where I wouldn't forget.
1780,4768,1,6,35,42,1.1904761904761905,0.07015906299901953,593,Your third and final notice?
860,4768,0,8,34,42,1.1904761904761905,0.061325801544455674,593,"Yes, she served the divorce papers. Telling her I didn't want to be stuck in a loveless marriage might have been a poor choice of words."
1808,4768,0,8,34,42,1.1904761904761905,0.061325801544455674,593,"No, the Martin Luther from the Reformation and all that."
2623,4768,0,8,34,42,1.1904761904761905,0.061325801544455674,593,Last thing I remember is joking about Lutheran's.
2671,4768,0,8,34,42,1.1904761904761905,0.061325801544455674,593,So much for evading service of the summons and complaint
2673,4768,1,6,35,42,1.1904761904761905,0.07015906299901953,593,"Seriously, John, I think you went too far with the settlement terms."
2679,4768,0,8,34,42,1.1904761904761905,0.061325801544455674,593,Police? I need to report a crazed monk...he looked like he was 500 years old!
2698,4768,1,6,35,42,1.1904761904761905,0.07015906299901953,593,It's not the break up letter as much as the stabbing pain.
2711,4768,0,8,34,42,1.1904761904761905,0.061325801544455674,593,You promised to remind me to pick you up at your psychiatrist's.
2737,4768,2,4,36,42,1.1904761904761905,0.07799829681942307,593,Here I was thinking all along her 'honey-do' list was about a melon.
2749,4768,0,8,34,42,1.1904761904761905,0.061325801544455674,593,"Hello, is this 9-1-1? I'm calling to say I feel like I've been stabbed in the back. What? No, no. Not that way. I feel like I've actually been stabbed in the back."""
2753,4768,0,8,34,42,1.1904761904761905,0.061325801544455674,593,"Hello, overdue accounts? I believe you left me a message."
2759,4768,1,6,35,42,1.1904761904761905,0.07015906299901953,593,"Then he said, ""Let me take a stab at re-editing my script."""
2787,4768,0,8,34,42,1.1904761904761905,0.061325801544455674,593,"Customer service? Yes, 91 Theses? Sure, I got 'em right here."
2818,4768,0,8,34,42,1.1904761904761905,0.061325801544455674,593,"I dunno, seemed she said something 'bout The Reformation."
2846,4768,0,8,34,42,1.1904761904761905,0.061325801544455674,593,I wanted a divorce. She wanted to play Pin the Tail on the Donkey.
2955,4768,2,4,36,42,1.1904761904761905,0.07799829681942307,593,My spidey sense is telling me that Barbara wants a divorce.
3009,4768,1,6,35,42,1.1904761904761905,0.07015906299901953,593,"911, we had an accident at our annual Reformation re-enactment."
3054,4768,1,6,35,42,1.1904761904761905,0.07015906299901953,593,Ever been stabbed in the back by someone - who really wants to make it personal.
3267,4768,1,6,35,42,1.1904761904761905,0.07015906299901953,593,"Apparently, O.J. Simpson isn't enthusiastic about my first draft of his biography."
3270,4768,1,6,35,42,1.1904761904761905,0.07015906299901953,593,IRS? ... I have a question about my tax refund...
3487,4768,1,6,35,42,1.1904761904761905,0.07015906299901953,593,"Sorry about the deadline, I'm having a bit of difficulty getting through this first read-through of the latest tax bill."
3508,4768,1,6,35,42,1.1904761904761905,0.07015906299901953,593,"When did electing for an idiot become a ""Pre-Existing"" condition?"
3542,4768,1,6,35,42,1.1904761904761905,0.07015906299901953,593,"Hi Mom. Yeah, I got your message."
2592,4768,1,6,35,42,1.1904761904761905,0.07015906299901953,593,I think I lost my pres ription from the back doctor!
3553,4768,0,8,34,42,1.1904761904761905,0.061325801544455674,593,It’s the paperboy who’s having an affair with my wife.
1798,4768,0,8,34,42,1.1904761904761905,0.061325801544455674,593,"They're always complaining that I use too much legalese, but the fine print really did save me this time."
2552,4768,0,8,34,42,1.1904761904761905,0.061325801544455674,593,My fault- told him I had his back
1810,4768,2,4,36,42,1.1904761904761905,0.07799829681942307,593,"Yes. I tried looking over my shoulder at the mirror, but I can't read sdrawkcab."
1861,4768,0,8,34,42,1.1904761904761905,0.061325801544455674,593,"Sorry Brutus, your protagonist just wasn't believable."
1897,4768,2,4,36,42,1.1904761904761905,0.07799829681942307,593,I'm a luddite but I think I just got a text message.
1929,4768,1,6,35,42,1.1904761904761905,0.07015906299901953,593,He said this is what we get for cutting down the trees.
1931,4768,1,6,35,42,1.1904761904761905,0.07015906299901953,593,"I don't care if your message deliverer is Lutheran, I don't think this is appropriate."
2027,4768,1,6,35,42,1.1904761904761905,0.07015906299901953,593,You're the one who told me to send send her the letter as return receipt!
2036,4768,1,6,35,42,1.1904761904761905,0.07015906299901953,593,"Okay, I'll pay the cable bill."
2067,4768,2,4,36,42,1.1904761904761905,0.07799829681942307,593,Is this your idea of celebrating the 500th anniversary of Martin Luther?
2090,4768,1,6,35,42,1.1904761904761905,0.07015906299901953,593,I was just served by Martin Luther's great great great great great great great grandson.
2157,4768,2,4,36,42,1.1904761904761905,0.07799829681942307,593,"Yes, mother, I remembered to call you without any reminders."
2183,4768,2,4,36,42,1.1904761904761905,0.07799829681942307,593,"Bad news, I'm afraid.The publisher has rather emphatically rejected my article."
2201,4768,2,4,36,42,1.1904761904761905,0.07799829681942307,593,"My attorney please, my wife's Manifesto has been hand delivered."
2205,4768,1,6,35,42,1.1904761904761905,0.07015906299901953,593,I want to report a literary backstabbing.
2235,4768,1,6,35,42,1.1904761904761905,0.07015906299901953,593,It's about your process of service person.
2322,4768,2,4,36,42,1.1904761904761905,0.07799829681942307,593,"Yes, Dear, cranberries are on my list."
2356,4768,0,8,34,42,1.1904761904761905,0.061325801544455674,593,"Hello, I understand that you lost a knife."
2375,4768,1,6,35,42,1.1904761904761905,0.07015906299901953,593,"Barbara, I told you, I haven't seen your ""honey-do"" list."
2393,4768,0,8,34,42,1.1904761904761905,0.061325801544455674,593,You should have posted 95 Hacking Theses online
2462,4768,0,8,34,42,1.1904761904761905,0.061325801544455674,593,"It was a friend, I would never let my enemies get that close."
2500,4768,2,4,36,42,1.1904761904761905,0.07799829681942307,593,"Yes, dear, I did remember to stop at the supermarket."
2504,4768,2,4,36,42,1.1904761904761905,0.07799829681942307,593,"Martin Luther, he said his name was."
2577,4768,2,4,36,42,1.1904761904761905,0.07799829681942307,593,My wife just pointed out the party of the first part.
3572,4768,0,8,34,42,1.1904761904761905,0.061325801544455674,593,She said it's the last time I'd forget the shopping list.
184,4970,1,5,31,37,1.1891891891891893,0.07591125921780505,593,"Tell me, does it say anything about who gets the dog or the kids?"
7695,4971,2,4,37,43,1.186046511627907,0.07629149346467257,593,"No honey, I didn't see the note you left."
6406,4971,1,6,36,43,1.186046511627907,0.06865109076336154,593,"I know doc, but my lawyer says it becomes a legally enforceable blood pact upon removal."
6401,4971,2,4,37,43,1.186046511627907,0.07629149346467257,593,"Reverend Luther, my back is not a church door, thank you."
6262,4971,1,6,36,43,1.186046511627907,0.06865109076336154,593,I can't play golf today. My wife gave me a few chores to do around the house.
6201,4971,0,8,35,43,1.186046511627907,0.060046253429572344,593,"I told him Martin Luther pinned his Manifest to a church door, he missed the point."
5978,4971,1,6,36,43,1.186046511627907,0.06865109076336154,593,"Yes, that’s Wittenberg. W-i-t-t..."
5974,4971,1,6,36,43,1.186046511627907,0.06865109076336154,593,I feel it's one of the finer points holding up my thesis.
5822,4971,0,8,35,43,1.186046511627907,0.060046253429572344,593,Why would they fire me without any explanation?
5539,4971,0,8,35,43,1.186046511627907,0.060046253429572344,593,"Yes, Middle Class Hotline? My copy of the Paradise Papers just arrived, and I didn't make the cut."
5472,4971,2,4,37,43,1.186046511627907,0.07629149346467257,593,Hello 911 - I'd like to report a back stabber
5359,4971,0,8,35,43,1.186046511627907,0.060046253429572344,593,To think I trusted my landlord.
5215,4971,0,8,35,43,1.186046511627907,0.060046253429572344,593,He said his name was Martin Luther. And plans on striking 94 more times.
5190,4971,0,8,35,43,1.186046511627907,0.060046253429572344,593,I guess the old string on the finger wasn’t doing the job.
5158,4971,1,6,36,43,1.186046511627907,0.06865109076336154,593,"Yes, she just served me with divorce papers."
5117,4971,2,4,37,43,1.186046511627907,0.07629149346467257,593,I told you I'd have your back.
5041,4971,1,6,36,43,1.186046511627907,0.06865109076336154,593,"I have to tell you, Frank, Mary's honey-do lists are becoming a pain in the back."
4946,4971,1,6,36,43,1.186046511627907,0.06865109076336154,593,FYI - I hot your message.
4766,4971,0,8,35,43,1.186046511627907,0.060046253429572344,593,"So, I can't get this Harvey Weinstein costume off of me. It seems like this is a ""forever"" thing."
4690,4971,1,6,36,43,1.186046511627907,0.06865109076336154,593,Yes hello I’d like to speak to my representative. This tax reform is really stabbing me in the back.
4666,4971,1,6,36,43,1.186046511627907,0.06865109076336154,593,I can feel you very close
4502,4971,1,6,36,43,1.186046511627907,0.06865109076336154,593,"Yes dear, I received your message, but it was a little difficult to make out"
4432,4971,1,6,36,43,1.186046511627907,0.06865109076336154,593,This is another case of FAKE NEWS! You twisted everything I said and stabbed me in the back.
6470,4971,0,8,35,43,1.186046511627907,0.060046253429572344,593,"Honey, where did you pin up the shopping list, I can't find it!"
6494,4971,1,6,36,43,1.186046511627907,0.06865109076336154,593,Thank you for sending a reminder about our appointment.
6497,4971,1,6,36,43,1.186046511627907,0.06865109076336154,593,Have you texted me the grocery list yet?
6536,4971,3,2,38,43,1.186046511627907,0.0832334769617433,593,"Uh, yes, my ex-wife submitted her letter of recommendation."
7655,4971,0,8,35,43,1.186046511627907,0.060046253429572344,593,« They went behind my back to get me fired »
7638,4971,2,4,37,43,1.186046511627907,0.07629149346467257,593,Using caps and exclamation points would have equally conveyed your emphasis!
7609,4971,1,6,36,43,1.186046511627907,0.06865109076336154,593,"Sorry honey, I looked everywhere but I can't the grocery list."
7511,4971,1,6,36,43,1.186046511627907,0.06865109076336154,593,"Oh, the stabbing pain? Uh...well...mostly in the headlines."
7464,4971,2,4,37,43,1.186046511627907,0.07629149346467257,593,I've got some bad news.
7409,4971,1,6,36,43,1.186046511627907,0.06865109076336154,593,"Ninety five theses have been nailed to my back, I really believe my wife wants me to reform."
7398,4971,1,6,36,43,1.186046511627907,0.06865109076336154,593,I'm calling to place a formal complaint on the manner in which I was served with divorce papers!
7230,4971,1,6,36,43,1.186046511627907,0.06865109076336154,593,"No, I had no idea that it meant National Bayonet Association!"
7173,4971,1,6,36,43,1.186046511627907,0.06865109076336154,593,"Mr. Luther, Marty finally turned in his assignment, but I only asked for one thesis."
7159,4971,1,6,36,43,1.186046511627907,0.06865109076336154,593,She personally served the divorce papers.
4393,4971,0,8,35,43,1.186046511627907,0.060046253429572344,593,My wife found out I was backstabbing her. She got even.
7120,4971,0,8,35,43,1.186046511627907,0.060046253429572344,593,That's not exactly what I meant by you not having my back
6896,4971,0,8,35,43,1.186046511627907,0.060046253429572344,593,"No, I really can't get out of jury duty."
6699,4971,0,8,35,43,1.186046511627907,0.060046253429572344,593,Not exactly a manifesto. It feels more like a screed.
6673,4971,1,6,36,43,1.186046511627907,0.06865109076336154,593,Afraid I'll have to miss your showing; my To-Do list is a pain.
6657,4971,1,6,36,43,1.186046511627907,0.06865109076336154,593,I’d like to report a manifesto attack.
6655,4971,2,4,37,43,1.186046511627907,0.07629149346467257,593,You're the author. And I'm not feeling at all comfortable with your backstory.
6645,4971,0,8,35,43,1.186046511627907,0.060046253429572344,593,"How many theses? Gosh, it feels like at least ninety-five."
6597,4971,1,6,36,43,1.186046511627907,0.06865109076336154,593,"Okay, you win. I'll sign the divorce papers."
6581,4971,0,8,35,43,1.186046511627907,0.060046253429572344,593,I'd like to report an overly diambical sonneteer!
6556,4971,1,6,36,43,1.186046511627907,0.06865109076336154,593,The worst thing about this is that it never should have left the office
6555,4971,0,8,35,43,1.186046511627907,0.060046253429572344,593,"Yes, I know you say you deliver with pin-point accuracy."
7002,4971,1,6,36,43,1.186046511627907,0.06865109076336154,593,"Alice, As soon as I find the divorce papers, I'll sign them!"
4392,4971,0,8,35,43,1.186046511627907,0.060046253429572344,593,I have some back page news!
6853,4971,1,6,36,43,1.186046511627907,0.06865109076336154,593,"""Yes, that's when I found out it was a couple's costume party; he wanted me to be the door to his Martin Luther."
4133,4971,1,6,36,43,1.186046511627907,0.06865109076336154,593,Melania? It’s Donald. I fear I’ve been stabbed in the back by the Constitution again.
1646,4971,0,8,35,43,1.186046511627907,0.060046253429572344,593,"No, she literally stabbed me in the back!"
1597,4971,1,6,36,43,1.186046511627907,0.06865109076336154,593,"Mr. Zorro, this is a wrong number."
1592,4971,0,8,35,43,1.186046511627907,0.060046253429572344,593,"Apparently, it's a Manifesto from my children and the new vacuum. Yes, It itches."
1544,4971,1,6,36,43,1.186046511627907,0.06865109076336154,593,911 I need some help reading my killer's note.
1011,4971,1,6,36,43,1.186046511627907,0.06865109076336154,593,We're having an issue assembling the FJÄLKINGE.
873,4971,2,4,37,43,1.186046511627907,0.07629149346467257,593,Hello...is this the knife of the month club?
859,4971,1,6,36,43,1.186046511627907,0.06865109076336154,593,Where did you put the revised will?
813,4971,1,6,36,43,1.186046511627907,0.06865109076336154,593,Luther was here again and has some issues.
742,4971,1,6,36,43,1.186046511627907,0.06865109076336154,593,"I know it's still early in the game, but I think we should settle out of court ASAP."
661,4971,2,4,37,43,1.186046511627907,0.07629149346467257,593,She RSVP'd to the divorce papers.
1791,4971,2,4,37,43,1.186046511627907,0.07629149346467257,593,"""He was waving his reasons why he should get the promotion instead of me in my face, so I turned around to walk out. . ."
642,4971,1,6,36,43,1.186046511627907,0.06865109076336154,593,I'd like to report an aggressive process server.
606,4971,1,6,36,43,1.186046511627907,0.06865109076336154,593,It is not fair - I just talked to a 14 year old girl once
582,4971,1,6,36,43,1.186046511627907,0.06865109076336154,593,"I'm calling my Congressman next about the new ""Credit Collection Act""."
429,4971,1,6,36,43,1.186046511627907,0.06865109076336154,593,"Sorry to call somlate, but it's very important. Have you seen my will?"
345,4971,2,4,37,43,1.186046511627907,0.07629149346467257,593,She's got more grievances than Martin Luther.
304,4971,1,6,36,43,1.186046511627907,0.06865109076336154,593,Hello FTD
266,4971,0,8,35,43,1.186046511627907,0.060046253429572344,593,"Hello? Yes, are you a multi-service law firm?"
212,4971,1,6,36,43,1.186046511627907,0.06865109076336154,593,"Martin? No, he just left."
183,4971,1,6,36,43,1.186046511627907,0.06865109076336154,593,"They call them ""The 99 Leases""."
148,4971,1,6,36,43,1.186046511627907,0.06865109076336154,593,Maybe a different delivery method for your free knives would be better.
112,4971,1,6,36,43,1.186046511627907,0.06865109076336154,593,"Actually, the divorce petition came as a surprise."
614,4971,2,4,37,43,1.186046511627907,0.07629149346467257,593,"Yes, you have my back."
1822,4971,2,4,37,43,1.186046511627907,0.07629149346467257,593,"Mom, my students pinned a note to my back with my letter opener! You’re supposed to read it."
4291,4971,0,8,35,43,1.186046511627907,0.060046253429572344,593,"Yep, at the half-millennium, she posted her own theses against my indulgences."
1984,4971,2,4,37,43,1.186046511627907,0.07629149346467257,593,What do you mean --- I'm fired?
3962,4971,2,4,37,43,1.186046511627907,0.07629149346467257,593,I've got 95 problems and a Luther is one.
1830,4971,2,4,37,43,1.186046511627907,0.07629149346467257,593,I think father cut me out of the will.
3767,4971,1,6,36,43,1.186046511627907,0.06865109076336154,593,"No, she didn't say when she was coming back..."
3666,4971,0,8,35,43,1.186046511627907,0.060046253429572344,593,"As my attorney, I should let you know the list of demands just arrived from my backstabbing wife."
3580,4971,1,6,36,43,1.186046511627907,0.06865109076336154,593,"I was standing in front of the church doors when this guy, Martin Luther ..."
3557,4971,1,6,36,43,1.186046511627907,0.06865109076336154,593,"Yes, she gave me a reason."
3548,4971,1,6,36,43,1.186046511627907,0.06865109076336154,593,"Honey, I’m having trouble signing the divorce papers."
3456,4971,1,6,36,43,1.186046511627907,0.06865109076336154,593,"Yes, I was served with your complaint."
3384,4971,1,6,36,43,1.186046511627907,0.06865109076336154,593,I miss the days when Facebook used to have posts on on your wall.
3299,4971,1,6,36,43,1.186046511627907,0.06865109076336154,593,"Well, the good news is the acupuncturist you found is cheap..."
3263,4971,1,6,36,43,1.186046511627907,0.06865109076336154,593,"Yes, Jon Snow, the Lannisters have sent their reply."
3898,4971,0,8,35,43,1.186046511627907,0.060046253429572344,593,"I've gotten your demands, but I'm a little behind."
3069,4971,1,6,36,43,1.186046511627907,0.06865109076336154,593,"Yes, Mr. President. I do believe its safer than tweeting. But, I suggest we rethink our low bid delivery service."
3210,4971,1,6,36,43,1.186046511627907,0.06865109076336154,593,"Yes dear, I'll remember to take the grocery list you posted to my back."
2088,4971,1,6,36,43,1.186046511627907,0.06865109076336154,593,"Yes Ma'am, this is Les Church and I'd like to speak with Marty Luther."
2355,4971,2,4,37,43,1.186046511627907,0.07629149346467257,593,"Yes, I did receive this year's tax bill."
2365,4971,1,6,36,43,1.186046511627907,0.06865109076336154,593,She broke it off with a note.
2505,4971,0,8,35,43,1.186046511627907,0.060046253429572344,593,I have their demands.
2188,4971,1,6,36,43,1.186046511627907,0.06865109076336154,593,I have a note from my wife explaining why I can't attend your bachelor party.
2649,4971,2,4,37,43,1.186046511627907,0.07629149346467257,593,And bring some tape too.
2743,4971,1,6,36,43,1.186046511627907,0.06865109076336154,593,I have a feeling this will be a tough negotiation with my wife’s lawyer
2782,4971,0,8,35,43,1.186046511627907,0.060046253429572344,593,I don't think our children want to be Catholic anymore.
2620,4971,0,8,35,43,1.186046511627907,0.060046253429572344,593,The gold plan is less expensive than the silver plan? You're killing me here.
3682,5072,0,8,36,44,1.1818181818181819,0.05881787629278459,593,"It's from that employee, Luthor, who refuses to use email."
6980,5072,1,6,37,44,1.1818181818181819,0.06720584069874137,593,What say we scratch Sunday’s sermon on Luther and go instead with the Beatitudes?
6547,5072,1,6,37,44,1.1818181818181819,0.06720584069874137,593,I can't find the to do list my wife left for me
6347,5072,1,6,37,44,1.1818181818181819,0.06720584069874137,593,"Damn it Martin, I thought you said you were only posting at Wittenberg's Schlosskirche !!!"
6290,5072,0,8,36,44,1.1818181818181819,0.05881787629278459,593,"Yes, yes -- I got the point of your note."
5873,5072,1,6,37,44,1.1818181818181819,0.06720584069874137,593,"On the bright side, she thinks a reformation is still possible."
5857,5072,0,8,36,44,1.1818181818181819,0.05881787629278459,593,Mind if I call you back? I think someone's trying to get hold of me.
5747,5072,1,6,37,44,1.1818181818181819,0.06720584069874137,593,"Hello, Reformation?"
3537,5072,1,6,37,44,1.1818181818181819,0.06720584069874137,593,"Well, they didn't come right out and say ""No""..."
2752,5072,1,6,37,44,1.1818181818181819,0.06720584069874137,593,"Hey, Dave. My kid's teacher assigned him Martin Luther's biography to read. I wouldn't recommend it for yours."
3376,5072,1,6,37,44,1.1818181818181819,0.06720584069874137,593,"Officer, I'd like to file a missing persons report. I haven't seen my wife in a week."
3092,5072,1,6,37,44,1.1818181818181819,0.06720584069874137,593,I think people are talking behind my back.
3010,5072,0,8,36,44,1.1818181818181819,0.05881787629278459,593,I have a funny feeling my wife wants a divorce.
2531,5072,1,6,37,44,1.1818181818181819,0.06720584069874137,593,E.R.? Marge posted her 95 theses again.
1883,5072,1,6,37,44,1.1818181818181819,0.06720584069874137,593,I have a stabbing sensation that your mother still has a bone to pick with me.
1325,5072,2,4,38,44,1.1818181818181819,0.07465726673576988,593,"I can't read it, but I think it's some kind of ultimatum from Margaret."
1159,5072,3,2,39,44,1.1818181818181819,0.0814296624633013,593,"Yes Dear, you did give me the divorce papers."
957,5072,0,8,36,44,1.1818181818181819,0.05881787629278459,593,Lutheran. Next question?
3524,5072,2,4,38,44,1.1818181818181819,0.07465726673576988,593,This isn't what I meant when I said I wanted to live in a Lutheran household.
7404,5091,1,6,38,45,1.1777777777777778,0.06581953356624205,593,It's a painful story of betrayal.
7463,5091,2,4,39,45,1.1777777777777778,0.07309112127323451,593,No I'm not upset with seeing your hotel policy on unruly customers. I'm just angry with how your damn employee delivered it.
6714,5091,1,6,38,45,1.1777777777777778,0.06581953356624205,593,I'm calling in regards to my late mortgage payment.
6716,5091,3,2,40,45,1.1777777777777778,0.07970202644274288,593,"The feeling when you discover ""hidden fees."""
5972,5091,0,8,37,45,1.1777777777777778,0.05763774795025092,593,"I’ve received a few complaints, but nothing I can’t get a handle on."
2917,5091,1,6,38,45,1.1777777777777778,0.06581953356624205,593,Where did you say you left the grocery list ?
1740,5091,1,6,38,45,1.1777777777777778,0.06581953356624205,593,"Yes, I got the ransom note."
4999,5098,2,3,35,40,1.175,0.07915823166939519,593,I understand that you want to move away from old-school home delivery but this is ridiculous.
4997,5098,2,3,35,40,1.175,0.07915823166939519,593,911 ? My wife just served me with divorce papers.
4980,5098,1,5,34,40,1.175,0.07059726877843334,593,I can't confirm as my calendar is not available.
4972,5098,1,5,34,40,1.175,0.07059726877843334,593,Urgent care? I'd like to make an appointment. My wife just delivered her own version of the 95 Theses.
4951,5098,1,5,34,40,1.175,0.07059726877843334,593,"No, I didn't get that message. Could you email it to me?"
7809,5098,1,5,34,40,1.175,0.07059726877843334,593,"Yes dear, I understand the thrust of your divorce demands."
4859,5098,2,3,35,40,1.175,0.07915823166939519,593,I'd like to report an attempted office fracking.
4777,5098,1,5,34,40,1.175,0.07059726877843334,593,"No, I wasn't aware of the pre-existing conditions."
4758,5098,1,5,34,40,1.175,0.07059726877843334,593,"Darling, you know that petition on open-carry dagger laws? Did you put it someplace?"
4731,5098,1,5,34,40,1.175,0.07059726877843334,593,"No you heard me right, an expected Lutheran attack."
4721,5098,0,7,33,40,1.175,0.060843430844447585,593,"You've made your point dear, but can you just call my lawyer next round?"
4708,5098,0,7,33,40,1.175,0.060843430844447585,593,Existing account.
4662,5098,1,5,34,40,1.175,0.07059726877843334,593,I'm think she's serious about the divorce
4653,5098,1,5,34,40,1.175,0.07059726877843334,593,"Literally, your letter is a knife in my back."
5019,5098,2,3,35,40,1.175,0.07915823166939519,593,The knife thrower at the circus is also a process server. Guess how I found out.
5045,5098,0,7,33,40,1.175,0.060843430844447585,593,Et tu Franken?
5583,5098,1,5,34,40,1.175,0.07059726877843334,593,"Hello Dear, have you seen your honey do list?"
4604,5098,2,3,35,40,1.175,0.07915823166939519,593,Yes Sir! I am fully aware of the approaching deadline.
5552,5098,2,3,35,40,1.175,0.07915823166939519,593,"Honey, where did you put the divorce paperwork."
5522,5098,0,7,33,40,1.175,0.060843430844447585,593,"Listen, pal, everybody deserves a decent pay stub."
5462,5098,0,7,33,40,1.175,0.060843430844447585,593,The man you are having an affair with is also a process server ?
5443,5098,0,7,33,40,1.175,0.060843430844447585,593,I'd like to report a homicidal grocery list.
5434,5098,0,7,33,40,1.175,0.060843430844447585,593,She made a few cuts.
5383,5098,1,5,34,40,1.175,0.07059726877843334,593,Your message went through.
5363,5098,0,7,33,40,1.175,0.060843430844447585,593,"Yes, 911. I think I have been served..."
5333,5098,1,5,34,40,1.175,0.07059726877843334,593,"I'm really fine, doc. It just looks worse on paper."
5329,5098,1,5,34,40,1.175,0.07059726877843334,593,I've been subpoenaed.
5268,5098,1,5,34,40,1.175,0.07059726877843334,593,I need to transfer funds.
5267,5098,0,7,33,40,1.175,0.060843430844447585,593,"Yes, Officer, I said Summon’s stabbed me in the back."
5223,5098,1,5,34,40,1.175,0.07059726877843334,593,I do think he's a backstabber but he's got an important agenda
5219,5098,2,3,35,40,1.175,0.07915823166939519,593,Damn that Martin Luther anniversary.
5216,5098,1,5,34,40,1.175,0.07059726877843334,593,"Yes, I did cancel my subscription early. No, I did not read the TOS"
5182,5098,1,5,34,40,1.175,0.07059726877843334,593,"No officer, it’s literally a back stabbing."
5137,5098,2,3,35,40,1.175,0.07915823166939519,593,Do you remember where I left my to do list?
5170,5098,0,7,33,40,1.175,0.060843430844447585,593,"Oh yes, Gladys. But may I suggest that going through your divorce lawyer would have been a more adult way of getting your demands to me."
4565,5098,2,3,35,40,1.175,0.07915823166939519,593,Just calling to say your impale-mail arrived.
4480,5098,2,3,35,40,1.175,0.07915823166939519,593,"No no, I think his name was Martin, yes, Martin Luther."
4017,5098,1,5,34,40,1.175,0.07059726877843334,593,Honey? Where did you leave the grocery list?
3984,5098,1,5,34,40,1.175,0.07059726877843334,593,I would describe it as something of a stabbing pain.
3980,5098,0,7,33,40,1.175,0.060843430844447585,593,"I'd like to report a bug. I was posting to Pinterest and my iPhone changed my ""I"" to an A with a weird character and I felt a stabbing pain in my back."
3970,5098,1,5,34,40,1.175,0.07059726877843334,593,I sense a schism in my marriage.com
3963,5098,1,5,34,40,1.175,0.07059726877843334,593,"Honey, where did you leave my to do list?"
3950,5098,1,5,34,40,1.175,0.07059726877843334,593,What final reminder note?
4020,5098,0,7,33,40,1.175,0.060843430844447585,593,It appears I'll be dining alone.
3948,5098,0,7,33,40,1.175,0.060843430844447585,593,You want my honest opinion? I really don't see your point.
3859,5098,1,5,34,40,1.175,0.07059726877843334,593,"No, so far everyone's been completely loyal."
3843,5098,2,3,35,40,1.175,0.07915823166939519,593,I want to report a missed delivery.
3827,5098,0,7,33,40,1.175,0.060843430844447585,593,"You left so quickly, did you say you wanted a horse or divorce?"
3806,5098,2,3,35,40,1.175,0.07915823166939519,593,A protest is coming...I can feel it.
3786,5098,1,5,34,40,1.175,0.07059726877843334,593,He looks like Martin Luther and is obviously delusional.
3766,5098,0,7,33,40,1.175,0.060843430844447585,593,"I thought she would just leave me a note, instead she stabbed me in the back..."
3900,5098,0,7,33,40,1.175,0.060843430844447585,593,"I just got the news, and it’s not good."
4096,5098,1,5,34,40,1.175,0.07059726877843334,593,There is a deranged monk in my apartment who thinks he's Martin Luther.
4125,5098,1,5,34,40,1.175,0.07059726877843334,593,I got the point of your message
4137,5098,1,5,34,40,1.175,0.07059726877843334,593,Helloouch!?
4472,5098,1,5,34,40,1.175,0.07059726877843334,593,We're still working on the terms of our divorce settlement....
4470,5098,1,5,34,40,1.175,0.07059726877843334,593,"All she complained about was my not paying attention to her, so, no, I don't know why she left."
4456,5098,0,7,33,40,1.175,0.060843430844447585,593,I’d like to cancel that order for new golf clubs...
4367,5098,1,5,34,40,1.175,0.07059726877843334,593,"Aunt Sally’s Christmas letter? Yes, I just got mine. Full of the usual back-stabbing!"
4351,5098,1,5,34,40,1.175,0.07059726877843334,593,"Hello, I'm calling about the ""paperback"" murder I ordered."
4344,5098,1,5,34,40,1.175,0.07059726877843334,593,He never forgot the grocery list again. He also never remarried.
4275,5098,0,7,33,40,1.175,0.060843430844447585,593,Hello Carl? Call the EMTs. I've been served.
4258,5098,2,3,35,40,1.175,0.07915823166939519,593,"I may have 95 problems, but you're the only one I care about."
4253,5098,2,3,35,40,1.175,0.07915823166939519,593,"Yeah, the new boss stabbed me in the back with a letter of termination."
4231,5098,1,5,34,40,1.175,0.07059726877843334,593,I’ll be late to the card game. Probably wise if I take care of a few things on Edith’s honey-do list.
4214,5098,0,7,33,40,1.175,0.060843430844447585,593,"Yes, I'd like to report a heresy."
4196,5098,2,3,35,40,1.175,0.07915823166939519,593,Would you believe she ran out of Post-its ...
4186,5098,0,7,33,40,1.175,0.060843430844447585,593,"No, she served the divorce papers in person."
4173,5098,1,5,34,40,1.175,0.07059726877843334,593,"Hello 911, I think my paperwork is killing me."
4167,5098,1,5,34,40,1.175,0.07059726877843334,593,I received the senator's response to my letter regarding net neutrality.
3729,5098,1,5,34,40,1.175,0.07059726877843334,593,"Yes, literally"
5586,5098,1,5,34,40,1.175,0.07059726877843334,593,"Hard to say, but she took a while getting to the point."
6754,5098,0,7,33,40,1.175,0.060843430844447585,593,"Hi, yeah, so um, may need to make a few changes to OJ's contract"
5703,5098,1,5,34,40,1.175,0.07059726877843334,593,"Yes, she did, and right on top of my ""POST NO BILLS"" leaflet to boot!"
7241,5098,0,7,33,40,1.175,0.060843430844447585,593,I felt there was some reason why I was supposed to phone you today.
7211,5098,0,7,33,40,1.175,0.060843430844447585,593,"She says if I don't agree to all 95, we're going to split."
7198,5098,0,7,33,40,1.175,0.060843430844447585,593,List? What list? Guess she must have thrown it somewhere!
7170,5098,1,5,34,40,1.175,0.07059726877843334,593,I thought she was just going to sign it!
7104,5098,0,7,33,40,1.175,0.060843430844447585,593,"It appears the hard cover up of the scandal didn't go so well, as the fake news paper back-stabbed him in retaliation."
7078,5098,2,3,35,40,1.175,0.07915823166939519,593,"No. No, I didn't get the message."
7257,5098,0,7,33,40,1.175,0.060843430844447585,593,I'm afraid my wife is in a bit of a pique and has rather forcibly served me with divorce papers.
7073,5098,0,7,33,40,1.175,0.060843430844447585,593,The Lutherans are coming.
7048,5098,0,7,33,40,1.175,0.060843430844447585,593,I'm calling to complain about the bill delivery system.
7043,5098,0,7,33,40,1.175,0.060843430844447585,593,So you're telling me that my story didn't make tomorrow's front page?
7030,5098,1,5,34,40,1.175,0.07059726877843334,593,I don't see the point of bickering further.
7025,5098,0,7,33,40,1.175,0.060843430844447585,593,Excuse me. I think I just got an Instant Message.
7005,5098,1,5,34,40,1.175,0.07059726877843334,593,Well I don't know! How do I tell if it's amicable?
6960,5098,0,7,33,40,1.175,0.060843430844447585,593,"Yes, I received the contract for the hit. When? About a minute ago."
7058,5098,1,5,34,40,1.175,0.07059726877843334,593,"All I said was, ""You're just better at shopping."""
7267,5098,1,5,34,40,1.175,0.07059726877843334,593,I need a good lawyer. My wife just decided to play pin-the-divorce-papers-on-her-husband’s back.
7320,5098,3,1,36,40,1.175,0.0868796692159732,593,"It seems like a good deal, but I can’t read the small print."
7329,5098,1,5,34,40,1.175,0.07059726877843334,593,That's it. Your paper has stabbed me in the back for the last time.
3669,5098,0,7,33,40,1.175,0.060843430844447585,593,I think I got your message
7792,5098,2,3,35,40,1.175,0.07915823166939519,593,Every day on my upper back. And most of it is spam.
7787,5098,2,3,35,40,1.175,0.07915823166939519,593,"It’s not a total surprise, she did say our divorce papers will be delivered uniquely."
7599,5098,0,7,33,40,1.175,0.060843430844447585,593,"I'd like to order a cold plate of revenge, for 2."
7568,5098,0,7,33,40,1.175,0.060843430844447585,593,"""He's making a list and checking it twice"" doesn't work with the kids anymore."
7561,5098,1,5,34,40,1.175,0.07059726877843334,593,"Do me a favor. The next time you send a process server, don't use my ex-wife."
7560,5098,1,5,34,40,1.175,0.07059726877843334,593,"Looking back, I shouldn’t have married an acupuncturist."
7480,5098,1,5,34,40,1.175,0.07059726877843334,593,Don’t you even know you’re supposed to mail a ‘Dear John’ letter?
7478,5098,1,5,34,40,1.175,0.07059726877843334,593,"Honey, I promise to never forget the shopping list again."
7468,5098,1,5,34,40,1.175,0.07059726877843334,593,"911, I want to report a back pain."
7458,5098,0,7,33,40,1.175,0.060843430844447585,593,keep it short. I have a death notice on my back.
7430,5098,2,3,35,40,1.175,0.07915823166939519,593,My backstabbing brother just served the divorce papers.
7418,5098,2,3,35,40,1.175,0.07915823166939519,593,"Rule #1: Don't listen in on my phone calls, #2: Stop giving away the furniture, #3: Never under estimate the lengths....."
7389,5098,1,5,34,40,1.175,0.07059726877843334,593,"Yes, I will hold"
7337,5098,3,1,36,40,1.175,0.0868796692159732,593,There were some very fine people on both sides.
6916,5098,0,7,33,40,1.175,0.060843430844447585,593,My guess is there are 95 divorce demands.
6798,5098,1,5,34,40,1.175,0.07059726877843334,593,"Lois, I told you to just leave a note to remind me."
6775,5098,1,5,34,40,1.175,0.07059726877843334,593,Tell him someone named Martin Luther left 95 messages.
6737,5098,1,5,34,40,1.175,0.07059726877843334,593,all I asked for was a simple postcard!
6150,5098,0,7,33,40,1.175,0.060843430844447585,593,I've got 99 problems and Luther's Theses are all but four of them.
6145,5098,1,5,34,40,1.175,0.07059726877843334,593,"If this is your idea of adding insult to injury, think again!"
6077,5098,1,5,34,40,1.175,0.07059726877843334,593,Back stabbing editorial
6076,5098,0,7,33,40,1.175,0.060843430844447585,593,""" a summons would have sufficed""."
6051,5098,1,5,34,40,1.175,0.07059726877843334,593,"Yes, I can hold..."
5962,5098,0,7,33,40,1.175,0.060843430844447585,593,Who knew the preamble was so pointed.
5951,5098,1,5,34,40,1.175,0.07059726877843334,593,"I have no idea what I’m supposed to remember, but I feel it."
5946,5098,0,7,33,40,1.175,0.060843430844447585,593,They're aren't kidding -- it really is sub poena.
5902,5098,2,3,35,40,1.175,0.07915823166939519,593,She's not quite there on the draft settlement.
5882,5098,1,5,34,40,1.175,0.07059726877843334,593,"If you're calling to ask if pain and suffering related to the current tax bill is covered by Obamacare, press three."
5858,5098,1,5,34,40,1.175,0.07059726877843334,593,"Sorry, gotta' go, have some pressing matters."
5853,5098,0,7,33,40,1.175,0.060843430844447585,593,You miss one jury summons….
5809,5098,1,5,34,40,1.175,0.07059726877843334,593,My millennial students are getting more sensitive.
5801,5098,1,5,34,40,1.175,0.07059726877843334,593,"She'll work here, but she has a few little requests."
5772,5098,1,5,34,40,1.175,0.07059726877843334,593,"95, 96, who cares! I'm not a door!!"
6190,5098,1,5,34,40,1.175,0.07059726877843334,593,"Yeah, my wife wanted to name the dog John Calvin but I insisted on Martin Luther"
5677,5098,0,7,33,40,1.175,0.060843430844447585,593,Right? I'll never miss anything ever again with the new facebook post alerts.
6239,5098,1,5,34,40,1.175,0.07059726877843334,593,Taxes really snuck up on me this year.
6273,5098,0,7,33,40,1.175,0.060843430844447585,593,"I'm going to need you to send someone out to read this note for me. My wife told me this is the first draft of our separation agreement, and she thinks she's getting the house."
6686,5098,1,5,34,40,1.175,0.07059726877843334,593,Where did you put my copy of the divorce decree?
6624,5098,1,5,34,40,1.175,0.07059726877843334,593,"Yeah, about that pre-nup you drew up..."
6615,5098,1,5,34,40,1.175,0.07059726877843334,593,This guy approaches me and says 'you've been served' but I can't read the notice.
6602,5098,2,3,35,40,1.175,0.07915823166939519,593,"Yes, I've noticed changes since the beginning of Dr. Shapiro's couple therapy. Backache"
6599,5098,1,5,34,40,1.175,0.07059726877843334,593,There’s something I need
6585,5098,1,5,34,40,1.175,0.07059726877843334,593,"dear, where did you put the note I was to read."
6573,5098,1,5,34,40,1.175,0.07059726877843334,593,I am more of a front stabbing person.
6537,5098,0,7,33,40,1.175,0.060843430844447585,593,Are you trying to tell me you don't love me anymore?
6531,5098,1,5,34,40,1.175,0.07059726877843334,593,I'M HAVING TROUBLE WITH YOUR LIST OF CHORES.
6506,5098,1,5,34,40,1.175,0.07059726877843334,593,"In hindsight, signing the divorce papers would have been less painful."
6440,5098,1,5,34,40,1.175,0.07059726877843334,593,"I just received my fourth notice, do you take credit cards over the phone?"
6418,5098,1,5,34,40,1.175,0.07059726877843334,593,"Yes, I’ve been served. She was always big on metaphor."
6417,5098,1,5,34,40,1.175,0.07059726877843334,593,"Why, Angie? Why?"
6385,5098,1,5,34,40,1.175,0.07059726877843334,593,Can I crash at your place? Apparently my wife got the divorce papers
6384,5098,1,5,34,40,1.175,0.07059726877843334,593,Yes. I'm quite sure this divorce is final
6243,5098,0,7,33,40,1.175,0.060843430844447585,593,"A simple 'good-bye' would have sufficed, but oh no...she has that nasty way of over-dramatizing."
3664,5098,2,3,35,40,1.175,0.07915823166939519,593,I'd like to report a Martin Luther.
4882,5098,1,5,34,40,1.175,0.07059726877843334,593,"Marge made it very clear, she won't sign the divorce agreement."
3639,5098,0,7,33,40,1.175,0.060843430844447585,593,"Honey, where did you leave the shopping list for Christmas?"
983,5098,0,7,33,40,1.175,0.060843430844447585,593,She bedrudegly signed the pre-nup.
961,5098,1,5,34,40,1.175,0.07059726877843334,593,Remember how I told you she vowed to really stick it to me?
948,5098,0,7,33,40,1.175,0.060843430844447585,593,How do you expect me to read it I can't even reach it.
936,5098,2,3,35,40,1.175,0.07915823166939519,593,They'll never be able to pin it on me!
882,5098,0,7,33,40,1.175,0.060843430844447585,593,This wallflower of the month subscription agreement is a killer!
871,5098,2,3,35,40,1.175,0.07915823166939519,593,"If you're not happy, we're not happy."
1003,5098,0,7,33,40,1.175,0.060843430844447585,593,I can't believe what they're saying behind my back.
854,5098,1,5,34,40,1.175,0.07059726877843334,593,I was just made painfully aware of the 400th anniversary of Luther's 95 Theses.
828,5098,1,5,34,40,1.175,0.07059726877843334,593,I have a bad feeling about this contract.
824,5098,0,7,33,40,1.175,0.060843430844447585,593,"With this new group of hirees, customer service complaints have gone down significantly."
802,5098,2,3,35,40,1.175,0.07915823166939519,593,I believe it was Martin Luther. I was standing by the door of the church.
769,5098,0,7,33,40,1.175,0.060843430844447585,593,How about I waive service of process and you can just mail the papers to me?
677,5098,1,5,34,40,1.175,0.07059726877843334,593,I just got the memo.
641,5098,0,7,33,40,1.175,0.060843430844447585,593,"Yes sir, point well taken!"
853,5098,1,5,34,40,1.175,0.07059726877843334,593,I'd like to report a Lutheran.
1059,5098,1,5,34,40,1.175,0.07059726877843334,593,I am dying to see the bill. Where did you keep it?
1084,5098,1,5,34,40,1.175,0.07059726877843334,593,"I'd like to report a Reformation, please."
1086,5098,1,5,34,40,1.175,0.07059726877843334,593,"It's all in legalese, except for the knife. That's hers all the way."
1450,5098,1,5,34,40,1.175,0.07059726877843334,593,911? I'm a Republican and I have a target on my back.
1447,5098,1,5,34,40,1.175,0.07059726877843334,593,He said he’d be right back.
1415,5098,0,7,33,40,1.175,0.060843430844447585,593,"You could've just as easily told me how you felt about my ending our affair to my face, without having to go behind my back!"
1414,5098,1,5,34,40,1.175,0.07059726877843334,593,"First she sent me a ""Dear John "" letter; then she stabbed me in the back."
1376,5098,0,7,33,40,1.175,0.060843430844447585,593,"Hi Mom, I’m calling to let you know my final divorce papers were just delivered."
1359,5098,2,3,35,40,1.175,0.07915823166939519,593,"No Margaret, you can not act as your own process server."
1358,5098,0,7,33,40,1.175,0.060843430844447585,593,It just started suddenly at work this morning.
1339,5098,3,1,36,40,1.175,0.0868796692159732,593,"Good news sweetheart, they published my review."
1285,5098,1,5,34,40,1.175,0.07059726877843334,593,"No, I can't read to you over the phone."
1260,5098,1,5,34,40,1.175,0.07059726877843334,593,I'm sick of them taking my ideas and stabbing me in the back with them.
1240,5098,0,7,33,40,1.175,0.060843430844447585,593,My dramatic acting coach went a “little” bit over when I forgot my lines in class to today.
1212,5098,0,7,33,40,1.175,0.060843430844447585,593,"Honey, have you seen our prenup?"
1154,5098,0,7,33,40,1.175,0.060843430844447585,593,OK operator. I took a stab at finding the number myself. Now what?
1093,5098,2,3,35,40,1.175,0.07915823166939519,593,You call this way subtle to deliver a termination letter ?
1090,5098,0,7,33,40,1.175,0.060843430844447585,593,"I tell you, we have to get rid of that super. He's losing his eyesight."
640,5098,2,3,35,40,1.175,0.07915823166939519,593,I'd like to schedule an appointment for marriage counselor please!
1455,5098,1,5,34,40,1.175,0.07059726877843334,593,"Yeah, so Trump called me ""fake news"""
621,5098,1,5,34,40,1.175,0.07059726877843334,593,I can't. I'm stuck with a 'to do' list that's breaking my heart.
589,5098,0,7,33,40,1.175,0.060843430844447585,593,Can you leave a sticky note next time?
209,5098,0,7,33,40,1.175,0.060843430844447585,593,"Mother, this time she's given me a honey-do-list-or-else list."
203,5098,1,5,34,40,1.175,0.07059726877843334,593,"Hello, is this the nanny placement agency?"
191,5098,1,5,34,40,1.175,0.07059726877843334,593,I am sure it is here somewhere.
179,5098,1,5,34,40,1.175,0.07059726877843334,593,I still don't know why she left.
162,5098,0,7,33,40,1.175,0.060843430844447585,593,She said she was just trying to drive home the point of her frustration with me.
161,5098,0,7,33,40,1.175,0.060843430844447585,593,Just want you to know I received your backstabbing letter.
231,5098,1,5,34,40,1.175,0.07059726877843334,593,Look Mack I will only sign a cable contract over my dead body.
154,5098,1,5,34,40,1.175,0.07059726877843334,593,I took a stab writing a paperback.
142,5098,1,5,34,40,1.175,0.07059726877843334,593,"No the chiropractor you recommended was fine, right up to her bill."
101,5098,1,5,34,40,1.175,0.07059726877843334,593,I would like to report an actual backstabbing.
46,5098,2,3,35,40,1.175,0.07915823166939519,593,"No, I didn't find your note. Where did you leave it?"
22,5098,1,5,34,40,1.175,0.07059726877843334,593,"Hello, IRS?"
1,5098,1,5,34,40,1.175,0.07059726877843334,593,The infinite monkeys never had to deal with Windows updates.
3640,5098,1,5,34,40,1.175,0.07059726877843334,593,"Yes, I did receive a copy of the proposed tax plan, thank you."
145,5098,1,5,34,40,1.175,0.07059726877843334,593,Yes ... I'd like to report a 'difference of political opinion' crime.
248,5098,1,5,34,40,1.175,0.07059726877843334,593,"Sorry, counselor, I can't find our divorce papers anywhere."
281,5098,0,7,33,40,1.175,0.060843430844447585,593,"Well, she came up with 95 theses of her own."
316,5098,2,3,35,40,1.175,0.07915823166939519,593,Is this the Reformation Marriage Center?
574,5098,0,7,33,40,1.175,0.060843430844447585,593,I think her therapist told her she needed to be more assertive.
541,5098,1,5,34,40,1.175,0.07059726877843334,593,"I do want to settle, but her invective demands are very painful!"
540,5098,2,3,35,40,1.175,0.07915823166939519,593,"You didn't indicate, but I'll take your RSVP as a ""No""."
532,5098,0,7,33,40,1.175,0.060843430844447585,593,Indulge me.
523,5098,1,5,34,40,1.175,0.07059726877843334,593,"No, nothing much new. Why do you ask?"
499,5098,1,5,34,40,1.175,0.07059726877843334,593,"Yes officer, my wife called me a money grubbing hypocrite and lodged 95 theses in my spine."
479,5098,1,5,34,40,1.175,0.07059726877843334,593,I think he meant business.
475,5098,1,5,34,40,1.175,0.07059726877843334,593,"My landline contract? Yes, I have it here."
421,5098,0,7,33,40,1.175,0.060843430844447585,593,I get the feeling there's a lot of disagreement going on behind my back.
418,5098,1,5,34,40,1.175,0.07059726877843334,593,May I take a message?
417,5098,0,7,33,40,1.175,0.060843430844447585,593,My wife is missing.
410,5098,1,5,34,40,1.175,0.07059726877843334,593,"Yes, Dear, I found the honey do list. How considerate of you to write it backwards this time."
377,5098,1,5,34,40,1.175,0.07059726877843334,593,"Yup. Just got the divorce papers. Better than I thought, actually."
358,5098,1,5,34,40,1.175,0.07059726877843334,593,"I've got 95 theses, Luther, but being a church door isn't one of them!"
318,5098,1,5,34,40,1.175,0.07059726877843334,593,"I’m having trouble reading it, but I think it’s her 95 Theses for divorce."
610,5098,1,5,34,40,1.175,0.07059726877843334,593,"This is Ed Luther. My wife, Martina, has posted divorce papers."
1464,5098,1,5,34,40,1.175,0.07059726877843334,593,I believe she served it personally.
963,5098,0,7,33,40,1.175,0.060843430844447585,593,I want to report a missing document.
1564,5098,1,5,34,40,1.175,0.07059726877843334,593,"Cancel my subscription, your paper it too edgy and it’s killing me."
3019,5098,0,7,33,40,1.175,0.060843430844447585,593,I've been losing losing some support at home recently
3016,5098,2,3,35,40,1.175,0.07915823166939519,593,My wife finished her thesis.
3011,5098,0,7,33,40,1.175,0.060843430844447585,593,I guess you're serious about the divorce.
2950,5098,1,5,34,40,1.175,0.07059726877843334,593,Did you want that list done today?
2931,5098,2,3,35,40,1.175,0.07915823166939519,593,Can I change my subscription to digital? Home delivery isn't working for me.
2773,5098,0,7,33,40,1.175,0.060843430844447585,593,"If you didn't like the offer, a simple ""No"" would have sufficed."
2751,5098,1,5,34,40,1.175,0.07059726877843334,593,"Yes, they approved the legislation through the back channels"
2723,5098,0,7,33,40,1.175,0.060843430844447585,593,"I can’t read what it says, Officer, but it doesn’t feel like a love letter!"
2710,5098,2,3,35,40,1.175,0.07915823166939519,593,'I'm not too sure but I think she just filed for divorce.'
2700,5098,2,3,35,40,1.175,0.07915823166939519,593,"Hold on, I’ll get her."
2697,5098,2,3,35,40,1.175,0.07915823166939519,593,Hello Equifax? I believe your actions have stabbed me in the back!
2662,5098,0,7,33,40,1.175,0.060843430844447585,593,Are you sure it’s a love note..
2646,5098,1,5,34,40,1.175,0.07059726877843334,593,"Yeah, you can tell Father Luther, I got his text."
2629,5098,0,7,33,40,1.175,0.060843430844447585,593,"Making a list, checking it twice, going to find out whose naughty and nice."
2605,5098,2,3,35,40,1.175,0.07915823166939519,593,Send help--my wife just completed her to-do list.
3029,5098,2,3,35,40,1.175,0.07915823166939519,593,"Come on, Beverly. It was the '80s."
2603,5098,1,5,34,40,1.175,0.07059726877843334,593,I guess it was a mistake to think she'd be okay with signing a prenup.
3038,5098,1,5,34,40,1.175,0.07059726877843334,593,You left me a sharp goodbye note with a cutting remark? Why and where?
3120,5098,1,5,34,40,1.175,0.07059726877843334,593,Let my back get to you on that.
3632,5098,0,7,33,40,1.175,0.060843430844447585,593,It feels like a stabbing pain between my shoulders.
3631,5098,2,3,35,40,1.175,0.07915823166939519,593,"Yes dear, I do take your concerns seriously."
3594,5098,1,5,34,40,1.175,0.07059726877843334,593,What! Divorce papers? Where did you put them again?
3532,5098,2,3,35,40,1.175,0.07915823166939519,593,Are your refrigerators still on sale?
3451,5098,1,5,34,40,1.175,0.07059726877843334,593,I just wish you'd give me my to-do list in a friendlier manner.
3372,5098,2,3,35,40,1.175,0.07915823166939519,593,"Yes that's what I'm telling you, this manuscript rejection really is the unkindest cut of all."
3369,5098,0,7,33,40,1.175,0.060843430844447585,593,"Hello wifey, did you see my to-do list?"
3346,5098,1,5,34,40,1.175,0.07059726877843334,593,Good news! She signed the divorce papers.
3301,5098,1,5,34,40,1.175,0.07059726877843334,593,"Sorry, I can't make it. My wife just gave me my 'Honey-Do' list."
3272,5098,2,3,35,40,1.175,0.07915823166939519,593,"Yes, I thought counseling through our Lutheran church was a good idea until Linda was inspired to post her 95 theses about our marriage."
3265,5098,2,3,35,40,1.175,0.07915823166939519,593,So.....my editor didn't like my article.
3242,5098,1,5,34,40,1.175,0.07059726877843334,593,You're leaving me? Why?
3198,5098,2,3,35,40,1.175,0.07915823166939519,593,You are currently number 7 in line. Your call will be answered in approximately 43 minutes.
1537,5098,1,5,34,40,1.175,0.07059726877843334,593,It’s my Wittenberg shirt.
3171,5098,2,3,35,40,1.175,0.07915823166939519,593,"Yes, I feel a bit like stabbed in the back when she just now served me the divorce papers"
3080,5098,1,5,34,40,1.175,0.07059726877843334,593,"I said, where are the divorce papers that my lawyer sent you?"
2521,5098,2,3,35,40,1.175,0.07915823166939519,593,"I was just saying I thought your terms for the divorce were a little harsh, honey."
3179,5098,0,7,33,40,1.175,0.060843430844447585,593,I don't think you got all of the pins out of the new shirt you just gave me for our anniversary.
2466,5098,0,7,33,40,1.175,0.060843430844447585,593,"Yes, I've double-checked the filing cabinet."
1876,5098,1,5,34,40,1.175,0.07059726877843334,593,"Apparently, my team’s Theses95Complaints.doc went into my junk mail folder, so they found a workaround."
1859,5098,1,5,34,40,1.175,0.07059726877843334,593,It’s okay. I just need someone to read it.
1847,5098,0,7,33,40,1.175,0.060843430844447585,593,No. No need to rush. Please send the rest of the documents by regular mail.
1823,5098,0,7,33,40,1.175,0.060843430844447585,593,Hi I just back from seeing my ex at her attorneys office.
1787,5098,1,5,34,40,1.175,0.07059726877843334,593,"No, her complaints are very pointed."
1782,5098,1,5,34,40,1.175,0.07059726877843334,593,"Yeah, I got your point but what's the problem with just texting a Dear John Letter?"
1771,5098,1,5,34,40,1.175,0.07059726877843334,593,Actually I'm sort of tied up right now. I'm trying to access a list of divorce demands my wife has sent to me via knife delivery service.
1763,5098,1,5,34,40,1.175,0.07059726877843334,593,Maybe taking away her phone wasn't such a good idea.
1677,5098,1,5,34,40,1.175,0.07059726877843334,593,"Yes, I did receive your letter, but I haven't read it yet."
1673,5098,0,7,33,40,1.175,0.060843430844447585,593,I know you said you would put the paper work where I would remember.
1655,5098,0,7,33,40,1.175,0.060843430844447585,593,Of course not. The 'stole my heart' is not the literal part.
1650,5098,0,7,33,40,1.175,0.060843430844447585,593,Republican Senators are starting to play hardball with their Tax Bill demands
1634,5098,0,7,33,40,1.175,0.060843430844447585,593,"Operator, I've been cut off."
2478,5098,0,7,33,40,1.175,0.060843430844447585,593,"Honey, did you sign our divorce papers yet?"
1613,5098,0,7,33,40,1.175,0.060843430844447585,593,Maybe it went to my spam folder.
1901,5098,2,3,35,40,1.175,0.07915823166939519,593,I'm having trouble reading my hospital bill.
1912,5098,1,5,34,40,1.175,0.07059726877843334,593,I have an aching feeling that the pre-nup was a bad idea.
1698,5098,0,7,33,40,1.175,0.060843430844447585,593,My wife just served me with divorce papers.
2017,5098,0,7,33,40,1.175,0.060843430844447585,593,I need to report a stabbing on my to do list.
2407,5098,1,5,34,40,1.175,0.07059726877843334,593,"No,I've got a lot on my plate just now. I'll read it when I get a chance."
2376,5098,0,7,33,40,1.175,0.060843430844447585,593,"I dozed off, so I never got your message."
1995,5098,1,5,34,40,1.175,0.07059726877843334,593,I asked her if we could come to terms.
2370,5098,1,5,34,40,1.175,0.07059726877843334,593,How can I adhere to 'Terms and Conditions' I can't read?
2317,5098,0,7,33,40,1.175,0.060843430844447585,593,You're calling for Mr. Martin Luther? I'm afraid he isn't here right now. May I take a message?
2227,5098,2,3,35,40,1.175,0.07915823166939519,593,"That's right, Honey, just returned from my time travels to 1517; appears I had a dust-up with a radical cleric."
2223,5098,1,5,34,40,1.175,0.07059726877843334,593,I think she may want a divorce.
2268,5098,1,5,34,40,1.175,0.07059726877843334,593,"You could be right, - but I doubt it ws Martin Luther."
2173,5098,1,5,34,40,1.175,0.07059726877843334,593,"I'd like to report a doctrinal dispute with my brother, Martin."
2143,5098,1,5,34,40,1.175,0.07059726877843334,593,I only asked who was getting custody of the dog.
2034,5098,0,7,33,40,1.175,0.060843430844447585,593,"Hello?, cable company, about my latest bill..."
2119,5098,1,5,34,40,1.175,0.07059726877843334,593,"You know, I think Jane might be taking this whole Protestant conversion a little to the extreme."
2102,5098,0,7,33,40,1.175,0.060843430844447585,593,You've finally convinced me. I would like to sign up for e-delivery of your correspondence.
2074,5098,2,3,35,40,1.175,0.07915823166939519,593,"And then she hired some ruffian to serve me papers. You know, it really feels like I was . . . thrown under the bus."
2192,5098,1,5,34,40,1.175,0.07059726877843334,593,"How should I know if the blade is surgical grade steel! No, I haven't had a tetanus shot."
5868,5393,1,5,35,41,1.170731707317073,0.06898602743283391,593,"Hello, 911? I forgot to put a cover page on my TPS report again."
5567,5393,0,7,34,41,1.170731707317073,0.05949419959829497,593,I may have stumbled on to some more of Hillary's emails Director Comey.
5591,5393,1,5,35,41,1.170731707317073,0.06898602743283391,593,I get the feeling your wife didn't really want to share the recipe .
5727,5393,2,3,36,41,1.170731707317073,0.07732130480071882,593,"""I RECEIVED THE DIVORCE PAPERS FROM YOUR ATTORNEY .... YOU WIN."
6024,5393,1,5,35,41,1.170731707317073,0.06898602743283391,593,"Yes, Mother, I got your note."
5748,5393,0,7,34,41,1.170731707317073,0.05949419959829497,593,"I wear my heart on my sleeve, but my bills on my back."
5798,5393,1,5,35,41,1.170731707317073,0.06898602743283391,593,"Sorry, I can't find my to-do list."
5247,5393,0,7,34,41,1.170731707317073,0.05949419959829497,593,Hello. I'd like to speak to my lawyer about my prenup.
5696,5393,0,7,34,41,1.170731707317073,0.05949419959829497,593,911? Could you come over? I have this pain in my back...
5115,5393,1,5,35,41,1.170731707317073,0.06898602743283391,593,One of our steak knives seem to be missing dear!
4175,5393,0,7,34,41,1.170731707317073,0.05949419959829497,593,"Did you say, 'Martin Luther Syndrome?'"
4538,5393,1,5,35,41,1.170731707317073,0.06898602743283391,593,Does curfew constitute abuse of power?
4455,5393,1,5,35,41,1.170731707317073,0.06898602743283391,593,I thought you told me you paid the cable bill.
4282,5393,0,7,34,41,1.170731707317073,0.05949419959829497,593,"Hello, I'd like to order a mirror... make that two. And, do you have same day deliver?"
4227,5393,0,7,34,41,1.170731707317073,0.05949419959829497,593,"‘I see, since this is a black and white caption, ‘I won’t be able to tell that the slip is pink?’"
3703,5393,0,7,34,41,1.170731707317073,0.05949419959829497,593,Can you come right away? I've been stabbed in the back by a Reform Protestant.
3568,5393,0,7,34,41,1.170731707317073,0.05949419959829497,593,He'd never throw me under the bus! We're the best of friends....
3504,5393,1,5,35,41,1.170731707317073,0.06898602743283391,593,Orange juice and avocados? I'll have to make a second list.
6094,5393,0,7,34,41,1.170731707317073,0.05949419959829497,593,"Collection service?, Yes, I did get your notice."
3458,5393,1,5,35,41,1.170731707317073,0.06898602743283391,593,I reject your offer.
5021,5393,1,5,35,41,1.170731707317073,0.06898602743283391,593,"Honey, where did you put that To-Do list you keep complaining about?"
6122,5393,1,5,35,41,1.170731707317073,0.06898602743283391,593,I'd like to report an attack on my Constitution.
7342,5393,1,5,35,41,1.170731707317073,0.06898602743283391,593,The pink slip finally arrived.
6344,5393,1,5,35,41,1.170731707317073,0.06898602743283391,593,"Could you explain ""bucket list"" again?"
3304,5393,0,7,34,41,1.170731707317073,0.05949419959829497,593,The note you left? About how your back taxes were killing you?
7666,5393,1,5,35,41,1.170731707317073,0.06898602743283391,593,Honey I 'm feeling that knife in the back sensation again could you tell me again what's wrong?
7586,5393,3,1,37,41,1.170731707317073,0.08484159576061505,593,I have the sense Cynthia may have found our letters.
7578,5393,0,7,34,41,1.170731707317073,0.05949419959829497,593,They weren't kidding when they said a divorce notice is like being stabbed in the back...
7535,5393,1,5,35,41,1.170731707317073,0.06898602743283391,593,"Legally, can she do that?"
7521,5393,1,5,35,41,1.170731707317073,0.06898602743283391,593,"Help, my kids' wish list is literally killing me."
7365,5393,0,7,34,41,1.170731707317073,0.05949419959829497,593,No....no....other.
7330,5393,0,7,34,41,1.170731707317073,0.05949419959829497,593,"We want to cancel our account, we've found a much cheaper way of communicating."
7240,5393,0,7,34,41,1.170731707317073,0.05949419959829497,593,I don't think I can keep this chain letter going.
7070,5393,0,7,34,41,1.170731707317073,0.05949419959829497,593,And my wife says not to forget the milk.
7052,5393,0,7,34,41,1.170731707317073,0.05949419959829497,593,"Yes I got your notice, Godfather. But, might I suggest less extreme methods of service?"
6964,5393,2,3,36,41,1.170731707317073,0.07732130480071882,593,I'm calling about your ransomwear.
6862,5393,1,5,35,41,1.170731707317073,0.06898602743283391,593,I've got an uncanny feeling someone's trying to tell me something.
6816,5393,1,5,35,41,1.170731707317073,0.06898602743283391,593,"He was dressed like a monk and called himself Martin Luther. And then he said ""you make a better door than you do a window."""
6744,5393,0,7,34,41,1.170731707317073,0.05949419959829497,593,How that damned Luther could confuse me with a church door.....I'll never know!
6570,5393,1,5,35,41,1.170731707317073,0.06898602743283391,593,Most of the backstabbing in our office takes place in the copy machine room
6530,5393,1,5,35,41,1.170731707317073,0.06898602743283391,593,"Welcome to Caesar Electric, how may I help you?"
6498,5393,2,3,36,41,1.170731707317073,0.07732130480071882,593,Yes. Please. Tonite. One adult. No smoking.
6476,5393,1,5,35,41,1.170731707317073,0.06898602743283391,593,"Sharon, my marriage annulment offer my attorney sent you, have you seen it?"
6460,5393,1,5,35,41,1.170731707317073,0.06898602743283391,593,"No, I didn't get your note."
6436,5393,0,7,34,41,1.170731707317073,0.05949419959829497,593,Yeah! A pink slip is attached to it.
6214,5393,0,7,34,41,1.170731707317073,0.05949419959829497,593,Good news. Looks like I've got a back-up offer.
3243,5393,2,3,36,41,1.170731707317073,0.07732130480071882,593,"To be honest doctor, your suggestion she journal her feelings has turned a dark corner."
7247,5393,1,5,35,41,1.170731707317073,0.06898602743283391,593,"ok, I'll admit I didn't read the fine print."
3209,5393,1,5,35,41,1.170731707317073,0.06898602743283391,593,You are supposed to tape it to my forehead!
1962,5393,2,3,36,41,1.170731707317073,0.07732130480071882,593,Voter registration has gotten a little out of hand.
1585,5393,1,5,35,41,1.170731707317073,0.06898602743283391,593,I got served at the office.
1541,5393,1,5,35,41,1.170731707317073,0.06898602743283391,593,"Yes, a black hoodie, goes by the name, Luther."
1301,5393,1,5,35,41,1.170731707317073,0.06898602743283391,593,"Honey, where did you leave the shopping list?"
1027,5393,2,3,36,41,1.170731707317073,0.07732130480071882,593,You want me to read it back to you?
1012,5393,2,3,36,41,1.170731707317073,0.07732130480071882,593,He said he wanted his 95 theses to hit home.
888,5393,2,3,36,41,1.170731707317073,0.07732130480071882,593,My wife gave me a list of all the chores I'm supposed to do but I can't seem to find it.
777,5393,1,5,35,41,1.170731707317073,0.06898602743283391,593,"She ‘s left, but I don’t know exactly why."
706,5393,0,7,34,41,1.170731707317073,0.05949419959829497,593,Thank you again. This is much more to the point.
673,5393,0,7,34,41,1.170731707317073,0.05949419959829497,593,"...I know, I know. Please, Helen, where's the list?"
622,5393,0,7,34,41,1.170731707317073,0.05949419959829497,593,"Yes, I received your statement."
576,5393,1,5,35,41,1.170731707317073,0.06898602743283391,593,"OK I get the point, I will call the exterminator!!"
569,5393,1,5,35,41,1.170731707317073,0.06898602743283391,593,No I'm seriosu come quick. i need your help 911.
517,5393,2,3,36,41,1.170731707317073,0.07732130480071882,593,Hello I'm calling for the witness protection program. I'm going to need a new name.
419,5393,2,3,36,41,1.170731707317073,0.07732130480071882,593,"Helen, have you seen my ""TO DO"" list?"
384,5393,0,7,34,41,1.170731707317073,0.05949419959829497,593,Its too painful to forget
335,5393,2,3,36,41,1.170731707317073,0.07732130480071882,593,"Honey, do you know where I left my glasses?"
328,5393,1,5,35,41,1.170731707317073,0.06898602743283391,593,"Don't worry, the fine print in the contract will get them."
235,5393,1,5,35,41,1.170731707317073,0.06898602743283391,593,"Yes, honey, I still have the grocery list."
204,5393,1,5,35,41,1.170731707317073,0.06898602743283391,593,Your request for a divorce is like a knife in my back.
3230,5393,0,7,34,41,1.170731707317073,0.05949419959829497,593,"Honey, I've been trying to get hold of you. Did you fix my appointment with the doctor?"
2103,5393,0,7,34,41,1.170731707317073,0.05949419959829497,593,Good News! We can move ahead with the annulment.
2111,5393,2,3,36,41,1.170731707317073,0.07732130480071882,593,What do you mean I'm insensitive! If I received the notice I would have called you!!
748,5393,0,7,34,41,1.170731707317073,0.05949419959829497,593,"Your to late, I have already been served."
2146,5393,0,7,34,41,1.170731707317073,0.05949419959829497,593,NYPD? I believe I have found your most wanted fugitive just outside our church; calls himself Martin Luther.
2122,5393,1,5,35,41,1.170731707317073,0.06898602743283391,593,"Hello? Yes. Well, it’s about your bill collection service’s methods."
3173,5393,0,7,34,41,1.170731707317073,0.05949419959829497,593,"Put it this way, he makes a sharper point than some reflex tweeting whiner."
3155,5393,0,7,34,41,1.170731707317073,0.05949419959829497,593,Of course I got the point of your memo!
3138,5393,1,5,35,41,1.170731707317073,0.06898602743283391,593,"No, Senator. I don’t see your name on the “Creep List”."
2985,5393,0,7,34,41,1.170731707317073,0.05949419959829497,593,By writing backwards I would read your complaints in bathroom mirror.
2869,5393,0,7,34,41,1.170731707317073,0.05949419959829497,593,I'm well aware I've been targeted.
2853,5393,0,7,34,41,1.170731707317073,0.05949419959829497,593,I got your prenup.
2812,5393,2,3,36,41,1.170731707317073,0.07732130480071882,593,"911? A couple of things. First, why do I still have a land line?"
2754,5393,0,7,34,41,1.170731707317073,0.05949419959829497,593,What did the knife look like?
2729,5393,1,5,35,41,1.170731707317073,0.06898602743283391,593,I've received my new insurance policy and I'd like to file a claim.
2683,5393,2,3,36,41,1.170731707317073,0.07732130480071882,593,"Yes, doc, my back pain is rather sharp. I 'll come in after I find the grocery list that my left for me somewhere around here."
3182,5393,1,5,35,41,1.170731707317073,0.06898602743283391,593,She literally stabbed me in the back with divorce papers.
2498,5393,2,3,36,41,1.170731707317073,0.07732130480071882,593,"No, I didn't get past the process server."
2551,5393,1,5,35,41,1.170731707317073,0.06898602743283391,593,"Can't make it for dinner, Kislyak. Mueller's team has a list of things they want to discuss. The focus is getting sharper."
2169,5393,0,7,34,41,1.170731707317073,0.05949419959829497,593,"Well, he did have a point, but for the life of me I couldn't tell you what it was."
2187,5393,2,3,36,41,1.170731707317073,0.07732130480071882,593,"Pastor Carl? My wife told me about your sermon on the Reformation, which really hit home with me."
2325,5393,1,5,35,41,1.170731707317073,0.06898602743283391,593,I would like to stop looking back on this divorce.
2166,5393,1,5,35,41,1.170731707317073,0.06898602743283391,593,I told my lawyer she's a back stabber.
2403,5393,1,5,35,41,1.170731707317073,0.06898602743283391,593,"Sorry, again I can't find your shopping list."
2409,5393,1,5,35,41,1.170731707317073,0.06898602743283391,593,I wish he used a post-it.
2460,5393,1,5,35,41,1.170731707317073,0.06898602743283391,593,911? I need help reading a good-bye note.
2340,5393,1,5,35,41,1.170731707317073,0.06898602743283391,593,Christie's assures me it is Salvator Mundi
5913,5489,2,3,37,42,1.1666666666666667,0.07556728291396757,593,Please connect me to the Vatican. Martin Luther's ghost is back.
4421,5489,1,5,36,42,1.1666666666666667,0.06744608262285649,593,"Your lawyer served me with the papers Dear , are you sure you don't want to reconsider ?"
4423,5489,1,5,36,42,1.1666666666666667,0.06744608262285649,593,Hey Marty...your marketing plan for the Reformation is lousy. Hove you considered the door of that church over in Wittenberg?
4583,5489,0,7,35,42,1.1666666666666667,0.058202524647464865,593,"Yes, room service. My wife has just left me, she took my mistress also. And, she called me a backstabbing and cheating lawyer. Huh!"
4677,5489,1,5,36,42,1.1666666666666667,0.06744608262285649,593,I woke up with an incredible back ache and can't really talk now.
4872,5489,0,7,35,42,1.1666666666666667,0.058202524647464865,593,It's a millennial threat--I had to take a selfie in the mirror to read it.
4301,5489,1,5,36,42,1.1666666666666667,0.06744608262285649,593,"No, Doctor, I was not searching Google."
5209,5489,1,5,36,42,1.1666666666666667,0.06744608262285649,593,Martin? He left a few minutes ago.
5810,5489,0,7,35,42,1.1666666666666667,0.058202524647464865,593,I just discovered a new way to show you that our brother-in-law really does need eyeglasses!
6152,5489,1,5,36,42,1.1666666666666667,0.06744608262285649,593,"OK Elliot, I finally got your point."
7146,5489,0,7,35,42,1.1666666666666667,0.058202524647464865,593,Father Martin attended urgent matters this morning and asked if I would deliver his message personally.
6257,5489,1,5,36,42,1.1666666666666667,0.06744608262285649,593,I think I found the list.
6487,5489,1,5,36,42,1.1666666666666667,0.06744608262285649,593,"""No officer"" he said "" theses not feces""."
6706,5489,1,5,36,42,1.1666666666666667,0.06744608262285649,593,It just arrived.
7251,5489,1,5,36,42,1.1666666666666667,0.06744608262285649,593,We both fooled around behind the other's back.
7263,5489,0,7,35,42,1.1666666666666667,0.058202524647464865,593,I'd like a number of a Doctor that specializes in odd circumstances.
7286,5489,0,7,35,42,1.1666666666666667,0.058202524647464865,593,"Yes, you cured my bursitis, but the bill is ridiculous."
7437,5489,2,3,37,42,1.1666666666666667,0.07556728291396757,593,"So, we're playing Charades, and my wife wants me to say '500th Anniversary of the Reformation.'"
7702,5489,0,7,35,42,1.1666666666666667,0.058202524647464865,593,"Honey, I can't find my "" to do list """
4201,5489,1,5,36,42,1.1666666666666667,0.06744608262285649,593,"Strangers keep kicking me, and then pinching me, cursing at me, wet-willying me, tut-tutting at me, giving me wedgies, blowing raspberries... Now that you mention it, Doc, I do feel a little twinge there, yes."
6218,5489,1,5,36,42,1.1666666666666667,0.06744608262285649,593,"Yeah, Martin’s at it again..."
3896,5489,0,7,35,42,1.1666666666666667,0.058202524647464865,593,I know “stabbed in the back” is a harsh phrase but this is some contract.
89,5489,1,5,36,42,1.1666666666666667,0.06744608262285649,593,"Why yes I have several times, but never with an explanation."
3848,5489,0,7,35,42,1.1666666666666667,0.058202524647464865,593,I understand I was told to watch my back...
59,5489,0,7,35,42,1.1666666666666667,0.058202524647464865,593,Of course my information is reliable - I have a back-channel source.
107,5489,1,5,36,42,1.1666666666666667,0.06744608262285649,593,"Duck not worry, ya’ll are smarter than Donald Trump."
194,5489,1,5,36,42,1.1666666666666667,0.06744608262285649,593,"Hello, Madge? Where did you put my to-do list?"
746,5489,0,7,35,42,1.1666666666666667,0.058202524647464865,593,"Yes, hello, doctor? I feel like the news is trying to kill me."
974,5489,1,5,36,42,1.1666666666666667,0.06744608262285649,593,"I'd like to shelve the pre-nup, Larry. There were quite a few parts that she wanted cut and I really don't want lengthy negotiations."
3878,5489,1,5,36,42,1.1666666666666667,0.06744608262285649,593,My publisher had some concerns.
1381,5489,1,5,36,42,1.1666666666666667,0.06744608262285649,593,I was told your a tough negotiator. I'll accept your final offer.
1432,5489,1,5,36,42,1.1666666666666667,0.06744608262285649,593,"At work today, somone mistook me for a poster boy."
1459,5489,1,5,36,42,1.1666666666666667,0.06744608262285649,593,Sorry but this is not a good time to talk!
1002,5489,1,5,36,42,1.1666666666666667,0.06744608262285649,593,"Mom, Shelby left me and the back-stabber ran off with my papers."
1571,5489,0,7,35,42,1.1666666666666667,0.058202524647464865,593,I'm guessing that my bucket was on her list.
2566,5489,1,5,36,42,1.1666666666666667,0.06744608262285649,593,I'm pretty sure it was The Media.
2666,5489,2,3,37,42,1.1666666666666667,0.07556728291396757,593,Madge? She just left. I'll tell her. I can take a message. She left a note. When will she be back? I'm not sure. Not for a while.
2732,5489,0,7,35,42,1.1666666666666667,0.058202524647464865,593,"Well, as Pete Seeger said 'education is when you read the fine print; experience is what you get when you don't.'"
2871,5489,1,5,36,42,1.1666666666666667,0.06744608262285649,593,"I took your advice, now I never have trouble remembering."
2935,5489,1,5,36,42,1.1666666666666667,0.06744608262285649,593,"Yes, I did receive a copy of Trump's tax reform plan."
2973,5489,2,3,37,42,1.1666666666666667,0.07556728291396757,593,"I lost her on the prenup…and looking back, she never really wanted the wedding at Walmart."
3126,5489,1,5,36,42,1.1666666666666667,0.06744608262285649,593,"Hello? Berlin Library? That ""95 Theses of Martin Luther"" exhibit you reported missing?"
1485,5489,2,3,37,42,1.1666666666666667,0.07556728291396757,593,But you didn’t put it in the online calendar.
3218,5489,0,7,35,42,1.1666666666666667,0.058202524647464865,593,I think I’m getting a cold.
4867,5533,1,5,37,43,1.1627906976744187,0.06597285053646283,593,Of course I trust you.
5057,5533,1,5,37,43,1.1627906976744187,0.06597285053646283,593,"Yes, yes I did find the divorce petition you left me."
5361,5533,1,5,37,43,1.1627906976744187,0.06597285053646283,593,I just got served divorce papers. I feel like she stabbed me in the back.
4357,5533,2,3,38,43,1.1627906976744187,0.0738907079406967,593,She’s protesting my indulgences.
6227,5533,1,5,37,43,1.1627906976744187,0.06597285053646283,593,Um.... she stepped out for a minute.
6390,5533,1,5,37,43,1.1627906976744187,0.06597285053646283,593,Couldn’t your lawyer have just emailed it?!
5931,5533,1,5,37,43,1.1627906976744187,0.06597285053646283,593,"My ex-wife has posted her 99 Theses, but I can't read them."
4157,5533,1,5,37,43,1.1627906976744187,0.06597285053646283,593,I know you told me to read it but I forgot where you put it.
1435,5533,1,5,37,43,1.1627906976744187,0.06597285053646283,593,No! I didn't receive your E-Mail!
3445,5533,1,5,37,43,1.1627906976744187,0.06597285053646283,593,She seems to have a long list of reasons to want me dead. Please send that ambulance quickly.
2264,5533,0,7,36,43,1.1627906976744187,0.056964877739143695,593,Don’t worry. Martin Luther has my back.
1950,5533,0,7,36,43,1.1627906976744187,0.056964877739143695,593,I’d like to speak to someone about your privacy notice.
3730,5533,2,3,38,43,1.1627906976744187,0.0738907079406967,593,"I would have preferred it in an email, but thanks for getting my new health insurance policy to me."
1121,5533,0,7,36,43,1.1627906976744187,0.056964877739143695,593,"I want to file a complaint on my ex-lawyer, Marcus Brutus."
1071,5533,2,3,38,43,1.1627906976744187,0.0738907079406967,593,"She's been saying I don't pay enough attention to her so she packed up and left before dawn. No, I haven't seen a note."
894,5533,0,7,36,43,1.1627906976744187,0.056964877739143695,593,"Hello? If I have been stabbed in the back with my life insurance, can I be a guest on ""Dateline?"""
662,5549,1,3,27,31,1.1612903225806452,0.08160716542370013,593,I feel like they stabbed me in the back.
4474,5550,0,7,37,44,1.1590909090909092,0.055778005112363215,593,"Yeah, I got the contract on my piece."
4246,5550,1,5,38,44,1.1590909090909092,0.06456212749550704,593,Got your point. I'll sign the decree.
2236,5550,2,3,39,44,1.1590909090909092,0.07228658768525041,593,"When I was a paperboy, I would have been THRILLED to get an extra dollar, during the holidays."
5295,5553,1,4,33,38,1.1578947368421053,0.07082440560173317,593,Yeh. I got a to-do list too.
5397,5553,0,6,32,38,1.1578947368421053,0.05994682078436837,593,"First, I'm on the""No Call Registry"". Second, I am telling you person-to-robot that I resist your high-pressure sales model. I will be sticking with my landline."
5287,5553,1,4,33,38,1.1578947368421053,0.07082440560173317,593,It feels like I’ve been hit with a subpoena.
5272,5553,1,4,33,38,1.1578947368421053,0.07082440560173317,593,Where's my thesis? Is it you?
5251,5553,1,4,33,38,1.1578947368421053,0.07082440560173317,593,"No, I haven't had a chance to review the terms of the divorce papers I was recently served with."
5245,5553,0,6,32,38,1.1578947368421053,0.05994682078436837,593,"Yes, their service has been fine so far but their contract really sticks it to you."
5238,5553,0,6,32,38,1.1578947368421053,0.05994682078436837,593,"Counselor, I have just received my wife's list of grievances."
5183,5553,1,4,33,38,1.1578947368421053,0.07082440560173317,593,I'm stuck with the mortgage.
5109,5553,0,6,32,38,1.1578947368421053,0.05994682078436837,593,They posted my new assignment.
5152,5553,1,4,33,38,1.1578947368421053,0.07082440560173317,593,I still can't figure out why people keep kicking me.
5131,5553,1,4,33,38,1.1578947368421053,0.07082440560173317,593,"Hello Xfinity., am I out of contract yet?"
5129,5553,1,4,33,38,1.1578947368421053,0.07082440560173317,593,"Hi, I'd like to cancel my subscription to The New Yorker..."
5399,5553,0,6,32,38,1.1578947368421053,0.05994682078436837,593,"Yes dear, I have the shopping list."
5030,5553,0,6,32,38,1.1578947368421053,0.05994682078436837,593,I don't understand how you attached the preexisting condition paperwork while it was still in midair.
4998,5553,2,2,34,38,1.1578947368421053,0.08024070996398552,593,I have a feeling she's getting ready to accuse me of grabbing her by the yearbook.
4987,5553,1,4,33,38,1.1578947368421053,0.07082440560173317,593,I’d love to play poker but my wife’s made a real point about the shipping list.
5169,5553,0,6,32,38,1.1578947368421053,0.05994682078436837,593,"Yes, the divorce papers were served a little while ago."
5402,5553,1,4,33,38,1.1578947368421053,0.07082440560173317,593,"Poor cartoon but add this to the Lincoln cartoon. ""...Ahem!"" after the first line and ""Mmmm that's good...think I'll go with the short version this time."" next to the third picture."
5541,5553,0,6,32,38,1.1578947368421053,0.05994682078436837,593,My wife's lawyer just delivered the divorce papers
5436,5553,1,4,33,38,1.1578947368421053,0.07082440560173317,593,We'll accept the policy and all exclusions for ill health.
5821,5553,1,4,33,38,1.1578947368421053,0.07082440560173317,593,"Your Last Acupuncture Worked So Well, I Do Have Another Pinched Nerve."
5812,5553,1,4,33,38,1.1578947368421053,0.07082440560173317,593,"Yes kids, as of today, it's back to the old landline!"
5756,5553,1,4,33,38,1.1578947368421053,0.07082440560173317,593,It wasn’t exactly a good-bye note…she calls it her 95 theses on how I expected her to indulge me.
5737,5553,1,4,33,38,1.1578947368421053,0.07082440560173317,593,He rejected the terms of the contract a tad aggressively.
5711,5553,0,6,32,38,1.1578947368421053,0.05994682078436837,593,The health section of today’s paper does an excellent job explaining back pain.
5666,5553,1,4,33,38,1.1578947368421053,0.07082440560173317,593,"Yes Sir, I got the memo."
5651,5553,1,4,33,38,1.1578947368421053,0.07082440560173317,593,It's better to use double sticky tape.
5638,5553,1,4,33,38,1.1578947368421053,0.07082440560173317,593,She just stepped out
5593,5553,2,2,34,38,1.1578947368421053,0.08024070996398552,593,"Yes, I KNOW my name is Martin Luther but......"
5569,5553,2,2,34,38,1.1578947368421053,0.08024070996398552,593,There is a cutting back story.
5564,5553,0,6,32,38,1.1578947368421053,0.05994682078436837,593,No I'm not calling because I'm upset . I know business is business .
5561,5553,0,6,32,38,1.1578947368421053,0.05994682078436837,593,"Attorney McStabby, please. Yes, I will hold."
5560,5553,1,4,33,38,1.1578947368421053,0.07082440560173317,593,"Yea, my wife said she'd ""kill me"" if I didn't run her errands today. I think she's serious."
5542,5553,1,4,33,38,1.1578947368421053,0.07082440560173317,593,"Hi, I'd like to order some take-out."
4935,5553,1,4,33,38,1.1578947368421053,0.07082440560173317,593,You think you're back hurts?
5487,5553,0,6,32,38,1.1578947368421053,0.05994682078436837,593,Police? I’d like to report a missing knife.
5468,5553,0,6,32,38,1.1578947368421053,0.05994682078436837,593,My wife just served me divorce papers.
5407,5553,0,6,32,38,1.1578947368421053,0.05994682078436837,593,I don't think the neighbors like our proposal.
4903,5553,1,4,33,38,1.1578947368421053,0.07082440560173317,593,"I can’t seem to find my divorce papers, my wife said she pinned them up somewhere..."
4770,5553,0,6,32,38,1.1578947368421053,0.05994682078436837,593,"Hello, Did you just send me a back dated eviction notice?"
4847,5553,1,4,33,38,1.1578947368421053,0.07082440560173317,593,I can't find your note dear. Is that an airport PA system I hear?
4279,5553,1,4,33,38,1.1578947368421053,0.07082440560173317,593,I can't find the honey-do list.
4270,5553,0,6,32,38,1.1578947368421053,0.05994682078436837,593,Tina really stabbed me in the back with these divorce papers.
4242,5553,1,4,33,38,1.1578947368421053,0.07082440560173317,593,I'm going to have to call you BACK!
4226,5553,0,6,32,38,1.1578947368421053,0.05994682078436837,593,"APPARENTLY, YOUR CLIENT, (MY FUTURE WIFE) WISHES TO RENEGOTIATE OUR PRE - NUP!!!"
4211,5553,1,4,33,38,1.1578947368421053,0.07082440560173317,593,Do you speak German?
4187,5553,0,6,32,38,1.1578947368421053,0.05994682078436837,593,What makes you think I will remember where your list of demands are if I just sit down in the high back chair?
4179,5553,2,2,34,38,1.1578947368421053,0.08024070996398552,593,"It seems he has a list of demands. Yes, he had a German accent."
4290,5553,2,2,34,38,1.1578947368421053,0.08024070996398552,593,"Give me a momwnt, I've got to find my notes!"
4118,5553,0,6,32,38,1.1578947368421053,0.05994682078436837,593,"No, I cannot see what it says. She took the mobile phone too. Her only comment was that I should come with a manual. I figure it’s last week’s honey-do list, a Dear John letter, my insurance note, or that manual. Can you hurry?"
4076,5553,1,4,33,38,1.1578947368421053,0.07082440560173317,593,"Yeah, hon? Where did you leave that to-do list again?"
4049,5553,0,6,32,38,1.1578947368421053,0.05994682078436837,593,I feel that the Twitter trolls are taking their game to a new level.
3975,5553,1,4,33,38,1.1578947368421053,0.07082440560173317,593,The O'Jays were right.
3958,5553,1,4,33,38,1.1578947368421053,0.07082440560173317,593,I read what I could in a double mirror. Your prose is still impenetrable.
3944,5553,0,6,32,38,1.1578947368421053,0.05994682078436837,593,"Yes, I got your point that I need to sign the divorce papers."
3916,5553,1,4,33,38,1.1578947368421053,0.07082440560173317,593,After the Experian hack we stopped using email.
5837,5553,1,4,33,38,1.1578947368421053,0.07082440560173317,593,She definitely wants a divorce.
4093,5553,1,4,33,38,1.1578947368421053,0.07082440560173317,593,If you can eliminate line item 3 then I can live with it.
4347,5553,1,4,33,38,1.1578947368421053,0.07082440560173317,593,"Doctor, I have a stabbing pain in my back."
4378,5553,2,2,34,38,1.1578947368421053,0.08024070996398552,593,I’ve been indicted.
4412,5553,0,6,32,38,1.1578947368421053,0.05994682078436837,593,911? I have been struck by a poem.
4842,5553,0,6,32,38,1.1578947368421053,0.05994682078436837,593,"really, this reminder wasn't necessary, I never forget your alimony."
4790,5553,1,4,33,38,1.1578947368421053,0.07082440560173317,593,outch
4759,5553,2,2,34,38,1.1578947368421053,0.08024070996398552,593,The divorce papers were delivered
4684,5553,1,4,33,38,1.1578947368421053,0.07082440560173317,593,She didn't have the sense to put a stamp on it and mail it!
4678,5553,0,6,32,38,1.1578947368421053,0.05994682078436837,593,I would call it a nagging backache.
4642,5553,1,4,33,38,1.1578947368421053,0.07082440560173317,593,All right! I will check the agree button.
4587,5553,1,4,33,38,1.1578947368421053,0.07082440560173317,593,"Hello, NSA? When you say ""we have America's back"", what exactly do you mean?"
4578,5553,0,6,32,38,1.1578947368421053,0.05994682078436837,593,"I received your statement of betrayal, but I'm having trouble reading it."
4569,5553,1,4,33,38,1.1578947368421053,0.07082440560173317,593,Remind me what was on the second page again.
4564,5553,0,6,32,38,1.1578947368421053,0.05994682078436837,593,I'll get back to you as soon as my wife steps in; I seemed to have misplaced the papers
4555,5553,0,6,32,38,1.1578947368421053,0.05994682078436837,593,It was a bloody divorce. She really stuck it to me.
3909,5553,1,4,33,38,1.1578947368421053,0.07082440560173317,593,The boss had my back all right
4551,5553,0,6,32,38,1.1578947368421053,0.05994682078436837,593,He said he was Martin Luther and that he had a few suggestions.
4515,5553,1,4,33,38,1.1578947368421053,0.07082440560173317,593,"it looks dope, but how do I change my shirt without dying?"
4478,5553,1,4,33,38,1.1578947368421053,0.07082440560173317,593,"Hello, police? I'd like to report a murder."
4469,5553,0,6,32,38,1.1578947368421053,0.05994682078436837,593,I think they're serious about the 'no wall hangings' clause.
4419,5553,0,6,32,38,1.1578947368421053,0.05994682078436837,593,"Mom, she never talked about a list of grievances. She just said I was insensitive and had no real feelings for her."
4895,5553,1,4,33,38,1.1578947368421053,0.07082440560173317,593,"Hello, I need to report a very bias pollster."
5845,5553,0,6,32,38,1.1578947368421053,0.05994682078436837,593,What can I say? She hired an aggressive process server
7284,5553,0,6,32,38,1.1578947368421053,0.05994682078436837,593,"On the bright side, he gave me a insurance policy to go with it."
5922,5553,0,6,32,38,1.1578947368421053,0.05994682078436837,593,"Look, Barbara, I only paid for the one indulgence . . ."
7360,5553,0,6,32,38,1.1578947368421053,0.05994682078436837,593,She says I'm too indulgent. I think she's too demanding.
7339,5553,1,4,33,38,1.1578947368421053,0.07082440560173317,593,I would like to report a crime.
7331,5553,1,4,33,38,1.1578947368421053,0.07082440560173317,593,"No, I haven’t read the note yet, let me call you back."
7317,5553,0,6,32,38,1.1578947368421053,0.05994682078436837,593,Waiting for my call to be answered could be terminal !
7258,5553,1,4,33,38,1.1578947368421053,0.07082440560173317,593,I'll call you back. I can't reach the knife.
7249,5553,1,4,33,38,1.1578947368421053,0.07082440560173317,593,"Yes, this an emergency. Luther, yes, Luther is my name."
7239,5553,2,2,34,38,1.1578947368421053,0.08024070996398552,593,911? Please send someone who can read cursive.
7367,5553,0,6,32,38,1.1578947368421053,0.05994682078436837,593,"Yes, I'm reverting to analog communications."
7237,5553,1,4,33,38,1.1578947368421053,0.07082440560173317,593,I'm telling you that is not how you post it on e-bay!
7133,5553,0,6,32,38,1.1578947368421053,0.05994682078436837,593,"Yes, Honey, he's here"". "" Yes, he does seem to have a few questions about the contract."
7112,5553,1,4,33,38,1.1578947368421053,0.07082440560173317,593,Doctor- May I have an appointment for tomorrow?
7023,5553,0,6,32,38,1.1578947368421053,0.05994682078436837,593,"Note to self, send more flowers"
7012,5553,1,4,33,38,1.1578947368421053,0.07082440560173317,593,"As if stabbing me in the pack wasn’t painful enough, she also served me with divorce papers."
7010,5553,0,6,32,38,1.1578947368421053,0.05994682078436837,593,"yeah honey, the new job as a tack board is great"
6985,5553,1,4,33,38,1.1578947368421053,0.07082440560173317,593,"As expected, I got served with the divorce papers today."
6979,5553,0,6,32,38,1.1578947368421053,0.05994682078436837,593,I'd like to speak with the acupuncturist.
7210,5553,0,6,32,38,1.1578947368421053,0.05994682078436837,593,I haven’t gotten your message yet...
7387,5553,1,4,33,38,1.1578947368421053,0.07082440560173317,593,"I've looked everywhere, and I can't find the document. I've got a feeling it's nearby, but I just can't put my finger on it."
7394,5553,1,4,33,38,1.1578947368421053,0.07082440560173317,593,You remember when you told me to expect an eviction notice? I guess I didn't take the warning seriously enough.
7429,5553,1,4,33,38,1.1578947368421053,0.07082440560173317,593,"Yes, I'd like to report a homicide note...no, I can't hold"
3887,5553,1,4,33,38,1.1578947368421053,0.07082440560173317,593,"Sorry, I'm not interested in reformation."
7805,5553,0,6,32,38,1.1578947368421053,0.05994682078436837,593,Have you seen the mail since our fight Honey?
7800,5553,0,6,32,38,1.1578947368421053,0.05994682078436837,593,"I'd consider the demands your man delivered, but I haven't been able to read them."
7795,5553,1,4,33,38,1.1578947368421053,0.07082440560173317,593,"I don't know where she went. She said she left a note, but I haven't seen anything."
7766,5553,0,6,32,38,1.1578947368421053,0.05994682078436837,593,"Hello 911? I’ve been stabbed! Also, I’ve lost my wife’s “to-do” list."
7761,5553,0,6,32,38,1.1578947368421053,0.05994682078436837,593,"Hey, uh, I think the flower picture is fake."
7758,5553,1,4,33,38,1.1578947368421053,0.07082440560173317,593,. . . and I think it's a ransom note from my chiropractor.
7639,5553,1,4,33,38,1.1578947368421053,0.07082440560173317,593,There is no red to remind me that I have a lot to do.
7630,5553,2,2,34,38,1.1578947368421053,0.08024070996398552,593,She delivered the divorce papers today but I haven't been able to read them yet.
7611,5553,0,6,32,38,1.1578947368421053,0.05994682078436837,593,"This policy is all coverage, no protection."
7587,5553,0,6,32,38,1.1578947368421053,0.05994682078436837,593,"Wait, what do you mean, 'early termination fee'?"
7550,5553,0,6,32,38,1.1578947368421053,0.05994682078436837,593,That man was such a backstabber.
7544,5553,0,6,32,38,1.1578947368421053,0.05994682078436837,593,Can I call you back Betty? My Father-In-Law just served me with divorce papers.
7533,5553,1,4,33,38,1.1578947368421053,0.07082440560173317,593,Who’s rigid and thick skinned? And what did you do with my house rules and favorite knife?
7810,5553,2,2,34,38,1.1578947368421053,0.08024070996398552,593,"OK Dear, can we cut through the paperwork I’ll sign the divorce papers"
7467,5553,0,6,32,38,1.1578947368421053,0.05994682078436837,593,I’d like to report a totally unwarranted back-stabbing.
7453,5553,0,6,32,38,1.1578947368421053,0.05994682078436837,593,I seem to have misplaced my student loans.
6937,5553,0,6,32,38,1.1578947368421053,0.05994682078436837,593,"Sorry I have to hang up, my phone bill is a stab in the back."
5875,5553,0,6,32,38,1.1578947368421053,0.05994682078436837,593,She found out she was related to Luther on Ancestry.com
6913,5553,1,4,33,38,1.1578947368421053,0.07082440560173317,593,"Hello, 911. They've posted their theses online and now on my back; yes, they're disputing our abuses and indulgences of power."
6894,5553,1,4,33,38,1.1578947368421053,0.07082440560173317,593,I'm calling to report a stabbing.
6388,5553,0,6,32,38,1.1578947368421053,0.05994682078436837,593,Yes..... I'm responding to the message you left earlier........ ?
6376,5553,1,4,33,38,1.1578947368421053,0.07082440560173317,593,But... unlimited data.
6363,5553,0,6,32,38,1.1578947368421053,0.05994682078436837,593,Oh. I thought I just needed to dial M.
6350,5553,0,6,32,38,1.1578947368421053,0.05994682078436837,593,Cable company? There somthing wrong with my TV’s 3-D feature.
6349,5553,1,4,33,38,1.1578947368421053,0.07082440560173317,593,I thought I told you to send the suggestions by email!
6345,5553,1,4,33,38,1.1578947368421053,0.07082440560173317,593,I wanted to put it behind me.
6336,5553,1,4,33,38,1.1578947368421053,0.07082440560173317,593,Me? Roughly the size of a chapel door.
6404,5553,0,6,32,38,1.1578947368421053,0.05994682078436837,593,It was 5:30 in the morning and you had rambled on for eighteen pages--FRONT AND BACK!
6282,5553,0,6,32,38,1.1578947368421053,0.05994682078436837,593,"Instead, couldn't you just have texted and/or emailed me?"
6215,5553,2,2,34,38,1.1578947368421053,0.08024070996398552,593,"Mom, I think I was just served with divorce papers."
6175,5553,1,4,33,38,1.1578947368421053,0.07082440560173317,593,At least Martin Luther nailed his demands to an inanimate object.
6167,5553,0,6,32,38,1.1578947368421053,0.05994682078436837,593,"No, I'm not Catholic, so it doesn't really hurt."
6128,5553,1,4,33,38,1.1578947368421053,0.07082440560173317,593,"Sorry sweetheart, but I can't find your honey-do list anywhere."
6110,5553,1,4,33,38,1.1578947368421053,0.07082440560173317,593,Yes. Passion rekindled.
6099,5553,0,6,32,38,1.1578947368421053,0.05994682078436837,593,"Honey, I realize I won't lose it this way, but I can't read it."
6030,5553,0,6,32,38,1.1578947368421053,0.05994682078436837,593,"Hey, I know you got my back... but, don't you think I'd know if I was served a subpoena?!"
6266,5553,0,6,32,38,1.1578947368421053,0.05994682078436837,593,"Hey, Joe. My wife left a note pinned to my shirt but I can't read it. Can you come over and read it for me?"
6432,5553,1,4,33,38,1.1578947368421053,0.07082440560173317,593,The only problems is that it's written in red ink.
6502,5553,0,6,32,38,1.1578947368421053,0.05994682078436837,593,"That's right, officer. Her name is Martina Luther."
6566,5553,1,4,33,38,1.1578947368421053,0.07082440560173317,593,"They said, ""This is my last chance to sign for the 'extended warranty'!"""
6869,5553,1,4,33,38,1.1578947368421053,0.07082440560173317,593,It's feels like she literally took a page out of the book on back-stabbing.
6856,5553,1,4,33,38,1.1578947368421053,0.07082440560173317,593,"Sorry to bother you at work, dear, but where did you put today's paper?"
6830,5553,1,4,33,38,1.1578947368421053,0.07082440560173317,593,Mandrake the Knife Thrower rejected our latest offer.
6825,5553,2,2,34,38,1.1578947368421053,0.08024070996398552,593,"No, Walter, I won't review your exam again. The grades have already been posted."
6808,5553,1,4,33,38,1.1578947368421053,0.07082440560173317,593,She said she'd watch my back.
6776,5553,2,2,34,38,1.1578947368421053,0.08024070996398552,593,I'm got a little behind with my To-Do List.
6772,5553,1,4,33,38,1.1578947368421053,0.07082440560173317,593,"Enough said, I'm not talking any longer."
6755,5553,0,6,32,38,1.1578947368421053,0.05994682078436837,593,"Yes, I got your urgent message"
6750,5553,0,6,32,38,1.1578947368421053,0.05994682078436837,593,I'm calling to make an appointment for back pain.
6749,5553,1,4,33,38,1.1578947368421053,0.07082440560173317,593,"No, I haven't seen today's headlines."
6707,5553,0,6,32,38,1.1578947368421053,0.05994682078436837,593,How am I supposed to read your to-do list?
6698,5553,1,4,33,38,1.1578947368421053,0.07082440560173317,593,"Hello, 911 Emergency Services? A sharp bowie knife is sticking multiple ""to-do"" lists into my backbone! Please come quickly!"
6679,5553,0,6,32,38,1.1578947368421053,0.05994682078436837,593,"Mr. Grunwald, I brought your report on office politics to read at home. I want to see you in my office first thing tomorrow."
6675,5553,1,4,33,38,1.1578947368421053,0.07082440560173317,593,Martin...can we talk about the indulgences?
6664,5553,2,2,34,38,1.1578947368421053,0.08024070996398552,593,"Then she yelled, ""This Reformation starts now!"" and ran out the door."
6604,5553,0,6,32,38,1.1578947368421053,0.05994682078436837,593,"No, 'sticking point is a stab in the back' is not a metaphor."
6567,5553,0,6,32,38,1.1578947368421053,0.05994682078436837,593,Are you saying I really can't miss where the shopping list is?
6895,5553,0,6,32,38,1.1578947368421053,0.05994682078436837,593,"Honey, that life insurance salesman finally got me!"
3880,5553,0,6,32,38,1.1578947368421053,0.05994682078436837,593,The wireless bill arrived.
7509,5553,2,2,34,38,1.1578947368421053,0.08024070996398552,593,I can't find the divorce papers anywhere.
3810,5553,2,2,34,38,1.1578947368421053,0.08024070996398552,593,"I'm sorry, I've stopped taking messages, period."
1372,5553,1,4,33,38,1.1578947368421053,0.07082440560173317,593,She served the divorce papers in the way I expected.
1371,5553,0,6,32,38,1.1578947368421053,0.05994682078436837,593,Wait until you read my revised will. It's a backstabber.
1324,5553,0,6,32,38,1.1578947368421053,0.05994682078436837,593,Yes I do feel like cable company is stabbing me in the back.
1309,5553,0,6,32,38,1.1578947368421053,0.05994682078436837,593,I criticized her art and she let me have it with a list of complaints.
1215,5553,0,6,32,38,1.1578947368421053,0.05994682078436837,593,"No, I haven't had a chance to read through it all - but I gather this is the end."
1205,5553,0,6,32,38,1.1578947368421053,0.05994682078436837,593,"No, no, my fault, and yes, I did get your final demand letter"
1153,5553,1,4,33,38,1.1578947368421053,0.07082440560173317,593,She delivered her terms. There are a few sticking points.
1462,5553,1,4,33,38,1.1578947368421053,0.07082440560173317,593,Does it count if they serve the subpoena behind my back?
1128,5553,2,2,34,38,1.1578947368421053,0.08024070996398552,593,... 95 reasons I hate you.
1096,5553,1,4,33,38,1.1578947368421053,0.07082440560173317,593,"I'm telling you, Linda, it's not safe...someone put a contract out on me."
1068,5553,1,4,33,38,1.1578947368421053,0.07082440560173317,593,Margie come home!! Bobby's homework is to emulate Martin Luther and he's gotten carried away!
1050,5553,1,4,33,38,1.1578947368421053,0.07082440560173317,593,He said his name was Luther and he forgot his glasses.
1042,5553,1,4,33,38,1.1578947368421053,0.07082440560173317,593,Room service? Can you send up a different Bible? My wife's taking this Reformist version a little too literally.
1034,5553,1,4,33,38,1.1578947368421053,0.07082440560173317,593,I'm just calling to let you know that I got your message ...
1030,5553,0,6,32,38,1.1578947368421053,0.05994682078436837,593,You know that prenup you helped me write?
979,5553,0,6,32,38,1.1578947368421053,0.05994682078436837,593,I'll get BACK to you about the list.
1107,5553,1,4,33,38,1.1578947368421053,0.07082440560173317,593,I would like to cancel my subscription.... Yes... I’ll hold.
1475,5553,1,4,33,38,1.1578947368421053,0.07082440560173317,593,"No, I'm sorry, she just went out."
1494,5553,1,4,33,38,1.1578947368421053,0.07082440560173317,593,"In the future, this message will be a nasty tweet to my smartphone. But for now, this will have to do."
1515,5553,2,2,34,38,1.1578947368421053,0.08024070996398552,593,The coop board's demands are going to kill this deal.
1864,5553,1,4,33,38,1.1578947368421053,0.07082440560173317,593,"Police?, My wife has disappeared and I need an ambulance."
1833,5553,0,6,32,38,1.1578947368421053,0.05994682078436837,593,"That is NOT how you text someone, Johnson!"
1793,5553,0,6,32,38,1.1578947368421053,0.05994682078436837,593,I've got a backlog of things I'm dealing with.
1781,5553,0,6,32,38,1.1578947368421053,0.05994682078436837,593,May I speak to a living person?
1749,5553,1,4,33,38,1.1578947368421053,0.07082440560173317,593,"Why yes, I am Lutheran, but what's that got to do with it?"
1725,5553,0,6,32,38,1.1578947368421053,0.05994682078436837,593,"No, he really insisted it was a non-disclosure contract!"
1695,5553,0,6,32,38,1.1578947368421053,0.05994682078436837,593,"Can't make poker tonight, Phil. Jean's pretty serious about taking a stab at whittling down the ""To-Do"" list."
1672,5553,0,6,32,38,1.1578947368421053,0.05994682078436837,593,I just feel like my credit report just stabbed me in the back.
1649,5553,0,6,32,38,1.1578947368421053,0.05994682078436837,593,Apparently one of my coworkers fancies himself a swashbuckler!
1643,5553,0,6,32,38,1.1578947368421053,0.05994682078436837,593,"It's death by a thousand, but it's been folded into one stab in the back. So it's a lot worse than it looks."
1637,5553,0,6,32,38,1.1578947368421053,0.05994682078436837,593,Did you get my note?
1632,5553,1,4,33,38,1.1578947368421053,0.07082440560173317,593,Mom? It looks like Dad was right?
1625,5553,1,4,33,38,1.1578947368421053,0.07082440560173317,593,Yes I got your note and understand you are very angry and not coming back!
1573,5553,1,4,33,38,1.1578947368421053,0.07082440560173317,593,It's about our delivery boy.
1570,5553,0,6,32,38,1.1578947368421053,0.05994682078436837,593,"I say, Old Man, save the bloody work memos for the office!"
1558,5553,0,6,32,38,1.1578947368421053,0.05994682078436837,593,How did your ex-wife deliver her divorce decree?
1552,5553,0,6,32,38,1.1578947368421053,0.05994682078436837,593,I know she must have left a note somewhere...
972,5553,0,6,32,38,1.1578947368421053,0.05994682078436837,593,"Yes, a stabbing pain. . . . I believe it's 95 theses."
1887,5553,0,6,32,38,1.1578947368421053,0.05994682078436837,593,"Hello Amazon, I have a complaint about how you bill for your new ""key service""."
965,5553,1,4,33,38,1.1578947368421053,0.07082440560173317,593,A divorce proposal agreement? What are you talking about?
906,5553,0,6,32,38,1.1578947368421053,0.05994682078436837,593,"Yes, Dr., she said had I listened she would not have had to resort to Lutherian Measures.."
314,5553,0,6,32,38,1.1578947368421053,0.05994682078436837,593,Why is it when I talk to you I always feel yu are accusing me of something
277,5553,1,4,33,38,1.1578947368421053,0.07082440560173317,593,Couldn’t you have just posted my “to do” list on the refrigerator?
264,5553,1,4,33,38,1.1578947368421053,0.07082440560173317,593,I think Marna means it this time.
253,5553,1,4,33,38,1.1578947368421053,0.07082440560173317,593,"Yeah? Well, I thought your lawyer was quite rude."
239,5553,0,6,32,38,1.1578947368421053,0.05994682078436837,593,"Things at work? Same ol', same ol'."
224,5553,2,2,34,38,1.1578947368421053,0.08024070996398552,593,I'd like to report a betrayal.
222,5553,1,4,33,38,1.1578947368421053,0.07082440560173317,593,"Just be glad your wife isn't Lutheran, Bill. I've got a to-do list that would blow your mind."
332,5553,1,4,33,38,1.1578947368421053,0.07082440560173317,593,I can now say she's got my back with the divorce proposal.
170,5553,0,6,32,38,1.1578947368421053,0.05994682078436837,593,"Sorry, busy and stressed. Wife posted her 95 theses on me..."
126,5553,0,6,32,38,1.1578947368421053,0.05994682078436837,593,"Hi mom, I'm getting divorced."
74,5553,1,4,33,38,1.1578947368421053,0.07082440560173317,593,"I'd like to report a scathing, backstabbing article."
65,5553,1,4,33,38,1.1578947368421053,0.07082440560173317,593,Yes we have teenagers.
39,5553,1,4,33,38,1.1578947368421053,0.07082440560173317,593,"I acknowledge the familiar look, walk, and quack. But do they code like a duck?"
14,5553,1,4,33,38,1.1578947368421053,0.07082440560173317,593,"Hello Police, Before my wife ran off with her tennis instructor, she’s left me a message, and I think it is against the law."
7,5553,1,4,33,38,1.1578947368421053,0.07082440560173317,593,Any chance you misinterpreted the grant specifications?
3869,5553,0,6,32,38,1.1578947368421053,0.05994682078436837,593,Where did you say you left a note telling me what to do for the umpteenth time?
135,5553,0,6,32,38,1.1578947368421053,0.05994682078436837,593,Whats my pain level between one and ten
403,5553,1,4,33,38,1.1578947368421053,0.07082440560173317,593,Since when is emergency calls from landlines not accepted?
477,5553,0,6,32,38,1.1578947368421053,0.05994682078436837,593,"No, I can’t read it. But I have a painful feeling it’s a “Dear John” letter."
524,5553,1,4,33,38,1.1578947368421053,0.07082440560173317,593,"Yes, I did read the fine print, but I still want to cancel my cable service"
868,5553,1,4,33,38,1.1578947368421053,0.07082440560173317,593,Of course I didn't read the prenup; I was madly in love with him.
829,5553,0,6,32,38,1.1578947368421053,0.05994682078436837,593,My insurance papers DO say it's a work related injury!
797,5553,0,6,32,38,1.1578947368421053,0.05994682078436837,593,"Sorry, I'll be late. I've just gotten stuck with my wife's honey-do list."
781,5553,0,6,32,38,1.1578947368421053,0.05994682078436837,593,It would be dangerous to receive any more postings.
766,5553,2,2,34,38,1.1578947368421053,0.08024070996398552,593,The acupuncturist's bill came.
749,5553,0,6,32,38,1.1578947368421053,0.05994682078436837,593,"Honey, have you seen my bills?"
730,5553,0,6,32,38,1.1578947368421053,0.05994682078436837,593,"I know it’s overdrawn sir. Yes, she was a little upset. Well sir, I had it written down but..."
717,5553,0,6,32,38,1.1578947368421053,0.05994682078436837,593,We can't meet your demands because they are not legible.
713,5553,1,4,33,38,1.1578947368421053,0.07082440560173317,593,"Yes hi, I'd like to file some complaints about the billing process."
657,5553,0,6,32,38,1.1578947368421053,0.05994682078436837,593,"Hello, Room Service? I have a complaint about my bill."
653,5553,0,6,32,38,1.1578947368421053,0.05994682078436837,593,"'Where did you put the shopping list?"""
607,5553,1,4,33,38,1.1578947368421053,0.07082440560173317,593,It came special delivery.
567,5553,1,4,33,38,1.1578947368421053,0.07082440560173317,593,She has served me with a divorce petition and it really hurts
551,5553,1,4,33,38,1.1578947368421053,0.07082440560173317,593,"She didn't say no, exactly, to a prenup."
542,5553,1,4,33,38,1.1578947368421053,0.07082440560173317,593,"Yes, Dear, I'll be sure to bring the divorce papers."
537,5553,1,4,33,38,1.1578947368421053,0.07082440560173317,593,I am certain that there has been a miscommunication regarding my job description
528,5553,1,4,33,38,1.1578947368421053,0.07082440560173317,593,I'm going to be late Honey. The intern needs to work on his filing.
933,5553,1,4,33,38,1.1578947368421053,0.07082440560173317,593,"Yes, Doctor, there are 95 of them. Nailed to my back, that's right. I agree, I think there has been some mistake."
1903,5553,1,4,33,38,1.1578947368421053,0.07082440560173317,593,Mommy?
838,5553,1,4,33,38,1.1578947368421053,0.07082440560173317,593,""" Do you have a copy of their demands? I seem to have misplaced mine""."
1918,5553,1,4,33,38,1.1578947368421053,0.07082440560173317,593,"No, what shopping list?"
3353,5553,1,4,33,38,1.1578947368421053,0.07082440560173317,593,I can’t tell you how important this is to my wife.
3345,5553,1,4,33,38,1.1578947368421053,0.07082440560173317,593,"Hello 911? Can you send an ambulance, my wife just served the divorce papers."
3333,5553,1,4,33,38,1.1578947368421053,0.07082440560173317,593,"Yes Officer, my attacker said I had ""violated the contract."""
3228,5553,1,4,33,38,1.1578947368421053,0.07082440560173317,593,"I can't use the cell phone, I clicked ""disagree"" after actually reading the T & Cs. Well..apparently that's not an option anymore."
3190,5553,1,4,33,38,1.1578947368421053,0.07082440560173317,593,Where did you put it? I can't find the credit card statement anywhere.
3168,5553,1,4,33,38,1.1578947368421053,0.07082440560173317,593,I think I’ve been stuck to take one for the team.
3137,5553,1,4,33,38,1.1578947368421053,0.07082440560173317,593,I just got served by my ex
3378,5553,1,4,33,38,1.1578947368421053,0.07082440560173317,593,You were supposed to take the contract with you.
3130,5553,1,4,33,38,1.1578947368421053,0.07082440560173317,593,"Hello, my wife has recently suggested I make an appointment to update my will."
3083,5553,1,4,33,38,1.1578947368421053,0.07082440560173317,593,He didn't respond well when I rejected his list of demands
3067,5553,2,2,34,38,1.1578947368421053,0.08024070996398552,593,Hi Sam. Can you come on over and help me with the note Mabel left for me?
3031,5553,1,4,33,38,1.1578947368421053,0.07082440560173317,593,"I can't talk now, something has come up."
3030,5553,1,4,33,38,1.1578947368421053,0.07082440560173317,593,"Once I accepted that I had to give her half of everything, it wasn’t so painful."
2967,5553,1,4,33,38,1.1578947368421053,0.07082440560173317,593,She said it was either this or alimony.
2951,5553,0,6,32,38,1.1578947368421053,0.05994682078436837,593,"No, thank you. I've already bled at the office."
2905,5553,2,2,34,38,1.1578947368421053,0.08024070996398552,593,"I'd come, but I'm stuck with this ""Honey-Do"" list."
3116,5553,0,6,32,38,1.1578947368421053,0.05994682078436837,593,"Yes I got your letter, but I'm not crazy about the method of delivery."
3379,5553,1,4,33,38,1.1578947368421053,0.07082440560173317,593,"OK, honey, I agree. You can have the house."
3401,5553,1,4,33,38,1.1578947368421053,0.07082440560173317,593,Does the ambulance service accept Visa? I may have just lost my wife's insurance coverage with the divorce filing.
3414,5553,0,6,32,38,1.1578947368421053,0.05994682078436837,593,"You heard me right, Martha. It won't get off my back."
1909,5553,1,4,33,38,1.1578947368421053,0.07082440560173317,593,"I don't think I can get it off without ripping it, and my wife says it's important and the doctor should see it"
3808,5553,0,6,32,38,1.1578947368421053,0.05994682078436837,593,"No my love, I haven't lost the to do list."
3804,5553,0,6,32,38,1.1578947368421053,0.05994682078436837,593,"Yeah, still can't find this week's ""Peacefully Dealing With Coworkers"" bulletin..."
3803,5553,0,6,32,38,1.1578947368421053,0.05994682078436837,593,It's supposed to be pay _or_ die!
3770,5553,0,6,32,38,1.1578947368421053,0.05994682078436837,593,"I have a complaint. When I received the robo-call from you people, and screamed that I will only deal with a human...I had ""human voice"" in mind. Again, your company response is a big disappointment."
3764,5553,1,4,33,38,1.1578947368421053,0.07082440560173317,593,"Well, she didn't exactly sign the divorce papers."
3723,5553,0,6,32,38,1.1578947368421053,0.05994682078436837,593,"Yes Miriam, I just received the Divorce papers you sent. And I might add, I also got the two previous documents you sent, wrapped around bricks & thrown at my window."
3709,5553,2,2,34,38,1.1578947368421053,0.08024070996398552,593,You know how my partner always says 'I got your back'?
3679,5553,0,6,32,38,1.1578947368421053,0.05994682078436837,593,The subpoena just adds insult to injury.
3638,5553,0,6,32,38,1.1578947368421053,0.05994682078436837,593,"Martin Luther? No, and I am not a distant relative...."
3569,5553,0,6,32,38,1.1578947368421053,0.05994682078436837,593,Hey Marty. She just served me the divorce papers.
3562,5553,0,6,32,38,1.1578947368421053,0.05994682078436837,593,"No,we’re going to divorce counseling. She been pretty fair about everything."
3551,5553,1,4,33,38,1.1578947368421053,0.07082440560173317,593,"Yes, Connie, I found the divorce papers."
3534,5553,1,4,33,38,1.1578947368421053,0.07082440560173317,593,I didn't know she could serve divorce papers herself
3531,5553,0,6,32,38,1.1578947368421053,0.05994682078436837,593,"Sorry dear, I can't find the shopping list you gave to me."
3503,5553,1,4,33,38,1.1578947368421053,0.07082440560173317,593,Isn't it a little late to be calling about your new terms of service when they've already stabbed me in the back?
3444,5553,1,4,33,38,1.1578947368421053,0.07082440560173317,593,At least an hour. She's putting on her Stilletos.
2885,5553,1,4,33,38,1.1578947368421053,0.07082440560173317,593,"""Hi sweetheart. I know you want a divorce because of my lack of attention. But where did you leave the divorce papers you wanted me to sign?"
2882,5553,1,4,33,38,1.1578947368421053,0.07082440560173317,593,"My time is up, I think."
3396,5553,1,4,33,38,1.1578947368421053,0.07082440560173317,593,"Well, I took my broken iphone back to the store with my service agreement and the rep gave me a very clear demonstration of what the contract meant."
2820,5553,0,6,32,38,1.1578947368421053,0.05994682078436837,593,The wife told me to tell you that perfumed love letters are bulletin board material.
2379,5553,1,4,33,38,1.1578947368421053,0.07082440560173317,593,"No, I haven’t received the divorce papers."
2326,5553,1,4,33,38,1.1578947368421053,0.07082440560173317,593,"Hi, Does my policy cover Back-U-puncture ?"
2286,5553,0,6,32,38,1.1578947368421053,0.05994682078436837,593,Thank you. It's good to know that you have my back.
2265,5553,1,4,33,38,1.1578947368421053,0.07082440560173317,593,"Well doc, its a long story, but after years of being stabbed in the back by my wife the divorce papers are finally signed."
2241,5553,0,6,32,38,1.1578947368421053,0.05994682078436837,593,"She said she left a letter outlining her grievances but I can't find it."""
2232,5553,0,6,32,38,1.1578947368421053,0.05994682078436837,593,"911 what's your emergency?"" - ""My wife wants a divorce..."
2186,5553,1,4,33,38,1.1578947368421053,0.07082440560173317,593,"Yes, customer service? I'd like to file a complaint about your subpoena delivery service."
2175,5553,0,6,32,38,1.1578947368421053,0.05994682078436837,593,I’m killing the script
2105,5553,2,2,34,38,1.1578947368421053,0.08024070996398552,593,"911, what’s your emergency ? I wanted you file a missing persons report. What’s the name of the person, sir? Her name is Acapethaua. Can you spell that for me, please. Yes, is A C A...... you still there? Hello?"
2099,5553,1,4,33,38,1.1578947368421053,0.07082440560173317,593,Can you please explain to Martin Luther that I'm not Dan Brown?
2069,5553,1,4,33,38,1.1578947368421053,0.07082440560173317,593,"Why yes, my ex-wife did deliver the divorce papers, but they are not accessible at this moment"
2057,5553,2,2,34,38,1.1578947368421053,0.08024070996398552,593,"Don't worry about this deal. I've read the fine print; I've got my back covered, and I'll take a stab at it."
2042,5553,0,6,32,38,1.1578947368421053,0.05994682078436837,593,Customer service? We have a question or two about your assembly instructions...
2020,5553,0,6,32,38,1.1578947368421053,0.05994682078436837,593,I think it says kick me
2013,5553,1,4,33,38,1.1578947368421053,0.07082440560173317,593,"Gosh, no. I didn't see anything. If it happened, must have been out of the room."
2832,5553,1,4,33,38,1.1578947368421053,0.07082440560173317,593,"No, officer, not a ""honey-do"" list....more like a list of grievances..."
1920,5553,1,4,33,38,1.1578947368421053,0.07082440560173317,593,He was jealous of my indulgences.
2382,5553,0,6,32,38,1.1578947368421053,0.05994682078436837,593,"Sorry, I am just not seeing your point."
2401,5553,1,4,33,38,1.1578947368421053,0.07082440560173317,593,She found out I was messing with the ladies.
2200,5553,0,6,32,38,1.1578947368421053,0.05994682078436837,593,I have that strange feeling of having theses pinned to my back.
2693,5553,2,2,34,38,1.1578947368421053,0.08024070996398552,593,"No, I didn't read the fine print."
2408,5553,2,2,34,38,1.1578947368421053,0.08024070996398552,593,He's still mad and now he's found religion.
2731,5553,0,6,32,38,1.1578947368421053,0.05994682078436837,593,I think she's trying to tell me something.
2725,5553,1,4,33,38,1.1578947368421053,0.07082440560173317,593,"I don’t know, she just said something about 95 theses or something."
2709,5553,1,4,33,38,1.1578947368421053,0.07082440560173317,593,My wife left me a note to call you.
2661,5553,0,6,32,38,1.1578947368421053,0.05994682078436837,593,Next time can you please fax the contract instead of having Mack deliver it?
2632,5553,1,4,33,38,1.1578947368421053,0.07082440560173317,593,Your note was just like stabbing me in the back!
2630,5553,0,6,32,38,1.1578947368421053,0.05994682078436837,593,I'd like to report a crime. I and my screenplay have been stabbed in the back.
2748,5553,1,4,33,38,1.1578947368421053,0.07082440560173317,593,"No, I obviously didn't read the terms and conditions."
2602,5553,1,4,33,38,1.1578947368421053,0.07082440560173317,593,We decided who's gonna take care of it.
2595,5553,1,4,33,38,1.1578947368421053,0.07082440560173317,593,Hello John. My wife just delivered the divorce papers. Should I come by your office to have them signed and notorized?
2572,5553,1,4,33,38,1.1578947368421053,0.07082440560173317,593,I think the gist is he feels we are overindulging his sister.
2567,5553,2,2,34,38,1.1578947368421053,0.08024070996398552,593,"You said that last time. You said, “He’ll get back.”"
2532,5553,1,4,33,38,1.1578947368421053,0.07082440560173317,593,Exposing my colleagues was a really bad idea.
2529,5553,0,6,32,38,1.1578947368421053,0.05994682078436837,593,"Look, just send someone over, okay! My boss will be even more upset if the contract is smudged with blood."
2511,5553,1,4,33,38,1.1578947368421053,0.07082440560173317,593,I'm sorry but she just stepped out for a minute.
2456,5553,0,6,32,38,1.1578947368421053,0.05994682078436837,593,I've been home all week and even checked the mailbox. I think my wife forgot about the divorce papers.
2432,5553,0,6,32,38,1.1578947368421053,0.05994682078436837,593,"Don't worry Martha, I'll sign the divorce papers as soon as I can find them."
2788,5553,1,4,33,38,1.1578947368421053,0.07082440560173317,593,Mr. Weinstein is not happy with your article.
4991,5879,0,6,33,39,1.1538461538461537,0.05852968540405249,593,"Honey, remember when I warned you that Circus performer tenants always complain about their apartments?"
4982,5879,0,6,33,39,1.1538461538461537,0.05852968540405249,593,"Can't go golfing this weekend, Herb Ann gave me a honey- do list."
5046,5879,0,6,33,39,1.1538461538461537,0.05852968540405249,593,He thinks he's Martin Luther
5642,5879,0,6,33,39,1.1538461538461537,0.05852968540405249,593,"Honey, where did you leave that to do list ?"
4948,5879,0,6,33,39,1.1538461538461537,0.05852968540405249,593,I laughed when she threatened to serve me papers - then it went downhill fast.
4939,5879,1,4,34,39,1.1538461538461537,0.06910319629955256,593,It's a 1099. I've been hired.
5102,5879,1,4,34,39,1.1538461538461537,0.06910319629955256,593,I want to report a stick-up!
4862,5879,0,6,33,39,1.1538461538461537,0.05852968540405249,593,"She called it, ""The Edict of Nance."""
4956,5879,0,6,33,39,1.1538461538461537,0.05852968540405249,593,"Ooh, you cut me, daddy!"
5108,5879,0,6,33,39,1.1538461538461537,0.05852968540405249,593,"Believe me, you can still make a killing in print."
5555,5879,1,4,34,39,1.1538461538461537,0.06910319629955256,593,"Where did you leave the divorce papers, again?"
5214,5879,0,6,33,39,1.1538461538461537,0.05852968540405249,593,My wife left me and I have no idea why.
5240,5879,0,6,33,39,1.1538461538461537,0.05852968540405249,593,Maid Marian hated the counter offer.
5273,5879,0,6,33,39,1.1538461538461537,0.05852968540405249,593,"Honey, does ""call 911"" come before or after the rest?"
5412,5879,1,4,34,39,1.1538461538461537,0.06910319629955256,593,"Hello, Paul? I thought I signed up for the Cut Your Bill in Half program..."
5460,5879,0,6,33,39,1.1538461538461537,0.05852968540405249,593,"Hello, it's Mr. Bill Board here. I believe I've been stabbed."
5540,5879,1,4,34,39,1.1538461538461537,0.06910319629955256,593,"Not tonight, Don. These deadlines are literally killing me. Go figure."
5652,5879,1,4,34,39,1.1538461538461537,0.06910319629955256,593,I'm especially worried about the Counter-Reformation.
4849,5879,0,6,33,39,1.1538461538461537,0.05852968540405249,593,"Well, thank God it's not mightier than a sword."
5128,5879,1,4,34,39,1.1538461538461537,0.06910319629955256,593,It's partly my fault. I told her if she couldn't decide where to go on vacation she should just throw a knife at the travel brochure.
4787,5879,1,4,34,39,1.1538461538461537,0.06910319629955256,593,"Yeah, I have my layoff notice right here."
3997,5879,1,4,34,39,1.1538461538461537,0.06910319629955256,593,"She had something important to tell me, but was running late for her group therapy."
4737,5879,1,4,34,39,1.1538461538461537,0.06910319629955256,593,The news of my death is all fake.
3968,5879,1,4,34,39,1.1538461538461537,0.06910319629955256,593,They make some good points.
5770,5879,1,4,34,39,1.1538461538461537,0.06910319629955256,593,We were having a discussion about al fresco or full service for dinner tonight and then “whammo “.
3982,5879,0,6,33,39,1.1538461538461537,0.05852968540405249,593,She stabbed me in the back mom...more than you know.
4001,5879,1,4,34,39,1.1538461538461537,0.06910319629955256,593,"Goodell: Yes, Jerry, I received a copy of the lawsuit about my job...Thanks."
4029,5879,0,6,33,39,1.1538461538461537,0.05852968540405249,593,Can I call you later? I'm backed up with paperwork.
4085,5879,2,2,35,39,1.1538461538461537,0.07826096986449653,593,I suspect the bleeding has only just begun.
4213,5879,0,6,33,39,1.1538461538461537,0.05852968540405249,593,My morning work prediction has been received. Thank you.
4225,5879,0,6,33,39,1.1538461538461537,0.05852968540405249,593,She either left a detailed motive or an alibi.
4241,5879,2,2,35,39,1.1538461538461537,0.07826096986449653,593,So your really going to stick it to me this time?
4267,5879,0,6,33,39,1.1538461538461537,0.05852968540405249,593,"I just received my divorce settlement demands, can we schedule a meeting at your earliest convenience?"
4312,5879,0,6,33,39,1.1538461538461537,0.05852968540405249,593,"Well, I assumed he meant MLK Jr., if I had known he meant the original Martin Luther I wouldn't have agreed to be the Church door."
4399,5879,1,4,34,39,1.1538461538461537,0.06910319629955256,593,"No, ma'am, they're not just as good as safety pins."
4483,5879,1,4,34,39,1.1538461538461537,0.06910319629955256,593,"I get the point, Dear."
4512,5879,0,6,33,39,1.1538461538461537,0.05852968540405249,593,"Yes, SAS legal department? My son just filled out your application form, and I'd like to suggest that you rethink the wording of your terms and conditions where it says, ""stab if you agree""."
4568,5879,0,6,33,39,1.1538461538461537,0.05852968540405249,593,"No, I didn't sign it and don't need the legal department, would you please just send an ambulance?"
4601,5879,1,4,34,39,1.1538461538461537,0.06910319629955256,593,Sorry but I can't read the fine print on the contract right now.
4606,5879,1,4,34,39,1.1538461538461537,0.06910319629955256,593,"I expected you to deliver your poison pen letter in person, not by UPS."
4609,5879,1,4,34,39,1.1538461538461537,0.06910319629955256,593,What poster??
4701,5879,1,4,34,39,1.1538461538461537,0.06910319629955256,593,"Mom, I have a note for you from my boss."
4742,5879,0,6,33,39,1.1538461538461537,0.05852968540405249,593,"With ad revenue at an all-time high, Mr. Gardner still had to sell the shirt off his back to keep the art review in publication. ""Well,"" he reasoned. ""At least I'll stay warm."""
5898,5879,2,2,35,39,1.1538461538461537,0.07826096986449653,593,"No, you've caught me at a great time."
7662,5879,1,4,34,39,1.1538461538461537,0.06910319629955256,593,I'm calling about your bulletin.
5948,5879,0,6,33,39,1.1538461538461537,0.05852968540405249,593,"No, the last two digits are eight two."
6848,5879,1,4,34,39,1.1538461538461537,0.06910319629955256,593,"I got 95 Theses, but a knife ain't one... It is, however, the reason I'll miss work today."
6880,5879,1,4,34,39,1.1538461538461537,0.06910319629955256,593,"Hun, where did you put that list of all the people who backstabbed me?"
6922,5879,2,2,35,39,1.1538461538461537,0.07826096986449653,593,Can I tell you about a few items that aren't on the menu?
6946,5879,0,6,33,39,1.1538461538461537,0.05852968540405249,593,The betrayal and demands are outrageous and you did not even have the courtesy of using you own knife.
7051,5879,0,6,33,39,1.1538461538461537,0.05852968540405249,593,I asked you to add footnotes
7121,5879,1,4,34,39,1.1538461538461537,0.06910319629955256,593,I heard.
7209,5879,0,6,33,39,1.1538461538461537,0.05852968540405249,593,Apparently chiropractors don’t take I.O.U.s.
7266,5879,0,6,33,39,1.1538461538461537,0.05852968540405249,593,"When she said roses are red, I didn’t think she meant the blood dripping down my back."
7274,5879,1,4,34,39,1.1538461538461537,0.06910319629955256,593,"Honey, where did you say you put that ""honey-do""list?"
7488,5879,1,4,34,39,1.1538461538461537,0.06910319629955256,593,"Yes, she's gone. She had a hard time sharing her thoughts with me."
7530,5879,1,4,34,39,1.1538461538461537,0.06910319629955256,593,Your lawyer delivered the divorce decree.
7545,5879,0,6,33,39,1.1538461538461537,0.05852968540405249,593,"Yes, but your email clearly states you would indemnify me!"
7590,5879,1,4,34,39,1.1538461538461537,0.06910319629955256,593,911? I have just been murdered by a poison pen letter opener.
7620,5879,1,4,34,39,1.1538461538461537,0.06910319629955256,593,"Look, I don't care how old Grandpa Brutus is. I think it's time we taught him to text."
7677,5879,2,2,35,39,1.1538461538461537,0.07826096986449653,593,I'll have to cancel golf tomorrow - my wife reminded me that I had agreed to go to the flower show with her.
7765,5879,0,6,33,39,1.1538461538461537,0.05852968540405249,593,I did receive your demands but I haven't gotten around to them.
7781,5879,0,6,33,39,1.1538461538461537,0.05852968540405249,593,“Put the next notice in my head because my backs already full”.
7802,5879,1,4,34,39,1.1538461538461537,0.06910319629955256,593,And then I finally got the point.
3952,5879,0,6,33,39,1.1538461538461537,0.05852968540405249,593,Hey your right about letting my wife in on the life insurance.
6813,5879,1,4,34,39,1.1538461538461537,0.06910319629955256,593,Hi Honey -- taking a stab at your To Do List so I can get these items off my back.
6771,5879,0,6,33,39,1.1538461538461537,0.05852968540405249,593,What honey-do list?
6770,5879,0,6,33,39,1.1538461538461537,0.05852968540405249,593,Should I be able to feel it?
6743,5879,1,4,34,39,1.1538461538461537,0.06910319629955256,593,Hello Jim. Thank you for forwarding my divorce decree!
5955,5879,1,4,34,39,1.1538461538461537,0.06910319629955256,593,"Yes, I received your notice. No, I haven't been able to get to it quite yet. Perhaps when my wife gets home?"
5970,5879,1,4,34,39,1.1538461538461537,0.06910319629955256,593,I would like to report that someone just pegged 95 theses on my back and I am not even Catholic.
5999,5879,0,6,33,39,1.1538461538461537,0.05852968540405249,593,I ran into a Martin Luher impersonator going into church today.
6021,5879,1,4,34,39,1.1538461538461537,0.06910319629955256,593,I just got the non-disclosure contract.
6072,5879,2,2,35,39,1.1538461538461537,0.07826096986449653,593,But it's not a deed – it’s a title.
6124,5879,0,6,33,39,1.1538461538461537,0.05852968540405249,593,"On the other hand, at least it wasn't a kick in the guts."
6193,5879,1,4,34,39,1.1538461538461537,0.06910319629955256,593,"Uh...yes, I'm quite sure she has reviewed the prenuptial."
6207,5879,0,6,33,39,1.1538461538461537,0.05852968540405249,593,As if stealing the company away wasn't enough...
6212,5879,0,6,33,39,1.1538461538461537,0.05852968540405249,593,"Good news, I finalized my will. bad news you're not in it"
5924,5879,2,2,35,39,1.1538461538461537,0.07826096986449653,593,I'll review the contract just as soon as the bandage arrives.
6325,5879,1,4,34,39,1.1538461538461537,0.06910319629955256,593,She said NOW our divorce is final
6354,5879,0,6,33,39,1.1538461538461537,0.05852968540405249,593,"Honey, would you text me that shopping list? I can't read the copy you left at home."
6429,5879,0,6,33,39,1.1538461538461537,0.05852968540405249,593,Yea I got naked so what?
6518,5879,0,6,33,39,1.1538461538461537,0.05852968540405249,593,Martin thinks our counteroffer is low.
6560,5879,1,4,34,39,1.1538461538461537,0.06910319629955256,593,"Classic FBI, stab a colleague in the back and leave a vindication!"
6563,5879,0,6,33,39,1.1538461538461537,0.05852968540405249,593,Hold on a sec - this text message is marked 'urgent.'
6603,5879,1,4,34,39,1.1538461538461537,0.06910319629955256,593,I'm getting this sense that I'm forgetting something.
6650,5879,3,0,36,39,1.1538461538461537,0.0864540749152333,593,"If I could read what it says, I wouldn't be calling for help."
6667,5879,0,6,33,39,1.1538461538461537,0.05852968540405249,593,And cheese and milk TOO?
6684,5879,0,6,33,39,1.1538461538461537,0.05852968540405249,593,"I thought we were keeping this amicable, Susan."
6335,5879,1,4,34,39,1.1538461538461537,0.06910319629955256,593,The kid evidently thought the chaperone said 'tale.' And 'honky.'
3905,5879,0,6,33,39,1.1538461538461537,0.05852968540405249,593,"Louise, you know that list of complaints Jimmie's been compiling?"
3408,5879,0,6,33,39,1.1538461538461537,0.05852968540405249,593,You thought YOU had it bad with your scarlet letter.
3738,5879,1,4,34,39,1.1538461538461537,0.06910319629955256,593,I'm sure I haven't seen it. When did you send it?
1022,5879,2,2,35,39,1.1538461538461537,0.07826096986449653,593,"Well honey, I guess giving your mother a list of reasons she’s like an itch I can’t scratch was a mistake."
1058,5879,0,6,33,39,1.1538461538461537,0.05852968540405249,593,911? This time a backstabbing spouse serving divorce papers is an emergency.
1129,5879,1,4,34,39,1.1538461538461537,0.06910319629955256,593,"She stuck me with the amendment's text, and I realized that guns are not the only way to fight back."
1200,5879,0,6,33,39,1.1538461538461537,0.05852968540405249,593,I don't feel good moving forward.
1218,5879,0,6,33,39,1.1538461538461537,0.05852968540405249,593,Can you connect me with Backstabbers Anonymous ?
1252,5879,1,4,34,39,1.1538461538461537,0.06910319629955256,593,"Hi Monica, I can't meet you for a drink tonight, I'm afraid my wife suspects something."
1282,5879,0,6,33,39,1.1538461538461537,0.05852968540405249,593,"Yes, your demands have been posted and duly noted. A little heads up might have been nice, however."
1316,5879,1,4,34,39,1.1538461538461537,0.06910319629955256,593,Well at least thing time the backstabber left an explanation
1367,5879,1,4,34,39,1.1538461538461537,0.06910319629955256,593,"I dunno Mom, I think Cheryl's pretty serious about the divorce. Can I call you back?"
1408,5879,1,4,34,39,1.1538461538461537,0.06910319629955256,593,"They claim I violated the terms of our non-disclosure agreement, if I understand the point of this message."
1410,5879,1,4,34,39,1.1538461538461537,0.06910319629955256,593,Dad died. He wouldn't say if he had a will.
1446,5879,1,4,34,39,1.1538461538461537,0.06910319629955256,593,Hello 911? My son has changed his name to M. Luther and posted some Theses relating to his allowance which I think you should know about.
1472,5879,1,4,34,39,1.1538461538461537,0.06910319629955256,593,"She claimed I had no backbone - luckily for me, she was right."
1510,5879,1,4,34,39,1.1538461538461537,0.06910319629955256,593,Her response to the divorce papers just arrived.
1514,5879,2,2,35,39,1.1538461538461537,0.07826096986449653,593,"No, Mother. She did NOT agree to the pre-nup."
1556,5879,1,4,34,39,1.1538461538461537,0.06910319629955256,593,911? I? think I? have a message for your people. It was hoped that you’d find me dead.
1586,5879,1,4,34,39,1.1538461538461537,0.06910319629955256,593,So I forgot the grocery list. For this you stab me in the back?
1691,5879,1,4,34,39,1.1538461538461537,0.06910319629955256,593,"I know you said you left a list, but I can't find it anywhere!"
1716,5879,1,4,34,39,1.1538461538461537,0.06910319629955256,593,"I get the point, you want a divorce."
852,5879,1,4,34,39,1.1538461538461537,0.06910319629955256,593,My lawyer says it will make me look more sympathetic.
1801,5879,1,4,34,39,1.1538461538461537,0.06910319629955256,593,"Yeah, I don't think the client likes our contract stipulations....they kept mentioning all the ""indulgences""."
849,5879,1,4,34,39,1.1538461538461537,0.06910319629955256,593,"Well, let's just say the players' union wasn't quite ready to come to terms."
810,5879,0,6,33,39,1.1538461538461537,0.05852968540405249,593,"Yes, about your lawyer,,,,"
3783,5879,3,0,36,39,1.1538461538461537,0.0864540749152333,593,"I'm not sure what her latest emands are yet, but the negotiations have racheted up somewhat."
27,5879,0,6,33,39,1.1538461538461537,0.05852968540405249,593,The kid playing Martin Luther at today's Reformation pageant missed the door and I got the 95 theses instead.
40,5879,0,6,33,39,1.1538461538461537,0.05852968540405249,593,"Don't worry honey, your reminder for your 't.t.d.' list was quite clear!"
44,5879,1,4,34,39,1.1538461538461537,0.06910319629955256,593,"Honestly, I thought acupuncture was just needles."
98,5879,1,4,34,39,1.1538461538461537,0.06910319629955256,593,I've been served with divorce papers
114,5879,2,2,35,39,1.1538461538461537,0.07826096986449653,593,Of course I read the fine print.
207,5879,0,6,33,39,1.1538461538461537,0.05852968540405249,593,"Little Caesars, I would like to order a pizza."
269,5879,1,4,34,39,1.1538461538461537,0.06910319629955256,593,"I've been stabbed in the back, and I'm pretty sure it was by a Lutheran."
292,5879,0,6,33,39,1.1538461538461537,0.05852968540405249,593,"Hello, room service? I was just served papers that I didn't order."
320,5879,0,6,33,39,1.1538461538461537,0.05852968540405249,593,What do you mean you put out a contract on me?
363,5879,2,2,35,39,1.1538461538461537,0.07826096986449653,593,We sent the really gifted ones to an advanced incubator.
386,5879,1,4,34,39,1.1538461538461537,0.06910319629955256,593,"Susan, your divorce lawyer really stuck it to me."
487,5879,0,6,33,39,1.1538461538461537,0.05852968540405249,593,"Hello,911,no, no, no, don't put me on hold..."
594,5879,1,4,34,39,1.1538461538461537,0.06910319629955256,593,"Some sort of thesis he said, but I haven't had a chance to read it."
689,5879,0,6,33,39,1.1538461538461537,0.05852968540405249,593,My back is killing me. I'll call you later.
718,5879,0,6,33,39,1.1538461538461537,0.05852968540405249,593,‘They heard you were a quack.’
739,5879,2,2,35,39,1.1538461538461537,0.07826096986449653,593,"My back pain proves I have feelings, but I can't find Your list of grievances."
745,5879,1,4,34,39,1.1538461538461537,0.06910319629955256,593,"Yes, the divorce is final. She signed the papers this morning."
775,5879,0,6,33,39,1.1538461538461537,0.05852968540405249,593,The prenup is signed but I can't seem to reach it.
836,5879,2,2,35,39,1.1538461538461537,0.07826096986449653,593,She just posted a list of grievances.
1807,5879,1,4,34,39,1.1538461538461537,0.06910319629955256,593,How do I know we're being evicted? I've just got a feeling.
1405,5879,1,4,34,39,1.1538461538461537,0.06910319629955256,593,"Look, officer. Whether it rises to the level of the unibomber manifesto is beyond my pay grade. But it hurts, nonetheless."
1821,5879,0,6,33,39,1.1538461538461537,0.05852968540405249,593,"Honey , I still can't find the shopping list ."
2956,5879,1,4,34,39,1.1538461538461537,0.06910319629955256,593,"I am sorry, you She just left, can I take a message?"
2965,5879,1,4,34,39,1.1538461538461537,0.06910319629955256,593,"Oh, I got the point."
2972,5879,0,6,33,39,1.1538461538461537,0.05852968540405249,593,So it turns out getting stabbed in the back isn’t all that bad.
2975,5879,1,4,34,39,1.1538461538461537,0.06910319629955256,593,Is that with or without the tip?
3003,5879,1,4,34,39,1.1538461538461537,0.06910319629955256,593,"Sorry, I think my wife may have a few things for me to do."
3052,5879,2,2,35,39,1.1538461538461537,0.07826096986449653,593,People have been kicking me in the same elaborate manner all day long. So how was your day?
3055,5879,1,4,34,39,1.1538461538461537,0.06910319629955256,593,Nope. I've never heard of Putin.
3056,5879,0,6,33,39,1.1538461538461537,0.05852968540405249,593,So...my wife just gave me divorce papers.
3224,5879,0,6,33,39,1.1538461538461537,0.05852968540405249,593,"... well she has been talking a lot about divorce recently, maybe it's something to do with that."
3374,5879,0,6,33,39,1.1538461538461537,0.05852968540405249,593,Yes. I did receive your letter.
1814,5879,1,4,34,39,1.1538461538461537,0.06910319629955256,593,"I have a feeling my policy doesn't cover ""insurance representative-induced injuries."""
3455,5879,1,4,34,39,1.1538461538461537,0.06910319629955256,593,"Yes, doctor, I'm sticking to my diet religiously."
3474,5879,0,6,33,39,1.1538461538461537,0.05852968540405249,593,This is Tom in room 808. I need schedule a dry cleaning pickup for tomorrow.
3478,5879,1,4,34,39,1.1538461538461537,0.06910319629955256,593,I'd like to report a back stabbing.
3554,5879,0,6,33,39,1.1538461538461537,0.05852968540405249,593,"The devil's on my back, and she wants a divorce."
3571,5879,1,4,34,39,1.1538461538461537,0.06910319629955256,593,I can tell you all about it when I have absorbed it thoroughly.
3620,5879,1,4,34,39,1.1538461538461537,0.06910319629955256,593,"Yes, I'd like to order take-out."
3670,5879,0,6,33,39,1.1538461538461537,0.05852968540405249,593,I got your love note.
3702,5879,3,0,36,39,1.1538461538461537,0.0864540749152333,593,I had to sign for it but I haven't had time to read it yet.
2922,5879,1,4,34,39,1.1538461538461537,0.06910319629955256,593,"You back-stabbing witch - I READ the damn alimony provisions, ya know . . ."
2916,5879,0,6,33,39,1.1538461538461537,0.05852968540405249,593,"Well, at the moment, I’m having a hard time reading the fine print of my life insurance policy."
3305,5879,1,4,34,39,1.1538461538461537,0.06910319629955256,593,"Room service, please."
2786,5879,0,6,33,39,1.1538461538461537,0.05852968540405249,593,"Sorry, but can you send me another copy of the contract? I an having trouble seem reading this one."
2893,5879,0,6,33,39,1.1538461538461537,0.05852968540405249,593,"Imagine, he invites me to this very fancy sushi place, and he sticks me with the bill!"
1838,5879,0,6,33,39,1.1538461538461537,0.05852968540405249,593,"I don't know, I can't read it."
1857,5879,1,4,34,39,1.1538461538461537,0.06910319629955256,593,I’d like to report a sighting of Martin Luther and his new 95 theses.
1893,5879,1,4,34,39,1.1538461538461537,0.06910319629955256,593,It’s my to do list. Apparently she’s taken advise from one of her backstabbing friends.
1951,5879,1,4,34,39,1.1538461538461537,0.06910319629955256,593,"Yes dear, I got your list"
1990,5879,2,2,35,39,1.1538461538461537,0.07826096986449653,593,Indeed. This case is proving hard to pin down.
2290,5879,1,4,34,39,1.1538461538461537,0.06910319629955256,593,The Instant Messenger Beta Test that failed.
2362,5879,0,6,33,39,1.1538461538461537,0.05852968540405249,593,The Bishop says I’m not Lutheran enough.
2386,5879,2,2,35,39,1.1538461538461537,0.07826096986449653,593,"Yes John, my wife abandoned me, she said she left a letter somewhere to explain she doesn’t love me anymore because I’m unemotional and behave like I don't feel anything, but I really can't understand why"
2404,5879,0,6,33,39,1.1538461538461537,0.05852968540405249,593,You told me I would be portrayed as the hero!
2129,5879,0,6,33,39,1.1538461538461537,0.05852968540405249,593,Apparently my wife thinks I am behind with my 'to do' list.
2435,5879,1,4,34,39,1.1538461538461537,0.06910319629955256,593,This landline contract is a killer.
2680,5879,0,6,33,39,1.1538461538461537,0.05852968540405249,593,It’s that damn history teacher! They’re studying Martin Luther and he’s into “hands-on” pedagogy...
2590,5879,1,4,34,39,1.1538461538461537,0.06910319629955256,593,I think we need to rewrite the prenup.
2562,5879,0,6,33,39,1.1538461538461537,0.05852968540405249,593,"I know, but she wasn’t a Martin Luther."
2528,5879,0,6,33,39,1.1538461538461537,0.05852968540405249,593,"Twenty minutes? Okay, I guess. If I don't answer right away, tell them to keep trying."
2702,5879,1,4,34,39,1.1538461538461537,0.06910319629955256,593,Out of the blue she serve me divorce papers today! After raising three children and everything I've given her---It was a real stab in the back.
2439,5879,1,4,34,39,1.1538461538461537,0.06910319629955256,593,lawyers
3716,5879,2,2,35,39,1.1538461538461537,0.07826096986449653,593,You said this was going to be a friendly divorce!
2458,5879,1,4,34,39,1.1538461538461537,0.06910319629955256,593,Something tells me my payment is late.
4042,6061,0,6,34,40,1.15,0.057177187489686566,593,"I've narrowed it down to two theories, Doris: Either she suspects something, or she ran out of space on the bulletin board."
6589,6061,1,4,35,40,1.15,0.0674631903431942,593,"Hello, 911? This is Martin Luther. Can you send an EMT to my house who can read Latin?"
6397,6061,0,6,34,40,1.15,0.057177187489686566,593,"Sir, I promise you my loyalty."
6360,6061,1,4,35,40,1.15,0.0674631903431942,593,"How am I supposed to see your ""To-Do List"" when you stuck it there?"
5987,6061,1,4,35,40,1.15,0.0674631903431942,593,"Dear, I promise I won’t forget to pay that bill"
5457,6061,0,6,34,40,1.15,0.057177187489686566,593,No problem. I haven't gone yet.
4805,6061,1,4,35,40,1.15,0.0674631903431942,593,Pirates keep kicking me in the butt everywhere I go.
4664,6061,1,4,35,40,1.15,0.0674631903431942,593,Yes I''ll definitely save the date!
4326,6061,2,2,36,40,1.15,0.07637626158259735,593,“Mother wants me to look for a job”.
3971,6061,0,6,34,40,1.15,0.057177187489686566,593,"Hello. Father O'Brian? There's a guy who claims to be Martin Luther in the neighborhood. He just left here. If he shows up at Church, do not turn your back on him!"
750,6061,1,4,35,40,1.15,0.0674631903431942,593,I changed my mind and would like to add voicemail.
3258,6061,0,6,34,40,1.15,0.057177187489686566,593,My wife would like to cancel our remaining 'Marriage Counseling' sessions.
3072,6061,1,4,35,40,1.15,0.0674631903431942,593,"I think they're serious."""
2913,6061,0,6,34,40,1.15,0.057177187489686566,593,"Honey, I’ll be coming home early from the conference."
2805,6061,1,4,35,40,1.15,0.0674631903431942,593,"On a positive note, she gave me 48 hours to accede to her demands..."
2608,6061,1,4,35,40,1.15,0.0674631903431942,593,"Actually, I am quite unhappy with my current internet and cable contract."
2209,6061,0,6,34,40,1.15,0.057177187489686566,593,"I understand that you had your reasons, but it's still not cool."
1942,6061,1,4,35,40,1.15,0.0674631903431942,593,Where did you put the shopping list I don't see it anywhere
1913,6061,0,6,34,40,1.15,0.057177187489686566,593,I’ve just gotten the divorce papers. What’s the next step?
1383,6061,0,6,34,40,1.15,0.057177187489686566,593,Never mind. Just send up room service.
6911,6061,1,4,35,40,1.15,0.0674631903431942,593,"You're mad, but there's nicer ways to deliver divorce papers!"
3614,6061,0,6,34,40,1.15,0.057177187489686566,593,Please send it in an email next time.
6318,6083,1,4,36,41,1.146341463414634,0.0658988101761283,593,"""No, that's the strange thing. They didn't even say what this is all about""."
6685,6083,1,4,36,41,1.146341463414634,0.0658988101761283,593,What time is the movie? I can't find my paper.
6274,6083,1,4,36,41,1.146341463414634,0.0658988101761283,593,"Monsignor, I need to buy a plenary indulgence right away."
6469,6083,1,4,36,41,1.146341463414634,0.0658988101761283,593,Honey....where did you put the shopping list??
5794,6083,0,6,35,41,1.146341463414634,0.05588506945068099,593,"What's your point, Emily?"
4687,6083,0,6,35,41,1.146341463414634,0.05588506945068099,593,When will I get the @&$?#*! signed divorce agreement
5032,6083,0,6,35,41,1.146341463414634,0.05588506945068099,593,"I've received the paperwork for the mobile, and I've decided to stick with the landline for a while longer."
3219,6083,1,4,36,41,1.146341463414634,0.0658988101761283,593,I wish for once she’d just tell me what to wear.
5682,6083,1,4,36,41,1.146341463414634,0.0658988101761283,593,"Honey, tell me again why you feel like Martin Luther."
4590,6083,1,4,36,41,1.146341463414634,0.0658988101761283,593,"No, what shopping list?"
6113,6093,1,3,31,35,1.1428571428571428,0.07267814558130975,593,I truly feel I am being stabbed in the back.
4977,6093,0,5,30,35,1.1428571428571428,0.06001200360120041,593,I’d like to report a suicide by suicide note
5125,6093,1,3,31,35,1.1428571428571428,0.07267814558130975,593,Hello? I'd like to place an order for delivery.
5142,6093,0,5,30,35,1.1428571428571428,0.06001200360120041,593,So ya think she might want a divorce?
5185,6093,0,5,30,35,1.1428571428571428,0.06001200360120041,593,"So, I told that Luther fellow what he could do with his theses."
5217,6093,1,3,31,35,1.1428571428571428,0.07267814558130975,593,She says she has 95 reasons to divorce me.
5277,6093,1,3,31,35,1.1428571428571428,0.07267814558130975,593,"So, we finalized our divorce today."
5305,6093,0,5,30,35,1.1428571428571428,0.06001200360120041,593,"Mom, even with something as trivial as a grocery list the jury is still out for my wife being too passive aggressive."
5344,6093,0,5,30,35,1.1428571428571428,0.06001200360120041,593,"""No, I didn't read it. But I still want a refund. The knife's just not as sharp as advertised""."
5425,6093,0,5,30,35,1.1428571428571428,0.06001200360120041,593,"Then he said, ""Hey man, whaddaya expect? I'm Jim Bowie. I don't do push pins."""
5469,6093,1,3,31,35,1.1428571428571428,0.07267814558130975,593,Martin Luther's lawyer provided his demands.
5473,6093,1,3,31,35,1.1428571428571428,0.07267814558130975,593,"Tomato, toe-mah-to... let's call the whole thing off."
5546,6093,0,5,30,35,1.1428571428571428,0.06001200360120041,593,"Yes I received your offer, but I'm struggling with the fine print."
5662,6093,0,5,30,35,1.1428571428571428,0.06001200360120041,593,Where's my To-Do List? I told you NEVER to move my To-Do List!
5694,6093,0,5,30,35,1.1428571428571428,0.06001200360120041,593,It is not true! I did not grope that girl!
5786,6093,1,3,31,35,1.1428571428571428,0.07267814558130975,593,"Et tu, Bruce?"
5813,6093,1,3,31,35,1.1428571428571428,0.07267814558130975,593,He said something about walking papers but no bonus...
5885,6093,1,3,31,35,1.1428571428571428,0.07267814558130975,593,"I can't put my finger on it, but I have this feeling you're upset."
5890,6093,0,5,30,35,1.1428571428571428,0.06001200360120041,593,Yes- I'd like to report 95 of my undergraduate students...
5937,6093,1,3,31,35,1.1428571428571428,0.07267814558130975,593,What do you mean I can't get out of my wireless contract?
6050,6093,1,3,31,35,1.1428571428571428,0.07267814558130975,593,They keep trying to stick the chosen with the antiquated Constitution.
6074,6093,0,5,30,35,1.1428571428571428,0.06001200360120041,593,"Am I middle-class? Yes, but I've not seen the tax reform bill."
6106,6093,0,5,30,35,1.1428571428571428,0.06001200360120041,593,"The last time I saw it, you were reminding me we have dinner tonight at the Andersons."
4965,6093,0,5,30,35,1.1428571428571428,0.06001200360120041,593,"Yes, pointed, cutting and edgy, but not in the way you'd expect it to be."
5656,6093,0,5,30,35,1.1428571428571428,0.06001200360120041,593,"I know you said I wouldn’t forget this message, where is it?"
4928,6093,2,1,32,35,1.1428571428571428,0.08344330478861452,593,Dr.! For the past week Ive had this sharp pain between my shoulder blades.
4877,6093,1,3,31,35,1.1428571428571428,0.07267814558130975,593,"I'm sorry, dear, but I still can't find your divorce petition."
4222,6093,0,5,30,35,1.1428571428571428,0.06001200360120041,593,She didn't even leave a note.
4223,6093,1,3,31,35,1.1428571428571428,0.07267814558130975,593,It's not that I didn't receive the eviction notice...
4235,6093,2,1,32,35,1.1428571428571428,0.08344330478861452,593,They are offering me points on the back end.
4248,6093,1,3,31,35,1.1428571428571428,0.07267814558130975,593,I don’t want to sound overly dramatic but her Dear John letter sure feels like a stab in the back.
4289,6093,1,3,31,35,1.1428571428571428,0.07267814558130975,593,I'll get right back to you.
4316,6093,0,5,30,35,1.1428571428571428,0.06001200360120041,593,Page 6 is back and sharp as ever.
4359,6093,1,3,31,35,1.1428571428571428,0.07267814558130975,593,"Honey, have you seen our divorce papers anywhere?"
4368,6093,0,5,30,35,1.1428571428571428,0.06001200360120041,593,"It must have been one of the millennial executives, they attached a confessional think piece."
4402,6093,0,5,30,35,1.1428571428571428,0.06001200360120041,593,"Just got your note, but haven’t had a chance to read it yet."
4406,6093,0,5,30,35,1.1428571428571428,0.06001200360120041,593,"Well, Honey, HR is serious this time about us picking a health plan before the deadline."
4413,6093,1,3,31,35,1.1428571428571428,0.07267814558130975,593,Honey can you come pick me up? They took my company car and gave me my walking papers.
4942,6093,0,5,30,35,1.1428571428571428,0.06001200360120041,593,"Sweetheart, I don't think suicide is supposed to work this way."
4446,6093,0,5,30,35,1.1428571428571428,0.06001200360120041,593,"I have a stabbing pain in my back, Doctor. It began just after my wife asked for a divorce."
4519,6093,0,5,30,35,1.1428571428571428,0.06001200360120041,593,Martin Luther's done it again.
4592,6093,2,1,32,35,1.1428571428571428,0.08344330478861452,593,My son has some very uncomfortable ideas about what he should do with the journal writing he does in his therapy sessions.
4608,6093,2,1,32,35,1.1428571428571428,0.08344330478861452,593,"The ""Honey Do List?"" Yes, I still have it."
4718,6093,2,1,32,35,1.1428571428571428,0.08344330478861452,593,"Honey, where did you say you left the shopping list?"
4764,6093,0,5,30,35,1.1428571428571428,0.06001200360120041,593,Do you know when he'll be in? Just trying to shoot him back.
4786,6093,0,5,30,35,1.1428571428571428,0.06001200360120041,593,I'm calling for a friend. Have you filled that advertised position at the carnival yet?
4788,6093,0,5,30,35,1.1428571428571428,0.06001200360120041,593,"Honey, I can't find the divorce papers"
4791,6093,1,3,31,35,1.1428571428571428,0.07267814558130975,593,"James, have you given me a copy of our strategic report that you sent to the boss?"
4795,6093,0,5,30,35,1.1428571428571428,0.06001200360120041,593,I'm telling you: I mailed the check three weeks ago.
4806,6093,1,3,31,35,1.1428571428571428,0.07267814558130975,593,"The way that I feel about this tax bill is more like a deep, stabbing betrayal."
4838,6093,0,5,30,35,1.1428571428571428,0.06001200360120041,593,I'm having second thoughts about using old communications technology.
4451,6093,1,3,31,35,1.1428571428571428,0.07267814558130975,593,"Hi hon, I can't find the shopping list."
6164,6093,1,3,31,35,1.1428571428571428,0.07267814558130975,593,I have gotten used to robo-calls but robo-backstabbing is a bit much.
6178,6093,1,3,31,35,1.1428571428571428,0.07267814558130975,593,She wanted to be sure I knew what to order out for supper...
6216,6093,0,5,30,35,1.1428571428571428,0.06001200360120041,593,I fear my wife has declared a split with her own 95 Theses.
7059,6093,0,5,30,35,1.1428571428571428,0.06001200360120041,593,"Yes Dear, I have a feeling that I received a note from your lawyer!"
7162,6093,0,5,30,35,1.1428571428571428,0.06001200360120041,593,"Yes boss, I know you've got my back on this project."
7188,6093,0,5,30,35,1.1428571428571428,0.06001200360120041,593,Luther's out
7205,6093,0,5,30,35,1.1428571428571428,0.06001200360120041,593,"No,I really dont think that this is a new kind of Post-it."
7217,6093,1,3,31,35,1.1428571428571428,0.07267814558130975,593,Let's see.....I know I put that report somewhere.
7246,6093,0,5,30,35,1.1428571428571428,0.06001200360120041,593,YOUR DIVORCE PAPERS WERE JUST DELIVERED
7260,6093,0,5,30,35,1.1428571428571428,0.06001200360120041,593,It’s the take-home work that’s killing me.
7399,6093,1,3,31,35,1.1428571428571428,0.07267814558130975,593,Does your firm have any experience with pirate code?
7423,6093,1,3,31,35,1.1428571428571428,0.07267814558130975,593,All I said was you know what you can do with your lawyers's divorce agreement.
7455,6093,0,5,30,35,1.1428571428571428,0.06001200360120041,593,"So, to be clear, you recommend I get internet service."
7470,6093,0,5,30,35,1.1428571428571428,0.06001200360120041,593,I'm hoping my Caption entry with 'sticking point' and 'stab in the back' will also make the 'Block that Metaphor' in the New Yorker.
7526,6093,0,5,30,35,1.1428571428571428,0.06001200360120041,593,The divorce took me by surprise too.
7527,6093,1,3,31,35,1.1428571428571428,0.07267814558130975,593,"I can't find where you left the 'to do' list, honey, but I'm thinking I may need to get in for an adjustment today anyway."
7547,6093,1,3,31,35,1.1428571428571428,0.07267814558130975,593,It’s getting harder and harder to ignore her honey-do lists.
7562,6093,1,3,31,35,1.1428571428571428,0.07267814558130975,593,Please advise her that our divorce decree should have been posted publicly.
7566,6093,1,3,31,35,1.1428571428571428,0.07267814558130975,593,Honey... I would do anything to get You(r) back.
7575,6093,0,5,30,35,1.1428571428571428,0.06001200360120041,593,"No mother, I didn’t have ‘Post no Bills’ written on my back."
7604,6093,1,3,31,35,1.1428571428571428,0.07267814558130975,593,"Susan, this one night stand just stabbed me in the back."
7653,6093,0,5,30,35,1.1428571428571428,0.06001200360120041,593,I feel i have something important to tell the world !
7694,6093,0,5,30,35,1.1428571428571428,0.06001200360120041,593,'Just received our final eviction notice'.
7724,6093,1,3,31,35,1.1428571428571428,0.07267814558130975,593,.I'm being trolled old school.
7812,6093,0,5,30,35,1.1428571428571428,0.06001200360120041,593,"I'm sorry, I don't text."
4219,6093,0,5,30,35,1.1428571428571428,0.06001200360120041,593,"No, the paper delivered wasn't wet or late and I can't tell if any parts are missing."
7001,6093,0,5,30,35,1.1428571428571428,0.06001200360120041,593,Are you sure you added a backstabbing clause in my pre-nup?
6966,6093,1,3,31,35,1.1428571428571428,0.07267814558130975,593,My wife is not happy that I failed to respond to your letter.
6926,6093,0,5,30,35,1.1428571428571428,0.06001200360120041,593,Certainly dear couldn’t you have found a better place to leave the “to do” list?
6924,6093,0,5,30,35,1.1428571428571428,0.06001200360120041,593,I hope my lawyer hurries over to read this. The Novocaine from today's root canal hasn't worn off yet.
6222,6093,0,5,30,35,1.1428571428571428,0.06001200360120041,593,"Hello, 911... Well I think I would like to report my car stollen."
6263,6093,0,5,30,35,1.1428571428571428,0.06001200360120041,593,"Listen, I know you said you’d get back to me, but...."
6267,6093,2,1,32,35,1.1428571428571428,0.08344330478861452,593,Don’t be ridiculous. Martin Luther’s been dead for years.
6285,6093,1,3,31,35,1.1428571428571428,0.07267814558130975,593,This list of reasons why you're filing for divorce feels like a knife in the back.
6342,6093,0,5,30,35,1.1428571428571428,0.06001200360120041,593,The news was on point today.
6358,6093,1,3,31,35,1.1428571428571428,0.07267814558130975,593,"No, I can't tell you what the papers say. They're stuck where I can't read them."
6378,6093,0,5,30,35,1.1428571428571428,0.06001200360120041,593,"backstabbing lawyers, amirite?"
6415,6093,2,1,32,35,1.1428571428571428,0.08344330478861452,593,Police....someone just left me a terrible message.
6493,6093,1,3,31,35,1.1428571428571428,0.07267814558130975,593,"Et to-do, Louise?"
6562,6093,0,5,30,35,1.1428571428571428,0.06001200360120041,593,"I'd like to reply to your complaints, but I can't make them out in the mirror."
6572,6093,1,3,31,35,1.1428571428571428,0.07267814558130975,593,"She said something about 95 Theses, but I didn't have a chance to read them."
6171,6093,1,3,31,35,1.1428571428571428,0.07267814558130975,593,"Hello, City First Baptist? I have a message from the Lutherans."
6577,6093,1,3,31,35,1.1428571428571428,0.07267814558130975,593,She has a very aggressive divorce lawyer.
6636,6093,1,3,31,35,1.1428571428571428,0.07267814558130975,593,"Honey, this calender is giving me a pain in the back"
6676,6093,1,3,31,35,1.1428571428571428,0.07267814558130975,593,I fear my teflon-man days are numbered.
6688,6093,1,3,31,35,1.1428571428571428,0.07267814558130975,593,"Honey, did you forget to pay the cable bill again?"
6723,6093,0,5,30,35,1.1428571428571428,0.06001200360120041,593,SEE NOTE
6756,6093,1,3,31,35,1.1428571428571428,0.07267814558130975,593,"No, really, what's black and white and red all over?"
6790,6093,0,5,30,35,1.1428571428571428,0.06001200360120041,593,Is this 911? I’d like to report an assault by “honey-do” list.
6800,6093,0,5,30,35,1.1428571428571428,0.06001200360120041,593,Am I stuck with this contract; it's killing me.
6801,6093,0,5,30,35,1.1428571428571428,0.06001200360120041,593,All she left me was a letter.
6804,6093,0,5,30,35,1.1428571428571428,0.06001200360120041,593,My wife's declared 95 theses for our divorce.
6820,6093,1,3,31,35,1.1428571428571428,0.07267814558130975,593,"Yes, I'm afraid I do remember kissing you on the playground at Alameda Elementary."
6824,6093,0,5,30,35,1.1428571428571428,0.06001200360120041,593,"If I had known knives were involved, I would not have selected the cheapest delivery option!"
6598,6093,0,5,30,35,1.1428571428571428,0.06001200360120041,593,Hello George. You left your knife.
4189,6093,1,3,31,35,1.1428571428571428,0.07267814558130975,593,"Well, we have started the new 360 Feedback program..."
4712,6093,1,3,31,35,1.1428571428571428,0.07267814558130975,593,"No, I'm fairly certain it wasn't Scaramucci."
4131,6093,0,5,30,35,1.1428571428571428,0.06001200360120041,593,"What do you mean, take a stab at it?"
1380,6093,2,1,32,35,1.1428571428571428,0.08344330478861452,593,"Anyway, my wife's attorney spots me leaving the house, and, yadda, yadda, yadda, I get served with divorce papers!"
1416,6093,1,3,31,35,1.1428571428571428,0.07267814558130975,593,"Hello 911, Mr. Luther missed the door!"
1463,6093,1,3,31,35,1.1428571428571428,0.07267814558130975,593,"I'm sorry, I really can't hold."
1478,6093,1,3,31,35,1.1428571428571428,0.07267814558130975,593,"There seems to be something stuck to my back, can you come up here and tell me what it is?"
1507,6093,1,3,31,35,1.1428571428571428,0.07267814558130975,593,I thought we were friends and you just stabbed me in the back and left a written apology?
1538,6093,0,5,30,35,1.1428571428571428,0.06001200360120041,593,She doesn’t seem comfortable with the terms of the agreement.
1546,6093,1,3,31,35,1.1428571428571428,0.07267814558130975,593,I'm sorry. It's back ordered.
1555,6093,1,3,31,35,1.1428571428571428,0.07267814558130975,593,Wait til you see what's on Line 2.
1590,6093,1,3,31,35,1.1428571428571428,0.07267814558130975,593,"Yes, I saw the news article accusing me of being a sexual predator and so I'm calling to resign effective immediately."
1608,6093,0,5,30,35,1.1428571428571428,0.06001200360120041,593,"Yes, dear. When your Mother left she gave me your note."
1652,6093,2,1,32,35,1.1428571428571428,0.08344330478861452,593,"Look, ""Herr Luther"", or whoever you are, those 95 theses are not anywhere around here and you are beginning to be a pain in my back!"
1718,6093,0,5,30,35,1.1428571428571428,0.06001200360120041,593,"Frankly, their rejecting my proposal felt like a real stab in the back."
1719,6093,0,5,30,35,1.1428571428571428,0.06001200360120041,593,You want to put a pin in that idea?
1731,6093,1,3,31,35,1.1428571428571428,0.07267814558130975,593,I take it the contract has no wriggle room.
1746,6093,0,5,30,35,1.1428571428571428,0.06001200360120041,593,I said no backsies.
1802,6093,1,3,31,35,1.1428571428571428,0.07267814558130975,593,"Hello, 911? Finally! 10th try. Operator, I had an accident posting my emergency contact numbers...."
1851,6093,1,3,31,35,1.1428571428571428,0.07267814558130975,593,"Dead Letter Office, please...."
1880,6093,0,5,30,35,1.1428571428571428,0.06001200360120041,593,What're you talking about? No one here's been served divorce papers.
1881,6093,0,5,30,35,1.1428571428571428,0.06001200360120041,593,Only 95 but it still hurts.
1941,6093,0,5,30,35,1.1428571428571428,0.06001200360120041,593,"Yes Officer, she's threatened to kill me if I don't meet her demands."
1947,6093,1,3,31,35,1.1428571428571428,0.07267814558130975,593,"Sorry, I don't think Marie will be home this evening."
1967,6093,0,5,30,35,1.1428571428571428,0.06001200360120041,593,911? I’ve been manifestoed.
1991,6093,0,5,30,35,1.1428571428571428,0.06001200360120041,593,It's the new tax code.
1114,6093,1,3,31,35,1.1428571428571428,0.07267814558130975,593,She told me I wasn't worthy of a postage stamp.
1101,6093,0,5,30,35,1.1428571428571428,0.06001200360120041,593,"I know you said this was on deep background, but it still isn't what I expected."
989,6093,0,5,30,35,1.1428571428571428,0.06001200360120041,593,"When you said ""Donald isn't as good a friend as I thought,"" I didn't expect he was a ""back-stabber"""
982,6093,1,3,31,35,1.1428571428571428,0.07267814558130975,593,"Hello mom, I think Fran wants a divorce...."
58,6093,1,3,31,35,1.1428571428571428,0.07267814558130975,593,"I don't like the smug, elitist vibe I'm getting from your think-tank, Jennings."
66,6093,0,5,30,35,1.1428571428571428,0.06001200360120041,593,My assistant just angrily quit by Post-it note.
82,6093,0,5,30,35,1.1428571428571428,0.06001200360120041,593,"Yes, it was my friend. That's right, lyrics. Pretty sure it's the O'Jays."
262,6093,1,3,31,35,1.1428571428571428,0.07267814558130975,593,"Of coarse I read it, but that's not the problem"
272,6093,0,5,30,35,1.1428571428571428,0.06001200360120041,593,I'd like to complain about your process server...
288,6093,1,3,31,35,1.1428571428571428,0.07267814558130975,593,I'm afraid I won't be able to make the court date.
297,6093,1,3,31,35,1.1428571428571428,0.07267814558130975,593,I was right-sized this afternoon. How was your day?
326,6093,0,5,30,35,1.1428571428571428,0.06001200360120041,593,I'd like to refute the third of my wife's 95 theses.
338,6093,0,5,30,35,1.1428571428571428,0.06001200360120041,593,"Yes, it's a dull, aching pain. I began feeling it shortly after leaving the bank."
393,6093,0,5,30,35,1.1428571428571428,0.06001200360120041,593,Work is killing me. How are you doing?
416,6093,0,5,30,35,1.1428571428571428,0.06001200360120041,593,"She tells me that I need to change, but she is never specific."
2000,6093,1,3,31,35,1.1428571428571428,0.07267814558130975,593,"So, you've got my back?"
433,6093,0,5,30,35,1.1428571428571428,0.06001200360120041,593,"No, no, I am pretty sure. Her terms look quite benign."
455,6093,1,3,31,35,1.1428571428571428,0.07267814558130975,593,I don't know if I've been served or severed.
522,6093,1,3,31,35,1.1428571428571428,0.07267814558130975,593,Hi - who can I talk to about getting an email address?
600,6093,0,6,36,42,1.1428571428571428,0.05464943254828616,593,I have a few questions regarding my mortgage.
605,6093,0,5,30,35,1.1428571428571428,0.06001200360120041,593,Does your yogi do house calls?
609,6093,1,3,31,35,1.1428571428571428,0.07267814558130975,593,You know that divorce settlement? I'll sign.
719,6093,0,5,30,35,1.1428571428571428,0.06001200360120041,593,goddammit how many times do I have to tell you I am NOT that Martin Luther!
874,6093,0,5,30,35,1.1428571428571428,0.06001200360120041,593,"About finding a job, I get your point dear!"
904,6093,1,3,31,35,1.1428571428571428,0.07267814558130975,593,"Mr. Johnson, i was served today"
921,6093,0,5,30,35,1.1428571428571428,0.06001200360120041,593,Barb; your lawyer has served me with the divorce papers and your expected settlement...
923,6093,0,5,30,35,1.1428571428571428,0.06001200360120041,593,I’d like to show him my 95 feces...
977,6093,1,3,31,35,1.1428571428571428,0.07267814558130975,593,"Honey, where did you say you left the shopping list?"
441,6093,1,3,31,35,1.1428571428571428,0.07267814558130975,593,My new carrier INSISTS I use a landline phone.
2093,6093,0,5,30,35,1.1428571428571428,0.06001200360120041,593,"I have an aching feeling I'll find the grocery list soon, honey"
1535,6093,0,5,30,35,1.1428571428571428,0.06001200360120041,593,"I told her if she put all of her grievances in writing, it wasn't backstabbing..."
2152,6093,0,5,30,35,1.1428571428571428,0.06001200360120041,593,"Um, can I order a pizza?"
3386,6093,0,5,30,35,1.1428571428571428,0.06001200360120041,593,"But, Marilyn, why did you address it to my wife?"
3497,6093,0,5,30,35,1.1428571428571428,0.06001200360120041,593,"No, not Van Dross."
3528,6093,0,5,30,35,1.1428571428571428,0.06001200360120041,593,Let's just say he used an unusual method to post his manifesto.
3529,6093,0,5,30,35,1.1428571428571428,0.06001200360120041,593,"Dad, you were sorta right when you said that studying journalism would eventually bite me in the back side."
3538,6093,1,3,31,35,1.1428571428571428,0.07267814558130975,593,I'm calling about the Explanation of Benefits I received...
3563,6093,0,5,30,35,1.1428571428571428,0.06001200360120041,593,I'm pretty certain I start Monday.
4150,6093,0,5,30,35,1.1428571428571428,0.06001200360120041,593,"Please tell Mr. Sharkey that although I got his new loan-refinancing note, read it carefully in the mirror and agree to all its provisions - I'm having some ongoing problems with regard to signing on the dotted line. Thank you."
3575,6093,0,5,30,35,1.1428571428571428,0.06001200360120041,593,"Where is the tripple mirror I ordered? Yes, I have prime."
3606,6093,0,5,30,35,1.1428571428571428,0.06001200360120041,593,"""Looking back, I didn't realize the ""Honey-do list"" she gave me last year, was so important to her."
3608,6093,0,5,30,35,1.1428571428571428,0.06001200360120041,593,"As she was leaving she said that she left me a note, but I can't find it."
3744,6093,0,5,30,35,1.1428571428571428,0.06001200360120041,593,"Sir, when you sign your name, you are also agreeing to all of the terms included in the easily accessible fine print."
3348,6093,0,5,30,35,1.1428571428571428,0.06001200360120041,593,She served me the divorce papers today.
3763,6093,0,5,30,35,1.1428571428571428,0.06001200360120041,593,"Yes dear, I got your note about my Mom's visit this weekend."
3797,6093,1,3,31,35,1.1428571428571428,0.07267814558130975,593,"Listen, gotta go. I just got a pointed reminder of what's on the honey-do list today."
3811,6093,1,3,31,35,1.1428571428571428,0.07267814558130975,593,"Darling, have you seen my honey-do list?"
3835,6093,1,3,31,35,1.1428571428571428,0.07267814558130975,593,I got served with divorce papers from my wife and the process server was a brute.
3888,6093,0,5,30,35,1.1428571428571428,0.06001200360120041,593,We need to talk about my property tax assessment.
3892,6093,1,3,31,35,1.1428571428571428,0.07267814558130975,593,Uncle Martin dropped off his thesis.
2096,6093,1,3,31,35,1.1428571428571428,0.07267814558130975,593,Your delivery method is a little odd.
3954,6093,0,5,30,35,1.1428571428571428,0.06001200360120041,593,"Look Doc, there's got to be a better way for you to send me my prescription!"
3957,6093,0,5,30,35,1.1428571428571428,0.06001200360120041,593,"Even so, I still love Facebook."
3983,6093,0,5,30,35,1.1428571428571428,0.06001200360120041,593,Please remind me what you would do if I lost it?
4014,6093,1,3,31,35,1.1428571428571428,0.07267814558130975,593,"I need an ambulance. I've been stabbed in the back by my partner, Martin. Martin Luther."
4088,6093,0,5,30,35,1.1428571428571428,0.06001200360120041,593,don't pick the daisies is it then
3774,6093,1,3,31,35,1.1428571428571428,0.07267814558130975,593,Did you email or snail mail the divorce decree?
3226,6093,0,5,30,35,1.1428571428571428,0.06001200360120041,593,I know I'm supposed to do something for you but I can't find your note.
3942,6093,1,3,31,35,1.1428571428571428,0.07267814558130975,593,NICE OF YOU TO CALL AND GIVE ME HEADS-UP THAT YOU ARE STABBING ME IN THE BACK
3196,6093,0,5,30,35,1.1428571428571428,0.06001200360120041,593,"Need your help, Doc. No one told me the side effect of not voting."
3197,6093,1,3,31,35,1.1428571428571428,0.07267814558130975,593,Can you believe it? She called me an insensitive dolt then packed up and left.
2204,6093,0,5,30,35,1.1428571428571428,0.06001200360120041,593,My wife just served me divorce papers.
2213,6093,0,5,30,35,1.1428571428571428,0.06001200360120041,593,You make a good point.
2243,6093,0,5,30,35,1.1428571428571428,0.06001200360120041,593,The divorce papers were served but there is one big sticking point.
2304,6093,1,3,31,35,1.1428571428571428,0.07267814558130975,593,"Yes, I do have eyes in the back of my head, inherited from my mother."
2369,6093,1,4,37,42,1.1428571428571428,0.0644049739048166,593,"I dunno Shirley, you could've just mailed me the divorce papers."
2479,6093,0,5,30,35,1.1428571428571428,0.06001200360120041,593,"Call me paranoid, but I don't trust these guys."
2525,6093,1,3,31,35,1.1428571428571428,0.07267814558130975,593,"No, it hurts even more when I try to sit down and relax."
2546,6093,0,5,30,35,1.1428571428571428,0.06001200360120041,593,I’m calling about your diet.
2574,6093,0,5,30,35,1.1428571428571428,0.06001200360120041,593,I suspect it's a copy of the Versailles Treaty.
2581,6093,1,3,31,35,1.1428571428571428,0.07267814558130975,593,"I got the raise, but it came with some conditions."
2635,6093,0,5,30,35,1.1428571428571428,0.06001200360120041,593,"No, I don't back the fake news reported."
2254,6093,0,5,30,35,1.1428571428571428,0.06001200360120041,593,"0kay, okay. I got the point!"
2713,6093,1,3,31,35,1.1428571428571428,0.07267814558130975,593,"Hello, Better Business Bureau? I’d like to report what I feel is undeserved harassment from a collection agency."
2642,6093,0,5,30,35,1.1428571428571428,0.06001200360120041,593,It may be a Lutheran tradition but it's really hurting my back.
3079,6093,1,3,31,35,1.1428571428571428,0.07267814558130975,593,I seem to have misplaced it.
2959,6093,0,5,30,35,1.1428571428571428,0.06001200360120041,593,Where did you stick the grocery list?
2933,6093,0,5,30,35,1.1428571428571428,0.06001200360120041,593,It feels like I've been stabbed in the back.
2990,6093,1,3,31,35,1.1428571428571428,0.07267814558130975,593,The twins are home from art school and they have a list of demands.
2891,6093,0,5,30,35,1.1428571428571428,0.06001200360120041,593,"My friend, Martin Luther, seems to have missed the point."
2865,6093,0,5,30,35,1.1428571428571428,0.06001200360120041,593,Did you know Martin Luther is now a killer zombie?
2862,6093,0,5,30,35,1.1428571428571428,0.06001200360120041,593,"Yes, I'm feeling the effects of excessive violence in the media."
2837,6093,1,3,31,35,1.1428571428571428,0.07267814558130975,593,"Please take me off your distribution list. It's Theo Church... Yes, Theo, with an ""o""."
2910,6093,1,3,31,35,1.1428571428571428,0.07267814558130975,593,Bob? This is Ralph. How about coming over & taking this knife out of my back. You may need ut again.
3112,6093,0,5,30,35,1.1428571428571428,0.06001200360120041,593,"Et tu, Lorraine?"
4802,6311,0,5,31,36,1.1388888888888888,0.05845603120101682,593,"Hello, 911? My wife has just served me with divorce papers."
4695,6311,0,5,31,36,1.1388888888888888,0.05845603120101682,593,"We finally have his backing, on paper."
4119,6311,1,3,32,36,1.1388888888888888,0.07074184879599797,593,Yes I'm mentally checking out - I've posted a notice to that effect and where you can reach me if you need to locate me....
4522,6311,1,3,32,36,1.1388888888888888,0.07074184879599797,593,I we
4508,6311,2,1,33,36,1.1388888888888888,0.08118935126220327,593,Burn all the files - I have just been nominated to Trump's cabinet.
4433,6311,1,3,32,36,1.1388888888888888,0.07074184879599797,593,"'Yes, the first day went fine. They seem a friendly bunch.'"
4410,6311,1,3,32,36,1.1388888888888888,0.07074184879599797,593,My wife delivered her new demands for the divorce today.
4348,6311,0,5,31,36,1.1388888888888888,0.05845603120101682,593,yes my wife did leave a goodbye letter with details of what she wants from a divorce settlement
4260,6311,0,5,31,36,1.1388888888888888,0.05845603120101682,593,"No, I can’t tell where you hid the divorce papers."
3812,6311,0,5,31,36,1.1388888888888888,0.05845603120101682,593,"What I said was: ""Post *no* bills."
4060,6311,2,1,33,36,1.1388888888888888,0.08118935126220327,593,I always thought Martin Luther was my friend. How could he do this to me?
3992,6311,1,3,32,36,1.1388888888888888,0.07074184879599797,593,At least it doesn't say 'kick me.'
3972,6311,0,5,31,36,1.1388888888888888,0.05845603120101682,593,The extra charges are killing me.
3794,6311,0,5,31,36,1.1388888888888888,0.05845603120101682,593,Can you connect me with the ghost of Martin Luther?
3698,6311,1,3,32,36,1.1388888888888888,0.07074184879599797,593,Where did you say you put the contract?
3697,6311,0,5,31,36,1.1388888888888888,0.05845603120101682,593,"I hadn’t noticed before, but let me have a stab at it."
4804,6311,2,1,33,36,1.1388888888888888,0.08118935126220327,593,I'D LIKE TO REPORT A MISSING BULLETIN BOARD.
3692,6311,0,5,31,36,1.1388888888888888,0.05845603120101682,593,"Hello, Marketplace, I want to enroll in Trumpcare...yes, I'll hold."
4078,6311,0,5,31,36,1.1388888888888888,0.05845603120101682,593,"She said 'In five hundred years, we'll be famous.'"
4827,6311,0,5,31,36,1.1388888888888888,0.05845603120101682,593,"Hello, Backstabber here. Did you get my message?"
7056,6311,0,5,31,36,1.1388888888888888,0.05845603120101682,593,Can I report attempted murder by my accountant?
5160,6311,1,3,32,36,1.1388888888888888,0.07074184879599797,593,I have to go now. Someone's trying to get my attention.
3656,6311,0,5,31,36,1.1388888888888888,0.05845603120101682,593,"Honey, our neighbor just left another note. Think it’s time to get the “shock-collar”."
7735,6311,0,5,31,36,1.1388888888888888,0.05845603120101682,593,I'm done with a back stabbing thriller script!
7734,6311,0,5,31,36,1.1388888888888888,0.05845603120101682,593,"Sweetums, it seems I've misplaced the draft of our prenup."
7664,6311,0,5,31,36,1.1388888888888888,0.05845603120101682,593,"We are being served, constable just stabbed by."
7600,6311,1,3,32,36,1.1388888888888888,0.07074184879599797,593,"No, it's not a metaphor about my contract."
7518,6311,0,5,31,36,1.1388888888888888,0.05845603120101682,593,Whatever happened to just drowning in your bills?
7299,6311,0,5,31,36,1.1388888888888888,0.05845603120101682,593,Please remove me from your do not call list...it's killing me.
7135,6311,1,3,32,36,1.1388888888888888,0.07074184879599797,593,At least now I know not to sign a real estate contract with a pirate.
7118,6311,0,5,31,36,1.1388888888888888,0.05845603120101682,593,"I got your message, thanks for watching my back"
6746,6311,1,3,32,36,1.1388888888888888,0.07074184879599797,593,D/ Andro/ds Dr/m /lectric S/eep?
6635,6311,1,3,32,36,1.1388888888888888,0.07074184879599797,593,"Luther nailed his 95 theses, and Hazel has nailed me."
6580,6311,1,3,32,36,1.1388888888888888,0.07074184879599797,593,I have a feeling that my wife and I just don't see eye-to-eye on this.
6534,6311,0,5,31,36,1.1388888888888888,0.05845603120101682,593,"I mean, I know the news cycle has gotten vicious, but this is ridiculous."
6138,6311,1,3,32,36,1.1388888888888888,0.07074184879599797,593,"They say it's the middle-aged version of getting inked...yeah it's painful, but it's my last chance to be cool"
6059,6311,0,5,31,36,1.1388888888888888,0.05845603120101682,593,"Yes Dear, I remember what the marriage counselor advised, and if I could find that list of things that upset you, I could try and do better."
6008,6311,0,5,31,36,1.1388888888888888,0.05845603120101682,593,"""Hello, Attorney Harris? I have a strong feeling I've been served with those divorce papers."
5734,6311,0,5,31,36,1.1388888888888888,0.05845603120101682,593,I have a question about the new Post-It Notes.
5253,6311,0,5,31,36,1.1388888888888888,0.05845603120101682,593,"'Dept Collection Harassment Hotline?"""
5178,6311,0,5,31,36,1.1388888888888888,0.05845603120101682,593,"Yes, I received your notice to renew the magazine subscription."
4986,6311,1,3,32,36,1.1388888888888888,0.07074184879599797,593,"She's always been rather ""old school"" about things..."
3501,6311,0,5,31,36,1.1388888888888888,0.05845603120101682,593,"My wife left a suicide note, but I think its for me to sign."
2474,6311,0,5,31,36,1.1388888888888888,0.05845603120101682,593,"Hello, Stan? As it turns out, I'm glad I put you on retainer. My wife literally just stabbed me in the back with an ultimatum."
3339,6311,1,3,32,36,1.1388888888888888,0.07074184879599797,593,"Yes, I was just notified that my health insurance premium is increasing again..."
1307,6311,1,3,32,36,1.1388888888888888,0.07074184879599797,593,"Yes I'm here, why are you calling?"
1226,6311,1,3,32,36,1.1388888888888888,0.07074184879599797,593,"B-R-U-T-U-S, Officer. Or could have been Martin."
1125,6311,0,5,31,36,1.1388888888888888,0.05845603120101682,593,Hi honey. Can you remind me where we put the mortgage application?
1123,6311,0,5,31,36,1.1388888888888888,0.05845603120101682,593,I better get off the phone. My wife asked me to check out our kids homework a few hours ago and I finally got the point.
1045,6311,2,1,33,36,1.1388888888888888,0.08118935126220327,593,"I can`t find your to do list, but I do have a sharp pain in my back"
1018,6311,0,5,31,36,1.1388888888888888,0.05845603120101682,593,"Yes, hello police. I would like to report my wife. She stabbed in the back, again!"
870,6311,0,5,31,36,1.1388888888888888,0.05845603120101682,593,"Yes, I got your note."
841,6311,0,5,31,36,1.1388888888888888,0.05845603120101682,593,She called it a feminist manifesto but I call it a pain in the backside.
1318,6311,1,3,32,36,1.1388888888888888,0.07074184879599797,593,My heart's still intact.
779,6311,1,3,32,36,1.1388888888888888,0.07074184879599797,593,"No Mom, the job is great. Who told you that the paperwork could be a killer?"
525,6311,1,3,32,36,1.1388888888888888,0.07074184879599797,593,"If you don't like the demands, feel free to take it up with my wife."
434,6311,1,3,32,36,1.1388888888888888,0.07074184879599797,593,So I take it you served me the divorce papers today.
423,6311,0,5,31,36,1.1388888888888888,0.05845603120101682,593,These new fees that you added to my bill are really killing me.
192,6311,1,3,32,36,1.1388888888888888,0.07074184879599797,593,Usually you're a pain elsewhere.
172,6311,1,3,32,36,1.1388888888888888,0.07074184879599797,593,911 I think my wife ran out of postage stamps!
123,6311,1,3,32,36,1.1388888888888888,0.07074184879599797,593,Your mother says I never get the point.
19,6311,0,5,31,36,1.1388888888888888,0.05845603120101682,593,"Sorry, I meant to post it on your smart phone."
3494,6311,0,5,31,36,1.1388888888888888,0.05845603120101682,593,I don't mind waiting for the ambulance. My condition continues to be Stable
710,6311,2,1,33,36,1.1388888888888888,0.08118935126220327,593,"Yes, I was served with the divorce papers a few minutes ago."
1504,6311,0,5,31,36,1.1388888888888888,0.05845603120101682,593,"It's that new kids' birthday party game called ""Pin the Gripe on the Parent."""
846,6311,0,5,31,36,1.1388888888888888,0.05845603120101682,593,"I feel betrayed, but also protested against."
1596,6311,0,5,31,36,1.1388888888888888,0.05845603120101682,593,I have a pointed response to your question.
3178,6311,0,5,31,36,1.1388888888888888,0.05845603120101682,593,"Yes, I got your note dear - my dinner's in the oven."
3170,6311,0,5,31,36,1.1388888888888888,0.05845603120101682,593,"...Yeah, only when I laugh."
2991,6311,0,5,31,36,1.1388888888888888,0.05845603120101682,593,"I will give the service a ""1""."
1530,6311,0,5,31,36,1.1388888888888888,0.05845603120101682,593,"That E-Mail you sent me Bill; how many people did you ""cc""?"
2411,6311,1,3,32,36,1.1388888888888888,0.07074184879599797,593,I noticed there is a clause that says I can pay you back in-kind.
2374,6311,0,5,31,36,1.1388888888888888,0.05845603120101682,593,Verizon? I'm pretty sure my wife wants to cancel our landline contract.
2197,6311,1,3,32,36,1.1388888888888888,0.07074184879599797,593,"You're first on my wife's to do list, and, yes, I hate retirement."
2087,6311,0,5,31,36,1.1388888888888888,0.05845603120101682,593,I have a contract killer on my back.
3296,6311,1,3,32,36,1.1388888888888888,0.07074184879599797,593,"She found your love notes, Trixie, and now they're my scarlet letters."
2031,6311,0,5,31,36,1.1388888888888888,0.05845603120101682,593,Satan's lawyers served me with notice of intention to repossess.
2015,6311,1,3,32,36,1.1388888888888888,0.07074184879599797,593,"""My lawyer objects to some of your demands""!"
1886,6311,1,3,32,36,1.1388888888888888,0.07074184879599797,593,There seems to be an issue.
1884,6311,1,3,32,36,1.1388888888888888,0.07074184879599797,593,I want to complain about a back up on my posts. What's the matter? Fax machine broken?
1871,6311,1,3,32,36,1.1388888888888888,0.07074184879599797,593,Correct. Agatha Christie penned a short story on my back.
1817,6311,0,5,31,36,1.1388888888888888,0.05845603120101682,593,"The boss says it's important, but I can't read it without a hand mirror."
1732,6311,1,3,32,36,1.1388888888888888,0.07074184879599797,593,I figured they’d cancel my shows but I didn’t expect so many exposés.
1701,6311,1,3,32,36,1.1388888888888888,0.07074184879599797,593,I can't describe what it felt like when I learned of your deceit.
3225,6311,1,3,32,36,1.1388888888888888,0.07074184879599797,593,"You say you got my back, but how can I be sure?"
3244,6311,1,3,32,36,1.1388888888888888,0.07074184879599797,593,Let me make one thing perfectly clear.... I am NOT an amendment!
6639,6397,1,2,26,29,1.1379310344827587,0.08191275442520145,593,It I’ll take me all day to get all this stuff. I feel like I’m being stabbed in the back.
201,6398,0,5,32,37,1.135135135135135,0.05697797585888971,593,It feels like she kicked me in the balls.
6864,6398,0,5,32,37,1.135135135135135,0.05697797585888971,593,You must have the wrong number. I never ordered any documents from you.
6730,6398,1,3,33,37,1.135135135135135,0.06890566910260519,593,"When I said my wife reads my email, you drew the wrong conclusion."
6691,6398,1,3,33,37,1.135135135135135,0.06890566910260519,593,I took your advice: Soon as I suspected he was approaching to serve me a subpoena I walked purposefully away.
6687,6398,0,5,32,37,1.135135135135135,0.05697797585888971,593,"No, there was no really biting criticism."
5827,6398,0,5,32,37,1.135135135135135,0.05697797585888971,593,"Honey, I can't find the carving knife."
5467,6398,0,5,32,37,1.135135135135135,0.05697797585888971,593,Can I sleep on it?
3961,6398,0,5,32,37,1.135135135135135,0.05697797585888971,593,Her argument certainly came to a point.
4192,6398,1,3,33,37,1.135135135135135,0.06890566910260519,593,Apparently Breitbart rejected my editorial submission criticizing Roy Moore.
3403,6398,1,3,33,37,1.135135135135135,0.06890566910260519,593,My back is killing me and and I need doctor Thompson's number.  why are you not answering my calls???
3341,6398,0,5,32,37,1.135135135135135,0.05697797585888971,593,"You were supposed to pin your manifesto on the door, not my back."
3309,6398,1,3,33,37,1.135135135135135,0.06890566910260519,593,"Frank, you're my attorney, but I think we've ironed out the terms of the divorce settlement ourselves."
3020,6398,0,5,32,37,1.135135135135135,0.05697797585888971,593,should have used my cell phone
2606,6398,0,5,32,37,1.135135135135135,0.05697797585888971,593,"...Yeah....No....No, the doctor couldn't find anything..."
2270,6398,1,3,33,37,1.135135135135135,0.06890566910260519,593,I wish there was a word to describe how I feel about these hidden surcharges.
1531,6398,0,5,32,37,1.135135135135135,0.05697797585888971,593,Hey Sam My wife served our divorce papers
3535,6398,2,1,34,37,1.135135135135135,0.07905373321974885,593,"Hello 9-1-1. I've been stabbed in the back.By who? My wife.I know, because it includes the honey-do-list I haven't done."
7494,6415,0,5,33,38,1.131578947368421,0.05557219020090345,593,What to-do list? I didn't see it.
4151,6415,0,5,33,38,1.131578947368421,0.05557219020090345,593,I already know-your lawyer just served me with the divorce papers
5270,6415,0,5,33,38,1.131578947368421,0.05557219020090345,593,Did you get my note?
4120,6415,0,5,33,38,1.131578947368421,0.05557219020090345,593,"I know Ma, you always told me to watch out for backstabbers. Well, she wants the house and the kids."
7149,6415,1,3,34,38,1.131578947368421,0.06716206838991055,593,don't forget to cross me off your list
1606,6415,0,5,33,38,1.131578947368421,0.05557219020090345,593,It's ninety-five theses on why I will not get a raise.
1311,6415,0,5,33,38,1.131578947368421,0.05557219020090345,593,Martin Luther just mistook me for a church door!
117,6415,2,1,35,38,1.131578947368421,0.07702738822715369,593,"Hello, 911? my name is Wittenberg. I've just been stabbed by a guy who said he's Martin Luther."
1819,6415,1,3,34,38,1.131578947368421,0.06716206838991055,593,"Writing's on the wall, bro'... Me too."
4024,6424,0,5,34,39,1.1282051282051282,0.054233552759541476,593,"Yes sir, I have the treaty around here somewhere."
4575,6424,0,5,34,39,1.1282051282051282,0.054233552759541476,593,I have the lease but I can't read it right now
4681,6424,0,5,34,39,1.1282051282051282,0.054233552759541476,593,I'll probably remember when we're sitting down for dinner.
6838,6424,1,3,35,39,1.1282051282051282,0.06550424345215436,593,"Mildred, the jury seems leaning towards ""cruel and unusual."""
7128,6424,0,5,34,39,1.1282051282051282,0.054233552759541476,593,"Traditional print, digital and now this new distribution channel."
5285,6429,0,4,29,33,1.121212121212121,0.05769525080199931,593,"Mother, I need help with the student loans. The new tax proposal feels heavy on my back."
5335,6429,1,2,30,33,1.121212121212121,0.07226812131946558,593,Hello? I would like to be de-listed.
5357,6429,0,4,29,33,1.121212121212121,0.05769525080199931,593,My tax forms are killing me.
5490,6429,0,4,29,33,1.121212121212121,0.05769525080199931,593,Hello. Yes I'd like to report a case of domestic abuse.
5517,6429,0,4,29,33,1.121212121212121,0.05769525080199931,593,She said our relationship needed a Reformation.
5767,6429,0,4,29,33,1.121212121212121,0.05769525080199931,593,"Yes I have been stabbed in the back, but their mandate is clear."
5675,6429,0,4,29,33,1.121212121212121,0.05769525080199931,593,My wife reminded me to call you.
5739,6429,1,2,30,33,1.121212121212121,0.07226812131946558,593,I have an eerie feeling I was meant to do something today...
7774,6429,1,2,30,33,1.121212121212121,0.07226812131946558,593,"What a coincidence, we were just discussing credit card interest rates."
5280,6429,1,2,30,33,1.121212121212121,0.07226812131946558,593,I am a hostage to your beauty. Can you take the knife out of my back?
5851,6429,0,4,29,33,1.121212121212121,0.05769525080199931,593,"""They"" really stabbed me in the back with that new policy."
5525,6429,1,2,30,33,1.121212121212121,0.07226812131946558,593,"Honey, I think I found your gambling IOU."
5195,6429,1,2,30,33,1.121212121212121,0.07226812131946558,593,"That's right, I would like to be added to the ""Do not call list"""
4924,6429,0,4,29,33,1.121212121212121,0.05769525080199931,593,Your message just came in.
5098,6429,1,2,30,33,1.121212121212121,0.07226812131946558,593,my wife suggested I call about the dining room set you have for sale.
4927,6429,0,4,29,33,1.121212121212121,0.05769525080199931,593,"Sorry, I don’t think I can make it tonight. My wife just gave me a killer to do list !"
5980,6429,1,2,30,33,1.121212121212121,0.07226812131946558,593,Couldn't you have just sent me an email?
4920,6429,0,4,29,33,1.121212121212121,0.05769525080199931,593,"I know the exterminator said he'd set traps next week, but is there any chance he could come by today?"
4864,6429,0,4,29,33,1.121212121212121,0.05769525080199931,593,"He said something about 95 theses, and then, “Oops”!"
4834,6429,1,2,30,33,1.121212121212121,0.07226812131946558,593,"I understand your desire for a divorce, but I think your summons service was a bit more vigorous than it needed to be."
4763,6429,2,0,31,33,1.121212121212121,0.08436006610348519,593,"Here I stand, I can do no other."
4713,6429,0,4,29,33,1.121212121212121,0.05769525080199931,593,"Let me see if I've got that right...Colonel Mustard, with the knife, in the study?"
4658,6429,0,4,29,33,1.121212121212121,0.05769525080199931,593,"Yes, I received my credit card statement."
4639,6429,1,2,30,33,1.121212121212121,0.07226812131946558,593,These hidden fees are killing me
4636,6429,0,4,29,33,1.121212121212121,0.05769525080199931,593,"Hon, I got my marching papers today."
4554,6429,0,4,29,33,1.121212121212121,0.05769525080199931,593,"Yes, I'd like to purchase an internet please. Print is dead."
4535,6429,0,4,29,33,1.121212121212121,0.05769525080199931,593,"I'll have to get ""back"" to you!"
5150,6429,1,2,30,33,1.121212121212121,0.07226812131946558,593,"Honey, did you happen to find those 95 Theses?"
6043,6429,0,4,29,33,1.121212121212121,0.05769525080199931,593,"Yes, dear. I got your honey do list."
6307,6429,0,4,29,33,1.121212121212121,0.05769525080199931,593,"and then she said ""I'm stuck on you"""
6090,6429,2,0,31,33,1.121212121212121,0.08436006610348519,593,It's Kirk Wittenberg. There's been a mistake.
4531,6429,0,4,29,33,1.121212121212121,0.05769525080199931,593,She means it this time.
7720,6429,0,4,29,33,1.121212121212121,0.05769525080199931,593,"Honey, you forgot to sign the prenup."
7576,6429,1,2,30,33,1.121212121212121,0.07226812131946558,593,"Martha, your wish list, get it off my back."
7573,6429,0,4,29,33,1.121212121212121,0.05769525080199931,593,Looks like I’m going to need the name of that divorce lawyer after all -
7554,6429,0,4,29,33,1.121212121212121,0.05769525080199931,593,"Marge, where’s that grocery list you gave me this morning?"
7325,6429,0,4,29,33,1.121212121212121,0.05769525080199931,593,"I don't know boss, the project sort of snuck up on me"
7321,6429,0,4,29,33,1.121212121212121,0.05769525080199931,593,She said I was just fooling around. Why are you guys so sensitive?
7298,6429,1,2,30,33,1.121212121212121,0.07226812131946558,593,"She wants a prenup, I don't."
7106,6429,0,4,29,33,1.121212121212121,0.05769525080199931,593,"So you didn't like my letter to the editor? A bit of overkill, wouldn't you say?"
7103,6429,0,4,29,33,1.121212121212121,0.05769525080199931,593,"Gloria, about the play-acting? Not even a chance for our secret word."
6999,6429,0,4,29,33,1.121212121212121,0.05769525080199931,593,We had the closing on the apartment today. He seemed upset when I explained about the problem with the mortgage.
6998,6429,0,4,29,33,1.121212121212121,0.05769525080199931,593,"Don't worry, I put the list where I can remember it."
6995,6429,0,4,29,33,1.121212121212121,0.05769525080199931,593,"Yes, Mother, she tried to remove your flower portrait and buy more furniture, and I firmly said ""No."""
6057,6429,1,2,30,33,1.121212121212121,0.07226812131946558,593,"honey ,I'm sorry I ignored you...where's the shopping list?"
6961,6429,0,4,29,33,1.121212121212121,0.05769525080199931,593,I’m just dying to remember where I put those papers!!
6747,6429,0,4,29,33,1.121212121212121,0.05769525080199931,593,"Your crime novel's sample pages impressed me, but I can't be your literary agent."
6697,6429,0,4,29,33,1.121212121212121,0.05769525080199931,593,"Hello...911...he said his name was Martin Luther, I turned around and WHAM!!! Can you send a Protestant officer please?"
6628,6429,0,4,29,33,1.121212121212121,0.05769525080199931,593,"Yes, Dear...I just now got the hurtful point of your divorce papers!"
6532,6429,0,4,29,33,1.121212121212121,0.05769525080199931,593,"Hi doc, I'm still getting stabbing pains in my back."
6479,6429,1,2,30,33,1.121212121212121,0.07226812131946558,593,Haven't read it yet; don't think they took our offer.
6467,6429,0,4,29,33,1.121212121212121,0.05769525080199931,593,I'm going to be late....auditioning for a small role in a re-take of an event from 1517.
6430,6429,1,2,30,33,1.121212121212121,0.07226812131946558,593,"Yes, Mr. Luther, I really do appreciate your grievances but I still feel I'm not the right target for your protest. I mean, I'm not even Catholic for a start."
6400,6429,0,4,29,33,1.121212121212121,0.05769525080199931,593,I'd like to report a theft. Important documents and a valuable antique dagger.
6383,6429,0,4,29,33,1.121212121212121,0.05769525080199931,593,"She won't fight me on the house or the kids, but she made clear the acupuncture clinic is non-negotiable."
6348,6429,0,4,29,33,1.121212121212121,0.05769525080199931,593,"911: Sir. What do you mean, ""Your wife was trying to make a point."""
6330,6429,0,4,29,33,1.121212121212121,0.05769525080199931,593,Yeah the kids weren’t too happy about their essay scores
6162,6429,1,2,30,33,1.121212121212121,0.07226812131946558,593,Press 1 if your are part of the United States ... Press 9 if you are Puerto Rico
6098,6429,0,4,29,33,1.121212121212121,0.05769525080199931,593,I got the milk. I got the eggs. But somehow I've misplaced your list.
6933,6429,0,4,29,33,1.121212121212121,0.05769525080199931,593,"Hello, I would like to cancel the rush delivery of my paper."
4358,6429,1,2,30,33,1.121212121212121,0.07226812131946558,593,My new insurance won't approve another appointment this year.
2463,6429,1,2,30,33,1.121212121212121,0.07226812131946558,593,"Hello Republican National Committee, I withdraw my interest to run for senator from Arizona."
4224,6429,0,4,29,33,1.121212121212121,0.05769525080199931,593,"I believe the divorce papers say that I always turn my back to her. And that's her legal defense, too."
1874,6429,0,4,29,33,1.121212121212121,0.05769525080199931,593,It was some grinning zombie-wonk named Keith Schiller.
1745,6429,1,2,30,33,1.121212121212121,0.07226812131946558,593,"She said she'd indulge me no longer and demanded a complete reformation of our marriage, but I still don't know the details."
1612,6429,1,2,30,33,1.121212121212121,0.07226812131946558,593,We're cancelling our son's indulgences until he reforms himself.
1557,6429,0,4,29,33,1.121212121212121,0.05769525080199931,593,"Yes, tell Brutus its about his evaluation."
1443,6429,1,2,30,33,1.121212121212121,0.07226812131946558,593,"Yes, I have time to answer a few questions."
1425,6429,0,4,29,33,1.121212121212121,0.05769525080199931,593,"Honey, I swear I looked everywhere. I still can't find the ToDo list!!"
1412,6429,1,2,30,33,1.121212121212121,0.07226812131946558,593,I´d like to make an appointment with Dr. Dolchstoßlegende.
1315,6429,0,4,29,33,1.121212121212121,0.05769525080199931,593,I learned today that during contract talks you should never use the terms non-negotiable and shank in the same sentence.
1253,6429,0,4,29,33,1.121212121212121,0.05769525080199931,593,Uncle Vinny is out.
1187,6429,0,4,29,33,1.121212121212121,0.05769525080199931,593,I prefer counsel to remove the knife to preserve the privilege of the content of the letter she claims to have discovered.
1162,6429,0,4,29,33,1.121212121212121,0.05769525080199931,593,"Frankly Diana, I should have expected you'd have the divorce papers served this way... Hi Jim, I told you it was going to get bloody. She just served the divorce papers."
1080,6429,0,4,29,33,1.121212121212121,0.05769525080199931,593,"When I turned my back on him, he served the summons in a vicious way."
941,6429,0,4,29,33,1.121212121212121,0.05769525080199931,593,"I wish I could help, but I'm a little busy now."
934,6429,0,4,29,33,1.121212121212121,0.05769525080199931,593,Just calling to say I don't appreciate how your people deliver demand payment letters.
932,6429,0,4,29,33,1.121212121212121,0.05769525080199931,593,911 I'd like to report an eviction
867,6429,0,4,29,33,1.121212121212121,0.05769525080199931,593,You know a stamp only costs 50 cents!
695,6429,1,2,30,33,1.121212121212121,0.07226812131946558,593,Hang on. I have to address an urgent matter.
631,6429,1,2,30,33,1.121212121212121,0.07226812131946558,593,"Hello, Jim Comey speaking...Oh, yes Mr. President, I got your message."
591,6429,1,2,30,33,1.121212121212121,0.07226812131946558,593,Backstabbers Anonymous? You've been breached.
578,6429,0,4,29,33,1.121212121212121,0.05769525080199931,593,Just tell Martin I have a few complaints of my own.
534,6429,0,4,29,33,1.121212121212121,0.05769525080199931,593,"Can you believe this, they told me the writing was on the wall."
491,6429,0,4,29,33,1.121212121212121,0.05769525080199931,593,Did you have to deliver the bill by Ninja Warrior?
382,6429,1,2,30,33,1.121212121212121,0.07226812131946558,593,I'd like to report a stabbing.
368,6429,2,0,31,33,1.121212121212121,0.08436006610348519,593,"I stopped the knife, but will not stop the wired phone service connect to my house!"
279,6429,0,4,29,33,1.121212121212121,0.05769525080199931,593,"Yes, I voted for Trump."
186,6429,1,2,30,33,1.121212121212121,0.07226812131946558,593,"Well, obviously this is an unconventional way to serve divorce papers!"
80,6429,1,2,30,33,1.121212121212121,0.07226812131946558,593,The way the message was delivered betrays its flattering tone.
2025,6429,0,4,29,33,1.121212121212121,0.05769525080199931,593,"Sorry, gotta run. The wife seems to have a problem."
2139,6429,0,4,29,33,1.121212121212121,0.05769525080199931,593,I would like to report a problem with my new e-mail opener.
163,6429,0,4,29,33,1.121212121212121,0.05769525080199931,593,"Hey honey, have you seen that memo for our new life insurance policy?"
2323,6429,1,2,30,33,1.121212121212121,0.07226812131946558,593,I'd like to order something off the takeout menu.
2251,6429,0,4,29,33,1.121212121212121,0.05769525080199931,593,"Martin, I received your theses, but I don't appreciate the way it was delivered,"
4193,6429,0,4,29,33,1.121212121212121,0.05769525080199931,593,Isn’t it quaint just to be stabbed in the back?
4018,6429,0,4,29,33,1.121212121212121,0.05769525080199931,593,"Hello Post Office, dead letter department please."
3994,6429,0,4,29,33,1.121212121212121,0.05769525080199931,593,I feel your pain but I'm not risking my life for this.
3717,6429,1,2,30,33,1.121212121212121,0.07226812131946558,593,I’m reporting a tax attack.
3693,6429,0,4,29,33,1.121212121212121,0.05769525080199931,593,"Yes, I no longer wish to be on the ""do not call"" list."
3644,6429,1,2,30,33,1.121212121212121,0.07226812131946558,593,Thank god I'd fallen asleep on my dissertation before the attack
3643,6429,1,2,30,33,1.121212121212121,0.07226812131946558,593,IRRECONCILABLE DIFFERENCES !
3641,6429,0,4,29,33,1.121212121212121,0.05769525080199931,593,The reports of my death have not been exaggerated.
3596,6429,1,2,30,33,1.121212121212121,0.07226812131946558,593,I'm backing my wife up while she takes a stab at the Want Ads. Can you quick find her something?
3567,6429,1,2,30,33,1.121212121212121,0.07226812131946558,593,Yes officer that's correct I just asked when dinner would be ready
3558,6429,1,2,30,33,1.121212121212121,0.07226812131946558,593,Darn media always backstabbing me.
3502,6429,0,4,29,33,1.121212121212121,0.05769525080199931,593,My ex. served me papers. What a prick!
3491,6429,0,4,29,33,1.121212121212121,0.05769525080199931,593,"By the way, my wife just reminded me that...."
4314,6429,1,2,30,33,1.121212121212121,0.07226812131946558,593,"I’m having trouble hearing you, I’ve just been stabbed"
3400,6429,0,4,29,33,1.121212121212121,0.05769525080199931,593,I have a nagging sense that the committee already stabbed me in the back with the notes I shared.
3465,6429,0,4,29,33,1.121212121212121,0.05769525080199931,593,I'm aware I have no spine. I'm still standing aren't I?
2576,6429,0,4,29,33,1.121212121212121,0.05769525080199931,593,I got the hospital bill today.
2745,6429,0,4,29,33,1.121212121212121,0.05769525080199931,593,"911... send an ambulance... finished my research on new book, ""The Woman Who Mistook Her Husband For A Bulletin Board."""
2763,6429,1,2,30,33,1.121212121212121,0.07226812131946558,593,That's where you put my to do list? And here I thought I was merely on the receiving end of your rapier like wit.
2841,6429,0,4,29,33,1.121212121212121,0.05769525080199931,593,Hello FTC? I'd like to report a bill collector who may be a little too aggressive.
2421,6429,0,4,29,33,1.121212121212121,0.05769525080199931,593,I have a complaint.
2923,6429,0,4,29,33,1.121212121212121,0.05769525080199931,593,"All I said was, 'You gotta stick it to the man.'"
3274,6429,0,4,29,33,1.121212121212121,0.05769525080199931,593,"No honey, I can't read it."
2918,6429,0,4,29,33,1.121212121212121,0.05769525080199931,593,"I really did stick to the message, Honey. Should have used email, though."
2413,6429,0,4,29,33,1.121212121212121,0.05769525080199931,593,911? I’ve just been nailed to the 95 theses.
3075,6429,2,0,31,33,1.121212121212121,0.08436006610348519,593,"Mr. Luther’s out right now, would you care to leave a Thesis?"
3034,6429,0,4,29,33,1.121212121212121,0.05769525080199931,593,The article made a good point.
3217,6429,0,4,29,33,1.121212121212121,0.05769525080199931,593,"Yes mother, I know you warned me that divorce would be very painful."
4062,6552,1,3,38,42,1.119047619047619,0.060986670088086975,593,I feel used.
3395,6553,0,4,30,34,1.1176470588235294,0.05608603466150544,593,My phone has been Spinal Tapped.
4730,6553,0,4,30,34,1.1176470588235294,0.05608603466150544,593,He said he has nothing but warm feelings for the company but I think he was just sucking up.
3720,6553,0,4,30,34,1.1176470588235294,0.05608603466150544,593,"Dr. Jones, I was just reading that fake news may be hazardous to our health."
3897,6553,1,2,31,34,1.1176470588235294,0.07020095781645355,593,"Hello, Lawers office? I believe I have been served papers from my back stabbing wife"
3906,6553,0,4,30,34,1.1176470588235294,0.05608603466150544,593,"She said if I talked to you for over an hour again, there would be consequences."
4195,6553,0,4,30,34,1.1176470588235294,0.05608603466150544,593,"I’m sorry sir, you’re stuck to your contract"
4261,6553,0,4,30,34,1.1176470588235294,0.05608603466150544,593,I can never read her writing.
4418,6553,0,4,30,34,1.1176470588235294,0.05608603466150544,593,She took off and left a note that’s unreadable.
4715,6553,0,4,30,34,1.1176470588235294,0.05608603466150544,593,"Sorry honey, but I can't remember where I put the shopping list."
3746,6553,0,4,30,34,1.1176470588235294,0.05608603466150544,593,Hello 911 I am being held hostage and have a list of random demands
7232,6553,1,2,31,34,1.1176470588235294,0.07020095781645355,593,My divorce lawyer said they were going to stab me in the back.
5758,6553,1,2,31,34,1.1176470588235294,0.07020095781645355,593,But your message said you'd get back to me.
6091,6553,1,2,31,34,1.1176470588235294,0.07020095781645355,593,I got the point. Did you have to spell out all the details?
6372,6553,0,4,30,34,1.1176470588235294,0.05608603466150544,593,Your college tuition went up how much?
6490,6553,0,4,30,34,1.1176470588235294,0.05608603466150544,593,"Hey hon, I still can't find your to-do list."
6860,6553,1,2,31,34,1.1176470588235294,0.07020095781645355,593,I have a nagging feeling that she's going to backstab me with her demands!
3388,6553,0,4,30,34,1.1176470588235294,0.05608603466150544,593,Your ex stopped by. I don't think they're over you.
7326,6553,0,4,30,34,1.1176470588235294,0.05608603466150544,593,I shouldn't have signed that prenup
7375,6553,0,4,30,34,1.1176470588235294,0.05608603466150544,593,"Don't hang up,I've committed to it."
7665,6553,0,4,30,34,1.1176470588235294,0.05608603466150544,593,"There was a clear misapplication of the ""force majeure"" clause."
7733,6553,0,4,30,34,1.1176470588235294,0.05608603466150544,593,"Honey, have you seen the letter opener?"
7759,6553,0,4,30,34,1.1176470588235294,0.05608603466150544,593,It's what's between the lines that bothers me.
7788,6553,0,4,30,34,1.1176470588235294,0.05608603466150544,593,We’ll have to text or something. Landlines are apparently no longer allowed.
5563,6553,0,4,30,34,1.1176470588235294,0.05608603466150544,593,Hello 911? Someone has planted something in my back.
3278,6553,2,0,32,34,1.1176470588235294,0.0819188969203284,593,They haven't crossed my desk yet.
2384,6553,1,2,31,34,1.1176470588235294,0.07020095781645355,593,Where's tha to-do list you've been on me about?
3002,6553,1,2,31,34,1.1176470588235294,0.07020095781645355,593,"I received the summons, but I can't read the fine print."
30,6553,0,4,30,34,1.1176470588235294,0.05608603466150544,593,NSA is depending on you to quack this code.
93,6553,0,4,30,34,1.1176470588235294,0.05608603466150544,593,"No, this one is different."
131,6553,1,2,31,34,1.1176470588235294,0.07020095781645355,593,My lottery winning wife just served me with divorce papers.
150,6553,1,2,31,34,1.1176470588235294,0.07020095781645355,593,"It's nice, but it is in a Protestant neighborhood."
361,6553,0,4,30,34,1.1176470588235294,0.05608603466150544,593,"Honey, I can't find that note you said you would leave for me."
597,6553,0,4,30,34,1.1176470588235294,0.05608603466150544,593,"Yes, another secretary please. With L-í-f-e skills this time."
645,6553,0,4,30,34,1.1176470588235294,0.05608603466150544,593,"Thank you officer. So your suggesting that I put up a sign that says, ""Post No Bills!"
3212,6553,0,4,30,34,1.1176470588235294,0.05608603466150544,593,God bless American people.
660,6553,1,2,31,34,1.1176470588235294,0.07020095781645355,593,"Well, I haven't actually read the counteroffer yet; but I'm pretty sure I won't like it."
819,6553,0,4,30,34,1.1176470588235294,0.05608603466150544,593,911? Luther stabbed me with theses.
648,6553,2,0,32,34,1.1176470588235294,0.0819188969203284,593,I have a few questions about your user agreement.
1115,6553,0,4,30,34,1.1176470588235294,0.05608603466150544,593,Never mind; cancel my call to rewrite. I'm getting the hint that it's too cloak and dagger to report.
2903,6553,0,4,30,34,1.1176470588235294,0.05608603466150544,593,"She said my criticism was penetrating, but not as deeply as hers."
990,6553,0,4,30,34,1.1176470588235294,0.05608603466150544,593,I've got the report in draft but let me take another stab at it.
2568,6553,0,4,30,34,1.1176470588235294,0.05608603466150544,593,I got this to do list that's really bothering me...
2363,6553,1,2,31,34,1.1176470588235294,0.07020095781645355,593,"Hello, Amazon Key; this is not what I had in mind."
2864,6553,0,4,30,34,1.1176470588235294,0.05608603466150544,593,"She loves the diamond engagement ring but the prenup, not so much."
1712,6553,0,4,30,34,1.1176470588235294,0.05608603466150544,593,"Turns out she's a real, um, betrayer."
1518,6553,1,2,31,34,1.1176470588235294,0.07020095781645355,593,"Et tu, Bouquet?"
1421,6553,0,4,30,34,1.1176470588235294,0.05608603466150544,593,"I'm scared, honey. They say if I don't give in to their demands, they'll reveal me as the fake I am."
1404,6553,0,4,30,34,1.1176470588235294,0.05608603466150544,593,"Apparently, the kids are demanding we get rid of the landline."
2016,6553,0,4,30,34,1.1176470588235294,0.05608603466150544,593,"I must admit, you have a funny way of delivering my divorce papers."
1016,6553,0,4,30,34,1.1176470588235294,0.05608603466150544,593,Are you SURE you left a note??
6712,6603,0,4,31,35,1.1142857142857143,0.054563640607556065,593,I'd like to upgrade my online presence.
4073,6603,0,4,31,35,1.1142857142857143,0.054563640607556065,593,"Hey, Martin, can you delete a few. My back is killing me."
6462,6603,1,2,32,35,1.1142857142857143,0.0682485395100738,593,I just got served and her divorce lawyer is a real killer in court.
5349,6603,0,4,31,35,1.1142857142857143,0.054563640607556065,593,Post-its are so passé.
5130,6603,0,4,31,35,1.1142857142857143,0.054563640607556065,593,My 2nd-Amendment-loving neighbor apparently didn't care about my right to life.
3185,6603,1,2,32,35,1.1142857142857143,0.0682485395100738,593,"Yep, she stuck me with tax duty again this year."
577,6603,1,2,32,35,1.1142857142857143,0.0682485395100738,593,"Yes mother, you were always right about her. I just got the divorce papers."
60,6603,0,4,31,35,1.1142857142857143,0.054563640607556065,593,"Sorry to tell you this but I didn’t finish our group project. I know, I just backstabbed you."
1053,6603,0,4,31,35,1.1142857142857143,0.054563640607556065,593,"Hello, newspaper? A time traveler just stabbed me and pinned my own obituary to my back, but I'm still alive so you might want to stop the presses and change the article."
554,6603,1,2,32,35,1.1142857142857143,0.0682485395100738,593,What's bothering you now?
64,6603,0,4,31,35,1.1142857142857143,0.054563640607556065,593,The president reminds you he'll fire every last one of you if don't make full use of the new 280 character limit.
124,6614,0,4,32,36,1.1111111111111112,0.05312127152597306,593,"She's insistent, that I sign the prenuptial agreement!"
3262,6614,0,4,32,36,1.1111111111111112,0.05312127152597306,593,I don't care if they said my back is as stiff as a board.
4333,6614,0,4,32,36,1.1111111111111112,0.05312127152597306,593,Tell her she forgot her shopping list.
6115,6614,0,4,32,36,1.1111111111111112,0.05312127152597306,593,Thanks for your support!
6661,6614,1,2,33,36,1.1111111111111112,0.06640158940746632,593,Is this knife in the back are us?
6672,6614,0,4,32,36,1.1111111111111112,0.05312127152597306,593,Up front. Down front. Whichever.
7343,6614,0,4,32,36,1.1111111111111112,0.05312127152597306,593,"No, it's illegible."
7749,6614,0,4,32,36,1.1111111111111112,0.05312127152597306,593,I need to cancel my tee time. I've been stuck with a honey-do list.
4239,6622,0,4,33,37,1.1081081081081081,0.05175281663547772,593,"I can't afford the doctor, that's the point."
380,6623,0,4,35,39,1.1025641025641026,0.04921614717627658,593,"Actually, I saw your takeout menu when you left it in my mailbox last week."
5107,6624,0,3,27,30,1.1,0.05570860145311559,593,"Honey, I understand your note says you're leaving me."
5138,6624,0,3,27,30,1.1,0.05570860145311559,593,"Yes, Martin just posted his thesis, but his GPS was not working."
5204,6624,1,1,28,30,1.1,0.07350033231608355,593,I think she was trying to make a point.
5282,6624,0,3,27,30,1.1,0.05570860145311559,593,Subscriptions? I want to change my cancellation of home delivery to the week after Christmas.
5296,6624,1,1,28,30,1.1,0.07350033231608355,593,"You can call it a ""request"" for payment all you like. I still call it a demand and I still want to talk to your manager."
5090,6624,0,3,27,30,1.1,0.05570860145311559,593,"So, you're wife just hands you the paper without all the theatrics?"
5314,6624,0,3,27,30,1.1,0.05570860145311559,593,"I think we should talk, I'm feeling stabbed by your letter."
5317,6624,1,1,28,30,1.1,0.07350033231608355,593,I'm having that stabbing sensation again.
5332,6624,0,3,27,30,1.1,0.05570860145311559,593,"Like I said, I'm not registered with either party."
5340,6624,0,3,27,30,1.1,0.05570860145311559,593,I'd like to leave a message on your Comment Line on how you should rethink how you do your back orders.
5444,6624,0,3,27,30,1.1,0.05570860145311559,593,"I know we don't have an appointment today, doc, but I have the strangest feeling people have been kicking my ass all day long,"
7755,6624,0,3,27,30,1.1,0.05570860145311559,593,I simply asked for the WIFI passcode.
5375,6624,0,3,27,30,1.1,0.05570860145311559,593,"So, I got your message…"
5422,6624,0,3,27,30,1.1,0.05570860145311559,593,"Hi, darling ... where did you put the to-do list?"
5430,6624,0,3,27,30,1.1,0.05570860145311559,593,Your tax cut bill for the middle class feels like a knife in the back.
5450,6624,0,3,27,30,1.1,0.05570860145311559,593,"Why yes, the new guidelines have been posted. Apparently, despite my position, I'm to keep my hands to myself."
5079,6624,0,3,27,30,1.1,0.05570860145311559,593,"No, it was not a text or an email message."
5454,6624,1,1,28,30,1.1,0.07350033231608355,593,No thank you. We're strict Lutherans.
5483,6624,1,1,28,30,1.1,0.07350033231608355,593,Did you mean to reply all?
5504,6624,0,3,27,30,1.1,0.05570860145311559,593,"Jack, tell me again where you stuck the honey do list."
5531,6624,1,1,28,30,1.1,0.07350033231608355,593,He said he was a descendant of Martin Luther but that he couldn't afford an airplane ticket to Wittenberg.
5342,6624,1,1,28,30,1.1,0.07350033231608355,593,No… my contract tried to terminate me
5051,6624,1,1,28,30,1.1,0.07350033231608355,593,"I don't know what they're asking for, you advised me to avoid service and that's what I did."
4773,6624,1,1,28,30,1.1,0.07350033231608355,593,"Hello, 911? Martin Luther just posted his 96 theses between my shoulder blades, I'm agnostic but I think it's very unfair. I am very open to alternate faiths."
5036,6624,1,1,28,30,1.1,0.07350033231608355,593,"Based on the method, and the lyrics it may have been The O'Jays."
3993,6624,0,3,27,30,1.1,0.05570860145311559,593,Susan finished another draft.
4030,6624,0,3,27,30,1.1,0.05570860145311559,593,It's a kickstart me.
4053,6624,1,1,28,30,1.1,0.07350033231608355,593,"“Yes, you’re right! My back’s up! But what are they saying behind my back?"
4061,6624,0,3,27,30,1.1,0.05570860145311559,593,I think I have a coupon.
4124,6624,0,3,27,30,1.1,0.05570860145311559,593,The mailman was really eager to give me the news
4170,6624,0,3,27,30,1.1,0.05570860145311559,593,"No, not exactly, I don't the head office said they would back me."
4210,6624,0,3,27,30,1.1,0.05570860145311559,593,"I think I should back off of dinner tonight, Lydia. Today I received my peer review, and apparently, they'd like to vote me off the island."
4218,6624,0,3,27,30,1.1,0.05570860145311559,593,I feel I may have forgotten about an unpaid bill.
4264,6624,0,3,27,30,1.1,0.05570860145311559,593,How do I know if it’s an emergency? I can’t read it.
4280,6624,0,3,27,30,1.1,0.05570860145311559,593,Turning off the Internet did not work.
4323,6624,0,3,27,30,1.1,0.05570860145311559,593,Hey boss...remember when you told me to bring the contract in for approval even if it is the last thing I do? Did you mean that literally?
4337,6624,0,3,27,30,1.1,0.05570860145311559,593,I've been backstabbed by the news.
4349,6624,1,1,28,30,1.1,0.07350033231608355,593,"Jim Mackall, I need a lawyer. My back stabbing wife just served me divorce papers"
4370,6624,0,3,27,30,1.1,0.05570860145311559,593,She literally stabbed me in the back with divorce papers...I am using it correctly!
4428,6624,0,3,27,30,1.1,0.05570860145311559,593,I want to report a virtual saber media attack
4614,6624,0,3,27,30,1.1,0.05570860145311559,593,"so what's wrong with certified mail?"" "" so what's the problem with certified mail?"
4736,6624,1,1,28,30,1.1,0.07350033231608355,593,I was of the impression that the charges would not show up on my credit card bill.
4772,6624,0,3,27,30,1.1,0.05570860145311559,593,Yes. About your ad?
5595,6624,1,1,28,30,1.1,0.07350033231608355,593,"Yes, I'd like to speak to the head of the advertising department."
4792,6624,0,3,27,30,1.1,0.05570860145311559,593,Your mother just delivered a poison-pen letter in person.
4794,6624,1,1,28,30,1.1,0.07350033231608355,593,It's over-she found your letter!
4843,6624,0,3,27,30,1.1,0.05570860145311559,593,It turns out Martin Luther’s descendant is my new delivery boy.
4902,6624,0,3,27,30,1.1,0.05570860145311559,593,I would have waived if you served it by mail!
5049,6624,0,3,27,30,1.1,0.05570860145311559,593,"Well that's the sticking point... Legally, I am not allowed to tell you what happened."
5640,6624,0,3,27,30,1.1,0.05570860145311559,593,I don't think that non-disclosure clause covers this.
5925,6624,0,3,27,30,1.1,0.05570860145311559,593,Have your ever felt stabbed in the back by a pen pal?
5723,6624,0,3,27,30,1.1,0.05570860145311559,593,"Mother, I have a message for you."
6885,6624,1,1,28,30,1.1,0.07350033231608355,593,My cell phone contract requires me to use a landline while indoors.
6928,6624,0,3,27,30,1.1,0.05570860145311559,593,Divorce is certainly one way to reform your marriage.
6939,6624,0,3,27,30,1.1,0.05570860145311559,593,Can I call you back later? I'm stuck on something right now.
6945,6624,1,1,28,30,1.1,0.07350033231608355,593,"No, you're right I should have stopped by to see you in Palermo."
6962,6624,0,3,27,30,1.1,0.05570860145311559,593,I'm calling to cancel my subscription. It just tried to cancel me.
6970,6624,0,3,27,30,1.1,0.05570860145311559,593,"Why couldn't she use an adhesive, like any normal person would?"
6987,6624,1,1,28,30,1.1,0.07350033231608355,593,911? I am staring at a still life with a want ad stabbed in my back. Help. Thanks.
6994,6624,0,3,27,30,1.1,0.05570860145311559,593,"If your deliverymen can't keep the newspaper out of my azaleas, I want them fired!"
7057,6624,0,3,27,30,1.1,0.05570860145311559,593,"And if you don't give me what I'm asking for, then I get it!"
7076,6624,0,3,27,30,1.1,0.05570860145311559,593,"Yes, it's a real emergency."
6883,6624,0,3,27,30,1.1,0.05570860145311559,593,"We were watching that Luther documentary when she jumped up screaming, ""Here are MY (ital.) 95 theses!"""
7213,6624,0,3,27,30,1.1,0.05570860145311559,593,I have a feeling I shouldn’t be telling you all this.
7374,6624,0,3,27,30,1.1,0.05570860145311559,593,Yes I received your letter: it was very much to the point.
7448,6624,1,1,28,30,1.1,0.07350033231608355,593,Is it too late to change my pizza order from medium to small?
7549,6624,0,3,27,30,1.1,0.05570860145311559,593,I never thought you would go behind my back
7623,6624,0,3,27,30,1.1,0.05570860145311559,593,Sorry. Got to run. My paper boy is here to remind me that I owe him for last week.
7628,6624,0,3,27,30,1.1,0.05570860145311559,593,I would like to complain about my last phone bill.
7633,6624,0,3,27,30,1.1,0.05570860145311559,593,"I said I got the point, Phyllis, but do you seriously expect me to read all this?"
7690,6624,0,3,27,30,1.1,0.05570860145311559,593,"I pirated the software, sure, but there's gotta be a better way to deliver the end-user license agreement."
7711,6624,0,3,27,30,1.1,0.05570860145311559,593,and some “ stick it to the man” to go with my order of Kung Pao
7718,6624,0,3,27,30,1.1,0.05570860145311559,593,"You'll no why, after you read the fine print."
3937,6624,0,3,27,30,1.1,0.05570860145311559,593,I just got an offer for the co-op that we can’t refuse.
7234,6624,0,3,27,30,1.1,0.05570860145311559,593,"Officer, some idiot stabbed me with some papers, and yelled, 'HERE I STAND.'"
5681,6624,0,3,27,30,1.1,0.05570860145311559,593,"It was thirty years ago, but she’s holding me to it."
6810,6624,0,3,27,30,1.1,0.05570860145311559,593,Honey. Where did we stick the ToDo list?
6763,6624,0,3,27,30,1.1,0.05570860145311559,593,I don't even want to tell you about the weekly insert.
5757,6624,0,3,27,30,1.1,0.05570860145311559,593,"Why yes, she served the divorce order personally."
5778,6624,0,3,27,30,1.1,0.05570860145311559,593,I think she wants me to do the groceries.
5884,6624,0,3,27,30,1.1,0.05570860145311559,593,"No, he didn't like it all when I suggested his knife-in-the-back metaphor doesn't work."
5887,6624,0,3,27,30,1.1,0.05570860145311559,593,"Yes honey, I did get your reminder about our pre-nup."
5952,6624,0,3,27,30,1.1,0.05570860145311559,593,I’m just received some bad news Doris.
5977,6624,0,3,27,30,1.1,0.05570860145311559,593,No Honey.. .where is the shopping list ?
6032,6624,0,3,27,30,1.1,0.05570860145311559,593,"No, I don't remember it al all!"
6063,6624,0,3,27,30,1.1,0.05570860145311559,593,Serving divorce papers has reached a whole new level!
6085,6624,1,1,28,30,1.1,0.07350033231608355,593,"If you want to evict me that's fine, but don 't stab me in the back!"
6123,6624,0,3,27,30,1.1,0.05570860145311559,593,Your opening paragraph was very to the point.
6785,6624,0,3,27,30,1.1,0.05570860145311559,593,"Joe, couldn’t you send a memo in the usual way? The o"
6217,6624,0,3,27,30,1.1,0.05570860145311559,593,I had a bad day at work...
6247,6624,0,3,27,30,1.1,0.05570860145311559,593,I made some revisions.
6264,6624,0,3,27,30,1.1,0.05570860145311559,593,it feels like a stabbing pain... and a laundry list of other symptoms
6294,6624,0,3,27,30,1.1,0.05570860145311559,593,Hello police? I think my tax returns are trying to kill me.
6326,6624,0,3,27,30,1.1,0.05570860145311559,593,Apparently there are a few items on my Honey Do list you REALLY wanted done!
6392,6624,1,1,28,30,1.1,0.07350033231608355,593,You forgot to add milk?
6454,6624,0,3,27,30,1.1,0.05570860145311559,593,"Trust me, I’m pretty sure she’s filed for divorce."
6551,6624,1,1,28,30,1.1,0.07350033231608355,593,"99 theses, she said!"
6610,6624,0,3,27,30,1.1,0.05570860145311559,593,Why can't your mother text or e-mail her complaints?
6736,6624,0,3,27,30,1.1,0.05570860145311559,593,I think it's about the Feminist Reformation.......
6740,6624,0,3,27,30,1.1,0.05570860145311559,593,She just gave me a list of demands and left.
6225,6624,1,1,28,30,1.1,0.07350033231608355,593,"Well, mom, you did teach me that honesty is the best policy."
3865,6624,1,1,28,30,1.1,0.07350033231608355,593,"No, Junior ... there’s no turning back now."
5362,6624,0,3,27,30,1.1,0.05570860145311559,593,She left before I could thank her for responding to my petition in a timely manner.
3834,6624,1,1,28,30,1.1,0.07350033231608355,593,95 reasons why he left
1029,6624,1,1,28,30,1.1,0.07350033231608355,593,"Yes, it's imperative this charge be eliminated from our bill."
1106,6624,0,3,27,30,1.1,0.05570860145311559,593,I want to report an attack by Martin Luther!
1170,6624,0,3,27,30,1.1,0.05570860145311559,593,"Yes, Wittenburg. With a W, as in wurst."
1188,6624,0,3,27,30,1.1,0.05570860145311559,593,"No, I don't need an indian chief, I'm not joking."
1201,6624,0,3,27,30,1.1,0.05570860145311559,593,“Did you post the bulletin to the staff?
1209,6624,0,3,27,30,1.1,0.05570860145311559,593,You needed to stab four inches lower and to the left.
1221,6624,0,3,27,30,1.1,0.05570860145311559,593,"What do you mean, ""No backsies?"""
1239,6624,0,3,27,30,1.1,0.05570860145311559,593,911? My wife just stabbed me with divorce papers.
1266,6624,1,1,28,30,1.1,0.07350033231608355,593,I'm not sure whether service was personal or posted.
1271,6624,0,3,27,30,1.1,0.05570860145311559,593,"I am sorry Fred, but I have to go. Zelda just posted another to do list."
1014,6624,0,3,27,30,1.1,0.05570860145311559,593,He said no to advertising on-line.
1277,6624,1,1,28,30,1.1,0.07350033231608355,593,...but what really hurts is you demanding sole custody of Mister Poodles.
1365,6624,0,3,27,30,1.1,0.05570860145311559,593,"Yes, hello.. I am starting to feel gouged by the cost of my data plan."
1397,6624,0,3,27,30,1.1,0.05570860145311559,593,"Et tu, Schrute?"
1407,6624,0,3,27,30,1.1,0.05570860145311559,593,"What's new? Well, I just hung a new painting."
1442,6624,0,3,27,30,1.1,0.05570860145311559,593,"Sir, the ad was for a 'Black Sabbath' cover band. Oddly, I think you're qualified."
1458,6624,0,3,27,30,1.1,0.05570860145311559,593,"I've been attacked from behind by ""The New York Times."""
1473,6624,1,1,28,30,1.1,0.07350033231608355,593,I'm telling you bill the media is a back stabbing bastard.
1521,6624,0,3,27,30,1.1,0.05570860145311559,593,"After our fight over DJ vs band ended in the emergency room, I should have anticipated her response to a pre-nup."
1522,6624,0,3,27,30,1.1,0.05570860145311559,593,"Its my constitution doc, every since I took a knee at the football game I've had a pain in my back!"
1525,6624,0,3,27,30,1.1,0.05570860145311559,593,I would like to report an erroneous posting of the Disputation on the Power of Indulgences
1602,6624,1,1,28,30,1.1,0.07350033231608355,593,Pirate Supoenas?
1299,6624,0,3,27,30,1.1,0.05570860145311559,593,.....and you're eliminating severance pay as well?
1605,6624,1,1,28,30,1.1,0.07350033231608355,593,I'm taken aback by all the work I have to do.
817,6624,0,3,27,30,1.1,0.05570860145311559,593,"Well, in one way she got to the point but in another she could use an editor."
801,6624,0,3,27,30,1.1,0.05570860145311559,593,"Hey, it seems the ""fake news"" finally stabbed me in the back."
3860,6624,1,1,28,30,1.1,0.07350033231608355,593,I'm sorry dear but do you remember where you put the statement from my county club?
0,6624,0,3,27,30,1.1,0.05570860145311559,593,"On the count of three, duck."
31,6624,1,1,28,30,1.1,0.07350033231608355,593,"How do I know it's from your former husband, the Navy SEAL?"
67,6624,0,3,27,30,1.1,0.05570860145311559,593,"Yes Dear,I found the honey-do list."
84,6624,0,3,27,30,1.1,0.05570860145311559,593,"For the ninety-fifth time, I protest! Why won't you indulge me?"
103,6624,0,3,27,30,1.1,0.05570860145311559,593,I'll feel better once I'm done with this paperwork.
155,6624,1,1,28,30,1.1,0.07350033231608355,593,I think it might be a Dear John letter.
227,6624,0,3,27,30,1.1,0.05570860145311559,593,I'm not sure but I think Lorena has just served me with divorce papers.
233,6624,1,1,28,30,1.1,0.07350033231608355,593,I think I’ve just been severed with divorce papers.
234,6624,0,3,27,30,1.1,0.05570860145311559,593,"Mr. Luther, it would've been easier to read an inter office memo."
806,6624,1,1,28,30,1.1,0.07350033231608355,593,And this is how our millennial birds spend most of their life.
246,6624,0,3,27,30,1.1,0.05570860145311559,593,I've been stabbed in the back. I've been misunderstood. But it's a comfort to know my intentions are good.
273,6624,0,3,27,30,1.1,0.05570860145311559,593,'I wish I could understand what's bothering her.'
408,6624,0,3,27,30,1.1,0.05570860145311559,593,I can't read your Post-It notes.
472,6624,0,3,27,30,1.1,0.05570860145311559,593,When the newspaper delivery man gets crafty
481,6624,0,3,27,30,1.1,0.05570860145311559,593,"…Why yes, a member of your compliance team delivered a hard copy this morning… Yes, I realize I clicked the little box saying ‘I have read and understand these terms’ but... No, as I tried to tell him, I have no firstborn…nope, never had kids…"
514,6624,0,3,27,30,1.1,0.05570860145311559,593,My spidey sense tell me it leans more toward literary realism than erotic fiction.
581,6624,0,3,27,30,1.1,0.05570860145311559,593,"Honey, I know the divorce is nearly final, but..."
633,6624,0,3,27,30,1.1,0.05570860145311559,593,"Hello, police? Mark Anthony just passed by."
674,6624,0,3,27,30,1.1,0.05570860145311559,593,Dr. Freeman? I'm ready to discuss my fear of I.T. now.
702,6624,0,3,27,30,1.1,0.05570860145311559,593,You couldn't just mail my divorce papers!
798,6624,0,3,27,30,1.1,0.05570860145311559,593,"Honey, where is that to do list?"
250,6624,0,3,27,30,1.1,0.05570860145311559,593,"Doctor, my irrational wife claims I'm insensitive."
1622,6624,0,3,27,30,1.1,0.05570860145311559,593,I can't find my to do list.
1384,6624,0,3,27,30,1.1,0.05570860145311559,593,It's stuck on a don't forget me box.
1715,6624,0,3,27,30,1.1,0.05570860145311559,593,"I would be worried, but she thinks Martin Luther was a real hottie."
2873,6624,0,3,27,30,1.1,0.05570860145311559,593,My wife just filed her 95 theses for divorce.
2875,6624,0,3,27,30,1.1,0.05570860145311559,593,Thanks for the reminder.
2948,6624,0,3,27,30,1.1,0.05570860145311559,593,"Hello, I'd like to complain about an overzealous process server. Yes I'll hold."
2957,6624,0,3,27,30,1.1,0.05570860145311559,593,I think Martin Luther is on the other line with his 95 comments.
2958,6624,1,1,28,30,1.1,0.07350033231608355,593,I'll need to get back to you on the contract.
3000,6624,0,3,27,30,1.1,0.05570860145311559,593,Hello? I just wanted you to know that I lost my job recently because a newspaper back-stabbed me.
3131,6624,0,3,27,30,1.1,0.05570860145311559,593,I feel betrayed by this request
3201,6624,0,3,27,30,1.1,0.05570860145311559,593,This knife really hurts.
3281,6624,0,3,27,30,1.1,0.05570860145311559,593,"No, I don't think my friend's email's been hacked."
1661,6624,0,3,27,30,1.1,0.05570860145311559,593,I realize I've been insensitive to your demands.
3308,6624,0,3,27,30,1.1,0.05570860145311559,593,Martin Luther dropped by. His latest gripes have to do with accountants.
3351,6624,0,3,27,30,1.1,0.05570860145311559,593,"I read the whole page, but it wanted me to read more on the back."
3354,6624,0,3,27,30,1.1,0.05570860145311559,593,How was I supposed to know? No one ever reads those things.
3472,6624,0,3,27,30,1.1,0.05570860145311559,593,"Well Doc, it's kind of like a stabbing pain in the middle of my back."
3482,6624,0,3,27,30,1.1,0.05570860145311559,593,"I'm fine, damn it! Just send somebody over here !"
3496,6624,0,3,27,30,1.1,0.05570860145311559,593,"I got the monkey off my back. But, I still have to deal with his list of demands."
3618,6624,0,3,27,30,1.1,0.05570860145311559,593,"Don't worry, it doesn't bather me."
3636,6624,0,3,27,30,1.1,0.05570860145311559,593,It's just a scratch -- but the attached EULA is killing me.
3648,6624,0,3,27,30,1.1,0.05570860145311559,593,Martin's 95 chores before he accepts that tee-time.
3662,6624,1,1,28,30,1.1,0.07350033231608355,593,The papers are stuck around here somewhere.
3734,6624,1,1,28,30,1.1,0.07350033231608355,593,Have you seen that list of flaws you gave me to work on?
3761,6624,0,3,27,30,1.1,0.05570860145311559,593,It’s a pointed argument.
3832,6624,0,3,27,30,1.1,0.05570860145311559,593,My boss was extremely animated by my long list of improvement suggestions. But he quickly posted them just to embarrass me. I tell you this is not what I expected.
2831,6624,0,3,27,30,1.1,0.05570860145311559,593,"No Edna, I don't need to read the fine print. I trust Walter completely. He would never stab me in the back."
2740,6624,1,1,28,30,1.1,0.07350033231608355,593,Sorry to drop out on you guys. I? was just handed the grocery list.
3307,6624,0,3,27,30,1.1,0.05570860145311559,593,...and as for the validity of signing the contract... worth fingerprints?
2652,6624,0,3,27,30,1.1,0.05570860145311559,593,"Sorry, but my wife cancelled my Twitter account."
2664,6624,0,3,27,30,1.1,0.05570860145311559,593,"Can't talk now, I'm at a party. I'll call you back after I figure out what they wrote and pinned to my back."
1728,6624,1,1,28,30,1.1,0.07350033231608355,593,"Actually, she dropped off her signed copies of the divorce papers just this morning."
1796,6624,0,3,27,30,1.1,0.05570860145311559,593,"I get it that you’re very angry. But still Edith, there are other ways you could have served the divorce papers!"
1824,6624,0,3,27,30,1.1,0.05570860145311559,593,I forgot to order the crab Rangoon again.
1852,6624,0,3,27,30,1.1,0.05570860145311559,593,I think my wife has left me to join a circus
1904,6624,0,3,27,30,1.1,0.05570860145311559,593,My backlist is killing me!
1936,6624,0,3,27,30,1.1,0.05570860145311559,593,"Yes, Shelley. I get the obvious metaphor but you realize I have to sign these divorce papers, right?"
2059,6624,0,3,27,30,1.1,0.05570860145311559,593,"About halfway through the performance review, my supervisor revealed himself to be a hardcore Lutheran"
2079,6624,1,1,28,30,1.1,0.07350033231608355,593,I’ve had some difficulty changing our cellular service.
2098,6624,0,3,27,30,1.1,0.05570860145311559,593,"Yes, I got your bill, but I really can't see how these charges add up."
2160,6624,0,3,27,30,1.1,0.05570860145311559,593,My name is Church and I'm trying to locate Mr. Luther.
2012,6624,0,3,27,30,1.1,0.05570860145311559,593,I hate these old school Lutherans...
2459,6624,0,3,27,30,1.1,0.05570860145311559,593,"Yes, please connect me with theses removal."
2180,6624,0,3,27,30,1.1,0.05570860145311559,593,Their parents crashed into windows. But this generation? Windows crashes on them.
2191,6624,0,3,27,30,1.1,0.05570860145311559,593,"I know that I was a bad boyfriend, but I still insist that the singing telegram messenger went a little overboard while reading your ""Dear John"" letter to me."
2226,6624,1,1,28,30,1.1,0.07350033231608355,593,"Hold on, I've got a really angry text."
2233,6624,1,1,28,30,1.1,0.07350033231608355,593,"Yes, dear, it was some girl who says she knew me forty years ago."
2258,6624,0,3,27,30,1.1,0.05570860145311559,593,"Yes, ninety-five theses..."
2423,6624,1,1,28,30,1.1,0.07350033231608355,593,My wife came out of nowhere and stabbed me in the back with the divorce papers...
2436,6624,0,3,27,30,1.1,0.05570860145311559,593,No...no food order today. I'd just prefer you slide the menus under my door or put them under my windshield wiper.
2452,6624,0,3,27,30,1.1,0.05570860145311559,593,Do you remember how Luther attached his Ninety-five Theses to the church door?
2171,6624,1,1,28,30,1.1,0.07350033231608355,593,"It sounds like a good deal, but I don't think I would be able to get out of my contract with our present phone company."
2547,6624,0,3,27,30,1.1,0.05570860145311559,593,"...that's right, a complaint about a back charge."
5413,6830,0,3,28,31,1.096774193548387,0.053978066228004884,593,"I suggest the 30 year fixed rate. It’s very manageable, all things considered."
5194,6830,1,1,29,31,1.096774193548387,0.0711629768076314,593,I was standing in front of the door on during the Reformation Day reenactment.
5123,6830,0,3,28,31,1.096774193548387,0.053978066228004884,593,I think divorce might be illegal again.
5082,6830,0,3,28,31,1.096774193548387,0.053978066228004884,593,"Yes, dear, soon as I get the knife out"
4574,6830,0,3,28,31,1.096774193548387,0.053978066228004884,593,"I've got 95 problems, but a stitch ain't one."
4750,6830,0,3,28,31,1.096774193548387,0.053978066228004884,593,Thanks for setting up the meeting. Martin Luther was just here to discuss certain proposed reforms.
4705,6830,1,1,29,31,1.096774193548387,0.0711629768076314,593,Your article about me was a stab in the back
4663,6830,1,1,29,31,1.096774193548387,0.0711629768076314,593,apparently the fine print stipulates that I'm stuck with the contract!
5439,6830,0,3,28,31,1.096774193548387,0.053978066228004884,593,"""Yes, I've filled up the module and completed the procedure as indicated at the point 19 of 3rd (sub)paragraph of art. 3654...may I speak with an operator, now?"
4923,6830,0,3,28,31,1.096774193548387,0.053978066228004884,593,"I’d like to go golfing Mike, but Mary was kinda insistent that I knock a couple of items off of my todo list."
5572,6830,0,3,28,31,1.096774193548387,0.053978066228004884,593,Memo to self.
7644,6830,0,3,28,31,1.096774193548387,0.053978066228004884,593,So your saying that my best friend recieved the better contract?
5689,6830,0,3,28,31,1.096774193548387,0.053978066228004884,593,Have you seen my wife?
5728,6830,0,3,28,31,1.096774193548387,0.053978066228004884,593,"""Doris, did you happen to take along my copy of our divorce agreement?"
5730,6830,0,3,28,31,1.096774193548387,0.053978066228004884,593,"Yes, I'd like to place a take out order, please."
6426,6830,0,3,28,31,1.096774193548387,0.053978066228004884,593,Indulge me a moment...
6477,6830,1,1,29,31,1.096774193548387,0.0711629768076314,593,I’ve now experienced a whole new meaning to a Honey Do List.
6519,6830,1,1,29,31,1.096774193548387,0.0711629768076314,593,"Honey, do you remember Martin Luther?"
6608,6830,0,3,28,31,1.096774193548387,0.053978066228004884,593,She's a Lutheran.
6774,6830,0,3,28,31,1.096774193548387,0.053978066228004884,593,I just can't face going through with it.
7203,6830,0,3,28,31,1.096774193548387,0.053978066228004884,593,You said to deliver the picture...but i thought I'd wait around and surprise you with the the reviews.
7569,6830,0,3,28,31,1.096774193548387,0.053978066228004884,593,"Yes, Mom, I've got the shopping list."
4294,6830,0,3,28,31,1.096774193548387,0.053978066228004884,593,And they stabbed me in the back with a student loan re-fi scam.
5612,6830,1,1,29,31,1.096774193548387,0.0711629768076314,593,"Stab me in the back, why don't ya!"
4059,6830,0,3,28,31,1.096774193548387,0.053978066228004884,593,"Yes, that's right. She stabbed my vows onto me. Will that help us in court?"
5180,6830,1,1,29,31,1.096774193548387,0.0711629768076314,593,"Marge, where did you put my to-do list?"
3507,6830,1,1,29,31,1.096774193548387,0.0711629768076314,593,I’d like a medium pizza with anchovies and ham.
18,6830,0,3,28,31,1.096774193548387,0.053978066228004884,593,This test is to figure out which one isn't a decoy.
26,6830,0,3,28,31,1.096774193548387,0.053978066228004884,593,"This caption is for the November 13, 2017 cartoon: ""Aha! A case of Gerstmann syndrome."""
187,6830,1,1,29,31,1.096774193548387,0.0711629768076314,593,Hello! John Doe Speaking
221,6830,0,3,28,31,1.096774193548387,0.053978066228004884,593,Just remember that I have your back.
327,6830,0,3,28,31,1.096774193548387,0.053978066228004884,593,Send a horse and carriage. A poison pen letter has done me in!
422,6830,0,3,28,31,1.096774193548387,0.053978066228004884,593,Does this mean we forgo the prenupt?
603,6830,0,3,28,31,1.096774193548387,0.053978066228004884,593,"Yes, they're all calling you a quack, but I don't think you should take it personally."
847,6830,0,3,28,31,1.096774193548387,0.053978066228004884,593,"No not Lex, Martin"
1072,6830,0,3,28,31,1.096774193548387,0.053978066228004884,593,We have to stop seeing each other. Why?
1843,6830,0,3,28,31,1.096774193548387,0.053978066228004884,593,Remember when they used to pin a note to your shirt when you did something wrong in elementary school?
2072,6830,0,3,28,31,1.096774193548387,0.053978066228004884,593,"If they really want to play this game, I say it's time to throw the book at her."
2247,6830,0,3,28,31,1.096774193548387,0.053978066228004884,593,I turned my back for one minute and someone tacked these theses on me.
1401,6830,1,1,29,31,1.096774193548387,0.0711629768076314,593,Bingo
2383,6830,0,3,28,31,1.096774193548387,0.053978066228004884,593,Please stop sending mail through Fed-Ax
3437,6830,1,1,29,31,1.096774193548387,0.0711629768076314,593,These terms and conditions really creep up on you
3259,6830,0,3,28,31,1.096774193548387,0.053978066228004884,593,"Yes dear, the kids are under control."
2366,6830,0,3,28,31,1.096774193548387,0.053978066228004884,593,"Look, Jill, this is the last time you ask me to watch Martin Luther on a moment's notice."
3150,6830,1,1,29,31,1.096774193548387,0.0711629768076314,593,I'm not what I once was.
3082,6830,1,1,29,31,1.096774193548387,0.0711629768076314,593,And how does soap make you feel?
3163,6830,1,1,29,31,1.096774193548387,0.0711629768076314,593,Who would've thought those tax cuts would come back to haunt me?
2644,6830,0,3,28,31,1.096774193548387,0.053978066228004884,593,"- Yes, I want to continue this relation, but your wishing list makes me uncomfortable..."
2583,6830,0,3,28,31,1.096774193548387,0.053978066228004884,593,"Got your letter pledging eternal devotion. Guess I hadn't told you my wife's name is the same as mine, ""Chris."" You know those letter openers shaped like little swords? Well, don't ever get one."
3533,6830,1,1,29,31,1.096774193548387,0.0711629768076314,593,"I've looked everywhere but I can't find your ""honey do"" list."
2389,6830,0,3,28,31,1.096774193548387,0.053978066228004884,593,I’m sorry I forgot the milk!
2722,6830,0,3,28,31,1.096774193548387,0.053978066228004884,593,"Honey, where did you leave the grocery shopping list?"
5692,6882,1,1,30,32,1.09375,0.0689695906576505,593,It's boilerplate and I'm not.
7815,6882,0,3,29,32,1.09375,0.052351460373382196,593,My thoughts betray me.
7615,6882,0,3,29,32,1.09375,0.052351460373382196,593,Dirk dropped off the papers
6971,6882,0,3,29,32,1.09375,0.052351460373382196,593,"Honey, where did you leave the shopping list?"
5866,6882,0,3,29,32,1.09375,0.052351460373382196,593,"Yes, I do have the paper. I pinned it to my back. But don't worry -- it doesn't hurt at all."
5709,6882,0,3,29,32,1.09375,0.052351460373382196,593,"No honey, I made a list so I won't forget."
4814,6882,0,3,29,32,1.09375,0.052351460373382196,593,"They stole my furniture, stabbed me in the back and use the knife to hold some kind of a paper note. Hello Hello Hello anyone there? Guess I'll try my Senator. he says he's on my side anxious to help"
4832,6882,1,1,30,32,1.09375,0.0689695906576505,593,Yeah!Luther struck again! ...This time with 100 Marketing Performance Demands!
4594,6882,1,1,30,32,1.09375,0.0689695906576505,593,It feels like you're not genuinely interested in feedback on the bill.
4688,6882,0,3,29,32,1.09375,0.052351460373382196,593,"I knew she was serious about the divorce, but the skilled marksman was a surprise."
3911,6882,0,3,29,32,1.09375,0.052351460373382196,593,Hi. I’m calling to cancel my membership in the Martin Luther Historical Society.
3816,6882,0,3,29,32,1.09375,0.052351460373382196,593,"Don't worry, she can't backstab me with the divorce papers."
3712,6882,0,3,29,32,1.09375,0.052351460373382196,593,"I asked her if she would miss me after the divorce and she said ""Not if I aim carefully. You've been served."""
3064,6882,0,3,29,32,1.09375,0.052351460373382196,593,"Marty stopped by, jabbering something about indulgences."
1009,6882,0,3,29,32,1.09375,0.052351460373382196,593,I declare that I need an ambulance.
296,6882,1,1,30,32,1.09375,0.0689695906576505,593,"Hon, remember I told you I thought I was going to get my walking papers...."
3780,6898,0,3,30,33,1.0909090909090908,0.05081972676135885,593,"""It's a mixed marriage. She's Lutheran."
4009,6898,0,3,30,33,1.0909090909090908,0.05081972676135885,593,"Yes, I’ve received your message but there’s one sticking point."
866,6898,0,3,30,33,1.0909090909090908,0.05081972676135885,593,I can't calm down. Why? Why? Why did I cross the road? (I'm sending this in now bc I just received my edition. That's how it goes living in rural PA.)
2331,6898,0,3,30,33,1.0909090909090908,0.05081972676135885,593,"No, I'm not the pope."
1070,6902,0,3,31,34,1.088235294117647,0.04937482703908927,593,"Mommy, she doesn’t want us to live with you. Oh, and about the pre-nup..."
6899,6902,1,1,32,34,1.088235294117647,0.06496464222510488,593,They've posted 95 theses why the landline is obsolete.
5411,6904,0,2,26,28,1.0714285714285714,0.04956347617776502,593,I just asked if we could get the W2s earlier this year is all.
5133,6904,0,2,26,28,1.0714285714285714,0.04956347617776502,593,I am sick of standing here getting stabbed in the back.
5576,6904,0,2,26,28,1.0714285714285714,0.04956347617776502,593,I'll be in later...I have a few errands to address at home.
5549,6904,0,2,26,28,1.0714285714285714,0.04956347617776502,593,"So, we got all our ducks in a row. Now what?"
5506,6904,0,2,26,28,1.0714285714285714,0.04956347617776502,593,"Hello, can you connect me with the Newspaper Delivery Dept.?"
5588,6904,0,2,26,28,1.0714285714285714,0.04956347617776502,593,"Now I understand what you meant by 'On this deal, I've got your back.'"
5466,6904,0,2,26,28,1.0714285714285714,0.04956347617776502,593,"Look, I know you're a Martin Luther fan, but you could have just told me."
5455,6904,1,0,27,28,1.0714285714285714,0.0714285714285714,593,"No, Officer, I cannot read what the paper says."
5424,6904,0,2,26,28,1.0714285714285714,0.04956347617776502,593,"Yes, I’ll be home for dinner... No, they’re still refusing my requests for more sticky notes."
5391,6904,0,2,26,28,1.0714285714285714,0.04956347617776502,593,I don't *know* what it says.
5197,6904,1,0,27,28,1.0714285714285714,0.0714285714285714,593,Honey? I can't find the divorce agreement.
5348,6904,0,2,26,28,1.0714285714285714,0.04956347617776502,593,Call CNN and Fox! I've been hit with a knife between my left and right wings.
5325,6904,1,0,27,28,1.0714285714285714,0.0714285714285714,593,"Bill, I know you are an admirer of Martin Luther, but this is ridiculous."
5322,6904,0,2,26,28,1.0714285714285714,0.04956347617776502,593,I’m tired of them making deals behind my back.
5310,6904,1,0,27,28,1.0714285714285714,0.0714285714285714,593,I will offer a half-hearted apology in response to these false accusations if someone will tell me what I allegedly did.
5302,6904,0,2,26,28,1.0714285714285714,0.04956347617776502,593,Where are the instructions you left me for using the washing machine?
5184,6904,0,2,26,28,1.0714285714285714,0.04956347617776502,593,My wife is very strict about groceries.
5179,6904,0,2,26,28,1.0714285714285714,0.04956347617776502,593,"Hello, doctor? Yes, I'm calling to make sure knife wounds are covered by my HMO... Well, you see, I can't exactly read it myself at the moment."
5168,6904,0,2,26,28,1.0714285714285714,0.04956347617776502,593,I'd like to subscribe to horticulture magazine.
5166,6904,0,2,26,28,1.0714285714285714,0.04956347617776502,593,"Honey, I can’t find my glasses."
5622,6904,1,0,27,28,1.0714285714285714,0.0714285714285714,593,"Sorry, hon, I never did find that grocery list."
5364,6904,0,2,26,28,1.0714285714285714,0.04956347617776502,593,It's all explained in the suicide note.
5623,6904,0,2,26,28,1.0714285714285714,0.04956347617776502,593,I got you bucket list.
6036,6904,0,2,26,28,1.0714285714285714,0.04956347617776502,593,"I'm returning again with another ""honey-do"" list as another ""back"" burden."
5665,6904,0,2,26,28,1.0714285714285714,0.04956347617776502,593,Did circus knife throwers join your legal team? Because I think I just got subpoenaed.
6100,6904,0,2,26,28,1.0714285714285714,0.04956347617776502,593,"Technically I haven't seen it, so I don't think service was proper."
5113,6904,1,0,27,28,1.0714285714285714,0.0714285714285714,593,Hold on I have the list right here.
6017,6904,0,2,26,28,1.0714285714285714,0.04956347617776502,593,He was trying to send a message but he botched it.
5992,6904,0,2,26,28,1.0714285714285714,0.04956347617776502,593,That article you wrote about me was just like a knife in the back.
5976,6904,0,2,26,28,1.0714285714285714,0.04956347617776502,593,My wife insists I NOT update my will.
5961,6904,1,0,27,28,1.0714285714285714,0.0714285714285714,593,Yes. HR? I would like to file a complaint. This backstabbing form is missing a cover sheet.
5947,6904,0,2,26,28,1.0714285714285714,0.04956347617776502,593,"I know she dislikes me, but I'm not sure why!"
5945,6904,0,2,26,28,1.0714285714285714,0.04956347617776502,593,Please put Martin on the phone.
5929,6904,0,2,26,28,1.0714285714285714,0.04956347617776502,593,I didn't realize that's what you meant by a back order.
5894,6904,0,2,26,28,1.0714285714285714,0.04956347617776502,593,"I can't help it, I miss her."
5641,6904,0,2,26,28,1.0714285714285714,0.04956347617776502,593,Would you come over right away? I have an itch I can’t scratch.
5867,6904,0,2,26,28,1.0714285714285714,0.04956347617776502,593,"Marty, how can I respond to your theses when I can't even reach them?"
5848,6904,0,2,26,28,1.0714285714285714,0.04956347617776502,593,"Yes, love, I got your list of things I've yet to get done."
5823,6904,0,2,26,28,1.0714285714285714,0.04956347617776502,593,The condo homeowners made their point.
5790,6904,0,2,26,28,1.0714285714285714,0.04956347617776502,593,"Well, I'm sorry, I just haven't read your divorce conditions."
5787,6904,0,2,26,28,1.0714285714285714,0.04956347617776502,593,"Hello police, I've just been stabbed in the back by my co-author!"
5782,6904,0,2,26,28,1.0714285714285714,0.04956347617776502,593,I Get The Point ! Your check is in the mail .
5755,6904,0,2,26,28,1.0714285714285714,0.04956347617776502,593,I’m calling about the invoice you claim is overdue
5742,6904,0,2,26,28,1.0714285714285714,0.04956347617776502,593,I think he's trying to reform me.
5732,6904,0,2,26,28,1.0714285714285714,0.04956347617776502,593,You left your calling card.
5722,6904,0,2,26,28,1.0714285714285714,0.04956347617776502,593,"Yes, I just got your note."
5688,6904,0,2,26,28,1.0714285714285714,0.04956347617776502,593,"Yes dear, but where did you put my will?"
5850,6904,0,2,26,28,1.0714285714285714,0.04956347617776502,593,"Yes, I'd like to cancel my subscription to 'American Politician.'"
5097,6904,0,2,26,28,1.0714285714285714,0.04956347617776502,593,"She sounded kind of mad, but she said she would leave me a list."
4714,6904,0,2,26,28,1.0714285714285714,0.04956347617776502,593,"Sorry, I no longer sell indulgences."
5077,6904,0,2,26,28,1.0714285714285714,0.04956347617776502,593,"If I admit to being inappropriate in all those meetings with female colleagues, will I still have access to the company jet?"
4623,6904,0,2,26,28,1.0714285714285714,0.04956347617776502,593,"Merriam walked out on me, but why I will never know."
4612,6904,0,2,26,28,1.0714285714285714,0.04956347617776502,593,She wasn't kidding when she told me she was a strict Lutheran.
4560,6904,0,2,26,28,1.0714285714285714,0.04956347617776502,593,"'Well sir, they told me they werent sure they could solve the problem but would be happy to take a stab at it"""
4546,6904,0,2,26,28,1.0714285714285714,0.04956347617776502,593,I have a few theses about where we went wrong.
4517,6904,0,2,26,28,1.0714285714285714,0.04956347617776502,593,What do you mean? I’m not a back stabber.
4507,6904,0,2,26,28,1.0714285714285714,0.04956347617776502,593,I won't be at the meeting today. My partner has posted immediate needs.
4500,6904,0,2,26,28,1.0714285714285714,0.04956347617776502,593,"My wife asking for a divorce is painful enough, but the way she stabbed me in the back with it really kills me."
4495,6904,0,2,26,28,1.0714285714285714,0.04956347617776502,593,These misconduct charges will stick over my dead body.
4408,6904,0,2,26,28,1.0714285714285714,0.04956347617776502,593,Hello? I’d like to report a misaddressed letter
4403,6904,1,0,27,28,1.0714285714285714,0.0714285714285714,593,Hello. I would like to report some cutting edge news.
4650,6904,0,2,26,28,1.0714285714285714,0.04956347617776502,593,"Shirley, the Excelsior claims they left me a newspaper, but I can't find it anywhere."
4363,6904,0,2,26,28,1.0714285714285714,0.04956347617776502,593,Before I sign these divorce papers I need you to come get this shiv out of my back.
4343,6904,0,2,26,28,1.0714285714285714,0.04956347617776502,593,I was pushing my lawnmower when I felt this strange stab in the back.
4332,6904,0,2,26,28,1.0714285714285714,0.04956347617776502,593,Everyone has his opportunity.
4298,6904,1,0,27,28,1.0714285714285714,0.0714285714285714,593,I lost my honey-do list
4245,6904,0,2,26,28,1.0714285714285714,0.04956347617776502,593,Are you a digital immigrant?
4229,6904,1,0,27,28,1.0714285714285714,0.0714285714285714,593,I am pretty sure it's a tax cut.
4200,6904,0,2,26,28,1.0714285714285714,0.04956347617776502,593,"I tried knife blocking, but it didn't work."
4184,6904,0,2,26,28,1.0714285714285714,0.04956347617776502,593,"Hi, hon. I just now received the suggested sublease changes."
4165,6904,0,2,26,28,1.0714285714285714,0.04956347617776502,593,outch
4162,6904,0,2,26,28,1.0714285714285714,0.04956347617776502,593,You told me to express myself.
6108,6904,0,2,26,28,1.0714285714285714,0.04956347617776502,593,Police? I’d like to report a religious fanatic in the neighborhood.
4352,6904,0,2,26,28,1.0714285714285714,0.04956347617776502,593,"I'M SORRY, HONEY. THE BOSS SAID I HAVE TO STAY LATE TONIGHT!"
5089,6904,0,2,26,28,1.0714285714285714,0.04956347617776502,593,"I can't read it honey, but I think it's another late car payment notice."
4668,6904,0,2,26,28,1.0714285714285714,0.04956347617776502,593,They say she took the divorce quite well. For me...not so much.
4692,6904,0,2,26,28,1.0714285714285714,0.04956347617776502,593,"No Mr. Attorney, my wife delivered the divorce documents by personal service."
5063,6904,0,2,26,28,1.0714285714285714,0.04956347617776502,593,I'm giving you notice that I'm on notice.
5061,6904,0,2,26,28,1.0714285714285714,0.04956347617776502,593,"Hello Dear, I seemed to have misplaced your ""to do list"", and I have this nagging pain in my back."
5052,6904,0,2,26,28,1.0714285714285714,0.04956347617776502,593,"No, I didn’t see his face, but I may have a window to his soul."
5042,6904,0,2,26,28,1.0714285714285714,0.04956347617776502,593,"Sorry, dear...now where's that Honey-Do list?"
5029,6904,1,0,27,28,1.0714285714285714,0.0714285714285714,593,Don’t worry Harold ...I told you I’ve got your back.
5028,6904,0,2,26,28,1.0714285714285714,0.04956347617776502,593,"That's right, allowing my wife to serve our divorce papers is unprofessional."
5006,6904,0,2,26,28,1.0714285714285714,0.04956347617776502,593,"My wife just personally served me divorce papers, and I'd like to speak to an attorney."
4148,6904,0,2,26,28,1.0714285714285714,0.04956347617776502,593,"Hey boss, someone stole my presentation. They stabbed me right in the back!"
4957,6904,0,2,26,28,1.0714285714285714,0.04956347617776502,593,I'm just saying that it seems like an odd way to send a late notice for a back surgery bill.
4949,6904,0,2,26,28,1.0714285714285714,0.04956347617776502,593,"Sorry, could you bring over a mirror? Can't read it with just one."
4686,6904,0,2,26,28,1.0714285714285714,0.04956347617776502,593,I think I Martin Luther just mistook my back for the church door.
4925,6904,0,2,26,28,1.0714285714285714,0.04956347617776502,593,Martin Luther stabbed me in the back.
4883,6904,0,2,26,28,1.0714285714285714,0.04956347617776502,593,"Honey, I know your note's around here. I can feel it"
4876,6904,0,2,26,28,1.0714285714285714,0.04956347617776502,593,"Sweetie, where did you leave last month's honey do list?"
4874,6904,0,2,26,28,1.0714285714285714,0.04956347617776502,593,"Honey, I forgot where you put the list of what I am to pick up at the grocery store."
4852,6904,0,2,26,28,1.0714285714285714,0.04956347617776502,593,"Hello, I want to report that I was stabbed by Pinterest."
4844,6904,0,2,26,28,1.0714285714285714,0.04956347617776502,593,"Please tell him i got the point,"
4839,6904,0,2,26,28,1.0714285714285714,0.04956347617776502,593,Can I countersue?
4762,6904,0,2,26,28,1.0714285714285714,0.04956347617776502,593,"Hang on a second, I think this may be the guy..."
4755,6904,0,2,26,28,1.0714285714285714,0.04956347617776502,593,"If you didn't leave the message up front, then where did you leave it?"
4723,6904,0,2,26,28,1.0714285714285714,0.04956347617776502,593,"hello 9-1-1 - She says I'm guilty of indulgences, ""95"" she said ...can you send someone over?"
4693,6904,0,2,26,28,1.0714285714285714,0.04956347617776502,593,I’ ve nailed it. I know who is responsible for that piece of legislation.
4890,6904,0,2,26,28,1.0714285714285714,0.04956347617776502,593,Apparently my wife doesn't believe in indulgences either.
6136,6904,0,2,26,28,1.0714285714285714,0.04956347617776502,593,Your collection calls are a pain in the back
7610,6904,0,2,26,28,1.0714285714285714,0.04956347617776502,593,I forgot to make nana’s condo payment.
6182,6904,0,2,26,28,1.0714285714285714,0.04956347617776502,593,How shallow does it have to be?
7410,6904,0,2,26,28,1.0714285714285714,0.04956347617776502,593,"Work Comp, please. Yep - White House."
7405,6904,0,2,26,28,1.0714285714285714,0.04956347617776502,593,I have a very strong feeling that I can't go today.
7391,6904,0,2,26,28,1.0714285714285714,0.04956347617776502,593,"Hey listen, that wasn't my Yelp review! I actually thought the bouillabaisse wasn't quite salty enough."
7376,6904,1,0,27,28,1.0714285714285714,0.0714285714285714,593,In lieu of. a Scarlet Letter- I have to wear a copy of my Wife's Divorce Decree.
7366,6904,0,2,26,28,1.0714285714285714,0.04956347617776502,593,"The second paragraph,is ""to whom it may concern"" concerning me?"
7364,6904,0,2,26,28,1.0714285714285714,0.04956347617776502,593,Note 3 says change the kitty litter. Do we have cats?
7363,6904,0,2,26,28,1.0714285714285714,0.04956347617776502,593,"Honey, don’t worry abou the “to do” list; I’ve got your back."
7361,6904,0,2,26,28,1.0714285714285714,0.04956347617776502,593,"Never mind Wikileaks, hasn't he heard of anonymous hate mail?"
7356,6904,0,2,26,28,1.0714285714285714,0.04956347617776502,593,A no fault divorce is not in the picture.
7354,6904,0,2,26,28,1.0714285714285714,0.04956347617776502,593,Mr. Luther?
7434,6904,0,2,26,28,1.0714285714285714,0.04956347617776502,593,Do you sell back scratchers with a mirror attached?
7353,6904,0,2,26,28,1.0714285714285714,0.04956347617776502,593,STIll life redux
7268,6904,0,2,26,28,1.0714285714285714,0.04956347617776502,593,Got your text. Is that a new emoji?
7262,6904,0,2,26,28,1.0714285714285714,0.04956347617776502,593,"I know, I know mother, I’ve lost my job. Trump argued that he didn’t need a written strategy longer than 280 characters."
7252,6904,0,2,26,28,1.0714285714285714,0.04956347617776502,593,Laura must have filed for divorce; I just received a copy of the pleading from her lawyer.
7225,6904,0,2,26,28,1.0714285714285714,0.04956347617776502,593,Do you take personal checks?
7212,6904,0,2,26,28,1.0714285714285714,0.04956347617776502,593,I am calling to cancel my subscription.
7192,6904,0,2,26,28,1.0714285714285714,0.04956347617776502,593,I'm hoping it's my honey-do list.
7186,6904,0,2,26,28,1.0714285714285714,0.04956347617776502,593,I don’t know why someone would want to hurt me.
7165,6904,0,2,26,28,1.0714285714285714,0.04956347617776502,593,I'd like to rent a billboard.
7160,6904,0,2,26,28,1.0714285714285714,0.04956347617776502,593,This is why people read the news online.
7152,6904,0,2,26,28,1.0714285714285714,0.04956347617776502,593,He's still at Worms--oh wait--I think he's at the door now...
7335,6904,0,2,26,28,1.0714285714285714,0.04956347617776502,593,"In the next ad, can you back off on the previous job experience requirements?"
7141,6904,0,2,26,28,1.0714285714285714,0.04956347617776502,593,Apparently I've been condemned
7461,6904,1,0,27,28,1.0714285714285714,0.0714285714285714,593,Forget mailing. They delivered the final settlement in person.
7477,6904,0,2,26,28,1.0714285714285714,0.04956347617776502,593,I'm going to be a bit late today: I'm kind of stuck.
7804,6904,0,2,26,28,1.0714285714285714,0.04956347617776502,593,I've been reminded to read the fine print.
7798,6904,0,2,26,28,1.0714285714285714,0.04956347617776502,593,"Listen Luther, this has got to stop. It’s getting out of hand"
7796,6904,0,2,26,28,1.0714285714285714,0.04956347617776502,593,What do you mean it didn't go through?
7791,6904,1,0,27,28,1.0714285714285714,0.0714285714285714,593,"I understand why my alternate ego wanted to kill me off, I just don't get how he did the suicide note."
7757,6904,0,2,26,28,1.0714285714285714,0.04956347617776502,593,"I understand, Don Julio. The lawsuit isn't personal; it's just business."
7738,6904,0,2,26,28,1.0714285714285714,0.04956347617776502,593,So...you've decided to take the smartphones?
7716,6904,0,2,26,28,1.0714285714285714,0.04956347617776502,593,"Hi, I'd like to be a bone marrow donor."
7689,6904,0,2,26,28,1.0714285714285714,0.04956347617776502,593,"I've been on hold a very long time, waiting for the paperwork you promised"
7679,6904,0,2,26,28,1.0714285714285714,0.04956347617776502,593,Yes darling. I love being your pin-up boy.
7649,6904,1,0,27,28,1.0714285714285714,0.0714285714285714,593,But mom? Her demands will be a death of me
7475,6904,0,2,26,28,1.0714285714285714,0.04956347617776502,593,"Yes dear, I know you've always watched my back."
7646,6904,0,2,26,28,1.0714285714285714,0.04956347617776502,593,I just heard from my wife's lawyers.
7622,6904,0,2,26,28,1.0714285714285714,0.04956347617776502,593,I got the message.
7619,6904,0,2,26,28,1.0714285714285714,0.04956347617776502,593,Trust me ... you don't want me signing up for the Family and Friends Plan.
4143,6904,0,2,26,28,1.0714285714285714,0.04956347617776502,593,"Yes, Doc, they did stop talking behind my back."
7579,6904,0,2,26,28,1.0714285714285714,0.04956347617776502,593,Have you seen my contract?
7563,6904,0,2,26,28,1.0714285714285714,0.04956347617776502,593,"Urgent Care: Ever since I gave my wife the grocery list, I've had this stabbing pain in my back!"
7558,6904,0,2,26,28,1.0714285714285714,0.04956347617776502,593,"What time is ""V for Vendetta"" playing?"
7523,6904,0,2,26,28,1.0714285714285714,0.04956347617776502,593,"Doctor, my back hurts."
7502,6904,0,2,26,28,1.0714285714285714,0.04956347617776502,593,"Yes, your text was to the point, but I think you're still missing the heart of the matter."
7501,6904,0,2,26,28,1.0714285714285714,0.04956347617776502,593,My mission statement says it's got my back
7500,6904,0,2,26,28,1.0714285714285714,0.04956347617776502,593,Then she stabs me in the back with her 95 theses of divorce
7624,6904,0,2,26,28,1.0714285714285714,0.04956347617776502,593,"My wife just returned the divorce papers,.Returned with extreme prejudice."
6155,6904,0,2,26,28,1.0714285714285714,0.04956347617776502,593,I've misplaced the directions to the chiropractor.
7111,6904,1,0,27,28,1.0714285714285714,0.0714285714285714,593,Would now be a good time to use one of those ‘I statements’ you were talking about?
7102,6904,0,2,26,28,1.0714285714285714,0.04956347617776502,593,"OK, and water the orchid too."
6634,6904,0,2,26,28,1.0714285714285714,0.04956347617776502,593,"Your son, 'Martin the Back Door Man Luther' just posted his Ninety-five Theses on our lack of parental indulgences."
6612,6904,0,2,26,28,1.0714285714285714,0.04956347617776502,593,I'll leave you a note.
6601,6904,0,2,26,28,1.0714285714285714,0.04956347617776502,593,Amazon? How long does it take to get a mirror delivered by drone?
6571,6904,0,2,26,28,1.0714285714285714,0.04956347617776502,593,I think she didn't like my apology note.
6548,6904,0,2,26,28,1.0714285714285714,0.04956347617776502,593,"Honey, I can’t find our will... Yes. I swear I’ve looked everywhere."
6491,6904,0,2,26,28,1.0714285714285714,0.04956347617776502,593,"Well I'm sorry Martha, it's not my fault this time. You didn't leave a note with the time your mother would arrive."
6468,6904,0,2,26,28,1.0714285714285714,0.04956347617776502,593,"Elaine, do I look like the Pope?"
6443,6904,0,2,26,28,1.0714285714285714,0.04956347617776502,593,"Evidently, my wife’s Twitter account crashed again"
6439,6904,0,2,26,28,1.0714285714285714,0.04956347617776502,593,I can't find that note anywhere.
6423,6904,0,2,26,28,1.0714285714285714,0.04956347617776502,593,"Cold calling. Love calls. For a wallflower, they're one and the same. Where's my script?"
6637,6904,0,2,26,28,1.0714285714285714,0.04956347617776502,593,I am stuck behind with these reports !
6407,6904,1,0,27,28,1.0714285714285714,0.0714285714285714,593,The divorce decree was rather old testament.
6364,6904,1,0,27,28,1.0714285714285714,0.0714285714285714,593,I cannot find the to-do list you left for me
6346,6904,1,0,27,28,1.0714285714285714,0.0714285714285714,593,Turns out The New Yorker responds strongly to poison pen complaints.
6328,6904,0,2,26,28,1.0714285714285714,0.04956347617776502,593,"I did not write “fake news”, but believe me, these people do not mess around."
6319,6904,0,2,26,28,1.0714285714285714,0.04956347617776502,593,"OK, alright already, I'll stop indulging you!"
6302,6904,0,2,26,28,1.0714285714285714,0.04956347617776502,593,She delivered the divorce papers herself and I think it's unlikely she'll consider counseling.
6265,6904,0,2,26,28,1.0714285714285714,0.04956347617776502,593,"Darling, I still don't know if I can have the kids for Thanksgiving or for Christmas?"
6258,6904,0,2,26,28,1.0714285714285714,0.04956347617776502,593,I just received my tax returns.
6250,6904,0,2,26,28,1.0714285714285714,0.04956347617776502,593,May I please have the extension for the Swedish massage?
6246,6904,0,2,26,28,1.0714285714285714,0.04956347617776502,593,You said never turn your back on good advice.
6187,6904,0,2,26,28,1.0714285714285714,0.04956347617776502,593,It's really painful when a metaphor becomes actuality!
6387,6904,0,2,26,28,1.0714285714285714,0.04956347617776502,593,I have reason to believe the back story truly is cutting edge.
7105,6904,0,2,26,28,1.0714285714285714,0.04956347617776502,593,"Hello, I'm calling to confirm that I received the summons for jury duty."
6640,6904,1,0,27,28,1.0714285714285714,0.0714285714285714,593,"Hello, Backstabbers Anonymous. Up yours!"
6670,6904,1,0,27,28,1.0714285714285714,0.0714285714285714,593,"Finally, I get your point. Can we discuss this dispatch NOW?"
7084,6904,0,2,26,28,1.0714285714285714,0.04956347617776502,593,I feel like I'm working with a bunch of back stabbers.
7045,6904,0,2,26,28,1.0714285714285714,0.04956347617776502,593,"So you’re asking me Principal Rogers, of all people, where’s my son’s registration form?"
6973,6904,0,2,26,28,1.0714285714285714,0.04956347617776502,593,- Sorry! I feel I need to cancel my payment!
6968,6904,0,2,26,28,1.0714285714285714,0.04956347617776502,593,I'm fine. Mr. Comey warned me to wear body armor.
6958,6904,0,2,26,28,1.0714285714285714,0.04956347617776502,593,"... unfortunately I cannot come the phone right now. Please leave a message, and my lawyer will get back to you as soon as possible."
6955,6904,0,2,26,28,1.0714285714285714,0.04956347617776502,593,"Yes, Sir, I did get your point."
6952,6904,0,2,26,28,1.0714285714285714,0.04956347617776502,593,"Honey, have you seen my glasses?"
6870,6904,0,2,26,28,1.0714285714285714,0.04956347617776502,593,My wife has redacted the effective date of our Will.
6867,6904,0,2,26,28,1.0714285714285714,0.04956347617776502,593,"Hello, Hunt 'Em Down Process Service? Yes, well I'd like to lodge a complaint about one of your over zealous process servers."
6866,6904,0,2,26,28,1.0714285714285714,0.04956347617776502,593,"""Yes, I need to speak to Dr. Brown immediately...stabbing pain in upper back...no, my first name is Luther. Luther Martin. Yes, I'll hold..."
6656,6904,0,2,26,28,1.0714285714285714,0.04956347617776502,593,"Hi Doc, there's a spot on my back that itches that I can't reach!"
6858,6904,0,2,26,28,1.0714285714285714,0.04956347617776502,593,The nature of my emergency?! I've been served! Send a lawyer right away!
6831,6904,0,2,26,28,1.0714285714285714,0.04956347617776502,593,"Yeah, Doc, the delivery guy said he was from the IRS. But I'm sure it's not Trump's missing tax returns. It feels just like a bad attack of back taxes."
6815,6904,1,0,27,28,1.0714285714285714,0.0714285714285714,593,I didn't read the small print.
6791,6904,1,0,27,28,1.0714285714285714,0.0714285714285714,593,I’m sorry I criticized your exuberant use of caps lock.
6780,6904,0,2,26,28,1.0714285714285714,0.04956347617776502,593,No. It HAS'NT sunk in yet.
6762,6904,0,2,26,28,1.0714285714285714,0.04956347617776502,593,I swear I only received the first notice!
6742,6904,0,2,26,28,1.0714285714285714,0.04956347617776502,593,I'm reporting a missing delivery today.
6724,6904,0,2,26,28,1.0714285714285714,0.04956347617776502,593,"Yes, police? I have reason to believe that there is a cell phone contract out on my life."
6721,6904,0,2,26,28,1.0714285714285714,0.04956347617776502,593,Did you really have to cc me on the ninja memo?
6713,6904,0,2,26,28,1.0714285714285714,0.04956347617776502,593,What's causing the pain? It's written all over my back.
6674,6904,0,2,26,28,1.0714285714285714,0.04956347617776502,593,Yes I got your message and get back to you soon
6851,6904,0,2,26,28,1.0714285714285714,0.04956347617776502,593,I'd like to report a missing person.
4128,6904,0,2,26,28,1.0714285714285714,0.04956347617776502,593,I’ll take another stab at it.
7226,6904,1,0,27,28,1.0714285714285714,0.0714285714285714,593,Facebook says it's your birthday...
4068,6904,0,2,26,28,1.0714285714285714,0.04956347617776502,593,"I'd like to make an appt to see Dr.Boyle , my wife says I'm having trouble remembering simple things."
1355,6904,0,2,26,28,1.0714285714285714,0.04956347617776502,593,Remember when I told you this divorce made me feel like I was stabbed in the back? Well...
1344,6904,0,2,26,28,1.0714285714285714,0.04956347617776502,593,"No, It didn't work out. He said my resume needed to be stronger."
1335,6904,0,2,26,28,1.0714285714285714,0.04956347617776502,593,You're just too demanding.
1286,6904,0,2,26,28,1.0714285714285714,0.04956347617776502,593,Is this Emergency Corkboard Repair?
1263,6904,0,2,26,28,1.0714285714285714,0.04956347617776502,593,"Hello, New York Times? I have a sensational back story that just might pique your interest."
1219,6904,0,2,26,28,1.0714285714285714,0.04956347617776502,593,"It’s not even so much the physical pain, but it’s the list of all of my passwords."
1207,6904,0,2,26,28,1.0714285714285714,0.04956347617776502,593,"Yes, I am Mr. Allsaints Church, but this game is pure indulgence."
1195,6904,0,2,26,28,1.0714285714285714,0.04956347617776502,593,She’s demanding inner spiritual repentance. Simple confession isn’t going to do it.
1182,6904,0,2,26,28,1.0714285714285714,0.04956347617776502,593,"Hello, I just got stabbed in the back by an insurance bill. Am I covered?"
1157,6904,0,2,26,28,1.0714285714285714,0.04956347617776502,593,...and then I told him I only have a land line.
1156,6904,0,2,26,28,1.0714285714285714,0.04956347617776502,593,I'm getting hate mail from my best friend and my ex-wife.
1155,6904,0,2,26,28,1.0714285714285714,0.04956347617776502,593,It's all the reasons you love me?
1150,6904,0,2,26,28,1.0714285714285714,0.04956347617776502,593,"Oh, I dunno... some Luddite bitching incoherently about Post-It notes... call you later; my back is killing me..."
1145,6904,0,2,26,28,1.0714285714285714,0.04956347617776502,593,She was mad when she left and I can't find the note.
1118,6904,0,2,26,28,1.0714285714285714,0.04956347617776502,593,"Dorthy, they said absolutely they will not deliver!"
1095,6904,0,2,26,28,1.0714285714285714,0.04956347617776502,593,Yes. I have the signed divorce agreement.
1069,6904,0,2,26,28,1.0714285714285714,0.04956347617776502,593,"No, theses, not feces, and it's pronounced Vorms with a V."
1060,6904,0,2,26,28,1.0714285714285714,0.04956347617776502,593,911? This is Mr. Wittenberg. I'd like to report a hit-and-nail...
1024,6904,0,2,26,28,1.0714285714285714,0.04956347617776502,593,My taxes were supposed to be lower.
1005,6904,0,2,26,28,1.0714285714285714,0.04956347617776502,593,The acupuncturist stuck me with a big bill and my back still hurts!
947,6904,0,2,26,28,1.0714285714285714,0.04956347617776502,593,Do you ever make house calls?
1356,6904,0,2,26,28,1.0714285714285714,0.04956347617776502,593,"Hi honey, have you seen that confidentiality agreement I signed at the white house the other day"
1406,6904,0,2,26,28,1.0714285714285714,0.04956347617776502,593,What the duck?
1428,6904,0,2,26,28,1.0714285714285714,0.04956347617776502,593,"Hi, this is Mr. Bulletin for a 6am wake-up call."
1492,6904,0,2,26,28,1.0714285714285714,0.04956347617776502,593,"911, I got stabbed in the back, can you send an ambulance?"
1775,6904,0,2,26,28,1.0714285714285714,0.04956347617776502,593,"The O'Jays on line three? Sure, transfer them in."
1768,6904,0,2,26,28,1.0714285714285714,0.04956347617776502,593,I would have preferred a rain check to a back order.
1767,6904,0,2,26,28,1.0714285714285714,0.04956347617776502,593,"Well, she stabbed me in the back again Mom.....but at least this time she left me my favorite recipe."
1729,6904,1,0,27,28,1.0714285714285714,0.0714285714285714,593,"No Officer, I haven't received a demand for ransom."
1726,6904,0,2,26,28,1.0714285714285714,0.04956347617776502,593,Yes I do need an appointment. I have this sticking pain in my back.
1721,6904,0,2,26,28,1.0714285714285714,0.04956347617776502,593,"Apparently, our door is made of steel, so she improvised."
1710,6904,0,2,26,28,1.0714285714285714,0.04956347617776502,593,"Yes, that's right, I'd like 95 orders of your Mac n cheese."
1702,6904,0,2,26,28,1.0714285714285714,0.04956347617776502,593,The worst part is that I can't find the manual ANYWHERE!
1687,6904,0,2,26,28,1.0714285714285714,0.04956347617776502,593,Which one of you is the class clone?
1680,6904,0,2,26,28,1.0714285714285714,0.04956347617776502,593,"Backsabbers Anonymous, this is John, how may I help you?"
945,6904,0,2,26,28,1.0714285714285714,0.04956347617776502,593,I need to talk to a divorce lawyer
1641,6904,0,2,26,28,1.0714285714285714,0.04956347617776502,593,"Yes, I have the painful documents. I just can't put my hands on them right now."
1630,6904,0,2,26,28,1.0714285714285714,0.04956347617776502,593,911? I need an editor - hurry!
1615,6904,0,2,26,28,1.0714285714285714,0.04956347617776502,593,"I'm the messenger AND the message! Heed me, feed me, FLEE me!"
1611,6904,0,2,26,28,1.0714285714285714,0.04956347617776502,593,Is there any expression about which side friends stab divorce papers in you?
1607,6904,0,2,26,28,1.0714285714285714,0.04956347617776502,593,"Hello, I'd like to file a complaint against Amazon's in-home delivery service."
1604,6904,1,0,27,28,1.0714285714285714,0.0714285714285714,593,"No 911, I don't think it's just a warning."
1594,6904,0,2,26,28,1.0714285714285714,0.04956347617776502,593,Martin Luther did it better
1587,6904,0,2,26,28,1.0714285714285714,0.04956347617776502,593,I’m told the note says “Hail Cesar!”
1579,6904,0,2,26,28,1.0714285714285714,0.04956347617776502,593,The artist said she REALLY wants me to sell her painting...or else.
1565,6904,0,2,26,28,1.0714285714285714,0.04956347617776502,593,"Yes, I have a last will and testament that my wife says needs to be notarized ASAP."
1534,6904,0,2,26,28,1.0714285714285714,0.04956347617776502,593,May I speak to whomever is in charge of Home Delivery Please?
1635,6904,1,0,27,28,1.0714285714285714,0.0714285714285714,593,"Hello, All Saints'..? I've got another 10."
907,6904,0,2,26,28,1.0714285714285714,0.04956347617776502,593,"I'm home early honey, it seems my employment separation was both literal and figurative."
901,6904,0,2,26,28,1.0714285714285714,0.04956347617776502,593,Your last text back was to the point.
855,6904,0,2,26,28,1.0714285714285714,0.04956347617776502,593,My wife made it very clear that the contract states you shouldv'e had the work done by now.
263,6904,0,2,26,28,1.0714285714285714,0.04956347617776502,593,"Hello, Martin Luther hotline?"
232,6904,0,2,26,28,1.0714285714285714,0.04956347617776502,593,"Hi, this is Frank, I just left your restaurant an hour ago. Did anyone happen to find a knife and some papers?"
202,6904,0,2,26,28,1.0714285714285714,0.04956347617776502,593,What part of the shirt off my back did you not understand!
188,6904,0,2,26,28,1.0714285714285714,0.04956347617776502,593,"You see Jim, the only reason that witticism works at all ... is because, monkeys have fingers."
180,6904,1,0,27,28,1.0714285714285714,0.0714285714285714,593,"Hold on, there's someone at the door"
164,6904,0,2,26,28,1.0714285714285714,0.04956347617776502,593,Send her some flowers with explosive colors.
157,6904,1,0,27,28,1.0714285714285714,0.0714285714285714,593,"I haven't had a chance to read the small print, but I think I've just been evicted from my body."
156,6904,1,0,27,28,1.0714285714285714,0.0714285714285714,593,"No, Martin Luther isn't home now."
146,6904,0,2,26,28,1.0714285714285714,0.04956347617776502,593,Of course I’ll remember. Your messages really stick with me.
129,6904,0,2,26,28,1.0714285714285714,0.04956347617776502,593,"yes, i have a copy of the warranty handy......"
285,6904,0,2,26,28,1.0714285714285714,0.04956347617776502,593,"Well doctor, it's feels like a stabbing pain and only happens when I give my plant manager a performance review."
113,6904,0,2,26,28,1.0714285714285714,0.04956347617776502,593,He's just got his own bloody mind.
92,6904,0,2,26,28,1.0714285714285714,0.04956347617776502,593,What the duck?
72,6904,0,2,26,28,1.0714285714285714,0.04956347617776502,593,"I said, ""Alexa, buy me a knife."" Then she stuck me with this End User License agreement."
71,6904,1,0,27,28,1.0714285714285714,0.0714285714285714,593,Martin? This is Mr Wittenberg. Your protest is acknowledged.
57,6904,0,2,26,28,1.0714285714285714,0.04956347617776502,593,"No Helen, I did not keep all our refrigerator magnets!"
52,6904,1,0,27,28,1.0714285714285714,0.0714285714285714,593,There's one screensaver of a hunter.
51,6904,0,2,26,28,1.0714285714285714,0.04956347617776502,593,"“The monkeys have finally finished Shakespeare. We need the Iliad, the Odyssey and the Epic of Gilgamesh from you ducks.” [the woman is speaking here]"
42,6904,0,2,26,28,1.0714285714285714,0.04956347617776502,593,"Oh sure, attendance is good now. By second semester they'll all headed south for spring break."
36,6904,0,2,26,28,1.0714285714285714,0.04956347617776502,593,Because this time of year we get a lot of duck calls.
34,6904,0,2,26,28,1.0714285714285714,0.04956347617776502,593,Layoffs? That's for the birds.
4070,6904,0,2,26,28,1.0714285714285714,0.04956347617776502,593,"I think the first item on my ""honey-do""list says to call my doctor."
106,6904,0,2,26,28,1.0714285714285714,0.04956347617776502,593,Insensitive? A space cadet? Me? So sue me.
1854,6904,0,2,26,28,1.0714285714285714,0.04956347617776502,593,"No honey, she just desagree in one point but almost signing..."
305,6904,0,2,26,28,1.0714285714285714,0.04956347617776502,593,I was just served a surprising divorce action by my conniving wife's lawyer.
329,6904,1,0,27,28,1.0714285714285714,0.0714285714285714,593,"Yes I got the divorce papers, Gwen. Your mother just dropped them off."
844,6904,0,2,26,28,1.0714285714285714,0.04956347617776502,593,I can't spare 15 minutes to save on my auto insurance.
837,6904,0,2,26,28,1.0714285714285714,0.04956347617776502,593,"No, it wasn't a friend. They only stab me in the front."
815,6904,1,0,27,28,1.0714285714285714,0.0714285714285714,593,Ducks are the only ones applying to work in this administration.
805,6904,1,0,27,28,1.0714285714285714,0.0714285714285714,593,I haven't a clue.
791,6904,0,2,26,28,1.0714285714285714,0.04956347617776502,593,Theses? I always thought it was feces.
789,6904,0,2,26,28,1.0714285714285714,0.04956347617776502,593,This is what happens when you spend all your days reading a newspaper !
734,6904,0,2,26,28,1.0714285714285714,0.04956347617776502,593,I'm calling about my recent cancellation of the tip for my delivery guy.
728,6904,0,2,26,28,1.0714285714285714,0.04956347617776502,593,I seem to have a painful loophole.
690,6904,0,2,26,28,1.0714285714285714,0.04956347617776502,593,"Honey, what do you mean it's in the newspaper, I need that knife right now. This is exactly why I think our marriage is not working out"
639,6904,0,2,26,28,1.0714285714285714,0.04956347617776502,593,911? The news is that I have a stabbing pain in my back.
321,6904,0,2,26,28,1.0714285714285714,0.04956347617776502,593,"Yes, my head is still screwed onto my neck. Now where did you put our grocery list?"
626,6904,0,2,26,28,1.0714285714285714,0.04956347617776502,593,"I said post it with slack, not stab!"
587,6904,0,2,26,28,1.0714285714285714,0.04956347617776502,593,I can't believe you'd say that. I literally feel stabbed in the back right now.
566,6904,0,2,26,28,1.0714285714285714,0.04956347617776502,593,Yes I've been served. She actually served me the papers personally just after she packed and before she left
535,6904,0,2,26,28,1.0714285714285714,0.04956347617776502,593,"I'm telling you, this is proof that it's getting more difficult to get any volunteers to take any kind of survey."
516,6904,0,2,26,28,1.0714285714285714,0.04956347617776502,593,I suppose it’s pronounced “tilder.”
485,6904,1,0,27,28,1.0714285714285714,0.0714285714285714,593,"Honey, there's been a re-org!"
474,6904,0,2,26,28,1.0714285714285714,0.04956347617776502,593,What you mean I shouldn't have believed that my landlord practiced acupuncture?
437,6904,0,2,26,28,1.0714285714285714,0.04956347617776502,593,And then he slapped me with an injunction.
401,6904,0,2,26,28,1.0714285714285714,0.04956347617776502,593,"Hey, honey, you know our shady mortgage broker. Uhhh,... you forget the payment this month?..."
370,6904,0,2,26,28,1.0714285714285714,0.04956347617776502,593,Stop trying to make me take work home with me.
352,6904,0,2,26,28,1.0714285714285714,0.04956347617776502,593,"Yes, Mom, I'm still wearing my Halloween costume."
599,6904,0,2,26,28,1.0714285714285714,0.04956347617776502,593,That to do list you gave me is giving me a stabbing pain in my back.
1921,6904,1,0,27,28,1.0714285714285714,0.0714285714285714,593,I’ve been asked to deliver a manifesto.
105,6904,0,2,26,28,1.0714285714285714,0.04956347617776502,593,What paragraph about early termination fees?
1963,6904,0,2,26,28,1.0714285714285714,0.04956347617776502,593,The silly cow said she'd bring the list right away
3499,6904,0,2,26,28,1.0714285714285714,0.04956347617776502,593,I don't think he accepted my offer
3433,6904,0,2,26,28,1.0714285714285714,0.04956347617776502,593,I didn't see the note. How did you know I have a pain in my back?
3424,6904,0,2,26,28,1.0714285714285714,0.04956347617776502,593,It seems this happens anytime I tell people about a celebrity I respect
3405,6904,0,2,26,28,1.0714285714285714,0.04956347617776502,593,"She staged something called a ""I'm so sick of it intervention"" with specific demands --- but then there was this sharp pain which made me believe she didn't really care about me answering."
3397,6904,0,2,26,28,1.0714285714285714,0.04956347617776502,593,I never thought my wife would stab me in the back like this. Those divorce papers really hurt!
3343,6904,0,2,26,28,1.0714285714285714,0.04956347617776502,593,Just wanted to let you know I got your message and I'll get back to you as soon as I can.
3332,6904,0,2,26,28,1.0714285714285714,0.04956347617776502,593,"Is this Rosenblatt, Rosenblatt, Rosenblatt and Smitt?"
3324,6904,0,2,26,28,1.0714285714285714,0.04956347617776502,593,"Hi, I'm calling to see if I can return the new Morrissey album?"
3287,6904,0,2,26,28,1.0714285714285714,0.04956347617776502,593,"Yes, Doris, I was backstabbed by your divorce filing."
3275,6904,0,2,26,28,1.0714285714285714,0.04956347617776502,593,"No, listen to me, I said 'theses,' with a 'th.'"
3506,6904,0,2,26,28,1.0714285714285714,0.04956347617776502,593,I am used to being knifed in the back but did you have to attach your shopping list?
3222,6904,0,2,26,28,1.0714285714285714,0.04956347617776502,593,I'm skeptical a diet of worms is gonna help.
3187,6904,0,2,26,28,1.0714285714285714,0.04956347617776502,593,"It came by Amazon's Dagger-Drone Service, but I can't reach it."
3157,6904,0,2,26,28,1.0714285714285714,0.04956347617776502,593,It's driving me crazy. I distinctly remember putting those contracts in a place I specifically wouldn't forget!
3153,6904,1,0,27,28,1.0714285714285714,0.0714285714285714,593,"The thing is, I’m not even Lutheran."
3134,6904,0,2,26,28,1.0714285714285714,0.04956347617776502,593,I think I know who did it: Martin Luther!
3128,6904,0,2,26,28,1.0714285714285714,0.04956347617776502,593,I'm in denial. I think you're in denial.
3093,6904,0,2,26,28,1.0714285714285714,0.04956347617776502,593,"I told my direct report that if he had a problem, he could upload his version of the incident to WikiLeaks for confidentiality"
3074,6904,0,2,26,28,1.0714285714285714,0.04956347617776502,593,"No, I'd rather not she specifically said :""I'll post the agreement so you won't forget it"""
3040,6904,0,2,26,28,1.0714285714285714,0.04956347617776502,593,"""Hello? Yeah, all our Santa Clauses are booked through New Year's. Oh, for the Church fundraiser? Tell ya what, we've got a killer Martin Luther impersonator."
3032,6904,0,2,26,28,1.0714285714285714,0.04956347617776502,593,They smiled in my face; all the time they wanted to take my place.
2987,6904,0,2,26,28,1.0714285714285714,0.04956347617776502,593,"He stabbed me in the back, but he gave me 95 reasons."
3215,6904,0,2,26,28,1.0714285714285714,0.04956347617776502,593,"So, the divorce went well"
2968,6904,0,2,26,28,1.0714285714285714,0.04956347617776502,593,I know who you’re looking for. He stabbed me in the back.
3516,6904,0,2,26,28,1.0714285714285714,0.04956347617776502,593,We can't see each other any more. My wife objects to our Indulgences.
3545,6904,0,2,26,28,1.0714285714285714,0.04956347617776502,593,"I got the message, the hard way."
1932,6904,0,2,26,28,1.0714285714285714,0.04956347617776502,593,I can't find my to do list.
4002,6904,0,2,26,28,1.0714285714285714,0.04956347617776502,593,It's in honor of Martin Luther
3987,6904,0,2,26,28,1.0714285714285714,0.04956347617776502,593,"You're calling to notify me about changes in my Mastercard terms and conditions ? Somehow, I feel like I've been stabbed in the back!"
3964,6904,0,2,26,28,1.0714285714285714,0.04956347617776502,593,'Dear John' letter? What 'Dear John' letter?
3953,6904,0,2,26,28,1.0714285714285714,0.04956347617776502,593,Mom! I think Carole is serious about divorce this time...
3928,6904,0,2,26,28,1.0714285714285714,0.04956347617776502,593,"I've got 95 problems, but you're the only one I care about."
3924,6904,0,2,26,28,1.0714285714285714,0.04956347617776502,593,Don't miss today's paper; it's a real killer.
3910,6904,0,2,26,28,1.0714285714285714,0.04956347617776502,593,I have some newspapers pinned on my back.
3879,6904,0,2,26,28,1.0714285714285714,0.04956347617776502,593,"This is Peter. If you'd like to leave a message, do so at the sound of the beep. It's the only kind I'm accepting now."
3857,6904,0,2,26,28,1.0714285714285714,0.04956347617776502,593,Our Complaint was served and yes there is a counterclaim.
3518,6904,0,2,26,28,1.0714285714285714,0.04956347617776502,593,"Yes, he literally stabbed me in the back with the new contract. And yes I mean literally."
4011,6904,0,2,26,28,1.0714285714285714,0.04956347617776502,593,"Honey, have you seen the chopping list?"
3813,6904,0,2,26,28,1.0714285714285714,0.04956347617776502,593,My wife never lets me leave the house without a 'honeydew' list.
3751,6904,0,2,26,28,1.0714285714285714,0.04956347617776502,593,"Hi, hon. Have you seen my to-do list."
3713,6904,0,2,26,28,1.0714285714285714,0.04956347617776502,593,"Toilet paper? Okay, I'll add it to the list."
3681,6904,0,2,26,28,1.0714285714285714,0.04956347617776502,593,"I think the divorce was the right decision, Kelly was getting to be a real pain in the back."
3655,6904,0,2,26,28,1.0714285714285714,0.04956347617776502,593,"Look, we're done here. Every time we talk, I feel like I've been stabbed in the back."
3633,6904,0,2,26,28,1.0714285714285714,0.04956347617776502,593,"Yes, your fiancé, my ex-best-friend, did serve me the divorce papers."
3624,6904,0,2,26,28,1.0714285714285714,0.04956347617776502,593,When are you going to build the freakin' wall?
3610,6904,0,2,26,28,1.0714285714285714,0.04956347617776502,593,"Phone call to landlord: "" Good evening, do you really think this eviction notice is going to stick (no pun intended) after I call 911 and report an attempted murder?"""
3607,6904,0,2,26,28,1.0714285714285714,0.04956347617776502,593,"I can read you her message, but I should warn you, it's rather pointed."
3598,6904,0,2,26,28,1.0714285714285714,0.04956347617776502,593,Did you say 'doom service'? Oh. That explains it.
3820,6904,0,2,26,28,1.0714285714285714,0.04956347617776502,593,I told you Darling that I should never have gone to work for FOX News.
2946,6904,0,2,26,28,1.0714285714285714,0.04956347617776502,593,"No, I have not yet had time to read your demands"
3352,6904,0,2,26,28,1.0714285714285714,0.04956347617776502,593,I think I finally got a backup plan!
2932,6904,0,2,26,28,1.0714285714285714,0.04956347617776502,593,Betrayed? Of course I don't feel betrayed. I'm staring at a pot left to piss in as we speak.
2351,6904,0,2,26,28,1.0714285714285714,0.04956347617776502,593,He said it was a part of your contract.
2327,6904,0,2,26,28,1.0714285714285714,0.04956347617776502,593,"I got him five years, fifty million, plus a bonus if he wins the Super Bowl. He seemed disappointed."
2300,6904,0,2,26,28,1.0714285714285714,0.04956347617776502,593,"I appreciate the flowers, though somewhat premature."
2277,6904,0,2,26,28,1.0714285714285714,0.04956347617776502,593,"Hello Credit Bureau Help Desk?? Yeah, I'm having problems reading the fine print"
2276,6904,0,2,26,28,1.0714285714285714,0.04956347617776502,593,Your delivery man was very rude in asking me to sign the receipt.
2255,6904,0,2,26,28,1.0714285714285714,0.04956347617776502,593,"Hello, oh I'm fine it's the only way I can get some attention."
2244,6904,0,2,26,28,1.0714285714285714,0.04956347617776502,593,I think it's a list of things I do she doesn't like.
2214,6904,0,2,26,28,1.0714285714285714,0.04956347617776502,593,"Hi, I'd like to make an appointment with the marriage counselor. My wife says she has something urgent to say that may be very cutting and I can feel her pain."
2167,6904,0,2,26,28,1.0714285714285714,0.04956347617776502,593,I have been looking Dear- I can't find the list anywhere!
2163,6904,0,2,26,28,1.0714285714285714,0.04956347617776502,593,I'm returning your message. Just want to say I'll take a stab at it.
2372,6904,0,2,26,28,1.0714285714285714,0.04956347617776502,593,"If I lie down on the floor, I'll get your instructions for while you're gone?"
2153,6904,0,2,26,28,1.0714285714285714,0.04956347617776502,593,"Yes, I'm accepting the contract under much duress."
2108,6904,0,2,26,28,1.0714285714285714,0.04956347617776502,593,My doctor told me that it takes a long time for knife wounds to heal
2089,6904,0,2,26,28,1.0714285714285714,0.04956347617776502,593,"I'd like to speak with your delivery department, please."
2080,6904,0,2,26,28,1.0714285714285714,0.04956347617776502,593,Yes. One 'L'il Hoodlum Fully Stocked Gym Bag' to be delivered within 2 business days. Thanks.
2066,6904,0,2,26,28,1.0714285714285714,0.04956347617776502,593,"Words cannot express how happy you have made me, right down to the bottom of my heart."
2939,6904,0,2,26,28,1.0714285714285714,0.04956347617776502,593,"Hi Mom, you know how you said when Dad did something that upset you you would write it down and leave it on the kitchen counter for him. Well I tried it...."
2058,6904,0,2,26,28,1.0714285714285714,0.04956347617776502,593,"Dearest, I can’t find your shopping list!!"
2056,6904,1,0,27,28,1.0714285714285714,0.0714285714285714,593,"Honey, your credit card bill is killing me!"
2052,6904,0,2,26,28,1.0714285714285714,0.04956347617776502,593,He would stab me in the back to win the contract
2007,6904,0,2,26,28,1.0714285714285714,0.04956347617776502,593,"Your To-Do list? I haven't seen it yet, Dear."
1981,6904,0,2,26,28,1.0714285714285714,0.04956347617776502,593,I don't remember you told me to by a steak.
2110,6904,1,0,27,28,1.0714285714285714,0.0714285714285714,593,"Marge, I'm not amused by your lawyer's tactics."
2391,6904,0,2,26,28,1.0714285714285714,0.04956347617776502,593,"No, mom, I still haven't signed the divorce papers."
2060,6904,1,0,27,28,1.0714285714285714,0.0714285714285714,593,Your assessment of my cartoon caption was like a stab in the back.
2488,6904,0,2,26,28,1.0714285714285714,0.04956347617776502,593,Lucky ducks!
2461,6904,0,2,26,28,1.0714285714285714,0.04956347617776502,593,"That sounds like a great offer, but I already have a two year contract."
2911,6904,0,2,26,28,1.0714285714285714,0.04956347617776502,593,"Yeah I got the divorce papers, but its pretty hard to sign them when they are delivered like that!"
2900,6904,0,2,26,28,1.0714285714285714,0.04956347617776502,593,I think I've got a mosquito in my back.
2815,6904,0,2,26,28,1.0714285714285714,0.04956347617776502,593,"Well, I'm here. But I think I just found a problem with your plan."
2811,6904,0,2,26,28,1.0714285714285714,0.04956347617776502,593,“The press aren’t backstabbers” they said...
2804,6904,0,2,26,28,1.0714285714285714,0.04956347617776502,593,"Hello, Reverend Luther. This is your neighbor, Bill Churchdoor. We need to talk."
2799,6904,0,2,26,28,1.0714285714285714,0.04956347617776502,593,All I heard was 'Me too!'
2798,6904,0,2,26,28,1.0714285714285714,0.04956347617776502,593,"Yeah, she's angry that I wouldn't sign it . . . But walking away is what brought out the daggers."
2795,6904,0,2,26,28,1.0714285714285714,0.04956347617776502,593,"Yeah, the paperwork is a pain, but it's more that they stab it into my back with a knife."
2764,6904,0,2,26,28,1.0714285714285714,0.04956347617776502,593,"There is no more lovely, friendly, and charming relationship, communion, or company than a good marriage."
2750,6904,0,2,26,28,1.0714285714285714,0.04956347617776502,593,You did what? Send it by ninja?
2828,6904,0,2,26,28,1.0714285714285714,0.04956347617776502,593,"When I said ""leave a message,"" I meant on the phone."
2692,6904,1,0,27,28,1.0714285714285714,0.0714285714285714,593,"So, your reference letter stabbed me in the back . . ."
2724,6904,0,2,26,28,1.0714285714285714,0.04956347617776502,593,"The doctor said this is immersion physical therapy, I can do the exercises when I can reach them."
2556,6904,0,2,26,28,1.0714285714285714,0.04956347617776502,593,"I prefer I thought he was a front stabber, but I haven’t yet read the explanatory essay."
2565,6904,0,2,26,28,1.0714285714285714,0.04956347617776502,593,I'd like to report a back-stabbing. Literally.
2633,6904,0,2,26,28,1.0714285714285714,0.04956347617776502,593,"It's not gone too deep, yet."
2541,6904,0,2,26,28,1.0714285714285714,0.04956347617776502,593,"Hello, Wittenberg Urgent Care?"
2637,6904,0,2,26,28,1.0714285714285714,0.04956347617776502,593,"Yeah, he’s a Lutheran!"
2654,6904,0,2,26,28,1.0714285714285714,0.04956347617776502,593,How do think I feel?! My wife’s left me and I just got served with papers!!
2660,6904,0,2,26,28,1.0714285714285714,0.04956347617776502,593,Is this my lawyer's office? You gave me a great Prenup. Can you arrange for a Post-Nup?
2925,6904,0,2,26,28,1.0714285714285714,0.04956347617776502,593,Just because I didn't sign the petition!!
2510,6904,0,2,26,28,1.0714285714285714,0.04956347617776502,593,Yes dear the shopping list literally has my back
5663,7315,1,0,28,29,1.0689655172413792,0.06896551724137928,593,I'm afraid she doesn't fully understand the concept of 'texting' someone.
4634,7315,0,2,27,29,1.0689655172413792,0.04788724653995952,593,If he’s back by nap time I’ll ask him if they’re effective immediately.
5639,7315,0,2,27,29,1.0689655172413792,0.04788724653995952,593,I'll get back to you. I just got another call.
5415,7315,0,2,27,29,1.0689655172413792,0.04788724653995952,593,"Well, Doctor, the pain feels like a knife between my shoulders."
5378,7315,0,2,27,29,1.0689655172413792,0.04788724653995952,593,I've contracted a case of divorce.
5173,7315,0,2,27,29,1.0689655172413792,0.04788724653995952,593,"9-1-1, my wife got tired of showing me the honey do list so, now it is stabbed to my back!"
5148,7315,0,2,27,29,1.0689655172413792,0.04788724653995952,593,"Yeah, I know! My sexist ideologies are going to be expensive."
4932,7315,0,2,27,29,1.0689655172413792,0.04788724653995952,593,"Listen Bob, it suddenly struck me...."
4375,7315,0,2,27,29,1.0689655172413792,0.04788724653995952,593,"Hello, Boss? Yes, ma'am, I'm calling in sick. My wife just gave me the grocery list and said it's my turn to do the shopping today."
4543,7315,0,2,27,29,1.0689655172413792,0.04788724653995952,593,I have a feeling I'll find out soon.
4514,7315,0,2,27,29,1.0689655172413792,0.04788724653995952,593,"There's just a real sharp pain in my back, but I don't know what it is."
4313,7315,0,2,27,29,1.0689655172413792,0.04788724653995952,593,"My bad , I didn’t realize there was a Backstabber’s claws in my rental agreement"
4273,7315,0,2,27,29,1.0689655172413792,0.04788724653995952,593,"Yes, I'm ready to solve the divorce papers."
4220,7315,0,2,27,29,1.0689655172413792,0.04788724653995952,593,911? This is the Pope residence and I’d like to report a Protestant reformation.
4194,7315,0,2,27,29,1.0689655172413792,0.04788724653995952,593,"Yes, hello; can you please connect me with the dish and the spoon?"
5981,7315,0,2,27,29,1.0689655172413792,0.04788724653995952,593,I'll be glad when Marcia's history book club gets past the Protestant Reformation.
4618,7315,0,2,27,29,1.0689655172413792,0.04788724653995952,593,Can't find the list you left for me.
6045,7315,0,2,27,29,1.0689655172413792,0.04788724653995952,593,"No, Katrina, your husband just left !"
7144,7315,0,2,27,29,1.0689655172413792,0.04788724653995952,593,Hello 911? I need an attorney ASAP! I think I breached a contract.
6179,7315,0,2,27,29,1.0689655172413792,0.04788724653995952,593,well I think the contract stabbed me in the back with a sting from a knife
3915,7315,0,2,27,29,1.0689655172413792,0.04788724653995952,593,I want to report cheating on 'Pin the tail on the donkey.'
7642,7315,0,2,27,29,1.0689655172413792,0.04788724653995952,593,"When I took this position as a poster boy, nobody mentioned a scapegoat ..."
7597,7315,0,2,27,29,1.0689655172413792,0.04788724653995952,593,Where did you put the divorce papers you said you would leave for me to sign?
7552,7315,0,2,27,29,1.0689655172413792,0.04788724653995952,593,"No, I hadn't heard the latest Executive Orders, why?"
7444,7315,0,2,27,29,1.0689655172413792,0.04788724653995952,593,My wife is not agreeing to sign the divorce papers.
7424,7315,0,2,27,29,1.0689655172413792,0.04788724653995952,593,Yes dear. I will look in the mirror to be sure it's on your list.
7270,7315,0,2,27,29,1.0689655172413792,0.04788724653995952,593,Fortunately the second mirror flips it back.
7218,7315,0,2,27,29,1.0689655172413792,0.04788724653995952,593,"Hello, is this ""Laugh Your Way To a Better Marriage""?"
7163,7315,0,2,27,29,1.0689655172413792,0.04788724653995952,593,He said his name was Martin Luther
7081,7315,0,2,27,29,1.0689655172413792,0.04788724653995952,593,Can I get a Uhhh Fuckin Uhh Large Fry.
6692,7315,0,2,27,29,1.0689655172413792,0.04788724653995952,593,I have to admit the manuscript makes a clear point.
6681,7315,0,2,27,29,1.0689655172413792,0.04788724653995952,593,. . . yes . . . absolutely . . . I've always enjoyed lying for you . . .
6642,7315,0,2,27,29,1.0689655172413792,0.04788724653995952,593,You were right. My op-ed on back stabbing was strangely prescient.
6569,7315,0,2,27,29,1.0689655172413792,0.04788724653995952,593,"Yes, I now answer the phone."
6370,7315,0,2,27,29,1.0689655172413792,0.04788724653995952,593,Hold on a moment. I think my wife wants me.
6211,7315,0,2,27,29,1.0689655172413792,0.04788724653995952,593,That day would be a pain. Are you missing the backstory?
6195,7315,0,2,27,29,1.0689655172413792,0.04788724653995952,593,I have a detailed doctor's note for that sharp pain in my back.
6127,7315,1,0,28,29,1.0689655172413792,0.06896551724137928,593,Reading my Facebook newsfeed these days is like having a knife in my back.
3891,7315,1,0,28,29,1.0689655172413792,0.06896551724137928,593,"I'm having back problems, and I think my wife is cheating on me."
4141,7315,0,2,27,29,1.0689655172413792,0.04788724653995952,593,My wife asked that I give you a call about some possible errors on our latest bill.
3658,7315,1,0,28,29,1.0689655172413792,0.06896551724137928,593,Hello 911? I need to report the reciept my divorce papers
1272,7315,0,2,27,29,1.0689655172413792,0.04788724653995952,593,"Hi Honey, where did you say you left the grocery list?"
1238,7315,0,2,27,29,1.0689655172413792,0.04788724653995952,593,not sure of the time....my 'to do' list is pinned to my back
1138,7315,0,2,27,29,1.0689655172413792,0.04788724653995952,593,"Julian, I might have something for you..."
1113,7315,0,2,27,29,1.0689655172413792,0.04788724653995952,593,I said Trick. He wqas dressed like a monk and he said his name was Martin.
890,7315,0,2,27,29,1.0689655172413792,0.04788724653995952,593,Yes dear; I'll remember to feed the cat if it kills me.
814,7315,0,2,27,29,1.0689655172413792,0.04788724653995952,593,"Damn you, Luther."
704,7315,0,2,27,29,1.0689655172413792,0.04788724653995952,593,"""Tell my soon to be X-wife, I will sign the divorce papers that she just stuck me with""."
1466,7315,0,2,27,29,1.0689655172413792,0.04788724653995952,593,"Yes, Mom, you always said she was a back-stabber"
495,7315,0,2,27,29,1.0689655172413792,0.04788724653995952,593,"Yes. A still life, but not for long."
383,7315,0,2,27,29,1.0689655172413792,0.04788724653995952,593,"No, I don't have a cell phone."
325,7315,0,2,27,29,1.0689655172413792,0.04788724653995952,593,"Of course I remembered to water the plants, but then there was this drought…."
134,7315,0,2,27,29,1.0689655172413792,0.04788724653995952,593,"......and then she said I was so thick-skinned and unfeeling, slammed the door and left."
35,7315,0,2,27,29,1.0689655172413792,0.04788724653995952,593,I thought I recognised the Repo man's face then it hit me
32,7315,0,2,27,29,1.0689655172413792,0.04788724653995952,593,Why pelicans deliver babies but we do the paper work?
12,7315,0,2,27,29,1.0689655172413792,0.04788724653995952,593,I'm just going to copy and paste some Shakespeare so we can go home early.
3696,7315,0,2,27,29,1.0689655172413792,0.04788724653995952,593,Have you read the new tax plan?
438,7315,0,2,27,29,1.0689655172413792,0.04788724653995952,593,"Fine, Judas - be that way. But - Geez - can't you grasp the concept of allegory?"
1476,7315,0,2,27,29,1.0689655172413792,0.04788724653995952,593,911? My wife is missing and I have a stabbing feeling she she may have been kidnapped.
738,7315,0,2,27,29,1.0689655172413792,0.04788724653995952,593,Sorry.....We need to cancel our reservation!
1584,7315,1,0,28,29,1.0689655172413792,0.06896551724137928,593,"Yes, I'd like to place an ad for a new butler."
3484,7315,0,2,27,29,1.0689655172413792,0.04788724653995952,593,""" I think I found them missing emails ""."
1482,7315,0,2,27,29,1.0689655172413792,0.04788724653995952,593,I know I put that lisr somewhere.
3409,7315,0,2,27,29,1.0689655172413792,0.04788724653995952,593,If this is your idea of dunning me ... it worked!
3320,7315,0,2,27,29,1.0689655172413792,0.04788724653995952,593,I don't think he realizes accord and discord are different words...
3246,7315,0,2,27,29,1.0689655172413792,0.04788724653995952,593,Call off your Ninja lawyer. I'll sign the divorce papers.
3237,7315,1,0,28,29,1.0689655172413792,0.06896551724137928,593,"Is this Ninja Asian Delivery? ... Yes, I already have a menu."
2993,7315,0,2,27,29,1.0689655172413792,0.04788724653995952,593,"Yes, as a lawyer, I know about serving papers by ""Nail & Mail"", but....."
2974,7315,0,2,27,29,1.0689655172413792,0.04788724653995952,593,I must have been standing by the wrong door on Martin Luthers 500th.
2827,7315,0,2,27,29,1.0689655172413792,0.04788724653995952,593,I was just minding my own own business and someone pinned a contract on me.
3047,7315,0,2,27,29,1.0689655172413792,0.04788724653995952,593,"My wife leg me a note this morning, what a back stabber"
2301,7315,0,2,27,29,1.0689655172413792,0.04788724653995952,593,"I know the horoscope said that Pisces shouldn't go outside, now can you please help me?"
2260,7315,0,2,27,29,1.0689655172413792,0.04788724653995952,593,911 . . . it feels like there's a knife in my back!
2248,7315,0,2,27,29,1.0689655172413792,0.04788724653995952,593,"I’ll have to cut this short, so let me get back to you."
2217,7315,0,2,27,29,1.0689655172413792,0.04788724653995952,593,"Ok, I'll sign. Where did you leave it?"
2170,7315,1,0,28,29,1.0689655172413792,0.06896551724137928,593,"Yeah, but the joke's on her - she can't legally serve me the divorce papers herself."
2009,7315,0,2,27,29,1.0689655172413792,0.04788724653995952,593,"Hello, is this the patent office? I have this idea for a note that has some sticky stuff already on it."
1927,7315,0,2,27,29,1.0689655172413792,0.04788724653995952,593,Of course I've seen it - I'm looking at it right now!
2730,7315,0,2,27,29,1.0689655172413792,0.04788724653995952,593,Can't we at least talk about this?
3381,7394,0,2,28,30,1.0666666666666667,0.046320555585310084,593,I think you're taking 'habeas corpus' too literally.
5445,7394,0,2,28,30,1.0666666666666667,0.046320555585310084,593,I got your offer and the answer is still a maybe.
4205,7394,0,2,28,30,1.0666666666666667,0.046320555585310084,593,She’s nailed me!
4362,7394,0,2,28,30,1.0666666666666667,0.046320555585310084,593,"Hey Lenny, it’s Phil. Looks like I’m going to need your services. My wife just served me divorce papers."
4617,7394,0,2,28,30,1.0666666666666667,0.046320555585310084,593,I would like to complain about your over zealous subpoena server
4963,7394,0,2,28,30,1.0666666666666667,0.046320555585310084,593,"I have to go, I just got some hurts-mail"
5328,7394,0,2,28,30,1.0666666666666667,0.046320555585310084,593,"You telemarketers never call at a good time. Right now, I'm busy figuring out if I have met my health insurance out-of-pocket deductible."
5571,7394,0,2,28,30,1.0666666666666667,0.046320555585310084,593,I'd like to speak with my attorney.
7564,7394,0,2,28,30,1.0666666666666667,0.046320555585310084,593,It's a pretty posh place. Even the muggers issue receipts.
5700,7394,0,2,28,30,1.0666666666666667,0.046320555585310084,593,I think that I just got the message.
5804,7394,0,2,28,30,1.0666666666666667,0.046320555585310084,593,Can you read? Can you come over to 123 Elm Street? Now? Hurry.
5818,7394,1,0,29,30,1.0666666666666667,0.06666666666666668,593,"Yes, hello...I'd like to cancel my subscription to your ""Lutheranism Today"" publication."
5842,7394,0,2,28,30,1.0666666666666667,0.046320555585310084,593,No you have the wrong number...Martin Luther is my brother!
6084,7394,0,2,28,30,1.0666666666666667,0.046320555585310084,593,"I said, “no harm, no foul” and then........."
6394,7394,0,2,28,30,1.0666666666666667,0.046320555585310084,593,I thought you were going to fax those documents but this will work as well.
3205,7394,0,2,28,30,1.0666666666666667,0.046320555585310084,593,Forget monkeys and typewriters. The Great American Novel will writen by ducks and laptops.
5658,7394,0,2,28,30,1.0666666666666667,0.046320555585310084,593,"Hi honey, please stop smiling in my face just before leaving."
2899,7394,0,2,28,30,1.0666666666666667,0.046320555585310084,593,"Given your method of delivery, can we still call it a ""Dear John"" letter?"
6003,7394,1,0,29,30,1.0666666666666667,0.06666666666666668,593,"Now, that's a stab in the back!"
2333,7394,0,2,28,30,1.0666666666666667,0.046320555585310084,593,"So, we’re just going to pretend we know what they’re saying?"
2735,7394,0,2,28,30,1.0666666666666667,0.046320555585310084,593,When you don’t pay the chiropractor on time.
309,7394,0,2,28,30,1.0666666666666667,0.046320555585310084,593,"Yeah, they got me back. Stuck me with a subpoena."
344,7394,0,2,28,30,1.0666666666666667,0.046320555585310084,593,My backstabber likes to be formally noted.
378,7394,0,2,28,30,1.0666666666666667,0.046320555585310084,593,?????????????????????? daydream ?????
389,7394,0,2,28,30,1.0666666666666667,0.046320555585310084,593,I’m pretty sure that there is nothing in the penitential canons that is relevant to staying out past 11.
515,7394,0,2,28,30,1.0666666666666667,0.046320555585310084,593,"No, I can't read between the lines of my wife's divorce filing."
553,7394,1,0,29,30,1.0666666666666667,0.06666666666666668,593,"I probably shouldn't have said, 'I'll take a stab at it'."
902,7394,1,0,29,30,1.0666666666666667,0.06666666666666668,593,"Yes, I'm the one that told Donna Brazile about how Hillary Clinton stole the election from Bernie. I'm lucky to be alive. Any more questions?"
575,7394,0,2,28,30,1.0666666666666667,0.046320555585310084,593,I really don't want a subscription. Print is dead.
1015,7394,0,2,28,30,1.0666666666666667,0.046320555585310084,593,"Yes, I'm calling from my room at Motel 666"
1075,7394,1,0,29,30,1.0666666666666667,0.06666666666666668,593,"Honey, I've got this aching suspicion that I've forgotten something on your grocery list."
1126,7394,1,0,29,30,1.0666666666666667,0.06666666666666668,593,The 95 Theses as imagined by The O’Jays.
1347,7394,0,2,28,30,1.0666666666666667,0.046320555585310084,593,I'm going batty. I misplaced the stuffing recipe AND the carving knife. My headaches gone though.
1434,7394,0,2,28,30,1.0666666666666667,0.046320555585310084,593,What happens when the marshals repo your angel wings
1509,7394,0,2,28,30,1.0666666666666667,0.046320555585310084,593,"Et tu, IRS?"
1662,7394,0,2,28,30,1.0666666666666667,0.046320555585310084,593,Your last bill was like a stab in the back!
939,7394,0,2,28,30,1.0666666666666667,0.046320555585310084,593,You'll never guess where I found it.
5390,7431,0,2,29,31,1.064516129032258,0.04485301852605202,593,I think you missed!
6910,7431,0,2,29,31,1.064516129032258,0.04485301852605202,593,"Sure, let me just grab a pen..."
4978,7431,0,2,29,31,1.064516129032258,0.04485301852605202,593,HR? There's some backstabbing going on here!
1067,7431,0,2,29,31,1.064516129032258,0.04485301852605202,593,He said he had ninety-five theses but a Rick ain't one.
21,7431,0,2,29,31,1.064516129032258,0.04485301852605202,593,I see you've put the research ducks online.
2524,7431,0,2,29,31,1.064516129032258,0.04485301852605202,593,I've just been trolled by an angry geriatric
3627,7437,0,2,30,32,1.0625,0.04347552147751577,593,"John asked his wife ""Where did you say you left the divorce papers?"""
5800,7438,1,0,32,33,1.0606060606060606,0.06060606060606058,593,Bob...no no....he got the message
5288,7439,0,1,24,25,1.04,0.040824829046386304,593,"You got my back, all right!"
5429,7439,0,1,24,25,1.04,0.040824829046386304,593,Her words cut me like a knife.
5493,7439,0,1,24,25,1.04,0.040824829046386304,593,The divorce papers? They're right where she left them.
6165,7439,0,1,24,25,1.04,0.040824829046386304,593,"Sorry, I’m going to have to hang up. Marge just sent over the divorce papers."
5578,7439,0,1,24,25,1.04,0.040824829046386304,593,My wife wants me to cut the cord on cable.
5631,7439,0,1,24,25,1.04,0.040824829046386304,593,"“So I said, ‘Read the fine print before you kick me.’l"
5721,7439,0,1,24,25,1.04,0.040824829046386304,593,"No, I don't know what the note says, Helen."
5932,7439,0,1,24,25,1.04,0.040824829046386304,593,I went too literal.
6067,7439,0,1,24,25,1.04,0.040824829046386304,593,You also took the mirror
6112,7439,0,1,24,25,1.04,0.040824829046386304,593,"I dunno, I think she's pretty serious about me signing the divorce papers."
6132,7439,0,1,24,25,1.04,0.040824829046386304,593,"My name is William Penn, and I have just been stabbed in the back by a little boy with an apple on his head...please hurry!"
5684,7439,0,1,24,25,1.04,0.040824829046386304,593,"Hello, 911? I have an urgent message for the hospital director from my wife - but I'll need an ambulance to come and get it."
5047,7439,0,1,24,25,1.04,0.040824829046386304,593,I think she wants me to start doing more chores around the house.
4154,7439,0,1,24,25,1.04,0.040824829046386304,593,"Honey, where did you put my list?"
4857,7439,0,1,24,25,1.04,0.040824829046386304,593,"Congress' changes to the Affordable Care Act? No, I haven't seen them. Why?"""
4673,7439,0,1,24,25,1.04,0.040824829046386304,593,"Hello, Comcast? I have grievances. That's right, 95 of them."
4655,7439,0,1,24,25,1.04,0.040824829046386304,593,I guess I should have gotten her that bulletin board she asked for.
4576,7439,0,1,24,25,1.04,0.040824829046386304,593,"Thanks for the heads-up, I'll be watching my back"
4540,7439,0,1,24,25,1.04,0.040824829046386304,593,I know I stuck that letter somewhere
4526,7439,0,1,24,25,1.04,0.040824829046386304,593,"Yes Dear, I'll start on the to do list as soon as I get back from the Chiropractor."
4492,7439,0,1,24,25,1.04,0.040824829046386304,593,"Yeah... apparently, the wife found out I was cheating on her. Let me clean up a little. I'll be right over."
4484,7439,0,1,24,25,1.04,0.040824829046386304,593,Have you seen my cloak and dagger?
4461,7439,0,1,24,25,1.04,0.040824829046386304,593,They warned me about people like you. I'll feel like I got stabbed in the back & then you'll vanish!
4457,7439,0,1,24,25,1.04,0.040824829046386304,593,"robot,yes,but I have a mind of my own,,noAI"
6237,7439,0,1,24,25,1.04,0.040824829046386304,593,"Yes, we celebrate Martin Luther, but you get an F."
4097,7439,0,1,24,25,1.04,0.040824829046386304,593,"Thanks for the test-drive today, I really enjoyed the roadster. However, my wife wasn't quite as enamored with the car as I was."
4094,7439,0,1,24,25,1.04,0.040824829046386304,593,I'll get right back to you.
4937,7439,0,1,24,25,1.04,0.040824829046386304,593,"Yes, that's right. He broke in through the back door, knocked me down, and yelled ""I am Martin, and you will deliver my 96th thesis to the world!"""
6320,7439,0,1,24,25,1.04,0.040824829046386304,593,"No, the paper never got delivered today."
6944,7439,0,1,24,25,1.04,0.040824829046386304,593,"Hi Martin, I think you made a mistake."
6459,7439,0,1,24,25,1.04,0.040824829046386304,593,"I don't care what are you saying, calling you is in my To-Do list"
7678,7439,0,1,24,25,1.04,0.040824829046386304,593,I can top that—my ex-wife's lawyer has the world's worst process server.
7616,7439,0,1,24,25,1.04,0.040824829046386304,593,"Honey, what did you do with the grocery list?"
7608,7439,0,1,24,25,1.04,0.040824829046386304,593,"Hello, Post-it Company? Product Development Department, please."
7607,7439,0,1,24,25,1.04,0.040824829046386304,593,My doctor said insurance will cover it.
7589,7439,0,1,24,25,1.04,0.040824829046386304,593,"If you didn't see the delivery or touch the document, service is probably ineffective."
7585,7439,0,1,24,25,1.04,0.040824829046386304,593,I resent this...I have always been in favor of free speech!
7454,7439,0,1,24,25,1.04,0.040824829046386304,593,I'm going to need your help with filing the petition.
7436,7439,0,1,24,25,1.04,0.040824829046386304,593,". . . a bald guy, shaved head. Kept yelling something. It kinda sounded like ""species "" or ""feces,"" I think. It was weird . . ."
7425,7439,0,1,24,25,1.04,0.040824829046386304,593,"Can't talk right now, just got stabbed in the back."
7422,7439,0,1,24,25,1.04,0.040824829046386304,593,I will never call the Psychic Hotline again.
7288,7439,0,1,24,25,1.04,0.040824829046386304,593,"I have some questions about the efficacy of this ""be your own lawyer"" packet I ordered..."
7255,7439,0,1,24,25,1.04,0.040824829046386304,593,"Et Tu, Brute? But over a shopping list?"
7245,7439,0,1,24,25,1.04,0.040824829046386304,593,The proprieties have been observed and honour satisfied Honeybuns.
6393,7439,0,1,24,25,1.04,0.040824829046386304,593,You've definitely gotten to the heart of the matter.
7238,7439,0,1,24,25,1.04,0.040824829046386304,593,Has my brother-in-law with the Martin Luther complex escaped again?
7097,7439,0,1,24,25,1.04,0.040824829046386304,593,I seemed to have misplaced the dorsal papers again. Should I take off my pants and embarrass myself?
7071,7439,0,1,24,25,1.04,0.040824829046386304,593,"Yes honey, I forgot where I put it. Remind me. What's #1 on my to-do list?"
6977,7439,0,1,24,25,1.04,0.040824829046386304,593,I always said that prenup was going to stab me in the back.
6925,7439,0,1,24,25,1.04,0.040824829046386304,593,"I'm used to backstabbing at work, but at least they don't 'bore' me with stupid grievenses."
6845,7439,0,1,24,25,1.04,0.040824829046386304,593,I didn't see it coming. Janell wants a divorce and the flower painting.
6837,7439,0,1,24,25,1.04,0.040824829046386304,593,"I'm just getting to your 'Honey Do' list, dear."
6796,7439,0,1,24,25,1.04,0.040824829046386304,593,Hi Tom. My Hi Tom. About the proposed to the Hi Tom. About the proposed division of Cynthia's and my assets.
6701,7439,0,1,24,25,1.04,0.040824829046386304,593,Tonight’s HOA meeting has a backstabbing agenda.
6658,7439,0,1,24,25,1.04,0.040824829046386304,593,They took advantage of my long back-waist length to issue a decree.
6574,7439,0,1,24,25,1.04,0.040824829046386304,593,I just received the subpoena from my x-partner!
4083,7439,0,1,24,25,1.04,0.040824829046386304,593,Why is it I'm always the last one to know?
6507,7439,0,1,24,25,1.04,0.040824829046386304,593,"Tell my lawyer he forgot to include a ""no back stabbing"" clause."
6472,7439,0,1,24,25,1.04,0.040824829046386304,593,"Yes dear . . . . . . . . . . . . No dear, I HAVEN'T read it . . . . . . . . . . . . . . Because, . . . .I CAN'T SEE IT !!!!"
7214,7439,0,1,24,25,1.04,0.040824829046386304,593,It's actually the back pages I find most troubling
4016,7439,0,1,24,25,1.04,0.040824829046386304,593,Doctor? I have pain in my back and the weight of reform.
1658,7439,0,1,24,25,1.04,0.040824829046386304,593,They're learning about the Reformation and apparently she finds my parenting unjust.
3724,7439,0,1,24,25,1.04,0.040824829046386304,593,"I told you, Martin, you have to bring your list to the church."
1958,7439,0,1,24,25,1.04,0.040824829046386304,593,It's my honey do list.
1757,7439,0,1,24,25,1.04,0.040824829046386304,593,Why do I always have to add my name to the ghost written fake news?
1653,7439,0,1,24,25,1.04,0.040824829046386304,593,Doris. I found that poison pen letter.
1382,7439,0,1,24,25,1.04,0.040824829046386304,593,"'Room service operator please, I've been 'Operator, I've been stabbed in the back by a legal server'. stabbed in the back by"
1323,7439,0,1,24,25,1.04,0.040824829046386304,593,She'll eat worms for this.
1220,7439,0,1,24,25,1.04,0.040824829046386304,593,Is this India I'm calling?
1202,7439,0,1,24,25,1.04,0.040824829046386304,593,Ow! That does it; I'll never again empty the garbage or clean the cat box.
1158,7439,0,1,24,25,1.04,0.040824829046386304,593,Could you buy some Post-It notes on the way home?
1094,7439,0,1,24,25,1.04,0.040824829046386304,593,"Hello, Don Rickles here."
1032,7439,0,1,24,25,1.04,0.040824829046386304,593,Small print? I didn’t notice any small print.
1013,7439,0,1,24,25,1.04,0.040824829046386304,593,You really need to re-think how to get the legal waiver to the participants in your knife-throwing act.
967,7439,0,1,24,25,1.04,0.040824829046386304,593,It wasn't intentional. She was trying to nail her 95 theses to the door. Please hurry.
924,7439,0,1,24,25,1.04,0.040824829046386304,593,"It's a skin magnet, something new she's trying."
875,7439,0,1,24,25,1.04,0.040824829046386304,593,Just found out my cell plan doesn't allow for a landline.
751,7439,0,1,24,25,1.04,0.040824829046386304,593,"Who's your process server, Virgil ""The Turk"" Sollozzo?"
709,7439,0,1,24,25,1.04,0.040824829046386304,593,I need you to tell me some painful news.
696,7439,0,1,24,25,1.04,0.040824829046386304,593,Everyone at the law office was kicking me today.
478,7439,0,1,24,25,1.04,0.040824829046386304,593,Do you remember where I stuck my speech for tonight's Alzheimer meeting?
396,7439,0,1,24,25,1.04,0.040824829046386304,593,"Time share, cell phone contract, gym membership, marriage, herpes, tattoos, incumbent member of Congress, I'm starting to see a common theme here."
306,7439,0,1,24,25,1.04,0.040824829046386304,593,The response? A good old-fashioned trolling.
276,7439,0,1,24,25,1.04,0.040824829046386304,593,"Yes, I received your demands, but now I can't find my knife."
251,7439,0,1,24,25,1.04,0.040824829046386304,593,"I was a jerk, Margaret, but I've gone through quite a reformation."
169,7439,0,1,24,25,1.04,0.040824829046386304,593,I just remembered what I needed to tell you.
108,7439,0,1,24,25,1.04,0.040824829046386304,593,"I'm not a door, Martin."
79,7439,0,1,24,25,1.04,0.040824829046386304,593,The divorce proceedings didn’t go as planned!
8,7439,0,1,24,25,1.04,0.040824829046386304,593,Wanna freak out the entire room? Log onto aflac.com.
4005,7439,0,1,24,25,1.04,0.040824829046386304,593,"FBI? I need to pass on a message from someone called Luther. ... He said you'd know...Five foot tall, Russian accent."
1973,7439,0,1,24,25,1.04,0.040824829046386304,593,"Uh yeah, I can do that. Um, first...let me grab a sheet of paper."
2132,7439,0,1,24,25,1.04,0.040824829046386304,593,"Yes my Dear, I know you would never back stab me with that prenup agreement!"
122,7439,0,1,24,25,1.04,0.040824829046386304,593,"OK, the wife found the ad. I'm applying for the job."
2424,7439,0,1,24,25,1.04,0.040824829046386304,593,It's from Louie. Now he says he actually DID do it.
2242,7439,0,1,24,25,1.04,0.040824829046386304,593,"Counselor, is service of process properly effectuated if it's accompanied by aggravated assault?"
3688,7439,0,1,24,25,1.04,0.040824829046386304,593,"Absolutely! For all those John & Jane Q. Publics out there, his latest appointment is yet one more stab in the back...."
3634,7439,0,1,24,25,1.04,0.040824829046386304,593,"""Just leave it at the office?"" Right."
3629,7439,0,1,24,25,1.04,0.040824829046386304,593,"I don't know for sure, but I think someone is avoiding a face to face confrontation with me."
3595,7439,0,1,24,25,1.04,0.040824829046386304,593,"So my boss says to me, ""I don't have your back. You look like a real plant to me..."""
3519,7439,0,1,24,25,1.04,0.040824829046386304,593,Please remember to like and subscribe.
3488,7439,0,1,24,25,1.04,0.040824829046386304,593,I know that I promised! Please remind me where you put that to do list?
3468,7439,0,1,24,25,1.04,0.040824829046386304,593,You left in such an angry mood I forgot where you put the divorce papers.
3428,7439,0,1,24,25,1.04,0.040824829046386304,593,I feel like the phone company has read our texts.
3418,7439,0,1,24,25,1.04,0.040824829046386304,593,This new Taylor Swift album is really good.
3344,7439,0,1,24,25,1.04,0.040824829046386304,593,"Dear, about that honey-do list..."
3338,7439,0,1,24,25,1.04,0.040824829046386304,593,"Yes, nice to hear your voice too. So your profile says you have a rapier wit. Um, kinda random question but..."
3310,7439,0,1,24,25,1.04,0.040824829046386304,593,"I've been googling around about this, and I found some rather alarming blog posts, so I have to ask: Is this one of those sharia law things? Am I a Muslim now, Doc?"
3360,7439,0,1,24,25,1.04,0.040824829046386304,593,I’m going to kill myself if I don’t find the to do list
3264,7439,0,1,24,25,1.04,0.040824829046386304,593,"They told me to put it in a safe place when I signed up, but now I can't find it!!"
2518,7439,0,1,24,25,1.04,0.040824829046386304,593,Do Not Call Registry? I'd like to go back to receiving robo-calls.
2634,7439,0,1,24,25,1.04,0.040824829046386304,593,Enough already
2655,7439,0,1,24,25,1.04,0.040824829046386304,593,"Mom, she has filed for divorce."
3283,7439,0,1,24,25,1.04,0.040824829046386304,593,"Hey honey, I got Joey's Christmas list. And listen, no more war games."
2852,7439,0,1,24,25,1.04,0.040824829046386304,593,"Is this Dr. Luther...Dr. Martin Luther, the spinal reformation specialist? Are you sitting down?"
2890,7439,0,1,24,25,1.04,0.040824829046386304,593,"Honestly, I don't know how I lost your letter. It's a pain in the back."
2808,7439,0,1,24,25,1.04,0.040824829046386304,593,Harry's House of Boats? My wife asked me to call you to cancel the order I made Saturday for the Pro King 5000 Bass Boat with Fish-o-Rama Vision.
3044,7439,0,1,24,25,1.04,0.040824829046386304,593,I guess asking for the software user agreement in full was a bad idea.
3102,7439,0,1,24,25,1.04,0.040824829046386304,593,The prices at this hotel are so high I feel like I've been stabbed in the back.
3167,7439,0,1,24,25,1.04,0.040824829046386304,593,Just a minor disagreement with your mother.
3192,7439,0,1,24,25,1.04,0.040824829046386304,593,Hello? I ordered the death note on DVD not on my back.
3247,7439,0,1,24,25,1.04,0.040824829046386304,593,Is it spelled L-u-t-h-e-r or L-u-t-h-r-e?
2926,7439,0,1,24,25,1.04,0.040824829046386304,593,I was just talking about poor Harvey.
4698,7561,0,1,25,26,1.0384615384615385,0.03922322702763681,593,"You'll never guess who just served my eviction notice...the Grim Reaper"" ""The Grim Reaper just served me an eviction notice....he has a new job now that Hell is redundant"" ""so my wife just found out about decades of sexual harassment....#metoo!"
6022,7561,0,1,25,26,1.0384615384615385,0.03922322702763681,593,"Weird, actually. A guy on the street told me it was time to get my PSA tested."
4833,7561,0,1,25,26,1.0384615384615385,0.03922322702763681,593,My process is 100% analog.
5066,7561,0,1,25,26,1.0384615384615385,0.03922322702763681,593,Where did you put the divorce papers?
5379,7561,0,1,25,26,1.0384615384615385,0.03922322702763681,593,"Please call me back ,someone stabbed me from behind"
5846,7561,0,1,25,26,1.0384615384615385,0.03922322702763681,593,You could have at least left me a note before you ran away with my best friend..
6001,7561,0,1,25,26,1.0384615384615385,0.03922322702763681,593,"I'd like to cancel your ""Very-Hard-Copy Messaging"" service."
6005,7561,0,1,25,26,1.0384615384615385,0.03922322702763681,593,I may have taken method acting a little too far this time.
6210,7561,0,1,25,26,1.0384615384615385,0.03922322702763681,593,It’s the law...
7806,7561,0,1,25,26,1.0384615384615385,0.03922322702763681,593,I'm afraid she ghosted me.
6447,7561,0,1,25,26,1.0384615384615385,0.03922322702763681,593,I'm having trouble reading the divorce papers she filed.
6526,7561,0,1,25,26,1.0384615384615385,0.03922322702763681,593,I am looking at the bright side--now what?
6705,7561,0,1,25,26,1.0384615384615385,0.03922322702763681,593,I’m not interested in a cruise! Please take me off your calling list.
6733,7561,0,1,25,26,1.0384615384615385,0.03922322702763681,593,"2 Egg Rolls, Beef with Pea Pods, Pressed Duck, Sweet and Sour Shrimp, No MSG, and hurry!"
7046,7561,0,1,25,26,1.0384615384615385,0.03922322702763681,593,This is last minute but ...
7193,7561,0,1,25,26,1.0384615384615385,0.03922322702763681,593,"In addition to my father's house, I am inheriting his cruelty."
7647,7561,0,1,25,26,1.0384615384615385,0.03922322702763681,593,You could have just Snapchatted me.
7776,7561,0,1,25,26,1.0384615384615385,0.03922322702763681,593,Call me spineless if you wish...
4670,7561,0,1,25,26,1.0384615384615385,0.03922322702763681,593,"Hi, 911. No it's not really an emergancy; it's some grievances."
6444,7561,0,1,25,26,1.0384615384615385,0.03922322702763681,593,"""Pun Hotline. She stabbed me in the back when she served me the divorce papers""."
4572,7561,0,1,25,26,1.0384615384615385,0.03922322702763681,593,I told you the newspaper would stab me in the back.
2133,7561,0,1,25,26,1.0384615384615385,0.03922322702763681,593,These acupuncture bills are really starting to needle me.
3787,7561,0,1,25,26,1.0384615384615385,0.03922322702763681,593,"Yes, my wife left a reminder to call you back."
104,7561,0,1,25,26,1.0384615384615385,0.03922322702763681,593,"Uh, Doc? I may have misunderstood..."
261,7561,0,1,25,26,1.0384615384615385,0.03922322702763681,593,I know your my wife's attorney but your messenger has a lot to be desired.
432,7561,0,1,25,26,1.0384615384615385,0.03922322702763681,593,"Why no, I was never notified of any emergency Board meeting."
675,7561,0,1,25,26,1.0384615384615385,0.03922322702763681,593,Hello. Bar Association? I think my divorce attorney is having an affair with my wife.
911,7561,0,1,25,26,1.0384615384615385,0.03922322702763681,593,Let's back in to my agenda
4499,7561,0,1,25,26,1.0384615384615385,0.03922322702763681,593,Yes.. IRS? I got your message..
1217,7561,0,1,25,26,1.0384615384615385,0.03922322702763681,593,I got doxed.
1418,7561,0,1,25,26,1.0384615384615385,0.03922322702763681,593,"Well, it turns out Helen does have some thoughts about you bringing your ventriloquist friend to Christmas dinner again."
1479,7561,0,1,25,26,1.0384615384615385,0.03922322702763681,593,She posted her 99 theses
1164,7561,0,1,25,26,1.0384615384615385,0.03922322702763681,593,"Yes, Jimmy finished his Christmas list, but I'm not sure you should start shopping right now."
1926,7561,0,1,25,26,1.0384615384615385,0.03922322702763681,593,You stabbed me in the back with a 'Dear John' letter. Too many literal idioms really grind my gears.
2307,7561,0,1,25,26,1.0384615384615385,0.03922322702763681,593,"Hey this is Academia, the 95 Thesis just came in."
2399,7561,0,1,25,26,1.0384615384615385,0.03922322702763681,593,I told him I was going to recuse myself from the investigation and he said he was sending the papers right over. So much for loyalty.
2561,7561,0,1,25,26,1.0384615384615385,0.03922322702763681,593,Police? Some backstabbing SOB stole my plan for world peace!
2728,7561,0,1,25,26,1.0384615384615385,0.03922322702763681,593,Those hidden fees really stabbed me in the back.
3154,7561,0,1,25,26,1.0384615384615385,0.03922322702763681,593,I put the landline phone in this morning. These cell phone charges are killing me!
3511,7561,0,1,25,26,1.0384615384615385,0.03922322702763681,593,I'm calling to renew my subscription. I'm sorry it lapsed.
3663,7561,0,1,25,26,1.0384615384615385,0.03922322702763681,593,Hello room service. This is NOT how I wished to be served.
3715,7561,0,1,25,26,1.0384615384615385,0.03922322702763681,593,"Yes, we did receive the paper, but he missed the lawn.” “yes, we did receive the paper, but he missed the lawn, again"
1855,7561,0,1,25,26,1.0384615384615385,0.03922322702763681,593,Thanks but I don't need reminding to take out the trash.
6137,7604,0,1,26,27,1.037037037037037,0.03774256780481986,593,Is this proper service
6256,7604,0,1,26,27,1.037037037037037,0.03774256780481986,593,"Would you let me know if Martin Luther wants his Theses, back."
6271,7604,0,1,26,27,1.037037037037037,0.03774256780481986,593,No I didn’t real the small print
6079,7604,0,1,26,27,1.037037037037037,0.03774256780481986,593,Congress just stabbed me in the back with my health care plan and I want to know if my policy covers attempted murder?
6504,7604,0,1,26,27,1.037037037037037,0.03774256780481986,593,"Sweetheart, I can't seem to find the ""to do"" list you've left for me."
6951,7604,0,1,26,27,1.037037037037037,0.03774256780481986,593,"Don't worry, I have a plan to get the word out!"
7708,7604,0,1,26,27,1.037037037037037,0.03774256780481986,593,I am taking ABACK by your demands.
6352,7604,0,1,26,27,1.037037037037037,0.03774256780481986,593,Hello Dr. Smith? What are the chances of seeing you next week?
5693,7604,0,1,26,27,1.037037037037037,0.03774256780481986,593,"It's not you, it's me."
4256,7604,0,1,26,27,1.037037037037037,0.03774256780481986,593,"Thank you, but it appears Thanksgiving just served me."
2747,7604,0,1,26,27,1.037037037037037,0.03774256780481986,593,"Honey, I think that 30 day preview period for that new pirate internet company is up!"
2560,7604,0,1,26,27,1.037037037037037,0.03774256780481986,593,"""As far as I know they didn't give me anything to sign""."
2144,7604,0,1,26,27,1.037037037037037,0.03774256780481986,593,"You have seven more sessions before the Super Bowl, if you still intend to join the office pool."
1924,7604,0,1,26,27,1.037037037037037,0.03774256780481986,593,"OK, OK, I see your point."
1280,7604,0,1,26,27,1.037037037037037,0.03774256780481986,593,They don’t believe I’ve reformed.
371,7604,0,1,26,27,1.037037037037037,0.03774256780481986,593,"Sorry, Bill. They've made it abundantly clear we won't be paid for our services."
308,7604,0,1,26,27,1.037037037037037,0.03774256780481986,593,Concerning truth in billing? Yes.
115,7604,0,1,26,27,1.037037037037037,0.03774256780481986,593,"Technology, as you see, enables our carrier pigeons to work from home."
5065,7604,0,1,26,27,1.037037037037037,0.03774256780481986,593,"'It's time to cut the cord,' she said. So I got her a cell phone."
4720,7623,0,1,27,28,1.0357142857142858,0.036369648372665396,593,"""Yes 911, I have a Dear John letter attached to my back and a sharp instrument holding it in place."" Joe Pitts, Washington, DC"
6682,7623,0,1,27,28,1.0357142857142858,0.036369648372665396,593,"No, I can't read the message. It's stuck on my back."
6512,7623,0,1,27,28,1.0357142857142858,0.036369648372665396,593,Next time I'll read the user agreement.
5447,7623,0,1,27,28,1.0357142857142858,0.036369648372665396,593,My Credit Card Number?
1333,7623,0,1,27,28,1.0357142857142858,0.036369648372665396,593,"Dear, I'm looking for that to-do list you left me."
3356,7623,0,1,27,28,1.0357142857142858,0.036369648372665396,593,Save the flowers until I really expire!
3290,7623,0,1,27,28,1.0357142857142858,0.036369648372665396,593,"Notify two departments, but send the ambulance first, and forensics second."
5529,7630,0,0,23,23,1.0,0.044455422447438706,593,"No, I haven't been following the news at all!"
5558,7630,0,0,23,23,1.0,0.044455422447438706,593,"Honey, I lost the bills again!"
5433,7630,0,0,23,23,1.0,0.044455422447438706,593,"Yes, mother, I received your letter in the mail. Yes, mother, I put it where you asked."
4238,7630,0,0,25,25,1.0,0.040824829046386304,593,"Officer, ""sharpen the knives"" was at the top of honey-do list."
5410,7630,0,0,23,23,1.0,0.044455422447438706,593,"What happened? Well, I have ninety-five theses . . ."
5406,7630,0,0,22,22,1.0,0.046524210519923545,593,And my wife selected the Gong Bao Chicken.
5382,7630,0,0,25,25,1.0,0.040824829046386304,593,"Is there the White House? I want to ask the President, wether tere is a job for my wife !"
5565,7630,0,0,22,22,1.0,0.046524210519923545,593,I told you thirty times to make a shopping list!
5432,7630,0,0,22,22,1.0,0.046524210519923545,593,I followed your suggestion that I put in writing the ways we could understand one another better?
5566,7630,0,0,23,23,1.0,0.044455422447438706,593,"Help! 911! I would like to request an ambulance, I’ve been back stabbed by the New Yorker."
5840,7630,0,0,22,22,1.0,0.046524210519923545,593,I’d like to report a missing knife and recently amended revocable trust.
5585,7630,0,0,22,22,1.0,0.046524210519923545,593,"It's just a letter opener, she didn't mean any harm."
5606,7630,0,0,22,22,1.0,0.046524210519923545,593,... and the Lutharns are proselytizing again.
5632,7630,0,0,22,22,1.0,0.046524210519923545,593,I've been stabbed in the back by someone who disagreed with my article in the New Yorker.
5686,7630,0,0,23,23,1.0,0.044455422447438706,593,I've just been stabbed in the Summons!
5710,7630,0,0,22,22,1.0,0.046524210519923545,593,I have a question about my call-waiting.
5724,7630,0,0,23,23,1.0,0.044455422447438706,593,"Hello, Lutheran Church in America? Mr. Luther was just here. Apparently he didn't like my recent article regarding his 500th Anniversary and I'd like to register a complaint."
5376,7630,0,0,22,22,1.0,0.046524210519923545,593,"Believe me, the ninety-five theses were stuck to a door. The knife in the back was a metaphor not to be taken literally."
5843,7630,0,0,23,23,1.0,0.044455422447438706,593,I'd like to cancel may subscription.
5950,7630,0,0,23,23,1.0,0.044455422447438706,593,My wife has just delivered her 95 Theses. The knife is in my back.
5584,7630,0,0,23,23,1.0,0.044455422447438706,593,I got your point...but good
5374,7630,0,0,23,23,1.0,0.044455422447438706,593,"I'm sorry, was that your message I received a while ago?"
5020,7630,0,0,22,22,1.0,0.046524210519923545,593,Those backstabbers wouldn't accept my resignation. Apparently I'm to valuable to the company.
5356,7630,0,0,23,23,1.0,0.044455422447438706,593,A criminal informant just gave me a copy of the Paradise Papers.
4249,7630,0,0,23,23,1.0,0.044455422447438706,593,"Yes, but who really reads the legal fine print?"
4416,7630,0,0,23,23,1.0,0.044455422447438706,593,"Ok, so I don't text, but I still get mail."
4493,7630,0,0,22,22,1.0,0.046524210519923545,593,"Hello, I'm calling because I'd like to be removed from your mailing list."
4523,7630,0,0,23,23,1.0,0.044455422447438706,593,I'd like to order a full length mirror.
4549,7630,0,0,22,22,1.0,0.046524210519923545,593,I only cancelled my ads on Hannity because it's hard to sell hoverboards to his demographic.
4616,7630,0,0,25,25,1.0,0.040824829046386304,593,"Ever since they appointed that sheriff from the circus, it has been impossible to evade service of process."
4651,7630,0,0,23,23,1.0,0.044455422447438706,593,Ha
4699,7630,0,0,24,24,1.0,0.04256282653793743,593,"I still can't understand why she left me, nether why i've ever since been a stomach sleeper."
4803,7630,0,0,23,23,1.0,0.044455422447438706,593,"Sir, You have a what stuck in your back?!?!"" ""A knife, I'm a democrat, I'm used to pain. You can send someone now, Blue Bloods just came on."
5369,7630,0,0,23,23,1.0,0.044455422447438706,593,That's just background news.
4828,7630,0,0,24,24,1.0,0.04256282653793743,593,"I had no idea you were still upset, Eleanor, but did you have to out me on #MeToo? After all, it happened 30 years ago."
4981,7630,0,0,23,23,1.0,0.044455422447438706,593,"Honey, where do you keep the stain remover?"
4995,7630,0,0,23,23,1.0,0.044455422447438706,593,--some fanatic with a hammer shouting about 'articles'. And he's near-sighted to boot.
5007,7630,0,0,23,23,1.0,0.044455422447438706,593,"Yes,Al, your collector was just here and yes, he did leave a payment schedule."
5983,7630,0,0,22,22,1.0,0.046524210519923545,593,"Yes, I'm a columnist. I'd like to report a missing wife."
5153,7630,0,0,24,24,1.0,0.04256282653793743,593,I think my voicemail box is full.
5167,7630,0,0,23,23,1.0,0.044455422447438706,593,"Hey toots. Can you get me a new shirt? Some sweetthing in research just ripped my shirt with 95 things she “feels” I harassed her with. Don’t worry, it didn’t break my skin."
5264,7630,0,0,23,23,1.0,0.044455422447438706,593,"Yes, I just received the list of demands."
5265,7630,0,0,23,23,1.0,0.044455422447438706,593,You really got me with the painting. Classic misdirection.
5345,7630,0,0,22,22,1.0,0.046524210519923545,593,A Martin Luther lookalike has pinned some additional theses to my spine.
4897,7630,0,0,22,22,1.0,0.046524210519923545,593,Obviously it's not a cast iron contract.
5990,7630,0,0,22,22,1.0,0.046524210519923545,593,It's the page I put in the suggestion box explaining how we could meet all our goals if senior management just took a pay cut.
6513,7630,0,0,22,22,1.0,0.046524210519923545,593,"No, I am not imagining this."
6027,7630,0,0,22,22,1.0,0.046524210519923545,593,"I don't know, Bob, he called himself a ""modern day Martin Luther for American politics"""
7068,7630,0,0,23,23,1.0,0.044455422447438706,593,Yes Rose. I am too dull and not sharp enough to deal with text messaging.
7113,7630,0,0,23,23,1.0,0.044455422447438706,593,"Let me tell ya, it was a real punch to the gut."
7140,7630,0,0,23,23,1.0,0.044455422447438706,593,I’m redlining it now.
7181,7630,0,0,23,23,1.0,0.044455422447438706,593,I'd have preferred a wake up call
7189,7630,0,0,24,24,1.0,0.04256282653793743,593,"I thought that someone had my back, but I failed my defense."
7208,7630,0,0,22,22,1.0,0.046524210519923545,593,"Hi, yes, I'd like to order 95 pizzas for Marty Luther."
7273,7630,0,0,22,22,1.0,0.046524210519923545,593,"Yes, you're right, this #metoo is killing us"
7302,7630,0,0,23,23,1.0,0.044455422447438706,593,I lost hope at 'Bird Rule'. Even for the elephants.
7305,7630,0,0,24,24,1.0,0.04256282653793743,593,There's been a mistake; my thesis is on corruption in small town libraries.
7061,7630,0,0,23,23,1.0,0.044455422447438706,593,I love to crap!
7312,7630,0,0,22,22,1.0,0.046524210519923545,593,"Martin Luther residence, XXVII speaking."
7510,7630,0,0,22,22,1.0,0.046524210519923545,593,911? I'm stuck reviewing the back pages of my insurance coverage.
7516,7630,0,0,23,23,1.0,0.044455422447438706,593,Nope. Haven't seen your cloak.
7539,7630,0,0,23,23,1.0,0.044455422447438706,593,"Yes, Officer, she did threaten to pin the grocery list to my back. I did not think she would follow through."
7574,7630,0,0,23,23,1.0,0.044455422447438706,593,She insisted that I get life insurance...
7583,7630,0,0,22,22,1.0,0.046524210519923545,593,Did I leave the letter of recommendation you gave me on your desk ?.
7627,7630,0,0,23,23,1.0,0.044455422447438706,593,"Mr. President, I've been asked by your Evangelical base to forward a few policy suggestions to you for consideration."
7648,7630,0,0,23,23,1.0,0.044455422447438706,593,I did say I wanted us to be on the cutting edge backing up data.
7652,7630,0,0,25,25,1.0,0.040824829046386304,593,"Yes, I'm certain we can rule out the Mooch."
7681,7630,0,0,22,22,1.0,0.046524210519923545,593,Just another day at the office. Why do you ask?
7368,7630,0,0,22,22,1.0,0.046524210519923545,593,Does this hotel offer theses removal?
5998,7630,0,0,23,23,1.0,0.044455422447438706,593,"The letter was behind my back, but I got its point."
6988,7630,0,0,23,23,1.0,0.044455422447438706,593,"Hey boss, I just wanted to let you know that I'll be coming in on Saturday to work extra. I just have so much work pinned on me right now."
6855,7630,0,0,23,23,1.0,0.044455422447438706,593,"Yes, I understand you're leaving, but why so sneaky and I can't even read your note."
6300,7630,0,0,23,23,1.0,0.044455422447438706,593,"At least, I've got my back covered...."
6311,7630,0,0,23,23,1.0,0.044455422447438706,593,She didn't email the divorce papers this time.
6343,7630,0,0,22,22,1.0,0.046524210519923545,593,"Darn right I think we should jettison the landline provider. Also, we need a new bulletin board."
6373,7630,0,0,22,22,1.0,0.046524210519923545,593,"Not only did my wife backstab me, but she also sent over the divorce papers."
6419,7630,0,0,24,24,1.0,0.04256282653793743,593,"No Mom, I’m not avoiding you. I swear I didn’t get you’re note."
6474,7630,0,0,23,23,1.0,0.044455422447438706,593,"Honey. I think I've become a bulletin board, again!"
6514,7630,0,0,23,23,1.0,0.044455422447438706,593,Your latest article was on the backstabbing side...
6558,7630,0,0,23,23,1.0,0.044455422447438706,593,My wife insists that I look for a better paying job.
6559,7630,0,0,23,23,1.0,0.044455422447438706,593,"Honestly, I think a singing telegram would have been more on point."
6986,7630,0,0,23,23,1.0,0.044455422447438706,593,"I tell you, Martin Luther was here."
6600,7630,0,0,23,23,1.0,0.044455422447438706,593,I am not Leonardo da Vinci.
6652,7630,0,0,23,23,1.0,0.044455422447438706,593,Mr. Snell? My wife delivered her response to our suggestions.
6694,7630,0,0,23,23,1.0,0.044455422447438706,593,I just want to make sure that you received my letter of non consent.
7752,7630,0,0,23,23,1.0,0.044455422447438706,593,"Yes, Your Holiness. That’s right. He said there were ninety-five of them. No. Not a manifesto. Theses, he called them. Can you see me this week? Sepsis, yes. It’s a concern. Yes. Thursday’s fine. See you then."
6784,7630,0,0,23,23,1.0,0.044455422447438706,593,"No, I haven't got to your letter yet but I sense despair"
6795,7630,0,0,22,22,1.0,0.046524210519923545,593,"No, I have not removed your note yet."
6806,7630,0,0,23,23,1.0,0.044455422447438706,593,... but I've put all that behind me now.
6814,7630,0,0,23,23,1.0,0.044455422447438706,593,I wish you could rate process servers like you do Uber drivers.
6841,7630,0,0,22,22,1.0,0.046524210519923545,593,We need to change our party mascot! They used me to pin the tale on a donkey!
6850,7630,0,0,22,22,1.0,0.046524210519923545,593,I’m calling about these back-charges. They’re killing me!
6649,7630,0,0,23,23,1.0,0.044455422447438706,593,I'm guessing she wants a divorce.
4149,7630,0,0,23,23,1.0,0.044455422447438706,593,"Honey, I woke up this morning really knowing we could work this out."
820,7630,0,0,22,22,1.0,0.046524210519923545,593,"Hello, EHarmony, it didn't go so well. She pinned her review on my back."
3951,7630,0,0,25,25,1.0,0.040824829046386304,593,You could have just emailed the divorce papers.
521,7630,0,0,22,22,1.0,0.046524210519923545,593,I have a stabbing feeling that my rights have been violated.
584,7630,0,0,23,23,1.0,0.044455422447438706,593,"If they don't let us out of here soon, I'm going to lay an egg."
637,7630,0,0,24,24,1.0,0.04256282653793743,593,"For some reason, I always feel that people are backstabbing me."
651,7630,0,0,22,22,1.0,0.046524210519923545,593,"No, as a matter of fact, you may not have a few minutes of my time. We are trying to enjoy our dinner."
743,7630,0,0,22,22,1.0,0.046524210519923545,593,Operator! Do you have any listings for knife removals?
744,7630,0,0,22,22,1.0,0.046524210519923545,593,He said his last name was Luther!
809,7630,0,0,22,22,1.0,0.046524210519923545,593,The New Yorker struck again.
864,7630,0,0,23,23,1.0,0.044455422447438706,593,Is it racist if I say they all look the same ?
877,7630,0,0,24,24,1.0,0.04256282653793743,593,"Honey, I feel a little weak and I won't be able to make dinner. They gave me an urgent manifesto at my conference."
506,7630,0,0,23,23,1.0,0.044455422447438706,593,"Yeah, after the crying it will be all over."
950,7630,0,0,22,22,1.0,0.046524210519923545,593,I was told to deliver the note to Mr. Mueller in person.
1035,7630,0,0,22,22,1.0,0.046524210519923545,593,"Honey, where did you leave that to do list ?"
1193,7630,0,0,23,23,1.0,0.044455422447438706,593,"I'm sorry Jim I can't go bowling, the wife made a shopping list and she's insistent that I go to the store."
1208,7630,0,0,23,23,1.0,0.044455422447438706,593,Apparently I forgot to order one that was organic AND free-range.
1235,7630,0,0,25,25,1.0,0.040824829046386304,593,"My wife likes your new idea fot post it notes,I’m not so sure"
1278,7630,0,0,23,23,1.0,0.044455422447438706,593,I’d like to report an attempted murdlasphemy.
1290,7630,0,0,23,23,1.0,0.044455422447438706,593,"Doc, I've been stabbed in the back again..."
1341,7630,0,0,24,24,1.0,0.04256282653793743,593,"A few of your buddies, they sure look shady........."
1386,7630,0,0,25,25,1.0,0.040824829046386304,593,"Got it, I've been selected"
1471,7630,0,0,23,23,1.0,0.044455422447438706,593,She said if I didn’t switch to a cordless phone she wouldn’t start using thumb tacks.
1026,7630,0,0,23,23,1.0,0.044455422447438706,593,"Honey, why did you leave?"
1481,7630,0,0,22,22,1.0,0.046524210519923545,593,"Hello, Police! I want to report a backstabbing lawyer."
471,7630,0,0,23,23,1.0,0.044455422447438706,593,My wife really wants me to purchase the armoire in your ad.
461,7630,0,0,22,22,1.0,0.046524210519923545,593,About this service of process.....
7801,7630,0,0,22,22,1.0,0.046524210519923545,593,"We won't need that Right of First Refusal"" clause."
3,7630,0,0,22,22,1.0,0.046524210519923545,593,Remind them not to rush on the exam; we checked the weather and they have another two days.
4,7630,0,0,22,22,1.0,0.046524210519923545,593,"Row three, far right - that duck is not paying attention."
5,7630,0,0,23,23,1.0,0.044455422447438706,593,There's one in every flock.
10,7630,0,0,22,22,1.0,0.046524210519923545,593,"When I tell them to search the web, they just stare at their feet."
13,7630,0,0,23,23,1.0,0.044455422447438706,593,"When you see something you like, don't Quack. Click oh Buy Now."
45,7630,0,0,23,23,1.0,0.044455422447438706,593,The final exam is no time to lay an egg. (note this is my answer for the Nov 12 deadline before 9PM My guess is that you did not set your clockm to standard time
50,7630,0,0,23,23,1.0,0.044455422447438706,593,"So far, just a lot of hunting and pecking."
53,7630,0,0,22,22,1.0,0.046524210519923545,593,Don't look now but check out the quacks
462,7630,0,0,23,23,1.0,0.044455422447438706,593,"I know it's my fault I didn't read the small print, but now I feel like that contract is stabbing me in the back."
55,7630,0,0,24,24,1.0,0.04256282653793743,593,How long will it take the hackers to realize we are just a bunch of sitting ducks?
185,7630,0,0,23,23,1.0,0.044455422447438706,593,"She took my cell phone, Rolex and our bed. I wouldn't be surprised if divorce papers are next."
190,7630,0,0,23,23,1.0,0.044455422447438706,593,"Hi, Honey. I’ll keep looking for your “to do” list after my nap."
257,7630,0,0,23,23,1.0,0.044455422447438706,593,"I think I'm entitled to a replacement, but I can't find the cell phone contract anywhere."
265,7630,0,0,22,22,1.0,0.046524210519923545,593,Birds of a feather
315,7630,0,0,23,23,1.0,0.044455422447438706,593,"I have the shopping list, but there are some items I can't quite make out"
374,7630,0,0,22,22,1.0,0.046524210519923545,593,Stop with the notes. There are better ways to tackle our landscape issue.
392,7630,0,0,22,22,1.0,0.046524210519923545,593,Only after they have filled out their online registration forms are we allowed to take them to the lab.
428,7630,0,0,22,22,1.0,0.046524210519923545,593,"Yes, the point of my new contract has greater back end incentives."
442,7630,0,0,22,22,1.0,0.046524210519923545,593,The knife thrower missed again
165,7630,0,0,22,22,1.0,0.046524210519923545,593,"Honey, we're being evicted."
3988,7630,0,0,24,24,1.0,0.04256282653793743,593,"Yes, a very perfiftent and infinfere falefman, who really ftuck it to me. Not knife at all."
1568,7630,0,0,23,23,1.0,0.044455422447438706,593,"Pamela, how long has it been since we paid the rent?"
1621,7630,0,0,23,23,1.0,0.044455422447438706,593,"Yes, I'd like to order the ""Let's Get Started with Carrier Pigeons"" kit."
2969,7630,0,0,22,22,1.0,0.046524210519923545,593,It's pretty issue he stabbed me in the back
3021,7630,0,0,23,23,1.0,0.044455422447438706,593,How could I read your demands when you stabbed them into my back?
3048,7630,0,0,23,23,1.0,0.044455422447438706,593,"Yes, sergeant, I’m pretty sure it was Luther — that’s my thesis."
3062,7630,0,0,23,23,1.0,0.044455422447438706,593,"Honey, do you know where I left my dagger?"
3097,7630,0,0,22,22,1.0,0.046524210519923545,593,"Honey, I can't find the grocery list."
3387,7630,0,0,25,25,1.0,0.040824829046386304,593,...and salami.
3466,7630,0,0,22,22,1.0,0.046524210519923545,593,Where did you put my memoir draft?
3515,7630,0,0,22,22,1.0,0.046524210519923545,593,"Yes honey, I'll get the groceries"
3540,7630,0,0,23,23,1.0,0.044455422447438706,593,"I thought it was a shopping list, but because of where she put it, I am not sure."
2921,7630,0,0,23,23,1.0,0.044455422447438706,593,"One if by land, two if by sea."
3588,7630,0,0,22,22,1.0,0.046524210519923545,593,Hey Tom when you said signing that life insurance contract would stab me in the back you wasn't lying.
3649,7630,0,0,23,23,1.0,0.044455422447438706,593,"Yes, I got your notice to increase my cable bill today"
3710,7630,0,0,24,24,1.0,0.04256282653793743,593,Sorry can't read backsided!
3741,7630,0,0,22,22,1.0,0.046524210519923545,593,Your rejection of my manuscript feels like a stab in the paperback.
3781,7630,0,0,24,24,1.0,0.04256282653793743,593,What's my Emergency? My partner decided included a stab in the back in the appendix of my dear Dear John letter.
3819,7630,0,0,24,24,1.0,0.04256282653793743,593,"Yes, I would say you put ""too fine a point on it."""
3856,7630,0,0,24,24,1.0,0.04256282653793743,593,"It looks like I will need a new job... When? Tomorrow, definitely."
3872,7630,0,0,23,23,1.0,0.044455422447438706,593,"I know my wife says I make a better door than a window, but this isn’t funny, Herr Luther."
3894,7630,0,0,22,22,1.0,0.046524210519923545,593,It's 2017. Would you start rage tweeting already?
3929,7630,0,0,25,25,1.0,0.040824829046386304,593,"I found your ""To Do"" list."
3590,7630,0,0,23,23,1.0,0.044455422447438706,593,My wife said to take a message or she'll kill me.
1610,7630,0,0,24,24,1.0,0.04256282653793743,593,Are you sure this costume is going to get a laugh with my fellow attorneys?
2868,7630,0,0,23,23,1.0,0.044455422447438706,593,I'm gonna get back to work
2701,7630,0,0,22,22,1.0,0.046524210519923545,593,Yes dear - I got the loan and I have the signed documents
1626,7630,0,0,23,23,1.0,0.044455422447438706,593,I hate him. He’s always stabbing me in the back...
1670,7630,0,0,24,24,1.0,0.04256282653793743,593,"I know you had to rush out to meet your lawyer, but I need to know where you put that knife you had sharpened last week?"
1694,7630,0,0,24,24,1.0,0.04256282653793743,593,I got your solar contract.
1779,7630,0,0,23,23,1.0,0.044455422447438706,593,Can I get another copy? I seem to have lost mine.
1846,7630,0,0,23,23,1.0,0.044455422447438706,593,That's the second shirt ruined this week.
1960,7630,0,0,23,23,1.0,0.044455422447438706,593,You made your point and I'll get back to you on your list of grievances.
2075,7630,0,0,22,22,1.0,0.046524210519923545,593,"Next time you want to discuss our issues, please tell me to my face instead."
2134,7630,0,0,23,23,1.0,0.044455422447438706,593,Our son seems to have 95 theses about bedtime.
2145,7630,0,0,24,24,1.0,0.04256282653793743,593,"Yes Sir, the check's in the mail."
2756,7630,0,0,22,22,1.0,0.046524210519923545,593,"Hold on, let me get a pen and paper."
2295,7630,0,0,23,23,1.0,0.044455422447438706,593,Just send an ambulance and don't worry what her manifesto says.
2418,7630,0,0,23,23,1.0,0.044455422447438706,593,"Honey, I just got the bill from your acupuncturist. These sessions are bleeding us dry."
2494,7630,0,0,22,22,1.0,0.046524210519923545,593,Special delivery?
2530,7630,0,0,22,22,1.0,0.046524210519923545,593,I’ll get right back to you with the report.
2537,7630,0,0,23,23,1.0,0.044455422447438706,593,"The media did it to me, again"
2589,7630,0,0,22,22,1.0,0.046524210519923545,593,I told your mother I'd start on her list after my golf game; by her reaction you'd think I'd been selling indulgences.
2591,7630,0,0,25,25,1.0,0.040824829046386304,593,"Where did you say you put the “Honey-Do” list, dear?"
2641,7630,0,0,22,22,1.0,0.046524210519923545,593,"It's not so bad, but I'm just worried about the next 94."
2653,7630,0,0,25,25,1.0,0.040824829046386304,593,I'm so glad you were able to vent your feelings on paper. I'll have a look-see and I am sure next time we will have a very constructive dialogue.
2689,7630,0,0,22,22,1.0,0.046524210519923545,593,"911, I'd like to report a possible assault."
2360,7630,0,0,23,23,1.0,0.044455422447438706,593,"Hello, Job Service? It has been suggested that I contact you about a job opening."
7814,7630,0,0,24,24,1.0,0.04256282653793743,593,It was an unsolicited manuscript.
