target_id,rank,funny,somewhat_funny,unfunny,count,score,precision,contest,caption
2527,1,2263,2970,2465,7698,1.9737594180306572,0.008927820610196459,597,"Actually, I did leave my bag unattended for a few minutes. Why?"
1088,2,2528,2663,2889,8080,1.9553217821782178,0.009095936592745935,597,"Oh, we're not traveling. Our new health plan only covers X-rays done by TSA screening."
1840,3,2112,3391,2746,8249,1.9231421990544308,0.008407457859609637,597,I’m allowed one suitcase and two personal items
329,4,2344,2738,2998,8080,1.919059405940594,0.009001294305954604,597,I checked the fine print. There’s no fee for emotional baggage.
96,5,2235,3031,3116,8382,1.8948938200906704,0.008651773099703821,597,"So, while I was in Rome, I picked up a little Italian"
416,6,2247,2889,3162,8298,1.8897324656543746,0.008780565777959418,597,This airline always loses my luggage. This time I'm counting on it.
726,7,1720,3195,3060,7975,1.831974921630094,0.00846317665779823,597,He’s used to living out of a suitcase.
1163,8,1914,2995,3318,8227,1.8293424091406345,0.008588937536620565,597,"If they lose him, I get $750."
1656,9,1696,2807,3004,7507,1.825762621553217,0.008908778151524632,597,I packed in a hurry this morning and just grabbed whatever was lying on the bed.
2931,10,1687,2813,3161,7661,1.8075969194622112,0.008819310449517268,597,You should see how excited he gets when I pick him up at baggage claim.
3055,11,1752,2400,3228,7380,1.8,0.009275099802557493,597,I can't believe my baggage fit in my luggage.
2761,12,280,431,532,1243,1.7972646822204343,0.022200895027427513,597,He actually gets more legroom in there.
1323,13,1329,2328,2618,6275,1.794581673306773,0.009671091560604177,597,He says there's more legroom than in coach.
719,14,1398,2169,2842,6409,1.7746918396005618,0.009763158959269484,597,"I'm checking it to Chicago, Me, I'm going to Bermuda."
1451,15,1739,1898,3353,6990,1.769098712446352,0.009828649544284435,597,They think we're going on a trip but actually I'm taking them to be fixed.
793,16,1632,2725,3463,7820,1.765856777493606,0.008735878585041249,597,Ted thought this girls' trip was a great idea. He even packed for me.
2064,17,230,471,525,1226,1.7593800978792822,0.02134126748708818,597,They settle down once they're in the overhead.
2137,18,1397,2441,3060,6898,1.7589156277181792,0.00923339406392105,597,"Actually, they're both rescues."
1822,19,1262,1819,2708,5789,1.7502159267576438,0.010378058320864398,597,I’m just happy to be away from my clingy boyfriend and his obnoxious dog.
1328,20,1096,1963,2554,5613,1.7402458578300375,0.010190662174817063,597,What happened in Vegas didn’t stay in Vegas.
1795,21,1304,1912,2957,6173,1.7322209622549813,0.010010998812606862,597,I've told him we can't carry on like this.
2486,22,1018,1660,2571,5249,1.7041341207849114,0.010658686439999832,597,The drugs are in the dog. The guy is just a decoy.
1672,23,1047,1835,2708,5590,1.7028622540250447,0.010217218559562289,597,"If it works, great, we get to Hawaii for half price. If it doesn't, even better. I will be in Hawaii."
1312,24,885,1183,2144,4212,1.7010921177587843,0.012229401918746542,597,"It's Prada, he won't fly in Coach."
1018,25,816,1677,2237,4730,1.6995771670190274,0.010835284838032684,597,Should I be happy or terrified that we made it through security?
1204,26,1154,1700,2923,5777,1.6937857019214124,0.010293161449634632,597,This way United can drag them off the plane easier.
2760,27,997,1800,2707,5504,1.6893168604651163,0.010234761196109105,597,I'll check it but I won't claim it.
2622,28,873,1726,2438,5037,1.6892991860234265,0.01055264723946278,597,"I've carried him since law school, why stop now?"
1773,29,1031,1798,2789,5618,1.6870772516909933,0.010179417998363392,597,"No, I’m not flying anywhere. I’m just here to check a bag."
3087,30,756,1859,2309,4924,1.6846060113728676,0.010306968837957058,597,His options were this or the middle seat.
2476,31,333,724,989,2046,1.6793743890518085,0.016300029625323387,597,We decided it’d be cheaper to just pay the overweight fee.
3022,32,767,1863,2378,5008,1.678314696485623,0.01023504255484947,597,The website said 'two personal belongings.'
1412,33,740,1730,2272,4742,1.6769295655841416,0.010581096973845194,597,They really look forward to the baggage chute and carousel.
2590,34,722,1500,2171,4393,1.6701570680628273,0.011187987656202408,597,"It's one level below ""economy"". The airline calls it ""baggage class""."
97,35,769,1761,2462,4992,1.6608573717948718,0.010326447349315435,597,Oh yes - my husband has been living out of a suitcase for years.
2208,36,483,1096,1547,3126,1.6596289187460014,0.013066472779369278,597,I envy you single girls; you always have less baggage.
1136,37,616,1210,1903,3729,1.654867256637168,0.012216743567879938,597,This way I won't come home to a mess.
2345,38,555,938,1639,3132,1.6538952745849298,0.013618922417773887,597,But I had to ship his mother UPS.
331,39,541,1134,1754,3429,1.6462525517643627,0.012599129471250348,597,"If they're no longer disclosing baggage fees, I'm no longer disclosing what's in it."
506,40,597,1220,1959,3776,1.6393008474576272,0.012035300187379047,597,"It's cheaper than coach, and he gets more legroom."
2916,41,449,801,1417,2667,1.6370453693288338,0.014595399472698962,597,It's my therapy dog's therapy person.
2531,42,677,1542,2329,4548,1.6367634124890063,0.010786215020899227,597,Not everything stays in Vegas.
1399,43,484,951,1579,3014,1.6366954213669542,0.013541276218631304,597,The service animal definition is broader than most people realize.
2374,44,653,1220,2100,3973,1.6357915932544675,0.011876753545773316,597,"The best part is that if the bag gets lost, the airline pays me $250."
2942,45,580,1416,2080,4076,1.631992149165849,0.01126557066199337,597,"Of course, their favorite part of the trip is the luggage carousel."
2591,46,706,1198,2229,4133,1.631502540527462,0.01178982136750144,597,"No, emotional baggage is free."
797,47,495,1024,1676,3195,1.6303599374021909,0.013037029311370024,597,It was a lot harder before the wheels
472,48,485,1094,1707,3286,1.628119293974437,0.012687283977456706,597,"Worst case scenario, TSA confiscates them."
1330,49,605,1039,1955,3599,1.6248958043901083,0.012593238028845719,597,"Yes, I'm going to Paris -- but the bag is only tagged for Newark."
2337,50,528,975,1754,3257,1.6235799815781393,0.013102233792759302,597,"No, it's not cheaper. I just don't want to sit next to him for four hours."
175,51,510,793,1606,2909,1.6232382261945686,0.014188845912964333,597,It's the only advantage of having a spineless husband.
2079,52,485,923,1644,3052,1.620249017038008,0.01346742493458439,597,"Last time they took my nail file, so here goes."
3080,53,436,1065,1638,3139,1.6170755017521503,0.012799488158432296,597,It seems like just yesterday that they could fit completely under the seat in front of me.
422,54,556,947,1851,3354,1.6138938580799045,0.013021955050953259,597,You can check emotional baggage for free.
2895,55,518,1014,1811,3343,1.613221657194137,0.012794491991391573,597,"With the Platinum Card, there's no fee for emotional baggage."
2202,56,400,954,1523,2877,1.6096628432394855,0.013395158916334577,597,"I go coach, they go cargo. Not a lot of difference."
1209,57,388,711,1345,2444,1.608428805237316,0.01508273633623596,597,"We used to take my grandmother too, but we lost her last year."
608,58,353,723,1280,2356,1.6065365025466893,0.015118925795810392,597,"Oh I'm not going anywhere, we're just here for x-rays."
1303,59,431,845,1545,2821,1.6051045728465083,0.013895741874268315,597,I should've listened when friends said he came with baggage.
589,60,307,640,1153,2100,1.5971428571428572,0.015934361217409876,597,"Yes, the divorce is final. But I am still carrying around a lot of baggage."
81,61,463,963,1742,3168,1.5962752525252526,0.0129733283454096,597,Traveling is so much easier now they are both registered as emotional support animals.
930,62,337,750,1303,2390,1.5958158995815899,0.014793509397585317,597,I had them both certified as emotional support animals.
2398,63,119,271,466,856,1.594626168224299,0.024639702461386994,597,... and Todd's separation anxiety seems to be a thing of the past.
704,64,427,855,1600,2882,1.5929909784871616,0.0136611783789129,597,The kids took UPS.
923,65,380,867,1500,2747,1.592282489989079,0.013736536085234292,597,"So the guy I’m seeing is smart, sensitive, funny, and has the cutest dog, but he comes with baggage."
57,66,210,450,814,1474,1.5902306648575306,0.01891125824047951,597,I always check my emotional baggage.
1659,67,119,277,478,874,1.5892448512585813,0.024272851665877167,597,He came with baggage.
1783,68,299,632,1164,2095,1.5871121718377088,0.015876989485156073,597,You know how it is in a marriage. Sometimes you have to just carry on.
1259,69,334,531,1182,2047,1.5857352222765022,0.01667615597027675,597,France? I'm going to Goodwill.
1571,70,309,681,1228,2218,1.585662759242561,0.015334068065946869,597,Sure it gets cold in the baggage department. That's why I let him have the dog.
729,71,370,805,1465,2640,1.5852272727272727,0.014078211436252935,597,I admire your ability to leave it all behind.
61,72,294,560,1118,1972,1.5821501014198782,0.016573955273809903,597,We used to fly united.
1864,73,327,669,1277,2273,1.5820501539815222,0.01528763603890238,597,It was this or coming back to a filthy house.
665,74,301,807,1314,2422,1.5817506193228736,0.014253730564313727,597,They prefer the luggage compartment. More leg room.
1383,75,277,491,1029,1797,1.5815247634947134,0.017525757532395263,597,Wait until he finds out I am headed to my mother's.
1655,76,231,486,919,1636,1.5794621026894866,0.017937742524750316,597,I can't believe yours fit in a carry-on bag.
369,77,315,657,1250,2222,1.5792079207920793,0.015407630364335062,597,I can't carry on with him anymore.
533,78,184,292,670,1146,1.5759162303664922,0.022220680685860656,597,"If I bring him on the plane he'll just try to hump everything. As for the other one, pet fees are just way to high."
1329,79,105,269,460,834,1.5743405275779376,0.024408292902978503,597,"You can save a ton of money on airfare, if you know the tricks."
2694,80,315,828,1397,2540,1.574015748031496,0.013928206808561536,597,"I think he could be the one. He is dutiful, has a cute dog, and comes with no baggage."
164,81,249,567,1043,1859,1.5728886498117267,0.016609444006520688,597,I think I packed more than I need.
2521,82,241,672,1103,2016,1.5724206349206349,0.015495817945785563,597,You know when you see a guy in the park with a cute little dog? You just want to take them home with you.
283,83,216,527,935,1678,1.571513706793802,0.01730733683405958,597,They love riding with the zipper down.
720,84,173,349,695,1217,1.571076417419885,0.020862445258795256,597,"For me, this trip is about losing some baggage."
1895,85,106,262,466,834,1.5683453237410072,0.02448817142022059,597,I brought some souvenirs back for my sister.
483,86,217,454,904,1575,1.5638095238095238,0.01820195718539999,597,I'm glad it's just you and me this weekend. Jim's been clingy lately.
623,87,308,629,1272,2209,1.5636034404708012,0.01541711438842935,597,This is now the most affordable way to get their X Rays taken.
169,88,249,349,915,1513,1.5598149372108394,0.019510707319791293,597,"Don’t worry! Security will be so distracted by my two right arms, they won’t even look in my bag."
843,89,242,579,1080,1901,1.5591793792740662,0.016239987063757833,597,We’ve been carrying on for years
2462,90,240,370,914,1524,1.557742782152231,0.019203208876197295,597,"Check your excess baggage,"" my shrink said. ""Then leave the airport."
813,91,203,454,886,1543,1.5573558003888528,0.018183281060206277,597,We shipped the kids ahead via Fedex.
333,92,256,463,1034,1753,1.556189389617798,0.01753850116302717,597,"...and if the bag gets lost, the airline replaces them."
290,93,265,508,1100,1873,1.5541911372130273,0.01682666503458787,597,I'm actually hoping that they DO lose my luggage.
1952,94,249,480,1037,1766,1.5537938844847112,0.017313955185875442,597,I’m betting on the fact the airline will lose my luggage.
419,95,249,471,1056,1776,1.5456081081081081,0.017252479811633442,597,The weight limit doesn't apply to emotional baggage.
1823,96,278,341,1028,1647,1.5446265938069217,0.018861778234274932,597,A vibrator and weed was my first choice.
1521,97,221,423,949,1593,1.5430006277463904,0.018170307703301046,597,I registered them both as Emotional Support Animals.
1774,98,180,492,902,1574,1.5412960609911055,0.01741405707683542,597,I wasn't sure what I'd need for a week so I just packed everything.
859,99,187,394,840,1421,1.5404644616467276,0.01898030039702975,597,"His therapist says he has to confront his fear of flying, dogs, and claustrophobia!"
1013,100,114,327,588,1029,1.5393586005830904,0.021382773453590447,597,Our cat would have put us over the weight limit.
2227,101,196,362,843,1401,1.5381870092790864,0.019426452787693786,597,"....and then I said,""if you pay for the wedding I'll pay for the honeymoon""."
117,102,92,238,457,787,1.5362134688691234,0.024776040668366858,597,We all have baggage!
424,103,208,368,890,1466,1.534788540245566,0.019066170125233813,597,They don't charge extra for emotional baggage.
304,104,186,277,752,1215,1.534156378600823,0.021381568786655005,597,I’ve FINALLY left him.
554,105,172,427,845,1444,1.5339335180055402,0.01837236435847878,597,Best twenty-five bucks I've ever spent and they just love the baggage carousel.
799,106,249,330,973,1552,1.5335051546391754,0.019166273254825995,597,He says it's more comfortable than the seats.
1046,107,195,399,890,1484,1.5316711590296497,0.01857717354886847,597,TSA security checks are the only way we can afford xrays since the company dropped our dental coverage.
1063,108,175,404,840,1419,1.5313601127554617,0.018696392393951627,597,He actually likes it better since it gives him more legroom than in coach.
1565,109,139,414,752,1305,1.5302681992337164,0.018824965802169535,597,They love the carousel.
2215,110,168,340,778,1286,1.525660964230171,0.01993407006799893,597,I am going to gate check them and then go home for a quiet Christmas.
1369,111,124,265,590,979,1.5240040858018387,0.02267272980360164,597,It's one of the reasons I married a jockey.
1839,112,125,401,718,1244,1.5233118971061093,0.019035918660746675,597,"If Jim can lose another ten pounds before our next flight, we'll be able to take the cat, too."
1463,113,163,328,768,1259,1.5194598888006354,0.020106176351219397,597,Emotional baggage
819,114,123,374,698,1195,1.5188284518828452,0.019531858397247866,597,"I've learned that you don't need a lot in life. If it can't fit into a suitcase, you don't really need it."
943,115,132,367,720,1219,1.5176374077112387,0.019565474300610158,597,"Actually, it's much roomier than the seats in coach."
2267,116,126,249,600,975,1.5138461538461538,0.02284376501558974,597,They're having a sale: emotional baggage flies free.
2058,117,112,219,534,865,1.5121387283236993,0.024267323633862522,597,Free baggage check in. More leg room than in coach. $1000 if bag is lost.
1775,118,117,339,665,1121,1.511150758251561,0.02023561779960821,597,Are you really sure he's worth the extra baggage fee?
1903,119,126,264,628,1018,1.506876227897839,0.022117433110697814,597,He's my emotional support dog's emotional support person.
1168,120,122,284,638,1044,1.5057471264367817,0.02153468173402874,597,They made us take his mother out at weigh-in.
1221,121,126,269,636,1031,1.5053346265761396,0.021908778932819395,597,Frankly... I'm hoping they lose my luggage
3052,122,107,308,618,1033,1.505324298160697,0.021046627199703412,597,The bag check fees are still cheaper than a babysitter and the kennel.
2842,123,132,257,643,1032,1.50484496124031,0.022149095346628865,597,They actually have more leg room.
1934,124,67,190,385,642,1.5046728971962617,0.02675073899178443,597,Wait 'til you see the faces of the x-ray readers at security.
2197,125,109,295,614,1018,1.5039292730844793,0.021362856229225385,597,It's actually roomier than the airline seat.
2588,126,102,298,599,999,1.5025025025025025,0.021333264119712952,597,"Actually, the overhead is a lot roomier."
2979,127,106,279,593,978,1.5020449897750512,0.021857562865607666,597,My husband's up ahead. He has our daughter and the cat.
287,128,115,258,602,975,1.5005128205128204,0.022335347187730607,597,It's my emotional baggage.
2611,129,117,245,598,960,1.4989583333333334,0.02269048472165377,597,This is the only way we can afford a family vacation under the GOP tax plan.
1896,130,119,225,586,930,1.4978494623655914,0.023336111842213098,597,"Dan's got sciatica and no insurance, and Tugger swallowed something. YOU find a cheaper x-ray!"
550,131,105,231,550,886,1.497742663656885,0.023458467216237282,597,Don’t judge. We’ve all got baggage.
2300,132,74,163,389,626,1.4968051118210863,0.027897283535975783,597,I always bring too much.
1683,133,110,236,573,919,1.4961915125136018,0.023088730461405537,597,There's actually more legroom in the suitcase than in the airline seat.
33,134,101,231,547,879,1.4926052332195676,0.02337551032007332,597,He says it's a lot roomier than coach.
274,135,96,230,532,858,1.491841491841492,0.023510708166863268,597,No. Scooter's the emotional support animal. John's just cheap.
1395,136,113,199,553,865,1.4913294797687862,0.02432411589071964,597,I'm hoping the airline loses my luggage.
758,137,100,221,537,858,1.4906759906759908,0.023740460122960837,597,It’s roomier and cheaper than coach.
631,138,93,229,525,847,1.4899645808736717,0.02355763200174074,597,I have never left my bag unattended. Why do you ask?
1497,139,98,217,529,844,1.4893364928909953,0.023914482322025716,597,It's the cheapest way to get X-rays.
2443,139,103,207,534,844,1.4893364928909953,0.0242065577176146,597,"To be honest, I wouldn’t mind if they lost my bag this time."
1918,141,92,215,512,819,1.4871794871794872,0.024084708372793272,597,The kids are in the checked bag.
2145,142,103,177,511,791,1.484197218710493,0.025412548175117077,597,He just wanted more legroom than coach.
1908,143,88,202,493,783,1.4827586206896552,0.024632314964473205,597,I can’t wait until he figures out he’s been checked instead of carried on.
761,143,79,220,484,783,1.4827586206896552,0.024028189160571686,597,We live out of a suitcase.
581,145,95,185,497,777,1.4826254826254825,0.025236723841515082,597,"With a little luck, my luggage will get lost."
638,146,91,193,494,778,1.4820051413881747,0.02494806309149221,597,The odds of the airline loosing my luggage make it worth the risk.
2904,147,86,197,483,766,1.4817232375979112,0.02489741149618805,597,Did you ship your husband ahead of time?
2922,148,80,204,473,757,1.4808454425363275,0.02469372542591365,597,One's a service dog and one's a rescue.
1458,149,71,223,466,760,1.480263157894737,0.023979914803875887,597,"We could have brought the kids if not for the ""one bag"" policy."
1932,150,84,180,462,726,1.4793388429752066,0.025756902664189417,597,We met when he fell out of the overhead.
1538,151,51,180,358,589,1.4787775891341257,0.02681266840463978,597,The therapy man is for me. The therapy dog is for him.
538,152,90,176,478,744,1.478494623655914,0.025719079820945387,597,Rex has been so much less anxious since we got him an emotional support human
2074,153,80,189,462,731,1.4774281805745555,0.02532984492167167,597,I'm taking a stay-cation. My baggage is going to Florida.
1972,154,78,189,457,724,1.4765193370165746,0.025358242969115076,597,"I thought of upgrading to an exit row, but for the same $25 I can just check a bag and bring the whole family."
1853,154,78,189,457,724,1.4765193370165746,0.025358242969115076,597,"Really, they're not on the list of prohibited items."
682,156,70,204,448,722,1.4764542936288088,0.02479741544197575,597,Getting them through TSA was easy. The hard part is fitting this in the overhead.
796,157,92,156,467,715,1.4755244755244756,0.026640663250703845,597,I didn't realize how much baggage I'd have after my divorce.
2520,157,72,196,447,715,1.4755244755244756,0.025127115212612693,597,"The vacation will help, but somehow I still feel the weight of my family."
404,159,81,171,451,703,1.4736842105263157,0.026141965217867748,597,"for the price of two tickets, I get to go first class and there's always the bonus chance that they'll lose my bag."
1304,160,77,174,443,694,1.4726224783861672,0.02607438821766428,597,"He came with baggage, but don't we all?"
539,161,65,197,430,692,1.472543352601156,0.02515098845464923,597,But then I realized we all come with baggage...
2932,162,87,151,451,689,1.471698113207547,0.0270050306500253,597,I had to check Mother.
2343,163,70,180,430,680,1.4705882352941178,0.025886841695297286,597,"I'm going to the Bahamas, they're going to De Moines."
1695,164,66,187,425,678,1.4705014749262537,0.025604078518618692,597,He says it's more comfortable than coach.
2559,165,81,153,437,671,1.4694485842026825,0.027057079285512275,597,Do you know how much X-rays from a doctor costs?
2087,166,65,179,416,660,1.4681818181818183,0.026013808060840006,597,Charlie says it's more comfortable than Economy.
3089,167,62,181,410,653,1.4670750382848392,0.025942620419149905,597,I just “declared” that my husband is incredibly cheap. She laughed and let me right through...
2015,168,68,168,415,651,1.466973886328725,0.026539336436416996,597,"Rex just hates being left home alone. And then, of course, there’s the dog."
934,169,71,160,416,647,1.4667697063369398,0.026926405987784566,597,They're both rescues.
672,170,75,151,420,646,1.4659442724458205,0.027309263835153256,597,It's easier than trying to get through with a water bottle.
428,171,67,165,410,642,1.4657320872274144,0.026717113179412708,597,"Not only is it cheaper, it's more comfortable for them than coach."
2340,172,67,158,402,627,1.4657097288676235,0.027182388519421848,597,"No, I'm kinda counting on them losing my luggage."
516,173,49,201,393,643,1.4650077760497666,0.02499800988000027,597,"No electronics, lithium batteries or handguns. I think we'll be OK."
979,174,65,166,406,637,1.4646781789638932,0.026683387101121427,597,My therapist keeps telling me that my baggage from past relationships is what's really weighing me down.
1626,175,64,169,407,640,1.4640625,0.026499136197979088,597,They're both rescues.
2162,176,71,140,399,610,1.4622950819672131,0.028114392892041665,597,My emotional baggage is more literal than most people's.
2662,177,59,164,388,611,1.4615384615384615,0.02690745319906213,597,I guess there's oxygen in the luggage compartment. Why do you ask?
2621,178,58,165,387,610,1.460655737704918,0.026836975554217678,597,You actually get a few square inches more than in a seat.
2818,179,64,152,392,608,1.4605263157894737,0.027497735238308518,597,"This? Oh, this is nothing. I checked the kids all the way to our final destination."
2104,180,72,135,399,606,1.4603960396039604,0.028344261701450407,597,I'm so glad to have seen the last of that jerk and his little dog.
1910,181,53,162,371,586,1.4573378839590443,0.027082252550224097,597,It was either the suitcase or a middle seat.
2216,182,52,163,369,584,1.457191780821918,0.027039442892896066,597,"This way, I doubt they'll notice the bottle of water in my carry-on."
480,183,62,139,376,577,1.4558058925476602,0.028350226588924436,597,The baggage carousel ride is the high point of their trip.
2039,183,62,139,376,577,1.4558058925476602,0.028350226588924436,597,And he claimed that I couldn't carry on without him.
390,185,86,88,398,572,1.4545454545454546,0.03099723689727661,597,Are we there yet ?
628,186,55,149,366,570,1.4543859649122808,0.02783651165773642,597,Who says what happens in Vegas has to stay there?
647,187,51,152,358,561,1.4527629233511588,0.02769691964589504,597,I am really looking forward to our girl's weekend. Tim seemed fine staying home with the dog.
2302,188,52,149,358,559,1.4525939177101967,0.02788221433684701,597,"Yeah, I still have some baggage from the divorce."
714,189,63,121,364,548,1.4507299270072993,0.029545597865185756,597,He doesn't even know I've left.
2771,190,64,118,364,546,1.4505494505494505,0.029738520338285047,597,Emotional baggage flies free.
2203,191,59,121,353,533,1.448405253283302,0.02968273180437465,597,Who says everything has to stay in Vegas?
313,191,61,117,355,533,1.448405253283302,0.029919410561238296,597,It's so nice to get away and have a break from being with Jeffrey and that stupid little dog of his.
2490,193,48,142,341,531,1.448210922787194,0.028420987857880307,597,I was the only one upgraded to a seat.
1175,194,51,128,335,514,1.4474708171206225,0.029475078339241262,597,You're lucky yours isn't afraid of the dark.
1176,195,53,132,347,532,1.4473684210526316,0.02899698137410652,597,The TSA said it was okay as long as he wasn't carrying fingernail scissors.
34,196,58,121,351,530,1.4471698113207547,0.029682532453918338,597,I just keep thinking about all the shoes I could have brought.
984,197,53,128,343,524,1.4465648854961832,0.029314499733003388,597,I wanted to board them both but the kennel wouldn't take Alan.
1266,197,51,132,341,524,1.4465648854961832,0.029064482181013374,597,"The TSA noticed? Oh, please!"
795,199,53,127,342,522,1.446360153256705,0.029395310218512032,597,"When I told him I was leaving him and his annoying little dog, he just smiled."
1606,199,48,137,337,522,1.446360153256705,0.028763073896871078,597,We've been living out of a suitcase for a while now
2571,199,56,121,345,522,1.446360153256705,0.029768207345252973,597,It's not baggage . It's our one bedroom Manhattan apartment
2949,202,59,112,346,517,1.4448742746615086,0.03034686425147316,597,"No, I'm not going. Just them."
2684,203,51,127,337,515,1.4446601941747572,0.029423638499767462,597,I was able to get everything in one bag...
1051,204,52,112,322,486,1.4444444444444444,0.030827265672681712,597,"With the price of checked bags, I’m going to get my money’s worth!"
2679,205,51,125,335,511,1.4442270058708415,0.029588616772942358,597,"I told you, Jessica, they only check for metal and liquids."
2946,206,55,113,334,502,1.4442231075697212,0.030498599301854556,597,Only way we can afford an X-ray.
2747,207,50,108,312,470,1.4425531914893617,0.03129970066134616,597,I left them with my ex-. Why do you ask?
1371,208,47,128,327,502,1.4422310756972112,0.029429497178736906,597,It feels like I over packed again.
1566,209,51,123,336,510,1.4411764705882353,0.02961905457114879,597,Beer and a catheter and he's good for six hours.
2589,210,42,134,319,495,1.4404040404040404,0.029024117128600993,597,I guess it is a marriage of convenience since he fits in the overhead.
52,211,47,123,323,493,1.4401622718052738,0.02980590386902723,597,"Don't be silly, you can't bring the dog, without having someone to walk him."
345,212,50,116,325,491,1.439918533604888,0.030306468804189204,597,Security is fine with it. As long as I don't pack a laptop.
1420,213,46,122,319,487,1.4394250513347022,0.02992591606755126,597,"Oh, I just told him this was a girls' trip and he couldn't come. What did you tell yours?"
1570,214,46,119,317,482,1.437759336099585,0.030141643065324505,597,I couldn't wait to get away from my obsessive boyfriend and his inseparable dog.
288,214,45,121,316,482,1.437759336099585,0.029998201313316483,597,Ever wish they'd lose your luggage?
1772,216,39,130,307,476,1.4369747899159664,0.029375728223442914,597,"Well, TSA has a 95% failure rate so we figured, why not?"
1975,217,53,100,320,473,1.4355179704016914,0.031553812918431075,597,No problem. This is an open-carry state.
1532,218,50,105,316,471,1.435244161358811,0.031220591486994225,597,I decided to bring my emotional baggage with me too
1240,219,32,139,296,467,1.4346895074946466,0.02866034284575183,597,His web profile said he was very frugal. I'm still getting used to it.
1475,219,47,109,311,467,1.4346895074946466,0.030972067442767922,597,It’s a lot cheaper than coach and they get more leg room.
318,221,41,120,304,465,1.4344086021505376,0.0301591273479772,597,I don't know how much longer we can carry on like this.
1023,221,49,104,312,465,1.4344086021505376,0.03136446129847486,597,"We did the math after the Republican tax plan passed, and it looks like this will be the only way we'll be able to take family vacations at all."
2651,223,43,114,304,461,1.4338394793926248,0.030651397643564157,597,Remind me to pick up the kids from the baggage carousel.
2752,223,50,100,311,461,1.4338394793926248,0.031710049333228914,597,"""What happens in Vegas stays in Vegas,"" my ass."
273,223,47,106,308,461,1.4338394793926248,0.031260731751272045,597,"Skippy was easy, but it took a team of shrinks to get Dave designated as a service husband."
1016,223,40,120,301,461,1.4338394793926248,0.030186326348415886,597,First time I've hoped they lose my luggage.
928,227,54,91,314,459,1.4335511982570806,0.03240298500974039,597,Yours don't need air??
2491,228,54,91,315,460,1.432608695652174,0.032346201226046374,597,We got a great deal on postage for the baby.
892,229,34,130,294,458,1.4323144104803494,0.029358207121096665,597,I normally FedEx them.
1387,229,41,116,301,458,1.4323144104803494,0.030476089644229445,597,I’m at that age when I can finally carry on an affair.
2207,229,40,118,300,458,1.4323144104803494,0.030318915749045106,597,I'm a terrible packer. I can never decide what to bring and what to leave at home!
2642,229,40,118,300,458,1.4323144104803494,0.030318915749045106,597,The funniest part is I think they have more legroom than I do.
2816,233,50,97,309,456,1.4320175438596492,0.03195727337360116,597,I'm told Baggage class is the new Economy.
1447,234,38,120,296,454,1.4317180616740088,0.030184804517228506,597,Sometimes I just let them ride the carousel for a while.
2297,235,40,115,297,452,1.4314159292035398,0.03059960203194192,597,If they get too rambunctious I just tell 'em to zip it.
2073,236,46,98,298,442,1.4298642533936652,0.03205811663589277,597,"Carry on? No, just baggage."
35,237,43,106,298,447,1.429530201342282,0.031317402413595256,597,I feel a little bad for Fluffy. I know what it's like sitting next to Harold.
1782,237,45,102,300,447,1.429530201342282,0.03163611382752905,597,I just tell the flight attendants that they're my service dog and service husband.
2093,239,49,92,302,443,1.4288939051918736,0.032475639492114156,597,The only way I can get him to fly is if he's half in the bag.
1392,239,54,82,307,443,1.4288939051918736,0.033252640773490376,597,Excuse me. Do you know where the emotional baggage check line is?
3036,241,49,91,301,441,1.4285714285714286,0.0325827680825692,597,I'm leaving town because this weird little contortionist and his creepy dog were stalking me
2265,242,42,104,293,439,1.428246013667426,0.031557562430784586,597,I can't believe I bagged a man and a pet on the same trip.
497,243,32,122,281,435,1.4275862068965517,0.030049217666575385,597,"Okay, he' not tall, dark and handsome; but, he travels well."
234,244,46,83,282,411,1.4257907542579076,0.03379772218060194,597,Size matters.
275,245,41,101,288,430,1.4255813953488372,0.03184898609666401,597,They love riding the luggage carousel.
2935,245,41,101,288,430,1.4255813953488372,0.03184898609666401,597,"As long as he fits under the seat, it’s allowed."
17,247,37,108,283,428,1.425233644859813,0.03126180108419026,597,"Oh, that's Dave, my comfort manimal."
889,247,42,98,288,428,1.425233644859813,0.03212503654148377,597,"No, I think he actually took the breakup news quite well."
592,249,43,95,288,426,1.4248826291079812,0.03240317031920584,597,"When I saw their Bags Fly Free commercial, I figured ""Why not?"""
1982,249,38,105,283,426,1.4248826291079812,0.03153937357947123,597,The service dog has really helped him with his fear of flying
1495,251,34,114,281,429,1.4242424242424243,0.03067652106167541,597,I would never pack a dog all alone in luggage.
303,252,49,81,292,422,1.4241706161137442,0.033641867955737564,597,"Surprise, surprise. They're checked through to Minneapolis, I'm going on to San Francisco."""
1179,253,37,104,279,420,1.4238095238095239,0.031675016224341206,597,I really need this girls trip. He's been really clingy lately.
764,254,40,97,281,418,1.423444976076555,0.032317626588272606,597,"For the price of a checked bag, I brought the whole family."
2369,255,36,102,274,412,1.4223300970873787,0.03191856531874762,597,My friends told me he came with baggage.
9,256,36,104,277,417,1.4220623501199041,0.03164510204972351,597,We all have baggage!
1961,256,32,112,273,417,1.4220623501199041,0.03090785549250615,597,It’s how I get them free x-rays.
737,258,37,101,277,415,1.4216867469879517,0.031933667943797685,597,"Oh, I just ask, “You wanna go for a ride?” They both jump right in."
2976,258,33,109,273,415,1.4216867469879517,0.031196090852783635,597,And it's always such a show stopper at security.
1588,260,40,93,278,411,1.4209245742092458,0.03269945471994396,597,He says there's actually more room than an economy seat.
2911,260,35,103,273,411,1.4209245742092458,0.031779091866377236,597,It was worse when suitcases didn't have wheels.
377,262,38,95,274,407,1.4201474201474202,0.032557480515163585,597,"Tom? Oh, I made him stay home with the dog."
2320,262,35,101,271,407,1.4201474201474202,0.03199498642533372,597,"A spa weekend with my best girlfriend, what could possibly go wrong?"
1141,264,34,100,266,400,1.42,0.032196140742280624,597,They loved the roof rack on the ride over too.
896,265,39,95,278,412,1.4199029126213591,0.03245452910943652,597,And the upside is that the X-ray system has neutered them both!
1129,266,37,96,272,405,1.4197530864197532,0.03248291562550329,597,My new boyfriend? He's a lawyer; says he's in a big case right now.
1957,266,42,86,277,405,1.4197530864197532,0.03341043295689178,597,We had no choice. The dog ate John's photo ID.
1160,268,38,93,272,403,1.4193548387096775,0.03278461164856957,597,Yes. I suppose we all have baggage.
1777,268,42,85,276,403,1.4193548387096775,0.03352926554631283,597,It’s baggage from the divorce.
2786,268,41,87,275,403,1.4193548387096775,0.033344661136278646,597,The cat's out of the bag.
815,271,41,87,276,404,1.4183168316831682,0.03327821503087656,597,I am secretly praying they lose my luggage this time.
1149,272,34,99,267,400,1.4175,0.03218032486272749,597,I always considered them extra baggage anyway.
1460,273,38,93,274,405,1.4172839506172838,0.032655279323995146,597,Did you remember to pack Mom?
366,274,38,90,270,398,1.4170854271356783,0.03306660507938873,597,"It wasn't the cheapest flight, but I heard they always lose your bag."
452,275,38,89,269,396,1.4166666666666667,0.033184362165651654,597,I had them registered as therapy animals.
2282,276,37,89,266,392,1.4158163265306123,0.03322744295046332,597,"The luggage screener said Johnny’s tibia has a hairline fracture, but that it should heal on its own. With deductibles going up, it’s great the TSA is helping out."
687,277,42,80,273,395,1.4151898734177215,0.03400005487742657,597,The fun part is smashing it into the overhead bin.
1067,278,35,91,262,388,1.4149484536082475,0.03306788122888163,597,I’m so excited to spend a week away from Fred and his stupid dog.
1717,278,37,87,264,388,1.4149484536082475,0.0334682495973939,597,I had no choice. The dog ate his passport.
1583,280,29,102,256,387,1.4134366925064599,0.03188294632554108,597,"It's okay, I have no liquids."
1322,281,37,84,262,383,1.412532637075718,0.03376702396603584,597,This is the first time I've left him alone with the dog.
1487,281,33,92,258,383,1.412532637075718,0.03294741249460289,597,I can't wait to get a break from my husband and his damn dog.
2366,281,30,98,255,383,1.412532637075718,0.032319066385255016,597,The leg room is the same and its cheaper.
380,281,23,112,248,383,1.412532637075718,0.030803119915135267,597,Then we figured out a way to make the baggage fee work for us.
1386,285,35,89,262,386,1.4119170984455958,0.033169715209001985,597,It's easier to pack them than to pack for them.
2993,286,32,92,255,379,1.4116094986807388,0.032976364577095345,597,It is not so much getting away from it all as it is taking it all somewhere else for a while.
567,286,34,88,257,379,1.4116094986807388,0.033397028205658624,597,He said this offers more leg room than flying coach
2695,286,30,96,253,379,1.4116094986807388,0.032550264952431025,597,It's actually spacious compared to our apartment in the Village.
1247,289,36,83,258,377,1.4111405835543767,0.0339385174887512,597,Let's see him hit on the flight attendants now.
2547,289,37,81,259,377,1.4111405835543767,0.034145748164391934,597,United is overbooked again.
89,291,30,94,251,375,1.4106666666666667,0.032785951225214244,597,They upgraded from economy to cargo.
1665,292,31,90,250,371,1.4097035040431267,0.03324611116388306,597,He's always been excess baggage.
529,293,29,96,251,376,1.4095744680851063,0.03249937608947162,597,There's more legroom than our seats in economy.
1679,294,34,81,249,364,1.4093406593406594,0.03436131428599841,597,"Amazing, your three children and a babysitter! I don’t see a bulge. It’s flat perfectly flat."
115,295,34,83,252,369,1.4092140921409213,0.03402523686755199,597,"One is an emotional support animal, the other a financial support one."
634,295,35,81,253,369,1.4092140921409213,0.034240986435070266,597,I'm counting on the airline to lose my bag for most of the vacation...
2972,295,38,75,256,369,1.4092140921409213,0.03488022902028606,597,He's really into this whole tiny home movement.
2658,298,35,78,250,363,1.4077134986225894,0.03463785283034788,597,And why do you think I have separation issues?
569,299,33,81,247,361,1.407202216066482,0.034327428944632726,597,FedEx couldn't guarantee he'd arrive by tomorrow.
2426,299,33,81,247,361,1.407202216066482,0.034327428944632726,597,We’ve been carrying on for years
25,299,26,95,240,361,1.407202216066482,0.032720741494699765,597,You can never repack it correctly after they make you open it up at security.
1636,299,30,87,244,361,1.407202216066482,0.033648244029081086,597,He needs an X-ray but hates the doctor.
1309,303,34,79,249,362,1.4060773480662982,0.03447363757815826,597,"At first, I didn't want him to see a shrink."
2102,304,33,80,247,360,1.4055555555555554,0.03438328852706926,597,"For some longer flights, they let you carry on your therapy dog and your therapist, too."
2688,304,33,80,247,360,1.4055555555555554,0.03438328852706926,597,"When I left, he was playing hide and seek with my daughter."
1061,306,31,83,244,358,1.405027932960894,0.03406060935026761,597,Why do they always ask you if you packed your own luggage?
2814,306,34,77,247,358,1.405027932960894,0.034742931109425966,597,"Oh, they love it! They can make as much noise as they want in the baggage compartment."
2572,308,26,90,235,351,1.4045584045584045,0.033339768188743825,597,You can get anything past T.S.A. as long as you leave the laptop at home.
732,309,32,78,242,352,1.4034090909090908,0.03469395614332759,597,My baggage is mostly emotional.
2526,309,30,82,240,352,1.4034090909090908,0.03422419554204461,597,"I just told them, keep calm and be carried on."
2750,309,27,88,237,352,1.4034090909090908,0.03350720835786768,597,I didn't know what to pack so I just threw in everything.
301,309,34,74,244,352,1.4034090909090908,0.035157440538955205,597,"In NYC, this is considered a loft with a view"
1807,313,32,77,241,350,1.4028571428571428,0.03483158038148456,597,"If anyone asks, he's a service animal."
2432,313,34,73,243,350,1.4028571428571428,0.03529852142620598,597,Doesn't your mom ever need air?
2424,315,33,73,240,346,1.4017341040462428,0.03534899538490535,597,The airlines are now calling first class what used to be economy and calling economy what used to be the overhead bin.
1737,316,28,80,231,339,1.40117994100295,0.034633599325325906,597,You wouldn't believe the way he carries on.
1712,317,31,76,237,344,1.4011627906976745,0.03501202476471427,597,Ever feel like you carry your baggage with you wherever you go?
477,318,28,81,233,342,1.4005847953216375,0.03441421427401001,597,It's about the same size as his studio apartment in the Village.
2075,319,21,94,225,340,1.4,0.03274687995517348,597,I checked the TSA website for prohibited items in carry-on.
2194,319,26,84,230,340,1.4,0.0340458296221799,597,He came with his own baggage.
1444,321,26,83,229,338,1.3994082840236686,0.0341808534620182,597,I told him I needed space and he's totally okay with it.
2580,322,30,74,232,336,1.3988095238095237,0.0353376851018503,597,"If I don't take them, they tear up the house."
2370,322,32,70,234,336,1.3988095238095237,0.03583697240362688,597,"Don't worry, the scanner only detects intelligence."
1854,322,27,80,229,336,1.3988095238095237,0.034575238022410776,597,"As long as they're in a clear plastic bag, it's fine."
753,322,28,78,230,336,1.3988095238095237,0.034831241517590934,597,He thinks we're both getting on the plane.
678,322,29,76,231,336,1.3988095238095237,0.03508537711080132,597,"If they're going to charge me for everything I carry on, I'm going to carry on everything."
1040,322,28,78,230,336,1.3988095238095237,0.034831241517590934,597,They’ll let him on. He’s an emotional support husband.
228,328,15,103,217,335,1.3970149253731343,0.03138262578605798,597,"He knows that bag fees cost the same as a seat, but he feels like he gets more leg room in cargo."
499,328,27,79,229,335,1.3970149253731343,0.03463185789993561,597,I pay a little more in baggage fees but the ticket savings is phenomenal.
1153,328,30,73,232,335,1.3970149253731343,0.03539759422184971,597,So where can you check emotional baggage?
2852,328,30,73,232,335,1.3970149253731343,0.03539759422184971,597,It’s more comfortable than Economy class.
2941,328,32,69,234,335,1.3970149253731343,0.03589901215108374,597,I decided to bring all my baggage for this trip.
2657,333,21,87,217,325,1.396923076923077,0.033729402363908416,597,My daughter and cat got to go last time.
1644,334,28,75,228,331,1.3957703927492446,0.03517576985449297,597,I promised if the were good boys they could go with me.
2927,334,31,69,231,331,1.3957703927492446,0.03594808408179468,597,It's okay I have them both registered as service pets
786,336,22,86,221,329,1.3951367781155015,0.03371067295526268,597,He insists that there's more leg room this way.
2709,336,21,88,220,329,1.3951367781155015,0.03343465045592705,597,What did your husband say about getting away for a ladies’ only weekend?
2746,336,32,66,231,329,1.3951367781155015,0.03635582031756726,597,My therapist says I have too much baggage.
470,339,28,74,228,330,1.393939393939394,0.03523469369721058,597,That's the baggage I bring to family Christmas.
1250,340,28,70,223,321,1.3925233644859814,0.035921076746416536,597,"He promised to watch the kids and dog, and he even packed my bag."
814,341,31,62,224,317,1.391167192429022,0.03704850635925389,597,The hard part was getting the kids in there too.
1704,341,20,84,213,317,1.391167192429022,0.033955405662739656,597,It was so odd! My husband was completely fine with the idea of a girls' trip to Las Vegas!
1702,343,14,93,203,310,1.3903225806451613,0.032595066055482125,597,Marrying a shorter man has been very economical.
3019,344,26,70,217,313,1.389776357827476,0.035983656101645195,597,I just can't carry on without them.
246,344,30,62,221,313,1.389776357827476,0.03710449724975672,597,We’ve only met online. I hope he understands that I come with baggage.
2346,344,17,88,208,313,1.389776357827476,0.03332421093711087,597,"I know, I have a lot of baggage."
2479,344,33,56,224,313,1.389776357827476,0.037923394803788424,597,Of course I expect push-back from TSA. Mr. Squiggles was born in Toronto and Carson is a socialist from Marin County.
709,348,21,78,209,308,1.3896103896103895,0.03491160406852354,597,The overweight luggage fee was waaaay cheaper than an extra ticket and they always play well together.
2796,349,26,69,216,311,1.3890675241157557,0.036140253589157005,597,"For once, I wouldn't mind if they lost my luggage."
1335,349,30,61,220,311,1.3890675241157557,0.03727058992800506,597,"Under the President's new tax plan, when traveling for business, you can claim everything that fits in your suitcase as an expense."
1750,349,26,69,216,311,1.3890675241157557,0.036140253589157005,597,The dog comforts me. He comforts the dog.
2138,352,29,61,216,306,1.3888888888888888,0.03742519553910545,597,My airline loses 50% of their customers' luggage on international flights. Best odds available.
374,353,28,64,217,309,1.3883495145631068,0.03687306862934581,597,They said 'no fees' for emotional baggage.
832,353,23,74,212,309,1.3883495145631068,0.035419631132149645,597,The x-rays here are free of charge
1183,355,38,43,226,307,1.3876221498371335,0.03980870196072358,597,Without question the best way to distract them from the drugs that I smuggle in my rectum.
1091,355,25,69,213,307,1.3876221498371335,0.03616581585265494,597,"Oh that, it's just a few little things that remind me of home."
430,355,22,75,210,307,1.3876221498371335,0.035271759814351815,597,A little Xanax and they're good boys all the way to Seattle.
291,355,25,69,213,307,1.3876221498371335,0.03616581585265494,597,They’re always so excited till they realize we’re visiting my parents.
158,355,26,67,214,307,1.3876221498371335,0.036458962797238516,597,I've been carrying him for years.
1060,360,24,72,214,310,1.3870967741935485,0.035621689480198414,597,"The dog is mine, but the man sat next to me on the flight and we just hit it off!"
2013,360,35,50,225,310,1.3870967741935485,0.038711417297433756,597,I feel like I forgot to pack someone.
2727,360,27,66,217,310,1.3870967741935485,0.036490297065132245,597,It was a great vacation. My suitcase is stuffed with souvenirs.
1429,363,26,66,213,305,1.3868852459016394,0.03662114249866803,597,'That duty free shop has EVERYTHING!'
1818,363,29,60,216,305,1.3868852459016394,0.037494253368081945,597,JetBlue. Why do you ask?
2673,365,26,65,212,303,1.386138613861386,0.03678525233856369,597,We've all got baggage.
2298,365,20,77,206,303,1.386138613861386,0.03495734326151038,597,He's excited because I told him there would be a carousel ride when we got there.
230,365,23,71,209,303,1.386138613861386,0.03588293910422382,597,Do you know if emotional baggages cost extra?
1033,368,30,58,218,306,1.3856209150326797,0.03767835645603662,597,"Well, there was that one time that they lost my luggage in Atlanta. But it seemed like the time apart just strengthened our relationship."
294,369,23,70,208,301,1.3853820598006645,0.036041025144976216,597,"He shouldn’t be surprised, I told him I had serious baggage from my last relationship."
792,369,28,60,213,301,1.3853820598006645,0.03754593805870211,597,"No, really, you can carry on almost anything if you’re white."
1140,369,27,62,212,301,1.3853820598006645,0.037249819737368906,597,"So if you fly first class, you can't even hear them yelling in the storage bay!"
2698,369,22,72,207,301,1.3853820598006645,0.035732437633883736,597,I no longer resent the baggage fee.
2222,373,28,59,212,299,1.3846153846153846,0.037719263251584256,597,There's more legroom in the overhead bin.
2849,373,22,71,206,299,1.3846153846153846,0.035889632327699254,597,Companion passes aren’t what they used to be.
2206,375,24,66,207,297,1.3838383838383839,0.03667436326327284,597,The cat missed its connection.
2977,375,26,62,209,297,1.3838383838383839,0.0372895289091528,597,"When one door closes, another bag opens."
808,375,31,52,214,297,1.3838383838383839,0.03878477897341502,597,The extra baggage fee is worth the peace and quiet during the flight.
1291,378,13,85,194,292,1.38013698630137,0.03340236600039546,597,They'll get plenty of fresh air once we're in Maui.
2939,379,21,67,199,287,1.3797909407665505,0.03654153903641445,597,The hardest part was getting his weight under 23 kilos.
651,380,24,62,204,290,1.3793103448275863,0.037247477261299886,597,His mother packed his bag.
74,381,28,53,207,288,1.3784722222222223,0.03869272517461733,597,I ship the kids.
277,381,25,59,204,288,1.3784722222222223,0.03774303869356658,597,It's not a problem. I just line the suitcase with plastic.
2226,381,26,57,205,288,1.3784722222222223,0.03806223378051002,597,It was easy--we just added wheels and a handle to our tiny house.
3043,384,20,68,198,286,1.3776223776223777,0.036268194824035226,597,"Check-in's a bit of a pain, but he LOVES the slide and carousel at Baggage Claim."
31,384,26,56,204,286,1.3776223776223777,0.03824399502728441,597,He's my service Doug.
2609,384,21,66,199,286,1.3776223776223777,0.0366049016176291,597,"With AirbnB, I'm even renting out my luggage."
148,387,23,60,198,281,1.3772241992882561,0.037731531450842105,597,He says there'e actually more room than first class.
1556,388,32,43,209,284,1.3767605633802817,0.040323959941490566,597,His name is Justin Case.
2776,388,26,55,203,284,1.3767605633802817,0.038428062883780964,597,You think airport security is tough? Try travelling as a ventriloquist.
2851,388,26,55,203,284,1.3767605633802817,0.038428062883780964,597,Last week I let the cat out of the bag.
196,391,18,70,194,282,1.375886524822695,0.0359049466624162,597,"Aruba wasn’t our first choice, but on Southwest bags fly for free."
547,391,24,58,200,282,1.375886524822695,0.03795523731962195,597,Support animals. One for emotion. One for sex!
2062,393,17,71,192,280,1.375,0.035711085366081405,597,I saw them in Italy and just had to have them.
1753,393,16,73,191,280,1.375,0.03535081299657321,597,It was either this or two in coach.
2499,393,25,55,200,280,1.375,0.038471999247016886,597,"Well, I finally bagged me a man."
327,393,21,63,196,280,1.375,0.037117222041028484,597,You know me. I always save room in my luggage for souvenirs.
959,397,19,68,196,283,1.3745583038869258,0.03615078740452959,597,"Their frequent flyer program needs work, but their carry on policy is excellent."
1692,398,22,59,194,275,1.3745454545454545,0.037932958389865594,597,"So I said,""Look, I'm going...you two just carry-on,"""
2001,398,17,69,189,275,1.3745454545454545,0.03614132442067023,597,It's the only way I can afford to get them X-Rays.
998,400,15,74,189,278,1.3741007194244603,0.035140925168753306,597,... and that's how the Companion Pass really pays off.
320,401,21,61,194,276,1.3731884057971016,0.03746963534864889,597,The first bag flies free.
2638,401,19,65,192,276,1.3731884057971016,0.03675966064716292,597,They love the carousel in baggage claim.
887,403,19,67,196,282,1.372340425531915,0.03621086947255293,597,They've both been excess baggage for a while now.
2293,404,26,50,198,274,1.3722627737226278,0.03938465436829163,597,"No, I've never flown before"
821,405,18,65,189,272,1.3713235294117647,0.03673959963250215,597,The only real problem is they both think they are the good boy.
1658,406,26,46,192,264,1.371212121212121,0.04045291960243755,597,For once I can only hope they lose my baggage.
2066,407,23,54,193,270,1.3703703703703705,0.03873302623773789,597,"If you think I'm weird for walking backward while pulling my stupid son and his dog in my bag, then check out the man with the transparent pants getting on the escalator."
1622,407,20,60,190,270,1.3703703703703705,0.03765151829609089,597,We're carrying on.
920,407,17,66,187,270,1.3703703703703705,0.036538012240247046,597,Don’t tell me you don’t have some baggage from past relationships.
392,407,18,64,188,270,1.3703703703703705,0.03691291330929125,597,"If we're paying extra to check a bag, we might as well get out money's worth."
343,411,21,56,189,266,1.368421052631579,0.03839131768254348,597,He's actually the first guy who doesn't think I have too much baggage.
515,411,21,56,189,266,1.368421052631579,0.03839131768254348,597,He said he wouldn't be able to carry on without me.
838,411,26,46,194,266,1.368421052631579,0.040196484517924375,597,"Due to a typo, therapy dogs and therapists now fly free."
1236,411,14,70,182,266,1.368421052631579,0.03571111229750641,597,"Hopefully they have gate-check, so I don't have to hold up the line stuffing him into the overhead bin."
2237,411,24,50,192,266,1.368421052631579,0.03948432258404126,597,"Oh, I'm not going anywhere. I'm just sending them to my ex-husband for the holidays."
2450,411,21,56,189,266,1.368421052631579,0.03839131768254348,597,"Maybe your right, I should have said I have excess baggage on my dating profile."
2880,411,28,42,196,266,1.368421052631579,0.040896246836095336,597,"The brochure said ""one comfort dog"" and the website said ""one comfort doug""."
2937,411,21,56,189,266,1.368421052631579,0.03839131768254348,597,I usually leave them home but this is our honeymoon.
2569,419,17,63,184,264,1.3674242424242424,0.03705978867273846,597,"John definitely trusts me, why do you ask?"
2456,419,19,59,186,264,1.3674242424242424,0.03782906634108293,597,"No, he's not clingy. Why do you ask?"
1585,419,19,59,186,264,1.3674242424242424,0.03782906634108293,597,I don't think he's any more clingy than my last boyfriend. Why do you ask?
299,419,22,53,189,264,1.3674242424242424,0.03895450867220741,597,It's easier than getting him to pack his own suitcase.
355,423,19,58,185,262,1.366412213740458,0.03801554790319483,597,"He's afraid of flying, so I brought his emotional support human."
537,423,23,50,189,262,1.366412213740458,0.03952431825484805,597,"I guess I love him, but he comes with baggage."
317,425,15,65,180,260,1.3653846153846154,0.036616731075167656,597,They love to ride the luggage carousel.
478,425,17,61,182,260,1.3653846153846154,0.037419046674537396,597,"Actually, the 'checked bag' fee works out well for me."
863,425,21,53,186,260,1.3653846153846154,0.03897416032233827,597,The kids are in the checked baggage.
1384,425,24,47,189,260,1.3653846153846154,0.040100938417092134,597,I used to worry about the x-ray machine but Trump's EPA says radiation is good for you.
2182,425,21,53,186,260,1.3653846153846154,0.03897416032233827,597,"It's ok, they're both service animals."
1648,430,16,62,180,258,1.3643410852713178,0.0371989951438785,597,"No, I'm not ready to settle down...who needs that kind of baggage?"
1499,430,26,42,190,258,1.3643410852713178,0.04105358775923009,597,Our vacations cost a lost less since I had my doctor verify that he’s just a comfort animal.
1215,430,20,54,184,258,1.3643410852713178,0.03878682728698624,597,I may have over packed.
520,430,18,58,182,258,1.3643410852713178,0.03800120531446862,597,He's a nice enough guy but I'm petty sure he's got some abandonment issues.
293,430,14,66,178,258,1.3643410852713178,0.03637909941265993,597,"I am so looking forward to this trip, Sally. Peter and Daisy were driving me crazy at home."
1064,435,15,63,178,256,1.36328125,0.03696821546279556,597,The airline charges less for stowaways than carry-ons.
1255,435,20,53,183,256,1.36328125,0.03898506417865027,597,Of course they're considered baggage.
2659,435,19,55,182,256,1.36328125,0.038590127935930967,597,My shrink tells me they are excess baggage in my life and to start treating them that way.
2964,435,18,57,181,256,1.36328125,0.038191107855226704,597,They wanted to ride on the carousel.
3012,435,23,47,186,256,1.36328125,0.040146568890994445,597,He seems comfortable with my baggage.
3034,440,15,61,175,251,1.3625498007968126,0.03745019920318725,597,"Well, according to my therapist I have a lot of baggage."
2967,441,23,46,185,254,1.3622047244094488,0.04035978628206285,597,I’d like to meet someone who doesn’t come with so much baggage.
1937,441,28,36,190,254,1.3622047244094488,0.04224364222200841,597,It's going to be a fun girls-only weekend. No husband nor dog.
2553,441,20,52,182,254,1.3622047244094488,0.03918602522667272,597,On the return flight it's me in the bag.
214,441,20,52,182,254,1.3622047244094488,0.03918602522667272,597,Don't ask where I put the cat.
39,441,16,60,178,254,1.3622047244094488,0.03756400145761392,597,The baggage fee is worth not listening to them whine the whole flight.
1684,441,26,40,188,254,1.3622047244094488,0.041500362943017094,597,"It really matters little where we're flying, as long as they get to ride the baggage carousel!"
1044,447,19,53,180,252,1.3611111111111112,0.038986335707014104,597,"It'll be heavenly - a week away with no kids, no pets."
1715,447,23,45,184,252,1.3611111111111112,0.04057600998111593,597,He insists it's more comfortable than flying coach...
1815,447,17,57,178,252,1.3611111111111112,0.03816667741363131,597,They are both service animals. They fly free.
2712,447,18,55,179,252,1.3611111111111112,0.038578683470643464,597,Buying him a ticket was five hundred dollars; checking a bag is only fifty.
2583,451,18,52,174,244,1.360655737704918,0.03944700879363883,597,He's been carrying on for years.
3001,452,20,49,178,247,1.360323886639676,0.039940703162109986,597,"I know it's all in my head, but I swear I can still hear them whining."
94,453,16,58,176,250,1.36,0.03793886437044308,597,It's fine up there unless someone stows a cat.
2191,453,19,52,179,250,1.36,0.039188556644606735,597,They live for the carousel.
2314,455,14,59,169,242,1.359504132231405,0.03788842488908588,597,I work for Amazon. We're always testing new delivery ideas.
1385,456,17,54,174,245,1.3591836734693878,0.03888540711925157,597,"Oh, you BET I'm gonna check it ..."
1280,456,18,52,175,245,1.3591836734693878,0.03931324067261438,597,"It's a new frequent flyer program they call ""family and pets."""
1299,456,18,52,175,245,1.3591836734693878,0.03931324067261438,597,People in New York City wouldn't call it a small space.
1367,456,18,52,175,245,1.3591836734693878,0.03931324067261438,597,He's a therapy husband
1028,456,22,44,179,245,1.3591836734693878,0.040979933059910496,597,My therapist says I've got too much emotional baggage.
1279,461,20,47,176,243,1.3580246913580247,0.04037285240988765,597,A seat in coach is $300 but a checked back is only $25.
1501,461,22,43,178,243,1.3580246913580247,0.04120664366034976,597,My shrink told me to check all my baggage.
2411,461,13,61,169,243,1.3580246913580247,0.03730812601255816,597,They're hoping for an upgrade.
2444,461,17,53,173,243,1.3580246913580247,0.039088832249759814,597,They love that roller coaster at the baggage claim.
2231,465,19,50,177,246,1.3577235772357723,0.03960153389323948,597,"You know that bag is too big for carry on, don't you? Who said anything about carry on?"
3104,466,17,52,172,241,1.3568464730290457,0.039295138900486686,597,The cat hates travel.
3025,466,22,42,177,241,1.3568464730290457,0.0414366827130895,597,How do they manage during the trip? Depends.
215,466,16,54,171,241,1.3568464730290457,0.03885266779253646,597,It's the only way to get my husband out of the house.
914,466,14,58,169,241,1.3568464730290457,0.03795225291566387,597,"He hasn't had any liquids for 24 hours, so I think we'll make it."
1219,470,20,46,176,242,1.3553719008264462,0.040452419113676176,597,I’m still astonished that Stanley gave me so little grief about abandoning him for our girls’ weekend.
2723,470,18,50,174,242,1.3553719008264462,0.03959562423474646,597,It's the first time I ever wanted my luggage to get lost!
2639,472,15,52,164,231,1.354978354978355,0.03949897369857392,597,"Once they run out of air in the overhead bin, they'll be quiet."
868,473,16,52,169,237,1.3544303797468353,0.03926391487695919,597,I may just lose this luggage. It's simpler than divorce!
986,473,20,44,173,237,1.3544303797468353,0.041044924590105954,597,I still can't believe Doug didn't seem to mind that I was going away for a girl's weekend...
1072,473,17,50,170,237,1.3544303797468353,0.03971665541370136,597,"Yes, my kids did help me pack."
1321,473,19,46,172,237,1.3544303797468353,0.04060699605759933,597,"He's funny, he's sweet and he's cheap. Really, really cheap."
3040,473,20,44,173,237,1.3544303797468353,0.041044924590105954,597,"Yeah it's cheaper, but my husband really likes having the extra legroom."
1151,478,16,56,177,249,1.3534136546184738,0.03794236395043844,597,Kevin was super supportive of our girl's getaway AND he even helped me pack!
1200,479,12,59,164,235,1.353191489361702,0.037586079027491344,597,Our marriage counselor suggested we take a trip together.
1110,479,16,51,168,235,1.353191489361702,0.03947397032483116,597,I was surprised when I left the house that my husband didn’t carry on like he usually does.
1422,481,14,54,165,233,1.351931330472103,0.03874359473891163,597,"Finally, just you and I."
1097,481,14,54,165,233,1.351931330472103,0.03874359473891163,597,I was shocked when our dog agreed to the plan as well.
2838,481,10,62,161,233,1.351931330472103,0.03678411968637037,597,Well worth the checked baggage fee.
2567,481,14,54,165,233,1.351931330472103,0.03874359473891163,597,"Yes, I am leaving Mark. He was just excess baggage."
1452,481,14,54,165,233,1.351931330472103,0.03874359473891163,597,I called his bluff.
527,486,16,49,166,231,1.3506493506493507,0.03990328100635977,597,"Yeah, I expect to get caught. But if I'm not trending on Facebook what's the point of living?"
938,486,16,49,166,231,1.3506493506493507,0.03990328100635977,597,The money we save pays for the dog's therapy.
251,486,20,41,170,231,1.3506493506493507,0.041747405891744395,597,I'm hoping the x-ray screening neuters both of them.
2233,486,13,55,163,231,1.3506493506493507,0.03846220596064865,597,I checked mine through.”
2377,486,22,37,172,231,1.3506493506493507,0.04263957000837163,597,He came with baggage.
2537,486,19,43,169,231,1.3506493506493507,0.041294096221925834,597,Think I should have put them in clear baggies?
2955,486,15,51,165,231,1.3506493506493507,0.039428775268427085,597,"It was a pretty smooth transition, given the amount of time he spends in the doghouse."
2692,493,13,56,165,234,1.3504273504273505,0.03812893945654978,597,"It's okay, they're not on the TSA prohibited items list."
2007,494,14,52,163,229,1.3493449781659388,0.03915633346824709,597,"I wasn't going to bring them, but they've been very good boys."
1799,494,16,48,165,229,1.3493449781659388,0.04012267677389472,597,The checked baggage fee is *so* worth it!
1517,494,14,52,163,229,1.3493449781659388,0.03915633346824709,597,"Aren't they adorable? I couldn't make up my mind which one I liked better, so I got both of them."
1457,494,16,48,165,229,1.3493449781659388,0.04012267677389472,597,"yea, that hide your family app was terrific!"
629,494,19,42,168,229,1.3493449781659388,0.04153005300672305,597,"My husband is very flexible. Figuratively....and, well obviously..."
1197,494,17,46,166,229,1.3493449781659388,0.04059722357397563,597,My therapist thinks I just have to accept my baggage and move on
1145,494,11,58,160,229,1.3493449781659388,0.037660355009449545,597,Bob has trouble with good-byes.
850,494,14,52,163,229,1.3493449781659388,0.03915633346824709,597,"Oh, he's allowed as my dog's service compainion."
1313,494,17,46,166,229,1.3493449781659388,0.04059722357397563,597,"Yeah, the overhead is pretty snug for them, but with a little Benadryl they mostly sleep through the flight."
768,503,17,45,165,227,1.3480176211453745,0.04082561079105158,597,"Sparky can go 4 hours or more without needing to go, but I'm kinda worried about Sam."
2187,503,17,45,165,227,1.3480176211453745,0.04082561079105158,597,They're service animals.
2037,505,18,44,168,230,1.3478260869565217,0.040915550439540885,597,"We did the math, it was cheaper than the extra baggage fee"
2980,506,11,55,156,222,1.3468468468468469,0.03838617838890364,597,This is all my baggage.
1619,507,16,46,163,225,1.3466666666666667,0.04057131678947265,597,He has more leg room this way.
1889,507,12,54,159,225,1.3466666666666667,0.03856554922857429,597,"Last time I checked luggage, I lost my favorite boots. But the airline reimbursed me for almost double and I got a way better pair."
648,509,15,47,161,223,1.345291479820628,0.04030259541448933,597,"$35 to check a bag is really a bargain, when you think about it."
1572,509,16,45,162,223,1.345291479820628,0.04080071495307617,597,You're lucky you don't carry around the same kind of baggage from past relationships that I have.
2038,509,17,43,163,223,1.345291479820628,0.04129282606240859,597,He likes the suitcase for the extra leg room.
2133,509,13,51,159,223,1.345291479820628,0.03928741414330679,597,Not sure what he and the dog are doing while I'm away.
2952,509,16,45,162,223,1.345291479820628,0.04080071495307617,597,The TSA says he's OK...my mother is not so sure.
2879,514,15,46,160,221,1.3438914027149322,0.040529266204050285,597,It’s going to be interesting to see how Keith gets on being alone with the puppy for a few days.
2764,514,18,40,163,221,1.3438914027149322,0.04202412907839637,597,I've completely changed. I used to only travel with very tall men with cats.
1989,514,16,44,161,221,1.3438914027149322,0.04103360518272499,597,The rest of the family is in baggage claim.
357,514,16,44,161,221,1.3438914027149322,0.04103360518272499,597,"He said ""let's sell everything and buy an RV,"" but I had an even better idea."
902,518,15,45,159,219,1.3424657534246576,0.04075937796777809,597,"I was in such a rush, I've no idea what I packed."
1202,518,15,45,159,219,1.3424657534246576,0.04075937796777809,597,"It's not Coach, it's Prada."
1500,518,15,45,159,219,1.3424657534246576,0.04075937796777809,597,Yes I know-I'm checking them on to a different flight.
2218,518,14,47,158,219,1.3424657534246576,0.040242204922679006,597,They can play dead for hours.
2415,518,16,43,160,219,1.3424657534246576,0.04127007060330159,597,He enjoys the extra legroom.
2471,518,17,41,161,219,1.3424657534246576,0.04177452049853836,597,They’ll calm down once they’re in the overhead bin.
3064,518,16,43,160,219,1.3424657534246576,0.04127007060330159,597,I’m so tired of carrying around all this extra baggage
3023,525,19,36,162,217,1.3410138248847927,0.043024465665624935,597,My motto has been to Keep Calm and Carry On.
2632,525,16,42,159,217,1.3410138248847927,0.041510196979636434,597,"Once I get it into the overhead compartment, the flight is pretty relaxing."
1734,525,22,30,165,217,1.3410138248847927,0.044487221067817447,597,They did loose my luggage once. Great trip mind you .
1542,525,19,36,162,217,1.3410138248847927,0.043024465665624935,597,Oh we're not boarding. Ted and Sparky are due for their x-rays.
1437,529,11,53,156,220,1.3409090909090908,0.03850458566325261,597,"Actually, we're TSA undercover testers. They failed, again."
1741,530,10,52,150,212,1.3396226415094339,0.03885925054860832,597,Hoping to let go of some emotional baggage.
769,531,16,41,158,215,1.3395348837209302,0.04175407281941176,597,"I just wanted to bring the dog, but he wouldn't come along without my husband."
1431,531,11,51,153,215,1.3395348837209302,0.03906479926185032,597,He upgraded from carry-on for the added leg room.
2244,531,19,35,161,215,1.3395348837209302,0.04328751587227877,597,"The Department of Transportation says airlines must compensate passengers up to $3,300 per lost bag."
2275,531,11,51,153,215,1.3395348837209302,0.03906479926185032,597,Is your boyfriend too small for yours?
2371,531,13,47,155,215,1.3395348837209302,0.04016212349496342,597,We find we don't use up our frequent flier miles as quickly this way.
2811,536,16,42,160,218,1.3394495412844036,0.04134894451045358,597,My fingers are crossed for lost luggage.
2605,537,15,40,152,207,1.3381642512077294,0.04230820381351435,597,It’s one of the few benefits of marrying a man-child.
3115,538,11,50,152,213,1.3380281690140845,0.039277166475418214,597,You just have to make sure nobody puts a cat in the overhead as well.
2437,538,15,42,156,213,1.3380281690140845,0.04147118779263623,597,I advertised it as a mobile vacation home on Airbnb.
1285,538,16,40,157,213,1.3380281690140845,0.04200178948069589,597,One's for emotional support. The other's my pet.
1370,538,16,40,157,213,1.3380281690140845,0.04200178948069589,597,Shhh. They don't know i'm not boarding after checking the luggage.
800,538,11,50,152,213,1.3380281690140845,0.039277166475418214,597,"Cheaper? Not really. Quieter, yes..."
108,538,13,46,154,213,1.3380281690140845,0.0403890778755211,597,"So if they're going to charge a $50 carry-on bag fee, I'm getting my money's worth!"
1586,538,14,44,155,213,1.3380281690140845,0.04093370877752839,597,They're for emotional support. I have permits for each of them.
1503,545,17,39,160,216,1.337962962962963,0.04210459876753592,597,Size matters.
1652,546,15,38,149,202,1.3366336633663367,0.04301025514296458,597,"If they don;t fit in the overhead compartment, we're f*cked."
2570,547,11,48,149,208,1.3365384615384615,0.03986993080846245,597,You have no idea how hard it is to find a dog sitter during the holidays.
1784,547,10,50,148,208,1.3365384615384615,0.039283078408698165,597,I always like to pack something that reminds me of home.
2328,547,10,50,148,208,1.3365384615384615,0.039283078408698165,597,"No, no liquids."
898,547,13,44,151,208,1.3365384615384615,0.0410184549865898,597,"I love the ""Family Flies Free in the Overhead"" option. How did you fit your two kids in that small carry on?"
203,547,16,38,154,208,1.3365384615384615,0.04268333456643071,597,It's cheaper to pay for overweight luggage then buy another ticket.
1125,547,11,48,149,208,1.3365384615384615,0.03986993080846245,597,What can I say? I've got a lot of baggage.
87,547,16,38,154,208,1.3365384615384615,0.04268333456643071,597,And the best part is that they were both duty-free.
469,554,12,47,152,211,1.3364928909952607,0.04006004428677724,597,I’ve had it. I’m checking them in on a different flight.
1265,554,16,39,156,211,1.3364928909952607,0.04225344128433431,597,"So if it gets lost, he can text me where they are."
1469,554,14,43,154,211,1.3364928909952607,0.04117135198549618,597,"My new guy is great for the most part, but he comes with a lot of baggage."
2099,554,16,39,156,211,1.3364928909952607,0.04225344128433431,597,Do you think he needs to be in his own tray going through security?
2430,554,15,41,155,211,1.3364928909952607,0.04171590538800703,597,I'm checking baggage. You?
2606,554,12,47,152,211,1.3364928909952607,0.04006004428677724,597,It's my emotional baggage.
942,560,12,48,154,214,1.3364485981308412,0.039681861116581334,597,"And there's always lost luggage, so I figure I win either way."
2010,561,15,37,148,200,1.335,0.04328095662101464,597,"Actually, TSA doesn't really want to know."
2854,562,14,41,151,206,1.3349514563106797,0.041828996146804374,597,My husband's been known to carry on.
2261,562,11,47,148,206,1.3349514563106797,0.04009471072293147,597,'Definitely worth the extra fifty dollar weight fee.
1913,562,14,41,151,206,1.3349514563106797,0.041828996146804374,597,It's basically the same as a seat in coach.
394,562,16,37,153,206,1.3349514563106797,0.0429462956778027,597,Bob was totally fine with me going on a girl's Trip.
1300,562,12,45,149,206,1.3349514563106797,0.04068102167907654,597,"Yeah, it's only another 25 dollars to bring them along."
597,562,17,35,154,206,1.3349514563106797,0.04349418362658615,597,"So then my husband said ""If they expect us to pay a $100 baggage fee, we're getting our money's worth."""
1442,562,13,43,150,206,1.3349514563106797,0.04125900170570582,597,"It saves a bundle, and I don't have to listen to their yapping!"
913,569,10,50,149,209,1.3349282296650717,0.039127816348794565,597,My Ex? I put that piece of baggage behind me.
1015,570,17,37,158,212,1.3349056603773586,0.04261150510566699,597,Deregulation goes both ways.
1079,570,14,43,155,212,1.3349056603773586,0.041007416432605734,597,His mother is in the other bag.
2192,572,19,30,155,204,1.3333333333333333,0.04485865772114208,597,It’s so well worth the checked bag fee.
1306,572,12,44,148,204,1.3333333333333333,0.04091739130926392,597,Security made me take his coat off
802,572,17,34,153,204,1.3333333333333333,0.043768810953240846,597,"Actually, dog shows are easy. It’s those horse jumping events I dread."
475,572,11,46,147,204,1.3333333333333333,0.04032291819070644,597,"Ever since he overcame his claustrophobia, he can't stop showing off."
935,572,10,48,146,204,1.3333333333333333,0.03971954872947806,597,"I love the fact that, with Pre-Check, you don’t have to take your kids or pets out of your luggage."
1076,577,12,44,149,205,1.3317073170731708,0.040749759027616454,597,He only had miles for cargo-class.
528,578,15,37,150,202,1.3316831683168318,0.042915182787888174,597,"Yes, Harry's my lapdog. The other is my Jack Russell terrier."
1723,578,17,33,152,202,1.3316831683168318,0.04404804454383716,597,"It is all to do with economics, Jane. Why pay for an extra seat when I can pay $50 for checked baggage?"
2095,578,15,37,150,202,1.3316831683168318,0.042915182787888174,597,Had a problem last flight. The baggage inspectors took away the nail clippers he was carrying.
2271,578,14,39,149,202,1.3316831683168318,0.04233738603774269,597,Of course they wanted to go. But I dropped them off at my mothers'.
2524,578,12,43,147,202,1.3316831683168318,0.04115746520487918,597,All I have to do is throw a bone and a beer into the bag.
2667,578,12,43,147,202,1.3316831683168318,0.04115746520487918,597,"I don't get nervous anymore, now that I have my service dog and my comfort Steve."
1159,584,21,26,159,206,1.3300970873786409,0.04553296824512713,597,The competition is fixed. My captions are way better than the winners.
1639,585,11,45,147,203,1.3300492610837438,0.04038742639465311,597,He went on a cleanse this week to meet the 50 lb. limit.
3026,586,11,44,145,200,1.33,0.04078993865498436,597,"I just tell them he's a ""Service Toddler"" and he flies for free."
2602,586,17,32,151,200,1.33,0.04433200461479077,597,I am so angry that they took my water bottle during screening.
2561,586,12,42,146,200,1.33,0.041401332729258784,597,"Why isn't Joe walking? Oh, he's just so used to being carried by stronger women."
2246,586,12,42,146,200,1.33,0.041401332729258784,597,"He's always just been baggage. The dog, however, was an extra fee."
1722,586,13,40,147,200,1.33,0.042003828492652925,597,Turns out to be cheaper and almost as comfortable as flying coach.
1820,586,15,36,149,200,1.33,0.043183609397582964,597,The baggage charge was less than another ticket.
1020,586,11,44,145,200,1.33,0.04078993865498436,597,It's a loophole in Spirit Airlines baggage policy. You pay a 100 bucks and they don't ask questions.
264,586,21,24,155,200,1.33,0.04654386810624422,597,I found it on SharkTank. It even has a built-in potty.
871,586,11,44,145,200,1.33,0.04078993865498436,597,He loves to ride the baggage carousel.
674,586,13,40,147,200,1.33,0.042003828492652925,597,"As long as they insist on charging extra for my bag, I'm gonna stay creative."
503,586,13,40,147,200,1.33,0.042003828492652925,597,"Don't worry, I have TSA Pre"
1226,586,13,40,147,200,1.33,0.042003828492652925,597,"My husband has attachment issues."""
2782,598,13,39,145,197,1.3299492385786802,0.04244218360115549,597,It's the new Harry Potter luggage. There is a three bedroom home inside with a pool and slide.
2406,599,9,48,144,201,1.328358208955224,0.03937583868141171,597,Thank god we’re taking this vacation. I needed time away from the family.
996,600,11,43,144,198,1.3282828282828283,0.04102891910947955,597,I always overpack.
1402,600,12,41,145,198,1.3282828282828283,0.041649086019281446,597,I guess you think it is not worth an extra $25 to bring your husband along?
2990,602,15,35,149,199,1.3266331658291457,0.04326904961767886,597,Mother told me I’d have to carry him. I never thought it would be like this.
2168,603,12,40,144,196,1.3265306122448979,0.04190082008277108,597,It feels really great to get away from stupid husband and his annoying dog.
1284,603,17,30,149,196,1.3265306122448979,0.04491460611421109,597,"Sure, you pay 50 bucks, but they get there, and you don't have to keep them entertained for a 6-hour flight."
1564,605,8,47,138,193,1.3264248704663213,0.03971075295256886,597,You can't keep carrying on like this.
60,606,14,36,147,197,1.3248730964467006,0.042944111006505956,597,I have a lot of baggage.
1349,607,11,41,142,194,1.324742268041237,0.04151825800030636,597,I couldn't believe Ed stayed home with the dog.
2538,607,15,33,146,194,1.324742268041237,0.04401624185900798,597,It's amazing how many things come in travel size these days.
2169,607,11,41,142,194,1.324742268041237,0.04151825800030636,597,The key is remembering to unpack when I get home.
1448,607,14,35,145,194,1.324742268041237,0.043405225461780696,597,No worries—he’s an Emotional Support boyfriend.
1270,607,13,37,144,194,1.324742268041237,0.04278548407328524,597,I had to register him as an emotionally supportive husband but he's really no different than my last two
468,607,13,37,144,194,1.324742268041237,0.04278548407328524,597,It's either day care and kennel fees or the extra weight charge. I opt for the latter.
611,607,7,49,138,194,1.324742268041237,0.038860030202887384,597,So what makes you think I'm living out of my suitcase ?
502,607,13,37,144,194,1.324742268041237,0.04278548407328524,597,"I don't even need them, but I get two free pieces of emotional baggage."
337,607,14,35,145,194,1.324742268041237,0.043405225461780696,597,I started at tiny homes and then just went from there.
250,607,12,39,143,194,1.324742268041237,0.04215663289901927,597,I couldn't leave my emotional baggage behind.
78,607,3,57,134,194,1.324742268041237,0.03600608486573675,597,"Your cat? Sure, I got room."
1065,607,3,57,134,194,1.324742268041237,0.03600608486573675,597,"If it’s considered excess baggage, I guess I’ll have to agree."
2788,619,12,38,142,192,1.3229166666666667,0.04241662552242594,597,I'm glad we're doing this. I really needed a break from Jack and his dog.
2051,619,10,42,140,192,1.3229166666666667,0.04111076595102186,597,I love flying economy - just choose the airline with the biggest overhead compartments.
1078,619,13,36,143,192,1.3229166666666667,0.04305470523095849,597,I can't believe TSA let me through with more than 3.4 ounces of liquids in my bag.
1808,619,11,40,141,192,1.3229166666666667,0.04176879934705697,597,"Yes, we are flying with a no-frills airline. How can you tell?"
507,623,11,39,139,189,1.3227513227513228,0.04221179015089436,597,"He doesn't slobber much. My husband, on the other hand..."
991,623,13,35,141,189,1.3227513227513228,0.043524818304076,597,Wait 'til you hear who I put in the check-in luggage.
2031,623,13,35,141,189,1.3227513227513228,0.043524818304076,597,They're a little buzzed from the security scan.
2296,623,13,35,141,189,1.3227513227513228,0.043524818304076,597,It was way cheaper to buy a single ticket and pay the overweight baggage fee.
2469,623,11,39,139,189,1.3227513227513228,0.04221179015089436,597,He only complains when I make him get off the carousel.
2483,623,14,33,142,189,1.3227513227513228,0.04416669671520242,597,"I'm starting to date again, but sometimes it's difficult with all of the baggage I have."
2730,623,13,35,141,189,1.3227513227513228,0.043524818304076,597,"They're both luggage trained, but sometimes Jim whines."
2111,630,9,42,135,186,1.3225806451612903,0.04128323827630767,597,Wear a miniskirt and the TSA won't even bother to check your bag.
2341,630,15,30,141,186,1.3225806451612903,0.04531050204075425,597,It's the only way I could afford to fly first class.
1592,632,7,48,138,193,1.3212435233160622,0.038903257558759605,597,I've aways thought of them as excess baggage.
701,633,11,39,140,190,1.3210526315789475,0.04202338181477324,597,Imagine! Ten days in the sun without that constant yapping!
3004,634,13,34,140,187,1.320855614973262,0.04380705020518909,597,Flight? I’m taking this to the trash can
2696,634,12,36,139,187,1.320855614973262,0.04314576041063998,597,I just barely made the carry on weight limit. Frank hates being checked.
2468,634,14,32,141,187,1.320855614973262,0.044458504855061955,597,"I need them for emotional support. I have a certificate, in case anyone asks."
1550,634,9,42,136,187,1.320855614973262,0.041098097554625554,597,"If they stay quiet in the overhead, I'll have saved 200 bucks on the ticket and 50 on the dog-sitter."
3050,634,10,40,137,187,1.320855614973262,0.041791800976712264,597,"Well yeah, but the overweight charge is peanuts compared with the price of his ticket."
643,634,12,36,139,187,1.320855614973262,0.04314576041063998,597,"Oh, they're squishy, I'll make it fit."
217,634,11,38,138,187,1.320855614973262,0.04247417609730338,597,"With as much as healthcare costs, it's cheaper to get x-rays this way."
206,634,13,34,140,187,1.320855614973262,0.04380705020518909,597,"It's actually not that much cheaper to check them, but it's so much more convenient."
131,634,15,30,142,187,1.320855614973262,0.04510055055334887,597,Such a relief to be getting away from the kids and the dog for a few days
936,634,13,34,140,187,1.320855614973262,0.04380705020518909,597,"No, I actually lost the bet."
79,634,14,32,141,187,1.320855614973262,0.044458504855061955,597,We decided it was this or fly Spirit.
1357,645,10,39,135,184,1.3206521739130435,0.04224117649332069,597,Ever lost my luggage? We can only hope.
336,646,15,29,141,185,1.318918918918919,0.0454070840717056,597,I finally got away for some time alone. Imagine the surprise when I phone them.
123,646,16,27,142,185,1.318918918918919,0.046049513466218446,597,I'll let you know whether it was worth the $25.
2812,646,11,37,137,185,1.318918918918919,0.04274091315792126,597,No thank God. My baggage is purely emotional.
2629,646,6,47,132,185,1.318918918918919,0.03915371789077633,597,We're here to ride the carousel.
2536,646,8,43,134,185,1.318918918918919,0.04062662227938087,597,"On the return trip, I'm in, he's out."
3109,646,9,41,135,185,1.318918918918919,0.041343401461563116,597,They’ll gate check anything for you these days.
76,646,9,41,135,185,1.318918918918919,0.041343401461563116,597,"Ordinarily, it would cost $100 each for them to fly, but they are registered comfort animals."
1769,646,5,49,131,185,1.318918918918919,0.03839608336914073,597,It's lined. Neither of them are housebroken yet.
872,646,9,41,135,185,1.318918918918919,0.041343401461563116,597,He's always telling me to stop carrying on. So I'm checking him.
3106,655,8,44,137,189,1.3174603174603174,0.04003557918678408,597,And then they did not accept the dog's tag as ID.
2000,656,11,37,138,186,1.3172043010752688,0.0425450668748997,597,I don't have the heart to tell them they're going to be gate-checked.
2425,656,9,41,136,186,1.3172043010752688,0.04115625636345084,597,I just hope it fits in the overhead bin.
3073,658,12,34,137,183,1.3169398907103824,0.04370458631165573,597,Our only concern was Bailey. My husband's used to living out of a suitcase.
2738,658,15,28,140,183,1.3169398907103824,0.04571912713300958,597,I can't wait to see the look on Bob's face when he see's what I picked up at this year's trade convention.
1788,658,12,34,137,183,1.3169398907103824,0.04370458631165573,597,I feel like I still have a lot of baggage from my last relationship.
1830,658,10,38,135,183,1.3169398907103824,0.042308301595771335,597,When I got married I knew I was taking on baggage.
2362,658,9,40,134,183,1.3169398907103824,0.04159258519906689,597,The first few times he got really lonely. Adopting Buddy solved that problem.
1963,658,11,36,136,183,1.3169398907103824,0.04301211020510219,597,Much easier. On the X-rays they look like stuffed toys.
1224,658,8,42,133,183,1.3169398907103824,0.04086433534470527,597,"Unfortunately, they no longer fit in the overhead compartment."
971,658,9,40,134,183,1.3169398907103824,0.04159258519906689,597,I hope I have to check my bag . It will give me a break .
886,658,17,24,142,183,1.3169398907103824,0.04701422196057818,597,"Since I married Tintin, every vacation has been an adventure!"
805,658,12,34,137,183,1.3169398907103824,0.04370458631165573,597,I wish he were only emotional baggage.
149,658,13,32,138,183,1.3169398907103824,0.04438626031836963,597,That should make the TSA's next training video.
1378,658,11,36,136,183,1.3169398907103824,0.04301211020510219,597,I enjoyed the traveling more when I was single
2607,670,11,39,143,193,1.3160621761658031,0.0414676401364189,597,I figured overweight bag fee is cheaper than another ticket.
906,671,18,23,146,187,1.3155080213903743,0.04686264984618041,597,I'm hoping to lose my baggage this trip.
1155,671,9,41,137,187,1.3155080213903743,0.04097070775807059,597,I did the math. It's worth paying the over weight fee.
2587,673,10,37,134,181,1.3149171270718232,0.04257291573274369,597,I'd give him a bottle of water but they don't allow it.
2160,673,10,37,134,181,1.3149171270718232,0.04257291573274369,597,One's a rescue pet the other is my puppy.
1914,673,10,37,134,181,1.3149171270718232,0.04257291573274369,597,It was Jim's idea to downsize.
1549,673,13,31,137,181,1.3149171270718232,0.04468350049629501,597,"It's not that I don't understand, Sheila, it's that I don't care."
1238,673,10,37,134,181,1.3149171270718232,0.04257291573274369,597,"If all goes as planned, they'll demand to check it at the gate."
1187,673,12,33,136,181,1.3149171270718232,0.04399122483402074,597,Your family is so much better behaved than mine.
778,673,9,39,133,181,1.3149171270718232,0.04184573813164563,597,"He prefers overhead luggage in carry on to the middle seat."""
479,673,10,37,134,181,1.3149171270718232,0.04257291573274369,597,It's easier than the whining if I leave them.
441,673,11,35,135,181,1.3149171270718232,0.043287879460564116,597,The first checked bag is free
361,673,10,37,134,181,1.3149171270718232,0.04257291573274369,597,I'm so glad that Southwest still doesn't charge a luggage fee.
356,673,11,35,135,181,1.3149171270718232,0.043287879460564116,597,"'Well, we used to, but FedEx has gotten so expensive.'"
90,673,12,33,136,181,1.3149171270718232,0.04399122483402074,597,It was cheaper than the postage.
881,673,10,37,134,181,1.3149171270718232,0.04257291573274369,597,That's how he rolls.
977,686,9,37,129,175,1.3142857142857143,0.04277496225831017,597,I sure hope that 8 ounce bottle of shampoo in my luggage doesn’t cause me any problems at the TSA luggage check.
2541,687,7,43,132,182,1.3131868131868132,0.04016704829604056,597,We're flying Super Economy. How about you?
349,688,10,36,133,179,1.312849162011173,0.04284191003145463,597,He made a good case for bringing the dog along.
2737,688,10,36,133,179,1.312849162011173,0.04284191003145463,597,His father will be meeting the flight. Let him deal with it.
1557,690,7,40,126,173,1.3121387283236994,0.04145837069344609,597,No telling what you can find at a flea market in San Diego.
1206,690,8,38,127,173,1.3121387283236994,0.04226120958610719,597,They provided me with a miniature golf instructor.
932,690,9,36,128,173,1.3121387283236994,0.043049078629008634,597,I couldn't find anyone to watch them.
334,690,4,46,123,173,1.3121387283236994,0.038950693128340125,597,Getting them TSA pre-checked was easy compared to getting them into the overhead bin.
2496,694,12,31,134,177,1.310734463276836,0.04457958772520552,597,You've just got to start leaving your emotional baggage at home.
2772,694,12,31,134,177,1.310734463276836,0.04457958772520552,597,And lost luggage is no longer a nightmare.
711,694,9,37,131,177,1.310734463276836,0.042364320313041326,597,The hardest part is shoving them in the overhead bin.
836,694,13,29,135,177,1.310734463276836,0.0452939397396282,597,They haven't had any fluids for 24 hours so I shouldn't have to check my bag.
2164,694,11,33,133,177,1.310734463276836,0.04385360083689272,597,They won't take him at the kennel anymore.
113,699,10,34,130,174,1.3103448275862069,0.043607116425664116,597,They always laugh when the announcement says 'And one personal item.'
136,699,7,40,127,174,1.3103448275862069,0.04125843306277626,597,And the best part is he has no baggage whatsoever
525,699,12,30,132,174,1.3103448275862069,0.045105012349759784,597,I'll check him at the gate - that way we'll have more time together.
636,699,11,32,131,174,1.3103448275862069,0.04436238689494406,597,The baggage fee pays for itself.
1426,699,7,40,127,174,1.3103448275862069,0.04125843306277626,597,It's cheaper and he has more leg room this way.
2161,699,13,28,133,174,1.3103448275862069,0.04583560741527553,597,There's more room to stretch out than in coach.
2186,699,13,28,133,174,1.3103448275862069,0.04583560741527553,597,At least I won't be too unhappy if they lose my luggage!
2264,699,13,28,133,174,1.3103448275862069,0.04583560741527553,597,Doug is the only one who will put up with my baggage.
2672,699,10,34,130,174,1.3103448275862069,0.043607116425664116,597,Have you checked the children?
2767,699,16,22,136,174,1.3103448275862069,0.047960663165693376,597,"He's smart, loves dogs, and doesn't have baggage!"
44,699,12,30,132,174,1.3103448275862069,0.045105012349759784,597,Getting him off the TSA agent's leg was tough.
2333,710,6,41,124,171,1.3099415204678362,0.04087665902043635,597,I may need some help with overhead stowage
2397,711,8,38,129,175,1.3085714285714285,0.041852482689744126,597,Do you think I come with too much baggage?
2762,711,15,24,136,175,1.3085714285714285,0.04702552947323252,597,"They both qualify as companion animals, whose social needs I can meet."
2176,711,12,30,133,175,1.3085714285714285,0.04488157848452404,597,This was the cheapest way we could get him a chest x-ray.
1011,711,14,26,135,175,1.3085714285714285,0.046321906019140345,597,I wish my relationship baggage was metaphorical.
3076,715,11,31,130,172,1.308139534883721,0.04466225028373215,597,"Rover is my comfort dog, but he can't travel without his comfort human."
2873,715,13,27,132,172,1.308139534883721,0.046159674093470764,597,"I know, but they behave so much better when checked."
2805,715,8,37,127,172,1.308139534883721,0.04231687881204941,597,Getting two companion pets took some doing.
2793,715,9,35,128,172,1.308139534883721,0.04311284829836726,597,I just find it easier to have my relationship baggage out in the open.
2645,715,11,31,130,172,1.308139534883721,0.04466225028373215,597,"Hey, we all have baggage..."
2517,715,11,31,130,172,1.308139534883721,0.04466225028373215,597,Really? My baggage never gets lost or stolen.
2429,715,16,21,135,172,1.308139534883721,0.04831887706092198,597,Treat them badly enough and they might grow up to be president.
63,715,14,25,133,172,1.308139534883721,0.04689045711463888,597,I picked them up at emotional baggage claim
2322,715,11,31,130,172,1.308139534883721,0.04466225028373215,597,"I figure there are more ways to define ""carry on."""
534,715,9,35,128,172,1.308139534883721,0.04311284829836726,597,I keep praying that they lose my luggage.
794,715,8,37,127,172,1.308139534883721,0.04231687881204941,597,It's why we travel so well together.
2324,715,9,35,128,172,1.308139534883721,0.04311284829836726,597,This relationship comes with a lot of baggage.
1502,715,11,31,130,172,1.308139534883721,0.04466225028373215,597,"Thank you for arranging this girls weekend, I really needed a break."
2148,715,9,35,128,172,1.308139534883721,0.04311284829836726,597,"He's off duty, but he likes to have fun with the other transit police guys."
951,715,8,37,127,172,1.308139534883721,0.04231687881204941,597,I just tell TSA the bag was packed by someone unknown to me.
2114,730,8,38,130,176,1.3068181818181819,0.041650921857955,597,"Let's check lost and found, I'm sure they haven't gone far."
143,731,7,39,127,173,1.30635838150289,0.04130345578460557,597,"Volatile yes, but not on the banned items list."
398,731,10,33,130,173,1.30635838150289,0.043676257453311336,597,The best part is the mandatory quarentine.
1733,733,12,28,130,170,1.3058823529411765,0.04573494576830147,597,Well the duty free shop had a huge sale going on and Lisa always said she wanted a brother. But I tell you she is really going to flip over the puppy.
3095,733,12,28,130,170,1.3058823529411765,0.04573494576830147,597,"This way, he won't be constantly begging people for snacks—and he’ll have the dog to keep him company."
2516,733,11,30,129,170,1.3058823529411765,0.04496745067440669,597,They're still baggage.
2477,733,9,34,127,170,1.3058823529411765,0.04339175418909269,597,"I got this ""one carry-on"" thing down now."
2400,733,13,26,131,170,1.3058823529411765,0.046489772087027426,597,My plan is to abandon my old life at the gate and let the bomb squad do what it will with it.
2235,733,4,44,122,170,1.3058823529411765,0.039176218682196146,597,My boyfriend has severe separation issues.
2070,733,11,30,129,170,1.3058823529411765,0.04496745067440669,597,My therapist says I’m carrying around too much baggage.
1631,733,9,34,127,170,1.3058823529411765,0.04339175418909269,597,"He's afraid of flying, but luckily he doesn't suffer from claustrophobia."
1455,733,13,26,131,170,1.3058823529411765,0.046489772087027426,597,I don't know who they are--I just picked them up at baggage claim.
1398,733,10,32,128,170,1.3058823529411765,0.04418662666328943,597,He said I have too much baggage from previous relationships.
1301,733,10,32,128,170,1.3058823529411765,0.04418662666328943,597,The checked bag fee is worth every penny.
1613,733,10,32,128,170,1.3058823529411765,0.04418662666328943,597,He just likes to have more leg room.
1124,733,5,42,123,170,1.3058823529411765,0.04005483434629997,597,"Even with the checked luggage fee, it's way cheaper than 2 seats."
809,733,11,30,129,170,1.3058823529411765,0.04496745067440669,597,I haven't had a problem yet- TSA looks but can't suspend disbelief.
790,733,12,28,130,170,1.3058823529411765,0.04573494576830147,597,Thanks again for watching my bag. That little brat with the dog was acting so weird.
155,733,12,28,130,170,1.3058823529411765,0.04573494576830147,597,First bag flies free!
15,749,6,39,122,167,1.3053892215568863,0.04136109955330641,597,What relationship baggage?
1080,750,11,31,132,174,1.3045977011494252,0.04421797840187394,597,"If you have any bottled water, get rid of it now. You won’t get past security."
37,751,10,32,129,171,1.304093567251462,0.043963871125332794,597,Keep calm and carry on.
186,751,12,28,131,171,1.304093567251462,0.04550187758250946,597,"No, it's not to save money. I just hate him."
566,751,10,32,129,171,1.304093567251462,0.043963871125332794,597,Mom said he was a lightweight and she was right!
707,751,11,30,130,171,1.304093567251462,0.04473948383619634,597,It's for his next book: Tintin and the Airport Security Screening.
777,751,11,30,130,171,1.304093567251462,0.04473948383619634,597,The sitter was unavailable.
2481,751,7,38,126,171,1.304093567251462,0.04155025409683629,597,All my mom wants for her birthday is for me to bring a husband home finally. Let’s see which one she prefers.
2959,751,10,32,129,171,1.304093567251462,0.043963871125332794,597,"Don't worry, I'll zip it before I check it."
2292,758,9,33,126,168,1.3035714285714286,0.043675358806569205,597,He insisted on packing my bag.
2129,758,7,37,124,168,1.3035714285714286,0.04201148614394804,597,I can't wait to dump this bag!
2620,758,10,31,127,168,1.3035714285714286,0.04448396302390643,597,Getting through security is the least of my worries.
1956,758,7,37,124,168,1.3035714285714286,0.04201148614394804,597,I packed everything I’ll need.
2923,758,12,27,129,168,1.3035714285714286,0.0460586035955466,597,"Originally, I had decided to pack my bags and leave my worries behind."
2996,758,8,35,125,168,1.3035714285714286,0.04285149901056963,597,"Besides the airfare, it saves us an x-ray copay."
2912,758,11,29,128,168,1.3035714285714286,0.045278129000014856,597,She said she wanted a boy toy for Christmas.
1917,758,12,27,129,168,1.3035714285714286,0.0460586035955466,597,I have a lot of emotional baggage.
1924,758,8,35,125,168,1.3035714285714286,0.04285149901056963,597,It was this or sit in coach.
1710,758,9,33,126,168,1.3035714285714286,0.043675358806569205,597,He's not coming. He didn't want to be dragged along on another trip.
421,758,9,33,126,168,1.3035714285714286,0.043675358806569205,597,My therapist says I need to stop carrying around all my excess baggage.
639,758,6,39,123,168,1.3035714285714286,0.04115433110370555,597,I broke it off but I still have a lot of leftover baggage.
827,758,11,29,128,168,1.3035714285714286,0.045278129000014856,597,The hardest part is putting it in the overhead bin.
1506,758,9,33,126,168,1.3035714285714286,0.043675358806569205,597,I got the free loader family package.
174,758,7,37,124,168,1.3035714285714286,0.04201148614394804,597,This way the dog won't be lonesome.
1638,758,13,25,130,168,1.3035714285714286,0.04682607141968468,597,They just love carrying on together.
1701,758,6,39,123,168,1.3035714285714286,0.04115433110370555,597,I told him that he’s getting too big to carry-on.
1789,758,11,29,128,168,1.3035714285714286,0.045278129000014856,597,The ventriloquist dummy keeps TSA from going through my underwear.
1551,758,10,31,127,168,1.3035714285714286,0.04448396302390643,597,"Yeah, he turned out to be a real doll."
1926,777,5,38,116,159,1.3018867924528301,0.04161640976525041,597,"I get very anxious when I fly alone. My doctor lets me claim them as ""service animals"""
289,778,8,35,126,169,1.301775147928994,0.042635042053683014,597,My family is easy to travel with...
402,778,8,35,126,169,1.301775147928994,0.042635042053683014,597,"Yeah, the baggage fees are higher, but I get to read my book in peace."
1433,778,11,29,129,169,1.301775147928994,0.04504524331517565,597,I'm very open about my excess baggage
1985,778,13,25,131,169,1.301775147928994,0.04658281551809367,597,It easily fits in the overhead bin if I take the dog out.
1584,782,10,30,126,166,1.3012048192771084,0.04478652420648602,597,What a relief to be away from my husband and that darn dog.
1698,782,9,32,125,166,1.3012048192771084,0.04396377372758592,597,My house is never a mess when I get back.
1762,782,7,36,123,166,1.3012048192771084,0.042270257866670345,597,I'd love to have kids but we'd need a bigger place.
1879,782,10,30,126,166,1.3012048192771084,0.04478652420648602,597,Bob and Sparky are both my emotional support animals. An on-line psychiatrist says so.
2386,782,8,34,124,166,1.3012048192771084,0.04312532956677074,597,You should see the look on the TSA faces when the bags are x-rayed.
2078,782,9,32,125,166,1.3012048192771084,0.04396377372758592,597,We sent the kids Fex Ex to grandma.
2131,782,16,18,132,166,1.3012048192771084,0.04943631106044282,597,I carry on ALL my baggage.
2410,782,10,30,126,166,1.3012048192771084,0.04478652420648602,597,"So I said, 'of course I packed it myself'."
2998,782,9,32,125,166,1.3012048192771084,0.04396377372758592,597,I can't believe my husband agreed to stay home with the dog
1533,782,10,30,126,166,1.3012048192771084,0.04478652420648602,597,"He gets to travel with his best friend, and I don't have to listen to his yapping on the plane."
1905,782,9,32,125,166,1.3012048192771084,0.04396377372758592,597,"I travel a lot for work but my husband doesn't like living out of a suitcase, so we compromised."
1484,782,7,36,123,166,1.3012048192771084,0.042270257866670345,597,TSA didn't even blink.
698,782,9,32,125,166,1.3012048192771084,0.04396377372758592,597,"""...severely discounted if they fit under your seat""."
1089,782,7,36,123,166,1.3012048192771084,0.042270257866670345,597,It’s a lot cheaper than going to the hospital for x-rays.
1002,782,10,30,126,166,1.3012048192771084,0.04478652420648602,597,"Heading to the drop in day care, then going the Bahamas. You?"
743,782,7,36,123,166,1.3012048192771084,0.042270257866670345,597,It's the best super-saver fare we have ever found.
740,782,10,30,126,166,1.3012048192771084,0.04478652420648602,597,My service dog and my servicing man.
563,782,10,30,126,166,1.3012048192771084,0.04478652420648602,597,"This might be the last time. Honestly, these new luggage charges are almost as much as a seat anymore."
552,782,8,34,124,166,1.3012048192771084,0.04312532956677074,597,It's cheaper than a plane ticket and he insists he has more leg room.
491,782,10,30,126,166,1.3012048192771084,0.04478652420648602,597,I'm flying coach. They're flying overhead luggage rack
375,782,7,36,123,166,1.3012048192771084,0.042270257866670345,597,It's OK: I'm TSA approved.
253,782,12,26,128,166,1.3012048192771084,0.04638826846039552,597,"No, I'm not going anywhere but it will feel like a vacation. I'm sending these two to my mother-in-law for a month."
248,782,10,30,126,166,1.3012048192771084,0.04478652420648602,597,Baggage is baggage.
114,782,10,30,126,166,1.3012048192771084,0.04478652420648602,597,"And, they're always so happy to see me at baggage claim."
1099,782,12,26,128,166,1.3012048192771084,0.04638826846039552,597,Not many men still fit into the overhead storage bin after 40.
1489,807,10,31,129,170,1.3,0.04403112527563468,597,My therapist says I carry too much baggage with me when I travel.
2995,807,9,30,121,160,1.3,0.04503667268784911,597,This airline has the worst lost luggage record in the industry.
1758,809,7,36,124,167,1.2994011976047903,0.04205507403214372,597,This time I'm sure I packed everything.
904,809,8,34,125,167,1.2994011976047903,0.04290424359829468,597,Paying the overweight baggage fee is something I now look forward to. Saves us hundreds.
770,809,13,24,130,167,1.2994011976047903,0.04692012844404215,597,I'm taking them both to a farm upstate.
69,812,11,27,126,164,1.298780487804878,0.04591650527087863,597,"I’m telling you Barbara, he’s so needy I feel like I’m carrying him everywhere."
2899,812,10,29,125,164,1.298780487804878,0.045094442642119315,597,Looks like the restraining order worked.
2828,812,11,27,126,164,1.298780487804878,0.04591650527087863,597,"Its called a ""stroller board"". No baggage fee and I get to board first."
2683,812,10,29,125,164,1.298780487804878,0.045094442642119315,597,Frank was a bag man for the mob before I met him.
2529,812,11,27,126,164,1.298780487804878,0.04591650527087863,597,I'm saving $300 and they think it's an adventure.
2498,812,10,29,125,164,1.298780487804878,0.045094442642119315,597,I have a service dog. He has a service human.
2232,812,11,27,126,164,1.298780487804878,0.04591650527087863,597,"I tried the cabin last trip, but they kept trying to stick their heads out the window the entire flight."
2147,812,10,29,125,164,1.298780487804878,0.045094442642119315,597,I opted for both the service dog and service man.
2128,812,8,33,123,164,1.298780487804878,0.043403633016475894,597,I think I might have taken the wrong bag off the luggage carousel.
2199,812,14,21,129,164,1.298780487804878,0.048298815239634335,597,Our girls' only weekend is going to be great!
1981,812,5,39,120,164,1.298780487804878,0.0407360437667578,597,I feel like I've been carrying his baggage our whole marriage
1467,812,11,27,126,164,1.298780487804878,0.04591650527087863,597,It's his turn to get to have more legroom.
1427,812,7,35,122,164,1.298780487804878,0.04253303022289477,597,They wouldn't stop barking until I promised them a ride on the baggage carousel.
1381,812,8,33,123,164,1.298780487804878,0.043403633016475894,597,And the best thing is that they're both potty-trained.
1239,812,10,29,125,164,1.298780487804878,0.045094442642119315,597,They're both registered as support animals.
1169,812,8,33,123,164,1.298780487804878,0.043403633016475894,597,The only drawback is losing their mileage points.
1165,812,7,35,122,164,1.298780487804878,0.04253303022289477,597,The only negative is he doesn't get frequent flier miles.
488,812,11,27,126,164,1.298780487804878,0.04591650527087863,597,Excess baggage.
2055,812,9,31,124,164,1.298780487804878,0.044257113079324915,597,"No exotic trips, they just like riding the baggage carousel."
2008,831,8,32,121,161,1.2981366459627328,0.043919675850096124,597,He can also be easily turned into a doormat.
2887,831,9,30,122,161,1.2981366459627328,0.04479483986275999,597,He's a service husband.
2359,831,7,34,120,161,1.2981366459627328,0.04302671466919966,597,You just can't love 'em and leave 'em.
2011,831,6,36,119,161,1.2981366459627328,0.04211482427449895,597,My presentation will be on over-protective parenting.
1843,831,8,32,121,161,1.2981366459627328,0.043919675850096124,597,My therapist said he was too much baggage.
675,831,5,38,118,161,1.2981366459627328,0.0411827472628907,597,"Well, it is marketed as a ""carry-all""."
1277,831,10,28,123,161,1.2981366459627328,0.045653230223973267,597,Oversized? I wish!
1254,831,10,28,123,161,1.2981366459627328,0.045653230223973267,597,How DO you fit Bob into that bag?
949,831,9,30,122,161,1.2981366459627328,0.04479483986275999,597,The key is to include individualized poop bags.
161,831,14,20,127,161,1.2981366459627328,0.04893645303957252,597,It'll be so nice to get away this weekend.
1687,831,8,32,121,161,1.2981366459627328,0.043919675850096124,597,"Yes, I know I have a lot of baggage but I just started therapy last week."
332,842,12,26,130,168,1.2976190476190477,0.045904032474590635,597,"I consider it win-win: if they lose my bag, they're both gone."
2274,843,12,24,126,162,1.2962962962962963,0.04706629058678449,597,We have a friendly little wager about overhead bin capacity.
2807,843,8,32,122,162,1.2962962962962963,0.04368650552737693,597,This way I get my alone time.
1779,845,6,35,118,159,1.2955974842767295,0.04237351316828499,597,How do I tell both of them that I only needed them for the HOV lane coming down to the airport?
3046,845,7,33,119,159,1.2955974842767295,0.04330272640519104,597,They just love carousel rides
3042,845,8,31,120,159,1.2955974842767295,0.04421241465949171,597,Yeah? Like you declare every little thing.
2631,845,9,29,121,159,1.2955974842767295,0.0451037593324863,597,Separation anxiety! It's cheaper than buying an extra seat.
2106,845,10,27,122,159,1.2955974842767295,0.0459778272847125,597,What great husbands to pay for a get-a-way weekend! Bob even packed for me.
2009,845,10,27,122,159,1.2955974842767295,0.0459778272847125,597,It's AirbnBaggage.
1560,845,7,33,119,159,1.2955974842767295,0.04330272640519104,597,I always bring my comfort husband and comfort dog in my carry-on
2101,845,7,33,119,159,1.2955974842767295,0.04330272640519104,597,Neither one qualified as emotional support companions.
1479,845,8,31,120,159,1.2955974842767295,0.04421241465949171,597,They are so much happier than when we checked them
1171,845,11,25,123,159,1.2955974842767295,0.046835585805270565,597,"They think they are going with me, but I am checking them in on a different flight. See you at gate 'B' !"
835,845,11,25,123,159,1.2955974842767295,0.046835585805270565,597,He ate his return ticket.
1540,845,7,33,119,159,1.2955974842767295,0.04330272640519104,597,He doesn't know yet that he's spending the holidays in the kennel with Fluffy.
584,845,11,25,123,159,1.2955974842767295,0.046835585805270565,597,"Rick is aloof at home, but he meets my travel needs as a registered Emotional Support Boyfriend."
562,845,9,29,121,159,1.2955974842767295,0.0451037593324863,597,He claims it's more comfortable than flying coach.
434,845,6,35,118,159,1.2955974842767295,0.04237351316828499,597,We're working through some things right now.
258,845,7,33,119,159,1.2955974842767295,0.04330272640519104,597,He didn't qualify as an emotional support husband.
2550,861,7,34,122,163,1.294478527607362,0.042575314163946,597,"One goes in the overhead compartment, and the other stows safely underneath the seat back in front of me."
940,862,9,29,122,160,1.29375,0.04485903409851324,597,I've decided to just accept his baggage.
1691,862,4,39,117,160,1.29375,0.04023992021917146,597,"I love the new, larger overhead bins."
2404,864,6,34,117,157,1.2929936305732483,0.04263601794106621,597,We'll switch on the way back of course.
2383,864,8,30,119,157,1.2929936305732483,0.044510096163984346,597,"Best flight I ever had. No whiny husband and yapping dog, and only a hefty overweight bag fee."
2355,864,12,22,123,157,1.2929936305732483,0.048039420581846765,597,"I told him we were going to Disney World, but we're really going to the dentist...."
2307,864,10,26,121,157,1.2929936305732483,0.04630839335566878,597,The look of shock on the TSA Agent's face...it is the best part the trip for me
1885,864,12,22,123,157,1.2929936305732483,0.048039420581846765,597,"Sure we save money this way, but the best part is if the ""luggage"" gets lost, we get separate vacations and I get $100 for new clothes."
1718,864,11,24,122,157,1.2929936305732483,0.047181846217708094,597,I've been carrying around boyfriend baggage all day!
1681,864,11,24,122,157,1.2929936305732483,0.047181846217708094,597,I married him knowing he came with baggage.
2457,864,8,30,119,157,1.2929936305732483,0.044510096163984346,597,We flipped a coin to see who would go first class.
1508,864,8,30,119,157,1.2929936305732483,0.044510096163984346,597,"My fiancé is a mess but you know what they say, keep calm and carry-on."
1379,864,8,30,119,157,1.2929936305732483,0.044510096163984346,597,I have to. Otherwise they eat each other's food
888,864,11,24,122,157,1.2929936305732483,0.047181846217708094,597,When the baby arrives he is going to be a stay-at-home Dad
756,864,10,26,121,157,1.2929936305732483,0.04630839335566878,597,I upgraded to super extra economy. It allows a pet and a small person so long as they fit in your bag.
689,864,11,24,122,157,1.2929936305732483,0.047181846217708094,597,"Oh, I’m really not going anywhere. I’m just shipping Jim and Tiger off on a surprise trip to Honolulu."
588,864,8,30,119,157,1.2929936305732483,0.044510096163984346,597,I don't know. Danny said he and Roscoe were going to do something fun.
546,864,9,28,120,157,1.2929936305732483,0.045418145909484696,597,Best vacation souvenirs I ever got.
1650,864,9,28,120,157,1.2929936305732483,0.045418145909484696,597,We're really into the whole tiny home thing.
2597,880,7,32,119,158,1.2911392405063291,0.043346094827770375,597,My parents finally admitted being married to a contortionist has perks.
3075,881,10,25,120,155,1.2903225806451613,0.046645084224594915,597,"As long as the bag fits, they can fly free!"
3037,881,10,25,120,155,1.2903225806451613,0.046645084224594915,597,My husband and cat went FedEx overnight.
2940,881,8,29,118,155,1.2903225806451613,0.04481282764116549,597,"So far, so good. We made it past Homeland Security."
2599,881,8,29,118,155,1.2903225806451613,0.04481282764116549,597,My Emotional-Support Husband and his dog.
2287,881,11,23,121,155,1.2903225806451613,0.04753473532987144,597,I took your good idea: Now they all know if one misbehaves the flap goes up.
2024,881,6,33,116,155,1.2903225806451613,0.04290239107641971,597,I simply refuse to gate-check and they always cave.
2140,881,7,31,117,155,1.2903225806451613,0.04386801044765344,597,Do you think it was a typo when the airlines expanded their carry-on rules to include family and pets.
1142,881,9,27,119,155,1.2903225806451613,0.04573813181316198,597,So we figured out that paying for oversize luggage is actually cheaper than an additional seat...
1001,881,10,25,120,155,1.2903225806451613,0.046645084224594915,597,It still counts as just one carryon item.
894,881,8,29,118,155,1.2903225806451613,0.04481282764116549,597,They'll just keep looking at the front door until I get back.
286,881,4,37,114,155,1.2903225806451613,0.04090282140575768,597,I gave him options. This is what he chose.
280,881,12,21,122,155,1.2903225806451613,0.048408039037357235,597,He's my emotional support animal's comfort animal.
2019,881,10,25,120,155,1.2903225806451613,0.046645084224594915,597,John was such a sweetheart about our girls getaway. He even insisted on packing my bag.
2867,894,6,31,112,149,1.2885906040268456,0.043947371784862375,597,They're both certified therapy pets.
1611,895,6,33,117,156,1.2884615384615385,0.042667095141641895,597,Are you bringing a date?
2822,895,6,33,117,156,1.2884615384615385,0.042667095141641895,597,he's a lot less trouble this way
2326,897,7,30,116,153,1.2875816993464053,0.044157443605784004,597,"This way, I know where they are."
2353,897,7,30,116,153,1.2875816993464053,0.044157443605784004,597,The one time I wanted the airline to lose my luggage...they didn't!
2376,897,9,26,118,153,1.2875816993464053,0.04606385187768173,597,Crazy that I was able to get Frank to agree to a staycation with the puppy.
3097,897,4,36,113,153,1.2875816993464053,0.04113249189851598,597,Don't worry. I poked holes in the suitcase.
2763,897,3,38,112,153,1.2875816993464053,0.04007346475881489,597,I guess it'll take a while to lose the feeling of having the family in tow.
2913,897,11,22,120,153,1.2875816993464053,0.04789443677317868,597,"Finally, a wives weekend away---what could possibly go wrong?"
2127,897,7,30,116,153,1.2875816993464053,0.044157443605784004,597,He is most excited about rolling off the baggage claim ramp!
2719,897,7,30,116,153,1.2875816993464053,0.044157443605784004,597,Appreciate you coming along: the flight can get so lonely after they're stowed!
2027,897,5,34,114,153,1.2875816993464053,0.042164928575618224,597,"Sure, it costs a little more, but I can't go anywhere without my emotional baggage."
367,897,7,30,116,153,1.2875816993464053,0.044157443605784004,597,Two years ago they fit in carry-on.
1630,897,15,14,124,153,1.2875816993464053,0.051360240671574214,597,He won't take his shoes off.
956,897,11,22,120,153,1.2875816993464053,0.04789443677317868,597,’What happens in Vegas; stays in Vegas?’ Sure...We’ll go with that.
695,897,9,26,118,153,1.2875816993464053,0.04606385187768173,597,"So I said to my husband, 'Let ME return the little angels to your ex-wife'"
585,897,9,26,118,153,1.2875816993464053,0.04606385187768173,597,It's wonderful to finally date a man who doesn't bring along all his baggage.
439,897,9,26,118,153,1.2875816993464053,0.04606385187768173,597,"Got away pretty easy, only took a couple drinks and my husband and his best friend were in the bag."
324,897,8,28,117,153,1.2875816993464053,0.04512071739016899,597,I am so excited about our girl's weekend away.
124,897,10,24,119,153,1.2875816993464053,0.04698805977920887,597,Marriage is all about learning to handle your partner's baggage.
75,897,7,30,116,153,1.2875816993464053,0.044157443605784004,597,My husband likes the extra legroom.
1633,897,5,34,114,153,1.2875816993464053,0.042164928575618224,597,He said he could still fit into the suitcase we took to our honeymoon.
1995,916,10,23,117,150,1.2866666666666666,0.0476157876800411,597,My husband is staying with the dog.
1567,916,10,23,117,150,1.2866666666666666,0.0476157876800411,597,This trip was my therapist’s idea.
1344,916,6,31,113,150,1.2866666666666666,0.043695782427356215,597,This way his ticket comes with free X-rays.
1233,916,8,27,115,150,1.2866666666666666,0.045697837138805625,597,"At first, my husband was mad I was going to the girls spa weekend But when i left, he apologized and said he packed a present for me in my luggage."
974,916,9,25,116,150,1.2866666666666666,0.046666666666666676,597,I like to take something I can barter with the natives.
2177,916,6,31,113,150,1.2866666666666666,0.043695782427356215,597,"It was tough, but they both lost the weight."
633,916,4,35,111,150,1.2866666666666666,0.04159748171119138,597,It’s worth the baggage fee.
448,916,10,23,117,150,1.2866666666666666,0.0476157876800411,597,It’s our Christmas gift to ourselves; we pay $25 for checking the bag and save over $600 on airfare.
371,916,8,27,115,150,1.2866666666666666,0.045697837138805625,597,I see you’re still carrying your extra baggage around.
229,916,9,25,116,150,1.2866666666666666,0.046666666666666676,597,"No kids this year. Last year, I forgot to claim them."
162,916,6,31,113,150,1.2866666666666666,0.043695782427356215,597,This way I don't even mind the baggage fees.
660,916,9,25,116,150,1.2866666666666666,0.046666666666666676,597,They both refuse to fly coach.
36,928,3,36,108,147,1.2857142857142858,0.04095586993435685,597,My emotional support animal wouldn’t leave without his best friend.
2654,928,5,32,110,147,1.2857142857142858,0.04317127751539282,597,Bags fly free!
2803,930,8,27,116,151,1.2847682119205297,0.04543387446247395,597,"""They were all alone at the baggage claim and I just couldn't resist""."
2193,930,8,27,116,151,1.2847682119205297,0.04543387446247395,597,"So where it says ""woman seeking man"", you just check ""travel size."""
2861,930,11,21,119,151,1.2847682119205297,0.04826113975988858,597,It's worth the extra $50.
1827,930,9,25,117,151,1.2847682119205297,0.04639544341228343,597,The flight is really more enjoyable if you check them before boarding.
1578,930,12,19,120,151,1.2847682119205297,0.04916744686959096,597,"I left the cat at home, he's scared of flying."
762,930,8,27,116,151,1.2847682119205297,0.04543387446247395,597,This airline lets you carry on pets for free. I also decided to bring my dog.
189,930,10,23,118,151,1.2847682119205297,0.04733748398650847,597,"Just to make this trip, I had to sneak away from control-freak Charlie."
1941,930,11,21,119,151,1.2847682119205297,0.04826113975988858,597,It's the only way he'll go shopping with me.
3077,938,8,26,114,148,1.2837837837837838,0.04602266935891564,597,I'm just dropping him off. He's mailing himself back.
2043,938,6,30,112,148,1.2837837837837838,0.0439798677602105,597,No he wasn't upset about this trip. He even helped me pack.
2846,938,9,24,115,148,1.2837837837837838,0.047010794061335605,597,"Obviously it saves us money, but he does it for the extra leg room."
2817,938,6,30,112,148,1.2837837837837838,0.0439798677602105,597,I couldn't get the cat to come.
2649,938,10,22,116,148,1.2837837837837838,0.0479785725260198,597,The airline's new Steerage Class Plus is cheaper than Basic Economy and we can pick them up at baggage claim after the flight.
2373,938,11,20,117,148,1.2837837837837838,0.04892721211137803,597,He thinks I'm taking both of them to get tutored.
2269,938,8,26,114,148,1.2837837837837838,0.04602266935891564,597,I love that the airlines now allow two service pets!
2268,938,6,30,112,148,1.2837837837837838,0.0439798677602105,597,He hates flying but loves the risk of getting caught.
1835,938,6,30,112,148,1.2837837837837838,0.0439798677602105,597,"Like I said, Sarah...there are advantages to being married to a short husband."
3038,938,4,34,110,148,1.2837837837837838,0.04183744066612026,597,I think 50 bucks for checked baggage is a bargain.
1627,938,10,22,116,148,1.2837837837837838,0.0479785725260198,597,He said he wanted to travel with his best friend.
285,938,12,18,118,148,1.2837837837837838,0.04985780529013498,597,He actually prefers the larger space he gets flying this way.
669,938,8,26,114,148,1.2837837837837838,0.04602266935891564,597,I had to practically starve them to get below the 50 pound limit.
1705,938,4,34,110,148,1.2837837837837838,0.04183744066612026,597,This way my bag's never unattended.
457,938,11,20,117,148,1.2837837837837838,0.04892721211137803,597,They're trying out Baggage Class.
724,938,8,26,114,148,1.2837837837837838,0.04602266935891564,597,I hope they won't make me check the luggage.
712,938,8,26,114,148,1.2837837837837838,0.04602266935891564,597,I didn't think I'd ever be able to get away for a girls weekend!
1049,938,10,22,116,148,1.2837837837837838,0.0479785725260198,597,When I said I carry a lot of baggage because of him...
1256,938,7,28,113,148,1.2837837837837838,0.04501285851357185,597,I got the family pack.
1281,938,7,28,113,148,1.2837837837837838,0.04501285851357185,597,"It raises some eyebrows at security, but at least I can keep my shoes on."
1336,938,5,32,111,148,1.2837837837837838,0.04292202354093255,597,What do I have in my bag? Just some ladies things.
1456,938,7,28,113,148,1.2837837837837838,0.04501285851357185,597,"They run around and play all day, but if they need to walk somewhere they're suddenly too tired."
910,938,8,26,114,148,1.2837837837837838,0.04602266935891564,597,I'm hoping this trip will help me lose some baggage from my last relationship.
2594,961,8,24,109,141,1.2836879432624113,0.04756080855185876,597,Next vacation will be my idea.
855,962,6,31,115,152,1.2828947368421053,0.04320079968678176,597,Airport security has really gone down.
1552,962,5,33,114,152,1.2828947368421053,0.04218021713833118,597,Returns are on the 3rd floor
1666,964,7,27,111,145,1.282758620689655,0.045594674644364834,597,I told Jake this is a girlfriend vacation and he has to stay home with the dog.
2586,965,6,30,113,149,1.2818791946308725,0.04372520355343353,597,"Since we live in Brooklyn, it reminds him of the comforts of home."
718,965,9,24,116,149,1.2818791946308725,0.04673304602196192,597,I seem to carry a lot of baggage from my previous relationship.
1491,965,10,22,117,149,1.2818791946308725,0.04769352484413388,597,I am one zipper away from a relaxing flight.
791,965,7,28,114,149,1.2818791946308725,0.04475028656172384,597,"When he said ""fun size"" on Tinder, it's not what I had in mind."
652,965,12,18,119,149,1.2818791946308725,0.049558669828723464,597,Who needs coach when we have Gucci!
2318,965,11,20,118,149,1.2818791946308725,0.0486350391551731,597,I'm really looking forward to our girl's weekend away.
1978,971,8,25,113,146,1.2808219178082192,0.04635321730325652,597,We all have baggage! Mine is falling in love with dogs at guy parks.
2957,971,10,21,115,146,1.2808219178082192,0.04834839580525957,597,"The airfare is low, but they get you with emotional baggage fee."
2836,971,7,27,112,146,1.2808219178082192,0.045322703395465715,597,"Yeah, for just another $100 you can also register for TSA Pre-K."
2652,971,4,33,109,146,1.2808219178082192,0.0420800131797113,597,I've had Jimmy on a diet for two weeks so we could get under that 50 pound limit.
2641,971,7,27,112,146,1.2808219178082192,0.045322703395465715,597,Thank goodness I had Pre-Check.
2613,971,9,23,114,146,1.2808219178082192,0.04736131401948726,597,It was either this or the kennel.
2270,971,8,25,113,146,1.2808219178082192,0.04635321730325652,597,"He wasn't pulling his own weight, so I left him."
2204,971,7,27,112,146,1.2808219178082192,0.045322703395465715,597,My mother always thought of him as excess baggage. I guess she was right.
1954,971,12,17,117,146,1.2808219178082192,0.05026444070633993,597,You know the suitcase is actually more comfortable than the seats on Frontier.
1600,971,12,17,117,146,1.2808219178082192,0.05026444070633993,597,Bob said he didn't like the kennel on my last trip.
1647,971,10,21,115,146,1.2808219178082192,0.04834839580525957,597,I'm letting the TSA handle this situation.
1308,971,7,27,112,146,1.2808219178082192,0.045322703395465715,597,You came with a lot of baggage.
1156,971,6,29,111,146,1.2808219178082192,0.04426820678301526,597,Who says you can't take it with you.
1147,971,7,27,112,146,1.2808219178082192,0.045322703395465715,597,"Before all of the baggage fees, we used to save a LOT of money."
841,971,9,23,114,146,1.2808219178082192,0.04736131401948726,597,It’s in the pre-nup so it’s moot but I threw in the dog as an upgrade.
757,971,9,23,114,146,1.2808219178082192,0.04736131401948726,597,"Yeah, he was miffed when I explained it was a girls only cruise but someone had to take care of the dog."
571,971,7,27,112,146,1.2808219178082192,0.045322703395465715,597,"For our family, getting there is half the fun."
1809,971,10,21,115,146,1.2808219178082192,0.04834839580525957,597,I am SO looking forward to this getaway weekend with you.
269,971,5,31,110,146,1.2808219178082192,0.04318797078463212,597,What is it with you and shorter men?
396,990,6,28,109,143,1.2797202797202798,0.044830897352064594,597,All my boyfriends have been crate-trained.
346,991,11,19,117,147,1.2789115646258504,0.0490163355276326,597,"At last, a getaway for just the two of us!"
1012,992,0,39,101,140,1.2785714285714285,0.03802397840166047,597,It's a bitch to keep him happy in the overhead compartment.
2678,993,6,28,110,144,1.2777777777777777,0.04456084214122663,597,I pack light...just a few of my favorite things.
2402,993,8,24,112,144,1.2777777777777777,0.04668960105404107,597,"And then he said, ""hey, things have been rolling along so smoothly between us, let's get a dog."""
912,993,10,20,114,144,1.2777777777777777,0.04872544551705718,597,Grab 'em by the bag. You can do anything.
929,993,7,26,111,144,1.2777777777777777,0.04563763523080941,597,I'm hoping they don't allow excess baggage.
700,993,9,22,113,144,1.2777777777777777,0.047718381612441664,597,"Best vacation ever coming up: no dog, no boyfriend, just you, my BFF."
1216,993,13,14,117,144,1.2777777777777777,0.05162890984914362,597,"In the midst of yet another sexual harassment accusation, Tintin and his faithful companion take desperate measures to escape the U.S. undetected. “For Gods sake, Snowy, GET BACK inside!”"
1568,999,6,29,113,148,1.277027027027027,0.04374976263528806,597,"I was shocked when Bob said ok to me taking a weekend with the girls. He didn't even mind taking care of Bobby. In fact, he was so supportive he insisted on packing my bags. Seeing his excitement you would think he was the one getting a break!"
1394,1000,7,22,101,130,1.2769230769230768,0.04885740952771086,597,We learned this pose in our yoga class and we're saving a fortune on plane fares.
1416,1000,7,22,101,130,1.2769230769230768,0.04885740952771086,597,"He's kind, sweet and funny. And really, really cheap."
3069,1002,10,19,112,141,1.2765957446808511,0.049420535807965946,597,They just really enjoy going through the x-ray and being detained by TSA. It’s their thing.
549,1002,5,29,107,141,1.2765957446808511,0.04399776979095477,597,He's hoping my luggage is misdirected to Hawaii.
3107,1002,8,23,110,141,1.2765957446808511,0.047326051117318114,597,Well one of them is really more baggage than the other.
2741,1002,8,23,110,141,1.2765957446808511,0.047326051117318114,597,"Yes, we miss the frequent flier miles but everyone sleeps better this way."
2250,1002,8,23,110,141,1.2765957446808511,0.047326051117318114,597,We're taking the tiny living thing to a whole new level.
2098,1002,7,25,109,141,1.2765957446808511,0.046243248066774996,597,They do have the best Duty Free.
1404,1002,8,23,110,141,1.2765957446808511,0.047326051117318114,597,So much of my life is baggage that's too big for carry-on!
694,1002,8,23,110,141,1.2765957446808511,0.047326051117318114,597,This is the last time I'm doing this. The baggage fees cost more than a plane ticket.
466,1010,9,22,114,145,1.2758620689655173,0.04742685295581093,597,My husband is with the checked luggage.
715,1010,5,30,110,145,1.2758620689655173,0.04319912752406008,597,They are so much easier to keep track of this way.
993,1010,6,28,111,145,1.2758620689655173,0.04429390544367285,597,I really like our airline's new carry-on policy.
2865,1013,2,34,102,138,1.2753623188405796,0.04084181872256817,597,"The special fare on the website read ""kids and pets fly for free,"" with one small catch."
594,1013,5,28,105,138,1.2753623188405796,0.044557981607767055,597,Once we get to the hotel the dog will have the suitcase to himself.
570,1015,6,27,109,142,1.2746478873239437,0.044857810626764444,597,I actually can take him anywhere.
2758,1015,6,27,109,142,1.2746478873239437,0.044857810626764444,597,I told him he was acting like a child and wasn't pulling his weight in our relationship.
1485,1017,5,28,106,139,1.2733812949640289,0.04428059480857658,597,"No, my ex. He came with a lot of baggage."
1548,1017,10,18,111,139,1.2733812949640289,0.049820609684927596,597,I can't wait to get home and do the laundry. My clothes smell like wet dog.
1923,1017,7,24,108,139,1.2733812949640289,0.04657574374835,597,I don't worry about the dog getting lost because he has separate tags.
3057,1017,7,24,108,139,1.2733812949640289,0.04657574374835,597,"Don't worry, they both calm down when i get them in their service vests."
2579,1017,5,28,106,139,1.2733812949640289,0.04428059480857658,597,I got him the dog the keep him company on those long flights.
2813,1017,10,18,111,139,1.2733812949640289,0.049820609684927596,597,My new rewards card has no fees on emotional baggage.
3010,1017,7,24,108,139,1.2733812949640289,0.04657574374835,597,Time flies! They used to fit in carry-on.
1481,1017,11,16,112,139,1.2733812949640289,0.050856244099748586,597,"No problem, Just say there our emotional support animals"
2085,1017,4,30,105,139,1.2733812949640289,0.043087198354569624,597,He was not cut out to be a stay-at-home-dad.
1477,1017,6,26,107,139,1.2733812949640289,0.04544266157650377,597,It's a surprise visit
2663,1017,8,22,109,139,1.2733812949640289,0.04768190768276031,597,"Well sure feels good to be getting away without the husband and the dog , just need a break."
1339,1017,5,28,106,139,1.2733812949640289,0.04428059480857658,597,They are trained to play dead when we hit security.
1338,1017,7,24,108,139,1.2733812949640289,0.04657574374835,597,Ignore them. They’re just carrying-on
1029,1017,10,18,111,139,1.2733812949640289,0.049820609684927596,597,I'm headed to a dog and Tony show. You?
642,1017,3,32,104,139,1.2733812949640289,0.04185979273110075,597,It’s much cheaper to pay the baggage fee.
586,1017,8,22,109,139,1.2733812949640289,0.04768190768276031,597,Whoever gets my bag is bound to be disappointed.
420,1017,10,18,111,139,1.2733812949640289,0.049820609684927596,597,Why? What did you think AirBNB was?
213,1017,12,14,113,139,1.2733812949640289,0.05187120567799177,597,I've really been looking forward to getting away on my own.
342,1017,6,26,107,139,1.2733812949640289,0.04544266157650377,597,It's the only way I can get them out of the house.
300,1017,11,16,112,139,1.2733812949640289,0.050856244099748586,597,I am really looking forward for some time away from them
282,1017,9,20,110,139,1.2733812949640289,0.04876298529440736,597,But they are my baggage...
265,1017,7,24,108,139,1.2733812949640289,0.04657574374835,597,I checked it to Baghdad. Seemed appropriate.
1391,1017,5,28,106,139,1.2733812949640289,0.04428059480857658,597,"Once I check them in, I don't have to worry about either one."
1870,1040,8,18,99,125,1.272,0.05127534778353611,597,I love the one bag free policy.
2905,1041,10,18,112,140,1.2714285714285714,0.049501997990195196,597,It's take your child to work day.
2117,1041,6,26,108,140,1.2714285714285714,0.04515914207938474,597,It's a win-win. I get extra peanuts and they get a baggage reclaim thrill ride.
1143,1041,8,22,110,140,1.2714285714285714,0.04738035414793428,597,They are a team. He is a therapy kid.
2069,1041,8,22,110,140,1.2714285714285714,0.04738035414793428,597,The TSA is really falling down on the job.
444,1041,8,22,110,140,1.2714285714285714,0.04738035414793428,597,No problem. We live in a NYC micro apartment.
353,1041,6,26,108,140,1.2714285714285714,0.04515914207938474,597,You know I used to have a minivan.
167,1041,7,24,109,140,1.2714285714285714,0.046283075051954635,597,"After arguing about who gets the armrest, we came to a compromise."
579,1041,9,20,111,140,1.2714285714285714,0.048452790240629914,597,"Gee,I think a 25 buck surcharge for a bag is a heck of a good deal"
2938,1049,5,27,105,137,1.27007299270073,0.04456705721226428,597,I can’t seem to get rid of my emotional baggage.
2309,1049,6,25,106,137,1.27007299270073,0.04575548923918324,597,He's still young enough for the overhead.
2414,1049,6,25,106,137,1.27007299270073,0.04575548923918324,597,By admitting they're excess baggage I don't mind if they come along.
2451,1049,9,19,109,137,1.27007299270073,0.049148666476155164,597,It should be fine. They're both wearing their emotional support vests.
2616,1049,6,25,106,137,1.27007299270073,0.04575548923918324,597,"""I ran out of frequent flyer miles""."
2644,1049,12,13,112,137,1.27007299270073,0.05232225183659112,597,"After the accident, I really missed their legs, but we've saved so much on airfare, it's almost been worth it."
2889,1049,5,27,105,137,1.27007299270073,0.04456705721226428,597,TSA he-check is a game changer.
2225,1049,7,23,107,137,1.27007299270073,0.04691382528075054,597,He always whines and whimpers when stow away alone. That’s why I got Trixie.
2891,1049,5,27,105,137,1.27007299270073,0.04456705721226428,597,My husband is bringing the twins.
2902,1049,8,21,108,137,1.27007299270073,0.048044242208911604,597,My darling husband's minding the kids and the dog.
2909,1049,6,25,106,137,1.27007299270073,0.04575548923918324,597,A toy poodle and a toy husband.
3082,1049,10,17,110,137,1.27007299270073,0.0502288126809714,597,It's just a new way to tick off my parents.
2666,1049,4,29,104,137,1.27007299270073,0.04334605381814431,597,I looked into it again; this is still cheaper than kennels.
2163,1049,7,23,107,137,1.27007299270073,0.04691382528075054,597,He wanted more leg room.
106,1049,5,27,105,137,1.27007299270073,0.04456705721226428,597,How long has your family worked for Cirque Du Soleil?
1814,1049,6,25,106,137,1.27007299270073,0.04575548923918324,597,...and this saves us enough money for me to fly first class!
1848,1049,8,21,108,137,1.27007299270073,0.048044242208911604,597,Two service animals! What's your secret?
315,1049,7,23,107,137,1.27007299270073,0.04691382528075054,597,Boy toys are in this season.
728,1049,2,33,102,137,1.27007299270073,0.040794558064696736,597,Oh them? It makes the flight so much quieter and relaxing for me this way.
803,1049,8,21,108,137,1.27007299270073,0.048044242208911604,597,I probably shouldn't have said they could tag along if they wanted to.
840,1049,8,21,108,137,1.27007299270073,0.048044242208911604,597,We had our lawyer read the baggage allowance rules.
885,1049,6,25,106,137,1.27007299270073,0.04575548923918324,597,"We call it ""bundling"", saves a bundle when we travel. Poke a few air holes in the bag and we're good to go."
771,1049,9,19,109,137,1.27007299270073,0.049148666476155164,597,"Fed Ex would be cheaper, but that's just inhumne."
1111,1049,8,21,108,137,1.27007299270073,0.048044242208911604,597,"I know I had to pay for the checked bag, but the flight is so much more quiet this way."
1310,1049,7,23,107,137,1.27007299270073,0.04691382528075054,597,It’s our family’s way of getting around Trump’s travel ban.
1401,1049,6,25,106,137,1.27007299270073,0.04575548923918324,597,"Honestly, this is so much easier for all of us"
1407,1049,10,17,110,137,1.27007299270073,0.0502288126809714,597,"You got your husband, both kids, and your dogs into that little thing? I'm impressed!"
1539,1049,6,25,106,137,1.27007299270073,0.04575548923918324,597,"The website offers registrations for emotional support animals. I think my boyfriend qualifies, don’t you?"
897,1049,8,21,108,137,1.27007299270073,0.048044242208911604,597,"They made me take out my laptop, but not a word about lapdogs!"
919,1078,8,22,111,141,1.2695035460992907,0.04708249311005425,597,Then he said that the only way he would date a woman with as much baggage as me would be if he could live in it.
1863,1079,8,20,106,134,1.2686567164179106,0.04873460969450579,597,This is going to be the best taxidermy convention ever.
3028,1079,7,22,105,134,1.2686567164179106,0.04756933183724331,597,"I will miss them, of course, but I needed to get away."
2896,1079,7,22,105,134,1.2686567164179106,0.04756933183724331,597,"If I had to say goodbye to them every time I left, I'd never get to go anywhere."
2706,1079,9,18,107,134,1.2686567164179106,0.049872668193208444,597,"Oh, my husband's inside the regular luggage already checked in. Saves a ton."
2303,1079,6,24,104,134,1.2686567164179106,0.04637478281143451,597,He decided that it's better than coach.
2084,1079,8,20,106,134,1.2686567164179106,0.04873460969450579,597,The kids are on another flight
1230,1079,7,22,105,134,1.2686567164179106,0.04756933183724331,597,"Don't worry, they're baggage-trained."
1347,1079,9,18,107,134,1.2686567164179106,0.049872668193208444,597,You ever feel like your whole life is just some setup to a joke.
626,1079,7,22,105,134,1.2686567164179106,0.04756933183724331,597,I like Southwest because they allow one free bag check.
1927,1079,3,30,101,134,1.2686567164179106,0.04259058497961232,597,"Don't worry, I have ""service"" vests for BOTH of them."
408,1079,5,26,103,134,1.2686567164179106,0.045148639294819,597,He says I’m not giving him enough space.
359,1079,7,22,105,134,1.2686567164179106,0.04756933183724331,597,Soon I'll be aboard my favorite airline. They lose lots of luggage.
272,1079,7,22,105,134,1.2686567164179106,0.04756933183724331,597,"Guys, zip it."
260,1079,7,22,105,134,1.2686567164179106,0.04756933183724331,597,He is having a hard time accepting that I just can't carry on with the relationship anymore.
85,1079,7,22,105,134,1.2686567164179106,0.04756933183724331,597,We read on a blog how to travel affordably.
759,1079,8,20,106,134,1.2686567164179106,0.04873460969450579,597,A handful of Xanax in their kibbles and they never need to pee until we get to Frankfurt.
574,1095,8,21,109,138,1.2681159420289856,0.047734959617319994,597,yes i packed the dope!
2112,1095,6,25,107,138,1.2681159420289856,0.04546485812221544,597,"Codependent? No, I don't think so. Why do you ask?"
2393,1095,10,17,111,138,1.2681159420289856,0.049901897912415734,597,"""I couldn't believe it. Fred only weighs 41 pounds!"
2875,1098,6,24,105,135,1.2666666666666666,0.04607298269767254,597,They've grown so much recently. I used to be able to take them in carry-ons.
2630,1098,6,24,105,135,1.2666666666666666,0.04607298269767254,597,"I knew he was cheap when I married him, but this is over the line....."
1332,1098,9,18,108,135,1.2666666666666666,0.04954184789852578,597,Thank god I won't have to see that moron Tintin and his idiot dog Snowy ever again.
736,1098,8,20,107,135,1.2666666666666666,0.04841318388297882,597,"Milwaukee? No, no, no. After I check my bag, I'm turning around and heading straight home to binge watch ""Game of Thrones""."
1984,1098,6,24,105,135,1.2666666666666666,0.04607298269767254,597,There wasn't enough room in my hand luggage
3105,1103,8,19,105,132,1.2651515151515151,0.04911882386454116,597,He said they needed a little space.
2736,1103,8,19,105,132,1.2651515151515151,0.04911882386454116,597,"Yes, I'm hoping for a luggage gate check"
2655,1103,8,19,105,132,1.2651515151515151,0.04911882386454116,597,"Well, I have to give it a shot...when I told him to bring his passport, I didn't realize his dog's name was actually Passport."
2575,1103,4,27,101,132,1.2651515151515151,0.044158998786431834,597,"He ain't heavy, he's my brother."
2210,1103,6,23,103,132,1.2651515151515151,0.04670479649701895,597,He's much less likely to get dragged off this way.
2494,1103,10,15,107,132,1.2651515151515151,0.051419643132208565,597,They both have to be Service Certified.
2421,1103,3,29,100,132,1.2651515151515151,0.042829391226308085,597,It's cheaper than paying a sitter.
2262,1103,9,17,106,132,1.2651515151515151,0.05028239531724548,597,And my husband even packed for me!
2256,1103,6,23,103,132,1.2651515151515151,0.04670479649701895,597,I'm so glad I dumped him and can live my new life single!
2002,1103,8,19,105,132,1.2651515151515151,0.04911882386454116,597,"Once it's checked, no worries."
1325,1103,5,25,102,132,1.2651515151515151,0.045449726014839965,597,"For the extra legroom, it was worth it!"
1836,1103,6,23,103,132,1.2651515151515151,0.04670479649701895,597,I've checked. The TSA restrictions say nothing about a man and his best friend.
1810,1103,7,21,104,132,1.2651515151515151,0.04792701155749111,597,I'm paying higher baggage fees since my therapy dog started traveling with his therapy human.
1689,1103,7,21,104,132,1.2651515151515151,0.04792701155749111,597,"Hey, we all have baggage..."
1544,1103,5,25,102,132,1.2651515151515151,0.045449726014839965,597,"I just said ""fetch"", and this is what he brought back."
1525,1103,7,21,104,132,1.2651515151515151,0.04792701155749111,597,My boyfriend is watching my dog this week.
1340,1103,9,17,106,132,1.2651515151515151,0.05028239531724548,597,Told them both we were going for a ride in a flying car.
1182,1103,6,23,103,132,1.2651515151515151,0.04670479649701895,597,His fear of walking is greater than his fear of flying.
744,1103,9,17,106,132,1.2651515151515151,0.05028239531724548,597,"Unfortunately, he doesn't qualify as a companion animal."
95,1103,6,23,103,132,1.2651515151515151,0.04670479649701895,597,"""We're not worried about overbooked flights - Just Keep calm and Carryon""."
1939,1103,3,29,100,132,1.2651515151515151,0.042829391226308085,597,"They seem to fit fine in older McDonnell Douglas DC-9s and most Boeing planes, but the wheels make it difficult in Airbus's A320."
1781,1124,9,18,109,136,1.2647058823529411,0.04921529567847503,597,I can't wait to check my baggage.
3011,1124,6,24,106,136,1.2647058823529411,0.04577497070560295,597,Hope they fit in the overhead.
1749,1126,8,17,100,125,1.264,0.050982602978384826,597,"Sure, it's heavy. But so is our relationship."
1380,1127,1,32,96,129,1.2635658914728682,0.0404663042981029,597,Holiday flights are so expensive so thank goodness for Luggage Class!
542,1127,2,30,97,129,1.2635658914728682,0.041936211256555035,597,It's the new emotional support dog series from Samsonite.
3053,1127,6,22,101,129,1.2635658914728682,0.047361819418023005,597,It's cheaper if they fly as a carry-on.
2914,1127,5,24,100,129,1.2635658914728682,0.046065365596917485,597,Yeah ... everything but the kitchen sink.
3054,1131,5,25,103,133,1.263157894736842,0.045150739708304057,597,"Of course, I zip it up before I check it at the gate."
2554,1131,6,23,104,133,1.263157894736842,0.046395155595813774,597,I told him he could come along if he was a good boy...
2107,1131,5,25,103,133,1.263157894736842,0.045150739708304057,597,It was between this and a staycation.
1498,1131,6,23,104,133,1.263157894736842,0.046395155595813774,597,I'm really looking forward to this weekend away without Jeff.
731,1131,8,19,106,133,1.263157894736842,0.048788859341711004,597,"Just out of curiosity, when you say the baggage is not pressurized, what do you mean?"
604,1131,4,27,102,133,1.263157894736842,0.043871039760350776,597,We're getting ourselves accustomed to the airline's new micro-economy seats.
173,1131,6,23,104,133,1.263157894736842,0.046395155595813774,597,They hate it when I have to check them....
1625,1131,8,19,106,133,1.263157894736842,0.048788859341711004,597,We don't have a flight to catch. It's just part of our staycation experience.
655,1139,2,29,95,126,1.2619047619047619,0.042431751257038984,597,The overhead luggage charge is less than the price of a seat.
941,1140,7,20,103,130,1.2615384615384615,0.04829081816580638,597,"I would take him as my carry-on, but 60% of him is liquid."
2518,1140,3,28,99,130,1.2615384615384615,0.043069255642691595,597,It solves their separation anxiety issues.
2507,1140,5,24,101,130,1.2615384615384615,0.04575458392739736,597,He's the emotional support toddler for my emotional support dog.
2495,1140,5,24,101,130,1.2615384615384615,0.04575458392739736,597,Glad we came here so early to get through security without any hassles.
2454,1140,6,22,102,130,1.2615384615384615,0.04703979735018118,597,"He's not on the no-fly list, but he is made up of 60% water, so there could be a problem."
2247,1140,9,16,105,130,1.2615384615384615,0.050700338143613036,597,I told them it was a new type of wheelchair and an assistance animal and they bought it.
1671,1140,5,24,101,130,1.2615384615384615,0.04575458392739736,597,"I finally said yes, but only if the both wore a diaper."
1424,1140,5,24,101,130,1.2615384615384615,0.04575458392739736,597,"I gate check them, that way they get handed back to me in the jetway. So much easier than the overhead."
870,1140,7,20,103,130,1.2615384615384615,0.04829081816580638,597,Since they dropped their baggage fees my family travels with me everywhere.
1296,1140,6,22,102,130,1.2615384615384615,0.04703979735018118,597,"Let me ask you a question, Daphne: do you think the x-ray machine will hurt my dog?"
816,1140,7,20,103,130,1.2615384615384615,0.04829081816580638,597,I have a lot of baggage from my previous marriage.
223,1140,9,16,105,130,1.2615384615384615,0.050700338143613036,597,Thank goodness I left him and the dog at home.
231,1140,3,28,99,130,1.2615384615384615,0.043069255642691595,597,I thought having a dog was a chore!
232,1140,5,24,101,130,1.2615384615384615,0.04575458392739736,597,It was either this or a FedEx box.
235,1140,5,24,101,130,1.2615384615384615,0.04575458392739736,597,He forgot our anniversary again.
861,1140,5,24,101,130,1.2615384615384615,0.04575458392739736,597,They wouldn't let me check it.
460,1140,8,18,104,130,1.2615384615384615,0.0495102383704607,597,I've got a lot of baggage.
238,1140,6,22,102,130,1.2615384615384615,0.04703979735018118,597,It was either $50 for the bag or $500 for another ticket. What would you do?
705,1140,8,18,104,130,1.2615384615384615,0.0495102383704607,597,Thank God for airline deregulation.
553,1140,6,22,102,130,1.2615384615384615,0.04703979735018118,597,The best thing is seeing their little tails wag when I pick them up after my trip.
598,1140,4,26,100,130,1.2615384615384615,0.04443221090596759,597,friend's fly free
845,1161,9,17,108,134,1.2611940298507462,0.04960748691599403,597,Doesn't YOUR husband need any air ?
2351,1162,9,18,111,138,1.2608695652173914,0.048574678586445305,597,They really look forward to going through the x-ray machine.
397,1163,5,24,102,131,1.2595419847328244,0.045447841681542034,597,The best part is the mandatory quarentine.
918,1163,5,24,102,131,1.2595419847328244,0.045447841681542034,597,It's not the fare; it's the extra leg room.
1192,1163,4,26,101,131,1.2595419847328244,0.04413690634167973,597,Oh just a couple little things at duty free.
1480,1163,5,24,102,131,1.2595419847328244,0.045447841681542034,597,"It was easy. I told him it was over, and that he and his flea-bitten mutt needed to pack it up and move it on out before I left for vacation."
2229,1167,5,23,100,128,1.2578125,0.04606313835709762,597,He's always been a big lug.
1878,1167,5,23,100,128,1.2578125,0.04606313835709762,597,"Yes, he does have some baggage."
1987,1167,8,17,103,128,1.2578125,0.049908989205293415,597,Where do we drop off our baggage?
2014,1167,8,17,103,128,1.2578125,0.049908989205293415,597,He's been baggage ever since we married.
2032,1167,5,23,100,128,1.2578125,0.04606313835709762,597,"Yeah, its cramped but the LOVE the carousel."
2167,1167,4,25,99,128,1.2578125,0.04470773109029495,597,It only works if your husband is less than 24 inches.
2961,1167,4,25,99,128,1.2578125,0.04470773109029495,597,There's a low bar for becoming a service animal these days.
2897,1167,7,19,102,128,1.2578125,0.048660823127348575,597,This is how we roll.
2948,1167,8,17,103,128,1.2578125,0.049908989205293415,597,Wheeled luggage changed my life.
3086,1167,6,21,101,128,1.2578125,0.04737978694937442,597,"He seemed very excited for me to go on this girl's weekend to the Bahamas! Why, he even helped me pack my luggage!"
3091,1167,8,17,103,128,1.2578125,0.049908989205293415,597,"Hey, I'm not the only one who has baggage."
1804,1167,5,23,100,128,1.2578125,0.04606313835709762,597,I always bring mine here to ride the free carousel.
2668,1167,5,23,100,128,1.2578125,0.04606313835709762,597,We only had enough frequent flyer miles for one ticket.
1661,1167,6,21,101,128,1.2578125,0.04737978694937442,597,I know it's risky but I have a suitcase and TWO personal items to put in overhead storage.
2751,1167,6,21,101,128,1.2578125,0.04737978694937442,597,We're testing their 'Friendly Skies' spiel.
381,1167,7,19,102,128,1.2578125,0.048660823127348575,597,"I can't wait to get this vacation started, even though I do feel a little guilty about leaving the dog and the old man behind."
112,1167,7,19,102,128,1.2578125,0.048660823127348575,597,And the x-ray showed they are both cavity free!
121,1167,5,23,100,128,1.2578125,0.04606313835709762,597,"Much cheaper, overseas, for neutering."
137,1167,6,21,101,128,1.2578125,0.04737978694937442,597,... and we also get priority boarding.
38,1167,7,19,102,128,1.2578125,0.048660823127348575,597,"Actually, I don't mind the baggage fees."
442,1167,7,19,102,128,1.2578125,0.048660823127348575,597,I don't think turbulence is your biggest worry.
482,1167,8,17,103,128,1.2578125,0.049908989205293415,597,I told him to Keep Calm and Carry On.
1598,1167,7,19,102,128,1.2578125,0.048660823127348575,597,They call them stowaway seats.
907,1167,10,13,105,128,1.2578125,0.05231606058965142,597,I checked Charlie and the twins.
1114,1167,4,25,99,128,1.2578125,0.04470773109029495,597,Carry on is what you make it!
1181,1167,4,25,99,128,1.2578125,0.04470773109029495,597,"""He's a man-child,"" they said. ""Don't marry him,"" they said."
1242,1167,4,25,99,128,1.2578125,0.04470773109029495,597,"It's hard to link a guy in a suitcase to a Trump-bashing political statement, Judy, but I'm sure we can find a way."
1297,1167,8,17,103,128,1.2578125,0.049908989205293415,597,They did find my toothpaste.
1351,1167,7,19,102,128,1.2578125,0.048660823127348575,597,They don’t charge you for an ‘emotional support’ boyfriend.
644,1167,8,17,103,128,1.2578125,0.049908989205293415,597,I left my husband at home with the dog. He hates the cost of flying.
1260,1197,6,20,99,125,1.256,0.04806447282959729,597,I don't have it as easy as those helicopter parents.
1794,1197,7,18,100,125,1.256,0.04938851897406534,597,The downside is no Frequent Flyer Miles.
2057,1197,5,22,98,125,1.256,0.0467029045169846,597,I can’t wait to see Henry again! I have a special surprise for him...
2294,1197,5,22,98,125,1.256,0.0467029045169846,597,"Even with exorbitant bag fees, it’s cheaper this way."
2700,1197,5,22,98,125,1.256,0.0467029045169846,597,I don't mind checking them.
2416,1197,7,18,100,125,1.256,0.04938851897406534,597,Do you smell something?
2453,1197,4,24,97,125,1.256,0.04530043081757682,597,My husband’s in luggage.
1196,1197,6,20,99,125,1.256,0.04806447282959729,597,I had to get away. I felt like the family was suffocating me.
2910,1197,4,24,97,125,1.256,0.04530043081757682,597,I'm sorry. I promise I'll tell him about us when I get back.
2313,1197,4,24,97,125,1.256,0.04530043081757682,597,"I couldn't check him in, he's too fragile."
1032,1197,3,26,96,125,1.256,0.04385312730232073,597,"Oh, you know, I pack everything....just in case."
555,1197,7,18,100,125,1.256,0.04938851897406534,597,"When we get to Hawaii, I'll leave the bag on the carousel for a few days"
909,1197,3,26,96,125,1.256,0.04385312730232073,597,They'll do anything to avoid flying economy class.
676,1197,4,24,97,125,1.256,0.04530043081757682,597,"'Too much baggage,' he said, so I left him!"
658,1197,7,18,100,125,1.256,0.04938851897406534,597,We met when he fell off the baggage carousel.
564,1197,6,20,99,125,1.256,0.04806447282959729,597,"I told him ""lf I were you, I'd leave the dog at the kennel"""
2983,1197,5,22,98,125,1.256,0.0467029045169846,597,I'm stuffing them into the overhead bin and then I'm getting drunk in first class.
522,1197,6,20,99,125,1.256,0.04806447282959729,597,It will be nice to get a break from the new boyfriend and his puppy.
236,1197,5,22,98,125,1.256,0.0467029045169846,597,"When I get there, I only unpack what I need as I need it"
156,1197,5,22,98,125,1.256,0.0467029045169846,597,He said it worked at the drive-in movies.
1195,1197,5,22,98,125,1.256,0.0467029045169846,597,I told them I was bringing 2 animals on board.
2997,1197,5,22,98,125,1.256,0.0467029045169846,597,I'm hoping to be stopped at customs
536,1219,7,19,103,129,1.255813953488372,0.048323479223998766,597,"No, I don't bring a family picture for the hotel room."
1486,1219,4,25,100,129,1.255813953488372,0.044404803245696116,597,I checked my husband.
2022,1219,5,23,101,129,1.255813953488372,0.04574833966710416,597,"Very romantic that your husband leaves cute notes in your bag when you travel. Mine does too, like “Help!” and “SOS!”"
1844,1219,8,17,104,129,1.255813953488372,0.04956089865327294,597,It's the only way I can sleep on a plane.
190,1219,6,21,102,129,1.255813953488372,0.047053529233251866,597,There were only middle seats left.
1919,1219,6,21,102,129,1.255813953488372,0.047053529233251866,597,I'm really looking forward to our girlfriend's weekend. There's so much old baggage from my last relationship that I still need to unpack.
127,1225,5,21,96,122,1.2540983606557377,0.04736874836158813,597,At least checked bags are still free.
2109,1225,1,29,92,122,1.2540983606557377,0.04125368266964652,597,Girl's weekends just aren't the same since I got married
1103,1225,2,27,93,122,1.2540983606557377,0.042864313020177805,597,"Since the wedding, I no longer travel light."
954,1225,5,21,96,122,1.2540983606557377,0.04736874836158813,597,It's only a two-hour flight.
2260,1229,6,20,100,126,1.253968253968254,0.04772475040753304,597,Last year my ex-husband traveled this way but he met another woman in a designer trunk in the baggage claim area.
2608,1229,9,14,103,126,1.253968253968254,0.05156165418616539,597,We decided to carry on with our relationship.
2336,1229,7,18,101,126,1.253968253968254,0.04903708727530064,597,Wait until you see the look on the TSA agent's face when I run it through the x-ray!
2301,1229,5,22,99,126,1.253968253968254,0.04637529163765117,597,"I just have to be careful to say “inflatable items,” not “blow up stuff.”"
1906,1229,5,22,99,126,1.253968253968254,0.04637529163765117,597,TSA is ok as long as he drinks less than 3.4 ounces of coffee.
622,1229,6,20,100,126,1.253968253968254,0.04772475040753304,597,I always get the travel-size so I can take them with me.
961,1229,8,16,102,126,1.253968253968254,0.05031520699976876,597,Overweight luggage is just a lot cheaper than a ticket.
716,1229,6,20,100,126,1.253968253968254,0.04772475040753304,597,I just hope he remembers to feed the dog.
239,1229,4,24,98,126,1.253968253968254,0.04498537037185613,597,It's cheaper when you're flexible.
163,1229,5,22,99,126,1.253968253968254,0.04637529163765117,597,"If he fits in the overhead bin,it's okay."
1074,1229,7,18,101,126,1.253968253968254,0.04903708727530064,597,"Zip up; you'll need to conserve heat at 30,000 feet."
80,1229,6,20,100,126,1.253968253968254,0.04772475040753304,597,"It's my fifth marriage. So, yes, I'm a walking cliché."
48,1229,4,24,98,126,1.253968253968254,0.04498537037185613,597,At least I know where they are!
220,1242,4,25,101,130,1.2538461538461538,0.044105822846975215,597,I love TSA pre-check.
2956,1243,1,28,90,119,1.2521008403361344,0.041716631781319284,597,"I don’t know, I feel as though I am never alone!"
1579,1243,5,20,94,119,1.2521008403361344,0.0480624258685221,597,"It's always my bag that gets lost, so when life gives you lemons..."
1846,1243,3,24,92,119,1.2521008403361344,0.04500152301614558,597,That customs official and his sniffer dog were very persistent.
625,1246,9,13,101,123,1.2520325203252032,0.05238989957390293,597,I flew them here for $25.
2697,1246,7,17,99,123,1.2520325203252032,0.04978093545438884,597,It makes the whole service dog thing way more believable.
54,1246,5,21,97,123,1.2520325203252032,0.04702745466282882,597,"I just pack the basics. Hotels have everything else.,"
257,1246,3,25,95,123,1.2520325203252032,0.04410239732049511,597,We'd never clear TSA without the dog.
351,1246,4,23,96,123,1.2520325203252032,0.04558839184199874,597,Umm...the temperature you told me the storage compartment gets down to...how do you convert Cellulitis to Fahrenheit ?
438,1246,7,17,99,123,1.2520325203252032,0.04978093545438884,597,They weren't happy in the checked baggage last time.
2951,1246,4,23,96,123,1.2520325203252032,0.04558839184199874,597,It's okay. They're both housebroken.
2870,1246,5,21,97,123,1.2520325203252032,0.04702745466282882,597,He missed Obamacare and needs an X-ray.
2858,1246,4,23,96,123,1.2520325203252032,0.04558839184199874,597,"Oh sure, I can afford to buy a ticket - but where's the fun in that?"
2857,1246,1,29,93,123,1.2520325203252032,0.04096902984896283,597,"It's so much cheaper, and easier this way too. If they complain, I just zip the bag up."
2802,1246,6,19,98,123,1.2520325203252032,0.048423770127791824,597,He stays sober this way.
576,1246,4,23,96,123,1.2520325203252032,0.04558839184199874,597,A good thing I had TSA Pre.
2653,1246,3,25,95,123,1.2520325203252032,0.04410239732049511,597,It was such a weight off my shoulders when Ted left me and took the dog.
2690,1246,5,21,97,123,1.2520325203252032,0.04702745466282882,597,He is getting kind of clingy... I just need some time to myself.
2122,1246,6,19,98,123,1.2520325203252032,0.048423770127791824,597,What happens in Vegas ...
879,1246,1,29,93,123,1.2520325203252032,0.04096902984896283,597,Next week it is my turn to fly for $50.
922,1246,3,25,95,123,1.2520325203252032,0.04410239732049511,597,We love the larger overhead bins.
946,1246,7,17,99,123,1.2520325203252032,0.04978093545438884,597,I got Steven certified as a comfort husband. Now I don't have to board him either.
981,1246,7,17,99,123,1.2520325203252032,0.04978093545438884,597,I heard this airline is notorious for luggage delays
1090,1246,2,27,94,123,1.2520325203252032,0.042564556007199356,597,That's why they call it carry-on.
2239,1246,6,19,98,123,1.2520325203252032,0.048423770127791824,597,They're definitely not doodie free.
1720,1246,1,29,93,123,1.2520325203252032,0.04096902984896283,597,"Unfortunately, I have a lot of baggage."
1131,1246,4,23,96,123,1.2520325203252032,0.04558839184199874,597,Whoever said 'You can't take it with you.' was wrong.
1208,1246,4,23,96,123,1.2520325203252032,0.04558839184199874,597,I just check them at the gate when it’s all hectic.
1595,1246,6,19,98,123,1.2520325203252032,0.048423770127791824,597,Emotional support dogs and husbands ride for free.
1686,1246,4,23,96,123,1.2520325203252032,0.04558839184199874,597,"Seriously, this trip's gonna be so good for you. You're going to forget all about him!"
560,1246,5,21,97,123,1.2520325203252032,0.04702745466282882,597,It's his safe space until he can get back on campus.
1829,1246,2,27,94,123,1.2520325203252032,0.042564556007199356,597,It's great to get away from the family - isn't it?
1670,1274,7,18,102,127,1.2519685039370079,0.048690519059619776,597,I swear it would've been cheaper just to buy them a seat.
2866,1274,6,20,101,127,1.2519685039370079,0.047389685263170035,597,"Yes, but you don't get bumped from baggage class."
2484,1276,6,21,104,131,1.251908396946565,0.046413990756227416,597,It’s so easy to travel without the kids.
1516,1277,2,24,86,112,1.25,0.044843500208385956,597,It's cheaper and roomier.
2868,1277,5,21,98,124,1.25,0.04669091947809488,597,It's my philosophy of child-rearing. Keep calm and carry on.
575,1277,4,23,97,124,1.25,0.04526490492808352,597,I really need to get away for a while.
1900,1277,6,15,87,108,1.25,0.05282762580097078,597,The money we save on airline tickets almost covers the cost of a checked bag.
1403,1277,4,24,100,128,1.25,0.044367825470805686,597,The dog ate his picture ID
1621,1277,6,19,99,124,1.25,0.04807465345971242,597,Sparky keeps me happy when I’m traveling and Billy keeps Sparky happy.
1117,1283,6,19,100,125,1.248,0.04773042581401404,597,I can’t wait to show my family the souvenirs I brought back from vacation!
590,1283,6,19,100,125,1.248,0.04773042581401404,597,I hate having to travel on our anniversary. But my husband said he'll have a big surprise waiting for me when I get there.
2108,1285,6,18,97,121,1.2479338842975207,0.04878833766329071,597,We're embracing the sharing economy by sharing in economy.
1842,1285,3,24,94,121,1.2479338842975207,0.0443517615371859,597,He totally understood that I needed a weekend away.
2132,1285,6,18,97,121,1.2479338842975207,0.04878833766329071,597,I pack them last.
2030,1285,4,22,95,121,1.2479338842975207,0.04587831512036333,597,He will do anything to not have to fly coach.
2190,1285,5,20,96,121,1.2479338842975207,0.04735568440129775,597,I finally managed to sneak away from my family.
2223,1285,6,18,97,121,1.2479338842975207,0.04878833766329071,597,He bought the Extra Value Fare
2321,1285,7,16,98,121,1.2479338842975207,0.050180105009647265,597,You never know if you can find one out of town..
2331,1285,7,16,98,121,1.2479338842975207,0.050180105009647265,597,The dog simply refuses to travel without him!
2348,1285,4,22,95,121,1.2479338842975207,0.04587831512036333,597,"Oh, he'll be fine, but he does miss the free peanuts."
2387,1285,6,18,97,121,1.2479338842975207,0.04878833766329071,597,Oh the dog shared her travel meds with him.
1874,1285,4,22,95,121,1.2479338842975207,0.04587831512036333,597,My husband and dog bought the new economy flight package.
2076,1285,6,18,97,121,1.2479338842975207,0.04878833766329071,597,"Yeah, hopefully the next boyfriend won't send me home because I have too much baggage"
2154,1285,7,16,98,121,1.2479338842975207,0.050180105009647265,597,Jeff's plan to find out what exactly goes on during a women weekend goes horribly wrong at the security checkpoint.
2435,1285,7,16,98,121,1.2479338842975207,0.050180105009647265,597,I lost their emotional support vests.
2436,1285,6,18,97,121,1.2479338842975207,0.04878833766329071,597,I can't get rid of my emotional baggage.
2542,1285,5,20,96,121,1.2479338842975207,0.04735568440129775,597,Of course I had to say 'yes' when they asked me if anyone could have interfered with my luggage.
2593,1285,4,22,95,121,1.2479338842975207,0.04587831512036333,597,"Why is your husband in the bag?"" ""Because no animals are allowed on the plane."
2617,1285,5,20,96,121,1.2479338842975207,0.04735568440129775,597,The live one keeps him calmer than the plush.
2625,1285,4,22,95,121,1.2479338842975207,0.04587831512036333,597,"If we can get past security, we will save a lot of money."
2665,1285,4,22,95,121,1.2479338842975207,0.04587831512036333,597,I had to break up with him. He had too much baggage...
2791,1285,7,16,98,121,1.2479338842975207,0.050180105009647265,597,Larry is really vacation cheap. Only downside is going through the X-ray machine but we've already had our kids and Scruffy needs to be neutered.
2833,1285,5,20,96,121,1.2479338842975207,0.04735568440129775,597,I wonder what kind of mischief Ralphie and Spot are getting into?
2869,1285,4,22,95,121,1.2479338842975207,0.04587831512036333,597,I hope to get rid of the extra baggage during the holiday!
2882,1285,5,20,96,121,1.2479338842975207,0.04735568440129775,597,It's OK. They fit in the overhead bin.
2888,1285,7,16,98,121,1.2479338842975207,0.050180105009647265,597,He'll keep the dog warm in the baggage compartment.
3099,1285,9,12,100,121,1.2479338842975207,0.05285380811675861,597,I don't have the heart to tell them they won't fit in the overhead bin.
3101,1285,7,16,98,121,1.2479338842975207,0.050180105009647265,597,This way I don’t have to pay for the X-ray
2388,1285,5,20,96,121,1.2479338842975207,0.04735568440129775,597,Y’know it’s kind of a long trip. I like to come prepared.
1824,1285,1,28,92,121,1.2479338842975207,0.041129024517820634,597,As long as those two don't carry on I think we'll get away with it.
3063,1285,6,18,97,121,1.2479338842975207,0.04878833766329071,597,He said the stroller made him feel infantile
1649,1285,7,16,98,121,1.2479338842975207,0.050180105009647265,597,He’s a therapy kid - they fly for free you know.
865,1285,5,20,96,121,1.2479338842975207,0.04735568440129775,597,Everyone wants to sit next to a puppeteer.
783,1285,4,22,95,121,1.2479338842975207,0.04587831512036333,597,No drama...he even helped me pack.
703,1285,4,22,95,121,1.2479338842975207,0.04587831512036333,597,I think this is his last trip in the overhead bin
614,1285,3,24,94,121,1.2479338842975207,0.0443517615371859,597,He understood completely! He even bought me this bigger suitcase.
545,1285,5,20,96,121,1.2479338842975207,0.04735568440129775,597,"As the pilot, he gets special handling."
521,1285,5,20,96,121,1.2479338842975207,0.04735568440129775,597,You wouldn't believe how much cheaper it is this way.
884,1285,5,20,96,121,1.2479338842975207,0.04735568440129775,597,TSA PreCheck is getting really good at screening my future baggage.
120,1285,7,16,98,121,1.2479338842975207,0.050180105009647265,597,They both qualify as service pets if you fly first class.
209,1285,6,18,97,121,1.2479338842975207,0.04878833766329071,597,"Don't know how they'll survive without me, but I need to get away."
204,1285,4,22,95,121,1.2479338842975207,0.04587831512036333,597,"I don't know, some stranger gave me the bag."
185,1285,7,16,98,121,1.2479338842975207,0.050180105009647265,597,It doesn't just have to be bags that fly free on Southwest...
135,1285,5,20,96,121,1.2479338842975207,0.04735568440129775,597,It's the least I can do to help innocent people affected by Trump's travel ban.
122,1285,8,14,99,121,1.2479338842975207,0.05153429911826863,597,The dog's my emotional support and Dave is the dog's.
1791,1285,6,18,97,121,1.2479338842975207,0.04878833766329071,597,"Pre-check alone is just OK, but with a miniskirt it's really no-questions-asked."
219,1285,4,22,95,121,1.2479338842975207,0.04587831512036333,597,I told him it was a free upgrade.
950,1285,5,20,96,121,1.2479338842975207,0.04735568440129775,597,I’m in first class. Bob’s with Rover this time.
322,1285,7,16,98,121,1.2479338842975207,0.050180105009647265,597,"I,m sending them to their father."
1154,1285,5,20,96,121,1.2479338842975207,0.04735568440129775,597,It's called Baggage Class. They zip me in at check-in.
1618,1285,5,20,96,121,1.2479338842975207,0.04735568440129775,597,"It's just as cramped, but it's much cheaper."
1083,1285,5,20,96,121,1.2479338842975207,0.04735568440129775,597,The dog is going with me.....the husband is faking separation anxiety.
1496,1285,6,18,97,121,1.2479338842975207,0.04878833766329071,597,'The airline said I could only take one Czech-in bag.'
1493,1285,5,20,96,121,1.2479338842975207,0.04735568440129775,597,"You know, if this was a cartoon, I would not have a caption."
1492,1285,7,16,98,121,1.2479338842975207,0.050180105009647265,597,When I buy him a seat he just cries the whole way.
1466,1285,5,20,96,121,1.2479338842975207,0.04735568440129775,597,They also offer free grooming and unlimited kibble.
1530,1285,4,22,95,121,1.2479338842975207,0.04587831512036333,597,This will keep them entertained for hours
1390,1285,3,24,94,121,1.2479338842975207,0.0443517615371859,597,"I wanted to check them in, but then I would have exceeded the weight limit"
1435,1285,5,20,96,121,1.2479338842975207,0.04735568440129775,597,They’re literally inseparable.
1198,1285,5,20,96,121,1.2479338842975207,0.04735568440129775,597,We have to grab him a sandwich. They don't serve food in baggage any more.
1228,1285,3,24,94,121,1.2479338842975207,0.0443517615371859,597,"They get the adventure, and I get first class!"
119,1285,6,18,97,121,1.2479338842975207,0.04878833766329071,597,"I know, it's crazy right, I only left my bag unattended for like a minute."
1350,1285,4,22,95,121,1.2479338842975207,0.04587831512036333,597,I'll let the puppy out once we're past security
1376,1285,2,26,93,121,1.2479338842975207,0.04277075758762577,597,The overweight baggage fee is so much easier than keeping track of them.
1293,1285,5,20,96,121,1.2479338842975207,0.04735568440129775,597,"No husbands, no pets.....this trip is going to be great. I can't wait for you to meet Reynaldo."
829,1349,5,21,100,126,1.246031746031746,0.046031746031746035,597,I told him I was leaving because he had way too much baggage.
989,1350,3,24,95,122,1.2459016393442623,0.04403364143873072,597,How do you think I paid for those darling Manolo Blaniks?
2053,1350,3,24,95,122,1.2459016393442623,0.04403364143873072,597,Registering the entire family as emotional support animals means I’m the only one who pays to fly.
2774,1350,5,20,97,122,1.2459016393442623,0.04700986675286886,597,I don't know how I ever flew without my emotional support man.
3094,1350,5,20,97,122,1.2459016393442623,0.04700986675286886,597,"No, nothing to declare—how about you?"
2196,1354,1,27,90,118,1.2457627118644068,0.04158325536849299,597,I love the airline's affordable baggage class.
2212,1354,6,17,95,118,1.2457627118644068,0.04953271530274072,597,"Sure, they get lost sometimes, but the kids just love the baggage carousel."
2220,1354,7,15,96,118,1.2457627118644068,0.050974056508253075,597,"Well, anyway, if you compare the fees for overweight luggage with that for an extra seat, it's quite cost effective."
2243,1354,4,21,93,118,1.2457627118644068,0.046516242130829305,597,It was either this or leaving them in a kennel.
2304,1354,6,17,95,118,1.2457627118644068,0.04953271530274072,597,"Oh, I packed for an entire family."
2720,1354,7,15,96,118,1.2457627118644068,0.050974056508253075,597,I still had to check the babysitter.
2595,1354,3,23,92,118,1.2457627118644068,0.04493212915420019,597,They really force you to fit everything into carry on.
2713,1354,8,13,97,118,1.2457627118644068,0.05237574809538084,597,"Sure, it puts the bag over the weight limit, but it's still cheaper than paying for a seat."
2801,1354,5,19,94,118,1.2457627118644068,0.048048156401865744,597,I'm hurt; John and Rex weren't there to see me off.
2872,1354,4,21,93,118,1.2457627118644068,0.046516242130829305,597,“I’ll call the minute we get to the Hotel to check on them”.
3009,1354,4,21,93,118,1.2457627118644068,0.046516242130829305,597,They say a lot of bags look alike. Here's to hoping....
2502,1354,4,21,93,118,1.2457627118644068,0.046516242130829305,597,My husband is a ventriloquist. I am to take his dummies to Toronto he told me to say.
2950,1354,6,17,95,118,1.2457627118644068,0.04953271530274072,597,"We're no going anywhere. This airport has a special baggage storage area, free for 10 days."
1161,1354,5,19,94,118,1.2457627118644068,0.048048156401865744,597,"No, I can't. But, there's always one suitcase subjugator who comes to the rescue and crams them into the overhead bin."
1654,1354,4,21,93,118,1.2457627118644068,0.046516242130829305,597,It beats carrying them on......
71,1354,3,23,92,118,1.2457627118644068,0.04493212915420019,597,I'm just glad to be free from them and all their baggage for a week.
101,1354,4,21,93,118,1.2457627118644068,0.046516242130829305,597,".... and as long as he doesn't put on weight, I'm saving a fortune!"
202,1354,5,19,94,118,1.2457627118644068,0.048048156401865744,597,What's crazy is that I'm a cat person.
221,1354,7,15,96,118,1.2457627118644068,0.050974056508253075,597,It's the only way we could afford Hawaii.
426,1354,5,19,94,118,1.2457627118644068,0.048048156401865744,597,You’re still paying for multiple seats? Amateur move.
487,1354,6,17,95,118,1.2457627118644068,0.04953271530274072,597,"Metaphorically speaking, I'm carrying a lot of baggage on this trip."
384,1354,6,17,95,118,1.2457627118644068,0.04953271530274072,597,"I met him on a new dating site, unclaimedbaggage.com."
839,1354,6,17,95,118,1.2457627118644068,0.04953271530274072,597,"The kennel wouldn't take them, so I have to take them with me."
874,1354,4,21,93,118,1.2457627118644068,0.046516242130829305,597,"Regardless of where I go, It feels like home."
1184,1354,3,23,92,118,1.2457627118644068,0.04493212915420019,597,Before Trump we had a car and driver.
1261,1354,6,17,95,118,1.2457627118644068,0.04953271530274072,597,"The bag may get lost, but they wouldn't survive on their own anyway."
490,1354,4,21,93,118,1.2457627118644068,0.046516242130829305,597,I had to check the kids.
1747,1354,7,15,96,118,1.2457627118644068,0.050974056508253075,597,The overhead bin is the only thing that calms them down.
2412,1382,7,13,90,110,1.2454545454545454,0.053542347027048694,597,They'll be fine.
307,1383,5,20,98,123,1.2439024390243902,0.04666894676742699,597,Never saw the advantages of a 'Man Bag' until now!
2136,1384,2,25,92,119,1.2436974789915967,0.04297441721268875,597,I love their first bag free policy!
2213,1384,7,15,97,119,1.2436974789915967,0.05058606331052551,597,Yeah sure... And where are all of these good men hiding?
2189,1384,7,15,97,119,1.2436974789915967,0.05058606331052551,597,I'm really looking forward to our women's week-end retreat.
2091,1384,5,19,95,119,1.2436974789915967,0.0476874207172289,597,We're flying United and figured it'd be safer this way.
1054,1384,6,17,96,119,1.2436974789915967,0.04915811172084668,597,They had a two-for-one special at the animal shelter.
501,1384,4,21,94,119,1.2436974789915967,0.04616990623084198,597,"If I pay a fee for checked baggage, they get all of my baggage."
1930,1384,6,17,96,119,1.2436974789915967,0.04915811172084668,597,I'm covered either way - a baby stroller or a service dog carrier.
93,1391,5,19,96,120,1.2416666666666667,0.04733194261577883,597,Even the weight limit doesn't seem to be a burden anymore.
760,1391,5,19,96,120,1.2416666666666667,0.04733194261577883,597,Says he used to hide in the trunk - to get into movies - all the time!
1806,1391,6,17,97,120,1.2416666666666667,0.04878902350111492,597,He's used to my baggage...
2930,1391,3,23,94,120,1.2416666666666667,0.04427415439017953,597,It’s the only way I can get him to take a vacation
2006,1395,4,20,92,116,1.2413793103448276,0.046818879146703046,597,"He’s my emotional support dog, and he has to travel with his emotional support guy."
2061,1395,5,18,93,116,1.2413793103448276,0.04839351694219841,597,"When yours learn to talk, they'll ask for air, too."
2118,1395,7,14,95,116,1.2413793103448276,0.051398273871768915,597,"As it turns out, he doesn't know the meaning of the word ""facetious."""
2242,1395,6,16,94,116,1.2413793103448276,0.04991850878698305,597,Thanks so much for letting me slip my little Sally into your carry-on.
2281,1395,5,18,93,116,1.2413793103448276,0.04839351694219841,597,I only packed the essentials.
2344,1395,6,16,94,116,1.2413793103448276,0.04991850878698305,597,We finally decided that it’s better to just pack them rather than pack FOR them.
2669,1395,7,14,95,116,1.2413793103448276,0.051398273871768915,597,Sounds great. I'll swing by the bag drop then meet you at the bar near the gate.
2409,1395,4,20,92,116,1.2413793103448276,0.046818879146703046,597,I'm never looking back.
2585,1395,6,16,94,116,1.2413793103448276,0.04991850878698305,597,I can't believe I can't carry them on. Am I going to highjack a plane with a dog and a small man?
2722,1395,6,16,94,116,1.2413793103448276,0.04991850878698305,597,"Of course, it gets dicey in the overhead rack."
2919,1395,6,16,94,116,1.2413793103448276,0.04991850878698305,597,Finally... the girls weekend away!
1938,1395,7,14,95,116,1.2413793103448276,0.051398273871768915,597,I fly Southwest.
3071,1395,5,18,93,116,1.2413793103448276,0.04839351694219841,597,"After what happened in Atlanta, we aren't taking any risks."
2356,1395,3,22,91,116,1.2413793103448276,0.04518940591634643,597,The overweight baggage fee was cheaper than another seat
1871,1395,6,16,94,116,1.2413793103448276,0.04991850878698305,597,"Now we're going to rise the carousel at Terminal 3. It's his birthday, and I couldn't bear to tell him Coney Island is closed."""
2926,1395,6,16,94,116,1.2413793103448276,0.04991850878698305,597,For Christmas? I'd like to replace this with some smarter luggage.
1640,1395,2,24,90,116,1.2413793103448276,0.04349893526962546,597,We call it Really Tiny House.
1632,1395,3,22,91,116,1.2413793103448276,0.04518940591634643,597,They think we are going on a trip but I am actually taking them to the kennel
1248,1395,5,18,93,116,1.2413793103448276,0.04839351694219841,597,Does body water count against the 3 fluid ounces in carry-on?
1170,1395,6,16,94,116,1.2413793103448276,0.04991850878698305,597,If my bag is overweight I might have to move them to yours.
1027,1395,5,18,93,116,1.2413793103448276,0.04839351694219841,597,...and my Mom said that I wouldn't get anywhere if I married a short man!
957,1395,3,22,91,116,1.2413793103448276,0.04518940591634643,597,It’s his nap time. He will be fine.
826,1395,7,14,95,116,1.2413793103448276,0.051398273871768915,597,"He was completely supportive about my taking a weekend away...promised to carry on just as I would and take care of the dog, too."
747,1395,5,18,93,116,1.2413793103448276,0.04839351694219841,597,She's a comfort animal. He's saving me $900 for a seat.
663,1395,4,20,92,116,1.2413793103448276,0.046818879146703046,597,I check them at the gate
524,1395,3,22,91,116,1.2413793103448276,0.04518940591634643,597,The worst part is they both bark.
494,1395,4,20,92,116,1.2413793103448276,0.046818879146703046,597,"You need to learn how to pack light, even when you have a lot of baggage."
306,1395,6,16,94,116,1.2413793103448276,0.04991850878698305,597,You mean your bag didn't come with a family?
29,1395,6,16,94,116,1.2413793103448276,0.04991850878698305,597,"The dog will get a seat, the husband will go to baggage. Saves us a fortune."
1767,1395,6,16,94,116,1.2413793103448276,0.04991850878698305,597,I’ve never learned to leave my troubles at home.
1825,1425,3,21,88,112,1.2410714285714286,0.04616143075028548,597,Are you sure you added the lost luggage rider?
110,1426,5,19,97,121,1.2396694214876034,0.04698161147287437,597,"Since my husband lost fifty pounds, I'm able to take him wherever I go."
654,1427,6,16,95,117,1.2393162393162394,0.04953299836019056,597,You're very generous. I keep my dog and husband zipped in.
2545,1427,6,16,95,117,1.2393162393162394,0.04953299836019056,597,Our insurance doesn't include X-Rays
2681,1427,4,20,93,117,1.2393162393162394,0.046462818402408325,597,"He cries for a minute when I put him in the overhead, but it saves me a lot of money on airfare."
2105,1430,4,19,90,113,1.238938053097345,0.047494653839780694,597,It's amazing! Billy's separation anxiety has totally vanished!
3112,1430,5,17,91,113,1.238938053097345,0.04913013287439456,597,"I paid overweight charges, but it cost less than buying added seats."
3002,1430,6,15,92,113,1.238938053097345,0.05071289549168667,597,It's cheaper when he travels carry-on.
2978,1430,6,15,92,113,1.238938053097345,0.05071289549168667,597,I love it when they carry on like this.
2188,1430,4,19,90,113,1.238938053097345,0.047494653839780694,597,Unfortunately they wouldn't take him in checked baggage
2144,1430,1,25,87,113,1.238938053097345,0.04220969917774097,597,"I'm starting over, but I'm not ""starting over"" starting over."
2125,1430,3,21,89,113,1.238938053097345,0.045800811460775734,597,"I've lost baggage several times, but it eventually finds its way home."
1886,1430,2,23,88,113,1.238938053097345,0.0440418723213541,597,"If they ask, we're visiting my aunt Susie in Toronto, and we're ""driving back"" in two weeks. Except don't use the air quotes, obviously."
1865,1430,6,15,92,113,1.238938053097345,0.05071289549168667,597,I've prechecked them as family baggage.
1609,1430,6,15,92,113,1.238938053097345,0.05071289549168667,597,She didn't get her child vaccinated? So irresponsible!
1509,1430,4,19,90,113,1.238938053097345,0.047494653839780694,597,"Trust me, I'm all about travel bargains."
1275,1430,4,19,90,113,1.238938053097345,0.047494653839780694,597,Glad it's only us girls this weekend. The boys are just extra baggage.
1258,1430,1,25,87,113,1.238938053097345,0.04220969917774097,597,"I check the luggage as ""fragile""; much more room to play in cargo hold."
1186,1430,3,21,89,113,1.238938053097345,0.045800811460775734,597,It is so much easier than fighting for overhead space. And I don't have to hear him complain about knee room.
860,1430,5,17,91,113,1.238938053097345,0.04913013287439456,597,I decided to check the kids this time.
785,1430,4,19,90,113,1.238938053097345,0.047494653839780694,597,"If you marry him, you’ll need a bigger bag.”"
749,1430,5,17,91,113,1.238938053097345,0.04913013287439456,597,We can talk after I check this.
556,1430,4,19,90,113,1.238938053097345,0.047494653839780694,597,I won't miss 'em much...they're always carrying on so
118,1430,8,11,94,113,1.238938053097345,0.053738751334031505,597,I can't wait for my parents to see what i'm dragging in now!
88,1430,4,19,90,113,1.238938053097345,0.047494653839780694,597,My ventriloquist act is booked for six nights in Vegas.
41,1430,3,21,89,113,1.238938053097345,0.045800811460775734,597,"DACA? No, dada—he’s waiting for us at the gate."
1414,1430,4,19,90,113,1.238938053097345,0.047494653839780694,597,"We met at this great little bistro, but I'm not sure if I have to declare him."
1115,1452,4,20,94,118,1.2372881355932204,0.04611200470995581,597,The tricky bit was getting them past the TSA.
2908,1453,5,17,92,114,1.236842105263158,0.04874234413978753,597,They needed a breather. This is the last fresh air they'll get til we land in Rome.
3021,1453,5,17,92,114,1.236842105263158,0.04874234413978753,597,"Post GOP tax plan, emigration plan: take advantage of the TSA's 80% failure rate for detection."
2831,1453,4,19,91,114,1.236842105263158,0.047122825860897805,597,"So I told her, ""No, we're not interested in gate check, thankyouverymuch."""
270,1453,2,23,89,114,1.236842105263158,0.04370411796234467,597,"""No, I don't mind paying more for the extra baggage""."
1776,1453,6,15,93,114,1.236842105263158,0.05030975558841903,597,"If 2017 has proven anything, it's that some men really are dogs."
2332,1453,2,23,89,114,1.236842105263158,0.04370411796234467,597,You save a bundle just paying for an overweight bag.
2159,1459,6,14,90,110,1.2363636363636363,0.05154376219029219,597,They won't be so happy when they find out they're not getting a window seat
1014,1460,1,25,89,115,1.2347826086956522,0.04157544818860893,597,getting them into the over head bin is also a great workout.
1880,1461,4,18,89,111,1.2342342342342343,0.0478102908111374,597,Even with the 'bag fee' we still save a little money!
1945,1461,5,16,90,111,1.2342342342342343,0.049493677083499193,597,"He didn't tell me how he would get there, though."
2012,1461,5,16,90,111,1.2342342342342343,0.049493677083499193,597,This way he can keep company with the dog and snooze a bit with more leg room than we have in coach.
2089,1461,4,18,89,111,1.2342342342342343,0.0478102908111374,597,I just gave in to their whining.
2116,1461,4,18,89,111,1.2342342342342343,0.0478102908111374,597,"No, I read the fine print, it falls within the carry on rules."
2139,1461,7,12,92,111,1.2342342342342343,0.052699377594484176,597,They're my support animals
2198,1461,6,14,91,111,1.2342342342342343,0.051121661113913905,597,"We're flying basic economy, right?"
2259,1461,4,18,89,111,1.2342342342342343,0.0478102908111374,597,I love Paul because he doesn't have any baggage.
2399,1461,2,22,87,111,1.2342342342342343,0.04425182007381393,597,"We figured with airlines these days, it would be just as comfortable and we'd save a few dollars!"
2539,1461,5,16,90,111,1.2342342342342343,0.049493677083499193,597,"Not only is it the cheapest way to visit my folks in Phoenix, but we get free X-Rays for Rob and Bella."
2576,1461,4,18,89,111,1.2342342342342343,0.0478102908111374,597,Saving money on them allows me to fly first class.
2612,1461,5,16,90,111,1.2342342342342343,0.049493677083499193,597,"If Fluffy needs a emotional companion to calm her during the trip, it's the least I can do."
2826,1461,2,22,87,111,1.2342342342342343,0.04425182007381393,597,This is my first girls’ trip since the marriage.
2839,1461,5,16,90,111,1.2342342342342343,0.049493677083499193,597,The hard part is getting it in the overhead.
2841,1461,3,20,88,111,1.2342342342342343,0.046065428942378965,597,"He gets a seat on the way back, leaving room for gifts"
2850,1461,4,18,89,111,1.2342342342342343,0.0478102908111374,597,He says there's more legroom than our economy seats.
2947,1461,3,20,88,111,1.2342342342342343,0.046065428942378965,597,It's cheaper this way. And I have total control over my baggage.
3003,1461,5,16,90,111,1.2342342342342343,0.049493677083499193,597,"They like riding rollercoasters, but Six Flags is too expensive these days."
1876,1461,3,20,88,111,1.2342342342342343,0.046065428942378965,597,He is going to keep the dog from barking.
3103,1461,6,14,91,111,1.2342342342342343,0.051121661113913905,597,The courts have not yet ruled on whether husbands qualify as companion animals
2467,1461,6,14,91,111,1.2342342342342343,0.051121661113913905,597,"Some mothers repress their family baggage, but I take mine everywhere."
3065,1461,7,12,92,111,1.2342342342342343,0.052699377594484176,597,Ted said he found someone to watch Timmy and the dog.
688,1461,5,16,90,111,1.2342342342342343,0.049493677083499193,597,Normally I'd just facetime them every night but I'm out of minutes on my plan.
1677,1461,5,16,90,111,1.2342342342342343,0.049493677083499193,597,"So what did you pack?"" ""Oh, you know, just the essentials."
183,1461,4,18,89,111,1.2342342342342343,0.0478102908111374,597,Of course they'll be ok. It's just a weekend after all.
227,1461,5,16,90,111,1.2342342342342343,0.049493677083499193,597,That was actually a white lie - my husband packed it
340,1461,7,12,92,111,1.2342342342342343,0.052699377594484176,597,It's times like these that downsizing pays off.
350,1461,6,14,91,111,1.2342342342342343,0.051121661113913905,597,My husband is a transportation analyst.
425,1461,4,18,89,111,1.2342342342342343,0.0478102908111374,597,My therapy dog has a therapy child.
473,1461,5,16,90,111,1.2342342342342343,0.049493677083499193,597,So then I said it's either me or the dog ....
573,1461,5,16,90,111,1.2342342342342343,0.049493677083499193,597,My ex-husband wanted to come but that would have been too much baggage.
591,1461,4,18,89,111,1.2342342342342343,0.0478102908111374,597,Because they wouldn't fit in the overhead bin.
618,1461,7,12,92,111,1.2342342342342343,0.052699377594484176,597,"Quite frankly, the only thing I care about is the puppy making it through customs."
481,1461,6,14,91,111,1.2342342342342343,0.051121661113913905,597,I'm flying Spirit!
662,1461,6,14,91,111,1.2342342342342343,0.051121661113913905,597,I told you he was clingy.
905,1461,4,18,89,111,1.2342342342342343,0.0478102908111374,597,It's called 'Super Economy'.......
1019,1461,4,18,89,111,1.2342342342342343,0.0478102908111374,597,"With ticket prices the way they are during the holidays, paying the overweight bag fee ends up being much more economical."
1095,1461,3,20,88,111,1.2342342342342343,0.046065428942378965,597,My suitcase is my home away from home.
1185,1461,3,20,88,111,1.2342342342342343,0.046065428942378965,597,There’s still a 50-50 chance the airline will lose my bag.
1282,1461,3,20,88,111,1.2342342342342343,0.046065428942378965,597,Bill and Fluffy just love the baggage carousel.
1283,1461,7,12,92,111,1.2342342342342343,0.052699377594484176,597,Ticket price shopping online is one thing. But the cargo hold beats them all!
1318,1461,4,18,89,111,1.2342342342342343,0.0478102908111374,597,"He had to bring Samson, it's how he rolls."
632,1461,2,22,87,111,1.2342342342342343,0.04425182007381393,597,I’m going to Tulsa. He’s hoping the bag goes somewhere exotic.
1716,1461,4,18,89,111,1.2342342342342343,0.0478102908111374,597,I love their “one bag flies free” policy!
344,1505,5,15,87,107,1.233644859813084,0.05070380909561104,597,It's on Lucky's bucket list to fly first class.
1167,1506,6,14,92,112,1.2321428571428572,0.050706309304391906,597,So I said sure; I'll pay the extra $25 for a check-on bag
2974,1506,3,20,89,112,1.2321428571428572,0.045700156680772756,597,"Harold's always harping on efficiency, so . . ."
2627,1506,3,20,89,112,1.2321428571428572,0.045700156680772756,597,I never know what to answer when they ask if I packed the bag myself.
1872,1506,4,18,90,112,1.2321428571428572,0.04742762361243012,597,How could I resist those puppy dog eyes?
1793,1506,4,18,90,112,1.2321428571428572,0.04742762361243012,597,"My ex is a TSA Agent, and this is how he wants his visitations."
449,1506,4,18,90,112,1.2321428571428572,0.04742762361243012,597,It did take some time convincing them that TSA could mean Take Spouse and Animal.
393,1506,6,14,92,112,1.2321428571428572,0.050706309304391906,597,"I could not resist ""buy one get one free."""
252,1506,5,16,91,112,1.2321428571428572,0.04909434430153335,597,This vacation was a great idea! I can finally get away from the kid and that darn dog.
233,1506,6,14,92,112,1.2321428571428572,0.050706309304391906,597,Now I need to get a roll-away for my emotional baggage.
1084,1506,4,18,90,112,1.2321428571428572,0.04742762361243012,597,He was so supportive of this ladies getaway. I think he wanted some alone time.
1663,1516,2,21,85,108,1.2314814814814814,0.04481893398391732,597,Well you know these immigration laws are getting tougher all the time!
583,1516,3,19,86,108,1.2314814814814814,0.046709818132625494,597,In this economy? It's the only way to fly
1507,1518,4,16,84,104,1.2307692307692308,0.049701816675055514,597,I don't think my fiancé is expecting me to arrive with this much extra baggage.
1494,1519,7,11,91,109,1.2293577981651376,0.05315884351695176,597,"I should have bought luggage locks like you, my family keeps trying to escape."
1641,1519,4,17,88,109,1.2293577981651376,0.04812669371707594,597,Steve was very understanding about my trip to the Bahamas.
1714,1519,6,13,90,109,1.2293577981651376,0.05153608423961075,597,Brittany was soon about to realize that restraining orders are void over international waters.
1826,1519,5,15,89,109,1.2293577981651376,0.0498605386397374,597,Upgrading to Economy Minus lets my dog fly for free.
2311,1519,3,19,87,109,1.2293577981651376,0.046328004304413195,597,"Oh don't worry. We do this all the time. With the price of airfare these days, who can afford to go anywhere?"
2339,1519,4,17,88,109,1.2293577981651376,0.04812669371707594,597,I haven't told him I'm checking my bags.
2512,1519,6,13,90,109,1.2293577981651376,0.05153608423961075,597,"Yes it's a great idea, but sneaking wine and snacks into the overhead bin can be a challenge."
2689,1519,3,19,87,109,1.2293577981651376,0.046328004304413195,597,Why did they keep asking me to check my luggage?
2664,1519,2,21,86,109,1.2293577981651376,0.04445660038197049,597,It cost only five thousand miles!
2769,1519,5,15,89,109,1.2293577981651376,0.0498605386397374,597,He loves the extra leg room.
2779,1519,1,23,85,109,1.2293577981651376,0.04250287816389273,597,"It just didn't work, he complained that I came with just too much baggage."
2992,1519,3,19,87,109,1.2293577981651376,0.046328004304413195,597,"Robert is Sparky's ""service companion"" and by the way, don't use the F-L-Y word; they think they're going camping."
3056,1519,3,19,87,109,1.2293577981651376,0.046328004304413195,597,What do you think of the new carry-on rules?
3060,1519,4,17,88,109,1.2293577981651376,0.04812669371707594,597,Sure I paid the fee. It beat the cost of an extra ticket.
3081,1519,5,15,89,109,1.2293577981651376,0.0498605386397374,597,"Don't mince words, Carol. It's still a road trip."
1474,1519,3,19,87,109,1.2293577981651376,0.046328004304413195,597,I’ve been thinking of leaving Bob unattended.
2543,1519,3,19,87,109,1.2293577981651376,0.046328004304413195,597,I will plead TOY STORY at bag check.
1388,1519,8,9,92,109,1.2293577981651376,0.05473351175803791,597,"Oh, no, I'm not worried. It's within the 50 lb. limit."
3092,1519,5,15,89,109,1.2293577981651376,0.0498605386397374,597,"With added baggage weight fees it comes out the same ,but they love it."
1324,1519,3,19,87,109,1.2293577981651376,0.046328004304413195,597,It's just another advantage of downsizing my boyfriend and dog.
180,1519,2,21,86,109,1.2293577981651376,0.04445660038197049,597,I keep getting the feeling that I’m forgetting something!
262,1519,4,17,88,109,1.2293577981651376,0.04812669371707594,597,"Studies show that men are happier with the unburdened companionship, and women like the absence of groping and shedding in the cabin."
368,1519,6,13,90,109,1.2293577981651376,0.05153608423961075,597,Sometimes his shortcomings are actually charming.
379,1519,5,15,89,109,1.2293577981651376,0.0498605386397374,597,TSA pre-check is SO convenient.
387,1519,5,15,89,109,1.2293577981651376,0.0498605386397374,597,We used to do this at the drive-in all the time.
403,1519,4,17,88,109,1.2293577981651376,0.04812669371707594,597,"Yeah, I told the agent, I’d say I have baggage."
433,1519,3,19,87,109,1.2293577981651376,0.046328004304413195,597,"We’re traveling light this year, no frills."
179,1519,5,15,89,109,1.2293577981651376,0.0498605386397374,597,I told him we're going to Disneyland. Not my Mothers.
697,1519,4,17,88,109,1.2293577981651376,0.04812669371707594,597,It’s a great feeling to get away and leave our problems behind us!
98,1519,5,15,89,109,1.2293577981651376,0.0498605386397374,597,Thank you and your boyfriend for watching my suitcase.
763,1519,4,17,88,109,1.2293577981651376,0.04812669371707594,597,"It's bitch to get into the overhead bin, but it contains everything I need for an enjoyable vacation."
1031,1519,6,13,90,109,1.2293577981651376,0.05153608423961075,597,The tricky part is getting the bag through x-ray.
1108,1519,3,19,87,109,1.2293577981651376,0.046328004304413195,597,"With the cost of flights being so high, this was the only way we could get to mom’s for the holidays."
1333,1519,4,17,88,109,1.2293577981651376,0.04812669371707594,597,He thinks I have too much baggage.
1223,1519,5,15,89,109,1.2293577981651376,0.0498605386397374,597,You'll need a bigger bag if you want a souvenir man and puppy.
1315,1519,4,17,88,109,1.2293577981651376,0.04812669371707594,597,I just pay for any overages.
708,1519,4,17,88,109,1.2293577981651376,0.04812669371707594,597,"I know, they seem excited now but wait until they find out that I didn't fork over the cash for a carry-on....."
157,1519,3,19,87,109,1.2293577981651376,0.046328004304413195,597,Thanks it allows us to travel so much more often.
767,1557,6,12,87,105,1.2285714285714286,0.05286159767387117,597,"Yeh, it's perfect! I can keep them in the overhead and have some Me-Time."
65,1558,2,21,87,110,1.2272727272727273,0.04409991481761522,597,The hardest part was shrinking them.
823,1558,5,15,90,110,1.2272727272727273,0.0494491607724479,597,Gate-checking's free--why pay for a divorce lawyer.
1104,1558,3,19,88,110,1.2272727272727273,0.04595223779440721,597,I may need a little help cramming it into the overhead.
1464,1558,3,19,88,110,1.2272727272727273,0.04595223779440721,597,He just hates going through security check.
1999,1558,4,17,89,110,1.2272727272727273,0.04773273331484981,597,"It's called an ""experiential sublet"""
2119,1558,5,15,90,110,1.2272727272727273,0.0494491607724479,597,You Can Check One Bag For Free
2546,1558,5,15,90,110,1.2272727272727273,0.0494491607724479,597,"His online dating profile said he would help me unpack my emotional baggage, but now I suspect his motives."
2848,1558,6,13,91,110,1.2272727272727273,0.0511079756250649,597,You better check it in -still cheaper than tickets
3085,1558,2,21,87,110,1.2272727272727273,0.04409991481761522,597,"Sure it gets a little cold in the cargo hold, but it's the only way we can afford to all fly home for the holidays these days."
2837,1567,3,18,85,106,1.2264150943396226,0.046980753199957474,597,I'm not going anywhere. Why do you ask?
1368,1567,6,12,88,106,1.2264150943396226,0.05240491130788026,597,"And since I have Premium Elite status, I get to stuff them in the overhead bin!"
1389,1567,4,16,86,106,1.2264150943396226,0.048855764148690535,597,"They've only gotten lost once, and it was only for a couple days."
1735,1567,6,12,88,106,1.2264150943396226,0.05240491130788026,597,"He wanted a staycation, so we compromised."
1819,1567,8,8,90,106,1.2264150943396226,0.05572848255444534,597,I’m abandoning it at the check-in and heading for the spa.
1949,1567,4,16,86,106,1.2264150943396226,0.048855764148690535,597,I got them a very cheap one-way fare
2184,1567,5,14,87,106,1.2264150943396226,0.05066142723877443,597,Last round’s on you.
2732,1567,3,18,85,106,1.2264150943396226,0.046980753199957474,597,"Fortunately, my husband’s Separation Anxiety issues pale in comparison to his fear of escalators."
2323,1567,6,12,88,106,1.2264150943396226,0.05240491130788026,597,I'd rather pay for the baggage fee than another ticket
2528,1567,6,12,88,106,1.2264150943396226,0.05240491130788026,597,So that’s what they meant by carry-on
2676,1567,3,18,85,106,1.2264150943396226,0.046980753199957474,597,"Now they're tucked-in, I am duty free!"
3102,1567,4,16,86,106,1.2264150943396226,0.048855764148690535,597,The only baggage my husband brought into our marriage were canine separation issues.
1307,1567,6,12,88,106,1.2264150943396226,0.05240491130788026,597,Thank goodness they were under the 50 pound limit so we did not have to pay the extra baggage fee.
2201,1567,2,20,84,106,1.2264150943396226,0.045027732031695245,597,They're just along for the ride
1295,1567,5,14,87,106,1.2264150943396226,0.05066142723877443,597,"If there is a problem, it will be at the baggage scanner."
1045,1567,4,16,86,106,1.2264150943396226,0.048855764148690535,597,Technically It's his weekend.
1132,1567,5,14,87,106,1.2264150943396226,0.05066142723877443,597,He rarely yelps when little Remi is with him.
1257,1567,0,24,82,106,1.2264150943396226,0.040842473153371014,597,I am going to return him as soon as I get back from visiting relatives.
1042,1567,3,18,85,106,1.2264150943396226,0.046980753199957474,597,There's more legroom than in an economy seat.
858,1567,4,16,86,106,1.2264150943396226,0.048855764148690535,597,"Hey, at least we made it past security."
846,1567,4,16,86,106,1.2264150943396226,0.048855764148690535,597,Taking them home to meet the folks.
806,1567,4,16,86,106,1.2264150943396226,0.048855764148690535,597,It's nice when 'family-size' really means 'family-size.'
619,1567,2,20,84,106,1.2264150943396226,0.045027732031695245,597,The oversize luggage fee is cheaper than a full fare.
551,1567,5,14,87,106,1.2264150943396226,0.05066142723877443,597,"I was gonna leave one home. Then, said, “Nah, bring em both.”"
465,1567,3,18,85,106,1.2264150943396226,0.046980753199957474,597,The dog gets nervous being left alone for too long.
388,1567,5,14,87,106,1.2264150943396226,0.05066142723877443,597,"This way we're together, but I can also get alone time."
330,1567,4,16,86,106,1.2264150943396226,0.048855764148690535,597,They said boarding two dogs was cheaper than two tickets.
242,1567,6,12,88,106,1.2264150943396226,0.05240491130788026,597,"The doctor said I shouldn't carry on with my emotional baggage, so I decided to check it instead."
389,1595,3,17,82,102,1.2254901960784315,0.04807872020202308,597,Security is very lax at this airport
1529,1596,5,14,88,107,1.2242990654205608,0.05023031282392356,597,"We'll see if this flies...the ticket agent said, 'carry-on'."
1393,1596,4,16,87,107,1.2242990654205608,0.04844325116189109,597,I'm sure. I checked the rules about companion animals.
512,1596,2,20,85,107,1.2242990654205608,0.044655090377511794,597,"I go First Class, they go Priority. They think it's the same."
1739,1599,5,16,95,116,1.2241379310344827,0.047558386583394015,597,"So he sold his ticket to buy more bitcoin, but I couldn't show up to his parent's for the holidays with out him."
1535,1600,3,17,83,103,1.2233009708737863,0.047659955080602695,597,You’re lucky you don’t have to check your bags.
1004,1600,1,21,81,103,1.2233009708737863,0.043482599969251405,597,The bike box fee would have been way more expensive.
147,1602,7,10,91,108,1.2222222222222223,0.05316779432414047,597,Our journey is towards minimalism.
755,1602,5,14,89,108,1.2222222222222223,0.04980636325046914,597,"They think I don't know. Secretly I'm hoping this is the time my luggage gets lost far, far away."
2149,1602,6,10,83,99,1.2222222222222223,0.054777064635215894,597,"You are so right, us moms and wives can't catch a break. I will enjoy our trip and rest assured knowing that Jack and Ruff-Ruff have finally conquered their separation anxiety."
2431,1602,6,12,90,108,1.2222222222222223,0.05151450365446505,597,I really hope they don't lose my luggage again.
3030,1602,3,18,87,108,1.2222222222222223,0.046201009590497714,597,George is determined not to lose his luggage again.
3113,1607,3,17,84,104,1.2211538461538463,0.04724827321830709,597,I just worked out at the gym for 10 months so I can lift them into the overhead compartment. We are saving over $1600.
1534,1607,4,15,85,104,1.2211538461538463,0.04918440626354967,597,I never travel without the comforts of home.
1745,1607,3,17,84,104,1.2211538461538463,0.04724827321830709,597,He takes the 'Man's best friend' thing a little too far.
1849,1607,2,19,83,104,1.2211538461538463,0.04522933588640989,597,I never leave without them.
1866,1607,3,17,84,104,1.2211538461538463,0.04724827321830709,597,I'm not sure which one the kids will like more!
1884,1607,1,21,82,104,1.2211538461538463,0.043115963718089116,597,I hope he's duty free.
1977,1607,2,19,83,104,1.2211538461538463,0.04522933588640989,597,He wanted more leg room.
2510,1607,4,15,85,104,1.2211538461538463,0.04918440626354967,597,They won't be so happy when they realize the plane windows don't open.
2113,1607,4,15,85,104,1.2211538461538463,0.04918440626354967,597,I hope it fits in the overhead
2214,1607,5,13,86,104,1.2211538461538463,0.051047157774787154,597,"Actually, I'd only worry about the dog, if they lost my luggage."
2656,1607,4,15,85,104,1.2211538461538463,0.04918440626354967,597,I think I've got this compartmentalizing thing down.
1490,1607,4,15,85,104,1.2211538461538463,0.04918440626354967,597,The first bag flies free policy has really saved us a ton of money on our trips to Mexico
2966,1607,4,15,85,104,1.2211538461538463,0.04918440626354967,597,I told him we were going on Vacation. This is the only way I can get him to visit my Family.
2028,1607,5,13,86,104,1.2211538461538463,0.051047157774787154,597,My emotional support suitcase has its own therapy animals.
1396,1607,1,21,82,104,1.2211538461538463,0.043115963718089116,597,"Like I told you in the restaurant, that is NOT what doggie bag means."
1755,1607,2,19,83,104,1.2211538461538463,0.04522933588640989,597,"Next trip, goodbye inflatables, hello vibrator!"
1059,1607,5,13,86,104,1.2211538461538463,0.051047157774787154,597,He thinks baggage fees will cost as much as seats one day so he's getting ready.
46,1607,3,17,84,104,1.2211538461538463,0.04724827321830709,597,You know on a discount airline it is cheaper to buy an extra seat than pay the baggage fee
171,1607,4,15,85,104,1.2211538461538463,0.04918440626354967,597,"Even with their increased luggage fees, our travel system is still cheaper."
201,1607,4,15,85,104,1.2211538461538463,0.04918440626354967,597,He did warn me that he came with a lot of baggage.
267,1607,3,17,84,104,1.2211538461538463,0.04724827321830709,597,I was running late.
382,1607,5,13,86,104,1.2211538461538463,0.051047157774787154,597,"Yeah, I think I'll take Fluffy out after we board."
407,1607,2,19,83,104,1.2211538461538463,0.04522933588640989,597,"Fear of flying, no. Fear of commitment, yes."
526,1607,5,13,86,104,1.2211538461538463,0.051047157774787154,597,It's cheaper than getting him a seat and safer than being dragged off by the airline.
418,1607,3,17,84,104,1.2211538461538463,0.04724827321830709,597,"My credit card is a little stingy with its companion fares, but there are no blackout dates!"
825,1607,4,15,85,104,1.2211538461538463,0.04918440626354967,597,It's less hassle this way
1073,1607,6,11,87,104,1.2211538461538463,0.05284428837887896,597,I’m just glad he’s over his Tintin obsession.
963,1607,3,17,84,104,1.2211538461538463,0.04724827321830709,597,My husband packed my bag for me.
1009,1607,5,13,86,104,1.2211538461538463,0.051047157774787154,597,"Why yes, it is one size fits all!"
677,1607,3,17,84,104,1.2211538461538463,0.04724827321830709,597,"Dog snores. Otherwise, no problem."
893,1637,5,14,90,109,1.2201834862385321,0.04938940487411066,597,I've got all the non-essentials.
730,1637,1,22,86,109,1.2201834862385321,0.041949191322226805,597,They like to have more room.
2312,1639,3,17,85,105,1.2190476190476192,0.04684350139437753,597,I' m feeling good about the excess baggage metaphor.
1996,1639,4,15,86,105,1.2190476190476192,0.04875924328817289,597,Look at THIS ass I'm dragging.
1700,1639,3,17,85,105,1.2190476190476192,0.04684350139437753,597,I always check my kids too.
1225,1639,7,9,89,105,1.2190476190476192,0.05410096445984843,597,"Oh, I thought it said carrion!"
1417,1639,3,17,85,105,1.2190476190476192,0.04684350139437753,597,I case I get dragged off the plane I want my baggage with me.
666,1639,5,13,87,105,1.2190476190476192,0.05060250971231977,597,Becoming a contortionist family was the best move we've made in years.
1547,1645,2,18,81,101,1.2178217821782178,0.04582351075408372,597,His new service dog has really help Bob be a better flyer.
1581,1645,5,12,84,101,1.2178217821782178,0.051902346226063996,597,"On second thought, I think we ought to check our bags."
1597,1645,2,18,81,101,1.2178217821782178,0.04582351075408372,597,"The airline has only lost a couple of them, so why not check them?"
1770,1645,4,14,83,101,1.2178217821782178,0.04995832004571433,597,I bought the bag that was most likely to get mixed up.
3070,1645,4,14,83,101,1.2178217821782178,0.04995832004571433,597,It's still safer than driving.
1951,1645,4,14,83,101,1.2178217821782178,0.04995832004571433,597,As long as he is under 25 lbs your fine
1997,1645,4,14,83,101,1.2178217821782178,0.04995832004571433,597,I have found a way to retaliate against the $25 baggage fee.
2003,1645,4,14,83,101,1.2178217821782178,0.04995832004571433,597,He'll fit in the overhead. I cut his legs off.
2065,1645,6,10,85,101,1.2178217821782178,0.053776141045545636,597,"Don't worry. If they don't fit in the overhead bin, I can check them at the gate."
2134,1645,3,16,82,101,1.2178217821782178,0.04793551856202062,597,Have you heard about suitcase class?
2150,1645,4,14,83,101,1.2178217821782178,0.04995832004571433,597,We cut back on a few things so we could splurge on first class.
2299,1645,4,14,83,101,1.2178217821782178,0.04995832004571433,597,This way he doesn't get hassled by passengers about his support animal.
2427,1645,4,14,83,101,1.2178217821782178,0.04995832004571433,597,The hardest part is keeping them away from liquids for 24 hours.
2434,1645,2,18,81,101,1.2178217821782178,0.04582351075408372,597,"For all intents and purposes, we take separate vacations."
2523,1645,6,10,85,101,1.2178217821782178,0.053776141045545636,597,"No Ivanka, we don't normally travel to Mar-a-Lago like this"
2728,1645,2,18,81,101,1.2178217821782178,0.04582351075408372,597,He can carry on all he wants!
3024,1645,5,12,84,101,1.2178217821782178,0.051902346226063996,597,I want to find someone with no baggage.
2906,1645,4,14,83,101,1.2178217821782178,0.04995832004571433,597,Sure they can both walk. Why do you ask?
2804,1645,7,8,86,101,1.2178217821782178,0.05558680731729981,597,"Doesn’t fool me. He says they're a TSA K9 team, but the thing is, I remember Roy Moore from way back in 9th grade."
2240,1645,2,18,81,101,1.2178217821782178,0.04582351075408372,597,The Ambien should kick in any second.
1519,1645,5,12,84,101,1.2178217821782178,0.051902346226063996,597,Carry-on parenting is the new helicopter parenting.
1921,1645,6,10,85,101,1.2178217821782178,0.053776141045545636,597,"The last airline misplaced his legs, so..."
1360,1645,3,16,82,101,1.2178217821782178,0.04793551856202062,597,Nyla likes to bring a best friend along.
70,1645,7,8,86,101,1.2178217821782178,0.05558680731729981,597,Just think... this journey comes with a free set of x-rays.
338,1645,4,14,83,101,1.2178217821782178,0.04995832004571433,597,"It was so nice for your husband to pack for you, I know, he said he had packed away a couple of surprises for me."
378,1645,2,18,81,101,1.2178217821782178,0.04582351075408372,597,"With a little squeezing and stomping, I should be able to fit it under the seat in front of me."
437,1645,4,14,83,101,1.2178217821782178,0.04995832004571433,597,I picked up a couple of souvenirs to take home.
446,1645,4,14,83,101,1.2178217821782178,0.04995832004571433,597,I found this Life hack on Pinterest
531,1645,4,14,83,101,1.2178217821782178,0.04995832004571433,597,We save a lot of money on x-rays
609,1645,6,10,85,101,1.2178217821782178,0.053776141045545636,597,I mean you should have heard the carry on
680,1645,1,20,80,101,1.2178217821782178,0.04360933771395099,597,Getting through security is the hardest part.
454,1645,3,16,82,101,1.2178217821782178,0.04793551856202062,597,He gets the intrepid flyer discount.
693,1645,1,20,80,101,1.2178217821782178,0.04360933771395099,597,Joey and Fluffy have no idea I'm sneaking off on this girls' weekend. Won't they be surprised!
748,1645,6,10,85,101,1.2178217821782178,0.053776141045545636,597,It's just so much easier!
798,1645,2,18,81,101,1.2178217821782178,0.04582351075408372,597,I do not believe we got thru security!!!
945,1645,4,14,83,101,1.2178217821782178,0.04995832004571433,597,Getting through security is going to be a bitch.
1092,1645,3,16,82,101,1.2178217821782178,0.04793551856202062,597,"I wasn’t sure if it was just a work event or if families were invited, so I packed everything."
1211,1645,3,16,82,101,1.2178217821782178,0.04793551856202062,597,He has far less baggage than the last guy I dated.
1287,1645,4,14,83,101,1.2178217821782178,0.04995832004571433,597,"The airlines scan your luggage for guns, not children or pets."
683,1645,4,14,83,101,1.2178217821782178,0.04995832004571433,597,I'm sure I won't miss them while I'm away but I've brought them ... just in case.
1504,1645,4,14,83,101,1.2178217821782178,0.04995832004571433,597,I'm so happy we could finally get this girls weekend!
1766,1686,0,21,76,97,1.2164948453608246,0.042034810387371384,597,"I love this bag. It fits my clothes, laptop, has a built-in charger, has Wi-Fi, and fits my dog of a husband comfortably."
1669,1687,6,10,86,102,1.2156862745098038,0.0532891202762439,597,My life just has so much baggage these days.
3098,1687,2,18,82,102,1.2156862745098038,0.04542226432881113,597,They're just along for the ride
2615,1687,5,12,85,102,1.2156862745098038,0.05143533103860699,597,It's a compromise between a vacation and a staycation.
2598,1687,8,6,88,102,1.2156862745098038,0.05681553010705601,597,Hi Regarding snowman in retail store cartoon in Dec 18 issue. Could have sworn I sent in that third caption. What happened?
1862,1687,3,16,83,102,1.2156862745098038,0.04751125295676055,597,Loop-holes to the new baggage rules has advantages.
1711,1687,3,16,83,102,1.2156862745098038,0.04751125295676055,597,He keeps the puppy warm during the flight.
1608,1687,4,14,84,102,1.2156862745098038,0.049512182523962604,597,His friend is a Boeing engineer and says the WiFi signal is strong in cargo.
284,1687,4,14,84,102,1.2156862745098038,0.049512182523962604,597,"With the luggage fees being so high, it just makes sense."
225,1687,3,16,83,102,1.2156862745098038,0.04751125295676055,597,They're too old to be riding in a carry on.
150,1687,6,10,86,102,1.2156862745098038,0.0532891202762439,597,"I sent my LAST husband as cargo, and forgot to punch air holes."
1288,1687,2,18,82,102,1.2156862745098038,0.04542226432881113,597,The puppy already thinks it's on a Disney ride.
1362,1698,3,15,80,98,1.2142857142857142,0.04865106526998212,597,They believe they're being boarded.
1727,1699,0,22,81,103,1.2135922330097086,0.04058042015646035,597,"One is a fake, the other is a dog!"
1936,1699,4,14,85,103,1.2135922330097086,0.0490738233325375,597,I took out extra baggage allowance.
3035,1701,2,17,80,99,1.2121212121212122,0.046017947241275524,597,Not to worry; it's a carry on.
2379,1701,5,11,83,99,1.2121212121212122,0.05230755832724922,597,You packed Mojo and Poly...right?
2357,1701,5,11,83,99,1.2121212121212122,0.05230755832724922,597,"He ain't heavy, he's my hubby."
2338,1701,1,19,79,99,1.2121212121212122,0.04372080059897002,597,It's the only way I can get him to go shopping with me.
2067,1701,5,11,83,99,1.2121212121212122,0.05230755832724922,597,He wants to live together. I'm rolling with it.
2173,1701,4,13,82,99,1.2121212121212122,0.050298485015680724,597,They're both hoping for the window seat
2428,1701,4,13,82,99,1.2121212121212122,0.050298485015680724,597,Trust me! They will have a great adventure!
2040,1701,3,15,81,99,1.2121212121212122,0.048205752059134375,597,"For once, they didn't ask that dumb question, ""has your luggage been under your control since you packed it?"""
2290,1701,2,17,80,99,1.2121212121212122,0.046017947241275524,597,This bag is going to cost a few arms and legs.
2555,1701,3,15,81,99,1.2121212121212122,0.048205752059134375,597,I'm bringing a lot of baggage to this relationship.
2742,1701,6,9,84,99,1.2121212121212122,0.05424226877117604,597,My service animal needs a service manimal.
2574,1701,2,17,80,99,1.2121212121212122,0.046017947241275524,597,He's always carrying on like this.
2691,1701,4,13,82,99,1.2121212121212122,0.050298485015680724,597,"If these baggage fees keep going up, I will have to buy him an economy seat the next time we fly."
2792,1701,2,17,80,99,1.2121212121212122,0.046017947241275524,597,"I'm checking my bag, who needs the hassle?"
2958,1701,6,9,84,99,1.2121212121212122,0.05424226877117604,597,"Yes, the surgeon DID put my head on backwards."
2994,1701,5,11,83,99,1.2121212121212122,0.05230755832724922,597,"We're testing the latest trend, ""fake regulations."""
3016,1701,2,17,80,99,1.2121212121212122,0.046017947241275524,597,It's so nice to get away. The kids are always getting into something or other.
3017,1701,4,13,82,99,1.2121212121212122,0.050298485015680724,597,They don't belong to me;I'm just taking them to the lost and found.
1994,1701,2,17,80,99,1.2121212121212122,0.046017947241275524,597,I will so miss my husband but he said he slipped a little something in my bag to make the time go faster.
2556,1701,3,15,81,99,1.2121212121212122,0.048205752059134375,597,"I only redeemed 20,000 points."
1947,1701,5,11,83,99,1.2121212121212122,0.05230755832724922,597,Guys are always breaking up with me because I have too much baggage.
2626,1701,4,13,82,99,1.2121212121212122,0.050298485015680724,597,Let's hope they confiscate my baggage.
1920,1701,5,11,83,99,1.2121212121212122,0.05230755832724922,597,"He just loves the new travel seat, and I don't have to pay the baggage fee."
1933,1701,5,11,83,99,1.2121212121212122,0.05230755832724922,597,I never check in Donald and Molly.
43,1701,1,19,79,99,1.2121212121212122,0.04372080059897002,597,The carry-on doesn't have breathing holes in it.
139,1701,4,13,82,99,1.2121212121212122,0.050298485015680724,597,"...so I told him ""lose 10 pounds or you've got an overweight luggage fee to answer to."""
170,1701,4,13,82,99,1.2121212121212122,0.050298485015680724,597,"I got the idea from my Grandpa, who did it at the drive-in."
245,1701,3,15,81,99,1.2121212121212122,0.048205752059134375,597,"Oh, darn! I didn't bring the kitchen sink."
385,1701,3,15,81,99,1.2121212121212122,0.048205752059134375,597,I found them in my store's Travel Size section.
492,1701,3,15,81,99,1.2121212121212122,0.048205752059134375,597,Frequent flyer miles just don't cut it anymore. Baggage fees are where the smart money goes!
514,1701,2,17,80,99,1.2121212121212122,0.046017947241275524,597,They were always carrying-on anyway.
577,1701,3,15,81,99,1.2121212121212122,0.048205752059134375,597,"Why yes, my service animal does have his own little friend."
68,1701,2,17,80,99,1.2121212121212122,0.046017947241275524,597,It’s just until their global entry cards arrive.
965,1701,1,19,79,99,1.2121212121212122,0.04372080059897002,597,"Oh, we always travel this way - Buster suffers from dreadful separation anxiety, and Doug and I can't stand being in each other's presence for more than two hours."
980,1701,1,19,79,99,1.2121212121212122,0.04372080059897002,597,It’ll be so great to get away from it all.
1017,1701,4,13,82,99,1.2121212121212122,0.050298485015680724,597,Those two do like to carry on.
1119,1701,3,15,81,99,1.2121212121212122,0.048205752059134375,597,It reminds him of his red wagon and we save on airfare.
1432,1701,5,11,83,99,1.2121212121212122,0.05230755832724922,597,My therapist said I need to pull a little more weight in our marriage.
1569,1701,4,13,82,99,1.2121212121212122,0.050298485015680724,597,There's too much baggage in our marriage.
1653,1701,2,17,80,99,1.2121212121212122,0.046017947241275524,597,"It's called a ""companion fare"". It's only $25! They suggest you pack blankets in the suitcase with them. And an oxygen tank."
1743,1701,5,11,83,99,1.2121212121212122,0.05230755832724922,597,"No matter how hard I try, I always tend to over pack."
1751,1701,3,15,81,99,1.2121212121212122,0.048205752059134375,597,It's the only way they could sit next to each other on the plane.
903,1701,4,13,82,99,1.2121212121212122,0.050298485015680724,597,I'm hoping that I'll lose my baggage this trip.
2513,1744,0,20,75,95,1.2105263157894737,0.042049234838787426,597,Of course I_ have to do all the heavy lifting.
2705,1745,1,19,80,100,1.21,0.043333333333333335,597,My boyfriend comes with a lot of baggage!
2487,1745,4,13,83,100,1.21,0.049838121792844324,597,"If this doesn't fit in the overhead or under the seat, guess who's not going."
2474,1745,3,15,82,100,1.21,0.047768380565162374,597,Miles had to lose ten pounds so we could meet the weight limit.
2396,1745,3,15,82,100,1.21,0.047768380565162374,597,I told him his baggage was destroying our marriage.
2285,1745,3,15,82,100,1.21,0.047768380565162374,597,"No, they don't give me a hard time. After all, he's a service dog."
1901,1745,3,15,82,100,1.21,0.047768380565162374,597,It was nice of you to let your baggage bring his pet.
391,1745,4,13,83,100,1.21,0.049838121792844324,597,I have been looking forward to this mother daughter weekend. Just the two of us?
1967,1745,1,19,80,100,1.21,0.043333333333333335,597,"I told him no, this trip is a get away for just we women."
2179,1745,5,11,84,100,1.21,0.05182526976156117,597,It's a lot cheaper than paying for a seat
1817,1754,5,10,81,96,1.2083333333333333,0.053222197804875436,597,"Oh, no, I'm not planning to go anywhere."
2900,1754,2,16,78,96,1.2083333333333333,0.046633760328105456,597,"I am so glad I left Johnny with the sitter, I really need a break."
2892,1754,5,10,81,96,1.2083333333333333,0.053222197804875436,597,I got him on Amazon.
2733,1754,3,14,79,96,1.2083333333333333,0.04892857905103333,597,"And... you don't have to feed them or take them for walks!"""
2716,1754,5,10,81,96,1.2083333333333333,0.053222197804875436,597,"Hell, last year we saved thousands. Plus, the first bag flies free."
2661,1754,3,14,79,96,1.2083333333333333,0.04892857905103333,597,Of course not - I would never tell Joe I was going to Las Vegas without him!
2217,1754,2,16,78,96,1.2083333333333333,0.046633760328105456,597,It's cheaper to pay the airline baggage fee than a seat for little Jimmy.
1958,1754,4,12,80,96,1.2083333333333333,0.05112048604588235,597,He's in the dog house
1812,1754,1,18,77,96,1.2083333333333333,0.04422001081778641,597,He carried on so much that I had to put him in checked luggage.
2843,1754,2,16,78,96,1.2083333333333333,0.046633760328105456,597,They will fly anywhere with me but I always have to drag them along
1541,1754,4,12,80,96,1.2083333333333333,0.05112048604588235,597,'Housebreaking' both of them for the flight was a real chore.
1513,1754,3,14,79,96,1.2083333333333333,0.04892857905103333,597,I have a lot of baggage.
1428,1754,3,14,79,96,1.2083333333333333,0.04892857905103333,597,I'll dump him at the security check.
1138,1754,3,14,79,96,1.2083333333333333,0.04892857905103333,597,Just nice to get a chance to leave all of my baggage at home.
900,1754,5,10,81,96,1.2083333333333333,0.053222197804875436,597,We can pull this off as long they don't ask what the in-flight movie is.
205,1754,4,12,80,96,1.2083333333333333,0.05112048604588235,597,He needs constant emotional support. It's exhausting.
873,1754,3,14,79,96,1.2083333333333333,0.04892857905103333,597,You were smart not to get a dog. And to marry a small man.
811,1754,4,12,80,96,1.2083333333333333,0.05112048604588235,597,getting through security was easy neither of them were in a shampoo bottle
690,1754,3,14,79,96,1.2083333333333333,0.04892857905103333,597,It’s even cheaper than economy . . .
587,1754,4,12,80,96,1.2083333333333333,0.05112048604588235,597,I'm a mule for the well-adjusted straight guy with a dog Cartel.
412,1754,5,10,81,96,1.2083333333333333,0.053222197804875436,597,I didn't realize he came with such baggage.
2035,1775,4,13,84,101,1.2079207920792079,0.04938599569639575,597,"At those prices, luggage is not just an extra feature, but a new way of traveling."
2423,1776,5,10,82,97,1.2061855670103092,0.052714429404269555,597,He loves our family vacations. Me not so much.
1780,1776,3,14,80,97,1.2061855670103092,0.04846914279015989,597,I couldn't leave him home Doris. He's my emotional support kid.
1524,1776,3,14,80,97,1.2061855670103092,0.04846914279015989,597,It was great advice to get the fun-size model.
686,1776,0,20,77,97,1.2061855670103092,0.041290772648446425,597,...and they've had all their shots too.
2840,1776,5,10,82,97,1.2061855670103092,0.052714429404269555,597,The flight is the only time I ever get to myself.
194,1776,3,14,80,97,1.2061855670103092,0.04846914279015989,597,"It's great as long as he doesn't wear anything metallic, smoke, or drink beforehand."
193,1776,4,12,81,97,1.2061855670103092,0.05063629562986725,597,"I literally packed everything that's important to me."" ""Same. My luggage is empty."
255,1776,1,18,78,97,1.2061855670103092,0.043814432989690705,597,I'm constantly carrying so much baggage around!
2710,1784,1,18,79,98,1.2040816326530612,0.043416050423211075,597,The really hard part is lifting it up into the overhead luggage compartment.
1811,1784,4,12,82,98,1.2040816326530612,0.050161077954179,597,And he has no idea where your going!
3031,1784,5,10,83,98,1.2040816326530612,0.05221615820079095,597,"Oh no, we're not flying, it's just a fun ride for my boys."
1857,1784,0,20,78,98,1.2040816326530612,0.040921388033960934,597,You get one bag free.
1685,1784,3,14,81,98,1.2040816326530612,0.048018124763472565,597,The key to a happy flight? No carry-on.
2874,1784,2,16,80,98,1.2040816326530612,0.045774958984969194,597,This is my first family package holiday
463,1784,3,14,81,98,1.2040816326530612,0.048018124763472565,597,"I love flying on Delta, because they never ask questions."
32,1784,5,10,83,98,1.2040816326530612,0.05221615820079095,597,"I'll provoke them, you shoot the clips."
518,1784,3,14,81,98,1.2040816326530612,0.048018124763472565,597,"I'm calling my congressman. We were just supposed to test the TSA, not make it to Puerto Rico."
1359,1793,4,10,75,89,1.202247191011236,0.05343123290615736,597,"Because this airline drags passengers off planes, not luggage."
2535,1793,6,6,77,89,1.202247191011236,0.05801398003669793,597,"To be completely honest, I am in a really good place. I've been so blessed with such sweet children."
1925,1795,2,15,77,94,1.202127659574468,0.046815269577118276,597,"No metal, no problem!"
1907,1795,4,11,79,94,1.202127659574468,0.05147067771448707,597,Just a few minutes until the Lunesta kicks in then it's our time .
1902,1795,4,11,79,94,1.202127659574468,0.05147067771448707,597,all I really wanted was some alone time
1856,1795,2,15,77,94,1.202127659574468,0.046815269577118276,597,I'll just need some help lifting it into the truck.
1850,1795,2,15,77,94,1.202127659574468,0.046815269577118276,597,I haven't told them yet but I'm not taking them.
1713,1795,2,15,77,94,1.202127659574468,0.046815269577118276,597,Nothing is going to spoil this girls weekend get-away. I'm ditching them at baggage claim.
1792,1795,6,7,81,94,1.202127659574468,0.05573860298930121,597,The dog was an easential bargaining tool!
1778,1795,3,13,78,94,1.202127659574468,0.04919806972822639,597,I'm taking all my playthings!
3061,1795,3,13,78,94,1.202127659574468,0.04919806972822639,597,I wonder what the next #MeToo wave will look like.
1730,1795,1,17,76,94,1.202127659574468,0.04430450164682011,597,"Timmy was making PBJs this morning, possibly planning to run away from home again."
1748,1795,5,9,80,94,1.202127659574468,0.05364709930456415,597,Carrion.
2152,1795,2,15,77,94,1.202127659574468,0.046815269577118276,597,"It won't fit in the carry-on, but they have an oxygen bottle to share."
1847,1795,4,11,79,94,1.202127659574468,0.05147067771448707,597,It's a new breed - the Hubby-poo. I am checking out how well he travels.
2195,1795,1,17,76,94,1.202127659574468,0.04430450164682011,597,"did you check your ""baggage?"""
2924,1795,4,11,79,94,1.202127659574468,0.05147067771448707,597,You need to put them in a plastic bin with liquids+laptops
2236,1795,2,15,77,94,1.202127659574468,0.046815269577118276,597,"After spraining his ankle at Coney Island, we just rolled with it."
2280,1795,1,17,76,94,1.202127659574468,0.04430450164682011,597,American Tourister can really save you money.
2286,1795,3,13,78,94,1.202127659574468,0.04919806972822639,597,Ever since he got too old to qualify for Early Boarding I just didn't see any  reason to buy him his own seat.
2378,1795,3,13,78,94,1.202127659574468,0.04919806972822639,597,"For me, the baggage fee is worth it."
2466,1795,1,17,76,94,1.202127659574468,0.04430450164682011,597,Worst case? Sometimes I have to check it and pay the fee.
2506,1795,3,13,78,94,1.202127659574468,0.04919806972822639,597,"I tried to get him to buy a ticket but, he always comes up short."
2610,1795,5,9,80,94,1.202127659574468,0.05364709930456415,597,"Can't believe he chose to stay back with the dog, because he didn't want to pack"
2765,1795,1,17,76,94,1.202127659574468,0.04430450164682011,597,I'm so glad my husband doesn't mind me going out of town for a few days.
2770,1795,0,19,75,94,1.202127659574468,0.04164262559887302,597,Another big plus is that you never have to worry about lost luggage.
2820,1795,6,7,81,94,1.202127659574468,0.05573860298930121,597,There was a two for one special at the pound.
2860,1795,2,15,77,94,1.202127659574468,0.046815269577118276,597,"Wow, a whole week of being by myself."
1696,1795,3,13,78,94,1.202127659574468,0.04919806972822639,597,Aren't you going the check on the baby?
2862,1795,1,17,76,94,1.202127659574468,0.04430450164682011,597,Can't wait to have a relaxing vocation without my family and just you and me.
2211,1795,2,15,77,94,1.202127659574468,0.046815269577118276,597,"It's a little heavy, but it's worth it once I go through baggage-check."
1676,1795,2,15,77,94,1.202127659574468,0.046815269577118276,597,It's the only way I can justify these new carry-on fees.
1726,1795,2,15,77,94,1.202127659574468,0.046815269577118276,597,It's either this or take a pill. You know how I feel about medication.
1400,1795,3,13,78,94,1.202127659574468,0.04919806972822639,597,I trust the luggage handlers here.
1439,1795,3,13,78,94,1.202127659574468,0.04919806972822639,597,"The way I look at it, I'm saving money by paying to check this bag."
103,1795,5,9,80,94,1.202127659574468,0.05364709930456415,597,My airline’s carry on rules are very flexible!
146,1795,2,15,77,94,1.202127659574468,0.046815269577118276,597,I hate bringing my work with me on vacation.
347,1795,4,11,79,94,1.202127659574468,0.05147067771448707,597,do you mind if I put my chihuahua in your bag?--- I think I reached my limit
413,1795,2,15,77,94,1.202127659574468,0.046815269577118276,597,We're flying Woofthansa.
568,1795,3,13,78,94,1.202127659574468,0.04919806972822639,597,I'm flying economy...
616,1795,1,17,76,94,1.202127659574468,0.04430450164682011,597,"Honestly he prefers riding in the hold with Sparky and noone's going to put me up for ""Best Mother of the Year"" anyway."
681,1795,4,11,79,94,1.202127659574468,0.05147067771448707,597,Of course you still have your independence when you’re married.
706,1795,4,11,79,94,1.202127659574468,0.05147067771448707,597,I'm trying out the new rideshare app.
723,1795,2,15,77,94,1.202127659574468,0.046815269577118276,597,"The baggage fees were more than an extra seat, but I really needed some 'me time'."
735,1795,4,11,79,94,1.202127659574468,0.05147067771448707,597,"Flying with 200 pounds of weed is a little risky, so I'm just bringing Scooby-Doo and Shaggy with me instead."
824,1795,5,9,80,94,1.202127659574468,0.05364709930456415,597,It's getting so annoying. I hear next year they're going to start charging for extra people.
261,1795,4,11,79,94,1.202127659574468,0.05147067771448707,597,And the toilet seat hasn’t been left up once...
862,1795,4,11,79,94,1.202127659574468,0.05147067771448707,597,"Relax, they had their shots."
1355,1795,5,9,80,94,1.202127659574468,0.05364709930456415,597,"If we’re lucky, a TSA agent will confiscate them."
831,1795,3,13,78,94,1.202127659574468,0.04919806972822639,597,"""Unfortunately, it's the baggage that I can't drop off""."
1289,1795,3,13,78,94,1.202127659574468,0.04919806972822639,597,Souvenirs aren't a problem if just get stuff you like.
1190,1795,1,17,76,94,1.202127659574468,0.04430450164682011,597,Roger's acting M.F.A. has saved us a fortune on airfare.
1178,1795,5,9,80,94,1.202127659574468,0.05364709930456415,597,They think we’re going to Orlando. I’m going to Orlando. They’re going into the deepest part of a fast river.
1276,1795,3,13,78,94,1.202127659574468,0.04919806972822639,597,"When you're a woman in your thirties, you'll carry some extra baggage too."
1116,1795,5,9,80,94,1.202127659574468,0.05364709930456415,597,They heard 'all-inclusive' but blocked out 'girls-only'.
1057,1795,5,9,80,94,1.202127659574468,0.05364709930456415,597,"""The Lost Luggage"" is the best way to get rid of them both! Trust me, no one will doubt!"
947,1795,4,11,79,94,1.202127659574468,0.05147067771448707,597,I can’t be the mom from Home Alone again.
933,1795,4,11,79,94,1.202127659574468,0.05147067771448707,597,They don't like to fly. All they want to do is ride around the airport.
869,1795,5,9,80,94,1.202127659574468,0.05364709930456415,597,But he keeps eating all of her biscuits.
1148,1795,6,7,81,94,1.202127659574468,0.05573860298930121,597,They keep each other company in the cargo area.
601,1853,3,14,82,99,1.202020202020202,0.04757530020731468,597,The real key has been limiting our open marriage to very specific situations.
2871,1854,3,13,79,95,1.2,0.04872391770757884,597,"Getting the bag through security isn’t so bad, but storing it in the overhead bin is no picnic."
2407,1854,3,13,79,95,1.2,0.04872391770757884,597,I said to the the agent that it shouldn't be a problem since it's a Pullman.
2809,1854,4,11,80,95,1.2,0.0509704259596523,597,It is a special bond between him and my dog!
2745,1854,5,9,81,95,1.2,0.053122015099597644,597,"They can charge whatever they want. I get $0 deductible on X-Ray screening.,"
2643,1854,1,17,77,95,1.2,0.043887262677318455,597,these stuffed dolls come in handy..... I do get better treatment !
1657,1854,4,11,80,95,1.2,0.0509704259596523,597,We were running low on frequent flyer miles.
2603,1854,2,15,78,95,1.2,0.04636869624047491,597,"Well, I'm only a Bronz-Rewards Member, but kids do fly free."
1768,1861,2,16,83,101,1.198019801980198,0.0445434529869386,597,"It’s a test. If he survives the baggage claim, Bella and I might let him share our bed."
2925,1862,2,15,79,96,1.1979166666666667,0.04593041950246607,597,He thinks he's in there to keep dog quiet at the vets.
1697,1862,4,11,81,96,1.1979166666666667,0.05047969816570406,597,"I fooled him this time.He thinks I'm on a business trip,but it's Vegas for me"
2234,1864,3,12,76,91,1.1978021978021978,0.049956709512768704,597,They say relationships bring a lot of baggge but some are worse than others
2438,1864,1,16,74,91,1.1978021978021978,0.044802592971196056,597,I've been training them to get past security
2480,1864,4,10,77,91,1.1978021978021978,0.05234379685830403,597,It's not easy fitting a service animal and a dog in one suitcase.
2124,1864,1,16,74,91,1.1978021978021978,0.044802592971196056,597,Seriously...I have to do EVERYTHING.
1882,1864,3,12,76,91,1.1978021978021978,0.049956709512768704,597,Getting this in the overhead rack is going to be a 'doozie.'
1786,1864,5,8,78,91,1.1978021978021978,0.054626672182585344,597,I found a doll factory that made me the perfect family!
1575,1864,3,12,76,91,1.1978021978021978,0.049956709512768704,597,"‘I told him if you’re going to continue to work like a dog, you should vacation like one too!’"
2492,1864,2,14,75,91,1.1978021978021978,0.047449684731754656,597,I find it cheaper to have the dogwalker do my hotel laundry.
1869,1864,3,12,76,91,1.1978021978021978,0.049956709512768704,597,"It was either this, or try to get one of those 'emotional support' letters."
2565,1864,3,12,76,91,1.1978021978021978,0.049956709512768704,597,We only had enough points for economy companion passes.
2893,1864,3,12,76,91,1.1978021978021978,0.049956709512768704,597,They're carry-ons.
2596,1864,3,12,76,91,1.1978021978021978,0.049956709512768704,597,I’m hoping they can pass as stuffed toys.
2619,1864,4,10,77,91,1.1978021978021978,0.05234379685830403,597,My savings go towards my student loans for animal husbandry
2635,1864,2,14,75,91,1.1978021978021978,0.047449684731754656,597,And on overseas flights they fit so nicely in the overhead storage bins.
2729,1864,3,12,76,91,1.1978021978021978,0.049956709512768704,597,"I didn't have the heart to tell them that I would not, in fact, put them in my suitcase if I could."
2829,1864,1,16,74,91,1.1978021978021978,0.044802592971196056,597,It’s cheaper to check ‘em.
2864,1864,3,12,76,91,1.1978021978021978,0.049956709512768704,597,I'm tired of fighting with them. I'm going to turn them both over to Homeland Security to do as seems right.
1546,1864,2,14,75,91,1.1978021978021978,0.047449684731754656,597,"I only agreed because I know they're going to make me gate check him, anyway."
2962,1864,1,16,74,91,1.1978021978021978,0.044802592971196056,597,He said he just got tired of being a ‘Stay at home dad’.
3007,1864,3,12,76,91,1.1978021978021978,0.049956709512768704,597,Decided just to drag all my homework along with me.
3051,1864,4,10,77,91,1.1978021978021978,0.05234379685830403,597,How would your husband and dog carry on without you?
2577,1864,3,12,76,91,1.1978021978021978,0.049956709512768704,597,He got the cheapest fare yet!
1436,1864,3,12,76,91,1.1978021978021978,0.049956709512768704,597,They're my emotional support.
1172,1864,2,14,75,91,1.1978021978021978,0.047449684731754656,597,No biggie. I don't have to sit with him.
1411,1864,3,12,76,91,1.1978021978021978,0.049956709512768704,597,"He didn't want the dog to travel in the cargo bay alone, and the baggage charge is cheaper."
1423,1864,1,16,74,91,1.1978021978021978,0.044802592971196056,597,I’m trying this Airbnb thing.
7,1864,2,14,75,91,1.1978021978021978,0.047449684731754656,597,The family that travels together stays together
111,1864,1,16,74,91,1.1978021978021978,0.044802592971196056,597,They like to ride the baggage carousel.
224,1864,3,12,76,91,1.1978021978021978,0.049956709512768704,597,Were those duty free?
401,1864,3,12,76,91,1.1978021978021978,0.049956709512768704,597,"Hey, it's only 50 bucks....and he's quiet as a mouse."
443,1864,1,16,74,91,1.1978021978021978,0.044802592971196056,597,I just posted an adorable photo. I'm sure the airline will bow to social media pressure.
451,1864,2,14,75,91,1.1978021978021978,0.047449684731754656,597,I never check my luggage.
471,1864,1,16,74,91,1.1978021978021978,0.044802592971196056,597,They don't get out much.
77,1864,4,10,77,91,1.1978021978021978,0.05234379685830403,597,"I was horrified when I realized they took each other's meds, but now I can afford a seat in first class."
878,1864,5,8,78,91,1.1978021978021978,0.054626672182585344,597,"I paid the luggage fee already, and it’s still under 50 pounds, so I figured what the hell, Madison has never been to Cabo either."
962,1864,2,14,75,91,1.1978021978021978,0.047449684731754656,597,You'd be surprised how much it saves.
1022,1864,4,10,77,91,1.1978021978021978,0.05234379685830403,597,"So, you get it on video so we can sue the airlines later."
1231,1864,2,14,75,91,1.1978021978021978,0.047449684731754656,597,"Ok , your’e right. I know he has some issues, I just can’t resist that cute puppy face."
1235,1864,1,16,74,91,1.1978021978021978,0.044802592971196056,597,Hope he didn’t forget to feed the dog.
1262,1864,3,12,76,91,1.1978021978021978,0.049956709512768704,597,"The TSA guy said,' What's in the bag?' so I showed my kid and my dog and he said: 'Have they been to the bathroom today?' and I said :yes!"" and he said : 'your good to go' so here I am!"
509,1864,2,14,75,91,1.1978021978021978,0.047449684731754656,597,"They are service animals, so I save on airfare."
1364,1864,4,10,77,91,1.1978021978021978,0.05234379685830403,597,"We saved $10 by getting the ticket through the airline's website, and another $5 by downgrading to Roger to luggage. Max gets a free in-flight bone too!"
1415,1906,2,14,76,92,1.1956521739130435,0.046980316386280786,597,We're going to Stowe...you?
1419,1906,3,12,77,92,1.1956521739130435,0.0494574733583754,597,They've both had their Xanax.
1624,1906,6,6,80,92,1.1956521739130435,0.05623803251103759,597,"In this new job, I live out of my suitcase."
1756,1906,2,14,76,92,1.1956521739130435,0.046980316386280786,597,My boyfriend's watching my dog while I'm away.
1790,1906,4,10,78,92,1.1956521739130435,0.0518163411891826,597,"When we arrive, there may be a problem with customs, but the savings in expenses are worth the try."
2363,1906,5,8,79,92,1.1956521739130435,0.054072402919355736,597,The divorce has given me some baggage.
2252,1906,3,12,77,92,1.1956521739130435,0.0494574733583754,597,"He said, ""I was more comfortable than being in economy""."
2381,1906,4,10,78,92,1.1956521739130435,0.0518163411891826,597,"My therapy husband needs a therapy dog, so..."
2509,1906,1,16,75,92,1.1956521739130435,0.044365060402479714,597,We’ll see how smart they are when they’re rejected in the overhead compartment.
2578,1906,5,8,79,92,1.1956521739130435,0.054072402919355736,597,"Yes, and best of all it is not a carry-on."
1342,1906,3,12,77,92,1.1956521739130435,0.0494574733583754,597,Of course I'm checking my luggage. Wouldn't you?
2046,1906,5,8,79,92,1.1956521739130435,0.054072402919355736,597,I can't tell you how excited they are to see the inside of an airport security room.
1278,1906,4,10,78,92,1.1956521739130435,0.0518163411891826,597,Checking them didn’t go well last trip
130,1906,2,14,76,92,1.1956521739130435,0.046980316386280786,597,They're a bit of a squeeze in some overhead compartments.
1112,1906,3,12,77,92,1.1956521739130435,0.0494574733583754,597,This way if they get dragged off the plane they get a fun ride out of it.
1087,1906,6,6,80,92,1.1956521739130435,0.05623803251103759,597,"Thank you. We have received your caption submission Check back Monday, Jan 1, 2018 to vote on caption finalists."
1069,1906,2,14,76,92,1.1956521739130435,0.046980316386280786,597,"No, I've taken care of that problem. He is wearing an adult diaper."
995,1906,2,14,76,92,1.1956521739130435,0.046980316386280786,597,Another one broke up with me last night. He said I have way too much baggage.
985,1906,4,10,78,92,1.1956521739130435,0.0518163411891826,597,Will you help me get it into the overhead?
721,1906,2,14,76,92,1.1956521739130435,0.046980316386280786,597,"No matter where I go, I will always carry him with me."
696,1906,3,12,77,92,1.1956521739130435,0.0494574733583754,597,"Once again, my diversion hid your drugs!"
45,1906,5,8,79,92,1.1956521739130435,0.054072402919355736,597,Keep calm carry on.
2960,1906,6,6,80,92,1.1956521739130435,0.05623803251103759,597,Tuck your child and dog in your carry on - no passenger charge for either
3027,1906,2,14,76,92,1.1956521739130435,0.046980316386280786,597,I may need to separate them to avoid the extra baggage fee.
2624,1906,3,12,77,92,1.1956521739130435,0.0494574733583754,597,How can you carry on like this?
1272,1906,2,14,76,92,1.1956521739130435,0.046980316386280786,597,It was definitely harder getting them in than going through luggage check.
2773,1906,2,14,76,92,1.1956521739130435,0.046980316386280786,597,I’m trying to shed the “helicopter mom” label.
2390,1933,2,13,72,87,1.1954022988505748,0.04860821683203345,597,Remind me to deflate those dolls before we go through security.
1267,1934,1,16,76,93,1.1935483870967742,0.043935820942387044,597,It's just so nice to get away.
925,1934,3,12,78,93,1.1935483870967742,0.04896799509143365,597,It was love at first flight.
2446,1936,1,15,72,88,1.1931818181818181,0.045307363593374915,597,They're my service animals. I just hope they'll all fit in the overhead.
461,1936,1,15,72,88,1.1931818181818181,0.045307363593374915,597,"Hopefully this time, my luggage won't be over weight!"
2650,1936,4,9,75,88,1.1931818181818181,0.05325839140777163,597,I've been carrying around a lot of emotional baggage.
2392,1939,3,11,75,89,1.1910112359550562,0.0502201600716848,597,My emotional baggage can’t be left unattended.
1559,1939,3,11,75,89,1.1910112359550562,0.0502201600716848,597,"No problem. In the new Steerage Class, you sit with your kids, pets and luggage, family style, with all the other passengers."
1573,1939,3,11,75,89,1.1910112359550562,0.0502201600716848,597,I tell all my dates that baggage should be a positive thing.
1589,1939,3,11,75,89,1.1910112359550562,0.0502201600716848,597,"You say fucking insane, I say adorably quirky."
1615,1939,5,7,77,89,1.1910112359550562,0.05507076999145734,597,Don't worry...I tagged the bag to be delivered to the vasectomy clinic.
1674,1939,2,13,74,89,1.1910112359550562,0.047609892487932244,597,I'm so excited to escape with you and leave all my baggage at home
1742,1939,2,13,74,89,1.1910112359550562,0.047609892487932244,597,My husband just doesn't like saying goodbye at the house so we worked out a compromise when I travel for business.
1892,1939,3,11,75,89,1.1910112359550562,0.0502201600716848,597,It's easier as checked baggage.
1976,1939,2,13,74,89,1.1910112359550562,0.047609892487932244,597,The Doghouse: Winter vacation version.
2056,1939,4,9,76,89,1.1910112359550562,0.052701300672173365,597,The airline just turns a blind eye ever since they beat up my cousin.
2209,1939,3,11,75,89,1.1910112359550562,0.0502201600716848,597,My husband loves these super saver fares
2257,1939,3,11,75,89,1.1910112359550562,0.0502201600716848,597,"If I check them, I get free drink coupons"
2461,1939,6,5,78,89,1.1910112359550562,0.05734241294508956,597,"I'd just like to interject for a moment. What you’re referring to as Linux, is in fact, GNU/Linux, or as I’ve recently taken to calling it, GNU plus Linux. Linux is not an operating system unto itself, but rather another free component of a fully fun"
1358,1939,2,13,74,89,1.1910112359550562,0.047609892487932244,597,They simply love the baggage-claim carousel.
2500,1939,2,13,74,89,1.1910112359550562,0.047609892487932244,597,"I would have loved to go with a carry on, but I needed some space for my clothes."
2633,1939,2,13,74,89,1.1910112359550562,0.047609892487932244,597,My marriage has a lot of baggage.
2647,1939,3,11,75,89,1.1910112359550562,0.0502201600716848,597,"My boyfriend is such a jerk with his dog, I can't wait to be on vacation without him."
2724,1939,1,15,73,89,1.1910112359550562,0.04484795700808779,597,"Due to the holiday, the airlines only had one ticket for sale, so I hope they don't lose my luggage."
2780,1939,2,13,74,89,1.1910112359550562,0.047609892487932244,597,cheaper than fed ex
2918,1939,4,9,76,89,1.1910112359550562,0.052701300672173365,597,"Don't worry, They're both toilet-trained"
2954,1939,2,13,74,89,1.1910112359550562,0.047609892487932244,597,Its' a breeze with TSA pre-check and it solves his fear of flying.
2963,1939,3,11,75,89,1.1910112359550562,0.0502201600716848,597,I went through the security line without a problem.
2984,1939,2,13,74,89,1.1910112359550562,0.047609892487932244,597,I guess we're one of the few families that doesn't mind the baggage fee.
2279,1939,1,15,73,89,1.1910112359550562,0.04484795700808779,597,My bag sometimes shifts during flight.
1345,1939,5,7,77,89,1.1910112359550562,0.05507076999145734,597,It’s surprising how much you pack for one!
1915,1939,1,15,73,89,1.1910112359550562,0.04484795700808779,597,Honestly I lose track of which one of us is the comfort animal
1158,1939,3,11,75,89,1.1910112359550562,0.0502201600716848,597,"Don't worry. I just zip it up, and they fly in the belly of the plane. My husband will do anything to save money!"
26,1939,1,15,73,89,1.1910112359550562,0.04484795700808779,597,Let's hope they don't run out of overhead room.
1227,1939,1,15,73,89,1.1910112359550562,0.04484795700808779,597,Good thing we got the big suitcase Fido - Dad and Uncle Jim must be really crammed.
208,1939,4,9,76,89,1.1910112359550562,0.052701300672173365,597,Just go commando through X-ray and the TSA agents are all distracted
216,1939,2,13,74,89,1.1910112359550562,0.047609892487932244,597,"When I read that he was looking for a woman with a lot of baggage, I swiped right, and well, here we are."
362,1939,1,15,73,89,1.1910112359550562,0.04484795700808779,597,"I knew having kids would add some baggage to my life, but not literally."
365,1939,3,11,75,89,1.1910112359550562,0.0502201600716848,597,Our therapist suggested sharing each other's baggage.
427,1939,1,15,73,89,1.1910112359550562,0.04484795700808779,597,I'm meeting a blind date. I told him I come with a lot of baggage.
464,1939,2,13,74,89,1.1910112359550562,0.047609892487932244,597,"Some people think checking bags is a hassle, but I couldn’t get through a flight without it."
519,1939,4,9,76,89,1.1910112359550562,0.052701300672173365,597,Did they take your water bottle too?
544,1939,3,11,75,89,1.1910112359550562,0.0502201600716848,597,Two can fly as cheaply as one... if comfort isn't a high priority.
637,1939,4,9,76,89,1.1910112359550562,0.052701300672173365,597,"This way they’re the TSA’s responsibility, not mine."
129,1939,2,13,74,89,1.1910112359550562,0.047609892487932244,597,They both got too big to fit into my purse.
875,1939,2,13,74,89,1.1910112359550562,0.047609892487932244,597,"In the long run, they were happier and I was happier."
895,1939,2,13,74,89,1.1910112359550562,0.047609892487932244,597,We decided to carry on our relationship
921,1939,4,9,76,89,1.1910112359550562,0.052701300672173365,597,"There is better air conditioning in cargo hold, it seems"
1038,1939,2,13,74,89,1.1910112359550562,0.047609892487932244,597,Having just the one child carry-on must be nice.
1081,1939,2,13,74,89,1.1910112359550562,0.047609892487932244,597,Don't worry. He doesn't have a passport.
1107,1939,3,11,75,89,1.1910112359550562,0.0502201600716848,597,We decided to turn all our emotional baggage into economic savings
1121,1939,2,13,74,89,1.1910112359550562,0.047609892487932244,597,I'm taking HIM back to his mum. The dog I'm keeping.
1128,1939,3,11,75,89,1.1910112359550562,0.0502201600716848,597,The best of Bob and Rufus is that they are so accommodating.
657,1939,4,9,76,89,1.1910112359550562,0.052701300672173365,597,Our puppy gets lonely on long flights
2934,1987,4,9,77,90,1.1888888888888889,0.05215564061107554,597,They keep each other busy.
2834,1987,3,11,76,90,1.1888888888888889,0.04970435551754336,597,Are you going to check your baggage?
2581,1987,2,13,75,90,1.1888888888888889,0.04712573678232538,597,He regresses in a flash as soon as we start to go home for the holidays.
2464,1987,1,15,74,90,1.1888888888888889,0.044397603281480034,597,It's a carry-on that carries on.
2044,1987,3,11,76,90,1.1888888888888889,0.04970435551754336,597,He no longer has a fear of flying.
1664,1987,3,11,76,90,1.1888888888888889,0.04970435551754336,597,"I know, I know — bend at the knees, not at the waist."
1694,1987,1,15,74,90,1.1888888888888889,0.044397603281480034,597,They are inseparable when we travel.
316,1987,3,11,76,90,1.1888888888888889,0.04970435551754336,597,"""He just loves the overhead compartment""."
939,1987,4,9,77,90,1.1888888888888889,0.05215564061107554,597,The new economy seats were a pretty good deal...
883,1996,3,10,72,85,1.188235294117647,0.051569532748121864,597,The therapy dog is really more for him than me.
2360,1997,2,13,76,91,1.1868131868131868,0.046651195530939105,597,"Don't worry, they're under the weight limit."
2165,1998,2,12,72,86,1.186046511627907,0.048257256089076536,597,And I even get to check my baggage at the gate!
2135,1998,4,8,74,86,1.186046511627907,0.053627962740362745,597,I'll put a few air-holes in it just before boarding.
2034,1998,3,10,73,86,1.186046511627907,0.051013337241002224,597,Roy Moore and his best friend getting out of town.
2016,1998,4,8,74,86,1.186046511627907,0.053627962740362745,597,"Oh, yeah, it's cheaper... but the smell lasts for the whole vacation."
1935,1998,1,14,71,86,1.186046511627907,0.04533392718515796,597,I just hope when we board they don’t make me check my bag.
1796,1998,3,10,73,86,1.186046511627907,0.051013337241002224,597,"We were great lovers, but now he's just baggage."
1603,1998,6,4,76,86,1.186046511627907,0.05850772607200484,597,I figure I actually save money on baggage fees.
1693,1998,3,10,73,86,1.186046511627907,0.051013337241002224,597,You'd be astonished at the sorts of things you can find in a duty free shop today.
2228,1998,3,10,73,86,1.186046511627907,0.051013337241002224,597,"That's where we want to go, way down in Cargo Bay"
1510,1998,2,12,72,86,1.186046511627907,0.048257256089076536,597,My therapist suggested I need some space to help me define my boundaries.
1470,1998,3,10,73,86,1.186046511627907,0.051013337241002224,597,He’s performing surgery tomorrow and don’t want to get thrown out of the plane again.
1881,1998,2,12,72,86,1.186046511627907,0.048257256089076536,597,"So I said, you think that's emasculating, I'll show you emasculating. (""that's"" needs to be in italics)"
2394,1998,0,16,70,86,1.186046511627907,0.04220861455688511,597,"I really need this getaway. It's like every time I turn around, there's someone there who needs me."
1969,1998,4,8,74,86,1.186046511627907,0.053627962740362745,597,We had a great time in India but Johnny got hooked on the rickshaws.
2439,1998,4,8,74,86,1.186046511627907,0.053627962740362745,597,"My boyfriend said I should remember going thru TSA: ""Be CALM, and CARRY-ON""."
2463,1998,1,14,71,86,1.186046511627907,0.04533392718515796,597,I'm not sure I'm fond of the whole AirBnB thing.
2552,1998,2,12,72,86,1.186046511627907,0.048257256089076536,597,I've been so looking forward to a free week...
2584,1998,3,10,73,86,1.186046511627907,0.051013337241002224,597,"Well, I guess you can always count on Bill to let the cat out of the bag!"
2614,1998,2,12,72,86,1.186046511627907,0.048257256089076536,597,Never date a female with luggage
2628,1998,2,12,72,86,1.186046511627907,0.048257256089076536,597,"Of course I love them, but family can add so much baggage to your life..."
2646,1998,2,12,72,86,1.186046511627907,0.048257256089076536,597,It's better than blocking the aisle....
2670,1998,4,8,74,86,1.186046511627907,0.053627962740362745,597,They kept complaining about being checked.
1361,1998,0,16,70,86,1.186046511627907,0.04220861455688511,597,"Yeah it is heavy to get in the overhead, but, they won't get lost again."
2718,1998,6,4,76,86,1.186046511627907,0.05850772607200484,597,I'm really looking forward this trip to just finding myself...
2739,1998,2,12,72,86,1.186046511627907,0.048257256089076536,597,"Based on the X-ray, the TSA guy prescribed us antibiotic."
2810,1998,3,10,73,86,1.186046511627907,0.051013337241002224,597,I’m so happy to be leaving North Korea.
2422,1998,2,12,72,86,1.186046511627907,0.048257256089076536,597,They can keep each other company.
1246,1998,3,10,73,86,1.186046511627907,0.051013337241002224,597,The trick is to have your baggage breathe.
776,1998,1,14,71,86,1.186046511627907,0.04533392718515796,597,"I'm afraid to leave him home alone. So, I figured I'd just bring the dog, too."
1214,1998,2,12,72,86,1.186046511627907,0.048257256089076536,597,I take dealing with my relationship baggage very seriously. And very literally.
82,1998,2,12,72,86,1.186046511627907,0.048257256089076536,597,Its a carry on to bring them but you should see the house if I leave them!
187,1998,5,6,75,86,1.186046511627907,0.05612090696789607,597,Takes me back to my Drive-in Days. . Hope the baggage area gets oxygen.
218,1998,4,8,74,86,1.186046511627907,0.053627962740362745,597,I'm leaving my husband as unattended baggage.
295,1998,0,16,70,86,1.186046511627907,0.04220861455688511,597,They travel free as long as this fits in the overhead compartment!
370,1998,2,12,72,86,1.186046511627907,0.048257256089076536,597,Left the boy friend at home. How about you?
467,1998,1,14,71,86,1.186046511627907,0.04533392718515796,597,We found this crazy two-for-one ticket deal.
508,1998,2,12,72,86,1.186046511627907,0.048257256089076536,597,I think they'll make it through security...they haven't got any metal on.
605,1998,2,12,72,86,1.186046511627907,0.048257256089076536,597,"It's my fault for agreeing to the whole ""stay-at-home"" dad thing."
685,1998,2,12,72,86,1.186046511627907,0.048257256089076536,597,You should have seen the face of the TSA agent when she inspected my bag.
692,1998,3,10,73,86,1.186046511627907,0.051013337241002224,597,Kids are in the checked luggage.
717,1998,5,6,75,86,1.186046511627907,0.05612090696789607,597,My boyfriend can be such a burden.
504,1998,4,8,74,86,1.186046511627907,0.053627962740362745,597,"That's my boy toy, Mike."
1213,1998,4,8,74,86,1.186046511627907,0.053627962740362745,597,Can't wait to get rid of my extra baggage.
784,1998,2,12,72,86,1.186046511627907,0.048257256089076536,597,And it's too big to fit in the overhead so they'll gate check it for free.
787,1998,3,10,73,86,1.186046511627907,0.051013337241002224,597,"My husband couldn't make it. He's home watching the dog. Clink Clink!"""
983,1998,1,14,71,86,1.186046511627907,0.04533392718515796,597,I think it'll help me be less homesick when I leave.
1000,1998,1,14,71,86,1.186046511627907,0.04533392718515796,597,I just found strollers too expensive
1041,1998,3,10,73,86,1.186046511627907,0.051013337241002224,597,It gets interesting when some guy will offer to put my suitcase in the overhead rack
1077,1998,2,12,72,86,1.186046511627907,0.048257256089076536,597,It's amazing what you can stuff into these new bags!
1207,1998,5,6,75,86,1.186046511627907,0.05612090696789607,597,I love these reduced family fares.
775,1998,3,10,73,86,1.186046511627907,0.051013337241002224,597,It's cheaper even if there is a lot of shit to clean up on arrival.
2249,2049,3,11,78,92,1.184782608695652,0.0487035648134137,597,I passed on the shrink wrap.
1100,2050,5,6,76,87,1.1839080459770115,0.05551329249342011,597,I'm so happy to be in a relationship that doesn't come with a lot of baggage!
1294,2050,3,10,74,87,1.1839080459770115,0.050468893694394994,597,It's a great way to stretch our budget when traveling.
1353,2050,3,10,74,87,1.1839080459770115,0.050468893694394994,597,"It was a toss up between buying two in coach or one in first class, with a large carry-on allowance..."
1409,2050,2,12,73,87,1.1839080459770115,0.04774726195683065,597,This should cure their separation anxiety.
1673,2050,1,14,72,87,1.1839080459770115,0.04486081606493881,597,I think my emotional baggage has reached the limit.
2185,2050,1,14,72,87,1.1839080459770115,0.04486081606493881,597,We met on a reality show forum. I can't bear losing another husband in checked luggage.
2347,2050,4,8,75,87,1.1839080459770115,0.0530510832792138,597,"No, they were fine in storage."
2330,2050,2,12,73,87,1.1839080459770115,0.04774726195683065,597,I've always been curious. Do you know how warm it is in the cargo hold area?
2334,2050,5,6,76,87,1.1839080459770115,0.05551329249342011,597,I'm just taking non-essentials - I may not even unpack this trip.
987,2050,4,8,75,87,1.1839080459770115,0.0530510832792138,597,It's between him and the TSA when we get to the counter.
3108,2050,0,16,71,87,1.1839080459770115,0.04177540678018991,597,This one will be a working vacation.
2350,2050,2,12,73,87,1.1839080459770115,0.04774726195683065,597,I wasn’t able to wrap all the gifts.
2245,2050,4,8,75,87,1.1839080459770115,0.0530510832792138,597,he said he’d rather die than do long-distance
964,2050,1,14,72,87,1.1839080459770115,0.04486081606493881,597,He’s agoraphobic.
432,2050,2,12,73,87,1.1839080459770115,0.04774726195683065,597,"He had his DNA tested, seems he's a distant relative of Harry Houdini. The dog is his idea."
607,2050,2,12,73,87,1.1839080459770115,0.04774726195683065,597,Roxie insisted he come with us.
595,2050,3,10,74,87,1.1839080459770115,0.050468893694394994,597,"Bigger the bag, wiser the woman."
400,2050,4,8,75,87,1.1839080459770115,0.0530510832792138,597,Now if I could just keep him off my friends' legs.
212,2050,3,10,74,87,1.1839080459770115,0.050468893694394994,597,It's just that family vacations are so costly!
192,2050,2,12,73,87,1.1839080459770115,0.04774726195683065,597,"No, he doesn't mind. He's fanatic and ingenious about cutting our travel costs."
142,2050,3,10,74,87,1.1839080459770115,0.050468893694394994,597,I'm just happy that one of them has taken to the travel diapers.
620,2050,1,14,72,87,1.1839080459770115,0.04486081606493881,597,"Surprisingly, our relationship has relatively little baggage."
1245,2072,3,10,75,88,1.1818181818181819,0.04993583800023195,597,Trust is key.
144,2072,3,10,75,88,1.1818181818181819,0.04993583800023195,597,Size is everything.
2711,2072,3,10,75,88,1.1818181818181819,0.04993583800023195,597,He ran up and down the aisle biting everyone's luggage; my dog was well behaved though.
2382,2075,0,15,68,83,1.180722891566265,0.04249277241702737,597,I can't leave home without them
2291,2075,2,11,70,83,1.180722891566265,0.04892190131450311,597,"Yes, I have to pay the bag fee, but it's still cheaper than a ticket for him."
1944,2075,3,9,71,83,1.180722891566265,0.05183831390483617,597,They have NO idea what they are in for when I leave this suitcase unattended.
2018,2075,1,13,69,83,1.180722891566265,0.04582023644587216,597,"It's the cheapest way since he's under 50lbs. Besides, he also has a GameBoy in there."
1838,2075,2,11,70,83,1.180722891566265,0.04892190131450311,597,I picked him up at the doody free shop.
1798,2075,0,15,68,83,1.180722891566265,0.04249277241702737,597,"They're never on time, but I love their lax security."
1746,2075,3,9,71,83,1.180722891566265,0.05183831390483617,597,I'm so excited about our girl's getaway.
2041,2075,0,15,68,83,1.180722891566265,0.04249277241702737,597,I threw this out jokingly as an alternative to him flying coach. I never expected him to say yes.
2420,2075,2,11,70,83,1.180722891566265,0.04892190131450311,597,Nothing to see here. Carry on.
2783,2075,3,9,71,83,1.180722891566265,0.05183831390483617,597,I'm going to brutally shove everything I love into the overhead compartment. And you??
3066,2075,1,13,69,83,1.180722891566265,0.04582023644587216,597,"""Come si, come sa,: Check-in or carry-on. It's always comes down to your target weight."
1623,2075,2,11,70,83,1.180722891566265,0.04892190131450311,597,I’m glad I left the kid and dog at home.
2648,2075,2,11,70,83,1.180722891566265,0.04892190131450311,597,My therapist and I are working on the way I carry my emotional baggage.
2877,2075,2,11,70,83,1.180722891566265,0.04892190131450311,597,That's one helluva carry on.
2953,2075,3,9,71,83,1.180722891566265,0.05183831390483617,597,"Rover found him wandering on the beach, and now they are inseparable."
2982,2075,2,11,70,83,1.180722891566265,0.04892190131450311,597,Jim used the last of his frequent flier miles on that trip to Las Vegas....
2845,2075,2,11,70,83,1.180722891566265,0.04892190131450311,597,I can't go anywhere without my family.
2985,2075,1,13,69,83,1.180722891566265,0.04582023644587216,597,We're downsizing to tiny-tiny-micro next year.
2525,2075,4,7,72,83,1.180722891566265,0.054599168022660204,597,I know it's our honeymoon but he's still in the dog house.
1577,2075,4,7,72,83,1.180722891566265,0.054599168022660204,597,This is great I don't hear the baby crying the whole trip and the dog poop keeps away the curious airport dogs.
2115,2075,3,9,71,83,1.180722891566265,0.05183831390483617,597,I'm a cannibal; they're my bag lunch.
1352,2075,1,13,69,83,1.180722891566265,0.04582023644587216,597,"Luckily, my husband's legs retract."
30,2075,2,11,70,83,1.180722891566265,0.04892190131450311,597,How'd you get your guy in a bag that small?
1445,2075,2,11,70,83,1.180722891566265,0.04892190131450311,597,"Just say, 'big adventure' and you'd be amazed what you can get people to do."
423,2075,3,9,71,83,1.180722891566265,0.05183831390483617,597,I just know I can fit them under my seat.
431,2075,4,7,72,83,1.180722891566265,0.054599168022660204,597,"He's been x-rayed so many times, he thinks every trip is to Disneyland!"
580,2075,3,9,71,83,1.180722891566265,0.05183831390483617,597,I just hope that my dog and tiny husband didn't try to stow away in my luggage.
191,2075,1,13,69,83,1.180722891566265,0.04582023644587216,597,"If he can make weight, the bag fees run a little less than an extra seat."
854,2075,1,13,69,83,1.180722891566265,0.04582023644587216,597,"He was so sweet, said he would not leave the dog alone for a minute while I was at the Victoria Secret Fashion Show."
944,2075,2,11,70,83,1.180722891566265,0.04892190131450311,597,It’s my comfort animal and his comfort animal.
1201,2075,2,11,70,83,1.180722891566265,0.04892190131450311,597,"Yes I have the points, but I'm using those to upgrade us to a suite."
1203,2075,4,7,72,83,1.180722891566265,0.054599168022660204,597,ahh we finally got away from him
828,2075,2,11,70,83,1.180722891566265,0.04892190131450311,597,So sad. My poor dear husband has to babysit and dog sit for two weeks.
2258,2108,2,12,75,89,1.1797752808988764,0.04675856138200857,597,It's cheaper than a plane ticket.
1604,2109,4,7,73,84,1.1785714285714286,0.05398814781884477,597,TSA agreed an open and shut case.
1599,2109,4,7,73,84,1.1785714285714286,0.05398814781884477,597,The baggage handlers think he's barking.
1580,2109,1,13,70,84,1.1785714285714286,0.04532256509703348,597,They're both dogs.
1058,2109,3,9,72,84,1.1785714285714286,0.051262641097241254,597,What can I say? He's been a bad influence on John ever since we adopted him and he wouldn't fit in any of my other bags.
1052,2109,2,11,71,84,1.1785714285714286,0.048383846887362136,597,"So, we're taking advantage of the new deal with Spirit Airlines!"
558,2109,2,11,71,84,1.1785714285714286,0.048383846887362136,597,"It was great, Mark even packed my bag for me!"
517,2109,3,9,72,84,1.1785714285714286,0.051262641097241254,597,It'll be nice to check my martial baggage at the gate.
395,2109,1,13,70,84,1.1785714285714286,0.04532256509703348,597,"I get along with his family great, but his friends are dogs."
2315,2109,3,9,72,84,1.1785714285714286,0.051262641097241254,597,"We decided to go on the spur of the moment, but there was only one seat left and we couldn’t leave my husband home alone."
1898,2109,1,13,70,84,1.1785714285714286,0.04532256509703348,597,George has a therapy dog AND a therapy roller bag.
1950,2109,4,7,73,84,1.1785714285714286,0.05398814781884477,597,Dammit! I forgot my toothbrush.
1813,2109,2,11,71,84,1.1785714285714286,0.048383846887362136,597,Your smuggling toothpaste? Well guess what I’m smuggling.
2380,2109,1,13,70,84,1.1785714285714286,0.04532256509703348,597,"Well, he said it was not different than hiding in the trunk to get into the drive-in movie."
2853,2109,4,7,73,84,1.1785714285714286,0.05398814781884477,597,My therapy dog also helps me with my excess baggage.
2445,2109,2,11,71,84,1.1785714285714286,0.048383846887362136,597,He put on some vacation weight so now I need to check him.
2781,2109,4,7,73,84,1.1785714285714286,0.05398814781884477,597,The only downside is I can't fly carry-on only.
1867,2109,2,11,71,84,1.1785714285714286,0.048383846887362136,597,"Whenever I leave, they carry on."
1851,2109,2,11,71,84,1.1785714285714286,0.048383846887362136,597,This is just a practice run.
2725,2127,3,8,68,79,1.1772151898734178,0.05332043114452347,597,"The service dog registration fee was so high, I figured I'd check them both"
2566,2128,2,11,72,85,1.1764705882352942,0.0478573703400451,597,He mostly eats dog food.
2478,2128,2,11,72,85,1.1764705882352942,0.0478573703400451,597,He lost the coin flip on the 2-for-one companion ticket.
1970,2128,4,7,74,85,1.1764705882352942,0.05339056082773511,597,"They're lucky, my kids don't have a zipper."
1269,2128,2,11,72,85,1.1764705882352942,0.0478573703400451,597,Of course it cost a little more for baggage but we make up for it with the family savings on tickets!
1189,2128,2,11,72,85,1.1764705882352942,0.0478573703400451,597,Finally I'm taking a break from the kids and this filthy dog!
281,2128,5,5,75,85,1.1764705882352942,0.05595233713007894,597,"I hate checking a bag, but I need three pair of shoes this weekend."
2721,2128,3,9,73,85,1.1764705882352942,0.05069950631596087,597,No. They don't get frequent flier miles for this....
2883,2128,2,11,72,85,1.1764705882352942,0.0478573703400451,597,They would freeze in the stored baggage cargo hold
978,2128,3,9,73,85,1.1764705882352942,0.05069950631596087,597,We’re hoping there’s enough material for a trilogy.
296,2137,0,14,66,80,1.175,0.0427496391279461,597,Who says traveling with kids has to be a hassle?
774,2138,3,7,65,75,1.1733333333333333,0.05493102417957832,597,"Yes, I know, but the baggage compartment has its advantages."
1311,2138,1,11,63,75,1.1733333333333333,0.04792386354100322,597,Now I see why you locked Charles in.
2319,2140,3,8,70,81,1.1728395061728396,0.05208647681414566,597,I don't know why he insists on traveling this way... Buying a ticket is much cheaper than the baggage fees!
1317,2140,2,10,69,81,1.1728395061728396,0.04903426446477902,597,The airlines wanted to charge me for a ticket since he's over two years old.
1320,2140,3,8,70,81,1.1728395061728396,0.05208647681414566,597,No more middle seat blues.
1377,2140,0,14,67,81,1.1728395061728396,0.04227381152657762,597,My husband and I just love our together time.
1430,2140,1,12,68,81,1.1728395061728396,0.04577900300676336,597,"We're thinking about having kids, but we'll have to upgrade our luggage first."
1537,2140,4,6,71,81,1.1728395061728396,0.05496947373060047,597,Boyfriends come with a lot of baggage.
1607,2140,3,8,70,81,1.1728395061728396,0.05208647681414566,597,I like to travel light.
1690,2140,2,10,69,81,1.1728395061728396,0.04903426446477902,597,"Once I get in, just use you free extra luggage coupon, ok?"
1787,2140,4,6,71,81,1.1728395061728396,0.05496947373060047,597,Goop said I need to check my baggage to find happiness.
1834,2140,3,8,70,81,1.1728395061728396,0.05208647681414566,597,He works for me cause he folds like a deck chair.
2080,2140,2,10,69,81,1.1728395061728396,0.04903426446477902,597,"Plus, just like their cages, they never poop in there."
1194,2140,2,10,69,81,1.1728395061728396,0.04903426446477902,597,You have to shed some of your deadweight.
2174,2140,1,12,68,81,1.1728395061728396,0.04577900300676336,597,We just LOVE these Bargain Baggage Vacations !
2180,2140,1,12,68,81,1.1728395061728396,0.04577900300676336,597,We just LOVE our Bargain Baggage Vacations !
2384,2140,2,10,69,81,1.1728395061728396,0.04903426446477902,597,I came up with this idea once he turned 2 and have been doing it ever since.
2385,2140,1,12,68,81,1.1728395061728396,0.04577900300676336,597,Well it's under 50 pounds.
2460,2140,2,10,69,81,1.1728395061728396,0.04903426446477902,597,"With that size luggage, now we have to wait at the carousel."
2885,2140,2,10,69,81,1.1728395061728396,0.04903426446477902,597,I qualified my rescue strays as service pets!
3096,2140,3,8,70,81,1.1728395061728396,0.05208647681414566,597,I actually enjoy travel more since they eliminated the gratis companion ticket.
3100,2140,2,10,69,81,1.1728395061728396,0.04903426446477902,597,It beats the 3 point 5 fluid ounce penalty.
1852,2140,1,12,68,81,1.1728395061728396,0.04577900300676336,597,I packed an extra sweater if it gets chilly in the cargo hold
1102,2140,4,6,71,81,1.1728395061728396,0.05496947373060047,597,"He's just more baggage,"" Carol, "" you'll get used to it and then one day, well, you know."
1056,2140,3,8,70,81,1.1728395061728396,0.05208647681414566,597,Do you think this skirt is too short for someone my age?
969,2140,1,12,68,81,1.1728395061728396,0.04577900300676336,597,He agreed to visit with my parents for the holidays if I let him ride with the dog.
99,2140,3,8,70,81,1.1728395061728396,0.05208647681414566,597,The children are safely tucked away in my bra.
107,2140,1,12,68,81,1.1728395061728396,0.04577900300676336,597,"If it doesn't fit in the overhead, it's excess baggage."
125,2140,3,8,70,81,1.1728395061728396,0.05208647681414566,597,"Oh, they don't mind. It's the whole family for a single fare."
132,2140,1,12,68,81,1.1728395061728396,0.04577900300676336,597,Don't worry it has a kitchen and a toilet.
177,2140,1,12,68,81,1.1728395061728396,0.04577900300676336,597,"I don't see why not, they're basically the same as fashion accessories."
11,2140,4,6,71,81,1.1728395061728396,0.05496947373060047,597,"An ambitious but lesser known George, never enjoyed the same amazing adventures of his brother Tintin."
458,2140,2,10,69,81,1.1728395061728396,0.04903426446477902,597,"We call it ""baggage claim roulette."""
495,2140,1,12,68,81,1.1728395061728396,0.04577900300676336,597,"If this doesn't work, I'll try UPS."
653,2140,3,8,70,81,1.1728395061728396,0.05208647681414566,597,So glad the overhead compartments are bigger!
866,2140,2,10,69,81,1.1728395061728396,0.04903426446477902,597,"Actually, I'm glad I took this bag by mistake. Grandmother was kind of a pain."
314,2140,2,10,69,81,1.1728395061728396,0.04903426446477902,597,"I know this was supposed to be a girls getaway weekend trip, but I brought a few reminders of home with me."
2082,2175,1,11,64,76,1.1710526315789473,0.047344048310574156,597,Don't you think we should get spinner suitcases?
603,2176,2,10,70,82,1.170731707317073,0.048478438536580806,597,"Don't worry, we'll be dragged off before it leaves the terminal."
1220,2176,2,10,70,82,1.170731707317073,0.048478438536580806,597,This way is faster than using social media.
867,2176,3,8,71,82,1.170731707317073,0.051490514905149054,597,I told him we couldn`t afford two seats.
1263,2176,0,14,68,82,1.170731707317073,0.04180826184428594,597,"Yeah, it’s kind of lonely traveling without them."
1721,2176,3,8,71,82,1.170731707317073,0.051490514905149054,597,It's just another way for them to bond
2241,2176,1,12,69,82,1.170731707317073,0.045266376933577414,597,"Oh, its the absolute latest - stowaway.com. An overdue addition to the gig economy"
2470,2176,1,12,69,82,1.170731707317073,0.045266376933577414,597,He prefers sleeping with the dog at home too!
2634,2176,1,12,69,82,1.170731707317073,0.045266376933577414,597,WAIT TO YOU SEE HOW HE HANDLES THE OVER HEAD LUGGAGE COMPARTMENT.
2753,2176,2,10,70,82,1.170731707317073,0.048478438536580806,597,Just in case.
572,2176,3,8,71,82,1.170731707317073,0.051490514905149054,597,When you're dating a contortionist he fits under the seat in front of you -- huge savings.
2748,2176,3,8,71,82,1.170731707317073,0.051490514905149054,597,"Give him an inch, and he takes a suitcase."
105,2176,2,10,70,82,1.170731707317073,0.048478438536580806,597,Do you think she knows I'm in here?
243,2176,2,10,70,82,1.170731707317073,0.048478438536580806,597,Separation anxiety? No problem.
3074,2189,2,10,71,83,1.1686746987951808,0.04793495540400366,597,"""I always travel light. I put Leroy on a diet""!"
1157,2189,2,10,71,83,1.1686746987951808,0.04793495540400366,597,"With baggage fees, I'm not sure we are saving money."
16,2189,2,10,71,83,1.1686746987951808,0.04793495540400366,597,I booked the flight on United so hoping my bag gets lost.
2083,2192,3,7,68,78,1.1666666666666667,0.05294103137220508,597,What can you say. They're inseparable.
2071,2192,4,5,69,78,1.1666666666666667,0.05599779581155972,597,"how old are your little stow-aways?"" ""six and and a arf"
2029,2192,1,11,66,78,1.1666666666666667,0.04622501635210242,597,"Don't worry. Max has a service vest, and Princess brought a note from her Vet. She has a real fear of flying, and Max helps comfort her."
2023,2192,0,13,65,78,1.1666666666666667,0.042470599286468784,597,I'm checking them at the counter because I don't to listen to them whine and cry during the flight.
1904,2192,1,11,66,78,1.1666666666666667,0.04622501635210242,597,"I must be jinxed; I check my bag and it always ends up at some nude beach, no matter my destination. It takes weeks to reach me!"
1891,2192,2,9,67,78,1.1666666666666667,0.04969660420745535,597,This prescription covers my entire emotional support family.
1744,2192,3,7,68,78,1.1666666666666667,0.05294103137220508,597,I found it was cheaper to fly them as carry-on luggage.
1729,2192,2,9,67,78,1.1666666666666667,0.04969660420745535,597,Actually it was my therapist who told me I could 'carry on' my relationships.
1629,2192,3,7,68,78,1.1666666666666667,0.05294103137220508,597,Last chance to bark before we embark
1554,2192,2,9,67,78,1.1666666666666667,0.04969660420745535,597,Traveling this way is safe; it's the only time he'll be dragged off a plane.
1990,2192,2,9,67,78,1.1666666666666667,0.04969660420745535,597,It cost less to check the bag than to buy a ticket for him.
2361,2192,3,7,68,78,1.1666666666666667,0.05294103137220508,597,"He comes with a lot of baggage, but at least he's easy to stow away."
2685,2192,1,11,66,78,1.1666666666666667,0.04622501635210242,597,They both yap a lot.
2582,2192,2,9,67,78,1.1666666666666667,0.04969660420745535,597,They all bought the story about going to a farm upstate.
2686,2192,1,11,66,78,1.1666666666666667,0.04622501635210242,597,At least he's not making me fly super economy.
2701,2192,1,11,66,78,1.1666666666666667,0.04622501635210242,597,He stays calm in carry-on.
3072,2192,2,9,67,78,1.1666666666666667,0.04969660420745535,597,"Well, he does ALL the cooking and cleaning up."
2707,2192,2,9,67,78,1.1666666666666667,0.04969660420745535,597,Comfort pets.
2981,2192,2,9,67,78,1.1666666666666667,0.04969660420745535,597,We're taking him to the Lost and Found
2943,2192,2,10,72,84,1.1666666666666667,0.047403413087928364,597,I didn't want to pay for the extra baggage.
2886,2192,2,9,67,78,1.1666666666666667,0.04969660420745535,597,friend's fly free
2859,2192,2,9,67,78,1.1666666666666667,0.04969660420745535,597,I guess Daddy was right about Zak’s brain capacity.
2795,2192,3,8,73,84,1.1666666666666667,0.05033830852372419,597,Emotional Support Animals and ex-husbands are both approved emotional baggage items.
2731,2192,3,7,68,78,1.1666666666666667,0.05294103137220508,597,"MAKE AMERICA SAFE AGAIN ""Vacationer plotting total destruction of all-inclusive open bar admitted via chain vacation"" @foxandfriends -@realDonaldTrump"
1553,2192,4,5,69,78,1.1666666666666667,0.05599779581155972,597,This is the getaway I really deserve!
2403,2192,3,7,68,78,1.1666666666666667,0.05294103137220508,597,Your gonna need a bigger bag
1528,2192,3,7,68,78,1.1666666666666667,0.05294103137220508,597,There's no charge for carry-ons.
561,2192,1,11,66,78,1.1666666666666667,0.04622501635210242,597,We're only going to Chicago. They should be OK.
1237,2192,0,13,65,78,1.1666666666666667,0.042470599286468784,597,I'm hoping my bag will fit in the overhead compartment.
109,2192,2,9,67,78,1.1666666666666667,0.04969660420745535,597,I'm flying to a country where dog-fighting and child-slavery are legal. Wish me luck!
1348,2192,1,11,66,78,1.1666666666666667,0.04622501635210242,597,"Frankly, it certainly beats paying $250 for the dog. Moreover, my husband prefers to travel with his dog."
256,2192,1,11,66,78,1.1666666666666667,0.04622501635210242,597,They think we're going to Disney.
559,2192,5,3,70,78,1.1666666666666667,0.05889612439501828,597,Mom said bring everything that needs laundered.
578,2192,0,13,65,78,1.1666666666666667,0.042470599286468784,597,My husband bought this great suitcase for me.
612,2192,2,9,67,78,1.1666666666666667,0.04969660420745535,597,At least they won't lose our bags this time.
741,2192,3,7,68,78,1.1666666666666667,0.05294103137220508,597,"Larry's still in pet quarantine. Of course he's unhappy about it, but I'm not the one who insisted on drawing straws."
817,2192,2,9,67,78,1.1666666666666667,0.04969660420745535,597,We learned this trick when we had an unexpected layover in Hong Kong.
199,2192,2,9,67,78,1.1666666666666667,0.04969660420745535,597,He's even got a movie and a barf bag.
876,2192,1,11,66,78,1.1666666666666667,0.04622501635210242,597,"Even if they do make me check it at the gate, it’s worth it...."
1047,2192,3,7,68,78,1.1666666666666667,0.05294103137220508,597,"They were heading for the west coast to find fame and fortune , so I said ' Hop in' ..."
1048,2192,1,11,66,78,1.1666666666666667,0.04622501635210242,597,We've never been apart......Oh except for that unfortunate Austin/Boston mix-up. He didn't speak to me for three days
1120,2192,4,5,69,78,1.1666666666666667,0.05599779581155972,597,Tell me about yourself.
1205,2192,0,13,65,78,1.1666666666666667,0.042470599286468784,597,"Actually, it's more spacious than coach."
1217,2192,2,9,67,78,1.1666666666666667,0.04969660420745535,597,We cashed in some Flexible Flyer points.
1222,2192,3,7,68,78,1.1666666666666667,0.05294103137220508,597,Check the bag and you get complimentary sitting.
1232,2192,2,9,67,78,1.1666666666666667,0.04969660420745535,597,"Yes, I know it’s supposed to be a girls’ weekend, but, he’s destructive if I leave him home alone."
837,2192,1,11,66,78,1.1666666666666667,0.04622501635210242,597,We're hoping to be the cautionary tale of the year.
237,2239,1,12,72,85,1.1647058823529413,0.04379433351527859,597,I think he's trying to make a connection.
820,2240,1,11,67,79,1.1645569620253164,0.04568487714355834,597,"As long as I don't pack anything illegal, the warranty covers up to 70 pounds."
1449,2240,4,5,70,79,1.1645569620253164,0.0553246584633954,597,Our apartment is so small there's not enough room for everybody.
1461,2240,2,9,68,79,1.1645569620253164,0.04910883774276407,597,"I love them dearly, but isn't it great to get away from the husband and the dog for a while?"
1465,2240,2,9,68,79,1.1645569620253164,0.04910883774276407,597,My service dog and service man are both very well behaved these days.
1699,2240,2,9,68,79,1.1645569620253164,0.04910883774276407,597,He likes the top bunk
2441,2240,1,11,67,79,1.1645569620253164,0.04568487714355834,597,I don't mind paying the luggage fee
2072,2240,0,13,66,79,1.1645569620253164,0.04198259228297974,597,Life is much easier now that I've decided to become a minimalist.
2171,2240,4,5,70,79,1.1645569620253164,0.0553246584633954,597,Me too!
2126,2240,1,11,67,79,1.1645569620253164,0.04568487714355834,597,The airline lets me do it this way. I tell them he is my security husband.
2026,2240,3,7,69,79,1.1645569620253164,0.05230915683958439,597,"Billy, I'm gonna smack the white privilege outta you. I said zip it!"
1966,2240,2,9,68,79,1.1645569620253164,0.04910883774276407,597,I'm sorry. But this is the only way my Girl's Weekend will work for the both of them.
725,2240,1,11,67,79,1.1645569620253164,0.04568487714355834,597,I remember the days when suitcases did not have wheels.
1894,2240,2,9,68,79,1.1645569620253164,0.04910883774276407,597,This airline is great for carry on luggage.
2273,2240,2,9,68,79,1.1645569620253164,0.04910883774276407,597,Saved a ton of money since i started enjoying the little things
386,2240,2,9,68,79,1.1645569620253164,0.04910883774276407,597,I really want to give them the full Airbnb experience.
2915,2240,2,9,68,79,1.1645569620253164,0.04910883774276407,597,They continue to carry on.
3029,2240,0,13,66,79,1.1645569620253164,0.04198259228297974,597,"It's a bit heavy but it saves paying for an extra bag,"
310,2240,3,7,69,79,1.1645569620253164,0.05230915683958439,597,I could have left them in the doghouse.
263,2240,1,11,67,79,1.1645569620253164,0.04568487714355834,597,Trust me paying the overweight fees is the best way to go
226,2240,3,7,69,79,1.1645569620253164,0.05230915683958439,597,"Hello ""me time""!"
166,2240,2,9,68,79,1.1645569620253164,0.04910883774276407,597,I thought the TARDIS was supposed to be a telephone booth.
133,2240,1,11,67,79,1.1645569620253164,0.04568487714355834,597,"Jim says ""Toledo is like the Maui of the Midwest this time of year"""
2881,2240,3,7,69,79,1.1645569620253164,0.05230915683958439,597,People kept telling me I had a lot of baggage. . . so I began thinking. . .
341,2240,2,9,68,79,1.1645569620253164,0.04910883774276407,597,My empowerment does carry a little bit of baggage.
2999,2264,3,6,64,73,1.1643835616438356,0.05522094348149691,597,"With Cheapskate Airlines, getting a seat is optional."
2375,2265,3,7,70,80,1.1625,0.05169209596069913,597,Nothing makes him happier than being a stowaway.
1152,2265,2,9,69,80,1.1625,0.0485346998405017,597,It's called Economy Minus!
1139,2265,0,13,67,80,1.1625,0.0415054899525657,597,Kids fly for free.
1118,2265,3,7,70,80,1.1625,0.05169209596069913,597,"Black Tank Top: ""I heard that Roy Moore was going to be in the airport today, so I didn't want to take any chances."""
1086,2265,2,9,69,80,1.1625,0.0485346998405017,597,I'm speaking at the annual Baggage Shaming Conference in Portland.
848,2265,2,9,69,80,1.1625,0.0485346998405017,597,The things that damn dog makes him do!
40,2265,2,9,69,80,1.1625,0.0485346998405017,597,"We're trying out a new arrangement. People from outside the community say it's all about saving money, but baggage fees aren't exactly cheap."
259,2272,1,10,63,74,1.162162162162162,0.047237758050578095,597,My flight to Candyland leaves from Gate 359.
53,2272,0,12,62,74,1.162162162162162,0.043141308959040406,597,Pass it on. I'm pretty sure it's not going to kill us.
2364,2272,0,12,62,74,1.162162162162162,0.043141308959040406,597,You better not rat me out...
1026,2272,0,12,62,74,1.162162162162162,0.043141308959040406,597,It seems like I am forgetting something.
2674,2276,3,7,71,81,1.1604938271604939,0.05108933752236682,597,...otherwise they might ruin the sound in the viral videos of flight attendants.
1468,2277,2,8,65,75,1.16,0.05036801501882853,597,It's a mom thing.
1298,2277,1,10,64,75,1.16,0.04665379487862243,597,Baggage check is like my own mini-spa.
1331,2277,1,10,64,75,1.16,0.04665379487862243,597,I just realized I forgot to pack my toothbrush.
1563,2277,1,10,64,75,1.16,0.04665379487862243,597,It's my holiday rental family so the parents quit worrying about me.
1593,2277,2,8,65,75,1.16,0.05036801501882853,597,The Suitcase Redemption
1614,2277,0,12,63,75,1.16,0.04261708831227464,597,He's still on punishment.
1628,2277,2,8,65,75,1.16,0.05036801501882853,597,It's gonna be so nice to get away from my bitch-ass manlet husband for a week and fuck a bunch of real alpha Chads.
1688,2277,2,8,65,75,1.16,0.05036801501882853,597,It helps to see it as a natural progression from swaddling.
1738,2277,2,8,65,75,1.16,0.05036801501882853,597,I'm bringing some more cartoon characters to The New Yorker magazine.
1757,2277,2,8,65,75,1.16,0.05036801501882853,597,Hope you don’t mind. I told them you packed my bag.
1797,2277,2,8,65,75,1.16,0.05036801501882853,597,On the last trip we learned that he really must use the restroom beforehand.
1991,2277,2,8,65,75,1.16,0.05036801501882853,597,Its the only way we can afford to fly first class.
1860,2277,3,6,66,75,1.16,0.0538265482573172,597,"Mostly fine, but you should have heard him howl after he read 'Cat Person.'"
1123,2277,1,10,64,75,1.16,0.04665379487862243,597,Not all emotional baggage is bad.
2047,2277,2,8,65,75,1.16,0.05036801501882853,597,He thinks it’s hilarious because it’s a PULLMAN.
2060,2277,2,8,65,75,1.16,0.05036801501882853,597,"Don't worry, I've thought this through. As long as we skip breakfast, I should be able to avoid the overweight bag fee."
2121,2277,1,10,64,75,1.16,0.04665379487862243,597,"Well, they don't fit in the overhead bin any more."
2440,2277,3,6,66,75,1.16,0.0538265482573172,597,We no longer carry-on as we once did
2449,2277,2,8,65,75,1.16,0.05036801501882853,597,I have a feeling I overpacked for this trip :)
2975,2277,2,8,65,75,1.16,0.05036801501882853,597,"It's that new ""smart luggage."""
3048,2277,1,10,64,75,1.16,0.04665379487862243,597,It’s the only way to get him to the vet.
3090,2277,1,10,64,75,1.16,0.04665379487862243,597,My boyfriend is kind of juvenile but I like it.
1841,2277,3,6,66,75,1.16,0.0538265482573172,597,Remember the uterus?
1106,2277,3,6,66,75,1.16,0.0538265482573172,597,I save a bundle on seats plus it gives them some time to bond.
1093,2277,2,8,65,75,1.16,0.05036801501882853,597,Baggage fee hack
1025,2277,1,10,64,75,1.16,0.04665379487862243,597,At security they just pass as dolls and I save a lot of money.
4,2277,2,8,65,75,1.16,0.05036801501882853,597,It's the only way to stop him carrying on
152,2277,2,8,65,75,1.16,0.05036801501882853,597,I'm hoping for carry-on.
154,2277,1,10,64,75,1.16,0.04665379487862243,597,I always bring my own pool toys
178,2277,1,10,64,75,1.16,0.04665379487862243,597,It's just some hero guy and his dog. It's not like I'm smuggling some heroine or something.
325,2277,3,6,66,75,1.16,0.0538265482573172,597,"I know, I know, it was supposed to be a girl's weekend, but I let him take the dog as long as he promised to stay in the trunk of the car."
100,2277,0,12,63,75,1.16,0.04261708831227464,597,They're inseparable.
406,2277,4,4,67,75,1.16,0.05707589384019892,597,He's my emotional support son.
414,2277,3,6,66,75,1.16,0.0538265482573172,597,"Oh, they’re not real. I use them as space buffers during the holidays."
453,2277,2,8,65,75,1.16,0.05036801501882853,597,I told the dog sitter to stay just in case.
372,2277,3,6,66,75,1.16,0.0538265482573172,597,"Oh, he's fine with his bottle -- of oxygen."
500,2277,0,12,63,75,1.16,0.04261708831227464,597,"And to think, they used to fit in the overhead bin."
699,2277,1,10,64,75,1.16,0.04665379487862243,597,They tear up the place if I'm away too long.
702,2277,2,8,65,75,1.16,0.05036801501882853,597,"In the divorce settlement, he's keeping the kid and the dog."
842,2277,1,10,64,75,1.16,0.04665379487862243,597,My Tinder said no Scorpios or men under 50lbs.
997,2277,2,8,65,75,1.16,0.05036801501882853,597,It's in the bag!
1005,2277,1,10,64,75,1.16,0.04665379487862243,597,Carry-on? Oh yes! It's the only way I can take them with me.
1006,2277,2,8,65,75,1.16,0.05036801501882853,597,"Trust me this months Vogue said, Jack Russels, free loading boyfriends, and Tumi carry ons are this years New Yorker bag"
496,2277,3,6,66,75,1.16,0.0538265482573172,597,I'll have to check his privilege at the gate.
1536,2321,2,8,66,76,1.1578947368421053,0.049745427644764306,597,Does this outfit make me look fat?
1408,2321,0,12,64,76,1.1578947368421053,0.04210526315789474,597,"Yes, the company provides a great work/life balance."
1290,2321,1,10,65,76,1.1578947368421053,0.0460839492511007,597,I find it far more convenient to check them thru as luggage then to deal with them in the TSA line.
999,2321,3,6,67,76,1.1578947368421053,0.0531552891492741,597,He's my bitch.
847,2321,1,10,65,76,1.1578947368421053,0.0460839492511007,597,I didn't have time to plan their meals before I left.
822,2321,3,6,67,76,1.1578947368421053,0.0531552891492741,597,I finally shrank him to fit in. He's so happy now!
1732,2321,2,8,66,76,1.1578947368421053,0.049745427644764306,597,Three for the price of one!
1771,2321,1,10,65,76,1.1578947368421053,0.0460839492511007,597,"Honestly, I don't think my husband will even notice."
2448,2321,4,4,68,76,1.1578947368421053,0.05635922247090881,597,It sure beats a lot of other fetishes I've heard about!!
2178,2321,3,6,67,76,1.1578947368421053,0.0531552891492741,597,Hope you brought a bone for this long trip.
2183,2321,2,8,66,76,1.1578947368421053,0.049745427644764306,597,It's cheaper this way.
779,2321,1,10,65,76,1.1578947368421053,0.0460839492511007,597,I got him at a shelter in Florida. I'm taking him to his forever home. I even got him a dog for a friend.
2890,2321,1,10,65,76,1.1578947368421053,0.0460839492511007,597,"Well Sammy, this is either going to be the joke of the century, or it’s going to backfire spectacularly."
2784,2321,2,8,66,76,1.1578947368421053,0.049745427644764306,597,"Actually, they both fly free if they fit into the overhead!"
2558,2321,0,12,64,76,1.1578947368421053,0.04210526315789474,597,Archie really seems to be taking this second childhood thing a little too far.....
2473,2321,2,8,66,76,1.1578947368421053,0.049745427644764306,597,"Being inflatable, he fits right into the overhead bin!"
2157,2321,4,4,68,76,1.1578947368421053,0.05635922247090881,597,I hope you didn’t eat chocolate
752,2321,0,12,64,76,1.1578947368421053,0.04210526315789474,597,"Yeah, I'll have to check it, but it's still cheaper this way."
66,2321,2,8,66,76,1.1578947368421053,0.049745427644764306,597,Thanks for checking in my baby.
635,2321,0,12,64,76,1.1578947368421053,0.04210526315789474,597,We're training them to cope in the overhead rack.
50,2321,3,6,67,76,1.1578947368421053,0.0531552891492741,597,Happy New Year! It's time to get rid of some junk in my trunk in 2018...how about you?
83,2321,2,8,66,76,1.1578947368421053,0.049745427644764306,597,They're mules.
126,2321,2,8,66,76,1.1578947368421053,0.049745427644764306,597,Your bag is open and your dolls are showing.
128,2321,3,6,67,76,1.1578947368421053,0.0531552891492741,597,Carry on Wayward Son
241,2321,1,10,65,76,1.1578947368421053,0.0460839492511007,597,"No problem, he is still in diapers."
641,2321,4,4,68,76,1.1578947368421053,0.05635922247090881,597,I always forget to pack something too.
486,2321,2,8,66,76,1.1578947368421053,0.049745427644764306,597,And they said a wall could stop us.
540,2321,2,8,66,76,1.1578947368421053,0.049745427644764306,597,I'm sure you're kids will be fine for the weekend with their father.
565,2321,2,8,66,76,1.1578947368421053,0.049745427644764306,597,They are just having fun----it was a long trip as you could tell.
599,2321,2,8,66,76,1.1578947368421053,0.049745427644764306,597,"Sure, there is some risk in that the cargo hold may get too cold, but look at the money I save!"
617,2321,2,8,66,76,1.1578947368421053,0.049745427644764306,597,Companion strikes me as right.
279,2321,2,8,66,76,1.1578947368421053,0.049745427644764306,597,Once we check the luggage I'll feel free to shop on the concourse without worrying Dan about holiday spending.
1861,2353,2,8,67,77,1.155844155844156,0.04913793781438531,597,"Between the yurt rental and the burning man tickets, it’s the only way we could afford it."
958,2353,2,8,67,77,1.155844155844156,0.04913793781438531,597,I save the most money this way!
630,2353,3,6,68,77,1.155844155844156,0.0525004803055042,597,At least now they're allowed in the overhead!
485,2353,0,12,65,77,1.155844155844156,0.04160540750111606,597,My emotional support dog needs his emotional support pet-sitter.
405,2353,1,10,66,77,1.155844155844156,0.04552772158797496,597,He insisted on an emotional-support guy.
2929,2353,3,6,68,77,1.155844155844156,0.0525004803055042,597,"To be safe, I always bring along my external hard drives."
2308,2353,0,12,65,77,1.155844155844156,0.04160540750111606,597,I'll drop them here and meet you at the bus station.
659,2360,2,8,68,78,1.1538461538461537,0.048545007377001466,597,I have a cage he can use if the bag's too heavy.
409,2360,0,12,66,78,1.1538461538461537,0.041117114140372994,597,Stowaways for Christmas.
2551,2362,2,7,63,72,1.1527777777777777,0.051044344702082634,597,It's so much more economical than buying extra seats for them.
2251,2363,1,10,68,79,1.1518987341772151,0.04445423524410439,597,The physician assisted euthanasia laws in Switzerland sure were confusing.
2401,2363,3,6,70,79,1.1518987341772151,0.05123786608343864,597,He doesn't fall asleep in the car anymore.
1363,2363,2,8,69,79,1.1518987341772151,0.04796612321171352,597,It'll be nice to get away from home for a few days.
2717,2366,0,11,62,73,1.1506849315068493,0.0421602404397703,597,"Well, Rusty likes him, but I find him a little clingy."
1374,2366,2,7,64,73,1.1506849315068493,0.050383736280168755,597,Odd you should mention that. I don't let either of them eat chocolate.
1441,2366,2,7,64,73,1.1506849315068493,0.050383736280168755,597,I love these girls getaways but I still feel his presence.
1518,2366,2,7,64,73,1.1506849315068493,0.050383736280168755,597,I so rarely get to take a trip without the kids or pets these days.
1531,2366,1,9,63,73,1.1506849315068493,0.0464543149529128,597,"They're very excited now, but that will change when they realize that our bag is oversized for the cabin, and will have to be checked in."
1561,2366,3,5,65,73,1.1506849315068493,0.05402812587305586,597,¡Cómo es esto para el viaje cómodo! ¿Eh perrito?
1562,2366,2,7,64,73,1.1506849315068493,0.050383736280168755,597,"Cheaper, yes, but no room to pack my favorite heels."
1634,2366,1,9,63,73,1.1506849315068493,0.0464543149529128,597,I bet they'll have better leg room then we will. I bet they'll have better leg room than we will.
1660,2366,1,9,63,73,1.1506849315068493,0.0464543149529128,597,I have to check the bag and the dog anyway.
1667,2366,1,9,63,73,1.1506849315068493,0.0464543149529128,597,"How much baggage do you have?"" ""A man and his dog. Don't worry, I always keep them in the dark."
1719,2366,3,5,65,73,1.1506849315068493,0.05402812587305586,597,We are euphoric about the new Less Is More law!
1752,2366,1,9,63,73,1.1506849315068493,0.0464543149529128,597,He's my emotional support boyfriend.
1760,2366,0,11,62,73,1.1506849315068493,0.0421602404397703,597,My personal baggage remains beneath current safety standards.
1763,2366,2,7,64,73,1.1506849315068493,0.050383736280168755,597,It’s the only way I could get him out of Alabama!
1785,2366,1,9,63,73,1.1506849315068493,0.0464543149529128,597,One is a carry-on and the other's a personal item--how can TSA refuse?
1831,2366,0,11,62,73,1.1506849315068493,0.0421602404397703,597,...and we save on the pet carrier!
1837,2366,1,9,63,73,1.1506849315068493,0.0464543149529128,597,Doesn't matter. It only costs $25 to check the bag.
1893,2366,2,7,64,73,1.1506849315068493,0.050383736280168755,597,Next they'll be charging for carry-ons.
1922,2366,2,7,64,73,1.1506849315068493,0.050383736280168755,597,Paul and Linda only spent 9 days apart their entire marriage.
1931,2366,1,9,63,73,1.1506849315068493,0.0464543149529128,597,I'm not going to check my baggage either.
1968,2366,1,9,63,73,1.1506849315068493,0.0464543149529128,597,They won't fit in the overhead.
2081,2366,1,9,63,73,1.1506849315068493,0.0464543149529128,597,"Sure I'll miss him, but you need that sometimes, you know?"
2143,2366,4,3,66,73,1.1506849315068493,0.057441760846617014,597,It was all uphill once I had them both house trained.
2151,2366,1,9,63,73,1.1506849315068493,0.0464543149529128,597,"Ted was a great guy, but it's a relief to have the excess baggage behind me."
2224,2366,2,7,64,73,1.1506849315068493,0.050383736280168755,597,It has more leg room.
2288,2366,2,7,64,73,1.1506849315068493,0.050383736280168755,597,"I insisted on this vacation so he said, ""Put me in the overhead to cut back on our overhead."" At first, I thought he was joking but here we are."
2475,2366,1,9,63,73,1.1506849315068493,0.0464543149529128,597,He does look like a little terrorist!
2433,2366,3,5,65,73,1.1506849315068493,0.05402812587305586,597,He thinks that they can bord as carry-on.
1319,2366,0,11,62,73,1.1506849315068493,0.0421602404397703,597,I should've gotten a zipper lock too.
2367,2366,1,9,63,73,1.1506849315068493,0.0464543149529128,597,You said bring only the essentials
2306,2366,2,7,64,73,1.1506849315068493,0.050383736280168755,597,Since his last cleanse he now keeps the bag a hair under the 50lb limit.
1286,2366,3,5,65,73,1.1506849315068493,0.05402812587305586,597,It's the only way they can sleep on the plane.
656,2366,1,9,63,73,1.1506849315068493,0.0464543149529128,597,The resort is all-reclusive.
1243,2366,2,7,64,73,1.1506849315068493,0.050383736280168755,597,We always have fun in Las Vegas but no more gambling.
3114,2366,2,7,64,73,1.1506849315068493,0.050383736280168755,597,"If they can share a window seat, they'll go anywhere."
3015,2366,1,9,63,73,1.1506849315068493,0.0464543149529128,597,We really don't feel the need to have a kid.
2965,2366,3,5,65,73,1.1506849315068493,0.05402812587305586,597,"He's been on vacation all week. I'm only on ""vacation"" today."
2944,2366,0,11,62,73,1.1506849315068493,0.0421602404397703,597,Lassie and the IT guy weren't too happy about being left in the city.
2936,2366,1,9,63,73,1.1506849315068493,0.0464543149529128,597,He’s a bit of a velcro boyfriend.
2921,2366,0,11,62,73,1.1506849315068493,0.0421602404397703,597,"Well, he said he's done it this way before."
86,2366,2,7,64,73,1.1506849315068493,0.050383736280168755,597,What can I do? She won’t go anywhere with me unless I bring him along!
138,2366,3,5,65,73,1.1506849315068493,0.05402812587305586,597,Can't go anywhere without my HOV beau.
153,2366,2,7,64,73,1.1506849315068493,0.050383736280168755,597,Money is tight this year...
176,2366,1,9,63,73,1.1506849315068493,0.0464543149529128,597,"Honestly, there's less chance of being assaulted by baggage handlers."
240,2366,1,9,63,73,1.1506849315068493,0.0464543149529128,597,Our therapist said that we need to spend more time together.
2917,2366,2,7,64,73,1.1506849315068493,0.050383736280168755,597,They have each other; carry - ons are free. What's not to like?
308,2366,1,9,63,73,1.1506849315068493,0.0464543149529128,597,"I can't wait to get away from those two. He uses that tongue on me when I'm not in the mood, and never in the right place. And I'm not talking about the dog."
312,2366,3,5,65,73,1.1506849315068493,0.05402812587305586,597,You were right. Leaving everything that reminds me of him far away is exactly what I need to move past the divorce.
1268,2366,3,5,65,73,1.1506849315068493,0.05402812587305586,597,Of course it cost a little more for baggage but we make up for it with the family savings on tickets!
429,2366,2,7,64,73,1.1506849315068493,0.050383736280168755,597,Do you know what the weight limit for carry ons is?
523,2366,1,9,63,73,1.1506849315068493,0.0464543149529128,597,"My son wanted to come on the business trip, but I said no."
543,2366,1,9,63,73,1.1506849315068493,0.0464543149529128,597,"No air pressure in baggage no sweat, I'm replacing both of them with a cat."
610,2366,4,3,66,73,1.1506849315068493,0.057441760846617014,597,My family loves the food court here at Newark International Terminal C!
2508,2366,2,7,64,73,1.1506849315068493,0.050383736280168755,597,And I only have to walk him twice a day too.
671,2366,2,7,64,73,1.1506849315068493,0.050383736280168755,597,This is the only way to fly.
772,2366,2,7,64,73,1.1506849315068493,0.050383736280168755,597,"I wanted just a carryon, but all I heard was, ""I want my doggie! I want my doggie!"""
908,2366,3,5,65,73,1.1506849315068493,0.05402812587305586,597,Paying less for travel is how we roll.
911,2366,2,7,64,73,1.1506849315068493,0.050383736280168755,597,"I know, I can't believe how easy it was to find that sitter!"
1024,2366,0,11,62,73,1.1506849315068493,0.0421602404397703,597,I never travel without my therapy man.
2824,2366,0,11,62,73,1.1506849315068493,0.0421602404397703,597,"So I said, 'spontaneous' is great, but I need more from a relationship."
1036,2366,0,11,62,73,1.1506849315068493,0.0421602404397703,597,Checked luggage can be such a drag.
1162,2366,2,7,64,73,1.1506849315068493,0.050383736280168755,597,"There was an extra fee to check them so I said ‘Fine, I’ll go carry-on!’"
1193,2366,1,9,63,73,1.1506849315068493,0.0464543149529128,597,I always bring my puppy and humunculus along on these excursions.
1212,2366,2,7,64,73,1.1506849315068493,0.050383736280168755,597,"I made sure their bladders are empty, so I shouldn't have a problem at baggage check."
455,2366,2,7,64,73,1.1506849315068493,0.050383736280168755,597,He's a trailing spouse and maybe a little too proud of it.
2604,2366,1,9,63,73,1.1506849315068493,0.0464543149529128,597,Faux Travel Gives Them Such A Lift.
948,2432,1,10,69,80,1.15,0.04393608706786989,597,"Traveling! Man, it's a bitch!"
2305,2433,2,7,65,74,1.1486486486486487,0.04973991010198834,597,It's the only way his snoring will not bother other passengers.
3033,2433,1,9,64,74,1.1486486486486487,0.04586747660388901,597,So you think we have each other's bags?
2991,2433,1,9,64,74,1.1486486486486487,0.04586747660388901,597,My family is nuts so I got everyone a support animal.
2863,2433,2,7,65,74,1.1486486486486487,0.04973991010198834,597,It's only 50 frequent flier miles in addition to the 25 dollar surcharge.
2766,2433,1,9,64,74,1.1486486486486487,0.04586747660388901,597,"Other than a minor headache afterwards, he claims it's totally safe."
1617,2433,2,7,65,74,1.1486486486486487,0.04973991010198834,597,I'm the only one in the family who has global entry status.
1234,2433,3,5,66,74,1.1486486486486487,0.053331903246550814,597,He bought me a travel bag but I dumped him before I scheduled the trip.
1068,2433,1,9,64,74,1.1486486486486487,0.04586747660388901,597,It'll be our first Samsonite family reunion in 4 years
1007,2433,2,7,65,74,1.1486486486486487,0.04973991010198834,597,You'd be surprised how easy it is...
593,2433,3,5,66,74,1.1486486486486487,0.053331903246550814,597,He prefers being in the doghouse.
513,2433,1,9,64,74,1.1486486486486487,0.04586747660388901,597,Might as well... costs less as luggage.
383,2433,2,7,65,74,1.1486486486486487,0.04973991010198834,597,We just have to get past TSA.
535,2433,1,9,64,74,1.1486486486486487,0.04586747660388901,597,"Yeah, the air masks are extra."
195,2433,2,7,65,74,1.1486486486486487,0.04973991010198834,597,I really don't mind paying the check-in fee.
188,2433,2,7,65,74,1.1486486486486487,0.04973991010198834,597,I told him he was going in the luggage if he jumped on one more woman's lap.
339,2433,1,9,64,74,1.1486486486486487,0.04586747660388901,597,"We're travelling Spirit Airlines, and you?"
2898,2449,1,9,65,75,1.1466666666666667,0.045295161459604626,597,They love the x-rays.
1855,2449,2,7,66,75,1.1466666666666667,0.049112238922818546,597,Their separation anxiety only gets worse.
358,2449,2,7,66,75,1.1466666666666667,0.049112238922818546,597,They're excited to make weight.
51,2449,1,9,65,75,1.1466666666666667,0.045295161459604626,597,I can only afford a single ticket.
84,2453,1,9,66,76,1.144736842105263,0.044736842105263165,597,Finally found a carousel ride within our budget.
1816,2454,2,6,62,70,1.1428571428571428,0.051017450372708696,597,His father works at one of the security entrances. Wait and see how surprised he will be when he sees the insides of our son.
1478,2454,1,8,61,70,1.1428571428571428,0.04678356086900135,597,He's processing it really well.
1188,2454,0,10,60,70,1.1428571428571428,0.04212627318711346,597,Here's hoping my luggage gets lost.
1174,2454,1,8,61,70,1.1428571428571428,0.04678356086900135,597,We are saving five hundred twenty-three dollars on first class...... unless the dog barks and blows us in.
1137,2454,3,4,63,70,1.1428571428571428,0.054925940296730785,597,"It's also stroller, pet carrier, and a car seat."
1135,2454,0,10,60,70,1.1428571428571428,0.04212627318711346,597,He doesn't mind and it save money.
1602,2454,1,8,61,70,1.1428571428571428,0.04678356086900135,597,My emotional support companions travel under the seat in front of me for free!
1800,2454,1,8,61,70,1.1428571428571428,0.04678356086900135,597,My last boyfriend died of thrombosis.
1801,2454,2,6,62,70,1.1428571428571428,0.051017450372708696,597,He was worried about my baggage but I told him he'd fit.
1446,2454,2,6,62,70,1.1428571428571428,0.051017450372708696,597,Let's start drinking!
1983,2454,3,4,63,70,1.1428571428571428,0.054925940296730785,597,Relax! What's your hurry? Have one on me.
1610,2454,2,6,62,70,1.1428571428571428,0.051017450372708696,597,Like I would pay $75 for a dog carrier? I just had Herbert watch him!
2005,2454,3,4,63,70,1.1428571428571428,0.054925940296730785,597,You're right. I should never wear a skirt on an airliner.
2088,2454,1,8,61,70,1.1428571428571428,0.04678356086900135,597,But how does your husband feel about getting walked all over?
2172,2454,2,6,62,70,1.1428571428571428,0.051017450372708696,597,I give my family ambien before I pack them.
2455,2454,1,8,61,70,1.1428571428571428,0.04678356086900135,597,My husband is so organized. He even packs my luggage for me.
2497,2454,1,8,61,70,1.1428571428571428,0.04678356086900135,597,It's a good case for overhead.
2557,2454,3,4,63,70,1.1428571428571428,0.054925940296730785,597,Would you like to buy a puppy? Or my boyfriend?
2677,2454,3,4,63,70,1.1428571428571428,0.054925940296730785,597,It's more expensive than a regular ticket but he doesn't have to put up with babies crying and kids kicking the back of his seat.
2740,2454,1,8,61,70,1.1428571428571428,0.04678356086900135,597,"BTW, did you see that movie ""Downsizing?"""
2825,2454,1,8,61,70,1.1428571428571428,0.04678356086900135,597,"We're not your typical ""over the river and thru the woods"" holiday travelers."
2907,2454,1,8,61,70,1.1428571428571428,0.04678356086900135,597,He had a choice: the overhead bin or a coach seat.
1113,2454,1,8,61,70,1.1428571428571428,0.04678356086900135,597,I told him Cancun was just the layover.
968,2454,0,10,60,70,1.1428571428571428,0.04212627318711346,597,At least they have elbow room.
1130,2454,1,8,61,70,1.1428571428571428,0.04678356086900135,597,I've just got to quickly stop to pick up EarPlanes and Juicy Fruit for the boys.
877,2454,3,4,63,70,1.1428571428571428,0.054925940296730785,597,"He insisted I bring his best friend, too."
891,2454,2,6,62,70,1.1428571428571428,0.051017450372708696,597,I can't afford a babysitter and they actually enjoy it.
28,2454,2,6,62,70,1.1428571428571428,0.051017450372708696,597,I'm being replaced by a robot.
55,2454,2,6,62,70,1.1428571428571428,0.051017450372708696,597,Think I can get the kid pass security but worried about the dog.
181,2454,3,4,63,70,1.1428571428571428,0.054925940296730785,597,He's used to riding under my seat.
244,2454,1,8,61,70,1.1428571428571428,0.04678356086900135,597,It's an open question which one goes in the hold
271,2454,0,10,60,70,1.1428571428571428,0.04212627318711346,597,I've got some baggage.
207,2454,0,10,60,70,1.1428571428571428,0.04212627318711346,597,A lot of baggage and no overhead.
415,2454,1,8,61,70,1.1428571428571428,0.04678356086900135,597,Attorney General Sessions likes to keep the TSA on its toes.
474,2454,1,8,61,70,1.1428571428571428,0.04678356086900135,597,"Yeah, I admit traveling has its challenges, but I still swear by my boytoy."
727,2454,2,6,62,70,1.1428571428571428,0.051017450372708696,597,I think Greg still hasn't gotten over his fear of flying.
810,2454,3,4,63,70,1.1428571428571428,0.054925940296730785,597,"Your right. Until Schumer makes the airlines tell us about baggage fees before we buy the ticket, I can't really know how much I am saving."
411,2454,2,6,62,70,1.1428571428571428,0.051017450372708696,597,Lucky me! I found this at Lost Luggage. Finally checking the item 'have a son and a pet' off my bucketlist.
804,2492,2,6,63,71,1.1408450704225352,0.05033399372892188,597,"Well, they're buff, and it's so much cheaper!"
1587,2492,2,6,63,71,1.1408450704225352,0.05033399372892188,597,"Mom, stop! Roy Moore’s got candy!"
606,2492,3,4,64,71,1.1408450704225352,0.05418418045541223,597,We used to get two seats but this is much cheaper!
328,2492,1,8,62,71,1.1408450704225352,0.046163800079517044,597,I hope my bag isn't over 50 pounds.
151,2492,2,6,63,71,1.1408450704225352,0.05033399372892188,597,"No thanks, I'm reaping."
104,2492,1,8,62,71,1.1408450704225352,0.046163800079517044,597,I'll check my two cases in but I won't board
972,2492,0,10,61,71,1.1408450704225352,0.04157742116654289,597,This is a safety announcement. Please do not leave your luggage unattended.
1805,2492,3,4,64,71,1.1408450704225352,0.05418418045541223,597,"He's used to dealing with baggage..."""
1472,2492,1,8,62,71,1.1408450704225352,0.046163800079517044,597,With the money we save we can retire at age forty-five.
2835,2492,1,8,62,71,1.1408450704225352,0.046163800079517044,597,"It's called 'Toddler Class"". Everyone within 10 rows chips in, so its essentially free."
3006,2492,1,8,62,71,1.1408450704225352,0.046163800079517044,597,Its only liquids you cant take on the plane.
1055,2492,2,6,63,71,1.1408450704225352,0.05033399372892188,597,We have to move the charge d'affaires from Toyland to NATO before the press finds out.
2519,2492,0,10,61,71,1.1408450704225352,0.04157742116654289,597,"My husband is a stowaway, but that's his emotional support dog Sparky."
967,2505,3,4,65,72,1.1388888888888888,0.05346212279886589,597,"It’s not standard carry-on size, but I can check it at the gate for free."
1505,2505,2,6,64,72,1.1388888888888888,0.04966852391033734,597,"This way he doesn't bite. Oh, the dog too."
1974,2505,1,8,63,72,1.1388888888888888,0.04556013565281042,597,"Finally, I knew that being somebody else's baggage would never suit me."
2272,2505,2,6,64,72,1.1388888888888888,0.04966852391033734,597,"Sorry, I had a burrito for lunch"
2704,2505,2,6,64,72,1.1388888888888888,0.04966852391033734,597,This cartoon will not go over too well in Park Slope.
2787,2505,1,8,63,72,1.1388888888888888,0.04556013565281042,597,Are you and the sniffer dog done back there?
1680,2505,1,8,63,72,1.1388888888888888,0.04556013565281042,597,"Yeah, it turns out the controversy was about a cat, not a dog. Yours?"
2660,2512,1,8,64,73,1.1369863013698631,0.04497195343285892,597,1. His mother used to swaddle him for travel. 2. I have a pacifier in case he gets cranky. 3. Bag fees are such a bargain.
1462,2512,2,6,65,73,1.1369863013698631,0.049020343729643576,597,They cram me in so I cram them in.
1868,2514,2,5,59,66,1.1363636363636365,0.052385355506078195,597,I've just signed up for the field test of Uber-Kids
1725,2515,1,7,59,67,1.1343283582089552,0.04705493189919477,597,We're doing everything we can to save but also see the family this holiday season.
1728,2515,1,7,59,67,1.1343283582089552,0.04705493189919477,597,He hasn't eaten today so we know we will be under the 50 pound limit.
1802,2515,1,7,59,67,1.1343283582089552,0.04705493189919477,597,Be cool. I’m a Doug mule.
1803,2515,1,7,59,67,1.1343283582089552,0.04705493189919477,597,The kids? They're staying at my mom's for the week.
2205,2515,3,3,61,67,1.1343283582089552,0.05584563263841704,597,This trip is a dream that just came true.
1821,2515,1,7,59,67,1.1343283582089552,0.04705493189919477,597,Fantastic deal! Three can fly for the price of one.
1979,2515,0,9,58,67,1.1343283582089552,0.041974785069899656,597,Remind me to pick up some toothpaste when we land. You know how security is these days.
1988,2515,2,5,60,67,1.1343283582089552,0.0516376863386756,597,This way it cuts down on the “screaming kids” complaints.
2017,2515,1,7,59,67,1.1343283582089552,0.04705493189919477,597,I will likely have to guilt check this one.
2096,2515,1,7,59,67,1.1343283582089552,0.04705493189919477,597,As if the mental load wasn't enough.
2033,2515,0,9,58,67,1.1343283582089552,0.041974785069899656,597,"It was either them, or the blender"
1662,2515,0,9,58,67,1.1343283582089552,0.041974785069899656,597,The only down side is that we go over the baggage weight limit.
1601,2515,2,5,60,67,1.1343283582089552,0.0516376863386756,597,I'd hate to think what would happen should my luggage go missing...
2726,2515,2,5,60,67,1.1343283582089552,0.0516376863386756,597,"""I'm economizing. The fee for baggage is cheaper than the ticket."" Shelley Rodgers, Alexandria, VA"
2442,2515,2,5,60,67,1.1343283582089552,0.0516376863386756,597,United gives you a discount if you fly this way.
2522,2515,0,9,58,67,1.1343283582089552,0.041974785069899656,597,You should see when Ted goes golfing.
2715,2515,1,7,59,67,1.1343283582089552,0.04705493189919477,597,"See boy, I told you that wall wouldn't keep us out."
2568,2515,1,7,59,67,1.1343283582089552,0.04705493189919477,597,"Like they say, one in the hand, two in the roller bag."
2708,2515,0,9,58,67,1.1343283582089552,0.041974785069899656,597,Luggage fees are really costing an arm and a leg these days.
1511,2515,0,9,58,67,1.1343283582089552,0.041974785069899656,597,Simple -- I just tell him it's adventure travel.
667,2515,1,7,59,67,1.1343283582089552,0.04705493189919477,597,I didn't know this is what he meant when he said he wanted to get up in my skirts.
3111,2515,1,7,59,67,1.1343283582089552,0.04705493189919477,597,"You're lucky. I was hoping for some ""me"" time."
2989,2515,0,9,58,67,1.1343283582089552,0.041974785069899656,597,The boys just love to carry on in the carry-on.
2821,2515,1,7,59,67,1.1343283582089552,0.04705493189919477,597,I expect I'll have to place them in separate bins.
2808,2515,1,7,59,67,1.1343283582089552,0.04705493189919477,597,"No, security hasn't found them yet."
2799,2515,1,7,59,67,1.1343283582089552,0.04705493189919477,597,Not my luggage. I just want to study her packing technique.
2785,2515,1,7,59,67,1.1343283582089552,0.04705493189919477,597,My ESA dog gets to fly free in 1st class with me and I save more flying my boyfriend in cargo.
2408,2515,1,7,59,67,1.1343283582089552,0.04705493189919477,597,My husband and the dog call me their mule.
1483,2515,0,9,58,67,1.1343283582089552,0.041974785069899656,597,"They are both service dogs, just different aspects!"
211,2515,2,5,60,67,1.1343283582089552,0.0516376863386756,597,If if were not for my luggage could you tell which way I was walking?
1405,2515,2,5,60,67,1.1343283582089552,0.0516376863386756,597,They are flying in economy minus.
102,2515,2,5,60,67,1.1343283582089552,0.0516376863386756,597,Gate Check is truly Woman’s Best Friend.
1454,2515,1,7,59,67,1.1343283582089552,0.04705493189919477,597,They will NOT lose our luggage this time!
266,2515,1,7,59,67,1.1343283582089552,0.04705493189919477,597,I saved hundreds with the hidden baggage fee.
352,2515,2,5,60,67,1.1343283582089552,0.0516376863386756,597,My responsibilities seem to follow me wherever I go.
668,2515,1,7,59,67,1.1343283582089552,0.04705493189919477,597,Every marriage needs one to act as the adult.
673,2515,2,5,60,67,1.1343283582089552,0.0516376863386756,597,Henry hates airports.
548,2515,1,7,59,67,1.1343283582089552,0.04705493189919477,597,I know it won't fit in the overhead compartment.
975,2515,1,7,59,67,1.1343283582089552,0.04705493189919477,597,He always travels half-bagged.
1105,2515,1,7,59,67,1.1343283582089552,0.04705493189919477,597,No days off? Me neither buddy. A toast to the working stiff.
1271,2515,1,7,59,67,1.1343283582089552,0.04705493189919477,597,Since I get all my great ideas from from Chelsea Handler I decided it was either this or castration.
1302,2515,0,9,58,67,1.1343283582089552,0.041974785069899656,597,I tell TSA it's a psych experiment.
1314,2515,2,5,60,67,1.1343283582089552,0.0516376863386756,597,Baggage is baggage.
856,2515,2,5,60,67,1.1343283582089552,0.0516376863386756,597,I guess this counts as babysitting.
1305,2559,1,7,60,68,1.1323529411764706,0.0463998528118308,597,I got my bag at Coach. Where did you get yours?
2618,2559,2,5,61,68,1.1323529411764706,0.05091098018830443,597,"It’s too big to take onboard, but they’re waiting for me as soon as I deplane"
2503,2559,1,7,60,68,1.1323529411764706,0.0463998528118308,597,"Plus, the flight is exceptionally quiet"
2391,2559,2,5,61,68,1.1323529411764706,0.05091098018830443,597,"Hey mom, I didn't think you'd take me seriously when I asked to sneak me in your suitcase... but here I am!"
1912,2559,2,5,61,68,1.1323529411764706,0.05091098018830443,597,It's the ONLY way I can get him to shop with me!!
722,2559,1,7,60,68,1.1323529411764706,0.0463998528118308,597,"It works fine with my Puffy,but Tony's severe leg camps are a problem."
650,2559,2,5,61,68,1.1323529411764706,0.05091098018830443,597,Thank God this is not my bag. I got to go back to baggage claim.
754,2566,1,8,67,76,1.131578947368421,0.043294605892116034,597,"If I can get them past the security check point, we're home free."
1998,2567,2,5,62,69,1.1304347826086956,0.050204371233880496,597,"They said they both agree that after so many years, a relationship needs more than long walks together."
1482,2567,1,7,61,69,1.1304347826086956,0.04576266416505649,597,I never really trusted that dog-sitter.
955,2567,2,5,62,69,1.1304347826086956,0.050204371233880496,597,"When it comes to man's best friend, skies the limit."
321,2570,2,5,63,70,1.1285714285714286,0.04951704046747739,597,"It's hell getting it in the overhead bin, but it saves a lot of money."
58,2571,0,9,62,71,1.1267605633802817,0.03976580062454876,597,"Yes, I know. He’s trying to avoid the holiday airline fees."
1858,2572,2,4,58,64,1.125,0.052231930877334055,597,"It's an open secret with the airlines. That's why they have overhead stowaway compartments. The airlines expect this type of thing because it's the natural consumer response to overbooking. Anyway, the boy has gotten too big for my purse."
2048,2572,1,6,57,64,1.125,0.0472455591261534,597,Can you believe they got through the check point?
2049,2572,0,8,56,64,1.125,0.041666666666666664,597,I never travel alone.
2156,2572,0,8,56,64,1.125,0.041666666666666664,597,I love it. Just the girls for a Vegas weekend!
2254,2572,0,8,56,64,1.125,0.041666666666666664,597,I was able to use my miles to bring them along.
2283,2572,0,8,56,64,1.125,0.041666666666666664,597,"She'll be so happy when she finds out we came to her ""relaxing girls weekend""!"
2349,2572,2,4,58,64,1.125,0.052231930877334055,597,"If I even have to go away for a weekend, Keiran and Toffee will carry on."
2485,2572,1,6,57,64,1.125,0.0472455591261534,597,"I told Ronald I was going away for the weekend, and you should have seen him carry on!"
1558,2572,2,4,58,64,1.125,0.052231930877334055,597,"Yes, they did have a few more at that ‘Small World’ kiosk."
1326,2572,1,6,57,64,1.125,0.0472455591261534,597,"The dog really doesn't like his smell, but he puts up with it."
1150,2572,1,6,57,64,1.125,0.0472455591261534,597,Air b&b has a new suitcase feature
1708,2572,0,8,56,64,1.125,0.041666666666666664,597,Johnny put on a few pounds and we had to pay extra for the checked bad. Airlines these days!
2219,2572,1,6,57,64,1.125,0.0472455591261534,597,Donald Trump's wall won't stop ME from sneaking into the united states!
2827,2572,2,4,58,64,1.125,0.052231930877334055,597,Home for the holidays and a less aggressive shrink.
3059,2572,0,8,56,64,1.125,0.041666666666666664,597,My Service Dog has a Service Dog.
3044,2572,1,6,57,64,1.125,0.0472455591261534,597,Don't worry. They will exceed the limit at check in.
3013,2572,1,6,57,64,1.125,0.0472455591261534,597,"He’s a doctor, and we’re flying United."
2988,2572,1,6,57,64,1.125,0.0472455591261534,597,I've never had a problem with TSA
2971,2572,1,6,57,64,1.125,0.0472455591261534,597,Fingers crossed for that upgrade!
2505,2572,1,6,57,64,1.125,0.0472455591261534,597,"It was this, or me flying economy"
2933,2572,1,6,57,64,1.125,0.0472455591261534,597,Men today come with too much baggage.
1109,2572,1,6,57,64,1.125,0.0472455591261534,597,This way if they get dragged out of the plane they get a fun ride out of it.
2534,2572,2,4,58,64,1.125,0.052231930877334055,597,An over-packer or hoarder? Or maybe someone who feels comfort in having 'things'; 'things' that seem meaningless to most but make us feel complete wherever in the world we are. That's what I am.
2564,2572,0,8,56,64,1.125,0.041666666666666664,597,You will not believe the amount of money we save.
2573,2572,1,6,57,64,1.125,0.0472455591261534,597,They'll be excited that we're coming on their getaway.
2671,2572,0,8,56,64,1.125,0.041666666666666664,597,"Forget, the miles, bags fly free, right?"
2797,2572,1,6,57,64,1.125,0.0472455591261534,597,Helicopter wifing -- it's much more practical than you might think.
2876,2572,2,4,58,64,1.125,0.052231930877334055,597,I try to take the kids everywhere.
1034,2572,2,4,58,64,1.125,0.052231930877334055,597,"They made me gate check, but as long as you pack plenty of snacks they’re fine."
2815,2572,2,4,58,64,1.125,0.052231930877334055,597,'This way we can tune him out'
864,2572,0,8,56,64,1.125,0.041666666666666664,597,"The only way I got him to come along was ""The Free Ticket"" rouse."
23,2572,1,6,57,64,1.125,0.0472455591261534,597,You’re flying united?
27,2572,1,6,57,64,1.125,0.0472455591261534,597,"You took down last week's cartoon by Frank Cotham before 11:59 Eastern Time. It's only 11:46 on Dec. 10th. My caption for the above mentioned cartoon is: ""You're not making this easy."""
924,2572,1,6,57,64,1.125,0.0472455591261534,597,It wouldn't seem right when I got back to the hotel every night that they weren't there.
172,2572,2,4,58,64,1.125,0.052231930877334055,597,"I can't always carry it on, but they actually love it down there."
309,2572,2,4,58,64,1.125,0.052231930877334055,597,I can't afford the extra seat.
323,2572,1,6,57,64,1.125,0.0472455591261534,597,My least favorite part of flying? I'd have to say baggage check.
456,2572,1,6,57,64,1.125,0.0472455591261534,597,I come with a lot of baggage.
91,2572,1,6,57,64,1.125,0.0472455591261534,597,It's just like the drive-in.
646,2572,0,8,56,64,1.125,0.041666666666666664,597,He used to be my lap child.
664,2572,1,6,57,64,1.125,0.0472455591261534,597,My companion animal has a companion animal.
684,2572,0,8,56,64,1.125,0.041666666666666664,597,"""Yes I guess you could say it's sort of like Uber""."
746,2572,2,4,58,64,1.125,0.052231930877334055,597,"It was cheaper, you know, to send my clothes ahead via Amazon Prime, and this airline let's me check one bag at the gate. So, short flight, Harry & Bingo use an enlargement charm, I get to read, it's win-win-win. What'd you do with Howard?"
782,2572,1,6,57,64,1.125,0.0472455591261534,597,"I went there a couple of Christmases ago, and look what I've got now?"
844,2572,1,6,57,64,1.125,0.0472455591261534,597,"Those new obedience schools are wonderful! I agree, and are you going to send Spot, too?"
462,2572,1,6,57,64,1.125,0.0472455591261534,597,Next week on Blue's Clues...Blue and Steve find the No-Fly list
917,2618,1,6,58,65,1.123076923076923,0.046552763218885414,597,Trust me tiny houses are the way to travel.
992,2618,0,8,57,65,1.123076923076923,0.04106568558473582,597,"It’s so dumb how they ask you, “Did you pack your own bag?” I mean like, duh! What do they think is going to happen?"
1066,2618,0,8,57,65,1.123076923076923,0.04106568558473582,597,I really hope they don't lose my luggage again.
1406,2618,1,6,58,65,1.123076923076923,0.046552763218885414,597,I am just trying to ease my way into the Girls Weekend.
1668,2618,1,6,58,65,1.123076923076923,0.046552763218885414,597,The resort has a mini-club.
1832,2618,2,4,59,65,1.123076923076923,0.051458031385614056,597,It'll break my A charge for the carry-on would have busted our budget.
1888,2618,0,8,57,65,1.123076923076923,0.04106568558473582,597,"Besides the convenience factor, it distracts the male population."
1992,2618,1,6,58,65,1.123076923076923,0.046552763218885414,597,All-In-One. No check through. Kid and pet proof. Best of all they're overhead.
2050,2618,1,6,58,65,1.123076923076923,0.046552763218885414,597,It's a kind of zen deal - you buy a cleaned-up Steve Bannon doll and they throw in a puppy - and they cancel each other out.
2768,2618,2,4,59,65,1.123076923076923,0.051458031385614056,597,I finally had to leave him. I could not stand that he got carried away very easily
2255,2618,0,8,57,65,1.123076923076923,0.04106568558473582,597,"Thanks for dragging me along, Steve and Bobo have been driving me nuts!"
2459,2618,1,6,58,65,1.123076923076923,0.046552763218885414,597,"Well, first I tried helicopter parenting."
2501,2618,1,6,58,65,1.123076923076923,0.046552763218885414,597,"This was such a fabulous idea, I can't even tell you how sick of Minecraft I am, and that dog just keeps peeing everywhere"
2562,2618,0,8,57,65,1.123076923076923,0.04106568558473582,597,They never said what you can put into your Free Luggage as long as it was below the weight limit.
2744,2618,1,6,58,65,1.123076923076923,0.046552763218885414,597,I shop online before I travel now.
899,2618,1,6,58,65,1.123076923076923,0.046552763218885414,597,I just couldn't leave them at home.
2790,2618,2,4,59,65,1.123076923076923,0.051458031385614056,597,Just what I get for banishing him to the doghouse: another puppy.
2800,2618,1,6,58,65,1.123076923076923,0.046552763218885414,597,I'd love to get rid of some of the excess baggage in my life.
2970,2618,0,8,57,65,1.123076923076923,0.04106568558473582,597,"It's misnamed. It's not a ""suitcase"". No suit in it. It's a ""child & dog case""."
2103,2618,2,4,59,65,1.123076923076923,0.051458031385614056,597,We're taking the red-eye.
834,2618,0,8,57,65,1.123076923076923,0.04106568558473582,597,"I have to do everything. For entertainment, I use my husband for laughs and our dog for affection."
2352,2618,1,6,58,65,1.123076923076923,0.046552763218885414,597,I've trained them well.
781,2618,1,6,58,65,1.123076923076923,0.046552763218885414,597,"Funny, I've never had an issue with business travel"
364,2618,0,8,57,65,1.123076923076923,0.04106568558473582,597,I'm making up for the new sneak airline fees.
436,2618,0,8,57,65,1.123076923076923,0.04106568558473582,597,These Casper suitcases are pretty nifty.
830,2618,1,6,58,65,1.123076923076923,0.046552763218885414,597,I'm betting the ban doesn't include luggage of average intelligence.
557,2618,2,4,59,65,1.123076923076923,0.051458031385614056,597,"Even with the extra baggage charge, we'll still save a bundle on this trip."
511,2618,1,6,58,65,1.123076923076923,0.046552763218885414,597,If it won’t fit in the overhead bin I just check it.
1731,2646,2,4,60,66,1.121212121212121,0.05070666827479246,597,The last month has been crazy hectic. I am so ready for some relaxation with this girls only spa trip!
1591,2646,1,6,59,66,1.121212121212121,0.04587990563775582,597,I'd do anything for love
1365,2646,2,4,60,66,1.121212121212121,0.05070666827479246,597,I always pack my husband for our trips!
49,2646,1,6,59,66,1.121212121212121,0.04587990563775582,597,"Nothing like doing a little mournful drinkin' around the holidays. To old friends! Here, here!"
2794,2650,1,6,60,67,1.1194029850746268,0.045226141960648454,597,Hold it!
2110,2650,2,4,61,67,1.1194029850746268,0.04997687416213937,597,I don't know whether I'm coming or going!!
1101,2652,0,7,53,60,1.1166666666666667,0.04179359199028118,597,"I don't know wht he likes Spritle and Chim Chim better than Speed and Trixie, but oh, well. I'm off for a weekend without him and his pet."
801,2652,1,5,54,60,1.1166666666666667,0.04807989270851719,597,Their mobile pooch and pal deal is great.
1515,2654,0,8,61,69,1.1159420289855073,0.03882454402978924,597,Keep calm and carry on.
1043,2655,1,5,55,61,1.1147540983606556,0.04732379255652672,597,He wanted the dog and joint custody.........
1082,2655,0,7,54,61,1.1147540983606556,0.04114721441970865,597,These carry on fees are out of control!
1094,2655,0,7,54,61,1.1147540983606556,0.04114721441970865,597,"Actually, the baggage fee is about the same cost as a ticket. I just do it so I do not have to listen to him for the next 12 hours."
1229,2655,1,5,55,61,1.1147540983606556,0.04732379255652672,597,Senator Schumer's finally getting to MY issue...
1292,2655,1,5,55,61,1.1147540983606556,0.04732379255652672,597,Thanks for getting us out of the house for a few hours.
1413,2655,0,7,54,61,1.1147540983606556,0.04114721441970865,597,"They think they're going as carry-on luggage, but I'm checking them into the baggage compartment."
1366,2655,0,7,54,61,1.1147540983606556,0.04114721441970865,597,I always feel like I'm carrying his end of things more than I should.
2405,2655,0,7,54,61,1.1147540983606556,0.04114721441970865,597,My therapist says this trip should help me deal with my family baggage.
2372,2655,1,5,55,61,1.1147540983606556,0.04732379255652672,597,"Hmmm, I wonder if the lady next to us poked holes for her husband?"
2335,2655,1,5,55,61,1.1147540983606556,0.04732379255652672,597,i think he said ''go on ahead of me and i'll be right behind you''
2278,2655,2,3,56,61,1.1147540983606556,0.05278247274773007,597,Henry always waits till the last minute to pack.
2277,2655,1,5,55,61,1.1147540983606556,0.04732379255652672,597,I usually leave it on the moving sidewalk.
2276,2655,0,7,54,61,1.1147540983606556,0.04114721441970865,597,"I don't just need a weekend getaway from ""ball and chain""....what i really need is an exit strategy."
1334,2655,2,3,56,61,1.1147540983606556,0.05278247274773007,597,"It's cheaper to fly this way, and more comfortable too, they say."
2175,2655,0,7,54,61,1.1147540983606556,0.04114721441970865,597,I told myself I wouldn't miss the interruptions and the responsibilities.
2097,2655,0,7,54,61,1.1147540983606556,0.04114721441970865,597,We pack our own peanuts too
2054,2655,1,5,55,61,1.1147540983606556,0.04732379255652672,597,"Well, it’s cozier than being in the doghouse!"
1897,2655,0,7,54,61,1.1147540983606556,0.04114721441970865,597,"Actually, we happened to meet in the luggage rack; with my dog in the next roll-on!"
1545,2655,1,5,55,61,1.1147540983606556,0.04732379255652672,597,Him? The other half is in my checked luggage. Coffee?
1527,2655,1,5,55,61,1.1147540983606556,0.04732379255652672,597,"I've always been a dog lover, I've just never owned a dog's lover."
915,2655,0,7,54,61,1.1147540983606556,0.04114721441970865,597,I can't live with these new carry-on limits.
2120,2655,1,5,55,61,1.1147540983606556,0.04732379255652672,597,A penny saved is a penny earned.
849,2655,1,5,55,61,1.1147540983606556,0.04732379255652672,597,"Only a $25 bag fee and no cramped quarters, outrageous fees, or terrible food."
24,2655,0,7,54,61,1.1147540983606556,0.04114721441970865,597,Only the essentials.
739,2655,0,7,54,61,1.1147540983606556,0.04114721441970865,597,My therapist suggested I keep a close eye on him.
3005,2655,1,5,55,61,1.1147540983606556,0.04732379255652672,597,"Yeah, they’ll confiscate just about anything these days."
2973,2655,1,5,55,61,1.1147540983606556,0.04732379255652672,597,We're still co-sleeping.
2759,2655,1,5,55,61,1.1147540983606556,0.04732379255652672,597,"This has worked very well for us in the past, but now with the increase in baggage fees, we'll probably rethink it."
2418,2655,1,5,55,61,1.1147540983606556,0.04732379255652672,597,I always check my bag. Togetherness has it's limits.
788,2655,1,5,55,61,1.1147540983606556,0.04732379255652672,597,What’s your handicap?
2682,2655,1,5,55,61,1.1147540983606556,0.04732379255652672,597,Will that be a one way or two way luggage purchase?
2637,2655,2,3,56,61,1.1147540983606556,0.05278247274773007,597,We were going to go broke... so he brought the dog too.
2687,2655,2,3,56,61,1.1147540983606556,0.05278247274773007,597,"It's a holiday, but he's still in the dog house."
2544,2655,0,7,54,61,1.1147540983606556,0.04114721441970865,597,"It’s not that flying is too expensive, that’s just his fetish."
2493,2655,0,7,54,61,1.1147540983606556,0.04114721441970865,597,My medical assistant dog requires a medical assistant.
2489,2655,1,5,55,61,1.1147540983606556,0.04732379255652672,597,They get the service animal discounts.
210,2655,0,7,54,61,1.1147540983606556,0.04114721441970865,597,Ever heard of Skype?
541,2655,1,5,55,61,1.1147540983606556,0.04732379255652672,597,"Hey, THEY’RE the ones who say, ‘Enjoy your flight!’"
640,2655,0,7,54,61,1.1147540983606556,0.04114721441970865,597,It’s so uplifting to travel this way. I’m always the happiest person on my row!
734,2655,0,7,54,61,1.1147540983606556,0.04114721441970865,597,This is the last time I'm Paying the Cost of such high Baggage Fees! I will Carry-on with less weight from now on.
2548,2655,0,7,54,61,1.1147540983606556,0.04114721441970865,597,"My Mothers. I sold it as ""Adventure Travel"" and I save on the fare... You?"
2447,2655,3,1,57,61,1.1147540983606556,0.05772726839888201,597,He loves travelling in the cargo hold!!
3079,2697,0,7,55,62,1.1129032258064515,0.04052040316035677,597,John really wanted to make the best out of his luggage fee
1021,2697,2,3,57,62,1.1129032258064515,0.05195714129764132,597,"Since no airlines have pillows anymore, we thought we'd just take the bed."
966,2697,1,5,56,62,1.1129032258064515,0.046591027055115,597,It's so nice to get away from home once in awhile.
916,2697,1,5,56,62,1.1129032258064515,0.046591027055115,597,There's carry on and there's carry on!
880,2697,1,5,56,62,1.1129032258064515,0.046591027055115,597,Price of luggage vs ticket...it's finally paid off marrying half a man.
733,2697,2,3,57,62,1.1129032258064515,0.05195714129764132,597,Guess I should've told you before you booked. We were foreclosed on last month.
1098,2697,1,5,56,62,1.1129032258064515,0.046591027055115,597,This is because we agreed to fly instead of taking our station wagon.
1372,2697,0,7,55,62,1.1129032258064515,0.04052040316035677,597,My husband and rusty didn't seem too upset about them staying home while I take this trip with you.
602,2697,0,7,55,62,1.1129032258064515,0.04052040316035677,597,"Hon, where did you say you left the ""to do"" list?"
1543,2697,0,7,55,62,1.1129032258064515,0.04052040316035677,597,"Ha, now I get to see all that cool humanitarian stuff Aunt Joan does! I wonder if Myanmar is by Michigan?"
1574,2697,1,5,56,62,1.1129032258064515,0.046591027055115,597,"Once in a while, it's important to air out your baggage."
1576,2697,2,3,57,62,1.1129032258064515,0.05195714129764132,597,"Wait, we haven't checked our bags!"
1675,2697,2,3,57,62,1.1129032258064515,0.05195714129764132,597,"I love flying first class, but it's so expensive."
1724,2697,0,7,55,62,1.1129032258064515,0.04052040316035677,597,"Besides the dependency issues, Bill is always looking for ways to save a buck."
3000,2697,0,7,55,62,1.1129032258064515,0.04052040316035677,597,"I pay a little more in excess weight, but they help me sleep."
1833,2697,2,3,57,62,1.1129032258064515,0.05195714129764132,597,I put my pet snake in the perforated tote bag. Thanks for carrying it for me.
1943,2697,0,7,55,62,1.1129032258064515,0.04052040316035677,597,"Well, I was hoping they'd lose the bag like last time. Guess I'll have to put him up for adoption."
1953,2697,0,7,55,62,1.1129032258064515,0.04052040316035677,597,Did you ever feel like your suitcase is all sweaty and slobbery? Because i'm feeling it.
2395,2697,2,3,57,62,1.1129032258064515,0.05195714129764132,597,"Well, I had show the note to some TSA higher-up. But between us, Buster is the more supportive."
2754,2697,1,5,56,62,1.1129032258064515,0.046591027055115,597,And they are STILL too big to carry on!
2756,2697,1,5,56,62,1.1129032258064515,0.046591027055115,597,My husband and my dog are in my suitcase.
2775,2697,0,7,55,62,1.1129032258064515,0.04052040316035677,597,""" lost luggage , I've tried everything else ""."
1911,2697,0,7,55,62,1.1129032258064515,0.04052040316035677,597,This was the only way I could get my homunculus to rehab.
532,2697,1,5,56,62,1.1129032258064515,0.046591027055115,597,Shall we celebrate the miserable demise of 2017 or the miserable dawn of 2018?
1062,2697,1,5,56,62,1.1129032258064515,0.046591027055115,597,"Jane, you know family long haul flights are always such a drag!!"
373,2697,1,5,56,62,1.1129032258064515,0.046591027055115,597,Ya think the microchip will clear TSA?
305,2697,1,5,56,62,1.1129032258064515,0.046591027055115,597,Finally! I've really been looking forward to this girl's Vegas weekend.
198,2697,0,7,55,62,1.1129032258064515,0.04052040316035677,597,Can you imagine? They are charging me $25.00 for one piece of checke-in lugagge
182,2697,1,5,56,62,1.1129032258064515,0.046591027055115,597,Gotta love the new check-in baggage policy.
116,2697,2,3,57,62,1.1129032258064515,0.05195714129764132,597,He's so transparent... I don't weather I'm coming or going.
1,2697,1,5,56,62,1.1129032258064515,0.046591027055115,597,Way to take one for the team!
484,2697,0,7,55,62,1.1129032258064515,0.04052040316035677,597,"I feel like I packed my entire house, even the dog."
750,2729,0,7,56,63,1.1111111111111112,0.039912289339283334,597,They want to be upfront in case the TSA searches my luggage.
766,2729,1,5,57,63,1.1111111111111112,0.04588053629154694,597,"Yes, I am really going to do it."
857,2729,0,7,56,63,1.1111111111111112,0.039912289339283334,597,The babysitter I hired for the weekend is highly recommended. I'll give you her number.
1438,2729,2,3,58,63,1.1111111111111112,0.051157173304408075,597,I'm hoping that things will move around in overhead storage.
1512,2729,0,7,56,63,1.1111111111111112,0.039912289339283334,597,I just have a lot of baggage from the past few years.
2316,2729,0,7,56,63,1.1111111111111112,0.039912289339283334,597,"No, we aren't cheap. It's just that Ed likes to save money when we can."
2488,2729,1,5,57,63,1.1111111111111112,0.04588053629154694,597,I can exchange them at the duty free shop when the honeymoon is over.
2847,2729,0,7,56,63,1.1111111111111112,0.039912289339283334,597,We don't have to pay for a plane ticket!
2778,2729,2,3,58,63,1.1111111111111112,0.051157173304408075,597,"My dog days with him are finally over."" ""Then, looks like mamma needs a brand new bag!"
596,2729,1,5,57,63,1.1111111111111112,0.04588053629154694,597,Spot and I are inseparable. Guys are excess baggage.
2884,2729,3,1,59,63,1.1111111111111112,0.05593826195543198,597,Ever notice how couples begin to look alike as they get older?
3039,2729,1,5,57,63,1.1111111111111112,0.04588053629154694,597,Cheapest way to fly with them. I even managed to stay under 50 pounds.
3049,2729,1,5,57,63,1.1111111111111112,0.04588053629154694,597,I feel like I live out of this bag.
3084,2729,1,5,57,63,1.1111111111111112,0.04588053629154694,597,"I thought ""Downsizing"" was science fiction!"
3093,2729,2,3,58,63,1.1111111111111112,0.051157173304408075,597,He's my service dogs service human.
2755,2729,1,5,57,63,1.1111111111111112,0.04588053629154694,597,"So glad we on Southwest with no baggage charge, even if we didn't want to go to Baltimore."
73,2729,0,7,56,63,1.1111111111111112,0.039912289339283334,597,"Frankly, I'd rather take them than my husband."
2368,2729,1,5,57,63,1.1111111111111112,0.04588053629154694,597,I should've married Peter Dinklage.
773,2747,0,7,57,64,1.109375,0.039322054350368486,597,"It will fit under the seat, don't you think?"
222,2747,2,3,59,64,1.109375,0.050381419694137494,597,Till death or until he departs.
160,2747,1,5,58,64,1.109375,0.045191323330536354,597,"No, I will not drink to your good health."
10,2747,0,7,57,64,1.109375,0.039322054350368486,597,The only downside is I can't check it in.
2200,2747,1,5,58,64,1.109375,0.045191323330536354,597,I always get away with extra cuteness in my carry-on
3068,2747,1,5,58,64,1.109375,0.045191323330536354,597,They just like going through the x-ray and being detained by TSA. It’s their thing.
2020,2747,2,3,59,64,1.109375,0.050381419694137494,597,The bartender could not stop for death but he kindly stopped for me
1134,2747,1,5,58,64,1.109375,0.045191323330536354,597,I packed for cuddling.
1071,2755,2,3,60,65,1.1076923076923078,0.049628799617553614,597,I always pack too much by half.
1037,2755,0,7,58,65,1.1076923076923078,0.038748926306942086,597,Bob and I always joke about me packing him and the dog in my suitcase. This trip we decided to just go for it.
2452,2757,0,6,51,57,1.105263157894737,0.04101019591968312,597,"They say they're ""dreamers"", but I say they're no good."
1450,2758,0,6,52,58,1.103448275862069,0.04033776909417944,597,I hope my bag fits in the overhead compartment.
1594,2758,0,6,52,58,1.103448275862069,0.04033776909417944,597,"-Do we not know each other??? -How can I know this, when my iPhone is deep in the luggage !!!"
1410,2758,1,4,53,58,1.103448275862069,0.04724506633555822,597,I can’t tell you what a relief it is to be getting away from family demands.
1883,2758,0,6,52,58,1.103448275862069,0.04033776909417944,597,"'His Daddy's looking after him"""
1382,2758,0,6,52,58,1.103448275862069,0.04033776909417944,597,Waldo Jeffers hasn't reached his limit yet.
1356,2758,2,2,54,58,1.103448275862069,0.053264030739395375,597,...but the ones they abandon out on the street you can just pick up and take- they make a great snack !
1191,2758,0,6,52,58,1.103448275862069,0.04033776909417944,597,TSA's bark is worse than their bite...they ain't seen ANYTHING yet!
1146,2758,0,6,52,58,1.103448275862069,0.04033776909417944,597,It's so convenient! We love to save money when we travel.
1030,2758,1,4,53,58,1.103448275862069,0.04724506633555822,597,I plan on checking a bag.
1421,2758,1,4,53,58,1.103448275862069,0.04724506633555822,597,The first injection takes a long time. But the second injection seems to take forever.
1637,2758,0,6,52,58,1.103448275862069,0.04033776909417944,597,"Okay, so he gets a little urine stain or two . . . ."
2123,2758,0,6,52,58,1.103448275862069,0.04033776909417944,597,"After our childhood incidents of being left Home Alone, this is the only way our family will travel with Kevin these days."
1993,2758,0,6,52,58,1.103448275862069,0.04033776909417944,597,"It's called caseful of love, you should look into it too."
2141,2758,0,6,52,58,1.103448275862069,0.04033776909417944,597,"No, it works great. This way they both stay warm, and don't get separation anxiety."
2146,2758,0,6,52,58,1.103448275862069,0.04033776909417944,597,It's better than Skype.
2158,2758,1,4,53,58,1.103448275862069,0.04724506633555822,597,I just needed to get away and keep my problems behind me.
2170,2758,0,6,52,58,1.103448275862069,0.04033776909417944,597,A week at a nudist colony: what would the guys say?
2284,2758,0,6,52,58,1.103448275862069,0.04033776909417944,597,We get a discount on a package deal.
2317,2758,0,6,52,58,1.103448275862069,0.04033776909417944,597,Is this your first Game of Thrones convention?
982,2758,1,4,53,58,1.103448275862069,0.04724506633555822,597,So was your husband a breech birth ?
2325,2758,1,4,53,58,1.103448275862069,0.04724506633555822,597,"""No problem, I just zip them up and stow them in the overhead bin.""'"
2600,2758,1,4,53,58,1.103448275862069,0.04724506633555822,597,"They are inseparable, including travel...he prefers checked while Woof carryon. They flip for it at the gate."
2636,2758,1,4,53,58,1.103448275862069,0.04724506633555822,597,He looks enough like Ken to me
2734,2758,0,6,52,58,1.103448275862069,0.04033776909417944,597,It lasts longer than Xanax.
2743,2758,1,4,53,58,1.103448275862069,0.04724506633555822,597,And I have a TSA lock on the bags to keep them secure.
2903,2758,0,6,52,58,1.103448275862069,0.04033776909417944,597,It's a win-win. Our therapist says this will help both of them overcome their fear of flying and I like it because we all can still travel together.
3020,2758,1,4,53,58,1.103448275862069,0.04724506633555822,597,It's their new airmiles/doghouse award program.
3045,2758,1,4,53,58,1.103448275862069,0.04724506633555822,597,You wouldn’t believe how often I had to tell him to XYZ.
1962,2758,0,6,52,58,1.103448275862069,0.04033776909417944,597,"You wont believe how much money I'm saving, girl !"
976,2758,0,6,52,58,1.103448275862069,0.04033776909417944,597,"No, only the man - dogs do not need visas."
2365,2758,1,4,53,58,1.103448275862069,0.04724506633555822,597,"With all the airlines hidden fees, the only way to break even is with hidden passengers"
807,2758,1,4,53,58,1.103448275862069,0.04724506633555822,597,It's easier than a leash.
818,2758,1,4,53,58,1.103448275862069,0.04724506633555822,597,"Really, we're just curious what the fee would be if you were 250 pouds over the limit."
59,2758,0,6,52,58,1.103448275862069,0.04033776909417944,597,"I'm telling you! It stands for ""Toddler Suitcase Arrangement."
134,2758,0,6,52,58,1.103448275862069,0.04033776909417944,597,It minimizes the overbooking risk
278,2758,1,4,53,58,1.103448275862069,0.04724506633555822,597,"Jim's snoopy, so I'm always looking for new places to stash the presents."
298,2758,1,4,53,58,1.103448275862069,0.04724506633555822,597,'Dear Abby' suggested this to help pay baggage fees.
348,2758,1,4,53,58,1.103448275862069,0.04724506633555822,597,The flight had only one seat left.
62,2758,0,6,52,58,1.103448275862069,0.04033776909417944,597,They're going to have to zip their lips soon enough
399,2758,1,4,53,58,1.103448275862069,0.04724506633555822,597,I have issues I'm not ready to claim.
440,2758,0,6,52,58,1.103448275862069,0.04033776909417944,597,They both deal with me being gone better at the kennel together.
447,2758,0,6,52,58,1.103448275862069,0.04033776909417944,597,Good thing I packed lightly.
530,2758,1,4,53,58,1.103448275862069,0.04724506633555822,597,I'm the spirit of Millennial motherhood. Wanna fight about it?
670,2758,2,2,54,58,1.103448275862069,0.053264030739395375,597,Sometimes I simply feel like abandoning the suitcase in baggage claim.
376,2758,0,6,52,58,1.103448275862069,0.04033776909417944,597,And I don't have to drag the car seat on the plane!
1736,2803,2,2,55,59,1.1016949152542372,0.052382819905918594,597,Yum. Do you smell bacon?
1144,2803,0,6,53,59,1.1016949152542372,0.03968693424047915,597,Toy season miracle. They bought the idea that it is a futuristic toy that needs to breathe.
1164,2803,0,6,53,59,1.1016949152542372,0.03968693424047915,597,TSA couldn't say no to their puppy-dog eyes.
1177,2803,1,4,54,59,1.1016949152542372,0.0464704883270233,597,The eight hour flights can be a bother.
1180,2803,1,4,54,59,1.1016949152542372,0.0464704883270233,597,I see you have a piece of that new smart luggage. I hired a detective for mine. Since they didn't get a another sequel I got Tintin and his dog Milou to make sure my luggage doesn't get lost.
1341,2803,0,6,53,59,1.1016949152542372,0.03968693424047915,597,Have you heard about the latest in smart luggage?
1488,2803,0,6,53,59,1.1016949152542372,0.03968693424047915,597,I’ve always had mor baggage than you.
1620,2803,1,4,54,59,1.1016949152542372,0.0464704883270233,597,We should breeze through TSA with no trouble.
1643,2803,1,4,54,59,1.1016949152542372,0.0464704883270233,597,"Every once in a while, I like to get out of the house."
1759,2803,0,6,53,59,1.1016949152542372,0.03968693424047915,597,"I love flying One-Bag Airline..... as long as I can fit them into the overhead bin, I pay for only one seat and the bag is free!"
2693,2803,1,4,54,59,1.1016949152542372,0.0464704883270233,597,TSA Pre. Gate check the bag. It all works out pretty well.
2004,2803,0,6,53,59,1.1016949152542372,0.03968693424047915,597,Can you believe he said that I have too much baggage?
2248,2803,2,2,55,59,1.1016949152542372,0.052382819905918594,597,"I told my new boyfriend, 'I'll move in with you, but don't expect me to leave my baggage behind.'"
2327,2803,0,6,53,59,1.1016949152542372,0.03968693424047915,597,"Oh, I never leave home without it."
2515,2803,0,6,53,59,1.1016949152542372,0.03968693424047915,597,I told them 'Thank you very much but I'll keep my mom's ashes in my suitcase with me'
2623,2803,1,4,54,59,1.1016949152542372,0.0464704883270233,597,Like Scoob let's get out of here
973,2803,0,6,53,59,1.1016949152542372,0.03968693424047915,597,It turns the flight into a peaceful time to enjoy
2789,2803,0,6,53,59,1.1016949152542372,0.03968693424047915,597,Life is great now that I've downsized!
3014,2803,1,4,54,59,1.1016949152542372,0.0464704883270233,597,Ha! Foiled and fooled Al Qaeda AND Homeland Security!
3032,2803,0,6,53,59,1.1016949152542372,0.03968693424047915,597,"Yeah, they weren't real happy that I was leaving but my husband is keeping them."
3047,2803,1,4,54,59,1.1016949152542372,0.0464704883270233,597,He's been acting weird lately.
1764,2803,0,6,53,59,1.1016949152542372,0.03968693424047915,597,"Gosh, last time the cabin crew in the business class messed up those Hors d'oeuvres! Hope they get it right for my pooch this time!"
901,2803,1,4,54,59,1.1016949152542372,0.0464704883270233,597,He likes to freak out folk in the terminal.
2703,2803,1,4,54,59,1.1016949152542372,0.0464704883270233,597,My baggage comes in all shapes and sizes.
691,2803,0,6,53,59,1.1016949152542372,0.03968693424047915,597,"Oh yeah, this fits under the seat."
613,2803,1,4,54,59,1.1016949152542372,0.0464704883270233,597,It’s the only way I can make family trips.
435,2803,1,4,54,59,1.1016949152542372,0.0464704883270233,597,"I told him this was a great way to save money, but I really just couldn't take five hours of sobbing while he listens to sad podcasts."
789,2803,0,6,53,59,1.1016949152542372,0.03968693424047915,597,They can only hold their breath for so long.
498,2831,2,2,56,60,1.1,0.05153025549750767,597,Chuckie just loves to travel.
710,2831,0,6,54,60,1.1,0.03905667329424718,597,Too much baggage? nah!
853,2831,1,4,55,60,1.1,0.04572084295183095,597,"Yep, heading home to the Amazon"
1010,2831,2,2,56,60,1.1,0.05153025549750767,597,Good thing the TSA agent was a Hergé fan.
1210,2831,0,6,54,60,1.1,0.03905667329424718,597,We're so lucky we wear the same size or Fritz and Bob would have had to stay at home.
1960,2831,0,6,54,60,1.1,0.03905667329424718,597,I forgot my service human papers
2063,2831,2,2,56,60,1.1,0.05153025549750767,597,"""Can you believe 'Workaholic Bob' took a week off to be a 'stay-at-home-mom'""?"
184,2831,0,6,54,60,1.1,0.03905667329424718,597,"I's fun to take your pets to work,but it[s not easy to walk them at 30,000 feet"
2417,2831,2,2,56,60,1.1,0.05153025549750767,597,We are economizing.Tha fare is so high.
3018,2831,1,4,55,60,1.1,0.04572084295183095,597,I used a professional packing service.
3062,2831,1,4,55,60,1.1,0.04572084295183095,597,"Oh yes, this low-cost airline charges a heavy fee for baggage. Who cares, as long as you travel solo and light!"
2045,2831,0,6,54,60,1.1,0.03905667329424718,597,Just our way of getting the most out of the baggage fee.
165,2831,2,2,56,60,1.1,0.05153025549750767,597,Mommy's special hide and seek game is all about the Benjamins.
582,2844,1,4,56,61,1.098360655737705,0.04499494830653312,597,He was harassing the by passers females so I did this.
1942,2844,0,6,55,61,1.098360655737705,0.038446030818224834,597,He said he wanted to get away for a while.
1678,2844,1,4,56,61,1.098360655737705,0.04499494830653312,597,"And I said no, booking two seats on a Friday flight, now THAT would be murder."
159,2847,1,4,57,62,1.096774193548387,0.0442916958370775,597,"Alec Baldwin's impersonation is an uninspired copy of Anthony Atamanuik's and is, frankly, an embarrassment."
1590,2848,1,4,60,65,1.0923076923076922,0.04230769230769232,597,Our relationship is so much better now that Jim is my pet. We never fight in weekend trips anymore.
931,2849,1,3,51,55,1.0909090909090908,0.04694525268130203,597,"It's your bag, do what you wanna do..."
1471,2849,1,3,51,55,1.0909090909090908,0.04694525268130203,597,I'll use the entire overhead while you slides yours under the seat ahead!
1616,2849,0,5,50,55,1.0909090909090908,0.03912104390108503,597,I feel like I packed everything but the kitchen sink.
1707,2849,1,3,51,55,1.0909090909090908,0.04694525268130203,597,I love this airport. They have a generous baggage system.
1845,2849,0,5,50,55,1.0909090909090908,0.03912104390108503,597,They'll never know we're in here.
1877,2849,0,5,50,55,1.0909090909090908,0.03912104390108503,597,"I saw 'em, but what are the odds they actually make the connection to Cancun?"
1909,2849,1,3,51,55,1.0909090909090908,0.04694525268130203,597,This flight could turn out to be LOTS of fun...
1940,2849,1,3,51,55,1.0909090909090908,0.04694525268130203,597,Brave New World
1948,2849,0,5,50,55,1.0909090909090908,0.03912104390108503,597,I find the Napoleon Syndrome is offset by the cheaper vacations.
1980,2849,0,5,50,55,1.0909090909090908,0.03912104390108503,597,They're dealing with separation anxiety
2025,2849,1,3,51,55,1.0909090909090908,0.04694525268130203,597,I hear the draft beer here is to die for...
1264,2849,0,5,50,55,1.0909090909090908,0.03912104390108503,597,It's the only way they'll go shopping.
2036,2849,1,3,51,55,1.0909090909090908,0.04694525268130203,597,"""He has a trick pelvis that's perfect for the overhead bin""."
2142,2849,0,5,50,55,1.0909090909090908,0.03912104390108503,597,"Did you notice how excited the two prototypes were to be going to the AI conference? He kept saying: You're now free to move around the cabin, you're now free... So cute!"
2266,2849,0,5,50,55,1.0909090909090908,0.03912104390108503,597,My & Scrappy's flight only cost $25!
2295,2849,0,5,50,55,1.0909090909090908,0.03912104390108503,597,You should have seen the look on the TSA guy's face!
2358,2849,0,5,50,55,1.0909090909090908,0.03912104390108503,597,He wants to be really ready for self-driving cars.
2413,2849,0,5,50,55,1.0909090909090908,0.03912104390108503,597,We're embarking on a new adventure.
2532,2849,1,3,51,55,1.0909090909090908,0.04694525268130203,597,Cheers !
2702,2849,1,3,51,55,1.0909090909090908,0.04694525268130203,597,Every man I meet these days has so much baggage. And John insists on unpacking his in public.
2714,2849,0,5,50,55,1.0909090909090908,0.03912104390108503,597,Ralph said he wanted to fly in checked in baggage with Nuggie
2823,2849,1,3,51,55,1.0909090909090908,0.04694525268130203,597,You know they make diapers for dogs too.
2894,2849,0,5,50,55,1.0909090909090908,0.03912104390108503,597,He's just a big kid at heart.
2969,2849,1,3,51,55,1.0909090909090908,0.04694525268130203,597,Travel's a breeze now that their poop'n scoop schedules are in sync.
2986,2849,0,5,50,55,1.0909090909090908,0.03912104390108503,597,No worries; I bought baggage insurance.
2042,2849,0,5,50,55,1.0909090909090908,0.03912104390108503,597,The key in any relationship is to give space to each other.
953,2849,0,5,50,55,1.0909090909090908,0.03912104390108503,597,"Trust me, it's the most peaceful flight you'll ever have."
3067,2849,0,5,50,55,1.0909090909090908,0.03912104390108503,597,"Golf clubs? HELL NO. Cute, little puppy? Yeah."
765,2849,1,3,51,55,1.0909090909090908,0.04694525268130203,597,I am concerned about the X-Ray exposure.
621,2849,0,5,50,55,1.0909090909090908,0.03912104390108503,597,You're right. It's better with one of them zipped in.
493,2849,0,5,50,55,1.0909090909090908,0.03912104390108503,597,Hes going to fetch me a daiquiri as soon as we get to the hotel
459,2849,0,5,50,55,1.0909090909090908,0.03912104390108503,597,"Join me with one for the road, Grim?"
354,2849,0,5,50,55,1.0909090909090908,0.03912104390108503,597,"(Late caption for grim reaper cartoon) ""Another Day of Reckoning is hard work. You've earned it."""
254,2849,0,5,50,55,1.0909090909090908,0.03912104390108503,597,I tend to overpack for these trips.
3041,2849,1,3,51,55,1.0909090909090908,0.04694525268130203,597,Cute outfit = help lifting luggage into overhead bin = airfare savings = more cute outfits.
627,2884,0,5,51,56,1.0892857142857142,0.038450387280282515,597,I used to carry her in my purse but she outgrew it.
445,2884,1,3,52,56,1.0892857142857142,0.04612789753884693,597,It's a good thing I look remarkably like an inanimate pile of clothes
410,2884,2,1,53,56,1.0892857142857142,0.05269851592507146,597,I love it when happy hour meets last call.
990,2884,0,5,51,56,1.0892857142857142,0.038450387280282515,597,"You say Christmas is about family, I say it's all about me."
1166,2884,1,3,52,56,1.0892857142857142,0.04612789753884693,597,"Yeah, I just gonna give back this two robots in Japan."
1218,2884,0,5,51,56,1.0892857142857142,0.038450387280282515,597,They don’t get out of the doghouse very often.
1703,2884,1,3,52,56,1.0892857142857142,0.04612789753884693,597,The long flights are tough without a poop bag.
8,2884,0,5,51,56,1.0892857142857142,0.038450387280282515,597,Help me finish?
1890,2884,0,5,51,56,1.0892857142857142,0.038450387280282515,597,They were troopers because Tom said he and Skippy would just carry on with or without me.
1971,2884,0,5,51,56,1.0892857142857142,0.038450387280282515,597,"That was a great trip, but I'm glad to be home, you know?"
927,2884,0,5,51,56,1.0892857142857142,0.038450387280282515,597,Now's our chance to escape!
2310,2884,1,3,52,56,1.0892857142857142,0.04612789753884693,597,I miss the days when they weren't so fragile.
2419,2884,0,5,51,56,1.0892857142857142,0.038450387280282515,597,"Hm, I wonder where we're going?!?!?"
2465,2884,2,1,53,56,1.0892857142857142,0.05269851592507146,597,You just get laid and then...h See ya go! You just get lAid You just get laid...all there is to it!
2757,2884,0,5,51,56,1.0892857142857142,0.038450387280282515,597,Smartest case I could find.
2806,2884,1,3,52,56,1.0892857142857142,0.04612789753884693,597,...We’re flying to Tel Aviv...Per his will Jerry Lewis insisted on making Aliyah...
363,2884,0,5,51,56,1.0892857142857142,0.038450387280282515,597,My employer considers him a trailing spouse>
268,2884,0,5,51,56,1.0892857142857142,0.038450387280282515,597,I chose thIs airport because their security is LAX.
1955,2884,2,1,53,56,1.0892857142857142,0.05269851592507146,597,He used to be a pro football player and took many hits
833,2884,1,3,52,56,1.0892857142857142,0.04612789753884693,597,"You just have to say ""trip"" and hop right in. '"
2253,2884,1,3,52,56,1.0892857142857142,0.04612789753884693,597,I thought maybe he could qualify as a 'lap child'.
2856,2905,0,5,52,57,1.087719298245614,0.037802263481198896,597,You'd be surprised how good you feel when you don't try to hide your insecurities.
276,2905,1,3,53,57,1.087719298245614,0.04533847748151766,597,"I may not be able to zip their mouths shut when they get loud and obnoxious, but at least I can zip them shut!"
679,2905,1,3,53,57,1.087719298245614,0.04533847748151766,597,Not a problem at all! I'll be re - stocking my Spring wardrobe when we get there.
1327,2905,1,3,53,57,1.087719298245614,0.04533847748151766,597,Shut your yap! 'Girls Getaway Weekend.' Ha! Now you know how it feels to be snuck on a plane.
2230,2905,0,5,52,57,1.087719298245614,0.037802263481198896,597,"1st class Luggage Bins are the way to go, sure can pack a lot away, the trouble is getting it up there & fitting it in?"
2342,2905,0,5,52,57,1.087719298245614,0.037802263481198896,597,"If it doesn't fit in my carry-on, I just put it under the plane."
2549,2905,0,5,52,57,1.087719298245614,0.037802263481198896,597,"They say relationships bring a lot of baggage, but no one ever said what kind of baggage."
2699,2905,0,5,52,57,1.087719298245614,0.037802263481198896,597,Do you think the airline will upgrade us?
2640,2905,0,5,52,57,1.087719298245614,0.037802263481198896,597,"I'm only allowed to check one child and one pet, I have to carry-on the others."
3110,2905,0,5,52,57,1.087719298245614,0.037802263481198896,597,And I always get a space in the overhead bin.
2777,2905,1,3,53,57,1.087719298245614,0.04533847748151766,597,"Fido wasn’t born here, so he insisted."
624,2916,1,3,54,58,1.0862068965517242,0.044575586536534074,597,"Since we fly United, I've been able to fly Life Coach."
1946,2916,1,3,54,58,1.0862068965517242,0.044575586536534074,597,I just couldn't leave my two boys all alone at home.
2819,2916,1,3,54,58,1.0862068965517242,0.044575586536534074,597,"Thanks, but I can't be caught scything under the influence."
1003,2919,0,5,54,59,1.0847457627118644,0.03656923485905472,597,"Oh, were just flying to Cleveland--its a quick trip."
297,2920,1,3,57,61,1.0819672131147542,0.04243337411654028,597,Are they on a diet?
72,2921,0,4,48,52,1.0769230769230769,0.03731317308251277,597,I always fly untied.
56,2921,0,4,48,52,1.0769230769230769,0.03731317308251277,597,"Tight budget these days, Amy. Couldn't afford a suitcase that fits my husband, so it's just newborn baby this weekend."
47,2921,0,4,48,52,1.0769230769230769,0.03731317308251277,597,The contents may shift during flight.
2458,2921,0,4,48,52,1.0769230769230769,0.03731317308251277,597,They only checked my liquids and my carry-on.
661,2921,1,2,49,52,1.0769230769230769,0.04632947979911816,597,"Wait until he finds out I sent my bag to Newark, NJ"
2021,2921,0,4,48,52,1.0769230769230769,0.03731317308251277,597,"Well, it's a nicer way to travel than United service"
1928,2921,0,4,48,52,1.0769230769230769,0.03731317308251277,597,"Hopefully I make it past the scanners...Eh, it'll be fine."
1887,2921,0,4,48,52,1.0769230769230769,0.03731317308251277,597,"Wow! Just a thought - maybe my Brian could fit better in your luggage? You know, the hair thing."
1761,2921,1,2,49,52,1.0769230769230769,0.04632947979911816,597,This is quite a departure for our family packing.
1754,2921,0,4,48,52,1.0769230769230769,0.03731317308251277,597,They seem to like the overhead.
1706,2921,1,2,49,52,1.0769230769230769,0.04632947979911816,597,$25 Right to Life Special. The dog goes free.
1596,2921,0,4,48,52,1.0769230769230769,0.03731317308251277,597,He’s on call 24-7
600,2921,0,4,48,52,1.0769230769230769,0.03731317308251277,597,My flight was cancelled due to pilot shortages
1397,2921,0,4,48,52,1.0769230769230769,0.03731317308251277,597,Do you think they'll let me check my bag?
1274,2921,0,4,48,52,1.0769230769230769,0.03731317308251277,597,Want to see with these before trying for a real single family.
1252,2921,0,4,48,52,1.0769230769230769,0.03731317308251277,597,‘Tis the season for stuffing and cuffing.
1199,2921,1,2,49,52,1.0769230769230769,0.04632947979911816,597,"A cold one? You're speaking my language, man."
994,2921,0,4,48,52,1.0769230769230769,0.03731317308251277,597,Absolutely nothing FUNNY about the Low Budget Discounts; we simply adapt !
970,2921,0,4,48,52,1.0769230769230769,0.03731317308251277,597,"Well it's not first class, but it'll work!"
960,2921,0,4,48,52,1.0769230769230769,0.03731317308251277,597,We save a bundle by checking them through in our luggage.
745,2921,0,4,48,52,1.0769230769230769,0.03731317308251277,597,If they lower the bag weight limit travel will get harder.
1373,2921,0,4,48,52,1.0769230769230769,0.03731317308251277,597,They both need training but I love 'em still.
5,2921,1,2,49,52,1.0769230769230769,0.04632947979911816,597,"Yes my friend, let's take a cup for auld lang syne."
360,2921,1,2,49,52,1.0769230769230769,0.04632947979911816,597,Hoping to get me 'terrorist' through security . . .
2077,2921,0,4,48,52,1.0769230769230769,0.03731317308251277,597,paying for two is better than paying for three.
0,2921,1,2,49,52,1.0769230769230769,0.04632947979911816,597,No thanks. I'm your designated driver.
2830,2921,0,4,48,52,1.0769230769230769,0.03731317308251277,597,"She always charms airport security, and he always charms my mother."
2749,2921,0,4,48,52,1.0769230769230769,0.03731317308251277,597,"I almost got him on the plane for free, until my husband passed gas."
2735,2921,0,4,48,52,1.0769230769230769,0.03731317308251277,597,I hope they serve doggy treats on board
2090,2921,1,2,49,52,1.0769230769230769,0.04632947979911816,597,"Just two women on a trip, (besides him) what a lovely time"
2560,2921,0,4,48,52,1.0769230769230769,0.03731317308251277,597,Its sure nice to be able to leave all your chores at home
2533,2921,0,4,48,52,1.0769230769230769,0.03731317308251277,597,It's all in the deregulatory spirit.
2514,2921,1,2,49,52,1.0769230769230769,0.04632947979911816,597,I can't go out tonight Zoe! Can't you see i'm packed!
2511,2921,0,4,48,52,1.0769230769230769,0.03731317308251277,597,You're so lucky you can bring your bag on the plane. I have to check my emotional baggage every time I fly.
2563,2921,1,2,49,52,1.0769230769230769,0.04632947979911816,597,You'll thank me later.
1965,2956,0,4,49,53,1.0754716981132075,0.03663114503374153,597,"Usually a suitcase contains clothing and toiletries, but this time it has a small dog and a man in it."
1899,2956,0,4,49,53,1.0754716981132075,0.03663114503374153,597,"I always bring Dooney, and Bourke."
1682,2956,0,4,49,53,1.0754716981132075,0.03663114503374153,597,I'm not sure that I can afford to bring my family along on the trip. I'll have to check.
1476,2956,0,4,49,53,1.0754716981132075,0.03663114503374153,597,"Hey, stranger, can you give me a hand? There's a guy coming out of my backpack."
1133,2956,1,2,50,53,1.0754716981132075,0.045470102170741766,597,Dad will take care of little Hillary while we sneak off to the Trump rally.
751,2956,1,2,50,53,1.0754716981132075,0.045470102170741766,597,"Hello, Martin Luther Hospital?"
988,2956,0,4,49,53,1.0754716981132075,0.03663114503374153,597,"Actually, we've never been this far apart."
742,2956,1,2,50,53,1.0754716981132075,0.045470102170741766,597,"If they don’t fit in the overhead or under the seat in front of me, they’ll check him through to Timbuktu!"
738,2956,0,4,49,53,1.0754716981132075,0.03663114503374153,597,Am I being detained?
247,2956,1,2,50,53,1.0754716981132075,0.045470102170741766,597,"""All he had to do was pee on the floor every time someone new came into the room.""h"
21,2956,1,2,50,53,1.0754716981132075,0.045470102170741766,597,"Please, for my own self-respect. You've been buying all night!"
1039,2956,0,4,49,53,1.0754716981132075,0.03663114503374153,597,I am flying baby-class. You can join if you are pregnant.
645,2956,1,2,50,53,1.0754716981132075,0.045470102170741766,597,Didn't take my husband along because a larger suitcase wouldn't have been allowed as carry on luggage.
2844,2956,0,4,49,53,1.0754716981132075,0.03663114503374153,597,They both whine less!
2968,2956,0,4,49,53,1.0754716981132075,0.03663114503374153,597,It's the diminutive mans best friend.
3008,2956,1,2,50,53,1.0754716981132075,0.045470102170741766,597,He can travel anywho with his emotional support animal!
3083,2956,0,4,49,53,1.0754716981132075,0.03663114503374153,597,He enjoys the privacy of the overhead bin to play on his iPad.
2059,2956,1,2,50,53,1.0754716981132075,0.045470102170741766,597,I can wait for a girls only weekend.
2901,2974,0,4,50,54,1.0740740740740742,0.035973550457676445,597,"He’s not afraid of flying, just baggage fees."
2592,2974,1,2,51,54,1.0740740740740742,0.044642002106734975,597,"So, I told him, 'If you can't find a way to deal with all your personal baggage, we're going to have to break up.'"
2504,2974,0,4,50,54,1.0740740740740742,0.035973550457676445,597,Why is the baggage inside my dog?
2166,2974,1,2,51,54,1.0740740740740742,0.044642002106734975,597,With a little luck the bag will be pulled at the entrance ramp and sent to cargo storage. I'll have saved the baggage fee.
2798,2974,0,4,50,54,1.0740740740740742,0.035973550457676445,597,"""I'm here on a service trip""."
1418,2974,1,2,51,54,1.0740740740740742,0.044642002106734975,597,I am sick and tired of getting stuck in the back with another Twitter account from the potus.
1354,2974,0,4,50,54,1.0740740740740742,0.035973550457676445,597,"Actually, I hardly notice the new baggage fees."
1035,2974,0,4,50,54,1.0740740740740742,0.035973550457676445,597,Oh no I used Airtasker to pack my bag
302,2974,0,4,50,54,1.0740740740740742,0.035973550457676445,597,We save on the cost of one ticket and there's no overhead.
1523,2974,0,4,50,54,1.0740740740740742,0.035973550457676445,597,"When he got to the eight maids a milking, I just packed it all up and left."
1053,2974,0,4,50,54,1.0740740740740742,0.035973550457676445,597,"The airline merged with another, so we decided to as well."
2,2985,1,2,52,55,1.0727272727272728,0.04384350386709234,597,"Hey friend, want a beer? My buddy was joining me but just texted that he met someone and couldn’t make it. What’s with the Oy vey look?"
20,2985,0,4,51,55,1.0727272727272728,0.03533910239300183,597,"Okay, we'll call it, 'Death of an ales man.'. Can we go now?"
812,2985,0,4,51,55,1.0727272727272728,0.03533910239300183,597,"No thanks, that stuff goes right through me."
1070,2985,0,4,51,55,1.0727272727272728,0.03533910239300183,597,"After briefly joining in with a march in support of the travel ban, Becky proceeded to departures with John tucked away in the suitcase."
1085,2985,0,4,51,55,1.0727272727272728,0.03533910239300183,597,The last one didn't scan as well in the security X-rays.
1273,2985,0,4,51,55,1.0727272727272728,0.03533910239300183,597,You go ahead and kill that one for me.
1582,2985,0,4,51,55,1.0727272727272728,0.03533910239300183,597,So glad you suggested we check in early. Airport security takes forever.
1635,2985,1,2,52,55,1.0727272727272728,0.04384350386709234,597,"You're supposed to kill them, first."
852,2985,0,4,51,55,1.0727272727272728,0.03533910239300183,597,Cutting Down on Expenses
2221,2994,1,1,47,49,1.0612244897959184,0.045252158828741736,597,Arnie promised he would get me a stroller if I had a girl.
292,2994,0,3,46,49,1.0612244897959184,0.03460372440370034,597,Will they allow two service animals?
67,2994,0,3,46,49,1.0612244897959184,0.03460372440370034,597,We got bed bugs.
952,2994,0,3,46,49,1.0612244897959184,0.03460372440370034,597,"It's been raining ""Katz and dogs"" all week."
1096,2994,0,3,46,49,1.0612244897959184,0.03460372440370034,597,"I was going to take a companion robot but then I rearranged things and guess what, I managing to fit in James and the dog too!"
1316,2994,0,3,46,49,1.0612244897959184,0.03460372440370034,597,It's an expandable underseat spinner with toiletry kit
1343,2994,0,3,46,49,1.0612244897959184,0.03460372440370034,597,Let's see if the TSA's regulations are as flexible as yours.
1443,2994,0,3,46,49,1.0612244897959184,0.03460372440370034,597,I got the idea from when people used to go to drive-in movies
1514,2994,0,3,46,49,1.0612244897959184,0.03460372440370034,597,He didn’t want to pay the extra dollar.
1522,2994,0,3,46,49,1.0612244897959184,0.03460372440370034,597,They equally deserve going on vacation.
1612,2994,0,3,46,49,1.0612244897959184,0.03460372440370034,597,"It's ironic that He tells his friends ""I am always carrying on about something."""
1740,2994,0,3,46,49,1.0612244897959184,0.03460372440370034,597,"I'm so angry, they wouldn't let me through security. Now I have to drive all the way to Alabama."
2155,2994,0,3,46,49,1.0612244897959184,0.03460372440370034,597,Shrinky dinks work pretty good this time.
2238,2994,0,3,46,49,1.0612244897959184,0.03460372440370034,597,I just like a mab who fits into an overhead compartment.
2472,2994,0,3,46,49,1.0612244897959184,0.03460372440370034,597,n
2540,2994,1,1,47,49,1.0612244897959184,0.045252158828741736,597,He's passionate about his new bellhop gig and wanted to immerse himself in the life of luggage.
335,2994,0,3,46,49,1.0612244897959184,0.03460372440370034,597,I'm not going anywhere - I just need some me time.
713,2994,0,3,46,49,1.0612244897959184,0.03460372440370034,597,"Not one Merry Christmas sign anywhere yet, but I did see a huge Happy Hanukkah sign."
505,3012,0,3,47,50,1.06,0.033926691677251195,597,What kind of piece of shit airport architecture is this? Eero Saarinen is a cockfor. Can't we get the guys that did Arlanda to show these dicks a thing or two?
1008,3012,0,3,47,50,1.06,0.033926691677251195,597,We always do carry-on for Jerusalem flights
1126,3012,1,1,48,50,1.06,0.04435478484645721,597,"Year end special at adopt on-line, buy luggage and get the dog AND the kid at no extra charge."
1434,3012,0,3,47,50,1.06,0.033926691677251195,597,This way I always get the window!
2052,3012,0,3,47,50,1.06,0.033926691677251195,597,"Scapegrace, now enter the School Bag. Now I enjoy the holy Christmas .."
2153,3012,0,3,47,50,1.06,0.033926691677251195,597,One perk with a last name of Vulture is that we're allowed more carry-on luggage.
2680,3012,0,3,47,50,1.06,0.033926691677251195,597,I can't wait for a weekend away from the ball and chain.
2987,3012,0,3,47,50,1.06,0.033926691677251195,597,My ex is a Fed Ex exec. It's his weekend.
3078,3012,0,3,47,50,1.06,0.033926691677251195,597,"No, he is very supportive of my bachelorette party."
42,3021,1,1,49,51,1.0588235294117647,0.043492300025134954,597,Do you think the luggage will weigh in over the 50lb limit?
1375,3021,0,3,48,51,1.0588235294117647,0.0332756132323081,597,You take the window and I'll take the aisle.
1765,3021,0,3,48,51,1.0588235294117647,0.0332756132323081,597,At least he didn't leave the dog alone this time.
2086,3021,1,1,49,51,1.0588235294117647,0.043492300025134954,597,Remind me to tell you about my solve for separation anxiety.
615,3021,0,3,48,51,1.0588235294117647,0.0332756132323081,597,Now BOTH of us can snag some good pussy.
92,3026,0,3,49,52,1.0576923076923077,0.032649026447198685,597,"Thanks, but no."
890,3026,1,1,50,52,1.0576923076923077,0.042662709019953504,597,"It will be ok I have done this before on short hauls. I can get this bag into the overhead luggage compartments ok,no one sees or hears anything."
882,3028,1,1,51,53,1.0566037735849056,0.041864165752847474,597,"I arill like my caption for a previous cartoon,that I submitted to late....The guy answering the phone wit a connection hox on his back...""Why ywa, I am a robot,but I have a mind of my own,noAI here"""
510,3028,0,3,50,53,1.0566037735849056,0.03204557643805459,597,The Board wants to see the evidence.
1173,3028,0,3,50,53,1.0566037735849056,0.03204557643805459,597,"When she finds us, you wag your tail and I will wag my tongue"
2389,3031,0,2,43,45,1.0444444444444445,0.031067790907534747,597,Is that a husband or a child you've got in there?
1875,3031,0,2,43,45,1.0444444444444445,0.031067790907534747,597,I wonder if an animal will show up on the x-ray?
1645,3031,0,2,43,45,1.0444444444444445,0.031067790907534747,597,Last call?
1440,3031,0,2,43,45,1.0444444444444445,0.031067790907534747,597,She has a whole house in that thing.
141,3031,0,2,43,45,1.0444444444444445,0.031067790907534747,597,That gait just isn't our turnstile
326,3031,0,2,43,45,1.0444444444444445,0.031067790907534747,597,Just an appetizer before the car window!
851,3031,0,2,43,45,1.0444444444444445,0.031067790907534747,597,I like to think of it as 'Carry on' squared!
1075,3031,0,2,43,45,1.0444444444444445,0.031067790907534747,597,"Just another work-related, dog-and-Tony show."
1122,3031,0,2,43,45,1.0444444444444445,0.031067790907534747,597,"We just figured, might as well save money on all his baggage!"
1473,3031,0,2,43,45,1.0444444444444445,0.031067790907534747,597,I know I'll be hit with a charge for the oversized bag--but it's still cheaper this way
319,3031,0,2,43,45,1.0444444444444445,0.031067790907534747,597,He always travels with his assistance dog.
168,3042,0,2,44,46,1.0434782608695652,0.030400256468700027,597,"- Nice to leave all behind and take off for a while. - I always seem to carry all the bargain with me, however."
1964,3042,0,2,44,46,1.0434782608695652,0.030400256468700027,597,My daughter is going to love the gifts I'm bringing home for her.
1253,3042,0,2,44,46,1.0434782608695652,0.030400256468700027,597,"and, it's cheaper too!"
2092,3042,0,2,44,46,1.0434782608695652,0.030400256468700027,597,"I have mixed feelings because of the lack of benefits, but the overhead costs are nothing compared to those other transportation tech companies."
2094,3042,0,2,44,46,1.0434782608695652,0.030400256468700027,597,Today's walk around the block
2832,3042,0,2,44,46,1.0434782608695652,0.030400256468700027,597,My Man (and his best friend) Cave.
2945,3042,0,2,44,46,1.0434782608695652,0.030400256468700027,597,Tough times in the newspaper comics business. They're trying out for a side gig as a Google Doodle.
3058,3042,0,2,44,46,1.0434782608695652,0.030400256468700027,597,"His name is 'El Chapo.' Oh, and his dog is 'El Crapo.'"
3088,3042,0,2,44,46,1.0434782608695652,0.030400256468700027,597,SOMETHING HE FELL IN LOVE WITH WHILE VISITING AUSTRALIA .
18,3042,0,2,44,46,1.0434782608695652,0.030400256468700027,597,Why not? But you do understand I won't be buying you one in return!
1526,3042,0,2,44,46,1.0434782608695652,0.030400256468700027,597,"I really am going to have to start dating older men, or younger women."
64,3042,0,2,44,46,1.0434782608695652,0.030400256468700027,597,He said he wouldn’t miss a thing.
1459,3054,0,2,45,47,1.0425531914893618,0.029760791752350448,597,It lacks a human element.
1555,3054,0,2,45,47,1.0425531914893618,0.029760791752350448,597,I asked her to take me with her.
1828,3054,0,2,45,47,1.0425531914893618,0.029760791752350448,597,How I got the idea? Overheard a couple of oldsters reminiscing about something called 'drive-ins'.
19,3054,0,2,45,47,1.0425531914893618,0.029760791752350448,597,Last round?
6,3054,0,2,45,47,1.0425531914893618,0.029760791752350448,597,"Once again, you've changed the cartoon before midnight!!!"
1916,3054,1,0,46,47,1.0425531914893618,0.04255319148936171,597,Using a vacuum cleaner?
2675,3054,0,2,45,47,1.0425531914893618,0.029760791752350448,597,"With our taxes going up, we've had to start penny-pinching."
1520,3054,0,2,45,47,1.0425531914893618,0.029760791752350448,597,K-9 cop team--they'll be working the cargo compartment while I check out the passenger cabin.
1050,3054,0,2,45,47,1.0425531914893618,0.029760791752350448,597,He brings a whole new meaning to being dog knotted.
926,3063,0,2,46,48,1.0416666666666667,0.029147663515556005,597,"""The Ex and I trade off every thirteen years.""?"
937,3063,0,2,46,48,1.0416666666666667,0.029147663515556005,597,"No thanks, that stuff goes right through me."
1346,3063,0,2,46,48,1.0416666666666667,0.029147663515556005,597,"Non-GMO, Low in Gluten, Salt Free!"
1709,3063,0,2,46,48,1.0416666666666667,0.029147663515556005,597,"I just want to feel good about my baggage, you know?"
2855,3063,0,2,46,48,1.0416666666666667,0.029147663515556005,597,Do you think she has TSA pre-check?
2530,3063,0,2,46,48,1.0416666666666667,0.029147663515556005,597,I saved a bunch of money this year!
3,3069,1,0,49,50,1.04,0.04000000000000001,597,Quit drinking. Now I’m just high on life:
417,3069,0,2,48,50,1.04,0.02799416848895062,597,There're They're both dogs.
2928,3071,0,2,50,52,1.0384615384615385,0.02692846315438478,597,"I finally got him....Yeah, ME TOO !!"
2354,3072,0,1,41,42,1.0238095238095237,0.024098134635593994,597,"Hey, got any grapes."
2920,3072,0,1,41,42,1.0238095238095237,0.024098134635593994,597,Too much trouble with T.S.A. I left my at home
12,3072,0,1,41,42,1.0238095238095237,0.024098134635593994,597,"Bar cartoon - ""Thanks bud. One beer'll buy you a month!"""
1251,3075,0,1,42,43,1.0232558139534884,0.023531040266750583,597,"I am pretty sure they won,t let me take him on the plane."
249,3075,0,1,42,43,1.0232558139534884,0.023531040266750583,597,"Hey, it's my bag, it's my choice."
649,3075,0,1,42,43,1.0232558139534884,0.023531040266750583,597,The Wall? We're not really that concerned...
1241,3075,0,1,42,43,1.0232558139534884,0.023531040266750583,597,I’m still mad Uber replaced me that self driving car but I really think this could be a great solutuion!
2068,3075,0,1,42,43,1.0232558139534884,0.023531040266750583,597,"We could have used the mail, but this is the more comfortable option for flying"
2181,3080,0,1,43,44,1.0227272727272727,0.022990024493585143,597,They're a handbag family.
2482,3080,0,1,43,44,1.0227272727272727,0.022990024493585143,597,And just think about how far TSA has come since 9/11!
2263,3080,0,1,43,44,1.0227272727272727,0.022990024493585143,597,He says he always has my back!
780,3083,0,0,39,39,1.0,0.025976216673306556,597,"HILLARY is the underground PRESIDENT for all AMERICAN women with PENIS envy.They have all the men going down for sexual harassments, I got a bag of tricks HOW bought you."
489,3083,0,0,39,39,1.0,0.025976216673306556,597,"""Jim's reaction was something like 'dog on', followed by 'OK, carry on'""."
13,3083,0,0,38,38,1.0,0.02666903735313325,597,I think you need this more than me. You look like death warmed over.
22,3083,0,0,38,38,1.0,0.02666903735313325,597,"Happy hour, ladies’ night, cheers, mud in your eye—it all ends up last call to me."
1337,3083,0,0,39,39,1.0,0.025976216673306556,597,I’ll scream if I need to clean up anymore pee and poop from that attention seeking bitch. But let me tell you about my dog....
140,3083,0,0,40,40,1.0,0.025318484177091666,597,"Yeah yeah, you should totally drive home tonight."
1453,3083,0,0,38,38,1.0,0.02666903735313325,597,"My boyfriend just made me lose my wits!"" ""What doggie, she said lose her weight?"
1859,3083,0,0,38,38,1.0,0.02666903735313325,597,"Breathing into the great wide open, but under the scanner very soon."
200,3083,0,0,40,40,1.0,0.025318484177091666,597,"Did you bring protection?"" ""I packed a couple of Mates!"
476,3083,0,0,59,59,1.0,0.017094641498783945,597,At least he won't confuse spoons with airplanes anymore.
2289,3083,0,0,59,59,1.0,0.017094641498783945,597,''do you remember the last time we went for a trip and my son was crying in the luggage missing the dog?''
197,3083,0,0,59,59,1.0,0.017094641498783945,597,Your acting like something is bothering you?
1642,3083,0,0,64,64,1.0,0.015748519708717802,597,"I mean the kids just have so much in the hold, Evan says jumping around the bags is a hoot!"
311,3083,0,0,79,79,1.0,0.012739111916124871,597,"Yes, I love them, but sometimes they can be a real drag."
1651,3083,0,0,86,86,1.0,0.011696106429438607,597,"No, he said he didn't want to come along."
2130,3083,0,0,86,86,1.0,0.011696106429438607,597,We couldn't afford a seat for Rex.
1244,3083,0,0,86,86,1.0,0.011696106429438607,597,"Every time I run them through the xray machine they get a little bit smaller. After a couple of more trips, I'm hoping they will fit in the overhead storage so I can get my legroom back!"
1973,3083,0,0,89,89,1.0,0.011299615367639217,597,I love that they put wheels on these carry on bags.
2878,3083,0,0,94,94,1.0,0.010695340092890231,597,Oh it's easy - Cookies and a Window Seat...
2329,3083,0,0,96,96,1.0,0.010471347707292388,597,"Well, at least he offered to pay for the excess baggage fee."
1646,3083,0,0,146,146,1.0,0.006872892814876451,597,Even with the overweight baggage charge it's much cheaper than coach!
2100,3083,0,0,121,121,1.0,0.008298826628866152,597,The cargo hold is the best babysitter and dog sitter I've ever had.
1873,3083,0,0,40,40,1.0,0.025318484177091666,597,"- On your mark. Get ready. Get set - Bitch, there is no 'Get ready'!"
1605,3083,0,0,109,109,1.0,0.009216687726822183,597,"No, I chopped mine to get it in the suitcase."
1986,3083,0,0,74,74,1.0,0.013605756997417963,597,Alabama was our Christmas this year. Jamaica here we come!
1929,3083,0,0,70,70,1.0,0.014388861576723854,597,Somehow the airline didn't accept the boy as a medical necessity for my service dog
450,3083,0,0,72,72,1.0,0.013986355971611485,597,It's hard for them to remain still during my TSA security check.
1425,3083,0,0,73,73,1.0,0.013793431476706131,597,I am so looking forward to getting away for this relaxing holiday.
1127,3083,0,0,68,68,1.0,0.014815221273648994,597,Do you know of any airlines offering climate controlled baggage compartments?
14,3083,0,0,65,65,1.0,0.015504341823651057,597,"Actually, I am a strong advocate for the Republican healthcare policy."
145,3083,0,0,62,62,1.0,0.016260700012185932,597,It's only for international flights.
2601,3083,0,0,57,57,1.0,0.01769980813511972,597,With all this stormy weather we may have to brace for a ruff ride
1249,3083,0,0,51,51,1.0,0.019802950859533486,597,"What, this? For wheat? Uhhh, well today, yes in a way...”"
1959,3083,0,0,38,38,1.0,0.02666903735313325,597,n
