target_id,rank,funny,somewhat_funny,unfunny,count,score,precision,contest,caption
648,1,1558,1547,1657,4762,1.979210415791684,0.01190440367315304,610,'Bad news. They found the proof in the pudding.'
1918,2,1783,2136,2107,6026,1.9462329903750415,0.01032778245024992,610,"You can keep calling it ""flambé,"" but out here it's felony arson."
6031,3,1876,1885,2284,6045,1.9325062034739453,0.010635161318050687,610,They're asking if you prefer gas or electric...
399,4,1841,2197,2290,6328,1.9290455120101138,0.010118457203646099,610,Beat until stiff meant the eggs.
17,5,1333,1762,1820,4915,1.9009155645981688,0.01133792794334358,610,The good news is they're letting you prepare your last meal.
6563,6,1618,1836,2215,5669,1.8946904215911096,0.010832034236148091,610,"Cooking meth doesn't make you a chef, Steve."
3477,7,1397,1786,2005,5188,1.8828064764841943,0.011125324105842865,610,For heaven's sake give them the recipe!
990,8,1623,2189,2358,6170,1.880875202593193,0.010113860488526239,610,"On the bright side, he'll never give you a bad review again."
6755,9,1551,2209,2287,6047,1.8782867537621961,0.010125582406632121,610,Prepare to serve ten to twenty.
3904,10,1458,1858,2156,5472,1.8724415204678362,0.010851029705627112,610,"On the bright side, your ""Death by Chocolate"" exceeded expectations."
3860,11,1604,2010,2374,5988,1.8714094856379426,0.010401920787043049,610,When you said you were going to grill the witness I had no idea.
2294,12,1731,1871,2546,6148,1.8674365647364997,0.010503048472938033,610,"As White House chef, you must have been expecting this."
4292,13,1467,2142,2355,5964,1.8511066398390341,0.010185894480753887,610,Good news. I found an attorney specializing in torte law.
2180,14,1720,1690,2632,6042,1.849056603773585,0.010745335682771862,610,"As the White House Chef, half the world is hailing you as a hero for at least attempting it."
6320,15,1233,1706,1979,4918,1.8483123220821471,0.011320230756765526,610,No. I told you “poisson.”
7673,16,1380,2402,2313,6095,1.8469237079573422,0.009776583088424409,610,"Evidently, the jury found it hard to swallow, too."
226,17,1474,2018,2412,5904,1.8411246612466126,0.010355010086931021,610,No one cares that the knife came out clean.
3285,18,1370,1956,2322,5648,1.8314447592067988,0.010522660162661556,610,It doesn't look good. The butcher and the candlestick maker both took a plea.
3096,19,1216,1991,2154,5361,1.8250326431635888,0.01056254019317512,610,You didn’t find it suspicious that they were selling oregano by the ounce?
2644,20,1295,2181,2310,5786,1.8245765641202905,0.010118419580996789,610,They're making you out to be some kind of a butcher.
3923,21,1261,1895,2242,5398,1.8182660244535014,0.01068279320611744,610,I guess the Times' restaurant critic has more clout than we realized.
6291,22,724,1211,1316,3251,1.817902183943402,0.013523081310152788,610,"We're rebranding. ""Killer Chef"" is out. ""Serving Thyme"" is in."
7603,23,1140,1702,2027,4869,1.8178270692133909,0.01126047939201099,610,You wouldn't be here if it wasn't for that little tart!
592,24,1401,1633,2434,5468,1.8110826627651793,0.011034505039747424,610,So who's the chef at Mar-a-lago now?
493,25,1153,2122,2214,5489,1.8067043177263618,0.010245220519291017,610,"On the positive side, you're the reason the prison cafeteria now has a Michelin rating."
3561,26,1172,1653,2131,4956,1.8064971751412429,0.011267068431581758,610,For 30 years at home you never cooked. After two weeks in prison you're the chef?
7884,27,1287,1575,2347,5209,1.796506047225955,0.01122515102952553,610,"Everyone else got 12 years, for some reason you got 13."
582,28,1220,1833,2315,5368,1.7960134128166916,0.010721342257311377,610,You and I both know salt is the real killer.
4606,29,593,1130,1238,2961,1.7821681864235055,0.013888083952225601,610,"Honey, just tell them where you stashed the dough."
6735,30,621,1117,1297,3035,1.7772652388797363,0.013854285566837113,610,"When someone orders their steak well done, you have to learn to just let it go."
5609,31,896,1609,1901,4406,1.7719019518837948,0.011502232327654486,610,"Oh honey, 'shank' means something very different on the inside."
759,32,901,1540,1891,4332,1.7714681440443214,0.011694163080955167,610,See if you can join the gang Martha Stewart was in
5574,33,1036,1460,2095,4591,1.7693313003702897,0.011704220104867925,610,Have you decided...gas or electric?
1654,34,1095,1392,2173,4660,1.7686695278969957,0.011791398656485525,610,Next time - just bake the gay wedding cake.
2826,35,952,1472,2011,4435,1.761217587373168,0.011739520520548448,610,I distinctly said poisson!
7784,36,888,1408,1901,4197,1.7586371217536336,0.012020262512639405,610,The good news is you get to prepare your last meal.
4252,37,840,1305,1797,3942,1.7572298325722984,0.01244131025400838,610,"You're looking at 20 years, 15 if you use convection."
7513,38,831,1336,1803,3970,1.7551637279596977,0.012331313499519228,610,I couldn’t raise the dough.
4631,39,913,1111,1901,3925,1.7482802547770702,0.01290579689647892,610,"He said to tell you not to worry. Not only will you be pardoned, but you're going to be the new head of the FDA."
3524,40,821,1239,1874,3934,1.7323335027961362,0.012488571201008039,610,"Let me make this simple, Simon. I've met a pie man."
5896,41,736,1333,1778,3847,1.729139589290356,0.012281696115546435,610,How much thyme?
6605,42,880,1629,2163,4672,1.7253852739726028,0.01110385575942241,610,I've found a good torte lawyer.
604,43,919,1542,2202,4663,1.7248552434055329,0.011284007324441915,610,"They wanted to give you the electric chair, but I told them you'd prefer gas."
871,44,719,1081,1686,3486,1.7226047045324153,0.013262111132726993,610,Don't lecture me about using a cake mix. Do you want the damn file or not?
200,45,690,1100,1664,3454,1.7180081065431383,0.01320393225316355,610,So how's the food?
576,46,645,922,1542,3109,1.7114827918945,0.014126194460117168,610,The good news is they've reduced your sentence to 45 minutes; the bad news is it's at 325 degrees
6607,47,363,724,956,2043,1.7097405775819872,0.01658044608990186,610,Death by Chocolate was clearly stated on the menu. The judge is going to dismiss the charges.
5844,48,504,912,1291,2707,1.7092722571111931,0.014622283733795982,610,"It's show about you and they're calling it ""Baking Bad""."
6233,49,326,559,863,1748,1.69279176201373,0.018312135728057347,610,Seriously....you cooked the books?
6115,50,342,669,951,1962,1.6896024464831805,0.016939084031370365,610,Remember when i said I’d kill for 3 Michelin stars?
7138,51,571,1059,1573,3203,1.6871682797377459,0.013359825600392098,610,You should have let him put ketchup on his steak.
5600,52,513,790,1341,2644,1.686838124054463,0.01510638183648757,610,eHarmony said that you were a responsible professional in a secure environment.
2358,53,624,1067,1688,3379,1.6851139390352174,0.013160583890033006,610,"What do you want me to do with the ah, meat in the garage freezer?"
2249,54,644,1064,1727,3435,1.6847161572052403,0.013117047899307625,610,"Organic, locally-sourced cocaine is still cocaine, dear."
4014,55,607,982,1660,3249,1.6759002770083102,0.01350871508027109,610,I hope that tart was worth it.
7510,56,381,829,1176,2386,1.6668063704945515,0.015068516963627706,610,"They say you'll be out in 20, but will have to cool for another 10."
6798,57,365,800,1131,2296,1.666376306620209,0.015343037217348475,610,The butcher and the candlestick maker? They both have alibis.
1981,58,488,965,1461,2914,1.6660947151681538,0.013832246675881338,610,I told you it was a recipe for disaster.
6185,59,461,641,1256,2358,1.6628498727735368,0.01614646119471836,610,l told you not to take the White House chef job.
6549,60,339,615,1013,1967,1.657346212506355,0.017026242543999672,610,It's about your goose. It's cooked.
675,61,463,965,1461,2889,1.6545517480096918,0.013757897389529232,610,I warned you not to cook the books.
2685,62,401,727,1209,2337,1.6542575952075311,0.01561221538640553,610,Well you are in Cook County Jail.
7488,63,377,859,1236,2472,1.6525080906148868,0.014669672704560023,610,The good news is I've lost twenty pounds
3057,64,274,536,876,1686,1.6429418742586002,0.018142156696456527,610,No Maurice. What you did to that soufflé was criminal.
7865,65,316,700,1069,2085,1.6388489208633092,0.01600501485664926,610,"I want to believe you, dear, but the victim was battered."
3819,66,196,323,609,1128,1.6338652482269505,0.02267782584608205,610,"No, I’m not your attorney. I’m Edith Mandlebaum and I’m here about my grandson’s bar mitzvah."
203,67,365,731,1209,2305,1.6338394793926247,0.015433406082674328,610,"When the judge said you had to serve 8 to 10, he meant years not guests."
770,68,355,762,1211,2328,1.6323024054982818,0.01519786263002726,610,"I know I said I'd wait for you, but I got really hungry."
3412,69,190,364,629,1183,1.6289095519864751,0.021661125902902624,610,"We've renamed it ""Four Guys""."
3120,70,421,713,1354,2488,1.625,0.015176212489695265,610,How’s the food?
3219,71,284,568,967,1819,1.6245189664650908,0.01734200262738329,610,Bad news. Forensics found traces of gluten.
302,72,285,534,954,1773,1.622673434856176,0.017720558358262164,610,I miss your buns.
6451,73,448,603,1357,2408,1.6225083056478404,0.015881320577700545,610,I told you not to accept the White House Chef Position.
7072,74,224,464,778,1466,1.6221009549795362,0.01921114594642211,610,"Well, at least now you know the difference between price fixing and prix fixe."
7788,75,229,436,773,1438,1.6216968011126565,0.0196292675260782,610,"LIMERICK: There once was a chef named Al Dente...Who had trouble paying the rente...So with each order to go, he started skimming some dough...And for embezzlement, to the prison he was sente."
6175,76,359,697,1231,2287,1.6187144731088763,0.01550908177900387,610,So you’re saying the proof is in the pudding?
5115,77,176,306,586,1068,1.6161048689138577,0.02303389121926243,610,"Remember, the first thing you need to do is find the biggest guy in the place, and make him lasagna"
4465,78,192,487,735,1414,1.615983026874116,0.018963180915839078,610,"I agree Jules, gluten should not be a crime, but here we are."
4803,79,364,614,1205,2183,1.6147503435639028,0.01616706980935488,610,"So let me get this straight, they're making you cook your own last meal?"
1583,80,321,650,1136,2107,1.6131941148552444,0.01604074992382017,610,I knew that tart would get you in trouble.
3558,81,277,521,960,1758,1.611490329920364,0.017736141339987386,610,"Nevertheless, the murder-mystery dinner was complete hit."
4632,82,279,616,1033,1928,1.6089211618257262,0.016546003984918786,610,"The judge ruled the evidence inadmissible, but delicious."
6468,83,261,566,963,1790,1.6078212290502794,0.01721197040621308,610,You promised to stop poaching.
705,84,296,549,1033,1878,1.6075612353567625,0.017174703983410748,610,Just give me the recipe and I’ll drop the charges.
3258,85,289,524,1008,1821,1.6051619989017023,0.01748388538368284,610,They've got you on prix fixing.
112,86,259,488,920,1667,1.6034793041391722,0.018170030039140868,610,I...I have a microwave now.
1719,87,283,420,934,1637,1.6023213194868662,0.018914373656402063,610,I believe you when you say the butcher killed the candlestick maker. What I don’t understand is why you three were in the tub together in the first place.
5352,88,254,498,928,1680,1.598809523809524,0.0179771814597655,610,I heard the butcher and the candlestick maker are turning state’s evidence.
1100,89,257,471,920,1648,1.5976941747572815,0.01831302156984481,610,....and where did you stash the dough?
5548,90,226,508,877,1611,1.595903165735568,0.017995404117709175,610,They’ll knock off six months if you tell them where you hid the dough.
6819,91,223,490,861,1574,1.5946632782719188,0.018258463878670715,610,"Maybe you should rethink that ""Death by Chocolate"" recipe."
2259,92,210,493,833,1536,1.5944010416666667,0.018308360229362695,610,You and your half-baked schemes!
225,93,172,261,585,1018,1.5943025540275049,0.02386096472751561,610,I think you need to tell Mueller how you really got the chicken Kiev recipe.
3982,94,234,456,866,1556,1.5938303341902313,0.018669008598893942,610,"While similar, ""poisson"" is actually the French word for fish."
2177,95,235,441,860,1536,1.5930989583333333,0.01888284068941979,610,"On the plus side, THAT guy is not going to criticize your food anymore."
7815,96,261,359,869,1489,1.5916722632639355,0.01994897808222757,610,"What you're calling avant-garde, they're calling cannibalism."
1308,97,241,374,837,1452,1.5895316804407713,0.019888386026362424,610,"Well, look on the bright side. Maybe they'll give you a choice between gas and electric?"
2933,98,208,369,762,1339,1.5862584017923824,0.020334260186869756,610,"The butcher lawyered up, but I think the candlestick maker is talking."
3065,99,189,412,750,1351,1.5847520355292377,0.019675324621306955,610,'Death by chocolate' is just an expression.
7683,100,207,377,769,1353,1.5846267553584628,0.020147844976089763,610,How was I supposed to know the proof was in the pudding?
1474,101,203,340,741,1284,1.5809968847352025,0.020885294897467824,610,How’s the food?
4597,102,178,359,694,1231,1.5808285946385052,0.020810068585596694,610,Where'd you put the dough?
3580,103,200,314,720,1234,1.578606158833063,0.02146254551545106,610,Bad news...the Butcher and Candlestick Maker both turned state's evidence.
4693,104,171,369,690,1230,1.578048780487805,0.02060826791731434,610,Didn't I warn you it was a recipe for disaster?
2210,105,165,375,680,1220,1.5778688524590163,0.020542843145682756,610,"So listen. I talked to Shelly's husband who is a branding guy, and he thinks ""prison-to-table"" really has legs."
1812,106,78,157,307,542,1.5774907749077491,0.03135327468865675,610,"In Wisconsin, margarine Is a crime."
1867,107,166,372,682,1220,1.5770491803278688,0.020578080586311363,610,See you next week at 3:50 for 25-30 minutes.
1426,108,156,368,658,1182,1.5752961082910322,0.02074582860939125,610,Your fingers were in too many pies.
835,109,171,332,670,1173,1.5745950554134698,0.021385373458521918,610,I thought you should know that you left a bun in the oven.
730,110,67,149,277,493,1.5740365111561867,0.03239504217969425,610,"Look at the bright side, our wine collection will be peaking when you get out."
4535,111,155,351,646,1152,1.5737847222222223,0.02112502678633935,610,It's over. I've bought a microwave.
4093,112,150,322,615,1087,1.5722171113155474,0.02189825899541379,610,'The charge is baking and entering.'
2919,113,170,305,653,1128,1.571808510638298,0.022016005662659658,610,Really?! You used LARD! In California?
371,114,180,282,661,1123,1.5716829919857525,0.022448821785598178,610,Gas or electric?
6098,115,93,252,422,767,1.5710560625814862,0.025226242485781997,610,This sounds like yet another one of your half baked ideas.
5980,116,150,330,624,1104,1.5706521739130435,0.021644691198471573,610,Maybe now you'll remember the difference between 'poison' and 'poisson'.
6593,117,161,291,626,1078,1.5686456400742115,0.022474355029307964,610,"I know, you kneaded the dough."
7631,118,151,297,608,1056,1.5672348484848484,0.022444546169029883,610,I was a little confused when you told me you were in the Cook County Jail.
1747,119,135,322,588,1045,1.5665071770334928,0.021970678848541945,610,The judge wants to know how long to put you in for.
4106,119,168,256,621,1045,1.5665071770334928,0.023306797223586178,610,"Well, Don't cry to me. You're the one who wanted to be the White House chef."
3088,121,159,261,605,1025,1.5648780487804879,0.023302417835451953,610,Apparently you mentioned your Cherry Bombe to someone in line at the airport ticket counter.
2165,122,154,269,599,1022,1.5645792563600782,0.02315047617590371,610,"When you say you'll be out in a dozen months, is that 12 or 13?"
3165,123,148,272,588,1008,1.5634920634920635,0.023148833063867,610,The butcher and the candlestick maker are taking a plea bargain.
1971,124,145,245,566,956,1.5596234309623431,0.023993723586263935,610,'Dessert to die for' was supposed to be a metaphor.
1160,125,139,253,558,950,1.5589473684210526,0.02383550907445355,610,Of course I don't believe adding cilantro is criminal...but that's not how the jury felt.
3036,126,127,265,539,931,1.5574650912996777,0.02363528168993919,610,"I gotta be honest, it's not looking good. The Butcher and the Candlestick Maker have already rolled over."
43,127,115,283,524,922,1.5563991323210413,0.023213049012021664,610,The butcher is standing strong but the candlestick maker is turning state witness.
6690,128,113,265,509,887,1.5535512965050733,0.02380137168200404,610,"Honey, I can't find a torte lawyer."
6553,129,106,280,503,889,1.5534308211473566,0.02338512604241931,610,...but the detective said the proof is in the pudding.
3759,130,114,259,508,881,1.5527809307604994,0.023979418143043947,610,The appeal failed. You're going to fry.
153,131,121,236,510,867,1.5513264129181084,0.024656743110986704,610,The lawyers are saying there was no proof in the pudding.
3345,131,122,234,511,867,1.5513264129181084,0.024710700678874445,610,The Feds flipped the butcher and the candlestick maker. It's not looking good!
6936,133,106,258,490,854,1.550351288056206,0.024106745503957104,610,"So, when you said ""capers,"" you weren't talking condiments?"
1266,134,111,235,487,833,1.5486194477791115,0.024858802030425228,610,It was me. I spilled the beans.
7817,135,93,216,425,734,1.547683923705722,0.02614713948212034,610,I think you are getting your just desserts.
1680,136,105,244,480,829,1.5476477683956573,0.024599373049465023,610,"On the bright side, thanks to your incarceration, the prison just got its first Michelin star."
1076,137,102,247,475,824,1.5473300970873787,0.024532882128296192,610,"Even served cold, revenge gets you 10 to life."
2887,137,112,227,485,824,1.5473300970873787,0.02512676299960349,610,Just give them the recipe and end this madness.
6686,139,118,204,485,807,1.5452292441140025,0.025893354855723905,610,You should have just let him have ketchup on his steak.
7507,140,115,206,479,800,1.545,0.02588786350485605,610,They know about the gluten.
6774,141,88,261,453,802,1.5448877805486285,0.024157113150496803,610,I do think it will hurt your chances for a third star.
2697,142,112,210,475,797,1.5445420326223338,0.025781015366554066,610,"So - long story short - you're being held by the Central Intelligence Agency, not the Culinary Institute of America."
5965,142,121,192,484,797,1.5445420326223338,0.02632552910624996,610,"They wouldn't have gotten suspicious if you hadn't capitalized the C in "" roast Chuck ""."
1348,144,97,234,457,788,1.5431472081218274,0.025062341884333168,610,The good news is that baking and entering isn’t a serious offense.
5723,145,107,209,463,779,1.5430038510911426,0.025924099143372934,610,I'm calling to cancel my reservation.
6439,146,109,204,465,778,1.5424164524421593,0.02607795708399461,610,"Asking for ketchup with his Beef Wellington! Of course, you should have shot him."
1499,147,110,195,462,767,1.5410691003911343,0.026431475550985708,610,So where did you hide the dough?
1903,147,94,227,446,767,1.5410691003911343,0.02538024535491234,610,The judge says you're gonna fry.
5985,147,108,199,460,767,1.5410691003911343,0.026302369553169624,610,"Don’t be upset, Paul, but I need your wedding cake recipe."
1751,150,96,216,444,756,1.5396825396825398,0.02579577330778217,610,"Couldn’t resist cooking the books, could you?"
5853,150,109,190,457,756,1.5396825396825398,0.026664088616101755,610,Poisson! Two “S”’s. Autocorrect is not a defense.
6841,150,107,194,455,756,1.5396825396825398,0.02653235134132491,610,Hate to be the one to tell you but the butcher and candlestick maker have accepted plea agreements.
5211,153,93,216,438,747,1.538152610441767,0.025825262541253943,610,They said you're going to fry
4708,154,100,198,442,740,1.537837837837838,0.026496829240644736,610,So... there are two S's in poisson...
7250,155,99,201,442,742,1.5377358490566038,0.026373788947181006,610,Couldn't you see that it was a recipe for disaster?
5767,156,105,175,436,716,1.5377094972067038,0.027529363425942338,610,No. I dont remember the recipe for your tunnel cake.
1842,157,103,184,440,727,1.5364511691884457,0.02707065469359075,610,"Reportedly, the butcher and candlestick maker have already flipped."
3509,158,97,191,431,719,1.5354659248956886,0.026874342940606973,610,So that's why they call it the Cook County Jail.
3012,159,96,194,431,721,1.535367545076283,0.02674587057278935,610,The proof was in the pudding.
5184,160,91,200,423,714,1.535014005602241,0.026578523746411675,610,"Unfortunately, the judge agrees that your chocolate mousse soufflé was to die for."
3779,161,88,200,417,705,1.5333333333333334,0.026610999278745016,610,....and where did you stash the dough?
2351,162,83,204,408,695,1.5323741007194245,0.02651194169698912,610,I've started seeing other menus.
7855,162,89,192,414,695,1.5323741007194245,0.026977069607457133,610,"Sorry, dear, but I think your goose is cooked."
7295,164,74,220,398,692,1.5317919075144508,0.02588134192046941,610,"Turns out, we had too many crooks in the kitchen"
427,165,84,195,405,684,1.530701754385965,0.026912129596562435,610,"They said they're gonna leave you in for 25 to 30, or until you appear done."
5013,165,95,173,416,684,1.530701754385965,0.027773271013771406,610,"Truth be told, darling, I think you finally got your just deserts."
4470,167,84,191,402,677,1.5302806499261448,0.027121158718193525,610,"What do you mean, you were cooking the books?"
4096,168,93,169,409,671,1.5290611028315946,0.028028601168674398,610,"No Steve, I don't want to know what a ""tossed salad"" means in prison."
7166,168,100,155,416,671,1.5290611028315946,0.028578722004545486,610,It’s not looking good. The butcher and candlestick maker talked.
3737,170,96,161,411,668,1.528443113772455,0.028364096098686824,610,Your kale pasta is being treated as a hate crime.
6059,170,87,179,402,668,1.528443113772455,0.027642774558643567,610,"Fred, will you be home for the Hollandaise?"
5803,172,75,200,388,663,1.5279034690799396,0.02679974242066065,610,"I tried to warn you, it was a recipe for disaster."
2772,173,82,179,390,651,1.5268817204301075,0.027768202512242234,610,It was the sous-chef who reported you for a salt-and-battering.
5877,173,88,167,396,651,1.5268817204301075,0.028274225167050172,610,They've definitely got you on salt and battering.
5903,175,79,184,387,650,1.5261538461538462,0.027544414320498763,610,"But darling, revenge is better served cold."
6230,175,80,182,388,650,1.5261538461538462,0.027630341690783912,610,They will hear your case at the food court
6380,175,72,198,380,650,1.5261538461538462,0.026935248438209693,610,"This isn't even the worst of it, you should see what they're saying on Yelp!"
6853,175,71,200,379,650,1.5261538461538462,0.026847096430301424,610,I’m guessing you believe expiration dates now?
7095,175,82,178,390,650,1.5261538461538462,0.027801399700911104,610,They said you were cooking the books.
3730,180,87,164,392,643,1.525660964230171,0.028458529887525143,610,Sooo - how's the food?
1872,181,87,161,390,638,1.525078369905956,0.028629017458583005,610,The Free Range chickens were wearing a wire.
1263,182,82,173,387,642,1.5249221183800623,0.028063628434166068,610,Michelin wants its star back.
4133,182,84,169,389,642,1.5249221183800623,0.02823627553095056,610,They said you're gonna fry.
1567,184,70,192,371,633,1.5244865718799367,0.02728684491239165,610,Tommy spilled the beans.
569,185,74,181,374,629,1.523052464228935,0.027783360664988245,610,You shouldn't have smothered the onions
5641,186,74,170,366,610,1.521311475409836,0.028428135761069524,610,I’m having trouble raising the dough.
1748,187,76,167,369,612,1.5212418300653594,0.028546765769306964,610,I'd say your goose is cooked.
2851,188,63,194,357,614,1.521172638436482,0.027237204840325862,610,People take organic very seriously.
3350,189,95,126,386,607,1.5205930807248764,0.030469124989585622,610,"Nice try, but Trump recovered."
7773,190,63,191,355,609,1.5205254515599342,0.02740039550120338,610,"When You said You where making killer brownies , I had no idea !"
3785,191,77,160,367,604,1.5198675496688743,0.02892697295473555,610,Table Nine is still unhappy and say they’ll wait.
5057,191,75,164,365,604,1.5198675496688743,0.02873651248503877,610,It all seems to be a misunderstanding about the spelling of 'poisson.'
6855,191,85,144,375,604,1.5198675496688743,0.029676593847826498,610,The butcher and the candlestick maker are blaming it all on you.
2519,194,75,161,363,599,1.5191986644407345,0.028917156887652735,610,Remember when you said MY cooking was criminal?
7572,195,78,156,367,601,1.519134775374376,0.029131919723290933,610,I warned you being White House Chef was risky.
5058,196,79,151,366,596,1.5184563758389262,0.029413311836016406,610,"Why not just say ""I am not a cook!"""
2008,197,29,70,148,247,1.5182186234817814,0.04437854053314596,610,"Yes, I’ll check to see if you left the oven on."
858,198,79,148,364,591,1.517766497461929,0.029602675016137853,610,"Well, the girls are both pregnant and Buddy got picked up for dealing weed but the worst...I hate to tell you...your sourdough starter died."
2516,199,55,194,339,588,1.5170068027210883,0.027278162028775088,610,"I'm sorry, John, I just can't go on like this. I've . . . I've started to go to other restaurants."
2350,200,69,163,351,583,1.516295025728988,0.028910371082706825,610,"If it contains a file, who cares if it's moist?"
1815,201,70,155,348,573,1.5148342059336823,0.02939090423690398,610,The difference between baking bread and breaking bad is about 20 years.
3727,202,62,165,336,563,1.5133214920071048,0.028921024064179082,610,"Danny, please. Cooking meth doesn't make you a chef!"
2859,203,67,156,342,565,1.5132743362831858,0.029384704782558006,610,I've been telling the kids you're doing thyme.
7211,204,62,163,335,560,1.5125,0.029035550396250224,610,"Well, it did help Martha Stewart’s career."
212,205,58,168,329,555,1.5117117117117118,0.02878000223335587,610,Serving 10 to 12?
339,206,64,157,336,557,1.511669658886894,0.02937191228304157,610,"Yes, cooking the books is a crime!"
1015,206,71,143,343,557,1.511669658886894,0.030131635137131352,610,"Unfortunately, it looks like the butcher and the candlestick-maker have air-tight alibis."
1626,206,76,133,348,557,1.511669658886894,0.030662771929102432,610,I heard you're going to fry.
2556,206,57,171,329,557,1.511669658886894,0.02859200983296151,610,The feds didn’t believe it was four pounds of oregano.
5984,206,69,147,341,557,1.511669658886894,0.029916540199388556,610,Tell me where you hid the dough.
7694,211,72,142,346,560,1.5107142857142857,0.030116888005843355,610,"I warned you, dear. The President gets TWO scoops of ice cream."
4895,212,67,144,334,545,1.510091743119266,0.030188431399400785,610,"It's Air Force One, you don't 'try something new.'"
7704,212,85,108,352,545,1.510091743119266,0.03213667853142245,610,I told you not to take that job at the White House.
2037,214,50,173,314,537,1.5083798882681565,0.028525633823094764,610,"When the restaurant critic said your foie gras was to die for, he was being ironic."
7461,214,69,135,333,537,1.5083798882681565,0.030752776166881147,610,You wouldn't believe what I had to go through to get seated.
6353,216,69,132,331,532,1.5075187969924813,0.03097115977974387,610,"Well, it's just that I thought you meant something different when you said that you were a 'killer' chef..."
7924,216,71,128,333,532,1.5075187969924813,0.031198917146597886,610,They say it'll be gas or electric.
7375,218,65,134,323,522,1.5057471264367817,0.030948198814300974,610,I have a bun in the oven and it isn’t yours.
5029,218,64,136,322,522,1.5057471264367817,0.03082915894539392,610,Your parole has been denied. The warden loves your bouillabaisse
1458,218,64,136,322,522,1.5057471264367817,0.03082915894539392,610,"You are not home; so yes, I put the knives in the dishwasher."
6782,221,69,124,326,519,1.5048169556840076,0.031557777822754804,610,They say the proof was in the pudding
121,222,57,115,282,454,1.5044052863436124,0.033258699505534076,610,"Yes, apparently, I shouldn't have used the words 'to die for' when describing your bisque to the detectives. I see that now."
7147,223,51,151,302,504,1.501984126984127,0.02998929615610369,610,The butcher and the candlestick maker made bail.
3640,224,60,132,312,504,1.5,0.031150734607564724,610,Please just give the Judge's wife the recipe.
1902,224,55,137,302,494,1.5,0.030963960755596064,610,This is what you get for cooking the books.
1211,224,56,130,298,484,1.5,0.03157051847869848,610,Just tell me where you hid the dough
7941,227,53,139,299,491,1.4989816700610998,0.030834810372633775,610,"Non monsieur, poisson! Poisson! Non poison."
4021,228,55,132,299,486,1.4979423868312758,0.031338958817556335,610,They say you'll fry for this
7601,229,63,115,306,484,1.4979338842975207,0.03250501823586752,610,I'm afraid I ate your alibi.
6086,230,51,137,293,481,1.496881496881497,0.031025812069566637,610,"""Baking chicken with herbs for the warden does not count as 'thyme served' ""."
7491,230,61,117,303,481,1.496881496881497,0.03239175977314529,610,"They said you’re looking at 15 to 20, or until golden brown."
3140,232,61,114,301,476,1.495798319327731,0.03264755546222111,610,You're toast.
516,233,56,122,294,472,1.4957627118644068,0.032164326647198406,610,...the judge has granted a change of menu.
4445,234,51,131,289,471,1.494692144373673,0.03150590408103509,610,We’re making do. Ordering in most nights.
6200,234,55,123,293,471,1.494692144373673,0.032074297863893764,610,I miss your buns.
7189,236,62,107,298,467,1.4946466809421841,0.03325980339659435,610,A salt and buttery charge again?
620,237,69,92,305,466,1.4935622317596566,0.03426951666516838,610,So what's it like being the White House chef?
6306,237,48,134,284,466,1.4935622317596566,0.03131412607929255,610,"Yes, I know you're trying for a reduction."
6791,237,54,122,290,466,1.4935622317596566,0.03218622599249041,610,Quit saying 'I am not a cook.' No one believes you.
874,240,69,90,303,462,1.4935064935064934,0.03449855016208248,610,I told you not to take that White House job!
1576,241,58,111,292,461,1.492407809110629,0.033020719999959106,610,Have you thought about what you'd like for your last meal?
5568,241,55,117,289,461,1.492407809110629,0.03258947790660163,610,How much thyme are you serving?
7248,241,49,129,283,461,1.492407809110629,0.031709404157808284,610,I’m sorry. They said you were serving thyme.
7756,244,65,95,297,457,1.4923413566739605,0.034233628439262816,610,Bad news... I couldn't raise the dough.
1270,245,60,102,290,452,1.491150442477876,0.0338055090367153,610,Electric or gas?
293,246,52,117,282,451,1.4900221729490022,0.03267683898048349,610,You're not allowed to kill people for putting ketchup on your steaks.
2883,247,50,119,278,447,1.4899328859060403,0.032586975710828955,610,How'd they pick you out of the lineup?!
2395,247,49,121,277,447,1.4899328859060403,0.03243268388356875,610,Did you know it was Stollen?
3563,247,47,125,275,447,1.4899328859060403,0.03212187696443325,610,"I said, ""make a confection,"" not confession!"
6445,250,53,112,280,445,1.489887640449438,0.03315605971599138,610,Tell me where you hid the dough.
1108,250,53,112,280,445,1.489887640449438,0.03315605971599138,610,They found the dough.
6326,252,40,135,265,440,1.4886363636363635,0.03135835382177758,610,Your appeal has been put on the back burner.
7182,253,54,103,277,434,1.4861751152073732,0.03393570877197409,610,How much thyme did you get?
1797,254,47,116,269,432,1.4861111111111112,0.03293104979003614,610,Well done.
244,255,51,107,272,430,1.486046511627907,0.033693206639192244,610,Don't you remember revenge is a dish best served cold?
328,255,45,119,266,430,1.486046511627907,0.03271362018776557,610,Spare me another one of your half-baked alibis.
5431,255,63,83,284,430,1.486046511627907,0.035571542408435984,610,Really? Now you start cooking?
6698,255,59,91,280,430,1.486046511627907,0.03495664663675864,610,Don't worry. I hid the dough.
7625,255,55,99,276,430,1.486046511627907,0.03433073927050303,610,I'd like our marriage over easy.
1753,260,56,96,277,429,1.4848484848484849,0.03454790432331438,610,"I don't care if he asked for ketchup, he's the President of the United States!"
7381,260,51,106,272,429,1.4848484848484849,0.03375048180171333,610,Warden Jones likes you because nobody can fit through the vent ducts anymore.
2458,262,53,100,272,425,1.484705882352941,0.03431189678547617,610,I'm tired of your half-baked excuses.
7641,262,41,124,260,425,1.484705882352941,0.032312859845665586,610,"When you said you made killer napoleons, I did not take that literally."
5036,264,50,105,269,424,1.4834905660377358,0.0338811891293386,610,"You may call it ""foie gras"" but I call it ""your goose is cooked""."
4608,264,54,97,273,424,1.4834905660377358,0.034533172448293084,610,They want to know where you hid the dough.
4237,264,57,91,276,424,1.4834905660377358,0.035014193782489135,610,"So, we try to pin it on the candlestick maker."
2525,264,43,119,262,424,1.4834905660377358,0.03270896188200297,610,I thought you were being facetious when you said you'd kill for that recipe.
1659,264,51,103,270,424,1.4834905660377358,0.03404535551950363,610,I had to sell all the saffron to pay your lawyer.
7,269,44,115,261,420,1.4833333333333334,0.03310668484963079,610,"I couldn't find a file, so I brought a zester."
5841,269,47,109,264,420,1.4833333333333334,0.03361766448209776,610,It's not looking good. The lobsters have obtained counsel.
7797,271,45,112,262,419,1.4821002386634845,0.0333344920501977,610,"Michelin took away all three stars. They called the murders ""erratic and uninspired."""
359,272,43,114,258,415,1.4819277108433735,0.03322090852687419,610,I told you that food critic was tough.
2169,272,53,94,268,415,1.4819277108433735,0.034929019782624096,610,"For God's sake, your boss is a clown and it's just a hamburger. Tell them the formula for the secret sauce."
2858,272,42,116,257,415,1.4819277108433735,0.03304524167544462,610,They say you’ll be out in 12 to 14 minutes.
3026,272,49,102,264,415,1.4819277108433735,0.0342559974183404,610,"Dear, I told you: in Italy you can't put pineapple on pizza."
5519,272,41,118,256,415,1.4819277108433735,0.032868635983656844,610,Your case is on the back burner.
5766,272,58,84,273,415,1.4819277108433735,0.035752485966530315,610,They're transferring you to Leavenworth.
409,278,54,91,268,413,1.4818401937046004,0.03522367612046593,610,You're a bread man walking.
1943,278,50,99,264,413,1.4818401937046004,0.034549843410792654,610,Great news! They'll let you cook your own last meal!
2945,280,49,98,261,408,1.4803921568627452,0.034691041084061076,610,"Hi, I know you're tied up at the moment but I was wondering if I could change my April 10th reservations to April 14?"
2850,280,49,98,261,408,1.4803921568627452,0.034691041084061076,610,Just tell me. Where did you hide the dough
356,280,38,120,250,408,1.4803921568627452,0.03272587515854908,610,I told you it was a recipe for disaster.
2466,280,55,86,267,408,1.4803921568627452,0.035717406255817964,610,It turns out Cajun/Polish fusion IS a crime.
2543,280,42,112,254,408,1.4803921568627452,0.03345384019298373,610,It's harder than you'd think to find a culinary lawyer.
873,285,39,118,252,409,1.4792176039119804,0.032849819383050496,610,So I guess it is a crime to serve a red wine with fish...
1238,286,46,102,257,405,1.4790123456790123,0.03435112851394179,610,You should have thought of that before you cooked the books.
1491,286,47,100,258,405,1.4790123456790123,0.03452858923773201,610,"Sorry, but the sign clearly stated: EMPLOYEES MUST WASH HANDS BEFORE RETURNING TO WORK."
6418,286,48,98,259,405,1.4790123456790123,0.03470514254854318,610,I said use Granny Smith apples in the pie. Apples!
5541,289,46,101,256,403,1.478908188585608,0.034477008586887514,610,The lawyer said your the first chef to be convicted of prix fixing.
5215,290,48,96,258,402,1.4776119402985075,0.03489581018416276,610,Your lawyer says she can get the charges reduced to salt and buttery.
7701,290,43,106,253,402,1.4776119402985075,0.03399534671991527,610,Last week laundry detail and now this. You are going to be the perfect husband when you get out!
1958,292,39,113,248,400,1.4775,0.03337692951064998,610,"I know you're getting out in twenty, but I'll come back and check on you in fifteen."
2260,293,38,114,246,398,1.4773869346733668,0.03330809627471288,610,you should not have told that customs officer that making a bombe was your speciality.
2375,293,47,96,255,398,1.4773869346733668,0.034976406362188836,610,They want you to simplify your last meal.
7049,293,40,110,248,398,1.4773869346733668,0.03368597292336764,610,They say they can get your sentence reduced for thyme served...
4679,296,40,108,246,394,1.4771573604060915,0.0339331740785056,610,Don't worry. We just need one person on the jury to agree there were too many of you in that kitchen.
5496,297,36,115,242,393,1.4758269720101782,0.03322088151053215,610,"Yes, it's great you are learning a new skill, but your prison sentence was up 3 months ago."
3908,297,38,111,244,393,1.4758269720101782,0.03360939679083548,610,"Yes, I’m SURE you turned off the oven."
4307,297,42,103,248,393,1.4758269720101782,0.034373255901322945,610,"Did your soufflé really fall, or did you push it?"
3379,300,42,102,247,391,1.4757033248081841,0.03450170680153398,610,Turns out three of the five herbs in your special sauce are illegal.
6197,300,41,104,246,391,1.4757033248081841,0.0343111083773227,610,How could you? Me with three kids and another in the oven?
4009,302,38,109,242,389,1.4755784061696657,0.03385750675863447,610,I'm afraid it's worse than you realize. One of the diners who survived was the food critic.
6900,303,43,100,249,392,1.4744897959183674,0.034623919728492616,610,Poaching?
3340,304,39,107,244,390,1.4743589743589745,0.03398708880077649,610,Look on the bright side. In France you would have gotten life.
5270,305,36,112,240,388,1.4742268041237114,0.03352282390695395,610,"Honey, for the sake of the kids, tell them where you hid the dough!"
481,306,36,111,239,386,1.4740932642487046,0.03364664891177587,610,"So he sent the steak back three times, so what?"
1949,307,46,89,248,383,1.4725848563968669,0.03579527620951884,610,The police found evidence of croutons in your gluten-free salad. I'm afraid you're toast.
1973,307,45,91,247,383,1.4725848563968669,0.03560381748573339,610,I've started seeing the candlestick maker.
5826,309,36,108,237,381,1.4724409448818898,0.033958832524169806,610,I know it was you. In the kitchen. With the candlestick.
7493,310,39,101,239,379,1.4722955145118735,0.03469585198604562,610,Relax...you'll be out in 20-25 minutes.
4069,310,46,87,246,379,1.4722955145118735,0.036076657244065134,610,The prosecutor says the proof was in the pudding.
5426,310,37,105,237,379,1.4722955145118735,0.03429112527738827,610,They said you'd be out in 25-30. Or 15-20 at 450º.
7232,313,40,96,238,374,1.4705882352941178,0.0352333732929294,610,They say the proof was in the pudding
7463,313,38,100,236,374,1.4705882352941178,0.03482408892651722,610,"Your alibi was thin and tasteless, while your statement to the court was stale and lukewarm."
1743,315,39,96,236,371,1.4690026954177897,0.03523211659489093,610,The butcher and the candlestick maker have already pleaded guilty.
1802,315,43,88,240,371,1.4690026954177897,0.03604970656355348,610,It’s all over. The butcher and the candlestick maker cut a deal with the DA.
4583,317,39,95,235,369,1.4688346883468835,0.03537112389160357,610,The only thing you'll be serving now is life.
4959,317,34,105,230,369,1.4688346883468835,0.03431434633774823,610,"When they told me I could find you in the cooler, I didn't think it would be here."
1121,319,35,101,229,365,1.4684931506849315,0.034798799254738014,610,Your lawyer said you're done.
5806,320,37,97,232,366,1.4672131147540983,0.03515565437112378,610,I warned you. No one likes cilantro.
782,321,33,104,227,364,1.467032967032967,0.03442690408201504,610,I'll leave the oven light on for you.
7001,321,30,110,224,364,1.467032967032967,0.0337609624915232,610,Will do... but is it O.K. if I use a mix?
7720,323,43,83,236,362,1.4668508287292819,0.03670916591395756,610,I'm renaming the shop Just Desserts.
3418,323,46,77,239,362,1.4668508287292819,0.03732928932752131,610,I told you the Trump-Putin wedding cake was a bad idea.
1179,325,36,95,228,359,1.4651810584958218,0.035428137366407784,610,"I understand, 5 to 7 years, but at what temperature?"
1358,325,33,101,225,359,1.4651810584958218,0.034763030692760113,610,The D.A. says you're gonna fry for this...
7675,325,39,89,231,359,1.4651810584958218,0.03608098573432186,610,Attica just got 3 stars...
1014,328,39,88,230,357,1.464985994397759,0.03622888437195037,610,"I told you ""cooking the books"" was risky. But nooooooo...."
2609,328,37,92,228,357,1.464985994397759,0.03579188175233961,610,I set the timer on the stove for 5 years.
3299,328,44,78,235,357,1.464985994397759,0.037298997593673625,610,I warned you not to take the job as White House executive chef.
3636,328,32,102,223,357,1.464985994397759,0.034675288617641534,610,The jury didn't swallow it.
1769,332,40,85,230,355,1.4647887323943662,0.036596450975997515,610,"Red wine with fish, what did you expect: a slap on the wrist!"
2132,333,34,95,223,352,1.4630681818181819,0.035478730797423134,610,How long do you want me to set the timer for?
7438,333,36,91,225,352,1.4630681818181819,0.03593209389071354,610,Don't worry. I ate the evidence.
7615,333,39,85,228,352,1.4630681818181819,0.03660161089260419,610,"They want to fry you, but your lawyer can plea down to poaching."
5739,336,40,82,228,350,1.4628571428571429,0.03697718016707068,610,I'm taking you to food court!
3394,336,41,80,229,350,1.4628571428571429,0.037197918820953635,610,I hear the butcher and the candlestick maker are still at large.
2136,336,40,82,228,350,1.4628571428571429,0.03697718016707068,610,Where did you hide the dough.
1294,336,33,96,221,350,1.4628571428571429,0.035393483476372396,610,It's a work-farm-to-table concept.
886,336,38,86,226,350,1.4628571428571429,0.036531701713765026,610,I guess it really was a killer dessert.
1196,341,38,85,226,349,1.4613180515759312,0.03660399881765245,610,Well done.
1210,342,36,88,223,347,1.4610951008645534,0.03630232735943906,610,I warned you about poaching.
2071,342,35,90,222,347,1.4610951008645534,0.036072162559369035,610,when the judge said you were going to serve 10 to 20 he didn't mean dinner.
1635,344,39,81,225,345,1.4608695652173913,0.037141924753644855,610,The butcher and the candlestick maker set me up
2026,344,29,101,215,345,1.4608695652173913,0.034799456654351794,610,They keep asking me where you hid the dough.
3384,344,40,79,226,345,1.4608695652173913,0.03736809619852404,610,You told the teller you knead lots of dough?
514,347,38,80,222,340,1.4588235294117646,0.03730737785720067,610,We're having trouble raising the dough
7916,348,41,73,224,338,1.4585798816568047,0.03816596290295158,610,You're too old for capers.
6533,348,38,79,221,338,1.4585798816568047,0.03746953044247661,610,Yes—your goose is cooked.
5966,348,38,79,221,338,1.4585798816568047,0.03746953044247661,610,"They just flipped the Butcher. And, the Candlestick Maker says he'll sing for a deal."""
5729,348,30,95,213,338,1.4585798816568047,0.0355457312622331,610,"I'm leaving, Gerard. You're sweet, but too unsavory."
5586,348,30,95,213,338,1.4585798816568047,0.0355457312622331,610,I hope you learned your lesson about cooking the books.
4854,348,42,71,225,338,1.4585798816568047,0.038395299997344395,610,Bad news...the butcher and the candelstick maker copped a plea and are singing like canaries.
5130,348,43,69,226,338,1.4585798816568047,0.03862327535907167,610,"Chef Boyardee in the can, I presume?"
4771,348,37,81,220,338,1.4585798816568047,0.03723449172478501,610,They're asking me how the dough doubled overnight.
4284,348,37,81,220,338,1.4585798816568047,0.03723449172478501,610,"Unfortunately, the Butcher and the Candlestick Maker have turned state's evidence against you."
2951,348,30,95,213,338,1.4585798816568047,0.0355457312622331,610,They're saying you cooked the books.
5438,348,35,85,218,338,1.4585798816568047,0.03675990613222355,610,I have a bun in the oven. It's yours.
163,359,36,82,218,336,1.4583333333333333,0.03715837838366057,610,Where did you put the spatula?
249,360,35,83,217,335,1.4567164179104477,0.036993354128909,610,Tell me the secret ingredient or you can forget about the alibi.
7047,360,36,81,218,335,1.4567164179104477,0.03723416372192792,610,"You just had to go and whisk it all, didn't you?"
1653,362,35,82,216,333,1.4564564564564564,0.037154600893399954,610,Just tell the police where you hid the dough.
1119,362,36,80,217,333,1.4564564564564564,0.037397255876387495,610,"Bad news honey, your appeal was denied. They still can't believe it's not butter."
2256,362,35,82,216,333,1.4564564564564564,0.037154600893399954,610,"Well, dear, it was almost a perfect recipe for murder."
6408,365,38,75,218,331,1.4561933534743203,0.03804655156895662,610,I told you “put herbs aside” not “herbicide”.
2082,366,30,90,209,329,1.4559270516717324,0.03622542884217988,610,You're being transferred from medium security to well-done.
6349,367,29,92,209,330,1.4545454545454546,0.03588615315145122,610,"I’m only asking as your lawyer, did you beat the eggs?"
7088,368,43,63,222,328,1.454268292682927,0.03949620555835593,610,The butcher’s dead. The candlestick-maker’s still on the lam.
5014,368,30,89,209,328,1.454268292682927,0.03629792793700987,610,"Ok...so we re-name it ""Prison Chef"" and drop the location shooting."
4805,368,40,69,219,328,1.454268292682927,0.03878155911159536,610,They just arrested the Butcher and the Candlestick Maker.
6039,368,35,79,214,328,1.454268292682927,0.03756027755253232,610,At least they’re letting you cook your own last meal.
2815,368,38,73,217,328,1.454268292682927,0.038297720248142764,610,"Just tell them where you hid the dough, Harold."
2594,368,37,75,216,328,1.454268292682927,0.03805349393609507,610,"Cooked the books again, didn't you?"
3530,368,26,97,205,328,1.454268292682927,0.03525551971930127,610,Thats a half-baked excuse if I ever heard one!
1056,368,32,85,211,328,1.454268292682927,0.036808063293815425,610,Your lawyer says your goose is cooked.
2505,376,22,104,200,326,1.4539877300613497,0.034322103045143326,610,"Yes, I know your pastries are to die for, but the State has to prove that."
2515,376,36,76,214,326,1.4539877300613497,0.037977392737526774,610,The butcher and the candlestick maker ratted you out.
5113,376,25,98,203,326,1.4539877300613497,0.03513740519047722,610,You only got ten days. It'll be over easy.
7686,379,31,85,208,324,1.4537037037037037,0.03687543577496,610,"Ditch the uniform, Charlie. You're serving time, not dinner."
2952,379,35,77,212,324,1.4537037037037037,0.03789777825264934,610,They've caught the gingerbread man and he's talking.
5540,379,27,93,204,324,1.4537037037037037,0.03582392958204639,610,I'm sorry. I just can't raise the dough.
6381,379,32,83,209,324,1.4537037037037037,0.037133660226493226,610,I don't think they mean that kind of shank.
7015,379,28,91,205,324,1.4537037037037037,0.03608967842642635,610,I've found someone nouvelle.
2426,384,27,93,205,325,1.4523076923076923,0.03574080603269538,610,"They can make all the jokes they want about you being in the can, Im still Mrs. Boyardee!"
2326,385,25,95,201,321,1.4517133956386292,0.035506673831946625,610,They know about you not using real butter.
3506,385,32,81,208,321,1.4517133956386292,0.037376686871621045,610,"You'll need to do better than ""I thought it was flour""."
5326,387,32,84,212,328,1.451219512195122,0.03679609137055103,610,I knew you would end up in Unleavenworth.
2593,388,35,73,209,317,1.4511041009463723,0.03850157732796272,610,The parole board can seat you ten years from Tuesday at either 4:30 or 10:45.
6960,388,30,83,204,317,1.4511041009463723,0.03718256528817053,610,You thought it was ten kilos of oregano?
2926,390,32,77,205,314,1.4490445859872612,0.03796859311808379,610,"“Food to die for” is a figure of speech, Francois."
7563,390,36,69,209,314,1.4490445859872612,0.03902579260318843,610,It will be another three years and 25 minutes
7669,390,35,71,208,314,1.4490445859872612,0.03876419587805167,610,"Don’t be discouraged, honey, just ask yourself: “What would Martha do?”"
4909,393,34,72,206,312,1.4487179487179487,0.03868077237667344,610,They wanna know where the dough is.
4513,394,32,75,203,310,1.4483870967741936,0.03832190857428876,610,The lawyer thinks he can get you 25 to 30 minutes at 350°
4738,395,32,74,202,308,1.448051948051948,0.038501812965097915,610,Plead culinary insanity.
4667,396,30,77,200,307,1.4462540716612378,0.038029534214229596,610,Everyone knew you were guilty. The proof was in your pudding.
5959,396,32,73,202,307,1.4462540716612378,0.038585294303345785,610,You need to tell me where you hid the dough.
4659,396,30,77,200,307,1.4462540716612378,0.038029534214229596,610,Either challenge the toughest guy in there to a bake-off or become somebody's sous chef.
6817,396,33,71,203,307,1.4462540716612378,0.03886019388060337,610,You cooked the books?
4396,396,30,77,200,307,1.4462540716612378,0.038029534214229596,610,They say you are going to fry
1425,396,30,77,200,307,1.4462540716612378,0.038029534214229596,610,They just found the candlestick-maker washed ashore on Long Island.
4642,396,28,81,198,307,1.4462540716612378,0.03746553094014164,610,"So, ""Food Critic Gets What's Coming To Him"" is trending."
2409,403,29,78,198,305,1.4459016393442623,0.037924670045080947,610,"What did I tell you?!? This is what happens when you tell Russians that you work for the CIA, and don't clarify that you mean the Culinary Institute of America."
3540,403,32,72,201,305,1.4459016393442623,0.03876843504386571,610,Of course the food here stinks !! You’re not really a chef.
5566,403,26,84,195,305,1.4459016393442623,0.037061700450816956,610,"I know this is hard to hear, but I've started going to a different restaurant."
6844,403,25,86,194,305,1.4459016393442623,0.03676954338940533,610,The governor will grant a pardon in exchange for your recipe for Béarnaise sauce.
2446,407,35,64,202,301,1.4451827242524917,0.039981379241446284,610,Fifteen years of marriage and NOW you learn to cook !?
3489,407,34,66,201,301,1.4451827242524917,0.03970342921974038,610,...and the butcher and candlestick maker have the dough.
5446,407,38,58,205,301,1.4451827242524917,0.04080387075722846,610,"Well, I still say she shouldn’t have ordered Death By Chocolate in the first place."
6618,407,28,78,195,301,1.4451827242524917,0.037993051027239565,610,So apparently serving red wine with fish IS a crime.
6702,407,32,70,199,301,1.4451827242524917,0.03914160833849446,610,"So, where’s the dough ?"
659,412,33,66,199,298,1.4429530201342282,0.03970523344362158,610,What can I say? You shouldn't have cooked the books.
6049,412,28,76,194,298,1.4429530201342282,0.03825596519034107,610,Well at least you have your knife skills
6786,412,32,68,198,298,1.4429530201342282,0.03941964262622007,610,They’re saying 25 to 30 or until you’re a golden brown.
7336,415,35,61,200,296,1.4425675675675675,0.04047129144414868,610,I think you've carried walking in Martha Stewart's footsteps too far.
3581,415,33,65,198,296,1.4425675675675675,0.0399013397114988,610,So you really meant it about that death by chocolate thing?
578,415,27,77,192,296,1.4425675675675675,0.03814041622240187,610,I put the file in. You don't have to critique the cake.
822,418,29,72,193,294,1.4421768707482994,0.03892477199295638,610,Your sous-chef ratatouilled you out.
4287,418,30,70,194,294,1.4421768707482994,0.039221873397648516,610,"Let's face it, Jules, you knew it was a recipe for disaster."
7450,418,29,72,193,294,1.4421768707482994,0.03892477199295638,610,"Judge, jury, everyone's a food critic."
2803,421,34,61,198,293,1.4402730375426622,0.040481460377679704,610,He says you're the first one to ask for more thyme at sentencing.
3700,421,34,61,198,293,1.4402730375426622,0.040481460377679704,610,Calling it Death by Chocolate is being seen as a confession.
3937,421,26,77,190,293,1.4402730375426622,0.0381016616276463,610,"Well Francois, I think we just tell the truth. The man you strangled was putting ketchup on Penne Arrabiata and drinking white wine. I'm hoping the judge is French."
3474,424,26,76,189,291,1.4398625429553265,0.03828557143975104,610,"""I'm not a cook"" didn't work for Nixon either."
3651,424,28,72,191,291,1.4398625429553265,0.038899665312058795,610,I told you that cooking the books was a recipe for disaster!
4227,424,25,78,188,291,1.4398625429553265,0.03797480072373422,610,I warned you that the rules regarding French cuisine are very strict.
5557,424,21,86,184,291,1.4398625429553265,0.03670541551547271,610,"That's right, poaching."
6884,424,34,60,197,291,1.4398625429553265,0.04068637246248332,610,So...where’d ya hide the dough?
7188,424,25,78,188,291,1.4398625429553265,0.03797480072373422,610,I told you not to steal the Colonel's secret recipe.
7568,430,30,67,192,289,1.439446366782007,0.03970139036238677,610,"I told you I would turn you in if you said ""fusion"" one more time."
6480,430,27,73,189,289,1.439446366782007,0.03878289233816591,610,They say you may get death by chocolate
3106,430,31,65,193,289,1.439446366782007,0.040002870100001156,610,The warden wishes to know if you'd like to cook your own last meal.
4507,430,33,61,195,289,1.439446366782007,0.040599113971852466,610,Bad news. The butcher and candlestick maker are singing like canaries.
727,430,34,59,196,289,1.439446366782007,0.04089397602129702,610,The recipe for Death by Chocolate was meant to be whimsical.
387,430,23,81,185,289,1.439446366782007,0.03752327091272787,610,"On the bright side, maybe they'll let you prepare your own last meal."
2905,430,26,75,188,289,1.439446366782007,0.03847185358912173,610,You of all people should have known it was a half-baked idea.
5755,437,23,80,184,287,1.4390243902439024,0.037703328517875216,610,"So wait, I need butter, sugar, flour, and a file to bake a cake?"
5072,437,22,82,183,287,1.4390243902439024,0.03737880553605757,610,How much thyme do you have left?
4622,437,25,76,186,287,1.4390243902439024,0.03834413563213613,610,"As your attorney, I strongly advise you to spill the beans."
4492,437,27,72,188,287,1.4390243902439024,0.03897440818568617,610,"For you, of all people, to be caught with your hand in the cookie jar..."
3237,437,22,82,183,287,1.4390243902439024,0.03737880553605757,610,So it turns out the vegan police are real.
2904,437,31,64,192,287,1.4390243902439024,0.04020532309933772,610,What does your attorney say now that the butcher and candlestick maker turned State’s evidence?
1707,437,35,56,196,287,1.4390243902439024,0.041399656008471834,610,How were you to know there was someone inside the cake?
180,437,30,66,191,287,1.4390243902439024,0.03990115446321979,610,Was this the first time someone asked for ketchup?
3548,437,26,74,187,287,1.4390243902439024,0.038660556325537616,610,l’ve set the timer for when you get out.
6865,446,29,70,193,292,1.4383561643835616,0.03909764736230732,610,Apparently the proof wasn't just in the pudding.
7758,447,28,68,188,284,1.4366197183098592,0.03957218383107662,610,"Fine. The cake wasn't moist and fluffy. Next time, smuggle in your own file."
6551,447,28,68,188,284,1.4366197183098592,0.03957218383107662,610,They found your fingerprints on all the knives.
4735,447,30,64,190,284,1.4366197183098592,0.0401960981847935,610,I still don't understand why the judge sentenced you to thirteen years when the other guys only got twelve.
1573,447,30,64,190,284,1.4366197183098592,0.0401960981847935,610,"They tell me you'll be out in 45 minutes, then you'll have to rest covered in foil for 20 minutes"
1510,447,35,54,195,284,1.4366197183098592,0.04171507820421954,610,It’s not my fault the Butcher and the Candlestick Maker took plea deals...
3505,447,36,52,196,284,1.4366197183098592,0.04201228436594076,610,The butcher and the candlestick maker wash up dead on shore; of course you’re the number one suspect.
4131,453,29,65,188,282,1.4361702127659575,0.04008884781722754,610,"If THIS president insists on his steak well done with ketchup, then that's what you give him!"
7575,453,28,67,187,282,1.4361702127659575,0.03977281205111331,610,"They said you’re looking at 86,000 hours at 73 degrees."
7005,453,27,69,186,282,1.4361702127659575,0.03945424486152965,610,They’ll probably leave you alone if you take off that hat.
6797,453,24,75,183,282,1.4361702127659575,0.03848272359143261,610,How long had you known about the peas touching the carrots?
4330,453,30,63,189,282,1.4361702127659575,0.04040241156382221,610,Bad news. Your goose is cooked!
4080,453,22,79,181,282,1.4361702127659575,0.03782118101402061,610,The press is calling it a searing indictment.
7284,453,27,69,186,282,1.4361702127659575,0.03945424486152965,610,They said you have to cook your own last meal.
2725,453,28,67,187,282,1.4361702127659575,0.03977281205111331,610,I know I said I'd wait for you but I'm just going to order a pizza.
195,453,26,71,185,282,1.4361702127659575,0.03913308442652961,610,"Arson charges aside, I felt the Bananas Foster was a bold choice."
1071,453,22,79,181,282,1.4361702127659575,0.03782118101402061,610,"Interesting, I thought most inmates turn to religion."
2001,453,29,65,188,282,1.4361702127659575,0.04008884781722754,610,I always knew you were cooking the books.
3849,453,27,69,186,282,1.4361702127659575,0.03945424486152965,610,They offer you 6 months for poaching.
2454,453,29,65,188,282,1.4361702127659575,0.04008884781722754,610,"The lawyer says the ""Must have been something they ate"" defense won't work."
2598,453,24,75,183,282,1.4361702127659575,0.03848272359143261,610,I bought a microwave. And I like it.
5872,467,28,63,182,273,1.435897435897436,0.040720490325712885,610,"'Hey, you try being Mrs. Boyardee out here in the world, sweetie!"""
1826,468,28,66,186,280,1.4357142857142857,0.039976128492425614,610,"Tell me again, how do I set the clock on the microwave?"
7241,469,24,73,181,278,1.435251798561151,0.03886798636809711,610,They're still searching for the butcher and the candlestickmaker.
441,469,22,77,179,278,1.435251798561151,0.0381939309308074,610,We'd like to get you out but we're having trouble raising the dough.
1964,469,25,71,182,278,1.435251798561151,0.03920066793426141,610,I think I see now why you were transferred to Leavenworth.
2054,469,23,75,180,278,1.435251798561151,0.038532432600718765,610,No updates from the lawyer. I just came to get your coq au vin recipe.
2977,469,29,63,186,278,1.435251798561151,0.04050407850104509,610,"You robbed a bank with a croissant, Harold. They're charging you for assault with a breadly weapon."
3363,469,25,71,182,278,1.435251798561151,0.03920066793426141,610,Next time don’t cook the books.
3557,469,23,75,180,278,1.435251798561151,0.038532432600718765,610,What am I supposed to do for dinner?
5499,469,25,71,182,278,1.435251798561151,0.03920066793426141,610,I did tell them it's spelled S T O L L E N.
6643,469,21,79,178,278,1.435251798561151,0.03785240227205716,610,We're trying to get your sentence reduced to thyme served.
157,469,23,75,180,278,1.435251798561151,0.038532432600718765,610,The proof was in the pudding.
5483,479,24,74,183,281,1.4341637010676156,0.038567384771932625,610,I'm new at this speed dating thing. Can I get fries with that?
4544,480,30,61,188,279,1.4336917562724014,0.040706750021572376,610,"If only you hadn't wanted your cake and Edith, too."
2744,481,28,64,185,277,1.4332129963898916,0.04027557073834902,610,"You've made your cake, now eat it! I told you, you should have been a butcher or a candlestick maker!"
91,482,29,61,185,275,1.4327272727272726,0.040812168603381965,610,"The file is inside the jaune d’oeuf just tiede, sur une fueille de blette, pommes mitraille mitonees au jus de boutons cremeux, croustille de topinambour, bouilon a l’infusion de Comte’ de la famille Badoz"
6537,482,34,51,190,275,1.4327272727272726,0.042406922871602186,610,The butcher and the candlestick maker ratted you out.
6333,482,22,75,178,275,1.4327272727272726,0.03846860413704766,610,"As long as there is a file in it, you really shouldn't care what kind of cake I am baking for you."
5715,482,24,71,180,275,1.4327272727272726,0.039152510836263574,610,"When you said you were going to the cooler, this was not what I had in mind."
5065,482,28,63,184,275,1.4327272727272726,0.0404856802566716,610,Why didn’t you just let him have his cake and eat it too?
6048,482,24,71,180,275,1.4327272727272726,0.039152510836263574,610,And they found your stash of gluten.
4563,482,31,57,187,275,1.4327272727272726,0.04145743246562349,610,"No, dear, the proof wasn't in that pudding."
4299,482,23,73,179,275,1.4327272727272726,0.038812063904388135,610,Perhaps we should remove “A Pot Roast to Die For” from the menu.
2083,482,19,81,175,275,1.4327272727272726,0.03741931457758942,610,So it really IS a crime to serve a steak well done.
923,482,24,71,180,275,1.4327272727272726,0.039152510836263574,610,"The lawyer said yes, serving the wrong wine with a meal in Manhattan is a crime."
515,482,20,79,176,275,1.4327272727272726,0.03777231663165531,610,"The plan was to steal bullion, not bouillon."
4835,482,25,69,181,275,1.4327272727272726,0.03949002285450294,610,Your sous chef has been standing in for you around the house. The kids prefer his fresh approach and nonconventional style.
7900,494,26,65,180,271,1.4317343173431734,0.040241019950192594,610,They’re charging you with a salted batter.
378,494,22,73,176,271,1.4317343173431734,0.03885878613588178,610,What do you mean when you say you're in for 10-15 at 425° ?
1507,494,25,67,179,271,1.4317343173431734,0.03989995087669154,610,So how's the food here?
4754,494,29,59,183,271,1.4317343173431734,0.04124730908362385,610,You were right. It was a recipe for disaster.
2388,498,25,64,176,265,1.430188679245283,0.04053644192769268,610,You're not worried people will think you're being ironic if we put the cage-free chicken on the menu?
7629,499,24,68,178,270,1.4296296296296296,0.03964647627294755,610,What proof? I ate the pudding.
1026,500,22,71,175,268,1.4291044776119404,0.039145982874580994,610,I was hoping they'e make you take off the stupid hat
6837,500,24,67,177,268,1.4291044776119404,0.039853585147742114,610,The boys want to know where you hid the dough.
6926,502,25,68,182,275,1.4290909090909092,0.039466796663132006,610,The surviving guests thought the 'Chef's Surprise' was quite innovative.
5298,503,20,74,172,266,1.4285714285714286,0.038621232748238046,610,The lawyer said that maybe he can prove his head was already in the oven.
526,504,23,67,174,264,1.428030303030303,0.03991734744727272,610,How will I know when you’re done?
7273,504,22,69,173,264,1.428030303030303,0.0395548918003991,610,I'm having trouble raising dough for your bail.
7117,504,25,63,176,264,1.428030303030303,0.04063256023186712,610,I told you to take death by chocolate off the menu.
6019,504,26,61,177,264,1.428030303030303,0.0409854866127184,610,"So you cooked the books, too?"
5646,504,24,65,175,264,1.428030303030303,0.04027654142439864,610,"It was one Yelp review, Gerald."
3537,504,22,69,173,264,1.428030303030303,0.0395548918003991,610,"Find the biggest, meanest-looking guy and bake him a soufflé."
3310,504,23,67,174,264,1.428030303030303,0.03991734744727272,610,The lawyer says your books are cooked and so is your goose.
3211,504,25,63,176,264,1.428030303030303,0.04063256023186712,610,The butcher and the candlestick maker are cooperating with the D.A.
3068,504,24,65,175,264,1.428030303030303,0.04027654142439864,610,Leavenworth
4008,504,25,63,176,264,1.428030303030303,0.04063256023186712,610,"No, I can't bring you your knives."
1376,504,18,77,169,264,1.428030303030303,0.03807057679890391,610,Just labeling the soup Deathcap Mushroom is apparently not enough of a disclaimer.
1291,504,28,57,179,264,1.428030303030303,0.04168237561189787,610,Where'd you hide the dough?
1220,504,37,39,188,264,1.428030303030303,0.04468407874865976,610,I begged you not to take the White House chef job!
2440,504,23,67,174,264,1.428030303030303,0.03991734744727272,610,"If you can make it here, you can make it anywhere."
1159,504,23,67,174,264,1.428030303030303,0.03991734744727272,610,The bad news: they denied your appeal. The good news: they loved your souffle and they say you've got a job ... for life.
821,504,23,67,174,264,1.428030303030303,0.03991734744727272,610,I told you poaching was a crime.
642,504,23,67,174,264,1.428030303030303,0.03991734744727272,610,I warned you about cooking the books.
629,504,26,61,177,264,1.428030303030303,0.0409854866127184,610,"I'm pretty sure that, in here, 'hot buns' is just a single entendre."
3388,522,29,54,179,262,1.4274809160305344,0.042259689236153065,610,So unfortunately you're going to have to prepare you own last meal.
2813,523,23,65,172,260,1.426923076923077,0.04034517286971044,610,So far they can't find the one-armed Gingerbread Man
2917,524,24,63,174,261,1.4252873563218391,0.04058827354580818,610,Look on the bright side. You always said that cooking was a lifelong commitment.
4066,524,26,59,176,261,1.4252873563218391,0.04130802386898271,610,I told you you should have left the White House when the Mooch did...
4104,524,25,61,175,261,1.4252873563218391,0.04094973006864512,610,They're charging you with 350 degree muder.
5704,524,28,55,178,261,1.4252873563218391,0.04201544623696788,610,They claim you knew the arugula wasn't locally sourced.
7913,528,27,56,176,259,1.4247104247104247,0.04189437106493021,610,"The President says you can have a pardon, but only if you agree to be Secretary of State."
6438,528,24,62,173,259,1.4247104247104247,0.04080866990555874,610,The butcher and the candlestick maker got off scot-free.
6022,528,22,66,171,259,1.4247104247104247,0.04006852897828982,610,"In 25 years you didn't bake me a cake, now you expect me to bake you one?"
4812,528,23,64,172,259,1.4247104247104247,0.04044029274093418,610,"Yes, it is a crime to put ketchup on pastrami and rye."
5264,528,24,62,173,259,1.4247104247104247,0.04080866990555874,610,"Since you left, the Michelin Guide gave us another star."
3039,528,26,58,175,259,1.4247104247104247,0.04153562404054692,610,"Oh Tony, 'poisson' is spelled with 2 ss."
630,528,25,60,174,259,1.4247104247104247,0.04117375137085832,610,The judge says your goose is cooked.
69,528,26,58,175,259,1.4247104247104247,0.04153562404054692,610,"I'm the one who called them, Pierre. You weren't washing your hands."
3899,528,24,62,173,259,1.4247104247104247,0.04080866990555874,610,You should never have accepted a job as White House chef in the Trump administration.
4214,537,26,57,174,257,1.424124513618677,0.04176653587748736,610,I need your meatloaf recipe.
7730,538,23,62,170,255,1.423529411764706,0.04088318320877493,610,It WAS a killer recipe.
7658,538,31,46,178,255,1.423529411764706,0.04380025815356045,610,What? Aggravated salt...and buttery?
7313,538,23,62,170,255,1.423529411764706,0.04088318320877493,610,"I'm sorry dear,,,no more conjugal visits. Last time you gave me a yeast infection."
6892,538,22,64,169,255,1.423529411764706,0.04050377977612363,610,Sounds like another recipe for disaster.
6794,538,26,56,173,255,1.423529411764706,0.04200083509492237,610,I've found someone else to toss my salad.
6266,538,22,64,169,255,1.423529411764706,0.04050377977612363,610,I think we might be able get the sentence down to thyme served
4742,538,26,56,173,255,1.423529411764706,0.04200083509492237,610,"Bad news, the butcher and candlestick maker turned states evidence."
4530,538,19,70,166,255,1.423529411764706,0.03934362333039645,610,Don't feel bad. Prisoners aren't supposed to like the food.
3685,538,18,72,165,255,1.423529411764706,0.03894922596964644,610,That's right. I am now with the Muffin Man.
597,538,26,56,173,255,1.423529411764706,0.04200083509492237,610,"How many times did I tell you, go to McDonalds and pick up cheeseburgers. The president doesn't like real food."
6575,538,30,48,177,255,1.423529411764706,0.04344633610776637,610,I knew they'd give you thyme after all those capers on the lamb.
3045,549,29,49,175,253,1.4229249011857708,0.0433382982961753,610,We both knew it was only a matter of time before your half-baked schemes would land you here.
1381,549,18,71,164,253,1.4229249011857708,0.03915536408656423,610,The lawyer says you have to come up with more dough.
2378,551,22,62,167,251,1.4223107569721116,0.04095183445457017,610,The newspapers say you're going to fry.
3160,551,18,70,163,251,1.4223107569721116,0.03936448533073795,610,Your appeal was denied. Too many negative reviews on Yelp.
785,553,19,68,165,252,1.4206349206349207,0.039644578060633706,610,"No dear, I ‘m positive I told you to leave the gun, and take the cannoli ."
2062,553,24,58,170,252,1.4206349206349207,0.04159074821718407,610,Well now your goose is really cooked.
2680,553,24,58,170,252,1.4206349206349207,0.04159074821718407,610,Not pesticide you nitwit. I wanted pesto on the side.
4990,553,21,64,167,252,1.4206349206349207,0.04043428837842318,610,It's not like I'm asking for your password. I just want your meatloaf recipe.
24,553,24,58,170,252,1.4206349206349207,0.04159074821718407,610,It turns out there IS a law against putting mayonnaise in guacamole.
568,553,24,58,170,252,1.4206349206349207,0.04159074821718407,610,"Well, it's not as if you don't have time to make it from scratch."
7583,559,22,61,167,250,1.42,0.04105046360577424,610,Are you still serving thyme?
7323,559,22,61,167,250,1.42,0.04105046360577424,610,"...so it's 3 cups of flour, 2 cups sugar, 1 hacksaw, 4 eggs, and 2 tablespoons of baking powder"
7286,559,18,69,163,250,1.42,0.03945410632651684,610,"Yes, yes. It was a killer souffle."
6678,559,19,67,164,250,1.42,0.039859189907477055,610,And yesterday Junior announced he is gluten free.
4785,559,21,63,166,250,1.42,0.04065725086860609,610,Unfortunately the judge had eaten in your restaurant.
2745,559,20,65,165,250,1.42,0.04026019788993276,610,Your best chance is to pick out the biggest one and absolutely make him your sous chef.
1650,559,22,61,167,250,1.42,0.04105046360577424,610,"When you told me you 'beat Bobby Flay"", I totally misunderstood you."
2623,559,18,69,163,250,1.42,0.03945410632651684,610,Bad news. The chicken agreed to testify.
2649,559,23,59,168,250,1.42,0.04143994541870465,610,The DA will knock it down to a misdemeanor if you testify against the butcher and the candlestick maker.
1333,559,31,43,176,250,1.42,0.04443306413871341,610,It looks really bad. The butcher and the candlestick maker rolled over on you.
346,559,24,57,169,250,1.42,0.041825800534615536,610,I told you 'Death by Chocolate' was a bad idea.
125,559,25,55,170,250,1.42,0.042208128416427924,610,The D.A. wants to see you fry.
61,559,28,49,173,250,1.42,0.0433348779459034,610,"Oh Hector, I thought ‘cooking the books’ was just an expression!"
1885,572,25,54,169,248,1.4193548387096775,0.04245069830025423,610,"You knew that potato was loaded, didn't you?!!"
4765,572,30,44,174,248,1.4193548387096775,0.04433182942911433,610,"I'm sorry sir, but it looks like the butcher and the candlestick maker have turned state's evidence."
7018,574,15,73,158,246,1.41869918699187,0.03861592128645493,610,Is the money still in the hat?
6847,574,25,53,168,246,1.41869918699187,0.042696948718802974,610,"'I've taken 'Death By Chocolate' off the menu."""
6202,574,25,53,168,246,1.41869918699187,0.042696948718802974,610,They say you’re gonna fry for this!
2410,574,20,63,163,246,1.41869918699187,0.0407076086665489,610,"""I think the recipe actually said to ""muddle the herbs"", not ""murder Herb""."
3295,574,22,59,165,246,1.41869918699187,0.04151478548623091,610,"And then you said, ""What's somebody going to do - call the Napoletana Pizza Police on me?"""
3577,574,23,57,166,246,1.41869918699187,0.04191254489144281,610,"The police found the victim boneless, skinless and stuffed in a freezer."
3263,580,21,60,163,244,1.4180327868852458,0.04134630041098786,610,How many times did he send the shrimp scampi back before you hit him?
3831,581,23,55,164,242,1.4173553719008265,0.042399625677243015,610,"You should know, I’ve made risotto with your brother."
5571,582,25,51,167,243,1.4156378600823045,0.04305696525663765,610,Good news. They've reduced your charges to assault with a deadly capon.
4980,582,27,47,169,243,1.4156378600823045,0.043839736850849985,610,The good news is that the judge will allow you to cook your own last meal
4851,582,21,59,163,243,1.4156378600823045,0.04144709539919966,610,The four and twenty blackbirds were an endangered species.
549,582,15,71,157,243,1.4156378600823045,0.038907594463150015,610,They are taking health inspections pretty seriously these days
3023,582,25,51,167,243,1.4156378600823045,0.04305696525663765,610,I warned you against cooking the books...
7486,587,22,56,163,241,1.4149377593360997,0.042097952707600104,610,So when is too much butter a crime?
7202,587,15,70,156,241,1.4149377593360997,0.03911765069494772,610,You probably shouldn't tell your inmates you were the Cupcake King.
7071,587,26,48,167,241,1.4149377593360997,0.04370984109576128,610,"There wasn't a scintilla of evidence against you, until you started cooking the books."
6660,587,19,62,160,241,1.4149377593360997,0.04084731548507576,610,"The turkey was pardoned, you weren't."
5827,587,18,64,159,241,1.4149377593360997,0.04042183859902922,610,"Enough about capers, where's the dough?"
5815,587,21,58,162,241,1.4149377593360997,0.041685242899136304,610,Is is true you were cooking the books?
7732,587,28,44,169,241,1.4149377593360997,0.04449389286002501,610,That's not what they meant by 'Beat Bobby Flay.'
5507,587,28,44,169,241,1.4149377593360997,0.04449389286002501,610,Yes. I made sure your goose is cooked.
5492,587,23,54,164,241,1.4149377593360997,0.04250665558218709,610,Accept it --- Your vichyssoise really WAS criminal.
5292,587,20,60,161,241,1.4149377593360997,0.04126840594145419,610,The butcher and the candlestick maker have already confessed to what happened in that tub.
5219,587,21,58,162,241,1.4149377593360997,0.041685242899136304,610,they still want to know where you stashed the dough!
5085,587,23,54,164,241,1.4149377593360997,0.04250665558218709,610,I’m afraid your goose is cooked.
4441,587,20,60,161,241,1.4149377593360997,0.04126840594145419,610,"Apparently, serving Manhattan clam chowder in New England is now a felony."
3670,587,25,50,166,241,1.4149377593360997,0.04331249314003247,610,I warned you that those four and twenty blackbirds would sing.
1449,587,20,60,161,241,1.4149377593360997,0.04126840594145419,610,The good news is you'll only be in for another two and a half hours. The bad news is the temperature is being set at 375 degrees.
3571,587,20,60,161,241,1.4149377593360997,0.04126840594145419,610,I'm sorry. Your goose is cooked.
120,587,21,58,162,241,1.4149377593360997,0.041685242899136304,610,"When the reviewer said your food was "" to die for"", I thought it was a compliment."
358,587,22,56,163,241,1.4149377593360997,0.042097952707600104,610,"Who'd have thought, 5-10 years for cooking the books."
362,587,22,56,163,241,1.4149377593360997,0.042097952707600104,610,How much thyme do you have left?
543,587,27,46,168,241,1.4149377593360997,0.044103609322004966,610,The Butcher and the Candlestick Maker are pinning it on you.
3641,587,21,58,162,241,1.4149377593360997,0.041685242899136304,610,"Apparently, they saw your fruit cake and they think it's stollen."
779,587,23,54,164,241,1.4149377593360997,0.04250665558218709,610,Your fingerprints were all over the dough.
622,587,24,52,165,241,1.4149377593360997,0.04291146601310678,610,'Did you really cook the books?'
1900,587,19,62,160,241,1.4149377593360997,0.04084731548507576,610,So...they let you keep the hat.
1940,587,20,60,161,241,1.4149377593360997,0.04126840594145419,610,"Jacques, please don't send another Chocolate Bombe to the Parole Commission. Not helpful."
3301,587,30,40,171,241,1.4149377593360997,0.04526436562089508,610,Bad news -- the butcher and the candlestick maker both deny that you were with them.
3473,587,22,56,163,241,1.4149377593360997,0.042097952707600104,610,"Your goose is cooked! They’re going to grill you until they get a half-baked confession, then you’re gonna fry!"
3487,587,26,48,167,241,1.4149377593360997,0.04370984109576128,610,"I’m sorry Paul, but I’m leaving you for Jacques. He’s a cage-free chef."
1535,587,17,66,158,241,1.4149377593360997,0.03999183528064981,610,I assured the lawyer that you can raise the dough.
7432,616,17,65,157,239,1.4142259414225942,0.04021487585360166,610,How's the cuisine in there? Haute? Or not so haute?
2157,616,21,57,161,239,1.4142259414225942,0.04192705893324166,610,They’re convinced that you’re the one who cooked up the scheme.
3966,618,29,40,168,237,1.4135021097046414,0.04543778822775142,610,"Nice try, but Trump survived."
1696,619,20,57,158,235,1.4127659574468086,0.041991197071848466,610,"Quite ironic, don’t you think, that in 10 years you’ll be the one coming out of the can."
6340,619,22,53,160,235,1.4127659574468086,0.04284858375488306,610,"It's not called ""free range"" in court. It's called ""bail""."
219,621,26,44,163,233,1.4120171673819744,0.044790459788433115,610,They say you also cooked the books.
707,621,26,44,163,233,1.4120171673819744,0.044790459788433115,610,You seriously want me to smuggle you a lemon zester hidden in a cake?
2040,621,17,62,154,233,1.4120171673819744,0.04090473414688929,610,How much thyme are they giving you?
2464,621,21,54,158,233,1.4120171673819744,0.042675425572798825,610,They claim you're the one who spoiled the broth.
4136,621,22,52,159,233,1.4120171673819744,0.04310673515667177,610,Bad news. The parole board said you didn’t serve enough thyme.
4458,621,15,66,152,233,1.4120171673819744,0.03998999799364574,610,"Look on the bright side, it was a killer dinner."
6331,621,21,54,158,233,1.4120171673819744,0.042675425572798825,610,Does the gun go in before or after the butter?
7156,621,23,50,160,233,1.4120171673819744,0.04353377176302776,610,You're being charged with baking and entering.
7449,621,20,56,157,233,1.4120171673819744,0.04223971211752682,610,The kids are fine. They're happy they can pronounce the names of their dinners now.
6932,630,19,60,159,238,1.411764705882353,0.04117874991791874,610,"I don't care that your cellmates call you ""fun"" names like Chef Boyardee and the Barefoot Confessa. Your sentence ends tomorrow and I expect you to come home."
1622,631,20,52,152,224,1.4107142857142858,0.043429210985209486,610,"Alright, where did you put the dough?"
6180,632,20,55,157,232,1.4094827586206897,0.04234574359371258,610,"Sorry, honey. I couldn't raise the dough."
2747,632,20,55,157,232,1.4094827586206897,0.04234574359371258,610,"Honey, it's an innocent mistake--poisson, not poison."
6065,632,26,43,163,232,1.4094827586206897,0.044911869450312523,610,"No William, I will not press my buns against the window."
1469,632,22,51,159,232,1.4094827586206897,0.043218051855410354,610,"Well, maybe they’ll let you out for thyme served."
1442,632,23,49,160,232,1.4094827586206897,0.04364766899862102,610,I wasn't being literal when I asked you to make my mother a souffle.
1651,632,20,55,157,232,1.4094827586206897,0.04234574359371258,610,The good and bad news is that your goose is cooked.
2780,638,21,50,154,225,1.4088888888888889,0.043730374787009835,610,They're saying you did it in the kitchen with a spatula.
396,639,18,58,154,230,1.4086956521739131,0.04169892373960546,610,So what's the food like.
4748,639,22,50,158,230,1.4086956521739131,0.04348205793178543,610,No I haven’t told them where you stashed the dough!
4873,639,16,62,152,230,1.4086956521739131,0.04077812747749184,610,Do I add the file before or after the butter and eggs?
4922,639,23,48,159,230,1.4086956521739131,0.04391653039822901,610,"Under the circumstances, naming your dessert 'Death by Chocolate' was probably not the smartest idea"
4994,639,17,60,153,230,1.4086956521739131,0.04124109553353309,610,"I tried to tell you “The Great American Bake Off” competition wasn’t to the death, but you wouldn’t listen!"
5549,639,23,48,159,230,1.4086956521739131,0.04391653039822901,610,You have to tell me where you hid the dough.
5793,639,18,58,154,230,1.4086956521739131,0.04169892373960546,610,"Yes, Death by Chocolate did sound delicious."
5871,639,16,62,152,230,1.4086956521739131,0.04077812747749184,610,"Look, I had the same soup you gave the judge and I'd say you got off easy."
6963,639,20,54,156,230,1.4086956521739131,0.0425998216136205,610,I'm the sous-public defender.
7848,639,18,58,154,230,1.4086956521739131,0.04169892373960546,610,We’re trying to buy you more thyme.
7833,649,15,61,147,223,1.4080717488789238,0.04115879732721666,610,I told you it was a crime to charge that much for a slice of toast with mashed avocado.
7489,649,18,55,150,223,1.4080717488789238,0.042605680701490595,610,"I always said ‘cage-free’ only. Now, look at you."
3622,651,23,47,158,228,1.4078947368421053,0.0441897693057236,610,"Say, have you heard the latest one about you? People are saying if you make your own last meal, the execution will take care of itself."
3446,651,22,49,157,228,1.4078947368421053,0.04375034684010866,610,"You're going to be featured on 'Diners, Drive-byes, and Dives'."
4354,651,16,61,151,228,1.4078947368421053,0.04101506641040837,610,You’re telling me the butler did it?
1352,654,20,52,154,226,1.407079646017699,0.04312034622919553,610,They say you're a cereal offender
7440,655,23,45,156,224,1.40625,0.04474983179351321,610,The only way you're going to survive in there is by becoming someone's sous bitch.
7299,655,21,49,154,224,1.40625,0.043845986951474576,610,"I know at 350, but for how long?"
7059,655,22,47,155,224,1.40625,0.04430021454404372,610,"So, did you spill the beans, or not?"
6750,655,22,47,155,224,1.40625,0.04430021454404372,610,What you did to that steak IS a crime and the jury agreed with me.
6672,655,24,43,157,224,1.40625,0.04519497629656585,610,I miss your wiener.
6033,655,21,49,154,224,1.40625,0.043845986951474576,610,"Honey, for the kids sake, please just admit you know the Muffin Man!"
5973,655,17,57,150,224,1.40625,0.041979957410068734,610,Who knew it was an actual crime to serve ketchup with filet mignon?
6064,655,12,67,145,224,1.40625,0.039523722492372446,610,I've been seeing someone. On the side.
5034,655,19,53,152,224,1.40625,0.04292311379606601,610,"The parole board passed you up, but they did give you a Michelin star."
3244,655,19,53,152,224,1.40625,0.04292311379606601,610,I told you not to get involved with the Butcher and Candlestick Maker.
3213,655,17,57,150,224,1.40625,0.041979957410068734,610,You won't get a reduction for thyme served.
3153,655,20,51,153,224,1.40625,0.043387004216118165,610,"I told you, honey, there's no such thing as the perfect crème."
3028,655,20,51,153,224,1.40625,0.043387004216118165,610,I’ve found another restaurant.
2721,655,20,51,153,224,1.40625,0.043387004216118165,610,I warned you that all those capers would bring nothing but trouble
2273,655,19,53,152,224,1.40625,0.04292311379606601,610,How the hell am I going to get you coriander!
5074,655,21,49,154,224,1.40625,0.043845986951474576,610,I'm leaving you for the Dumb Waiter.
980,655,24,43,157,224,1.40625,0.04519497629656585,610,Do you know your Marinara rights?
5427,672,18,54,150,222,1.4054054054054055,0.042714141100284944,610,I have a bun in the oven.
5909,672,16,58,148,222,1.4054054054054055,0.04174887251939688,610,"But darling, revenge is better served cold."
6324,672,22,46,154,222,1.4054054054054055,0.04458202369255404,610,"I'm sorry you had to find out like this, but since you've been in, I've been ordering takeout."
7899,672,23,44,155,222,1.4054054054054055,0.045036891357758575,610,You don’t think bringing a cake to a baker will look suspicious?
7079,672,14,62,146,222,1.4054054054054055,0.04076075150615666,610,Those critics don't mess around.
5249,672,14,62,146,222,1.4054054054054055,0.04076075150615666,610,I should have paid closer attention when you told me you really kneaded the dough.
7008,672,15,60,147,222,1.4054054054054055,0.04125777029837837,610,Prison food IS the punisment!
5068,672,19,52,151,222,1.4054054054054055,0.043188685978878205,610,"Ron, look, you couldn't have known about his nut allergy....right? ....Ron?"
3936,672,15,60,147,222,1.4054054054054055,0.04125777029837837,610,The good news is you only got three years. Bad news is you lost a Michelin Star.
4791,672,19,52,151,222,1.4054054054054055,0.043188685978878205,610,"On the bright side, the police couldn't believe I got a hacksaw in a croissant."
3931,672,22,46,154,222,1.4054054054054055,0.04458202369255404,610,He insulted your risotto; of course he deserved to die!
1737,672,20,50,152,222,1.4054054054054055,0.04365807305904889,610,"It's no good, Dear. They're still insisting that you cooked the books."
1437,672,22,46,154,222,1.4054054054054055,0.04458202369255404,610,Bad news: the judge rejected our request for thyme served.
1365,672,20,50,152,222,1.4054054054054055,0.04365807305904889,610,Red wine with fish?!... what were you thinking?
457,672,18,54,150,222,1.4054054054054055,0.042714141100284944,610,"No, I DO NOT have a reservation."
327,672,21,48,153,222,1.4054054054054055,0.044122466951388266,610,I thought you meant the other CIA...
129,672,22,46,154,222,1.4054054054054055,0.04458202369255404,610,"I thought by now you'd realize, there ain't no way to hide your lyonnaise."
3094,689,18,53,150,221,1.4027149321266967,0.04282265453804779,610,I told you a blowfish restaurant was a terrible idea.
3511,689,19,51,151,221,1.4027149321266967,0.043300289571063695,610,I think I joined the wrong CIA.
3743,689,17,55,149,221,1.4027149321266967,0.04233963162844007,610,You were right. Your soufflé was to die for.
3881,689,18,53,150,221,1.4027149321266967,0.04282265453804779,610,"Yes, I suppose a file would ruin the cake, but I think you're missing the point."
6432,689,19,51,151,221,1.4027149321266967,0.043300289571063695,610,They said you're looking at ten to a baker's dozen.
5342,689,20,49,152,221,1.4027149321266967,0.043772713100640105,610,Bad news. Your lawyer ran off with all the dough.
5770,689,21,47,153,221,1.4027149321266967,0.04424009208222709,610,The DA says you’ve had your fingers in one too many pies.
2596,689,23,43,155,221,1.4027149321266967,0.04516034120719081,610,Sorry... they're saying life without the possibility of profiterole.
4603,689,19,51,151,221,1.4027149321266967,0.043300289571063695,610,Look at the bright side- the review said the food was to die for.
2568,689,21,47,153,221,1.4027149321266967,0.04424009208222709,610,The Prosecutor says you're going to fry.
1662,689,17,55,149,221,1.4027149321266967,0.04233963162844007,610,I will bake your cake with a file in it but I refuse to use fondant.
1978,689,14,61,146,221,1.4027149321266967,0.04085631408574513,610,"Don't worry dear, you should be out in 45-60 minutes."
1721,689,18,53,150,221,1.4027149321266967,0.04282265453804779,610,I've been seeing other menus.
6509,689,20,49,152,221,1.4027149321266967,0.043772713100640105,610,"I said Chef Maurice's souffle was to die for, not to kill for."
1374,689,20,49,152,221,1.4027149321266967,0.043772713100640105,610,Well it looked like flour to me!
1360,689,19,51,151,221,1.4027149321266967,0.043300289571063695,610,They say you went off half baked
1353,689,22,45,154,221,1.4027149321266967,0.04470258474290848,610,If you plead guilty to impersonating a chef they'll give you back your hot dog cart.
895,689,18,53,150,221,1.4027149321266967,0.04282265453804779,610,The Appeals Court held that you got your just desserts.
735,689,18,53,150,221,1.4027149321266967,0.04282265453804779,610,You look done to me.
414,689,16,57,148,221,1.4027149321266967,0.04185103429043326,610,"If you confess to the whipping, they'll dismiss the beating."
2036,689,20,49,152,221,1.4027149321266967,0.043772713100640105,610,"So, do I add the sugar before or after chisel?"
6880,689,12,65,144,221,1.4027149321266967,0.03983676355035749,610,"Sorry dear, but a bad review doesn't make it 'justifiable homicide'."
7116,711,17,52,145,214,1.4018691588785046,0.04329443049835539,610,I don't think I can raise that kind of dough.
6131,712,18,52,149,219,1.4018264840182648,0.043088639299864784,610,The public exposure charge is your fault. I swear I said masticate
230,712,22,44,153,219,1.4018264840182648,0.04499108998278511,610,They turned down your parole application. The warden likes your souffles.
834,714,16,55,146,217,1.400921658986175,0.042363556584966086,610,"I’m sorry, but they say you’re gonna fry."
1009,715,16,54,145,215,1.4,0.04262623963184009,610,Will you stop putting pineapple on pizza when you are released?
6850,715,15,56,144,215,1.4,0.04211326980920668,610,"They want to call it ""Prison Chef"". Kind of a Birdman of Alcatraz meets Martha Stewart."
7074,717,17,51,145,213,1.3990610328638498,0.04340657599835619,610,Please stop. I didn't come to listen to your problems. I'm having the Rothman's over and need the recipe to your mushroom barley soup.
6854,717,20,45,148,213,1.3990610328638498,0.04491106264437371,610,And you thought that death by chocolate would be a perfect crime.
6107,717,20,45,148,213,1.3990610328638498,0.04491106264437371,610,You’re the one who cooked the books.
5708,717,19,47,147,213,1.3990610328638498,0.04441522987893076,610,Didn't I warn you about cooking the books?
4645,717,19,47,147,213,1.3990610328638498,0.04441522987893076,610,"Oh, for Pete's sake, swallow your pride and use the ""Twinkie defense."""
4173,717,22,41,150,213,1.3990610328638498,0.04588665768111742,610,"Sorry, I told the police you were the bombe expert."
4115,717,19,47,147,213,1.3990610328638498,0.04441522987893076,610,You've got to tell me where you hid the rest of the dough.
4079,717,19,47,147,213,1.3990610328638498,0.04441522987893076,610,How's the food dear?
3344,717,18,49,146,213,1.3990610328638498,0.04391379899928572,610,I understand that on fridays you get to wear whatever you like but Phil... you’re a dentist.
3018,717,13,59,141,213,1.3990610328638498,0.04131545993095911,610,I'm leaving you and taking all the recipes.
2422,717,14,57,142,213,1.3990610328638498,0.04184803617800104,610,"The butcher’s not talking, and the candlestick maker’s on the lam."
2234,717,15,55,143,213,1.3990610328638498,0.042373919273580064,610,But when did using Cream of Mushroom soup in a recipe become a crime?
1979,717,15,55,143,213,1.3990610328638498,0.042373919273580064,610,I'm leaving you for the candlestick maker
1578,717,17,51,145,213,1.3990610328638498,0.04340657599835619,610,Where's the dough?
1081,717,18,49,146,213,1.3990610328638498,0.04391379899928572,610,When were you taken into custardy?
925,717,18,49,146,213,1.3990610328638498,0.04391379899928572,610,I begged you not to cook the books.
716,717,17,51,145,213,1.3990610328638498,0.04340657599835619,610,Are they asking you to make your own last meal?
419,717,23,39,151,213,1.3990610328638498,0.046366758090173266,610,The lawyer says your goose is cooked.'
3236,717,15,55,143,213,1.3990610328638498,0.042373919273580064,610,"So, where do they have you working?"
6631,736,17,50,144,211,1.3981042654028435,0.043684730907088805,610,Let's clarify.
5149,736,14,56,141,211,1.3981042654028435,0.04210636650605417,610,You are being charged with obstruction of arteries.
7019,736,14,56,141,211,1.3981042654028435,0.04210636650605417,610,"Seriously, a serrated knife?"
4966,736,15,54,142,211,1.3981042654028435,0.042638980268877136,610,So how long do I bake it after I put the file in?
7528,736,22,40,149,211,1.3981042654028435,0.04619565352457335,610,Well what did you expect Jack? The proof was in the pudding.
2283,736,18,48,145,211,1.3981042654028435,0.04419832861604942,610,"The next time a customer wants to talk to the chef, leave your knife in the kitchen."
165,736,15,54,142,211,1.3981042654028435,0.042638980268877136,610,Don't worry. I set the timer.
4091,736,16,52,143,211,1.3981042654028435,0.0431650226039235,610,I'm leaving you for Boyardee
2106,736,14,56,141,211,1.3981042654028435,0.04210636650605417,610,The President said he would consider a pardon if you agreed with his menu suggestions.
4111,745,17,48,142,207,1.396135265700483,0.044255619175792946,610,They're charging you with 350 degree muder.
3658,746,17,49,144,210,1.3952380952380952,0.04379867519000017,610,We didn't realize you literally meant the chocolate mousse recipe was to die for
3590,746,24,35,151,210,1.3952380952380952,0.047300139690563535,610,The jury has food poisoning.
3437,746,16,51,143,210,1.3952380952380952,0.04327534496428698,610,"I'm sorry, but literally every prospective juror we've interviewed is on a gluten-free diet."
3133,746,16,51,143,210,1.3952380952380952,0.04327534496428698,610,"I'd bake a cake and conceal a file, but you'd complain it lacks ""moistness and texture."""
1633,746,14,55,141,210,1.3952380952380952,0.04220922350074497,610,You finally got your just desserts.
6544,746,25,33,152,210,1.3952380952380952,0.04777940645683998,610,"Dark web, Bitcoin, foie gras...who are you, Pierre?"
1389,746,19,45,146,210,1.3952380952380952,0.044827010625752554,610,Have you considered what your last meal should be?
1375,746,16,51,143,210,1.3952380952380952,0.04327534496428698,610,He said you can’t rub your meat in public anymore.
1310,746,17,49,144,210,1.3952380952380952,0.04379867519000017,610,Look inside the cake.
342,746,16,51,143,210,1.3952380952380952,0.04327534496428698,610,"You're a baker, not a butcher."
1531,746,18,47,145,210,1.3952380952380952,0.04431582578515529,610,Will they at least let you prepare your last meal?
4049,757,13,56,139,208,1.3942307692307692,0.041923145108171425,610,"We've been playing with a number of names for it. How does ""Crime Brulee"" grab you?"
4687,757,16,50,142,208,1.3942307692307692,0.04355345561472434,610,"I just don't get it, Stefan... how could they accuse you of cooking the books?!?"
5656,757,16,50,142,208,1.3942307692307692,0.04355345561472434,610,I guess it really was to die for
5753,757,19,44,145,208,1.3942307692307692,0.04512490328196536,610,Please tell me you used real mayonnaise.
5837,757,17,48,143,208,1.3942307692307692,0.04408349611125935,610,"""Beat Bobby Flay"" was just a metaphor."
6965,757,15,52,141,208,1.3942307692307692,0.04301688462192617,610,I took your Killer Calamari off the menu.
7114,757,22,38,148,208,1.3942307692307692,0.046643437871041346,610,You might want to reconsider how you dress for trial—you’re being charged with cannibalism.
7350,757,20,42,146,208,1.3942307692307692,0.045636696085654405,610,The goose has a very good lawyer.
7607,757,16,50,142,208,1.3942307692307692,0.04355345561472434,610,How many will you be serving?
4032,757,13,56,139,208,1.3942307692307692,0.041923145108171425,610,"Is it true what people are saying, Harry? Were you cooking the books?"
5945,757,18,46,144,208,1.3942307692307692,0.044607238905799505,610,"You want a file so bad, bake your own lousy cake."
3956,757,13,56,139,208,1.3942307692307692,0.041923145108171425,610,Wouldn't a cake be a little obvious?
4221,757,24,34,150,208,1.3942307692307692,0.04762890470339418,610,Bad new - Both the butcher and the candlestick maker stuck deals with the prosecutor.
3452,757,15,52,141,208,1.3942307692307692,0.04301688462192617,610,I'm tired of being battered.
3209,757,14,54,140,208,1.3942307692307692,0.04247353563300862,610,Grandma says she forgives you for stealing her brisket recipe but the DA won't budge.
2872,757,21,40,147,208,1.3942307692307692,0.046142812690841015,610,Serving red wine with fish IS a crime!
3896,757,15,52,141,208,1.3942307692307692,0.04301688462192617,610,Do you have any prior confections?
2871,757,19,44,145,208,1.3942307692307692,0.04512490328196536,610,"No, I didn't bring your French double-slotted spoon!"
2798,757,17,48,143,208,1.3942307692307692,0.04408349611125935,610,You can beat this...or at least whisk it.
1717,757,17,48,143,208,1.3942307692307692,0.04408349611125935,610,You knew he had a nut allergy?
1645,757,12,58,138,208,1.3942307692307692,0.04136543197348654,610,The victim’s family said they hope you bake in hell.
1214,757,19,44,145,208,1.3942307692307692,0.04512490328196536,610,The reviews said you killed it.
892,757,19,44,145,208,1.3942307692307692,0.04512490328196536,610,"Didn't I tell you? The president ALWAYS gets two scoops, not just one. You KNEW that."
458,757,14,54,140,208,1.3942307692307692,0.04247353563300862,610,Yes... I think this will definitely have an impact on our Yelp reviews.
247,757,19,44,145,208,1.3942307692307692,0.04512490328196536,610,They're saying you cooked the books.
143,757,17,48,143,208,1.3942307692307692,0.04408349611125935,610,So how's the food?
3984,783,18,45,143,206,1.3932038834951457,0.04490379260710448,610,Everybody has been raving about the restaurant recently.
3556,784,16,47,138,201,1.3930348258706469,0.04459610025680383,610,"Nice try, but my mother is recovering."
4657,785,11,60,138,209,1.3923444976076556,0.040648200517188,610,"It’s pretty incriminating, Tommy. They found the rolling pin in the glove compartment…with your floury fingerprints all over it."
1371,786,18,44,142,204,1.392156862745098,0.0452056301248724,610,"You were right, your Boeuf Bourguignon was to die for."
3178,786,18,44,142,204,1.392156862745098,0.0452056301248724,610,Can't take the heat?
4616,788,13,55,139,207,1.391304347826087,0.04202340540241202,610,I warned you that people take the Times review seriously.
1236,789,15,49,138,202,1.391089108910891,0.04385941296810855,610,"Looks like your goose is cooked, Henri."
3464,789,20,39,143,202,1.391089108910891,0.04658262972345068,610,Great! Now all we need are the Butcher and the Candlestick Maker to come clean...
3702,789,16,47,139,202,1.391089108910891,0.04441741508818464,610,Ok but do I put the knife in before or after I bake the cake.
4072,789,16,47,139,202,1.391089108910891,0.04441741508818464,610,They said I was resisting a roast
4322,789,18,43,141,202,1.391089108910891,0.04551290012220823,610,They'll grant you parole if you just admit that you used high fructose corn syrup.
6440,789,15,49,138,202,1.391089108910891,0.04385941296810855,610,Make this easier on everyone and tell them the secret to the sauce.
6950,789,16,47,139,202,1.391089108910891,0.04441741508818464,610,Idiot! I WARNED you that you’d end up in Cook County Jail!
4503,789,26,27,149,202,1.391089108910891,0.049653734353079,610,Just tell me where you stashed the dough!
4818,797,15,48,137,200,1.39,0.04415026875519308,610,You still have four years left on your timer.
7796,797,17,44,139,200,1.39,0.04527415094420427,610,"""Take the cake' is just an expression, George"
6696,797,17,44,139,200,1.39,0.04527415094420427,610,"Liver, fava beans, and chianti are strictly circumstantial, what else do they have?"
6538,797,20,38,142,200,1.39,0.046909514094294495,610,So you took the gun and left the cannoli?
6317,797,15,48,137,200,1.39,0.04415026875519308,610,When you said you'd come up with a way to make a lot of dough I thought --
5785,797,15,48,137,200,1.39,0.04415026875519308,610,Don't worry. At least nine other people have also confessed to murdering Gordon Ramsay.
4717,797,20,38,142,200,1.39,0.046909514094294495,610,I left the gun. I ate the cannoli.
2626,797,22,34,144,200,1.39,0.04796879219998798,610,They said you were cooking the books.
865,797,15,48,137,200,1.39,0.04415026875519308,610,"No, of course they won't let you have your knife set."
638,797,20,38,142,200,1.39,0.046909514094294495,610,Death by chocolate was meant to be a euphemism.
124,797,17,44,139,200,1.39,0.04527415094420427,610,Does the file go in before or after the eggs?
6,797,16,46,138,200,1.39,0.04471574093579559,610,Gordon Ramsay is on the jury...
4432,797,12,54,134,200,1.39,0.04240863664764003,610,'Cooking the books isn't really a defense...'
4357,810,20,37,141,198,1.3888888888888888,0.04724246363811116,610,Serving thyme?
6718,810,22,33,143,198,1.3888888888888888,0.0483156154519099,610,"As White House chef, you actually thought it would be funny if Hillary popped out?"
6309,810,18,41,139,198,1.3888888888888888,0.04614436091983153,610,At least the jury all agreed that you make a killer souffle.
5615,810,16,45,137,198,1.3888888888888888,0.04501948154744895,610,Your lawyer says you might get time off for gourmet behavior.
3732,810,19,39,140,198,1.3888888888888888,0.04669664021799604,610,"Sorry baby, I couldn’t raise the dough."
3615,810,18,41,139,198,1.3888888888888888,0.04614436091983153,610,They want to know where you hid the dough.
3455,810,15,47,136,198,1.3888888888888888,0.04444636718396461,610,"Upshot is, you knew the lobster was alive..."
172,810,15,47,136,198,1.3888888888888888,0.04444636718396461,610,"I don't think we can get you off. ""Death By Chocolate"" was on the menu."
3750,810,15,47,136,198,1.3888888888888888,0.04444636718396461,610,I'm afraid the warden said I can't bring your knife set. You'll just have to find another hobby.
1455,819,19,40,142,201,1.3880597014925373,0.0461803040233723,610,You were right about the bisque--it did kill the competition.
5576,820,13,50,133,196,1.3877551020408163,0.04356275426922797,610,"We all have our problems, and yours is getting that cake to my house by 2:00 Saturday!"
6909,820,15,46,135,196,1.3877551020408163,0.04474785812790965,610,They're trying to reduce the charge to aggravated salting and buttering.
3818,820,14,48,134,196,1.3877551020408163,0.04415928196062901,610,The good news: Your book is a best seller!
3699,820,12,52,132,196,1.3877551020408163,0.04295794380279327,610,They have you making pizzas instead of license plates?
2702,820,18,40,138,196,1.3877551020408163,0.04646887859962962,610,I guess the proof was in the pudding
2126,820,15,46,135,196,1.3877551020408163,0.04474785812790965,610,"I agree with the Times, your blanquette de veau was criminal."
2557,820,11,54,131,196,1.3877551020408163,0.042344495651817006,610,"California law requires 10 years per ounce of gluten, but we're trying to get it reduced."
5485,827,20,36,141,197,1.385786802030457,0.04738040964153629,610,I said you didn't knead the dough.
2587,827,16,44,137,197,1.385786802030457,0.04514104277733406,610,The kids want me to ask for your recipe for those brownies you make.
2248,827,11,54,132,197,1.385786802030457,0.04217495583348904,610,I told you the mystery meat would be a problem some day.
1655,827,14,48,135,197,1.385786802030457,0.04397861986963396,610,Table 9 is still waiting for their appetizer...
6659,831,18,39,138,195,1.3846153846153846,0.046601058301106627,610,Looks like you'll have to stay in for another 5 or 10.
6650,831,15,45,135,195,1.3846153846153846,0.044867074257940155,610,I told you the gluten-free people were serious.
6367,831,18,39,138,195,1.3846153846153846,0.046601058301106627,610,What are you making for your last meal?
5780,831,16,43,136,195,1.3846153846153846,0.045452419589860384,610,You’re looking at 30 years and losing one star
5699,831,15,45,135,195,1.3846153846153846,0.044867074257940155,610,"Yes, we have one in the oven."
4683,831,18,39,138,195,1.3846153846153846,0.046601058301106627,610,Your lawyer thinks that your goose is cooked.
4238,831,15,45,135,195,1.3846153846153846,0.044867074257940155,610,I guess this explains why your flour shipments always came in at 2AM.
3887,831,15,45,135,195,1.3846153846153846,0.044867074257940155,610,Cheer up. I noticed 5 star Yelp reviews for the prison cafeteria since you've been here.
7596,831,13,49,133,195,1.3846153846153846,0.04367285385977313,610,"Got it... flour, eggs, saw, 350 degrees, one hour"
3817,831,20,35,140,195,1.3846153846153846,0.047722058033927595,610,"I have the file, of course--but I figured that you would handle the cake."
539,831,16,43,136,195,1.3846153846153846,0.045452419589860384,610,I have reservations.
2479,831,14,47,134,195,1.3846153846153846,0.04427399076616325,610,"You just had to reveal all eleven of the secret herbs and spices, didn't you Jonathan? I told you there would be repercussions, but would you listen to your wife? Nooooo."
1953,831,21,33,141,195,1.3846153846153846,0.04827279686426674,610,"Did you have to tell the cops your Bouillabaise was ""to die for""?"
1917,831,15,45,135,195,1.3846153846153846,0.044867074257940155,610,The chickens have gotten a lawyer.
889,831,16,43,136,195,1.3846153846153846,0.045452419589860384,610,Never mind that it was from a mix! Did you get the hacksaw?
708,831,16,43,136,195,1.3846153846153846,0.045452419589860384,610,So you’re saying the cake won’t be finished before the wedding
429,831,18,39,138,195,1.3846153846153846,0.046601058301106627,610,"""They have a critic on the inside""."
162,831,17,41,137,195,1.3846153846153846,0.046030321970174516,610,Our marriage is down to one star.
158,831,23,29,143,195,1.3846153846153846,0.049355841653335994,610,I begged you to leave the White House last year!
7888,831,21,33,141,195,1.3846153846153846,0.04827279686426674,610,You cooked your own goose this time.
2934,831,18,39,138,195,1.3846153846153846,0.046601058301106627,610,You're gonna fry for this
7937,831,18,39,138,195,1.3846153846153846,0.046601058301106627,610,"Well, what you did to that roast WAS a crime."
6655,853,10,53,127,190,1.3842105263157896,0.042529538796670666,610,Margarine! What were you thinking?!
7136,854,16,41,134,191,1.382198952879581,0.04609270865463714,610,I told you not to serve your Death by Chocolate.
6824,854,14,45,132,191,1.382198952879581,0.04488111617526066,610,I have bad news. It seems like your goose is cooked.
6689,854,21,31,139,191,1.382198952879581,0.04899077256056803,610,"I'm sorry honey, but it appears that your goose is cooked"
6554,854,14,45,132,191,1.382198952879581,0.04488111617526066,610,"The false advertising charge is bogus---it really was a ""Dessert To Die For."""
6108,854,10,53,128,191,1.382198952879581,0.042354081092253776,610,"It's not looking good, honey. They found the rolling pin."
6072,854,13,47,131,191,1.382198952879581,0.04426288499573017,610,"Well, it was your idea to cook the books."
5908,854,17,39,135,191,1.382198952879581,0.046686715370791186,610,The prosecutor is recommending 15 to 20 at 425.
7619,854,13,47,131,191,1.382198952879581,0.04426288499573017,610,Visitation at Cook County Jail
5635,854,17,39,135,191,1.382198952879581,0.046686715370791186,610,You had your fingers in too many pies.
5522,854,15,43,133,191,1.382198952879581,0.0454909462435027,610,"I've brought the shank you asked for, you said lamb right?"
4651,854,15,43,133,191,1.382198952879581,0.0454909462435027,610,"So, putting pineapple on pizza really is criminal?"
5187,854,15,43,133,191,1.382198952879581,0.0454909462435027,610,Guess that killer recipe of yours caught up with you.
3547,854,16,41,134,191,1.382198952879581,0.04609270865463714,610,I told you your goose was cooked.
3539,854,16,41,134,191,1.382198952879581,0.04609270865463714,610,You kneaded dough that bad?
2303,854,21,31,139,191,1.382198952879581,0.04899077256056803,610,As your attorney I advise you to simply do your thyme.
1290,854,20,33,138,191,1.382198952879581,0.048425036862033435,610,So how much thyme they givin’ you?
1118,854,12,49,130,191,1.382198952879581,0.043635895626802784,610,"To be fair, who puts ketchup on a prime rib?"
412,854,16,41,134,191,1.382198952879581,0.04609270865463714,610,Bad news - the butcher and the candlestick maker confessed.
309,854,15,43,133,191,1.382198952879581,0.0454909462435027,610,Maybe at least they'll let you cook your own last meal.
171,873,16,40,133,189,1.380952380952381,0.04642196802684519,610,I still maintain that cooking a steak medium-well is not a crime.
586,873,15,42,132,189,1.380952380952381,0.04581169965364299,610,"Well, when the jury got food poisoning, it should have been your first clue."
2048,873,14,44,131,189,1.380952380952381,0.045193191244099484,610,Is it true what they said? That you were beating the eggs and whipping the cream?
2577,873,14,44,131,189,1.380952380952381,0.045193191244099484,610,"But, honey, ‘Your food is to die for’ is just a figure of speech."
4480,873,10,52,127,189,1.380952380952381,0.042629512940055694,610,I’m still confused: are you serving time or serving food?
6120,873,11,50,128,189,1.380952380952381,0.04328467007886533,610,"Truth be told, your better-than-sex cake is really only better-than-sex-with-you cake."
7851,879,12,46,126,184,1.3804347826086956,0.04472984733504858,610,Let's keep the slicing and dicing to vegetables next time.
7021,880,18,37,137,192,1.3802083333333333,0.04706851175614475,610,Where'd you put the dough?
4382,881,14,43,130,187,1.3796791443850267,0.04551116559353819,610,We're OK...Billy thinks you're spending time on Top Chef.
241,881,14,43,130,187,1.3796791443850267,0.04551116559353819,610,You're scheduled to fry a week from today at midnight.
1198,881,15,41,131,187,1.3796791443850267,0.04613856521338807,610,Honey it was not hyperbole. Your lasagna actually killed.
1422,881,17,37,133,187,1.3796791443850267,0.047368441102545095,610,"Your Tinder bio said you were an Iron Chef, but I didn't realize it meant you were behind bars."
2370,881,14,43,130,187,1.3796791443850267,0.04551116559353819,610,I see your still in culinary confinement.
2800,881,14,43,130,187,1.3796791443850267,0.04551116559353819,610,"Evidently, you weren’t even good at cooking the books."
3716,881,10,51,126,187,1.3796791443850267,0.0429099308856588,610,Oh — I thought you said to make a cake with *phyllo* inside.
3799,881,15,41,131,187,1.3796791443850267,0.04613856521338807,610,"Well Dear, you gave a new meaning to hell’s kitchen."
4366,881,16,39,132,187,1.3796791443850267,0.04675754705090584,610,It seems the jury for your appeal is entirely vegan Mr. Boyardee.
4737,881,13,45,129,187,1.3796791443850267,0.04487499512439912,610,Don't cry. We'll sous.
5400,881,13,45,129,187,1.3796791443850267,0.04487499512439912,610,You served what with fava beans and a nice Chianti?
5484,881,16,39,132,187,1.3796791443850267,0.04675754705090584,610,I told you not to refuse that wedding cake to those Republicans
7333,881,14,43,130,187,1.3796791443850267,0.04551116559353819,610,You might have gotten away with it if you hadn't julienned the body.
7697,881,15,41,131,187,1.3796791443850267,0.04613856521338807,610,"Yes, but Martha didn't shoot her assistant for overcooking the flan."
6156,895,16,38,131,185,1.3783783783783783,0.047099637340931644,610,"Listen, they know it was you who spoiled the broth."
4838,895,12,46,127,185,1.3783783783783783,0.044534910029383784,610,Evidently you can't have your cake and eat it too.
6749,895,17,36,132,185,1.3783783783783783,0.04771928587298615,610,You've been sentenced to the electric stove
6313,895,10,50,125,185,1.3783783783783783,0.04319547890884324,610,I know two critics who will swear your goose is not cooked.
4557,895,13,44,128,185,1.3783783783783783,0.04518974018409269,610,So they are letting you cook your last meal?
5639,895,15,40,130,185,1.3783783783783783,0.04647172722276189,610,The prosecution intends to contend that the crème brûlée wasn’t to die for
3264,895,10,50,125,185,1.3783783783783783,0.04319547890884324,610,"For the last time, Philippe, they arrested you for beating the sous chef, not the eggs."
1764,895,12,46,127,185,1.3783783783783783,0.044534910029383784,610,Got it. The file is the key ingredient.
365,895,17,36,132,185,1.3783783783783783,0.04771928587298615,610,"I said, 'Leave the gun. Take the canolli,' not the other way around."
4320,895,15,40,130,185,1.3783783783783783,0.04647172722276189,610,"Sorry, honey...they got to me before I could cook the books"
1564,905,15,39,129,183,1.3770491803278688,0.046811377536621915,610,It’s another one of your half-baked ideas that got you in here.
2763,905,20,29,134,183,1.3770491803278688,0.04991544118568619,610,"Herbert! Listen to me! That is not what they mean when they say ""Beat Bobby Flay."""
3905,905,10,49,124,183,1.3770491803278688,0.04348630663772913,610,Our lawyer says that you're going to fry.
4304,905,16,37,130,183,1.3770491803278688,0.047448438406898705,610,"Truffles again? Why don’t you ask me to smuggle files inside a cake, like a normal prisoner would?"
5900,905,15,39,129,183,1.3770491803278688,0.046811377536621915,610,"It's funny that in 2018, these things still have cords."
6026,905,15,39,129,183,1.3770491803278688,0.046811377536621915,610,"But did you have to cook the books, too?"
6769,905,11,47,125,183,1.3770491803278688,0.04417134937227653,610,Russian Intelligence wants to know the recipe of your tomato sauce.
4129,912,10,52,129,191,1.3769633507853403,0.04227566332604472,610,You got your just desserts.
7282,912,3,66,122,191,1.3769633507853403,0.03743595200756915,610,We'll have you out in short order.
1521,914,12,43,123,178,1.3764044943820224,0.04569337820371527,610,Still think the “use by date” is just a scam?
5957,915,14,42,130,186,1.3763440860215055,0.045633489915568565,610,They told me to tell you your goose is cooked.
5091,916,13,42,126,181,1.3756906077348066,0.0458374897408974,610,Red with meat and white with fish is a stricter law than I thought.
5123,916,17,34,130,181,1.3756906077348066,0.04844197438758054,610,How long do I need to set the timer for this time?
5185,916,12,44,125,181,1.3756906077348066,0.04516290636730369,610,Your lawyer told me that your goose is cooked.
5234,916,17,34,130,181,1.3756906077348066,0.04844197438758054,610,"I sold Trump Towers, and the kids and I are leaving. How's cooking class?"
5394,916,15,38,128,181,1.3756906077348066,0.04715771595568367,610,I found your hidden truffles.
4998,916,12,44,125,181,1.3756906077348066,0.04516290636730369,610,Well you did cook the books!
5556,916,16,36,129,181,1.3756906077348066,0.04780415806561157,610,You took your Death by Chocolate Cake too far.
5572,916,14,40,127,181,1.3756906077348066,0.046502288330273686,610,I asked if they would take me instead but they said no substitutions.
4954,916,7,54,120,181,1.3756906077348066,0.041626329894871486,610,"So, when you phoned to say you were “on the lamb”..."
5953,916,16,36,129,181,1.3756906077348066,0.04780415806561157,610,You didn't think to clean the frosting off the knife first?
6037,916,12,44,125,181,1.3756906077348066,0.04516290636730369,610,Since when is serving white wine with roast beef a crime?
6171,916,15,38,128,181,1.3756906077348066,0.04715771595568367,610,"Well, it was to die for."
6971,916,9,50,122,181,1.3756906077348066,0.04307581744931533,610,"No, tort reform won’t help you."
6514,916,16,36,129,181,1.3756906077348066,0.04780415806561157,610,I warned you about taking the Death by Chocolate Cake recipe too far.
6600,916,14,40,127,181,1.3756906077348066,0.046502288330273686,610,"Well-done steak may be a crime against humanity, but lucky for you a presidential pardon is coming your way."
6849,916,15,38,128,181,1.3756906077348066,0.04715771595568367,610,File? It looked like you wrote filo.
6938,916,13,42,126,181,1.3756906077348066,0.0458374897408974,610,Can't you cook up a better alibi?
6991,916,13,42,126,181,1.3756906077348066,0.0458374897408974,610,Don't cry to me--it was your idea to cook the books.
7203,916,20,28,133,181,1.3756906077348066,0.05030692740748644,610,You should know a pinch is not tolerated in today’s political climate.
7204,916,15,38,128,181,1.3756906077348066,0.04715771595568367,610,If you were going to rob a bank you should have worn something a little less conspicuous.
7511,916,14,40,127,181,1.3756906077348066,0.046502288330273686,610,They say the butcher and the candlestick maker flipped.
7548,916,12,44,125,181,1.3756906077348066,0.04516290636730369,610,"I tried to tell the police it was Colonel Mustard in the kitchen with the knife, but they wouldn't listen!"
7598,916,9,50,122,181,1.3756906077348066,0.04307581744931533,610,Your lawyer's going with a funny farm-to-table defense.
4942,916,9,50,122,181,1.3756906077348066,0.04307581744931533,610,Are you holding up alright? How's the food?
6395,916,17,34,130,181,1.3756906077348066,0.04844197438758054,610,The butcher and the candlestick maker want to know where you hid the money.
4613,916,15,38,128,181,1.3756906077348066,0.04715771595568367,610,"I'm sorry, but I just think $25 for a hamburger is a crime."
1674,916,11,46,124,181,1.3756906077348066,0.0444780930047232,610,If you knew I was coming? Really?
4373,916,13,42,126,181,1.3756906077348066,0.0458374897408974,610,Things have really changed at Cook County Jail.
80,916,13,42,126,181,1.3756906077348066,0.0458374897408974,610,Don't they have a change of clothes in there for chrissake?
279,916,13,42,126,181,1.3756906077348066,0.0458374897408974,610,"“Jeffrey, you do overcook your Wellington. I’ve never felt safe telling you before now."
4388,916,14,40,127,181,1.3756906077348066,0.046502288330273686,610,Well it is hard to believe that you heard grilled cheese as kill Louise
524,916,11,46,124,181,1.3756906077348066,0.0444780930047232,610,"The prison staff loved the lobster, sauteed asparagus, and cherry tarts! Oh, and your parole was denied."
614,916,15,38,128,181,1.3756906077348066,0.04715771595568367,610,Still no sign of the dish or spoon. Are you sure they just 'ran away'?
726,916,15,38,128,181,1.3756906077348066,0.04715771595568367,610,"No lasagna recipe, no conjugal visit."
756,916,16,36,129,181,1.3756906077348066,0.04780415806561157,610,Spoke with the lawyer. You're toast.
1357,916,11,46,124,181,1.3756906077348066,0.0444780930047232,610,Watch your back in the exercise yard. The Butcher and the Candlestick Maker already got rub-a-dub-dubbed out.
1682,916,16,36,129,181,1.3756906077348066,0.04780415806561157,610,"You have to quit saying ""...or you're toast"" to people."
1720,916,14,40,127,181,1.3756906077348066,0.046502288330273686,610,I can see why they might not let you have your knives in there
1727,916,11,46,124,181,1.3756906077348066,0.0444780930047232,610,Et voila...your goose is cooked.
357,916,13,42,126,181,1.3756906077348066,0.0458374897408974,610,Your meals are so good they don't want to grant parole.
2277,916,12,44,125,181,1.3756906077348066,0.04516290636730369,610,The story running in all of the papers is that you took all of the dough.
2285,916,18,32,131,181,1.3756906077348066,0.04907150126878169,610,"Don't you 'moi?' me, Pierre!"
2373,916,14,40,127,181,1.3756906077348066,0.046502288330273686,610,You wouldn’t listen to me when I said revenge is best served cold.
2617,916,13,42,126,181,1.3756906077348066,0.0458374897408974,610,I can't afford your bail. The fee is gastronomical!
2693,916,16,36,129,181,1.3756906077348066,0.04780415806561157,610,"Who, exactly, is going to bake the cake in which I will be hiding the file?"
2751,916,20,28,133,181,1.3756906077348066,0.05030692740748644,610,You shouldn't have cooked the books.
2898,916,16,36,129,181,1.3756906077348066,0.04780415806561157,610,Apparently this is the lowest rating Michelin has ever awarded.
3029,916,20,28,133,181,1.3756906077348066,0.05030692740748644,610,"Actually, I did only love you for your crepes."
3202,916,16,36,129,181,1.3756906077348066,0.04780415806561157,610,Your lawyer called. He said your goose is cooked.
3654,916,14,40,127,181,1.3756906077348066,0.046502288330273686,610,You can tell me. Did it really contain gluten?
4216,916,15,38,128,181,1.3756906077348066,0.04715771595568367,610,3 to 5 years at 300 degrees?
1950,916,15,38,128,181,1.3756906077348066,0.04715771595568367,610,... and don't you dare call me cupcake
6135,968,14,41,129,184,1.375,0.045959646890659296,610,"White wine with pork? Oh, Jeremy, how could you!"
5408,968,19,31,134,184,1.375,0.049084333534509424,610,"I said “cumin”, not “kill him.”"
4258,968,17,35,132,184,1.375,0.04785894624876121,610,Just serve your thyme and come home.
2488,968,13,43,128,184,1.375,0.04530885797580329,610,The State has rejected your offer of foie gras terrine to dismiss the charge. You're going to have to put more on the table.
3250,968,17,35,132,184,1.375,0.04785894624876121,610,"What do you mean you ""cooked the books?!"""
4342,973,13,41,125,179,1.3743016759776536,0.04617086780242834,610,Your lawyer says sautéeing the books is just as bad.
7254,973,14,39,126,179,1.3743016759776536,0.0468457013211158,610,"Well, you cooked your own goose this time buddy"
7183,973,13,41,125,179,1.3743016759776536,0.04617086780242834,610,"Be smart, Marcel, take the plea deal. Forty-five minutes at 350 and you're back on the street."
7179,973,10,47,122,179,1.3743016759776536,0.04408442965170001,610,Really. Was putting ketchup on his steak such a big deal?
6783,973,18,31,130,179,1.3743016759776536,0.04945303354515973,610,"Seriously, you were cooking the books?"
5855,973,13,41,125,179,1.3743016759776536,0.04617086780242834,610,I've started ordering take-out.
5493,973,15,37,127,179,1.3743016759776536,0.047510950641984274,610,"Listen closely: I ""knead"" the ""dough."""
5419,973,15,37,127,179,1.3743016759776536,0.047510950641984274,610,"If it's any consolation, the critics are calling this the 'hottest spot in town' since you got locked up."
5134,973,15,37,127,179,1.3743016759776536,0.047510950641984274,610,"There is some good news, The New Yorker finally picked one of your stupid captions."
5077,973,11,45,123,179,1.3743016759776536,0.04479070926379222,610,Apparently they didn’t really want you to beat Bobby Flay.
5020,973,14,39,126,179,1.3743016759776536,0.0468457013211158,610,"The file is easy, but I feel like you're going to judge me on the cake."
5009,973,13,41,125,179,1.3743016759776536,0.04617086780242834,610,At least they're letting you cook your last meal.
4243,973,9,49,121,179,1.3743016759776536,0.043366648926079256,610,"You should've known you'd end up here, David. He was known as the ""sue"" chef for a reason!"
3630,973,17,33,129,179,1.3743016759776536,0.04881425845161245,610,"I couldn't find a file, so I substituted an emery board. You won't be able to taste the difference."
3692,973,12,43,124,179,1.3743016759776536,0.045486023512629,610,"Uh, you said it was a “killer recipe”, I thought you were kidding"
148,973,13,41,125,179,1.3743016759776536,0.04617086780242834,610,"I've got it, gently fold in the egg whites, then add the file."
733,973,13,41,125,179,1.3743016759776536,0.04617086780242834,610,They're asking where you stashed the dough.
921,973,12,43,124,179,1.3743016759776536,0.045486023512629,610,"I’m sorry Gaston, but your pâte feuilletée was criminal."
1208,973,14,39,126,179,1.3743016759776536,0.0468457013211158,610,They're going to fry you on the chair for 10 minutes at 450 degrees.
1838,973,14,39,126,179,1.3743016759776536,0.0468457013211158,610,Your attorney says you'll need to come up with a lot more bread before he represents you.
221,973,14,39,126,179,1.3743016759776536,0.0468457013211158,610,They say you cooked the books
2493,973,18,31,130,179,1.3743016759776536,0.04945303354515973,610,Presidential power has gone too far. All you did was overcook his hamburger
1882,973,15,37,127,179,1.3743016759776536,0.047510950641984274,610,"Well Harrold, when he asked for something “Gluten free, dairy free, nut free, vegetarian, and vegan”, a “knuckle sandwich” technically has meat in it."
2502,973,13,41,125,179,1.3743016759776536,0.04617086780242834,610,It does seem a little unfair they rounded your sentence up to 13 from 12.
2601,973,14,39,126,179,1.3743016759776536,0.0468457013211158,610,"Honestly, I think you took her order for ‘Death by Chocolate’ far too seriously."
2880,973,17,33,129,179,1.3743016759776536,0.04881425845161245,610,"No, the butcher got away, but the candlestick maker is on death row."
5414,999,11,46,125,182,1.3736263736263736,0.04428117264740492,610,"On the bright side, the cafeteria's Yelp rating has never been higher."
1686,999,15,38,129,182,1.3736263736263736,0.04694329901710823,610,"Well, the food out here isn’t great either."
4415,1001,12,43,125,180,1.3722222222222222,0.04528039106220092,610,I should've listened when you said your desserts were to die for.
6398,1002,13,39,123,175,1.3714285714285714,0.04685762345061719,610,You should have known it was a Ponzi cream.
3945,1003,12,42,124,178,1.3707865168539326,0.04560548933949749,610,Your lawyer says you’re toast.
4045,1003,13,40,125,178,1.3707865168539326,0.0462962269517056,610,Did you really knead the dough that badly?
4128,1003,16,34,128,178,1.3707865168539326,0.04830921802482698,610,"He was drinking Riesling with your Boudin Noir Aux Pommes? I guess I would have killed him, too."
4504,1003,14,38,126,178,1.3707865168539326,0.04697680919382077,610,Your free-range days are over: they found the stollen dough.
4962,1003,14,38,126,178,1.3707865168539326,0.04697680919382077,610,"Well, your restaurant always advertised 'food to die for' and a jury agreed with you."
4997,1003,13,40,125,178,1.3707865168539326,0.0462962269517056,610,"So, somewhere the Murder Mystery Dinner took a wrong turn."
5119,1003,14,38,126,178,1.3707865168539326,0.04697680919382077,610,"She had a peanut allergy, Stan. You knew that."
5602,1003,10,46,122,178,1.3707865168539326,0.044191636242137435,610,And I bought you new whites for your parole hearing.
6023,1003,16,34,128,178,1.3707865168539326,0.04830921802482698,610,The butcher and the candlestick maker said to say hi.
6452,1003,13,40,125,178,1.3707865168539326,0.0462962269517056,610,Maybe revenge is a dish best served room temperature.
6478,1003,14,38,126,178,1.3707865168539326,0.04697680919382077,610,"Ya, they will let you out if you stop it with the Kale."
6905,1003,12,42,124,178,1.3707865168539326,0.04560548933949749,610,"You must understand, Death by Chocolate is a dessert, it's not meant to be taken literally."
7343,1003,15,36,127,178,1.3707865168539326,0.04764767123481961,610,My mother was right - you couldn't even cook the books properly.
7368,1003,11,44,123,178,1.3707865168539326,0.044904127714790396,610,I'm guessing that Take Out is no longer on the menu.
7469,1003,11,44,123,178,1.3707865168539326,0.044904127714790396,610,Be nice. They let you keep the hat.
3576,1003,9,48,121,178,1.3707865168539326,0.04346746762451871,610,"'Of course the kids miss you, especially your meat loaf.'"
5734,1003,18,30,130,178,1.3707865168539326,0.04960585137166676,610,What the hell kind of gang did you join in there?
3336,1003,12,42,124,178,1.3707865168539326,0.04560548933949749,610,I said your pastry was 'to die for' not 'to kill for.'
2564,1003,14,38,126,178,1.3707865168539326,0.04697680919382077,610,I had no idea lousy Yelp reviews could be this serious.
2990,1003,16,34,128,178,1.3707865168539326,0.04830921802482698,610,I've almost raised the dough you need.
686,1003,11,44,123,178,1.3707865168539326,0.044904127714790396,610,I told you that was recipe for disaster.
3315,1003,11,44,123,178,1.3707865168539326,0.044904127714790396,610,"The bank took the Restaurant, the house and the car. Michelin took the stars."
742,1003,14,38,126,178,1.3707865168539326,0.04697680919382077,610,"Remember the four and twenty blackbirds you baked in a pie? Well, now they’re singing!"
755,1003,11,44,123,178,1.3707865168539326,0.044904127714790396,610,"Now, I'm not going to sugarcoat this..."
764,1003,15,36,127,178,1.3707865168539326,0.04764767123481961,610,It's as we feared. Your goose is cooked.
188,1003,13,40,125,178,1.3707865168539326,0.0462962269517056,610,I warned you not to hire Martha Stewart’s lawyer
875,1003,16,34,128,178,1.3707865168539326,0.04830921802482698,610,You're looking at four and twenty counts of animal cruelty.
934,1003,13,40,125,178,1.3707865168539326,0.0462962269517056,610,"Let's hope like your cuisine, the execution is flawless."
949,1003,16,34,128,178,1.3707865168539326,0.04830921802482698,610,You can't just SAY they're free-range and heirloom...
1251,1003,10,46,122,178,1.3707865168539326,0.044191636242137435,610,I just can't go through another one of your half-baked schemes.
1322,1003,14,38,126,178,1.3707865168539326,0.04697680919382077,610,The warden says consommé visits depend on time served.
1714,1003,14,38,126,178,1.3707865168539326,0.04697680919382077,610,"Honey, I told you not to mess with the vegans."
2398,1003,12,42,124,178,1.3707865168539326,0.04560548933949749,610,"Yes, this order is to go."
2415,1003,13,40,125,178,1.3707865168539326,0.0462962269517056,610,Why did you have to cook the books?
6147,1003,12,42,124,178,1.3707865168539326,0.04560548933949749,610,"So tell me again...I put the water in a pot, put the pot on the stove...then what?"
442,1003,14,38,126,178,1.3707865168539326,0.04697680919382077,610,They said you were charged with resisting a roast.
340,1003,13,40,125,178,1.3707865168539326,0.0462962269517056,610,"I want to bail you out, but I ran out of dough."
7892,1040,12,40,121,173,1.369942196531792,0.046494141382396985,610,"They're receptive to your idea for a cooking show, but they don't care for 'Bake No Prisoners' as a title."
3861,1040,11,42,120,173,1.369942196531792,0.04576561862097606,610,You beat the eggs and whipped the cream. What did you expect?
252,1042,17,31,128,176,1.3693181818181819,0.04934450790562859,610,"None of us thought you literally meant it was ""to die for."""
7705,1043,16,32,126,174,1.367816091954023,0.04906262722045015,610,You need me to raise HOW much dough?!?
7545,1043,9,46,119,174,1.367816091954023,0.044068764600178036,610,You shouldn't have made mincemeat of him.
6695,1043,13,38,123,174,1.367816091954023,0.04698743540146684,610,"But darling, I don't know how to raise the dough."
6498,1043,15,34,125,174,1.367816091954023,0.04838078773353713,610,"You were supposed to write a cookbook, not cook the books."
5750,1043,16,32,126,174,1.367816091954023,0.04906262722045015,610,They claim you killed Colonel Mustard in the Kitchen with the Candlestick.
6386,1043,11,42,121,174,1.367816091954023,0.04555148240723305,610,"Don't worry, this farm-to-table-to prison concept is destined to be a fad."
6161,1043,11,42,121,174,1.367816091954023,0.04555148240723305,610,Didn’t you know “To die for” is just an expression?
5712,1043,11,42,121,174,1.367816091954023,0.04555148240723305,610,Is it true? Did you beat those eggs?
3329,1043,15,34,125,174,1.367816091954023,0.04838078773353713,610,"That's not what I meant when I said, ""Cook the books!"""
3890,1043,15,34,125,174,1.367816091954023,0.04838078773353713,610,I told you not to work for Donald Trump.
4588,1043,15,34,125,174,1.367816091954023,0.04838078773353713,610,At least the other guests said the execution was perfect.
831,1043,11,42,121,174,1.367816091954023,0.04555148240723305,610,The lab confirmed that your wild petrale sole is indeed farmed tilapia.
1091,1043,12,40,122,174,1.367816091954023,0.04627502909293241,610,It was the kale.
1239,1043,16,32,126,174,1.367816091954023,0.04906262722045015,610,"Yes, the twinkie defense was a real thing. An eclair is something completely different."
363,1043,10,44,120,174,1.367816091954023,0.04481625577222157,610,It's in my purse. But I just assumed you would bake the cake.
2471,1043,14,36,124,174,1.367816091954023,0.04768920059785337,610,"I’d like to help you out, Philippe, but I can’t seem to raise the dough."
3491,1043,13,38,123,174,1.367816091954023,0.04698743540146684,610,Let's put it this way: Apparently most diners are allergic to arsenic.
2051,1043,16,32,126,174,1.367816091954023,0.04906262722045015,610,"No, dear. You are in the Department of Corrections, not Confections."
7243,1061,14,37,126,177,1.3672316384180792,0.04710750836205875,610,"What did you think would happen - calling it your ""killer recipe"" at the White House!?"
2542,1062,9,44,116,169,1.3668639053254439,0.04490622875679337,610,This is what happens when you try to carry your bombe onto a plane.
5919,1063,14,35,123,172,1.3662790697674418,0.04805633940765861,610,I told you not to use kale.
5782,1063,11,41,120,172,1.3662790697674418,0.045884783853157966,610,"The judge said your sentence is 3-5 years, or until golden brown and fragrant."
5797,1063,12,39,121,172,1.3662790697674418,0.0466198760750753,610,They've searched the house and confiscated the dough.
5678,1063,15,33,124,172,1.3662790697674418,0.048758703974453976,610,"When my husband said he would die for your recipe, you may have taken him too literally."
5808,1063,14,35,123,172,1.3662790697674418,0.04805633940765861,610,The police say it was a crime of gastronomic proportion.
5905,1063,10,43,119,172,1.3662790697674418,0.04513772184378244,610,"So now you're a pastry chef. When's it gonna end, Louie, when's it gonna end?"
5975,1063,13,37,122,172,1.3662790697674418,0.0473435560690125,610,"so after I checked the oven, I then realized your lawyer was only speaking figuratively about your goose."
6902,1063,13,37,122,172,1.3662790697674418,0.0473435560690125,610,I told you it was a crime to serve red wine with fish.
6243,1063,9,45,118,172,1.3662790697674418,0.04437808555179371,610,"On the other hand, this prison cafeteria's online star rating has gone up since people heard you were convicted..."
6630,1063,15,33,124,172,1.3662790697674418,0.048758703974453976,610,My mother thinks you intended that dish for me instead of my sister.
6876,1063,12,39,121,172,1.3662790697674418,0.0466198760750753,610,"Legally, you can't have your cake and eat it, too."
6922,1063,9,45,118,172,1.3662790697674418,0.04437808555179371,610,I said “le poisson”- not “with poison”!
6951,1063,12,39,121,172,1.3662790697674418,0.0466198760750753,610,"When I suggested making our own bread, I didn’t mean counterfeiting."
7708,1063,14,35,123,172,1.3662790697674418,0.04805633940765861,610,"They found your knife in the kitchen, you idiot, but they still think it was Colonel Mustard in the conservatory."
6162,1063,11,41,120,172,1.3662790697674418,0.045884783853157966,610,"Stick a fork in it, Fred."
5392,1063,14,35,123,172,1.3662790697674418,0.04805633940765861,610,"Yes, it was a mistake to brag about your bombes at the airport."
7910,1063,11,41,120,172,1.3662790697674418,0.045884783853157966,610,And what exactly does Top Chef mean in there?
4554,1063,15,33,124,172,1.3662790697674418,0.048758703974453976,610,"So when you told them you cooked the books, they assigned you to kitchen duty?"
348,1063,14,35,123,172,1.3662790697674418,0.04805633940765861,610,"You must have known that beating, whipping, and carving your way through life would have dire consequences."""
405,1063,13,37,122,172,1.3662790697674418,0.0473435560690125,610,Is your goose cooked yet?
449,1063,11,41,120,172,1.3662790697674418,0.045884783853157966,610,The police think your alibi is half-baked
4875,1063,18,27,127,172,1.3662790697674418,0.05080757405428338,610,The Butcher and the Candlestick Maker send their regards.
837,1063,15,33,124,172,1.3662790697674418,0.048758703974453976,610,The cops found the dough.
1005,1063,12,39,121,172,1.3662790697674418,0.0466198760750753,610,You're never getting out. The warden's a gourmet.
1197,1063,20,23,129,172,1.3662790697674418,0.052128768384551286,610,I told you that head chef at Mar-a-Lago would lead to trouble.
1298,1063,14,35,123,172,1.3662790697674418,0.04805633940765861,610,They say you cooked the books
517,1063,12,39,121,172,1.3662790697674418,0.0466198760750753,610,"Honestly, Armand, I warned you that you would end up here if you kept on with those half baked schemes."
1851,1063,13,37,122,172,1.3662790697674418,0.0473435560690125,610,Wow! You were right when you claimed that your creme brulee was killer!
2431,1063,15,33,124,172,1.3662790697674418,0.048758703974453976,610,"Come on Jacque, where’s the dough?"
2943,1063,16,31,125,172,1.3662790697674418,0.049451093711593334,610,"I'm sorry, but cooking the books does not make you a chef."
3497,1063,13,37,122,172,1.3662790697674418,0.0473435560690125,610,"They're offering 13 years. But for you, they'll make it a dozen."
3836,1063,14,35,123,172,1.3662790697674418,0.04805633940765861,610,"I've decided on my book title: ""They Booked the Cook Who Cooked the Books."""
4226,1063,15,33,124,172,1.3662790697674418,0.048758703974453976,610,"I'm still cooking everything just the way you did. Except the books, of course."
4367,1063,11,41,120,172,1.3662790697674418,0.045884783853157966,610,Margarine ... really?
4454,1063,11,41,120,172,1.3662790697674418,0.045884783853157966,610,They’re saying it was death by chocolate.
1317,1063,12,39,121,172,1.3662790697674418,0.0466198760750753,610,I told you your goose was cooked.
6328,1099,13,36,121,170,1.3647058823529412,0.04770698770351928,610,"Actually, what I said was that you would be less conspicuous if you dressed like a higher-class crook."
6409,1099,12,38,120,170,1.3647058823529412,0.04697172587279992,610,I hid the dough in a safe place. It'll be waiting for you when you get out.
7320,1099,12,38,120,170,1.3647058823529412,0.04697172587279992,610,The butcher took a plea but the candlestick maker plans to take his chances in court.
7367,1099,13,36,121,170,1.3647058823529412,0.04770698770351928,610,Didn't I tell you this was a recipe for disaster?
7920,1099,10,42,118,170,1.3647058823529412,0.04546554456861708,610,But you never cooked when you lived at home?
7538,1099,15,32,123,170,1.3647058823529412,0.049144521203205296,610,Is white the new orange?
7780,1099,11,40,119,170,1.3647058823529412,0.046224770277365185,610,"‘Stop asking for your knives, it’s not going to happen’"
5762,1099,12,38,120,170,1.3647058823529412,0.04697172587279992,610,Make that to go please
7446,1099,9,44,117,170,1.3647058823529412,0.04469342343842804,610,Keep in mind that you cooked your own goose.
5188,1099,15,32,123,170,1.3647058823529412,0.049144521203205296,610,They tell me they still want to know where the dough is.
2163,1099,9,44,117,170,1.3647058823529412,0.04469342343842804,610,"When your dating profile said you were a Killer Chef, I did not think you meant literally!"
4090,1099,13,36,121,170,1.3647058823529412,0.04770698770351928,610,So it wasn’t gluten free. Is that such a crime?
432,1099,15,32,123,170,1.3647058823529412,0.049144521203205296,610,The blueberry/lemon recipe - Did you ever write it down?
5064,1099,12,38,120,170,1.3647058823529412,0.04697172587279992,610,They say you pinched the salt.
1098,1099,13,36,121,170,1.3647058823529412,0.04770698770351928,610,The butcher and the candlestick maker are going to testify it was your idea to take the tub out to sea.
1854,1099,8,46,116,170,1.3647058823529412,0.043907726590798925,610,Where did you leave the recipe for the cake with a file in it?
2121,1099,11,40,119,170,1.3647058823529412,0.046224770277365185,610,I don't blame you. I would've done the same thing to that Yelp reviewer.
489,1099,16,30,124,170,1.3647058823529412,0.049847744267585196,610,We're trying to get you Martha Stewart's old place.
2311,1099,9,44,117,170,1.3647058823529412,0.04469342343842804,610,Your lawyer says it's all in the presentation.
2957,1099,17,28,125,170,1.3647058823529412,0.050541183730111135,610,"As you requested, I've hidden the file in a Grand Soufflé made with a base of bouille that was baked at 400 degrees and is served with a drizzle of Marnier Sauce."
3352,1099,14,34,122,170,1.3647058823529412,0.04843108836293086,610,"I told you, no one likes kale anymore."
3471,1099,15,32,123,170,1.3647058823529412,0.049144521203205296,610,"You're sticking with it was Colonel Mustard, in the kitchen, with the butter?"
4064,1121,17,27,124,168,1.3630952380952381,0.05095718753394635,610,I know I should provide an alibi but I'd really like your secret sauce recipe first.
7820,1121,13,35,120,168,1.3630952380952381,0.048077967549085616,610,"As your counsel, I swear I will not rest until you get your just desserts."
7553,1121,14,33,121,168,1.3630952380952381,0.04881369647015724,610,There were too many of you in the kitchen.
6795,1121,13,35,120,168,1.3630952380952381,0.048077967549085616,610,So now you discover your love of cooking?
5192,1121,13,35,120,168,1.3630952380952381,0.048077967549085616,610,Did you explain that there's another CIA?
4259,1121,13,35,120,168,1.3630952380952381,0.048077967549085616,610,You invented avocado toast. A full confession is your only hope.
7890,1121,13,35,120,168,1.3630952380952381,0.048077967549085616,610,Cannabis cannolis--no wonder!
3752,1121,14,33,121,168,1.3630952380952381,0.04881369647015724,610,"The good news is, your soufflé was to die for."
6283,1121,13,35,120,168,1.3630952380952381,0.048077967549085616,610,"If you do the crime, you do the thyme."
3681,1121,12,37,119,168,1.3630952380952381,0.04733080354506162,610,"When you said your souffle was to die for, I didn't think you were serious."
3272,1121,18,25,125,168,1.3630952380952381,0.05165192117239677,610,"Dear, nobody cares that Sweeney Todd did it first."
2585,1121,13,35,120,168,1.3630952380952381,0.048077967549085616,610,We're down to a one star rating. They say it tastes like prison food.
2425,1121,16,29,123,168,1.3630952380952381,0.05025285028672568,610,Not much happening on the outside except your Michelin rating was reduced to a flat tire
350,1121,13,35,120,168,1.3630952380952381,0.048077967549085616,610,Does this mean you won't be home in time to fix dinner?
186,1121,14,33,121,168,1.3630952380952381,0.04881369647015724,610,They still haven’t caught the Gingerbread Man.
128,1121,14,33,121,168,1.3630952380952381,0.04881369647015724,610,"Yes, yes. I took the gun and left the cannoli."
3689,1121,9,43,116,168,1.3630952380952381,0.04501496380018628,610,The candlestick maker was given immunity in return for his testimony against you.
5099,1138,14,34,123,171,1.3625730994152048,0.048194247707409585,610,"Harry, you are facing 1 year for each of the 4 and 20 blackbirds you backed into that pie."
4901,1139,11,38,117,166,1.3614457831325302,0.04692565683627859,610,You murdered that steak - don't deny it.
5362,1139,12,36,118,166,1.3614457831325302,0.04769734394747745,610,They’re charging you with a haute crime.
5810,1139,14,32,120,166,1.3614457831325302,0.04920442378383809,610,"Remind me, how much thyme have you served?"
5976,1139,15,30,121,166,1.3614457831325302,0.04994091178610294,610,The saw won't fit into the cake.
4858,1139,14,32,120,166,1.3614457831325302,0.04920442378383809,610,Vladimir is trying to get you a pardon and a job in the kitchen at Mar A Lago.
6148,1139,17,26,123,166,1.3614457831325302,0.051382228156074385,610,"So, I guess meat is murder."
6254,1139,14,32,120,166,1.3614457831325302,0.04920442378383809,610,The Candlestick maker will be my witness. He'll swear it too: I'm not the Butcher!
6262,1139,13,34,119,166,1.3614457831325302,0.04845674328482825,610,You never should have advertised your pizza place as the best place in town to find “Food To Die For”
6863,1139,9,42,115,166,1.3614457831325302,0.045342899877054754,610,So none of it was gluten-free? None of it?
6419,1139,16,28,122,166,1.3614457831325302,0.05066669537432947,610,Seriously? That’s what you thought “Beating Bobby Flay” meant?
6534,1139,14,32,120,166,1.3614457831325302,0.04920442378383809,610,Resisting a roast is a serious offense.
7270,1139,11,38,117,166,1.3614457831325302,0.04692565683627859,610,I need the cake recipe
7594,1139,12,36,118,166,1.3614457831325302,0.04769734394747745,610,I have told you time and time again. You cannot make Chorizo out of just anyone
7628,1139,9,42,115,166,1.3614457831325302,0.045342899877054754,610,... I don't care about your palate. The key is coming in a plain pound cake and that's that.
7676,1139,11,38,117,166,1.3614457831325302,0.04692565683627859,610,Of course they traced it back to you. Yours was the only one-star review he ever wrote.
7840,1139,14,32,120,166,1.3614457831325302,0.04920442378383809,610,I heard you're going to fry.
6301,1139,10,40,116,166,1.3614457831325302,0.046141065434040375,610,I told you the food was to die for.
4168,1139,9,42,115,166,1.3614457831325302,0.045342899877054754,610,"Before I forget, when should I take the roast out of the oven?"
4710,1139,15,30,121,166,1.3614457831325302,0.04994091178610294,610,I thought “killer recipe” was just an expression.
3668,1139,15,30,121,166,1.3614457831325302,0.04994091178610294,610,"I said ""no salt"", not ""assault"""
4033,1139,12,36,118,166,1.3614457831325302,0.04769734394747745,610,They're telling me your goose is cooked.
9,1139,13,34,119,166,1.3614457831325302,0.04845674328482825,610,"For the hundredth time, you should have got your hearing checked. She didn't ask for her ex, beaten."
379,1139,8,44,114,166,1.3614457831325302,0.044530430259911345,610,Well at least it's a 4 star prison.
704,1139,13,34,119,166,1.3614457831325302,0.04845674328482825,610,I'd like to speak with the manager.
1048,1139,13,34,119,166,1.3614457831325302,0.04845674328482825,610,The judge said he wanted to see you fry.
1182,1139,11,38,117,166,1.3614457831325302,0.04692565683627859,610,That's what you get for stealing mother's recipes.
1990,1139,11,38,117,166,1.3614457831325302,0.04692565683627859,610,"""I'm sorry, but it IS a crime to add milk to an omelette""."
2019,1139,15,30,121,166,1.3614457831325302,0.04994091178610294,610,I don't have enough dough.
687,1139,16,28,122,166,1.3614457831325302,0.05066669537432947,610,Your goose is cooked. It was delicious.
2588,1139,13,34,119,166,1.3614457831325302,0.04845674328482825,610,He said he'll delete his negative Yelp review of your Duck a l'Orange just as soon as you tell the police where you're hiding his parents.
2852,1139,12,36,118,166,1.3614457831325302,0.04769734394747745,610,I didn't know that cooking the books was a crime.
3271,1139,14,32,120,166,1.3614457831325302,0.04920442378383809,610,They're saying you're gonna fry.
3369,1139,13,34,119,166,1.3614457831325302,0.04845674328482825,610,The lawyer says he wants more dough.
3457,1139,12,36,118,166,1.3614457831325302,0.04769734394747745,610,I was hoping for a confectional visit.
3480,1139,14,32,120,166,1.3614457831325302,0.04920442378383809,610,They're not so keen on getting you out but they really want your recipe for duck l'orange.
2368,1139,9,42,115,166,1.3614457831325302,0.045342899877054754,610,I'm sorry I put the jar of cannabis next to the thyme.
3516,1139,14,32,120,166,1.3614457831325302,0.04920442378383809,610,"Apparently, filleting a food critic is not considered a public service by everyone."
5472,1176,12,37,120,169,1.3609467455621302,0.04709893505201904,610,It doesn’t look good….all evidence points to Death by Chocolate
4410,1177,11,37,116,164,1.3597560975609757,0.04728700967496823,610,You should have left the gun and taken the cannoli.
5081,1177,13,33,118,164,1.3597560975609757,0.04884357360160098,610,Looks like your goose is cooked.
5529,1177,10,39,115,164,1.3597560975609757,0.04648918782806711,610,I told you not to try to take that bombe on the plane.
6706,1177,17,25,122,164,1.3597560975609757,0.0518166139237596,610,I have good news and bad news. The bad: your parole was denied. The good: Michelin just awarded the commissary four stars.
6058,1177,13,33,118,164,1.3597560975609757,0.04884357360160098,610,I told you cooking for Donald Trump wasn't worth the risk.
6558,1177,10,39,115,164,1.3597560975609757,0.04648918782806711,610,"Frankly, ignorance of the “Employees must wash hands” sign is no excuse."
7154,1177,8,43,113,164,1.3597560975609757,0.04485098869299127,610,I told you white wine with beef was criminal.
3868,1177,11,37,116,164,1.3597560975609757,0.04728700967496823,610,"I hate to tell you this, but the new chef is better."
5598,1177,15,29,120,164,1.3597560975609757,0.05035204147151816,610,I told you arsenic wasn't a spice.
3166,1177,12,35,117,164,1.3597560975609757,0.048071592267032046,610,Bad news. They found the recipe.
1253,1177,13,33,118,164,1.3597560975609757,0.04884357360160098,610,I'm prego.
2089,1177,8,43,113,164,1.3597560975609757,0.04485098869299127,610,"The fingerprints on the knife match the ones on the ladle, spoon, and spatula."
1500,1177,13,33,118,164,1.3597560975609757,0.04884357360160098,610,I spoke with the bondsman. We're going to knead more dough.
1471,1177,10,39,115,164,1.3597560975609757,0.04648918782806711,610,"So, you'll be done in 30 but I have to turn you over after 15?"
1359,1177,9,41,114,164,1.3597560975609757,0.045677433003903214,610,The Governor said no. Looks like you're going to fry.
1073,1177,14,31,119,164,1.3597560975609757,0.04960354202334999,610,"They're saying that calling it ""Death by Chocolate"" counts as a confession."
931,1177,13,33,118,164,1.3597560975609757,0.04884357360160098,610,"Listen carefully, the proof is in the pudding."
862,1177,14,31,119,164,1.3597560975609757,0.04960354202334999,610,They said you're going to fry
502,1177,17,25,122,164,1.3597560975609757,0.0518166139237596,610,The lawyer said that your goose is cooked.
464,1177,11,37,116,164,1.3597560975609757,0.04728700967496823,610,You shouldn't have cooked the books.
2704,1177,13,33,118,164,1.3597560975609757,0.04884357360160098,610,Their lawyer says you’re gonna fry.
6714,1198,14,30,118,162,1.3580246913580247,0.05001133523120331,610,They didn’t want you to literally beat Bobby Flay.
6666,1198,9,40,113,162,1.3580246913580247,0.04601877302906031,610,"To put this in terms you'll understand, for this crime you could be in jail for 6 months to a year, or until a toothpick inserted in the center comes out clean."
6318,1198,10,38,114,162,1.3580246913580247,0.04684451629808652,610,"I’m really sorry, but they said you’re not allowed to cook your own last meal."
6190,1198,12,34,116,162,1.3580246913580247,0.048453804591639095,610,“I thought murder by chocolate was just an expression”.
5367,1198,10,38,114,162,1.3580246913580247,0.04684451629808652,610,"I'm putting ketchup on it, and you can't stop me."
5732,1198,15,28,119,162,1.3580246913580247,0.05077218616239923,610,"What do you mean, you were cooking the books?"
5455,1198,7,44,111,162,1.3580246913580247,0.04432115746341826,610,I'm afraid we both knew what would come of your half-baked ideas.
5435,1198,12,34,116,162,1.3580246913580247,0.048453804591639095,610,"After being grilled for an hour, I confessed."
5956,1198,15,28,119,162,1.3580246913580247,0.05077218616239923,610,"Well, you knew it was a secret recipe."
6738,1198,14,30,118,162,1.3580246913580247,0.05001133523120331,610,Budget cuts--you have to make your final meal yourself.
6737,1198,13,32,117,162,1.3580246913580247,0.04923872881692085,610,Did you use the wrong kind of poisson?
6776,1198,11,36,115,162,1.3580246913580247,0.04765595391242546,610,You stabbed him because he asked for ketchup?
6778,1198,10,38,114,162,1.3580246913580247,0.04684451629808652,610,How much do you knead?
6845,1198,11,36,115,162,1.3580246913580247,0.04765595391242546,610,Do I add the file before or after baking?
6868,1198,13,32,117,162,1.3580246913580247,0.04923872881692085,610,I don't have enough dough to bail you out.
7151,1198,12,34,116,162,1.3580246913580247,0.048453804591639095,610,What did you expect? You got your just desserts.
7361,1198,17,24,121,162,1.3580246913580247,0.05226066742697012,610,Bad news: the jury is all lobsters.
7453,1198,14,30,118,162,1.3580246913580247,0.05001133523120331,610,"I couldn’t help myself, I kneaded the dough."
7481,1198,10,38,114,162,1.3580246913580247,0.04684451629808652,610,What do you think about free-range chickens now?
7828,1198,14,30,118,162,1.3580246913580247,0.05001133523120331,610,"To be fair, it was a crime to pair the Bordeaux with the mussels."
5278,1198,10,38,114,162,1.3580246913580247,0.04684451629808652,610,Wouldn't putting it in a cake be obvious?
6763,1198,16,26,120,162,1.3580246913580247,0.05152180241228804,610,"I promise I'll wait for you, but please just tell me where you put the dough."
5059,1198,13,32,117,162,1.3580246913580247,0.04923872881692085,610,They got me for cooking the books.
1774,1198,11,36,115,162,1.3580246913580247,0.04765595391242546,610,"Unfortunately, Zagat has a policy against reviewing prisons."
4927,1198,14,30,118,162,1.3580246913580247,0.05001133523120331,610,Did you really think they'd allow you to get away with putting pineapple on pizza??
235,1198,13,32,117,162,1.3580246913580247,0.04923872881692085,610,You left the oven on.
883,1198,12,34,116,162,1.3580246913580247,0.048453804591639095,610,Really? Bake a cake and put a file in it? That's your big idea?
890,1198,6,46,110,162,1.3580246913580247,0.043447482813111164,610,I told you that cooking the books was a half-baked idea.
1302,1198,16,26,120,162,1.3580246913580247,0.05152180241228804,610,After that meal you’re lucky you’re not on death row.
1409,1198,15,28,119,162,1.3580246913580247,0.05077218616239923,610,No one can dispute that it was a meal to die for.
1512,1198,13,32,117,162,1.3580246913580247,0.04923872881692085,610,A wise sage knew you’d end up serving thyme!
1660,1198,11,36,115,162,1.3580246913580247,0.04765595391242546,610,Don’t worry. I have it on a slow simmer.
5038,1198,11,36,115,162,1.3580246913580247,0.04765595391242546,610,Well what did you expect when you substituted butter for olive oil in that vegan dish?
1780,1198,16,26,120,162,1.3580246913580247,0.05152180241228804,610,"When I asked you to fry the chicken, I was NOT referring to my husband!"
2545,1198,16,26,120,162,1.3580246913580247,0.05152180241228804,610,He didn't mean the meal was literally to die for.
1047,1198,13,32,117,162,1.3580246913580247,0.04923872881692085,610,"You went one toque over the line, sweet Jesús."
3076,1198,14,30,118,162,1.3580246913580247,0.05001133523120331,610,How many times did I tell you to stop cooking the books.
3126,1198,9,40,113,162,1.3580246913580247,0.04601877302906031,610,I’ll see if I can get you some cage free eggs!
3131,1198,9,40,113,162,1.3580246913580247,0.04601877302906031,610,I’m sure the whole “death by chocolate” thing will be cleared up.
3212,1198,14,30,118,162,1.3580246913580247,0.05001133523120331,610,Are you cooking up an escape plan again?
3578,1198,12,34,116,162,1.3580246913580247,0.048453804591639095,610,I’m asking again: Where’d you stash the dough?
3742,1198,13,32,117,162,1.3580246913580247,0.04923872881692085,610,Evidently the jury concluded that your Waffle Crab Surprise was a form of assault.
3755,1198,13,32,117,162,1.3580246913580247,0.04923872881692085,610,And Michelin took away another star.
2723,1198,12,34,116,162,1.3580246913580247,0.048453804591639095,610,Looks like your goose is cooked.
4065,1198,11,36,115,162,1.3580246913580247,0.04765595391242546,610,"He said your goose was ready, or done, or something like that."
4614,1198,11,36,115,162,1.3580246913580247,0.04765595391242546,610,"For the last time, punching a customer in the face is an 'assault' not an 'amuse-bouche'."
4769,1198,12,34,116,162,1.3580246913580247,0.048453804591639095,610,I bake you a cake with a file in it and all you can say is my icing is too sweet?
6581,1245,13,33,119,165,1.3575757575757577,0.04859558676800869,610,Are you serving thyme?
7129,1245,11,37,117,165,1.3575757575757577,0.04705009450906852,610,"Well, you knew serving red wine with fish is a crime."
5928,1245,11,37,117,165,1.3575757575757577,0.04705009450906852,610,"It looks bad for you, official verdict was death by chocolate..."
4668,1248,14,29,117,160,1.35625,0.05042810047592576,610,"Dammit Jeff, why'd you have to put the proof in the pudding?"
7936,1248,13,31,116,160,1.35625,0.049642491531034234,610,The jury has requested an amuse-bouche.
7612,1248,9,39,112,160,1.35625,0.0463671387580016,610,"No, all mushrooms are not the same."
6363,1248,10,37,113,160,1.35625,0.04720728660710158,610,You've inspired me to write a book: LambShank Redemption.
6174,1248,13,31,116,160,1.35625,0.049642491531034234,610,"I told you not to change the menu, the President likes his fast food."
6007,1248,11,35,114,160,1.35625,0.0480327415520527,610,"I know lots of chefs use bouillon cubes Howard, but you got caught."
5834,1248,15,27,118,160,1.35625,0.05120165690494129,610,"The D.A. offered 12 years, but you'll have to serve 13."
5794,1248,12,33,115,160,1.35625,0.048844248517174955,610,How's the food in there?
5495,1248,15,27,118,160,1.35625,0.05120165690494129,610,What did I tell yo about cooking the books?
5106,1248,14,29,117,160,1.35625,0.05042810047592576,610,"I KNOW you prefer gas over electric, but I don't think that's an option for the chair..."
4929,1248,10,37,113,160,1.35625,0.04720728660710158,610,You did warn them that it was killer chili.
4713,1248,13,31,116,160,1.35625,0.049642491531034234,610,I did try to tell you that it was a bad idea to cook the books.
4707,1248,8,41,111,160,1.35625,0.04551148431333037,610,The airport is never the right place to share a bombe recipe
4482,1248,12,33,115,160,1.35625,0.048844248517174955,610,"I told you not to try a french recipe. The word was POISSON, stupid!!!"
6477,1248,8,41,111,160,1.35625,0.04551148431333037,610,They're saying nine of the jurors are Yelpers...
2980,1248,15,27,118,160,1.35625,0.05120165690494129,610,"It's okay, you're only in custardy."
260,1248,12,33,115,160,1.35625,0.048844248517174955,610,"The heat is on, they know you cooked the books and stole the dough."
484,1248,13,31,116,160,1.35625,0.049642491531034234,610,"One last time, where did you hide the dough?"
710,1248,6,45,109,160,1.35625,0.04375000000000001,610,There's simply no accounting for taste.
982,1248,12,33,115,160,1.35625,0.048844248517174955,610,I'm sure your meatloaf didn't start the riot.
1057,1248,10,37,113,160,1.35625,0.04720728660710158,610,Cook anyway you want; you have a captive audience here!
1954,1248,11,35,114,160,1.35625,0.0480327415520527,610,I'm afraid they found traces of msg on the wok.
4449,1248,12,33,115,160,1.35625,0.048844248517174955,610,I told you to study up on tort law.
2099,1248,10,37,113,160,1.35625,0.04720728660710158,610,"You couldn’t resist adding a dash of gluten, could you?"
2419,1248,9,39,112,160,1.35625,0.0463671387580016,610,"And then I fold the file in, but making sure not to disturb the egg whites."
2544,1248,11,35,114,160,1.35625,0.0480327415520527,610,"Stop complaining. This joint got five stars in ""The Complete Guide to Prison Dining."""
2657,1248,14,29,117,160,1.35625,0.05042810047592576,610,They say you’re facing six to a baker’s dozen.
2820,1248,13,31,116,160,1.35625,0.049642491531034234,610,What are you serving?
2086,1248,12,33,115,160,1.35625,0.048844248517174955,610,Your lawyer says you're looking at 20 to 25 years at 350 degrees.
918,1277,12,34,117,163,1.3558282208588956,0.04820569109267115,610,My compliments.
1627,1277,14,30,119,163,1.3558282208588956,0.04975207913042324,610,I can get you the dough tomorrow.
1930,1277,12,34,117,163,1.3558282208588956,0.04820569109267115,610,"I know he giggled, but you can't go around poking boys in the belly anymore."
2837,1277,12,34,117,163,1.3558282208588956,0.04820569109267115,610,"I should tell you, I've started seeing the Muffin Man."
3358,1277,14,30,119,163,1.3558282208588956,0.04975207913042324,610,I told you Decorated Petit Fours called Trump's Penis was not a good idea
7363,1282,14,28,116,158,1.3544303797468353,0.05085414860308856,610,I told you it wasn't a good idea to cook the books.
7834,1282,10,36,112,158,1.3544303797468353,0.047577744900438736,610,I can't wait; I'm dating the muffin man.
7713,1282,13,30,115,158,1.3544303797468353,0.05005515732730811,610,The lawyer says asking for ketchup doesn't justify murder.
3798,1282,9,38,111,158,1.3544303797468353,0.046722758423789326,610,"""Yes, I brought a file. But I don't know how to bake a cake""."
1637,1282,12,32,114,158,1.3544303797468353,0.04924320379481943,610,Looks like you're the scapegoat for the new torte reforms.
3197,1282,8,40,110,158,1.3544303797468353,0.0458518320205892,610,It's just not the same from the can.
3298,1282,16,24,118,158,1.3544303797468353,0.052415605885193284,610,I told you he'd send you to Guantanamo if you didn't cook the steak well-done and put ketchup on top.
277,1282,14,28,116,158,1.3544303797468353,0.05085414860308856,610,My tastes have changed.
3233,1282,7,42,109,158,1.3544303797468353,0.04496403946000494,610,"No, I can't bring you your knives."
2135,1282,11,34,113,158,1.3544303797468353,0.04841763588708841,610,You probably should have just baked that cake for Adam and Steve.
5545,1292,10,37,114,161,1.3540372670807452,0.04696531187238183,610,"So, you did use margarine. I knew it!"
7589,1292,8,41,112,161,1.3540372670807452,0.04528201647635073,610,Why couldn't you just hand over the dough?
7635,1292,15,27,119,161,1.3540372670807452,0.05093073018359412,610,You weren't supposed to cook the books.
2881,1295,11,36,117,164,1.353658536585366,0.04717351585858957,610,"When you said ""killer recipe,"" I thought you meant something else."
2700,1296,8,38,107,153,1.3529411764705883,0.04680227627595454,610,They found pictures of you in the tub with the Butcher and the Candlestick Maker on your hard drive.
7576,1297,11,33,112,156,1.3525641025641026,0.04881091213090623,610,The police misunderstood me when I said that you kneaded the dough and it was stollen.
7534,1297,12,31,113,156,1.3525641025641026,0.04965096302177674,610,"Then, after the grilling, the judge clarified ordering a reduction would be fruitless."
7127,1297,7,41,108,156,1.3525641025641026,0.045295178543592024,610,Think positive! It’s only 20 years and it’s not like you’ve lost a star.
6325,1297,11,33,112,156,1.3525641025641026,0.04881091213090623,610,They’re saying you beat the eggs.
5892,1297,12,31,113,156,1.3525641025641026,0.04965096302177674,610,File? Not filé ?
5517,1297,10,35,111,156,1.3525641025641026,0.04795614827227325,610,"I've brought the shank you wanted, you said lamb right?"
5475,1297,7,41,108,156,1.3525641025641026,0.045295178543592024,610,Have you spoken to your lawyer? I am concerned that your goose is cooked.
5309,1297,12,31,113,156,1.3525641025641026,0.04965096302177674,610,I'm innocent! The proof is in the pudding.
646,1297,11,33,112,156,1.3525641025641026,0.04881091213090623,610,I’ve been eating out every night.
4866,1297,6,43,107,156,1.3525641025641026,0.044372741783183595,610,I told you your plan was half baked.
4654,1297,9,37,110,156,1.3525641025641026,0.04708587018600659,610,Your appeal collapsed faster than your souffles.
4566,1297,9,37,110,156,1.3525641025641026,0.04708587018600659,610,Is this about your killer chocolate cake?
4087,1297,14,27,115,156,1.3525641025641026,0.051289805038305866,610,I warned you not to put your Spotted Dick on the dessert tray
3725,1297,10,35,111,156,1.3525641025641026,0.04795614827227325,610,"The judge didn't find your ""No soup for you"" comment very funny, it seems."
3719,1297,8,39,109,156,1.3525641025641026,0.046199201131996555,610,Good news! It was just taken off the endangered species list!
3616,1297,12,31,113,156,1.3525641025641026,0.04965096302177674,610,I told you not not to cook the books.
2459,1297,12,31,113,156,1.3525641025641026,0.04965096302177674,610,Please listen carefully as our menu items have recently changed.
2333,1297,11,33,112,156,1.3525641025641026,0.04881091213090623,610,"It's okay, they're only holding you in custardy."
4935,1297,14,27,115,156,1.3525641025641026,0.051289805038305866,610,Can we not talk about frying?
626,1316,11,34,114,159,1.3522012578616351,0.04816377070169956,610,It wasn't me. It was DiGiorno
7162,1317,6,41,104,151,1.3509933774834437,0.04525978532293358,610,"No, that's not what I meant when I said ""killer meatloaf."""
5240,1318,12,30,112,154,1.3506493506493507,0.05006783237870982,610,"That half-star review was unfair, Andre. But don't you think you overreacted?"
5291,1318,11,32,111,154,1.3506493506493507,0.04921285808890771,610,I always knew you'd serve thyme.
6413,1318,8,38,108,154,1.3506493506493507,0.0465538192612392,610,"It doesn't matter. Four and twenty or 24, its a lot of black birds and the Health Dept. won't allow it."
5039,1318,13,28,113,154,1.3506493506493507,0.05090844995603576,610,"Just because he was a food critic, doesn't mean he was asking for it."
6461,1318,13,28,113,154,1.3506493506493507,0.05090844995603576,610,It was a crime what you did to those steaks.
6611,1318,7,40,107,154,1.3506493506493507,0.04563305435739002,610,They suspected from the start that it was you who cooked the books.
7178,1318,13,28,113,154,1.3506493506493507,0.05090844995603576,610,"Now you know how your ""freshly caught"" lobsters feel."
7398,1318,10,34,110,154,1.3506493506493507,0.04834276536830878,610,Are the butcher and candlestick maker also in custody?
6459,1318,10,34,110,154,1.3506493506493507,0.04834276536830878,610,They say they're going to see that you fry.
4960,1318,10,34,110,154,1.3506493506493507,0.04834276536830878,610,"I don't care if you prefer limousin clafoutis, the file is going in a plain pound cake with vanilla icing and that's that!"
2281,1318,15,24,115,154,1.3506493506493507,0.05254935920231022,610,I told you this would happen if you continued cooking the books.
3971,1318,8,38,108,154,1.3506493506493507,0.0465538192612392,610,When you said you'd kill for a decent bearnaise sauce I didn't think you meant it literally.
264,1318,11,32,111,154,1.3506493506493507,0.04921285808890771,610,"You are looking at 30 days for beating the eggs, and another 30 days for whipping the cream. I just hope they don't find out you are also cooking the books."
352,1318,9,36,109,154,1.3506493506493507,0.04745672266003775,610,"When are you getting out, I have a dinner party Saturday night."
501,1318,9,36,109,154,1.3506493506493507,0.04745672266003775,610,You're toast.
728,1318,9,36,109,154,1.3506493506493507,0.04745672266003775,610,So you were caught cooking the books.
743,1318,12,30,112,154,1.3506493506493507,0.05006783237870982,610,I don't blame them---guacamole on white bread?
4837,1318,11,32,111,154,1.3506493506493507,0.04921285808890771,610,So what's a good substitution for the death cap mushroom?
1938,1318,11,32,111,154,1.3506493506493507,0.04921285808890771,610,"I tried to tell you, people think Death By Chocolate is hyperbole"
2182,1318,7,40,107,154,1.3506493506493507,0.04563305435739002,610,I knew you couldn't handle the heat.
2972,1318,10,34,110,154,1.3506493506493507,0.04834276536830878,610,The Judge said he was considering 7 to 10 years at 350F.
3814,1318,13,28,113,154,1.3506493506493507,0.05090844995603576,610,Chef Boy R. Dershowitz has agreed to defend you.
3472,1318,13,28,113,154,1.3506493506493507,0.05090844995603576,610,Are you rooming with a cereal killer?
991,1318,10,34,110,154,1.3506493506493507,0.04834276536830878,610,Were you one toque over the line again?
7479,1342,16,23,118,157,1.3503184713375795,0.05258796635456831,610,I told you to quit squeezing those dough boys
3573,1342,8,39,110,157,1.3503184713375795,0.04595889105150767,610,"Well, what did you expect, using margarine as a substitute?"
4886,1342,11,33,113,157,1.3503184713375795,0.048550979585057524,610,So how did they find out you cooked the books?
3138,1342,14,27,116,157,1.3503184713375795,0.051011523900516775,610,"But seriously, death by chocolate?"
7441,1342,12,31,114,157,1.3503184713375795,0.04938478445834081,610,"And while you're in here, the real Muffin Man is still at large!"
4830,1347,8,37,107,152,1.3486842105263157,0.04691592379601754,610,"The Parole Board stuck a fork in you, and you're not done yet."
3653,1347,14,25,113,152,1.3486842105263157,0.05219132265116283,610,It was that food-to-die-for ad that lead them to you
3659,1347,10,33,109,152,1.3486842105263157,0.0487378770271652,610,You steal one little recipe from Martha Stewart's play book and this is what happens.
3662,1347,8,37,107,152,1.3486842105263157,0.04691592379601754,610,"You didn't really think you could get away with substituting margarine for butter, did you?"
4026,1347,9,35,108,152,1.3486842105263157,0.04783557547865815,610,Of course I want it to go.
4205,1347,9,35,108,152,1.3486842105263157,0.04783557547865815,610,I'm moving in with the candlestick maker.
4365,1347,8,37,107,152,1.3486842105263157,0.04691592379601754,610,"I warned you about that ""Death by Chocolate"" dessert. I told you it would be considered premeditation one day."
3462,1347,11,31,110,152,1.3486842105263157,0.04962377487511157,610,You're the chef - why would I bake a cake?
6577,1347,13,27,112,152,1.3486842105263157,0.05134973986630415,610,Just tell them where you get the foie gras from!
5133,1347,10,33,109,152,1.3486842105263157,0.0487378770271652,610,"On the plus side, the commissary got a Michelin star."
5523,1347,7,39,106,152,1.3486842105263157,0.045977880876493744,610,That isn’t what I meant when I said take-out!
5552,1347,6,41,105,152,1.3486842105263157,0.04502029713531856,610,Apparently the minimum security block already has a very good sous chef.
6151,1347,8,37,107,152,1.3486842105263157,0.04691592379601754,610,"Look. If you want me to spatchcock the chicken, you have to tell me where you hid the cleaver."
6272,1347,9,35,108,152,1.3486842105263157,0.04783557547865815,610,My buns are the only ones that should matter to you.
6293,1347,13,27,112,152,1.3486842105263157,0.05134973986630415,610,"Hello, is this the Cook County Jail?"
3424,1347,8,37,107,152,1.3486842105263157,0.04691592379601754,610,I told you it was a half-baked scheme
7155,1347,11,31,110,152,1.3486842105263157,0.04962377487511157,610,"They say with good behavior and great croissants I""ll be out in a year."
7294,1347,13,27,112,152,1.3486842105263157,0.05134973986630415,610,Did you get the job in the prison kitchen?
4883,1347,15,23,114,152,1.3486842105263157,0.05301954861952767,610,"Honey, it's not your fault there was gluten in it."
3409,1347,10,33,109,152,1.3486842105263157,0.0487378770271652,610,"""so...cordon bleu is the new black?"
4882,1347,13,27,112,152,1.3486842105263157,0.05134973986630415,610,They found the dough.
3229,1347,13,27,112,152,1.3486842105263157,0.05134973986630415,610,"Was that a 1/4 tsp of Pink Himalayan Salt from the Khewra Salt Mine near Punjab, Pakistan or the Fossil River Gourmet River Flavored Salt Flakes Gently Combined with Rose Petals, Rosemary and Wine?"
3331,1347,11,31,110,152,1.3486842105263157,0.04962377487511157,610,"They're charging you with ""death by chocolate."""
211,1347,11,31,110,152,1.3486842105263157,0.04962377487511157,610,"Yeah, yeah, yeah. Life without parole. Got it. Now, how do I reset the clock on the oven?"
338,1347,11,31,110,152,1.3486842105263157,0.04962377487511157,610,Where's the dough?
361,1347,12,29,111,152,1.3486842105263157,0.050494132417504015,610,Your death by chocolate recipe is going viral.
846,1347,13,27,112,152,1.3486842105263157,0.05134973986630415,610,Your first mistake was relying on a cookbook titled ‘To Serve Man’.
928,1347,11,31,110,152,1.3486842105263157,0.04962377487511157,610,I’m sorry about what I said on Yelp.
1145,1347,8,37,107,152,1.3486842105263157,0.04691592379601754,610,You got grilled on the stand!
1165,1347,11,31,110,152,1.3486842105263157,0.04962377487511157,610,The good news is that the restaurant has turned around.
1181,1347,6,41,105,152,1.3486842105263157,0.04502029713531856,610,I guess it's not so bad. They let you keep your hat.
48,1347,9,35,108,152,1.3486842105263157,0.04783557547865815,610,So where did you hide the dough?
1486,1347,10,33,109,152,1.3486842105263157,0.0487378770271652,610,It seems the file baked in a cake wasn't an original idea after all.
1202,1347,7,39,106,152,1.3486842105263157,0.045977880876493744,610,The lawyer says your goose is cooked.'
2965,1347,7,39,106,152,1.3486842105263157,0.045977880876493744,610,The irony is you did use caged eggs.
2183,1347,9,35,108,152,1.3486842105263157,0.04783557547865815,610,I told you cooking the books was a bad idea
2151,1347,11,31,110,152,1.3486842105263157,0.04962377487511157,610,So now you're Iron Chef. Was it worth it?
3204,1347,9,35,108,152,1.3486842105263157,0.04783557547865815,610,I'm sorry I doubted how killer your risotto is.
1905,1347,11,31,110,152,1.3486842105263157,0.04962377487511157,610,You're cooked.
1843,1347,8,37,107,152,1.3486842105263157,0.04691592379601754,610,"I’m sorry, but I can’t simmer for 20 years."
1708,1347,9,35,108,152,1.3486842105263157,0.04783557547865815,610,I told you to follow the recipe.
2122,1347,10,33,109,152,1.3486842105263157,0.0487378770271652,610,The battering has to stop.
6247,1389,7,37,103,147,1.346938775510204,0.04694870100437806,610,I thought you said convection
7192,1389,9,33,105,147,1.346938775510204,0.048893316989437274,610,"Got it - 2 sticks butter, 3 cups flour, 4 eggs, 1 large file, pinch of salt..."
5387,1391,9,34,107,150,1.3466666666666667,0.048222699888011124,610,You can’t whisk your way out of this one.
5787,1391,11,30,109,150,1.3466666666666667,0.050043977676790835,610,"I'd bail you out, but we just don't have the dough."
5688,1391,11,30,109,150,1.3466666666666667,0.050043977676790835,610,Next time wait until after Passover before baking the file into the bread.
5650,1391,9,34,107,150,1.3466666666666667,0.048222699888011124,610,Just be honest with me. Did you cook the books?
5622,1391,13,26,111,150,1.3466666666666667,0.05180126078524624,610,"But darling, you cooked the books."
5967,1391,10,32,108,150,1.3466666666666667,0.04914177696321292,610,But you said the Butler did it!
4230,1391,12,28,110,150,1.3466666666666667,0.05093019890328443,610,"Well, I'm a celebrity chef in here."
4545,1391,5,42,103,150,1.3466666666666667,0.044356363129062854,610,I see you've taken 'stir-crazy' to a new level.
4540,1391,9,34,107,150,1.3466666666666667,0.048222699888011124,610,"To think I could have married the butcher, or maybe even the candlestick maker."
4452,1391,12,28,110,150,1.3466666666666667,0.05093019890328443,610,well it should be a comfort anyway that the Coq au Vin really was to die for.
4194,1391,10,32,108,150,1.3466666666666667,0.04914177696321292,610,Thirteen?! I thought you said you’d be out in a dozen!
4190,1391,11,30,109,150,1.3466666666666667,0.050043977676790835,610,They say you drowned the butcher and candle stick maker
4171,1391,7,38,105,150,1.3466666666666667,0.04632988093297065,610,And the DA says your broccoli soufflé was even more criminal.
5991,1391,7,38,105,150,1.3466666666666667,0.04632988093297065,610,I'm not really waiting for you—I'm waiting for your beignets.
4975,1391,12,28,110,150,1.3466666666666667,0.05093019890328443,610,They say you are going to fry
6002,1391,9,34,107,150,1.3466666666666667,0.048222699888011124,610,"I know it'll change the flavor, but the file must go INSIDE the cake."
7226,1391,11,30,109,150,1.3466666666666667,0.050043977676790835,610,They all said your duck confit was to die for. Then they all did.
6100,1391,11,30,109,150,1.3466666666666667,0.050043977676790835,610,How do you turn on the microwave?
7896,1391,10,32,108,150,1.3466666666666667,0.04914177696321292,610,I'm leaving you for the butcher.
7874,1391,12,28,110,150,1.3466666666666667,0.05093019890328443,610,Your lawyer told me to tell you your 'goose is cooked.'
7861,1391,7,38,105,150,1.3466666666666667,0.04632988093297065,610,The heat is on.
7826,1391,11,30,109,150,1.3466666666666667,0.050043977676790835,610,They say you could get a Michelin Star for good behavior.
7723,1391,12,28,110,150,1.3466666666666667,0.05093019890328443,610,"The children are hungry, but doing ok."
7606,1391,9,34,107,150,1.3466666666666667,0.048222699888011124,610,"I'm pretty sure they did say you would get ""time off for good flavor."""
7597,1391,15,22,113,150,1.3466666666666667,0.05350085547135709,610,You’re the chef.... make your own last meal!
4132,1391,15,22,113,150,1.3466666666666667,0.05350085547135709,610,Michelin isn’t coming.
6995,1391,9,34,107,150,1.3466666666666667,0.048222699888011124,610,They think you cooked up your alibi.
6924,1391,11,30,109,150,1.3466666666666667,0.050043977676790835,610,It doesn't look good. The butcher and the candlestick maker didn't corroborate that you were in the tub with them.
6919,1391,5,42,103,150,1.3466666666666667,0.044356363129062854,610,Why don't you arrange a prison bake?
6866,1391,9,34,107,150,1.3466666666666667,0.048222699888011124,610,Where did you bury the recipe box?
6638,1391,12,28,110,150,1.3466666666666667,0.05093019890328443,610,They are building their case around the fact your food was to die for.
6447,1391,12,28,110,150,1.3466666666666667,0.05093019890328443,610,"Don’t take this the wrong way, but your goose is cooked."
6219,1391,7,38,105,150,1.3466666666666667,0.04632988093297065,610,Just be grateful you have good knife skills
6017,1391,11,30,109,150,1.3466666666666667,0.050043977676790835,610,Now do you believe me? Over seasoning IS a crime.
4070,1391,6,40,104,150,1.3466666666666667,0.04535385770417178,610,"It was difficult in the beginning, but then I found frozen pizza."
2555,1391,8,36,106,150,1.3466666666666667,0.04728576240134247,610,Are they feeding you well?
3958,1391,9,34,107,150,1.3466666666666667,0.048222699888011124,610,"Just because you have kitchen duty, it doesn't make you a chef."
1607,1391,8,36,106,150,1.3466666666666667,0.04728576240134247,610,I told you the ponzu scheme was a bad idea.
1569,1391,7,38,105,150,1.3466666666666667,0.04632988093297065,610,You'll be done in 35-40 minutes.
1532,1391,10,32,108,150,1.3466666666666667,0.04914177696321292,610,They know you cooked the books.
1529,1391,9,34,107,150,1.3466666666666667,0.048222699888011124,610,Found someone else to butter my buns...
1523,1391,9,34,107,150,1.3466666666666667,0.048222699888011124,610,I hope you're better at this than you were cooking the books.
3972,1391,11,30,109,150,1.3466666666666667,0.050043977676790835,610,I’m done.
1355,1391,12,28,110,150,1.3466666666666667,0.05093019890328443,610,Yes. I'm sure you'll lose at least one star.
1189,1391,9,34,107,150,1.3466666666666667,0.048222699888011124,610,You won't be able to toque your way out of this one.
662,1391,13,26,111,150,1.3466666666666667,0.05180126078524624,610,I told you that cooking meth was not a good idea
581,1391,15,22,113,150,1.3466666666666667,0.05350085547135709,610,What? They're giving you 13 years instead of 12?
551,1391,10,32,108,150,1.3466666666666667,0.04914177696321292,610,"Bad news: ‘Let him simmer,’ the judge said."
424,1391,10,32,108,150,1.3466666666666667,0.04914177696321292,610,The butcher and the candlestick maker refuse to corroborate your alibi.
255,1391,11,30,109,150,1.3466666666666667,0.050043977676790835,610,How much thyme did you get?
253,1391,9,34,107,150,1.3466666666666667,0.048222699888011124,610,"Bail is set at five hundred loaves, I just don't have that kind of dough..."
199,1391,10,32,108,150,1.3466666666666667,0.04914177696321292,610,"When your friends called you a killer of a cook, I had no idea."
1739,1391,9,34,107,150,1.3466666666666667,0.048222699888011124,610,Your attorney says he doesn’t think you can beat the wrap.
1766,1391,14,24,112,150,1.3466666666666667,0.052657915621054215,610,"Well, I just don’t think that’s what they meant by “Beat Bobby Flay.”"
1489,1391,10,32,108,150,1.3466666666666667,0.04914177696321292,610,"Well you're getting the chair for sure, but at least you have five stars on yelp."
1955,1391,12,28,110,150,1.3466666666666667,0.05093019890328443,610,"Well obviously, I called it in because I believe overcooking Kobe beef IS criminal."
3627,1391,12,28,110,150,1.3466666666666667,0.05093019890328443,610,I told you putting pineapple on pizza was a crime.
3567,1391,12,28,110,150,1.3466666666666667,0.05093019890328443,610,This is what you get for cooking the books.
3501,1391,12,28,110,150,1.3466666666666667,0.05093019890328443,610,I don't think that's what he meant when he said your peach cobbler was to die for.
3338,1391,11,30,109,150,1.3466666666666667,0.050043977676790835,610,"I’d like to put in an order for the evening of April 7, 2048."
3337,1391,11,30,109,150,1.3466666666666667,0.050043977676790835,610,They’re holding me in contempt for not revealing my sauces.
3304,1391,9,34,107,150,1.3466666666666667,0.048222699888011124,610,"Oh, yes, and for the death by chocolate cake, Elaine wants your recipe."
3284,1391,10,32,108,150,1.3466666666666667,0.04914177696321292,610,It's not your fault. You did warn him that the spaghetti was to die for.
3079,1391,10,32,108,150,1.3466666666666667,0.04914177696321292,610,I thought it was oregano!
2825,1391,7,38,105,150,1.3466666666666667,0.04632988093297065,610,Michelin came. The news is surprisingly good.
2823,1391,8,36,106,150,1.3466666666666667,0.04728576240134247,610,"Yeah, I can get you a file. Is it all right if I use a mix?"
2791,1391,11,30,109,150,1.3466666666666667,0.050043977676790835,610,It’s just that I wish we had known that food critics could make citizens arrests.
2628,1391,12,28,110,150,1.3466666666666667,0.05093019890328443,610,I told you not to wear that hat in court.
2540,1391,10,32,108,150,1.3466666666666667,0.04914177696321292,610,"Ok fine, I'll post bail. But only because I haven't eaten since you've been in here."
2506,1391,6,40,104,150,1.3466666666666667,0.04535385770417178,610,Now we’re getting complaints from the inmates too.
2147,1391,15,22,113,150,1.3466666666666667,0.05350085547135709,610,Why didn't you just leave the gun and take the cannoli?
3721,1391,9,34,107,150,1.3466666666666667,0.048222699888011124,610,"On the bright side, we see each more often now."
1834,1391,12,28,110,150,1.3466666666666667,0.05093019890328443,610,How much dough do I need to bail you out?
7633,1464,9,35,109,153,1.34640522875817,0.047576510753365754,610,Didn't I tell you to take the red herring off the menu?
2812,1464,10,33,110,153,1.34640522875817,0.048471885536572966,610,I am your lawyer and they have no case for paddy cake being inappropriate touching.
7762,1466,13,25,110,148,1.3445945945945945,0.05226338552928525,610,We're starving.
7484,1466,11,29,108,148,1.3445945945945945,0.050473796570777524,610,Oh... so that's what the secret ingredient was...
6969,1466,8,35,105,148,1.3445945945945945,0.04766359355101678,610,"Ok, flour, eggs, sugar and a file. Bake at 350...."
6878,1466,8,35,105,148,1.3445945945945945,0.04766359355101678,610,Is it possible that you overreacted to the 'no substitutions' policy?
6160,1466,10,31,107,148,1.3445945945945945,0.0495547724937871,610,Cooking the books doesn’t make you a chef.
6143,1466,10,31,107,148,1.3445945945945945,0.0495547724937871,610,You promised me you would stop cooking the books.
5801,1466,7,37,104,148,1.3445945945945945,0.046689286638792134,610,Bad news. Chef Boyardee flipped on you.
5655,1466,9,33,106,148,1.3445945945945945,0.04861837938016613,610,"This is goodbye, Henri. I found where you hid the stolen truffles. Your sous chef and I are moving to Paris."
5377,1466,13,25,110,148,1.3445945945945945,0.05226338552928525,610,"What do you mean, you 'reduced' the Saucier?"
5214,1466,13,25,110,148,1.3445945945945945,0.05226338552928525,610,So are you you a top chef or a bottom chef?
5158,1466,10,31,107,148,1.3445945945945945,0.0495547724937871,610,I told you it was a half baked plan.
5079,1466,9,33,106,148,1.3445945945945945,0.04861837938016613,610,Don't you think they'll find a cake rather suspicious?
4386,1466,9,33,106,148,1.3445945945945945,0.04861837938016613,610,"The judge says the assault charges can be dropped, but your béchamel is unforgivable."
4411,1466,12,27,109,148,1.3445945945945945,0.05137638371494697,610,"The DA it's now claiming that you, the butcher, and the candle maker conspired together in some kind of ""rub-a-dub-dub"" con game."
4057,1466,7,37,104,148,1.3445945945945945,0.046689286638792134,610,You want me to bring you a cake? Wouldn’t that look suspicious?
3247,1466,10,31,107,148,1.3445945945945945,0.0495547724937871,610,If no one respects you get rid of that hat
3321,1466,10,31,107,148,1.3445945945945945,0.0495547724937871,610,"They say it was you who left the cake out in the rain, annoying millions."
276,1466,7,37,104,148,1.3445945945945945,0.046689286638792134,610,The judge denied your request for kale.
3447,1466,6,39,103,148,1.3445945945945945,0.045694209955770754,610,The only things you know how to cook are the books.
485,1466,9,33,106,148,1.3445945945945945,0.04861837938016613,610,Two stars and time served.
538,1466,9,33,106,148,1.3445945945945945,0.04861837938016613,610,You fought the Loire and the Loire won.
689,1466,11,29,108,148,1.3445945945945945,0.050473796570777524,610,I warned you not to stir the pot
757,1466,8,35,105,148,1.3445945945945945,0.04766359355101678,610,"To be fair, the bisque was criminally underseasoned."
915,1466,12,27,109,148,1.3445945945945945,0.05137638371494697,610,All he did was ask for ketchup.
395,1466,10,31,107,148,1.3445945945945945,0.0495547724937871,610,This is what happens when you cook the books...
1396,1466,14,23,111,148,1.3445945945945945,0.053135582525647894,610,"If I knew you were coming, I'd of baked a cake."
1798,1466,7,37,104,148,1.3445945945945945,0.046689286638792134,610,They said 15 to 20 or until you have a nice golden brown crust.
2369,1466,11,29,108,148,1.3445945945945945,0.050473796570777524,610,They know you cooked the books.
2836,1466,8,35,105,148,1.3445945945945945,0.04766359355101678,610,I told you not to call it ‘death by chocolate.’
2841,1466,7,37,104,148,1.3445945945945945,0.046689286638792134,610,Don’t worry I tossed the ratatouille in the river.
3262,1466,6,39,103,148,1.3445945945945945,0.045694209955770754,610,You’ll be eligible for parole after dessert.
948,1466,7,37,104,148,1.3445945945945945,0.046689286638792134,610,So out of the pot and into the fryin pan eh?
3286,1466,8,35,105,148,1.3445945945945945,0.04766359355101678,610,Can you go over the specials again?
5674,1499,8,34,104,146,1.3424657534246576,0.04804968708871018,610,It was your Creme Brulee that was the killer.
5907,1499,6,38,102,146,1.3424657534246576,0.04604156607614298,610,"Yes, I moved your roast to the slow cooker."
6053,1499,8,34,104,146,1.3424657534246576,0.04804968708871018,610,The real crime is what you’ve done to my hips.
6136,1499,8,34,104,146,1.3424657534246576,0.04804968708871018,610,"Well, Dear, I did warn you not to cook the books."
6241,1499,9,32,105,146,1.3424657534246576,0.049022910364568545,610,"No, I don't think the cake thing will work."
6497,1499,11,28,107,146,1.3424657534246576,0.050913577395343614,610,The soufflé didn't make it.
6366,1499,9,32,105,146,1.3424657534246576,0.049022910364568545,610,They're pushing for death by lethal confection.
7172,1499,13,24,109,146,1.3424657534246576,0.05273650524798515,610,"Honey, I told you not to e-mail that recipe to the Russians."
7251,1499,7,36,103,146,1.3424657534246576,0.047056339828267575,610,I think he’ll sous
7352,1499,9,32,105,146,1.3424657534246576,0.049022910364568545,610,Our butcher and candlestick maker miss you.
5588,1499,11,28,107,146,1.3424657534246576,0.050913577395343614,610,Vladimir didn’t care for the dessert.
6248,1499,8,34,104,146,1.3424657534246576,0.04804968708871018,610,Loving you was a recipe for disaster.
5450,1499,11,28,107,146,1.3424657534246576,0.050913577395343614,610,"Mr. Corleone said, ""The heat was on and he needed a patsy crook,"" not a pastry cook!"
5757,1499,11,28,107,146,1.3424657534246576,0.050913577395343614,610,I told you not to buy meat from that barber.
5312,1499,10,30,106,146,1.3424657534246576,0.04997718531392182,610,They said you need another five to ten.
870,1499,7,36,103,146,1.3424657534246576,0.047056339828267575,610,I am truly sorry. My cell phone autocorrected my text. I wanted you to find an excellent Stollen recipe.
5396,1499,4,42,100,146,1.3424657534246576,0.04394177038041047,610,The lawyer says he's going to knead more dough.
1541,1499,10,30,106,146,1.3424657534246576,0.04997718531392182,610,""" Anyway, we changed the chef's special to ""Thyme and a half ""."
1649,1499,7,36,103,146,1.3424657534246576,0.047056339828267575,610,"We’ve been over this: when you pay for a dozen, you don’t take thirteen!"
1945,1499,12,26,108,146,1.3424657534246576,0.051833055808829215,610,"Bad news, I think you're cooked."
2592,1499,7,36,103,146,1.3424657534246576,0.047056339828267575,610,I’ve purchased the file. All I need now is your recipe for the cake.
867,1499,7,36,103,146,1.3424657534246576,0.047056339828267575,610,About that bun in the oven...
2759,1499,11,28,107,146,1.3424657534246576,0.050913577395343614,610,How's playing dress-up working out for you in there?
3769,1499,5,40,101,146,1.3424657534246576,0.04500391644573036,610,I told you they had a zero-tolerance policy when it comes to gluten.
4027,1499,8,34,104,146,1.3424657534246576,0.04804968708871018,610,"Look, after that disaster in the Hamptons this is the only gig I could get you!"
4028,1499,8,34,104,146,1.3424657534246576,0.04804968708871018,610,"Nothing available on Friday, but I can see you again Saturday at 5:30, 6:15 or 9:00pm."
674,1499,8,34,104,146,1.3424657534246576,0.04804968708871018,610,You never should have cooked the books...
4609,1499,9,32,105,146,1.3424657534246576,0.049022910364568545,610,The good news is you were just awarded your second Michelin Star...
4640,1499,6,38,102,146,1.3424657534246576,0.04604156607614298,610,I’ve already lost ten pounds.
2875,1499,7,36,103,146,1.3424657534246576,0.047056339828267575,610,"Honey, that's not what he meant when he said your soufflé was to die for."
5453,1529,6,39,104,149,1.342281879194631,0.04544538652300149,610,"Well honey, at least you can look forward to a delicious final meal."
7857,1529,9,33,107,149,1.342281879194631,0.04834632686075147,610,"I have the file, but you have to tell me how to bake the cake."
369,1529,5,41,103,149,1.342281879194631,0.04443634137345018,610,Anything you knead?
2647,1529,8,35,106,149,1.342281879194631,0.04739907804334821,610,"Cooking the books, huh?"
2360,1533,9,30,102,141,1.3404255319148937,0.05015658079621688,610,"Dessert, desert ... Poisson -"
6568,1533,8,32,101,141,1.3404255319148937,0.04913619312252135,610,This was not the way to go to prove to the food critic you have a recipe to die for.
7409,1533,7,34,100,141,1.3404255319148937,0.04809416130862452,610,"So I told the nice detective that you saved your special Oil de Hemlock for dishes you made for very select customers who came in after hours to settle up, what ever that means. Was that OK, honey?"
1356,1533,2,44,95,141,1.3404255319148937,0.0425025027382083,610,I told you that dough was dirty.
2884,1537,11,27,106,144,1.3402777777777777,0.05136368268187715,610,They've got you for murder -- turns out gluten intolerance is a real thing.
119,1537,10,29,105,144,1.3402777777777777,0.050409352321959755,610,I'm leaving you for the candlestick maker
5069,1539,10,30,107,147,1.3401360544217686,0.0496906830020621,610,"Yes...one cup flour, half cup sugar...good...one teaspoon vanilla, a half teaspoon cyanide....OK, now that's where I think you went wrong."
7754,1540,5,38,99,142,1.3380281690140845,0.045677536200210526,610,"If it's any consolation, they told me you will fry in hell."
6511,1540,11,26,105,142,1.3380281690140845,0.0518244926509061,610,It's not good - they found sauce everywhere.
7693,1540,7,34,101,142,1.3380281690140845,0.04781440740044402,610,I suppose the goose is cooked.
7540,1540,11,26,105,142,1.3380281690140845,0.0518244926509061,610,Can't you just knead the Fifth?
7184,1540,10,28,104,142,1.3380281690140845,0.050851626499619204,610,I was cooking the books and there was a rat in the kitchen.
6833,1540,10,28,104,142,1.3380281690140845,0.050851626499619204,610,And you’re sure they’re all out of jumpsuits?
6442,1540,6,36,100,142,1.3380281690140845,0.046758180398606075,610,Do they know you stole Aunt Mary's recipes too?
5880,1540,8,32,102,142,1.3380281690140845,0.04884780113702849,610,I told you not to make Russian Dressing for the Inaugural dinner.
5422,1540,6,36,100,142,1.3380281690140845,0.046758180398606075,610,I thought that declining a Michelin star wasn´t a crime.
4938,1540,10,28,104,142,1.3380281690140845,0.050851626499619204,610,"Whatever you do, don’t tell the other inmates you love butter!"
4808,1540,11,26,105,142,1.3380281690140845,0.0518244926509061,610,"When the Times said your puttanesca was criminal, I never thought they’d go this far."
4427,1540,8,32,102,142,1.3380281690140845,0.04884780113702849,610,"I thought you were kidding! But I still get two more wishes, right?"
6937,1540,9,30,103,142,1.3380281690140845,0.04985978135521382,610,Our phone sex is getting a little awkward these days.
4256,1540,8,32,102,142,1.3380281690140845,0.04884780113702849,610,I think you need to dial back the Death by Chocolate recipe.
1444,1540,8,32,102,142,1.3380281690140845,0.04884780113702849,610,Don’t you think youcould have chosen a better alias than Chef Boyardee?
1067,1540,13,22,107,142,1.3380281690140845,0.05371739271649279,610,What you did to the broccoli rabe was a crime.
1187,1540,10,28,104,142,1.3380281690140845,0.050851626499619204,610,"Clyde, I'm sorry to tell you this but I've decided to go gluten free while you're in here."
840,1540,10,28,104,142,1.3380281690140845,0.050851626499619204,610,The timer still has ten years on it.
2056,1540,7,34,101,142,1.3380281690140845,0.04781440740044402,610,"It might be ""Farm to Table"" but it's still illegal in this State."
2235,1540,9,30,103,142,1.3380281690140845,0.04985978135521382,610,Did you cook the books?
922,1540,9,30,103,142,1.3380281690140845,0.04985978135521382,610,"You'll serve 8 to 10 courses, with no possibility of profiteroles."
2600,1540,13,22,107,142,1.3380281690140845,0.05371739271649279,610,Tell me it's not true Pierre! Tell me you didn't cook the books!
2636,1540,9,30,103,142,1.3380281690140845,0.04985978135521382,610,Then stop wearing the hat if the guards are making fun of you!
2844,1540,7,34,101,142,1.3380281690140845,0.04781440740044402,610,"I told you that ""chopped"" is metaphorical."
2853,1540,8,32,102,142,1.3380281690140845,0.04884780113702849,610,They did not really mean death by chocolate.
3011,1540,12,24,106,142,1.3380281690140845,0.052779429320435695,610,I couldn’t find a gluten free saw in the hardware aisle.
3375,1540,13,22,107,142,1.3380281690140845,0.05371739271649279,610,"From now on, I'm calling you Chef Boy RU Dumb."
3436,1540,8,32,102,142,1.3380281690140845,0.04884780113702849,610,So you finally got caught with your hand in the cookie jar.
738,1540,7,34,101,142,1.3380281690140845,0.04781440740044402,610,"The kids keep asking me, ""When is dinner going to be ready?"""
4334,1540,11,26,105,142,1.3380281690140845,0.0518244926509061,610,"Two counts fraud, one count embezzlement – and just a pinch of assault."
5578,1570,8,30,99,137,1.3357664233576643,0.04998644327032355,610,"When your involuntary manslaughter sentence is up, I'd like you to cater a birthday party for my mother-in-law."
5248,1571,8,31,101,140,1.3357142857142856,0.049260423676337574,610,Who would've thought that Special Counsel Mueller's ever-expanding investigation would eventually ensnare the White House Chef?
5284,1571,13,21,106,140,1.3357142857142856,0.05422604499100334,610,Your lawyer is still working on the mix-up that you worked for the Culinary Institute of America -- not the Central Intelligence Agency.
5526,1571,6,35,99,140,1.3357142857142856,0.047127905692218745,610,You had your cake. Then you had to go and eat it..
5781,1571,9,29,102,140,1.3357142857142856,0.05029278540398302,610,"If someone asks to frost your cupcake, just say no."
5168,1571,15,17,108,140,1.3357142857142856,0.05608933767842097,610,"What's the recipe, Kenneth?"
5915,1571,12,23,105,140,1.3357142857142856,0.05326996369857512,610,It's nice they're keeping you busy.
5199,1571,9,29,102,140,1.3357142857142856,0.05029278540398302,610,"Fugu, smugu,”you said. “ It’s only a fish."
6050,1571,8,31,101,140,1.3357142857142856,0.049260423676337574,610,All she wanted was the dressing on the side.
7263,1571,6,35,99,140,1.3357142857142856,0.047127905692218745,610,The chickens ask how it feels to live in a cage?
6223,1571,11,25,104,140,1.3357142857142856,0.052296406277379165,610,"I know Gordon Ramsay was asking for it, but all the same...."
6286,1571,11,25,104,140,1.3357142857142856,0.052296406277379165,610,I told you not to do the crime if you couldn't handle the thyme.
6925,1571,12,23,105,140,1.3357142857142856,0.05326996369857512,610,I didn't mean to write such a punishing review.
7167,1571,9,29,102,140,1.3357142857142856,0.05029278540398302,610,"On the bright side, how many people can say they beat Bobby Flay?"
7213,1571,8,31,101,140,1.3357142857142856,0.049260423676337574,610,I'd like to place a to go order…
4646,1571,6,35,99,140,1.3357142857142856,0.047127905692218745,610,"One more time, how many parts flour to hacksaw?"
7277,1571,11,25,104,140,1.3357142857142856,0.052296406277379165,610,"You must have known the food blogs would never let you get away with it. Cabernet and Cod, my god."
7623,1571,6,35,99,140,1.3357142857142856,0.047127905692218745,610,Remember what Julia said: never apologize.
7740,1571,7,33,100,140,1.3357142857142856,0.04820595832315205,610,The reviews were not great.
6077,1571,8,31,101,140,1.3357142857142856,0.049260423676337574,610,Sweetheart — death by chocolate is a metaphor.
4639,1571,9,29,102,140,1.3357142857142856,0.05029278540398302,610,"I followed your instructions, but I still couldn't raise the dough."
5209,1571,14,19,107,140,1.3357142857142856,0.055165558805156015,610,"Simple. Cook the book, and they book the cook."
4273,1571,6,35,99,140,1.3357142857142856,0.047127905692218745,610,"I have just one question, why didn't you blame it on the butler?"
64,1571,11,25,104,140,1.3357142857142856,0.052296406277379165,610,You should know that I’ve been having fast food.
355,1571,11,25,104,140,1.3357142857142856,0.052296406277379165,610,They want to know where you've hidden the dough.
542,1571,14,19,107,140,1.3357142857142856,0.055165558805156015,610,Can I get something to go?
1216,1571,9,29,102,140,1.3357142857142856,0.05029278540398302,610,Do I even want to ask how the food is?
1219,1571,10,27,103,140,1.3357142857142856,0.05130437785033452,610,"I’m sorry honey but, as good as your food is, your prices really are a crime"
1415,1571,10,27,103,140,1.3357142857142856,0.05130437785033452,610,"In America, 'to die for' is just an expression. He was trying to compliment your beef bourguignon."
1620,1571,10,27,103,140,1.3357142857142856,0.05130437785033452,610,"First of all, your final appeal has been denied. And even more disappointing, you cannot prepare your last meal."
2097,1571,7,33,100,140,1.3357142857142856,0.04820595832315205,610,"Yes, I know the cake is cliche, but it's simply impossible to hide a file in an amuse-bouche."
2115,1571,10,27,103,140,1.3357142857142856,0.05130437785033452,610,"Look, I'm sorry honey, but when you put the peas in the guacamole I had to report you."
2349,1571,9,29,102,140,1.3357142857142856,0.05029278540398302,610,Both the butcher and candlestick maker deny you were in the tub...
4591,1571,11,25,104,140,1.3357142857142856,0.052296406277379165,610,How do I boil an egg?
2379,1571,3,41,96,140,1.3357142857142856,0.04373459415815174,610,I'm guessing you're in for cooking the books.
2678,1571,9,29,102,140,1.3357142857142856,0.05029278540398302,610,It's more flattering than the stripes.
2893,1571,9,29,102,140,1.3357142857142856,0.05029278540398302,610,"So what did the Butcher and the Candlestick Maker get, 1 to 3 years with time off for good behavior? Did the jury even look at those guys?"
3089,1571,9,29,102,140,1.3357142857142856,0.05029278540398302,610,"What do you mean, there are all vegans in here?"
3163,1571,14,19,107,140,1.3357142857142856,0.055165558805156015,610,You left the oven on.
3411,1571,12,23,105,140,1.3357142857142856,0.05326996369857512,610,"I'm sorry, your lawyer is better in bed and he is home by 6."
3617,1571,12,23,105,140,1.3357142857142856,0.05326996369857512,610,"Sorry, they say your goose is cooked and you're going to fry."
3745,1571,10,27,103,140,1.3357142857142856,0.05130437785033452,610,He stole the cookie from the cookie jar? That's it?
3774,1571,6,35,99,140,1.3357142857142856,0.047127905692218745,610,"The food is to die for"" is merely an expression."
4036,1571,10,27,103,140,1.3357142857142856,0.05130437785033452,610,"Yes, but besides the file, did you like the cake?"
4188,1571,11,25,104,140,1.3357142857142856,0.052296406277379165,610,"Good, you got the costume. I hid the jail blueprints in the hat."
2537,1571,12,23,105,140,1.3357142857142856,0.05326996369857512,610,I knew it. You WERE cooking the books.
68,1571,9,29,102,140,1.3357142857142856,0.05029278540398302,610,What do you mean you forgot to bake the key in?
3087,1617,7,34,102,143,1.3356643356643356,0.04753767129825505,610,The Gingerbread Man's family doesn't blame you for what happened.
2654,1617,9,30,104,143,1.3356643356643356,0.04956628193580806,610,I'm here to whisk you away... Get it?
4435,1617,10,28,105,143,1.3356643356643356,0.05055006786523187,610,I told you to let me cook the books.
4884,1620,11,24,103,138,1.3333333333333333,0.052779842430491886,610,I told you not to spill the beans!
5070,1620,6,34,98,138,1.3333333333333333,0.04750556970506273,610,So...they let you keep the hat.
5127,1620,10,26,102,138,1.3333333333333333,0.05176799439992394,610,I desserting you.
5205,1620,4,38,96,138,1.3333333333333333,0.045223955017319996,610,"I can smuggle in a zester, but that’s it!"
5920,1620,8,31,102,141,1.3333333333333333,0.04896772986418029,610,About the flour. . .do I sift before measuring or measure before sifting?
5925,1620,5,36,97,138,1.3333333333333333,0.04637879504909089,610,I've been served.
6138,1620,6,34,98,138,1.3333333333333333,0.04750556970506273,610,"Cocktail weenies in barbecue sauce for a first course? Honestly, you have only yourself to blame."
6345,1620,10,26,102,138,1.3333333333333333,0.05176799439992394,610,I need your cake recipe.
7821,1620,6,33,96,135,1.3333333333333333,0.048184278657923386,610,"Just tell me, where's all the dough?"
6675,1620,9,28,101,138,1.3333333333333333,0.05073597068543737,610,you really think you're going to get a rise out of me?
6679,1620,8,30,100,138,1.3333333333333333,0.0496825140124427,610,"But Maurice, you spatchcocked the sous chef!"
7023,1620,13,20,105,138,1.3333333333333333,0.054747463983106495,610,A pea bargain is your best shot.
7125,1620,10,26,102,138,1.3333333333333333,0.05176799439992394,610,Your lawyer says you're going to flambé.
7268,1620,9,28,101,138,1.3333333333333333,0.05073597068543737,610,I told you not to do it. Pineapple? On pizza?
7341,1620,7,32,99,138,1.3333333333333333,0.04860623083308938,610,No! Really? You think the butler did it?
7613,1620,10,26,102,138,1.3333333333333333,0.05176799439992394,610,The real crime was dessert
4551,1620,8,30,100,138,1.3333333333333333,0.0496825140124427,610,So do you think you'll be home in time to fix supper?
6516,1620,11,24,103,138,1.3333333333333333,0.052779842430491886,610,"""Don't look at me. I told you it was a recipe for disaster."
3870,1620,11,24,103,138,1.3333333333333333,0.052779842430491886,610,I'm dating the assistant manager at McDonalds.
7668,1620,7,32,99,138,1.3333333333333333,0.04860623083308938,610,"No, I didn't realize impersonating a chef was a crime either."
3569,1620,7,33,101,141,1.3333333333333333,0.04792203507216295,610,I told you it was a crime serving caviar on Triscuits
313,1620,12,23,106,141,1.3333333333333333,0.05294437702368598,610,You were chasing a gingerbread man through TSA?
334,1620,5,36,97,138,1.3333333333333333,0.04637879504909089,610,They say white is the new orange.
410,1620,6,34,98,138,1.3333333333333333,0.04750556970506273,610,I've been charged with death by chocolate -- tell my lawyer that a plain vanilla defense simply will not suffice.
459,1620,7,32,99,138,1.3333333333333333,0.04860623083308938,610,"Honey, I swear I thought it was oregano!"
496,1620,6,34,98,138,1.3333333333333333,0.04750556970506273,610,I want all my meals to be like it was my last.
751,1620,10,26,102,138,1.3333333333333333,0.05176799439992394,610,"A cake 'to die for' is just an expression, Dear."
1306,1620,9,28,101,138,1.3333333333333333,0.05073597068543737,610,I'm leaving you Marcel. Mother was right. You ARE a bad egg.
1313,1620,7,32,99,138,1.3333333333333333,0.04860623083308938,610,I told you they take the secret sauce very seriously.
1684,1620,11,24,103,138,1.3333333333333333,0.052779842430491886,610,They found traces of truffle on the blade.
1946,1620,11,24,103,138,1.3333333333333333,0.052779842430491886,610,"When I said you have to kill the cow first, I didn't mean my mother!"
2012,1620,8,30,100,138,1.3333333333333333,0.0496825140124427,610,"Sorry Charles, I spilled the beans."
2039,1620,7,32,99,138,1.3333333333333333,0.04860623083308938,610,I hear you have flipped for the Special Counsel.
2264,1620,12,22,104,138,1.3333333333333333,0.053772653735747016,610,"First, the good news. Oklahoma called. They want that recipe for a lethal cocktail."
2638,1620,6,34,98,138,1.3333333333333333,0.04750556970506273,610,I'm sorry that this is the way the cookie crumbled.
2648,1620,13,20,105,138,1.3333333333333333,0.054747463983106495,610,I wouldn't this personally...He's getting rid of just about everybody in the W.H. these days.
2650,1620,8,30,100,138,1.3333333333333333,0.0496825140124427,610,"I guess that appointment as ""Official Chef to the President"" didn't work out."
2716,1620,9,28,101,138,1.3333333333333333,0.05073597068543737,610,"The lawyer says that for ""death by chocolate"" you might get five-to-ten."
2722,1620,6,34,98,138,1.3333333333333333,0.04750556970506273,610,"Ted, he said he wanted his STEAK bloody."
3129,1620,7,32,99,138,1.3333333333333333,0.04860623083308938,610,You'll get early release if you tell them where you've stashed the dough.
283,1620,7,32,99,138,1.3333333333333333,0.04860623083308938,610,Remember how I told you the prices you charge are criminal?
3850,1620,11,24,103,138,1.3333333333333333,0.052779842430491886,610,"Hey there, What´s cookin´!"
565,1662,7,32,100,139,1.330935251798561,0.048314829194731256,610,You obviously misunderstood your boss when he told you to cook the books.
4291,1662,10,26,103,139,1.330935251798561,0.05145013084319604,610,It doesn't matter that you dressed up like a chef; microwaving fish in the office break room is still a felony.
5851,1662,8,30,101,139,1.330935251798561,0.04938205275878442,610,"Apparently, overcooking pasta in Italy really IS a crime"
4423,1665,7,31,98,136,1.3308823529411764,0.049015522705595845,610,I suppose it’s better than being a jailhouse lawyer.
4526,1665,7,31,98,136,1.3308823529411764,0.049015522705595845,610,Not sure why. I just have this strange feeling that your goose is cooked.
4607,1665,11,23,102,136,1.3308823529411764,0.053275241093751376,610,Vito wants to know where you stashed the dough.
4686,1665,10,25,101,136,1.3308823529411764,0.052242883263882905,610,"Honey , your lawyer just said your goose is cooked."
4862,1665,10,25,101,136,1.3308823529411764,0.052242883263882905,610,I told you that making a giant sandwich and putting it on the subway tracks was a bad idea!
5087,1665,10,25,101,136,1.3308823529411764,0.052242883263882905,610,Ready to reveal your killer secret ingredient now?
5162,1665,10,25,101,136,1.3308823529411764,0.052242883263882905,610,You and your Death by Chocolate recipe!
4281,1665,11,23,102,136,1.3308823529411764,0.053275241093751376,610,They found the gluten.
6812,1665,7,31,98,136,1.3308823529411764,0.049015522705595845,610,"The verdict said, ""Let sit 3-5 years, then fry."""
7234,1665,9,27,100,136,1.3308823529411764,0.05118970980431573,610,"Let me get this straight -- 3 cups of flour, cocoa butter, nutmeg and a hacksaw blade."
7571,1665,11,23,102,136,1.3308823529411764,0.053275241093751376,610,"""I just need to know why you left the cake out in the rain""."
7737,1665,7,31,98,136,1.3308823529411764,0.049015522705595845,610,You were still using trans fats?
7768,1665,8,29,99,136,1.3308823529411764,0.0501144083869741,610,"They seized everything, even the sourdough starter."
7926,1665,7,31,98,136,1.3308823529411764,0.049015522705595845,610,Take the plea bargain or they could drop you to one star.
6364,1665,12,21,103,136,1.3308823529411764,0.054287970817400916,610,I have the hacksaw all ready... when can you smuggle out the cake?
2749,1665,12,21,103,136,1.3308823529411764,0.054287970817400916,610,"If I told you once I told you a thousand times, Arsnic is not a spice!"
7045,1665,8,29,99,136,1.3308823529411764,0.0501144083869741,610,"I told you the ""Kiss the Cook"" apron wouldn't fly in the #metoo era."
2627,1665,9,27,100,136,1.3308823529411764,0.05118970980431573,610,Seems a bit extreme for a fallen souffle......
2646,1665,7,31,98,136,1.3308823529411764,0.049015522705595845,610,"The lawyer said you will serve 10 years, rotate and then serve 5 more years or until you are old and gray."
122,1665,10,25,101,136,1.3308823529411764,0.052242883263882905,610,"Carl, I’ve heard of joining gangs in prison to protect yourself, but couldn’t you have picked one with a more intimidating uniform?"
214,1665,11,23,102,136,1.3308823529411764,0.053275241093751376,610,Hope you fry!
229,1665,8,29,99,136,1.3308823529411764,0.0501144083869741,610,"I told you that mixing red wine with fish was a crime, but you wouldn't listen."
898,1665,10,25,101,136,1.3308823529411764,0.052242883263882905,610,"Tell me, Louie, what did you do with the dough?"
1230,1665,9,27,100,136,1.3308823529411764,0.05118970980431573,610,I need your cake recipe.
1234,1665,12,21,103,136,1.3308823529411764,0.054287970817400916,610,"When they said they wanted a souffle to die for, it was just a figure of speech."
1733,1665,5,35,96,136,1.3308823529411764,0.04674030960911048,610,"Bad news, I'm afraid your goose is cooked."
767,1665,8,29,99,136,1.3308823529411764,0.0501144083869741,610,No. 'Glu-ten'. Not 'Putin.'
2017,1665,12,21,103,136,1.3308823529411764,0.054287970817400916,610,"Honey, that souffle WAS a crime."
2047,1665,8,29,99,136,1.3308823529411764,0.0501144083869741,610,I can't believe that they figured out that you were an impasta the whole time!
2174,1665,9,27,100,136,1.3308823529411764,0.05118970980431573,610,"For God's sake, your boss is a clown and it's just a hamburger. Tell them the formula for the secret sauce."
2625,1665,11,23,102,136,1.3308823529411764,0.053275241093751376,610,"Listen, Maurice, I need some more dough."
2191,1665,11,23,102,136,1.3308823529411764,0.053275241093751376,610,Turns out your eclairs really were to die for.
2287,1665,6,33,97,136,1.3308823529411764,0.047891429340009714,610,He will think twice asking for Ketchup again.
2500,1665,7,31,98,136,1.3308823529411764,0.049015522705595845,610,I told you that using Velvetta in that dish was a crime.
1816,1665,9,27,100,136,1.3308823529411764,0.05118970980431573,610,"It's a little late to debate whether ""well done"" is or is not criminal."
2562,1700,6,32,95,133,1.330827067669173,0.04858654281797334,610,Your goose is cooked. They're going to allow the blackbirds' wives and kids to testify.
7126,1701,10,25,102,137,1.3284671532846715,0.05191635551804841,610,I told you not to steal the dough.
5096,1701,9,27,101,137,1.3284671532846715,0.05087205287110615,610,I’m afraid the Judge found that you cooked the books—and that your alibi was half-baked.
1740,1701,10,25,102,137,1.3284671532846715,0.05191635551804841,610,"You do realize that ""to die for"" is just an expression."
3217,1701,6,33,98,137,1.3284671532846715,0.047601881711265316,610,The prosecutor says the cake was to die for.
7464,1705,10,24,100,134,1.328358208955224,0.05272947178584024,610,The judge said you needed a little more seasoning.
7137,1705,8,28,98,134,1.328358208955224,0.05055645847511103,610,"Sooner or later, I sure you'll get used to margarine."
6947,1705,5,34,95,134,1.328358208955224,0.047109372121091606,610,The lawyer is working on your change of menu request.
4478,1705,11,22,101,134,1.328358208955224,0.05378306467139791,610,Your insanity plea qualifies you for the head-chef position.
5653,1705,7,30,97,134,1.328358208955224,0.04943414450470018,610,"As it turns out, your bœuf Bourguignon actually WAS to die for."
3838,1705,9,26,99,134,1.328358208955224,0.05165439327085039,610,"Actually, your goose is cooked is the bad news."
6673,1705,9,26,99,134,1.328358208955224,0.05165439327085039,610,"Oh Alfred, how many times have I told you not to pick your own mushrooms!"
3043,1705,10,24,100,134,1.328358208955224,0.05272947178584024,610,You got the dough?
2535,1705,9,26,99,134,1.328358208955224,0.05165439327085039,610,The uniforms were different in women's prison.
2166,1705,9,26,99,134,1.328358208955224,0.05165439327085039,610,did you say takeout or breakout?
2141,1705,8,28,98,134,1.328358208955224,0.05055645847511103,610,All they had to do was follow the bread crumbs
1247,1705,12,20,102,134,1.328358208955224,0.05481641082816183,610,"Tell them where the dough is, dear, and I'm sure they'll let you out."
1124,1705,10,24,100,134,1.328358208955224,0.05272947178584024,610,I'm think your goose is cooked.
1113,1705,8,28,98,134,1.328358208955224,0.05055645847511103,610,Could I get something to go?
3652,1705,9,26,99,134,1.328358208955224,0.05165439327085039,610,No! The plan was for ME to take the fall and YOU were going to bake the cake with the file in it!
6394,1720,11,22,102,135,1.325925925925926,0.0534385670233501,610,There's some good news! You won't lose any Michelin stars.
7420,1720,14,16,105,135,1.325925925925926,0.05645666837539841,610,There wasn't enough dough to bribe the jury.
1808,1720,10,24,101,135,1.325925925925926,0.0523939130624497,610,"When those critics said your food was a crime against humanity, I didn't think they'd actually charge you!"
4135,1720,8,28,99,135,1.325925925925926,0.05023948135648348,610,Exactly how many truffles does one have to steal to get 20 years in prison?
4362,1724,10,23,99,132,1.3257575757575757,0.05322820875194869,610,The White House believes you're the leak about the president's preference for fast foods.
3903,1724,7,29,96,132,1.3257575757575757,0.04986242015716074,610,You've bitten off more than you can chew this time.
3957,1724,9,25,98,132,1.3257575757575757,0.05213043051747314,610,The proof is in the pudding? But we ate it last night.
4053,1724,8,27,97,132,1.3257575757575757,0.05100903218973246,610,Just tell the jury that you couldn't create an omelette without breaking some legs.
3232,1724,9,25,98,132,1.3257575757575757,0.05213043051747314,610,"I told you somebody would notice the difference between ""un plat de poisson"" and ""un plat de poison""."
4161,1724,9,25,98,132,1.3257575757575757,0.05213043051747314,610,Cut the confession Phil. I only care if my cake will be ready Thursday.
4191,1724,9,25,98,132,1.3257575757575757,0.05213043051747314,610,You’ll be gluten free in 5 years with good behavior.
3857,1724,7,29,96,132,1.3257575757575757,0.04986242015716074,610,"Why did you do it, sweetheart? We had plenty of dough."
4276,1724,11,21,100,132,1.3257575757575757,0.05430379938774966,610,The chicken's family is suing.
4519,1724,5,33,94,132,1.3257575757575757,0.047486209597327994,610,So cooking a filet mignon well-done is literally a crime?
5990,1724,6,31,95,132,1.3257575757575757,0.048688813118880785,610,"A cup of sugar, two eggs, a soupçon of nutmeg and then the file?"
5308,1724,6,31,95,132,1.3257575757575757,0.048688813118880785,610,The lawyer said you're looking at a baker's dozen...
5486,1724,13,17,102,132,1.3257575757575757,0.056393470100294635,610,"I told you, a ‘Trump in the Dump’ cake was a bad idea."
5774,1724,6,31,95,132,1.3257575757575757,0.048688813118880785,610,"Well, the lawyer says you'll be in long enough to make this place a Michelin 3-star."
6207,1724,8,27,97,132,1.3257575757575757,0.05100903218973246,610,I warned you not to mess with vegans!
6599,1724,6,31,95,132,1.3257575757575757,0.048688813118880785,610,"When you first told me you worked at a high volume eatery, I pictured something different."
6959,1724,7,29,96,132,1.3257575757575757,0.04986242015716074,610,They found evidence that you colluded with Russians on your borscht.
7218,1724,9,25,98,132,1.3257575757575757,0.05213043051747314,610,"""Mrs. Candlestick maker"" just has a better ring to it given the circumstances"
7543,1724,8,27,97,132,1.3257575757575757,0.05100903218973246,610,"Who knew ""Oysters a la Trump"" was a food crime in Manhattan?"
7586,1724,8,27,97,132,1.3257575757575757,0.05100903218973246,610,Let's face it. You were 'Chopped'.
7722,1724,8,27,97,132,1.3257575757575757,0.05100903218973246,610,After you cooked the books you could have flamed them.
4768,1724,10,23,99,132,1.3257575757575757,0.05322820875194869,610,I've got one in the oven.
3207,1724,10,23,99,132,1.3257575757575757,0.05322820875194869,610,I'm working on your bail -- but they want the bouillabaisse recipe as collateral.
1899,1724,5,33,94,132,1.3257575757575757,0.047486209597327994,610,The DA says your story is half-baked at best.
3031,1724,5,33,94,132,1.3257575757575757,0.047486209597327994,610,"I swear I didn't tell them anything, but they found the kimchi you buried in the yard."
3095,1724,9,25,98,132,1.3257575757575757,0.05213043051747314,610,"Read your tweets! The White House has doubled down, accusing you of using 'fake recipes'! and what do you know about a non-disclosure with Betty Crocker?"
168,1724,3,37,92,132,1.3257575757575757,0.04498465582744299,610,"You knew chablis with beef was a crime, but you still did it anyway."
254,1724,4,35,93,132,1.3257575757575757,0.04625234784221697,610,"Yes, I'm sure the food in there does suck."
262,1724,12,19,101,132,1.3257575757575757,0.05535849572512689,610,"Oh, one more thing...the dish ran away with the spoon."
275,1724,7,29,96,132,1.3257575757575757,0.04986242015716074,610,"I don't like it either, but if Big Cletus says you look sexy in it, you'd better not take it off."
486,1724,10,23,99,132,1.3257575757575757,0.05322820875194869,610,"Honey, 'to die for' is just an expression."
563,1724,6,31,95,132,1.3257575757575757,0.048688813118880785,610,And I'll need that to go.
723,1724,9,25,98,132,1.3257575757575757,0.05213043051747314,610,"Hello, I'm your sue chef."
826,1724,7,29,96,132,1.3257575757575757,0.04986242015716074,610,Don't worry. I'm cooking up a scheme to get you out.
841,1724,12,19,101,132,1.3257575757575757,0.05535849572512689,610,"The proof was in the pudding? Really, Bob?"
1120,1724,8,27,97,132,1.3257575757575757,0.05100903218973246,610,I warned you about cooking the books.
1690,1724,5,33,94,132,1.3257575757575757,0.047486209597327994,610,He wasn't being literal when he said he'd die for your tiramisu.
1850,1724,8,27,97,132,1.3257575757575757,0.05100903218973246,610,"I'm sorry, but I just can't keep my oven pre-heated for you."
1883,1724,4,35,93,132,1.3257575757575757,0.04625234784221697,610,They're calling you the Behind Iron Bars Chef.
2308,1724,6,31,95,132,1.3257575757575757,0.048688813118880785,610,I’m hearing the candlestick-maker has turned state’s witness.
2524,1724,8,27,97,132,1.3257575757575757,0.05100903218973246,610,"Just be honest, did you cook the books or not?"
2698,1724,11,21,100,132,1.3257575757575757,0.05430379938774966,610,You must've known that family thought 'Death by Chocolate' was the name of the cake.
2834,1724,12,19,101,132,1.3257575757575757,0.05535849572512689,610,"Pierre, just give them the recipe and this will all go away."
2920,1724,8,27,97,132,1.3257575757575757,0.05100903218973246,610,We really need to know what’s in that secret sauce.
2960,1724,8,27,97,132,1.3257575757575757,0.05100903218973246,610,The soufflé was to die for.
2989,1724,9,25,98,132,1.3257575757575757,0.05213043051747314,610,This will teach you to check the expiration date.
1161,1724,10,23,99,132,1.3257575757575757,0.05322820875194869,610,Your avocado toast killed again. Only you can make it stop.
4569,1771,11,23,105,139,1.3237410071942446,0.052281716589006745,610,"You should know, I've started dating again. You might know them -- the butcher and candlestick maker?"
1613,1772,11,21,101,133,1.3233082706766917,0.053949581304250906,610,"Just tell me, did I eat your victims?"
4720,1772,3,37,93,133,1.3233082706766917,0.04471228008592287,610,"By the way, honey...your goose is cooked."
433,1772,6,31,96,133,1.3233082706766917,0.04838338030915421,610,When they said you could get one to three I don’t think they meant Michelin stars.
1254,1772,5,33,95,133,1.3233082706766917,0.04719142213991337,610,Your fingerprints were all over the knives.
4370,1776,11,20,99,130,1.323076923076923,0.05483795678650092,610,I told you not to work in the White House.
4673,1776,8,26,96,130,1.323076923076923,0.05147251452365186,610,half-baked excuses Tony
4743,1776,9,24,97,130,1.323076923076923,0.05261825097591534,610,"The jury was willing to overlook the burnt shish kabob, but not the skewered sous chef"
4850,1776,5,32,93,130,1.323076923076923,0.04787105595510675,610,Are you sure you didn't add gluten?
5045,1776,5,32,93,130,1.323076923076923,0.04787105595510675,610,Your parole officer says to keep you in at 78 degrees for 7 years.
5101,1776,6,30,94,130,1.323076923076923,0.04910090205519472,610,I know you didn't cook the books. Just tell them where to find the dough.
5174,1776,7,28,95,130,1.323076923076923,0.05030068754013894,610,"OK, One more time, do I chill the file before I fold it into the egg whites or not?"
5462,1776,10,22,98,130,1.323076923076923,0.05373956568619883,610,"How could you have done that, Howard? Ketchup? Really?!"
5821,1776,11,20,99,130,1.323076923076923,0.05483795678650092,610,Your attorney says your goose is cooked
5824,1776,5,32,93,130,1.323076923076923,0.04787105595510675,610,"Well what did you expect, Charles? You served them kale..."
7649,1776,6,30,94,130,1.323076923076923,0.04910090205519472,610,350 degrees for 5 to 10 years. Got it.
5983,1776,8,26,96,130,1.323076923076923,0.05147251452365186,610,The cops found the dough.
6172,1776,7,28,95,130,1.323076923076923,0.05030068754013894,610,Don’t worry about the dough.
6355,1776,10,22,98,130,1.323076923076923,0.05373956568619883,610,That really was a killer soufflé
6524,1776,11,20,99,130,1.323076923076923,0.05483795678650092,610,I guess it really was a killer recipe
6580,1776,7,28,95,130,1.323076923076923,0.05030068754013894,610,So what did you put in the Chef's Surprise this time?
6677,1776,9,24,97,130,1.323076923076923,0.05261825097591534,610,"Honestly, I didn't think your souffle was that bad."
6997,1776,8,26,96,130,1.323076923076923,0.05147251452365186,610,I hope you cook up a better scheme next time.
7078,1776,12,18,100,130,1.323076923076923,0.05591477522886956,610,I'm leaving you for my butcher. I only wanted you for your dough anyway.
7093,1776,6,30,94,130,1.323076923076923,0.04910090205519472,610,I can get you some dough if you think you'll knead it.
7118,1776,8,26,96,130,1.323076923076923,0.05147251452365186,610,Celebrity Chefs Behind Bars called - you're featured in next month's show.
7371,1776,7,28,95,130,1.323076923076923,0.05030068754013894,610,At home I couldn't even get you to boil water.
7399,1776,7,28,95,130,1.323076923076923,0.05030068754013894,610,You serve liver Jello and expected no consequences?
7506,1776,7,28,95,130,1.323076923076923,0.05030068754013894,610,Cutthroat Kitchen is just a name!
7567,1776,6,30,94,130,1.323076923076923,0.04910090205519472,610,Give 'em the secret sauce recipe and you'll be out in less than six months
4303,1776,9,24,97,130,1.323076923076923,0.05261825097591534,610,"You're in for cooking the books, that doesn't make you a cook."
6508,1776,11,20,99,130,1.323076923076923,0.05483795678650092,610,But you didn’t have to cook the books.
4298,1776,9,24,97,130,1.323076923076923,0.05261825097591534,610,"I know you're innocent dear, but they pulled six of your knives out of Gordon Ramsay."
2029,1776,6,30,94,130,1.323076923076923,0.04910090205519472,610,"So, should we change the menu in five years?"
3912,1776,9,24,97,130,1.323076923076923,0.05261825097591534,610,"I know you like to please your customers, darling, but the order was for ""Three filet mignons,"" not ""Three filleted minions."""
7862,1776,9,24,97,130,1.323076923076923,0.05261825097591534,610,"If you plead guilty to beating the eggs, the D.A. will let you slide on the salt charge."
50,1776,9,24,97,130,1.323076923076923,0.05261825097591534,610,I miss your muffins...
154,1776,8,26,96,130,1.323076923076923,0.05147251452365186,610,You can’t keep decking people who say their favorite restaurant is Olive Garden. This is my last visit.
736,1776,6,30,94,130,1.323076923076923,0.04910090205519472,610,"The Sous Chef plans to sue, Chef."
775,1776,6,30,94,130,1.323076923076923,0.04910090205519472,610,Remember to shiv the biggest guy in the yard and let 'em know you ain't anybody's sous chef.
788,1776,8,26,96,130,1.323076923076923,0.05147251452365186,610,The kitchen had a rat.
905,1776,3,36,91,130,1.323076923076923,0.04531133224154014,610,Grated parmesan on seafood risotto? Criminal.
1293,1776,9,24,97,130,1.323076923076923,0.05261825097591534,610,"I know was a horrible review, honey, but the meat cleaver was probably not the best way to respond."
1343,1776,6,30,94,130,1.323076923076923,0.04910090205519472,610,"Don't worry, I hid the money among your recipes. No one will ever look there."
1354,1776,5,32,93,130,1.323076923076923,0.04787105595510675,610,I wanted you to know I am leaving you and I am taking the Le Creuset with me.
1413,1776,11,20,99,130,1.323076923076923,0.05483795678650092,610,Just tell me where you hid the dough
1506,1776,10,22,98,130,1.323076923076923,0.05373956568619883,610,"Look at the bright side, you're finally head chef of somewhere."
1548,1776,8,26,96,130,1.323076923076923,0.05147251452365186,610,They say the shoe print in the ketchup matches yours.
1742,1776,6,30,94,130,1.323076923076923,0.04910090205519472,610,Fifteen to life and you're worried about the mise en place?
1861,1776,5,32,93,130,1.323076923076923,0.04787105595510675,610,"I'll never forget you, Boyardee."
1924,1776,9,24,97,130,1.323076923076923,0.05261825097591534,610,The DA is offering a life sentence or death by chocolate.
2651,1776,9,24,97,130,1.323076923076923,0.05261825097591534,610,"Sorry, we don’t have the bread to make your bail!!"
2910,1776,6,30,94,130,1.323076923076923,0.04910090205519472,610,"Martha Stewart says, 'Stay away from the meatloaf.'"
3024,1776,6,30,94,130,1.323076923076923,0.04910090205519472,610,The eggs are pressing charges....
3090,1776,8,26,96,130,1.323076923076923,0.05147251452365186,610,I told you he only eats fast foods; it's his way of making America great- hates French anything!
3092,1776,8,26,96,130,1.323076923076923,0.05147251452365186,610,So what if she thought it needed salt?
3097,1776,5,32,93,130,1.323076923076923,0.04787105595510675,610,You didn't leave me enough dough to pay your bail.
3159,1776,9,24,97,130,1.323076923076923,0.05261825097591534,610,So that bank job wasn't a piece of cake after all?
3184,1776,8,26,96,130,1.323076923076923,0.05147251452365186,610,So you really did create a killer menu for restaurant reviewers.
3541,1776,12,18,100,130,1.323076923076923,0.05591477522886956,610,"I know, Honey. It's not your fault the President didn't like your Tarte Flambe´."
3550,1776,5,32,93,130,1.323076923076923,0.04787105595510675,610,When they said “Death By Chocolate” they didn’t mean it literally.
3595,1776,7,28,95,130,1.323076923076923,0.05030068754013894,610,"Yes, Salmon Creme Brulee is a crime, son."
4134,1776,6,30,94,130,1.323076923076923,0.04910090205519472,610,The judge said your defense was half-baked.
849,1834,0,41,86,127,1.3228346456692914,0.04165356338963761,610,So what half-baked scheme did you get into now?
4086,1834,6,29,92,127,1.3228346456692914,0.04984902812264091,610,"Okay I'll do it, but if you ask me it sounds like a recipe for disaster."
5417,1836,7,29,98,134,1.3208955223880596,0.04923468412205862,610,I TOLD you to stop bragging about your 'killer' chili.
2073,1837,10,22,99,131,1.3206106870229009,0.05338475942949052,610,I told you that your food was so good that it should be illegal.
4490,1837,11,20,100,131,1.3206106870229009,0.05447359315705986,610,Who eats a meal that is literally worth dying for?
4577,1837,9,24,98,131,1.3206106870229009,0.05227325059003197,610,"Now that you've cooked the books, the least I can do is to send you the file."
4860,1837,9,24,98,131,1.3206106870229009,0.05227325059003197,610,"It may have been Michelin Five Star to you, but they’re still all dead."
7414,1837,9,24,98,131,1.3206106870229009,0.05227325059003197,610,I have bad news ... it appears those brownies really were to die for.
7654,1837,6,30,95,131,1.3206106870229009,0.04878701969745001,610,We're going to need some more dough.
1839,1837,5,32,94,131,1.3206106870229009,0.04756819818810751,610,This time your goose is cooked.
5456,1844,9,23,96,128,1.3203125,0.053118305217348435,610,"Yes Franco, I know he said your risotto was to die for, but honestly..."
5245,1844,9,23,96,128,1.3203125,0.053118305217348435,610,I don’t quite know how to break this to you - but your goose is cooked...
5183,1844,5,31,92,128,1.3203125,0.048264151965111926,610,"Okay! you win. You make a ""killer chili."""
5075,1844,8,25,95,128,1.3203125,0.05194730842979638,610,Hand over the cobbler recipe and your name gets cleared.
5030,1844,8,25,95,128,1.3203125,0.05194730842979638,610,"You know I didn’t literally mean “Death by Chocolate “, right?"
4831,1844,6,29,93,128,1.3203125,0.0495223167973229,610,"And, since you've been here, the dish ran away with the spoon."
4811,1844,7,27,94,128,1.3203125,0.05074929907927204,610,"We know, we know ... your Cassoulet is to die for. No one ever took you seriously."
4674,1844,7,27,94,128,1.3203125,0.05074929907927204,610,Forensics found a DNA match on last Thursday's Meat Pie Special.
4779,1844,7,27,94,128,1.3203125,0.05074929907927204,610,I told the staff at the restaurant to put everything in the SLOW cooker
4777,1844,6,29,93,128,1.3203125,0.0495223167973229,610,"They're calling it the, ""French Confection."""
5516,1844,9,23,96,128,1.3203125,0.053118305217348435,610,Of course we needed the dough.
4601,1844,10,21,97,128,1.3203125,0.054264038231838015,610,I told you to keep your hands out of the cookie jar!
4552,1844,4,33,91,128,1.3203125,0.04697229895213162,610,I warned you the prix fixe was robbery.
4467,1844,6,29,93,128,1.3203125,0.0495223167973229,610,"When they said ' You are going to fry for this', I don't think this is what they meant."
4443,1844,9,23,96,128,1.3203125,0.053118305217348435,610,I guess you won't put tomatoes in clam chowder again.
4242,1844,4,33,91,128,1.3203125,0.04697229895213162,610,"I think the officer meant ""parole,"" not ""profiterole."""
4789,1844,7,27,94,128,1.3203125,0.05074929907927204,610,Forensics just analyzed the secret sauce.
5583,1844,7,27,94,128,1.3203125,0.05074929907927204,610,We're going for an insanitary plea.
5897,1844,6,29,93,128,1.3203125,0.0495223167973229,610,"I COULD have married a butcher. Or a candlestick maker. But, NO...."
5895,1844,7,27,94,128,1.3203125,0.05074929907927204,610,All I said was that you had the dough!
7711,1844,8,25,95,128,1.3203125,0.05194730842979638,610,I don't care what the recipe said; you should have never cooked the books.
7700,1844,6,29,93,128,1.3203125,0.0495223167973229,610,Your lawyer thinks that you've got a half-baked alibi.
7621,1844,7,27,94,128,1.3203125,0.05074929907927204,610,Just talked to your lawyer. You're cooked.
7353,1844,9,23,96,128,1.3203125,0.053118305217348435,610,They would've voted to acquit if you hadn't used the kale.
7328,1844,9,23,96,128,1.3203125,0.053118305217348435,610,"When they said out in thirty, they weren't talking about the souffle."
7217,1844,12,17,99,128,1.3203125,0.05648582864181389,610,I'm afraid someone's left your cake out in the rain.
7159,1844,9,23,96,128,1.3203125,0.053118305217348435,610,And just how do you propose I smuggle in the saffron and cardamom?
6994,1844,8,25,95,128,1.3203125,0.05194730842979638,610,You can be the leg-iron chef.
6705,1844,8,25,95,128,1.3203125,0.05194730842979638,610,I told you your mother's recipes were deadly.
6444,1844,6,29,93,128,1.3203125,0.0495223167973229,610,"But Kevin, of course they can order just desserts."
6344,1844,10,21,97,128,1.3203125,0.054264038231838015,610,"Yes, it is a crime to serve a well done filet."
6250,1844,6,29,93,128,1.3203125,0.0495223167973229,610,"Honey, the bail is either $2,000 or two servings of your quenelles of pike with lobster sauce."
6173,1844,7,27,94,128,1.3203125,0.05074929907927204,610,I didn't think you were going literally 'skewer' the critics.
6154,1844,6,29,93,128,1.3203125,0.0495223167973229,610,"I need to know, did it really taste like chicken?"
6054,1844,8,25,95,128,1.3203125,0.05194730842979638,610,"Marcel, How could you not be sure of those mushrooms!"
6024,1844,6,29,93,128,1.3203125,0.0495223167973229,610,Is take-out at all possible?
4192,1844,6,29,93,128,1.3203125,0.0495223167973229,610,"As your lawyer, I must warn you that no jury will believe your half-baked alibi and so your goose is cooked."
5605,1844,8,25,95,128,1.3203125,0.05194730842979638,610,Do I add the file before or after the eggs?
4164,1844,12,17,99,128,1.3203125,0.05648582864181389,610,"Well, I agree with the president, the entree was appalling, even by Mar-a-Lago standards."
5454,1844,8,25,95,128,1.3203125,0.05194730842979638,610,They know you hid the dough.
3927,1844,8,25,95,128,1.3203125,0.05194730842979638,610,I told you already. The proof is in the pudding.
2225,1844,9,23,96,128,1.3203125,0.053118305217348435,610,"I'm sorry, I asked for thyme served."
2213,1844,9,23,96,128,1.3203125,0.053118305217348435,610,I warned you not to read the Yelp reviews!
2133,1844,10,21,97,128,1.3203125,0.054264038231838015,610,They're saying life with no chance of escarole.
2110,1844,9,23,96,128,1.3203125,0.053118305217348435,610,"Was it worth it, Steven? Was winning Hell's Kitchen worth it?"
2096,1844,10,21,97,128,1.3203125,0.054264038231838015,610,You left a bun in the oven...
2081,1844,9,23,96,128,1.3203125,0.053118305217348435,610,"You don't know me, but I was in your restaurant last week, loved the tilapia. Can you give me the recipe?"
2050,1844,6,29,93,128,1.3203125,0.0495223167973229,610,How much dough did you steal?
1998,1844,5,31,92,128,1.3203125,0.048264151965111926,610,"No, I said I wanted the recipe to serve twenty!"
2265,1844,7,27,94,128,1.3203125,0.05074929907927204,610,I understand you're serving time for cooking the books.
1960,1844,5,31,92,128,1.3203125,0.048264151965111926,610,The children have started calling him 'Daddy Boyardee.'
1807,1844,11,19,98,128,1.3203125,0.05538607533748325,610,"Don't worry, we'll get you out of here. Just tell me where you hid the dough."
1783,1844,10,21,97,128,1.3203125,0.054264038231838015,610,"Sorry, he pasta way, so we cannoli do so much. Lettuce get together on a court strategy or you’ll just be a pizza history."
1046,1844,13,15,100,128,1.3203125,0.057564575334274413,610,"The whole COUNTRY thanks you, Fritz!"
374,1844,5,31,92,128,1.3203125,0.048264151965111926,610,They say with good behavior they'll let you out al dente.
325,1844,6,29,93,128,1.3203125,0.0495223167973229,610,So I guess that wasn't tomato sauce after all.
218,1844,8,25,95,128,1.3203125,0.05194730842979638,610,...and you have a guest shot on CSI: Iron Chef.
3934,1844,4,33,91,128,1.3203125,0.04697229895213162,610,"So, I take it she didn't much enjoy the soup."
59,1844,8,25,95,128,1.3203125,0.05194730842979638,610,Next time don’t cook the books.
1922,1844,9,23,96,128,1.3203125,0.053118305217348435,610,I knew your half baked schemes would land you here
2327,1844,5,31,92,128,1.3203125,0.048264151965111926,610,Let me guess. Another one sent the food back.
2271,1844,9,23,96,128,1.3203125,0.053118305217348435,610,"You're going to fry, Harry, in clarified butter covered in panko crumbs."
3334,1844,7,27,94,128,1.3203125,0.05074929907927204,610,The reviewer said your Foie Gras was a crime against humanity.
3680,1844,8,25,95,128,1.3203125,0.05194730842979638,610,You should have known President Trump likes his Steaks Well-Done!
3663,1844,9,23,96,128,1.3203125,0.053118305217348435,610,"Oh, a file in a cake! I thought you wanted a filet."
3633,1844,10,21,97,128,1.3203125,0.054264038231838015,610,I told you calling it a 'killer recipe' was a mistake.
3502,1844,6,29,93,128,1.3203125,0.0495223167973229,610,"For the hundredth time, Gaston -- no fondant., no glazed butter creme pecans , no grappa-infused maraschinos. Just a simple one. With a file."
3374,1844,9,23,96,128,1.3203125,0.053118305217348435,610,I told you it was a crime to use margarine in your pastry.
3364,1844,8,25,95,128,1.3203125,0.05194730842979638,610,Why-ever did you have to cook the books!
2330,1844,10,21,97,128,1.3203125,0.054264038231838015,610,"When you said your food was to die for, I didn't think you meant it literally."
3696,1844,7,27,94,128,1.3203125,0.05074929907927204,610,That’s what you get for joking that you are a cereal killer!
3314,1844,9,23,96,128,1.3203125,0.053118305217348435,610,The lawyer said that your goose is cooked.
3287,1844,8,25,95,128,1.3203125,0.05194730842979638,610,I need some more dough.
3191,1844,5,31,92,128,1.3203125,0.048264151965111926,610,Sticky fingers is NOT a defense.
3169,1844,4,33,91,128,1.3203125,0.04697229895213162,610,Why couldn't the Michelin people have just taken away a star?
3119,1844,9,23,96,128,1.3203125,0.053118305217348435,610,Why wouldn't you want to cook your own last meal?
2694,1844,9,23,96,128,1.3203125,0.053118305217348435,610,I told you the twinkie defense wouldn't work.
2689,1844,9,23,96,128,1.3203125,0.053118305217348435,610,"I'm sorry, mon cheri, but your coq au vin IS a crime."
2622,1844,6,29,93,128,1.3203125,0.0495223167973229,610,I thought Edgar was kidding when he said you were whipping up a criminally decedent dessert.
2438,1844,8,25,95,128,1.3203125,0.05194730842979638,610,There's no excuse for robbing that bakery -- No matter how much you kneaded the dough
3288,1844,7,27,94,128,1.3203125,0.05074929907927204,610,The alfredo dream again?
3924,1844,5,31,92,128,1.3203125,0.048264151965111926,610,Did you really divulge the secret eleven herbs and spices?
3510,1926,12,19,104,135,1.3185185185185184,0.0542824460821789,610,"Actually, $18 for a cup of soup IS criminal!"
6870,1927,8,25,96,129,1.317829457364341,0.05160281765773003,610,"Beating people up is illegal, putting ketchup on food is not."
6982,1927,9,23,97,129,1.317829457364341,0.05276338523279839,610,They stuck your whisk where?
6426,1927,9,23,97,129,1.317829457364341,0.05276338523279839,610,"Honey, tell uncle Vinnie I need more dough"
1624,1927,8,25,96,129,1.317829457364341,0.05160281765773003,610,"I'm sorry, I'm leaving you for Chef Boyardee."
4796,1927,6,29,94,129,1.317829457364341,0.04919962122010118,610,I don't think Michelin will be coming back after this.
1767,1927,9,23,97,129,1.317829457364341,0.05276338523279839,610,When you said the spinach puffs were 'to die for' I didn't think you meant literally.
5560,1927,8,25,96,129,1.317829457364341,0.05160281765773003,610,Let me guess . . . Ten years at 350?
3074,1927,8,25,96,129,1.317829457364341,0.05160281765773003,610,Your hash browns tested positive.
4290,1935,6,28,92,126,1.3174603174603174,0.04995336701656112,610,told you not to cook the books !
4403,1935,7,26,93,126,1.3174603174603174,0.05120862235283609,610,"It's the candle stick maker, isn't it?"
4716,1935,8,24,94,126,1.3174603174603174,0.05243383573857162,610,"I suppose I'm to do the dishes then, am I?"
4774,1935,6,28,92,126,1.3174603174603174,0.04995336701656112,610,I bet you can cook up some way to get out of this joint.
4855,1935,8,24,94,126,1.3174603174603174,0.05243383573857162,610,They're charging you with bulgary.
5005,1935,3,34,89,126,1.3174603174603174,0.0459824585612696,610,Sit tight......I was able to raise some dough.
5730,1935,8,24,94,126,1.3174603174603174,0.05243383573857162,610,They'll drop the charges if you bake the cake AND stop asking which one is the bride.
5056,1935,9,22,95,126,1.3174603174603174,0.05363106615799874,610,"Honey, I don't think calling it 'Chez Big' on your resume is going to help things."
5137,1935,7,26,93,126,1.3174603174603174,0.05120862235283609,610,Your story inspired a podcast called ‘Cereal’.
5186,1935,6,28,92,126,1.3174603174603174,0.04995336701656112,610,Food to die for? I had no idea!
5488,1935,7,26,93,126,1.3174603174603174,0.05120862235283609,610,I told you the lobster price was criminal.
5498,1935,9,22,95,126,1.3174603174603174,0.05363106615799874,610,"The cow, fish, chicken and lamb have entered a class action lawsuit."
5710,1935,12,16,98,126,1.3174603174603174,0.05707226680442979,610,In the white house no job is safe!!!
4206,1935,8,24,94,126,1.3174603174603174,0.05243383573857162,610,I told you he was an impasta.
5046,1935,6,28,92,126,1.3174603174603174,0.04995336701656112,610,Do I put the file in the cake before baking or after?
5805,1935,10,20,96,126,1.3174603174603174,0.05480214762422878,610,Just tell me where you stashed the dough!
6094,1935,8,24,94,126,1.3174603174603174,0.05243383573857162,610,The clams talked.
7901,1935,5,30,91,126,1.3174603174603174,0.04866574513255838,610,So you cooked them a meal to die for?
7804,1935,7,26,93,126,1.3174603174603174,0.05120862235283609,610,You’ll get a baker’s dozen to life.
7659,1935,6,28,92,126,1.3174603174603174,0.04995336701656112,610,Try not to drop the pastry brush in the shower.
7470,1935,5,30,91,126,1.3174603174603174,0.04866574513255838,610,They said no to the knives but yes to the whisk.
7436,1935,7,26,93,126,1.3174603174603174,0.05120862235283609,610,"I told you, if you can’t stand the heat..."
7404,1935,9,22,95,126,1.3174603174603174,0.05363106615799874,610,What about the dough?
5775,1935,7,26,93,126,1.3174603174603174,0.05120862235283609,610,It may be tradition but the judge doesn't think the law entitles you to a 13 person jury.
7196,1935,11,18,97,126,1.3174603174603174,0.05594872215888305,610,"Good news dear. I convinced the warden to room you with a chap called ""the butcher."""
7020,1935,8,24,94,126,1.3174603174603174,0.05243383573857162,610,I think you've been chopped.
6821,1935,10,20,96,126,1.3174603174603174,0.05480214762422878,610,"You know that's not what I meant when I said you could ""Beat Bobby Flay."""
6800,1935,5,30,91,126,1.3174603174603174,0.04866574513255838,610,I don’t know if you can lose a Michelin star for cooking the books
6603,1935,6,28,92,126,1.3174603174603174,0.04995336701656112,610,Cod wasn’t enough. You just had to try the pufferfish recipe.
6588,1935,8,24,94,126,1.3174603174603174,0.05243383573857162,610,Are you blaming it on the butcher or the candlestick maker this time?
6560,1935,11,18,97,126,1.3174603174603174,0.05594872215888305,610,Where did you plant the dough?
7124,1935,5,30,91,126,1.3174603174603174,0.04866574513255838,610,"On a positive note, your lawyer thinks you'll get time off for good pesto."
4185,1935,9,22,95,126,1.3174603174603174,0.05363106615799874,610,Maybe next time you'll think twice about whipping the cream and beating the eggs.
7334,1935,7,26,93,126,1.3174603174603174,0.05120862235283609,610,You should have been more subtle about cooking the books!
4122,1935,6,28,92,126,1.3174603174603174,0.04995336701656112,610,I knew it was a bad sign that the job as White House chef required you to know how to make Borscht.
1520,1935,7,26,93,126,1.3174603174603174,0.05120862235283609,610,I always told you pineapple on pizza was criminal.
1509,1935,7,26,93,126,1.3174603174603174,0.05120862235283609,610,Not to worry we found a new chef who is amazing.
1321,1935,7,26,93,126,1.3174603174603174,0.05120862235283609,610,"You make think this gets you out of making dinner, but you are sadly mistaken."
1144,1935,6,28,92,126,1.3174603174603174,0.04995336701656112,610,I should have known when they said your food was to die for.
809,1935,10,20,96,126,1.3174603174603174,0.05480214762422878,610,I posted bail. They'll remove you in 30 to 45 minutes.
725,1935,6,28,92,126,1.3174603174603174,0.04995336701656112,610,You did warn him that the dessert was 'to die for.'
1536,1935,6,28,92,126,1.3174603174603174,0.04995336701656112,610,Where'd you hide the dough?
664,1935,9,22,95,126,1.3174603174603174,0.05363106615799874,610,"So now you have to bake cakes for rapists, murderers and politicians?"
635,1935,7,26,93,126,1.3174603174603174,0.05120862235283609,610,"I tried fencing your chili, but it's too hot."
546,1935,5,30,91,126,1.3174603174603174,0.04866574513255838,610,"I was going to make you a cake with a file in it, but you never did like my cooking."
381,1935,10,20,96,126,1.3174603174603174,0.05480214762422878,610,I told you... you can't put avacado on everything.
307,1935,8,24,94,126,1.3174603174603174,0.05243383573857162,610,Fold the egg whites and cream of tartar into the soufflé dish. Gently press the hacksaw into the base.
300,1935,7,26,93,126,1.3174603174603174,0.05120862235283609,610,Marinating time: 3-5 years.
32,1935,8,24,94,126,1.3174603174603174,0.05243383573857162,610,"The yeast is in the bag, Norm, but this is the last time."
4126,1935,8,24,94,126,1.3174603174603174,0.05243383573857162,610,How's the food dear?
2014,1935,9,22,95,126,1.3174603174603174,0.05363106615799874,610,"Yes, brought the file. Where’s the cake?"
1228,1935,8,24,94,126,1.3174603174603174,0.05243383573857162,610,I warned you not to cook the books.
2374,1935,2,36,88,126,1.3174603174603174,0.04458029125470973,610,"We warned you, but you had to eat your cake too."
4076,1935,8,24,94,126,1.3174603174603174,0.05243383573857162,610,"""Death by Chocolate"" was just a figure of speech, darling."
3928,1935,11,18,97,126,1.3174603174603174,0.05594872215888305,610,We get 13 minutes instead of 12.
2033,1935,8,24,94,126,1.3174603174603174,0.05243383573857162,610,I never realized stealing a recipe was crime.
3744,1935,4,32,90,126,1.3174603174603174,0.04734311589157396,610,The guards will get suspicious of me bringing YOU a cake. Got any other ideas?
3714,1935,4,32,90,126,1.3174603174603174,0.04734311589157396,610,Do you add the file before or after the flour?
3677,1935,10,20,96,126,1.3174603174603174,0.05480214762422878,610,"Well, I liked your killer salsa."
3526,1935,7,26,93,126,1.3174603174603174,0.05120862235283609,610,I thought you said the butler did it.
3854,1935,4,32,90,126,1.3174603174603174,0.04734311589157396,610,I told you the plan you cooked up wouldn't work.
3175,1935,6,28,92,126,1.3174603174603174,0.04995336701656112,610,"I love you, but I can't go that long without bread."
3167,1935,11,18,97,126,1.3174603174603174,0.05594872215888305,610,Soylent green was never suppose to be a real food.
3056,1935,8,24,94,126,1.3174603174603174,0.05243383573857162,610,So here's why I think your 'I am not a cook' defense backfired...
3320,1935,7,26,93,126,1.3174603174603174,0.05120862235283609,610,I see they let you keep the hat.
2817,1935,8,24,94,126,1.3174603174603174,0.05243383573857162,610,What do you mean The devils food cake made you do it?
2777,1935,9,22,95,126,1.3174603174603174,0.05363106615799874,610,"Seriously, did you even LOOK for the file in that cake?"
2581,1935,1,38,87,126,1.3174603174603174,0.043132565902930256,610,"No, your lima bean preserves recipe is still safe."
7579,2003,7,25,91,123,1.3170731707317074,0.05203710162425183,610,Are you still serving?
3660,2004,5,28,87,120,1.3166666666666667,0.05018639393621737,610,"Toque to me, honey"
284,2005,9,24,100,133,1.3157894736842106,0.05159610243818351,610,I told you to stop stealing recipes!
2005,2006,4,33,93,130,1.3153846153846154,0.04637692065867679,610,I can’t save your bacon this time.
7060,2006,4,33,93,130,1.3153846153846154,0.04637692065867679,610,Your plan always felt a little half-baked.
7859,2008,8,24,95,127,1.31496062992126,0.05207935668547331,610,This time you really cooked the goose.
7549,2008,9,22,96,127,1.31496062992126,0.05326578423083279,610,No file and no cake. The reason you're in here is because of your half-baked ideas.
6852,2008,8,24,95,127,1.31496062992126,0.05207935668547331,610,"Since you wont be out for 10 to 20, tell me where you hid the dough."
5904,2008,7,26,94,127,1.31496062992126,0.050865263351523825,610,"Consider yourself lucky. For most people, having to cook your own last meal would be cruel and unusual punishment."
5632,2008,8,24,95,127,1.31496062992126,0.05207935668547331,610,At least you are no longer cooking the books.
5612,2008,9,22,96,127,1.31496062992126,0.05326578423083279,610,"I've got it: Three cups flour, two eggs and one hack saw blade"
4807,2008,6,28,93,127,1.31496062992126,0.04962147356605799,610,You may have gotten away with it if you only poached the books.
6579,2008,6,28,93,127,1.31496062992126,0.04962147356605799,610,"I told you NOT to say ""The salmon is to die for!"""
3988,2008,6,28,93,127,1.31496062992126,0.04962147356605799,610,"Yes, I'm sure. Our oven timer doesn't have a setting for ""three to five years""."
3278,2008,6,28,93,127,1.31496062992126,0.04962147356605799,610,"No, no. Listen. I bake the hacksaw into YOUR cake."
2968,2008,5,30,92,127,1.31496062992126,0.048345695381430916,610,And you thought bragging about your “killer creme brûlée” was a good idea?
2896,2008,4,32,91,127,1.31496062992126,0.047035325925959416,610,Mississippi seems to regard nouvelle cuisine as a crime.
4680,2008,5,30,92,127,1.31496062992126,0.048345695381430916,610,They said you'd be here for 20 to life or until your skin looked golden brown.
2589,2008,6,28,93,127,1.31496062992126,0.04962147356605799,610,Now we know --- there is taste police.
643,2008,7,26,94,127,1.31496062992126,0.050865263351523825,610,Turns out your cake really was to die for.
593,2008,8,24,95,127,1.31496062992126,0.05207935668547331,610,"Try and think of it as a ""baker's dozen"" years."
7867,2024,6,27,91,124,1.314516129032258,0.05039437373093753,610,Does the file come before or after the paprika?
5879,2024,6,27,91,124,1.314516129032258,0.05039437373093753,610,"No, I can't bring you a file with a cake in it."
5663,2024,7,25,92,124,1.314516129032258,0.051679040696349106,610,"...because he LIKES it ""well done"" -- he thinks it's a compliment. And he's the PRESIDENT. That's why."
4501,2024,7,25,92,124,1.314516129032258,0.051679040696349106,610,I have a bun in the oven. It's yours.
4277,2024,9,21,94,124,1.314516129032258,0.05415703033233919,610,"When I said to make a killer pasta, that's not what I meant."
4046,2024,6,27,91,124,1.314516129032258,0.05039437373093753,610,"Oh, now you want me to bake a cake"
2819,2024,10,19,95,124,1.314516129032258,0.05535444226057568,610,"Take that hat off Walter, you aren't fooling anyone. They know exactly what kind of cook you are."
5296,2024,4,31,89,124,1.314516129032258,0.04772140208135556,610,The warden informed me you are going to do some serious thyme.
1580,2024,10,19,95,124,1.314516129032258,0.05535444226057568,610,Looks like they charged you with cooking the books.
857,2024,9,21,94,124,1.314516129032258,0.05415703033233919,610,I told you not to beat the eggs.
778,2024,6,27,91,124,1.314516129032258,0.05039437373093753,610,10-20 years? At 350 degrees?
461,2024,7,25,92,124,1.314516129032258,0.051679040696349106,610,"Stick a fork in it, you're done."
1611,2024,6,27,91,124,1.314516129032258,0.05039437373093753,610,"I tried to tell you, but you refused to listen. 'It's a metaphor,' I said. 'Your Chocolate Mousse is to die for' is just a metaphor."
398,2024,9,21,94,124,1.314516129032258,0.05415703033233919,610,But there is some good news. Hannibal Lecter has endorsed your cookbook.
242,2024,4,31,89,124,1.314516129032258,0.04772140208135556,610,Michelin is taking away one of your stars. The pointy one you killed Charles with.
217,2024,6,27,91,124,1.314516129032258,0.05039437373093753,610,"I'll admit that the heist was a half-baked idea from the start, Gladys."
7460,2040,8,23,94,125,1.312,0.05256762158125168,610,"I'm surviving, but I'm afraid I can't say the same for the sourdough starter."
5054,2040,6,27,92,125,1.312,0.05005287526786693,610,You're doing serious thyme in there.
893,2040,8,23,94,125,1.312,0.05256762158125168,610,Turns out it was a typo. It was supposed to say kale.
1450,2040,7,25,93,125,1.312,0.051325652267118445,610,Try telling them you’re a chef instead of you knead the dough
4891,2044,9,20,93,122,1.3114754098360655,0.0546967192354771,610,"Darling, it’s pheasant under glass. Not peasant."
5217,2044,3,32,87,122,1.3114754098360655,0.04667797246904866,610,"Honey, just answer their question - where’s the beef?"
5179,2044,10,18,94,122,1.3114754098360655,0.05592149937196339,610,They’re now saying it had gluten AND peanuts in it.
5114,2044,3,32,87,122,1.3114754098360655,0.04667797246904866,610,I told you not to let that Gordon Ramsay get under your skin!
4783,2044,6,26,90,122,1.3114754098360655,0.05084566947610128,610,"As your lawyer, I must warn you that no jury will believe your half-baked alibi and so you’re probably going to fry."
3981,2044,7,24,91,122,1.3114754098360655,0.05216095380029806,610,Does the size of the file affect the temperature setting?
4440,2044,8,22,92,122,1.3114754098360655,0.05344387802396753,610,So all of a sudden you CAN cook.
4329,2044,8,22,92,122,1.3114754098360655,0.05344387802396753,610,Life at home is a nightmare! There are a dozen jars that I can't get opened.
4272,2044,10,18,94,122,1.3114754098360655,0.05592149937196339,610,I can get you out in 27-32 minutes.
4099,2044,10,18,94,122,1.3114754098360655,0.05592149937196339,610,I told you to keep your hands out of the dough!
5229,2044,3,32,87,122,1.3114754098360655,0.04667797246904866,610,"Again, I put the file in after the cake is baked--not into the batter?"
4761,2044,2,34,86,122,1.3114754098360655,0.04520343036692429,610,"If I knew it would come to this, I never would have left that Yelp review."
5290,2044,11,16,95,122,1.3114754098360655,0.05712002353721848,610,"Beat, batter and a salt"
7657,2044,4,30,88,122,1.3114754098360655,0.048107339468163854,610,The parole board said you have to serve the full baker's dozen.
5440,2044,9,20,93,122,1.3114754098360655,0.0546967192354771,610,I am so sorry to be the bearer of bad news but Pluto is no longer a planet
5643,2044,11,16,95,122,1.3114754098360655,0.05712002353721848,610,"So, where’s the dough ?"
5711,2044,10,18,94,122,1.3114754098360655,0.05592149937196339,610,"If there is a next time, maybe you'll read the damn recipe."
6417,2044,5,28,89,122,1.3114754098360655,0.049495445321656076,610,I was afraid this would happen. I knew you'd go stir crazy in there.
6464,2044,7,24,91,122,1.3114754098360655,0.05216095380029806,610,"I think your recipe for ""Death By Chocolate"" worked a little too well..."
6531,2044,5,28,89,122,1.3114754098360655,0.049495445321656076,610,"Ok, I'll try—but you do know how hard it is to hide a chisel in a mille feuille."
6688,2044,11,16,95,122,1.3114754098360655,0.05712002353721848,610,"Sorry about my testimony, but would you remind me about the recipe for mushroom risotto?"
6962,2044,8,22,92,122,1.3114754098360655,0.05344387802396753,610,"I hope you've learned, Maurice, that even if it's not a felony you can still be jailed for a torte."
7106,2044,10,18,94,122,1.3114754098360655,0.05592149937196339,610,"Oh Gordon, why did you have to do it? All he asked was for a well-done steak."
7161,2044,7,24,91,122,1.3114754098360655,0.05216095380029806,610,"When I asked you to make your killer T-bones, I wasn't being literal."
7344,2044,9,20,93,122,1.3114754098360655,0.0546967192354771,610,I know you're innocent but you have to admit it's exciting to have a Michelin-starred prison in town now.
7452,2044,8,22,92,122,1.3114754098360655,0.05344387802396753,610,Suggesting the Pinot Gris with the Beef Bourguignon was just criminal!
3898,2044,9,20,93,122,1.3114754098360655,0.0546967192354771,610,"Well, you did say you came up with a killer dish."
5302,2044,6,26,90,122,1.3114754098360655,0.05084566947610128,610,It doesn't work if you smuggle a cake Out.
3812,2044,7,24,91,122,1.3114754098360655,0.05216095380029806,610,And you thought you wouldn't get caught using cream of mushroom soup in your sauce?
7099,2044,4,30,88,122,1.3114754098360655,0.048107339468163854,610,You went too far with the Sleeping with the fishes Menu!
3574,2044,9,20,93,122,1.3114754098360655,0.0546967192354771,610,"I know this is all my fault, and I'm so sorry you're in here, but to be fair the creme brulee really was 'so good it should be illegal.'"
3682,2044,8,22,92,122,1.3114754098360655,0.05344387802396753,610,Yes. I labeled the cyanide bottle as cinnamon. It's so much easier to spell!
79,2044,6,26,90,122,1.3114754098360655,0.05084566947610128,610,You told me it was oregano.
88,2044,6,26,90,122,1.3114754098360655,0.05084566947610128,610,What made you serve red wine with fish?
228,2044,9,20,93,122,1.3114754098360655,0.0546967192354771,610,I told you that the President would not eat crow.
511,2044,10,18,94,122,1.3114754098360655,0.05592149937196339,610,"Bad news. The prosecutor has two witnesses who say it was not organic, free-range chicken."
988,2044,7,24,91,122,1.3114754098360655,0.05216095380029806,610,"On the bright side, I get big laughs when I tell people you're in stir."
1058,2044,4,30,88,122,1.3114754098360655,0.048107339468163854,610,The lobster is willing to testify that you put him the pot on purpose.
1129,2044,8,22,92,122,1.3114754098360655,0.05344387802396753,610,Your lawyer says the idea for your appeal is half-baked.
1170,2044,6,26,90,122,1.3114754098360655,0.05084566947610128,610,They found the Turducken
1184,2044,5,28,89,122,1.3114754098360655,0.049495445321656076,610,It's better than making license plates.
1245,2044,6,26,90,122,1.3114754098360655,0.05084566947610128,610,Well you did cook the books!
1268,2044,7,24,91,122,1.3114754098360655,0.05216095380029806,610,This a half baked conversation.
1508,2044,5,28,89,122,1.3114754098360655,0.049495445321656076,610,The man I married would have baked his own cake with a file in it.
324,2044,9,20,93,122,1.3114754098360655,0.0546967192354771,610,I buried the carrots. They'll never find them.
1912,2044,8,22,92,122,1.3114754098360655,0.05344387802396753,610,"Oh Francois, when Edna said your soufflé was to die for, she was speaking metaphorically."
3554,2044,7,24,91,122,1.3114754098360655,0.05216095380029806,610,"We were never after you, Jean Luc--it's the sommelier. Rat him out and you walk. And just so you don't end up like the busboy, we'll toss in witness protection."
1811,2044,9,20,93,122,1.3114754098360655,0.0546967192354771,610,It seems that Mr. Trump did not like your 'Chef's Surprise' after all.
3393,2044,4,30,88,122,1.3114754098360655,0.048107339468163854,610,They said your chocolate soufflé was so good it should be illegal.
3196,2044,10,18,94,122,1.3114754098360655,0.05592149937196339,610,You can take the hat off. You're in the cooler now.
2997,2044,8,22,92,122,1.3114754098360655,0.05344387802396753,610,Please tell me you didn’t serve Pinot Gris with beef.
2416,2044,6,26,90,122,1.3114754098360655,0.05084566947610128,610,"What kind of a cool villain name is ""The Chef"". It's no wonder the other villains make fun of you."
3307,2044,10,18,94,122,1.3114754098360655,0.05592149937196339,610,"""I said ""knead the dough,' not 'need the dough.''"
2299,2044,7,24,91,122,1.3114754098360655,0.05216095380029806,610,"In retrospect, it probably wasn't such a good idea to spike the White House dinner lasagna with laxatives."
2164,2044,8,22,92,122,1.3114754098360655,0.05344387802396753,610,"So, are you somebody's sous chef in there?"
2269,2044,7,24,91,122,1.3114754098360655,0.05216095380029806,610,I just hope that you are not cooking up another half-baked idea!
2195,2044,7,24,91,122,1.3114754098360655,0.05216095380029806,610,"I'm sorry honey, but I'm afraid ICE just doesn't understand why you are running a 'French' restaurant."
2236,2044,5,28,89,122,1.3114754098360655,0.049495445321656076,610,Why did you have to stir up so much trouble?
2356,2044,8,22,92,122,1.3114754098360655,0.05344387802396753,610,Your lawyer called. He said your goose is cooked.
1483,2103,4,29,86,119,1.3109243697478992,0.04884056531560706,610,Not one bad Yelp review since you’ve been assigned to making their “last meal.”
3522,2104,8,22,93,123,1.3089430894308942,0.05306804769696344,610,The butler is saying you did it.
1484,2104,6,26,91,123,1.3089430894308942,0.05049413474570665,610,You deserve to be in there considering how much truffle oil you used.
1599,2104,5,28,90,123,1.3089430894308942,0.049156664069002654,610,I TOLD you your Death By Chocolate would get you in trouble.
5071,2107,8,21,91,120,1.3083333333333333,0.05396833978682692,610,I mailed 168 get well cards for you.
6035,2107,3,31,86,120,1.3083333333333333,0.04703511015509146,610,The judge will reduce the charge to assault and bakery.
5951,2107,10,17,93,120,1.3083333333333333,0.056503926803049116,610,"Once they found the proof in the pudding, your goose was cooked."
5570,2107,8,21,91,120,1.3083333333333333,0.05396833978682692,610,You should have taken the gun and left the cannoli!
5397,2107,10,17,93,120,1.3083333333333333,0.056503926803049116,610,"No, they ordered the fillet medium well, what choice did you have?"
5307,2107,8,21,91,120,1.3083333333333333,0.05396833978682692,610,I don't have enough dough to bail you out.
5222,2107,8,21,91,120,1.3083333333333333,0.05396833978682692,610,"Don't worry, we'll get you off for thyme served."
4925,2107,8,21,91,120,1.3083333333333333,0.05396833978682692,610,"Sorry, but apparently you were one toque over the line."
4067,2107,8,21,91,120,1.3083333333333333,0.05396833978682692,610,You thought you were being ironic but the police took 'Death by Chocolate' as a confession.
4749,2107,5,27,88,120,1.3083333333333333,0.04992407868072794,610,I see you're blending right in.
4604,2107,8,21,91,120,1.3083333333333333,0.05396833978682692,610,It doesn’t matter if the cake is store bought or home made. You can use the file anyway
4600,2107,6,25,89,120,1.3083333333333333,0.05130759840928513,610,Your Coq Au Vin is to die for wasn’t meant literally
4469,2107,5,27,88,120,1.3083333333333333,0.04992407868072794,610,Bad news -- the prosecution's figured out you're really Col. Mustard.
4438,2107,8,21,91,120,1.3083333333333333,0.05396833978682692,610,"Apparently 'Death by Chocolate' is not what you thought it was, dear."
4318,2107,4,29,87,120,1.3083333333333333,0.04850110936577174,610,"Keep things under your hat is just an expression, dear. That’s how you got into this mess."
6187,2107,9,19,92,120,1.3083333333333333,0.05525068073567392,610,It was the butler in the pantry with the pickle . . .
4894,2107,4,29,87,120,1.3083333333333333,0.04850110936577174,610,You've been charged with cooking the books.
6192,2107,5,27,88,120,1.3083333333333333,0.04992407868072794,610,I warned you to use your knife skills for good.
7591,2107,8,21,91,120,1.3083333333333333,0.05396833978682692,610,Your cellmate wants you to cook a candlelight dinner for the two of you?
6244,2107,0,37,83,120,1.3083333333333333,0.04233359800530421,610,"Next time, can you bring me my knives?"
7772,2107,7,23,90,120,1.3083333333333333,0.052654778291598966,610,We're pretty hungry.
7695,2107,8,21,91,120,1.3083333333333333,0.05396833978682692,610,NOW you tell me you're the Hamburglar?!
7678,2107,7,23,90,120,1.3083333333333333,0.052654778291598966,610,The laws around gluten-free are very strict in California. You are looking at life.
3992,2107,6,25,89,120,1.3083333333333333,0.05130759840928513,610,"I told you not to make those “killer meatballs,” didn’t I?"
7547,2107,9,19,92,120,1.3083333333333333,0.05525068073567392,610,"Well, you did steal Grandma’s Secret recipe."
7522,2107,6,25,89,120,1.3083333333333333,0.05130759840928513,610,"Prison farm to table? Tres boho, retro and eco. But be smart -- if someone wants to use ketchup, let them. And don't get into an argument over appropriate beverage pairings."
7508,2107,6,25,89,120,1.3083333333333333,0.05130759840928513,610,I told you this would happen if you keep cooking the books.
7264,2107,6,25,89,120,1.3083333333333333,0.05130759840928513,610,Do I add the file before or after the eggs?
7207,2107,8,21,91,120,1.3083333333333333,0.05396833978682692,610,At least you didn't lie about being a killer cook.
7163,2107,7,23,90,120,1.3083333333333333,0.052654778291598966,610,. . . and your agent says he'll put your Recipe for Success on the back burner till you get out.
6942,2107,6,25,89,120,1.3083333333333333,0.05130759840928513,610,I'm leaving you for a guy with more dough.
6860,2107,7,23,90,120,1.3083333333333333,0.052654778291598966,610,Think you could get a dozen napoleons past the guards for bridge club Wednesday?
6779,2107,8,21,91,120,1.3083333333333333,0.05396833978682692,610,The file is in the soufflé ...
6547,2107,4,29,87,120,1.3083333333333333,0.04850110936577174,610,"Good news, your new cellmate is a butcher. No wait, he’s called The Butcher."
6433,2107,4,29,87,120,1.3083333333333333,0.04850110936577174,610,What do you mean you put pineapple on the pizza?
6412,2107,4,29,87,120,1.3083333333333333,0.04850110936577174,610,That's not what bun in the oven means.
6299,2107,6,25,89,120,1.3083333333333333,0.05130759840928513,610,Now I get why you’re recommending takeout
6215,2107,3,31,86,120,1.3083333333333333,0.04703511015509146,610,So it seems the police didn't appreciate the humor in putting Exlax in the donut glaze.
3913,2107,6,25,89,120,1.3083333333333333,0.05130759840928513,610,I'm really sorry I mixed up the coke and the flour.
4138,2107,7,23,90,120,1.3083333333333333,0.052654778291598966,610,I'm placing my order for the spring of 2028
3656,2107,7,23,90,120,1.3083333333333333,0.052654778291598966,610,I'm assuming you want me to place an order to go.
1540,2107,8,21,91,120,1.3083333333333333,0.05396833978682692,610,Where did you leave the good scissors?
1412,2107,6,25,89,120,1.3083333333333333,0.05130759840928513,610,The jury wants your recipe for quiche Lorraine.
1231,2107,6,25,89,120,1.3083333333333333,0.05130759840928513,610,They said your soufflé was to die for
1147,2107,8,21,91,120,1.3083333333333333,0.05396833978682692,610,I guess I misunderstood when you told me you worked for the C.I.A.
1017,2107,4,29,87,120,1.3083333333333333,0.04850110936577174,610,"On the bright side, chances are you will get time off for gouda behavior."
954,2107,5,27,88,120,1.3083333333333333,0.04992407868072794,610,I think you and your tarts know why I'm here.
869,2107,6,25,89,120,1.3083333333333333,0.05130759840928513,610,"Yes, I did turn off the oven."
783,2107,6,25,89,120,1.3083333333333333,0.05130759840928513,610,You said you wanted to bake cakes... you never said anything about people.
700,2107,7,23,90,120,1.3083333333333333,0.052654778291598966,610,Apparently Chef Boyardee has an airtight alibi.
613,2107,6,25,89,120,1.3083333333333333,0.05130759840928513,610,You're going to say that Mr Mustard did it with the meat cleaver
513,2107,5,27,88,120,1.3083333333333333,0.04992407868072794,610,To die for is just a saying
318,2107,6,25,89,120,1.3083333333333333,0.05130759840928513,610,You shouldn’t have held the judge’s request for ketchup in contempt.
239,2107,7,23,90,120,1.3083333333333333,0.052654778291598966,610,"Maybe you shouldn't have called it ""Killer"" chocolate cake."
233,2107,5,27,88,120,1.3083333333333333,0.04992407868072794,610,"I am having doubts that you are really ""away"" at culinary school."
215,2107,7,23,90,120,1.3083333333333333,0.052654778291598966,610,They’re saying five years...three for good soufflé.
193,2107,6,25,89,120,1.3083333333333333,0.05130759840928513,610,"If you say gluten free, it needs to be gluten free."
3710,2107,8,21,91,120,1.3083333333333333,0.05396833978682692,610,"I'll try, but baking's not my thing."
1600,2107,8,21,91,120,1.3083333333333333,0.05396833978682692,610,I see your unsavory behavior finally caught up with you
1841,2107,9,19,92,120,1.3083333333333333,0.05525068073567392,610,You've been Chopped.
1907,2107,8,21,91,120,1.3083333333333333,0.05396833978682692,610,I'am afraid your goose is cooked Dominic.
2022,2107,8,21,91,120,1.3083333333333333,0.05396833978682692,610,Things are not looking good--the butcher and candlestick maker got knavery in the first degree.
3614,2107,5,27,88,120,1.3083333333333333,0.04992407868072794,610,I can't find the carving knife.
3422,2107,3,31,86,120,1.3083333333333333,0.04703511015509146,610,"Well, they're saying that cooking a well-done steak should be a crime."
3309,2107,5,27,88,120,1.3083333333333333,0.04992407868072794,610,I just don't have the bread to get you out..
3049,2107,7,23,90,120,1.3083333333333333,0.052654778291598966,610,"Because to him I'm ""the special,"" not ""the usual""--that's why!"
3041,2107,5,27,88,120,1.3083333333333333,0.04992407868072794,610,Bake you a cake with a file in it? I married you because I couldn't cook!
2891,2107,7,23,90,120,1.3083333333333333,0.052654778291598966,610,"I thought ""sue chef"" was just a joke."
2833,2107,4,29,87,120,1.3083333333333333,0.04850110936577174,610,The lawyer says you have a good shot if we can prove you framed by the butcher and the candlestick maker.
2769,2107,6,25,89,120,1.3083333333333333,0.05130759840928513,610,I told you not to engrave your initials on your knives.
2726,2107,9,19,92,120,1.3083333333333333,0.05525068073567392,610,"I warned you, Bill. You don't put ketchup on a Chicago dog."
2712,2107,6,25,89,120,1.3083333333333333,0.05130759840928513,610,We were so proud--we thought they said you'd become a mafia chief.
2541,2107,9,19,92,120,1.3083333333333333,0.05525068073567392,610,Give me your recipe for coq au vin or I tell the Warden what’s in the chili.
2455,2107,8,21,91,120,1.3083333333333333,0.05396833978682692,610,First couple of tries the gun exploded in the oven inside the cake .....
2453,2107,5,27,88,120,1.3083333333333333,0.04992407868072794,610,"First the mushrooms, then the blowfish, and now this."
2429,2107,10,17,93,120,1.3083333333333333,0.056503926803049116,610,The warden wants you to cater the hostage standoff.
2389,2107,8,21,91,120,1.3083333333333333,0.05396833978682692,610,"I met someone, Alec, and he's not like you. He's a patissier. A real one. I'm afraid this is au revoir."
2100,2107,6,25,89,120,1.3083333333333333,0.05130759840928513,610,Think of it as poetic justice: serving time instead of thyme.
2061,2107,7,23,90,120,1.3083333333333333,0.052654778291598966,610,I’m sorry sweetie. The police came by and took all the dough.
2720,2107,7,23,90,120,1.3083333333333333,0.052654778291598966,610,It was in the pudding.
5607,2187,2,32,83,117,1.3076923076923077,0.04616366925625682,610,They say you're going to be in here for 45 minutes to life.
6292,2187,7,22,88,117,1.3076923076923077,0.053552735138737206,610,"Wait, was that ""file a tort"" or ""file in a torte""?"
7014,2187,5,26,86,117,1.3076923076923077,0.050726433032338,610,Is the money still in the hat?
3778,2190,7,23,91,121,1.3057851239669422,0.052279940485995435,610,You're toast. They found the recipe for your Crime Brulee.
5257,2190,7,23,91,121,1.3057851239669422,0.052279940485995435,610,OK. But how's the food?
6308,2190,8,21,92,121,1.3057851239669422,0.05358109017229101,610,You knew what you were getting into when you put pineapple on that pizza.
7566,2190,6,25,90,121,1.3057851239669422,0.05094557027247088,610,I don’t bake and I don’t file.
1642,2190,5,27,89,121,1.3057851239669422,0.04957529711010628,610,It doesn't look good-- the autopsy confirms it was Death by Chocolate.
445,2190,5,27,89,121,1.3057851239669422,0.04957529711010628,610,I told you a baker's dozen is thirteen not eleven.
3623,2190,4,29,88,121,1.3057851239669422,0.0481660568940759,610,Your lawyer is withdrawing from the case. It didn’t agree with him.
5776,2197,6,24,88,118,1.305084745762712,0.051780516327184625,610,"Well, you should have known it was your own goose."
5697,2197,6,24,88,118,1.305084745762712,0.051780516327184625,610,"Sorry, you're not getting a rise outta me anymore"
5304,2197,8,20,90,118,1.305084745762712,0.05450643057840294,610,If you give up the secret recipe they'll let you go!
5269,2197,7,22,89,118,1.305084745762712,0.05316094828682091,610,"i'm telling you what I told the judge, the dish ran away with the spoon."
5142,2197,6,24,88,118,1.305084745762712,0.051780516327184625,610,I just said I find it ironic ... from Iron Chef to a chef in irons!
4953,2197,6,24,88,118,1.305084745762712,0.051780516327184625,610,"Of course I can put a hacksaw in the cake, but I can't make any promises about cardamom and lavender"
5125,2197,6,24,88,118,1.305084745762712,0.051780516327184625,610,I'm really trying to get you out but they don't cut any slack for egg beaters.
6041,2197,5,26,87,118,1.305084745762712,0.05036226086531086,610,You made a killer quiche
4787,2197,8,20,90,118,1.305084745762712,0.05450643057840294,610,The Police Said it Was Death by Chocolate
4781,2197,8,20,90,118,1.305084745762712,0.05450643057840294,610,"Well, now you know what the 'Chef's Surprise' is."
4695,2197,7,22,89,118,1.305084745762712,0.05316094828682091,610,"You say the jury misunderstood your use of the word ""stollen""?"
5126,2197,4,28,86,118,1.305084745762712,0.048902891201046676,610,You always said your food” was to die for.” But I never took you literally!
6373,2197,6,24,88,118,1.305084745762712,0.051780516327184625,610,"I’ve had your Bolognese, and no it’s not worthy of a conjugal visit."
6896,2197,7,22,89,118,1.305084745762712,0.05316094828682091,610,"What, the butler did it?"
6513,2197,6,24,88,118,1.305084745762712,0.051780516327184625,610,"So, it turns out that well done filet really IS a crime."
6539,2197,7,22,89,118,1.305084745762712,0.05316094828682091,610,They let you wear that in jail?
4547,2197,6,24,88,118,1.305084745762712,0.051780516327184625,610,Well all I can say is this is your just deserts...
6978,2197,6,24,88,118,1.305084745762712,0.051780516327184625,610,"Darling, I'm afraid your goose is cooked."
7373,2197,6,24,88,118,1.305084745762712,0.051780516327184625,610,Did the jury really need to know that your croquembouche is to die for?
7402,2197,6,24,88,118,1.305084745762712,0.051780516327184625,610,"Honey, I found the file, but cannot find the recipe to the darned cake."
7410,2197,6,24,88,118,1.305084745762712,0.051780516327184625,610,"The lawyer says your case is cut and dry, like your steak."
7439,2197,11,14,93,118,1.305084745762712,0.058357044384811825,610,So your saying you simply cut the cheese.
7554,2197,9,18,91,118,1.305084745762712,0.05581949055699516,610,I'd like a reservation for Friday in 5 to 10 years.
7718,2197,8,20,90,118,1.305084745762712,0.05450643057840294,610,This marriage is over. You just don't cut the mustard anymore.
7771,2197,4,28,86,118,1.305084745762712,0.048902891201046676,610,Cheer up. Michelein ignores harassment charges.
7827,2197,5,26,87,118,1.305084745762712,0.05036226086531086,610,This time you really cooked your goose.
7942,2197,8,20,90,118,1.305084745762712,0.05450643057840294,610,Just admit it - that soufflé was a crime.
6434,2197,7,22,89,118,1.305084745762712,0.05316094828682091,610,I told you there was a rat in your kitchen
4532,2197,7,22,89,118,1.305084745762712,0.05316094828682091,610,"I warned you, Andre, about one toque over the line."
1788,2197,6,24,88,118,1.305084745762712,0.051780516327184625,610,"When I said you could cook anything you liked, I didn't mean you could cook the books."
4042,2197,7,22,89,118,1.305084745762712,0.05316094828682091,610,Just tell them where the dough is and you’ll be free to go.
181,2197,8,20,90,118,1.305084745762712,0.05450643057840294,610,Perhaps you shouldn't have taken 'murder by chocolate' quite so seriously.
4376,2197,6,24,88,118,1.305084745762712,0.051780516327184625,610,"I can tell by the look in your eye, you're upset I forgot it was Role-Play Tuesday"
349,2197,5,26,87,118,1.305084745762712,0.05036226086531086,610,I'm not allowed to give you any dough.
537,2197,6,24,88,118,1.305084745762712,0.051780516327184625,610,"No, ""Some chef you are, you couldn't even cook the books."""
606,2197,5,26,87,118,1.305084745762712,0.05036226086531086,610,They said your Mexican-Scandinavian fusion was a crime.
856,2197,7,22,89,118,1.305084745762712,0.05316094828682091,610,"Lately just a lot of cereal, why?"
932,2197,8,20,90,118,1.305084745762712,0.05450643057840294,610,"The Food Network called. They turned down your ""Cooking Without Knives"" show idea."
1023,2197,7,22,89,118,1.305084745762712,0.05316094828682091,610,I can plead it down to lambslaughter.
1141,2197,6,24,88,118,1.305084745762712,0.051780516327184625,610,"Mother wss actually poisoned by the fish at Chez Henri's, but I thought it would hurt your feelings if you knew she ate there. ."
1180,2197,7,22,89,118,1.305084745762712,0.05316094828682091,610,They found out your Black French truffles were actually cheap Chinese fakes.
1292,2197,7,22,89,118,1.305084745762712,0.05316094828682091,610,I wasn’t able to raise the dough to make bail.
1395,2197,6,24,88,118,1.305084745762712,0.051780516327184625,610,Michelin just gave you 1 to 3 stars.
1606,2197,8,20,90,118,1.305084745762712,0.05450643057840294,610,"Well, Mr. Meyer, it appears they thought your testimony was baloney."
1735,2197,5,26,87,118,1.305084745762712,0.05036226086531086,610,I'll let you get back to serving thyme.
49,2197,6,24,88,118,1.305084745762712,0.051780516327184625,610,Stealing is stealing and that was MY snickerdoodle recipe!
3594,2197,6,24,88,118,1.305084745762712,0.051780516327184625,610,"C’mon, Leo — where’d you stash the dough?"
2095,2197,5,26,87,118,1.305084745762712,0.05036226086531086,610,I don't think a sous-chef can really help you now.
2167,2197,7,22,89,118,1.305084745762712,0.05316094828682091,610,Why do you let the Girl Scouts get to you?
2208,2197,5,26,87,118,1.305084745762712,0.05036226086531086,610,"Dear, I don't think you were supposed to take literally that recipe for Death By Chocolate Cake."
2251,2197,6,24,88,118,1.305084745762712,0.051780516327184625,610,"So, yes, it turns out that even suggesting humble pie for a White House dinner is against the law."
2318,2197,8,20,90,118,1.305084745762712,0.05450643057840294,610,I can't wait; I'm going to Blue Apron.
2331,2197,7,22,89,118,1.305084745762712,0.05316094828682091,610,"Mom calls you ""breadloser"""
2386,2197,9,18,91,118,1.305084745762712,0.05581949055699516,610,Don't ask me for help. I'm not the one who kneaded the dough!
2655,2197,7,22,89,118,1.305084745762712,0.05316094828682091,610,"So, what's cookin'?"
2811,2197,7,22,89,118,1.305084745762712,0.05316094828682091,610,Did you really think you were going to get away with beating those eggs and whipping that cream!?
3125,2197,5,26,87,118,1.305084745762712,0.05036226086531086,610,"When you said you would ""cook his goose"" I thought you meant, for dinner...."
3137,2197,5,26,87,118,1.305084745762712,0.05036226086531086,610,"So dull they won't cut butter. Well, I guess there might be a reason for that!"
2011,2197,7,22,89,118,1.305084745762712,0.05316094828682091,610,Table five is still waiting for their appetizer.
3964,2197,6,24,88,118,1.305084745762712,0.051780516327184625,610,I warned you to stop beating the egg whites.
3863,2197,7,22,89,118,1.305084745762712,0.05316094828682091,610,"Geez, Pierre, I told you using that online class to learn how to serve Blowfish wasn't the best idea."
6525,2258,6,23,86,115,1.3043478260869565,0.05265478876691291,610,I told you the flambe defense doesn't work for warehouses.
6118,2258,8,19,88,115,1.3043478260869565,0.05547645791398057,610,What can I tell you? This is California.
1282,2258,4,27,84,115,1.3043478260869565,0.04967309309369387,610,Am I suppose to place an order or are you?
5213,2261,6,25,91,122,1.3032786885245902,0.050588387697447626,610,Guess you over-cooked the books huh?
5155,2262,5,26,88,119,1.3025210084033614,0.05000302205471872,610,If you had just admitted you didn't know what gluten was
7369,2262,7,22,90,119,1.3025210084033614,0.05277463331184015,610,They indicted your ham sandwich.
7052,2262,6,24,89,119,1.3025210084033614,0.05140750983953548,610,I told you that the TSA would have no sense of humor about anything you said was stöllen in your bag.
6616,2262,6,24,89,119,1.3025210084033614,0.05140750983953548,610,If you give the judge the tiramisu recipe he'll let you out.
6450,2262,6,24,89,119,1.3025210084033614,0.05140750983953548,610,"So, how’s the food in there?"
6420,2262,9,18,92,119,1.3025210084033614,0.055407775878424236,610,What's the charge? Death by chocolate?
5097,2262,6,24,89,119,1.3025210084033614,0.05140750983953548,610,"""Your book is headed to Broadway: 'Salmonella the Musical'""."
7632,2262,9,18,92,119,1.3025210084033614,0.055407775878424236,610,You just had to have those Japanese knives.
3901,2262,5,26,88,119,1.3025210084033614,0.05000302205471872,610,"You took ""Death By Chocolate"" dessert too literally."
777,2262,7,22,90,119,1.3025210084033614,0.05277463331184015,610,"You must let the prosecution grill you, or your goose is cooked. So simmer down, and we'll beat this case."
829,2262,11,14,94,119,1.3025210084033614,0.05792133747064369,610,Bad news--your lawyer says your cooked.
952,2262,8,20,91,119,1.3025210084033614,0.054107224790192664,610,The bad news is the lobster decided to bring charges. The good news is he was delicious.
986,2262,7,22,90,119,1.3025210084033614,0.05277463331184015,610,"Well, what you did to the sauce was criminal!"
1110,2262,8,20,91,119,1.3025210084033614,0.054107224790192664,610,The judge said that what you did to that fish was a crime.
4248,2262,6,24,89,119,1.3025210084033614,0.05140750983953548,610,I've got the dough.
2149,2262,7,22,90,119,1.3025210084033614,0.05277463331184015,610,They say no parole until I get the beshemel sauce right
3879,2262,4,28,87,119,1.3025210084033614,0.048557927893470035,610,I think you took that idea of 'a meal to die for' just a tad too literally.
3790,2262,8,20,91,119,1.3025210084033614,0.054107224790192664,610,"My mother told me to never trust a skinny chef, but I didn't listen."
2130,2262,7,22,90,119,1.3025210084033614,0.05277463331184015,610,Steak well done? With ketchup? What were you thinking?
2710,2262,7,22,90,119,1.3025210084033614,0.05277463331184015,610,"So.. after you separate the yolks from the egg whites, what's next?.."
6114,2282,6,23,87,116,1.3017241379310345,0.05226479057419202,610,"I said, ""Wear a disguise"", not a costume!"
5949,2282,7,21,88,116,1.3017241379310345,0.053679915901996444,610,"Guess you won't short me on the canapés next time, will you, Pierre?"
5948,2282,4,27,85,116,1.3017241379310345,0.04931286098779539,610,Did you substitute margarine again?
5933,2282,2,31,83,116,1.3017241379310345,0.046172591261906815,610,So what hair-brained scheme are you cooking up now?
5738,2282,3,29,84,116,1.3017241379310345,0.047768537986004694,610,"It's a fair deal, just tell me where you hid my mother's recipes, and I'll testify on your behalf."
5713,2282,2,31,83,116,1.3017241379310345,0.046172591261906815,610,"You had to brag about the ""killer chocolate cake""!"
5707,2282,6,23,87,116,1.3017241379310345,0.05226479057419202,610,"Is that a zucchini in your pocket, or are you just pleased to see me?"
5681,2282,5,25,86,116,1.3017241379310345,0.05081026762656237,610,They’re never going to believe the soufflé just fell.
5680,2282,7,21,88,116,1.3017241379310345,0.053679915901996444,610,"Food poisoning, again?"
5633,2282,2,31,83,116,1.3017241379310345,0.046172591261906815,610,"Unfortunately, no one wanted to actually die for your soufflé."
6081,2282,4,27,85,116,1.3017241379310345,0.04931286098779539,610,"When I said ""They should arrest the chef for this"" I was joking"
5828,2282,6,23,87,116,1.3017241379310345,0.05226479057419202,610,"OK, so you are a chef. But your profile says you're 6'3"" and slim."
5390,2282,4,27,85,116,1.3017241379310345,0.04931286098779539,610,I warned you that cooking with all that butter was a death sentence
5388,2282,4,27,85,116,1.3017241379310345,0.04931286098779539,610,"Well I miss you. I miss your smile, but mostly I miss your pecan pie."
5331,2282,6,23,87,116,1.3017241379310345,0.05226479057419202,610,Who knew that the statement “he makes a killer meatloaf” could have legal implications?
5193,2282,9,17,90,116,1.3017241379310345,0.05640375383082166,610,Your lawyer said you may get a reduced sentence to a bakers dozen.
6184,2282,5,25,86,116,1.3017241379310345,0.05081026762656237,610,I told you putting mayonnaise on kale is criminal.
5100,2282,6,23,87,116,1.3017241379310345,0.05226479057419202,610,That was your secret ingredient?
5089,2282,5,25,86,116,1.3017241379310345,0.05081026762656237,610,#thymesup
5052,2282,9,17,90,116,1.3017241379310345,0.05640375383082166,610,So there really were too many cooks IN the soup?
5042,2282,5,25,86,116,1.3017241379310345,0.05081026762656237,610,"When I said your idea to rob a bank was half-baked, it wasn't meant as a compliment."
5033,2282,7,21,88,116,1.3017241379310345,0.053679915901996444,610,"No, we don't have enough dough to make bail."
4845,2282,4,27,85,116,1.3017241379310345,0.04931286098779539,610,"They found your finger prints on the knife, and the cutting board, the whisk, and the saucepan."
4806,2282,4,27,85,116,1.3017241379310345,0.04931286098779539,610,"Well, so much for your killer menu!"
4790,2282,7,21,88,116,1.3017241379310345,0.053679915901996444,610,"I’m happy to bake a file into the cake, but I don’t see the point of the bittersweet chocolate ganache."
4775,2282,5,25,86,116,1.3017241379310345,0.05081026762656237,610,"Don't worry, dear. The proof is in the pudding."
5584,2282,7,21,88,116,1.3017241379310345,0.053679915901996444,610,"Sorry honey. When I said you were a killer chef, they took me literally."
5167,2282,6,23,87,116,1.3017241379310345,0.05226479057419202,610,Your lawyer doesn't think a jury will agree that it was a justifiable homicide because the victim asked for ketchup.
7581,2282,5,25,86,116,1.3017241379310345,0.05081026762656237,610,Well I WARNED you that it's a crime to put ketchup on spaghetti.
6460,2282,7,21,88,116,1.3017241379310345,0.053679915901996444,610,"Sure, I kneaded the dough, but that does not prove anything."
7831,2282,5,25,86,116,1.3017241379310345,0.05081026762656237,610,Can you request cage-free?
7766,2282,5,25,86,116,1.3017241379310345,0.05081026762656237,610,Really? You hid it in pudding?
7715,2282,3,29,84,116,1.3017241379310345,0.047768537986004694,610,"""Just keep your head down, and do your thyme""."
7663,2282,6,23,87,116,1.3017241379310345,0.05226479057419202,610,I warned you not to serve Death by Chocolate.
7636,2282,3,29,84,116,1.3017241379310345,0.047768537986004694,610,Sorry Bob - I have another bun in the oven
4584,2282,7,21,88,116,1.3017241379310345,0.053679915901996444,610,I knew your creme brûlée would get you into trouble one day.
7519,2282,6,23,87,116,1.3017241379310345,0.05226479057419202,610,I told you not to try and cook the books!
7512,2282,4,27,85,116,1.3017241379310345,0.04931286098779539,610,Your killer souffle' got you into trouble this time.
7471,2282,3,29,84,116,1.3017241379310345,0.047768537986004694,610,Wait till I buy the file. Then you can tell me how to bake a cake.
7451,2282,9,17,90,116,1.3017241379310345,0.05640375383082166,610,The Cornish Game Hens have filed #MeToo charges.
7382,2282,5,25,86,116,1.3017241379310345,0.05081026762656237,610,"They say the soup was to die for, but that you murdered the steak."
7366,2282,5,25,86,116,1.3017241379310345,0.05081026762656237,610,"I said, “ ‘Please torch the Creme Brûlée’ not my mother.”"
7359,2282,5,25,86,116,1.3017241379310345,0.05081026762656237,610,My son asked me to tell you that he really prefers his sandwiches lightly toasted with the crust trimmed off.
7288,2282,4,27,85,116,1.3017241379310345,0.04931286098779539,610,"Don't lie to me Herbert, I know you are cooking up something."
7256,2282,6,23,87,116,1.3017241379310345,0.05226479057419202,610,Puhleez! If you knew I were coming you'd have baked a cake?
7225,2282,6,23,87,116,1.3017241379310345,0.05226479057419202,610,"You're a chef, Charlie. You cook the food not the books."
7194,2282,8,19,89,116,1.3017241379310345,0.055058681501890964,610,They say you've been charged for a salt and battering
7186,2282,5,25,86,116,1.3017241379310345,0.05081026762656237,610,I hid the knives like you asked.
7168,2282,3,29,84,116,1.3017241379310345,0.047768537986004694,610,"I told you it wasn't oregano,but you wouldn't listen."
7131,2282,7,21,88,116,1.3017241379310345,0.053679915901996444,610,I couldn't raise the dough to bail you out.
7039,2282,8,19,89,116,1.3017241379310345,0.055058681501890964,610,It's just the warden's idea of fun when you're in for 'Cooking the Books'
6941,2282,7,21,88,116,1.3017241379310345,0.053679915901996444,610,Your lawyer wants you to plea Nolo Consomme'.
6879,2282,6,23,87,116,1.3017241379310345,0.05226479057419202,610,It wasn't what I had in mind when I asked you to make a killer dessert!
6711,2282,6,23,87,116,1.3017241379310345,0.05226479057419202,610,Your lawyer says you're facing hard thyme.
6708,2282,7,21,88,116,1.3017241379310345,0.053679915901996444,610,I told you not to cook the books . . .
6637,2282,7,21,88,116,1.3017241379310345,0.053679915901996444,610,"Howard, you shouldn't get so upset when your soufflé doesn't rise."
6598,2282,4,27,85,116,1.3017241379310345,0.04931286098779539,610,They say your goose is cooked.
6506,2282,4,27,85,116,1.3017241379310345,0.04931286098779539,610,"When the getaway car was late, I knew we were toast."
6483,2282,5,25,86,116,1.3017241379310345,0.05081026762656237,610,"On the bright side, your street cred's now up there with Bourdain."
6277,2282,4,27,85,116,1.3017241379310345,0.04931286098779539,610,"Did you explain that you’re a cook, not a crook?"
4488,2282,4,27,85,116,1.3017241379310345,0.04931286098779539,610,But making your soufflé fall was still no reason to stab him.
4204,2282,7,21,88,116,1.3017241379310345,0.053679915901996444,610,I guess you were right when you said the heist would be a cake walk.
4383,2282,6,23,87,116,1.3017241379310345,0.05226479057419202,610,If you return the star you'll get parole. Think of our children.
2477,2282,5,25,86,116,1.3017241379310345,0.05081026762656237,610,Why do you need a saw to cut a cake?
2435,2282,5,25,86,116,1.3017241379310345,0.05081026762656237,610,The lawyer told me that you've cooked your goose.
2385,2282,6,23,87,116,1.3017241379310345,0.05226479057419202,610,I told you that your cooking was a federal offense!
2305,2282,7,21,88,116,1.3017241379310345,0.053679915901996444,610,They found the dough you stole!
2289,2282,7,21,88,116,1.3017241379310345,0.053679915901996444,610,"They confiscated the immersion blender, but they didn't find the whisk."
2288,2282,5,25,86,116,1.3017241379310345,0.05081026762656237,610,Everyone knew he was dirty! You should never have admitted you knew the Muffin Man.
2146,2282,6,23,87,116,1.3017241379310345,0.05226479057419202,610,I warned you about making the devil's food cake.
2113,2282,7,21,88,116,1.3017241379310345,0.053679915901996444,610,Meat IS murder...
2063,2282,9,17,90,116,1.3017241379310345,0.05640375383082166,610,You were incarcerated for stealing the dough?
2007,2282,5,25,86,116,1.3017241379310345,0.05081026762656237,610,"I'm sorry Harold, that soufflé collapsed a long time ago."
1991,2282,6,23,87,116,1.3017241379310345,0.05226479057419202,610,"No, the food critic's review wasn't the kindest, but I guess you can chalk that up to the stomach pump thing."
1833,2282,7,21,88,116,1.3017241379310345,0.053679915901996444,610,I told you here in Amerika you can’t poison your critics.
1694,2282,4,27,85,116,1.3017241379310345,0.04931286098779539,610,"In America, you serve the salad before the entrée."
1689,2282,5,25,86,116,1.3017241379310345,0.05081026762656237,610,"...Plus, they're also going to sous you."
2480,2282,6,23,87,116,1.3017241379310345,0.05226479057419202,610,Did you tell them it was Colonel Mustard in the Library with the Candle Stick?
1625,2282,5,25,86,116,1.3017241379310345,0.05081026762656237,610,The cake wasn't moist enough to insert the file.
1582,2282,7,21,88,116,1.3017241379310345,0.053679915901996444,610,It's spelled B-O-M-B-E
4450,2282,6,23,87,116,1.3017241379310345,0.05226479057419202,610,Cancel my order. I can't wait anymore.
1366,2282,3,29,84,116,1.3017241379310345,0.047768537986004694,610,"I just couldn't wait any longer Harry. You know how I am. I need someone who can peel my potatoes, steam my clams and warm my cockles."
1327,2282,6,23,87,116,1.3017241379310345,0.05226479057419202,610,"We're running out of dough, Fred !"
1242,2282,7,21,88,116,1.3017241379310345,0.053679915901996444,610,Our lawyer says you’re looking at eight to ten at four hundred degrees.
1059,2282,6,23,87,116,1.3017241379310345,0.05226479057419202,610,Where did you hide the file-in-the-cake recipe?
999,2282,5,25,86,116,1.3017241379310345,0.05081026762656237,610,"I just want you to know, it was the best foie gras I ever had."
843,2282,4,27,85,116,1.3017241379310345,0.04931286098779539,610,"Don't worry, I've scheduled an appearance for you in food court next week."
839,2282,3,29,84,116,1.3017241379310345,0.047768537986004694,610,I thought your cooking was only sinful.
761,2282,3,29,84,116,1.3017241379310345,0.047768537986004694,610,"Based on what your attorney is telling me, they’re definitely going to sous you."
607,2282,6,23,87,116,1.3017241379310345,0.05226479057419202,610,This could all be over if you would just tell them your secret blend of herbs and spices.
438,2282,4,27,85,116,1.3017241379310345,0.04931286098779539,610,"So, how's the Iron Bars Chef doing?"
105,2282,6,23,87,116,1.3017241379310345,0.05226479057419202,610,Good News. Guinness confirms you're the only one with four stars and four years.
73,2282,7,21,88,116,1.3017241379310345,0.053679915901996444,610,All anyone wants is avocado toast.
1621,2282,5,25,86,116,1.3017241379310345,0.05081026762656237,610,And........table six said the fish was overcooked
2491,2282,8,19,89,116,1.3017241379310345,0.055058681501890964,610,"Sorry Fred, I've moved on to the Candlestick maker."
1436,2282,7,21,88,116,1.3017241379310345,0.053679915901996444,610,"I am sorry my love, but there is no greater crime than impersonating a chef in France."
2548,2282,6,23,87,116,1.3017241379310345,0.05226479057419202,610,I'm leaving you for another flan.
2529,2282,4,27,85,116,1.3017241379310345,0.04931286098779539,610,The kids won't eat anything that I make.
4337,2282,7,21,88,116,1.3017241379310345,0.053679915901996444,610,Maybe next time don't suggest to the president that he should eat something other than garbage?
4217,2282,6,23,87,116,1.3017241379310345,0.05226479057419202,610,"When the food critics said that your cooking was a crime, I thought they were just being sarcastic!"
4201,2282,8,19,89,116,1.3017241379310345,0.055058681501890964,610,I warned you pineapple doesn't go on pizza
4118,2282,6,23,87,116,1.3017241379310345,0.05226479057419202,610,You left a bun in the oven...
4054,2282,9,17,90,116,1.3017241379310345,0.05640375383082166,610,All this for beating an egg?
3997,2282,5,25,86,116,1.3017241379310345,0.05081026762656237,610,What...you want me to bake a file in a lemon souffle with with orange zest?
3980,2282,6,23,87,116,1.3017241379310345,0.05226479057419202,610,"From where I sit, Pierre, you're one toque over the line."
3953,2282,5,25,86,116,1.3017241379310345,0.05081026762656237,610,I can't believe they put you on chef's row.
3947,2282,5,25,86,116,1.3017241379310345,0.05081026762656237,610,I'm sure an edgy new restaurant would have interest in hiring a chef just released from the maximum security prison
3802,2282,8,19,89,116,1.3017241379310345,0.055058681501890964,610,I'm pregnant with your Julia child.
3776,2282,6,23,87,116,1.3017241379310345,0.05226479057419202,610,Of course he died. But he said the sauce was delicious.
4270,2282,6,23,87,116,1.3017241379310345,0.05226479057419202,610,"Unfortunately, your food was to die __of."
3579,2282,3,29,84,116,1.3017241379310345,0.047768537986004694,610,I told you all the food shows are taking recipes more seriously
3488,2282,5,25,86,116,1.3017241379310345,0.05081026762656237,610,"You're the pastry chef, tell them where you hid the dough."
3587,2282,6,23,87,116,1.3017241379310345,0.05226479057419202,610,I swear I didn't cook the books!
3444,2282,7,21,88,116,1.3017241379310345,0.053679915901996444,610,I assumed 'sinful chocolate mousse' was a figure of speech.
2583,2282,6,23,87,116,1.3017241379310345,0.05226479057419202,610,It’s also the last meal you’ll ever have to worry about.
2615,2282,5,25,86,116,1.3017241379310345,0.05081026762656237,610,No more of your half baked excuses!
2671,2282,6,23,87,116,1.3017241379310345,0.05226479057419202,610,"Sure, I brought the knife. I just assumed you’d bake the cake."
3486,2282,7,21,88,116,1.3017241379310345,0.053679915901996444,610,"Sorry, but I've taken up with nouvelle cuisine."
2731,2282,10,15,91,116,1.3017241379310345,0.057717488542808136,610,But you did murder the soufflé.
3020,2282,5,25,86,116,1.3017241379310345,0.05081026762656237,610,It's not about the cake; it's about the file.
2719,2282,5,25,86,116,1.3017241379310345,0.05081026762656237,610,They don't even let you use creme fraiche? The inhumanity!
3155,2282,5,25,86,116,1.3017241379310345,0.05081026762656237,610,"No, I can’t wait for you. Not this time. Three to five years without a decent meal is more than I can bear."
3220,2282,8,19,89,116,1.3017241379310345,0.055058681501890964,610,What's for dinner?
3322,2282,5,25,86,116,1.3017241379310345,0.05081026762656237,610,I'm leaving you for a dishwasher. He makes me happy.
3355,2282,8,19,89,116,1.3017241379310345,0.055058681501890964,610,Both the Butcher and the Candlestick maker got 20 years to life.
3357,2282,1,33,82,116,1.3017241379310345,0.044519469295554885,610,"""Told you your cherry cheesecake was ""criminally delicious""."
3432,2282,7,21,88,116,1.3017241379310345,0.053679915901996444,610,I'm sorry. I'm just a passionate Yelper.
3063,2282,5,25,86,116,1.3017241379310345,0.05081026762656237,610,Turns out that it is a federal crime to put de lime in de coconut.
2787,2410,7,23,93,123,1.3008130081300813,0.05154543439746056,610,"We're trying to run things without you, but the sous chef doesn't know where you hid the dough."
1022,2411,7,22,91,120,1.3,0.05239368319955837,610,"Chocolate layers, buttercream icing, and don't forget the cordless angle grinder."
1731,2411,1,34,85,120,1.3,0.04364357804719847,610,So one more time: do I add the eggs before or after the milk?
1878,2411,8,20,92,120,1.3,0.05371363012890349,610,"Bail was set at 12 hundred, so I gave them 13."
7837,2411,9,18,93,120,1.3,0.05500190982169267,610,"Anthony, you're right, Bobby Flay probably hasn't cooked mash potatoes for 300 men..."
6649,2415,4,27,86,117,1.2991452991452992,0.04895753416012671,610,"I'll give you the file, but you'll need to bake the cake."
2518,2415,5,25,87,117,1.2991452991452992,0.05044008690880406,610,A fallen souffle carries a mandatory minimum sentence of 48 months. But I am more concerned with the enhancements for the ongoing overuse of Brussels sprouts and kale.
6265,2415,6,23,88,117,1.2991452991452992,0.05188029089833095,610,"Well Henry, as you always said, your veal was to die for."
4464,2415,5,25,87,117,1.2991452991452992,0.05044008690880406,610,The lawyer says you could get 10 years on a Food Pyramid scheme conviction.
2474,2415,8,19,90,117,1.2991452991452992,0.05464694882928879,610,The prosecutor wants 5 years at 350 degrees.
6360,2415,7,21,89,117,1.2991452991452992,0.05328158030711152,610,"I've got a file, but you'll need to give me the recipe for a cake."
5404,2421,5,24,85,114,1.2982456140350878,0.0512683781845818,610,You fool! I told you that a dozen chili peppers would kill any one.
5505,2421,6,22,86,114,1.2982456140350878,0.05276079981200326,610,I think there were too many blackbirds on the jury
5543,2421,5,24,85,114,1.2982456140350878,0.0512683781845818,610,So all you said was that you're going to beat some eggs?
5830,2421,3,28,83,114,1.2982456140350878,0.0481449458554825,610,Are we going to have a conjugal or culinary visit?
5345,2421,8,18,88,114,1.2982456140350878,0.0556256486438787,610,“That’s not what they meant by ‘cook the books.’
5866,2421,5,24,85,114,1.2982456140350878,0.0512683781845818,610,"You and I might not think planked salmon minus the pinot noir is a crime, but society does."
5873,2421,2,30,82,114,1.2982456140350878,0.046504627901988,610,Either you're responsible for serving 5 to 10 or for 5 to 10 servings.
5244,2421,7,20,87,114,1.2982456140350878,0.05421215169984737,610,"Well, hopefully, the next time somebody tells you they'd kill for a perfect filet mignon, you'll ignore them!"
6003,2421,4,26,84,114,1.2982456140350878,0.049731189474537224,610,Turns out it really is 10 to 15 for killer Lasagna
6112,2421,6,22,86,114,1.2982456140350878,0.05276079981200326,610,Ketchup on a Chicago Hot Dog? Really?
5157,2421,6,22,86,114,1.2982456140350878,0.05276079981200326,610,Mr. Battaglia can't come to the phone right now... but would you like to make a reservation?
5385,2421,6,22,86,114,1.2982456140350878,0.05276079981200326,610,"It's one thing to cook the books, Lou, but most people would've skipped the flambéeing."
5842,2421,5,24,85,114,1.2982456140350878,0.0512683781845818,610,One Big Mac and two large fries
6221,2421,7,20,87,114,1.2982456140350878,0.05421215169984737,610,Your attorney called. He said to tell you that your goose is cooked.
6652,2421,7,20,87,114,1.2982456140350878,0.05421215169984737,610,They think you cooked the books but I told them you only do flambé.
6724,2421,6,22,86,114,1.2982456140350878,0.05276079981200326,610,Bad need. The butcher and the candlestick maker cut a deal to testify against you.
6810,2421,4,26,84,114,1.2982456140350878,0.049731189474537224,610,And you felt that it wasn't constructive criticism.
6904,2421,8,18,88,114,1.2982456140350878,0.0556256486438787,610,Bugsy sez bustin' you out will be a piece of cake--if you have the dough.
7856,2421,6,22,86,114,1.2982456140350878,0.05276079981200326,610,"The jury was unanimous, it was a meal to die for."
7031,2421,10,14,90,114,1.2982456140350878,0.05835000923138064,610,"Well, meat is murder."
7041,2421,9,16,89,114,1.2982456140350878,0.05700410671326431,610,They keep asking if I know where you kept the dough
7292,2421,6,22,86,114,1.2982456140350878,0.05276079981200326,610,But all he wanted to do was order something off the menu.
7411,2421,2,30,82,114,1.2982456140350878,0.046504627901988,610,The free-range chickens are joining the march for your cause
7425,2421,4,26,84,114,1.2982456140350878,0.049731189474537224,610,"The restaurant's back in business, Glen--but they removed your ""Grilled Whole Blowfish"" from the seafood menu. ' special."
7494,2421,5,24,85,114,1.2982456140350878,0.0512683781845818,610,"I'm going to level with you, pairing fish with a Bordeaux isn't going to fly with a jury of your peers."
7527,2421,7,20,87,114,1.2982456140350878,0.05421215169984737,610,How were your tater tots today?
7664,2421,6,22,86,114,1.2982456140350878,0.05276079981200326,610,At least you are not guilty of fast food.
6177,2421,7,20,87,114,1.2982456140350878,0.05421215169984737,610,Your lawyer's demanding another dozen chocolate macarons.
5003,2421,7,20,87,114,1.2982456140350878,0.05421215169984737,610,You should have thought twice before you beat that egg.
6917,2421,5,24,85,114,1.2982456140350878,0.0512683781845818,610,"The jury voted 13-0 to convict, it was a baker’s dozen."
4793,2421,5,24,85,114,1.2982456140350878,0.0512683781845818,610,Do you have the time to make a Risotto?
4827,2421,6,22,86,114,1.2982456140350878,0.05276079981200326,610,I warned you about that pairing.
106,2421,5,24,85,114,1.2982456140350878,0.0512683781845818,610,"I’m sorry Pierre, but I have to agree. That Creme Brûlée was criminal."
118,2421,4,26,84,114,1.2982456140350878,0.049731189474537224,610,They’re offering a plea deal... And we’re out of shallots.
201,2421,7,20,87,114,1.2982456140350878,0.05421215169984737,610,"You're charged with rigging the pastry challenge, so just plead down to simple baking and entering."
394,2421,6,22,86,114,1.2982456140350878,0.05276079981200326,610,I've heard orange chiffon is the new black forest.
490,2421,9,16,89,114,1.2982456140350878,0.05700410671326431,610,Maybe the candlestick maker will understand me.
762,2421,3,28,83,114,1.2982456140350878,0.0481449458554825,610,Hand over that muffin recipe and I'll tell them I saw nothing.
772,2421,7,20,87,114,1.2982456140350878,0.05421215169984737,610,"Eventually, they'll figure out it was the butler."
1031,2421,6,22,86,114,1.2982456140350878,0.05276079981200326,610,"They'll drop the charges... If you admit , that there was a fly in the soup."
1267,2421,5,24,85,114,1.2982456140350878,0.0512683781845818,610,I can't bail you out. You used up all the dough.
1272,2421,10,14,90,114,1.2982456140350878,0.05835000923138064,610,Whose recipe did you steal? Mrs.Trumps?
1661,2421,8,18,88,114,1.2982456140350878,0.0556256486438787,610,But all you said was that eating with hands at the White House dinner table is uncouth.
1792,2421,5,24,85,114,1.2982456140350878,0.0512683781845818,610,The judge says it's a baker's dozen.
1825,2421,4,26,84,114,1.2982456140350878,0.049731189474537224,610,"Canned parmesan is a crime, but you shouldn't have hit him over the head with it."
1828,2421,7,20,87,114,1.2982456140350878,0.05421215169984737,610,What did you expect to happen for cooking the books?
1543,2421,8,18,88,114,1.2982456140350878,0.0556256486438787,610,How long do I leave it in for?
2392,2421,4,26,84,114,1.2982456140350878,0.049731189474537224,610,ZOf course they wanted you back! Have you seen what they’ve been eating since you paroled?
4658,2421,6,22,86,114,1.2982456140350878,0.05276079981200326,610,I'm sorry it took so long for me to visit. I-I-I'm just not stroganoff to see you like this.
4582,2421,1,32,81,114,1.2982456140350878,0.04480429690529002,610,Another sous chef was shanked today
4418,2421,3,28,83,114,1.2982456140350878,0.0481449458554825,610,Now will you stop calling yourself cake boss?
2024,2421,6,22,86,114,1.2982456140350878,0.05276079981200326,610,I don't think you get it. I bring the cake.
3767,2421,9,16,89,114,1.2982456140350878,0.05700410671326431,610,I told you not to forage for mushrooms for your new omlette recipe.
3738,2421,6,22,86,114,1.2982456140350878,0.05276079981200326,610,"I agree that the sole was overcooked, but these Gordon Ramsay shows are really getting out of hand."
3274,2421,5,24,85,114,1.2982456140350878,0.0512683781845818,610,"Well, at least it's the Cooks County Jail."
3840,2421,6,22,86,114,1.2982456140350878,0.05276079981200326,610,"I'd send you a cake with a file inside, but you'd probably just criticize the bake."
3177,2421,6,22,86,114,1.2982456140350878,0.05276079981200326,610,"So, did you turn the stove off?"
2607,2421,5,24,85,114,1.2982456140350878,0.0512683781845818,610,They got me on a salt and batter possession.
2579,2421,8,18,88,114,1.2982456140350878,0.0556256486438787,610,"'Bad news Henry, they found your missing wife's DNA in the bone broth."""
2423,2421,7,20,87,114,1.2982456140350878,0.05421215169984737,610,"No, you’re not coming out until you’re brown and crusty."
2408,2421,6,22,86,114,1.2982456140350878,0.05276079981200326,610,Just tell me you didn't know the prime rib was underaged?
3221,2421,7,20,87,114,1.2982456140350878,0.05421215169984737,610,Maybe they'll reduce your sentence for good thyme.
1772,2483,2,29,80,111,1.2972972972972974,0.04718894808523937,610,"No, I’m not surprised that the cookbook section of the library is lacking."
2473,2483,2,29,80,111,1.2972972972972974,0.04718894808523937,610,''Don't worry... I heard they always respect the guy with the knife here.''
7644,2485,8,19,91,118,1.2966101694915255,0.05424113596375548,610,"I warned you, if you do the crime you do the thyme."
5118,2486,5,24,86,115,1.2956521739130435,0.050886741087754414,610,Should have let them have it well done Frank
7391,2486,7,20,88,115,1.2956521739130435,0.05380121765467388,610,I thought your 'lamb shank redemption' lacked acidity.
7358,2486,5,24,86,115,1.2956521739130435,0.050886741087754414,610,"No, I'm sorry, we don't deliver."
6471,2486,5,24,86,115,1.2956521739130435,0.050886741087754414,610,"Well, you didn't have to stab the judges."
6384,2486,8,18,89,115,1.2956521739130435,0.05520078190046145,610,I spoke to our lawyer. Apparently your cooking was in fact bad enough to be criminal.
4976,2486,9,16,90,115,1.2956521739130435,0.056565728349584905,610,He’s saying that you pushed him off the wall after threatening to beat him and eleven of his friends.
1382,2486,6,22,87,115,1.2956521739130435,0.05236425994730445,610,You were warned. White wine with seafood.
3847,2486,8,18,89,115,1.2956521739130435,0.05520078190046145,610,I told you your Cross Buns were hot.
3593,2486,7,20,88,115,1.2956521739130435,0.05380121765467388,610,"That’s 3 cups of flour, 1 cup of sugar, and a hand file at 350 for 30 minutes. Was it baking powder or baking soda?"
3199,2486,6,22,87,115,1.2956521739130435,0.05236425994730445,610,They're charging you with salted and buttery.
2736,2486,6,22,87,115,1.2956521739130435,0.05236425994730445,610,Do they at least pair the meatloaf with a nice Merlot?
1835,2486,4,26,85,115,1.2956521739130435,0.04936501916575575,610,Didn't you know that Martha Stewart has a no tolerance policy about stealing her cookie recipes?
345,2486,6,22,87,115,1.2956521739130435,0.05236425994730445,610,The file made it in just fine. I'm upset because the cake was dry.
4170,2486,6,22,87,115,1.2956521739130435,0.05236425994730445,610,I warned you about serving him that dish you always say is “to die for!”
4158,2500,6,21,85,112,1.2946428571428572,0.05326893361493307,610,I told you cannabis soup would get you in trouble.
4222,2500,2,29,81,112,1.2946428571428572,0.046840993210771086,610,"When I said no peanuts, I meant no peanuts."
4311,2500,5,23,84,112,1.2946428571428572,0.05173687396429152,610,"I guess, Raul, that you could say that your appeal is on the backburner . . ."
4394,2500,7,19,86,112,1.2946428571428572,0.0547581450502782,610,Now what did you cook up?
4413,2500,4,25,83,112,1.2946428571428572,0.0501580399011148,610,I had hoped they would replace that ridiculous outfit with an orange jumpsuit.
4643,2500,6,21,85,112,1.2946428571428572,0.05326893361493307,610,"""So instead of a file in a cake, you want a whisk""?"
4671,2500,5,23,84,112,1.2946428571428572,0.05173687396429152,610,"Well, at least your hat is holding up nicely."
4946,2500,6,21,85,112,1.2946428571428572,0.05326893361493307,610,I brought you the shank like you asked.
5053,2500,7,19,86,112,1.2946428571428572,0.0547581450502782,610,The Michelin people say this is a deal breaker.
6811,2500,6,21,85,112,1.2946428571428572,0.05326893361493307,610,She said your goose was cooked.
6517,2500,5,23,84,112,1.2946428571428572,0.05173687396429152,610,Do I add the file before or after I put the cake in the oven?
6733,2500,5,23,84,112,1.2946428571428572,0.05173687396429152,610,"Actually, it was a banker’s dozen."
6864,2500,7,19,86,112,1.2946428571428572,0.0547581450502782,610,I guess your goose is cooked
7177,2500,4,25,83,112,1.2946428571428572,0.0501580399011148,610,Your casserole hearing will be at 3:50 for about 20 minutes.
7584,2500,4,25,83,112,1.2946428571428572,0.0501580399011148,610,Cookie jar again?
7655,2500,6,21,85,112,1.2946428571428572,0.05326893361493307,610,"I knew you seemed suspicious, just from all of the dough you were making."
7844,2500,5,23,84,112,1.2946428571428572,0.05173687396429152,610,"Well, can you ask Martha for her meringue recipe?"
7868,2500,7,19,86,112,1.2946428571428572,0.0547581450502782,610,There was a typo...they think you’re the coke boss.
3963,2500,8,17,87,112,1.2946428571428572,0.0562079141244582,610,I told you not to take Death By Chocolate literally.
5521,2500,7,19,86,112,1.2946428571428572,0.0547581450502782,610,I didn't literally mean death by chocolate
3858,2500,5,23,84,112,1.2946428571428572,0.05173687396429152,610,"Yes, I did cook the books."
6561,2500,4,25,83,112,1.2946428571428572,0.0501580399011148,610,"I’m sorry, but Chef Boyardee’s always been there for me."
3707,2500,7,19,86,112,1.2946428571428572,0.0547581450502782,610,I warned you that your soufflé was a killer!
3852,2500,4,25,83,112,1.2946428571428572,0.0501580399011148,610,They froze everything.
196,2500,5,23,84,112,1.2946428571428572,0.05173687396429152,610,They got me in here on a phony farm-to-table rap.
136,2500,6,21,85,112,1.2946428571428572,0.05326893361493307,610,"The food critic agreed not to press charges, but then added that he found your left hook “pedestrian.”"
550,2500,6,21,85,112,1.2946428571428572,0.05326893361493307,610,"Whatever you do, don't be the little spoon."
571,2500,5,23,84,112,1.2946428571428572,0.05173687396429152,610,The butcher and the candlestick maker are wanting to cut ties
787,2500,8,17,87,112,1.2946428571428572,0.0562079141244582,610,I've got the dough.
881,2500,6,21,85,112,1.2946428571428572,0.05326893361493307,610,"For goodness sakes, so the customer liked ketchup on his steak!!"
888,2500,4,25,83,112,1.2946428571428572,0.0501580399011148,610,"Medium, extra cheese, sausage and olives. I'll pick it up in 3 to 5 years."
977,2500,7,19,86,112,1.2946428571428572,0.0547581450502782,610,"I'm sorry Elliot, you've been chopped."
1003,2500,5,23,84,112,1.2946428571428572,0.05173687396429152,610,I need your recipe for cake with a file in it.
1221,2500,5,23,84,112,1.2946428571428572,0.05173687396429152,610,"I'm sorry to have to tell you this, but your goose, as they say, is cooked."
294,2500,9,15,88,112,1.2946428571428572,0.05762121806329357,610,Want to try Take Out?
3390,2500,5,23,84,112,1.2946428571428572,0.05173687396429152,610,Don't worry. I'm cooking up a defense.
1574,2500,7,19,86,112,1.2946428571428572,0.0547581450502782,610,Your meatloaf was criminal...
1824,2500,4,25,83,112,1.2946428571428572,0.0501580399011148,610,I've been eating at McDonalds.
1898,2500,7,19,86,112,1.2946428571428572,0.0547581450502782,610,"Unfortunately, ""Death by Chocolate"" won't hold water as a homicide defense."
2092,2500,6,21,85,112,1.2946428571428572,0.05326893361493307,610,Just filet the biggest guy in the lunch line and you'll be fine.
2688,2500,4,25,83,112,1.2946428571428572,0.0501580399011148,610,Was that two tablespoons of shallots?
3014,2500,8,17,87,112,1.2946428571428572,0.0562079141244582,610,This is New York. They don't need a 'last meals' chef.
3033,2500,6,21,85,112,1.2946428571428572,0.05326893361493307,610,"I told you they wouldn’t believe, “I am not a cook.”"
3208,2500,6,21,85,112,1.2946428571428572,0.05326893361493307,610,I told him not to cook the books.
3499,2500,6,21,85,112,1.2946428571428572,0.05326893361493307,610,How do you feel about a bun in the oven?
1439,2500,6,21,85,112,1.2946428571428572,0.05326893361493307,610,"Even if it is an upscale Cafe in Midtown, letting a souffle fall should be at most a misdemeanor and not a felony."
5614,2546,6,21,86,113,1.2920353982300885,0.05285977192705318,610,They wouldn't let me bring in the cake.
4081,2546,6,21,86,113,1.2920353982300885,0.05285977192705318,610,The real crime was your souffle
2266,2546,3,27,83,113,1.2920353982300885,0.04816712623247177,610,"Honey, I’m thrilled you’ve improved the prison’s tater tot recipe. I really am. But can we focus on the real issue here?"
4112,2546,6,21,86,113,1.2920353982300885,0.05285977192705318,610,Your ex's attorney wants to know where you hid the dough.
5372,2550,6,20,84,110,1.290909090909091,0.053789591847013624,610,"Honey, I'm telling you I swear it was oregano."
5487,2550,4,24,82,110,1.290909090909091,0.050593565285346906,610,Remind the butcher and candlestick maker that their wives will be up next week.
5430,2550,6,20,84,110,1.290909090909091,0.053789591847013624,610,Hi. I brought you some flours.
5344,2550,5,22,83,110,1.290909090909091,0.05221603699703269,610,"Let’s face it, honey, your popovers are indefensible."
5479,2550,4,24,82,110,1.290909090909091,0.050593565285346906,610,"If this isn’t working for you, we can still try the cowboy-themed prison."
5798,2550,5,22,83,110,1.290909090909091,0.05221603699703269,610,"The recipe said beat lightly, not lightly beat your wife."
5731,2550,3,26,81,110,1.290909090909091,0.04891730958351892,610,Did you try explaining to them that it was just flour?
5546,2550,4,24,82,110,1.290909090909091,0.050593565285346906,610,Why would I bring you a cake?
5610,2550,5,22,83,110,1.290909090909091,0.05221603699703269,610,"No, Soylent Green was not a documentary or a sustainable business plan"
5631,2550,7,18,85,110,1.290909090909091,0.0553184043737809,610,"Between the Keebler Elves and the Pillsbury Dough Boy, I couldn't take any more. I just snapped."
5702,2550,3,26,81,110,1.290909090909091,0.04891730958351892,610,"Well, now you know what I meant when I called to say that you goose is cooked."
5746,2550,6,20,84,110,1.290909090909091,0.053789591847013624,610,At least you got that Michelin Star
5182,2550,4,24,82,110,1.290909090909091,0.050593565285346906,610,They're reducing your sauce.
5534,2550,5,22,83,110,1.290909090909091,0.05221603699703269,610,I told you this 'baker's dozen' racket was nothing but a Ponzi scheme.
5147,2550,6,20,84,110,1.290909090909091,0.053789591847013624,610,Got any ideas for dinner?
4635,2550,4,24,82,110,1.290909090909091,0.050593565285346906,610,I think that oregano you used in the spaghetti sauce was actually Timmy's marijuana stash.
5103,2550,5,22,83,110,1.290909090909091,0.05221603699703269,610,But your angel food cake recipe said nothing about a file.
4344,2550,7,18,85,110,1.290909090909091,0.0553184043737809,610,"It's probably not a good time to tell you this, but I'm leaving you for the Candlestick Maker."
4456,2550,6,20,84,110,1.290909090909091,0.053789591847013624,610,I'll wait. I don't give a crêpe.
4506,2550,6,20,84,110,1.290909090909091,0.053789591847013624,610,"Clarisse, ""Jean Claude, the candlestick maker has turned State's evidence."""
4618,2550,5,22,83,110,1.290909090909091,0.05221603699703269,610,I still can't believe you served a protein with two starches.
4629,2550,7,18,85,110,1.290909090909091,0.0553184043737809,610,Don't take the rap for the butcher and the candlestick maker.
4648,2550,5,22,83,110,1.290909090909091,0.05221603699703269,610,At least now we get to see more of each other.
4652,2550,8,16,86,110,1.290909090909091,0.05680608711972661,610,"Everything's alright. The detectives loved the meat pies. See, no evidence..."
4656,2550,5,22,83,110,1.290909090909091,0.05221603699703269,610,Was it the roadkill recipe?
4724,2550,5,22,83,110,1.290909090909091,0.05221603699703269,610,They say you murdered the coq au vin.
4726,2550,2,28,80,110,1.290909090909091,0.04718153776104595,610,"So to review: you bake the cake, and I'll bring the knife to hide in it."
4794,2550,8,16,86,110,1.290909090909091,0.05680608711972661,610,How's the food in there?
4877,2550,5,22,83,110,1.290909090909091,0.05221603699703269,610,Did someone ask for well-done again?
4916,2550,7,18,85,110,1.290909090909091,0.0553184043737809,610,I guess your Pumpkin Surprise Treats didn't go over too well at the police picnic.
4991,2550,6,20,84,110,1.290909090909091,0.053789591847013624,610,I don't think dressing like a chef will get you a set of knives.
5073,2550,7,18,85,110,1.290909090909091,0.0553184043737809,610,"Sorry chef, but you deserve this. I clearly specified 'over easy'."
5109,2550,6,20,84,110,1.290909090909091,0.053789591847013624,610,You idiot! I told you to add turmeric not arsenic!
5885,2550,5,22,83,110,1.290909090909091,0.05221603699703269,610,I don’t think you can get time off for good baking.
6371,2550,7,18,85,110,1.290909090909091,0.0553184043737809,610,Does it really matter what type of cake it is?
5950,2550,6,20,84,110,1.290909090909091,0.053789591847013624,610,Didn’t I tell you not to take the dough.
7085,2550,6,20,84,110,1.290909090909091,0.053789591847013624,610,"I’m sorry, but I found a new baker while you were doughing thyme."
7208,2550,7,18,85,110,1.290909090909091,0.0553184043737809,610,The coroners report came back: Death by chocolate.
7212,2550,8,16,86,110,1.290909090909091,0.05680608711972661,610,"why is it everyone but you knew the president thought, 'organic' & 'poisonous' were synonymous?"
7230,2550,1,30,79,110,1.290909090909091,0.04537942082160346,610,"You did cook the books, didn't you?"
7309,2550,7,18,85,110,1.290909090909091,0.0553184043737809,610,If only you didn't take a request for a killer recipe so literally...
7407,2550,4,24,82,110,1.290909090909091,0.050593565285346906,610,"Unfortunately for you, a guilty plea gets you a baker's dozen."
7028,2550,5,22,83,110,1.290909090909091,0.05221603699703269,610,The judge said your Coquilles St.- Jacques is indefensible.
7530,2550,6,20,84,110,1.290909090909091,0.053789591847013624,610,I told you overcooking that coq au vin was practically criminal.
7555,2550,4,24,82,110,1.290909090909091,0.050593565285346906,610,Then who did steal the cookies from the cookie jar ?
7569,2550,6,20,84,110,1.290909090909091,0.053789591847013624,610,So they really did die for your meringues?
7645,2550,4,24,82,110,1.290909090909091,0.050593565285346906,610,The sous chefs are starting to forget what you look like.
7709,2550,5,22,83,110,1.290909090909091,0.05221603699703269,610,You got a cruel sentence ... a baker's dozen.
7763,2550,3,26,81,110,1.290909090909091,0.04891730958351892,610,"OK, so let me make sure I have that cake recipe memorized--two cups of flour, three eggs, a teaspoon of vanilla, one file . . ."
4341,2550,7,18,85,110,1.290909090909091,0.0553184043737809,610,If only you hadn't cooked the books!
7546,2550,5,22,83,110,1.290909090909091,0.05221603699703269,610,"Yes, your salmon was that bad!"
5916,2550,5,22,83,110,1.290909090909091,0.05221603699703269,610,"Well, with you gone the food is terrible out here too."
6984,2550,5,22,83,110,1.290909090909091,0.05221603699703269,610,I understand you needed bread but you should never have stolen that dough
6857,2550,5,22,83,110,1.290909090909091,0.05221603699703269,610,I'll serve a baker's dozen for cooking the books.
6018,2550,2,28,80,110,1.290909090909091,0.04718153776104595,610,Your lawyer said the D.A. is not finished grilling you.
6034,2550,3,26,81,110,1.290909090909091,0.04891730958351892,610,Serves you right for baking cupcakes while I was on a diet.
6038,2550,9,14,87,110,1.290909090909091,0.05825579117346873,610,You didn't realize serving non-organic toothpicks is a felony in San Francisco?
6071,2550,5,22,83,110,1.290909090909091,0.05221603699703269,610,They might shorten your time if you can get the Michelin rating up.
6083,2550,5,22,83,110,1.290909090909091,0.05221603699703269,610,I see Bubba has made you his baker.
6164,2550,10,12,88,110,1.290909090909091,0.05967028470385929,610,I think I left the oven on.
6898,2550,4,24,82,110,1.290909090909091,0.050593565285346906,610,I assume you don't deliver.
6212,2550,5,22,83,110,1.290909090909091,0.05221603699703269,610,I can't raise the dough.
6329,2550,4,24,82,110,1.290909090909091,0.050593565285346906,610,I told you to always wash your hands before returning to work!
6573,2550,9,14,87,110,1.290909090909091,0.05825579117346873,610,So your souffle dropped at Mar-A-Lago. Is that a crime?
6743,2550,7,18,85,110,1.290909090909091,0.0553184043737809,610,"Well, you know the saying, ""One man's fish is another man's poison."""
6752,2550,3,26,81,110,1.290909090909091,0.04891730958351892,610,I'm living with your mom now. She's a better cook.
6756,2550,1,30,79,110,1.290909090909091,0.04537942082160346,610,I don't think that's what they had in mind when they said the cheesecake was to die for.
6838,2550,8,16,86,110,1.290909090909091,0.05680608711972661,610,I told you not to beat Bobby Flay.
6327,2550,5,22,83,110,1.290909090909091,0.05221603699703269,610,Before he died Bob said there just wasn’t enough thyme.
4314,2550,5,22,83,110,1.290909090909091,0.05221603699703269,610,"So you made one little mistake with my husband, rest his soul, I still adore your cooking."
2992,2550,5,22,83,110,1.290909090909091,0.05221603699703269,610,Stealing kitchen equipment.......now do you think it was a whisk worth taking?
4269,2550,10,12,88,110,1.290909090909091,0.05967028470385929,610,The judge hearing your case is a lobster.
1273,2550,7,18,85,110,1.290909090909091,0.0553184043737809,610,"You took ""Death by Chocolate"" too literally."
1378,2550,7,18,85,110,1.290909090909091,0.0553184043737809,610,They say you're withholding information on why the dish ran away with the spoon...
1387,2550,6,20,84,110,1.290909090909091,0.053789591847013624,610,"I always suggested you WRITE cookbooks, not COOK books!"
1596,2550,4,24,82,110,1.290909090909091,0.050593565285346906,610,Where did you stash the dough?
1643,2550,4,24,82,110,1.290909090909091,0.050593565285346906,610,"The butcher, the baker, and the candle stick maker all turned State's evidence."
1648,2550,5,22,83,110,1.290909090909091,0.05221603699703269,610,Don't you think a file in the cake is a bit obvious?
1133,2550,5,22,83,110,1.290909090909091,0.05221603699703269,610,Look on the bright side. The judge only gave you a baker’s dozen.
1663,2550,6,20,84,110,1.290909090909091,0.053789591847013624,610,I told you not to steal my mother’s cookie recipe!
1776,2550,6,20,84,110,1.290909090909091,0.053789591847013624,610,I told you the wild mushrooms would get you in trouble.
2118,2550,8,16,86,110,1.290909090909091,0.05680608711972661,610,I hear with good behavior twenty five years can be reduced to a baker's dozen
2238,2550,3,26,81,110,1.290909090909091,0.04891730958351892,610,The lawyer says you’re looking at a dozen to life.
2254,2550,5,22,83,110,1.290909090909091,0.05221603699703269,610,Sorry I havent been here to visit since the trial but could you give me your recipe for beef bourguignon.
2413,2550,5,22,83,110,1.290909090909091,0.05221603699703269,610,I'm think your goose is cooked.
2450,2550,4,24,82,110,1.290909090909091,0.050593565285346906,610,"Yes, they're going to grill you but it's not what you think!"
1756,2550,4,24,82,110,1.290909090909091,0.050593565285346906,610,Anybody can make bagels. Just tell them the damned recipe.
2467,2550,7,18,85,110,1.290909090909091,0.0553184043737809,610,I'm guessing a file baked into a gateau au chocolat fondant is going to raise suspicion.
1001,2550,8,16,86,110,1.290909090909091,0.05680608711972661,610,The butcher and the candlestick guy say hi.
962,2550,5,22,83,110,1.290909090909091,0.05221603699703269,610,"Oh, honey, they say your goose is cooked."
19,2550,5,22,83,110,1.290909090909091,0.05221603699703269,610,You know he asked for al dente.
21,2550,6,20,84,110,1.290909090909091,0.053789591847013624,610,The coroner's report said it was death by chocolate.
33,2550,8,16,86,110,1.290909090909091,0.05680608711972661,610,What were you thinking putting Death by Chocolate on the menu?
66,2550,5,22,83,110,1.290909090909091,0.05221603699703269,610,"I brought flour, sugar, eggs, butter and a file -- you'll have to do the rest."
184,2550,4,24,82,110,1.290909090909091,0.050593565285346906,610,How many times have I warned you about cooking the books?
243,2550,7,18,85,110,1.290909090909091,0.0553184043737809,610,You're cooked.
4280,2550,7,18,85,110,1.290909090909091,0.0553184043737809,610,It has nothing to do with you being in jail. I'm... gluten-intolerant.
250,2550,9,14,87,110,1.290909090909091,0.05825579117346873,610,"If it's a quarter teaspoon of vanilla for one muffin, just multiply that nine thousand inmates."
426,2550,2,28,80,110,1.290909090909091,0.04718153776104595,610,My advice? Find the toughest guy in there and either kick his ass or become his sous chef.
474,2550,4,24,82,110,1.290909090909091,0.050593565285346906,610,I always knew you'd step up from flipping burgers.
567,2550,8,16,86,110,1.290909090909091,0.05680608711972661,610,The news that I'm deserting you must seem bittersweet.
623,2550,7,18,85,110,1.290909090909091,0.0553184043737809,610,I told you it was to die for.
695,2550,5,22,83,110,1.290909090909091,0.05221603699703269,610,Whats cooking?
941,2550,4,24,82,110,1.290909090909091,0.050593565285346906,610,I don't believe you're a criminal but your cooking certainly is.
376,2550,5,22,83,110,1.290909090909091,0.05221603699703269,610,You’re French toast!
2485,2550,6,20,84,110,1.290909090909091,0.053789591847013624,610,I’m afraid your being charged as the ‘chef conspirator’.
966,2550,7,18,85,110,1.290909090909091,0.0553184043737809,610,I guess the souffle really was to die for.
2547,2550,8,16,86,110,1.290909090909091,0.05680608711972661,610,It worked for Martha so I thought I would give it a try.
3407,2550,2,28,80,110,1.290909090909091,0.04718153776104595,610,"You have to admit, that souffle was a crime."
3503,2550,5,22,83,110,1.290909090909091,0.05221603699703269,610,"I may have misunderstood when you kept referring to the cross buns as ""hot."""
3521,2550,6,20,84,110,1.290909090909091,0.053789591847013624,610,I gave you a file. Can’t you make your own cake?
3601,2550,6,20,84,110,1.290909090909091,0.053789591847013624,610,Bugsy says bake your own cake.
3708,2550,10,12,88,110,1.290909090909091,0.05967028470385929,610,It really was death by chocolate!
3724,2550,7,18,85,110,1.290909090909091,0.0553184043737809,610,I think the Hannibal Lecter Goulash was a dead giveaway.
3396,2550,3,26,81,110,1.290909090909091,0.04891730958351892,610,"Your final appeal, like your baklava, was ""to die for""."
3883,2550,5,22,83,110,1.290909090909091,0.05221603699703269,610,But they said they wanted a meal to die for.
3968,2550,6,20,84,110,1.290909090909091,0.053789591847013624,610,You knew pairing that cabernet with caviar was criminal.
3969,2550,9,14,87,110,1.290909090909091,0.05825579117346873,610,There’s no way you’re getting out. The proof was in the pudding.
4005,2550,5,22,83,110,1.290909090909091,0.05221603699703269,610,They said they wanted a patsy Frank not a pastry
4034,2550,6,20,84,110,1.290909090909091,0.053789591847013624,610,Calling catfish Tennessee Tuna? What did you think would happen?
4055,2550,7,18,85,110,1.290909090909091,0.0553184043737809,610,Didn't I always say your half-baked ideas would come to no good?
4199,2550,5,22,83,110,1.290909090909091,0.05221603699703269,610,I meant that we should complain to the neighborhood association or something--not actually skewer them.
3955,2550,8,16,86,110,1.290909090909091,0.05680608711972661,610,"And, yes. I checked with the Butchet and the Candlestick-Maker, again. They refuse to back up your silly alibi."
3335,2550,4,24,82,110,1.290909090909091,0.050593565285346906,610,They said they ran out of orange jumpsuits.
3276,2550,5,22,83,110,1.290909090909091,0.05221603699703269,610,I don't see how a bundt cake with vanilla glaze is relevant to the hacksaw.
3261,2550,6,20,84,110,1.290909090909091,0.053789591847013624,610,The jury just didn't like the way your lawyer plated you.
2560,2550,5,22,83,110,1.290909090909091,0.05221603699703269,610,"Who knew when the reporter said the dinner was ""so bad it should be illegal"" was literal"
2635,2550,3,26,81,110,1.290909090909091,0.04891730958351892,610,"'I realize it was a negative Yelp review, but you didn't have to kill him."""
2729,2550,5,22,83,110,1.290909090909091,0.05221603699703269,610,You KNOW the judges don't like truffle oil!
2746,2550,6,20,84,110,1.290909090909091,0.053789591847013624,610,Your food was to die for!
2946,2550,6,20,84,110,1.290909090909091,0.053789591847013624,610,"They said you cooked the books, but I don't believe it."
2534,2550,5,22,83,110,1.290909090909091,0.05221603699703269,610,Your defense is asking for medium rare but the prosecutors want well-done.
4264,2550,3,26,81,110,1.290909090909091,0.04891730958351892,610,I’m seeing a new saucier. He’s saucier.
3010,2550,6,20,84,110,1.290909090909091,0.053789591847013624,610,"Today's special is the Lambshank Redemption, served al catraz, and that was sourced locally at the Green Mile."
3115,2550,5,22,83,110,1.290909090909091,0.05221603699703269,610,You just had to tell them the soup was vegan.
3134,2550,4,24,82,110,1.290909090909091,0.050593565285346906,610,No. They still won't let you have your knives.
3144,2550,4,24,82,110,1.290909090909091,0.050593565285346906,610,You don’t understand—they won’t even supply parsley for garnishing in here!
3148,2550,3,26,81,110,1.290909090909091,0.04891730958351892,610,I've been seeing the muffin man that lives on Drury Lane.
3188,2550,4,24,82,110,1.290909090909091,0.050593565285346906,610,"My lawyer says the ""Death by Chocolate"" defense won't fly."
3223,2550,6,20,84,110,1.290909090909091,0.053789591847013624,610,I told you not serve the blowfish
3093,2550,5,22,83,110,1.290909090909091,0.05221603699703269,610,I didn't think it was that bad.
7774,2691,6,22,89,117,1.2905982905982907,0.051588142404591565,610,"Sorry, but when I'm with the candlestick maker, all the ingredients come together."
444,2692,6,21,87,114,1.2894736842105263,0.05245662584627077,610,Stealing my gravy recipe is an act to roux.
7034,2692,11,11,92,114,1.2894736842105263,0.05939675555786314,610,"Oh dear, are you getting enough to cook?"
3370,2694,8,19,94,121,1.2892561983471074,0.05305802287932554,610,I told you not to mess with the Secret Sauce.
616,2695,7,18,86,111,1.2882882882882882,0.054880388718659065,610,I warned you that butter substitutes are a crime.
1079,2695,7,18,86,111,1.2882882882882882,0.054880388718659065,610,We don’t have the dough for bail.
3267,2695,6,20,85,111,1.2882882882882882,0.05336718937803411,610,"I'm sorry, your appeal was denied. You asked for the wrong kind of turnover."
3701,2695,7,18,86,111,1.2882882882882882,0.054880388718659065,610,You didn't say WHAT kind of mushroom!
4729,2699,5,21,82,108,1.287037037037037,0.052706147914873866,610,"""Cooking the Books""as the house special? Really?"
6146,2699,6,19,83,108,1.287037037037037,0.05432318376671947,610,"Honestly, I’m just sick of serving thyme."
5989,2699,5,21,82,108,1.287037037037037,0.052706147914873866,610,So how do I cook the books?
5969,2699,6,19,83,108,1.287037037037037,0.05432318376671947,610,The muffin you left in the oven isn't yours.
5881,2699,6,19,83,108,1.287037037037037,0.05432318376671947,610,Getting chopped after the appetizer round was no reason to poison the judges.
5664,2699,5,21,82,108,1.287037037037037,0.052706147914873866,610,On Wednesdays we wear chef uniforms.
5471,2699,4,23,81,108,1.287037037037037,0.0510379051440824,610,"And, if you agree to testify against your co-conspirators, they'll drop the spoiling-the-broth charge."
5108,2699,6,19,83,108,1.287037037037037,0.05432318376671947,610,... but the judge sentenced you to twelve years; why did you insist he make it thirteen?
5338,2699,6,19,83,108,1.287037037037037,0.05432318376671947,610,"Legally, being served Cheez Whiz is not considered cruel punishment."
6307,2699,2,27,79,108,1.287037037037037,0.047526068935268895,610,We’ve got to get you out of there. I’m completely out of dough.
5060,2699,3,25,80,108,1.287037037037037,0.049313258815131475,610,Your lawyer ran away with the spoon.
4996,2699,6,19,83,108,1.287037037037037,0.05432318376671947,610,It doesn't matter if he was disrespectful. You don't argue with a meat clever in your hand.
4890,2699,7,17,84,108,1.287037037037037,0.05589345722963452,610,"You were warned, son. No more kale dishes."
4744,2699,7,17,84,108,1.287037037037037,0.05589345722963452,610,"I told you, medium rare MEANS , medium rare."
5434,2699,5,21,82,108,1.287037037037037,0.052706147914873866,610,It looks like the lawyers have used all the dough.
6311,2699,7,17,84,108,1.287037037037037,0.05589345722963452,610,"A husband with two Michelin stars assigned to the laundry room? Now, you’ve really humiliated me."
6403,2699,5,21,82,108,1.287037037037037,0.052706147914873866,610,I see you've been cooking the books again.
6402,2699,8,15,85,108,1.287037037037037,0.05742080483247509,610,I told you it was criminal to put chocolate on broccoli.
7849,2699,7,17,84,108,1.287037037037037,0.05589345722963452,610,You just had to make those killer tacos.
6545,2699,4,23,81,108,1.287037037037037,0.0510379051440824,610,Judge says you'll be done in ten years.
6569,2699,6,19,83,108,1.287037037037037,0.05432318376671947,610,"Sure, I can send you your cake ingredients, but I don’t think that’s how it works."
6693,2699,8,15,85,108,1.287037037037037,0.05742080483247509,610,Leavenworth not what you expected?
6834,2699,7,17,84,108,1.287037037037037,0.05589345722963452,610,They are going to let you go. Killing Gordon Ramsay is not a crime.
7043,2699,6,19,83,108,1.287037037037037,0.05432318376671947,610,"So what are you next week, the Candlestick Maker?"
7097,2699,4,23,81,108,1.287037037037037,0.0510379051440824,610,I guess you won't be preparing that dish again
7224,2699,5,21,82,108,1.287037037037037,0.052706147914873866,610,I doubt asking for salt is cause for a justifiable homicide defense.
7312,2699,9,13,86,108,1.287037037037037,0.05890856554133197,610,I’m afraid your goose is cooked.
7529,2699,6,19,83,108,1.287037037037037,0.05432318376671947,610,And the worst part is that they don't even let us use blow torches on the creme brulee!
7656,2699,6,19,83,108,1.287037037037037,0.05432318376671947,610,My husband's in block C. He doesn't like osso buco or crab louie.
7721,2699,3,25,80,108,1.287037037037037,0.049313258815131475,610,They're still looking for the dough!
7842,2699,5,21,82,108,1.287037037037037,0.052706147914873866,610,"Pierre, I understand the name calling upsets you. However, if they keep seeing you in there like this they'll never stop referring to you as 'Sour Dough Boy.'"
7871,2699,4,23,81,108,1.287037037037037,0.0510379051440824,610,I didn't think a prison farm to table restaurant was what we had in mind.
4709,2699,5,21,82,108,1.287037037037037,0.052706147914873866,610,I don't think they will allow me to bring you that lime key pie
2793,2699,8,15,85,108,1.287037037037037,0.05742080483247509,610,I’ll never understand your interest in British cuisine.
4434,2699,7,17,84,108,1.287037037037037,0.05589345722963452,610,So the judge gave you life without the possibility of profiteroles?
96,2699,4,23,81,108,1.287037037037037,0.0510379051440824,610,The newspapers are saying your goose is cooked.
202,2699,6,19,83,108,1.287037037037037,0.05432318376671947,610,You should have been sure they were shiitake.
475,2699,6,19,83,108,1.287037037037037,0.05432318376671947,610,"I don't care what you believe, he told the waitress ""Well Done"" for a reason."
523,2699,6,19,83,108,1.287037037037037,0.05432318376671947,610,"Gee dear, ""Your goose is cooked"" was meant to be a pun."
575,2699,4,23,81,108,1.287037037037037,0.0510379051440824,610,The judge told me I'm going to fry.
1074,2699,6,19,83,108,1.287037037037037,0.05432318376671947,610,I told you those menu prices were criminal but would you listen to me? No.......
1201,2699,5,21,82,108,1.287037037037037,0.052706147914873866,610,"I told you a ""Baker's Dozen"" means they get 13."
1732,2699,8,15,85,108,1.287037037037037,0.05742080483247509,610,"Remember, they must be beaten until stiff."
1836,2699,4,23,81,108,1.287037037037037,0.0510379051440824,610,"Your lawyer wants money - not your secret chili recipe,"
1877,2699,6,19,83,108,1.287037037037037,0.05432318376671947,610,"I told you the title ""Meth Chef"" was a bad idea."
2154,2699,5,21,82,108,1.287037037037037,0.052706147914873866,610,"I can't find the, uh, 'aw-say' in the 'ake-kay' recipe."
2171,2699,4,23,81,108,1.287037037037037,0.0510379051440824,610,I told you that a whooping crane bald eagle stir fry although tasty was a really bad idea.
2478,2699,2,27,79,108,1.287037037037037,0.047526068935268895,610,How do you feel about take out?
2874,2699,4,23,81,108,1.287037037037037,0.0510379051440824,610,We’re having a big party next Friday and need a caterer. Anyone you can recommend?
4578,2699,7,17,84,108,1.287037037037037,0.05589345722963452,610,I have decided to add some spice to my life.
3016,2699,6,19,83,108,1.287037037037037,0.05432318376671947,610,You don't even look like an accountant. Just admit that you cooked the books.
4385,2699,5,21,82,108,1.287037037037037,0.052706147914873866,610,"SO, how's everything going with The Iron Bar Chef today?"
4288,2699,6,19,83,108,1.287037037037037,0.05432318376671947,610,A pinch of sea salt is not going to fix this.
4246,2699,3,25,80,108,1.287037037037037,0.049313258815131475,610,"So you’re the cook, the thief AND Her lover..."
4108,2699,3,25,80,108,1.287037037037037,0.049313258815131475,610,"Honey, the world wasn't ready for your meat pies..."
4048,2699,9,13,86,108,1.287037037037037,0.05890856554133197,610,"""Good news!"" Trump Hotel dropped the charges. Apparently 'Chicken Kiev' can also be traced back to the French!"
3892,2699,8,15,85,108,1.287037037037037,0.05742080483247509,610,I'm sorry - he just whisked me away.
4052,2699,3,25,80,108,1.287037037037037,0.049313258815131475,610,Have you admitted you stole the tarts and the recipe?
3629,2699,6,19,83,108,1.287037037037037,0.05432318376671947,610,At what point do I add the file to the batter?
3583,2699,3,25,80,108,1.287037037037037,0.049313258815131475,610,"The lawyer said if you promise to never put a mediocre claret in beef burgundy again, it might help with the Parole Board."
3523,2699,5,21,82,108,1.287037037037037,0.052706147914873866,610,"Sorry, I forgot your clogs."
3383,2699,6,19,83,108,1.287037037037037,0.05432318376671947,610,It had to be the Butcher and the Candlestick maker!
3072,2699,4,23,81,108,1.287037037037037,0.0510379051440824,610,They say you can get out early on food behavior
2928,2699,6,19,83,108,1.287037037037037,0.05432318376671947,610,They said there were too many cooks in the kitchen so they'll have to hold you overnight.
192,2763,6,21,88,115,1.2869565217391303,0.05205937083496271,610,"not to worry, I've retained a sous-attorney..."
3669,2764,6,20,86,112,1.2857142857142858,0.05295114949078689,610,We're having cannoli and I need the recipe
1078,2765,4,23,82,109,1.2844036697247707,0.050636021231477236,610,"Food poisoning?! You know this is going to cost you a Michelin star, don't you?"
5628,2765,3,25,81,109,1.2844036697247707,0.04892966360856269,610,"Actually, I'm here for the halibut. Oh. Too soon?"
2735,2765,7,17,85,109,1.2844036697247707,0.055440875192200395,610,At least you know your last meal will be superb.
671,2765,6,19,84,109,1.2844036697247707,0.05388688130491161,610,I don't care what Martha Stewart did. You can't start a meal delivery service from inside the big house!
4714,2765,6,19,84,109,1.2844036697247707,0.05388688130491161,610,I know it's been a while but... how do you make meringue?
285,2765,4,23,82,109,1.2844036697247707,0.050636021231477236,610,What do you expect when you publish a “Death By Chocolate “ recipe?
263,2765,8,15,86,109,1.2844036697247707,0.056952482890429375,610,Can you still cook me dinner tonight?
6089,2765,2,27,80,109,1.2844036697247707,0.047161608491861205,610,"I told you not to call your new spicy dish ""Trump Surprise."""
460,2765,6,19,84,109,1.2844036697247707,0.05388688130491161,610,I told you not to cook the goose.
4263,2774,7,16,83,106,1.2830188679245282,0.056483850201068636,610,I need your recipe for fried chicken.
7945,2774,8,14,84,106,1.2830188679245282,0.05805273337969472,610,"You should have never said ""They'll die for my cooking."""
4752,2774,5,20,81,106,1.2830188679245282,0.053207483448312415,610,we'll always have Paris..
4802,2774,4,22,80,106,1.2830188679245282,0.05149118153223209,610,I've moved on...he's a butcher
5021,2774,3,24,79,106,1.2830188679245282,0.04971566409360453,610,"I know you were trying to cut costs, but substituting toadstools for mushrooms was just stupid."
5204,2774,5,20,81,106,1.2830188679245282,0.053207483448312415,610,You bake the cake. I'll supply the knife. Keep it under your hat.
5235,2774,5,20,81,106,1.2830188679245282,0.053207483448312415,610,I have the ingredients to a bake-off in this purse.
5835,2774,7,16,83,106,1.2830188679245282,0.056483850201068636,610,"Listen, your new friends are eventually going to find out that you have a tall pointy head. Lose the hat."
5943,2774,5,20,81,106,1.2830188679245282,0.053207483448312415,610,"You were not supposed to take ""Death by Chocolate"" literally."
6274,2774,3,24,79,106,1.2830188679245282,0.04971566409360453,610,Try not to be upset. No one expects umami in prison food.
6284,2774,7,16,83,106,1.2830188679245282,0.056483850201068636,610,"Well, it was one pinch too much, Lenny."
6626,2774,6,18,82,106,1.2830188679245282,0.05487012679245056,610,"I gotta be honest, this jail-to-table concept ain't payin' the bills."
6746,2774,6,18,82,106,1.2830188679245282,0.05487012679245056,610,I'm confused. Am I the prisoner or are you
7027,2774,7,16,83,106,1.2830188679245282,0.056483850201068636,610,"Well, you sure cooked your goose this time."
7235,2774,7,16,83,106,1.2830188679245282,0.056483850201068636,610,"Enrico, your curdled Alfredo sauce killed 43 people with food poisoning. Stop blaming the critics."
7351,2774,7,16,83,106,1.2830188679245282,0.056483850201068636,610,"The Sommelier served a Riesling with my Osso Bucco! Now, who's the felon?!"
7478,2774,4,22,80,106,1.2830188679245282,0.05149118153223209,610,It was a mistake to use Trump University for your diploma.
7680,2774,6,18,82,106,1.2830188679245282,0.05487012679245056,610,Everyone said your cheesecake was so good it was criminal.
7767,2774,8,14,84,106,1.2830188679245282,0.05805273337969472,610,"So, do you seriously believe you can convince anyone you didn't cook the books?"
7801,2774,6,18,82,106,1.2830188679245282,0.05487012679245056,610,I warned you they would send you back to prison for cooking the books.
3995,2774,7,16,83,106,1.2830188679245282,0.056483850201068636,610,Do you realize how much 'dough' it's going to cost to get you out of here?
7935,2774,4,22,80,106,1.2830188679245282,0.05149118153223209,610,Eat me
6515,2774,6,18,82,106,1.2830188679245282,0.05487012679245056,610,Who knew the new Death by Chocolate dessert recipe I tried would actually work?
3961,2774,6,18,82,106,1.2830188679245282,0.05487012679245056,610,"""Got it - a cheese spreader inside a souffle.'"
4694,2774,4,22,80,106,1.2830188679245282,0.05149118153223209,610,"How’s the food in there, honey?"
3781,2774,5,20,81,106,1.2830188679245282,0.053207483448312415,610,What did you think would happen when you served the President his steak medium well instead of well done?
3815,2774,7,16,83,106,1.2830188679245282,0.056483850201068636,610,I didn’t mean to masterbake in public but a baker has certain kneads.
101,2774,3,24,79,106,1.2830188679245282,0.04971566409360453,610,I can't find your recipe for file in cake.
103,2774,6,18,82,106,1.2830188679245282,0.05487012679245056,610,"I have to be honest with you, Antonio, I've discovered foil packet béarnaise."
175,2774,4,22,80,106,1.2830188679245282,0.05149118153223209,610,"Your sous chef is turning State's evidence, honey."
272,2774,6,18,82,106,1.2830188679245282,0.05487012679245056,610,"I told you not to use the defense that ""you have to break some legs to make an omelet."""
322,2774,4,22,80,106,1.2830188679245282,0.05149118153223209,610,"Nothing from the Governor, but I got you a whisk."
499,2774,6,18,82,106,1.2830188679245282,0.05487012679245056,610,I'm sorry. The doughboy fulfills all my kneads.
729,2774,7,16,83,106,1.2830188679245282,0.056483850201068636,610,"You killed the butcher because you thought I was having an affair with him when it was the Candlestick Maker all the time. I'm divorcing you for him, Herb."
791,2774,5,20,81,106,1.2830188679245282,0.053207483448312415,610,The Prison Chef TV show fell through.
819,2774,7,16,83,106,1.2830188679245282,0.056483850201068636,610,What you did to that rack of lamb WAS criminal!
972,2774,4,22,80,106,1.2830188679245282,0.05149118153223209,610,"What you did to that veal was unthinkable, but only in New York would gastronomical crimes be dealt with this harshly. How is Guy Fieri holding up?"
1163,2774,6,18,82,106,1.2830188679245282,0.05487012679245056,610,Don't be so nervous - he only likes cheeseburgers and Diet Coke!
3467,2774,2,26,78,106,1.2830188679245282,0.0478743432012488,610,Still think it's a good idea to use the world's hottest pepper in your creations without telling anyone?
1712,2774,3,24,79,106,1.2830188679245282,0.04971566409360453,610,It was the anchovies that gave you away.
2867,2774,6,18,82,106,1.2830188679245282,0.05487012679245056,610,Good news--Boyardee was just paroled.
2970,2774,5,20,81,106,1.2830188679245282,0.053207483448312415,610,"A cook, a thief and a lover - you always expected too much"
3071,2774,7,16,83,106,1.2830188679245282,0.056483850201068636,610,Lime in the coconut? Really?
3135,2774,4,22,80,106,1.2830188679245282,0.05149118153223209,610,You must be baking in there.
3151,2774,7,16,83,106,1.2830188679245282,0.056483850201068636,610,"I warned you dear, THREE Michelin Stars could be a prison of your own making"
3386,2774,3,24,79,106,1.2830188679245282,0.04971566409360453,610,Where did you put the carving knife?
3763,2774,4,22,80,106,1.2830188679245282,0.05149118153223209,610,i told you blowfish was not a good idea
3597,2774,5,20,81,106,1.2830188679245282,0.053207483448312415,610,"So Bill, you served rabbit on Easter Sunday - because you couldn't just stick with lamb?"
1394,2774,7,16,83,106,1.2830188679245282,0.056483850201068636,610,You know very well I've never baked a cake. How about some nice muffins.
3291,2823,4,23,83,110,1.2818181818181817,0.05024015417186111,610,Would it really be so hard to just tell them what makes your mother’s brisket so special?
3795,2824,5,19,79,103,1.2815533980582525,0.05417550100575275,610,They turned your crime scene into a Taco Bell.
4345,2824,5,19,79,103,1.2815533980582525,0.05417550100575275,610,"So once again, you were one toque over the line."
4254,2824,4,21,78,103,1.2815533980582525,0.0523890971493569,610,What kind of cake would you like with your file?
3644,2824,5,19,79,103,1.2815533980582525,0.05417550100575275,610,I told you it tasted too good to be true.
3944,2824,4,21,78,103,1.2815533980582525,0.0523890971493569,610,"Sorry, but your sentence is already baked in."
3536,2824,5,19,79,103,1.2815533980582525,0.05417550100575275,610,"I'm sorry, takeout isn't on the menu."
7387,2824,2,25,76,103,1.2815533980582525,0.04861977665441945,610,Just give the new uniforms a chance.
3348,2824,7,15,81,103,1.2815533980582525,0.057582286576893085,610,Best I can do now is an email file.
3269,2824,6,17,80,103,1.2815533980582525,0.05590485057956849,610,Did you explain to the police that it was just beet juice?
4641,2824,4,21,78,103,1.2815533980582525,0.0523890971493569,610,"Just keep thinking : ""Martha Stewart"""
3215,2824,7,15,81,103,1.2815533980582525,0.057582286576893085,610,You're great at cooking...just not the books.
2873,2824,4,21,78,103,1.2815533980582525,0.0523890971493569,610,Of course I miss you. Where do you keep the muffin tins?
2861,2824,4,21,78,103,1.2815533980582525,0.0523890971493569,610,How was I supposed to know what you meant when you said hide the bread. You never tell me anything.
3498,2824,2,25,76,103,1.2815533980582525,0.04861977665441945,610,Did you really knead all that dough?
4705,2824,3,23,77,103,1.2815533980582525,0.05053958934365407,610,"Sorry, they say that your alibi is half baked and your bribe is overdone."
5812,2824,2,25,76,103,1.2815533980582525,0.04861977665441945,610,"Does the ""no substitutions"" policy apply in bed?"
4964,2824,5,19,79,103,1.2815533980582525,0.05417550100575275,610,Now tell me what happened to Muffin?
5150,2824,2,25,76,103,1.2815533980582525,0.04861977665441945,610,"So, are you saying you can't have dinner with me again for 4 years 7 months and 12 days?"
5283,2824,5,19,79,103,1.2815533980582525,0.05417550100575275,610,"If you won’t take responsibility for having no kale salad on the menu, I can’t help you Harold"
5348,2824,5,19,79,103,1.2815533980582525,0.05417550100575275,610,How are your buns doing in there?
6496,2824,7,15,81,103,1.2815533980582525,0.057582286576893085,610,They found your ketchup at the crime scene.
6723,2824,4,21,78,103,1.2815533980582525,0.0523890971493569,610,Bad need. The butcher and the candlestick maker cut a deal to testify against you.
6739,2824,4,21,78,103,1.2815533980582525,0.0523890971493569,610,"I have a bun in the oven, and now the lawyer is telling me your goose is cooked."
6890,2824,5,19,79,103,1.2815533980582525,0.05417550100575275,610,"Ok,so you added ketchup. It was a crime of passion."
6966,2824,4,21,78,103,1.2815533980582525,0.0523890971493569,610,The charge is assault with a deadly weapon for your prune and spam fruitcake.
6976,2824,6,17,80,103,1.2815533980582525,0.05590485057956849,610,"Okay, okay. So it was too dry. But did you get the file?"
7372,2824,6,17,80,103,1.2815533980582525,0.05590485057956849,610,I told them that for breakfast I like my eggs scrambled with some chives...and they gave me this uniform.
7814,2824,5,19,79,103,1.2815533980582525,0.05417550100575275,610,Mother's pressing charges for what you did to her creme brulee recipe.
7703,2824,4,21,78,103,1.2815533980582525,0.0523890971493569,610,I told you not to steal all that dough!
2795,2824,5,19,79,103,1.2815533980582525,0.05417550100575275,610,Really?! Another Death by Chocolate?
4961,2824,5,19,79,103,1.2815533980582525,0.05417550100575275,610,"So, let me get this straight, Simon. You met a pie man going to the fair and said, ""Let me taste your ware,"" just before everything went dark?"
7296,2824,5,19,79,103,1.2815533980582525,0.05417550100575275,610,You told me it was flour!
2677,2824,5,19,79,103,1.2815533980582525,0.05417550100575275,610,Let me get this right: the main ingredient in the cake is a file?
2582,2824,7,15,81,103,1.2815533980582525,0.057582286576893085,610,"If we left out the cyanide, do you think the customers would like it?"
2743,2824,2,25,76,103,1.2815533980582525,0.04861977665441945,610,"No. No brownies. Actually I'm hungry for some file cake. You know, my famous FILE cake."
257,2824,4,21,78,103,1.2815533980582525,0.0523890971493569,610,"Honey, why did you cook the books too?"
320,2824,5,19,79,103,1.2815533980582525,0.05417550100575275,610,"Phillipe, when I told you I wanted this dinner party be killer, you really went a bit too far."
385,2824,3,23,77,103,1.2815533980582525,0.05053958934365407,610,The cake was to die for.
393,2824,4,21,78,103,1.2815533980582525,0.0523890971493569,610,The cops said you beat those egg whites stiff.
413,2824,2,25,76,103,1.2815533980582525,0.04861977665441945,610,It looks like 5-10 doesn't apply to the egg timer anymore.
637,2824,2,25,76,103,1.2815533980582525,0.04861977665441945,610,"I tried to tell you, 'ketchup on a hot-dog' is considered a felony in this state!"
774,2824,1,27,75,103,1.2815533980582525,0.04662097460184706,610,"To be fair, those short ribs were criminally good."
789,2824,5,19,79,103,1.2815533980582525,0.05417550100575275,610,That’s just the way the cookie crumbles.
891,2824,4,21,78,103,1.2815533980582525,0.0523890971493569,610,"I can’t quite tell what it is, but somehow prison has changed you."
917,2824,4,21,78,103,1.2815533980582525,0.0523890971493569,610,"I'm leaving, I can't wait any longer for the souffle."
975,2824,5,19,79,103,1.2815533980582525,0.05417550100575275,610,Last call
1039,2824,6,17,80,103,1.2815533980582525,0.05590485057956849,610,"The DA says if you admit to defiling the consommé, he’ll reduce the charge to spoiling the broth."
1421,2824,3,23,77,103,1.2815533980582525,0.05053958934365407,610,I knew those knife skills would someday be your downfall.
248,2824,3,23,77,103,1.2815533980582525,0.05053958934365407,610,It's worse than I thought - no scallions.
1468,2824,5,19,79,103,1.2815533980582525,0.05417550100575275,610,When did you know your goose was cooked?
2551,2824,4,21,78,103,1.2815533980582525,0.0523890971493569,610,The lawyer said you're looking at a baker's dozen...
2434,2824,5,19,79,103,1.2815533980582525,0.05417550100575275,610,Yea it might be EASY FOR YOU to bake a cake with a file in it!!
1461,2824,4,21,78,103,1.2815533980582525,0.0523890971493569,610,I told you it was a half-baked scheme
2335,2824,6,17,80,103,1.2815533980582525,0.05590485057956849,610,If you admit the salmon was overdone they'll knock off ten years.
2314,2824,5,19,79,103,1.2815533980582525,0.05417550100575275,610,You can get by using plastic knives?
2313,2824,7,15,81,103,1.2815533980582525,0.057582286576893085,610,"Yes, they know you're the chef, but you're still supposed to wash your hands after using the bathroom!"
2353,2824,1,27,75,103,1.2815533980582525,0.04662097460184706,610,Didn’t I tell you to not use any Russian ingredients?
2179,2824,4,21,78,103,1.2815533980582525,0.0523890971493569,610,"I told you that's not what they meant by ""Beat Bobby Flay."""
2156,2824,5,19,79,103,1.2815533980582525,0.05417550100575275,610,"Don't worry, I've hidden the dough."
2079,2824,4,21,78,103,1.2815533980582525,0.0523890971493569,610,"I'm going to say it, Maury... I don't think it sounds like a very tough gang."
1728,2824,5,19,79,103,1.2815533980582525,0.05417550100575275,610,I spoke with the prosecutor this morning. They're willing to cut you a veal.
1632,2824,6,17,80,103,1.2815533980582525,0.05590485057956849,610,"Hey, good lookin'"
2232,2824,5,19,79,103,1.2815533980582525,0.05417550100575275,610,"Cream butter and shortening, sift together dry ingredients, gently fold in 12"" diamond mill hand file..."
1466,2887,4,22,81,107,1.280373831775701,0.051076219531363376,610,"I can get you out, but it's going to cost you a lot of dough."
7561,2888,4,21,79,104,1.2788461538461537,0.05195349425762494,610,I told you it was a crime to serve that steak well-done!
7274,2888,5,19,80,104,1.2788461538461537,0.053720313317805364,610,"Money, cigarettes, Skinny Taste Cookbook and a hacksaw encased in a red velvet cake. Okay, see you next week......"
7246,2888,4,21,79,104,1.2788461538461537,0.05195349425762494,610,the District Attorney AND the sous-chef say your goose is cooked
7077,2888,7,15,82,104,1.2788461538461537,0.05709014851737027,610,"So... 1 1/2 cups of flour, 2 eggs, and how many files?"
6836,2888,6,17,81,104,1.2788461538461537,0.05543084484607181,610,I see you're not hiding you cooked the books.
4836,2888,5,19,80,104,1.2788461538461537,0.053720313317805364,610,I sold your Charcuterie and filed for divorce. I've come out as vegan.
4455,2888,4,21,79,104,1.2788461538461537,0.05195349425762494,610,Stop calling me here!
2675,2888,4,21,79,104,1.2788461538461537,0.05195349425762494,610,The file looks better in a layer cake.
4120,2888,3,23,78,104,1.2788461538461537,0.050124435839128983,610,Can you get out in time to cook for my daughter's wedding?
2663,2888,2,25,77,104,1.2788461538461537,0.04822605696928632,610,"Well I'm sorry that the cake was on the dry side, but that wasn't really the point."
2442,2888,3,23,78,104,1.2788461538461537,0.050124435839128983,610,"No dear, not cook, crook."
989,2888,6,17,81,104,1.2788461538461537,0.05543084484607181,610,"No, I don't think ""But I'm all about the dough"" is going to fly with a jury."
377,2888,2,25,77,104,1.2788461538461537,0.04822605696928632,610,"Don't worry, your team plans on using the ""to die for"" strategy."
4282,2888,3,23,78,104,1.2788461538461537,0.050124435839128983,610,You really overdid it this time.
6610,2902,5,17,75,97,1.2783505154639174,0.056269838123068086,610,"I suppose you shouldn't have listed ""Death by Chocolate"" on the menu."
5538,2903,5,18,78,101,1.2772277227722773,0.05471584902830932,610,"Excuse me, so sorry- I've just been waiting for my salmon for a while?"
6181,2903,6,16,79,101,1.2772277227722773,0.05649640640668161,610,You overcooked the books.
6465,2903,5,18,78,101,1.2772277227722773,0.05471584902830932,610,"I'm sorry I tweeted: ""His food is so good it should be illegal!"""
6494,2903,3,22,76,101,1.2772277227722773,0.0509684660444901,610,My life has just been so flavorless without you.
6885,2903,4,20,77,101,1.2772277227722773,0.05287536603096511,610,I cooked up a plot to escape.
7141,2903,4,20,77,101,1.2772277227722773,0.05287536603096511,610,I told you they don't tolerate lactose in this State.
7101,2903,4,20,77,101,1.2772277227722773,0.05287536603096511,610,"When you said the veal piccata was to die for, I didn't know you meant it literally."
1939,2903,7,14,80,101,1.2772277227722773,0.058222536348471916,610,Apparently the Mayor has acid reflux and his attorney claims your 'Flaming Thai Onion Rings' should have listed a disclaimer on the menu.
7707,2903,5,18,78,101,1.2772277227722773,0.05471584902830932,610,You don't think it's suspicious if I bring you a cake?
7531,2903,5,18,78,101,1.2772277227722773,0.05471584902830932,610,I assume this is about your quest to get more dough.
7016,2903,5,18,78,101,1.2772277227722773,0.05471584902830932,610,They're preheating the electric chair to 350 degrees.
4828,2903,3,22,76,101,1.2772277227722773,0.0509684660444901,610,"I know I can't make a decent pie, but don't you think putting a file in an éclair might be a bit obvious?"
5061,2903,4,20,77,101,1.2772277227722773,0.05287536603096511,610,Give me the recipe and you're a free man.
4379,2903,4,20,77,101,1.2772277227722773,0.05287536603096511,610,"Unless you tell them the secret recipe, you're in here a long time!"
4319,2903,4,20,77,101,1.2772277227722773,0.05287536603096511,610,I’m sorry honey but the proof is in the pudding
3149,2903,6,16,79,101,1.2772277227722773,0.05649640640668161,610,I fail to understand how gluten has become a crime.
2818,2903,6,16,79,101,1.2772277227722773,0.05649640640668161,610,... Did you really beat those eggs to death?
2295,2903,4,20,77,101,1.2772277227722773,0.05287536603096511,610,Do you deliver?
2228,2903,4,20,77,101,1.2772277227722773,0.05287536603096511,610,Our lawyer strongly recommends dropping the pufferfish from the menu.
2173,2903,6,16,79,101,1.2772277227722773,0.05649640640668161,610,"It’s kind of a fitting sentence, since you WERE convicted of cooking the books."
1894,2903,3,22,76,101,1.2772277227722773,0.0509684660444901,610,I'm happy that the men like your stir-fry.
1857,2903,8,12,81,101,1.2772277227722773,0.05989894440496703,610,Don’t look so surprised. It was just a matter of time before gluten was outlawed.
711,2903,6,16,79,101,1.2772277227722773,0.05649640640668161,610,I'm sorry I told the jury that you killed it in the kitchen.
287,2903,5,18,78,101,1.2772277227722773,0.05471584902830932,610,The meat hammer wasn't the way to Beat Bobby Flay.
4393,2903,6,16,79,101,1.2772277227722773,0.05649640640668161,610,I told you 'Death by Chocolate' was a bad idea.
3684,2928,0,27,71,98,1.2755102040816326,0.045362722732395395,610,You knead to roll on the others or your looking at a baker’s dozen.
7143,2929,4,20,78,102,1.2745098039215685,0.05242491509755116,610,This is what happens when you add too much salt
7128,2929,5,18,79,102,1.2745098039215685,0.05424489638436364,610,"What, fake saffron in their boullabaise? What kind of place is this? At least at maximum security they still have some standards."
5972,2929,5,18,79,102,1.2745098039215685,0.05424489638436364,610,"No, Alexy. I said serve them your favorite poisson!"
2205,2929,2,24,76,102,1.2745098039215685,0.048580835742663454,610,"I know Gordon Ramsey gets away with it all the time on ‘Hell’s Kitchen,’ but you work in a junior high cafeteria."
4756,2929,6,16,80,102,1.2745098039215685,0.05600576617202239,610,"""Desserts to die for"" wasn't meant literally."
1592,2929,6,16,80,102,1.2745098039215685,0.05600576617202239,610,When you said it was killer sushi I didn’t realize you were being literal.
4923,2929,5,18,79,102,1.2745098039215685,0.05424489638436364,610,"Yes, I'm sure the cake WAS a little dry...did you get the file?"
6078,2936,3,23,80,106,1.2735849056603774,0.049313378715940416,610,No! Not unless the file is organic and locally grown!
5341,2937,7,13,79,99,1.2727272727272727,0.05888082471314044,610,"So, how do THEY like your hot cross buns??"
5330,2937,5,17,77,99,1.2727272727272727,0.05526902742339265,610,So what if the guards love your pastries? We want you back home!
5311,2937,3,21,75,99,1.2727272727272727,0.05140407829886543,610,I always wondered how you got so good with a knife...
4992,2937,4,19,76,99,1.2727272727272727,0.053371549809255195,610,Just got word - your goose is cooked.
4944,2937,6,15,78,99,1.2727272727272727,0.057103488996852456,610,I cannoli do so much.
4760,2937,3,21,75,99,1.2727272727272727,0.05140407829886543,610,I can never remember. Is it 3 hours at 425 degrees or 4 hours at 325 degrees?
4594,2937,8,11,80,99,1.2727272727272727,0.0606060606060606,610,"We can’t bust you out, the steaks are too high!"
4567,2937,2,23,74,99,1.2727272727272727,0.04935824351078518,610,"If your sentence were only a dozen years I would wait for you, but since it's a baker's dozen, no way."
3529,2937,3,21,75,99,1.2727272727272727,0.05140407829886543,610,"But you must admit, the pasta was overcooked."
4414,2937,4,19,76,99,1.2727272727272727,0.053371549809255195,610,Think of it as bread and water gazpacho.
4404,2937,5,17,77,99,1.2727272727272727,0.05526902742339265,610,"I mean, I guess I should have assumed you would also cook the books."
4257,2937,4,19,76,99,1.2727272727272727,0.053371549809255195,610,What you mostly serve is time.
4137,2937,5,17,77,99,1.2727272727272727,0.05526902742339265,610,"When she ordered Death by Chocolate, she didn't mean it literally."
4006,2937,4,19,76,99,1.2727272727272727,0.053371549809255195,610,Your goose was cooked when you cooked the books.
3950,2937,3,21,75,99,1.2727272727272727,0.05140407829886543,610,Umm...maybe now is the time to tell you that you're not really the father.
3693,2937,5,17,77,99,1.2727272727272727,0.05526902742339265,610,So you thought you could get away with cooking the books again.....
3642,2937,4,19,76,99,1.2727272727272727,0.053371549809255195,610,"You should know better, Chef Boyardee. Trump's in the White House, you're illegal, and yet you put your face on every can. This was bound to happen."
5363,2937,4,19,76,99,1.2727272727272727,0.053371549809255195,610,Bad news — you know how you also thought the large shipment of oregano smelt a little funny?
4446,2937,1,25,73,99,1.2727272727272727,0.047223861968119965,610,"No, just bread and water will be fine."
5395,2937,4,19,76,99,1.2727272727272727,0.053371549809255195,610,"The steak was killer, the salad was to die for, but the cheesecake took her breath away."
6802,2937,6,15,78,99,1.2727272727272727,0.057103488996852456,610,"I would have brought you a cake with a file in it, but you refuse to give me the recipe."
5513,2937,4,19,76,99,1.2727272727272727,0.053371549809255195,610,"Stop talking about the ""dough"". They'll think you mean the loot you stashed."
7883,2937,3,21,75,99,1.2727272727272727,0.05140407829886543,610,If you get a choice...lethal injection or death by chocolate?
7858,2937,1,25,73,99,1.2727272727272727,0.047223861968119965,610,"Microwaving steak may be a sin, but it’s not a crime!"
7818,2937,3,21,75,99,1.2727272727272727,0.05140407829886543,610,They just let The Butcher out on bail. We can beat this.
7650,2937,2,23,74,99,1.2727272727272727,0.04935824351078518,610,The D.A. will accept a plea-bargain if you share your secret family recipe for egg salad.
7595,2937,4,19,76,99,1.2727272727272727,0.053371549809255195,610,Where's the pickup window?
7593,2937,5,17,77,99,1.2727272727272727,0.05526902742339265,610,By now you surely realized that making a salade niçoise with iceberg lettuce is a crime.
7297,2937,4,19,76,99,1.2727272727272727,0.053371549809255195,610,"You were turned down for parole, but you were granted Dover sole with escarole. And a profiterole."
7193,2937,5,17,77,99,1.2727272727272727,0.05526902742339265,610,"I'm sorry, I've moved on to a new Italian place."
5503,2937,5,17,77,99,1.2727272727272727,0.05526902742339265,610,"You should be more understanding -- when I'm not visiting you, I'm watching British people bake."
7165,2937,6,15,78,99,1.2727272727272727,0.057103488996852456,610,I told you not to master bake in public!
7007,2937,6,15,78,99,1.2727272727272727,0.057103488996852456,610,I think you are cooked
6648,2937,3,21,75,99,1.2727272727272727,0.05140407829886543,610,"Which would you prefer, chocolate filling or a saw?"
6629,2937,3,21,75,99,1.2727272727272727,0.05140407829886543,610,I told you not to put foie gras on the menu!
6454,2937,5,17,77,99,1.2727272727272727,0.05526902742339265,610,I guess I'll be getting takeout tonight.
6289,2937,5,17,77,99,1.2727272727272727,0.05526902742339265,610,"The warden says you can keep the toque, but you need to be more open to horizontal stripes..."
6235,2937,4,19,76,99,1.2727272727272727,0.053371549809255195,610,where'd you put the salad bowl?
6106,2937,4,19,76,99,1.2727272727272727,0.053371549809255195,610,"I know, I told them it should be done low and slow. But apparently the chair only has one voltage."
5942,2937,6,15,78,99,1.2727272727272727,0.057103488996852456,610,I told you not to enter that bake-off
7013,2937,6,15,78,99,1.2727272727272727,0.057103488996852456,610,You should not have snuck the quinoa onto the President's plate
3468,2937,5,17,77,99,1.2727272727272727,0.05526902742339265,610,"Well, now you’ll fry in hell."
3481,2937,5,17,77,99,1.2727272727272727,0.05526902742339265,610,I told you not to dress like that for the police barbeque!
3206,2937,5,17,77,99,1.2727272727272727,0.05526902742339265,610,Your 'Death by Chocolate' recipe had unfortunate consequences.
1172,2937,1,25,73,99,1.2727272727272727,0.047223861968119965,610,That lobster had a really good lawyer...
1060,2937,3,21,75,99,1.2727272727272727,0.05140407829886543,610,"No, the horse's head was special order."
1019,2937,5,17,77,99,1.2727272727272727,0.05526902742339265,610,Beat Bobby Flay isn't literally what you are supposed to do. Chef!
912,2937,5,17,77,99,1.2727272727272727,0.05526902742339265,610,Oh . . . and we're taking foie gras off the menu.
830,2937,6,15,78,99,1.2727272727272727,0.057103488996852456,610,I told you that you couldn't beat Bobby Flay.
807,2937,3,21,75,99,1.2727272727272727,0.05140407829886543,610,Your death by chocolate cake was a dead give-away.
799,2937,5,17,77,99,1.2727272727272727,0.05526902742339265,610,Beating those eggs is the yeast of your problems.
760,2937,4,19,76,99,1.2727272727272727,0.053371549809255195,610,"Well, he did say that your coq au vin was to die for!"
746,2937,4,19,76,99,1.2727272727272727,0.053371549809255195,610,The judge ordered Death By Chocolate
741,2937,4,19,76,99,1.2727272727272727,0.053371549809255195,610,Well he ended up getting ketchup anyways.
719,2937,2,23,74,99,1.2727272727272727,0.04935824351078518,610,"The restaurant has agreed to post the bail, but only on the condition that you drop the fake French accent."
335,2937,5,17,77,99,1.2727272727272727,0.05526902742339265,610,"Honey, maybe pitching “Baking Bad” to AMC would have worked if it weren’t a reality show."
185,2937,8,11,80,99,1.2727272727272727,0.0606060606060606,610,"No, I said I wanna 'Sue Jeff!'"
126,2937,5,17,77,99,1.2727272727272727,0.05526902742339265,610,You're the one who knows how to bake a cake
94,2937,5,17,77,99,1.2727272727272727,0.05526902742339265,610,I can't help it if you don't like the food!
36,2937,7,13,79,99,1.2727272727272727,0.05888082471314044,610,"I warned you not to answer that ""lab seeking cooker"" ad."
29,2937,4,19,76,99,1.2727272727272727,0.053371549809255195,610,"I told you to cook up an alibi, not al dente."
14,2937,6,15,78,99,1.2727272727272727,0.057103488996852456,610,I guess you could say your goose is cooked
3256,2937,5,17,77,99,1.2727272727272727,0.05526902742339265,610,Look where “cooking the books” got you
1492,2937,5,17,77,99,1.2727272727272727,0.05526902742339265,610,Who new the mushrooms were a controlled substance?
1542,2937,9,9,81,99,1.2727272727272727,0.062283526276788556,610,"I feel bad, but I did ask for medium rare."
1178,2937,2,23,74,99,1.2727272727272727,0.04935824351078518,610,I told them you’re not a butcher.
1656,2937,4,19,76,99,1.2727272727272727,0.053371549809255195,610,I'd try to smuggle in a key inside of a cake but I just feel weird going to another baker.
3139,2937,5,17,77,99,1.2727272727272727,0.05526902742339265,610,"Oh, I didn’t remember that recipe having a file in it."
3114,2937,5,17,77,99,1.2727272727272727,0.05526902742339265,610,"When I asked you to make that killer pot roast again, I was not speaking literally."
3108,2937,6,15,78,99,1.2727272727272727,0.057103488996852456,610,I told you that amount of sugar was enough to kill someone.
3059,2937,2,23,74,99,1.2727272727272727,0.04935824351078518,610,How is the Martha Stewart rehabilitation program working for you?
2814,2937,7,13,79,99,1.2727272727272727,0.05888082471314044,610,"But honey, why did you cook the books?"
2810,2937,5,17,77,99,1.2727272727272727,0.05526902742339265,610,They found the murder weapon in the turduckgun.
2612,2937,5,17,77,99,1.2727272727272727,0.05526902742339265,610,"Yes, it was bold, exciting, spectacular... but ten people are dead."
2486,2937,5,17,77,99,1.2727272727272727,0.05526902742339265,610,Your lawyer says that with good casseroles...you could be out in 3 months.
1588,2937,4,19,76,99,1.2727272727272727,0.053371549809255195,610,"When you gave a member of the Senate Investigative Committee a complimentary sample of your famous Chicken Kiev, what did you think would happen?"
2148,2937,4,19,76,99,1.2727272727272727,0.053371549809255195,610,"What really happened in that tub, Carl?"
2211,2937,3,21,75,99,1.2727272727272727,0.05140407829886543,610,I told you they weren’t poppy SEEDS.
2064,2937,3,21,75,99,1.2727272727272727,0.05140407829886543,610,I have the saw but I don't know how to bake the cake.
1974,2937,2,23,74,99,1.2727272727272727,0.04935824351078518,610,The Doughboy meant nothing to me.
1951,2937,4,19,76,99,1.2727272727272727,0.053371549809255195,610,Will they cut you a dill?
1813,2937,6,15,78,99,1.2727272727272727,0.057103488996852456,610,Bad news. Your goose is cooked!
1801,2937,5,17,77,99,1.2727272727272727,0.05526902742339265,610,""" I told you not to attempt stealing the Colonels recipe, it's impossible""."
1799,2937,5,17,77,99,1.2727272727272727,0.05526902742339265,610,You will impress no one in there by calling yourself chef de prison.
1718,2937,4,19,76,99,1.2727272727272727,0.053371549809255195,610,I think they are onto where we hid the dough.
2125,2937,3,21,75,99,1.2727272727272727,0.05140407829886543,610,"No, the Medical Examiner did Not try your ""Wild Mushroom Soup"", and he did not comment on whether he could tell by the deceased facial expressions, whether they enjoyed the soup either, but, I'm gonna go out on a limb here..."
3373,3023,3,20,73,96,1.2708333333333333,0.052313089726426475,610,Just don’t come home with a Michelin star face tattoo.
1199,3023,4,18,74,96,1.2708333333333333,0.054368718969083525,610,"You in the kitchen, that’s a laugh."
1335,3023,5,16,75,96,1.2708333333333333,0.05634940858565613,610,"You should have read the fine print in the ""Top Chef"" contest rules about what happens if you get caught cheating."
7197,3026,5,17,78,100,1.27,0.05478147589295219,610,I told you to be careful about how you disposed of the gluten.
7310,3026,3,21,76,100,1.27,0.05096047190685834,610,I told you it was a crime to overcook the meat.
5268,3026,5,17,78,100,1.27,0.05478147589295219,610,"86 the Entree, not Andre!"
97,3026,5,17,78,100,1.27,0.05478147589295219,610,"I got the dough together, so you should be out of there in 10-12 minutes."
3655,3026,3,21,76,100,1.27,0.05096047190685834,610,The lawyer says the Gordon Ramsey Act wouldn't have come into play if you hadn't taken that soufflé across state lines.
3353,3026,5,17,78,100,1.27,0.05478147589295219,610,The guest won't arrive until between 5 and 7. Will you be out by then?
375,3026,4,19,77,100,1.27,0.052905480802936666,610,"I just came to let you know your biopic, ""A meal to die for"" starring Leonardo DiCaprio and directed by Martin Scorsese, starts filming soon."
3938,3026,6,15,79,100,1.27,0.05659532050470519,610,It’s not looking good. They’re saying you baked them into a pie.
6609,3034,4,18,75,97,1.268041237113402,0.05387769319682185,610,The secret sauce was too safe for the FDA
6591,3034,5,16,76,97,1.268041237113402,0.0558353154957798,610,Did you serve him blowfish ?
6499,3034,3,20,74,97,1.268041237113402,0.051846207112077713,610,"Darling, you knew that opening the oven on a soufflé is a crime."
5988,3034,5,16,76,97,1.268041237113402,0.0558353154957798,610,"The next time I employ the file-in-a-cake trick, do NOT reject the cake due to its “inferior icing.”"
5728,3034,5,16,76,97,1.268041237113402,0.0558353154957798,610,"Chef, you've got a problem. The witnesses yelped."
5592,3034,3,20,74,97,1.268041237113402,0.051846207112077713,610,"Well, you caught a break, 20 years. You always bragged that your cooking was to die for!"
5508,3034,5,16,76,97,1.268041237113402,0.0558353154957798,610,"I meant the gifts should be stollen, not stolen."
5208,3034,3,20,74,97,1.268041237113402,0.051846207112077713,610,"Well, you just had to go and bake a Death By Chocolate cake!"
5104,3034,3,20,74,97,1.268041237113402,0.051846207112077713,610,You have roux written all over your face.
5102,3034,7,12,78,97,1.268041237113402,0.059557835094285284,610,Death by Chocolate isn't an option.
4936,3034,4,18,75,97,1.268041237113402,0.05387769319682185,610,"I'll bring you a cake with a file in it, but I'm using my OWN recipe."
4813,3034,8,10,79,97,1.268041237113402,0.061334430407565414,610,"I know that you wanted to make a big splash opening the new restaurant, dear - but using real ladyfingers in your tiramisu was a bit over the top."
4723,3034,5,16,76,97,1.268041237113402,0.0558353154957798,610,Cooking up schemes is what got you here.
4697,3034,4,18,75,97,1.268041237113402,0.05387769319682185,610,The good news is that the appellate judge was very impressed with your knife skills.
5359,3034,2,22,73,97,1.268041237113402,0.04973180631754744,610,I told you not to steal that third star.
6717,3034,6,14,77,97,1.268041237113402,0.05772658909736201,610,"You made your bread, now sleep in it."
6788,3034,3,20,74,97,1.268041237113402,0.051846207112077713,610,"Remember to leave the gun, take the cannolis."
6814,3034,4,18,75,97,1.268041237113402,0.05387769319682185,610,Cheer up. Things could be worse. You could be wearing a dress and doing a lot more than just cooking for this fellow.
4684,3034,5,16,76,97,1.268041237113402,0.0558353154957798,610,I told you that was a terrible wine pairing.
7909,3034,2,22,73,97,1.268041237113402,0.04973180631754744,610,"Well, that’s one way to make every critic’s “try before you die” list."
7879,3034,4,18,75,97,1.268041237113402,0.05387769319682185,610,They're saying you're the one who put that pineapple on the pizza.
7875,3034,2,22,73,97,1.268041237113402,0.04973180631754744,610,"Don't feel that way, dear. Only a few critics thought you got your just desserts."
7813,3034,3,20,74,97,1.268041237113402,0.051846207112077713,610,"And after I baste it one more time, what then?"
7677,3034,4,18,75,97,1.268041237113402,0.05387769319682185,610,"Ok so I am the only one in here that is guilty, but in my defense I didn’t know substituting margarine for butter was a crime."
6757,3034,6,14,77,97,1.268041237113402,0.05772658909736201,610,"The Butcher, he got away, but the Candlestick Maker, well...he's talkin'!"
7643,3034,4,18,75,97,1.268041237113402,0.05387769319682185,610,You always cared more about the dough than you cared about me.
7562,3034,6,14,77,97,1.268041237113402,0.05772658909736201,610,I told them you're no batterer!
7468,3034,5,16,76,97,1.268041237113402,0.0558353154957798,610,Your robbery heist idea was half-baked.
7437,3034,3,20,74,97,1.268041237113402,0.051846207112077713,610,"You are the only baker I know who took ""Death by Chocolate"" literally."
7195,3034,6,14,77,97,1.268041237113402,0.05772658909736201,610,I told you adding garlic to the coq au vin was a crime.
7048,3034,4,18,75,97,1.268041237113402,0.05387769319682185,610,"OK, so you’ve done away with waiters and I can talk directly to the chef, but I find the ambiance here at Chez Folsom a little confining."
6939,3034,4,18,75,97,1.268041237113402,0.05387769319682185,610,"Killer chef was a good review, not a directive."
7611,3034,6,14,77,97,1.268041237113402,0.05772658909736201,610,You'll do fine. Wait'll they taste your Spotted Dick.
4541,3034,6,14,77,97,1.268041237113402,0.05772658909736201,610,You never cooked for me.
5159,3034,4,18,75,97,1.268041237113402,0.05387769319682185,610,Ive tried telling them - you should never judge a cook by his brother.
4472,3034,4,18,75,97,1.268041237113402,0.05387769319682185,610,"Honey, we did not knead the dough that badly."
1705,3034,4,18,75,97,1.268041237113402,0.05387769319682185,610,I'll try to wait for you but I may try other cuisine.
1685,3034,4,18,75,97,1.268041237113402,0.05387769319682185,610,And here I thought you were always the consommé professional
1679,3034,6,14,77,97,1.268041237113402,0.05772658909736201,610,I need the recipe for the Sweeney Todd pie.
1665,3034,4,18,75,97,1.268041237113402,0.05387769319682185,610,You never satisfied my hunger.
1505,3034,5,16,76,97,1.268041237113402,0.0558353154957798,610,"I'll be out in 2 hours, but then I'll need to rest for 10 minutes."
1435,3034,4,18,75,97,1.268041237113402,0.05387769319682185,610,"If you get him as a cellmate, remember, he likes cheese burgers."
1424,3034,3,20,74,97,1.268041237113402,0.051846207112077713,610,Do you knead anything on the inside?
1232,3034,3,20,74,97,1.268041237113402,0.051846207112077713,610,"We’ll, you know, you were the one who cooked the books."
979,3034,4,18,75,97,1.268041237113402,0.05387769319682185,610,"Who knew messing up ""over easy"" could have such consequences!"
752,3034,4,18,75,97,1.268041237113402,0.05387769319682185,610,"Don’t believe the prosecutor, honey, the books were cooked just right."
660,3034,5,16,76,97,1.268041237113402,0.0558353154957798,610,Two stars with good behavior.
472,3034,5,16,76,97,1.268041237113402,0.0558353154957798,610,"No, there is no statute of limitations for crimes against umamity."
447,3034,4,18,75,97,1.268041237113402,0.05387769319682185,610,Blink once if oregano is one of the 11 herbs and spices.
4516,3034,6,14,77,97,1.268041237113402,0.05772658909736201,610,"Okay, so it turns out the fly in the soup was a Russian spy."
386,3034,4,18,75,97,1.268041237113402,0.05387769319682185,610,"Overcooking that beaultiful piece of Salmon WAS a crime, Pierre."
1713,3034,7,12,78,97,1.268041237113402,0.059557835094285284,610,I always said your crab cakes were to die for.
1725,3034,2,22,73,97,1.268041237113402,0.04973180631754744,610,"I know I said I'd wait for you, but six months is a long time to fast."
1723,3034,3,20,74,97,1.268041237113402,0.051846207112077713,610,"What were you thinking, serving foie gras in Los Angeles?"
2185,3034,4,18,75,97,1.268041237113402,0.05387769319682185,610,They said no to the conjugal baking.
4175,3034,4,18,75,97,1.268041237113402,0.05387769319682185,610,The dish ran away with the spoon.
3842,3034,7,12,78,97,1.268041237113402,0.059557835094285284,610,Is the entire White House staff incarcerated?
3834,3034,5,16,76,97,1.268041237113402,0.0558353154957798,610,"Yes, your cheesecake was that bad."
3645,3034,4,18,75,97,1.268041237113402,0.05387769319682185,610,Can I have the recipe sans rat poison?
3365,3034,4,18,75,97,1.268041237113402,0.05387769319682185,610,I would've never complained the eggs were too runny if I'd known it would come to this.
3266,3034,5,16,76,97,1.268041237113402,0.0558353154957798,610,"I tried to follow your recipe but I knew a file in your cake would affect the moistness, so I added an extra stick of butter instead."
1819,3034,4,18,75,97,1.268041237113402,0.05387769319682185,610,"You don't cut the mustard for me anymore, Larry"
3195,3034,4,18,75,97,1.268041237113402,0.05387769319682185,610,"I tried to bake you a file in a cake, but it just didn't turn out like yours."
238,3034,4,18,75,97,1.268041237113402,0.05387769319682185,610,"The word on the street is, you make a killer apple bomb."
3015,3034,3,20,74,97,1.268041237113402,0.051846207112077713,610,Yes. I agree. The souffle was to die for.
2613,3034,4,18,75,97,1.268041237113402,0.05387769319682185,610,It's no on the parole. They've tasted your muffins.
2499,3034,2,22,73,97,1.268041237113402,0.04973180631754744,610,"Maybe they just misspelled ""crook""?"
2487,3034,5,16,76,97,1.268041237113402,0.0558353154957798,610,They've taken away your Michelin stars.
2301,3034,8,10,79,97,1.268041237113402,0.061334430407565414,610,I warned you the President likes his steaks well done!
2214,3034,4,18,75,97,1.268041237113402,0.05387769319682185,610,"I'd send you a cake, but I don't know how to bake."
3176,3034,5,16,76,97,1.268041237113402,0.0558353154957798,610,Are they going to let you prepare your ‘last meal’?
7495,3105,4,19,78,101,1.2673267326732673,0.052447218368907034,610,"The forks were on the right side, Lawrence, what did you expect?"
1986,3105,5,17,79,101,1.2673267326732673,0.05430221465664193,610,"Just so you know, it only takes a ""few cases"" of food poisoning to kill a five star rating."
7505,3107,3,20,75,98,1.2653061224489797,0.051387277662137534,610,"When you said you'd committed a culinary crime, I thought you were referring to the cheap balsamic in the salad dressing."
7573,3107,6,14,78,98,1.2653061224489797,0.05719993542566316,610,The lawyer says you're facing 4 to 5 years per side.
7317,3107,3,20,75,98,1.2653061224489797,0.051387277662137534,610,"charles, when do i put in the knife?"
1879,3107,4,18,76,98,1.2653061224489797,0.05339518462605429,610,Stop stirring up trouble and get to the point.
3453,3107,4,18,76,98,1.2653061224489797,0.05339518462605429,610,Word on the outside is that the cheese sandwich souffle in the cafeteria has improved 100% since you hit the cell block.
2848,3107,5,16,77,98,1.2653061224489797,0.055330273602931246,610,The Yelp review was that bad?
1533,3107,5,16,77,98,1.2653061224489797,0.055330273602931246,610,Ok - I've arranged for a food truck to enter the prison grounds. Now tell me again your plan!
5742,3107,5,16,77,98,1.2653061224489797,0.055330273602931246,610,"Bad news, Franz. The stollen you stole has gone stale."
291,3107,9,8,81,98,1.2653061224489797,0.06247409799168333,610,"Honey, it's four and twenty blackbirds, not black turds...."
1301,3116,1,22,68,91,1.2637362637362637,0.04900764893868004,610,"I told you, you make a killer profiterole but no, you wouldn’t listen!"
1584,3116,2,20,69,91,1.2637362637362637,0.05143879760158815,610,Did they approve our culinary visit?
4722,3116,4,16,71,91,1.2637362637362637,0.055985269375949595,610,He thinks you have a shot... no one likes yelp.
3081,3116,1,22,68,91,1.2637362637362637,0.04900764893868004,610,"Chef, I warned you not to leak that story about the President's cheeseburgers in bed."
5267,3120,4,17,74,95,1.263157894736842,0.054393791053906224,610,Look on the bright side - 45 minutes at 350 and you're done.
6123,3120,11,3,81,95,1.263157894736842,0.0672787757420599,610,please listen I can't view cartoon. How can I enter caption. You got my email let me know
6074,3120,3,19,73,95,1.263157894736842,0.052294553631162456,610,They’d let you go if you’re pastries weren’t so delectable.
6068,3120,4,17,74,95,1.263157894736842,0.054393791053906224,610,"I’m sorry honey, but I’ve been enjoying a new dish."
6057,3120,3,19,73,95,1.263157894736842,0.052294553631162456,610,Your lawyer said you're done.
6029,3120,4,17,74,95,1.263157894736842,0.054393791053906224,610,"Your lawyer recommends you plead insanity, not, ""he deserved it when he used salted butter to bake a cake"""
6025,3120,5,15,75,95,1.263157894736842,0.05641496850082867,610,I'll have that to go.
5779,3120,4,17,74,95,1.263157894736842,0.054393791053906224,610,They didn’t mean literally “still breathing” when they ordered it.
6144,3120,7,11,77,95,1.263157894736842,0.06025426957831666,610,"Your goose is cooked. Also, you're going to jail for a the rest of your life."
5778,3120,3,19,73,95,1.263157894736842,0.052294553631162456,610,The children want your crème brulee recipe.
5760,3120,1,23,71,95,1.263157894736842,0.047820414134714065,610,"Metal file, are you serious? You're the pastry chef."
5747,3120,2,21,72,95,1.263157894736842,0.050107446290437146,610,"If you would just reveal your secret ingredient, the judge would let you out."
5672,3120,3,19,73,95,1.263157894736842,0.052294553631162456,610,"You know, some people consider ketchup to be nutritious."
5256,3120,3,19,73,95,1.263157894736842,0.052294553631162456,610,How long have you been serving?
5658,3120,2,21,72,95,1.263157894736842,0.050107446290437146,610,I still think pineapple topping was a good idea
5580,3120,3,19,73,95,1.263157894736842,0.052294553631162456,610,I told you to sharpen your knives.
5561,3120,6,13,76,95,1.263157894736842,0.05836619601004484,610,Great disguise. I'll meet you at the kitchen door right after lunch.
5547,3120,8,9,78,95,1.263157894736842,0.06208495122128985,610,You spoiled the broth too many times!
5490,3120,4,17,74,95,1.263157894736842,0.054393791053906224,610,You knew Imitation vanilla would get you in trouble.
5163,3120,5,15,75,95,1.263157894736842,0.05641496850082867,610,I told you this is where you'd end up when you accepted the position of White House Baker.
5458,3120,6,13,76,95,1.263157894736842,0.05836619601004484,610,I'm leaving you for the guy who makes the donuts.
5428,3120,3,19,73,95,1.263157894736842,0.052294553631162456,610,I warned you not to use the ‘death-by-chocolate’ recipe.
5406,3120,5,15,75,95,1.263157894736842,0.05641496850082867,610,"I told you, endangered species means Do Not Cook Them!"
5336,3120,6,13,76,95,1.263157894736842,0.05836619601004484,610,"If they try to make you prepare your own last meal, you should go on a hunger strike."
5722,3120,4,17,74,95,1.263157894736842,0.054393791053906224,610,"Well apparently, “using too much Cilantro should be a crime” wasn’t just a silly phrase after all...."
6358,3120,6,13,76,95,1.263157894736842,0.05836619601004484,610,You look like you've lost some weight...
7670,3120,6,13,76,95,1.263157894736842,0.05836619601004484,610,The chicken was a rat!
6469,3120,4,17,74,95,1.263157894736842,0.054393791053906224,610,I warned you about your killer soufflé.
5048,3120,3,19,73,95,1.263157894736842,0.052294553631162456,610,Mueller just subpoened the cannoli
7852,3120,2,21,72,95,1.263157894736842,0.050107446290437146,610,I had trouble figuring out what to tip the process server.
7847,3120,6,13,76,95,1.263157894736842,0.05836619601004484,610,I should have believed you- your secret sauce is a killer.
7830,3120,4,17,74,95,1.263157894736842,0.054393791053906224,610,Do your remember table 4’s order? You started preparing it just before killing the sous-chef.
7714,3120,3,19,73,95,1.263157894736842,0.052294553631162456,610,"You're a meth cook, not a meth chef."
7692,3120,4,17,74,95,1.263157894736842,0.054393791053906224,610,Stick a fork in you—you're done.
7646,3120,6,13,76,95,1.263157894736842,0.05836619601004484,610,"I can forgive you, but you have to tell me where you hid the dough."
7396,3120,4,17,74,95,1.263157894736842,0.054393791053906224,610,"They insist ""Death by Chocolate"" IS an indictable offense."
7394,3120,4,17,74,95,1.263157894736842,0.054393791053906224,610,"I can understand the file and the shovel, but why do you need a Cuisinart?"
7377,3120,4,17,74,95,1.263157894736842,0.054393791053906224,610,But I don’t think I can wait 10 to 15 years for your beef stroganoff.
7276,3120,6,13,76,95,1.263157894736842,0.05836619601004484,610,"When they said your food was so good it should be illegal, I thought they were being metaphorical."
7245,3120,3,19,73,95,1.263157894736842,0.052294553631162456,610,The kids will be thrilled to learn you cooked oatmeal for 476 prisoners.
6359,3120,6,13,76,95,1.263157894736842,0.05836619601004484,610,"Well, let’s face it. You are a bad chef."
7223,3120,3,19,73,95,1.263157894736842,0.052294553631162456,610,"Sweetie, they took away the Michelin Stars."
7033,3120,5,15,75,95,1.263157894736842,0.05641496850082867,610,I thought you'd have enough dough to get yourself out of here.
6988,3120,7,11,77,95,1.263157894736842,0.06025426957831666,610,We regret to inform you that your Michelin star has been revoked.
6918,3120,2,21,72,95,1.263157894736842,0.050107446290437146,610,"I can’t bake a cake with a knife in it, I can barely make coffee."
6787,3120,3,19,73,95,1.263157894736842,0.052294553631162456,610,C4 is NOT a secret ingredient!
6764,3120,2,21,72,95,1.263157894736842,0.050107446290437146,610,Apparently you and your associates spoiled the broth.
6753,3120,5,15,75,95,1.263157894736842,0.05641496850082867,610,I told you not to make off with all that dough.
6722,3120,4,17,74,95,1.263157894736842,0.054393791053906224,610,I should have told you that I put the arsenic on the spice shelf.
6668,3120,4,17,74,95,1.263157894736842,0.054393791053906224,610,"Got caught poaching eggs, I suppose?"
6658,3120,4,17,74,95,1.263157894736842,0.054393791053906224,610,Do you think you might be awhile ?
6633,3120,4,17,74,95,1.263157894736842,0.054393791053906224,610,"Really, honey, you and the Candle-maker were more than a bit naive."
6601,3120,3,19,73,95,1.263157894736842,0.052294553631162456,610,The lamb shanks were a big hit.
6587,3120,3,19,73,95,1.263157894736842,0.052294553631162456,610,"There's nothing I can do, dear. You're in a prison of your own baking."
7087,3120,5,15,75,95,1.263157894736842,0.05641496850082867,610,I see you haven’t told them that the only thing you can cook us the books.
5010,3120,2,21,72,95,1.263157894736842,0.050107446290437146,610,Too late – he’s got the third secret ingredient and is on the plane to Rio.
3637,3120,6,13,76,95,1.263157894736842,0.05836619601004484,610,"""To die for"" - until now, it was only an expression"
4965,3120,5,15,75,95,1.263157894736842,0.05641496850082867,610,I need your killer recipe for chicken fried steak.
2340,3120,3,19,73,95,1.263157894736842,0.052294553631162456,610,I told you not to steal that recipe.
2162,3120,4,17,74,95,1.263157894736842,0.054393791053906224,610,"Apparently, in your specific case the jury will have an extra, 13th, juror."
1911,3120,6,13,76,95,1.263157894736842,0.05836619601004484,610,"Yes, I heard you. The proof is in the pudding."
1784,3120,5,15,75,95,1.263157894736842,0.05641496850082867,610,That wasn't the way you win Cutthroat Kitchen.
1744,3120,4,17,74,95,1.263157894736842,0.054393791053906224,610,An episode of Iron Chef in prison? You'd flay 'em.
1711,3120,5,15,75,95,1.263157894736842,0.05641496850082867,610,Chef Boyardee is great with the kids
1481,3120,3,19,73,95,1.263157894736842,0.052294553631162456,610,Is this month's special crime brûlée?
1470,3120,1,23,71,95,1.263157894736842,0.047820414134714065,610,The good news is I am learning a trade.
1467,3120,2,21,72,95,1.263157894736842,0.050107446290437146,610,"So, do you feel bad about stealing my recipe?"
1462,3120,4,17,74,95,1.263157894736842,0.054393791053906224,610,I guess substituting arsenic for pepper was not a brilliant stroke of culinary genius.
1431,3120,5,15,75,95,1.263157894736842,0.05641496850082867,610,"When they said you'd fry, did you ever think they meant this?"
1417,3120,4,17,74,95,1.263157894736842,0.054393791053906224,610,"Tell me the secret ingredient in your sauce and I'll have my father, the Governor, commute your sentence. This is your last chance, Armand. I beg you, please!"
1408,3120,7,11,77,95,1.263157894736842,0.06025426957831666,610,The soufflé fell.
1390,3120,5,15,75,95,1.263157894736842,0.05641496850082867,610,"If I get the death penalty, I choose death by chocolate."
1323,3120,2,21,72,95,1.263157894736842,0.050107446290437146,610,I told those were killer chilli peppers
1224,3120,3,19,73,95,1.263157894736842,0.052294553631162456,610,I’m sorry. You were right when you said serving me the filet well done would be a crime.
1218,3120,5,15,75,95,1.263157894736842,0.05641496850082867,610,"Well, I guess your goose has been officially cooked now."
1186,3120,4,17,74,95,1.263157894736842,0.054393791053906224,610,There’s a file in the phyllo
1116,3120,5,15,75,95,1.263157894736842,0.05641496850082867,610,"I'm sorry, George, I'm leaving you for a nouvelle lover."
1072,3120,7,11,77,95,1.263157894736842,0.06025426957831666,610,For God's sake! the chicken was still alive!
996,3120,7,11,77,95,1.263157894736842,0.06025426957831666,610,Do you take Last Meal orders?
820,3120,4,17,74,95,1.263157894736842,0.054393791053906224,610,"I know what I was supposed to hide in the cake, but I need a few more details about the recipe."
797,3120,4,17,74,95,1.263157894736842,0.054393791053906224,610,"Apparently, there is such a thing as too much Marzipan."
732,3120,6,13,76,95,1.263157894736842,0.05836619601004484,610,"Get me out of here, my cellmate is Gordon Ramsay"
456,3120,5,15,75,95,1.263157894736842,0.05641496850082867,610,What do you think I meant when I said 'your goose is cooked!'?
2430,3120,4,17,74,95,1.263157894736842,0.054393791053906224,610,"Honey, I think you took cooking the books a bit too far."
2472,3120,1,23,71,95,1.263157894736842,0.047820414134714065,610,Serving fish with red wine is not a crime dear.
2510,3120,6,13,76,95,1.263157894736842,0.05836619601004484,610,"I'm here to discuss your pilot, 'Duck à L'Orange is the New Black.'"
2584,3120,4,17,74,95,1.263157894736842,0.054393791053906224,610,I know the President likes his ice cream but did you have to announce loudly that it was a bombe glacé ?
4817,3120,4,17,74,95,1.263157894736842,0.054393791053906224,610,"No hun, I bake you a cake with a file in it. Let me talk to your cellmate."
4810,3120,4,17,74,95,1.263157894736842,0.054393791053906224,610,Next time skip the mushrooms.
4712,3120,4,17,74,95,1.263157894736842,0.054393791053906224,610,How stupid can you be? I'm the one who is supposed to bring you a cake with a blade inside...
4514,3120,3,19,73,95,1.263157894736842,0.052294553631162456,610,Your attorney said that using non-locally-sourced avocados is a Class B felony.
4508,3120,3,19,73,95,1.263157894736842,0.052294553631162456,610,"Stop sulking, a 3rd Michelin Star always takes 25 years to life."
4460,3120,6,13,76,95,1.263157894736842,0.05836619601004484,610,I know it’s only five more years but I’m really getting tired of feeding the sourdough.
4251,3120,2,21,72,95,1.263157894736842,0.050107446290437146,610,"Well-done, and I drop the charges."
4234,3120,2,21,72,95,1.263157894736842,0.050107446290437146,610,"When I said it was so good you must have stolen the recipe, I was just kidding!"
4211,3120,4,17,74,95,1.263157894736842,0.054393791053906224,610,"When I said, ""cook the books,"" I didn't mean for you to dress the part."
4210,3120,5,15,75,95,1.263157894736842,0.05641496850082867,610,"""That Killer Beef Stew-  To Die For wasn't your recipe was it?"
4176,3120,3,19,73,95,1.263157894736842,0.052294553631162456,610,It’s one thing to try to cook the books. It’s another thing to do it literally.
4038,3120,5,15,75,95,1.263157894736842,0.05641496850082867,610,"I'm sorry, I thought when you said you needed the dough you meant...."
488,3120,3,19,73,95,1.263157894736842,0.052294553631162456,610,Your lawyer says that if you draw a judge that is antipasto but prosciutto we have a fighting chance.
4023,3120,7,11,77,95,1.263157894736842,0.06025426957831666,610,The new guy I'm living with isn't as good a cook as you are.
3876,3120,5,15,75,95,1.263157894736842,0.05641496850082867,610,Wait. I thought you were the one in prison.
3811,3120,3,19,73,95,1.263157894736842,0.052294553631162456,610,Your lawyer says you may get credit for your other food served.
5007,3120,4,17,74,95,1.263157894736842,0.054393791053906224,610,When you said you worked for the CIA I thought you meant Central Intelligence Agency.
3349,3120,6,13,76,95,1.263157894736842,0.05836619601004484,610,"I don't know how they're getting online honey, but I'm just saying the Yelp reviews aren't good."
3246,3120,3,19,73,95,1.263157894736842,0.052294553631162456,610,"I'm sorry, Frank, but the butcher and the candlestick maker are living with me."
3168,3120,6,13,76,95,1.263157894736842,0.05836619601004484,610,I thought you were kidding when you said that they treated you like a prisoner.
3164,3120,7,11,77,95,1.263157894736842,0.06025426957831666,610,"I did tell you not to steal my mother's recipe, Dear."
3053,3120,6,13,76,95,1.263157894736842,0.05836619601004484,610,They tore the kitchen apart but they never found where you hid your Michelin star.
3046,3120,3,19,73,95,1.263157894736842,0.052294553631162456,610,And where does one buy this hacksaw cake you keep whispering about?
2935,3120,8,9,78,95,1.263157894736842,0.06208495122128985,610,"Honey, I know you make a sublime borscht, but can you see why boasting on CNN that it's a big hit with POTUS and his friends might not have been a wise decision just now?"
2687,3120,4,17,74,95,1.263157894736842,0.054393791053906224,610,I warned you about the look-alike truffles.
3978,3120,5,15,75,95,1.263157894736842,0.05641496850082867,610,If you continue making them brioche every morning they'll loose your paperwork for sure.
645,3120,4,17,74,95,1.263157894736842,0.054393791053906224,610,This is exactly why nobody pokes the Pillbury Doughboy with a knife.
4773,3234,3,20,76,99,1.2626262626262625,0.05093611138448136,610,I told you to check the expiration dates.
7760,3234,7,12,80,99,1.2626262626262625,0.05847272608760407,610,I just can't keep calling you like this.
5332,3236,1,22,69,92,1.2608695652173914,0.048556726268192844,610,Quit telling me about census takers livers’ & fava beans. AND QUIT CALLING ME CLARICE!
3939,3236,3,18,71,92,1.2608695652173914,0.053249777017025594,610,"No, I'm telling you, for your own peace of mind, don't julienne the green beans."
6894,3236,4,16,72,92,1.2608695652173914,0.055447545442538,610,"So, you won the ramen cook-off, huh?"
5763,3236,3,18,71,92,1.2608695652173914,0.053249777017025594,610,Just heard back from “Top Chef” and they turned you down for “Last Chance Kitchen”.
1212,3240,4,17,75,96,1.2604166666666667,0.05389396604466397,610,"And remember, The Donald likes it as close to the McDonald's version as possible."
2448,3240,4,17,75,96,1.2604166666666667,0.05389396604466397,610,So I assume catering the reception this weekend is out?
1088,3240,3,19,74,96,1.2604166666666667,0.05181950723819513,610,There are others ways to make people eat vegan food.
5442,3240,6,13,77,96,1.2604166666666667,0.05782003171264664,610,And on my end I’m just so very sorry I said your blueberry pie was drop dead delicious.
6503,3244,1,21,67,89,1.2584269662921348,0.04932664542451332,610,"The food may be terrible, but at least you don't have the stress of meal planning for a while."
5122,3245,1,22,70,93,1.2580645161290323,0.0481136107910233,610,It was a good night for tips.
5441,3245,6,12,75,93,1.2580645161290323,0.05902279218092795,610,I know this might have gone too far but...I did say I wanted gluten-free.
5172,3245,4,16,73,93,1.2580645161290323,0.054919776177983784,610,"OK Hank, what scam did you cook up this time?"
5233,3245,4,16,73,93,1.2580645161290323,0.054919776177983784,610,The attorneys say your goose is cooked.
5258,3245,4,16,73,93,1.2580645161290323,0.054919776177983784,610,How long do you microwave Hot Pockets?
5265,3245,4,16,73,93,1.2580645161290323,0.054919776177983784,610,Sure. A rat made you do it.
5274,3245,3,18,72,93,1.2580645161290323,0.05274872249394527,610,"No, no no, the judge said *thyme* served."
5350,3245,2,20,71,93,1.2580645161290323,0.050484390003709675,610,When will you learn to quit cooking the books?
5448,3245,2,20,71,93,1.2580645161290323,0.050484390003709675,610,Oui François. I will hide the file in a pâté.
5759,3245,4,16,73,93,1.2580645161290323,0.054919776177983784,610,I think they would be suspicious if I hid it in a cake.
5579,3245,4,16,73,93,1.2580645161290323,0.054919776177983784,610,I'll testify that the fish really was Chilean Sea Bass.
5740,3245,3,18,72,93,1.2580645161290323,0.05274872249394527,610,Your flour power won't help you in here.
5110,3245,7,10,76,93,1.2580645161290323,0.06097084620972221,610,So you’re saying it IS criminal to substitute ketchup for finely chopped imported Italian roasted red peppers? Huh.
5773,3245,4,16,73,93,1.2580645161290323,0.054919776177983784,610,Try to find just one of them to cook for
5861,3245,4,16,73,93,1.2580645161290323,0.054919776177983784,610,You deveined Shrimp. Now you’re gonna fry.
5863,3245,3,18,72,93,1.2580645161290323,0.05274872249394527,610,Looks like you may be facing up to 20 minutes at 350.
5934,3245,2,20,71,93,1.2580645161290323,0.050484390003709675,610,Harold you do realize that cooking the books does not make you a chef.
5952,3245,5,14,74,93,1.2580645161290323,0.057008209111814964,610,They said I signed a confession? I thought it said I was the Poissonier.
6010,3245,6,12,75,93,1.2580645161290323,0.05902279218092795,610,"So honey, where *did* you hide all the dough?"
5550,3245,6,12,75,93,1.2580645161290323,0.05902279218092795,610,YOU cooked the books and now you want ME to cook up something?
5027,3245,6,12,75,93,1.2580645161290323,0.05902279218092795,610,You know I don’t have that kind of dough
4841,3245,5,14,74,93,1.2580645161290323,0.057008209111814964,610,"Edgar, I warned you about cooking the books!"
4857,3245,4,16,73,93,1.2580645161290323,0.054919776177983784,610,"I'm sorry, but last night's Foie Gras was criminal!"
6046,3245,6,12,75,93,1.2580645161290323,0.05902279218092795,610,I really don't like this secure version of facebook.
4113,3245,4,16,73,93,1.2580645161290323,0.054919776177983784,610,A cake with a file in it? You're kidding right?
4146,3245,2,20,71,93,1.2580645161290323,0.050484390003709675,610,Don’t worry. Prix fixe-ing not a capital offense.
4223,3245,3,18,72,93,1.2580645161290323,0.05274872249394527,610,"I'm so sorry, Andre, it was Michelin turned you in."
4267,3245,5,14,74,93,1.2580645161290323,0.057008209111814964,610,I think they're watching your pot.
4283,3245,4,16,73,93,1.2580645161290323,0.054919776177983784,610,I know I told you that I would wait but I'm running off with the candlestick maker.
4289,3245,3,18,72,93,1.2580645161290323,0.05274872249394527,610,Who'll bring the bread home now?
4302,3245,0,24,69,93,1.2580645161290323,0.04561979233461597,610,"I talked to the lawyer, sounds like your goose is cooked Glen..."
4358,3245,6,12,75,93,1.2580645161290323,0.05902279218092795,610,"""I warned you about talking back to Chef Ramsey""."
4359,3245,5,14,74,93,1.2580645161290323,0.057008209111814964,610,How you gonna serve this?
4372,3245,0,24,69,93,1.2580645161290323,0.04561979233461597,610,Thanks. But I have enough on my plate
4444,3245,4,16,73,93,1.2580645161290323,0.054919776177983784,610,"So tell me;""what's cooking?"""
4050,3245,5,14,74,93,1.2580645161290323,0.057008209111814964,610,"Yes, I agree that mother’s birthday cake was to die for."
4496,3245,5,14,74,93,1.2580645161290323,0.057008209111814964,610,Mixing up ‘boysenberry’ and ‘poisonberry’ is an easy mistake to make.
4518,3245,2,20,71,93,1.2580645161290323,0.050484390003709675,610,"Darling, why did you have to cook the books ?"
4539,3245,5,14,74,93,1.2580645161290323,0.057008209111814964,610,Turns out the sous chef swapped the Reggiano for domestic. You ain't never gettin' out.
4556,3245,5,14,74,93,1.2580645161290323,0.057008209111814964,610,This is a recipe for disaster!
4698,3245,5,14,74,93,1.2580645161290323,0.057008209111814964,610,"I'm sorry, I'm leaving you for your sous chef."
4842,3245,4,16,73,93,1.2580645161290323,0.054919776177983784,610,Sounds like you’re in hot water.
4945,3245,2,20,71,93,1.2580645161290323,0.050484390003709675,610,The curry was that bad?
6051,3245,4,16,73,93,1.2580645161290323,0.054919776177983784,610,Your defense lawyer just texted me. She says your appeal collapsed faster than your last souffle.
7378,3245,6,12,75,93,1.2580645161290323,0.05902279218092795,610,"It may be your favorite recipe, but they still think you're cooking the books."
6069,3245,5,14,74,93,1.2580645161290323,0.057008209111814964,610,"I assure you, the cake is not extra heavy because of too much flour in the batter."
7053,3245,5,14,74,93,1.2580645161290323,0.057008209111814964,610,I suppose you don't deliver...
7094,3245,1,22,70,93,1.2580645161290323,0.0481136107910233,610,Can you keep the hat?
7150,3245,4,16,73,93,1.2580645161290323,0.054919776177983784,610,Baker's Dozen is planning another heist. You in?
7200,3245,2,20,71,93,1.2580645161290323,0.050484390003709675,610,"Look Dear, it's the file that really matters. I don't need to use your recipe!"
7291,3245,4,16,73,93,1.2580645161290323,0.054919776177983784,610,"I know, we both didn't like her, but why with your signature dish?"
7325,3245,5,14,74,93,1.2580645161290323,0.057008209111814964,610,I told you not to put ketchup on hot dogs.
7347,3245,4,16,73,93,1.2580645161290323,0.054919776177983784,610,Ratatouille was a fictional movie. Your not allowed to do that in real life.
7413,3245,5,14,74,93,1.2580645161290323,0.057008209111814964,610,"I am afraid, your goose is already cooked"
7455,3245,5,14,74,93,1.2580645161290323,0.057008209111814964,610,...so then you saute the onions...?
7559,3245,4,16,73,93,1.2580645161290323,0.054919776177983784,610,"You stunned that lobster first, right ? They'll drop the cruelty charges, you'll see."
7592,3245,3,18,72,93,1.2580645161290323,0.05274872249394527,610,I am sorry honey but you are off the menu
7640,3245,5,14,74,93,1.2580645161290323,0.057008209111814964,610,I am disappointed to learn that your fellow inmates are not savoring your renowned Indonesian pork satay.
7749,3245,5,14,74,93,1.2580645161290323,0.057008209111814964,610,Have you thought about starting your own gang?
7787,3245,5,14,74,93,1.2580645161290323,0.057008209111814964,610,The Food Channel canceled your ‘Cooks and Cons’ show.
7793,3245,4,16,73,93,1.2580645161290323,0.054919776177983784,610,Can I get a refund on the cake I ordered for next Tuesday?
7819,3245,5,14,74,93,1.2580645161290323,0.057008209111814964,610,"Whippings, beatings, punching down. When is this all going to end?"
7911,3245,3,18,72,93,1.2580645161290323,0.05274872249394527,610,Whose secret recipe did you steal this time?
7925,3245,3,18,72,93,1.2580645161290323,0.05274872249394527,610,"So tell me, after the Bakery Job, where did you hide the dough?"
3989,3245,7,10,76,93,1.2580645161290323,0.06097084620972221,610,"When I said to fillet it, I meant the fish."
6993,3245,5,14,74,93,1.2580645161290323,0.057008209111814964,610,"I brought the ingredients you requested for the cake, but they confiscated the file at the door."
6911,3245,3,18,72,93,1.2580645161290323,0.05274872249394527,610,So what gave you the bright idea of using hemlock for a spice?
6768,3245,4,16,73,93,1.2580645161290323,0.054919776177983784,610,Pairing a Cabernet Sauvignon with the caviar was criminal and there is no denying it.
6751,3245,5,14,74,93,1.2580645161290323,0.057008209111814964,610,"Yes, I can get a file but you're the baker."
6096,3245,7,10,76,93,1.2580645161290323,0.06097084620972221,610,Where did you put the salt?
6189,3245,5,14,74,93,1.2580645161290323,0.057008209111814964,610,I told you using that stolen recipe would be dangerous!!!!
6222,3245,2,20,71,93,1.2580645161290323,0.050484390003709675,610,"Face it, Ernie. Losing is your plat du jour."
6323,3245,6,12,75,93,1.2580645161290323,0.05902279218092795,610,The deconstructed apple pie is suing for cultural misappropriation.
6335,3245,5,14,74,93,1.2580645161290323,0.057008209111814964,610,Don’t worry. Gluten isn’t a crime yet in New York.
6351,3245,3,18,72,93,1.2580645161290323,0.05274872249394527,610,I sense this relationship will be ending in short order.
6431,3245,5,14,74,93,1.2580645161290323,0.057008209111814964,610,“Death by Chocolate” was the name of the dessert not the means of disposing with boorish guests who wouldn’t leave.
6457,3245,4,16,73,93,1.2580645161290323,0.054919776177983784,610,"Do I bake it with the file, or should I slip it between the layers before I put the icing on?"
6474,3245,4,16,73,93,1.2580645161290323,0.054919776177983784,610,I know I know... life's a bitch...blah blah blah......is it one or two pinches of salt with the rigatoni el dente?
6056,3245,2,20,71,93,1.2580645161290323,0.050484390003709675,610,Did you apply to do your time in the kitchen ?
6481,3245,3,18,72,93,1.2580645161290323,0.05274872249394527,610,"It was the Amanita phalloide, and you know it!"
6522,3245,3,18,72,93,1.2580645161290323,0.05274872249394527,610,The President will grant you a pardon but only if he can get a table for 6 at 8pm next Saturday.
6523,3245,4,16,73,93,1.2580645161290323,0.054919776177983784,610,I don’t think I can’t sneak a file into what you call “a tasteless lump of flour.”
6559,3245,4,16,73,93,1.2580645161290323,0.054919776177983784,610,I hope you’re not cooking the books again.
6578,3245,1,22,70,93,1.2580645161290323,0.0481136107910233,610,"So, I guess knives were your secret ingredient."
6602,3245,7,10,76,93,1.2580645161290323,0.06097084620972221,610,I told you it was a killer menu
6627,3245,2,20,71,93,1.2580645161290323,0.050484390003709675,610,So you finally cooked your own goose !!
6654,3245,4,16,73,93,1.2580645161290323,0.054919776177983784,610,We miss you at the school cafeteria.
6684,3245,3,18,72,93,1.2580645161290323,0.05274872249394527,610,"Well dear, it looks like you've really cooked up some trouble this time around."
6732,3245,4,16,73,93,1.2580645161290323,0.054919776177983784,610,We decided to pass on Prison Chef; do we really need another reality show?
6518,3245,6,12,75,93,1.2580645161290323,0.05902279218092795,610,I told you adding kale to apple fritters was dangerous and immoral.
3973,3245,6,12,75,93,1.2580645161290323,0.05902279218092795,610,Serves you right for searching the web on how to make a bombe!
504,3245,4,16,73,93,1.2580645161290323,0.054919776177983784,610,They found the cauliflower head.
3910,3245,4,16,73,93,1.2580645161290323,0.054919776177983784,610,"When you said you'd kill for the recipe, I hadn't thought you were serious."
1085,3245,4,16,73,93,1.2580645161290323,0.054919776177983784,610,Your nails look fine. Why do you want a file in a cake?
1087,3245,6,12,75,93,1.2580645161290323,0.05902279218092795,610,"Yes, but you have to realize just how serious the school is about no nuts on the premises!"
1114,3245,5,14,74,93,1.2580645161290323,0.057008209111814964,610,Why DID you call it your Killer Recipe?
1127,3245,4,16,73,93,1.2580645161290323,0.054919776177983784,610,I brought the file but you have to bake your own cake.
1136,3245,1,22,70,93,1.2580645161290323,0.0481136107910233,610,I know you stole the dough
1191,3245,4,16,73,93,1.2580645161290323,0.054919776177983784,610,You should never have cooked the books.
1207,3245,2,20,71,93,1.2580645161290323,0.050484390003709675,610,"I don't understand how you ended up here, either. It was a white collar crime."
1305,3245,4,16,73,93,1.2580645161290323,0.054919776177983784,610,Next time bake the file in the cake!
1311,3245,2,20,71,93,1.2580645161290323,0.050484390003709675,610,Does this mean Suzy's cake won't be ready by her birthday?
1064,3245,4,16,73,93,1.2580645161290323,0.054919776177983784,610,So this is your dream job! Cooking for 5000 inmates?
1373,3245,3,18,72,93,1.2580645161290323,0.05274872249394527,610,"Don't worry, it'll still be warm. I set the crock-pot to ultra slow."
1443,3245,1,22,70,93,1.2580645161290323,0.0481136107910233,610,"I don't care what they say honey, I think your mashed potatoes are sublime."
1487,3245,2,20,71,93,1.2580645161290323,0.050484390003709675,610,"Sorry about the wine, dear. It seems they have a problem with corkscrews."
1545,3245,1,22,70,93,1.2580645161290323,0.0481136107910233,610,You have to show them that you can stop cooking the books.
1587,3245,4,16,73,93,1.2580645161290323,0.054919776177983784,610,It was a little *too* sinful.
1666,3245,2,20,71,93,1.2580645161290323,0.050484390003709675,610,The jurors didn’t believe you were a chef after they tasted your mashed potatoes.
1669,3245,4,16,73,93,1.2580645161290323,0.054919776177983784,610,You'll get your just deserts.
1729,3245,5,14,74,93,1.2580645161290323,0.057008209111814964,610,I told you that using corn sugar is criminal.
1832,3245,5,14,74,93,1.2580645161290323,0.057008209111814964,610,The district attorney is offering 5 to 10 at 350 degrees.
1886,3245,3,18,72,93,1.2580645161290323,0.05274872249394527,610,"I warned you that your ""special"" brownies are not medical treatments."
1441,3245,5,14,74,93,1.2580645161290323,0.057008209111814964,610,It turns out sue chef was the correct spelling.
987,3245,4,16,73,93,1.2580645161290323,0.054919776177983784,610,I beat Bobby Flay.
953,3245,3,18,72,93,1.2580645161290323,0.05274872249394527,610,They confiscated the powdered sugar and oregano.
945,3245,4,16,73,93,1.2580645161290323,0.054919776177983784,610,I told you they wouldn't believe that the dish simply ran away with the spoon.
0,3245,7,10,76,93,1.2580645161290323,0.06097084620972221,610,Keep an eye out for Jared
41,3245,3,18,72,93,1.2580645161290323,0.05274872249394527,610,"Don’t worry, I’ll just tell Mom we’ll be ordering takeout for dinner"
98,3245,3,18,72,93,1.2580645161290323,0.05274872249394527,610,We’ll just have to delay the wedding for 3 to 5 years.
144,3245,3,18,72,93,1.2580645161290323,0.05274872249394527,610,I told you not to say your recipe was fat free.
259,3245,1,22,70,93,1.2580645161290323,0.0481136107910233,610,"Apparently, your too-good chocolate fondant was illegal."
278,3245,5,14,74,93,1.2580645161290323,0.057008209111814964,610,I told you it was a crime to use organic burrata as a pizza topping.
281,3245,4,16,73,93,1.2580645161290323,0.054919776177983784,610,Everyone on the jury ate at your restaurant.
282,3245,4,16,73,93,1.2580645161290323,0.054919776177983784,610,I told you cooking steak well done was a crime.
3941,3245,4,16,73,93,1.2580645161290323,0.054919776177983784,610,"Honey, you have to stop taking things so literally; all Linda said was your soufflé was to die for."
585,3245,5,14,74,93,1.2580645161290323,0.057008209111814964,610,You're a killer chef. How can they complain about the prison food ?
600,3245,2,20,71,93,1.2580645161290323,0.050484390003709675,610,"So, I'm to believe you told her men like hot croquettes, not hot coquettes?"
634,3245,6,12,75,93,1.2580645161290323,0.05902279218092795,610,And I thought you were kidding when you said your food was to die for.
665,3245,5,14,74,93,1.2580645161290323,0.057008209111814964,610,"I'm sick and tired of this ""if Martha Stewart could do it"" crap."
677,3245,3,18,72,93,1.2580645161290323,0.05274872249394527,610,Your goose is cooked. I can bring you some leftovers.
739,3245,6,12,75,93,1.2580645161290323,0.05902279218092795,610,"They say I'm gonna fry, but I'd prefer to be flambeed."
805,3245,6,12,75,93,1.2580645161290323,0.05902279218092795,610,I'm not cliche enough to suggest you bake a cake with a file in it.
818,3245,5,14,74,93,1.2580645161290323,0.057008209111814964,610,3 to 5 for a fallen souffle seems harsh.
884,3245,6,12,75,93,1.2580645161290323,0.05902279218092795,610,"Hi, honey. What's cookin?'"
902,3245,1,22,70,93,1.2580645161290323,0.0481136107910233,610,"Just let me finish what I came to say, then you can toque."
913,3245,2,20,71,93,1.2580645161290323,0.050484390003709675,610,I warned you that my grandma's oyster recipes were sketchy.
936,3245,2,20,71,93,1.2580645161290323,0.050484390003709675,610,"Look, I know it’s your dream job but like I always said it just doesn’t pay!!"
1967,3245,4,16,73,93,1.2580645161290323,0.054919776177983784,610,"I told you, real prosecutors don't eat quiche"
1977,3245,2,20,71,93,1.2580645161290323,0.050484390003709675,610,"Well, Martha Strewart might come back..."
372,3245,3,18,72,93,1.2580645161290323,0.05274872249394527,610,Did anyone find out you used imitation vanilla?
2000,3245,2,20,71,93,1.2580645161290323,0.050484390003709675,610,I wish that I had been sentenced to death by chocolate.
3227,3245,2,20,71,93,1.2580645161290323,0.050484390003709675,610,"I told you a thousand times, first you make a rue!"
3243,3245,6,12,75,93,1.2580645161290323,0.05902279218092795,610,I told you substituting cayenne for paprika would be criminal.
3289,3245,1,22,70,93,1.2580645161290323,0.0481136107910233,610,"So, do I add the saws and chisels before or after baking?"
3397,3245,5,14,74,93,1.2580645161290323,0.057008209111814964,610,"I told you to whisk them, not beat!"
3483,3245,5,14,74,93,1.2580645161290323,0.057008209111814964,610,May I have your soufflé recipe?
3515,3245,6,12,75,93,1.2580645161290323,0.05902279218092795,610,Well how were you supposed to know the food critic was married to the District Attorney?
3600,3245,5,14,74,93,1.2580645161290323,0.057008209111814964,610,I wish they offered takeout.
3613,3245,3,18,72,93,1.2580645161290323,0.05274872249394527,610,The receipe said veal not steal!
3675,3245,4,16,73,93,1.2580645161290323,0.054919776177983784,610,"You’re a chef, damn it. You can cook up some way to get outta this joint."
3709,3245,5,14,74,93,1.2580645161290323,0.057008209111814964,610,The President tweeted that you're a great guy but trying to serve him that veggie burger went too far.
3740,3245,3,18,72,93,1.2580645161290323,0.05274872249394527,610,You'll only be in for ten years but then you'll need to rest outside for another two
3764,3245,2,20,71,93,1.2580645161290323,0.050484390003709675,610,How come you never cooked on the outside?
3772,3245,5,14,74,93,1.2580645161290323,0.057008209111814964,610,I told you to stay off the sauce.
3822,3245,1,22,70,93,1.2580645161290323,0.0481136107910233,610,"I'm sorry Maurice, but substituing butter-cream for fondant is criminal, simply criminal."
3837,3245,4,16,73,93,1.2580645161290323,0.054919776177983784,610,I think I'm going to have to flip on the candlestick maker.
3889,3245,4,16,73,93,1.2580645161290323,0.054919776177983784,610,I told you not to use the leftover Oysters from last week.
3885,3245,4,16,73,93,1.2580645161290323,0.054919776177983784,610,I only told them your bouillabaisse is a killer.
1980,3245,5,14,74,93,1.2580645161290323,0.057008209111814964,610,"I think ""killer soufflé"" was a bad idea..."
3839,3245,5,14,74,93,1.2580645161290323,0.057008209111814964,610,Have you thought about your last meal yet?
3856,3245,7,10,76,93,1.2580645161290323,0.06097084620972221,610,The D.A. says you have to give back the dough or you're gonna fry.
3851,3245,2,20,71,93,1.2580645161290323,0.050484390003709675,610,The prosecution's case is half-baked but expect a grilling on the stand.
3192,3245,3,18,72,93,1.2580645161290323,0.05274872249394527,610,Some good news: they've found an antidote for your liver mousse.
3187,3245,6,12,75,93,1.2580645161290323,0.05902279218092795,610,"You just had to take ""death by chocolate"" to a whole new level, didn't you?"
3828,3245,4,16,73,93,1.2580645161290323,0.054919776177983784,610,I said killer seven course meal for twelve figuratively.
3050,3245,6,12,75,93,1.2580645161290323,0.05902279218092795,610,"You should have asked for an ""arrest warrant"", not ""a restaurant""."
2087,3245,3,18,72,93,1.2580645161290323,0.05274872249394527,610,I'll have the reheated Top Ramen with Jalapeño Cheese Squeeze please.
2216,3245,4,16,73,93,1.2580645161290323,0.054919776177983784,610,Red wine with fish is a crime.
3105,3245,6,12,75,93,1.2580645161290323,0.05902279218092795,610,What if I told you that I had something baking in the oven?
2058,3245,4,16,73,93,1.2580645161290323,0.054919776177983784,610,"Honey, telling them a rat has been controlling your movements from under your hat is not going to get you off the murder charges"
2274,3245,5,14,74,93,1.2580645161290323,0.057008209111814964,610,What did you do? Beat an egg? Whip the cream?
2053,3245,3,18,72,93,1.2580645161290323,0.05274872249394527,610,"Your lobster bisque struck again, the death toll now stands at twelve."
2298,3245,3,18,72,93,1.2580645161290323,0.05274872249394527,610,Was it the soup or creme brulee?
2324,3245,5,14,74,93,1.2580645161290323,0.057008209111814964,610,Looks like they found the pudding.
2343,3245,5,14,74,93,1.2580645161290323,0.057008209111814964,610,You can't just keep blaming everything on that damn mouse.
2348,3245,6,12,75,93,1.2580645161290323,0.05902279218092795,610,Where'd you put the poaching pan?
2094,3245,6,12,75,93,1.2580645161290323,0.05902279218092795,610,I told you if you didn't like the heat to get out of the kitchen.
2412,3245,4,16,73,93,1.2580645161290323,0.054919776177983784,610,"You were supposed to beat Bobby Flay,not kill him."
2942,3245,4,16,73,93,1.2580645161290323,0.054919776177983784,610,I need your chicken soup recipe without the rat poison in it.
2376,3245,6,12,75,93,1.2580645161290323,0.05902279218092795,610,I told you those weren't regular mushrooms.
2974,3245,7,10,76,93,1.2580645161290323,0.06097084620972221,610,How can I write a caption if I can't see the cartoon?
2987,3245,5,14,74,93,1.2580645161290323,0.057008209111814964,610,"Actually, this isn't what I meant by a Cook's tour."
2969,3245,5,14,74,93,1.2580645161290323,0.057008209111814964,610,"Yes, it's true, I'm leaving you for the candlestick maker."
2973,3245,4,16,73,93,1.2580645161290323,0.054919776177983784,610,"I know you miss them, and I’m sorry I couldn’t bring them to visit, but culinary knives are technically classified as weapons"
2988,3245,4,16,73,93,1.2580645161290323,0.054919776177983784,610,"I warned you, in Trumpland medium-rare is a prosecutable offense."
2567,3245,4,16,73,93,1.2580645161290323,0.054919776177983784,610,I told you not to serve foie gras in San Francisco.
2475,3245,2,20,71,93,1.2580645161290323,0.050484390003709675,610,I got the ingredients you wanted.
2808,3245,4,16,73,93,1.2580645161290323,0.054919776177983784,610,Just mail me that chicken parm recipe. I mean you’ve got plenty of time ...
4180,3434,5,15,77,97,1.2577319587628866,0.05537739645870556,610,"I'm sorry, but it is a crime not to use butter for sauteing chanterelles!"
5482,3435,2,19,69,90,1.2555555555555555,0.05135154867031013,610,It was a pastry to die for?
5554,3435,4,15,71,90,1.2555555555555555,0.056003190365495135,610,"Next time you make a chocolate cake that's 'like crack,' maybe don't put actual crack in it."
5604,3435,3,17,70,90,1.2555555555555555,0.05372773437412524,610,"Well, Freddie. The way you were rolling the dough, they were bound to catch up with you."
5443,3435,3,17,70,90,1.2555555555555555,0.05372773437412524,610,What about takeout?
5539,3435,3,17,70,90,1.2555555555555555,0.05372773437412524,610,"That's just not how you make authentic orecchiette, dear..."
5669,3435,4,15,71,90,1.2555555555555555,0.056003190365495135,610,"What do I do with all the jars of spaghetti sauce returned from the stores, Mario?"
5691,3435,3,17,70,90,1.2555555555555555,0.05372773437412524,610,I'm begging you. Luther hates green vegetables. Please leave them out of his last meal.
5698,3435,4,15,71,90,1.2555555555555555,0.056003190365495135,610,"I found you a good lawyer, but I don't think we have enough dough left to afford him."
5754,3435,4,15,71,90,1.2555555555555555,0.056003190365495135,610,I told you that food critic's verdict would be significant.
5838,3435,5,13,72,90,1.2555555555555555,0.058189734672459324,610,I tried to warn you that not every part of the country was going to be on board with your farm-to-table menu!
5914,3435,6,11,73,90,1.2555555555555555,0.06029704065199671,610,"I told you to stop making your ""Death by Chocolate"" cake."
5335,3435,4,15,71,90,1.2555555555555555,0.056003190365495135,610,You really cooked your goose this time.
6088,3435,2,19,69,90,1.2555555555555555,0.05135154867031013,610,"No, the file goes into the cake I send YOU."
6117,3435,2,19,69,90,1.2555555555555555,0.05135154867031013,610,I don't have the dough.
5624,3435,3,17,70,90,1.2555555555555555,0.05372773437412524,610,Your court-appointed attorney has agreed to use the homophone defense. But where did you even GET the ricin?
5918,3435,3,17,70,90,1.2555555555555555,0.05372773437412524,610,"Your case has become a lot more serious. The souffle didn't just fall, it died."
4955,3435,2,19,69,90,1.2555555555555555,0.05135154867031013,610,It was your triple chocolate cake. Turns out it was a little too decadent.
5239,3435,5,13,72,90,1.2555555555555555,0.058189734672459324,610,"""I have no idea how they knew you were cooking the books.''"
4262,3435,5,13,72,90,1.2555555555555555,0.058189734672459324,610,...and where did you ever find a chef's uniform in day-glo orange?
6166,3435,4,15,71,90,1.2555555555555555,0.056003190365495135,610,Your dessert certainly looked good but the five fatalities who enjoyed it raised too much suspicion.
4350,3435,5,13,72,90,1.2555555555555555,0.058189734672459324,610,It's no good! They don't like my food in here either!!
4352,3435,5,13,72,90,1.2555555555555555,0.058189734672459324,610,You really fudged this one up Gerald.
4356,3435,4,15,71,90,1.2555555555555555,0.056003190365495135,610,"I swear I'm innocent, it was all the rat"
4417,3435,4,15,71,90,1.2555555555555555,0.056003190365495135,610,How were you supposed to know making pasta Alfredo is a felony here in Italy?
4463,3435,3,17,70,90,1.2555555555555555,0.05372773437412524,610,Oh Hon...That Death By Chocolate recipe finally caught up with you.
4536,3435,3,17,70,90,1.2555555555555555,0.05372773437412524,610,"I'm sorry, but I'm running away with the Pillsbury Doughboy."
4675,3435,4,15,71,90,1.2555555555555555,0.056003190365495135,610,I don't mean it metaphorically. You literally left a bun in the oven.
4699,3435,3,17,70,90,1.2555555555555555,0.05372773437412524,610,"No! I told you to ""add salt and batter""!"
4758,3435,2,19,69,90,1.2555555555555555,0.05135154867031013,610,Personally I think the cake is too obvious - let's see if we can't fit the knife in a cronut
4798,3435,4,15,71,90,1.2555555555555555,0.056003190365495135,610,Can’t you just be happy it had nail file in it? Who cares how it tasted?
4968,3435,3,17,70,90,1.2555555555555555,0.05372773437412524,610,They say your borscht recipe was too good not to be suspicious !
4973,3435,2,19,69,90,1.2555555555555555,0.05135154867031013,610,It won't work to hide it in a cake.
5051,3435,5,13,72,90,1.2555555555555555,0.058189734672459324,610,Apparently there is something worse than a one-star review.
5151,3435,5,13,72,90,1.2555555555555555,0.058189734672459324,610,Your attorney says there is no defense for your bouillabaisse.
5160,3435,6,11,73,90,1.2555555555555555,0.06029704065199671,610,"I’d offer to make you a pie with a chisel in it, but I know how much you hate my baking!"
5273,3435,4,15,71,90,1.2555555555555555,0.056003190365495135,610,"Unfortunately, your dad has pasta way. He ran out of thyme."
6217,3435,4,15,71,90,1.2555555555555555,0.056003190365495135,610,No one is going to believe I cooked this one up.
7175,3435,3,17,70,90,1.2555555555555555,0.05372773437412524,610,It is not a crime to use canned mushrooms.
6387,3435,1,21,68,90,1.2555555555555555,0.048859939221226036,610,"So, what are the ""last-meal"" selections tonight?"
7279,3435,6,11,73,90,1.2555555555555555,0.06029704065199671,610,How many times did I tell you that kid means baby goat?
7322,3435,3,17,70,90,1.2555555555555555,0.05372773437412524,610,And your amuse-bouche sucked also.
7392,3435,5,13,72,90,1.2555555555555555,0.058189734672459324,610,"Yeah. They said even if it's behind glass, to look at it, it still has to be dairy, gluten, sugar and soy free."
7429,3435,2,19,69,90,1.2555555555555555,0.05135154867031013,610,Can you sneak me a stick of butter and a whisk?
7443,3435,4,15,71,90,1.2555555555555555,0.056003190365495135,610,They seized the foie gras. Every last ounce of it.
7462,3435,4,15,71,90,1.2555555555555555,0.056003190365495135,610,"Evidently, your restaurant's name, ""To Grill a Mockingbird"", violated several state laws."
7509,3435,1,21,68,90,1.2555555555555555,0.048859939221226036,610,Your appeal failed. Now please give me the recipe for your sauce.
7533,3435,2,19,69,90,1.2555555555555555,0.05135154867031013,610,I told you not to use anything in my refrigerator without checkin' the dates!
7627,3435,3,17,70,90,1.2555555555555555,0.05372773437412524,610,"Turns out the Judge is a ""Foodie""-- and last month you served him pasta way past al dente"
7637,3435,3,17,70,90,1.2555555555555555,0.05372773437412524,610,You told him the food was to die for.
7717,3435,3,17,70,90,1.2555555555555555,0.05372773437412524,610,"Wear it backward, you know, like the kids do."
7726,3435,5,13,72,90,1.2555555555555555,0.058189734672459324,610,"Actually, we're all pretty hungry."
7739,3435,3,17,70,90,1.2555555555555555,0.05372773437412524,610,Your lawyer says that you may be imprisoned in Italy for serving beer with the pasta.
7886,3435,6,11,73,90,1.2555555555555555,0.06029704065199671,610,I've also advised the butcher and candlestick maker to blend in with the general population.
7915,3435,5,13,72,90,1.2555555555555555,0.058189734672459324,610,You shouldn't have told your mother-in law her last meal was 'to die for'.
7927,3435,4,15,71,90,1.2555555555555555,0.056003190365495135,610,"Well, I hope it was delicious."
4219,3435,2,19,69,90,1.2555555555555555,0.05135154867031013,610,It was a misteak
7269,3435,4,15,71,90,1.2555555555555555,0.056003190365495135,610,The baker and candlestick maker sold you out.
7265,3435,5,13,72,90,1.2555555555555555,0.058189734672459324,610,That was a killer strogonoff.
7257,3435,4,15,71,90,1.2555555555555555,0.056003190365495135,610,Can I still get takeout?
7222,3435,4,15,71,90,1.2555555555555555,0.056003190365495135,610,I guess a ‘to go’ order is out of the question?
6392,3435,5,13,72,90,1.2555555555555555,0.058189734672459324,610,"Apparently your idea of ""cooking"" and ""books"" is very different than theirs."
6422,3435,4,15,71,90,1.2555555555555555,0.056003190365495135,610,"Honey, you you knew that in France, a soufflé that doesn't rise is a felony."
6424,3435,3,17,70,90,1.2555555555555555,0.05372773437412524,610,If I get the ingredients could you just bake your own file into a cake.
6441,3435,5,13,72,90,1.2555555555555555,0.058189734672459324,610,You stole my friggin baking outfit too?
6621,3435,3,17,70,90,1.2555555555555555,0.05372773437412524,610,"I can get you off the over-seasoning charge as carelessness, but leaking secret recipes is virtually treasonous."
6674,3435,3,17,70,90,1.2555555555555555,0.05372773437412524,610,"As your attorney, it is my obligation to inform you that your case will not go over easy."
6771,3435,2,19,69,90,1.2555555555555555,0.05135154867031013,610,A file in a cake? Really?
6792,3435,2,19,69,90,1.2555555555555555,0.05135154867031013,610,I’ve got the file. Can you bake the cake?
6339,3435,5,13,72,90,1.2555555555555555,0.058189734672459324,610,I'm afraid you're pasta the statute of limitations.
6816,3435,4,15,71,90,1.2555555555555555,0.056003190365495135,610,"My mother's recipe was meant for you, not your customers."
6891,3435,3,17,70,90,1.2555555555555555,0.05372773437412524,610,"Louis, you heard what the judge said: "" three cases of salmonella and you're out."""
6928,3435,3,17,70,90,1.2555555555555555,0.05372773437412524,610,When I said I wanted to send her a bomb cake I didn't mean it like that...
6934,3435,2,19,69,90,1.2555555555555555,0.05135154867031013,610,That's the best plan you can cook up?
6955,3435,3,17,70,90,1.2555555555555555,0.05372773437412524,610,I asked for a SOUS CHEF. Not a sue chef...
7057,3435,3,17,70,90,1.2555555555555555,0.05372773437412524,610,They said your soufflé was to die for
7112,3435,3,17,70,90,1.2555555555555555,0.05372773437412524,610,I don’t care what you say now—you’d never forgive me if I ruined a perfectly good cake with a file.
7113,3435,5,13,72,90,1.2555555555555555,0.058189734672459324,610,The Judge included something about al dente in your sentencing.
7133,3435,3,17,70,90,1.2555555555555555,0.05372773437412524,610,"Furthermore, the stuff you put in the soup didn't even kill him...he just got sick all over my oriental rug!"
6829,3435,4,15,71,90,1.2555555555555555,0.056003190365495135,610,"It's my fault, Ratatouille was wrong. We shouldn't have let the rats in the kitchen."
4200,3435,3,17,70,90,1.2555555555555555,0.05372773437412524,610,"Don’t worry, your sous chef took care of that guy who wrote the bad Yelp review."
2643,3435,4,15,71,90,1.2555555555555555,0.056003190365495135,610,"Here’s the thing, the goose’s owner won’t press charges if we return the golden eggs. The lawyer took the eggs as his fee, so your goose is cooked."
4098,3435,6,11,73,90,1.2555555555555555,0.06029704065199671,610,If you want me to help you get out you have to give me your cake recipe.
848,3435,2,19,69,90,1.2555555555555555,0.05135154867031013,610,Are you planning a jailbake at midnight?
1095,3435,2,19,69,90,1.2555555555555555,0.05135154867031013,610,"Yes, I imagine the food in there is also a crime."
1194,3435,4,15,71,90,1.2555555555555555,0.056003190365495135,610,We'll let you out when you make a good carb free brownie.
1274,3435,5,13,72,90,1.2555555555555555,0.058189734672459324,610,The Revenge of the Gay Wedding Cake.
1372,3435,4,15,71,90,1.2555555555555555,0.056003190365495135,610,"When you said, ""This is so good it should be illegal,"" I thought they was just hyperbole."
1380,3435,2,19,69,90,1.2555555555555555,0.05135154867031013,610,"No, it's not him. If you must know, he's a candlestick maker."
1495,3435,5,13,72,90,1.2555555555555555,0.058189734672459324,610,I think the death sentence is enough and you shouldn't have to cook your own last meal!
1497,3435,5,13,72,90,1.2555555555555555,0.058189734672459324,610,I told you cooking the books was a bad idea
1553,3435,4,15,71,90,1.2555555555555555,0.056003190365495135,610,You're out of here tomorrow but will have to stay away from roller pins for 6 years.
1566,3435,3,17,70,90,1.2555555555555555,0.05372773437412524,610,The warden asked if you wanted to make your last meal.
1602,3435,7,9,74,90,1.2555555555555555,0.06233314528824831,610,You should have left the gun; the cannolis were already gone.
1658,3435,4,15,71,90,1.2555555555555555,0.056003190365495135,610,I told you not to use trans fats.
1703,3435,6,11,73,90,1.2555555555555555,0.06029704065199671,610,What did you expect? When you're a toque on the take you get tooken?
1778,3435,4,15,71,90,1.2555555555555555,0.056003190365495135,610,Maybe next time you'll listen when I tell you NOT to get on Gordon Ramsay's bad side.
1887,3435,4,15,71,90,1.2555555555555555,0.056003190365495135,610,Where did you stash the dough?
1909,3435,3,17,70,90,1.2555555555555555,0.05372773437412524,610,Killer souffle indeed.
1910,3435,3,17,70,90,1.2555555555555555,0.05372773437412524,610,"Well, now we know the warden doesn't like mushrooms."
721,3435,6,11,73,90,1.2555555555555555,0.06029704065199671,610,"I know they said five to six years, but I need the cake this weekend."
1913,3435,2,19,69,90,1.2555555555555555,0.05135154867031013,610,"Dessert was a killer, not you."
706,3435,3,17,70,90,1.2555555555555555,0.05372773437412524,610,I'm sorry I wrote that your lasagna was a crime.
618,3435,4,15,71,90,1.2555555555555555,0.056003190365495135,610,"Yes, of course the knife is in it, but I had to go with butter cream frosting."
55,3435,4,15,71,90,1.2555555555555555,0.056003190365495135,610,The vice squad said your Chef's Surprise is illegal at a kid's party.
28,3435,1,21,68,90,1.2555555555555555,0.048859939221226036,610,"So then its going to be 12 years, or 13?"
4119,3435,6,11,73,90,1.2555555555555555,0.06029704065199671,610,"I know, his McDonalds habit was insulting, but poisoning the President? Really?! White House Chef jobs don't come along every week you know?"
84,3435,3,17,70,90,1.2555555555555555,0.05372773437412524,610,"You may not like it now, but it's an acquired taste."
111,3435,2,19,69,90,1.2555555555555555,0.05135154867031013,610,"If you bake the cake, I'll bring the file."
137,3435,2,19,69,90,1.2555555555555555,0.05135154867031013,610,I told you they were going to grill you for it.
140,3435,4,15,71,90,1.2555555555555555,0.056003190365495135,610,'And the DA says he can hold you for those four and twenty blackbirds'.
141,3435,4,15,71,90,1.2555555555555555,0.056003190365495135,610,Just think of the lethal injection as a final marinade.
146,3435,2,19,69,90,1.2555555555555555,0.05135154867031013,610,How's that secret sauce working out for you?
164,3435,6,11,73,90,1.2555555555555555,0.06029704065199671,610,I've brought cigarettes you can trade for truffle sauce.
182,3435,4,15,71,90,1.2555555555555555,0.056003190365495135,610,I thought it was obvious they would arrest the butcher.
207,3435,5,13,72,90,1.2555555555555555,0.058189734672459324,610,Your lawyer is having a hard time finding a defense for death by chocolate .
216,3435,3,17,70,90,1.2555555555555555,0.05372773437412524,610,This trial's going to be no cakewalk.
236,3435,5,13,72,90,1.2555555555555555,0.058189734672459324,610,Doing thyme
437,3435,4,15,71,90,1.2555555555555555,0.056003190365495135,610,"No, I told you is was a public master BAKER contest."
503,3435,2,19,69,90,1.2555555555555555,0.05135154867031013,610,The olive oil isn't even extra-virgin.
564,3435,2,19,69,90,1.2555555555555555,0.05135154867031013,610,"So, you’re saying that using gun powder instead of baking powder to achieve your ‘taste explosion in every bite’ may not have been such a good idea after all?"
703,3435,4,15,71,90,1.2555555555555555,0.056003190365495135,610,You could have just googled the ingredients for Shepards pie Bill.
1944,3435,5,13,72,90,1.2555555555555555,0.058189734672459324,610,"It was the police, not the food critics, who said your goose is cooked."
877,3435,3,17,70,90,1.2555555555555555,0.05372773437412524,610,Foie gras faux pas?
2143,3435,2,19,69,90,1.2555555555555555,0.05135154867031013,610,Won't you at least tell me if that's sage I taste in it?
2976,3435,4,15,71,90,1.2555555555555555,0.056003190365495135,610,"Don't worry, hon, you'll cook something up."
3017,3435,4,15,71,90,1.2555555555555555,0.056003190365495135,610,"The DA will reduce your sentence to 6 months, if you tell him the recipe for your ""Better-Than-Sex"" cake."
3121,3435,3,17,70,90,1.2555555555555555,0.05372773437412524,610,So you got canned?
3150,3435,3,17,70,90,1.2555555555555555,0.05372773437412524,610,We have the sous chef cooking the books now.
3224,3435,4,15,71,90,1.2555555555555555,0.056003190365495135,610,"Look on the bright side, no more stinging restaurant reviews."
3235,3435,3,17,70,90,1.2555555555555555,0.05372773437412524,610,"Okay, okay. Maybe ""criminal"" wasn't the most correct word I should have used in describing your veal parmigiana."
3280,3435,4,15,71,90,1.2555555555555555,0.056003190365495135,610,"If I'd have known, I would have never given you four stars!"
3405,3435,6,11,73,90,1.2555555555555555,0.06029704065199671,610,The judge thought your quiche was to die for.
3408,3435,5,13,72,90,1.2555555555555555,0.058189734672459324,610,Think of this as an opportunity to improve your knife skills.
3417,3435,3,17,70,90,1.2555555555555555,0.05372773437412524,610,"I know, I know. Nobody knew the hotcakes were really hot."
3445,3435,4,15,71,90,1.2555555555555555,0.056003190365495135,610,You expect me to tell my boss I got a reservation for 2027?
3575,3435,4,15,71,90,1.2555555555555555,0.056003190365495135,610,"I'm sorry your ""my knife skills aren't that good"" defense failed."
3619,3435,4,15,71,90,1.2555555555555555,0.056003190365495135,610,So that was some killer pastry
3624,3435,3,17,70,90,1.2555555555555555,0.05372773437412524,610,"Like they say, if you can't do the thyme, don't do the crime."
3741,3435,4,15,71,90,1.2555555555555555,0.056003190365495135,610,"Well honey, at least they gave you a job you're experienced in, where nobody's gonna complain about Roundup on the lettuce!"
1975,3435,4,15,71,90,1.2555555555555555,0.056003190365495135,610,He wants to change your plea to 'non compos tapas.
3664,3435,4,15,71,90,1.2555555555555555,0.056003190365495135,610,"When I said the dessert special was death-by-chocolate, I was only joking"
2915,3435,3,17,70,90,1.2555555555555555,0.05372773437412524,610,Well have you tried the paring shiv?
2913,3435,6,11,73,90,1.2555555555555555,0.06029704065199671,610,"What were you thinking, corned beef on white bread with mayo at Saul’s Deli?"
2885,3435,1,21,68,90,1.2555555555555555,0.048859939221226036,610,If only you hadn't posted Emeril's recipe on Facebook as your own ...
2403,3435,5,13,72,90,1.2555555555555555,0.058189734672459324,610,"They're saying ""reasonable suspicion"" because the body was cut up julienne."
2229,3435,3,17,70,90,1.2555555555555555,0.05372773437412524,610,"That box was clearly marked ""Best by Jan 1, 1999""!"
2242,3435,5,13,72,90,1.2555555555555555,0.058189734672459324,610,The D.A. told me that you'll fry for this.
2280,3435,1,21,68,90,1.2555555555555555,0.048859939221226036,610,Is the food at least free-range?
2319,3435,4,15,71,90,1.2555555555555555,0.056003190365495135,610,"I'm sorry Henri, but you're the one who said putting ketchup on filet was a capital offense."
2329,3435,2,19,69,90,1.2555555555555555,0.05135154867031013,610,"Well, what you did to that omelet was a crime!"
2372,3435,4,15,71,90,1.2555555555555555,0.056003190365495135,610,"""The warden said the inmates are stupid and I should use ""Cooking for Dummies""""."
2865,3435,6,11,73,90,1.2555555555555555,0.06029704065199671,610,"So tell me, Seymour, has all the money I spent on your Cordon Bleu training finally paid off?"
2452,3435,3,17,70,90,1.2555555555555555,0.05372773437412524,610,"Anyone else would be satisfied with a file hidden in a cake, but no, only Tronçonneuse en Croquembouche was worthy of the master."
2512,3435,3,17,70,90,1.2555555555555555,0.05372773437412524,610,Lemon Meringue to die for was just a menu description.
2528,3435,3,17,70,90,1.2555555555555555,0.05372773437412524,610,They confiscated your whisk? So use your shiv to finish making your stupid ganache.
2621,3435,1,21,68,90,1.2555555555555555,0.048859939221226036,610,I don't care how long you're in for -- I'll waitress for you.
2664,3435,5,13,72,90,1.2555555555555555,0.058189734672459324,610,We should have known those truffles we're hot.
2703,3435,6,11,73,90,1.2555555555555555,0.06029704065199671,610,"I said, “the recipe calls for capers”!"
2711,3435,6,11,73,90,1.2555555555555555,0.06029704065199671,610,Four and twenty years Harry? I knew that blackbird pie was a bad idea!
2739,3435,4,15,71,90,1.2555555555555555,0.056003190365495135,610,They say you're going to get fried...
3893,3435,4,15,71,90,1.2555555555555555,0.056003190365495135,610,I don't think your stir crazy defense is going to fly.
2788,3435,1,21,68,90,1.2555555555555555,0.048859939221226036,610,"Honey, I told you not to serve the raw oysters!"
2193,3435,4,15,71,90,1.2555555555555555,0.056003190365495135,610,Oh Richard... I told you not to eat the batter
2145,3435,3,17,70,90,1.2555555555555555,0.05372773437412524,610,"I know dear, the butler did it."
6365,3599,5,14,75,94,1.2553191489361701,0.05646525812115869,610,Still cage free?
7577,3599,3,18,73,94,1.2553191489361701,0.052256714170322044,610,I cooked the books.
6252,3599,6,12,76,94,1.2553191489361701,0.05845601743271815,610,"Cut the baloney, did you do it?"
2958,3599,6,12,76,94,1.2553191489361701,0.05845601743271815,610,"They refuse to take the ""death by chocolate"" penalty off the table."
5802,3599,4,16,74,94,1.2553191489361701,0.05440169827573315,610,I didn't realize your couldn't stand the heat
5376,3599,7,10,77,94,1.2553191489361701,0.060381177311306364,610,"Honey, I think your goose is cooked."
3527,3599,3,18,73,94,1.2553191489361701,0.052256714170322044,610,Been slicing onions or are you just glad to see me?
3147,3599,2,20,72,94,1.2553191489361701,0.05001983183172017,610,Why couldn't you of just checked the expiration dates?
6060,3599,4,16,74,94,1.2553191489361701,0.05440169827573315,610,"Honey, I've forgiven you many mistakes, but his really takes the cake."
2406,3599,2,20,72,94,1.2553191489361701,0.05001983183172017,610,You say they have the wrong guy because you saw Colonel Mustard in the dining room with the candle stick.?
5816,3609,4,14,69,87,1.2528735632183907,0.05714959431707434,610,"Once again, is it three or four teaspoons = 1 tablespoon?"
4685,3609,2,18,67,87,1.2528735632183907,0.052263368795766554,610,"They found a knife, which doesn't look good with your history of beating and whipping at work."
4570,3609,1,20,66,87,1.2528735632183907,0.04964022070378384,610,The judge won't suspend your contempt conviction until you give up your secret sauce recipe.
4471,3612,4,15,72,91,1.2527472527472527,0.055455504374433896,610,Don't worry I burnt all the receipts before the arrest.
4555,3612,5,13,73,91,1.2527472527472527,0.057615216823536305,610,"I just spoke with the lawyer, and he says you're cooked."
5558,3612,4,15,72,91,1.2527472527472527,0.055455504374433896,610,"I want a eggless, flourless, gluten-free, non-dairy, low-fat, no sugar, vegan cake - and make it tasty"
4913,3612,5,13,73,91,1.2527472527472527,0.057615216823536305,610,The judge said your pasta was criminal.
5017,3612,3,17,71,91,1.2527472527472527,0.05320820163492291,610,"I thought ""it's a crime to cook like that"" was a compliment."
5132,3612,3,17,71,91,1.2527472527472527,0.05320820163492291,610,Not such a good marketing slogan after all...Food to Die For...
5238,3612,4,15,72,91,1.2527472527472527,0.055455504374433896,610,They offered you the option of being baked rather than fried.
5481,3612,3,17,71,91,1.2527472527472527,0.05320820163492291,610,So you are saying you got framed for cooking the books?
5491,3612,3,17,71,91,1.2527472527472527,0.05320820163492291,610,"George, I told you to get new glasses! They ordered RAGUE... not Raoul."
4286,3612,3,17,71,91,1.2527472527472527,0.05320820163492291,610,I warned you about poaching eggs in this town!
4592,3612,5,13,73,91,1.2527472527472527,0.057615216823536305,610,"So, I expect you have nothing to go."
5874,3612,4,15,72,91,1.2527472527472527,0.055455504374433896,610,Okay but I don't think it will smell like truffle anymore.
5832,3612,3,17,71,91,1.2527472527472527,0.05320820163492291,610,How many time have I told you that it takes years to learn how to prepare blowfish?
5993,3612,3,17,71,91,1.2527472527472527,0.05320820163492291,610,"You say you're innocent, there were two other men in the tub?"
6004,3612,6,11,74,91,1.2527472527472527,0.059696846263628915,610,Those buns really WERE killer
6099,3612,4,15,72,91,1.2527472527472527,0.055455504374433896,610,You're going to knead some dough to make bail.
6555,3612,5,13,73,91,1.2527472527472527,0.057615216823536305,610,I talked with your lawyer and he suggested that I sign up for cooking classes.
6806,3612,2,19,70,91,1.2527472527472527,0.05086169950977227,610,You can’t claim self defense just because the customer said it was too pink.
6923,3612,1,21,69,91,1.2527472527472527,0.04840157262757197,610,The cake I'm supposed to put the file in...does the recipe call for one teaspoon of baking soda or two?
6998,3612,3,17,71,91,1.2527472527472527,0.05320820163492291,610,I told you to take death by chocolate off the menu.
7238,3612,2,19,70,91,1.2527472527472527,0.05086169950977227,610,"Chicken Kiev? That's how I got in here in the first place. I'm going back to Cheeseburgers... something I know he likes, and understands."
7300,3612,3,17,71,91,1.2527472527472527,0.05320820163492291,610,Look on the bright side--you've always wanted a captive audience.
7356,3612,5,13,73,91,1.2527472527472527,0.057615216823536305,610,You can’t assault someone over the quality of their roux.
5792,3612,4,15,72,91,1.2527472527472527,0.055455504374433896,610,I told you not to use the microwave.
4212,3612,5,13,73,91,1.2527472527472527,0.057615216823536305,610,I don't think they'll let you make home deliveries dear.
2855,3612,4,15,72,91,1.2527472527472527,0.055455504374433896,610,Just because you call him your sue chef does not mean he'd make a good lawyer.
4010,3612,4,15,72,91,1.2527472527472527,0.055455504374433896,610,I’m so sorry that you refused to share your lasagna recipe.
4043,3612,4,15,72,91,1.2527472527472527,0.055455504374433896,610,You should have known making mock apple pie is fraud.
85,3612,6,11,74,91,1.2527472527472527,0.059696846263628915,610,They're charging you with burger-lary and rabe-ery.
95,3612,4,15,72,91,1.2527472527472527,0.055455504374433896,610,"Oh, my poor Pierre, not recipe theft again!"
131,3612,7,9,75,91,1.2527472527472527,0.06170829521242334,610,I told you not to put Death By Chocolate on the menu.
509,3612,3,17,71,91,1.2527472527472527,0.05320820163492291,610,They were warned not to ask for substitutions.
691,3612,5,13,73,91,1.2527472527472527,0.057615216823536305,610,"Hello, how can I take your order?"
973,3612,5,13,73,91,1.2527472527472527,0.057615216823536305,610,There are worse kitchens to work. You could be in prison.
1325,3612,3,17,71,91,1.2527472527472527,0.05320820163492291,610,They think it was your secret sauce.
1490,3612,3,17,71,91,1.2527472527472527,0.05320820163492291,610,I warned you... Don’t squeeze the lime if you can’t add the thyme...
1897,3612,3,17,71,91,1.2527472527472527,0.05320820163492291,610,"No news from your lawyer, but we learned that you are not Top Chef."
2184,3612,2,19,70,91,1.2527472527472527,0.05086169950977227,610,I understand visiting hours are restricted but could guide me through your chocolate volcano recipe?
2194,3612,6,11,74,91,1.2527472527472527,0.059696846263628915,610,I found the file. Give me your cake recipe.
2222,3612,3,17,71,91,1.2527472527472527,0.05320820163492291,610,"They've set bail at 30,000 croissants."
2286,3612,3,17,71,91,1.2527472527472527,0.05320820163492291,610,"So, when are you going to fry?"
1246,3612,2,19,70,91,1.2527472527472527,0.05086169950977227,610,I know you're not sleeping well but tell me about the food...
2469,3612,3,17,71,91,1.2527472527472527,0.05320820163492291,610,I told you not to pair a white wine with steak.
3820,3612,4,15,72,91,1.2527472527472527,0.055455504374433896,610,A file in a cake is too obvious. How about a nail clipper in a petit four?
2417,3612,3,17,71,91,1.2527472527472527,0.05320820163492291,610,Bake your own cake and put a file in it.
3621,3612,2,19,70,91,1.2527472527472527,0.05086169950977227,610,Apparently it's still illegal to toque.
3566,3612,4,15,72,91,1.2527472527472527,0.055455504374433896,610,You got the dough?
3157,3612,4,15,72,91,1.2527472527472527,0.055455504374433896,610,"You just had to keep cooking the books, didn't you?"
3034,3612,2,19,70,91,1.2527472527472527,0.05086169950977227,610,"Sporks in there only, huh?"
3279,3612,4,15,72,91,1.2527472527472527,0.055455504374433896,610,So what are you cooking up now.
2740,3612,1,21,69,91,1.2527472527472527,0.04840157262757197,610,I had to pawn all the egg spoons to pay the lawyer.
2691,3612,3,17,71,91,1.2527472527472527,0.05320820163492291,610,"I not only lost the file, I lost your recipe for the cake !"
2576,3612,4,15,72,91,1.2527472527472527,0.055455504374433896,610,"I TOLD you your bouillabaisse was so delicious it was criminal, but would you listen?"
2470,3612,4,15,72,91,1.2527472527472527,0.055455504374433896,610,Didn't you consider that using your killer sauce would leave a trail?
3848,3612,5,13,73,91,1.2527472527472527,0.057615216823536305,610,"Yes, I'm sure I checked the oven before I left the house."
2878,3667,3,18,74,95,1.2526315789473683,0.051773520608508775,610,I warned you that the amount of cream in that gratin was criminal.
4914,3667,3,18,74,95,1.2526315789473683,0.051773520608508775,610,What did you expect when you told the judge he was half-baked.
4859,3669,4,14,70,88,1.25,0.056569466085583144,610,Does this mean I’m not getting dessert?
4989,3669,4,14,70,88,1.25,0.056569466085583144,610,It looks like your appeal went the way of your soufflé - it fell flat.
4887,3669,3,16,69,88,1.25,0.05421135926495693,610,"I told you they did NOT look like morels,"
4915,3669,4,14,70,88,1.25,0.056569466085583144,610,"Yes Dear, I know it's extreme, but you know the rule about mixing cheese with fish."
5019,3669,2,18,68,88,1.25,0.051745902770176135,610,I told you! You should have cooked up something better.
5373,3669,6,10,72,88,1.25,0.061012871862545205,610,"Your pastry chef suggests changing the name of the restaurant to ""Just Desserts""."
5141,3669,3,16,69,88,1.25,0.05421135926495693,610,"""I'm sorry I missed the deadline. 'Appeal' just sounds a lot like 'apple peel'""."
5148,3669,2,18,68,88,1.25,0.051745902770176135,610,They may have guessed how we're smuggling that contraband in.
5207,3669,2,18,68,88,1.25,0.051745902770176135,610,Less than a month out on parole and you get busted for pushing foie gras?
5334,3669,4,14,70,88,1.25,0.056569466085583144,610,We're out of truffles. Now what?
5339,3669,4,14,70,88,1.25,0.056569466085583144,610,"Yeah, I think I could get you saffron."
4834,3669,3,16,69,88,1.25,0.05421135926495693,610,No bail....You reheated a souffle!
5402,3669,4,15,73,92,1.25,0.05491817307046036,610,"No, I haven't run into Martha Stewart."
5055,3669,5,12,71,88,1.25,0.0588331327829961,610,Bad news. They’re seeking the death-by-chocolate penalty.
4809,3669,2,18,68,88,1.25,0.051745902770176135,610,They found the saffron
4030,3669,4,14,70,88,1.25,0.056569466085583144,610,You are being charged with a salt and hattery.
4689,3669,2,18,68,88,1.25,0.051745902770176135,610,If you just hadn't stolen that recipe from Emirel.
3915,3669,2,18,68,88,1.25,0.051745902770176135,610,Dieting has become so much easier.
4017,3669,3,16,69,88,1.25,0.05421135926495693,610,. A file in a loaf of bread. No one would ever suspect.
5407,3669,3,16,69,88,1.25,0.05421135926495693,610,Okay I brought the file but I need you to bake the cake.
4063,3669,5,12,71,88,1.25,0.0588331327829961,610,They found your recipe for cooking the books.
4101,3669,4,14,70,88,1.25,0.056569466085583144,610,It seems there's a statutory difference between sauce and saucy.
4124,3669,0,22,66,88,1.25,0.046423834544262965,610,No that's not good news that the warden loved your Souffle! You'll be in for a long time now!
4691,3669,2,18,68,88,1.25,0.051745902770176135,610,Michelin doesn't award stars to prisons
4139,3669,6,10,72,88,1.25,0.061012871862545205,610,So cruel. You were days away from your last Easter Egg Hunt at the White House....
4261,3669,4,14,70,88,1.25,0.056569466085583144,610,"""Poisson"" mea4ns fish in French, Chef, not poison"
4378,3669,4,14,70,88,1.25,0.056569466085583144,610,Is the type of cake really that important?
4405,3669,2,18,68,88,1.25,0.051745902770176135,610,Bad news from Drury Lane - the muffin man is taking the Fifth.
4499,3669,3,16,69,88,1.25,0.05421135926495693,610,They won't commute your sentence. You're stuck with a baker's dozen.
4653,3669,4,14,70,88,1.25,0.056569466085583144,610,Being sauced is no excuse.
4682,3669,4,14,70,88,1.25,0.056569466085583144,610,"Well, you´ll just have to make another 8"" Chef´s Shiv."
4152,3669,6,10,72,88,1.25,0.061012871862545205,610,"Chef, boyare-you in trouble"
5515,3669,4,14,70,88,1.25,0.056569466085583144,610,"When you said you were making bread, I didn't think you meant it like this."
6361,3669,4,14,70,88,1.25,0.056569466085583144,610,"Well Honey, you always wanted to handle dough."
5629,3669,4,15,73,92,1.25,0.05491817307046036,610,Your souffle was not meant to die for
6796,3669,6,10,72,88,1.25,0.061012871862545205,610,I couldn't find a recipe in your cookbook for lemon cake with a file filling.
6883,3669,4,14,70,88,1.25,0.056569466085583144,610,I warned you that adding more garlic was criminal.
6943,3669,3,16,69,88,1.25,0.05421135926495693,610,Your bail is set at two hundred truffles and a kale salad.
6996,3669,5,12,71,88,1.25,0.0588331327829961,610,I told you you should have given Trump more than one scoop.
7036,3669,4,14,70,88,1.25,0.056569466085583144,610,You have to change your recipe for mincemeat.
7055,3669,3,16,69,88,1.25,0.05421135926495693,610,Another thing about Ernie. He dresses appropriately.
6730,3669,5,12,71,88,1.25,0.0588331327829961,610,"When they said your cooking was a crime against humanity, they meant it literally."
7082,3669,3,17,72,92,1.25,0.052698331948532,610,But we had enough dough to last a lifetime.
7393,3669,3,16,69,88,1.25,0.05421135926495693,610,Forensic report says there was a picogram of gluten in the cake.
7474,3669,3,16,69,88,1.25,0.05421135926495693,610,"They loved the tart, monsieur. The tort is another story..."
7665,3669,5,12,71,88,1.25,0.0588331327829961,610,They're willing to reduce my sentence for a reality show deal.
7759,3669,3,16,69,88,1.25,0.05421135926495693,610,It's not as if you are competing in a bake-off contest. I'm simply suggesting that you think of a file as the most important element in the creation of a moist cake.
7876,3669,3,16,69,88,1.25,0.05421135926495693,610,"I'll wait for you, but only because I've got a bun in the oven, too."
3801,3669,0,22,66,88,1.25,0.046423834544262965,610,I told you Sweeney Todd was not a good role model for cooking.
7176,3669,6,10,72,88,1.25,0.061012871862545205,610,"I know it hard in here, but how long do I keep it in the oven for again?"
5553,3669,4,14,70,88,1.25,0.056569466085583144,610,"How long, yet? The kids are sick of fast food."
6728,3669,6,10,72,88,1.25,0.061012871862545205,610,So your soufflé fell. Since when is that a crime?
6541,3669,5,12,71,88,1.25,0.0588331327829961,610,So you want to claim that throwing your tart out a window was a crime of passion fruit?
5667,3669,3,16,69,88,1.25,0.05421135926495693,610,Their best offer is 8 to 12 at 350. Cool.
5679,3669,3,16,69,88,1.25,0.05421135926495693,610,It actually is a crime to flatten a souffle.
5705,3669,1,20,67,88,1.25,0.049156946952051576,610,I knew overcooking the fish was a crime but I didn't know it was a felony.
5749,3669,5,12,71,88,1.25,0.0588331327829961,610,"Just tell them where the croissants are buried, Henri."
5761,3669,2,18,68,88,1.25,0.051745902770176135,610,So... how’s life in the Penné-tentiary?
5854,3669,5,12,71,88,1.25,0.0588331327829961,610,"Well, Dear, I did warn you not to cook the books."
6691,3669,4,14,70,88,1.25,0.056569466085583144,610,"The affair I can forgive, but you were also cooking the books for her!"
5962,3669,3,16,69,88,1.25,0.05421135926495693,610,I told you the exploding wedding cake was a bad idea!
6044,3669,2,18,68,88,1.25,0.051745902770176135,610,"Unfortunately, your sauce last night was killer!"
6092,3669,5,12,71,88,1.25,0.0588331327829961,610,"Honey, did you misplace our big knife again?"
6263,3669,3,16,69,88,1.25,0.05421135926495693,610,We'll get it downgraded to manslaughter by chocolate
6302,3669,2,18,68,88,1.25,0.051745902770176135,610,"I'm gonna say this once, chef. When I say medium rare, I mean medium rare."
6389,3669,3,16,69,88,1.25,0.05421135926495693,610,How’s the pate in here.
6397,3669,5,12,71,88,1.25,0.0588331327829961,610,We can’t post bail. We ran out of dough
5974,3669,1,20,67,88,1.25,0.049156946952051576,610,"Sorry Andre, they consider a duck press contraband."
3792,3669,3,16,69,88,1.25,0.05421135926495693,610,"That's not what they meant by ""yellow cake,"" Bob!"
4546,3669,3,16,69,88,1.25,0.05421135926495693,610,Your lawyer says your cooked.
3770,3669,1,20,67,88,1.25,0.049156946952051576,610,I didn’t know it was against the law to put bone broth in a vegans stew
1318,3669,2,18,68,88,1.25,0.051745902770176135,610,I hear you're doing a dozen.
1324,3669,5,12,71,88,1.25,0.0588331327829961,610,I told you to stay out of the kitchen.
1369,3669,2,18,68,88,1.25,0.051745902770176135,610,But the good news is your scones won first prize at the county fair.
1551,3669,1,20,67,88,1.25,0.049156946952051576,610,I recommend 'temporary insanity' as a defense for killing your sous-chef after he ruined the Bearnaise sauce three times.
1586,3669,3,16,69,88,1.25,0.05421135926495693,610,Use my recipe for a chocolate ganache cake. That should conceal a file quite well.
1634,3669,3,16,69,88,1.25,0.05421135926495693,610,"Yes, it's true! I'm leaving you for Poppin' Fresh, the Pillsbury Doughboy!"
1283,3669,3,16,69,88,1.25,0.05421135926495693,610,And when you get out you can write a recipe book titled Prison Cuisine.
1673,3669,3,16,69,88,1.25,0.05421135926495693,610,"I'd like an order of ""viande mystérieuse"" to go."
1803,3669,4,14,70,88,1.25,0.056569466085583144,610,"Gary, they made a mistake, they said ""sou chef"", not ""sue the chef"", you're free to go..."
1822,3669,4,14,70,88,1.25,0.056569466085583144,610,"I’ll bake a cake, I’ll put a file in it, but I’m not locally sourcing the eggs."
1870,3669,3,16,69,88,1.25,0.05421135926495693,610,The soufflé was to die for.
1914,3669,6,10,72,88,1.25,0.061012871862545205,610,"When I said your Escargot de Bourgogne was ""postively criminal"" I didn't expect this!"
1925,3669,2,18,68,88,1.25,0.051745902770176135,610,i’m not sure that makes you gay
1963,3669,5,12,71,88,1.25,0.0588331327829961,610,"He asked for ketchup with his well-done steak, but just I couldn't do it."
1790,3669,1,20,67,88,1.25,0.049156946952051576,610,I'm leaving you for the butcher.
1265,3669,3,17,72,92,1.25,0.052698331948532,610,They say they’ll release you if you give them the recipe for baba au rhum.
1255,3669,4,14,70,88,1.25,0.056569466085583144,610,Please bake a 3 layer birthday cake for inmate #42529 and insert a 8” hacksaw in the bottom layer.
1217,3669,4,14,70,88,1.25,0.056569466085583144,610,I told you they would find out you were skimming more than the soup stock.
3789,3669,3,17,72,92,1.25,0.052698331948532,610,The mushrooms were psilocybin !
52,3669,5,12,71,88,1.25,0.0588331327829961,610,"No, not until April. Apparently you were sentenced to a baker's dozen months."
87,3669,3,16,69,88,1.25,0.05421135926495693,610,I told you not to sell the brownies!
190,3669,6,10,72,88,1.25,0.061012871862545205,610,Unfortunately we've had to take back your Michelin Star. I'm sorry.
213,3669,5,12,71,88,1.25,0.0588331327829961,610,Let’s just say the soufflé collapsed.
326,3669,3,16,69,88,1.25,0.05421135926495693,610,"What was I supposed to do with a zip file, George?"
436,3669,3,16,69,88,1.25,0.05421135926495693,610,"I will miss your Italian Chicken, it was to die for."
601,3669,1,20,67,88,1.25,0.049156946952051576,610,"The pasta is the pasta, Gianni."
667,3669,5,12,71,88,1.25,0.0588331327829961,610,All this just for not offering gluten free options?
780,3669,4,14,70,88,1.25,0.056569466085583144,610,The judge said you'll fry. But I didn't quite catch the inflection.
817,3669,4,14,70,88,1.25,0.056569466085583144,610,I just told them that your crème brûlée was so good it should be illegal...
908,3669,3,16,69,88,1.25,0.05421135926495693,610,"I guess in New York when they say it was criminal the way you cook a steak, they're serious."
940,3669,2,18,68,88,1.25,0.051745902770176135,610,"Good news. Foie Gras ban is lifted, but we couldn't do anything about the embezzlement count."
1010,3669,3,16,69,88,1.25,0.05421135926495693,610,"I'm sorry, dear...I've gone back to margarine."
1125,3669,2,18,68,88,1.25,0.051745902770176135,610,"You don't bake me a cake, I bake you a cake, you're the one who needs a file!"
1984,3669,2,18,68,88,1.25,0.051745902770176135,610,Bad news. They found the hot pot.
2023,3669,4,14,70,88,1.25,0.056569466085583144,610,I warned you when you came to work in France to never use 2% milk instead of cream in the Creme Brûlée.
754,3669,5,12,71,88,1.25,0.0588331327829961,610,It was The Hamburglar who snitched.
2155,3669,5,12,71,88,1.25,0.0588331327829961,610,"With your chicken that dry, you're lucky that you didn't get a life sentence."
2807,3669,5,12,71,88,1.25,0.0588331327829961,610,I told you not to serve that steak rare to President Trump
2863,3669,3,16,69,88,1.25,0.05421135926495693,610,Of course the food is terrible in there; what did you expect?
2959,3669,3,16,69,88,1.25,0.05421135926495693,610,I could've sworn I told you my mother was Kosher
3004,3669,4,14,70,88,1.25,0.056569466085583144,610,Gloria Steinem said your chicken has come home to roost.
3141,3669,0,22,66,88,1.25,0.046423834544262965,610,"OK, I'll bring you the recipe for a cake with a file in it."
3249,3669,3,16,69,88,1.25,0.05421135926495693,610,Wait. You want ME to bake YOU a cake with a file in it?
3586,3669,5,12,71,88,1.25,0.0588331327829961,610,"No, not that kind of fry."
3252,3669,4,14,70,88,1.25,0.056569466085583144,610,All he said was that it was a little overcooked. Don't you think that was a bit of an overreaction?
3342,3669,4,14,70,88,1.25,0.056569466085583144,610,Maybe they’ll be more lenient if you tell them how badly you needed the dough.
3343,3669,4,14,70,88,1.25,0.056569466085583144,610,I named our daughter Salmon-Ella in honor of your old restaurant's extremely low sanitation score.
3347,3669,3,16,69,88,1.25,0.05421135926495693,610,The fast-food mob is using your scape-goat recipe.
3454,3669,6,10,72,88,1.25,0.061012871862545205,610,The pasta will be out in ten to 12.
3551,3669,2,18,68,88,1.25,0.051745902770176135,610,YOU WERE WARNED AND YOU DID IT ANYWAY...THAT WAS A FAMILY SECRET RECIPE!
3564,3669,2,18,68,88,1.25,0.051745902770176135,610,Apparently the food critic was right--your ratatouille is a crime against humanity.
2084,3669,5,12,71,88,1.25,0.0588331327829961,610,I hope you don't mind that I changed your recipe. I thought chocolate would taste better than a metal file.
2784,3669,1,20,67,88,1.25,0.049156946952051576,610,I told you the judge hates cilantro!
2771,3669,2,18,68,88,1.25,0.051745902770176135,610,O-day ou-yay ave-hay e-thay ecipe-ray or-fay e-thay ake-cay ith-way a-way ile-fay?
2821,3669,5,12,71,88,1.25,0.0588331327829961,610,So I guess supper tonight at home is a no go?
3638,3669,6,10,72,88,1.25,0.061012871862545205,610,When do I add the gun to the batter?
2196,3669,3,16,69,88,1.25,0.05421135926495693,610,Did you cook the books?
2204,3669,5,12,71,88,1.25,0.0588331327829961,610,File not phyllo. F.I.L.E.
2209,3669,6,10,72,88,1.25,0.061012871862545205,610,Possession with the intent to distribute gluten?
2233,3669,5,12,71,88,1.25,0.0588331327829961,610,"I am afraid, your goose is already cooked"
2296,3669,3,16,69,88,1.25,0.05421135926495693,610,My mother bet me I couldn't make a car out of tortellini but you should've seen her face as I drove pasta.
2695,3669,4,14,70,88,1.25,0.056569466085583144,610,"'I'm leaving you for the Muffin Man, the Muffin Man,who lives on Drury Lane.'"
2380,3669,4,14,70,88,1.25,0.056569466085583144,610,Give me your secret aioli recipe or I won't testify.
2384,3669,2,18,68,88,1.25,0.051745902770176135,610,"The warden said he wanted you to stew on it for a little while... but most likely you'll fry. I don't know about that warden, I feel that was in poor taste."
2312,3669,5,12,71,88,1.25,0.0588331327829961,610,"Didn't I tell you not to buy the Ginzo knife. I said just order the hat, dear."
2445,3669,5,12,71,88,1.25,0.0588331327829961,610,"I've always said you add the milk to your béchamel too fast, now look where it's gotten you."
2456,3669,4,14,70,88,1.25,0.056569466085583144,610,"Yes, the lasagna really was that bad."
2489,3669,6,10,72,88,1.25,0.061012871862545205,610,They found your DNA on that burnt souffle.
2530,3669,2,18,68,88,1.25,0.051745902770176135,610,I heard their star witness is that little rat chef from your last restaurant.
2605,3669,1,21,70,92,1.25,0.047951340999798225,610,"The butcher's body came ashore, but we can't prove a candlestick was the weapon"
2611,3669,3,16,69,88,1.25,0.05421135926495693,610,"I thought that Ganja was a flavor, like mint and basil."
2428,3669,1,20,67,88,1.25,0.049156946952051576,610,I think bringing you a cake would seem a bit suspicious.
2604,3812,4,14,71,89,1.247191011235955,0.0560007361609019,610,What made you think you could get away with using chicken livers in foie gras?
7699,3812,4,14,71,89,1.247191011235955,0.0560007361609019,610,"Honey, I TOLD you not to cook the books!"
5996,3812,3,16,70,89,1.247191011235955,0.05367233771366558,610,"I told you, ""Never serve red wine with fish""."
5987,3812,3,16,70,89,1.247191011235955,0.05367233771366558,610,The whites are afraid of being beaten..
4970,3812,0,22,67,89,1.247191011235955,0.04598512793186769,610,"Ok, one more time, exactly WHAT happened after she said “this meal is a crime”?"
4947,3812,2,18,69,89,1.247191011235955,0.051238239828633764,610,I guess the old 'cake with a file in it' is out of the question.
2571,3812,5,12,72,89,1.247191011235955,0.05823611478692686,610,I told you not to serve the President that Chinese caviar...
3084,3812,4,14,71,89,1.247191011235955,0.0560007361609019,610,Are you feeding them enough in here?
1404,3812,1,20,68,89,1.247191011235955,0.048682590377088754,610,"Jimmy, I love you, but we need more dough."
1171,3812,5,12,72,89,1.247191011235955,0.05823611478692686,610,I'll have that to go.
1150,3812,4,14,71,89,1.247191011235955,0.0560007361609019,610,When you said “it’s to die for” what did they think you meant?
1034,3812,3,16,70,89,1.247191011235955,0.05367233771366558,610,"I love you, too, son, but I won't give you my dumpling recipe unless you get me out of here."
621,3812,2,18,69,89,1.247191011235955,0.051238239828633764,610,You gave your mother forty whisks?
1639,3812,3,16,70,89,1.247191011235955,0.05367233771366558,610,you should'nt have taken death by chocolate so seriously
104,3812,4,14,71,89,1.247191011235955,0.0560007361609019,610,The DA is adamant that your crème brulee was mushy and uninspired.
71,3812,3,16,70,89,1.247191011235955,0.05367233771366558,610,The verdict was gluten-free. I'm sorry.
2936,3828,3,15,67,85,1.2470588235294118,0.05527086941984991,610,"Sorry to bother you Hon’, but could you kindly remind me the beef Wellington recipe?"
368,3828,0,21,64,85,1.2470588235294118,0.047058823529411764,610,You knew it was illegal to deal mushrooms.
1704,3828,4,13,68,85,1.2470588235294118,0.05774929481166006,610,You want me to smuggle you the ingredients to bake a cake? In what?
5941,3828,2,17,66,85,1.2470588235294118,0.05267596189542411,610,"When you said you iced someone, I didn't think you'd end up here."
3559,3828,3,15,67,85,1.2470588235294118,0.05527086941984991,610,The guard confiscated the sprigs of rosemary. He says you'll smoke them.
4364,3828,1,19,65,85,1.2470588235294118,0.049946420460231636,610,You should be good at stir.
7180,3828,2,17,66,85,1.2470588235294118,0.05267596189542411,610,One toque over the line? That's not even a crime.
5840,3835,4,13,69,86,1.244186046511628,0.05714609523118613,610,I’m afraid we’ll have to think of something other than a cake
6066,3835,4,13,69,86,1.244186046511628,0.05714609523118613,610,"I can probably get them down to time served, but you'll have to admit that the Croque Monsieur was uninspired."
6000,3835,4,13,69,86,1.244186046511628,0.05714609523118613,610,My husband also requests that you serve the dressing on the side with his salade nicoise.
5867,3835,3,15,68,86,1.244186046511628,0.05469989386602394,610,That stew was to die for!
5839,3835,3,15,68,86,1.244186046511628,0.05469989386602394,610,How's the Chicken Kiev?
5466,3835,4,13,69,86,1.244186046511628,0.05714609523118613,610,"The prison is now fully booked well into next year, so they might keep you in for a little longer, they said."
5661,3835,2,17,67,86,1.244186046511628,0.0521390504107696,610,I guess pineapple on pizza is criminal
5565,3835,3,15,68,86,1.244186046511628,0.05469989386602394,610,"I'm leaving you, Carl. I didn't realize you were the catch of the day."
5520,3835,4,13,69,86,1.244186046511628,0.05714609523118613,610,I told you you were playing with fire
5272,3835,3,15,68,86,1.244186046511628,0.05469989386602394,610,"Yes, but you know how to make a killer sauce without cyanide..."
6178,3835,4,13,69,86,1.244186046511628,0.05714609523118613,610,"OK, I'll bring a file. But you bake the cake."
5423,3835,6,9,71,86,1.244186046511628,0.0617484560341942,610,"Yes, a file inside, but it has to be a Marjolaine cake, and don’t let the meringue get limp."
5741,3835,6,9,71,86,1.244186046511628,0.0617484560341942,610,"It'll be ok, just never drop the dish soap."
6209,3835,5,11,70,86,1.244186046511628,0.05949179784969777,610,"""When you tried to kill me, didn't you realize that the oven pilot light was out?"
6823,3835,3,15,68,86,1.244186046511628,0.05469989386602394,610,"Ya’ know, Death by Chocolate is only a name."
6226,3835,3,15,68,86,1.244186046511628,0.05469989386602394,610,They promised to be lenient if you tell them where you bought the mushrooms.
1438,3835,4,13,69,86,1.244186046511628,0.05714609523118613,610,"Aww fudge, did it have to be death by chocolate?"
5381,3835,0,21,65,86,1.244186046511628,0.04659704878317674,610,The judge said he wanted to let you stew in your thoughts.
7811,3835,3,15,68,86,1.244186046511628,0.05469989386602394,610,The police determined that that fly in the soup was actually polonium-210.
7682,3835,5,11,70,86,1.244186046511628,0.05949179784969777,610,They say your duck was flavorless and chewy. That's criminal in France.
7550,3835,2,17,67,86,1.244186046511628,0.0521390504107696,610,They said the inmates weren't being punished enough...
7482,3835,3,15,68,86,1.244186046511628,0.05469989386602394,610,"Sorry hon, but no one carries a thirty year egg timer."
7424,3835,5,11,70,86,1.244186046511628,0.05949179784969777,610,No one's looking...slip me the salt.
7340,3835,4,13,69,86,1.244186046511628,0.05714609523118613,610,It was only a matter of time before someone found your stash of Velveeta.
7216,3835,5,11,70,86,1.244186046511628,0.05949179784969777,610,"I need your recipe for the ""Sweeney Todd Pie""!"
6861,3835,2,17,67,86,1.244186046511628,0.0521390504107696,610,I miss your bouillabaisse.
6832,3835,4,13,69,86,1.244186046511628,0.05714609523118613,610,"You really cooked your goose this time, didn't you."
6789,3835,5,11,70,86,1.244186046511628,0.05949179784969777,610,They told me that I was overqualified to work in the kitchen
6761,3835,4,13,69,86,1.244186046511628,0.05714609523118613,610,They’ve nixed death-by-chocolate.
6645,3835,2,17,67,86,1.244186046511628,0.0521390504107696,610,I can pick up the vegetables but I think the knife will be a problem.
6640,3835,5,11,70,86,1.244186046511628,0.05949179784969777,610,You deserve to stay put for beating the eggs time after time after time.
6216,3835,3,15,68,86,1.244186046511628,0.05469989386602394,610,"They said you can make your own last meal, but you might have to borrow some homemade knives from your neighbors."
5144,3835,3,15,68,86,1.244186046511628,0.05469989386602394,610,I told you $21.95 for meatloaf was a crime.
4874,3835,3,15,68,86,1.244186046511628,0.05469989386602394,610,"No, I can't bring you any dough!"
5031,3835,2,17,67,86,1.244186046511628,0.0521390504107696,610,They replaced you with an Instant Pot.
2187,3835,3,15,68,86,1.244186046511628,0.05469989386602394,610,"They checked your alibi, but he’d been served already."
2025,3835,3,15,68,86,1.244186046511628,0.05469989386602394,610,"Harold, you're in for more than just a toque."
1983,3835,3,15,68,86,1.244186046511628,0.05469989386602394,610,"...and then she said, ""This cake tastes so good it should be illegal!"""
1771,3835,4,13,69,86,1.244186046511628,0.05714609523118613,610,I didn't think your cooking was THAT bad!
1715,3835,3,15,68,86,1.244186046511628,0.05469989386602394,610,"It's your own fault Francois , I told you that cyanide was not a substitute for almond extract!"
1617,3835,5,11,70,86,1.244186046511628,0.05949179784969777,610,"Well, didn’t I TELL you the Soup Nazi was still pissed? Wanna get out? Return the recipes.  Oh, and btw -- he also makes a mean souffle."
1200,3835,2,17,67,86,1.244186046511628,0.0521390504107696,610,"A file in a cake? Jacques, honestly, where's the creative inspiration in that?"
2207,3835,3,15,68,86,1.244186046511628,0.05469989386602394,610,I didn't realize asking if she enjoyed the chicken breast would get me in trouble
965,3835,4,13,69,86,1.244186046511628,0.05714609523118613,610,You want what kind of cake?
722,3835,4,13,69,86,1.244186046511628,0.05714609523118613,610,Are you a no good cook or crook?
425,3835,3,15,68,86,1.244186046511628,0.05469989386602394,610,They say you won't be done for 30 months.
353,3835,5,11,70,86,1.244186046511628,0.05949179784969777,610,I need to know...with how much force did you pat the cake?
223,3835,4,13,69,86,1.244186046511628,0.05714609523118613,610,"It's a ""no"" on a reduced sentence, and a ""yes"" on a five-star yelp review."
191,3835,3,15,68,86,1.244186046511628,0.05469989386602394,610,I can't remember: does the file go in before adding the buttermilk or after?
5067,3835,2,17,67,86,1.244186046511628,0.0521390504107696,610,"Next time someone asks you to help barbecue a pig, make sure they mean it literally."
132,3835,1,19,66,86,1.244186046511628,0.049445755798847524,610,I want what the warden is having!
885,3835,3,15,68,86,1.244186046511628,0.05469989386602394,610,"Your salmon was good, but your cherry flambé was criminal."
2394,3835,2,17,67,86,1.244186046511628,0.0521390504107696,610,"Unfortunately, Gordon Ramsay still says you should be 'f#@&en executed' for that atrocious jus."
305,3835,4,13,69,86,1.244186046511628,0.05714609523118613,610,I told you what would happen if you didn't bake the Same Sex Wedding Cake.
2948,3835,3,15,68,86,1.244186046511628,0.05469989386602394,610,Why couldn't you have realized that 'Death by Chocolate' was just a cutesy name for a dessert?
4979,3835,3,15,68,86,1.244186046511628,0.05469989386602394,610,I knew one of these schemes you keep cooking up would get you in trouble one day...
4833,3835,5,11,70,86,1.244186046511628,0.05949179784969777,610,"Yes, it's serious. Your gluten level was was above the FDA limit. You could lose your license."
4832,3835,6,9,71,86,1.244186046511628,0.0617484560341942,610,They didn’t buy the Casey Ryback defense?
4360,3835,5,11,70,86,1.244186046511628,0.05949179784969777,610,I want a diborscht.
2630,3835,4,13,69,86,1.244186046511628,0.05714609523118613,610,They tell me you murdered the sauce.
4293,3835,1,19,66,86,1.244186046511628,0.049445755798847524,610,"I’m so sorry, the judge ruled Death by Chocolate."
4029,3835,3,15,68,86,1.244186046511628,0.05469989386602394,610,It's only a matter of time before they have proof you swallowed the gold leaf.
3967,3835,2,17,67,86,1.244186046511628,0.0521390504107696,610,Not the recipe file...the recipe with a file
65,3835,5,11,70,86,1.244186046511628,0.05949179784969777,610,All your dough is going to your lawyer.
3932,3835,1,19,66,86,1.244186046511628,0.049445755798847524,610,Good news we got a reduction. Bad news the Judge is gluten intolerant.
2966,3835,3,15,68,86,1.244186046511628,0.05469989386602394,610,Your application for Presidential Chef de Jour is under consideration.
3534,3835,3,15,68,86,1.244186046511628,0.05469989386602394,610,"It’s good to see you, Harry, but I really prefer ordering online"
3691,3835,3,15,68,86,1.244186046511628,0.05469989386602394,610,Don’t worry- They returned your knife.
3695,3835,5,11,70,86,1.244186046511628,0.05949179784969777,610,"My husband is probably too embarrassed to tell you, but he needs a low fat, low sodium, low cholesterol last meal."
3255,3835,3,15,68,86,1.244186046511628,0.05469989386602394,610,You were supposed to add her after the cake was baked you moron!
3589,3835,2,17,67,86,1.244186046511628,0.0521390504107696,610,I don't know how I'll raise the dough with you in here.
3720,3835,2,17,67,86,1.244186046511628,0.0521390504107696,610,'Exactly how do I make this cake with a key in it?'
6793,3907,4,12,66,82,1.2439024390243902,0.05900146627934212,610,You'll be eligible for parole the sooner of 5 years or when gluten is back in fashion.
663,3907,4,12,66,82,1.2439024390243902,0.05900146627934212,610,"Well I'm sorry the vinaigrette is too thick, but you probably shouldn't have killed that guy."
4317,3907,3,14,65,82,1.2439024390243902,0.05639201096662551,610,More eggs have come forward.
2158,3910,2,17,68,87,1.2413793103448276,0.05161263933632969,610,They said they caught you beating an egg.
1393,3910,3,15,69,87,1.2413793103448276,0.054140306109441066,610,I told you kobe beef doesn't actually come from the man himself.
3346,3910,2,17,68,87,1.2413793103448276,0.05161263933632969,610,But all the invitations have gone out.
1697,3910,5,11,71,87,1.2413793103448276,0.058870953435016256,610,Look on the bright side. Farm-to-table is burgeoning upstate.
5652,3910,3,15,69,87,1.2413793103448276,0.054140306109441066,610,The good news is I have permission to cook your last meal.
3867,3910,5,11,71,87,1.2413793103448276,0.058870953435016256,610,Pain Perdu won’t work. They know you took the dough.
268,3916,1,19,68,88,1.2386363636363635,0.0484728057797513,610,They are going to bake you instead of fry you.
4848,3917,3,14,67,84,1.2380952380952381,0.055192376276423635,610,Make sure all of the recipes are password protected.
4867,3917,4,12,68,84,1.2380952380952381,0.057732660874787296,610,"As I told the woman at the ticket booth, I repeat, I am here for the taping of the Naked Chef!"
4889,3917,4,12,68,84,1.2380952380952381,0.057732660874787296,610,"Honey, I have told you a million times, ""what happens in the walk-in stays in the walk-in"" is no t a legitimate defense."
4620,3917,4,12,68,84,1.2380952380952381,0.057732660874787296,610,The prosecutor is recommending 'Death by Chocolate'.
4753,3917,3,14,67,84,1.2380952380952381,0.055192376276423635,610,"Here's the rub, 2 made it out on the tub: the butcher and candlestick maker."
5275,3917,2,16,66,84,1.2380952380952381,0.05252938859717925,610,"""We could plead Bad Hat Day."
4948,3917,2,16,66,84,1.2380952380952381,0.05252938859717925,610,Trumps personal Chef... and you overheard what?
4952,3917,4,12,68,84,1.2380952380952381,0.057732660874787296,610,I'll pay your bail if you promise to stay out of the kitchen!
5131,3917,0,20,64,84,1.2380952380952381,0.04675054225464914,610,I had to testify...You did leave the turkey out too long.
4617,3917,5,10,69,84,1.2380952380952381,0.060165786493056504,610,"Hollandaise broke, Bearnaise turned on you, and Souffle collapsed. But don't worry, Flambe is running the restaurant."
5384,3917,2,16,66,84,1.2380952380952381,0.05252938859717925,610,"I've been telling you years: ""...too much garlic..."""
5478,3917,4,12,68,84,1.2380952380952381,0.057732660874787296,610,"I understand it's a tough crowd, Pierre. Maybe it's time to give the boys a taste of your warden flambé."
5587,3917,5,10,69,84,1.2380952380952381,0.060165786493056504,610,I can't get you out a there until you agree to do the dishes once in a while.
5868,3917,3,14,67,84,1.2380952380952381,0.055192376276423635,610,I told you not to go off half baked......
4912,3917,4,12,68,84,1.2380952380952381,0.057732660874787296,610,I told you that substituting margarine for butter was a crime – but you didn’t believe me.
4502,3917,3,14,67,84,1.2380952380952381,0.055192376276423635,610,It's great that for your final act of rehabilitation they are making you prepare your own last meal. But don't expect me to do the dishes.
4209,3917,1,18,65,84,1.2380952380952381,0.049723987508531534,610,I hear you're in for HOT cross buns again.
4420,3917,3,14,67,84,1.2380952380952381,0.055192376276423635,610,"So, they won't let you cook gluten-free?"
5882,3917,3,14,67,84,1.2380952380952381,0.055192376276423635,610,Looks like an officer accidentally ate the leg of lamb for lunch. You should be released this afternoon.
3448,3917,2,16,66,84,1.2380952380952381,0.05252938859717925,610,Bake yourself a cake with a file in it.
3496,3917,1,18,65,84,1.2380952380952381,0.049723987508531534,610,"Since I am not your lawyer, all I can say is a Baker's dozen is 13, not 12. 12 is Fraud."
3605,3917,3,14,67,84,1.2380952380952381,0.055192376276423635,610,I warned you not to substitute margarine for butter.
3618,3917,2,16,66,84,1.2380952380952381,0.05252938859717925,610,At least you delivered that killer meal you've always promised.
3698,3917,3,14,67,84,1.2380952380952381,0.055192376276423635,610,The dishwasher said he would recant for more tips.
3846,3917,2,16,66,84,1.2380952380952381,0.05252938859717925,610,I never understood until now your what you meant by needing more dough !
3902,3917,3,14,67,84,1.2380952380952381,0.055192376276423635,610,"They're willing to drop the charges, if you promise not to sue, Chef."
3974,3917,1,18,65,84,1.2380952380952381,0.049723987508531534,610,"Apparently, your ganache lacks shine."
4025,3917,2,16,66,84,1.2380952380952381,0.05252938859717925,610,"Again, how much salt for each wound?"
4094,3917,3,14,67,84,1.2380952380952381,0.055192376276423635,610,I told you not to put cilantro in the chicken salad!
3439,3917,2,16,66,84,1.2380952380952381,0.05252938859717925,610,Seriously? You had to take killer pastries to the next level?
4130,3917,6,8,70,84,1.2380952380952381,0.06250426863001379,610,You killed The Butcher and the Candlestick maker
4381,3917,4,12,68,84,1.2380952380952381,0.057732660874787296,610,That’s what happens when you rub a dub dub with two strangers in a tub.
4397,3917,2,16,66,84,1.2380952380952381,0.05252938859717925,610,So you put the batter in once the oil is hot?
4485,3917,2,16,66,84,1.2380952380952381,0.05252938859717925,610,The jig is up...your fingerprints were all over the canned spaghetti sauce.
4078,3917,4,12,68,84,1.2380952380952381,0.057732660874787296,610,With a candlestick in the conservatory? I'd have guessed with a knife in the kitchen.
7135,3917,2,16,66,84,1.2380952380952381,0.05252938859717925,610,"Sooner or later, I sure you'll get used to margarine."
6075,3917,3,14,67,84,1.2380952380952381,0.055192376276423635,610,I just can’t take hearing any more about what you’ve cooked up.
7210,3917,4,12,68,84,1.2380952380952381,0.057732660874787296,610,"So, tell me how to keep the file from deflating the souffle."
7242,3917,3,14,67,84,1.2380952380952381,0.055192376276423635,610,I can't raise the dough to get you out of here!
7249,3917,2,16,66,84,1.2380952380952381,0.05252938859717925,610,So confess -- did you really collude with the Russians on the pierogi recipe?
7267,3917,3,14,67,84,1.2380952380952381,0.055192376276423635,610,"I told you the ""Bombe Glacée"" was a bad idea for the Policemen's Ball!"
7330,3917,3,14,67,84,1.2380952380952381,0.055192376276423635,610,I watched him put A1 on my steak.
7332,3917,2,16,66,84,1.2380952380952381,0.05252938859717925,610,The DA’s office calls it their Baker’s Dozen plea deal .
7342,3917,1,18,65,84,1.2380952380952381,0.049723987508531534,610,He said he didn't have the dough.
7164,3917,3,14,67,84,1.2380952380952381,0.055192376276423635,610,"Which goes in first, the flour, the eggs or the saw?"
7477,3917,5,10,69,84,1.2380952380952381,0.060165786493056504,610,Harold why did you have to beat those eggs?
7497,3917,3,14,67,84,1.2380952380952381,0.055192376276423635,610,"Fine, I'll smuggle in your cake - but it'll have to be hidden inside a hacksaw."
7539,3917,1,18,65,84,1.2380952380952381,0.049723987508531534,610,Have you cooked up another crime?
7558,3917,1,18,65,84,1.2380952380952381,0.049723987508531534,610,"No, honey, I can't put the file in the cake if you bake it."
7587,3917,4,12,68,84,1.2380952380952381,0.057732660874787296,610,Two years of culinary confinement but you'll have to admit you used ketchup on the truffles.
7590,3917,4,12,68,84,1.2380952380952381,0.057732660874787296,610,Wouldn't be better if we switched sides and you baked the cake with the file in it?
7602,3917,2,16,66,84,1.2380952380952381,0.05252938859717925,610,Your goose is cooked - speaking figuratively of course.
7929,3917,3,14,67,84,1.2380952380952381,0.055192376276423635,610,I could't help but beat the egg
7487,3917,2,16,66,84,1.2380952380952381,0.05252938859717925,610,I will order a huge cake and you can hide inside it.
6027,3917,2,16,66,84,1.2380952380952381,0.05252938859717925,610,Consider whether claiming executive privilege was the best response to a cheeseburger question.
7091,3917,3,14,67,84,1.2380952380952381,0.055192376276423635,610,You look baked honey.
6903,3917,1,18,65,84,1.2380952380952381,0.049723987508531534,610,"I don't think the ""file-in-the-cake"" thing will work this time."
6076,3917,2,16,66,84,1.2380952380952381,0.05252938859717925,610,The good news is that I found an attorney who collects Takobiki knives.
6084,3917,4,12,68,84,1.2380952380952381,0.057732660874787296,610,"Oh, Ed, you held up a food bank? How distasteful!"
6227,3917,2,16,66,84,1.2380952380952381,0.05252938859717925,610,"It's bad news, dear; they have you on tape saying that roasted quail with mushrooms pairs perfectly with diet soda."
6354,3917,4,12,68,84,1.2380952380952381,0.057732660874787296,610,"AFTER POISONING MY HUSBAND, YOU'RE ALLOWED TO COOK HERE?"
6391,3917,2,16,66,84,1.2380952380952381,0.05252938859717925,610,Manchego and Gruyere - they'll be out soon. Gouda is going to be here for a long time.
6423,3917,3,14,67,84,1.2380952380952381,0.055192376276423635,610,The lawyer said Michelin's new policy is draconian and he's doing everything he can.
6462,3917,4,12,68,84,1.2380952380952381,0.057732660874787296,610,"When I said your chocolate torte should be illegal, I only meant it was delicious."
6973,3917,1,18,65,84,1.2380952380952381,0.049723987508531534,610,What made you think you could get away with serving caged eggs?
6495,3917,4,12,68,84,1.2380952380952381,0.057732660874787296,610,I told you the clams ala Snickers wouldn’t go over well.
6536,3917,1,18,65,84,1.2380952380952381,0.049723987508531534,610,He was a great chef until he cooked the books
6557,3917,2,16,66,84,1.2380952380952381,0.05252938859717925,610,I told you that getaway plan was half-baked.
6590,3917,0,20,64,84,1.2380952380952381,0.04675054225464914,610,"Well, I told you not to bake Alaska!"
6680,3917,4,12,68,84,1.2380952380952381,0.057732660874787296,610,"We're staying open, serving 5 - 10."
6742,3917,2,16,66,84,1.2380952380952381,0.05252938859717925,610,"When you said you were making a ""killer chocolate cake,"" I didn't think you meant it literally!"
6803,3917,3,14,67,84,1.2380952380952381,0.055192376276423635,610,"I don’t know, the guy said ‘and can I have pineapple on that pizza’ and I just snapped!"
6830,3917,1,18,65,84,1.2380952380952381,0.049723987508531534,610,How's poisson?
6532,3917,3,14,67,84,1.2380952380952381,0.055192376276423635,610,And I thought the French were tough about a collapsed cheese soufflé.
3430,3917,5,10,69,84,1.2380952380952381,0.060165786493056504,610,"Oh dear, I’m glad I caught you; I have been so busy I forgot to place my order for the cakes."
2762,3917,4,12,68,84,1.2380952380952381,0.057732660874787296,610,I’m sure you’ll be fine if you swear the cake was gluten free.
3372,3917,3,14,67,84,1.2380952380952381,0.055192376276423635,610,They put a poisoner to work in the prison kitchen?
698,3917,3,14,67,84,1.2380952380952381,0.055192376276423635,610,Pekingese sushi was a bad idea.
833,3917,5,10,69,84,1.2380952380952381,0.060165786493056504,610,I told you that you can't fake a Michelin star.
897,3917,5,10,69,84,1.2380952380952381,0.060165786493056504,610,You’re getting out soon so I’ve submitted your resume for a job as a short order crook.
963,3917,2,16,66,84,1.2380952380952381,0.05252938859717925,610,Just put the dough in a large sack and meet me in the parking lot.
1049,3917,5,10,69,84,1.2380952380952381,0.060165786493056504,610,"I checked. Gordon Ramsey -is- judge, jury and executioner."
1102,3917,5,10,69,84,1.2380952380952381,0.060165786493056504,610,Wouldn't hiding a file in a cake be somewhat redundant?
1167,3917,3,14,67,84,1.2380952380952381,0.055192376276423635,610,"Two stars. Not a special journey, but still worth the detour."
658,3917,4,12,68,84,1.2380952380952381,0.057732660874787296,610,I told you those gluten people don't like to be tricked.
1347,3917,2,16,66,84,1.2380952380952381,0.05252938859717925,610,"Calling the special, Bobby Filet, was funny at the time, but now, dear, you are paying the price."
1447,3917,3,14,67,84,1.2380952380952381,0.055192376276423635,610,"I wouldn't call your tasting menu a crime, either, but I don't have two Michelin stars."
1498,3917,2,16,66,84,1.2380952380952381,0.05252938859717925,610,Your the one who does all the baking; how am I going to smuggle a file in here to you?
1568,3917,3,14,67,84,1.2380952380952381,0.055192376276423635,610,Pictured: a production still from The Lamb Shank Redemption.
1615,3917,2,16,66,84,1.2380952380952381,0.05252938859717925,610,"They said they will keep you safe, as long as you never surrender the recipe of that apple pie."
1623,3917,5,10,69,84,1.2380952380952381,0.060165786493056504,610,Can I get an order to go ?
1786,3917,3,14,67,84,1.2380952380952381,0.055192376276423635,610,You shouldn’t have beaten the eggs.
1789,3917,2,16,66,84,1.2380952380952381,0.05252938859717925,610,Why don't YOU bake a cake with a knife hidden inside?
1377,3917,4,12,68,84,1.2380952380952381,0.057732660874787296,610,I told you the way you cook is criminal.
610,3917,4,12,68,84,1.2380952380952381,0.057732660874787296,610,"You charged for the amuse-bouches, and it was all downhill from there."
566,3917,4,12,68,84,1.2380952380952381,0.057732660874787296,610,The good news is the Warden OK'd your request to set the electric-chair at 350 degrees for 30 minutes!
559,3917,2,16,66,84,1.2380952380952381,0.05252938859717925,610,"I only have an emery board, no files."
5,3917,1,18,65,84,1.2380952380952381,0.049723987508531534,610,"I'd send you a cake with a file inside, but I got married to you because I don't know how to bake."
93,3917,3,14,67,84,1.2380952380952381,0.055192376276423635,610,"President Trump thinks you're an outsider and wants you to head the FDA. Drain the swamp, bebe."
107,3917,4,12,68,84,1.2380952380952381,0.057732660874787296,610,I brought you a cake with a cake inside.
134,3917,4,12,68,84,1.2380952380952381,0.057732660874787296,610,"Apparently you're being charged with ""Pan-Slaughter"". The dough has risen, Frank. You're crusted."
159,3917,2,16,66,84,1.2380952380952381,0.05252938859717925,610,What is the penalty for over cooking the books?
208,3917,2,16,66,84,1.2380952380952381,0.05252938859717925,610,You won't be able to make America cake again.
258,3917,4,12,68,84,1.2380952380952381,0.057732660874787296,610,"They have witnesses, dear--it was a first-degree double-dip."
265,3917,3,14,67,84,1.2380952380952381,0.055192376276423635,610,Can't raise your bail. They froze your dough.
269,3917,4,12,68,84,1.2380952380952381,0.057732660874787296,610,"You say consomme, I say conjugal.....a visit is a visit."
270,3917,3,14,67,84,1.2380952380952381,0.055192376276423635,610,Sorry but I’m leaving you for the pizza delivery guy.
274,3917,2,16,66,84,1.2380952380952381,0.05252938859717925,610,"Don't worry, I found a lawyer that specializes in hamburglary."
280,3917,4,12,68,84,1.2380952380952381,0.057732660874787296,610,I didn't realize insider trading of recipes was illegal.
297,3917,3,14,67,84,1.2380952380952381,0.055192376276423635,610,I'm going to Yelp you out of here!
415,3917,4,12,68,84,1.2380952380952381,0.057732660874787296,610,"I told you cow doesn't qualify for ""catch of the day"""
439,3917,1,18,65,84,1.2380952380952381,0.049723987508531534,610,What did you expect showing up to work half-baked!?
462,3917,2,16,66,84,1.2380952380952381,0.05252938859717925,610,"Honey, the Martha Stewart website still hasn't gotten back to me about how to smuggle in brown sugar?"
556,3917,3,14,67,84,1.2380952380952381,0.055192376276423635,610,"I'm sorry it wasn't up yo your standards, but you weren't meant to eat the cake."
1805,3917,3,14,67,84,1.2380952380952381,0.055192376276423635,610,"The bad news is that your sentence is 20 years, but the good news is there's a fan in your cell which reduces the time to 15."
1846,3917,5,10,69,84,1.2380952380952381,0.060165786493056504,610,"Don't worry, a dozen years isn't as many as you think."
397,3917,5,10,69,84,1.2380952380952381,0.060165786493056504,610,"For some reason, they won't allow me to bring in your carving tools...."
1987,3917,1,18,65,84,1.2380952380952381,0.049723987508531534,610,It's your own fault! You should never have used honey in that vegan dish.
3395,3917,5,10,69,84,1.2380952380952381,0.060165786493056504,610,"I told you before, marijuana cookies are only legal in Colorado."
2768,3917,5,10,69,84,1.2380952380952381,0.060165786493056504,610,My cooking class would like to know what you're planning on having for your last dinner.
2822,3917,5,10,69,84,1.2380952380952381,0.060165786493056504,610,"There's a mistake in your recipe. It says, ""Before baking, drop a file in the batter."""
2846,3917,4,12,68,84,1.2380952380952381,0.057732660874787296,610,"No, I will not send you artisanal cheeses."
2927,3917,3,14,67,84,1.2380952380952381,0.055192376276423635,610,"I’m tellin’ you Jean, it was Professor Plum, in the kitchen, with the knife. Ya gotta believe me"
2979,3917,3,14,67,84,1.2380952380952381,0.055192376276423635,610,You shouldn’t have stolen that Michelin Star.
3030,3917,2,16,66,84,1.2380952380952381,0.05252938859717925,610,This is just one place where you can't mince!
2737,3917,5,10,69,84,1.2380952380952381,0.060165786493056504,610,"Honey, I can get out of here, but I'm going to need some dough."
3078,3917,3,14,67,84,1.2380952380952381,0.055192376276423635,610,"""When you told me you were going to make a killing, I thought you were referring to the stock market""!"
3332,3917,1,18,65,84,1.2380952380952381,0.049723987508531534,610,The prosecution is saying it was pre-marinated and seeking the max sentence.
3183,3917,4,12,68,84,1.2380952380952381,0.057732660874787296,610,But I told you it was a crime to make those cookies so sweet.
3201,3917,3,14,67,84,1.2380952380952381,0.055192376276423635,610,"When do I add the file again, honey? You know that recipes have always been your forte, not mine."
3240,3917,4,12,68,84,1.2380952380952381,0.057732660874787296,610,This is not a hoax or a witch hunt and you were not indicted for using too much ketchup!
3260,3917,4,12,68,84,1.2380952380952381,0.057732660874787296,610,I think your crème brûlée was the real crime.
3312,3917,3,14,67,84,1.2380952380952381,0.055192376276423635,610,At least you were not chopped.
1937,3917,4,12,68,84,1.2380952380952381,0.057732660874787296,610,I need to where you hid the dough.
3086,3917,4,12,68,84,1.2380952380952381,0.057732660874787296,610,"Well, that pizza WAS definitely a killer!"
2639,3917,2,16,66,84,1.2380952380952381,0.05252938859717925,610,"I'm leaving you, Maurice, for the pastry chef - he is the master of my cupcakes."
3127,3917,2,16,66,84,1.2380952380952381,0.05252938859717925,610,"But Antoine, stabbing the food critic before serving the entrée, C'est tres gauche!!"
2552,3917,4,12,68,84,1.2380952380952381,0.057732660874787296,610,The New Yorker food critic alleged that your boeuf bourguignon is a crime.
2009,3917,3,14,67,84,1.2380952380952381,0.055192376276423635,610,A file in a cake? A little cliche don't you think?
2620,3917,7,6,71,84,1.2380952380952381,0.06475836107884288,610,Where did you put the Tarragon?
2085,3917,2,16,66,84,1.2380952380952381,0.05252938859717925,610,"Paul, I know a file is not part of the cake's recipe, just hear me out."
2105,3917,3,14,67,84,1.2380952380952381,0.055192376276423635,610,"I know the Times said your coq au vin was a crime, but I never expected this."
2129,3917,3,14,67,84,1.2380952380952381,0.055192376276423635,610,Sorry but they just reclassified a rolling pin as a deadly weapon.
2144,3917,2,16,66,84,1.2380952380952381,0.05252938859717925,610,What's cookin'in the Stir.
2201,3917,4,12,68,84,1.2380952380952381,0.057732660874787296,610,Ohhh... I thought you said they were going to Sous you.
2291,3917,3,14,67,84,1.2380952380952381,0.055192376276423635,610,But they insist that discarding the celery leaves actually is a crime against food.
2304,3917,1,18,65,84,1.2380952380952381,0.049723987508531534,610,They tipped the cops instead of the waiter
2123,3917,3,14,67,84,1.2380952380952381,0.055192376276423635,610,"You put up a fair fight, but gluten is officially illegal in all 50 states now."
2332,3917,2,16,66,84,1.2380952380952381,0.05252938859717925,610,The weapon belonged in a cake not a crepe!
2342,3917,5,10,69,84,1.2380952380952381,0.060165786493056504,610,I told you not to subit that caption to the New Yorker about the subway/Subway cartoon.
2396,3917,4,12,68,84,1.2380952380952381,0.057732660874787296,610,It's cool that you're a chef. I'm into that.
2424,3917,3,14,67,84,1.2380952380952381,0.055192376276423635,610,How long is the wait before dinner?
2532,3917,4,12,68,84,1.2380952380952381,0.057732660874787296,610,Your lawyer says your cooked.
2550,3917,1,18,65,84,1.2380952380952381,0.049723987508531534,610,"I'll wait for you...but max 30-45 minutes, tops."
2317,3917,3,14,67,84,1.2380952380952381,0.055192376276423635,610,The linguini ratted you out
2546,3917,3,14,67,84,1.2380952380952381,0.055192376276423635,610,"No, genius. I bake you the cake and put the file in it."
2490,4073,3,14,68,85,1.2352941176470589,0.05461107413662156,610,"I told you that oven he gave you was hot, but you wouldn't listen to me."
5323,4074,2,15,64,81,1.2345679012345678,0.05349398529208222,610,"Think you can toque your way out of this one, mister?"
5297,4074,1,17,63,81,1.2345679012345678,0.050526868962175626,610,"Ramsay, please just give them the muffin recipe and they will release you"
5286,4074,5,9,67,81,1.2345679012345678,0.061542931262293925,610,Can you bring me some take-out. The food in here is awful.
5250,4074,2,15,64,81,1.2345679012345678,0.05349398529208222,610,"I'm sorry, but they've denied your profiterole"
5152,4074,1,17,63,81,1.2345679012345678,0.050526868962175626,610,"I’m going to miss your cakes. Oh, you want me to bake you one."
5197,4074,3,13,65,81,1.2345679012345678,0.05630495926415497,610,"The good news is, we've trademarked ""Pharm-to-Table."" The bad news is, this is Alabama."
5140,4074,3,13,65,81,1.2345679012345678,0.05630495926415497,610,I didn't ask for rare! I said medium rare!
5343,4074,4,11,66,81,1.2345679012345678,0.05898211943501855,610,The kids are fine but the mixer misses you.
5049,4074,3,13,65,81,1.2345679012345678,0.05630495926415497,610,"When I say gluten free, I mean it."
5232,4074,2,15,64,81,1.2345679012345678,0.05349398529208222,610,"Listen honey, the rat in you hat didn’t make you do those horrible thing. There was no rat in your hat. The doctor says it was all in your head."
5351,4074,3,13,65,81,1.2345679012345678,0.05630495926415497,610,"no, they don't offer congee visits"
5581,4074,4,11,66,81,1.2345679012345678,0.05898211943501855,610,"Sure there's a resemblance, but couldn't you see he didn't have a tail?"
5364,4074,2,15,64,81,1.2345679012345678,0.05349398529208222,610,If it's any consolation the judge says he will reduce your sentence if you give him the recipe .
5393,4074,2,15,64,81,1.2345679012345678,0.05349398529208222,610,I told you what rolling in all that dough would do.
5447,4074,4,11,66,81,1.2345679012345678,0.05898211943501855,610,Well darling it really doesn't pay to poison the Public Prosecutor!
5467,4074,4,11,66,81,1.2345679012345678,0.05898211943501855,610,Now they all want to try the ratatouille that is to die for.
5477,4074,4,11,66,81,1.2345679012345678,0.05898211943501855,610,"Mon Dieu, they got you on crime brûlée?"
5537,4074,2,15,64,81,1.2345679012345678,0.05349398529208222,610,I told you your linguine was a crime.
5573,4074,3,13,65,81,1.2345679012345678,0.05630495926415497,610,Hot enough for you?
5608,4074,4,11,66,81,1.2345679012345678,0.05898211943501855,610,"„Seriously, Ernest, ‘mint chocolate mousse’? Who wants chocolate that tastes like toothpaste?! Of course it’s a crime.”"
5636,4074,4,11,66,81,1.2345679012345678,0.05898211943501855,610,"New York, New York--it's hell of a town, The Fois Gras' up and the soufflé is down."
5642,4074,2,15,64,81,1.2345679012345678,0.05349398529208222,610,Time to go from minced meat pies and chopped liver to hot-crossed buns and turnovers.
5694,4074,3,13,65,81,1.2345679012345678,0.05630495926415497,610,"Honey, we have enough dough. I just want you to be gluten free."
5355,4074,2,15,64,81,1.2345679012345678,0.05349398529208222,610,The pick is in the puff pastry.
5032,4074,3,13,65,81,1.2345679012345678,0.05630495926415497,610,"Did you really think having a ""dog shelter"" right behind the restaurant wouldn't arouse suspicion?"
4353,4074,3,13,65,81,1.2345679012345678,0.05630495926415497,610,"No, the cake would be a dead giveaway"
5023,4074,3,13,65,81,1.2345679012345678,0.05630495926415497,610,The file keeps causing the souffle to collapse. Can't you just give me a cake recipe?
5744,4074,4,11,66,81,1.2345679012345678,0.05898211943501855,610,The Yelpers are ready to make a deal.
4182,4074,4,11,66,81,1.2345679012345678,0.05898211943501855,610,I told you white IS the new orange here at Cook County Jail
4195,4074,2,15,64,81,1.2345679012345678,0.05349398529208222,610,I rue the day your roux and mine mixed.
4255,4074,6,7,68,81,1.2345679012345678,0.06400136220162878,610,I’m guessing you’re Mexican and you paid for this wall.
4321,4074,3,13,65,81,1.2345679012345678,0.05630495926415497,610,I had to pawn the heirlooms.
4332,4074,0,19,62,81,1.2345679012345678,0.047374281121851596,610,I told you baking and entering was a bad idea.
4338,4074,3,13,65,81,1.2345679012345678,0.05630495926415497,610,"You have to trust me, June... It was an accident. It all happened so fast.. They were sitting next to each other and looked exactly the same. Parsley and cilantro. And before I knew what I had done... the guac.. the guac..."
4339,4074,3,13,65,81,1.2345679012345678,0.05630495926415497,610,They made you a chef because you cook up so many good schemes?
4412,4074,4,11,66,81,1.2345679012345678,0.05898211943501855,610,"Would you please focus on the file, not the cake?"
4509,4074,4,11,66,81,1.2345679012345678,0.05898211943501855,610,"I never should have said ""it was to die for..."""
4510,4074,2,15,64,81,1.2345679012345678,0.05349398529208222,610,How many cups of flour do I need to bake the hacksaw cake?
5024,4074,0,19,62,81,1.2345679012345678,0.047374281121851596,610,"I get it Larry, you're a prisoner but you identify as a chef."
4529,4074,4,11,66,81,1.2345679012345678,0.05898211943501855,610,I didn’t think the soufflé was that bad.
4571,4074,3,13,65,81,1.2345679012345678,0.05630495926415497,610,"Honey, does the arsenic go in before or after the tomato sauce?"
4572,4074,3,13,65,81,1.2345679012345678,0.05630495926415497,610,The DA is offering three years in exchange for a crepes suzette.
4612,4074,2,15,64,81,1.2345679012345678,0.05349398529208222,610,Shouldn't you have known that making it so good actually was criminal?
4665,4074,2,15,64,81,1.2345679012345678,0.05349398529208222,610,By now you've probably found out which side your bread is buttered on.
4692,4074,4,11,66,81,1.2345679012345678,0.05898211943501855,610,Pierre losing your Michelin Star is one thing but killing the Food Critic is another.
4703,4074,3,13,65,81,1.2345679012345678,0.05630495926415497,610,I guess a file in a cake is out of the question.
4863,4074,2,15,64,81,1.2345679012345678,0.05349398529208222,610,"I can't wait forever. And yes, the one on Drury Lane."
4868,4074,1,17,63,81,1.2345679012345678,0.050526868962175626,610,"A pinch of nutmeg? Oh, Pierre, I just don't know if I can trust you anymore."
4907,4074,3,13,65,81,1.2345679012345678,0.05630495926415497,610,Six months for stealing recipes?
4920,4074,2,15,64,81,1.2345679012345678,0.05349398529208222,610,You didn't tell me arsenic loses strength in a souffle. What else should I try?
5004,4074,4,11,66,81,1.2345679012345678,0.05898211943501855,610,I beat Bobby Flay.
4560,4074,3,13,65,81,1.2345679012345678,0.05630495926415497,610,"Darling, I warned you not to substitute margarine for butter."
5758,4074,4,11,66,81,1.2345679012345678,0.05898211943501855,610,"Well, you have to admit that pineapple in fettuccini Alfredo is a crime..."
7431,4074,4,11,66,81,1.2345679012345678,0.05898211943501855,610,"I hid the file in a store bought cake, I didn't think anyone would be able to tell the difference."
5910,4074,3,13,65,81,1.2345679012345678,0.05630495926415497,610,Blink twice if you brought the flour.
7025,4074,4,11,66,81,1.2345679012345678,0.05898211943501855,610,"He said you were a crook, Melvin. When will you learn to listen?"
7121,4074,4,11,66,81,1.2345679012345678,0.05898211943501855,610,I told you your penchant for not following recipes would catch up with you someday.
7130,4074,1,17,63,81,1.2345679012345678,0.050526868962175626,610,"Come on, you can tell me the secret to your sauce now that you are in here for life."
7140,4074,3,13,65,81,1.2345679012345678,0.05630495926415497,610,At best you can get away with manslaughter by chocolate.
7271,4074,2,15,64,81,1.2345679012345678,0.05349398529208222,610,I'm divorcing you and taking the secret recipes!
7289,4074,3,13,65,81,1.2345679012345678,0.05630495926415497,610,Nobody else dressed up for career day
7376,4074,0,19,62,81,1.2345679012345678,0.047374281121851596,610,"It's hard for me to tell you this, but I've started a relationship with Oscar Mayer."
7385,4074,2,15,64,81,1.2345679012345678,0.05349398529208222,610,"When I said your cooking was criminal, I didn't mean it literally."
4123,4074,2,15,64,81,1.2345679012345678,0.05349398529208222,610,"Just because Bordain did it doesn't make it ok, Pierre."
7445,4074,2,15,64,81,1.2345679012345678,0.05349398529208222,610,"You wanted a spatula, right?"
7472,4074,2,15,64,81,1.2345679012345678,0.05349398529208222,610,"Look, file or no file, I’M not the one that bakes the cakes in this family...."
7504,4074,4,11,66,81,1.2345679012345678,0.05898211943501855,610,I've always hated waiting for you. So have all your waiters.
7626,4074,1,17,63,81,1.2345679012345678,0.050526868962175626,610,"Not when I had in mind when I called your food ""so good it should be illegal"""
7724,4074,4,11,66,81,1.2345679012345678,0.05898211943501855,610,"Honey, I don't have the recipe to make my life hell all by myself."
7764,4074,3,13,65,81,1.2345679012345678,0.05630495926415497,610,You wanted the file in a cake? I thought you said cupcake.
7785,4074,2,15,64,81,1.2345679012345678,0.05349398529208222,610,"No, Alfred, you're serving 7 to 10 years, not 7 to 10 meals."
7786,4074,2,15,64,81,1.2345679012345678,0.05349398529208222,610,So you are doing extra time because you are appreciated here-is that right?
7832,4074,1,17,63,81,1.2345679012345678,0.050526868962175626,610,Your appeals lawyer says you should assemble at least ten years' worth of recipes.
7841,4074,2,15,64,81,1.2345679012345678,0.05349398529208222,610,I asked you not to add those blue mushrooms.
7854,4074,4,11,66,81,1.2345679012345678,0.05898211943501855,610,"I’m sorry honey, I just can’t raise the dough."
7891,4074,3,13,65,81,1.2345679012345678,0.05630495926415497,610,"No, I guess there aren't a lot of jobs here for coeur de bleu trained chefs."
7894,4074,4,11,66,81,1.2345679012345678,0.05898211943501855,610,What you did to that filet was a crime!
5349,4074,3,13,65,81,1.2345679012345678,0.05630495926415497,610,"Your mother called,she wants her apron back."
6957,4074,2,15,64,81,1.2345679012345678,0.05349398529208222,610,They say that the correctional institution ran out of funds for orange jumpsuits and the chefs' uniforms were donated by a restaurateurs' association.
6954,4074,6,7,68,81,1.2345679012345678,0.06400136220162878,610,"I meant we needed dough, not kneaded dough."
6897,4074,1,17,63,81,1.2345679012345678,0.050526868962175626,610,They called your excuse for slaughtering those pigs baloney...
6874,4074,2,15,64,81,1.2345679012345678,0.05349398529208222,610,Gluten free means gluten free.
5999,4074,3,13,65,81,1.2345679012345678,0.05630495926415497,610,"I swear to God, Gregg, I told you not to put pineapple on it."
6116,4074,4,11,66,81,1.2345679012345678,0.05898211943501855,610,I TOLD you that's a killer recipe.
6132,4074,3,13,65,81,1.2345679012345678,0.05630495926415497,610,Thanks for warning me that THAT is what they mean about tossed salad...
6141,4074,3,13,65,81,1.2345679012345678,0.05630495926415497,610,"I wanted to let you know I still love you, but I've started seeing another caterer."
6234,4074,3,13,65,81,1.2345679012345678,0.05630495926415497,610,I'd say your goose is cooked.
6249,4074,3,13,65,81,1.2345679012345678,0.05630495926415497,610,"Dairy free is one thing, even sugar free, but gluten free...how could you lie about that?"
6253,4074,3,13,65,81,1.2345679012345678,0.05630495926415497,610,"I said, 'I'll have a crepe,' not a rape."
6261,4074,1,17,63,81,1.2345679012345678,0.050526868962175626,610,It must have been the pot in my Chicken Pot Pie!
6290,4074,4,11,66,81,1.2345679012345678,0.05898211943501855,610,"Look, I know you hated that food critic, but when he wrote your Torta Setteveli was ""to die for"" . . ."
6321,4074,3,13,65,81,1.2345679012345678,0.05630495926415497,610,And you thought my pot roast was a crime!
6390,4074,4,11,66,81,1.2345679012345678,0.05898211943501855,610,...and then Monsieur had to take up the offer to run the FDA...
5847,4074,2,15,64,81,1.2345679012345678,0.05349398529208222,610,They're saying it's going to be 8 to 10 minutes at 350
6486,4074,4,11,66,81,1.2345679012345678,0.05898211943501855,610,I told you it's a crime to put pineapple on pizza!
6662,4074,3,13,65,81,1.2345679012345678,0.05630495926415497,610,The soufflé has fallen...
6676,4074,3,13,65,81,1.2345679012345678,0.05630495926415497,610,So how many hours did you say I should cook the brisket?
6721,4074,2,15,64,81,1.2345679012345678,0.05349398529208222,610,You say you're cooking up a break?
6740,4074,2,15,64,81,1.2345679012345678,0.05349398529208222,610,"No worries, Dear. With the Instant Pot, everything will be ready for the party when you get out."
6745,4074,4,11,66,81,1.2345679012345678,0.05898211943501855,610,Did you really confess that you have Stollen?
6767,4074,3,13,65,81,1.2345679012345678,0.05630495926415497,610,I told you it was a crime to overcook the meat.
6785,4074,3,13,65,81,1.2345679012345678,0.05630495926415497,610,"Honey, your goose is cooked."
6807,4074,1,17,63,81,1.2345679012345678,0.050526868962175626,610,Your recipe for Incarceration Pie did not go over well at the Womens Club dinner.
6827,4074,4,11,66,81,1.2345679012345678,0.05898211943501855,610,They claim I put a basil leaf on top of a scoop of vanilla ice cream.
6843,4074,3,13,65,81,1.2345679012345678,0.05630495926415497,610,The investors want you to consider Take-out.
6873,4074,1,17,63,81,1.2345679012345678,0.050526868962175626,610,"Why,oh why did you punch the dough ?"
6530,4074,4,11,66,81,1.2345679012345678,0.05898211943501855,610,Apparently too many of you also spoil the plot.
4085,4074,3,13,65,81,1.2345679012345678,0.05630495926415497,610,I forgot to put the gun inside.
5887,4074,4,11,66,81,1.2345679012345678,0.05898211943501855,610,Reservation for one . Can I sit near the bar?
4037,4074,3,13,65,81,1.2345679012345678,0.05630495926415497,610,"So tell me again, how much truffle oil should I put in the sauce?"
718,4074,1,17,63,81,1.2345679012345678,0.050526868962175626,610,You gotta grease their palms.
748,4074,2,15,64,81,1.2345679012345678,0.05349398529208222,610,Just tell me where the dough is!
771,4074,3,13,65,81,1.2345679012345678,0.05630495926415497,610,"I told you, Henry, al dente means 'firm to the bite'."
802,4074,1,17,63,81,1.2345679012345678,0.050526868962175626,610,Have you ever thought his temper might be gluten-related?
844,4074,1,17,63,81,1.2345679012345678,0.050526868962175626,610,They made me hand over all of our dough.
880,4074,2,15,64,81,1.2345679012345678,0.05349398529208222,610,"I'm sorry Eldridge, you'll have to bake a file into a cake yourself."
907,4074,4,11,66,81,1.2345679012345678,0.05898211943501855,610,Your cat will be fricasseed unless you call your mother.
910,4074,3,13,65,81,1.2345679012345678,0.05630495926415497,610,I warned you about serving fugu.
946,4074,3,13,65,81,1.2345679012345678,0.05630495926415497,610,"Well, I hope you are learning some killer recipes!"
956,4074,2,15,64,81,1.2345679012345678,0.05349398529208222,610,I think we can prove it wasn't the Bechamel.
995,4074,2,15,64,81,1.2345679012345678,0.05349398529208222,610,"Give up your sous and the judge says he'll knock it down to ""negligent homicide by chocolate."""
1035,4074,1,17,63,81,1.2345679012345678,0.050526868962175626,610,I told you not to steal from Betty Crocker!
1092,4074,5,9,67,81,1.2345679012345678,0.061542931262293925,610,I said the meal was to die for...not to kill for.
1130,4074,1,17,63,81,1.2345679012345678,0.050526868962175626,610,I can't believe they gave you 5 years for not knowing your torte from a tort.
1135,4074,3,13,65,81,1.2345679012345678,0.05630495926415497,610,The FBI took your Bombe Richelieu a little too seriously.
1174,4074,6,7,68,81,1.2345679012345678,0.06400136220162878,610,"I told you if you kept shaving it off the top, one day you’d get caught!"
1261,4074,2,15,64,81,1.2345679012345678,0.05349398529208222,610,Honey they got me for 350 degree murder
1314,4074,1,17,63,81,1.2345679012345678,0.050526868962175626,610,I told you they were serious about the foie gras...
1386,4074,1,17,63,81,1.2345679012345678,0.050526868962175626,610,"They make you wear pink underwear, too?"
1391,4074,3,13,65,81,1.2345679012345678,0.05630495926415497,610,"Yes, but... it's both a culinary and a medical crime to fake a souffle."
1451,4074,5,9,67,81,1.2345679012345678,0.061542931262293925,610,"I'm marrying Pierre, your pastry chef. He's sweet!"
1454,4074,3,13,65,81,1.2345679012345678,0.05630495926415497,610,We can tell them everything is fresh from the farm.
1457,4074,0,19,62,81,1.2345679012345678,0.047374281121851596,610,Where did you hide the Sherry?
673,4074,2,15,64,81,1.2345679012345678,0.05349398529208222,610,I told you the tamales were too hot!
627,4074,1,17,63,81,1.2345679012345678,0.050526868962175626,610,"You only have yourself to blame for this, I warned you before you served it that the meal was to die for."
594,4074,3,13,65,81,1.2345679012345678,0.05630495926415497,610,I warned you that well done was a crime.
590,4074,2,15,64,81,1.2345679012345678,0.05349398529208222,610,Michelin gave you 1 star for your food but did not like the service or the ambience in the prison dining room.
4059,4074,3,13,65,81,1.2345679012345678,0.05630495926415497,610,"The defendant says they ordered poisson, not poison."
27,4074,2,15,64,81,1.2345679012345678,0.05349398529208222,610,You've been charged with conspiracy to spoil the broth.
62,4074,1,17,63,81,1.2345679012345678,0.050526868962175626,610,Didn't I tell you not to wear that outfit when you're cooking the books.
86,4074,3,13,65,81,1.2345679012345678,0.05630495926415497,610,They still think you were the one who spoiled the soup.
130,4074,1,17,63,81,1.2345679012345678,0.050526868962175626,610,"Without you, my three minute eggs take five."
183,4074,3,13,65,81,1.2345679012345678,0.05630495926415497,610,'If they sentence you to 'Death by Easy-Bake Oven'...just keep unscrewing the little light bulb.
189,4074,3,13,65,81,1.2345679012345678,0.05630495926415497,610,I told you that chocolate mousse was sinful.
251,4074,2,15,64,81,1.2345679012345678,0.05349398529208222,610,"Sorry, I figured you could bake your own cake with a file in it"
289,4074,3,13,65,81,1.2345679012345678,0.05630495926415497,610,You want me to sneak a file in coq au vin with au gratin potatoes and hericot vert?
316,4074,3,13,65,81,1.2345679012345678,0.05630495926415497,610,"Yes, it was called ""Chopped."" Wasn't meant literally."
317,4074,2,15,64,81,1.2345679012345678,0.05349398529208222,610,Honey! isn't twenty years too long for a cooking class?
1465,4074,4,11,66,81,1.2345679012345678,0.05898211943501855,610,Let me get this right...They said your cooking was literally a crime?
360,4074,1,17,63,81,1.2345679012345678,0.050526868962175626,610,Oh perfect. We can take the Italian sub to Little Italy.
384,4074,4,11,66,81,1.2345679012345678,0.05898211943501855,610,I warned you that selling those specialty cakes with files in them would eventually get you into trouble with the law.
446,4074,5,9,67,81,1.2345679012345678,0.061542931262293925,610,Do you do takeout?
455,4074,3,13,65,81,1.2345679012345678,0.05630495926415497,610,Cutting onions again?
525,4074,2,15,64,81,1.2345679012345678,0.05349398529208222,610,"I can't wait for you any longer, Pierre. I'm going to McDonald's."
529,4074,2,15,64,81,1.2345679012345678,0.05349398529208222,610,But you said it was kosher!
532,4074,3,13,65,81,1.2345679012345678,0.05630495926415497,610,How many times do I have to tell you? The crossbones don't mean it's a marrow seasoning!
545,4074,4,11,66,81,1.2345679012345678,0.05898211943501855,610,I’m not bailing you out. I’m enjoying my gluten-free life now.
547,4074,2,15,64,81,1.2345679012345678,0.05349398529208222,610,They know it wasn’t farm-to-table.
548,4074,2,15,64,81,1.2345679012345678,0.05349398529208222,610,"It's bad news, I'm afraid -- prosecutors are pushing for deconstruction."
577,4074,5,9,67,81,1.2345679012345678,0.061542931262293925,610,I'll never forgive you for his death by chocolate.
583,4074,5,9,67,81,1.2345679012345678,0.061542931262293925,610,You have to say the rat made you do it.
364,4074,4,11,66,81,1.2345679012345678,0.05898211943501855,610,"Yes, I could bake a cake with a file in it but you always hated my cooking."
1494,4074,3,13,65,81,1.2345679012345678,0.05630495926415497,610,"Because this was your first culinary offense, the judge said he’d reduce your sentence but not your fish stock."
1061,4074,2,15,64,81,1.2345679012345678,0.05349398529208222,610,Regarding the poaching charge- it’s a seven to ten for truffles; the eggs were OK.
1504,4074,3,13,65,81,1.2345679012345678,0.05630495926415497,610,I tried but the file broke the mixer.
2922,4074,3,13,65,81,1.2345679012345678,0.05630495926415497,610,"I have the file, but you're the only baker I knew..."
2991,4074,2,15,64,81,1.2345679012345678,0.05349398529208222,610,A salt?
4018,4074,5,9,67,81,1.2345679012345678,0.061542931262293925,610,You shouldn't have confessed after the grilling.
3069,4074,3,13,65,81,1.2345679012345678,0.05630495926415497,610,Raising dough for your bail is proving difficult without you.
3098,4074,4,11,66,81,1.2345679012345678,0.05898211943501855,610,#FreeGlutin
3099,4074,4,11,66,81,1.2345679012345678,0.05898211943501855,610,"If giving 13 instead of 12 is a crime, well then damn it, I don't want to be right!"
3154,4074,3,13,65,81,1.2345679012345678,0.05630495926415497,610,I know how you feel about the liberation but you can't just set the lobsters free inside of a restaurant
3172,4074,3,13,65,81,1.2345679012345678,0.05630495926415497,610,Refusing to bake a wedding cake for a republican got you arrested?
3245,4074,3,13,65,81,1.2345679012345678,0.05630495926415497,610,"There's no easy way to say this, but I have been dining with the sous chef."
3306,4074,2,15,64,81,1.2345679012345678,0.05349398529208222,610,The newspapers are calling it a crime of passion fruit.
1501,4074,2,15,64,81,1.2345679012345678,0.05349398529208222,610,I know it's important to you but I can only bring a plastic knife.
3443,4074,3,13,65,81,1.2345679012345678,0.05630495926415497,610,I see that you're cooking up plans to escape.
3535,4074,2,15,64,81,1.2345679012345678,0.05349398529208222,610,"it's not me, it's you"
3553,4074,2,15,64,81,1.2345679012345678,0.05349398529208222,610,"You could have just put up a sign that said, ""NO TASTING OF THE FOOD IN PROCESS!"""
3585,4074,3,13,65,81,1.2345679012345678,0.05630495926415497,610,"Guess she said sous, not shoot"
3596,4074,1,17,63,81,1.2345679012345678,0.050526868962175626,610,The black birds can't sing but I can -- you're cooked!
3773,4074,3,13,65,81,1.2345679012345678,0.05630495926415497,610,"I don't think they have a case, but they still want to sous chef."
3791,4074,5,9,67,81,1.2345679012345678,0.061542931262293925,610,"Yes, I did follow your recipe exactly, except for the knife ingredient."
3864,4074,4,11,66,81,1.2345679012345678,0.05898211943501855,610,Death by chocolate? You idiot!
3917,4074,6,7,68,81,1.2345679012345678,0.06400136220162878,610,I'm having a party. Help me with the menu.
3918,4074,3,13,65,81,1.2345679012345678,0.05630495926415497,610,I warned you about stealing nana's crumble cake recipe.
12,4074,4,11,66,81,1.2345679012345678,0.05898211943501855,610,You know what's not fair? Having to eat store-bought brioche again.
3970,4074,4,11,66,81,1.2345679012345678,0.05898211943501855,610,"You couldn't hide the calories forever, honey."
3994,4074,2,15,64,81,1.2345679012345678,0.05349398529208222,610,Your carrot cake recipe doesn't call for a file
4002,4074,3,13,65,81,1.2345679012345678,0.05630495926415497,610,You just couldn't keep your hands off of that 'dough' huh.
2847,4074,3,13,65,81,1.2345679012345678,0.05630495926415497,610,"The eggs are fine, but the cream decided to press charges."
2799,4074,3,13,65,81,1.2345679012345678,0.05630495926415497,610,I told you not to put the rat poison on the spice shelf
3027,4074,3,13,65,81,1.2345679012345678,0.05630495926415497,610,Now do you think it's funny baking a file in the cake!
2662,4074,3,13,65,81,1.2345679012345678,0.05630495926415497,610,Your lawyer's trying very hard to get your thyme reduced.
1530,4074,2,15,64,81,1.2345679012345678,0.05349398529208222,610,I think they will catch on to the old hacksaw blade in a cake gambit.
1556,4074,3,13,65,81,1.2345679012345678,0.05630495926415497,610,It’s Passover. The dough can’t rise!
1610,4074,4,11,66,81,1.2345679012345678,0.05898211943501855,610,I told you not to cross the thin Cordon Bleu.
1618,4074,4,11,66,81,1.2345679012345678,0.05898211943501855,610,It my was my husband's fault for sending his entree back twice.
1631,4074,3,13,65,81,1.2345679012345678,0.05630495926415497,610,"Oh, so you weren't literal about the ""chocolate orgasms"", but you had to be with the ""death by chocolate?!"""
1741,4074,2,15,64,81,1.2345679012345678,0.05349398529208222,610,What exactly about nut allergy symposium didn't you get.
2764,4074,4,11,66,81,1.2345679012345678,0.05898211943501855,610,"Yes, I realize it means your tables will be fully booked every night!"
1881,4074,4,11,66,81,1.2345679012345678,0.05898211943501855,610,"So you want me to baked you a cake with hidden measuring cups, and some of those sparkly pearl sprinkles?"
1933,4074,2,15,64,81,1.2345679012345678,0.05349398529208222,610,I took the bodies out of the freezer like you asked. How long do you have to cook it to get the skin crispy like I like it?
2031,4074,3,13,65,81,1.2345679012345678,0.05630495926415497,610,"Of course, it wasn't your best; but I didn't think they'd go this far...."
2116,4074,4,11,66,81,1.2345679012345678,0.05898211943501855,610,I can still smell your garlic breath.
2128,4074,2,15,64,81,1.2345679012345678,0.05349398529208222,610,You've gone one toque over the line this time
1779,4074,3,13,65,81,1.2345679012345678,0.05630495926415497,610,"I don't care about how good the frosting is, did you look inside the cake?"
2150,4074,3,13,65,81,1.2345679012345678,0.05630495926415497,610,I TOLD you your Gourmet Bacon Mac & Cheese is so good it's a crime!
2574,4074,5,9,67,81,1.2345679012345678,0.061542931262293925,610,"You've got to think, Chef! Did the recipe call for rat poison or not?"
2558,4074,3,13,65,81,1.2345679012345678,0.05630495926415497,610,"Don't worry, I've packed your Ginsu shiv in the care package."
2536,4074,3,13,65,81,1.2345679012345678,0.05630495926415497,610,I told you they wouldn't like the sous vide salmon.
2526,4074,4,11,66,81,1.2345679012345678,0.05898211943501855,610,"No, I can't bake you a cake with a file in it."
2603,4074,4,11,66,81,1.2345679012345678,0.05898211943501855,610,"I knew you could launder money, but you cook too?"
2496,4074,2,15,64,81,1.2345679012345678,0.05349398529208222,610,I’d like the “big House” special.
2275,4074,2,15,64,81,1.2345679012345678,0.05349398529208222,610,"But that's my point! How am I suppose to ""get the file"" in it."
2203,4074,1,17,63,81,1.2345679012345678,0.050526868962175626,610,"I filed a cake for you, as you requested."
2176,4074,1,17,63,81,1.2345679012345678,0.050526868962175626,610,How do the inmates enjoy your Lobster Thermidor?
2497,4074,2,15,64,81,1.2345679012345678,0.05349398529208222,610,"No dear, I’m the one who bakes the cake with the file in it."
4568,4292,4,10,63,77,1.2337662337662338,0.06102368884435136,610,I told you your special brownies would cause trouble.
4296,4293,2,16,68,86,1.2325581395348837,0.05144802965162532,610,I'll take death by chocolate.
4538,4294,5,9,68,82,1.2317073170731707,0.060855044912969156,610,I thought this might be a good time to book a table.
4528,4294,2,15,65,82,1.2317073170731707,0.05291497070397462,610,I don't think the kids will understand that you want to stay past your release date to maintain your 5-star rating.
4489,4294,1,17,64,82,1.2317073170731707,0.04998879876882579,610,"""I've lost the recipe for 'Escape Cake'""."
4484,4294,4,11,67,82,1.2317073170731707,0.058328572493308625,610,I told you to use Real sugar.
4424,4294,3,13,66,82,1.2317073170731707,0.05568759508952443,610,The Supreme Court might redefine confit in your favor.
4294,4294,4,11,67,82,1.2317073170731707,0.058328572493308625,610,"I told you the foie gras was a bad idea, dear."
4395,4294,3,13,66,82,1.2317073170731707,0.05568759508952443,610,"Honey, we miss you at home. Can’t you take the plea deal and cop to get the lesser charge of knowingly adding gluten?"
3428,4294,5,9,68,82,1.2317073170731707,0.060855044912969156,610,"Now that you're in stir, Martha Stewart has some sage advice: Don't do the lime if you can't do the thyme."
3326,4294,1,17,64,82,1.2317073170731707,0.04998879876882579,610,I had to turn you in before you put those chicken fried hot dogs on the menu.
4143,4294,4,11,67,82,1.2317073170731707,0.058328572493308625,610,How am *I* supposed to know how to bake a cake?
4416,4294,4,11,67,82,1.2317073170731707,0.058328572493308625,610,I can't post your bail until you tell me where you stashed to dough!
4978,4294,3,13,66,82,1.2317073170731707,0.05568759508952443,610,Perhaps Sun Dried Heirloom Beef Tartare was a bit too adventurous a menu item dearest.
6999,4294,2,15,65,82,1.2317073170731707,0.05291497070397462,610,"I swear, the clams expired yesterday!"
5444,4294,3,13,66,82,1.2317073170731707,0.05568759508952443,610,I knead to phyllo you in my arms again!
5660,4294,5,9,68,82,1.2317073170731707,0.060855044912969156,610,How's that goose coming along?
5825,4294,2,15,65,82,1.2317073170731707,0.05291497070397462,610,"We told you, no anchovies!"
5860,4294,2,15,65,82,1.2317073170731707,0.05291497070397462,610,I warned you cooking something up would get you in trouble.
5998,4294,2,15,65,82,1.2317073170731707,0.05291497070397462,610,I didn't go gluten free honey.. I just couldn't
6203,4294,2,15,65,82,1.2317073170731707,0.05291497070397462,610,You would be so proud of the croissants if you saw how they've risen.
6430,4294,3,13,66,82,1.2317073170731707,0.05568759508952443,610,When you said your pizza was to kill for...
6780,4294,2,15,65,82,1.2317073170731707,0.05291497070397462,610,"The butcher backed out of the conjugal, but the candlestick-maker's standing firm."
6804,4294,4,11,67,82,1.2317073170731707,0.058328572493308625,610,"No, I cannot sneak a file in the flan. I doubt they serve flan."
6887,4294,3,13,66,82,1.2317073170731707,0.05568759508952443,610,"Well, with time served, you should be out in 12 ..wait! make that 13 months."
7285,4294,3,13,66,82,1.2317073170731707,0.05568759508952443,610,"When you said your Penne Furto was criminal, I thought you were joking."
3107,4294,5,9,68,82,1.2317073170731707,0.060855044912969156,610,"With good behavior, we can reduce your sentence fro 60 minutes to 45."
7734,4294,4,11,67,82,1.2317073170731707,0.058328572493308625,610,They would not let me bring you your knives.
5383,4294,0,19,63,82,1.2317073170731707,0.04688033575069429,610,I guess the chowder really was to die for.
3075,4294,2,15,65,82,1.2317073170731707,0.05291497070397462,610,We've secured Wolfgang Puck as your parole officer.
4619,4294,4,11,67,82,1.2317073170731707,0.058328572493308625,610,"I swear, it was a crime of passionfruit"
2608,4294,1,17,64,82,1.2317073170731707,0.04998879876882579,610,This is not the place to lose it again over one mean Yelp review.
8,4294,4,11,67,82,1.2317073170731707,0.058328572493308625,610,According to the police your veal was 'to die for'.
30,4294,3,13,66,82,1.2317073170731707,0.05568759508952443,610,"Honey, there’s a difference between ‘whey’ and ‘weed’."
147,4294,2,15,65,82,1.2317073170731707,0.05291497070397462,610,Joseph says in three days you're toast.
169,4294,3,13,66,82,1.2317073170731707,0.05568759508952443,610,"Nope, nothing in the oven yet."
330,4294,2,15,65,82,1.2317073170731707,0.05291497070397462,610,I told you not to cook the goose.
2824,4294,3,13,66,82,1.2317073170731707,0.05568759508952443,610,The good news is that your jail house cookies were a hit but the bad news is that the Food network rejected the prison food series
555,4294,2,15,65,82,1.2317073170731707,0.05291497070397462,610,I distinctly remember asking you to serve poisson not poison!
734,4294,1,17,64,82,1.2317073170731707,0.04998879876882579,610,Well you always said your dishes could kill
1097,4294,2,15,65,82,1.2317073170731707,0.05291497070397462,610,You know that you cant have your cake and eat it too!
1107,4294,3,13,66,82,1.2317073170731707,0.05568759508952443,610,I wasn't kidding when I said your tuna casserole was criminal.
1185,4294,4,11,67,82,1.2317073170731707,0.058328572493308625,610,"You don't even like books, so why would you cook them?!"
1287,4294,5,9,68,82,1.2317073170731707,0.060855044912969156,610,I'm pretty sure they always put cannibals in solitary.
1033,4294,3,13,66,82,1.2317073170731707,0.05568759508952443,610,"Well, I don't think any quite expected that as the Chef's surprise"
1295,4294,5,9,68,82,1.2317073170731707,0.060855044912969156,610,Just don't tell them where the dough is.
2597,4294,3,13,66,82,1.2317073170731707,0.05568759508952443,610,I told you to stop stirring the pot
1289,4294,1,17,64,82,1.2317073170731707,0.04998879876882579,610,I'm sorry dear. Looks like your goose is cooked.
2065,4294,3,13,66,82,1.2317073170731707,0.05568759508952443,610,I always said your soufflé was absolutely criminal.
1829,4294,4,11,67,82,1.2317073170731707,0.058328572493308625,610,...but no! You *had* to pair the poulet au vinaigre à la lyonnaise with the 2005 Santenay. Mister big shot experimental chef.
1820,4294,0,19,63,82,1.2317073170731707,0.04688033575069429,610,I warned you you make a killer steak
1745,4294,4,11,67,82,1.2317073170731707,0.058328572493308625,610,Trump appointed Dagwood Secretary of Transportation.
2066,4294,4,11,67,82,1.2317073170731707,0.058328572493308625,610,"It's great to ketchup with you, I was worried after all these years that you'd pasta way."
1546,4294,4,11,67,82,1.2317073170731707,0.058328572493308625,610,"Sorry, I used too much orange zest in the cake batter and the file rusted."
1477,4294,3,13,66,82,1.2317073170731707,0.05568759508952443,610,Where did you leave the dough?
1315,4294,3,13,66,82,1.2317073170731707,0.05568759508952443,610,You said you couldn't be held responsible for steaks cooked well-done.
1614,4294,2,15,65,82,1.2317073170731707,0.05291497070397462,610,We’ve got to stop eating like this.
1601,4349,0,18,60,78,1.2307692307692308,0.04801444491787377,610,"You had to sell those hot cakes, didn't ya!"
2382,4349,0,18,60,78,1.2307692307692308,0.04801444491787377,610,They gave me a bakers dozen.
310,4349,2,17,72,91,1.2307692307692308,0.04960632092961231,610,You're looking at ten to twenty in the fryer.
4937,4352,4,11,68,83,1.2289156626506024,0.05768911891870085,610,Bad news. They found the pain perdu.
7526,4352,3,13,67,83,1.2289156626506024,0.05508335575603268,610,Where did you put all the spoons?
7321,4352,1,17,65,83,1.2289156626506024,0.0494616958949545,610,I didn’t mean you to take my request for a five-alarm chili so literally!
6953,4352,1,17,65,83,1.2289156626506024,0.0494616958949545,610,"What do you mean, “The mackeral isn’t fresh?”"
6467,4352,1,17,65,83,1.2289156626506024,0.0494616958949545,610,They found WHAT in the burritos ?
6159,4352,3,13,67,83,1.2289156626506024,0.05508335575603268,610,You poissoned them.
5893,4352,3,13,67,83,1.2289156626506024,0.05508335575603268,610,I can get a file but you'll have to bake the cake.
3735,4352,3,13,67,83,1.2289156626506024,0.05508335575603268,610,"“Hate to break it to you like this, dear, but I’ve found another chef to bring home the dough”."
1448,4352,4,11,68,83,1.2289156626506024,0.05768911891870085,610,"I know you're anxious to get right back to work, Harry, but you've got another 22 years and 4 months to wait."
3051,4352,3,13,67,83,1.2289156626506024,0.05508335575603268,610,What were you thinking? I told you not to submit that recipe to Food and Wine magazine.
1821,4352,2,15,66,83,1.2289156626506024,0.052348044099806715,610,The girl in the cake said you never wash your hands.
1392,4352,1,17,65,83,1.2289156626506024,0.0494616958949545,610,It's not all bad news.Your Sous Chef got a promotion
1388,4352,1,17,65,83,1.2289156626506024,0.0494616958949545,610,I was afraid whipping those eggs might lead to something like this.
3146,4352,4,11,68,83,1.2289156626506024,0.05768911891870085,610,Have they let you take a crack at the mess hall yet?
5459,4366,4,10,65,79,1.2278481012658229,0.059614054314375706,610,"I just wish you didn't have to say ""I killed this"" so often."
5389,4366,2,14,63,79,1.2278481012658229,0.0538952278235385,610,"The knives aren't sharp enough in here, it's terrible."
5224,4366,4,10,65,79,1.2278481012658229,0.059614054314375706,610,"Look, I too didn't realize Del Posto took overcooking pasta so seriously."
5124,4366,2,14,63,79,1.2278481012658229,0.0538952278235385,610,But there's some good news too. Clarence Thomas loved the scones!
5012,4366,4,10,65,79,1.2278481012658229,0.059614054314375706,610,"I really need that spring pan cake recipe, if you know what I mean."
4951,4366,1,16,62,79,1.2278481012658229,0.050794937122985086,610,"Sorry to have to tell you this after such a hard day at work, but he had a 'taster'."
4819,4366,2,14,63,79,1.2278481012658229,0.0538952278235385,610,Why are you in custardy
4664,4366,3,12,64,79,1.2278481012658229,0.05682662691885053,610,So my order will take nine years…minus a few months for good behavior?
4649,4366,3,12,64,79,1.2278481012658229,0.05682662691885053,610,"I said ""butcher knife"" not ""knife butcher."""
4562,4366,2,14,63,79,1.2278481012658229,0.0538952278235385,610,"""Do I blend the hacksaw in with the milk and eggs""?"
4534,4366,0,18,61,79,1.2278481012658229,0.04749269093771061,610,"See? I told you, that your half baked idea, would fail!"
4426,4366,2,14,63,79,1.2278481012658229,0.0538952278235385,610,The survivors are swearing it was the Komodo Dragon sauce.
4462,4366,3,12,64,79,1.2278481012658229,0.05682662691885053,610,bad news... the post mortem proves the coq was really old and the vin was underage
4327,4366,4,10,65,79,1.2278481012658229,0.059614054314375706,610,"I know he said he was a psychiatrist, but you can't just cook anything a patron brings in!"
4324,4366,2,14,63,79,1.2278481012658229,0.0538952278235385,610,I’m afraid I had to bake it inside one of those box mix cakes.
4295,4366,0,18,61,79,1.2278481012658229,0.04749269093771061,610,"Honey, I got reassigned to be behind the bar."
4187,4366,3,12,64,79,1.2278481012658229,0.05682662691885053,610,I'm not crying. I just cut some onions.
4172,4366,2,14,63,79,1.2278481012658229,0.0538952278235385,610,"No chance of getting your favorite cutting knife to you in a cake. You're the baker, not me."
4156,4366,2,14,63,79,1.2278481012658229,0.0538952278235385,610,I warned you about your killer Beef Wellington.
4035,4366,2,14,63,79,1.2278481012658229,0.0538952278235385,610,I see they made you sous chef for the bread and water
3946,4366,4,10,65,79,1.2278481012658229,0.059614054314375706,610,Pete Wells wants your bouillabaisse tried as a crime against humanity.
3996,4366,3,12,64,79,1.2278481012658229,0.05682662691885053,610,That recipe you sent you said 5 to 10 –did that mean minutes or years?
5502,4366,1,16,62,79,1.2278481012658229,0.050794937122985086,610,How many times did I warn you about stealing recipes!
3875,4366,3,12,64,79,1.2278481012658229,0.05682662691885053,610,I promise the family recipe is safe with me too!
5651,4366,2,14,63,79,1.2278481012658229,0.0538952278235385,610,I told ya...you were using too much cream.
7556,4366,3,12,64,79,1.2278481012658229,0.05682662691885053,610,"Yes, your food was really that bad."
5748,4366,3,12,64,79,1.2278481012658229,0.05682662691885053,610,"""Looks like someone's baked their own cake""."
7938,4366,1,16,62,79,1.2278481012658229,0.050794937122985086,610,I’d kill for your pasta fazul.
7897,4366,4,10,65,79,1.2278481012658229,0.059614054314375706,610,Can you make it gluten free?
7880,4366,1,16,62,79,1.2278481012658229,0.050794937122985086,610,Thank your lucky stars you have a captive audience !
7822,4366,6,6,67,79,1.2278481012658229,0.06483035833190771,610,You were right. It was the well-done steak.
7757,4366,0,18,61,79,1.2278481012658229,0.04749269093771061,610,It's good to see they sent you to the kitchen.
7648,4366,1,16,62,79,1.2278481012658229,0.050794937122985086,610,It's all set. I found your recipe for hacksaw layer cake.
3853,4366,3,12,64,79,1.2278481012658229,0.05682662691885053,610,"I told you naming it ""Sanctuary"" in Orange County was a bad choice."
7459,4366,3,12,64,79,1.2278481012658229,0.05682662691885053,610,I know Pete Wells has clout but all this because the souffle fell?
7434,4366,3,12,64,79,1.2278481012658229,0.05682662691885053,610,They found your rigatoni drowning in an uninspired Bolognese.
7244,4366,2,14,63,79,1.2278481012658229,0.0538952278235385,610,"When I said your soufflé was ‘criminally delicious,’ I had no idea that would be used as evidence."
7083,4366,3,12,64,79,1.2278481012658229,0.05682662691885053,610,"Raphael, you have to stop cooking the bourbon pecan chicken for the prison guards if you ever want to get out of here."
6952,4366,4,10,65,79,1.2278481012658229,0.059614054314375706,610,I have a file but I don't know how to bake a cake.
6914,4366,2,14,63,79,1.2278481012658229,0.0538952278235385,610,"I told you, the governor said, ""No gluten!"""
6826,4366,1,16,62,79,1.2278481012658229,0.050794937122985086,610,Your escape plan idea is half baked.
6671,4366,2,14,63,79,1.2278481012658229,0.0538952278235385,610,They'll let you out if you reveal the recipe.
6624,4366,3,12,64,79,1.2278481012658229,0.05682662691885053,610,You and your secret sauce nonsense
6589,4366,3,12,64,79,1.2278481012658229,0.05682662691885053,610,"Sorry, Harry, they won’t give you a day pass to cater a bar mitzvah."
6552,4366,3,12,64,79,1.2278481012658229,0.05682662691885053,610,I heard that the chef's special is The Jailhouse Bird.
6492,4366,2,14,63,79,1.2278481012658229,0.0538952278235385,610,Your soufflé has fallen.
6443,4366,4,10,65,79,1.2278481012658229,0.059614054314375706,610,"When you said 25 - 30, I thought you meant the eggplant parmigiana."
6270,4366,1,16,62,79,1.2278481012658229,0.050794937122985086,610,I stole the dough.
6264,4366,3,12,64,79,1.2278481012658229,0.05682662691885053,610,It's amazing the power Gordon Ramsay has.
5894,4366,2,14,63,79,1.2278481012658229,0.0538952278235385,610,"For the last time, your meat pies were delicious. That doesn't make up for what got you in here."
5875,4366,0,18,61,79,1.2278481012658229,0.04749269093771061,610,This isn't the surprise I was hoping for.
5796,4366,3,12,64,79,1.2278481012658229,0.05682662691885053,610,I can't believe you didn't know know cyanide isn't a spice.
5670,4366,3,12,64,79,1.2278481012658229,0.05682662691885053,610,The new head chef told me never contact you. But I just had to tell you in person about the porcini risotto and the soufflé.
3520,4366,3,12,64,79,1.2278481012658229,0.05682662691885053,610,"Its not you, its me"
2760,4366,3,12,64,79,1.2278481012658229,0.05682662691885053,610,"I brought the file, but baking was always more of your thing."
3470,4366,0,18,61,79,1.2278481012658229,0.04749269093771061,610,So the judge said to charge you with 350 degrees and leave in you in for about 30-40 years or until an inserted toothpick comes out clean.
2021,4366,3,12,64,79,1.2278481012658229,0.05682662691885053,610,Impersonating a chef is a recipe for disaster
1916,4366,0,18,61,79,1.2278481012658229,0.04749269093771061,610,"Don't worry, they say your goose is cooked? And me, with a bun in the oven..."
1892,4366,3,12,64,79,1.2278481012658229,0.05682662691885053,610,"Yes, I can deliver your order, October 3, 2024"
1847,4366,1,16,62,79,1.2278481012658229,0.050794937122985086,610,An informant told the warden your kale was a GMO.
1754,4366,3,12,64,79,1.2278481012658229,0.05682662691885053,610,"You're a chef, can't you bake your own cake with a file in it?"
3500,4366,3,12,64,79,1.2278481012658229,0.05682662691885053,610,The attorney told me that your goose is cooked.
1687,4366,4,10,65,79,1.2278481012658229,0.059614054314375706,610,"No, we're not a legal Marijuana state"
1518,4366,3,12,64,79,1.2278481012658229,0.05682662691885053,610,I'll have today's special.
1463,4366,0,18,61,79,1.2278481012658229,0.04749269093771061,610,You should have said to add the hacksaw AFTER sifting the flour.
1416,4366,3,12,64,79,1.2278481012658229,0.05682662691885053,610,Just whisper it to me – where did you put the A-R-S-E-N-I-C?
1339,4366,1,16,62,79,1.2278481012658229,0.050794937122985086,610,What's the recipe for file cake?
1277,4366,3,12,64,79,1.2278481012658229,0.05682662691885053,610,I told you not to steal my grandma’s secrete recipe
1068,4366,1,16,62,79,1.2278481012658229,0.050794937122985086,610,"From now on,the only thing you'll be serving is time."
1042,4366,1,16,62,79,1.2278481012658229,0.050794937122985086,610,"No, the plan was for ME to take the fall and YOU to bake the cake."
929,4366,1,16,62,79,1.2278481012658229,0.050794937122985086,610,I warned you about putting the pufferfish on the menu
518,4366,2,14,63,79,1.2278481012658229,0.0538952278235385,610,"Sorry, but louder this time, what's the secret ingredient for 'file' cake, again?"
319,4366,4,10,65,79,1.2278481012658229,0.059614054314375706,610,"First, you're the chef. Second, a file in a cake is cliche."
187,4366,3,12,64,79,1.2278481012658229,0.05682662691885053,610,I can scarcely wait until your release. I am tired of hamburger helper.
177,4366,2,14,63,79,1.2278481012658229,0.0538952278235385,610,"Sorry honey, but they're right. Your creme brulee really is a crime against humanity."
109,4366,3,12,64,79,1.2278481012658229,0.05682662691885053,610,"Next time just put the price of the specials on the menu."""
78,4366,4,10,65,79,1.2278481012658229,0.059614054314375706,610,"okay, don't let on anything, but there's a cake in the package of metal files you'll receive shortly"
25,4366,3,12,64,79,1.2278481012658229,0.05682662691885053,610,Billy said he wants to learn to cook the books like his daddy.
20,4366,0,18,61,79,1.2278481012658229,0.04749269093771061,610,"Out of anybody, you had to give the President food poisoning?"
2043,4366,1,16,62,79,1.2278481012658229,0.050794937122985086,610,"So you admit you baked the cake, but don't know how the file got in there?"
2045,4366,3,12,64,79,1.2278481012658229,0.05682662691885053,610,I think we should go back to being pen pals.
1706,4366,3,12,64,79,1.2278481012658229,0.05682662691885053,610,"So you made him broccoli and now you here. Why didn't you just make the President a taco salad like he asked, Doug?"
3341,4366,2,14,63,79,1.2278481012658229,0.0538952278235385,610,"If they preheat for 10, you'll be out in 30."
3450,4366,4,10,65,79,1.2278481012658229,0.059614054314375706,610,So you had to get fancy with your cooking the books recipe!
3423,4366,2,14,63,79,1.2278481012658229,0.0538952278235385,610,Well at least now you know what a Bloody Mary really is.
3391,4366,1,16,62,79,1.2278481012658229,0.050794937122985086,610,"Still cooking up schemes, I see."
2102,4366,2,14,63,79,1.2278481012658229,0.0538952278235385,610,"I'd bake a cake with a knife, but I can't bake."
3234,4366,4,10,65,79,1.2278481012658229,0.059614054314375706,610,The judges say your defense is only half-baked.
3156,4366,3,12,64,79,1.2278481012658229,0.05682662691885053,610,You don't have to advertise that you were cooking the books.
3101,4366,3,12,64,79,1.2278481012658229,0.05682662691885053,610,And what would be a good substitute for the poison?
3100,4366,3,12,64,79,1.2278481012658229,0.05682662691885053,610,The Yelp reviews... they're getting worse.
3032,4366,4,10,65,79,1.2278481012658229,0.059614054314375706,610,I've got the file. What kind of cake would you like?
2895,4366,3,12,64,79,1.2278481012658229,0.05682662691885053,610,So turns out it wasn't flour
2882,4366,4,10,65,79,1.2278481012658229,0.059614054314375706,610,The cops found out where you buried your dough.
3070,4366,1,16,62,79,1.2278481012658229,0.050794937122985086,610,"I'm sorry, Rene, but for a Cheez Whiz fondue like that there will be no sppeal."
2715,4366,3,12,64,79,1.2278481012658229,0.05682662691885053,610,Is the cake with the file in it supposed to be cooked at 450 for 35 minutes or 350 for 45 minutes?
2161,4366,4,10,65,79,1.2278481012658229,0.059614054314375706,610,But she wasn't just a piece of meat.
2869,4366,0,18,61,79,1.2278481012658229,0.04749269093771061,610,I can't keep coming back to find out what I've done wrong with your recipe. It's time to bake your birthday cake with that saw.
2282,4366,3,12,64,79,1.2278481012658229,0.05682662691885053,610,I am being punished for your crime. You take the cake!
2359,4366,1,16,62,79,1.2278481012658229,0.050794937122985086,610,"Mind you buns in there, Honey."
2363,4366,1,16,62,79,1.2278481012658229,0.050794937122985086,610,"I'm sorry, Ben, the souffle didn't make it."
2255,4366,2,14,63,79,1.2278481012658229,0.0538952278235385,610,What kind of 'dough' did you think I meant?
2667,4366,3,12,64,79,1.2278481012658229,0.05682662691885053,610,"‘I need to know, where do you put the file in a souffle mix?’"
2673,4366,2,14,63,79,1.2278481012658229,0.0538952278235385,610,Please don’t use death by chocolate as a legal defense.
2684,4366,3,12,64,79,1.2278481012658229,0.05682662691885053,610,I’m doing 15-Life at 225 Fahrenheit
2569,4366,0,18,61,79,1.2278481012658229,0.04749269093771061,610,I know it's a family secret but that won't hold up in court.
4715,4472,0,17,58,75,1.2266666666666666,0.04866999865182624,610,I've ordered a file with a cake baked in it.
6401,4472,0,17,58,75,1.2266666666666666,0.04866999865182624,610,"It's just a recipe, Jules. It's not state's evidence."
5360,4474,4,10,66,80,1.225,0.05893302355914539,610,I should’ve known when you said the bread would have to rise for 5 to 10 years.
4599,4474,6,6,68,80,1.225,0.06407817614623444,610,I didn't know it is a felony offense to put pineapple on pizza.
4700,4474,2,14,64,80,1.225,0.0532934318037197,610,I told you the beef was over seasoned and now look at you ... arrested for reckless a-salt.
4853,4474,3,12,65,80,1.225,0.056184033048725275,610,So did you really believe.... that I would let you run the kitchen ?
5210,4474,2,14,64,80,1.225,0.0532934318037197,610,No one will suspect the cake
5418,4474,2,14,64,80,1.225,0.0532934318037197,610,We saw it all on the stake out. We're gonna grill you on the stand.
7395,4474,3,12,65,80,1.225,0.056184033048725275,610,"Just because your the presidents chef, it didnt grant you had the same grab rights with your staff."
5891,4474,1,16,63,80,1.225,0.050236781119167954,610,How's the risotto?
6642,4474,0,18,62,80,1.225,0.04698168239870363,610,I didn't know food crimes were so serious.
6920,4474,2,14,64,80,1.225,0.0532934318037197,610,"She said she was a gluten-free, vegan with food allergies--what was I supposed to do?"
7653,4474,2,14,64,80,1.225,0.0532934318037197,610,"They did love your meringue, but they were actually giving you the Miranda Warning."
4433,4474,2,14,64,80,1.225,0.0532934318037197,610,"Next time, we'll tell them it's baking soda."
7247,4474,3,12,65,80,1.225,0.056184033048725275,610,The attorney said I won't have to testify against your casserole.
5562,4474,4,10,66,80,1.225,0.05893302355914539,610,"I said skewer the duck, not the Doc."
4407,4474,5,8,67,80,1.225,0.06155937753117162,610,I told you not to serve the Italian Ambassador cheese on fish.
5981,4474,1,16,63,80,1.225,0.050236781119167954,610,The dish ran away with the spoon... I'm sorry.
3766,4474,5,8,67,80,1.225,0.06155937753117162,610,"Two years for harassing the Salmon, 10 years for exposing yourself to the Catfish..."
3977,4474,2,14,64,80,1.225,0.0532934318037197,610,"So who's your sous-chef now, honey?"
315,4474,2,14,64,80,1.225,0.0532934318037197,610,I told you your alibi was half-baked!
1346,4474,5,8,67,80,1.225,0.06155937753117162,610,"I know you've been stressed lately, but what I said was 'Let's go meet the Cleavers, our new neighbors' and not that they voted for Trump and you should go after them with a meat cleaver."
2138,4474,2,14,64,80,1.225,0.0532934318037197,610,Whatever did you burn? Trump's hamburger or Dimm's Secret Dossier?
2624,4474,3,12,65,80,1.225,0.056184033048725275,610,"You finally got a three star rating from Michelin, but Starbucks bought the location. And the other inmates think the portions are too small."
402,4474,3,12,65,80,1.225,0.056184033048725275,610,If I Knew You Were Comin' I'd've Baked a Cake
2692,4474,3,12,65,80,1.225,0.056184033048725275,610,The soufflés are not the same without you.
3414,4474,5,8,67,80,1.225,0.06155937753117162,610,Elsa is okay but where's Arthur? Is he hiding in the freezer again I told him not to do that!
3442,4474,2,14,64,80,1.225,0.0532934318037197,610,The attorney will prove you were framed by the candlestick maker.
3635,4474,4,10,66,80,1.225,0.05893302355914539,610,I tried to tell you people would kill for your muffins
3712,4474,2,14,64,80,1.225,0.0532934318037197,610,Your lawyers are going to argue that serving chicken nuggets is cruel and unusual punishment.
2640,4474,2,14,64,80,1.225,0.0532934318037197,610,A chef’s knife still constitutes a weapon.
2270,4503,3,11,62,76,1.2236842105263157,0.058034122480782775,610,A small price to pay now that hubby’s out of the way.
7064,4503,2,13,61,76,1.2236842105263157,0.05492797264720445,610,Don't forget to preheat the gas chamber.
5015,4503,2,13,61,76,1.2236842105263157,0.05492797264720445,610,The Times said you killed it.
3843,4506,3,12,66,81,1.2222222222222223,0.05555555555555555,610,how big a baking tin ?
5043,4506,2,14,65,81,1.2222222222222223,0.05270462766947299,610,Let's just hope the Judge will order in the court.
6240,4506,2,14,65,81,1.2222222222222223,0.05270462766947299,610,I knew you were in trouble when the souffle fell.
7388,4506,1,16,64,81,1.2222222222222223,0.049690399499995326,610,I told you the bread heist plan was half-baked!
5266,4510,2,13,62,77,1.2207792207792207,0.05428770923216617,610,"No, I couldn't sneak in the sous-vide. Can't you make do with the shiv?"
5164,4510,1,15,61,77,1.2207792207792207,0.05104303942770242,610,"Honey, I told you! Mixing fish and cheese is a serious crime!"
5078,4510,2,13,62,77,1.2207792207792207,0.05428770923216617,610,My soup was cold.
4924,4510,3,11,63,77,1.2207792207792207,0.057349096534596404,610,I thought you would like to know your hemlock cake is enjoying a wide audience.
4982,4510,3,11,63,77,1.2207792207792207,0.057349096534596404,610,"Yes, a chocolate layer cake. The hacksaw should be in the middle layer."
4949,4510,4,9,64,77,1.2207792207792207,0.06025514395462593,610,I told you were making too much dough.
4930,4510,2,13,62,77,1.2207792207792207,0.05428770923216617,610,"This is Orange County. Bake the file into an organic, gluten-free, all-butter lingonberry tart if you would, please."
5285,4510,6,5,66,77,1.2207792207792207,0.0656826413317032,610,I told you not to listen to Martha Stewart's stock market advice!
5035,4510,3,11,63,77,1.2207792207792207,0.057349096534596404,610,I told you that would cook your goose.
5319,4510,3,11,63,77,1.2207792207792207,0.057349096534596404,610,Apparently hard work can kill somebody.
5690,4510,3,11,63,77,1.2207792207792207,0.057349096534596404,610,Yes they told you to make them a chocolate cake to die for but..
5398,4510,3,11,63,77,1.2207792207792207,0.057349096534596404,610,I can't give you any more dough!
5409,4510,1,15,61,77,1.2207792207792207,0.05104303942770242,610,You knew this was a possibility when you put raisens in the cookies.
5410,4510,4,9,64,77,1.2207792207792207,0.06025514395462593,610,"C'mon, they would have caught you even with the books on simmer."
5445,4510,4,9,64,77,1.2207792207792207,0.06025514395462593,610,"Yeah, I know... I always thought the expression ""the cooking was criminal"" was figurative too."
5457,4510,1,15,61,77,1.2207792207792207,0.05104303942770242,610,What are you cooking up now?
5528,4510,4,9,64,77,1.2207792207792207,0.06025514395462593,610,They say you are in there for a baker's dozen
5625,4510,2,13,62,77,1.2207792207792207,0.05428770923216617,610,"I'm sorry they made you heat up your Vichyssoise, but there's nothing I can do about that."
5700,4510,2,13,62,77,1.2207792207792207,0.05428770923216617,610,Is it true? What they say about dropping the cantaloupe?
5764,4510,3,11,63,77,1.2207792207792207,0.057349096534596404,610,"Sorry, Ralph, the hacksaw-in-pizza got burnt, and the soufflé with the file didn’t rise!"
5765,4510,1,15,61,77,1.2207792207792207,0.05104303942770242,610,I don’t care if you think it wasn’t light and fluffy. I was just trying to hide the file.
5328,4510,3,11,63,77,1.2207792207792207,0.057349096534596404,610,They still don’t know the stolen tips are in the toque
4908,4510,2,13,62,77,1.2207792207792207,0.05428770923216617,610,Apparently the three strikes rule applies to cream sauce.
4596,4510,2,13,62,77,1.2207792207792207,0.05428770923216617,610,"For God's sake, Lenny, you gotta tell me where you stashed the chives."
4820,4510,1,15,61,77,1.2207792207792207,0.05104303942770242,610,Since you privatized I can no longer afford the prix fixe menu
4189,4510,1,15,61,77,1.2207792207792207,0.05104303942770242,610,THE CHILDREN WANT TO KNOW HOW LONG DO THEY HAVE TO PUT UP WITH MY COOKING?
4241,4510,5,7,65,77,1.2207792207792207,0.06302734226231446,610,Have you tried to get into the Martha Stewart Wing? I hear they have floral sheets and pot pourri in every cell.
4305,4510,2,13,62,77,1.2207792207792207,0.05428770923216617,610,But why 13 years?
4323,4510,2,13,62,77,1.2207792207792207,0.05428770923216617,610,"OK, no problem,I can buy the hacksaw. But tell me one more time how to bake a cake."
4340,4510,2,13,62,77,1.2207792207792207,0.05428770923216617,610,They say you'll be put in for eight to ten at about third degree.
4355,4510,1,15,61,77,1.2207792207792207,0.05104303942770242,610,The chicken piccata just isn’t the same without you!
4369,4510,1,15,61,77,1.2207792207792207,0.05104303942770242,610,When I said the seasoning was a crime I didn't think they'd actually convict!
4475,4510,2,13,62,77,1.2207792207792207,0.05428770923216617,610,I told the police the RECIPE was killer!
4487,4510,4,9,64,77,1.2207792207792207,0.06025514395462593,610,"I have a file, but you need to bake the cake."
4491,4510,4,9,64,77,1.2207792207792207,0.06025514395462593,610,"I told you crème doesn't pay, but you never listened!"
4520,4510,3,11,63,77,1.2207792207792207,0.057349096534596404,610,A file? In the cake? That's ingenious!
4521,4510,2,13,62,77,1.2207792207792207,0.05428770923216617,610,They confiscated the baking powder.
4527,4510,1,15,61,77,1.2207792207792207,0.05104303942770242,610,I told you the blue of the Blue Plate Special was mold.
4533,4510,4,9,64,77,1.2207792207792207,0.06025514395462593,610,Don't worry your lawyer thinks she has found a loophole in the gluten free wording.
4558,4510,3,11,63,77,1.2207792207792207,0.057349096534596404,610,You try baking a file into a cake.
4575,4510,2,13,62,77,1.2207792207792207,0.05428770923216617,610,"I'm sorry to say, but the pastryarchy has fallen."
5833,4510,2,13,62,77,1.2207792207792207,0.05428770923216617,610,I was concerned when you wrote you were doing buttered buns.
4661,4510,2,13,62,77,1.2207792207792207,0.05428770923216617,610,You want ME to bake a cake and put a file in it ? How droll.
4672,4510,1,15,61,77,1.2207792207792207,0.05104303942770242,610,Your cuisine is just criminal.
4678,4510,1,15,61,77,1.2207792207792207,0.05104303942770242,610,"Hey, pretty fancy outfit for one limited to making bologna sandwiches."
4681,4510,2,13,62,77,1.2207792207792207,0.05428770923216617,610,Now they want to know the exact date you changed your Russian Dressing recipe?
4728,4510,0,17,60,77,1.2207792207792207,0.0475776037055225,610,Don’t tell me you dropped the soup again.
4764,4510,3,11,63,77,1.2207792207792207,0.057349096534596404,610,they’re saying you didn’t use a leaven but I think they’re just trying to get a rise out of me
4829,4510,4,9,64,77,1.2207792207792207,0.06025514395462593,610,Dale won't use tumeric till you return. But he is sprinkling everything with stevia.
5939,4510,2,13,62,77,1.2207792207792207,0.05428770923216617,610,How much sugar and how much oil?
6385,4510,1,15,61,77,1.2207792207792207,0.05104303942770242,610,I want custody of our Julia Child.
6009,4510,2,13,62,77,1.2207792207792207,0.05428770923216617,610,Make it three cinnamon twists and a loaf of pumpernickel.
7050,4510,3,11,63,77,1.2207792207792207,0.057349096534596404,610,I told you it was too spicy!
7056,4510,3,11,63,77,1.2207792207792207,0.057349096534596404,610,The pastry chef wouldn’t put the file in the cake. He said it’s too cliche.
7061,4510,2,13,62,77,1.2207792207792207,0.05428770923216617,610,"Yeah, it was a sinful chocolate cake, but this is ridiculous."
7070,4510,3,11,63,77,1.2207792207792207,0.057349096534596404,610,I told you not to serve duck and octopus at the Bernstein wedding.
7086,4510,2,13,62,77,1.2207792207792207,0.05428770923216617,610,Your bechamel is a crime.
7102,4510,1,15,61,77,1.2207792207792207,0.05104303942770242,610,I warned you not to pair the chardonnay with the tenderloin.
7122,4510,1,15,61,77,1.2207792207792207,0.05104303942770242,610,Don't you think a file in a cake would be kind of obvious?
7132,4510,3,11,63,77,1.2207792207792207,0.057349096534596404,610,For meatloaf should I set the oven for 325 or 350?
7215,4510,1,15,61,77,1.2207792207792207,0.05104303942770242,610,"No, noone is saying cilantro isn't wonderful, Si, but you've got to learn where that line is."
7304,4510,3,11,63,77,1.2207792207792207,0.057349096534596404,610,"If you plead, you'll get twelve hours on low heat."
7307,4510,2,13,62,77,1.2207792207792207,0.05428770923216617,610,I told you that new shrimp entree was a killer dish!
7311,4510,4,9,64,77,1.2207792207792207,0.06025514395462593,610,"why did you do it chef, you only lost 1 star"
7354,4510,1,15,61,77,1.2207792207792207,0.05104303942770242,610,I told you what would happen if you put oregano on the strawberries.
7379,4510,3,11,63,77,1.2207792207792207,0.057349096534596404,610,Your lawyer will argue that the collapsed soufflé was an act of God.
7475,4510,2,13,62,77,1.2207792207792207,0.05428770923216617,610,"I'm sorry, I've looked through all your recipes and found cake with fruit, cake with pudding, but not one for cake with a file in it."
7490,4510,2,13,62,77,1.2207792207792207,0.05428770923216617,610,You were always cookin' up trouble.
7536,4510,2,13,62,77,1.2207792207792207,0.05428770923216617,610,You left the gun? What happened to the cannoli?
7600,4510,3,11,63,77,1.2207792207792207,0.057349096534596404,610,Have you met Hannibal Lector yet?
7609,4510,0,17,60,77,1.2207792207792207,0.0475776037055225,610,The recipe was for one part arsenic not one pound.
7881,4510,4,9,64,77,1.2207792207792207,0.06025514395462593,610,"You will have time to reflect on serving that steak well done, with ketchup."
7895,4510,0,17,60,77,1.2207792207792207,0.0475776037055225,610,Could I get that to go?
7906,4510,3,11,63,77,1.2207792207792207,0.057349096534596404,610,"Yes, you have six Michelin Stars...but the governor denied your stay of execution."
7918,4510,0,17,60,77,1.2207792207792207,0.0475776037055225,610,Now I know what it feels like to be left in too long.
6964,4510,0,17,60,77,1.2207792207792207,0.0475776037055225,610,"On the bright side, you'll have plenty of time for your slow roasted tomato sauce."
5955,4510,2,13,62,77,1.2207792207792207,0.05428770923216617,610,Culinary institute might be a stretch.
6948,4510,4,9,64,77,1.2207792207792207,0.06025514395462593,610,"Well, your lava cakes were to die for..."
6906,4510,1,15,61,77,1.2207792207792207,0.05104303942770242,610,"I told you not to cook the prosciutto. Still, 25 to life might be an overreaction."
6199,4510,1,15,61,77,1.2207792207792207,0.05104303942770242,610,I thought you said filet - not file.
6237,4510,3,11,63,77,1.2207792207792207,0.057349096534596404,610,"That's okay, Jacques. Just don't do that again to the Béarnaise sauce."
6251,4510,3,11,63,77,1.2207792207792207,0.057349096534596404,610,I told you not to serve blowfish testicles.
6271,4510,0,17,60,77,1.2207792207792207,0.0475776037055225,610,"Chef, boy are ye in trouble."
6312,4510,3,11,63,77,1.2207792207792207,0.057349096534596404,610,"When he said, ‘That vichyssoise is to die for,’ you weren’t meant to take him literally."
6341,4510,1,15,61,77,1.2207792207792207,0.05104303942770242,610,I told you that you should have made it gluten-free.
4186,4510,1,15,61,77,1.2207792207792207,0.05104303942770242,610,I told you he meant it when he said gluten-free.
6406,4510,1,15,61,77,1.2207792207792207,0.05104303942770242,610,So I should take the souffle out?
6414,4510,2,13,62,77,1.2207792207792207,0.05428770923216617,610,"I do miss your cooking, honey ..."
6425,4510,2,13,62,77,1.2207792207792207,0.05428770923216617,610,I just can't be a waiter anymore.
6519,4510,2,13,62,77,1.2207792207792207,0.05428770923216617,610,"The good news is, the printers were able to fit ""prison to pallet"" on the new menus.]"
6571,4510,2,13,62,77,1.2207792207792207,0.05428770923216617,610,"Didn't I warn you about the ""Chef's Surprise""?"
6595,4510,2,13,62,77,1.2207792207792207,0.05428770923216617,610,"I don't know...Diners, Drive-Ins and Detention Centers?"
6634,4510,4,9,64,77,1.2207792207792207,0.06025514395462593,610,You though that critic was joking when he said your cooking ought to be a crime.
6636,4510,3,11,63,77,1.2207792207792207,0.057349096534596404,610,And exactly how am I supposed to smuggle you a file?
6646,4510,2,13,62,77,1.2207792207792207,0.05428770923216617,610,Death by chocolate - you're looking at 20 years to life.
6647,4510,3,11,63,77,1.2207792207792207,0.057349096534596404,610,They caught me baked and then found my pot.
6663,4510,3,11,63,77,1.2207792207792207,0.057349096534596404,610,We're trying to raise the dough for your bail.
6664,4510,1,15,61,77,1.2207792207792207,0.05104303942770242,610,The good thing about this six year sentence is that you can get me lots of wonderful recipes.
6681,4510,0,17,60,77,1.2207792207792207,0.0475776037055225,610,I thought he said he WAS a Chilean sea bass...
6754,4510,1,15,61,77,1.2207792207792207,0.05104303942770242,610,"No, I can't smuggle in a pinch of safron tonight. You've got to plan better."
6858,4510,3,11,63,77,1.2207792207792207,0.057349096534596404,610,"But dear, I told you it would be positively criminal to pair decadent Marcona almonds with creamy chocolate ganache. {{'criminal' in italics, please}}"
6875,4510,3,11,63,77,1.2207792207792207,0.057349096534596404,610,"'You guys can have this for the guard house,' he says. 'My wife's sponge is always too heavy. Genius.'"
6916,4510,2,13,62,77,1.2207792207792207,0.05428770923216617,610,I've brought you some porridge.
4148,4510,4,9,64,77,1.2207792207792207,0.06025514395462593,610,Your lawyer said they are charging you with stealing all the dough!
6183,4510,3,11,63,77,1.2207792207792207,0.057349096534596404,610,"They honestly believed it was from a human!! They ordered fava beans and a nice chianti, I couldn’t NOT make the joke!"
4089,4510,2,13,62,77,1.2207792207792207,0.05428770923216617,610,I guess they had a different definition of free range
978,4510,2,13,62,77,1.2207792207792207,0.05428770923216617,610,You had to put gluten in their meal. Why?
985,4510,3,11,63,77,1.2207792207792207,0.057349096534596404,610,"""There's no way I'm going to petition the warden to allow you to make Coq au vin!"
1018,4510,0,17,60,77,1.2207792207792207,0.0475776037055225,610,They didn’t buy your ‘sous vide is suicide’ claim.
1032,4510,1,15,61,77,1.2207792207792207,0.05104303942770242,610,This is what you get for stealing my recipe!
1109,4510,3,11,63,77,1.2207792207792207,0.057349096534596404,610,If only you told me a tomato surprise had a gun in it.
1126,4510,4,9,64,77,1.2207792207792207,0.06025514395462593,610,Ok! I’ll check whether you left the oven on or not!
1132,4510,2,13,62,77,1.2207792207792207,0.05428770923216617,610,I told you to put a warning on that puffer fish dish.
1143,4510,3,11,63,77,1.2207792207792207,0.057349096534596404,610,"On the bright side, what a test kitchen!"
1149,4510,2,13,62,77,1.2207792207792207,0.05428770923216617,610,I warned you that your spaghetti sauce was a criminal act.
1188,4510,5,7,65,77,1.2207792207792207,0.06302734226231446,610,For God's sake Jerry - when you cook the books you go to jail!
958,4510,2,13,62,77,1.2207792207792207,0.05428770923216617,610,I couldn't find your Filecake recipe.
1330,4510,3,11,63,77,1.2207792207792207,0.057349096534596404,610,There's a cake inside this file ...
1379,4510,1,15,61,77,1.2207792207792207,0.05104303942770242,610,"Yes, I miss you too, but you shouldn't have poisoned the Senators soup!"
1383,4510,2,13,62,77,1.2207792207792207,0.05428770923216617,610,"Yes, just a regular nail file. Bake at 325."
1397,4510,2,13,62,77,1.2207792207792207,0.05428770923216617,610,"I know, son, but you always have been a little stir-crazy."
1430,4510,4,9,64,77,1.2207792207792207,0.06025514395462593,610,"Oh Raymond, how are we supposed to cook the books without you?"
1432,4510,4,9,64,77,1.2207792207792207,0.06025514395462593,610,"I'm sorry to have to tell you this, but I've fallen in love with the Instant Pot."
1539,4510,2,13,62,77,1.2207792207792207,0.05428770923216617,610,i told you your cooking was a crime!
1552,4510,2,13,62,77,1.2207792207792207,0.05428770923216617,610,"Don't give me that. If you cared about the kids, you wouldn't have baked them into a pie."
1585,4510,2,13,62,77,1.2207792207792207,0.05428770923216617,610,What they've done to your souffle recipe is a crime
1647,4510,3,11,63,77,1.2207792207792207,0.057349096534596404,610,I don't need you. I've got to-go now.
1671,4510,2,13,62,77,1.2207792207792207,0.05428770923216617,610,Do you deliver?
1334,4510,3,11,63,77,1.2207792207792207,0.057349096534596404,610,Maybe you should take it off when you’re sentenced.
1675,4510,1,15,61,77,1.2207792207792207,0.05104303942770242,610,"I know you’re a professional chef, dear. Still, I’m amazed they allow you to work in the prison kitchen. After all, you did try to poison my mother."
942,4510,3,11,63,77,1.2207792207792207,0.057349096534596404,610,So you tried to slip a little gluten into the dish did ya?
927,4510,1,15,61,77,1.2207792207792207,0.05104303942770242,610,"The getaway plan said to dash, but I didn’t know exactly how far."
72,4510,4,9,64,77,1.2207792207792207,0.06025514395462593,610,"Next time I say “I have a reservation,” I expect your full attention."
90,4510,1,15,61,77,1.2207792207792207,0.05104303942770242,610,That bad yelp review really hurt more than we thought it would.
117,4510,3,11,63,77,1.2207792207792207,0.057349096534596404,610,You let your souffle fall?
133,4510,2,13,62,77,1.2207792207792207,0.05428770923216617,610,"I gather from the sick diners, that the Chef's surprise didn't turn out so well"
167,4510,3,11,63,77,1.2207792207792207,0.057349096534596404,610,"No,I don't think it will help your insanity plea."
174,4510,1,15,61,77,1.2207792207792207,0.05104303942770242,610,Currying favor with the warden only gave him indigestion.
220,4510,4,9,64,77,1.2207792207792207,0.06025514395462593,610,I just bought a KFC franchise.
406,4510,0,17,60,77,1.2207792207792207,0.0475776037055225,610,Where did you hide the files that fit in the cake pan?
4092,4510,3,11,63,77,1.2207792207792207,0.057349096534596404,610,"Well, as it turns out, the food was so good it was a crime."
440,4510,3,11,63,77,1.2207792207792207,0.057349096534596404,610,I warned you about those mushrooms.
937,4510,1,15,61,77,1.2207792207792207,0.05104303942770242,610,"They ordered a cease and desist, Pierre."
471,4510,3,11,63,77,1.2207792207792207,0.057349096534596404,610,I asked for salt & batter!
483,4510,3,11,63,77,1.2207792207792207,0.057349096534596404,610,I spoke with the lawyer. You're cooked.
557,4510,3,11,63,77,1.2207792207792207,0.057349096534596404,610,"You have to listen, Max. The gluten will never be free"
580,4510,3,11,63,77,1.2207792207792207,0.057349096534596404,610,I got the chisel but cant bake the cake.
631,4510,2,13,62,77,1.2207792207792207,0.05428770923216617,610,"Well I do work for the C.I.A., it's just not the one you were thinking of!"
652,4510,2,13,62,77,1.2207792207792207,0.05428770923216617,610,"I know he said your meringue was ""to die for"" but he was being figurative, not literal..."
657,4510,2,13,62,77,1.2207792207792207,0.05428770923216617,610,Hannah Goldfield wrote that your Bouillabaisse was the crime of the century.
694,4510,3,11,63,77,1.2207792207792207,0.057349096534596404,610,The prosecutor sent your books back. He says they were overdone.
747,4510,3,11,63,77,1.2207792207792207,0.057349096534596404,610,"Had to make a ""Bombe"" for #POTUS."
901,4510,1,15,61,77,1.2207792207792207,0.05104303942770242,610,I told you that much spice was a crime.
916,4510,2,13,62,77,1.2207792207792207,0.05428770923216617,610,can you bring me some dessert before i leave
476,4510,3,11,63,77,1.2207792207792207,0.057349096534596404,610,I'm sure you'll be out of here in no thyme.
1773,4510,1,15,61,77,1.2207792207792207,0.05104303942770242,610,What ‘get rich quick’ scam did you cook up this time?
1657,4510,3,11,63,77,1.2207792207792207,0.057349096534596404,610,I told you not to beat Bobby Flay.
1921,4510,2,13,62,77,1.2207792207792207,0.05428770923216617,610,The Rabbi still insists that your foie grae was tref
2845,4510,2,13,62,77,1.2207792207792207,0.05428770923216617,610,"She said she agrees with you that a hot dog isn't a sandwich, but you can't be saying that in front of the jury."
1869,4510,2,13,62,77,1.2207792207792207,0.05428770923216617,610,"It’s over, honey. I’m not smuggling truffles in any longer."
2940,4510,0,17,60,77,1.2207792207792207,0.0475776037055225,610,"Step three, yes, but not that type of poaching."
3044,4510,1,15,61,77,1.2207792207792207,0.05104303942770242,610,I warned you using kale was now a felony.
3058,4510,3,11,63,77,1.2207792207792207,0.057349096534596404,610,Bad news. The souffle failed. Oh! So did your appeal.
3067,4510,1,15,61,77,1.2207792207792207,0.05104303942770242,610,"I understand, but I don't think a cake in a file will make it past security."
3130,4510,1,15,61,77,1.2207792207792207,0.05104303942770242,610,I told you your soufflé kills.
3254,4510,3,11,63,77,1.2207792207792207,0.057349096534596404,610,We told you we weren't kidding about the gluten...
3259,4510,4,9,64,77,1.2207792207792207,0.06025514395462593,610,"I'm sorry Pierre, but in my expert opinion your goose is cooked."
3308,4510,3,11,63,77,1.2207792207792207,0.057349096534596404,610,"What you need to do is, hide a saw inside a cake."
3318,4510,4,9,64,77,1.2207792207792207,0.06025514395462593,610,They made me prison chef. I need you to get me some saffron.
2802,4510,2,13,62,77,1.2207792207792207,0.05428770923216617,610,Then how did the soufflé collapse?
3339,4510,2,13,62,77,1.2207792207792207,0.05428770923216617,610,"I know what the recipe calls for, but using butter is not a crime."
3429,4510,3,11,63,77,1.2207792207792207,0.057349096534596404,610,I told you we needed to be worried about tort reform.
3598,4510,2,13,62,77,1.2207792207792207,0.05428770923216617,610,How are we going to get by? I cant find the airfryer and your 18 year old son can't even filet.
3650,4510,3,11,63,77,1.2207792207792207,0.057349096534596404,610,I had no foreknowledge of your failed attempt to poison my husband's coq au vin. I'm only here to get my check back.
3713,4510,2,13,62,77,1.2207792207792207,0.05428770923216617,610,"Chef, bad news! Your retainer check bounced, so I'm going to have to have your recipe for the molten chocolate cake."
3749,4510,2,13,62,77,1.2207792207792207,0.05428770923216617,610,I don't need the cake. Just the file.
3775,4510,4,9,64,77,1.2207792207792207,0.06025514395462593,610,I warned you that triple chocolate death cake was criminal...
3797,4510,4,9,64,77,1.2207792207792207,0.06025514395462593,610,I told you we shouldn’t have seen Sweeney Todd.
3821,4510,3,11,63,77,1.2207792207792207,0.057349096534596404,610,I really miss your cooking.
3829,4510,1,15,61,77,1.2207792207792207,0.05104303942770242,610,This seems a little harsh for the dessert failure at the White House.
3877,4510,2,13,62,77,1.2207792207792207,0.05428770923216617,610,"I told you not to make those Russian Truffles, didn't I, but no..."
4060,4510,3,11,63,77,1.2207792207792207,0.057349096534596404,610,"I promise honey, everyone is still talking about how well the arsenic went with the cumin"
3415,4510,3,11,63,77,1.2207792207792207,0.057349096534596404,610,I need your recipe for Beefaroni. The kids won't stop asking.
2767,4510,3,11,63,77,1.2207792207792207,0.057349096534596404,610,Now THAT was a spicy meatball.
2907,4510,4,9,64,77,1.2207792207792207,0.06025514395462593,610,No crepes suzettes at breakfast. Go figure.
2670,4510,5,7,65,77,1.2207792207792207,0.06302734226231446,610,"I told you ""Sweeney Todd's"" was not a good name for a restaurant!"
1934,4510,3,11,63,77,1.2207792207792207,0.057349096534596404,610,I'm afraid that your goose is cooked.
1970,4510,3,11,63,77,1.2207792207792207,0.057349096534596404,610,Let me get this right: You want me to smuggle an egg whisk into a cake for you?
1985,4510,2,13,62,77,1.2207792207792207,0.05428770923216617,610,"Honey, I said ""cookbooks"" NOT ""cook the books."""
1994,4510,3,11,63,77,1.2207792207792207,0.057349096534596404,610,The judge just strongly felt bad food is a crime
2717,4510,3,11,63,77,1.2207792207792207,0.057349096534596404,610,"No, you send me the cake!"
2067,4510,1,15,61,77,1.2207792207792207,0.05104303942770242,610,"Drop a live wire into a cup of water and add salt, presto, boiling water."
2108,4510,2,13,62,77,1.2207792207792207,0.05428770923216617,610,Hi sweet. What's cookin'?
2111,4510,4,9,64,77,1.2207792207792207,0.06025514395462593,610,They're saying you left the oven on.
2114,4510,3,11,63,77,1.2207792207792207,0.057349096534596404,610,Someone spilled the beans and now your goose is cooked.
2131,4510,4,9,64,77,1.2207792207792207,0.06025514395462593,610,They will never forgive the death by chocolate
2060,4510,0,17,60,77,1.2207792207792207,0.0475776037055225,610,What will I tell the sous chef?
2247,4510,2,13,62,77,1.2207792207792207,0.05428770923216617,610,Do I add the eggs with the baking soda and the hacksaw blade ?
2250,4510,2,13,62,77,1.2207792207792207,0.05428770923216617,610,"I tried to bake a saw into a cake, but that was really your thing."
2267,4510,4,9,64,77,1.2207792207792207,0.06025514395462593,610,They're saying orange is the new Blue Apron.
2462,4510,1,15,61,77,1.2207792207792207,0.05104303942770242,610,I won't keep sneaking in the onions you like if you're always going to have this reaction.
2463,4510,1,15,61,77,1.2207792207792207,0.05104303942770242,610,"Personally, I thought the mousse was just fine."
2501,4510,2,13,62,77,1.2207792207792207,0.05428770923216617,610,just release the source of your recipe!
2531,4510,2,13,62,77,1.2207792207792207,0.05428770923216617,610,I know the sentencing guidelines call for 12 years but the prosecutor said she's seeking 13.
2190,4510,4,9,64,77,1.2207792207792207,0.06025514395462593,610,Occam's razor dictates that I ask if you've cooked the books again.
2533,4510,3,11,63,77,1.2207792207792207,0.057349096534596404,610,"No, dear. I bake the cake and bring it to you with the you-know-what in it."
2538,4510,1,15,61,77,1.2207792207792207,0.05104303942770242,610,"No, no ... I'LL bake the cake, YOU use the file to escape."
3292,4717,4,9,65,78,1.2179487179487178,0.059544938487211936,610,Please cook healthy meals for my son.
3427,4717,3,11,64,78,1.2179487179487178,0.05667979681019967,610,I warned you that beating those eggs would get you in trouble.
4306,4717,1,15,62,78,1.2179487179487178,0.05046383557008775,610,So then...do I put the onions in with the mushrooms?
5686,4717,1,15,62,78,1.2179487179487178,0.05046383557008775,610,So when the critics said your croissants were criminal...
2984,4717,1,15,62,78,1.2179487179487178,0.05046383557008775,610,The fixe is in.
7706,4717,3,11,64,78,1.2179487179487178,0.05667979681019967,610,Who cares what kind? The point is I’m baking a file in it and bringing it next week.
6667,4717,6,5,67,78,1.2179487179487178,0.06489684403302305,610,"Dear, I just didn't realize the consequences of getting voted off that cooking show."
6179,4717,1,15,62,78,1.2179487179487178,0.05046383557008775,610,Our lawyer says your bouillabaisse is a crime
7795,4717,1,15,62,78,1.2179487179487178,0.05046383557008775,610,What's your sous-chef in for?
5735,4717,2,13,63,78,1.2179487179487178,0.05366189554465242,610,"Honey, I told you not to cook that meat."
2400,4717,3,11,64,78,1.2179487179487178,0.05667979681019967,610,There will be no bail. You made Crab Louie with Krab! How could you?
5843,4717,3,11,64,78,1.2179487179487178,0.05667979681019967,610,Could you PLEASE STOP about the frosting design? (Sigh). There was a file baked into it.
1549,4717,2,13,63,78,1.2179487179487178,0.05366189554465242,610,"I've got the vegetable peeler and oven mitt, but I think they're on to me."
1332,4717,3,11,64,78,1.2179487179487178,0.05667979681019967,610,It doesn't look good. They say you were caught red-sauce-handed.
1195,4717,3,11,64,78,1.2179487179487178,0.05667979681019967,610,"I always knew you were a lousy cook, but this is the dish called 'Just Deserts.'"
702,4717,2,13,63,78,1.2179487179487178,0.05366189554465242,610,Well you did always say your risotto was so good it should be a crime.
2103,4717,1,15,62,78,1.2179487179487178,0.05046383557008775,610,Can you try picking your own lox?
1927,4717,1,15,62,78,1.2179487179487178,0.05046383557008775,610,"This is what happens when you filet your mother-in-law."" ""This is what happens when you braise your mother-in-law."
4956,4735,1,14,59,74,1.2162162162162162,0.05188155518422758,610,"Because 'medium-rare"" means 'medium rare.'"
4911,4735,3,10,61,74,1.2162162162162162,0.05858465893239631,610,Hold the pickles; hold the lettuce.
4880,4735,6,4,64,74,1.2162162162162162,0.0674007566950248,610,"So you are telling me that when they rated your Pain au Chocolat ""most addictive in the city"" it was because you were using a finishing sugar cut with your old pain killer prescription?"
4871,4735,1,14,59,74,1.2162162162162162,0.05188155518422758,610,"So your souffle flopped, get over it!"
4869,4735,2,12,60,74,1.2162162162162162,0.05533469992039017,610,"No, I don't think 'Pampered Chef' is a very good prison nickname at all!"
4822,4735,2,12,60,74,1.2162162162162162,0.05533469992039017,610,"Okay, but this is the last time I'm saying it: Pat-a-cake, pat-a-cake, baker's man.."
4984,4735,4,8,62,74,1.2162162162162162,0.06166356711357833,610,"And furthermore, he wants his toque back."
4788,4735,1,14,59,74,1.2162162162162162,0.05188155518422758,610,I told you to check if the oven is off. Now this happens.
4786,4735,1,14,59,74,1.2162162162162162,0.05188155518422758,610,Why exactly do you want me to smuggle in your sous vide circulator?
4784,4735,1,14,59,74,1.2162162162162162,0.05188155518422758,610,They told me the butler didn't do it.
4763,4735,2,12,60,74,1.2162162162162162,0.05533469992039017,610,What did I tell you about doing your Emeril impression at airports?
4861,4735,2,12,60,74,1.2162162162162162,0.05533469992039017,610,It seems NOT offering gluten-free on the menu is a Federal crime in Brooklyn.
4986,4735,3,10,61,74,1.2162162162162162,0.05858465893239631,610,"Listen, I am leaving you and moving in with The Muffin Man down on Drury Lane."
5171,4735,2,12,60,74,1.2162162162162162,0.05533469992039017,610,"I know, I know. But I still need the recipe for bubba's birthday."
5082,4735,2,12,60,74,1.2162162162162162,0.05533469992039017,610,"I’m sorry to tell you this Jorge, your last meal is going to be cooked by another amateur chef."
5203,4735,4,8,62,74,1.2162162162162162,0.06166356711357833,610,"I told you to cook the souffle, not the books."
5206,4735,3,10,61,74,1.2162162162162162,0.05858465893239631,610,"Cooking the books, right?"
5301,4735,3,10,61,74,1.2162162162162162,0.05858465893239631,610,"I know that I said that the hot d'oeuvres should be to die for, but that hardly makes me the 'brains behind your scheme'."
5306,4735,3,10,61,74,1.2162162162162162,0.05858465893239631,610,Cell 23 don't want no more of that 'nouvelle cuisine' crap. Capisce?
5313,4735,1,14,59,74,1.2162162162162162,0.05188155518422758,610,When are you getting your buns out of there?
5437,4735,3,10,61,74,1.2162162162162162,0.05858465893239631,610,Do you offer a gluten free menus?
5532,4735,1,14,59,74,1.2162162162162162,0.05188155518422758,610,Food poisoning is a serious offense
5594,4735,1,14,59,74,1.2162162162162162,0.05188155518422758,610,"I told you not to make ""speical"" dough."
5601,4735,4,8,62,74,1.2162162162162162,0.06166356711357833,610,"I know the food in there is bad, but yours was worse."
5745,4735,2,12,60,74,1.2162162162162162,0.05533469992039017,610,"""Looks like someone's baked their own cake""."
5768,4735,2,12,60,74,1.2162162162162162,0.05533469992039017,610,"So you're really embracing the 'Muffin Man', nickname, huh?"
5050,4735,2,12,60,74,1.2162162162162162,0.05533469992039017,610,What's really inhumane is the fucking WIFI in here.
4757,4735,1,14,59,74,1.2162162162162162,0.05188155518422758,610,I’m the one who’s supposed to bake the cake.
4701,4735,2,12,60,74,1.2162162162162162,0.05533469992039017,610,The fatted calf's family turned you in.
4711,4735,3,10,61,74,1.2162162162162162,0.05858465893239631,610,The Times review did say the menu was criminally expensive.
3909,4735,3,10,61,74,1.2162162162162162,0.05858465893239631,610,But they said your food was to die for.
3951,4735,4,8,62,74,1.2162162162162162,0.06166356711357833,610,Sorry Dad -- The Trump Gourmet Cookbook idea is just going nowhere.
4024,4735,3,10,61,74,1.2162162162162162,0.05858465893239631,610,I thought the ladyfingers paired quite well with the tiramisu
4040,4735,3,10,61,74,1.2162162162162162,0.05858465893239631,610,"I'm sorry, there's just no way to hide a file in a macaron."
4082,4735,2,12,60,74,1.2162162162162162,0.05533469992039017,610,So you meant a baker's dozen.
4103,4735,2,12,60,74,1.2162162162162162,0.05533469992039017,610,Do I add the file before or after I bake the cake?
4150,4735,3,10,61,74,1.2162162162162162,0.05858465893239631,610,Say again? How many bars on your cell?
4174,4735,2,12,60,74,1.2162162162162162,0.05533469992039017,610,"Actually, I think I'm the one who's suppose to bake the file into the cake."
4181,4735,2,12,60,74,1.2162162162162162,0.05533469992039017,610,"I thought it was just sinful, but they say it was illegal."
4184,4735,3,10,61,74,1.2162162162162162,0.05858465893239631,610,I am really sorry that what I had you put in the brownies was illegal. But if its any consolation they tasted great!
4196,4735,3,10,61,74,1.2162162162162162,0.05858465893239631,610,"The cells aren’t too bad, but the cafeteria is a nightmare. You ask for bordelaise and they give you ketchup."
4207,4735,1,14,59,74,1.2162162162162162,0.05188155518422758,610,Since when is sinfully delicious the same as criminally delicious?
4232,4735,1,14,59,74,1.2162162162162162,0.05188155518422758,610,You want ‘me’ to bake ‘you’ a cake?
4253,4735,1,14,59,74,1.2162162162162162,0.05188155518422758,610,I told you that was so good it was criminal..
4265,4735,2,12,60,74,1.2162162162162162,0.05533469992039017,610,They claim you tried to Flambe a Congressman.
4275,4735,2,12,60,74,1.2162162162162162,0.05533469992039017,610,"You want me to send you a file, so you can bake it into your own cake?"
4308,4735,5,6,63,74,1.2162162162162162,0.0645958880743686,610,What’d You think? Your food’s not even half as good as Martha’s and she couldn’t avoid the jail time.
4351,4735,1,14,59,74,1.2162162162162162,0.05188155518422758,610,...and why did you have to be the fall guy for Mario Batali!
4408,4735,1,14,59,74,1.2162162162162162,0.05188155518422758,610,They said the salmon was criminally undercooked.
4481,4735,2,12,60,74,1.2162162162162162,0.05533469992039017,610,I'd like to come pick up an order for delivery.
4483,4735,5,6,63,74,1.2162162162162162,0.0645958880743686,610,I skipped the Death by Chocolate class in culinary school. Now look at me.
4524,4735,5,6,63,74,1.2162162162162162,0.0645958880743686,610,How is Mrs. Lovett doing with the meat pies?
4537,4735,2,12,60,74,1.2162162162162162,0.05533469992039017,610,You're looking at three to five on the raw goat milk charge.
4589,4735,2,12,60,74,1.2162162162162162,0.05533469992039017,610,"Well, to tell the truth honey, your food wasn't all that great either."
4611,4735,4,8,62,74,1.2162162162162162,0.06166356711357833,610,"I have the file; now, who's going to bake the cake?"
4638,4735,1,14,59,74,1.2162162162162162,0.05188155518422758,610,"In words you understand, your goose was cooked when you told the Queen's guests 'Chilean sea bass' was just a pretty name for 'Patagonian toothfish'."
4670,4735,1,14,59,74,1.2162162162162162,0.05188155518422758,610,How many times do I have to tell you not to leave the stove on?
4741,4735,5,6,63,74,1.2162162162162162,0.0645958880743686,610,Everything in here tastes like chicken.
5817,4735,2,12,60,74,1.2162162162162162,0.05533469992039017,610,What's fresh today?
5848,4735,2,12,60,74,1.2162162162162162,0.05533469992039017,610,and my Book Club group really enjoyed the chicken piccata with the '95 Sauvignon Blanc.
5845,4735,4,8,62,74,1.2162162162162162,0.06166356711357833,610,I hope you rot in there.
7259,4735,2,12,60,74,1.2162162162162162,0.05533469992039017,610,"Well,Ralph,you finally got your goose cooked."
7260,4735,3,10,61,74,1.2162162162162162,0.05858465893239631,610,You should have followed the recipe.
7281,4735,1,14,59,74,1.2162162162162162,0.05188155518422758,610,"The timing is not great, but there's a bun in the oven."
7293,4735,2,12,60,74,1.2162162162162162,0.05533469992039017,610,You’ll need to prove your dough’s innocence.
7329,4735,2,12,60,74,1.2162162162162162,0.05533469992039017,610,"Gaston, I warned you that edgy postmodern knife cake was a bad idea."
7346,4735,2,12,60,74,1.2162162162162162,0.05533469992039017,610,I told you not to leave the cake out in the rain.
7374,4735,3,10,61,74,1.2162162162162162,0.05858465893239631,610,"I'd send you a cake with a file in it, but who's going to believe that?"
7390,4735,1,14,59,74,1.2162162162162162,0.05188155518422758,610,I told you gluten-intolerance is a real thing!
7473,4735,0,16,58,74,1.2162162162162162,0.04818155789706759,610,I'm giving you a bad review on Yelp.
7514,4735,1,14,59,74,1.2162162162162162,0.05188155518422758,610,"So that's one year down, a dozen to go."
7525,4735,2,12,60,74,1.2162162162162162,0.05533469992039017,610,5-10...at 375.
7544,4735,0,16,58,74,1.2162162162162162,0.04818155789706759,610,"Well, look what you cooked up now."
7863,4735,2,12,60,74,1.2162162162162162,0.05533469992039017,610,"What's cooking, good looking?"
7719,4735,2,12,60,74,1.2162162162162162,0.05533469992039017,610,my file cake has been very popular
7733,4735,1,14,59,74,1.2162162162162162,0.05188155518422758,610,I'm gluten incarcarent.
7746,4735,1,14,59,74,1.2162162162162162,0.05188155518422758,610,"I suppose they could have been considered the ""wrong"" mushrooms."
7752,4735,0,16,58,74,1.2162162162162162,0.04818155789706759,610,"""Whatever the rating was, he definitely got served""."
7769,4735,3,10,61,74,1.2162162162162162,0.05858465893239631,610,Were building a case for when you get out to help you sue Flay.
7770,4735,1,14,59,74,1.2162162162162162,0.05188155518422758,610,Didn't I tell you to use kosher salt?
7783,4735,4,8,62,74,1.2162162162162162,0.06166356711357833,610,"I’m telling you that if you want to see the lite soufflé, you’ve got to fork over the dough for the popover!"
7812,4735,3,10,61,74,1.2162162162162162,0.05858465893239631,610,I wanted to give my compliments to the chef.
7829,4735,3,10,61,74,1.2162162162162162,0.05858465893239631,610,A truly outstanding sauce is not a mitigating factor for cases involving cannibalism.
7853,4735,2,12,60,74,1.2162162162162162,0.05533469992039017,610,Don't worry. They'll never get prints off those lady fingers.
3907,4735,3,10,61,74,1.2162162162162162,0.05858465893239631,610,"I'm sorry, none of your cake recipes had anything about files in them."
7873,4735,2,12,60,74,1.2162162162162162,0.05533469992039017,610,"Well, honey, your cake recipe looked awful heavy and I know you're not getting much exercise in here, so I baked you a batch of oatmeal cookies instead."
7878,4735,4,8,62,74,1.2162162162162162,0.06166356711357833,610,"Yes, I know you baked evidence that would exonerate you in the cake, but it was chocolate... my favorite."
7885,4735,1,14,59,74,1.2162162162162162,0.05188155518422758,610,"You're telling me they put you in the same block with the Butcher, Iceman, and Refrigerator?!"
7220,4735,4,8,62,74,1.2162162162162162,0.06166356711357833,610,There's nowhere you can get a fair trial for killing avocado toast.
5831,4735,3,10,61,74,1.2162162162162162,0.05858465893239631,610,"Now, I'm the one who supposed to bake a pie with a file in it?"
7181,4735,3,10,61,74,1.2162162162162162,0.05858465893239631,610,But I am hungry now: Not sure I can wait 3-5 years for my order.
7153,4735,2,12,60,74,1.2162162162162162,0.05533469992039017,610,How could I have known the jury didn't get hyperbole when I said your risotto was criminal?
5858,4735,2,12,60,74,1.2162162162162162,0.05533469992039017,610,Didn't I warn you that it's a crime to serve liver and onions in my house?
5924,4735,3,10,61,74,1.2162162162162162,0.05858465893239631,610,"Sorry. I couldn't find a single ""pa roll"" in the market."
5982,4735,1,14,59,74,1.2162162162162162,0.05188155518422758,610,"Bobby, your half-baked alibi didn’t fool anybody."
6016,4735,3,10,61,74,1.2162162162162162,0.05858465893239631,610,Death by chocolate was not supposed to be literal
6091,4735,1,14,59,74,1.2162162162162162,0.05188155518422758,610,Who knew those foie gras laws would be so tough?
6157,4735,3,10,61,74,1.2162162162162162,0.05858465893239631,610,I've fallen in love with the maître d' you assaulted.
6220,4735,0,16,58,74,1.2162162162162162,0.04818155789706759,610,"I told you that ""free gluten"" sign would get you in trouble."
6231,4735,2,12,60,74,1.2162162162162162,0.05533469992039017,610,"Be careful, they’re cooking something up."
6260,4735,1,14,59,74,1.2162162162162162,0.05188155518422758,610,I guess I should have been more concerned when the restaurant critic who reviewed your killer desserts turned out to be the Chief of Police.
6273,4735,1,14,59,74,1.2162162162162162,0.05188155518422758,610,"In your defense, they did order the killer prawn special."
6298,4735,2,12,60,74,1.2162162162162162,0.05533469992039017,610,Why isn't orange the new white?
6330,4735,3,10,61,74,1.2162162162162162,0.05858465893239631,610,The babkas are safe.
6342,4735,1,14,59,74,1.2162162162162162,0.05188155518422758,610,The jury may have had a clue why your alibi was an elaborate concoction.
6368,4735,1,14,59,74,1.2162162162162162,0.05188155518422758,610,I added an r to your job description.
6472,4735,2,12,60,74,1.2162162162162162,0.05533469992039017,610,But you stole my family’s secret recipe.
6619,4735,2,12,60,74,1.2162162162162162,0.05533469992039017,610,Apparently you had a few too many negative Yelp reviews.
6641,4735,4,8,62,74,1.2162162162162162,0.06166356711357833,610,"Its one thing that you had beaten your eggs, whipped your cream, torched your crème brûlée' ...but when you want me to become involved by teasing my own hair ...that's going too far."
6665,4735,3,10,61,74,1.2162162162162162,0.05858465893239631,610,Which little ingredient?
6867,4735,3,10,61,74,1.2162162162162162,0.05858465893239631,610,I knew something like this would happen when you started hanging out with that Gordon Ramsay
6877,4735,2,12,60,74,1.2162162162162162,0.05533469992039017,610,You had to leave the cannoli.
6930,4735,2,12,60,74,1.2162162162162162,0.05533469992039017,610,"Let me get this straight, Chef said your beef bourguignon was a crime against humanity?"
7009,4735,1,14,59,74,1.2162162162162162,0.05188155518422758,610,I afraid the Maitre d' has turned states evidence.
7026,4735,4,8,62,74,1.2162162162162162,0.06166356711357833,610,"Look, you just can't go around poisoning people."
7046,4735,2,12,60,74,1.2162162162162162,0.05533469992039017,610,I just called to say I loaf you
7084,4735,3,10,61,74,1.2162162162162162,0.05858465893239631,610,"I’m sorry. When I requested an angel food cake with Nutella filling, I did not realize it was a criminal offense."
7090,4735,0,16,58,74,1.2162162162162162,0.04818155789706759,610,"Why'd you do it?"" ""There were too many cooks in the kitchen."
7139,4735,3,10,61,74,1.2162162162162162,0.05858465893239631,610,"I told you not to advertise them as ""Cronuts."" At least you only got life."
7169,4735,1,14,59,74,1.2162162162162162,0.05188155518422758,610,"So, sounds like the cake baking business isn't going as well as you had hoped."
3891,4735,1,14,59,74,1.2162162162162162,0.05188155518422758,610,"I TOLD you the gluten wasn't free, but no..!"
562,4735,3,10,61,74,1.2162162162162162,0.05858465893239631,610,"File or no, I think they'll be suspicious if I bring you a cake."
3862,4735,2,12,60,74,1.2162162162162162,0.05533469992039017,610,"Sorry, Vito. The warden won't let you do take-out!"
1206,4735,4,8,62,74,1.2162162162162162,0.06166356711357833,610,and the kids so miss your apple strudel.
1243,4735,2,12,60,74,1.2162162162162162,0.05533469992039017,610,Why wouldn’t I? He said it to ME that I’m getting the chop.
1256,4735,2,12,60,74,1.2162162162162162,0.05533469992039017,610,"That kid from Drury Lane, again ..."
1279,4735,1,14,59,74,1.2162162162162162,0.05188155518422758,610,You’ve incriminated yourself further. They read the fortunes in the cookies before I picked them up.
1320,4735,2,12,60,74,1.2162162162162162,0.05533469992039017,610,The recipe said I could cook the lobster alive!
1363,4735,3,10,61,74,1.2162162162162162,0.05858465893239631,610,I’m taking the shrimp forks and moving back to Quebec.
1398,4735,0,16,58,74,1.2162162162162162,0.04818155789706759,610,You knew better than to cut the lettuce.
1407,4735,2,12,60,74,1.2162162162162162,0.05533469992039017,610,Let's not talk about pot brownies.
1427,4735,1,14,59,74,1.2162162162162162,0.05188155518422758,610,Wait! I was to provide the cake and YOU the file?
1472,4735,1,14,59,74,1.2162162162162162,0.05188155518422758,610,You always said your soufflé was criminal.
1514,4735,2,12,60,74,1.2162162162162162,0.05533469992039017,610,"Hi, yes, I'll take two burgers and a large fry to go, please."
1555,4735,4,8,62,74,1.2162162162162162,0.06166356711357833,610,You wouldn’t listen! I told you your idea was half baked!
1112,4735,2,12,60,74,1.2162162162162162,0.05533469992039017,610,what ingredients should I use for the cake?
3884,4735,3,10,61,74,1.2162162162162162,0.05858465893239631,610,"No, ""sinfully rich"" means yummy not poisonous."
1726,4735,2,12,60,74,1.2162162162162162,0.05533469992039017,610,It's second degree murder by creme brulee torch....
1752,4735,4,8,62,74,1.2162162162162162,0.06166356711357833,610,It turns out the DO feel pain.
1781,4735,2,12,60,74,1.2162162162162162,0.05533469992039017,610,I’m sorry dear. You can’t reheat a soufflé
1782,4735,2,12,60,74,1.2162162162162162,0.05533469992039017,610,"No, it doesn’t have to be chocolate, it just has to penetrate the gate’s firewall."
1787,4735,2,12,60,74,1.2162162162162162,0.05533469992039017,610,"Honey, I told them I was the cook- not the crook!"
1810,4735,2,12,60,74,1.2162162162162162,0.05533469992039017,610,"No Paul, gourmet meth cooks arent exempt..."
1848,4735,1,14,59,74,1.2162162162162162,0.05188155518422758,610,Perhaps you you misunderstood when I said make a killer souffle
1888,4735,0,16,58,74,1.2162162162162162,0.04818155789706759,610,They're charging you with murder in the 350th degree.
1893,4735,1,14,59,74,1.2162162162162162,0.05188155518422758,610,There is a shiv hidden in the roasted duck a' la orange.
1932,4735,3,10,61,74,1.2162162162162162,0.05858465893239631,610,They got me on assault and pepper spray charges. Not the best season.
1947,4735,3,10,61,74,1.2162162162162162,0.05858465893239631,610,The news isn't good. The DNA lab boys just confirmed that the meat in your signature 'lamb' dish comes from Chihuahuas.
2002,4735,3,10,61,74,1.2162162162162162,0.05858465893239631,610,I took Death by Chocolate a little too far.
1609,4735,1,14,59,74,1.2162162162162162,0.05188155518422758,610,I still think it was a stupid idea for a way of getting vocational training.
2038,4735,1,14,59,74,1.2162162162162162,0.05188155518422758,610,"Darling, I'm starving. Please just tell me where you hid the knives."
1106,4735,3,10,61,74,1.2162162162162162,0.05858465893239631,610,How could you lie to me about the money floundering?
1052,4735,1,14,59,74,1.2162162162162162,0.05188155518422758,610,Spinach ice cream. Really?
56,4735,2,12,60,74,1.2162162162162162,0.05533469992039017,610,I don't know. The tax collectors just say it wasn't the kind of dough they were looking for.
58,4735,3,10,61,74,1.2162162162162162,0.05858465893239631,610,"I don't know how to tell you this, but your father pasta way."
151,4735,3,10,61,74,1.2162162162162162,0.05858465893239631,610,"I can bake YOU a cake with a file in it, but I'll need a recipe first."
267,4735,4,8,62,74,1.2162162162162162,0.06166356711357833,610,Terrible news. You'll have to surrender your chef's whites.
308,4735,1,14,59,74,1.2162162162162162,0.05188155518422758,610,"Sorry dear, your motion to add a thirteenth juror was denied."
331,4735,1,14,59,74,1.2162162162162162,0.05188155518422758,610,"Don't forget, snitches get stitches."
383,4735,3,10,61,74,1.2162162162162162,0.05858465893239631,610,Not sure how enthusiastic they would be about your wife applying for the newly opened dining critic position.
448,4735,1,14,59,74,1.2162162162162162,0.05188155518422758,610,What do you expect me to smuggle it inside? You're the one who bakes the cakes!
494,4735,2,12,60,74,1.2162162162162162,0.05533469992039017,610,Your lamb shanks have never been so popular!
584,4735,2,12,60,74,1.2162162162162162,0.05533469992039017,610,I recommend our armor plate special.
617,4735,0,16,58,74,1.2162162162162162,0.04818155789706759,610,I don't think that's what they mean by 'chef surprise'.
619,4735,2,12,60,74,1.2162162162162162,0.05533469992039017,610,"I'm sorry, but escalop is impossible for you."
1089,4735,2,12,60,74,1.2162162162162162,0.05533469992039017,610,You should have asked before you decided to kill the brunch service.
649,4735,2,12,60,74,1.2162162162162162,0.05533469992039017,610,I still can't believe you got twenty-to-life for stealing a chocolate chip cookie recipe.
699,4735,3,10,61,74,1.2162162162162162,0.05858465893239631,610,I am leaving you for your sous-chef.
758,4735,2,12,60,74,1.2162162162162162,0.05533469992039017,610,"Honey, I clearly said ""poisson"". Not ""poison""."
763,4735,1,14,59,74,1.2162162162162162,0.05188155518422758,610,Didn't I warn you about becoming a Cake Boss
773,4735,2,12,60,74,1.2162162162162162,0.05533469992039017,610,"Look, I told you what you did with that goat was a crime..."
793,4735,3,10,61,74,1.2162162162162162,0.05858465893239631,610,"I am so sorry, Pierre. Your recent minimalist menu is actually considered fraud in America."
855,4735,1,14,59,74,1.2162162162162162,0.05188155518422758,610,"I'm sorry, Chef, but the Governor says you've got to fry."
866,4735,2,12,60,74,1.2162162162162162,0.05533469992039017,610,"Yes, I told them I was just trying to free the gluten."
924,4735,3,10,61,74,1.2162162162162162,0.05858465893239631,610,"Foraged mushroom soup. Genius, chef, just genius."
947,4735,0,16,58,74,1.2162162162162162,0.04818155789706759,610,Perhaps poison wasn't the best choice?
959,4735,1,14,59,74,1.2162162162162162,0.05188155518422758,610,I told you that ganache was criminal.
969,4735,1,14,59,74,1.2162162162162162,0.05188155518422758,610,It’s because of the foie gras.
1016,4735,2,12,60,74,1.2162162162162162,0.05533469992039017,610,"The ""chicken"" is in the ""pot."""
678,4735,1,14,59,74,1.2162162162162162,0.05188155518422758,610,Whats cooking?
2041,4735,1,14,59,74,1.2162162162162162,0.05188155518422758,610,Didn't I warn you your petits fours were to die for?
1603,4735,1,14,59,74,1.2162162162162162,0.05188155518422758,610,"I know, it was almost the perfect souffle."
2107,4735,2,12,60,74,1.2162162162162162,0.05533469992039017,610,"I know when you were hired you said that you could cook anything.I didn't think you meant the books, too!"
3062,4735,2,12,60,74,1.2162162162162162,0.05533469992039017,610,Your Prison Food is a huge Hit: We got a '5-Rating' on Yelp
3080,4735,2,12,60,74,1.2162162162162162,0.05533469992039017,610,"Next time, make what the warden orders!"
3091,4735,0,16,58,74,1.2162162162162162,0.04818155789706759,610,"I didn't say you ""couldn't"" deep fry the cat, I said you ""shouldn't."""
3142,4735,1,14,59,74,1.2162162162162162,0.05188155518422758,610,Any news on the profiterole board hearing?
3216,4735,5,6,63,74,1.2162162162162162,0.0645958880743686,610,Judge Ramsey ruled your pasta was overcooked.
3282,4735,1,14,59,74,1.2162162162162162,0.05188155518422758,610,What should I do with the pot of boiling pasta you left on the stove?
3302,4735,2,12,60,74,1.2162162162162162,0.05533469992039017,610,I spoke to the lawyer. Your goose is cooked.
3305,4735,1,14,59,74,1.2162162162162162,0.05188155518422758,610,"If they give you the chair, maybe they'll just bake you at 350."
3325,4735,1,14,59,74,1.2162162162162162,0.05188155518422758,610,I can’t give up any secret sauce recipes. Look what happened to you.
3387,4735,3,10,61,74,1.2162162162162162,0.05858465893239631,610,They found traces of arsenic in your Death by Chocolate Cake.
3399,4735,2,12,60,74,1.2162162162162162,0.05533469992039017,610,"But the sign said ""Free Range Chicken"""
3402,4735,3,10,61,74,1.2162162162162162,0.05858465893239631,610,"I just don't know Charlotte. I remember hearing ""Pat a Cake"". I saw them all clapping. And then I woke up here."
3493,4735,3,10,61,74,1.2162162162162162,0.05858465893239631,610,And you kept saying MY cooking was bad!
2091,4735,1,14,59,74,1.2162162162162162,0.05188155518422758,610,"I know you were a little light with the arsenic, but did you use 2 or 3 table spoons of brown sugar in the pie?"
3606,4735,3,10,61,74,1.2162162162162162,0.05858465893239631,610,"Well, at least the butcher and candlestick maker are safely in international waters."
3607,4735,1,14,59,74,1.2162162162162162,0.05188155518422758,610,"Well, that's what happens when you beat the eggs."
3608,4735,1,14,59,74,1.2162162162162162,0.05188155518422758,610,How about this - I bake you a cake with a file in it?
3646,4735,3,10,61,74,1.2162162162162162,0.05858465893239631,610,Hell's Kitchen is just not the same without you there setting people on fire.
3672,4735,2,12,60,74,1.2162162162162162,0.05533469992039017,610,"Yes, your cooking was a crime."
3678,4735,2,12,60,74,1.2162162162162162,0.05533469992039017,610,OK! Next time not so much garlic.
3703,4735,2,12,60,74,1.2162162162162162,0.05533469992039017,610,I tried to hide the hacksaw in the soufflé but it collapsed.
3739,4735,1,14,59,74,1.2162162162162162,0.05188155518422758,610,... and then you made a cake with a file in it? Why do I bother?
3748,4735,1,14,59,74,1.2162162162162162,0.05188155518422758,610,"If you wanted a wife with time to bake cakes with files, YOU should have taken the corporate job."
3762,4735,1,14,59,74,1.2162162162162162,0.05188155518422758,610,"I got almost everything past security, but they confiscated the cigarettes and the creme fraiche"
3765,4735,4,8,62,74,1.2162162162162162,0.06166356711357833,610,They're saying it was a braisen crime and that you might get 35-40 minutes.
3780,4735,1,14,59,74,1.2162162162162162,0.05188155518422758,610,Can you do takeout on short notice?
3813,4735,2,12,60,74,1.2162162162162162,0.05533469992039017,610,"No, you can't come home today...."
3060,4735,1,14,59,74,1.2162162162162162,0.05188155518422758,610,I think I forgot to turn the stove off.
3055,4735,2,12,60,74,1.2162162162162162,0.05533469992039017,610,I miss your tube steak.
3570,4735,2,12,60,74,1.2162162162162162,0.05533469992039017,610,Now you tell me you've been lying to me all these years about cooking only organic food?
2346,4735,3,10,61,74,1.2162162162162162,0.05858465893239631,610,"You've been in a little too long, if you catch my drift."
3021,4735,4,8,62,74,1.2162162162162162,0.06166356711357833,610,The file punctured your soufflé and it collapsed.
2134,4735,1,14,59,74,1.2162162162162162,0.05188155518422758,610,You know where I'm hiding your saffron.
2152,4735,1,14,59,74,1.2162162162162162,0.05188155518422758,610,"I'm sorry hon, but the Grand jury said your soufflé was criminal."
2188,4735,2,12,60,74,1.2162162162162162,0.05533469992039017,610,How do you like the new uniforms?
2218,4735,0,16,58,74,1.2162162162162162,0.04818155789706759,610,"The first attorney rejected your offer of bread for torts. The second said ""Let him eat cake. I exist on espresso."" But I think you have a deal with the third in exchange for lifetime table at Delmonico's."
2237,4735,1,14,59,74,1.2162162162162162,0.05188155518422758,610,Everyone said they were delicious - who knew?
2338,4735,1,14,59,74,1.2162162162162162,0.05188155518422758,610,"“I keep all of the recipes in my head!” Well, good luck getting a file, dear."
2421,4735,0,16,58,74,1.2162162162162162,0.04818155789706759,610,"It's now ""Corn Dog Heaven."" I'm sorry!"
2437,4735,1,14,59,74,1.2162162162162162,0.05188155518422758,610,The D.A. said your soufflé was so bad it was criminal.
2457,4735,1,14,59,74,1.2162162162162162,0.05188155518422758,610,The jury's preheated to third degree murder.
2734,4735,1,14,59,74,1.2162162162162162,0.05188155518422758,610,"Well, if you had given them a true baker's dozen, you probably wouldn't be here now."
2738,4735,3,10,61,74,1.2162162162162162,0.05858465893239631,610,"Anyway, my compliments..."
2690,4735,3,10,61,74,1.2162162162162162,0.05858465893239631,610,...and I've stopped eating butter.
2750,4735,2,12,60,74,1.2162162162162162,0.05533469992039017,610,I’d like the duck in five to ten years.
2982,4735,2,12,60,74,1.2162162162162162,0.05533469992039017,610,Any suggestions on how to get the file into the soufflé?
2954,4735,3,10,61,74,1.2162162162162162,0.05858465893239631,610,Don't tell me. They found your bottle of Kitchen Bouquet.
2950,4735,4,8,62,74,1.2162162162162162,0.06166356711357833,610,I didn't REALLY mean Death by Chocolate!
2911,4735,1,14,59,74,1.2162162162162162,0.05188155518422758,610,You do this just to get a rise out of me!
2890,4735,2,12,60,74,1.2162162162162162,0.05533469992039017,610,CLUE: It was ... the Chef  ... in the kitchen  ... with a cleaver
2742,4735,2,12,60,74,1.2162162162162162,0.05533469992039017,610,"No, Janice. Tort not torte!"
2827,4735,1,14,59,74,1.2162162162162162,0.05188155518422758,610,"No, I have to give YOU the cake."
2835,4735,1,14,59,74,1.2162162162162162,0.05188155518422758,610,"It was supposed to say ""perp,"" not ""prep."""
2797,4735,1,14,59,74,1.2162162162162162,0.05188155518422758,610,"Your ""Choice of the Day"" killed the mayor."
2785,4735,3,10,61,74,1.2162162162162162,0.05858465893239631,610,I'll have the pheasant behind bars.
2755,4735,1,14,59,74,1.2162162162162162,0.05188155518422758,610,"...and then Horner pulled out a plumb, and then your sister ate her curds, and then--oh!--wait'll I tell you about what Gretel and her fat li'l brother did to your momma's house. . ."
3378,4974,3,11,65,79,1.2151898734177216,0.056025699103727955,610,I always said your prices were highway robbery!
6707,4974,1,15,63,79,1.2151898734177216,0.049897285200852806,610,My souffles just aren't the same without you.
3694,4974,2,13,64,79,1.2151898734177216,0.05305006140654649,610,Your brother decided that your whole case of Châteauneuf-du-Pape is off. But it tasted fine to me.
798,4974,4,9,66,79,1.2151898734177216,0.05885107394843846,610,I just kneaded to see you
5271,4978,4,8,63,75,1.2133333333333334,0.06090409928165189,610,I know you say you are innocent but they caught you on the wire tap saying you were going to raise the dough.
5066,4978,3,10,62,75,1.2133333333333334,0.057870104103491554,610,"Honey, I didn't expect you to take the idea of a 'killer meal' so literally!"
5128,4978,2,12,61,75,1.2133333333333334,0.054667985042331585,610,I'm sorry. You'll have to bake the cake without the file.
4061,4978,2,12,61,75,1.2133333333333334,0.054667985042331585,610,"You're here because you raised too much dough for that guy's party, according to your lawyer."
7666,4978,4,8,63,75,1.2133333333333334,0.06090409928165189,610,"I think we should call it ""Cereal"""
4797,4978,3,10,62,75,1.2133333333333334,0.057870104103491554,610,"I told you your cupcakes were to die for, not to kill for."
4731,4978,2,12,61,75,1.2133333333333334,0.054667985042331585,610,How are they treating you Chef Boyareyousoryee
4522,4978,3,10,62,75,1.2133333333333334,0.057870104103491554,610,Would a rasp do ?
4421,4978,3,10,62,75,1.2133333333333334,0.057870104103491554,610,....so the reason that you're in here is that you have perfected your 'death by chocolate' recipe?
5277,4978,4,8,63,75,1.2133333333333334,0.06090409928165189,610,Your lawyer says you've been sentenced to cook bouillabaisse every day.
4346,4978,3,10,62,75,1.2133333333333334,0.057870104103491554,610,They have a really strong cake against you.
4160,4978,2,12,61,75,1.2133333333333334,0.054667985042331585,610,I miss you...sniff...and I miss the smell of something burning in the oven.
4933,4978,1,14,60,75,1.2133333333333334,0.051266248431382506,610,I thought told you a baker's dozen was 13 not 11.
5401,4978,1,14,60,75,1.2133333333333334,0.051266248431382506,610,"They say if you take the plea, the Health Inspector will raise it to a C."
7024,4978,2,12,61,75,1.2133333333333334,0.054667985042331585,610,You're baked in. They've found the dough.
5593,4978,1,14,60,75,1.2133333333333334,0.051266248431382506,610,"""Actual Bodily Harm"" seems like a pretty severe a charge for too much butter in your pastries."
6006,4978,2,12,61,75,1.2133333333333334,0.054667985042331585,610,You never made ME breakfast in bed.
6070,4978,2,12,61,75,1.2133333333333334,0.054667985042331585,610,"Apparently, your special last night was a killer!"
6208,4978,2,12,61,75,1.2133333333333334,0.054667985042331585,610,I told you to stop cooking the books.
6280,4978,2,12,61,75,1.2133333333333334,0.054667985042331585,610,Why are you pushing takeout?
6429,4978,1,14,60,75,1.2133333333333334,0.051266248431382506,610,"Well, now we know what happens to chefs who get a D sanitary rating."
7651,4978,4,8,63,75,1.2133333333333334,0.06090409928165189,610,I’m just baking in here.
7447,4978,0,16,59,75,1.2133333333333334,0.04762213632196553,610,"After your souffle`fell, all hell broke lose."
7652,4978,1,14,60,75,1.2133333333333334,0.051266248431382506,610,"The fish WAS off, Mario."
7173,4978,3,10,62,75,1.2133333333333334,0.057870104103491554,610,I told you to go easy with the Carolina Reaper....
7012,4978,1,14,60,75,1.2133333333333334,0.051266248431382506,610,Just explain to the judge that you're all toque.
6734,4978,2,12,61,75,1.2133333333333334,0.054667985042331585,610,"Je ne l' ai pas fait, my ass. Your sous chef ratted you out!"
2206,4978,1,14,60,75,1.2133333333333334,0.051266248431382506,610,I've met a new Boyardee on the outside.
5544,4978,2,12,61,75,1.2133333333333334,0.054667985042331585,610,"Well, you did sous vide the chocolate cake."
3919,4978,1,14,60,75,1.2133333333333334,0.051266248431382506,610,"You're a cook, and a thief, I'm your wife, and it's over."
4919,4978,2,12,61,75,1.2133333333333334,0.054667985042331585,610,Your crepes Suzette was a killer!
3873,4978,1,14,60,75,1.2133333333333334,0.051266248431382506,610,I'm sorry I called 911. Your food wasn't THAT bad.
42,4978,2,12,61,75,1.2133333333333334,0.054667985042331585,610,Your lawyer's struggling with the flambé!
149,4978,1,14,60,75,1.2133333333333334,0.051266248431382506,610,We’ve got to get you out of this mess hall.
155,4978,4,8,63,75,1.2133333333333334,0.06090409928165189,610,The judges chopped you.
224,4978,3,10,62,75,1.2133333333333334,0.057870104103491554,610,"As it turns out, I was wrong. The dish didn't run away with the spoon."
602,4978,2,12,61,75,1.2133333333333334,0.054667985042331585,610,"You said tart lawyer, right?"
911,4978,2,12,61,75,1.2133333333333334,0.054667985042331585,610,"I warned you not to make the Drano muffins, but ohhh no..."
1036,4978,2,12,61,75,1.2133333333333334,0.054667985042331585,610,...and my mothers crab cakes were murder eh..
1175,4978,0,16,59,75,1.2133333333333334,0.04762213632196553,610,"“What are you going to say, ‘Don’t mess with me I’ve got a butter knife’”?"
1209,4978,1,14,60,75,1.2133333333333334,0.051266248431382506,610,Too much paprika.
1765,4978,4,8,63,75,1.2133333333333334,0.06090409928165189,610,"On the bright side, this is a two starred Michelin prison!"
1271,4978,1,14,60,75,1.2133333333333334,0.051266248431382506,610,"I know you're the chef, dear, but I tried to tell you, pufferfish is not ""just like tilapia""."
2642,4978,1,14,60,75,1.2133333333333334,0.051266248431382506,610,We've changed the name of the restaurant for four years and two months.
3878,4978,3,10,62,75,1.2133333333333334,0.057870104103491554,610,They think you cooked the books.
2672,4978,2,12,61,75,1.2133333333333334,0.054667985042331585,610,"I donated our penne to the food bank, Luigi. It's for the best."
2766,4978,2,12,61,75,1.2133333333333334,0.054667985042331585,610,Where are the recipes hidden?
2912,4978,4,8,63,75,1.2133333333333334,0.06090409928165189,610,I told you not to serve the foie gras.
3035,4978,0,16,59,75,1.2133333333333334,0.04762213632196553,610,I warned you not to throw that pie
3456,4978,2,12,61,75,1.2133333333333334,0.054667985042331585,610,Bubbah who likes you to wear the hat?
3504,4978,1,14,60,75,1.2133333333333334,0.051266248431382506,610,"Great news, you can take the Julia Childs defense to get out of stir."
3546,4978,2,12,61,75,1.2133333333333334,0.054667985042331585,610,"Usually she says, ‘Please pack your knives and go’."
2460,4978,2,12,61,75,1.2133333333333334,0.054667985042331585,610,"Yes, it WAS a killer dessert....So are you happy now?"
5105,5031,0,15,56,71,1.2112676056338028,0.048790163593489505,610,I told you he would't like ketchup on his wedding cake.
766,5032,1,14,61,76,1.2105263157894737,0.05066501430945142,610,"I said patsy, not pastry."
5092,5032,1,14,61,76,1.2105263157894737,0.05066501430945142,610,"From what I'm hearing, you're the catch of the day."
4940,5032,1,14,61,76,1.2105263157894737,0.05066501430945142,610,Apparently you match the description of Mr. Boy-ar-dee.
256,5032,2,12,62,76,1.2105263157894737,0.054016857257335626,610,Was it the overcooked pasta again?
7684,5036,2,11,59,72,1.2083333333333333,0.05572645856918899,610,"I’m sorry, but hasn’t anyone asked to see your focaccia before?"
6042,5036,1,13,58,72,1.2083333333333333,0.05209800262902861,610,They will drop charges only if you agree to the DASH diet three times a day. Butter is non negotiable.
5654,5036,2,11,59,72,1.2083333333333333,0.05572645856918899,610,"Honey, you knew better than to butcher the neighbors’ pig."
5626,5036,4,7,61,72,1.2083333333333333,0.06235311378048466,610,I told you he always has his Chief of Staff taste his food first.
5514,5036,3,9,60,72,1.2083333333333333,0.05913268547421808,610,Stealing Grandma's recipe is a serious crime!
5354,5036,1,13,58,72,1.2083333333333333,0.05209800262902861,610,When will you be home for dinner?
5093,5036,1,13,58,72,1.2083333333333333,0.05209800262902861,610,"I found an attorney who specializes in cajun spice law, but he's pricy."
6047,5036,3,9,60,72,1.2083333333333333,0.05913268547421808,610,"Hey, Jacques, what's cookin'?"
5001,5036,3,9,60,72,1.2083333333333333,0.05913268547421808,610,Didn’t you know it was illegal to say soup nazi these days?
4801,5036,2,11,59,72,1.2083333333333333,0.05572645856918899,610,The avocado toast defense is a no-go.
4800,5036,3,9,60,72,1.2083333333333333,0.05913268547421808,610,He's allergic to mushrooms. Any other suggestions?
4778,5036,1,13,58,72,1.2083333333333333,0.05209800262902861,610,Gordon Ramsey really hated your food didn’t he dear!
4704,5036,3,9,60,72,1.2083333333333333,0.05913268547421808,610,The butcher and candlestick maker are saying you brought the tub.
4177,5036,2,11,59,72,1.2083333333333333,0.05572645856918899,610,I told you that lying about it being gluten-free was fraud.
4041,5036,2,11,59,72,1.2083333333333333,0.05572645856918899,610,"It was a good try, but he's still the king."
4864,5036,1,13,58,72,1.2083333333333333,0.05209800262902861,610,You serious? A file in the cake is so old!
6278,5036,2,11,59,72,1.2083333333333333,0.05572645856918899,610,I told you flambéing sushi was a crime.
6592,5036,1,13,58,72,1.2083333333333333,0.05209800262902861,610,I’m afraid the jury has decided your cheesecake swirl is to die for.
6709,5036,0,15,57,72,1.2083333333333333,0.048197153144195225,610,"I told them I don’t work front of house, but they still want me to serve."
7790,5036,2,11,59,72,1.2083333333333333,0.05572645856918899,610,The Souffle refused to take the fall.
7614,5036,2,11,59,72,1.2083333333333333,0.05572645856918899,610,I'm sorry I had to Baker Act you.
7565,5036,1,13,58,72,1.2083333333333333,0.05209800262902861,610,He'll drop the capital offense charge if you'll keep the menu to steak and diet coke.
3987,5036,2,11,59,72,1.2083333333333333,0.05572645856918899,610,They call it 'the hoagie' in Philly.
7794,5036,2,11,59,72,1.2083333333333333,0.05572645856918899,610,"My timer is ringing, I have to go"
7806,5036,1,13,58,72,1.2083333333333333,0.05209800262902861,610,The good news is that it's a just misdemeanor. The bad news is you're only a runner-up on 'Brutal Chefs of Beverly Hills'.
7872,5036,4,7,61,72,1.2083333333333333,0.06235311378048466,610,"Pierre, I know you took my diamond broach, but I have this small dinner party on Saturday with a few friends that Fred wants to impress..."
7541,5036,1,13,58,72,1.2083333333333333,0.05209800262902861,610,"I'd like to order the filet mignon, medium rare, a baked potato and a glass of pinot noir."
7422,5036,0,15,57,72,1.2083333333333333,0.048197153144195225,610,Your restaurant wasn't THAT bad.
7275,5036,1,13,58,72,1.2083333333333333,0.05209800262902861,610,You’ll serve twelve years for the assaults and an additional year for being a baker.
6972,5036,3,9,60,72,1.2083333333333333,0.05913268547421808,610,"Honey, ""I"" thought you cooked the books to perfection."
6931,5036,0,15,57,72,1.2083333333333333,0.048197153144195225,610,The verdict is in- Your Baked Alaska was a crime
6872,5036,2,11,59,72,1.2083333333333333,0.05572645856918899,610,"I told you you can't put a ""salt"" in your ""batter""y."
6758,5036,1,13,58,72,1.2083333333333333,0.05209800262902861,610,"Yes, the food critic called and apologized for the bad review. He had no idea it would cost you 5 to 10 years."
6731,5036,3,9,60,72,1.2083333333333333,0.05913268547421808,610,The yeast you could have done was thaw the frozen mousse.
7738,5036,4,7,61,72,1.2083333333333333,0.06235311378048466,610,I warned you not to put on your high hat.
3609,5036,2,11,59,72,1.2083333333333333,0.05572645856918899,610,How are they feeding you?
2433,5036,1,13,58,72,1.2083333333333333,0.05209800262902861,610,The critic's review said my mousse de chocolat was so good it was a crime.
3458,5036,2,11,59,72,1.2083333333333333,0.05572645856918899,610,"Sorry, I was unable to post bail. They did not accept your secret blowfish recipe as collateral."
46,5036,3,9,60,72,1.2083333333333333,0.05913268547421808,610,You better start cooking up an escape plan.
145,5036,3,9,60,72,1.2083333333333333,0.05913268547421808,610,"The police also found your dartboard, you know the one you'd taped that photo of the lobster onto?"
453,5036,2,11,59,72,1.2083333333333333,0.05572645856918899,610,You should never have pretended you used wagyu beef. The cover up is always worse than the crime.
1086,5036,2,11,59,72,1.2083333333333333,0.05572645856918899,610,Did you bring my baster?
1252,5036,3,9,60,72,1.2083333333333333,0.05913268547421808,610,Well he did order it well done!
1403,5036,3,9,60,72,1.2083333333333333,0.05913268547421808,610,"You will always be my first chef, but I'm divorcing you."
3465,5036,2,11,59,72,1.2083333333333333,0.05572645856918899,610,Your buns are well toasted.
1496,5036,0,15,57,72,1.2083333333333333,0.048197153144195225,610,I'm going to need a recipe for that cake.
1629,5036,2,11,59,72,1.2083333333333333,0.05572645856918899,610,"I got you the pie, but they were out of foie gras."
1736,5036,2,11,59,72,1.2083333333333333,0.05572645856918899,610,Marjorie said the Times reviewer would be here on Thursday for lunch. Good luck.
1827,5036,2,11,59,72,1.2083333333333333,0.05572645856918899,610,You shouldn't have promised 30 minutes or less.
1845,5036,1,13,58,72,1.2083333333333333,0.05209800262902861,610,I called the uniform supplier. They said they won't drop the charges.
1895,5036,2,11,59,72,1.2083333333333333,0.05572645856918899,610,I spoke with Mrs. Fields. Shes pressing charges.
1440,5036,2,11,59,72,1.2083333333333333,0.05572645856918899,610,They caught you putting a file into a cake?
1968,5036,2,11,59,72,1.2083333333333333,0.05572645856918899,610,"""How many are in a food coma?"
1919,5036,1,13,58,72,1.2083333333333333,0.05209800262902861,610,I said you made a killer; gnocchi.
3413,5036,2,11,59,72,1.2083333333333333,0.05572645856918899,610,I told you not to overseason the filet mignon.
3323,5036,1,13,58,72,1.2083333333333333,0.05209800262902861,610,It's brutal in the joint. They took away my sous chef.
3040,5036,1,13,58,72,1.2083333333333333,0.05209800262902861,610,"Please, Tony, where's the beef?"
3025,5036,4,7,61,72,1.2083333333333333,0.06235311378048466,610,Your alibi fell as flat as your soufflés
2894,5036,2,11,59,72,1.2083333333333333,0.05572645856918899,610,"I looked it up ""Bork,Bork,Bork"" isn't even Swedish!"
3270,5036,1,13,58,72,1.2083333333333333,0.05209800262902861,610,THE kale burger was the trigger...
2770,5036,3,9,60,72,1.2083333333333333,0.05913268547421808,610,"Bad news. Your lawyer appealed, but the confection was upheld."
2404,5036,2,11,59,72,1.2083333333333333,0.05572645856918899,610,"Yes, Ma'am I counsel a lot of sushi"
2316,5036,2,11,59,72,1.2083333333333333,0.05572645856918899,610,I did not bring the cake with the file. I can't find your recipe.
2276,5036,1,13,58,72,1.2083333333333333,0.05209800262902861,610,Apparently the cake really was sinfully delicious.
2776,5036,1,13,58,72,1.2083333333333333,0.05209800262902861,610,"Honestly Jacques, what made you think a chisel in a brioche was a good idea?"
4780,5101,2,12,63,77,1.2077922077922079,0.05338078923628006,610,This is what happens when you beat the eggs.
5947,5101,2,12,63,77,1.2077922077922079,0.05338078923628006,610,I told you he only wants cheeseburgers!
7685,5103,0,14,54,68,1.2058823529411764,0.04939859350354098,610,"Chives. Next time, could you bring some chives?"
1349,5103,0,14,54,68,1.2058823529411764,0.04939859350354098,610,Your cooking is a crime of passion.
3351,5103,1,12,55,68,1.2058823529411764,0.053658201636864834,610,"Sorry, I didn't know you fought with Stu, I thought they asked whether you had ""salted"" the ""stew."""
5590,5103,1,12,55,68,1.2058823529411764,0.053658201636864834,610,"Hope you like making crème brûlée IN JAIL, BITCH!"
4422,5107,1,13,59,73,1.2054794520547945,0.051458573833719844,610,Would you like your hemlock on the side?
4688,5107,2,11,60,73,1.2054794520547945,0.055031830105908446,610,"No Harry, you bake the cake and I will sneak the file."
5603,5107,2,11,60,73,1.2054794520547945,0.055031830105908446,610,Give me the recipe and I'll bake the cake. What size file was that?
6842,5107,0,15,58,73,1.2054794520547945,0.04761793062697309,610,Cannibalism was the best part of owning a restaurant!
6716,5107,0,15,58,73,1.2054794520547945,0.04761793062697309,610,My husband says your gravy has lumps.
7170,5107,1,13,59,73,1.2054794520547945,0.051458573833719844,610,The governor said your goose is to be cooked.
4400,5107,1,13,59,73,1.2054794520547945,0.051458573833719844,610,It was ridiculous to think they’d let me smuggle in a cake.
6546,5107,2,11,60,73,1.2054794520547945,0.055031830105908446,610,I told you that using artificial vanilla flavoring in your cakes would catch up with you.
3495,5107,2,11,60,73,1.2054794520547945,0.055031830105908446,610,You're lucky a well-done steak is only a misdemeanor offense.
3003,5107,5,5,63,73,1.2054794520547945,0.06457596175219613,610,"Sorry dear, our marriage is toast."
3110,5107,2,11,60,73,1.2054794520547945,0.055031830105908446,610,I told you that Soup Nazi schtick was gonna be your undoing!
2963,5107,1,13,59,73,1.2054794520547945,0.051458573833719844,610,"Honey, everyone knows it's a crime to microwave soup."
2714,5107,3,9,61,73,1.2054794520547945,0.05838681211207499,610,So I substituted Chanterelle for Shitake mushrooms. Is that such a crime?
2387,5107,3,9,61,73,1.2054794520547945,0.05838681211207499,610,I told you the soufflé would collapse.
1328,5107,2,11,60,73,1.2054794520547945,0.055031830105908446,610,I'll admit the sentence was harsh for using MSG.
957,5107,3,9,61,73,1.2054794520547945,0.05838681211207499,610,I told you that riff on avocado toast was a crime against humanity.
3316,5107,3,9,61,73,1.2054794520547945,0.05838681211207499,610,I didn't know you literally meant your food was killer!
6713,5124,3,9,62,74,1.2027027027027026,0.057659296687798345,610,I’ve found another manicotti.
7940,5124,2,11,61,74,1.2027027027027026,0.05435403616647045,610,"This experimenting needs to stop, obviously the cops don't like vegetable donuts"
4844,5126,2,10,58,70,1.2,0.056098109857700425,610,"I have the Hungarian paprika you requested, but it's not in my purse."
4733,5126,1,12,57,70,1.2,0.05227733021739333,610,You knew mixing chicken and fish was a food crime.
4696,5126,2,10,58,70,1.2,0.056098109857700425,610,"I've baked you a cake, inside you'll find another smaller cake."
4585,5126,2,10,58,70,1.2,0.056098109857700425,610,"I've been to every gourmet grocer in town, but apparently truffles are out of season ... couldn't you ask for normal contraband for once?"
4593,5126,1,12,57,70,1.2,0.05227733021739333,610,"Well, what you did to that souffle was a crime!"
4898,5126,1,12,57,70,1.2,0.05227733021739333,610,Was it two cups of rice wine or iced wine.
4573,5126,2,10,58,70,1.2,0.056098109857700425,610,The usual please.
4630,5126,1,12,57,70,1.2,0.05227733021739333,610,I'm having a celebration gathering. Where's your recipe book?
4981,5126,1,12,57,70,1.2,0.05227733021739333,610,I told you putting sushi in a burrito is a crime!
5138,5126,0,14,56,70,1.2,0.04815434123430769,610,They say there is a file missing in the bake shop.
5086,5126,0,14,56,70,1.2,0.04815434123430769,610,I can't get a table anymore. Were those regular or non-pareil capers in your linguine?
7630,5126,1,12,57,70,1.2,0.05227733021739333,610,The guards know you're going to try to make your escalope tonight.
5120,5126,0,14,56,70,1.2,0.04815434123430769,610,You're the one who wanted to take reality cooking shows to the next level!
4523,5126,0,14,56,70,1.2,0.04815434123430769,610,"I'm leaving you Gordon, I don't your mind cooking the books, but what you did to those scallops was criminal."
5170,5126,3,8,59,70,1.2,0.05967475684537697,610,The President would like his cake made with the best chocolate.
5242,5126,1,12,57,70,1.2,0.05227733021739333,610,"I warned you about the oleo ... but “No,” you said, “it tastes like butter!”"
5247,5126,4,6,60,70,1.2,0.06304883249912806,610,"When I said wouldn’t you kill to have the number 1 lasagna in the city, I didn’t mean for you to take me literally."
5299,5126,1,12,57,70,1.2,0.05227733021739333,610,I told you the soup tasted a bit fishy.
5412,5126,0,14,56,70,1.2,0.04815434123430769,610,At least your clients come back every day.
5008,5126,3,8,59,70,1.2,0.05967475684537697,610,What did you do with the file in the cake I sent you?
4495,5126,1,12,57,70,1.2,0.05227733021739333,610,"Walk right up to the biggest, baddest guy in the yard and tell him you make a fabulous Grand Marnier soufflé."
4224,5126,1,12,57,70,1.2,0.05227733021739333,610,"Thank you, my dear. Your wife's lady fingers were delicious."
4297,5126,1,12,57,70,1.2,0.05227733021739333,610,This Global Entry thing is really getting out of control.
3492,5126,1,12,57,70,1.2,0.05227733021739333,610,"Yeah, yeah, they can't copyright recipes can they Alan Dershowitz..."
3519,5126,2,10,58,70,1.2,0.056098109857700425,610,"They said if I behave, they'll reduce my sentence to a simmer for 10-15 minutes."
3648,5126,1,12,57,70,1.2,0.05227733021739333,610,If only I knew how to bake a cake with a file in it
3661,5126,2,10,58,70,1.2,0.056098109857700425,610,I kept telling you NOT to put so much pepper in the minestrone. You're lucky you weren't charged with attempted murder!
3756,5126,2,10,58,70,1.2,0.056098109857700425,610,My grocery store is ordering bread for Passover.
3808,5126,1,12,57,70,1.2,0.05227733021739333,610,"Nice outfit, but that hat will never fit through the escape tunnel ."
3810,5126,4,6,60,70,1.2,0.06304883249912806,610,Do you think you'll get time off for good bearnaise?
3871,5126,1,12,57,70,1.2,0.05227733021739333,610,They say you have to bake your own cake.
3886,5126,4,6,60,70,1.2,0.06304883249912806,610,No. The only way this will work is if - I - bake the cake with a file in it
3888,5126,2,10,58,70,1.2,0.056098109857700425,610,When it comes to meth a chef is just not any different than a cook.
3911,5126,2,10,58,70,1.2,0.056098109857700425,610,Why would you want me to bake you a cake?
3975,5126,1,12,57,70,1.2,0.05227733021739333,610,"Okay, so Gordon Ramsay went through your walk-in, screamed at you for a few minutes, and called who exactly?"
3983,5126,2,10,58,70,1.2,0.056098109857700425,610,"And Steve, you knew I always worried self-rising dough wasn't on the level."
4141,5126,3,8,59,70,1.2,0.05967475684537697,610,"You cooked up one of your crazy schemes, didn't you?"
4145,5126,3,8,59,70,1.2,0.05967475684537697,610,A sous chef is not a toy.
4162,5126,1,12,57,70,1.2,0.05227733021739333,610,Proscecution's not buying the 'borscht for orphans' play.
4166,5126,3,8,59,70,1.2,0.05967475684537697,610,Apparently my being the Soup Nazi worked for Seinfeld but not for Trump when they asked me for my Green card....
4178,5126,2,10,58,70,1.2,0.056098109857700425,610,You must go gluten free..
4193,5126,2,10,58,70,1.2,0.056098109857700425,610,"If I told you once, I told you a hundred times - always cook the books well done."
5449,5126,2,10,58,70,1.2,0.056098109857700425,610,They have audio of you 42 times saying it will be over and easy.
4268,5126,2,10,58,70,1.2,0.056098109857700425,610,The new technology allows me to tell you face to face that your cooking turns my stomach!
4390,5126,0,14,56,70,1.2,0.04815434123430769,610,Stop making a federal case of it. Just serve beans.
5463,5126,2,10,58,70,1.2,0.056098109857700425,610,"So I guess you won’t be catering, then..."
5783,5126,2,10,58,70,1.2,0.056098109857700425,610,"Your parole officer said you were a little tart, so they sent you back"
5675,5126,0,14,56,70,1.2,0.04815434123430769,610,Your soufflé REALLY sucked.
6912,5126,1,12,57,70,1.2,0.05227733021739333,610,How am I supposed to be faithful for two years without your croissants?
6946,5126,2,10,58,70,1.2,0.056098109857700425,610,You're souffle is served. #prisonlife
6981,5126,2,10,58,70,1.2,0.056098109857700425,610,I told you that naming your restaurant Illegal Sea Foods wasn't a good idea.
7029,5126,2,10,58,70,1.2,0.056098109857700425,610,This is what happens when you undercook the linguine
7040,5126,1,12,57,70,1.2,0.05227733021739333,610,They'll let you out if you plead guilty to a misdemeanor and turn over your recipe for twenty minute duck pate en croute.
7051,5126,2,10,58,70,1.2,0.056098109857700425,610,"yeah, well, if I could've bake any kind of cake I wouldn't have hired you in the first place."
7058,5126,1,12,57,70,1.2,0.05227733021739333,610,"I told you to use food poisoning, not poisoned food."
7063,5126,2,10,58,70,1.2,0.056098109857700425,610,I swear I thought it was gluten free.
7142,5126,2,10,58,70,1.2,0.056098109857700425,610,I told you to make it Gluten Free
6851,5126,3,9,63,75,1.2,0.05694947974514994,610,Are you serving a sentence or serving meals
7146,5126,1,12,57,70,1.2,0.05227733021739333,610,If you are cooking up another escape plan...
7191,5126,3,8,59,70,1.2,0.05967475684537697,610,The warden said no to the can opener request while you are in his can.
7287,5126,2,10,58,70,1.2,0.056098109857700425,610,The souffle was that bad?
7302,5126,2,10,58,70,1.2,0.056098109857700425,610,I think our marriage is fried!
7303,5126,1,12,57,70,1.2,0.05227733021739333,610,"So, do you want to add the pruno recipe to the cookbook?"
7315,5126,0,14,56,70,1.2,0.04815434123430769,610,They said you could get time off for good beef-flavor.
7397,5126,2,10,58,70,1.2,0.056098109857700425,610,"The place is fine,but the salad chef is getting a little weird with the endive again."
7467,5126,2,10,58,70,1.2,0.056098109857700425,610,Did you really a salt the pepper?
7442,5126,1,12,57,70,1.2,0.05227733021739333,610,What happened to the hacksaw I brought last week?
3484,5126,1,12,57,70,1.2,0.05227733021739333,610,I'm not sure I can put a file in a spinach and three cheese quiche.
7185,5126,1,12,57,70,1.2,0.05227733021739333,610,"We just think ""Iron Bar Chef"" could really turn your career around."
6815,5126,1,12,57,70,1.2,0.05227733021739333,610,They found a finger in the hash.
6777,5126,1,12,57,70,1.2,0.05227733021739333,610,The warden says you can get released early if you keep up the good flavor.
6715,5126,1,12,57,70,1.2,0.05227733021739333,610,I swear! They told me it was cake batter.
5725,5126,1,12,57,70,1.2,0.05227733021739333,610,"I'm sorry, but your soufflé was criminally overrated."
5771,5126,3,8,59,70,1.2,0.05967475684537697,610,Being in here for cooking the company books is not something to show off about.
5811,5126,1,12,57,70,1.2,0.05227733021739333,610,I hope you rot in there.
5836,5126,1,12,57,70,1.2,0.05227733021739333,610,Dump the truffles - they're doing a hat check.
5870,5126,1,12,57,70,1.2,0.05227733021739333,610,Do the inmates like your cooking?
5921,5126,2,10,58,70,1.2,0.056098109857700425,610,Yes. It was that pinch of cayenne.
5931,5126,1,12,57,70,1.2,0.05227733021739333,610,You should have realized it was too hot to handle.
5970,5126,2,10,58,70,1.2,0.056098109857700425,610,"Too late, they found the foie gras."
6142,5126,0,14,56,70,1.2,0.04815434123430769,610,I told you to take the cannoli.
6165,5126,2,10,58,70,1.2,0.056098109857700425,610,"""Must be hot in there! Looks like you're cooking""."
6168,5126,4,6,60,70,1.2,0.06304883249912806,610,You never laugh at my jokes anymore.
6195,5126,1,12,57,70,1.2,0.05227733021739333,610,The seafood pizza was a crime.
6211,5126,2,10,58,70,1.2,0.056098109857700425,610,"Next time, make sure the escargots are cooked!"
6238,5126,3,8,59,70,1.2,0.05967475684537697,610,"Is this your ""to go"" window?"
6303,5126,2,10,58,70,1.2,0.056098109857700425,610,But Henri why did you put the poison in your signature souffle?
6416,5126,3,8,59,70,1.2,0.05967475684537697,610,"I hope they burn you, like you did that poor lasagna!"
6456,5126,4,6,60,70,1.2,0.06304883249912806,610,I brought you some file-o pastries.
6504,5126,1,12,57,70,1.2,0.05227733021739333,610,"Sorry, Henry, I gave the missing steak knife to the police."
6584,5126,2,10,58,70,1.2,0.056098109857700425,610,I'll put up the dough if you give up the secret recipe for garlic bread.
6586,5126,3,8,59,70,1.2,0.05967475684537697,610,I told you not to slip that knife into your cousin's birthday cake.
6625,5126,1,12,57,70,1.2,0.05227733021739333,610,what do you mean I'll have to manage with Blue Apron for a couple of weeks more!
5555,5126,2,10,58,70,1.2,0.056098109857700425,610,"Yes, it is high praise when your patrons say that your desserts are to die for, but adding cyanide is just cheating."
3479,5126,0,14,56,70,1.2,0.04815434123430769,610,What kind of cream do you use in that?
6170,5126,1,12,57,70,1.2,0.05227733021739333,610,Don't you think a cake would be too obvious for a file and a rope?
3401,5126,3,8,59,70,1.2,0.05967475684537697,610,"I said asparagus, not arsenic!"
1070,5126,1,12,57,70,1.2,0.05227733021739333,610,I guess it was too much of a surprise.
1077,5126,1,12,57,70,1.2,0.05227733021739333,610,I guess the food critic didn't think you'd recognize him.
1096,5126,1,12,57,70,1.2,0.05227733021739333,610,They let Martha Stewart out already ?
1115,5126,3,8,59,70,1.2,0.05967475684537697,610,"So, you're in jail for cooking the books?"
1152,5126,0,14,56,70,1.2,0.04815434123430769,610,"Don't worry hon, you'll be out as soon as you can make your souffle rise."
1164,5126,2,10,58,70,1.2,0.056098109857700425,610,"The only thing you’r going to be baking, on the other side, is pie in the sky."
1168,5126,1,12,57,70,1.2,0.05227733021739333,610,The prosecution alleges your alibi is half-baked.
1193,5126,1,12,57,70,1.2,0.05227733021739333,610,"no, I told you to take it on the lamb."
1235,5126,1,12,57,70,1.2,0.05227733021739333,610,I told you that your dream of living out Ratatouille would get you in trouble one day.
1240,5126,2,10,58,70,1.2,0.056098109857700425,610,I told you the exploding cake was a bad idea.
1262,5126,2,10,58,70,1.2,0.056098109857700425,610,"If want outta there, I'm gonna need that cake recipe."
1275,5126,1,12,57,70,1.2,0.05227733021739333,610,"No, I can't bake you a cake with a file in it. You're the baker, remember?"
1300,5126,3,8,59,70,1.2,0.05967475684537697,610,If I can't find French shallots can I substitute Holland Red shallots?
1351,5126,2,10,58,70,1.2,0.056098109857700425,610,They said please pack your knives and go. There was no mention of stabbing the contestant next to you.
1399,5126,1,12,57,70,1.2,0.05227733021739333,610,Adjust for altitude? For the love of Pete there's a file in the middle.
1402,5126,3,8,59,70,1.2,0.05967475684537697,610,You can turn off the timer I think your done.
1502,5126,1,12,57,70,1.2,0.05227733021739333,610,"I'd make you a cake with a file in it, but you do all the cooking."
1513,5126,0,14,56,70,1.2,0.04815434123430769,610,"Big Chef, I told you the file was a bad idea."
1524,5126,3,8,59,70,1.2,0.05967475684537697,610,Your scheme was half baked. I'm gettin' skewered in here!
1065,5126,3,8,59,70,1.2,0.05967475684537697,610,"If your next soufflé collapses, they’re going to tack on another two years to your sentence."
1002,5126,1,12,57,70,1.2,0.05227733021739333,610,"You left the canoli, dear."
983,5126,2,10,58,70,1.2,0.056098109857700425,610,"Darling, I have a confession. It's just ... I was so hungry .... and the drive-thru was so well-marked ..."
981,5126,2,10,58,70,1.2,0.056098109857700425,610,"So, how's your new job?"
45,5126,3,8,59,70,1.2,0.05967475684537697,610,And next time you visit me don’t wear your working clothes
138,5126,1,12,57,70,1.2,0.05227733021739333,610,Sorry - Anthony Bourdain turned down your idea.
179,5126,2,10,58,70,1.2,0.056098109857700425,610,I warned you to go easy on the habanero!
295,5126,2,10,58,70,1.2,0.056098109857700425,610,The gourmet club is still pressing charges for the flattened souffle.
299,5126,1,12,57,70,1.2,0.05227733021739333,610,I think it was harsh that they locked you up just because I wanted my steak well done.
333,5126,2,10,58,70,1.2,0.056098109857700425,610,Smuggle flour in a cake?
367,5126,1,12,57,70,1.2,0.05227733021739333,610,"I know you didn't put salt in the batter, but you did beat the eggs."
370,5126,2,10,58,70,1.2,0.056098109857700425,610,Do you 'knead dough' to make bail?
390,5126,3,8,59,70,1.2,0.05967475684537697,610,I just can't order out any more. I've found another cook. I'm sorry.
1593,5126,3,8,59,70,1.2,0.05967475684537697,610,"Look Paul, for the last time: will you or will you not let me have your recipe for that Spinach quiche?"
3426,5126,0,14,56,70,1.2,0.04815434123430769,610,I suppose you’re trying to cook up a way out of this?
470,5126,4,6,60,70,1.2,0.06304883249912806,610,Bad news: the candlestick maker is turning state's evidence
498,5126,4,6,60,70,1.2,0.06304883249912806,610,I’m cooked!!!!
506,5126,3,8,59,70,1.2,0.05967475684537697,610,Sometimes a giant sandwich in a tunnel is just a giant sandwich in a tunnel.
641,5126,3,8,59,70,1.2,0.05967475684537697,610,The DA says she'll consider an appeal based on your argument you thought the recipe was in metric units.
717,5126,1,12,57,70,1.2,0.05227733021739333,610,"I’ll bake you a key in a cake. That’s a joke, you jerk."
745,5126,1,12,57,70,1.2,0.05227733021739333,610,I'm glad you finally found someone who appreciates your cooking.
811,5126,2,10,58,70,1.2,0.056098109857700425,610,I'm leaving you. I never loved you. I just loved your bisque.
842,5126,0,14,56,70,1.2,0.04815434123430769,610,I told you not to trying to pass off Entemann's as cronuts.
971,5126,3,8,59,70,1.2,0.05967475684537697,610,What are you cooking up this time?
467,5126,2,10,58,70,1.2,0.056098109857700425,610,Oh come on! That's the first place they'd think to look.
1630,5126,0,14,56,70,1.2,0.04815434123430769,610,Listen carefully! I said a f-a-k-i-r could escape through the vent system!
465,5126,2,10,58,70,1.2,0.056098109857700425,610,Your lawyer said that outfit didn't help you with the jury. You are head of accounting.
1688,5126,1,12,57,70,1.2,0.05227733021739333,610,You just HAD to make Fugu the special?!
2832,5126,1,12,57,70,1.2,0.05227733021739333,610,Cooks vs. Cons? What do you mean the show needed something to boost ratings? We want you home!
2839,5126,2,10,58,70,1.2,0.056098109857700425,610,Was it the snails?
2876,5126,0,14,56,70,1.2,0.04815434123430769,610,"Honey, I didn't know baking a file into that cake would lose you your Michelin star."
2879,5126,2,10,58,70,1.2,0.056098109857700425,610,What wine pairs well prison food?
2962,5126,1,12,57,70,1.2,0.05227733021739333,610,I told you the cake was criminally good.
2981,5126,1,12,57,70,1.2,0.05227733021739333,610,It's because you promised to always keep my recipes a secret!
3002,5126,1,12,57,70,1.2,0.05227733021739333,610,The police says your latest creation was a killer recipe.
3019,5126,0,14,56,70,1.2,0.04815434123430769,610,"The reviews have actually got better. Sorry, Chef."
3066,5126,2,10,58,70,1.2,0.056098109857700425,610,"Because beating an egg is one thing, but beating your neighbor..."
3083,5126,0,14,56,70,1.2,0.04815434123430769,610,I told you that was so good it was criminal..
3136,5126,2,10,58,70,1.2,0.056098109857700425,610,I tweaked your recipe last night. Only three deaths.
3181,5126,1,12,57,70,1.2,0.05227733021739333,610,I told you it was a crime to fuse Mexican with sushi.
3194,5126,3,8,59,70,1.2,0.05967475684537697,610,I think you would have had a better chance with the Abraham Lincoln look.
3200,5126,0,14,56,70,1.2,0.04815434123430769,610,They said panhandling carries the death sentence. You're going to fry.
3218,5126,1,12,57,70,1.2,0.05227733021739333,610,"Hi, can I have two years in prison with some extra pepperoni on top, please?"
3253,5126,0,14,56,70,1.2,0.04815434123430769,610,I'm getting a whole new perspective on ingredients here.
3361,5126,1,12,57,70,1.2,0.05227733021739333,610,I thought you were running a bakery
3368,5126,3,8,59,70,1.2,0.05967475684537697,610,"Listen all you have to say is that ""recipes to kill"" was just an literary expression to sell cook books."
3381,5126,3,8,59,70,1.2,0.05967475684537697,610,I guess your high prices really were criminal.
3389,5126,2,10,58,70,1.2,0.056098109857700425,610,"No, you bake a cake with a file in it!"
1652,5126,2,10,58,70,1.2,0.056098109857700425,610,"Sorry, dear, the judge said he can’t accept your dough for bail."
2696,5126,2,10,58,70,1.2,0.056098109857700425,610,The toxicology report came back. Your 'icing sugar defense' won't work.
2632,5126,4,6,60,70,1.2,0.06304883249912806,610,"You robbed a bank, in a chefs outfit? You belong here!"
3313,5126,2,10,58,70,1.2,0.056098109857700425,610,"No, it was supposed to be 'Death by Chocolate,' not 'Death by Choke a Lady'"
2572,5126,2,10,58,70,1.2,0.056098109857700425,610,I didn't think your cake was THAT bad
1863,5126,2,10,58,70,1.2,0.056098109857700425,610,"""I'd like to order a gluten-free, non-GMO, non-inflammatory topping, vegan Grandma pizza. I have a $30. off coupon, how much do I owe?""."
1873,5126,2,10,58,70,1.2,0.056098109857700425,610,Franz! How long did you say to leave the soufflé in the oven?
1896,5126,1,12,57,70,1.2,0.05227733021739333,610,"I'm telling you Gary, dogs legs are not the next big thing..."
1961,5126,3,8,59,70,1.2,0.05967475684537697,610,I told you I was vegan.
1966,5126,1,12,57,70,1.2,0.05227733021739333,610,They say the idea of you getting out of here is ‘pie in the sky.’!
1997,5126,3,8,59,70,1.2,0.05967475684537697,610,"No, you don't get time off for good banana bread."
2059,5126,3,8,59,70,1.2,0.05967475684537697,610,I found the clever
2068,5126,3,8,59,70,1.2,0.05967475684537697,610,"I was going to sneak a saw and file past the guards inside a cake, but you weren't home to make one."
2119,5126,3,8,59,70,1.2,0.05967475684537697,610,"I ‘m sorry huney, but I had to hire a new chef and he has moved in."
2098,5126,3,8,59,70,1.2,0.05967475684537697,610,"They searched the purse thoroughly; nonetheless, I made it past with the ingredients like you said.. but I'm particularly worried about that stick of butter."
2245,5126,1,12,57,70,1.2,0.05227733021739333,610,Tell my sous chef to wait for me.
2292,5126,2,10,58,70,1.2,0.056098109857700425,610,You forgot to add his anchovies.
2578,5126,0,14,56,70,1.2,0.04815434123430769,610,Tell me again. The key to a successful cake is?
1804,5126,2,10,58,70,1.2,0.056098109857700425,610,"Sounds good, except Mama used a half cup more sugar."
2336,5126,0,14,56,70,1.2,0.04815434123430769,610,You could have served the books raw with a light vinaigrette.
2427,5126,3,8,59,70,1.2,0.05967475684537697,610,"I really appreciate your leaving the diner to come and visit, and yes, they did relax the inmate rules. They have their own hair salon, stopped requiring uniforms and they don't even check my purse."
2481,5126,1,12,57,70,1.2,0.05227733021739333,610,Where did you stash the mayo?
2492,5126,4,6,60,70,1.2,0.06304883249912806,610,But I need the costumes; you have used it for the past 6 Halloweens.
2570,5126,2,10,58,70,1.2,0.056098109857700425,610,I can't find your method for making coq au vin.
2189,5126,2,10,58,70,1.2,0.056098109857700425,610,Do you have any idea how hard it is to duplicate the Big Mac?
4580,5315,2,10,59,71,1.1971830985915493,0.05537404657552627,610,I wish you'd told me that you kneaded the dough so badly.
7426,5315,3,8,60,71,1.1971830985915493,0.05889566640314108,610,It was the $98 filet.
6005,5315,2,10,59,71,1.1971830985915493,0.05537404657552627,610,your meatballs weren't that bad.
2509,5315,3,8,60,71,1.1971830985915493,0.05889566640314108,610,"Darling, I spoke with the DA and yes, it is fact a crime to skewer Cuisse de grenouilles sur un baton and then skewer Chef Andre' ."
7845,5315,2,10,59,71,1.1971830985915493,0.05537404657552627,610,I am not going to wait for you.
2591,5320,0,13,53,66,1.196969696969697,0.04932975938212032,610,How much time before the third course arrives?
654,5321,2,10,60,72,1.1944444444444444,0.054668187059789194,610,Bake a hacksaw into your own damn cake!
2355,5321,0,14,58,72,1.1944444444444444,0.04696954399337483,610,"Your fugu fish preparation needs tweaking. But good news: you've won ""Graybar Chef."""
3754,5321,1,12,59,72,1.1944444444444444,0.050964442209003306,610,The governor says there will be no pardon for murdering his steak.
3787,5324,2,9,56,67,1.1940298507462686,0.057218846267874955,610,"Did you really turn the oven up to 3500 degrees? I mean, you do know that sometimes a typo slips by the editor?"
4660,5324,1,11,55,67,1.1940298507462686,0.053119792298663225,610,Seriously. You still really won't tell me your Gianduja Souffle recipe?
4690,5324,0,13,54,67,1.1940298507462686,0.04867677371683064,610,I'm going to tira-miss-u.
4826,5324,3,7,57,67,1.1940298507462686,0.061043266644244185,610,That reminds me: i think i left the stove on.
4879,5324,1,11,55,67,1.1940298507462686,0.053119792298663225,610,Virginia's out. Duke's out. I don't know what's going on with Gonzaga. I don't need another recipe - I need a bracket I can live with!
4899,5324,1,11,55,67,1.1940298507462686,0.053119792298663225,610,I told you fugu wasn't a good idea.
5040,5324,1,11,55,67,1.1940298507462686,0.053119792298663225,610,"I'm sorry honey, the guards found the basil."
5469,5324,0,13,54,67,1.1940298507462686,0.04867677371683064,610,So your calorie bomb wasn't appreciated?
5321,5324,2,9,56,67,1.1940298507462686,0.057218846267874955,610,"Your goose is cooked. Just sayin""."
4634,5324,1,11,55,67,1.1940298507462686,0.053119792298663225,610,That cake frosting was lethal. What is the key ingredient?
5504,5324,1,11,55,67,1.1940298507462686,0.053119792298663225,610,Tony. The judge is not going to believe the forced confession story about murdering chicken.
5509,5324,1,11,55,67,1.1940298507462686,0.053119792298663225,610,"Now honey, we knew the judges would be tough on Top Chef Leavenworth."
5637,5324,2,9,56,67,1.1940298507462686,0.057218846267874955,610,I told you that Homi-cider was bad name for a restaurant.
5696,5324,2,9,56,67,1.1940298507462686,0.057218846267874955,610,"Well, this wasn't our worst Halloween."
5041,5324,3,7,57,67,1.1940298507462686,0.061043266644244185,610,Killer dessert.
4628,5324,2,9,56,67,1.1940298507462686,0.057218846267874955,610,"I'm sorry Clark, but it's ravi-over."
4363,5324,0,13,54,67,1.1940298507462686,0.04867677371683064,610,But you're Martha Stewart. You know how to bake a big Cake.
3771,5324,1,11,55,67,1.1940298507462686,0.053119792298663225,610,"Tell me how much salt, and I'll get you out in an hour."
4271,5324,0,13,54,67,1.1940298507462686,0.04867677371683064,610,You made me buy frozen snails. How to I defrost the wretched things?
4247,5324,2,9,56,67,1.1940298507462686,0.057218846267874955,610,I mean...it was a bit overcooked.
4215,5324,2,9,56,67,1.1940298507462686,0.057218846267874955,610,Hey Poppin Fresh!
4001,5324,1,11,55,67,1.1940298507462686,0.053119792298663225,610,"When the judge said that he was going to throw the book at you, I didn't expect it to be a cookbook"
3940,5324,2,9,56,67,1.1940298507462686,0.057218846267874955,610,I'm sure the toilet wine braised beef wasn't a complete disappointment!
3833,5324,3,7,57,67,1.1940298507462686,0.061043266644244185,610,"Yes madam, I know, Bernie is kosher."
3827,5324,3,7,57,67,1.1940298507462686,0.061043266644244185,610,"Step 3: Add flour one tablespoon at a time, so the filer won't sink to the bottom."
3649,5324,2,9,56,67,1.1940298507462686,0.057218846267874955,610,Do you really think the judge is going to believe that you didn't know the oven was set to Fahrenheit and not Celsius...?
3806,5324,1,11,55,67,1.1940298507462686,0.053119792298663225,610,I know... but I thought I could get away with using generic Parmesan
3525,5324,1,11,55,67,1.1940298507462686,0.053119792298663225,610,"""Your cupcake iced a deal with the Feds."
5862,5324,2,9,56,67,1.1940298507462686,0.057218846267874955,610,Relax. Souffles take time.
3674,5324,0,13,54,67,1.1940298507462686,0.04867677371683064,610,But it's your job to bake the cake with the file in it.
3729,5324,2,9,56,67,1.1940298507462686,0.057218846267874955,610,Roald Dahl be damned! They didn't eat the lamb!
4468,5324,1,11,55,67,1.1940298507462686,0.053119792298663225,610,Don’t get into a beef!
6001,5324,2,9,56,67,1.1940298507462686,0.057218846267874955,610,I didn’t know Chef Boyardee was a real chef
7742,5324,2,9,56,67,1.1940298507462686,0.057218846267874955,610,How exactly am I supposed to get the nail file into the cake?
6239,5324,2,9,56,67,1.1940298507462686,0.057218846267874955,610,Your accountant should have told you not to cook the books.
7380,5324,1,11,55,67,1.1940298507462686,0.053119792298663225,610,"Sure you’ll win, honey; but, remember-don’t kill anybody this time. OK?"
7412,5324,1,11,55,67,1.1940298507462686,0.053119792298663225,610,"No, No, I said “Grill it Baby, Grill it”"
7466,5324,1,11,55,67,1.1940298507462686,0.053119792298663225,610,"You are deluding yourself - your crime wasn't that the food was terrible, it was that the portions were too small"
7485,5324,3,7,57,67,1.1940298507462686,0.061043266644244185,610,"I warned you! He takes his steak well done, with ketchup."
7520,5324,1,11,55,67,1.1940298507462686,0.053119792298663225,610,I don’t care if they told you to show off your knife skills in culinary school!
7552,5324,2,9,56,67,1.1940298507462686,0.057218846267874955,610,"Just reveal your truffles connection, and maybe you won't lose a Michelin star."
7345,5324,2,9,56,67,1.1940298507462686,0.057218846267874955,610,"'Quick Mom, Next time, use a baguette for your your special ingredient?'"
7610,5324,2,9,56,67,1.1940298507462686,0.057218846267874955,610,"I’m very sorry to tell you, but they’ve redone the entire menu."
7798,5324,0,13,54,67,1.1940298507462686,0.04867677371683064,610,Sorry but I told you your lamb salad dish was “to die for” before you served it.
7825,5324,2,9,56,67,1.1940298507462686,0.057218846267874955,610,Well at least I know where you are...
7887,5324,1,11,55,67,1.1940298507462686,0.053119792298663225,610,Good news. The lawyers say your goose is cooked.
7889,5324,1,11,55,67,1.1940298507462686,0.053119792298663225,610,"Yes, it's true. The peaks on the meringue...have fallen."
7904,5324,3,7,57,67,1.1940298507462686,0.061043266644244185,610,"First thing you do, you find the best chef in there, you walk right up to him and you cook him under the table."""
7928,5324,1,11,55,67,1.1940298507462686,0.053119792298663225,610,You’re forgetting I did say I liked the ambience and that the location was great...
7775,5324,2,9,56,67,1.1940298507462686,0.057218846267874955,610,I told you the file in the cake trick was a half-baked idea
6011,5324,4,5,58,67,1.1940298507462686,0.06464181647334705,610,"You know 45 only eats fast food... What were you thinking making your Signature Salad, Vegetable Souffle and Strawberry Creme Brulee Tart!"
7314,5324,1,11,55,67,1.1940298507462686,0.053119792298663225,610,"I’m sorry, Ralph, but I warned you to stop kneading me"
7239,5324,2,9,56,67,1.1940298507462686,0.057218846267874955,610,I told you it wasn’t a hors d’oeuvre of protection you’d be in violation of.
6256,5324,1,11,55,67,1.1940298507462686,0.053119792298663225,610,Let it rest for one hour? Who has time for that?
6322,5324,2,9,56,67,1.1940298507462686,0.057218846267874955,610,I told you not to make the chocolate chunk when they just ordered chocolate muffins!
6529,5324,3,7,57,67,1.1940298507462686,0.061043266644244185,610,"I'm sorry my love, but I've met a clown."
6548,5324,2,9,56,67,1.1940298507462686,0.057218846267874955,610,"In acknowledgment of your conspicuous professional identity, they’re giving you an extra year."
6566,5324,1,11,55,67,1.1940298507462686,0.053119792298663225,610,I told you not to get involved with hot enchilada.
6685,5324,2,9,56,67,1.1940298507462686,0.057218846267874955,610,They never stop eating honey.
7308,5324,1,11,55,67,1.1940298507462686,0.053119792298663225,610,The last person you should have tried that new recipe on was James Beard.
6759,5324,2,9,56,67,1.1940298507462686,0.057218846267874955,610,It was all in the sauce!
6871,5324,1,11,55,67,1.1940298507462686,0.053119792298663225,610,I've appealed to the governor that you had no idea it was mock crab in the salad.
6958,5324,2,9,56,67,1.1940298507462686,0.057218846267874955,610,I'm carrying out with someone else.
6970,5324,0,13,54,67,1.1940298507462686,0.04867677371683064,610,"Point made, Guillaume. I can live without my diamonds, but not without your profiteroles."
7003,5324,2,9,56,67,1.1940298507462686,0.057218846267874955,610,"His souffles never fall, what can I say?"
7105,5324,2,9,56,67,1.1940298507462686,0.057218846267874955,610,"Honey, I was just so sick of guys calling it ""prison food"""
7152,5324,1,11,55,67,1.1940298507462686,0.053119792298663225,610,It was never about us. I wanted all the dough for myself.
6831,5324,1,11,55,67,1.1940298507462686,0.053119792298663225,610,What temperature for the pork chops ?
3494,5324,3,7,57,67,1.1940298507462686,0.061043266644244185,610,"So, can I get the same brownie with a teaspoon of REAL baking powder?"
3410,5324,0,13,54,67,1.1940298507462686,0.04867677371683064,610,But the recipe didn't call for a file.
3431,5324,1,11,55,67,1.1940298507462686,0.053119792298663225,610,I’m sorry Miguel. It was a bad bake.
1628,5324,1,11,55,67,1.1940298507462686,0.053119792298663225,610,He's willing to drop the charges if you give him his three stars back.
1598,5324,3,7,57,67,1.1940298507462686,0.061043266644244185,610,I really didn't think your Souffle was that bad.
1560,5324,3,7,57,67,1.1940298507462686,0.061043266644244185,610,It sounds like your goose is cooked for making mincemeat out of the victim. And now...your just desserts.
1550,5324,1,11,55,67,1.1940298507462686,0.053119792298663225,610,You misunderstood au jus.
1515,5324,1,11,55,67,1.1940298507462686,0.053119792298663225,610,"Yes dear, but are the greens fresh?"
1473,5324,2,9,56,67,1.1940298507462686,0.057218846267874955,610,who dis?
1350,5324,1,11,55,67,1.1940298507462686,0.053119792298663225,610,"Calling it ‘Cafe Bastille’ may sound glamourous, but you’ll always be ‘Cookie from Rykers’ to me."
1345,5324,0,13,54,67,1.1940298507462686,0.04867677371683064,610,"But still, despite everything I've learned, the meatballs were delicious."
1304,5324,1,11,55,67,1.1940298507462686,0.053119792298663225,610,Don't worry...I'll just tell the children you were a serial killer.
1286,5324,2,9,56,67,1.1940298507462686,0.057218846267874955,610,"I tried to bake a file in a cake, but the batter ruined our Mixmaster."
1276,5324,0,13,54,67,1.1940298507462686,0.04867677371683064,610,"You can sit there and be as demeaning as you want, but arsenic and absinthe do sound very similar."
1244,5324,0,13,54,67,1.1940298507462686,0.04867677371683064,610,Trump agrees to commute your sentence only if you don't return to McDonald's and come to work at the White House kitchen.
1169,5324,0,13,54,67,1.1940298507462686,0.04867677371683064,610,"Yelling ""you've been chopped"" will not help your defense."
1099,5324,2,9,56,67,1.1940298507462686,0.057218846267874955,610,Did they find the knife?
1030,5324,1,11,55,67,1.1940298507462686,0.053119792298663225,610,Look. You’ve got to cut back on the hot peppers.
801,5324,2,9,56,67,1.1940298507462686,0.057218846267874955,610,I'll get the file; you bake the cake.
731,5324,1,11,55,67,1.1940298507462686,0.053119792298663225,610,Didn't I tell you not everyone wants the Chef's Special?
715,5324,0,13,54,67,1.1940298507462686,0.04867677371683064,610,You're going to fucking fry and that's not a cute pun. They will literally electrocute you to death.
670,5324,2,9,56,67,1.1940298507462686,0.057218846267874955,610,"And then she asked, 'What, did he asSALT someone?' as if you don't already hear that one every day."
655,5324,2,9,56,67,1.1940298507462686,0.057218846267874955,610,"It was all so stupid, Francoise. Who else would have cooked the books?"
561,5324,2,9,56,67,1.1940298507462686,0.057218846267874955,610,If I told you once I told you a thousand times: no MSG in our restaurant!
454,5324,1,11,55,67,1.1940298507462686,0.053119792298663225,610,I'm afraid the knife inside the birthday cake is too obvious.
451,5324,1,11,55,67,1.1940298507462686,0.053119792298663225,610,Orange flambé is the new black.
450,5324,3,7,57,67,1.1940298507462686,0.061043266644244185,610,"I pushed the judge to give you death by chocolate, but it looks like they’re going to give you the chair."
288,5324,0,13,54,67,1.1940298507462686,0.04867677371683064,610,"I'm sorry, there will be no Madeleine. She said she couldn't make it."
152,5324,0,13,54,67,1.1940298507462686,0.04867677371683064,610,I don't think this is ours? It's on whole wheat.
116,5324,1,11,55,67,1.1940298507462686,0.053119792298663225,610,"No more conjugal visits, I want your pastries."
47,5324,2,9,56,67,1.1940298507462686,0.057218846267874955,610,Did you bring the dough?
3441,5324,3,7,57,67,1.1940298507462686,0.061043266644244185,610,I heard they were indicting ham sandwiches but this is too much!
1664,5324,3,7,57,67,1.1940298507462686,0.061043266644244185,610,"Death by Chocolate, huh?"
1724,5324,0,13,54,67,1.1940298507462686,0.04867677371683064,610,"On the right side, the liver was to die for."
1341,5324,2,9,56,67,1.1940298507462686,0.057218846267874955,610,I told you that souffle ought to be a crime.
3317,5324,2,9,56,67,1.1940298507462686,0.057218846267874955,610,There’s a fine line between a baked Alaska and arson.
3359,5324,3,7,57,67,1.1940298507462686,0.061043266644244185,610,I could bake a file into a cake but that might be too obvious
3319,5324,0,13,54,67,1.1940298507462686,0.04867677371683064,610,Hold on to your haute. Your attorney says refusing an amuse-bouche is a crime of passion!
1758,5324,3,7,57,67,1.1940298507462686,0.061043266644244185,610,Are the trolls farmed locally?
3161,5324,3,7,57,67,1.1940298507462686,0.061043266644244185,610,"You still owe me for that sushi grade tuna, and I have friends in there."
3061,5324,1,11,55,67,1.1940298507462686,0.053119792298663225,610,I think you should remove tossed salad from the menu
3047,5324,1,11,55,67,1.1940298507462686,0.053119792298663225,610,One cheese burgler please
3007,5324,3,7,57,67,1.1940298507462686,0.061043266644244185,610,"Apparently Jackie Gleason is claiming ""He's ""the chef of the future!"
2985,5324,2,9,56,67,1.1940298507462686,0.057218846267874955,610,I’m told the maximum sentence could be death by chocolate.
2925,5324,0,13,54,67,1.1940298507462686,0.04867677371683064,610,"Yea. I know you said his restaurant reviews were powerful, but this is ridiculous."
2816,5324,2,9,56,67,1.1940298507462686,0.057218846267874955,610,Did you bring the ambergris?
2727,5324,2,9,56,67,1.1940298507462686,0.057218846267874955,610,I’m warning you; I have a fresh donut in this purse and am prepared to take a bite!
2606,5324,1,11,55,67,1.1940298507462686,0.053119792298663225,610,"I'll tell you the escape plan now, but for the time being, keep it under your hat."
2527,5324,1,11,55,67,1.1940298507462686,0.053119792298663225,610,The candlestick maker was already dead in the tub when I got there.
2511,5324,2,9,56,67,1.1940298507462686,0.057218846267874955,610,"Yes, I've got the knife. But is it two or three cups of flour?"
2756,5324,3,7,57,67,1.1940298507462686,0.061043266644244185,610,"No, I don't think that Sal Monella is a good co-defendant."
2449,5324,0,13,54,67,1.1940298507462686,0.04867677371683064,610,They’re saying 15 years to life for microwaving burgers.
1823,5324,1,11,55,67,1.1940298507462686,0.053119792298663225,610,"Oh Jacque, how could you do it, burn the creme brulee?"
1859,5324,1,11,55,67,1.1940298507462686,0.053119792298663225,610,The Police found the bisque...
2508,5324,4,5,58,67,1.1940298507462686,0.06464181647334705,610,I said I wanted my steak medium rare.
1992,5324,2,9,56,67,1.1940298507462686,0.057218846267874955,610,"This is a holdup, give me all of your dough"
1996,5324,1,11,55,67,1.1940298507462686,0.053119792298663225,610,I'd like to order some carry-out. Or maybe you could deliver?
2057,5324,2,9,56,67,1.1940298507462686,0.057218846267874955,610,"Honey, I know you like to cook, but you can't cook the books."
1959,5324,1,11,55,67,1.1940298507462686,0.053119792298663225,610,I always thought your over use of salt was criminal
2334,5324,4,5,58,67,1.1940298507462686,0.06464181647334705,610,"Of all the dough in the world, you had to take the greenbacks."
2341,5324,1,11,55,67,1.1940298507462686,0.053119792298663225,610,One sack of flour with a file in it.
3404,5324,1,11,55,67,1.1940298507462686,0.053119792298663225,610,"If you help me smuggle in some cigarettes, I can probably sneak out my amuse bouche."
2297,5324,3,7,57,67,1.1940298507462686,0.061043266644244185,610,I told you not to beat the eggs.
2860,5455,1,11,56,68,1.1911764705882353,0.052410519678289844,610,I told you not to lie about the gluten.
3124,5455,2,9,57,68,1.1911764705882353,0.056443282467648626,610,"It was a half baked idea to begin with but when I said ,""Cheese it the cops!"" I meant, get the Hell out of there not to add more cheese."
4770,5455,1,11,56,68,1.1911764705882353,0.052410519678289844,610,I baked the file in the coffee-rum zabaglione.
3676,5455,1,11,56,68,1.1911764705882353,0.052410519678289844,610,Crimes against cassoulet...how could you?
3723,5455,3,7,58,68,1.1911764705882353,0.060206525381366546,610,The detective said that there was gluten in the lasagna.
3832,5455,2,9,57,68,1.1911764705882353,0.056443282467648626,610,I am not cook.
3916,5455,1,11,56,68,1.1911764705882353,0.052410519678289844,610,"You overcooked another steak, didn't you?"
4015,5455,3,7,58,68,1.1911764705882353,0.060206525381366546,610,I told you to stay out of that chop shop.
4500,5455,0,13,55,68,1.1911764705882353,0.048040410179077814,610,I told you not to run with knives.
4564,5455,2,9,57,68,1.1911764705882353,0.056443282467648626,610,"No, I cannot find your recipe for banana and saw loaf."
4605,5455,1,11,56,68,1.1911764705882353,0.052410519678289844,610,"So they figured out what was in the jelly, huh?"
4870,5455,2,9,57,68,1.1911764705882353,0.056443282467648626,610,"If you can't stand the heat in the kitchen, it's time to escape."
7417,5455,2,9,57,68,1.1911764705882353,0.056443282467648626,610,Did you have to dust the grave with powdered sugar?
4988,5455,3,7,58,68,1.1911764705882353,0.060206525381366546,610,There’s only one problem with your file in the cake idea - you’re the baker.
5246,5455,1,11,56,68,1.1911764705882353,0.052410519678289844,610,"I love you chef, but ""boyardee"" in trouble."
5327,5455,2,9,57,68,1.1911764705882353,0.056443282467648626,610,"You are being rediculous Anthony! It's time to confess that the ""Chef Tony's World Famous Lobster Bisque"" that made all those people ill came out of a can."
5470,5455,3,7,58,68,1.1911764705882353,0.060206525381366546,610,"I agree, Roquefort is delicious, but we've got to look past that now."
6014,5455,3,7,58,68,1.1911764705882353,0.060206525381366546,610,This is what happens when our restaurant gets only two stars.
6090,5455,2,9,57,68,1.1911764705882353,0.056443282467648626,610,Trump's DA thinks 'making stolen' is a crime.
6158,5455,3,7,58,68,1.1911764705882353,0.060206525381366546,610,I told you it was a half baked idea!
7805,5455,2,9,57,68,1.1911764705882353,0.056443282467648626,610,You would've gotten away with it if your plan wasn't half-baked.
6470,5455,1,11,56,68,1.1911764705882353,0.052410519678289844,610,"I’m sorry, Mr. Wilson, there are multiple witnesses to your still only using kale as a garnish."
7725,5455,1,11,56,68,1.1911764705882353,0.052410519678289844,610,I told you that you would get in trouble when you claimed the farmed fish was wild caught.
2790,5455,1,11,56,68,1.1911764705882353,0.052410519678289844,610,You never taught me how to bake a cake!
6622,5455,4,5,59,68,1.1911764705882353,0.06374799809618728,610,"On the bright side, you have been named the next —Behind the Iron Chef"
4963,5455,0,13,55,68,1.1911764705882353,0.048040410179077814,610,"How are the croisssants, dear?"
2783,5455,3,7,58,68,1.1911764705882353,0.060206525381366546,610,They didn't beat the chef out of you.
2241,5455,1,11,56,68,1.1911764705882353,0.052410519678289844,610,They said your take on boeuf bourguignon was criminal
2514,5455,1,11,56,68,1.1911764705882353,0.052410519678289844,610,Here's a tip I'll share. Next time don't beat the eggs and whip the cream.
44,5455,1,11,56,68,1.1911764705882353,0.052410519678289844,610,Remember- do not drop the butter..
478,5455,1,11,56,68,1.1911764705882353,0.052410519678289844,610,"Yes, Mother was tasty."
2637,5455,1,11,56,68,1.1911764705882353,0.052410519678289844,610,"My poor Pierre. I'm sorry they pelted you with the snails and frog legs, but was it reasonable to expect they'd like them?"
574,5455,1,11,56,68,1.1911764705882353,0.052410519678289844,610,I told you that sinful dessert was a crime.
701,5455,2,9,57,68,1.1911764705882353,0.056443282467648626,610,What did I tell you!? You should never have put tomato sauce on that cheese steak.
792,5455,1,11,56,68,1.1911764705882353,0.052410519678289844,610,I have a Chef's Surprise for you....
914,5455,1,11,56,68,1.1911764705882353,0.052410519678289844,610,If only we'd come up with a newer cliche.
573,5455,3,7,58,68,1.1911764705882353,0.060206525381366546,610,So you sliced and diced him?
1307,5455,2,9,57,68,1.1911764705882353,0.056443282467648626,610,At least they thought your muffins were killer.
1312,5455,2,9,57,68,1.1911764705882353,0.056443282467648626,610,What did u expect from prison food?
1853,5455,4,5,59,68,1.1911764705882353,0.06374799809618728,610,"Can I order a 16"" ""I slept with your brother"" pizza...with extra pepperoni?"
2175,5455,2,9,57,68,1.1911764705882353,0.056443282467648626,610,I warned you it was a crime that your food tasted so good.
2322,5455,3,7,58,68,1.1911764705882353,0.060206525381366546,610,"Oh, I see...they meant ""Sous"" chef."
2484,5455,1,11,56,68,1.1911764705882353,0.052410519678289844,610,I already told you: I've got the dough!
1190,5455,3,7,58,68,1.1911764705882353,0.060206525381366546,610,What you did to the lobster was a crime.
7324,5499,0,12,51,63,1.1904761904761905,0.04986999410368025,610,And another thing. The soufflé went flat.
6983,5500,0,13,56,69,1.1884057971014492,0.04742006474057418,610,I don’t understand — why did the judge give you 13 years?
5216,5500,0,13,56,69,1.1884057971014492,0.04742006474057418,610,We’re appealling. You’ll be out by the time the roast is done.
2849,5500,0,13,56,69,1.1884057971014492,0.04742006474057418,610,"Look on the bright side, at least you were nominated for the James Barred Award."
2339,5500,2,9,58,69,1.1884057971014492,0.055688216518499936,610,"I told you that your beef tenderloin was that good, but did you listen?"
2034,5500,2,9,58,69,1.1884057971014492,0.055688216518499936,610,"If you don’t tell them where the dough is, your goose is cooked."
960,5500,1,11,57,69,1.1884057971014492,0.05171962876419153,610,I wanted to speak with crook.
7551,5506,4,5,61,70,1.1857142857142857,0.06203203988422092,610,"I told them I was executive chef and they thought I said, ""execute the chef."""
4739,5507,4,4,57,65,1.1846153846153846,0.06538461538461537,610,The lawyer tells me you're cooked!
5591,5507,4,4,57,65,1.1846153846153846,0.06538461538461537,610,"I'm sorry, Pierre, but I can't sous you anymore."
4904,5507,1,10,54,65,1.1846153846153846,0.053224432704223244,610,"I'll have the arugula with baby gem tomatoes and blood orange dressing, the haricourt verts, the halibut in phyllo with a meunière sauce and a pound of c-4."
5076,5507,2,8,55,65,1.1846153846153846,0.05756395979652216,610,"Sorry, take out; no delivery."
5320,5507,1,10,54,65,1.1846153846153846,0.053224432704223244,610,I have to ask. Was it all gluten rich?
5358,5507,2,8,55,65,1.1846153846153846,0.05756395979652216,610,"Honey, I don't know why the guards won't let you have tumeric."
4576,5507,2,8,55,65,1.1846153846153846,0.05756395979652216,610,I told you cod would never pass for scallops .
5756,5507,1,10,54,65,1.1846153846153846,0.053224432704223244,610,Bread and water. BRED and water.
5789,5507,0,12,53,65,1.1846153846153846,0.048498154665071104,610,What do you put in the mystery meat?
4900,5507,1,10,54,65,1.1846153846153846,0.053224432704223244,610,"""I told you not to serve the Baked Alaska in their Tiki hut""."
4559,5507,0,12,53,65,1.1846153846153846,0.048498154665071104,610,"So, where'd ya hide the bread, Earl?"
4068,5507,0,12,53,65,1.1846153846153846,0.048498154665071104,610,So much for the “special ingredient” baked into your desserts.
4245,5507,1,10,54,65,1.1846153846153846,0.053224432704223244,610,He told you he had an aversion to cilantro and you didn't listen.
4110,5507,2,8,55,65,1.1846153846153846,0.05756395979652216,610,But did you plan to burn the pie crust or was it accidental?
5800,5507,1,10,54,65,1.1846153846153846,0.053224432704223244,610,Who'll replace you? Meal kit delivery!
4044,5507,1,10,54,65,1.1846153846153846,0.053224432704223244,610,I did not forget. The free range chicken was confiscated
6859,5507,2,8,55,65,1.1846153846153846,0.05756395979652216,610,I bet California would have appreciated you special brownies.
3949,5507,3,6,56,65,1.1846153846153846,0.06159852837710371,610,I told you not to cook that up
3925,5507,0,12,53,65,1.1846153846153846,0.048498154665071104,610,I am sorry I had to put you in here your food was terrible.
3897,5507,1,10,54,65,1.1846153846153846,0.053224432704223244,610,You told the judge you were just killing him soufflé right?
3786,5507,1,10,54,65,1.1846153846153846,0.053224432704223244,610,"Your quiche recipe is completely safe, Chef."
3784,5507,2,8,55,65,1.1846153846153846,0.05756395979652216,610,"I'd bake a file into a cake, but I can't cook."
3628,5507,2,8,55,65,1.1846153846153846,0.05756395979652216,610,"Well, you did confess that dessert was ""to die for."""
3451,5507,0,12,53,65,1.1846153846153846,0.048498154665071104,610,I'm not sure you've marinated enough.
4543,5507,3,6,56,65,1.1846153846153846,0.06159852837710371,610,"Never mind how your ICE deportation is going, what's needed now is the exact ratio of whole eggs to egg whites in your souffle recipe so your legacy can live on here."
5883,5507,2,8,55,65,1.1846153846153846,0.05756395979652216,610,"Honey, I was the one who left the cake out in the rain."
6570,5507,1,10,54,65,1.1846153846153846,0.053224432704223244,610,I told you it was a crime to put raisins in the sticky buns.
6028,5507,2,8,55,65,1.1846153846153846,0.05756395979652216,610,Will you help me? I'm really in a lemon curd.
3420,5507,2,8,55,65,1.1846153846153846,0.05756395979652216,610,Early release if your souffle doesn't fall.
6846,5507,0,12,53,65,1.1846153846153846,0.048498154665071104,610,Well if you won't give me the recipes how do you expect me to bail you out.
7258,5507,2,8,55,65,1.1846153846153846,0.05756395979652216,610,"No, I don't think the jury will buy that the rats were helping you cook."
7433,5507,1,10,54,65,1.1846153846153846,0.053224432704223244,610,"'I GUESS YOU WON'T BE BURNING ANOTHER SOUFFLE ANY TIME SOON."""
7465,5507,1,10,54,65,1.1846153846153846,0.053224432704223244,610,My husband is complaining about the prison food. He would like cyanide sprinkled on his hamburgers
7617,5507,0,12,53,65,1.1846153846153846,0.048498154665071104,610,Is the prison loaf as bad as they say?
7930,5507,3,6,56,65,1.1846153846153846,0.06159852837710371,610,I told you to stop massaging the kale.
7761,5507,1,10,54,65,1.1846153846153846,0.053224432704223244,610,This is what happens when you have a “no tipping” policy.
7836,5507,3,6,56,65,1.1846153846153846,0.06159852837710371,610,You are getting a raw deal.
6808,5507,0,12,53,65,1.1846153846153846,0.048498154665071104,610,"These are the conditions of your release from prison. Would you like them well, medium or rare?"
7777,5507,0,12,53,65,1.1846153846153846,0.048498154665071104,610,"Your recipe called for a file, but I substituted a zucchini."
6748,5507,2,8,55,65,1.1846153846153846,0.05756395979652216,610,"I followed your baking instructions, but the file melted into the cake while it was baking."
6744,5507,1,10,54,65,1.1846153846153846,0.053224432704223244,610,"I’ll bail you out when you learn how to make an acceptable matzo ball soup, Jerry."
6736,5507,2,8,55,65,1.1846153846153846,0.05756395979652216,610,One plus---you'll be able to upgrade your resume in five years.
6692,5507,2,8,55,65,1.1846153846153846,0.05756395979652216,610,Your prints are all over the pepper mill.........
6651,5507,0,12,53,65,1.1846153846153846,0.048498154665071104,610,"Listen. Vic, set stove at 350 and timer for 6 hours and baste every..."
6597,5507,2,8,55,65,1.1846153846153846,0.05756395979652216,610,We're running out of bread - I've been loafing.
6399,5507,1,10,54,65,1.1846153846153846,0.053224432704223244,610,I'll always say that 'stuffing themselves' has nothing to do with taxidermy.
6388,5507,2,8,55,65,1.1846153846153846,0.05756395979652216,610,"They're all still in the hospital and swear they hadn't a clue how the brownies were 'special.'"""
6374,5507,3,6,56,65,1.1846153846153846,0.06159852837710371,610,"Well, it could be worse. Gordon Ramsey could be your cellmate."
6356,5507,1,10,54,65,1.1846153846153846,0.053224432704223244,610,Why don't you step out here so I can throw the damn pie at you!
6285,5507,1,10,54,65,1.1846153846153846,0.053224432704223244,610,"I’m sorry, but they’re not willing to “bake you until you’re golden brown.”"
6257,5507,3,6,56,65,1.1846153846153846,0.06159852837710371,610,I never thought focusing on vegan recipes would bring you here.
6130,5507,2,8,55,65,1.1846153846153846,0.05756395979652216,610,Wait I'm in jail I thought you were in jail
6036,5507,4,4,57,65,1.1846153846153846,0.06538461538461537,610,"""No, I am not seeing the butcher, I'm seeing the candlestick maker""."
6015,5507,2,8,55,65,1.1846153846153846,0.05756395979652216,610,"If the cake seems too dense, it's because I baked a file into it."
3268,5507,0,12,53,65,1.1846153846153846,0.048498154665071104,610,"Sorry, Jimmy. I just don't have a knead for you anymore."
544,5507,2,8,55,65,1.1846153846153846,0.05756395979652216,610,"The President has been of doing a lot of bad things, but we hafta hold our chefs to a higher standard."
3123,5507,1,10,54,65,1.1846153846153846,0.053224432704223244,610,You'll learn not to spike the cookies!
3180,5507,3,6,56,65,1.1846153846153846,0.06159852837710371,610,"Yes dear, Kaleamole is a crime."
1177,5507,2,8,55,65,1.1846153846153846,0.05756395979652216,610,"But why arrest you? You just sold the pie, you didn't throw it in the guy's face."
1020,5507,0,12,53,65,1.1846153846153846,0.048498154665071104,610,You made donkey sauce for Guy Fieri. What did you think was going to happen?
903,5507,1,10,54,65,1.1846153846153846,0.053224432704223244,610,"I like the way you're thinking, but how do I get my file into your cake?"
876,5507,2,8,55,65,1.1846153846153846,0.05756395979652216,610,Now who’s going to put the file in the cake?
690,5507,1,10,54,65,1.1846153846153846,0.053224432704223244,610,"You can plead that you were unaware of the 'Use gluten, go to jail"" law."
676,5507,2,8,55,65,1.1846153846153846,0.05756395979652216,610,"No, I'm the one's supposed to cook the cake with the file in it."
672,5507,1,10,54,65,1.1846153846153846,0.053224432704223244,610,Can I have my food to go?
1619,5507,0,12,53,65,1.1846153846153846,0.048498154665071104,610,The police say your cooking was to die for.
579,5507,1,10,54,65,1.1846153846153846,0.053224432704223244,610,They asked for vegetarian and what did YOU provide them Clyde? That's why you are locked up! Now let me tell you about the kids...
416,5507,2,8,55,65,1.1846153846153846,0.05756395979652216,610,"Drop the cooking aficionado guise, you cook books"
388,5507,1,10,54,65,1.1846153846153846,0.053224432704223244,610,I just don’t think she meant the chocolate cake was literally to die for.
382,5507,1,10,54,65,1.1846153846153846,0.053224432704223244,610,"Actually, it wasn't that bad!"
312,5507,2,8,55,65,1.1846153846153846,0.05756395979652216,610,"I said fine, not fry."
286,5507,1,10,54,65,1.1846153846153846,0.053224432704223244,610,Don’t worry the kids won’t go hungry.
266,5507,3,6,56,65,1.1846153846153846,0.06159852837710371,610,"I changed one thing in your cake recipe: I didn't have an iron file, so I used iron filings."
261,5507,1,10,54,65,1.1846153846153846,0.053224432704223244,610,"Yes hon, the risotto was to die for."
110,5507,3,6,56,65,1.1846153846153846,0.06159852837710371,610,"I have the file in the cake mix, but I am out of eggs."
428,5507,0,12,53,65,1.1846153846153846,0.048498154665071104,610,"Well I would have brought the cake, but I couldn’t find your file."
1668,5507,3,6,56,65,1.1846153846153846,0.06159852837710371,610,What's your objection to using a cake mix?
1162,5507,0,12,53,65,1.1846153846153846,0.048498154665071104,610,You should have had some gluten-free recipes.
1840,5507,2,8,55,65,1.1846153846153846,0.05756395979652216,610,"I would do anything to have your bisque inside me, one last time"
3052,5507,2,8,55,65,1.1846153846153846,0.05756395979652216,610,"No, you put it on AFTER the caterer's truck... oh forget it."
3022,5507,1,10,54,65,1.1846153846153846,0.053224432704223244,610,I got 25 to life for impersonating the White House chef.
2971,5507,3,6,56,65,1.1846153846153846,0.06159852837710371,610,""" It will be alright. I have a idea. You could bake yourself a cake with a file in it!""."
2944,5507,1,10,54,65,1.1846153846153846,0.053224432704223244,610,Now will you believe me that pork shouldn't be served rare?
2889,5507,1,10,54,65,1.1846153846153846,0.053224432704223244,610,Have you been cooking inside?
1700,5507,2,8,55,65,1.1846153846153846,0.05756395979652216,610,If you’d only used the cage-free eggs like I told you...
2741,5507,0,12,53,65,1.1846153846153846,0.048498154665071104,610,I said no pickles in my burger
2566,5507,1,10,54,65,1.1846153846153846,0.053224432704223244,610,Don't you see they'll be expecting me to sneak in your knives?
2401,5507,2,8,55,65,1.1846153846153846,0.05756395979652216,610,You won't even trust your sous chef to make a cake with a file in it?
2397,5507,1,10,54,65,1.1846153846153846,0.053224432704223244,610,"I put the saw in the cake, but I forgot to bring the cake"
2758,5507,2,8,55,65,1.1846153846153846,0.05756395979652216,610,They say if you continue to cook for everyone that will qualify as Good Behavior.
2310,5507,1,10,54,65,1.1846153846153846,0.053224432704223244,610,Poppin' Fresh's family is asking the district attorney to go for the maximum sentence.
2088,5507,1,10,54,65,1.1846153846153846,0.053224432704223244,610,I told you not to put carbs in it.
2016,5507,2,8,55,65,1.1846153846153846,0.05756395979652216,610,Maybe we can sell one of your Michelin stars to pay bail?
1962,5507,1,10,54,65,1.1846153846153846,0.053224432704223244,610,Your appeal wasn't too appealing.
1929,5507,2,8,55,65,1.1846153846153846,0.05756395979652216,610,"No, honey, I did not hide a knife in the white truffles I brought for you."
1926,5507,1,10,54,65,1.1846153846153846,0.053224432704223244,610,I can't keep telling our filets that you're coming back any day now to marinate them
1891,5507,1,10,54,65,1.1846153846153846,0.053224432704223244,610,"""You really killed on the 'Duelling Chefs' finale""."
1858,5507,2,8,55,65,1.1846153846153846,0.05756395979652216,610,"I thought you said your goose was cooked, not you!"
2366,5507,2,8,55,65,1.1846153846153846,0.05756395979652216,610,White is the new what now?
2315,5606,1,10,55,66,1.1818181818181819,0.052486388108147784,610,They're banning cooking torches in restaurants because of you.
2365,5606,2,8,56,66,1.1818181818181819,0.05675404305280447,610,I tried to tell you that beating the eggs and whipping the cream is a criminal offense in this State.
3816,5606,1,10,55,66,1.1818181818181819,0.052486388108147784,610,"Different kind of tort...and definitely not what you'd call ""guilt-free."""
4967,5606,2,8,56,66,1.1818181818181819,0.05675404305280447,610,Your Ponzi schemes are like your souffle
7585,5606,1,10,55,66,1.1818181818181819,0.052486388108147784,610,"But, honey, you’re the one who always bakes our cakes."
5559,5606,2,8,56,66,1.1818181818181819,0.05675404305280447,610,"Repeat after me, gluten free."
6155,5606,0,12,54,66,1.1818181818181819,0.047839528325837946,610,"For the last time honey, he said ""I want a dish with a pop, not a dish and a pop."""
6350,5606,1,10,55,66,1.1818181818181819,0.052486388108147784,610,"Honey, the good news is they'll reduce your sentence from life to 25 years if you manage the kitchen."
1299,5606,2,8,56,66,1.1818181818181819,0.05675404305280447,610,Make it quick. I've got a 250-top about to riot.
5145,5606,2,8,56,66,1.1818181818181819,0.05675404305280447,610,They promise that all you need to do is divulge the ingredients.
1000,5606,0,12,54,66,1.1818181818181819,0.047839528325837946,610,"What kind of response is ""If I knew you were comin', I'd've baked a cake?"""
5403,5606,2,8,56,66,1.1818181818181819,0.05675404305280447,610,"Here's their latest deal, full immunity from the botulism charges in exchange for your secret coq au vin recipe."
6045,5618,3,6,58,67,1.1791044776119404,0.059870858813867604,610,Can't you bake your own cake and put a file in it?
5964,5618,2,8,57,67,1.1791044776119404,0.05596638009319954,610,Mr. Sessions did not care for the Cannabutter.
2439,5618,3,6,58,67,1.1791044776119404,0.059870858813867604,610,"really dear, all this because he called you ""cook""...."
2172,5618,1,10,56,67,1.1791044776119404,0.051768249597247296,610,Really! Powdered milk and margarine in your béchamell…
847,5618,3,6,58,67,1.1791044776119404,0.059870858813867604,610,What do you mean? You need a recipe for fried bologna?
615,5618,2,8,57,67,1.1791044776119404,0.05596638009319954,610,"I'm so sorry to say, your Grand Marnier Soufflé... has collapsed!"
22,5618,2,8,57,67,1.1791044776119404,0.05596638009319954,610,"Not to crush your dreams, but they will never let you near a knife again."
4279,5625,0,11,51,62,1.1774193548387097,0.04891305893000953,610,I warned you not to put beans in the chili when you're in Texas.
5772,5625,1,9,52,62,1.1774193548387097,0.054049126391304346,610,When you are you getting out? The kids miss your desserts.
5814,5625,0,11,51,62,1.1774193548387097,0.04891305893000953,610,Our attorney says that there is no “chef’s exception” for cooking the books.
5737,5625,2,7,53,62,1.1774193548387097,0.058737796974655074,610,"For the next 5-7 years, maybe you'll just have to bake the cake without a file."
5693,5625,1,9,52,62,1.1774193548387097,0.054049126391304346,610,"I said medium rare, not rare."
5684,5625,0,11,51,62,1.1774193548387097,0.04891305893000953,610,13 hacksaws!?
5682,5625,1,9,52,62,1.1774193548387097,0.054049126391304346,610,"No way around it, Henri -- You're in the soup."
5533,5625,1,9,52,62,1.1774193548387097,0.054049126391304346,610,This is what happens when you lose a Michelin star.
5425,5625,2,7,53,62,1.1774193548387097,0.058737796974655074,610,The cake with a file in it didn't work; so let's try a pie with a saw.
5366,5625,1,9,52,62,1.1774193548387097,0.054049126391304346,610,"The Cook, the Thief, His Wife & Her Lover - Part 2"
5260,5625,1,9,52,62,1.1774193548387097,0.054049126391304346,610,I warned you that tiramisu had to be criminal.
5201,5625,0,11,51,62,1.1774193548387097,0.04891305893000953,610,What’s your problem du jour?
5719,5625,1,9,52,62,1.1774193548387097,0.054049126391304346,610,You can’t deliver???
5820,5625,2,7,53,62,1.1774193548387097,0.058737796974655074,610,"""We're still having trouble getting enough dough to rise."
3991,5625,1,9,52,62,1.1774193548387097,0.054049126391304346,610,Why didn't you taste the mushrooms before serving them?
5869,5625,2,7,53,62,1.1774193548387097,0.058737796974655074,610,"So, you mean to tell me that you really believed that the wouldn’t find the file!"
5906,5625,1,9,52,62,1.1774193548387097,0.054049126391304346,610,"Toquing in the restroom? Sad, Jacques."
5178,5625,2,7,53,62,1.1774193548387097,0.058737796974655074,610,I told you you should have clarified the butter...
5994,5625,2,7,53,62,1.1774193548387097,0.058737796974655074,610,Where do you keep the Marsala?
5995,5625,2,7,53,62,1.1774193548387097,0.058737796974655074,610,"I'm having an affair with Tony, the busboy."
6012,5625,3,5,54,62,1.1774193548387097,0.063078915044636,610,Just one toque over the line.
6087,5625,0,11,51,62,1.1774193548387097,0.04891305893000953,610,Yes! I did release your gateau in a cage.
6095,5625,3,5,54,62,1.1774193548387097,0.063078915044636,610,"I think we can agree that it's a stretch to describe that dish as merely ""audacious"", Simon."
6129,5625,2,7,53,62,1.1774193548387097,0.058737796974655074,610,"Maybe they figured, dressed like that, if you escaped you’d be easier to find ?"
6167,5625,0,11,51,62,1.1774193548387097,0.04891305893000953,610,"Bad news, honey. The Muffin Man isn't backing up your alibi."
6169,5625,0,11,51,62,1.1774193548387097,0.04891305893000953,610,They didn't have any jamón ibérico left. Sorry.
6214,5625,0,11,51,62,1.1774193548387097,0.04891305893000953,610,You want to sous your lawyer for under representation?
6296,5625,3,5,54,62,1.1774193548387097,0.063078915044636,610,"Sorry, but the President says that the feeble attempt you made to duplicate a McDonald's cheeseburger for him is a crime."
5865,5625,0,11,51,62,1.1774193548387097,0.04891305893000953,610,You better hope that tub never washes ashore.
5116,5625,0,11,51,62,1.1774193548387097,0.04891305893000953,610,I told you not to try that recipe for disaster.
4814,5625,1,9,52,62,1.1774193548387097,0.054049126391304346,610,So you're tellin' me they make you wear orange everyday of the year... except Halloween.
4910,5625,0,11,51,62,1.1774193548387097,0.04891305893000953,610,How do you think the shrimp feels?
4274,5625,2,7,53,62,1.1774193548387097,0.058737796974655074,610,Siphoning...cooking oil?
4240,5625,0,11,51,62,1.1774193548387097,0.04891305893000953,610,I told you that bouillabaisse was a crime. Now you are in the soup.
4228,5625,1,9,52,62,1.1774193548387097,0.054049126391304346,610,"No, not thirty years to life - it's thirty years pilaf!"
4159,5625,2,7,53,62,1.1774193548387097,0.058737796974655074,610,So you really thought the cops would believe a rat was making you do all of those things...?
4147,5625,1,9,52,62,1.1774193548387097,0.054049126391304346,610,Live and learn. I'm opening a new restaurant and the kitchen won't abut a bank.
6376,5625,1,9,52,62,1.1774193548387097,0.054049126391304346,610,I told you that Egg Foo Finger was a bad idea.
4097,5625,1,9,52,62,1.1774193548387097,0.054049126391304346,610,"It all started when she said ""Jim, please pack your knives and go""."
4095,5625,1,9,52,62,1.1774193548387097,0.054049126391304346,610,But that's enough about me. Tell me how you got down here into Ybor city.
4022,5625,3,5,54,62,1.1774193548387097,0.063078915044636,610,That sauce really was lethal!
4000,5625,2,7,53,62,1.1774193548387097,0.058737796974655074,610,Are you seriously trying to tell me that you never learned how to bake a file into a cake?
4371,5625,2,7,53,62,1.1774193548387097,0.058737796974655074,610,How was I to know that the air bubbles trapped in the egg whites would escape?
4387,5625,1,9,52,62,1.1774193548387097,0.054049126391304346,610,I smuggled in those onions for you. As requested.
4389,5625,2,7,53,62,1.1774193548387097,0.058737796974655074,610,I requested to cook for you a last meal instead of getting one. So what do you want to eat?
4391,5625,2,7,53,62,1.1774193548387097,0.058737796974655074,610,"I'm so sorry, the appeal of your case has been denied. The good news is the new White House chief would like your 'special-pie' recipe."
4429,5625,3,5,54,62,1.1774193548387097,0.063078915044636,610,I think we should replace the all-you-can-eat pufferfish special with snowy owl.
4442,5625,2,7,53,62,1.1774193548387097,0.058737796974655074,610,It was me behind the Yelp review.
4451,5625,3,5,54,62,1.1774193548387097,0.063078915044636,610,I always knew your food was to die for!!!
4473,5625,1,9,52,62,1.1774193548387097,0.054049126391304346,610,"Let me get this right, ""stir in the stew, not stew in the stir."""
4474,5625,3,5,54,62,1.1774193548387097,0.063078915044636,610,"We'll get you a pardon, monsieur."
4531,5625,1,9,52,62,1.1774193548387097,0.054049126391304346,610,"Not just guilty, but "" flambéd""."
4565,5625,1,9,52,62,1.1774193548387097,0.054049126391304346,610,I thought you knew how to do gluten-free cooking?
4624,5625,2,7,53,62,1.1774193548387097,0.058737796974655074,610,But the bars aren’t made of chocolate
4626,5625,2,7,53,62,1.1774193548387097,0.058737796974655074,610,Can't we just go back to menu's?
4755,5625,2,7,53,62,1.1774193548387097,0.058737796974655074,610,"The last lawyer said he'd cook you up a great defense, so I fired him on the spot."
4792,5625,1,9,52,62,1.1774193548387097,0.054049126391304346,610,"I'm sorry dear but they say my quiche is to die for, so it looks like I'll never get out of here."
4301,5625,1,9,52,62,1.1774193548387097,0.054049126391304346,610,"Impersonating a chef with a knife, really?"
4846,5625,3,5,54,62,1.1774193548387097,0.063078915044636,610,"I asked to speak to the Chief, not the Chef, of the prison."
5026,5625,3,5,54,62,1.1774193548387097,0.063078915044636,610,Did it really matter that much that that couple was gay?
6378,5625,1,9,52,62,1.1774193548387097,0.054049126391304346,610,Was it one or two tablespoons of capers in the Chicken Piccata.
7030,5625,3,5,54,62,1.1774193548387097,0.063078915044636,610,"Honey, can I place an order for your absinthe scallops?!"
6446,5625,2,7,53,62,1.1774193548387097,0.058737796974655074,610,They don't want the knife; just the recipe.
7100,5625,0,11,51,62,1.1774193548387097,0.04891305893000953,610,They have all the proofing they need
7107,5625,2,7,53,62,1.1774193548387097,0.058737796974655074,610,"Honey, I promise--next time I'll read the recipe."
7109,5625,1,9,52,62,1.1774193548387097,0.054049126391304346,610,Thanks to you I have to eat frozen dinners.
7115,5625,1,9,52,62,1.1774193548387097,0.054049126391304346,610,Why did you kill the great chefs of Europe?
7187,5625,1,9,52,62,1.1774193548387097,0.054049126391304346,610,You're taking your experiments with cooking under glass too far.
7206,5625,1,9,52,62,1.1774193548387097,0.054049126391304346,610,"Dear, I think you might be confused. There are no jail bake tropes that involve smuggling a cake OUT of jail."
7252,5625,2,7,53,62,1.1774193548387097,0.058737796974655074,610,"Apparently, you're getting soused."
7266,5625,1,9,52,62,1.1774193548387097,0.054049126391304346,610,I didn’t mean for sending my entrèe back to lead to this.
7278,5625,0,11,51,62,1.1774193548387097,0.04891305893000953,610,How much longer before your goose is cooked?
7331,5625,1,9,52,62,1.1774193548387097,0.054049126391304346,610,"Well alright, I guess if the rival gang is the theater ushers, you should be safe enough."
7335,5625,0,11,51,62,1.1774193548387097,0.04891305893000953,610,Got any more brilliant crimes cooked up?
7339,5625,1,9,52,62,1.1774193548387097,0.054049126391304346,610,"If I can't find a cake, would a donut work?"
7418,5625,0,11,51,62,1.1774193548387097,0.04891305893000953,610,"I'm sorry to tell you that, but a baseball cap would suit you better than your toque..."
7096,5625,1,9,52,62,1.1774193548387097,0.054049126391304346,610,"Fava beans, a nice Chianti and a face please."
7499,5625,0,11,51,62,1.1774193548387097,0.04891305893000953,610,"I thought you said filo, not file."
7521,5625,2,7,53,62,1.1774193548387097,0.058737796974655074,610,Michelin rated you 2 bars they said the ambience need improvement!
7560,5625,2,7,53,62,1.1774193548387097,0.058737796974655074,610,"I hate to say I told you so, but I warned you that inventing Spaghettios might not be received well."
7661,5625,1,9,52,62,1.1774193548387097,0.054049126391304346,610,"So, 3 cloves of garlic will disguise the odor of garlic?"
7689,5625,2,7,53,62,1.1774193548387097,0.058737796974655074,610,"So, you’re a chef in the big house, but never in our house?!"
7691,5625,0,11,51,62,1.1774193548387097,0.04891305893000953,610,I told you that chocolate cake was sinful.
7702,5625,1,9,52,62,1.1774193548387097,0.054049126391304346,610,"Honey, you’re so sweet, but when I said I could kill a man for a cheeseburger right now..."
7748,5625,4,3,55,62,1.1774193548387097,0.06713993039154131,610,How's the fish?
7808,5625,2,7,53,62,1.1774193548387097,0.058737796974655074,610,"....I had no choice, they told me ""death by chocolate!"""
7838,5625,1,9,52,62,1.1774193548387097,0.054049126391304346,610,I'll give you Grandma's secret recipe but you can't give it to the warden.
7864,5625,1,9,52,62,1.1774193548387097,0.054049126391304346,610,"You were only supposed to prix fixe the menu, you idiot."
7866,5625,1,9,52,62,1.1774193548387097,0.054049126391304346,610,They’re telling me what you did to that soufflé was a crime.
7882,5625,2,7,53,62,1.1774193548387097,0.058737796974655074,610,I'd kill for your chicken picatta.
7912,5625,1,9,52,62,1.1774193548387097,0.054049126391304346,610,Meat IS murder...
7517,5625,0,11,51,62,1.1774193548387097,0.04891305893000953,610,"I thought you said kale, not bail."
7089,5625,1,9,52,62,1.1774193548387097,0.054049126391304346,610,I thought you were sent up for cooking the books.
7068,5625,1,9,52,62,1.1774193548387097,0.054049126391304346,610,I told you that parsley smelled funny.
7065,5625,1,9,52,62,1.1774193548387097,0.054049126391304346,610,Next visit bring my tools of the trade.
6463,5625,0,11,51,62,1.1774193548387097,0.04891305893000953,610,I overcook one meal and they send me to the penne-tentiary!
6475,5625,0,11,51,62,1.1774193548387097,0.04891305893000953,610,You just had to be the Bad Boy.
6490,5625,1,9,52,62,1.1774193548387097,0.054049126391304346,610,"I'll sneak you the sugar and flour, but first I just want to hear that you miss me."
6491,5625,1,9,52,62,1.1774193548387097,0.054049126391304346,610,I told you not to go to Cutthroat Kitchen!
6493,5625,1,9,52,62,1.1774193548387097,0.054049126391304346,610,Yes..A fallen souffle is a felony!
6505,5625,2,7,53,62,1.1774193548387097,0.058737796974655074,610,What are you serving for dinner tonight?
6510,5625,2,7,53,62,1.1774193548387097,0.058737796974655074,610,Your appeal was denied. It still doesn't taste like chicken.
6576,5625,1,9,52,62,1.1774193548387097,0.054049126391304346,610,"Don’t worry, we’ll bake you outta here."
6653,5625,3,5,54,62,1.1774193548387097,0.063078915044636,610,They confiscated the butter.
6657,5625,0,11,51,62,1.1774193548387097,0.04891305893000953,610,"I made your famous chocolate cake a la hacksaw, but it didn't make it through the metal detector."
6661,5625,1,9,52,62,1.1774193548387097,0.054049126391304346,610,"I miss you just as much as I miss your over seasoned stroganoff and deflated soufflé, Pierre. But the fact is I like black toast and over done steak."
6683,5625,2,7,53,62,1.1774193548387097,0.058737796974655074,610,I'll have the turtle soup and make it snappy!
6699,5625,3,5,54,62,1.1774193548387097,0.063078915044636,610,Why do you want ME to make the pie?
6710,5625,4,3,55,62,1.1774193548387097,0.06713993039154131,610,I am not cook.
6727,5625,2,7,53,62,1.1774193548387097,0.058737796974655074,610,A Presidential pardon in exchange for becoming the WH executive chef…never. Not even one of our culinary apprentices would be that hard up!
6801,5625,3,5,54,62,1.1774193548387097,0.063078915044636,610,"I know you're very upset about losing your Michelin stars; but, mistaking arsenic for confectioners sugar didn't go over with them, either."
6809,5625,1,9,52,62,1.1774193548387097,0.054049126391304346,610,I thought you might provide menu advice for my daughter. She wants a large wedding on a shoestring budget.
6835,5625,3,5,54,62,1.1774193548387097,0.063078915044636,610,"Don’t worry, we’ll make a podcast about it."
6881,5625,3,5,54,62,1.1774193548387097,0.063078915044636,610,"When they let you out, you owe me my Sweet Sixteen Party."
6899,5625,1,9,52,62,1.1774193548387097,0.054049126391304346,610,"Why, when you knew the President does not eat gourmet?"
6910,5625,3,5,54,62,1.1774193548387097,0.063078915044636,610,It's actually 13 years.
6921,5625,1,9,52,62,1.1774193548387097,0.054049126391304346,610,Get them to offer 'Take-Out'
6956,5625,1,9,52,62,1.1774193548387097,0.054049126391304346,610,You’re not Batali..
6967,5625,1,9,52,62,1.1774193548387097,0.054049126391304346,610,The DA will cut a deal if you tell him where the batterie de cuisine is planted.
6979,5625,1,9,52,62,1.1774193548387097,0.054049126391304346,610,"I'll have 3 strips of bacon, two hash browns, and my nest egg back over easy, please."
6980,5625,2,7,53,62,1.1774193548387097,0.058737796974655074,610,How many times do I have to tell you you're not a good cook?
6985,5625,0,11,51,62,1.1774193548387097,0.04891305893000953,610,Apparently it is a crime to put too much tarragon on the trout.
7017,5625,1,9,52,62,1.1774193548387097,0.054049126391304346,610,I heard the kitchen is getting a Michelin star.
3962,5625,0,11,51,62,1.1774193548387097,0.04891305893000953,610,The organic ones are on sale this week at $10.99 a pound - will that work?
6379,5625,0,11,51,62,1.1774193548387097,0.04891305893000953,610,"""It's good of the warden to allow you visitors, and wear your favorite costume, Hannibal""."
3960,5625,0,11,51,62,1.1774193548387097,0.04891305893000953,610,No middle man here.... chef takes direct orders!
5938,5625,2,7,53,62,1.1774193548387097,0.058737796974655074,610,He takes me diners and drive-ins. You refused to set foot in a dive.
3942,5625,2,7,53,62,1.1774193548387097,0.058737796974655074,610,Don't drop the spatula.
1083,5625,2,7,53,62,1.1774193548387097,0.058737796974655074,610,I wish I had never added that oil to the pasta water.
1103,5625,0,11,51,62,1.1774193548387097,0.04891305893000953,610,Baguette and Badoit?
1137,5625,2,7,53,62,1.1774193548387097,0.058737796974655074,610,Where did you put that recipe for ‘cake with saw-in-it’?
1213,5625,2,7,53,62,1.1774193548387097,0.058737796974655074,610,These cupcakes were not to kill for...
1237,5625,1,9,52,62,1.1774193548387097,0.054049126391304346,610,Isn't twenty years a smidge too long for the marinade?
1248,5625,1,9,52,62,1.1774193548387097,0.054049126391304346,610,"I'll be awhile, put mine in the fridge."
1249,5625,2,7,53,62,1.1774193548387097,0.058737796974655074,610,Did you really serve the tartare in a martini glass?
1260,5625,3,5,54,62,1.1774193548387097,0.063078915044636,610,"Listen, this isn't looking good, the sous chef agreed to testify saying you cooked the books."
1280,5625,0,11,51,62,1.1774193548387097,0.04891305893000953,610,You always did say your filet mignon was killer...
1326,5625,0,11,51,62,1.1774193548387097,0.04891305893000953,610,"""You did say that your food ""After all, you did say that your food 'WAS TO DIE FOR'""!"
1337,5625,2,7,53,62,1.1774193548387097,0.058737796974655074,610,Was it one cup or two cups you used.
1384,5625,2,7,53,62,1.1774193548387097,0.058737796974655074,610,You said it was gluten free.
1419,5625,1,9,52,62,1.1774193548387097,0.054049126391304346,610,You knew the risks of a life of key-lime.
1478,5625,2,7,53,62,1.1774193548387097,0.058737796974655074,610,"Three collapsed souffles, you're out."
1479,5625,0,11,51,62,1.1774193548387097,0.04891305893000953,610,"So, twenty years of marriage and this is how I learn you really did know how to cook?"
1534,5625,2,7,53,62,1.1774193548387097,0.058737796974655074,610,You carmelized my mother.
1562,5625,0,11,51,62,1.1774193548387097,0.04891305893000953,610,"you gotta find the biggest guy on the yard and beat the shit out of him. after that, he becomes your sous chef, and you can also fuck him or his mouth or whatever it is you guys do in there."
1563,5625,1,9,52,62,1.1774193548387097,0.054049126391304346,610,First my food behind the glass and now me
1641,5625,2,7,53,62,1.1774193548387097,0.058737796974655074,610,Only you would come up with some half-baked alibi like that!
1670,5625,2,7,53,62,1.1774193548387097,0.058737796974655074,610,"Hi Honey, the guard promised he'd help you escape in the laundry truck if you made him one of your famous German chocolate cakes."
1677,5625,1,9,52,62,1.1774193548387097,0.054049126391304346,610,Sorry. I never meant for you to Sing Sing for your supper.
1693,5625,3,5,54,62,1.1774193548387097,0.063078915044636,610,You could try boiling your toilet water?
1746,5625,2,7,53,62,1.1774193548387097,0.058737796974655074,610,on 3 we scramble.....1...2....
1785,5625,1,9,52,62,1.1774193548387097,0.054049126391304346,610,"Oven at 250, flip after 25 minutes, and deglaze with which wine ?"
1793,5625,1,9,52,62,1.1774193548387097,0.054049126391304346,610,Do you want me to bake the file into a chocolate cake or red velvet?
1037,5625,2,7,53,62,1.1774193548387097,0.058737796974655074,610,Did you say file' or file?
1871,5625,0,11,51,62,1.1774193548387097,0.04891305893000953,610,Where do you keep the creme brûlée torch?
1007,5625,3,5,54,62,1.1774193548387097,0.063078915044636,610,Martha Stewart’s agent wants to get with your agent in 3 to 5 years.
930,5625,3,5,54,62,1.1774193548387097,0.063078915044636,610,Trump wanted gluten
3959,5625,2,7,53,62,1.1774193548387097,0.058737796974655074,610,In familiar terms? Your goose is COOKED.
13,5625,3,5,54,62,1.1774193548387097,0.063078915044636,610,Your lawyer told me that everything is cooked against you.
51,5625,1,9,52,62,1.1774193548387097,0.054049126391304346,610,"Rub-a-dub-dub, They found your prints on the tub, And guess whose bodies washed in from the sea? The butcher, you faker, and candlestick maker. You’ll get a life sentence… maybe three."
89,5625,0,11,51,62,1.1774193548387097,0.04891305893000953,610,Your goose is cooked.
100,5625,2,7,53,62,1.1774193548387097,0.058737796974655074,610,But I'm supposed to be bringing YOU the cake.
142,5625,2,7,53,62,1.1774193548387097,0.058737796974655074,610,"Maurice, tell me you didn't wear your hat into the shower..."
176,5625,1,9,52,62,1.1774193548387097,0.054049126391304346,610,Usually the cake is used to smuggle something in...
234,5625,2,7,53,62,1.1774193548387097,0.058737796974655074,610,They said you have to bake it yourself.
273,5625,0,11,51,62,1.1774193548387097,0.04891305893000953,610,Bring my other clothes. They want to fry me.
298,5625,2,7,53,62,1.1774193548387097,0.058737796974655074,610,You're the one who knows how to bake a cake
306,5625,1,9,52,62,1.1774193548387097,0.054049126391304346,610,Your scheme of a chisel and file in a pie seems rather half baked.
435,5625,1,9,52,62,1.1774193548387097,0.054049126391304346,610,Your lawyer says you can be out in six months if you fold in some good behavior.
507,5625,0,11,51,62,1.1774193548387097,0.04891305893000953,610,Your lawyer says no jail time if you confess it was not truffles.
522,5625,1,9,52,62,1.1774193548387097,0.054049126391304346,610,"Bad news, Gordon Ramsey is a witness for the prosecution."
572,5625,2,7,53,62,1.1774193548387097,0.058737796974655074,610,"No, Dear, I doubt that my Women's Club would be impressed with your new job responsibilities."
589,5625,1,9,52,62,1.1774193548387097,0.054049126391304346,610,I asked them to send the chef out so I can complain.
591,5625,1,9,52,62,1.1774193548387097,0.054049126391304346,610,"I suppose while you're taking a shower and someone asks you to play ""Pat-a-cake, pat-a-cake, baker's man"", you'd better say yes."
682,5625,2,7,53,62,1.1774193548387097,0.058737796974655074,610,"What do you mean you baked it? The saw was in the pie, you idiot."
740,5625,0,11,51,62,1.1774193548387097,0.04891305893000953,610,Let's be real..the souffle was criminal.
776,5625,0,11,51,62,1.1774193548387097,0.04891305893000953,610,"Obviously , using me as an alibi was half baked."
781,5625,0,11,51,62,1.1774193548387097,0.04891305893000953,610,"What do you mean, they confiscated your mise en place?"
808,5625,1,9,52,62,1.1774193548387097,0.054049126391304346,610,"Well, you pretty much have the sous chef position locked up."
828,5625,1,9,52,62,1.1774193548387097,0.054049126391304346,610,"I'm not just a drive-by, I'm your mother."
851,5625,1,9,52,62,1.1774193548387097,0.054049126391304346,610,Not those peers.
904,5625,1,9,52,62,1.1774193548387097,0.054049126391304346,610,I was going to bake the file into a cake. And then I realized...
976,5625,2,7,53,62,1.1774193548387097,0.058737796974655074,610,"Gee, Henri, maybe ""Chez Fugu"" was not such a great idea."
1876,5625,0,11,51,62,1.1774193548387097,0.04891305893000953,610,Didn't I say rhinoceros soup was a bad idea?
1288,5625,1,9,52,62,1.1774193548387097,0.054049126391304346,610,How's your cyanide recipes working out?
1957,5625,1,9,52,62,1.1774193548387097,0.054049126391304346,610,"I'm not leaving you, Claude, it's just that I really miss your desserts."
2993,5625,2,7,53,62,1.1774193548387097,0.058737796974655074,610,It's called being accountable
2996,5625,0,11,51,62,1.1774193548387097,0.04891305893000953,610,"'Since you left Jason, they don't serve special no.13 at TGI Fridays'"
3008,5625,1,9,52,62,1.1774193548387097,0.054049126391304346,610,I feel like our relationship has gone stale. I’m leaving you for the muffin man.
3037,5625,1,9,52,62,1.1774193548387097,0.054049126391304346,610,It will be OK. Anybody could mistake rat poison for salt.
3112,5625,2,7,53,62,1.1774193548387097,0.058737796974655074,610,I warned you not to name it “Death by Chocolate...”
3174,5625,2,7,53,62,1.1774193548387097,0.058737796974655074,610,Well I can't just cook up a new excuse for you
3198,5625,2,7,53,62,1.1774193548387097,0.058737796974655074,610,"I have a file, but you'll have to bake the cake."
3303,5625,1,9,52,62,1.1774193548387097,0.054049126391304346,610,"I know 'Mary Poppin Cake' was already taken, but 'Sweeny Todd Pie' was not a good second choice"
3356,5625,1,9,52,62,1.1774193548387097,0.054049126391304346,610,"And how do you suggest I get the file to you, if you're baking the bread in there?"
3366,5625,1,9,52,62,1.1774193548387097,0.054049126391304346,610,-and of course the used the whole “My meatballs are to die for” thing as evidence for the murder charge.
3392,5625,2,7,53,62,1.1774193548387097,0.058737796974655074,610,"Bob, I was asking for my vegetables cut into thin strips. You owe Julie and the Nicholson family an apology."
3438,5625,2,7,53,62,1.1774193548387097,0.058737796974655074,610,They suspect you are cooking up another caper.
2975,5625,3,5,54,62,1.1774193548387097,0.063078915044636,610,"I know, dear, but when you bragged about that ""killer dinner"" you prepared, they thought it was a confession."
3466,5625,1,9,52,62,1.1774193548387097,0.054049126391304346,610,And then I fold the cream into the egg mixture with the hacksaw blades. Is any of this going to get you in trouble?
3543,5625,1,9,52,62,1.1774193548387097,0.054049126391304346,610,Your soup de jour must've really killed.
3549,5625,2,7,53,62,1.1774193548387097,0.058737796974655074,610,I told you that your mocha souffle would kill someone.
1884,5625,2,7,53,62,1.1774193548387097,0.058737796974655074,610,I'm going to give you a shitty Yelp review.
3565,5625,0,11,51,62,1.1774193548387097,0.04891305893000953,610,i told you that carbon file in the cake trick wouldn't work
3643,5625,1,9,52,62,1.1774193548387097,0.054049126391304346,610,"I brought the, you know, raisins."
3647,5625,2,7,53,62,1.1774193548387097,0.058737796974655074,610,"No, I can't do to go!"
3666,5625,0,11,51,62,1.1774193548387097,0.04891305893000953,610,"I guess there is such a thing as ""too much butter."""
3717,5625,3,5,54,62,1.1774193548387097,0.063078915044636,610,Then I guess I'll have the tasting menu.
3753,5625,1,9,52,62,1.1774193548387097,0.054049126391304346,610,I told you serving white wine with steak was a crime.
3882,5625,1,9,52,62,1.1774193548387097,0.054049126391304346,610,Well I thought the salmon was cooked perfectly.
3922,5625,2,7,53,62,1.1774193548387097,0.058737796974655074,610,It was your recipe book—jury viewed some killer dishes.
3933,5625,2,7,53,62,1.1774193548387097,0.058737796974655074,610,This second amendment thing is getting a little ridiculous
3475,5625,1,9,52,62,1.1774193548387097,0.054049126391304346,610,"The recipe called for charred, not undercooked."
2955,5625,1,9,52,62,1.1774193548387097,0.054049126391304346,610,No truffles? I thought the philosophy here was rehabilitation not punishment. I'll have a word with the warden.
3552,5625,0,11,51,62,1.1774193548387097,0.04891305893000953,610,"The crab you prepared just got up and walked off the table, that's why you're behind bars."
2916,5625,1,9,52,62,1.1774193548387097,0.054049126391304346,610,"Sorry to tell you this on Pepperoni day, but we can't be a couple any more."
2953,5625,3,5,54,62,1.1774193548387097,0.063078915044636,610,"Since you’ve succumbed to take-out Henri, whip me up une gigot d’Agneau Roti aux Aromates et a la moutarde avec Peches de Vigne."
2069,5625,1,9,52,62,1.1774193548387097,0.054049126391304346,610,"And when you get out,don't bring that hat with you!"
2076,5625,1,9,52,62,1.1774193548387097,0.054049126391304346,610,Our Sous Chef is growing up so fast. He's just... not ready to see you yet.
2153,5625,1,9,52,62,1.1774193548387097,0.054049126391304346,610,"I know you've served 12 years, but your sentence was a baker's dozen..."
2168,5625,3,5,54,62,1.1774193548387097,0.063078915044636,610,You didn't tell me the saw had to be microwave proof.
2170,5625,1,9,52,62,1.1774193548387097,0.054049126391304346,610,"You said your chicken flambé ""Is to die for!"" But, when I gave Tony a piece, I didn't really think you meant it!"
2279,5625,1,9,52,62,1.1774193548387097,0.054049126391304346,610,I told you that goulash recipe would knock ‘em dead.
2293,5625,2,7,53,62,1.1774193548387097,0.058737796974655074,610,Don't worry. The secret sauce recipe is safe with me.
2337,5625,2,7,53,62,1.1774193548387097,0.058737796974655074,610,Why would I do that--you always criticized my cakes.
2347,5625,0,11,51,62,1.1774193548387097,0.04891305893000953,610,"If you want them to drop the charges, we need to convince the Butcher and the Candlestick-maker’s widows that it was an accident."
2495,5625,4,3,55,62,1.1774193548387097,0.06713993039154131,610,"Yes hello, I'd like to lodge a complaint. I ate a can of ravioli and my reflection turned to Chef Boyardee again."
2504,5625,3,5,54,62,1.1774193548387097,0.063078915044636,610,"Speaking of cooking, I hope you fry!!!"
2539,5625,2,7,53,62,1.1774193548387097,0.058737796974655074,610,50 years? What about the souffles?
2192,5625,0,11,51,62,1.1774193548387097,0.04891305893000953,610,I told you the beans were deadly....
2590,5625,0,11,51,62,1.1774193548387097,0.04891305893000953,610,Don't you think baking your own cake with a file in it will look a little suspicious?
2906,5625,2,7,53,62,1.1774193548387097,0.058737796974655074,610,Bologna is a food group?
2864,5625,2,7,53,62,1.1774193548387097,0.058737796974655074,610,I warned you. Not enough salt.
2580,5625,0,11,51,62,1.1774193548387097,0.04891305893000953,610,You can thank your half-baked alibi for this!
2842,5625,3,5,54,62,1.1774193548387097,0.063078915044636,610,I told you not to serve those frog’s legs to Kermit!
2801,5625,1,9,52,62,1.1774193548387097,0.054049126391304346,610,I'm not sure a cake with a knife in it is the best idea.
2786,5625,1,9,52,62,1.1774193548387097,0.054049126391304346,610,I warned you that ligonberry polenta was a crime.
2796,5625,2,7,53,62,1.1774193548387097,0.058737796974655074,610,I told you not to use the manure icing on his chocolate cake. Donald hates that.
2730,5625,1,9,52,62,1.1774193548387097,0.054049126391304346,610,You have known for twenty years that it is a health department violation to carry a rat in you hat!
2708,5625,1,9,52,62,1.1774193548387097,0.054049126391304346,610,Early analysis points to death by chocolate.
2681,5625,2,7,53,62,1.1774193548387097,0.058737796974655074,610,"The cheaper the gun, the gaudier the pâté, Burt."
2614,5625,0,11,51,62,1.1774193548387097,0.04891305893000953,610,"Don't worry, nowadays they can't hold you long for making marijuana brownies."
4505,5867,2,8,58,68,1.1764705882352942,0.055200076943347304,610,"I'm able to look beyond the whiskers, Ratatouille is my partner now."
4586,5868,0,11,52,63,1.1746031746031746,0.04821271851032602,610,I'd like to order pheasant across glass.
4897,5868,2,7,54,63,1.1746031746031746,0.057866499516996066,610,"Bob, claiming that you thought the ""three-second rule"" was a ""guideline"" doesn't help our case."
4725,5868,1,9,53,63,1.1746031746031746,0.053258792666124335,610,Take off your work clothes. The judge did say a dozen years but apparently you still have one more.
5129,5868,0,11,52,63,1.1746031746031746,0.04821271851032602,610,"I am glad that you are putting your talents to use. The menu sounds interesting! Slammer sliders, Solitary chicken breasts, Jailhouse Dressing, and Storm the Bastille Up the River Creme Donuts."
4610,5868,0,11,52,63,1.1746031746031746,0.04821271851032602,610,"I'm less concerned about the frosting and more about the filling, if you catch my drift."
4766,5868,0,11,52,63,1.1746031746031746,0.04821271851032602,610,Your parole officer will need proof that you will no longer substitute margarine for butter
4348,5868,0,11,52,63,1.1746031746031746,0.04821271851032602,610,He didn't suspect a thing.
3747,5868,1,9,53,63,1.1746031746031746,0.053258792666124335,610,Chopping onions?
4167,5868,2,7,54,63,1.1746031746031746,0.057866499516996066,610,So you finally invented the killer app.
3948,5868,0,11,52,63,1.1746031746031746,0.04821271851032602,610,I told you your cannelloni was killer.
3687,5868,1,9,53,63,1.1746031746031746,0.053258792666124335,610,I had no idea the penalty for trading free gourmet meals for favorable 'Yelp' reviews is so severe.
3679,5868,1,9,53,63,1.1746031746031746,0.053258792666124335,610,A saw baked into a cake—isn’t that your job?
5230,5868,0,11,52,63,1.1746031746031746,0.04821271851032602,610,I take it you've had problems with your food?
3398,5868,1,9,53,63,1.1746031746031746,0.053258792666124335,610,"Sorry, chef, they traced the arson to your Hot Cross Buns."
3311,5868,1,9,53,63,1.1746031746031746,0.053258792666124335,610,"If you cooked some times while we were together, you could have avoided this whole prison thing"
4233,5868,2,7,54,63,1.1746031746031746,0.057866499516996066,610,"You're in hot water. No, that's not a good thing."
5287,5868,2,7,54,63,1.1746031746031746,0.057866499516996066,610,The triple chocolate cake was a killer.
6338,5868,3,5,55,63,1.1746031746031746,0.06213344136974703,610,"Well, your appeal was denied again. Oh, and your soufflé fell."
5510,5868,2,7,54,63,1.1746031746031746,0.057866499516996066,610,"I’ve told you many times, that Alfredo Sauce of yours was gonna kill somebody one day !!"
3226,5868,0,11,52,63,1.1746031746031746,0.04821271851032602,610,"Oh, I was suppose to bring the cake with the file in it."
7846,5868,2,7,54,63,1.1746031746031746,0.057866499516996066,610,How much dough do we need to get you out of here?
7807,5868,0,11,52,63,1.1746031746031746,0.04821271851032602,610,Your lawyer thinks he might be able to get you back of the house arrest.
7638,5868,2,7,54,63,1.1746031746031746,0.057866499516996066,610,The review of your soufflé in the New Yorker is what finally brought you down.
7408,5868,1,9,53,63,1.1746031746031746,0.053258792666124335,610,I admit it - I miss the patisseries more than I miss you.
6766,5868,2,7,54,63,1.1746031746031746,0.057866499516996066,610,So I put the file in the pan before I bake the cake?
6606,5868,1,9,53,63,1.1746031746031746,0.053258792666124335,610,I told you you'd never get away with a sardine mini-cupcake.
5473,5868,1,9,53,63,1.1746031746031746,0.053258792666124335,610,Looks like it's your night to cook.
6315,5868,2,7,54,63,1.1746031746031746,0.057866499516996066,610,So you’re telling me that takeout is truly “liberating” as opposed to dining in?
6119,5868,1,9,53,63,1.1746031746031746,0.053258792666124335,610,Do you want the file baked in the cake or on the side?
6055,5868,2,7,54,63,1.1746031746031746,0.057866499516996066,610,"Yes, THAT waiter."
5992,5868,2,7,54,63,1.1746031746031746,0.057866499516996066,610,Tell me again how your Gordon Ramsey imitation went.
5902,5868,2,7,54,63,1.1746031746031746,0.057866499516996066,610,But have the parole board seen Paddington 2?
5849,5868,1,9,53,63,1.1746031746031746,0.053258792666124335,610,You never come home to prepare dinner anymore!
5701,5868,2,7,54,63,1.1746031746031746,0.057866499516996066,610,"Now that you're learning to cook, I've decided to wait for you"
5531,5868,1,9,53,63,1.1746031746031746,0.053258792666124335,610,"I mean really, a file? They should call you ""Chef Obvious""."
6304,5868,0,11,52,63,1.1746031746031746,0.04821271851032602,610,I don't care how many it was. I told you not to put blackbirds in that pie.
3128,5868,0,11,52,63,1.1746031746031746,0.04821271851032602,610,Milton...Only two stars! How could you?
2258,5868,1,9,53,63,1.1746031746031746,0.053258792666124335,610,I brought the Pop-Tarts. Do you want them or not?
2897,5868,1,9,53,63,1.1746031746031746,0.053258792666124335,610,The kids really miss your Shepherds Pie”
854,5868,0,11,52,63,1.1746031746031746,0.04821271851032602,610,Why don’t you bake your own cake?
2929,5868,1,9,53,63,1.1746031746031746,0.053258792666124335,610,They promised to leave me alone if you just tell where you stashed the dough.
231,5868,1,9,53,63,1.1746031746031746,0.053258792666124335,610,They're all calling me Sweet Cakes.
232,5868,0,11,52,63,1.1746031746031746,0.04821271851032602,610,Your second Michelin star was denied.
401,5868,1,9,53,63,1.1746031746031746,0.053258792666124335,610,Do you knead anything?
527,5868,3,5,55,63,1.1746031746031746,0.06213344136974703,610,Why do you want me to send you a cake?
992,5868,1,9,53,63,1.1746031746031746,0.053258792666124335,610,slapping together 300 peanut butter and jelly sandwiches isn't haute cuisine.
1012,5868,0,11,52,63,1.1746031746031746,0.04821271851032602,610,That's the last time I lend you my blow dryer.
1050,5868,1,9,53,63,1.1746031746031746,0.053258792666124335,610,Your beef bourguignon was a crime against good taste.
1131,5868,1,9,53,63,1.1746031746031746,0.053258792666124335,610,"Since you've been locked up, the doughboy's been making a move on your station."
1344,5868,1,9,53,63,1.1746031746031746,0.053258792666124335,610,I told you no parmigano on seafood pasta
535,5868,2,7,54,63,1.1746031746031746,0.057866499516996066,610,And some guy named Joseph said that you'd be back to work in a week.
1591,5868,1,9,53,63,1.1746031746031746,0.053258792666124335,610,you really like my torte?
1908,5868,2,7,54,63,1.1746031746031746,0.057866499516996066,610,Hide a saw in your own cake.
1928,5868,2,7,54,63,1.1746031746031746,0.057866499516996066,610,I told you not to use white wine in the coq au vin!
2032,5868,3,5,55,63,1.1746031746031746,0.06213344136974703,610,Overcooking the chicken is an unpardonable offense.
2049,5868,1,9,53,63,1.1746031746031746,0.053258792666124335,610,"Easy! Tunnel out of your cell with the saucier spoon, break into the sewer with the tenderizer mallet and you'll be the notorious chef who escaped via ""The Lambshank Reduction!"""
2794,5868,2,7,54,63,1.1746031746031746,0.057866499516996066,610,They say your “death by chocolate” was lethal!
2221,5868,2,7,54,63,1.1746031746031746,0.057866499516996066,610,Guess that's the last time you'll make a bum wrap.
2660,5868,1,9,53,63,1.1746031746031746,0.053258792666124335,610,"They misunderstood. I said food Nazi, not actual Nazi."
2774,5868,2,7,54,63,1.1746031746031746,0.057866499516996066,610,"If I told you once, I told you twice, don’t cook the books."
2779,5868,0,11,52,63,1.1746031746031746,0.04821271851032602,610,"Well, at least you don’t have to make another avocado toast."
2781,5868,1,9,53,63,1.1746031746031746,0.053258792666124335,610,"I thought you meant it literally when you said, 'I've cooked my goose.'"
1434,5868,2,7,54,63,1.1746031746031746,0.057866499516996066,610,"No, you can't break and enter to make an omelet!"
1229,5931,2,8,59,69,1.173913043478261,0.054454286181317355,610,I told you not to make creme brûlée at the table.
3294,5931,2,8,59,69,1.173913043478261,0.054454286181317355,610,You'll need to double the recipe to hide the AR-15.
469,5933,0,10,48,58,1.1724137931034482,0.050032844835173236,610,I see you stewed your goose!
2246,5933,0,10,48,58,1.1724137931034482,0.050032844835173236,610,They hated my black and white cookies and told me to pick a side.
6862,5935,2,7,55,64,1.171875,0.0570204619879343,610,Yes. I used margarine instead of butter. And I DIDN'T get caught.
6556,5935,2,7,55,64,1.171875,0.0570204619879343,610,"Whyever, George--why did you need hot dough?!?"
5175,5935,1,9,54,64,1.171875,0.05249096435850378,610,I'd like a doggie bag for the leftovers from my husband's last meal.
4312,5935,1,9,54,64,1.171875,0.05249096435850378,610,"It's my secret recipe, that's why I can't give it to you."
3809,5935,0,11,53,64,1.171875,0.04753177456453702,610,I told you the sauce you used was criminal...
3793,5935,1,9,54,64,1.171875,0.05249096435850378,610,"Well, that's another fine one you cooked up!"
2792,5935,1,9,54,64,1.171875,0.05249096435850378,610,you could bake them a cake and suggest they fuck that?
2522,5935,2,7,55,64,1.171875,0.0570204619879343,610,I told you not to put foie gras on the menu!
7261,5935,2,7,55,64,1.171875,0.0570204619879343,610,"For the salad I said""Rocket,"" Love; not ""Foxglove."""
4849,5935,1,9,54,64,1.171875,0.05249096435850378,610,"I would’ve brought a cake with a file in it, but you know I only do mixes and you hate those!"
5890,5945,2,8,60,70,1.1714285714285715,0.05372820400267856,610,I told you not to put the file in the cake.
4633,5946,1,9,55,65,1.1692307692307693,0.051744707873360433,610,"If you are innocent, why are they accusing you, dough?"
1683,5946,0,11,54,65,1.1692307692307693,0.04686945233443824,610,I'm afraid your order is up
4466,5946,1,9,55,65,1.1692307692307693,0.051744707873360433,610,I'm sure Bam Bam will like his going away cake.
6357,5946,0,11,54,65,1.1692307692307693,0.04686945233443824,610,I thought he was just going to sous me.
3572,5950,0,10,50,60,1.1666666666666667,0.04851854247829848,610,"Earl — This is what happens when you don't read the Terms & Conditions on that ""must-have"" Smart Bluetooth Toaster Oven."
4893,5950,1,8,51,60,1.1666666666666667,0.05402796234942498,610,The File Is In The Wrong Cake!?
4931,5950,3,4,53,60,1.1666666666666667,0.06363147191803552,610,You were fingered for rupturing the Doughboy's spleen.
4971,5950,1,8,51,60,1.1666666666666667,0.05402796234942498,610,I hired a CPA for this year’s taxes.
4983,5950,0,10,50,60,1.1666666666666667,0.04851854247829848,610,I told you to stop pairing Merlot with halibut.
5025,5950,0,10,50,60,1.1666666666666667,0.04851854247829848,610,"But if you don’t let me have the recipe, we’ll go broke."
5202,5950,1,8,51,60,1.1666666666666667,0.05402796234942498,610,I told you that chocolate cake should be illegal.
5220,5950,0,10,50,60,1.1666666666666667,0.04851854247829848,610,"I gotta tell you, cooking for the guys isn't like cooking at Chez Odette!"
5223,5950,1,8,51,60,1.1666666666666667,0.05402796234942498,610,I'll take a loaf of French bread and two cream puffs.
5241,5950,1,8,51,60,1.1666666666666667,0.05402796234942498,610,Enough is enough! The Russians have posted our morel site on the internet.
4012,5950,0,10,50,60,1.1666666666666667,0.04851854247829848,610,I swear I did not kill your mother. The meat thermometer read 187. You mean she wasn't done?
5251,5950,1,8,51,60,1.1666666666666667,0.05402796234942498,610,"I’m sorry, but you never mentioned anything in your letters about being a celebrity chef. I’m going to need a moment to process this."
5305,5950,2,6,52,60,1.1666666666666667,0.059025354442335316,610,"When they said your soufflé was to die for, they didn't mean it."
5347,5950,2,6,52,60,1.1666666666666667,0.059025354442335316,610,They put me in this getup because I thought the guy said 'Raise your hand if you're a crook.'
5432,5950,1,8,51,60,1.1666666666666667,0.05402796234942498,610,"OK, I called your lawyer, but do I still need to pre-heat the oven?"
5452,5950,1,8,51,60,1.1666666666666667,0.05402796234942498,610,So you want the file hidden in a croquembouche now?
5465,5950,0,10,50,60,1.1666666666666667,0.04851854247829848,610,This feels like the good ol’ days before open concept kitchens
5474,5950,1,8,51,60,1.1666666666666667,0.05402796234942498,610,"I thought they asked if I confessed to the ""crumb"""
5525,5950,1,8,51,60,1.1666666666666667,0.05402796234942498,610,What he said to do was MACERATE!!
5563,5950,0,10,50,60,1.1666666666666667,0.04851854247829848,610,I've always felt it could use more salt.
4824,5950,2,6,52,60,1.1666666666666667,0.059025354442335316,610,"Paula, did you seriously just carve your initials into the wall next to you"
4759,5950,0,10,50,60,1.1666666666666667,0.04851854247829848,610,Did you bring my recipe for file pie?
3728,5950,1,8,51,60,1.1666666666666667,0.05402796234942498,610,Won't a plastic knife melt when I bake the cake?
4740,5950,2,6,52,60,1.1666666666666667,0.059025354442335316,610,"Chef Jacques, unfortunately now you know that poison is not spelled poisson."
4011,5950,0,10,50,60,1.1666666666666667,0.04851854247829848,610,I couldn’t get the file in a cake because they said they don’t need cake since they have a great baker.
3990,5950,1,8,51,60,1.1666666666666667,0.05402796234942498,610,They sentenced you to thirteen years but you could get out in twelve if you use the baker's dozen argument!
3954,5950,1,8,51,60,1.1666666666666667,0.05402796234942498,610,No--you don't bake the cake and hide the saw in it. I do.
3894,5950,0,10,50,60,1.1666666666666667,0.04851854247829848,610,They told me the charge is malicious ingredients.
5564,5950,2,6,52,60,1.1666666666666667,0.059025354442335316,610,SERIOUSLY? RUSSIAN ROULETTE WITH POISONOUS MUSHROOMS AS A PUBLICITY STUNT?
3874,5950,2,6,52,60,1.1666666666666667,0.059025354442335316,610,"If you ever want to see your children again, give me the recipe."
3760,5950,3,4,53,60,1.1666666666666667,0.06363147191803552,610,You're still cooking behind bars?
3751,5950,1,8,51,60,1.1666666666666667,0.05402796234942498,610,It has to cut the mustard.
3736,5950,0,10,50,60,1.1666666666666667,0.04851854247829848,610,"Sorry Mario, you didn't win the Bocuse d'Or AND you can't wear orange crocs!"
4116,5950,3,4,53,60,1.1666666666666667,0.06363147191803552,610,"O.K., enough with the toque-and-dagger routine."
4154,5950,1,8,51,60,1.1666666666666667,0.05402796234942498,610,Do you recall where you put the imitation maple flavoring?
4165,5950,0,10,50,60,1.1666666666666667,0.04851854247829848,610,I heard from the warden that your cakes are so good that your parole is being turned down.
4220,5950,1,8,51,60,1.1666666666666667,0.05402796234942498,610,I did tell you not to make Mimosas with Dom Perignon
4249,5950,1,8,51,60,1.1666666666666667,0.05402796234942498,610,I told you that dessert what sinful.
4453,5950,1,8,51,60,1.1666666666666667,0.05402796234942498,610,"Don't look so surprised, chef. You did cook Sparky and his owner, councilman Johnson, was none too pleased."
4461,5950,3,4,53,60,1.1666666666666667,0.06363147191803552,610,"I'm sure it came out great, but I don't think it will help in your appeal."
4542,5950,3,4,53,60,1.1666666666666667,0.06363147191803552,610,They made you a cook? Your in here for bank robbery.
4655,5950,2,6,52,60,1.1666666666666667,0.059025354442335316,610,I’m done.
4020,5950,0,10,50,60,1.1666666666666667,0.04851854247829848,610,How can you sneak out the recipe to me?!
4747,5950,2,6,52,60,1.1666666666666667,0.059025354442335316,610,The outfit does nothing for me. I think you're better off staying with the stripes.
5606,5950,1,8,51,60,1.1666666666666667,0.05402796234942498,610,What should I tell the grandchildren?
6336,5950,1,8,51,60,1.1666666666666667,0.05402796234942498,610,"Without your “Sweeney Todd Pie: Deconstruted/Reconstructed”, we have lost two stars in our rating."
5619,5950,1,8,51,60,1.1666666666666667,0.05402796234942498,610,I guess the heat was on.
7004,5950,2,6,52,60,1.1666666666666667,0.059025354442335316,610,"Don’t worry, I can get you the dough next week."
7037,5950,0,10,50,60,1.1666666666666667,0.04851854247829848,610,You should have left that Russian rye dry.
7066,5950,3,4,53,60,1.1666666666666667,0.06363147191803552,610,Adam and Steve say they're sorry it came to this.
7174,5950,1,8,51,60,1.1666666666666667,0.05402796234942498,610,"I'm so sorry, honey, I Momofukued up."
7338,5950,1,8,51,60,1.1666666666666667,0.05402796234942498,610,You must eat all the best food!
7384,5950,1,8,51,60,1.1666666666666667,0.05402796234942498,610,The cafeteria food is the real crime.
7406,5950,1,8,51,60,1.1666666666666667,0.05402796234942498,610,"They haven't found a body yet, but they think you did it in the kitchen with a knife."
7435,5950,0,10,50,60,1.1666666666666667,0.04851854247829848,610,I understand you're charged with a half-baked gourmet getaway.
3425,5950,1,8,51,60,1.1666666666666667,0.05402796234942498,610,OK - so I should have added the file to the batter before folding in the egg whites?
6725,5950,2,6,52,60,1.1666666666666667,0.059025354442335316,610,You dream of a serrated spatula?
7662,5950,0,10,50,60,1.1666666666666667,0.04851854247829848,610,Can't they take a spatula to your behind and call it good?
7727,5950,0,10,50,60,1.1666666666666667,0.04851854247829848,610,"So, what should I add first - herbs de Provence or a file?"
7799,5950,0,10,50,60,1.1666666666666667,0.04851854247829848,610,Yes on the conjugal visit. No on having it in the kitchen.
7843,5950,2,6,52,60,1.1666666666666667,0.059025354442335316,610,When I get out I will cook you what we are having.
7476,5950,1,8,51,60,1.1666666666666667,0.05402796234942498,610,They won’t let me bring you arugula and cardamom!
7860,5950,1,8,51,60,1.1666666666666667,0.05402796234942498,610,Food poisoning? So that means they'll let you go?
7660,5950,0,10,50,60,1.1666666666666667,0.04851854247829848,610,Pruno raves about this place.
7535,5950,2,6,52,60,1.1666666666666667,0.059025354442335316,610,Just show them what’s under your hat already.
7502,5950,1,8,51,60,1.1666666666666667,0.05402796234942498,610,Get it.?....You're in the stir and you knead dough!
7492,5950,0,11,55,66,1.1666666666666667,0.04622501635210244,610,You were always cookin' up trouble.
7688,5950,0,10,50,60,1.1666666666666667,0.04851854247829848,610,"Honey, listen, you're safe now. Here's the rub-a-dub-dub: I know where your friends are. It was me; I soaked the butcher and candlestick maker in our tub filled with lye."
5618,5950,2,6,52,60,1.1666666666666667,0.059025354442335316,610,We can't go on heating like this.
6543,5950,1,8,51,60,1.1666666666666667,0.05402796234942498,610,They only asked for ketchup.
6512,5950,1,8,51,60,1.1666666666666667,0.05402796234942498,610,"Guess you should've taken the gun, too."
5727,5950,2,6,52,60,1.1666666666666667,0.059025354442335316,610,I don’t understand your kneads.
5807,5950,2,6,52,60,1.1666666666666667,0.059025354442335316,610,What's on the menu?
5813,5950,1,8,51,60,1.1666666666666667,0.05402796234942498,610,"How many times did I tell you, Jean-Claude, to stop promoting yourself as al qaeda's top chef before you made it in America."
5876,5950,0,10,50,60,1.1666666666666667,0.04851854247829848,610,"Unfortunately, the Parole Board still deems you a public menace."
5899,5950,1,8,51,60,1.1666666666666667,0.05402796234942498,610,What do you mean you hid the file in a store-bought cake?
5922,5950,0,10,50,60,1.1666666666666667,0.04851854247829848,610,"So, water are your preparing for your last meal?"
5935,5950,0,10,50,60,1.1666666666666667,0.04851854247829848,610,There are black Périgourd hidden in the cake.
5940,5950,2,6,52,60,1.1666666666666667,0.059025354442335316,610,I told you not to use so much garlic.
5977,5950,3,4,53,60,1.1666666666666667,0.06363147191803552,610,"I can get you a file, but you're on your own for the loaf of bread."
6520,5950,2,6,52,60,1.1666666666666667,0.059025354442335316,610,"I’m sorry, but your cuisine was just too sinful."
5997,5950,2,6,52,60,1.1666666666666667,0.059025354442335316,610,I want a risotto as good as my father's.
6097,5950,1,8,51,60,1.1666666666666667,0.05402796234942498,610,"Fashioning the shank was no problem, but all my cakes fell flat."
6127,5950,1,8,51,60,1.1666666666666667,0.05402796234942498,610,Press #1 for the beef borguillon.
6182,5950,1,8,51,60,1.1666666666666667,0.05402796234942498,610,"Remember your subway as a subway joke from last week, it wasn’t funny."
6196,5950,0,10,50,60,1.1666666666666667,0.04851854247829848,610,I'm having a hard time finding a file that stands up to the semi-sweet chocolate mousse and graham cracker crust.
6204,5950,1,8,51,60,1.1666666666666667,0.05402796234942498,610,I'm sure a prison husband is just like a regular husband. Just give him lots of 'sugar' and even a second helping of 'dessert'.
6259,5950,1,8,51,60,1.1666666666666667,0.05402796234942498,610,"The best we can do is ""Grade Pending""!"
6279,5950,1,8,51,60,1.1666666666666667,0.05402796234942498,610,This isn’t the place to pretend you’re Iron Chef.
6282,5950,0,10,50,60,1.1666666666666667,0.04851854247829848,610,But he said the chocolate cake was to die for.
6427,5950,0,10,50,60,1.1666666666666667,0.04851854247829848,610,"Turkey on rye, hold the pickle."
6082,5950,3,4,53,60,1.1666666666666667,0.06363147191803552,610,And his toque is bigger than yours.
3376,5950,1,8,51,60,1.1666666666666667,0.05402796234942498,610,I forget. What type of tomato do you use in the marinara sauce?
495,5950,1,8,51,60,1.1666666666666667,0.05402796234942498,610,WHAT did you cook up this time?
3222,5950,0,10,50,60,1.1666666666666667,0.04851854247829848,610,"Honey, I'm sorry but I can't wait 17 years. I'm leaving you for a sommelier."
1041,5950,2,6,52,60,1.1666666666666667,0.059025354442335316,610,"The goose is cooked, now what?"
1082,5950,0,10,50,60,1.1666666666666667,0.04851854247829848,610,Of course it doesn't have to be French; it doesn't even have to be good. You just have to be able to eat it with a tablespoon
1084,5950,1,8,51,60,1.1666666666666667,0.05402796234942498,610,"Mine will not be as good as yours, but I promise the file will be in the quiche I send on the 16th."
1090,5950,2,6,52,60,1.1666666666666667,0.059025354442335316,610,There was this show on while you were in jail called The Night Of and one of the guys' girlfriends or something sneaks some coke into prison in a condom she hides in one of her orifices. Would you want me to do that?
1123,5950,2,6,52,60,1.1666666666666667,0.059025354442335316,610,When he said your spinach gnocchi was to die for I assumed it was just an expression.
1134,5950,1,8,51,60,1.1666666666666667,0.05402796234942498,610,"Let me guess, Jacques; did you beat Bobby Flay or was it your killer shrimp?"
1138,5950,1,8,51,60,1.1666666666666667,0.05402796234942498,610,"Honey, sending me a file in a cake isn't really going to help you."
1139,5950,1,8,51,60,1.1666666666666667,0.05402796234942498,610,Give them lots of desserts and they will like you more.
1227,5950,0,10,50,60,1.1666666666666667,0.04851854247829848,610,"The russians are coming, hide the bagels"
1331,5950,1,8,51,60,1.1666666666666667,0.05402796234942498,610,I warned you not to be such a cut up!
1342,5950,1,8,51,60,1.1666666666666667,0.05402796234942498,610,So I guess my playing wasn’t that cool?
1411,5950,1,8,51,60,1.1666666666666667,0.05402796234942498,610,"Well, hiding a knife in the cake is ok, but it’s going to look funny me giving you the cake."
1418,5950,3,4,53,60,1.1666666666666667,0.06363147191803552,610,I warned you not to bake a cake with a key hidden inside it!
1429,5950,1,8,51,60,1.1666666666666667,0.05402796234942498,610,"Honestly Fred, you killed him with a souse vida? How on earth do you kill someone with a a souse vide?"
1433,5950,0,10,50,60,1.1666666666666667,0.04851854247829848,610,"So you sold that yuck as kosher, halal and organic?"
1456,5950,1,8,51,60,1.1666666666666667,0.05402796234942498,610,"I’m sorry dear, we lost the appeal. Apparently it is a crime to refuse to serve Artisian Toast."
1525,5950,0,10,50,60,1.1666666666666667,0.04851854247829848,610,So you included the cookie recipe but forgot the sexual harassment apology?
1006,5950,0,10,50,60,1.1666666666666667,0.04851854247829848,610,"When you said your Clams Casino were killer, I thought it was hyperbole."
1537,5950,1,8,51,60,1.1666666666666667,0.05402796234942498,610,Your lawyer is demanding an apple pie before he will a'peel
938,5950,2,6,52,60,1.1666666666666667,0.059025354442335316,610,I told the press you were making lots of bread
872,5950,1,8,51,60,1.1666666666666667,0.05402796234942498,610,"I don't care how you do it, but you need to get me some flour."
99,5950,1,8,51,60,1.1666666666666667,0.05402796234942498,610,The soufflé fell.
114,5950,1,8,51,60,1.1666666666666667,0.05402796234942498,610,"Dad always said you made ""Killer"" baked Alaska !"
222,5950,1,8,51,60,1.1666666666666667,0.05402796234942498,610,"But, no, you had to offer the puffer fish."
341,5950,1,8,51,60,1.1666666666666667,0.05402796234942498,610,And now your top assistant plans to sous you.
347,5950,0,10,50,60,1.1666666666666667,0.04851854247829848,610,"I'm sorry, but I asked to see to the no-good, dirty, rotten, lying crook."
389,5950,2,6,52,60,1.1666666666666667,0.059025354442335316,610,"I suppose I could, but I'll need your cake recipe."
434,5950,1,8,51,60,1.1666666666666667,0.05402796234942498,610,I told you to leave that celery alone
473,5950,3,4,53,60,1.1666666666666667,0.06363147191803552,610,Can I get the recipe for that killer stew?
492,5950,2,6,52,60,1.1666666666666667,0.059025354442335316,610,Parole was denied because of too much salt in the warden's stew
536,5950,1,8,51,60,1.1666666666666667,0.05402796234942498,610,"On the bright side, there's a real buzz about your gruel."
595,5950,0,10,50,60,1.1666666666666667,0.04851854247829848,610,"Sorry to press charges, but I did ask for medium rare."
599,5950,0,10,50,60,1.1666666666666667,0.04851854247829848,610,"Try to be positive. At least in there, everyone wants to try your confections."
609,5950,1,8,51,60,1.1666666666666667,0.05402796234942498,610,"So, your goose is cooked this time."
639,5950,1,8,51,60,1.1666666666666667,0.05402796234942498,610,This is exactly why nobody pokes the Pillbury Doughboy with a knife.
679,5950,3,4,53,60,1.1666666666666667,0.06363147191803552,610,Which one of us takes off our clothes?
786,5950,1,8,51,60,1.1666666666666667,0.05402796234942498,610,I told you that meatball was too spicy!
804,5950,1,8,51,60,1.1666666666666667,0.05402796234942498,610,"Do the inmates enjoy gourmet dishes,or hot dogs and beans?"
920,5950,1,8,51,60,1.1666666666666667,0.05402796234942498,610,I'll take one husband to go!
1544,5950,2,6,52,60,1.1666666666666667,0.059025354442335316,610,"Don't have enough dough for bail, Stu. I knead the money."
1368,5950,0,10,50,60,1.1666666666666667,0.04851854247829848,610,"You should've spelled out 'toque.' And 'knead,' maybe."
1570,5950,2,6,52,60,1.1666666666666667,0.059025354442335316,610,Catsup on a hotdog IS a capital offense.
2631,5950,1,8,51,60,1.1666666666666667,0.05402796234942498,610,Why didn’t you listen to me when I said the bones weren’t ground up enough for a good meat pie?
2665,5950,0,10,50,60,1.1666666666666667,0.04851854247829848,610,I just wanted to spice up our marriage.
2676,5950,1,8,51,60,1.1666666666666667,0.05402796234942498,610,I think the judge misunderstood when you said you wanted a toque before sentencing.
2682,5950,1,8,51,60,1.1666666666666667,0.05402796234942498,610,Do you have any ideas how to raise enough dough for the bail?
2705,5950,0,10,50,60,1.1666666666666667,0.04851854247829848,610,"I've already spoken to Netflix. They said ""too late."""
1554,5950,1,8,51,60,1.1666666666666667,0.05402796234942498,610,The file wouldn't fit in the cake. Would you like any kitchen utensils?
2778,5950,2,6,52,60,1.1666666666666667,0.059025354442335316,610,"That’s BS, if you think those shrimp were deveined."
2830,5950,1,8,51,60,1.1666666666666667,0.05402796234942498,610,"What can I say Stefan, if you’d only listened to me when I said that meat was murder."
2886,5950,1,8,51,60,1.1666666666666667,0.05402796234942498,610,Don's ask me. What does Mr Trump say he wants for breakfast?
2892,5950,2,6,52,60,1.1666666666666667,0.059025354442335316,610,Why don't you hide a file in your own damn cake?
2900,5950,2,6,52,60,1.1666666666666667,0.059025354442335316,610,They're saying that you tampered with the President'so Big Mac!
2947,5950,1,8,51,60,1.1666666666666667,0.05402796234942498,610,They confiscated the anchoves....
2961,5950,0,10,50,60,1.1666666666666667,0.04851854247829848,610,"Make them your foie gras with a duck confit and get a day parole, now!"
2964,5950,1,8,51,60,1.1666666666666667,0.05402796234942498,610,They are calling your baloney.
3122,5950,0,10,50,60,1.1666666666666667,0.04851854247829848,610,It might be because the wine isn't actually made in the toilet
3190,5950,2,6,52,60,1.1666666666666667,0.059025354442335316,610,"Your goose is cooked, but this isn't exactly what I had in mind!"
3327,5950,2,6,52,60,1.1666666666666667,0.059025354442335316,610,I told you people are nutso about gluten.
2523,5950,1,8,51,60,1.1666666666666667,0.05402796234942498,610,"When you advertised guilty pleasures, maybe you shouldn’t have meant it literally."
2520,5950,1,8,51,60,1.1666666666666667,0.05402796234942498,610,"Look, I told you over and over, don't put foie gras on the menu!"
2761,5950,0,10,50,60,1.1666666666666667,0.04851854247829848,610,Admit it. The chicken was dry and the steaks were underseasoned.
2465,5950,1,8,51,60,1.1666666666666667,0.05402796234942498,610,"I confessed to being a cook, not a crook."
2468,5950,0,10,50,60,1.1666666666666667,0.04851854247829848,610,I'll swap you a take out for a get out.
1589,5950,0,10,50,60,1.1666666666666667,0.04851854247829848,610,"I tried to tell you, your fruitcake kills."
1678,5950,0,10,50,60,1.1666666666666667,0.04851854247829848,610,Are you sure they won't get suspicious if I bake you a cake with a file in it?
1757,5950,1,8,51,60,1.1666666666666667,0.05402796234942498,610,"...Hannibal replied, ""I do wish we could chat longer, but I'm having an old friend for dinner––bye."" Clarice was left frozen on the line, ""Dr. Lecter? Dr. Lecter? Dr. Lecter?..."""
1763,5950,0,10,50,60,1.1666666666666667,0.04851854247829848,610,"Dad when you told everyone at the party that you were serving your killer new pastry recipe, I never dreamt that you meant it literally."
1791,5950,0,10,50,60,1.1666666666666667,0.04851854247829848,610,"So, where did you leave your recipe file?"
2010,5950,1,8,51,60,1.1666666666666667,0.05402796234942498,610,"You're supposedly a MasterChef, can't you even follow a simple recipe !?"
2055,5950,1,8,51,60,1.1666666666666667,0.05402796234942498,610,"You must get a job with a new company which doesn't have a secret sauce, Roger"
1571,5950,0,10,50,60,1.1666666666666667,0.04851854247829848,610,I simply couldn't allow another bastard pastry like the Cronut leave his kitchen.
2127,5950,1,8,51,60,1.1666666666666667,0.05402796234942498,610,I didn’t know selling avocado toast for $15 is now a felony.
2101,5950,0,10,50,60,1.1666666666666667,0.04851854247829848,610,Your delivery order has been placed. The delivery window is 10 yrs- life.
2345,5950,2,6,52,60,1.1666666666666667,0.059025354442335316,610,You must testify against your soufflé - it's surely not to die for.
2290,5950,1,8,51,60,1.1666666666666667,0.05402796234942498,610,I warned you. You were using too much spice and you look silly.
2263,5950,1,8,51,60,1.1666666666666667,0.05402796234942498,610,I have the frog's legs here. Can you tell me what to do with them?
2352,5950,1,8,51,60,1.1666666666666667,0.05402796234942498,610,"My secret ingredient was cocoa, not blood from Coco"
2227,5950,1,8,51,60,1.1666666666666667,0.05402796234942498,610,"I see you were Baker Acted in,"
2198,5950,1,8,51,60,1.1666666666666667,0.05402796234942498,610,Please do not put metal tools in you next cake.
2244,5950,2,6,52,60,1.1666666666666667,0.059025354442335316,610,I told you not to sell that stock.
1800,6126,1,8,52,61,1.1639344262295082,0.05320507735360911,610,"I disagree. The real crime was the nail file, not the store-bought cake mix."
3532,6126,0,10,51,61,1.1639344262295082,0.04779468766266639,610,What! You didn't read the notice in the men's room?
2200,6126,1,8,52,61,1.1639344262295082,0.05320507735360911,610,BAKER'S DOZEN...a new film by Steven Soderbergh. Whisk it all this Spring.
2364,6126,1,8,52,61,1.1639344262295082,0.05320507735360911,610,"I added the butter like you said, but the man screamed that I should have used ghee."
2451,6126,1,8,52,61,1.1639344262295082,0.05320507735360911,610,I preferred cooking for you at home.
2656,6126,1,8,52,61,1.1639344262295082,0.05320507735360911,610,Every single chef said peppering bananas foster with gunpowder was irresponsible.
2754,6126,0,10,51,61,1.1639344262295082,0.04779468766266639,610,"The flambe, Charles? Why?"
3568,6126,1,8,52,61,1.1639344262295082,0.05320507735360911,610,"His precise words were, ""Ma'am, that and two Michelin stars will buy me a cup of small-lot, single-origin, hand-roasted coffee--with each bean individually selected, it would be a distinctive cup with a story all its own."""
5799,6126,1,8,52,61,1.1639344262295082,0.05320507735360911,610,"Just six months ago I was grilling $100 steaks. Now, all I do is toss salad."
3920,6126,0,10,51,61,1.1639344262295082,0.04779468766266639,610,"I know you are an outspoken critic of outdoor cooking, but don't you think this has gone just a tad too far?"
4343,6126,1,8,52,61,1.1639344262295082,0.05320507735360911,610,And you want me to put the garlic in the cake!?
6521,6126,1,8,52,61,1.1639344262295082,0.05320507735360911,610,"Regarding the baguettes, is it 375 for twenty minutes?"
6765,6126,3,4,54,61,1.1639344262295082,0.0626392563099764,610,"The parole board turned down your request. They understand you were just following the recipe, but they are concerned you will poison again."
7789,6126,1,8,52,61,1.1639344262295082,0.05320507735360911,610,I told you broil was too hot.
7905,6126,0,10,51,61,1.1639344262295082,0.04779468766266639,610,"We're going to have to simply relabel the Day Old Rack, the Year Old Rack."
1681,6126,1,8,52,61,1.1639344262295082,0.05320507735360911,610,"Sorry, boss, but I won’t tell them it was a Crock-Pot with a faulty switch."
3788,6126,1,8,52,61,1.1639344262295082,0.05320507735360911,610,What can I get on the to go menu ?
1644,6126,0,10,51,61,1.1639344262295082,0.04779468766266639,610,I guess if they can’t figure out how to transport the masses they might as well feed them.
7444,6126,2,6,53,61,1.1639344262295082,0.05811392555691986,610,Your cake recipe didn't taste right with the file in it so we threw it out.
1269,6126,0,10,51,61,1.1639344262295082,0.04779468766266639,610,I miss your late night stuffed bolognese the most.
1142,6126,2,6,53,61,1.1639344262295082,0.05811392555691986,610,So you really think they'll believe you baked that cake?
1093,6126,2,6,53,61,1.1639344262295082,0.05811392555691986,610,"I keep telling them cook, not crook, but they won't listen."
1008,6126,0,10,51,61,1.1639344262295082,0.04779468766266639,610,Told you not to put a saw in that cake.
919,6126,0,10,51,61,1.1639344262295082,0.04779468766266639,610,You’re not as good a ratatouille maker as you think you are.
628,6126,1,8,52,61,1.1639344262295082,0.05320507735360911,610,Shouldn’t you be asking your pastry chef for a cake with a file?
1511,6126,2,6,53,61,1.1639344262295082,0.05811392555691986,610,I told you you shouldn't have cooked that stuff up.
2668,6152,1,8,53,62,1.1612903225806452,0.05240664126018632,610,And your defense attorney is going to make the motion to disallow the introduction of the egg spoon as evidence.
2015,6152,0,10,52,62,1.1612903225806452,0.047091775485760316,610,I told you not to do 'Top Chef: Law and Order'.
1297,6152,0,10,52,62,1.1612903225806452,0.047091775485760316,610,"But honey, the way you left that kitchen was criminal."
4437,6152,1,8,53,62,1.1612903225806452,0.05240664126018632,610,I told you it was a mistake to serve blackbird pie at the police banquet.
7002,6152,2,6,54,62,1.1612903225806452,0.05723003388035403,610,"Now remember, it was your fondness for role play that got you in here in the first place."
7081,6152,1,8,53,62,1.1612903225806452,0.05240664126018632,610,"Don't worry about the restaurant. I replaced your fancy recipes with my""boring food"". Business is booming."
3171,6152,2,6,54,62,1.1612903225806452,0.05723003388035403,610,"Gee, if I knew you were comin', I'd a baked a cake!"
3082,6152,3,4,55,62,1.1612903225806452,0.061677366251478974,610,I told you that your broccoli saltimbocca was a crime
7578,6152,2,6,54,62,1.1612903225806452,0.05723003388035403,610,You have to admit that your Bearnaise sauce was a crime.
5212,6161,0,9,47,56,1.1607142857142858,0.04952230059306297,610,Of course that I didn't kill bill.
7201,6162,1,8,54,63,1.1587301587301588,0.05163159310171238,610,Hang in there honey. Only 6 more months and you'll be gluten-free.
3085,6162,1,8,54,63,1.1587301587301588,0.05163159310171238,610,"So, what's cookin'?"
3697,6162,1,8,54,63,1.1587301587301588,0.05163159310171238,610,I told you that souffle was a crime.
4239,6162,0,10,53,63,1.1587301587301588,0.04640892840955829,610,Are you here for your conjugal pastry lesson?
5117,6162,0,10,53,63,1.1587301587301588,0.04640892840955829,610,"I don't know, Steph. Something about ""Chef Curry with the shot"". We're going to get you out of here."
5236,6162,0,10,53,63,1.1587301587301588,0.04640892840955829,610,I'll have that recipe for stolen rutabaga's you got from me.
2447,6162,1,8,54,63,1.1587301587301588,0.05163159310171238,610,"Hi dear, I only came by because the children wanted take-out tonight, can you handle five quick orders of hamburgers and fries?"
7557,6162,1,8,54,63,1.1587301587301588,0.05163159310171238,610,So NOW you prefer to menu cage-free chicken over veal?!
6428,6162,1,8,54,63,1.1587301587301588,0.05163159310171238,610,"After you flambé the cherries jubilee, I'll distract the guard and open the back door."
6820,6162,2,6,55,63,1.1587301587301588,0.05637245937794518,610,"Sure you said it was a “killer” recipe, but I never thought it would lead to this."
5416,6172,1,7,49,57,1.1578947368421053,0.054780684196477185,610,The meatball was too spicy.
5378,6172,1,7,49,57,1.1578947368421053,0.054780684196477185,610,They're going to allow us one conjugal souffle'.
5370,6172,1,7,49,57,1.1578947368421053,0.054780684196477185,610,I could understand if he ordered it well done—but medium-well?
5300,6172,0,9,48,57,1.1578947368421053,0.04872737367223956,610,To be fair I did warn you not to let the rat run the restaurant.
5226,6172,2,5,50,57,1.1578947368421053,0.06022864581803467,610,"The fruit, not the phone"
5189,6172,1,7,49,57,1.1578947368421053,0.054780684196477185,610,I swear I didn't put the plutonium in his cheesecake!
5181,6172,0,9,48,57,1.1578947368421053,0.04872737367223956,610,So now another 34 patrons have sued....
5176,6172,1,7,49,57,1.1578947368421053,0.054780684196477185,610,I guess you shouldn't have let the soufflé fall.
5146,6172,0,9,48,57,1.1578947368421053,0.04872737367223956,610,Ohhhhh. I thought you said the slip the cake into the file! My bad!
5121,6172,0,9,48,57,1.1578947368421053,0.04872737367223956,610,I’ll have the caged crab caught with jail bait.
5439,6172,1,7,49,57,1.1578947368421053,0.054780684196477185,610,"Guess what, Diddle Diddle ... the dish ran away with the spoon."
5460,6172,1,7,49,57,1.1578947368421053,0.054780684196477185,610,I told you to stop using poisonous mushrooms no matter how good they tasted but you never listen
5476,6172,1,7,49,57,1.1578947368421053,0.054780684196477185,610,It seems you will have to stay longer: the clients didn’t survive.
5500,6172,1,7,49,57,1.1578947368421053,0.054780684196477185,610,"By hot cross buns, I didn't mean stolen."
5542,6172,1,7,49,57,1.1578947368421053,0.054780684196477185,610,"If you can't cook for them, why are you wearing that?"
5569,6172,0,9,48,57,1.1578947368421053,0.04872737367223956,610,"Sorry, honey, this isn’t a takeout call."
5585,6172,1,7,49,57,1.1578947368421053,0.054780684196477185,610,You've been Chopped.
5647,6172,0,9,48,57,1.1578947368421053,0.04872737367223956,610,"If you keep your mouth shut, they can't make you roll on him."
5662,6172,1,7,49,57,1.1578947368421053,0.054780684196477185,610,I warned you NOT to beat Bobby Flay!
5666,6172,2,5,50,57,1.1578947368421053,0.06022864581803467,610,You should have told them you used paprika ! !
5709,6172,1,7,49,57,1.1578947368421053,0.054780684196477185,610,The kombucha is on back order. We can't get it for two weeks.
5726,6172,1,7,49,57,1.1578947368421053,0.054780684196477185,610,The file is in the pie.
5088,6172,1,7,49,57,1.1578947368421053,0.054780684196477185,610,I told you that was too much sugar..
5083,6172,1,7,49,57,1.1578947368421053,0.054780684196477185,610,"Whatever you're preparing, it better be worth what I paid for this table."
4561,6172,0,9,48,57,1.1578947368421053,0.04872737367223956,610,They said my foi gras was criminal
4865,6172,1,7,49,57,1.1578947368421053,0.054780684196477185,610,I have bad news. It turns out gluten is a nut.
3921,6172,1,7,49,57,1.1578947368421053,0.054780684196477185,610,Well- maybe they would have let you be head chef if you stopped calling your grape dish “eyeball salad”.
3929,6172,0,9,48,57,1.1578947368421053,0.04872737367223956,610,It's not what it seems. The reason I'm in prison has nothing to do with my cooking.
3976,6172,0,9,48,57,1.1578947368421053,0.04872737367223956,610,OK....I hear you....but if you stand any chance for making parole your going to have to stop putting it all on the Butcher and the Candlestick-Maker.....
3998,6172,1,7,49,57,1.1578947368421053,0.054780684196477185,610,Honey really it's time for you to accept the truth that your food did kill someone.
4117,6172,1,7,49,57,1.1578947368421053,0.054780684196477185,610,#metoo - Enough said.
4144,6172,1,7,49,57,1.1578947368421053,0.054780684196477185,610,"Oh, stop Catastrophizing. It’s only for 25 to 35 years at 350."
4202,6172,2,5,50,57,1.1578947368421053,0.06022864581803467,610,"Yes Ma’m, your husband will be fried as you ordered."
4266,6172,0,9,48,57,1.1578947368421053,0.04872737367223956,610,"So, about my gluten allergy..."
4406,6172,1,7,49,57,1.1578947368421053,0.054780684196477185,610,There's something wrong with this mirror...
4409,6172,1,7,49,57,1.1578947368421053,0.054780684196477185,610,"Well, obviously the jury's de thought 'al dente' is"
4447,6172,0,9,48,57,1.1578947368421053,0.04872737367223956,610,You should have read up more about cross-contamination.
4977,6172,0,9,48,57,1.1578947368421053,0.04872737367223956,610,Any chance of getting two pigs in a blanket?
4525,6172,1,7,49,57,1.1578947368421053,0.054780684196477185,610,He baked his first soufflé today.
5818,6172,0,9,48,57,1.1578947368421053,0.04872737367223956,610,You're gonna be fried!
4625,6172,0,9,48,57,1.1578947368421053,0.04872737367223956,610,I'm sorry but I already waited for the Moulton chocolate cake- good bye.
4637,6172,1,7,49,57,1.1578947368421053,0.054780684196477185,610,"My Mother will not refinance HER house, so that YOU can start a RESTAURANT, Hannibal!!!"
4662,6172,1,7,49,57,1.1578947368421053,0.054780684196477185,610,My husband would like the radioactive chicken
4677,6172,0,9,48,57,1.1578947368421053,0.04872737367223956,610,They didn't teach you about the bail-for-recipe program in culinary school?
4719,6172,2,5,50,57,1.1578947368421053,0.06022864581803467,610,"The Duck Confit was good, but not last meal good"
4772,6172,0,9,48,57,1.1578947368421053,0.04872737367223956,610,The prosecution will recommend you be 86'd.
4776,6172,1,7,49,57,1.1578947368421053,0.054780684196477185,610,They're calling it a Crime of Too Much Passion.
4795,6172,0,9,48,57,1.1578947368421053,0.04872737367223956,610,So you refused to bake their cake because they’re hermaphrodites
4840,6172,1,7,49,57,1.1578947368421053,0.054780684196477185,610,Chuck the hat. The judge already decided you could not cook the books.
4856,6172,2,5,50,57,1.1578947368421053,0.06022864581803467,610,I couldn’t get the SpaghettiOs past the guard.
4553,6172,0,9,48,57,1.1578947368421053,0.04872737367223956,610,I'll have a large secret recipe pizza to go.
5884,6172,2,5,50,57,1.1578947368421053,0.06022864581803467,610,I promise I’ll wait for you.
6479,6172,0,9,48,57,1.1578947368421053,0.04872737367223956,610,"Your attorney didn't like the cake, sorry"
6109,6172,2,5,50,57,1.1578947368421053,0.06022864581803467,610,"Did you create something special for ""Not Fit For Human Consumption""?"
7318,6172,0,9,48,57,1.1578947368421053,0.04872737367223956,610,Why in the world did you put bacon in the veggie burgers?
7327,6172,1,7,49,57,1.1578947368421053,0.054780684196477185,610,You got an early release! Warden said the your cooking is terrible
7389,6172,1,7,49,57,1.1578947368421053,0.054780684196477185,610,"I tried, but they told me they go by the book. You're in for 3 years. They don't care if you turn golden brown in two and a half."
7430,6172,1,7,49,57,1.1578947368421053,0.054780684196477185,610,So talk dirty already.
7503,6172,0,9,48,57,1.1578947368421053,0.04872737367223956,610,The broth spoiled. They're charging you with conspiracy.
7518,6172,0,9,48,57,1.1578947368421053,0.04872737367223956,610,Was the torte in the crosswalk or not?
7616,6172,1,7,49,57,1.1578947368421053,0.054780684196477185,610,How many years are you facing for cooking the books?
7639,6172,2,5,50,57,1.1578947368421053,0.06022864581803467,610,The cake I bought here last week had a file in it!
7672,6172,1,7,49,57,1.1578947368421053,0.054780684196477185,610,"Yes, I cooked the steak well done, but I was just falling orders."
7696,6172,2,5,50,57,1.1578947368421053,0.06022864581803467,610,You want a file so you can do what?
7710,6172,3,3,51,57,1.1578947368421053,0.06522312621390028,610,"I said crèmebrûlée, not crime-brûlée"
7712,6172,0,9,48,57,1.1578947368421053,0.04872737367223956,610,I could be in your place but almost no women chefs so far.
7939,6172,1,7,49,57,1.1578947368421053,0.054780684196477185,610,"Hey so, I sold the rights of your story to this new series called Prison Cake..."
3895,6172,0,9,48,57,1.1578947368421053,0.04872737367223956,610,I left your cutlery with the guards. They said you can have them only when you prepare their favorite ossobuco all milanese.
7922,6172,3,3,51,57,1.1578947368421053,0.06522312621390028,610,You look baked.
7914,6172,2,5,50,57,1.1578947368421053,0.06022864581803467,610,Even the capers seem to miss your expert touch.
7776,6172,1,7,49,57,1.1578947368421053,0.054780684196477185,610,It's your own fault for trusting that fish - I told you it had gone bad.
7765,6172,2,5,50,57,1.1578947368421053,0.06022864581803467,610,But why would you serve the president kimchi anyway?
7753,6172,1,7,49,57,1.1578947368421053,0.054780684196477185,610,"Now that they’ve found the photos for your “Cook Like Jeffrey Dahmer on a Budget” recipe collection, we recommend you argue religious freedom."
7751,6172,0,9,48,57,1.1578947368421053,0.04872737367223956,610,What would you rather have?--a cake sporting a rich buttercream frosting or one sporting a file?
7745,6172,1,7,49,57,1.1578947368421053,0.054780684196477185,610,Michelin removed a star since you rarely connect with diners.
7736,6172,2,5,50,57,1.1578947368421053,0.06022864581803467,610,"I ordered medium-rare, not well-done..."
7729,6172,0,9,48,57,1.1578947368421053,0.04872737367223956,610,How about apple pie?
7306,6172,2,5,50,57,1.1578947368421053,0.06022864581803467,610,"God, I miss your eating your world-famous meatloaf every Friday night. It was delightful. Tender, perfectly browned...the eighth wonder of the world. You were the best chef in town, why did you have to go and brutally maim my husband?"
5913,6172,3,3,51,57,1.1578947368421053,0.06522312621390028,610,"Don't tell me, you've moved up from petty theft to prison chef?"
7290,6172,3,3,51,57,1.1578947368421053,0.06522312621390028,610,The warden gave me this outfit when I told him I was a professional crook.
7198,6172,3,3,51,57,1.1578947368421053,0.06522312621390028,610,I will have the felony burger with a side of misdemeanor fries.
6125,6172,1,7,49,57,1.1578947368421053,0.054780684196477185,610,I know you been seeing Martha in there with your panini's and all. Why don't you go tell Steward she can have you for good.
6128,6172,2,5,50,57,1.1578947368421053,0.06022864581803467,610,I told you it was a bad idea to suggest the food you prepare in White House kitchen is as safe as McDonalds'
6163,6172,0,9,48,57,1.1578947368421053,0.04872737367223956,610,They've added time to my sentence because I burnt the bacon again
6210,6172,2,5,50,57,1.1578947368421053,0.06022864581803467,610,"And then he said, ""You put so much ginger in this, it turned into a Weasley."""
6245,6172,1,7,49,57,1.1578947368421053,0.054780684196477185,610,I said I would kill for a bite of your creme brulee.
6269,6172,2,5,50,57,1.1578947368421053,0.06022864581803467,610,I told you not to use the livers of American eagles for your foie gras.
6314,6172,2,5,50,57,1.1578947368421053,0.06022864581803467,610,Maybe a little more salt.
6334,6172,0,9,48,57,1.1578947368421053,0.04872737367223956,610,"They say I broke the 'R'"" rule for shell fish"
6348,6172,2,5,50,57,1.1578947368421053,0.06022864581803467,610,What are you so sad about? 90 cents an hour seems like one hell of a deal!
6435,6172,0,9,48,57,1.1578947368421053,0.04872737367223956,610,i told you the judge wouldn’t be from Chopped!
6502,6172,2,5,50,57,1.1578947368421053,0.06022864581803467,610,I thought the glutin was free.
6507,6172,0,9,48,57,1.1578947368421053,0.04872737367223956,610,You should have shared your recipe with the judge
6596,6172,2,5,50,57,1.1578947368421053,0.06022864581803467,610,I'll have the filet with the black truffles
6620,6172,2,5,50,57,1.1578947368421053,0.06022864581803467,610,What can I say... I thought sun-dried tomatoes were making a come-back...
6741,6172,1,7,49,57,1.1578947368421053,0.054780684196477185,610,"FOR GOOD BEHAVIOR I'M ALLOWED TO DRESS THIS WAY, BUT I STILL HAVE 7 YEARS TO SERVE ."
6886,6172,1,7,49,57,1.1578947368421053,0.054780684196477185,610,"I don’t care that you’ve cooked for Donald Trump, the children won’t eat mushrooms."
6889,6172,1,7,49,57,1.1578947368421053,0.054780684196477185,610,"Lastly, I’ll have the coup de grace."
6927,6172,1,7,49,57,1.1578947368421053,0.054780684196477185,610,I told you the heat was on.
7108,6172,1,7,49,57,1.1578947368421053,0.054780684196477185,610,What did you expect with a one star review?
7110,6172,1,7,49,57,1.1578947368421053,0.054780684196477185,610,People are literally killing to get into your new restaurant.
7120,6172,2,5,50,57,1.1578947368421053,0.06022864581803467,610,"Forgive me, Father, for I have eaten Twinkies."
7144,6172,0,9,48,57,1.1578947368421053,0.04872737367223956,610,I promise not to testify if you give me the recipe for Chicken A L'Orange.
7145,6172,1,7,49,57,1.1578947368421053,0.054780684196477185,610,I'M WARNING YOU: DON'T EXPECT ANY MICHELIN STARS FOR YOUR COOKING THE BOOKS!
7262,6172,2,5,50,57,1.1578947368421053,0.06022864581803467,610,It was a great recipe but a poor presentation. You will die at sunrise.
3841,6172,1,7,49,57,1.1578947368421053,0.054780684196477185,610,I am moving in with the Garde Manger
3930,6172,1,7,49,57,1.1578947368421053,0.054780684196477185,610,"Ok for your famous roast duck, 350 degrees... is that farenheit or celcius?"
3823,6172,0,9,48,57,1.1578947368421053,0.04872737367223956,610,The rat made me do it.
1192,6172,1,7,49,57,1.1578947368421053,0.054780684196477185,610,I invested our savings in a McDonald's franchise.
1222,6172,2,5,50,57,1.1578947368421053,0.06022864581803467,610,So... you gonna serve up some of that dick?
1233,6172,0,9,48,57,1.1578947368421053,0.04872737367223956,610,"All I said to POTUS was""bork bork bork."""
1257,6172,0,9,48,57,1.1578947368421053,0.04872737367223956,610,"Dear, I tried to warn you that cruel and inhumane treatment of kale would some day land you behind bars."
1264,6172,1,7,49,57,1.1578947368421053,0.054780684196477185,610,I hear you do special order hits.
1284,6172,2,5,50,57,1.1578947368421053,0.06022864581803467,610,The flan and quiche are fine but the soufflé really needs you.
1316,6172,2,5,50,57,1.1578947368421053,0.06022864581803467,610,"When you said you were going to see the Butcher and Candlestick maker, I didn't realize it was to Rub-A-Dub-Dub the snitch out."
1400,6172,0,9,48,57,1.1578947368421053,0.04872737367223956,610,Your cream puffs really are out of this world.
1459,6172,1,7,49,57,1.1578947368421053,0.054780684196477185,610,"Sure, the poking will hurt. But once you're fork tender, out you go."
1128,6172,3,3,51,57,1.1578947368421053,0.06522312621390028,610,"Honest, I didn't know the plates were hot."
1460,6172,0,9,48,57,1.1578947368421053,0.04872737367223956,610,I told you putting short ribs in a burger was stupid.
1762,6172,0,9,48,57,1.1578947368421053,0.04872737367223956,610,I know it’s cliche but I need that cake!
1795,6172,2,5,50,57,1.1578947368421053,0.06022864581803467,610,What do you mean a file in the cake? You're the baker.
1875,6172,0,9,48,57,1.1578947368421053,0.04872737367223956,610,"To recap. First the liquid ingredients, then the flour and sugar and then the file."
1923,6172,1,7,49,57,1.1578947368421053,0.054780684196477185,610,"Well, Marty it appears 'flavor town' has a jail."
1952,6172,3,3,51,57,1.1578947368421053,0.06522312621390028,610,He said he wanted to be well done.
1982,6172,1,7,49,57,1.1578947368421053,0.054780684196477185,610,Everything's overcooked.
1989,6172,1,7,49,57,1.1578947368421053,0.054780684196477185,610,"I'm sorry, Morton. As your lawyer, I did warn you that your flourless chocolate torte was criminally delicious."
2042,6172,2,5,50,57,1.1578947368421053,0.06022864581803467,610,"Hello, Long Distance? Is this Amsterdam?"
2075,6172,1,7,49,57,1.1578947368421053,0.054780684196477185,610,Do you think you'll be able to pay the 4-course bail?
1516,6172,1,7,49,57,1.1578947368421053,0.054780684196477185,610,I don't think that the recipe for baba au rhum includes a file.
2124,6172,1,7,49,57,1.1578947368421053,0.054780684196477185,610,"In retrospect, your ramen fixation should've been a warning sign."
1111,6172,1,7,49,57,1.1578947368421053,0.054780684196477185,610,So your cooking really was a crime.
909,6172,1,7,49,57,1.1578947368421053,0.054780684196477185,610,"So, ... what was that file doing in the cake?"
3824,6172,1,7,49,57,1.1578947368421053,0.054780684196477185,610,You can't wear a Chef's Hat at McDonalds!
15,6172,0,9,48,57,1.1578947368421053,0.04872737367223956,610,"""I'm sorry babe, I have to go find another man with a larger (italicized):meat distributor: and clearly your chops ain't big enough for me."
40,6172,2,5,50,57,1.1578947368421053,0.06022864581803467,610,The President is very angry about the pork tartare.
113,6172,1,7,49,57,1.1578947368421053,0.054780684196477185,610,"You messed up, Massimo. Medium rare I said."
127,6172,1,7,49,57,1.1578947368421053,0.054780684196477185,610,At least now you are free to worship as you see fit?
290,6172,1,7,49,57,1.1578947368421053,0.054780684196477185,610,The soufflé squealed.
303,6172,1,7,49,57,1.1578947368421053,0.054780684196477185,610,You never made a damn thing at home always saying you had no time. Well now you got 5 yo 10 years. Lucky me.
332,6172,0,9,48,57,1.1578947368421053,0.04872737367223956,610,I can’t get you on Serial but Guy Fieri is looking for a sous chef.
336,6172,3,3,51,57,1.1578947368421053,0.06522312621390028,610,It doesn't look good. Gordon Ramsay will be hearing the case.
993,6172,1,7,49,57,1.1578947368421053,0.054780684196477185,610,I'm willing to offer 400 degree panslaughter.
344,6172,1,7,49,57,1.1578947368421053,0.054780684196477185,610,They are saying 5 years out in 3 with good flavor
431,6172,1,7,49,57,1.1578947368421053,0.054780684196477185,610,I thought that saying your dinner was a crime was just a figure of speech.
505,6172,0,9,48,57,1.1578947368421053,0.04872737367223956,610,Your saw in the cake plan didn't work.
519,6172,0,9,48,57,1.1578947368421053,0.04872737367223956,610,I had to flush your stash of oregano when the cops showed up.
521,6172,0,9,48,57,1.1578947368421053,0.04872737367223956,610,"They're gonna put the ""sue"" in sous chef."
651,6172,0,9,48,57,1.1578947368421053,0.04872737367223956,610,Sorry about the turmeric from Iran. It's banned.
720,6172,0,9,48,57,1.1578947368421053,0.04872737367223956,610,Maria! Help-a me explain-a to a-them! All I did was the a-salt and the batter!
744,6172,0,9,48,57,1.1578947368421053,0.04872737367223956,610,I brought the dough.
784,6172,0,9,48,57,1.1578947368421053,0.04872737367223956,610,"I believe your story, but that won't get you out of the can."
882,6172,1,7,49,57,1.1578947368421053,0.054780684196477185,610,Rumor is that you over salted the clam chowder.
407,6172,2,5,50,57,1.1578947368421053,0.06022864581803467,610,Cooking brains shouldn't be criminal!
2199,6172,0,9,48,57,1.1578947368421053,0.04872737367223956,610,"I hate to say 'I told you so,' but Death By Chocolate just doesn't belong on your menu."
1361,6172,0,9,48,57,1.1578947368421053,0.04872737367223956,610,"Yeah, but this new outfit has a lot of potential. It has a scarf...a big hat...think, Rodney, think!"
2261,6172,0,9,48,57,1.1578947368421053,0.04872737367223956,610,I've hidden the steal cut oats instructions
3158,6172,2,5,50,57,1.1578947368421053,0.06022864581803467,610,I told you to lay off the powdered sugar.
3182,6172,1,7,49,57,1.1578947368421053,0.054780684196477185,610,Burglary and burgerly are not the same thing.
3185,6172,1,7,49,57,1.1578947368421053,0.054780684196477185,610,"If it’s any conciliation, you were not the only one brought down by #mesous."
3230,6172,1,7,49,57,1.1578947368421053,0.054780684196477185,610,At least you're doing what you always wanted.
3277,6172,2,5,50,57,1.1578947368421053,0.06022864581803467,610,And you felt ‘Bliss’ By Chocolate was too literal?
3290,6172,0,9,48,57,1.1578947368421053,0.04872737367223956,610,Three orders of ‘Gulag Pizza’ to go.
3406,6172,0,9,48,57,1.1578947368421053,0.04872737367223956,610,I said ‘a round cake’ not ‘a cake in the round.’
3416,6172,2,5,50,57,1.1578947368421053,0.06022864581803467,610,Then roast it at 425 degrees for 30 years to life.
3435,6172,2,5,50,57,1.1578947368421053,0.06022864581803467,610,The meal is so bad in the can that they are calling me Darth Baker
3459,6172,1,7,49,57,1.1578947368421053,0.054780684196477185,610,"Look, just become some big guys sous-chef and everything will be fine."
3460,6172,1,7,49,57,1.1578947368421053,0.054780684196477185,610,The children miss your bon bons.
3533,6172,2,5,50,57,1.1578947368421053,0.06022864581803467,610,"I said breaking bread, not breaking bad"
3544,6172,1,7,49,57,1.1578947368421053,0.054780684196477185,610,"With all the new China sanctions, the cost of powdered sugar skyrocketed. In a pinch, I decided to use cocaine on the pastries instead. Though it was cheaper than the sugar, now I'm in here for it. How are the kids?"
3588,6172,0,9,48,57,1.1578947368421053,0.04872737367223956,610,"I thought I was cooking ""puffy"" fish."
3625,6172,1,7,49,57,1.1578947368421053,0.054780684196477185,610,"Yeah, so having a rat run your kitchen is a bad idea.."
3706,6172,1,7,49,57,1.1578947368421053,0.054780684196477185,610,I only confessed to breaking a few eggs.
3768,6172,1,7,49,57,1.1578947368421053,0.054780684196477185,610,"So that's when they said ""throw him in the can"""
3782,6172,0,9,48,57,1.1578947368421053,0.04872737367223956,610,Will you wait for me?
3807,6172,0,9,48,57,1.1578947368421053,0.04872737367223956,610,Next time be more careful about how you sell those brownies to.
2999,6172,2,5,50,57,1.1578947368421053,0.06022864581803467,610,"Wait. Let me show you my 7 page photo spread of ""Kids with Guns'. I think the ones with the AR-15's are really cute...and to think this is just in time to celebrate 'Never Again'...is that funny or what?"
2924,6172,2,5,50,57,1.1578947368421053,0.06022864581803467,610,Wakie wakie eggs and bakie.
3440,6172,1,7,49,57,1.1578947368421053,0.054780684196477185,610,"Wow, you've really grown into Chef Manardee, haven't you?"
2901,6172,2,5,50,57,1.1578947368421053,0.06022864581803467,610,"Sorry, but I didn't know that you could be arrested for a well-done Beef Wellington."
2914,6172,0,9,48,57,1.1578947368421053,0.04872737367223956,610,"If they're all fasting, then what have you been cooking?"
2320,6172,1,7,49,57,1.1578947368421053,0.054780684196477185,610,My lawyer says there's a good chance I'll get out on the banana appeal.
2361,6172,0,9,48,57,1.1578947368421053,0.04872737367223956,610,Just don't try and blame the rat.
2381,6172,0,9,48,57,1.1578947368421053,0.04872737367223956,610,"But first, we need to convince the Butcher and the Candlestick-maker’s widows that it was an accident."
2420,6172,1,7,49,57,1.1578947368421053,0.054780684196477185,610,It was either this or shower attendant...
2476,6172,1,7,49,57,1.1578947368421053,0.054780684196477185,610,Can Grubhub deliver from here?
2554,6172,1,7,49,57,1.1578947368421053,0.054780684196477185,610,"Dammit, Joe, you just told me to bake the file in a cake. No, I didn't use Crème Anglaise."
2563,6172,0,9,48,57,1.1578947368421053,0.04872737367223956,610,I guess the hidden file cake thing is out of the question.
2666,6172,0,9,48,57,1.1578947368421053,0.04872737367223956,610,I would have offered to sneak you a saw in a cake . . .
2669,6172,0,9,48,57,1.1578947368421053,0.04872737367223956,610,Are you sure it was 3 eggs and not 4
2709,6172,2,5,50,57,1.1578947368421053,0.06022864581803467,610,"Don't you think you've taken ""Iron"" too far?"
2618,6172,0,9,48,57,1.1578947368421053,0.04872737367223956,610,The food must be terrible here.
2868,6172,0,9,48,57,1.1578947368421053,0.04872737367223956,610,I still don't think not getting two stars is worth 5 to 10.
2828,6172,2,5,50,57,1.1578947368421053,0.06022864581803467,610,"Sweetie, exactly how do I bake the file into the cake?"
2829,6172,0,9,48,57,1.1578947368421053,0.04872737367223956,610,I told you to cook the leg of lamb afterwards...
2854,6172,1,7,49,57,1.1578947368421053,0.054780684196477185,610,"I’m sorry honey, they confiscated my paprika."
2306,6172,1,7,49,57,1.1578947368421053,0.054780684196477185,610,I'm gluten for punishment.
2718,6172,1,7,49,57,1.1578947368421053,0.054780684196477185,610,Heard you were cutting up in here.
2870,6172,2,5,50,57,1.1578947368421053,0.06022864581803467,610,You might get out earlier with good flavor.
2899,6172,0,9,48,57,1.1578947368421053,0.04872737367223956,610,... and a bottle of lemonade. Do you deliver?
3000,6371,1,8,55,64,1.15625,0.05087893153952011,610,"Sorry, Chef. I got you a Ruger SR9C. Your Santoku didn't fit into my purse."
3952,6372,0,9,49,58,1.1551724137931034,0.04795720603166536,610,Are the officers enjoying your cooking?
3777,6372,1,7,50,58,1.1551724137931034,0.05389670015798332,610,"Giuseppe, I told you to tape the lobster's mouth shut."
3757,6372,0,9,49,58,1.1551724137931034,0.04795720603166536,610,"No one in better position to flip, do it."
3688,6372,0,9,49,58,1.1551724137931034,0.04795720603166536,610,I've been sleeping with a British palace guard.
3528,6372,1,7,50,58,1.1551724137931034,0.05389670015798332,610,No Chef! I did not say your popovers were a crime!
3476,6372,2,5,51,58,1.1551724137931034,0.05924369135592007,610,It’s all in the presentation Pierre. Arrange the bread to enhance the appeal.
3001,6372,1,7,50,58,1.1551724137931034,0.05389670015798332,610,I ordered ham and cheese on rye!
3242,6372,0,9,49,58,1.1551724137931034,0.04795720603166536,610,You'll probably have an easier time making friends without the cosplay.
2418,6372,2,5,51,58,1.1551724137931034,0.05924369135592007,610,The file in the cake didn't make it through the scanner. Try again later.
2932,6372,2,5,51,58,1.1551724137931034,0.05924369135592007,610,"Yes, I know he ordered his steak well-done, but that doesn't excuse a charge of assault and battery."
3241,6372,2,5,51,58,1.1551724137931034,0.05924369135592007,610,I had warned you not to serve the foie gras.
3006,6372,1,7,50,58,1.1551724137931034,0.05389670015798332,610,Okay! Not again! I know. So the judge was Gaspard Moreau but your crepes were really bad.
3403,6372,0,9,49,58,1.1551724137931034,0.04795720603166536,610,They found 200 baguettes at the bottom of the river.
4047,6372,0,9,49,58,1.1551724137931034,0.04795720603166536,610,"Basil, you get the kids, but I'm keeping the Grand Palais oven."
5804,6372,1,7,50,58,1.1551724137931034,0.05389670015798332,610,I ordered toad-in-a-hole; not Todd in a hole.
4799,6372,1,7,50,58,1.1551724137931034,0.05389670015798332,610,I distinctly remember telling you that “death by chocolate” is only a catchphrase.
7319,6372,0,9,49,58,1.1551724137931034,0.04795720603166536,610,I hope you're not cooking up trouble in there~!
6975,6372,2,5,51,58,1.1551724137931034,0.05924369135592007,610,"Its not you, its me"
6540,6372,1,7,50,58,1.1551724137931034,0.05389670015798332,610,"He thought I said we plan to heist the dough ( in a Brooklyn accent) what I really said was ""We need to hoist the dough"""
1972,6372,2,5,51,58,1.1551724137931034,0.05924369135592007,610,Your lawyer says he kneads more money.
6501,6372,2,5,51,58,1.1551724137931034,0.05924369135592007,610,"The judge said 2-3 YEARS, not 2-3 hours!!!!!"
7839,6372,2,5,51,58,1.1551724137931034,0.05924369135592007,610,"Yeah, well, now we're both eating food that's criminal."
7902,6372,0,9,49,58,1.1551724137931034,0.04795720603166536,610,"Check your math again, I don't see how five to ten will get you one Michelin star."
6224,6372,1,7,50,58,1.1551724137931034,0.05389670015798332,610,The Food Channel nixed the idea of a Cake Baking-with-Hacksaws Championship
5788,6372,3,3,52,58,1.1551724137931034,0.06414651699844254,610,I told you they would figure out what was in it.
5640,6372,2,5,51,58,1.1551724137931034,0.05924369135592007,610,I SEE MY OOSE IS COOKED.
5630,6372,0,9,49,58,1.1551724137931034,0.04795720603166536,610,"Don't worry, I sold the restaurant for bail money."
5325,6372,1,7,50,58,1.1551724137931034,0.05389670015798332,610,"And I realized I left the wantons in."" ""*gasp* the wantons!"
5324,6372,1,7,50,58,1.1551724137931034,0.05389670015798332,610,Shh.....what about baking soda?
5227,6372,1,7,50,58,1.1551724137931034,0.05389670015798332,610,What do you mean you can’t find a file?
4987,6372,0,9,49,58,1.1551724137931034,0.04795720603166536,610,"Oh honey, three more counts of intermittent fasting. Tell me it isn’t true."
4285,6372,2,5,51,58,1.1551724137931034,0.05924369135592007,610,But I have a Groupon.
1852,6372,1,7,50,58,1.1551724137931034,0.05389670015798332,610,You got what you deserved. You burned down the bakery & now our business is toast!
1281,6372,1,7,50,58,1.1551724137931034,0.05389670015798332,610,Life without struggle is meaningless.
1730,6372,0,9,49,58,1.1551724137931034,0.04795720603166536,610,"The network called and they're revoking your ""Chopped Champion"" title..."
1809,6372,1,7,50,58,1.1551724137931034,0.05389670015798332,610,Knife-a-roni? I’ll bring a box next week.
63,6372,1,7,50,58,1.1551724137931034,0.05389670015798332,610,"I'm sorry honey, but I did warn you the Judge was serious when he said medium rare."
92,6372,1,7,50,58,1.1551724137931034,0.05389670015798332,610,Cute cooks never lack friends.
301,6372,2,5,51,58,1.1551724137931034,0.05924369135592007,610,"We can't raise enough dough to get you out, Antoine."
343,6372,1,7,50,58,1.1551724137931034,0.05389670015798332,610,I swear if you don't stop telling me how to make it you're not getting that file.
452,6372,0,9,49,58,1.1551724137931034,0.04795720603166536,610,And the worst part is there is no Atlantic Salt!
421,6372,0,9,49,58,1.1551724137931034,0.04795720603166536,610,"""I know, years ago before there was a Chef's prison, you could have gotten away with serving fish with strawberries""."
534,6372,2,5,51,58,1.1551724137931034,0.05924369135592007,610,Why would I ruin your famous cake recipe with an iron file in the middle?
644,6372,0,9,49,58,1.1551724137931034,0.04795720603166536,610,Snoop Dog may be interested in a podcast.
852,6372,2,5,51,58,1.1551724137931034,0.05924369135592007,610,But it's been preheated for the last seven years.
1094,6372,1,7,50,58,1.1551724137931034,0.05389670015798332,610,How was I to know that marzipan contained nuts!
1117,6372,2,5,51,58,1.1551724137931034,0.05924369135592007,610,It's not the file I need help with….
1636,6372,2,5,51,58,1.1551724137931034,0.05924369135592007,610,"The charges are half-baked, but, my dear, the attorney says you’re cooked."
531,6372,2,5,51,58,1.1551724137931034,0.05924369135592007,610,I asked your boss to not get in a stew
4402,6421,1,7,51,59,1.152542372881356,0.05304056717493127,610,Well I checked. “ He asked for his steak butterflied and burnt” is not a justifiable defense.
7898,6421,0,9,50,59,1.152542372881356,0.04721067919755555,610,"So, what's cookin'? So, what's cookin""?"
7893,6421,0,9,50,59,1.152542372881356,0.04721067919755555,610,"No, dear; sorry. I've moved on to the butcher."
5911,6421,2,5,52,59,1.152542372881356,0.058290267645485117,610,My soufflé keeps falling.
2262,6421,2,5,52,59,1.152542372881356,0.058290267645485117,610,"Yes, your meal was so disappointing it was a crime."
4430,6421,0,9,50,59,1.152542372881356,0.04721067919755555,610,I said to go easy on the salt.
7157,6427,1,7,52,60,1.15,0.05221100171960861,610,"Our son? I couldn’t catch him. He just ran, ran as fast as he can."
6080,6427,0,9,51,60,1.15,0.046486739497974515,610,If you weren’t the chef I could bring you a cake with a file in it.
4457,6429,1,6,48,55,1.1454545454545455,0.05454545454545457,610,See what your cooking the books has put you.
5028,6429,0,8,47,55,1.1454545454545455,0.04797713974560777,610,I understand. The dough is in the dough.
5095,6429,1,6,48,55,1.1454545454545455,0.05454545454545457,610,"Honey, you can't go around slugging restaurant critics."
5191,6429,0,8,47,55,1.1454545454545455,0.04797713974560777,610,I think you sous vided my heart
5194,6429,0,8,47,55,1.1454545454545455,0.04797713974560777,610,WHAT did you cook up this time?
5198,6429,0,8,47,55,1.1454545454545455,0.04797713974560777,610,"Sorry. I should've been more clear that your pasta primavera was ""like"" murder."
5200,6429,1,6,48,55,1.1454545454545455,0.05454545454545457,610,You shouldn't have poisoned the chicken
7810,6429,3,2,50,55,1.1454545454545455,0.06574198018292114,610,"Paula, did you seriously just carve your initials into the wall next you?"
5231,6429,1,6,48,55,1.1454545454545455,0.05454545454545457,610,I spoke to your lawyer. Your goose is cooked...but it's in a Bernaise sauce.
5276,6429,1,6,48,55,1.1454545454545455,0.05454545454545457,610,"Whatever you do, do not yell ""bam!"""
5280,6429,0,8,47,55,1.1454545454545455,0.04797713974560777,610,Your cake was murder.
3880,6429,1,6,48,55,1.1454545454545455,0.05454545454545457,610,It is best that we don't talk about who were cooking with.
5314,6429,0,8,47,55,1.1454545454545455,0.04797713974560777,610,"You had every right, his opinion on your steak frites was so off the mark!"
5340,6429,0,8,47,55,1.1454545454545455,0.04797713974560777,610,"I tried sneaking cake ingredients in a hollow metal file, but they found them."
5361,6429,1,6,48,55,1.1454545454545455,0.05454545454545457,610,"No, my dear, your recipe didn't cut the cheese."
5379,6429,0,8,47,55,1.1454545454545455,0.04797713974560777,610,"I know we're only talking about the Food Network TV show, but perhaps we shouldn't say the word, ""chopped"" too loudly..."
5399,6429,1,6,48,55,1.1454545454545455,0.05454545454545457,610,"Yes, I said you could cook anything.....but not the books!"
5411,6429,0,8,47,55,1.1454545454545455,0.04797713974560777,610,It was a flavor explosion.
5577,6429,1,6,48,55,1.1454545454545455,0.05454545454545457,610,I TOLD them it was a chef’s knife. They still said “no”!
5599,6429,0,8,47,55,1.1454545454545455,0.04797713974560777,610,That's not what the warden meant when she said we need to improve our diet policy
4993,6429,2,4,49,55,1.1454545454545455,0.06040370257667094,610,"I'll get a frozen one, Henry. Fresh chicken will spoil by your release date."
4941,6429,1,6,48,55,1.1454545454545455,0.05454545454545457,610,A cake with a file inside? But you're the baker!
4928,6429,0,8,47,55,1.1454545454545455,0.04797713974560777,610,I’ve fallen for the sous-chef. And for that reason - you’re chopped!
4439,6429,1,6,48,55,1.1454545454545455,0.05454545454545457,610,"The food was great, but the parking was murder appeal isn't going so well."
4477,6429,1,6,48,55,1.1454545454545455,0.05454545454545457,610,Your killer brownies have been charged with capital murder.
4512,6429,2,4,49,55,1.1454545454545455,0.06040370257667094,610,"First the DA indicted your ham sandwich, now he indicted you."
4548,6429,1,6,48,55,1.1454545454545455,0.05454545454545457,610,"Tell me, just what IS a bake robbery?"
4550,6429,1,6,48,55,1.1454545454545455,0.05454545454545457,610,"I warned you not to take one toque over the line, me cherie."
4579,6429,1,6,48,55,1.1454545454545455,0.05454545454545457,610,I may be a little late for dinner tonight.
4587,6429,1,6,48,55,1.1454545454545455,0.05454545454545457,610,"I'm sorry, buy they killed the PRISONER CHIEF idea at Food Network."
4647,6429,1,6,48,55,1.1454545454545455,0.05454545454545457,610,Just try to restrain yourself with the 'killer' sauce.
4666,6429,1,6,48,55,1.1454545454545455,0.05454545454545457,610,You’re kind of like Great British Bake Off meets Shawshank Redemption.
4669,6429,1,6,48,55,1.1454545454545455,0.05454545454545457,610,I assume that the whole menu is prix fixe?
4939,6429,0,8,47,55,1.1454545454545455,0.04797713974560777,610,What did you do to the tiramisu?
4736,6429,1,6,48,55,1.1454545454545455,0.05454545454545457,610,"the jailed chef listed his complaints on his ""whine"" list"
4107,6429,0,8,47,55,1.1454545454545455,0.04797713974560777,610,You’re cooked. That well done steak actually was a crime.
5617,6429,1,6,48,55,1.1454545454545455,0.05454545454545457,610,"They say you have to serve 25-13, but with time off, only the warden and his family"
4088,6429,0,8,47,55,1.1454545454545455,0.04797713974560777,610,"Will you be paroled in time for the ""Jail House-Rock-Lobster Cook Off""?"
4056,6429,2,4,49,55,1.1454545454545455,0.06040370257667094,610,"Jerry, I’m leaving you, it takes forever to get served around here"
4016,6429,0,8,47,55,1.1454545454545455,0.04797713974560777,610,"No, dusting the chicken has nothing to do with fingerprints."
4878,6429,1,6,48,55,1.1454545454545455,0.05454545454545457,610,"Oh, THAT kind of file."
4888,6429,0,8,47,55,1.1454545454545455,0.04797713974560777,610,I'd like a glass of chianti and an order of fava beans.
4903,6429,0,8,47,55,1.1454545454545455,0.04797713974560777,610,What if the cake is shaped like a file to make it really meta.
4905,6429,1,6,48,55,1.1454545454545455,0.05454545454545457,610,"I'm sorry, okay?! I work with extra virgin's all day!"
4431,6429,1,6,48,55,1.1454545454545455,0.05454545454545457,610,I liked you better in your gym-suit.
5638,6429,1,6,48,55,1.1454545454545455,0.05454545454545457,610,"""Why don't we tweet, like everybody else?'"
5960,6429,0,8,47,55,1.1454545454545455,0.04797713974560777,610,"Honey, you gotta get out of there quick. The kids have already lost 10 pounds due to my cooking."
5714,6429,1,6,48,55,1.1454545454545455,0.05454545454545457,610,"You’ll be finished roasting, in about 20 years."
6612,6429,1,6,48,55,1.1454545454545455,0.05454545454545457,610,"The appeals court agreed: souffles are people, too."
6639,6429,0,8,47,55,1.1454545454545455,0.04797713974560777,610,Delivery time is 15 to 20.
3718,6429,2,4,49,55,1.1454545454545455,0.06040370257667094,610,"Henry, this is ridiculous! The recipe's not that good."
6773,6429,0,8,47,55,1.1454545454545455,0.04797713974560777,610,I’m sorry honey the judge denied your request for a Sous-vide.
6775,6429,0,8,47,55,1.1454545454545455,0.04797713974560777,610,You wanred me to tell you when your goose was cooked.
6770,6429,2,4,49,55,1.1454545454545455,0.06040370257667094,610,I'm not smuggling in any more truffles. Get your girlfriend to bring your smack!
6644,6429,0,8,47,55,1.1454545454545455,0.04797713974560777,610,"We strongly believe in the germ theory, Madam."
6968,6429,0,8,47,55,1.1454545454545455,0.04797713974560777,610,At least they like my cooking.
7073,6429,1,6,48,55,1.1454545454545455,0.05454545454545457,610,I told you the chili was hot.
6585,6429,0,8,47,55,1.1454545454545455,0.04797713974560777,610,I told you to add to just the doughnuts since she’s the only one who eats those
7148,6429,1,6,48,55,1.1454545454545455,0.05454545454545457,610,"It's your own fault Harold, you should have never stolen that bouillabaisse recipe."
7305,6429,0,8,47,55,1.1454545454545455,0.04797713974560777,610,Chef sentenced for using Betty Crooker’s Recipes in making dough rise in his pockets.
7370,6429,1,6,48,55,1.1454545454545455,0.05454545454545457,610,I told you that hedgehog was not gourmet.
7427,6429,1,6,48,55,1.1454545454545455,0.05454545454545457,610,I screwed up on the Mochi recipe. Thought I could improve it. The Feds swopped down and confiscated my oven. I pled no contest and got six months.
7515,6429,1,6,48,55,1.1454545454545455,0.05454545454545457,610,"Good news, the fish sustained minor injuries..."
7604,6429,0,8,47,55,1.1454545454545455,0.04797713974560777,610,"Re: ""Viva VEGAN Vegas"" vs. ""Luaus R Us"" You were hired to provide 10 delicious Vegan appetizers. The judged ruled 10 to 20 years for the Spit Roasted Pig Extravaganza you displayed instead."
7608,6429,1,6,48,55,1.1454545454545455,0.05454545454545457,610,"Once again, your hat exceeded our guests' expectations."
7731,6429,1,6,48,55,1.1454545454545455,0.05454545454545457,610,We're all pretty hungry.
7744,6429,1,6,48,55,1.1454545454545455,0.05454545454545457,610,"Your ""Death By Chocolate"" was to die for..."
7803,6429,0,8,47,55,1.1454545454545455,0.04797713974560777,610,The cops say to embezzled a lot of dough.
7298,6429,0,8,47,55,1.1454545454545455,0.04797713974560777,610,"But I did just like you said, the filé is in the cake."
6574,6429,1,6,48,55,1.1454545454545455,0.05454545454545457,610,I told you not to serve human meat.
6572,6429,2,4,49,55,1.1454545454545455,0.06040370257667094,610,"it’s true, i never liked he way you made my eggs."
6535,6429,0,8,47,55,1.1454545454545455,0.04797713974560777,610,"Yes Harold, I know there's an underserved population of New Yorkers who really like rare pork. But did you have to name the new restaurant ""You Can Still Hear It Squeal""?"
5717,6429,0,8,47,55,1.1454545454545455,0.04797713974560777,610,...but don't you think they will suspect a file in a cake.
5720,6429,0,8,47,55,1.1454545454545455,0.04797713974560777,610,You DID always want to be known your killer souffle.
5724,6429,2,4,49,55,1.1454545454545455,0.06040370257667094,610,"Take the deal, Johnny. It's only two years in Yelp jail."
5736,6429,2,4,49,55,1.1454545454545455,0.06040370257667094,610,"Repeat after me, ""I will never again lie about gluten-free."""
5769,6429,2,4,49,55,1.1454545454545455,0.06040370257667094,610,I told you not to fight vegans when they broke into the kitchen.
5777,6429,1,6,48,55,1.1454545454545455,0.05454545454545457,610,"Do I have to explain again? I told you the cake is for me, the hacksaw is for my cellmate!"
5878,6429,0,8,47,55,1.1454545454545455,0.04797713974560777,610,Your whole life has just gone up in flames.
5932,6429,1,6,48,55,1.1454545454545455,0.05454545454545457,610,I have a file but you did all the baking.
5944,6429,1,6,48,55,1.1454545454545455,0.05454545454545457,610,And I'm left to explain to everyone that it was the Haggis?
5986,6429,1,6,48,55,1.1454545454545455,0.05454545454545457,610,"I'm the lead in the ""Lamb Shank Redemption""."
6079,6429,3,2,50,55,1.1454545454545455,0.06574198018292114,610,The zucchini had a good lawyer.
6093,6429,0,8,47,55,1.1454545454545455,0.04797713974560777,610,I left the file on my hard drive.
6113,6429,0,8,47,55,1.1454545454545455,0.04797713974560777,610,This is more humiliating than having my mugshot on Bloomberg News.
6232,6429,1,6,48,55,1.1454545454545455,0.05454545454545457,610,"Whatever happens, don’t tell hem where you stashed the dough!"
6255,6429,1,6,48,55,1.1454545454545455,0.05454545454545457,610,"So my fortune cookie said, “come to jail, takeout for free.”"
6258,6429,0,8,47,55,1.1454545454545455,0.04797713974560777,610,"They got me on ""no salt"" and ""buttery""."
6268,6429,1,6,48,55,1.1454545454545455,0.05454545454545457,610,I have taken all the dough
6294,6429,2,4,49,55,1.1454545454545455,0.06040370257667094,610,You’re in luck. Your case has been assigned to the Chef Judge.
6332,6429,0,8,47,55,1.1454545454545455,0.04797713974560777,610,They're saying your soup du jour is a crime de jure.
6410,6429,1,6,48,55,1.1454545454545455,0.05454545454545457,610,Maybe if you had given the customer a baker's dozen you wouldn't be here.
6436,6429,0,8,47,55,1.1454545454545455,0.04797713974560777,610,You're charged with murder by chocolate
5657,6429,1,6,48,55,1.1454545454545455,0.05454545454545457,610,"Some activist group took great exception to your quip ""beat those eggs senseless"" during your last taping. Not to worry, we'll have you back in the kitchen in no time."
3686,6429,1,6,48,55,1.1454545454545455,0.05454545454545457,610,I told you it was criminal to put catsup on a hot dog!
3826,6429,0,8,47,55,1.1454545454545455,0.04797713974560777,610,"I told you the President enjoys the Yellow Peepers in his Easter baskets, not the Blue Peepers."
3602,6429,1,6,48,55,1.1454545454545455,0.05454545454545457,610,Someone in the bakery complained there was a file in her cake.
838,6429,2,4,49,55,1.1454545454545455,0.06040370257667094,610,They told me you killed French cuisine.
853,6429,3,2,50,55,1.1454545454545455,0.06574198018292114,610,And I also have a bit of bad news ... I left your cake out in the rain.
861,6429,0,8,47,55,1.1454545454545455,0.04797713974560777,610,"I tried baking your signature soufflé with a file inside, but it collapsed."
879,6429,1,6,48,55,1.1454545454545455,0.05454545454545457,610,You'r hat has more rise than your souffle
933,6429,1,6,48,55,1.1454545454545455,0.05454545454545457,610,I told you to leave the books alone.
935,6429,1,6,48,55,1.1454545454545455,0.05454545454545457,610,"""I thought you meant the wings were atomic""."
1028,6429,1,6,48,55,1.1454545454545455,0.05454545454545457,610,...and McDonalds doesn't want you back as a burger flipper.
815,6429,1,6,48,55,1.1454545454545455,0.05454545454545457,610,If you request a file as part of your ingredients for your next cake recipe they may not notice.
1051,6429,1,6,48,55,1.1454545454545455,0.05454545454545457,610,"And they thought the Russian spy did it. Honey, face it; you weren’t meant to be a chef."
1338,6429,1,6,48,55,1.1454545454545455,0.05454545454545457,610,"Look at it this way honey, you’re still the chef, just only serving time for now!"
1364,6429,3,2,50,55,1.1454545454545455,0.06574198018292114,610,Think of it as an Automat in Attica.
1423,6429,1,6,48,55,1.1454545454545455,0.05454545454545457,610,"This jumpsuit's KILLING me!"" ""Well, it's better than what you don't wear at home"
1493,6429,1,6,48,55,1.1454545454545455,0.05454545454545457,610,You should know that I had Sal's blue plate special.
1519,6429,0,8,47,55,1.1454545454545455,0.04797713974560777,610,"I told you, already... they don't serve rotisserie Jailbird here."
1527,6429,1,6,48,55,1.1454545454545455,0.05454545454545457,610,The Times reports that the prosecutor has asked for “death by chocolate.”
1547,6429,1,6,48,55,1.1454545454545455,0.05454545454545457,610,Bake me a vanilla cake with a chisel in it.
1309,6429,2,4,49,55,1.1454545454545455,0.06040370257667094,610,Bad news: they found Boyardee's body buried in your back yard.
1616,6429,1,6,48,55,1.1454545454545455,0.05454545454545457,610,I guess you thought they weren’t going to think you had anything to do with the razor blades?
806,6429,2,4,49,55,1.1454545454545455,0.06040370257667094,610,Bake me a cake with imbedded escape claws.
685,6429,0,8,47,55,1.1454545454545455,0.04797713974560777,610,Unexpected raisins are a crime against God and humanity.
3604,6429,1,6,48,55,1.1454545454545455,0.05454545454545457,610,"Next time, forego the Fugu"
10,6429,0,8,47,55,1.1454545454545455,0.04797713974560777,610,"Just make the soufflé already, so you can get out of here."
18,6429,0,8,47,55,1.1454545454545455,0.04797713974560777,610,You are kidding about a file in the next loaf of bread?
37,6429,1,6,48,55,1.1454545454545455,0.05454545454545457,610,"Well, why would you request a Baked Alaska? You should see the inside of my purse."
38,6429,1,6,48,55,1.1454545454545455,0.05454545454545457,610,"Oh I'm terribly sorry, they fetched you? No, it's Shef. S-H-E-F."
77,6429,2,4,49,55,1.1454545454545455,0.06040370257667094,610,Your goose is cooked.
135,6429,2,4,49,55,1.1454545454545455,0.06040370257667094,610,I TOLD you there was way too much salt.
794,6429,1,6,48,55,1.1454545454545455,0.05454545454545457,610,"I'm sorry the Kimodo Dragon meal didn't work out, but Marlon Brando got home ok.."
139,6429,2,4,49,55,1.1454545454545455,0.06040370257667094,610,"There's no point in having the inmate bake a file into a cake and smuggle it to someone on the outside. Besides, I have plenty of files already."
351,6429,0,8,47,55,1.1454545454545455,0.04797713974560777,610,Let him fry!
392,6429,0,8,47,55,1.1454545454545455,0.04797713974560777,610,Mr. Humm I told you that your Smoked-Sturgeon Cheesecake With Caviar was sinful.
404,6429,0,8,47,55,1.1454545454545455,0.04797713974560777,610,I thought I married an aspiring lawyer not a cupcake artist.
500,6429,1,6,48,55,1.1454545454545455,0.05454545454545457,610,"Woman: I know you just got sentenced for 5 years, but I'm still going to need my weekly order of 8 bear claws sent to my house tomorrow afternoon."
570,6429,1,6,48,55,1.1454545454545455,0.05454545454545457,610,The footprints leading to the pantry were carbon.
588,6429,1,6,48,55,1.1454545454545455,0.05454545454545457,610,I thought the hat would help you keep your cool.
684,6429,1,6,48,55,1.1454545454545455,0.05454545454545457,610,How many times I have told you not to put ketchup on your hot dog?
197,6429,1,6,48,55,1.1454545454545455,0.05454545454545457,610,"I can't wait that long. You know I've forgotten how to even boil an egg, right?"
1640,6429,1,6,48,55,1.1454545454545455,0.05454545454545457,610,I told you putting bon bons on the pizza was a bad idea.
35,6429,0,8,47,55,1.1454545454545455,0.04797713974560777,610,"I'll have the Never Again . . . in the kitchen . . . that's a joke."""
1734,6429,1,6,48,55,1.1454545454545455,0.05454545454545457,610,"You shouldn't have shouted, ""Now its time for the OPEN FIRE."""
2831,6429,0,8,47,55,1.1454545454545455,0.04797713974560777,610,I couldn’t help it. My streudel was to die for!
2877,6429,1,6,48,55,1.1454545454545455,0.05454545454545457,610,I told them “chief” not “chef”.
2903,6429,1,6,48,55,1.1454545454545455,0.05454545454545457,610,I assume this isn't a great time...?
2956,6429,1,6,48,55,1.1454545454545455,0.05454545454545457,610,I told them the nutmeg and the gun were mine.
2998,6429,0,8,47,55,1.1454545454545455,0.04797713974560777,610,How were you to know that Chef recommending quadrants was illegal?
3132,6429,1,6,48,55,1.1454545454545455,0.05454545454545457,610,You will never get out of here if you keep insisting gluten is not really a thing.
3189,6429,1,6,48,55,1.1454545454545455,0.05454545454545457,610,I'm OK. Don't really miss you. But I miss your Wiener Schnitzel dish...
3193,6429,1,6,48,55,1.1454545454545455,0.05454545454545457,610,Turns out it was half baked.
3214,6429,1,6,48,55,1.1454545454545455,0.05454545454545457,610,It doesn't look good–they're charging felony salt and bittery.
3265,6429,1,6,48,55,1.1454545454545455,0.05454545454545457,610,Your last meal will be the one you served.
3275,6429,0,8,47,55,1.1454545454545455,0.04797713974560777,610,"I told you, trying to make risotto on ""Chopped"" is now illegal."
3463,6429,2,4,49,55,1.1454545454545455,0.06040370257667094,610,"Guess what, I've never cooked a goose before!"
3469,6429,1,6,48,55,1.1454545454545455,0.05454545454545457,610,"We shouldn't have watched ""The Cook, the Thief, His Wife & Her Lover"""
3490,6429,1,6,48,55,1.1454545454545455,0.05454545454545457,610,It was the gum sous chef who turned you in.
3542,6429,1,6,48,55,1.1454545454545455,0.05454545454545457,610,I said gluten free.
2809,6429,0,8,47,55,1.1454545454545455,0.04797713974560777,610,What's for dinner?
2683,6429,1,6,48,55,1.1454545454545455,0.05454545454545457,610,Finally your dream has come true.
3145,6429,0,8,47,55,1.1454545454545455,0.04797713974560777,610,I warned you not to over cook the books!
2483,6429,0,8,47,55,1.1454545454545455,0.04797713974560777,610,I told you that your fish and pineapple dish was a crime.
1750,6429,2,4,49,55,1.1454545454545455,0.06040370257667094,610,We should have known better than making the chicken crispier with my lint laden blow drier like you saw in the New Yorker. Helen Rosner should be in here too.
2507,6429,0,8,47,55,1.1454545454545455,0.04797713974560777,610,Bad news. The lawyer says 'rape of cuisine' is actually a crime in France.
1761,6429,2,4,49,55,1.1454545454545455,0.06040370257667094,610,At least you are learning BBQ rather than B&E
1794,6429,1,6,48,55,1.1454545454545455,0.05454545454545457,610,You always say it yourself - no substitutions.
1796,6429,0,8,47,55,1.1454545454545455,0.04797713974560777,610,She said she wanted the steak rare with no blood. So I stepped on it. What's the big deal?
1890,6429,1,6,48,55,1.1454545454545455,0.05454545454545457,610,You really thought you'd get away with beating those eggs?
1920,6429,0,8,47,55,1.1454545454545455,0.04797713974560777,610,I put a file in the cake just like you asked? And I put clippers in too?...
1988,6429,0,8,47,55,1.1454545454545455,0.04797713974560777,610,"They have agreed to drop the catsup and cottage cheese charges, but are still going to prosecute the spaghettiOs on toast. Also, Henri you have to turn your toque blanch."
1755,6429,1,6,48,55,1.1454545454545455,0.05454545454545457,610,Do you have the money in your hat?
1722,6429,2,4,49,55,1.1454545454545455,0.06040370257667094,610,"So what you're NOT saying is, I flew to this French prison from New Jersey and not only are you not going to talk, you're also going to mime and tell me you're a chef now...I wish I could hit you with my purse Richard"
2003,6429,1,6,48,55,1.1454545454545455,0.05454545454545457,610,"Although a good idea, I told you that you would get caught if you tried to poison the president."
2142,6429,0,8,47,55,1.1454545454545455,0.04797713974560777,610,Can i have a risotto to go?
2230,6429,0,8,47,55,1.1454545454545455,0.04797713974560777,610,Usually people love my cyanide short ribs
2243,6429,0,8,47,55,1.1454545454545455,0.04797713974560777,610,"The last chef judge just died, but the ratings were great. Your last recipe will always be remembered darling."
2300,6429,2,4,49,55,1.1454545454545455,0.06040370257667094,610,And I'd like it to go of course
2402,6429,1,6,48,55,1.1454545454545455,0.05454545454545457,610,We should sit in the non-kosher car.
1999,6429,0,8,47,55,1.1454545454545455,0.04797713974560777,610,I'm sick of the daily grinder.
2405,6429,0,8,47,55,1.1454545454545455,0.04797713974560777,610,I promise I’ll take you back if you don’t steal another recipe from me.
3449,6603,0,8,48,56,1.1428571428571428,0.047184161362558326,610,The judge denied using the talking rat as a character witness.
4428,6603,1,6,49,56,1.1428571428571428,0.053625513823539174,610,The icing on the cake is they're placing me in solitaire.
4650,6603,1,6,49,56,1.1428571428571428,0.053625513823539174,610,I am going to slip you file. Would you bake a Birthday Cake with the file in it and give it to Jack? He will be 27 on Saturday.
4595,6606,1,6,50,57,1.1403508771929824,0.05273590328947571,610,"The soup, Herman? Why the soup?"
5316,6607,0,7,45,52,1.1346153846153846,0.04779328093727965,610,The best I can do is get the charges reduced to burning in the second degree.
5288,6607,2,3,47,52,1.1346153846153846,0.0615832227858564,610,You oversalted! Did you re-season? No!
5279,6607,1,5,46,52,1.1346153846153846,0.055121189353288455,610,I’ve joined ISIS.
5337,6607,0,7,45,52,1.1346153846153846,0.04779328093727965,610,So you're in for not locally sourcing your chicken at an Los Angeles restaurant?
5261,6607,0,7,45,52,1.1346153846153846,0.04779328093727965,610,Shouldn't I be baking you a cake with a file in it?
5237,6607,0,7,45,52,1.1346153846153846,0.04779328093727965,610,Get over it. You deserve 90 days for that gooey omelet.
5221,6607,1,5,46,52,1.1346153846153846,0.055121189353288455,610,The prosecution is talking about roasting you. Your lawyer says you've got to do 15 to 25 at 350 or you will bake.
5161,6607,0,7,45,52,1.1346153846153846,0.04779328093727965,610,"No, I don't think they will sentence you to 'life by chocolate'"
5153,6607,1,5,46,52,1.1346153846153846,0.055121189353288455,610,"The popovers blew up in the subway. Sorry, dear."
5143,6607,0,7,45,52,1.1346153846153846,0.04779328093727965,610,"The lawyer tasted the sauce. If you agree to plead guilty, he thinks he can get you off with five to tens years"
5094,6607,0,7,45,52,1.1346153846153846,0.04779328093727965,610,How many cups to cover the knife?
5084,6607,0,7,45,52,1.1346153846153846,0.04779328093727965,610,"Next time, dear, go easy on the habaneros, OK?"
5263,6607,0,7,45,52,1.1346153846153846,0.04779328093727965,610,"Sorry, I found someone who makes better meatloaf."
5228,6607,0,7,45,52,1.1346153846153846,0.04779328093727965,610,Ratatouille: Where are they now?
5791,6607,0,7,45,52,1.1346153846153846,0.04779328093727965,610,Don't you qualify for early parole for good mac and cheese?
5368,6607,1,5,46,52,1.1346153846153846,0.055121189353288455,610,You only gave 12?!
5829,6607,1,5,46,52,1.1346153846153846,0.055121189353288455,610,"Honey, I still don’t think your silly knives can be deadly weapons."
5823,6607,1,5,46,52,1.1346153846153846,0.055121189353288455,610,"Ok, honey. You're employees need to know what cake to bake the file in?"
5018,6607,1,5,46,52,1.1346153846153846,0.055121189353288455,610,How do you sous vide a steak?
5685,6607,0,7,45,52,1.1346153846153846,0.04779328093727965,610,Let's get it straight. I send you the cake with the file.
5676,6607,2,3,47,52,1.1346153846153846,0.0615832227858564,610,They still think your alibi is undercooked
5659,6607,1,5,46,52,1.1346153846153846,0.055121189353288455,610,"I don't think "" I thought he was a carrot"" is going to fly"
5649,6607,1,5,46,52,1.1346153846153846,0.055121189353288455,610,"No, you always criticize my cakes."
5616,6607,1,5,46,52,1.1346153846153846,0.055121189353288455,610,I hear you'll get time off for good Berliners
5551,6607,0,7,45,52,1.1346153846153846,0.04779328093727965,610,"There's no such thing as a ""smidgen"" of homicide."
5530,6607,0,7,45,52,1.1346153846153846,0.04779328093727965,610,"Henry, I told you that mayonnaise had turned."
5527,6607,1,5,46,52,1.1346153846153846,0.055121189353288455,610,I told you the Instant Pot foie gras was taking it too far.
5511,6607,1,5,46,52,1.1346153846153846,0.055121189353288455,610,I'll hide the the pickaxe in the flour bag
5497,6607,1,5,46,52,1.1346153846153846,0.055121189353288455,610,"Yes, me and your sous chef..."
5489,6607,1,5,46,52,1.1346153846153846,0.055121189353288455,610,When that critic said your cooking was criminal...
5415,6607,1,5,46,52,1.1346153846153846,0.055121189353288455,610,Wish you could cream my puff
5391,6607,1,5,46,52,1.1346153846153846,0.055121189353288455,610,"Maybe it wasn't such a good idea to call it ""Homicidally Decadent Triple Chocolate Murder Cake."""
5375,6607,0,7,45,52,1.1346153846153846,0.04779328093727965,610,Let's wait for the one without onions.
5356,6607,0,7,45,52,1.1346153846153846,0.04779328093727965,610,"Don't be ridiculous, Herny! Of course they would find a file if I slipped it in a cake for YOU."
4995,6607,0,7,45,52,1.1346153846153846,0.04779328093727965,610,"The job posting said ""experience cooking meat"" not ""experience cooking meth""."
4476,6607,0,7,45,52,1.1346153846153846,0.04779328093727965,610,"Well, I told you 'well done with ketchup' is a crime against filet mignon."
4926,6607,0,7,45,52,1.1346153846153846,0.04779328093727965,610,If at least one would have survived you wouldn't have gotten manslaughter.
4203,6607,0,7,45,52,1.1346153846153846,0.04779328093727965,610,How’s the new job?” “Terrible... They’re making me serve Campbell’s!
4149,6607,0,7,45,52,1.1346153846153846,0.04779328093727965,610,Fire lawyer 2
4121,6607,1,5,46,52,1.1346153846153846,0.055121189353288455,610,"I'm sorry Gaspard, but those pigs found the truffles in the strip search."
4075,6607,1,5,46,52,1.1346153846153846,0.055121189353288455,610,"Let's just say his lovemaking, like your souffle, is so good it's a crime."
4062,6607,0,7,45,52,1.1346153846153846,0.04779328093727965,610,Who knew beating eggs was a crime?
4013,6607,0,7,45,52,1.1346153846153846,0.04779328093727965,610,SNAILS! Are you joking?
4218,6607,0,7,45,52,1.1346153846153846,0.04779328093727965,610,Does this mean the pizza will be free....or never?
4007,6607,1,5,46,52,1.1346153846153846,0.055121189353288455,610,"Oops, the recipe was supposed to read, ""beat into gravy"", not grave."
3926,6607,2,3,47,52,1.1346153846153846,0.0615832227858564,610,I just never new you would go to jail for using caned Tomato sos.
3906,6607,1,5,46,52,1.1346153846153846,0.055121189353288455,610,My husband would like this cash and carry.
3872,6607,0,7,45,52,1.1346153846153846,0.04779328093727965,610,What they're saying is that Cool Whip is not cool...
3825,6607,1,5,46,52,1.1346153846153846,0.055121189353288455,610,"We all miss you, but the kids say they prefer Chef Boyardee's pasta and meatballs to your gourmet cooking.."
5846,6607,0,7,45,52,1.1346153846153846,0.04779328093727965,610,"Like I said, you shoulda gone Vegan."
3869,6607,0,7,45,52,1.1346153846153846,0.04779328093727965,610,You cheated on the salad. You cheated on me.
4004,6607,1,5,46,52,1.1346153846153846,0.055121189353288455,610,"I've been locked up here for nineteen months, Sheldon, and now you're asking where I kept extra toilet paper?"
4235,6607,1,5,46,52,1.1346153846153846,0.055121189353288455,610,The warden intercepted it and let his wife take the cake to the church bake sale.
4325,6607,1,5,46,52,1.1346153846153846,0.055121189353288455,610,They rejected the Gourmet Prison take-out idea.
4328,6607,1,5,46,52,1.1346153846153846,0.055121189353288455,610,"Monsieur, indefensible! You did not taste you food!"
4906,6607,1,5,46,52,1.1346153846153846,0.055121189353288455,610,The Michelin people thought your gruel needed more time.
4902,6607,0,7,45,52,1.1346153846153846,0.04779328093727965,610,"No, I don't need you to bake me a cake with a file in it."
4881,6607,1,5,46,52,1.1346153846153846,0.055121189353288455,610,"Even though you tried to poison him, you've been pardoned. He cant get anyone else to cook for him."
4876,6607,0,7,45,52,1.1346153846153846,0.04779328093727965,610,"I suppose I could bake you a cake with a file in it, but you never reveal your recipes!"
4847,6607,0,7,45,52,1.1346153846153846,0.04779328093727965,610,I told you not to serve that Sannaki wriggling octopus!
4823,6607,0,7,45,52,1.1346153846153846,0.04779328093727965,610,The police report says you were packing heat.
4751,6607,0,7,45,52,1.1346153846153846,0.04779328093727965,610,They weren't kidding when they said steak sauce was a crime.
4746,6607,0,7,45,52,1.1346153846153846,0.04779328093727965,610,Wh...what's the word...crazy its ...on the tip ...I 'm going Stir Crazy!
4734,6607,0,7,45,52,1.1346153846153846,0.04779328093727965,610,You should have listened to me. I told you it was a stupid idea to put explosives in a wedding cake!
4718,6607,1,5,46,52,1.1346153846153846,0.055121189353288455,610,They confiscated all the dough
4598,6607,0,7,45,52,1.1346153846153846,0.04779328093727965,610,Yes. Trust me. Raisins in chili.
4515,6607,0,7,45,52,1.1346153846153846,0.04779328093727965,610,"""Confiscated? How are you expected to serve your mille-feuille without your shiv?"
4493,6607,1,5,46,52,1.1346153846153846,0.055121189353288455,610,I can’t do this anymore. I need a bake.
4486,6607,1,5,46,52,1.1346153846153846,0.055121189353288455,610,Your souffle was a crime.
4374,6607,0,7,45,52,1.1346153846153846,0.04779328093727965,610,Well done. You made it well done.
4943,6607,1,5,46,52,1.1346153846153846,0.055121189353288455,610,But I keep telling you -- I can't bake a hacksaw inside a souffle...
5864,6607,0,7,45,52,1.1346153846153846,0.04779328093727965,610,"How often do I have to tell you, a baker's dozen is thirteen."
6805,6607,0,7,45,52,1.1346153846153846,0.04779328093727965,610,"Honey, what have you baked yourself into?"
5923,6607,1,5,46,52,1.1346153846153846,0.055121189353288455,610,"If you had fresh fish, this wouldn't be necessary."
7253,6607,0,7,45,52,1.1346153846153846,0.04779328093727965,610,So then I said ‘this chef couldn’t get arrested.
7228,6607,0,7,45,52,1.1346153846153846,0.04779328093727965,610,I've decided to add meat to my diet
7227,6607,1,5,46,52,1.1346153846153846,0.055121189353288455,610,"Loretta, I asked for a file in a baked cake, not my cake baking filers."
7214,6607,0,7,45,52,1.1346153846153846,0.04779328093727965,610,I’m sorry dear-they wanted quail.
7190,6607,0,7,45,52,1.1346153846153846,0.04779328093727965,610,Your soul mate could be waiting on the other side of the line. Try Tinder today.
7160,6607,1,5,46,52,1.1346153846153846,0.055121189353288455,610,"They're going to think you're a rat, Claude."
7158,6607,1,5,46,52,1.1346153846153846,0.055121189353288455,610,"Yeah, I met with the public defender, a really sweet guy, and we had lunch, but I didn't get back home in time to bury your knife case because the police were already there with a search warrant. Don't be mad."
7069,6607,2,3,47,52,1.1346153846153846,0.0615832227858564,610,"Oh vey, now you find Martha Stewart is not longer in there!"
7044,6607,0,7,45,52,1.1346153846153846,0.04779328093727965,610,"I warned you, a flat soufflé is a serious crime"
7010,6607,1,5,46,52,1.1346153846153846,0.055121189353288455,610,"When Putin said, “To die for, he meant it!”"
6987,6607,2,3,47,52,1.1346153846153846,0.0615832227858564,610,I'm leaving you for a bugler with bunions.
6961,6607,0,7,45,52,1.1346153846153846,0.04779328093727965,610,I just don't think the cake-in-the-file rude is going to work this time.
6895,6607,0,7,45,52,1.1346153846153846,0.04779328093727965,610,Can I pay in bitcoin for this?
6888,6607,1,5,46,52,1.1346153846153846,0.055121189353288455,610,Unbelievable news. They've begun serving croissants at McDonald's.
3783,6607,0,7,45,52,1.1346153846153846,0.04779328093727965,610,"Cheffery Daumer, how dare you mislabel your sushi!"
7272,6607,0,7,45,52,1.1346153846153846,0.04779328093727965,610,"I baked a cake with a file in it, but it was a little dry, so you should just plead guilty."
6772,6607,0,7,45,52,1.1346153846153846,0.04779328093727965,610,Not only did you whip the cream and beat the eggs. They say you wrote it all down for others to follow.
7403,6607,1,5,46,52,1.1346153846153846,0.055121189353288455,610,What'd you put into the soup this time?
7454,6607,1,5,46,52,1.1346153846153846,0.055121189353288455,610,If you had offered a “bakers dozen” you wouldn’t be in this fix.
7944,6607,0,7,45,52,1.1346153846153846,0.04779328093727965,610,You weren't kidding about an inside look at food.
7943,6607,1,5,46,52,1.1346153846153846,0.055121189353288455,610,So you're saying your famous meatloaf wasn't cow meat?
7934,6607,0,7,45,52,1.1346153846153846,0.04779328093727965,610,Just dessr
7877,6607,0,7,45,52,1.1346153846153846,0.04779328093727965,610,This time you should have stayed in the kitchen and NOT taken the heat.
7870,6607,1,5,46,52,1.1346153846153846,0.055121189353288455,610,"No, Ma, Hell's kitchen does not do stars."
7835,6607,1,5,46,52,1.1346153846153846,0.055121189353288455,610,Grandma says she'll give you the secret recipe if you get the pardon.
7782,6607,0,7,45,52,1.1346153846153846,0.04779328093727965,610,"Well, Henry, at least we now know your "" killer chile "" is properly named."
7750,6607,0,7,45,52,1.1346153846153846,0.04779328093727965,610,"If I'm to bake a cake with the file in it, I'll need your secret recipe."""
7728,6607,1,5,46,52,1.1346153846153846,0.055121189353288455,610,I told you that it was a crime to serve that food regardless of what outfit you wore.
7716,6607,1,5,46,52,1.1346153846153846,0.055121189353288455,610,"Make it a cheeseburger, fries, and a coke to go!"
7605,6607,1,5,46,52,1.1346153846153846,0.055121189353288455,610,"No, it wasn't salt and pepper colored hair. More like ginger."
7588,6607,1,5,46,52,1.1346153846153846,0.055121189353288455,610,They make me ware it for what I did to the books.
7574,6607,0,7,45,52,1.1346153846153846,0.04779328093727965,610,"No, I said I wanted you to get bun of steel, not steal some buns"
7564,6607,1,5,46,52,1.1346153846153846,0.055121189353288455,610,"Dear, after all I am lucky to be in a reformed prison, they let me wear my chef’s uniform!"
7480,6607,0,7,45,52,1.1346153846153846,0.04779328093727965,610,I hope you’re not cooking up another escape plan...
7448,6607,0,7,45,52,1.1346153846153846,0.04779328093727965,610,"I’m a big fan of yours. Your book, “The most inedible and tasteless recipes”, was my inspiration to win my husband’s resentment."
5898,6607,1,5,46,52,1.1346153846153846,0.055121189353288455,610,There is no pardon for burnt soufflé.
6729,6607,1,5,46,52,1.1346153846153846,0.055121189353288455,610,You forgot the cayenne.
6701,6607,0,7,45,52,1.1346153846153846,0.04779328093727965,610,You want me to hide WHAT in the cake?
6188,6607,1,5,46,52,1.1346153846153846,0.055121189353288455,610,Apparently your Hollandaise was so yummy that it's criminal.
6186,6607,1,5,46,52,1.1346153846153846,0.055121189353288455,610,Your goose is cooked. It's baked in.
6176,6607,0,7,45,52,1.1346153846153846,0.04779328093727965,610,No more pat-a-cake?
6134,6607,0,7,45,52,1.1346153846153846,0.04779328093727965,610,"I know I promised to eat your stuff from the freezer, Honey, but have you ever really tasted an onion slider at 3 am?"
6102,6607,1,5,46,52,1.1346153846153846,0.055121189353288455,610,My advice to you is don't stint on the saltpeter.
6101,6607,0,7,45,52,1.1346153846153846,0.04779328093727965,610,So the broiling was the problem?
6085,6607,0,7,45,52,1.1346153846153846,0.04779328093727965,610,The dough has to be cleared by the federal exchange comisssion first
6032,6607,0,7,45,52,1.1346153846153846,0.04779328093727965,610,Exotic truffle’s huh........
6030,6607,0,7,45,52,1.1346153846153846,0.04779328093727965,610,Not so well done !
6020,6607,1,5,46,52,1.1346153846153846,0.055121189353288455,610,You're obviously well enough to keep working in the bake shop - who is she?!
6008,6607,0,7,45,52,1.1346153846153846,0.04779328093727965,610,As long as it is only a dry rub
5979,6607,1,5,46,52,1.1346153846153846,0.055121189353288455,610,The NRA assures me that my baking rights are protected under the 2nd Amendment.
5937,6607,0,7,45,52,1.1346153846153846,0.04779328093727965,610,"Thanks, mom. Oh, and a few capers in the cake would be great."
5930,6607,0,7,45,52,1.1346153846153846,0.04779328093727965,610,"If you want me to bake you something with a file in it, I'll need your recipe for flat cake."
5927,6607,0,7,45,52,1.1346153846153846,0.04779328093727965,610,"I know you need the wedding cake by tomorrow, Madam, but I can't ask them to lock me in the oven."
6213,6607,0,7,45,52,1.1346153846153846,0.04779328093727965,610,What would Gordon Ramsey say?
6712,6607,2,3,47,52,1.1346153846153846,0.0615832227858564,610,You should have known that activated charcoal sorbet became an actual crime.
6267,6607,1,5,46,52,1.1346153846153846,0.055121189353288455,610,Then I'm afraid I won't be able to accept your help with my defense--my iguana surprise recipe is sacred.
6288,6607,1,5,46,52,1.1346153846153846,0.055121189353288455,610,"Did I not warn you, honey, pufferfish with Pinot Gris, not Malbec!"
6670,6607,0,7,45,52,1.1346153846153846,0.04779328093727965,610,The debate of 'pommes frites' versus 'French fries' shouldn't have led to a food fight.
6594,6607,1,5,46,52,1.1346153846153846,0.055121189353288455,610,Will you knead a good defense?
6582,6607,0,7,45,52,1.1346153846153846,0.04779328093727965,610,"I told you, too much baking soda is big trouble."
6489,6607,1,5,46,52,1.1346153846153846,0.055121189353288455,610,"Tell me again dear, what's the recipe for your killer sauce?"
6484,6607,1,5,46,52,1.1346153846153846,0.055121189353288455,610,Are you sure you're doing OK? How are your cupcakes?
6482,6607,1,5,46,52,1.1346153846153846,0.055121189353288455,610,I think veggies have gone too far this time.
6449,6607,1,5,46,52,1.1346153846153846,0.055121189353288455,610,DA says you killed the taste buds
6411,6607,0,7,45,52,1.1346153846153846,0.04779328093727965,610,"Next time the police chief's wife's steak will be cooked the way she ordered it, right?"
6382,6607,0,7,45,52,1.1346153846153846,0.04779328093727965,610,Did you bring the file'?
6370,6607,0,7,45,52,1.1346153846153846,0.04779328093727965,610,I can't believe they brought you in for food crimes again. Your new dish wasn't that bad.
6369,6607,0,7,45,52,1.1346153846153846,0.04779328093727965,610,I told you your souffle was a crime!
6346,6607,1,5,46,52,1.1346153846153846,0.055121189353288455,610,I warned you that your vindaloo would kill someone some day.
6319,6607,1,5,46,52,1.1346153846153846,0.055121189353288455,610,I warned you not to take Chopped too seriously. It’s only a TV show.
6310,6607,1,5,46,52,1.1346153846153846,0.055121189353288455,610,"When I said nuke the Japanese, I meant the food, not the people."
6297,6607,1,5,46,52,1.1346153846153846,0.055121189353288455,610,"I told you to stop binging on ""Murder She Baked."""
6287,6607,1,5,46,52,1.1346153846153846,0.055121189353288455,610,"Sorry, I can’t find any white truffles. You need to look for another supplier."
3733,6607,1,5,46,52,1.1346153846153846,0.055121189353288455,610,"Cherry sauce. When you said you were ""On The Lam"" and working on a reduction I thought you meant cherry sauce."
4102,6607,0,7,45,52,1.1346153846153846,0.04779328093727965,610,"He said you took a toque, and the DEA was listening in."
3634,6607,1,5,46,52,1.1346153846153846,0.055121189353288455,610,Such a pity to cook without sharpened knives.
970,6607,0,7,45,52,1.1346153846153846,0.04779328093727965,610,"Jean-Paul,.....You just refuse to listen to me. If I told you once, I've told you a thousand times, here in the U.S., the crabs for the bouillabaisse, must be at least 4 1/2 inches from point to point!"
1025,6607,1,5,46,52,1.1346153846153846,0.055121189353288455,610,I miss my knives
1075,6607,1,5,46,52,1.1346153846153846,0.055121189353288455,610,The boys can't find your secret sourdough recipe.
1101,6607,1,5,46,52,1.1346153846153846,0.055121189353288455,610,"She coolly replied ""My father is not an axe murder. His is a Williams Sonoma Wüsthof Ikon Damascus!"
1104,6607,0,7,45,52,1.1346153846153846,0.04779328093727965,610,"I know you wanted to be nationally recognized, but impersonating the President's chef wasn't the brightest idea!"
1148,6607,1,5,46,52,1.1346153846153846,0.055121189353288455,610,"The toque was a little over the top, eh, my sweet?"
1151,6607,1,5,46,52,1.1346153846153846,0.055121189353288455,610,You just never listen to me do you? I warned you that pairing red wine with Dover Sole was a crime.
1155,6607,0,7,45,52,1.1346153846153846,0.04779328093727965,610,"Look this is it. You lace his bolognese with rat poison and I'll make you sous chef at Hotel Grandiose. And, by the way, I've moved to the third floor, suite 303."
1173,6607,1,5,46,52,1.1346153846153846,0.055121189353288455,610,"I'll get you out if you promise not to ""flour"" me before sex."
1259,6607,0,7,45,52,1.1346153846153846,0.04779328093727965,610,Dennis keeps saying your risotto recipes are 'criminal.' It really hurts.
1385,6607,0,7,45,52,1.1346153846153846,0.04779328093727965,610,how can I discretely place the file in the cream cake?
1401,6607,2,3,47,52,1.1346153846153846,0.0615832227858564,610,Let’s wait for the next one. I’m too casual for an “all dressed.”
1410,6607,0,7,45,52,1.1346153846153846,0.04779328093727965,610,I asked the warden for conjugal rights but he told me that was a half-baked idea.
961,6607,2,3,47,52,1.1346153846153846,0.0615832227858564,610,Where did you hide the ziti? The governor's asking.
1428,6607,2,3,47,52,1.1346153846153846,0.0615832227858564,610,You're charged with Death by Chocolate.
1480,6607,0,7,45,52,1.1346153846153846,0.04779328093727965,610,Don’t forget to include the small file.
1482,6607,1,5,46,52,1.1346153846153846,0.055121189353288455,610,I told you so! You should haven't have stolen the dough!
1565,6607,2,3,47,52,1.1346153846153846,0.0615832227858564,610,Let's wait for the 6 inch.
1572,6607,1,5,46,52,1.1346153846153846,0.055121189353288455,610,"I am supposed to put the knife in the cake, not you!"
1575,6607,0,7,45,52,1.1346153846153846,0.04779328093727965,610,They said your soufflé was to die for but I didn’t take that literally.
1577,6607,2,3,47,52,1.1346153846153846,0.0615832227858564,610,"No, you were NEVER Julia Childs!"
1698,6607,1,5,46,52,1.1346153846153846,0.055121189353288455,610,THE LAWYER SAYS IT WAS THE SUSHI.
1709,6607,0,7,45,52,1.1346153846153846,0.04779328093727965,610,Six months to a year for the chicken taco pasta offense but there's a two-year enhancement for nacho cheese.
1738,6607,1,5,46,52,1.1346153846153846,0.055121189353288455,610,I told you cooking for the Don was a mistake.
1860,6607,0,7,45,52,1.1346153846153846,0.04779328093727965,610,"I warned you, the soylent green recipe contains gluten."
1865,6607,1,5,46,52,1.1346153846153846,0.055121189353288455,610,Does it matter whether it’s two large eggs or three small eggs?
1874,6607,0,7,45,52,1.1346153846153846,0.04779328093727965,610,It's different when you're on the other side of the glass.
1906,6607,0,7,45,52,1.1346153846153846,0.04779328093727965,610,"Yes, a file. Not filling."
1445,6607,0,7,45,52,1.1346153846153846,0.04779328093727965,610,I’m so proud of you for putting poison in the politician’s soup .... but you should have used a more up-to-date mystery as a reference. The modus and methods used in St. Mary Mead are passé.
1936,6607,2,3,47,52,1.1346153846153846,0.0615832227858564,610,Didn’t I tell you that baking cakes with files inside was no joke.
951,6607,1,5,46,52,1.1346153846153846,0.055121189353288455,610,"TELL THEM, WHY WOULD YOU HIDE IT? YOU DON'T KNEED THE DOUGH ANYMORE"
824,6607,0,7,45,52,1.1346153846153846,0.04779328093727965,610,I was going to bake you a cake but you obviously can handle that yourself.
2,6607,2,3,47,52,1.1346153846153846,0.0615832227858564,610,Don’t drop the butter
3673,6607,0,7,45,52,1.1346153846153846,0.04779328093727965,610,"I’m your wife, not your lawyer, and I want mine with mushrooms!"
26,6607,0,7,45,52,1.1346153846153846,0.04779328093727965,610,He'll be okay. He's a tough cookie.
60,6607,0,7,45,52,1.1346153846153846,0.04779328093727965,610,The guards said you're gonna fry for 6–8 minutes with garlic butter.
82,6607,0,7,45,52,1.1346153846153846,0.04779328093727965,610,"Just my luck, I took the salad roll at lunch, too."
102,6607,1,5,46,52,1.1346153846153846,0.055121189353288455,610,"I told you to pass on that job offer, dear."
166,6607,0,7,45,52,1.1346153846153846,0.04779328093727965,610,"""Milk in the batter! Milk in the batter?"" You knew that kid couldn't swim!"
178,6607,1,5,46,52,1.1346153846153846,0.055121189353288455,610,The lawyer says they are seeking the maximum: no charge for the food and desserts on the house.
296,6607,0,7,45,52,1.1346153846153846,0.04779328093727965,610,I told you not to put anchovies on that pizza.
311,6607,0,7,45,52,1.1346153846153846,0.04779328093727965,610,"I told you that was not leg of lamb, that was leg of Lambo, James A."
354,6607,1,5,46,52,1.1346153846153846,0.055121189353288455,610,"I told you , it was too salty."
391,6607,2,3,47,52,1.1346153846153846,0.0615832227858564,610,"Delivery in 30 minutes or it is free, right?"
408,6607,0,7,45,52,1.1346153846153846,0.04779328093727965,610,This time it didn’t end in Pizza
878,6607,1,5,46,52,1.1346153846153846,0.055121189353288455,610,I heard people don't eat gluten anymore...
423,6607,1,5,46,52,1.1346153846153846,0.055121189353288455,610,I can't believe you're in here for taking a toque.
512,6607,0,7,45,52,1.1346153846153846,0.04779328093727965,610,I've divorced you and married Rachael Ray.
554,6607,1,5,46,52,1.1346153846153846,0.055121189353288455,610,I accidentally put sausage on the vegan pizza.
558,6607,0,7,45,52,1.1346153846153846,0.04779328093727965,610,"The Stormy Daniels interview fell flat, Billy Boy!"
587,6607,1,5,46,52,1.1346153846153846,0.055121189353288455,610,I'm sorry. I was lying when I said it was an allergy.
611,6607,1,5,46,52,1.1346153846153846,0.055121189353288455,610,"That's what you get when you start screaming, ""I have hot buns!"" to everyone at the bakery!"
661,6607,1,5,46,52,1.1346153846153846,0.055121189353288455,610,I swear I didn't do it! It was Factory Farm #25634!
681,6607,1,5,46,52,1.1346153846153846,0.055121189353288455,610,This is what you get for not baking that cake
683,6607,0,7,45,52,1.1346153846153846,0.04779328093727965,610,I can’t believe you were arrested on a drug charge - you were only a little baked!
692,6607,1,5,46,52,1.1346153846153846,0.055121189353288455,610,Will you get out sooner for good cooking behavior?
790,6607,0,7,45,52,1.1346153846153846,0.04779328093727965,610,Remember: every day in every way you're getting less and less left-handed.
795,6607,1,5,46,52,1.1346153846153846,0.055121189353288455,610,"I’m sorry, but boning knives are a bit of a hard sell at the checkpoint."
814,6607,0,7,45,52,1.1346153846153846,0.04779328093727965,610,"Didn’t I tell you they ordered hunan special, not human special?"
816,6607,0,7,45,52,1.1346153846153846,0.04779328093727965,610,Hi Honey. They let me keep my purse because they're fans of your Beefaroni.
430,6607,1,5,46,52,1.1346153846153846,0.055121189353288455,610,I told you that wasn't medium rare.
2013,6607,0,7,45,52,1.1346153846153846,0.04779328093727965,610,I take it as a compliment. Being this talented a chef should be a crime.
23,6607,0,7,45,52,1.1346153846153846,0.04779328093727965,610,"Sorry, the file in the cake trick doesn't fool anyone anymore."
2027,6607,0,7,45,52,1.1346153846153846,0.04779328093727965,610,It's a shame that your bail and your Cordon Bleu have been revoked.
2857,6607,0,7,45,52,1.1346153846153846,0.04779328093727965,610,You shouldn't had added that Russian's additive to your stew.
2888,6607,1,5,46,52,1.1346153846153846,0.055121189353288455,610,The lawyers say that meat apparently can be murder.
2921,6607,0,7,45,52,1.1346153846153846,0.04779328093727965,610,"I told you the souffle was bad, but would you listen?"
2937,6607,1,5,46,52,1.1346153846153846,0.055121189353288455,610,Seriously! you are leaving me over the phone?
2967,6607,0,7,45,52,1.1346153846153846,0.04779328093727965,610,You did WHAT to your sous chef?!
2978,6607,0,7,45,52,1.1346153846153846,0.04779328093727965,610,"""Did you really service him a spam musubi?"
2995,6607,0,7,45,52,1.1346153846153846,0.04779328093727965,610,I'm sorry that the commissary won't sell your eclairs
3054,6607,0,7,45,52,1.1346153846153846,0.04779328093727965,610,Chef you are now hanging by one star.
3064,6607,1,5,46,52,1.1346153846153846,0.055121189353288455,610,"I've always said, talking politics in that heat around sharp cutlery someone will break."
3104,6607,0,7,45,52,1.1346153846153846,0.04779328093727965,610,"Hi Honey, What temp. should the oven be set to for the 70 Coq au Vin?"
3116,6607,1,5,46,52,1.1346153846153846,0.055121189353288455,610,So now it's my fault the souffle fell in with a bad crowd?
3170,6607,1,5,46,52,1.1346153846153846,0.055121189353288455,610,Maybe they’d take your chipped beef more seriously if your uniform wasn’t orange.
3173,6607,0,7,45,52,1.1346153846153846,0.04779328093727965,610,You mean the sauce was literally lethal?
3225,6607,0,7,45,52,1.1346153846153846,0.04779328093727965,610,...and the foie gras in here is pasty and flavorless
3238,6607,0,7,45,52,1.1346153846153846,0.04779328093727965,610,He says if you promise to go back to doing the burgers the greasy way you used to he will give you amnesty.
3251,6607,1,5,46,52,1.1346153846153846,0.055121189353288455,610,I talked to Kathy and it sounds like they're going to sous...
3257,6607,0,7,45,52,1.1346153846153846,0.04779328093727965,610,"""The usual, please ... 'Chef's Surprise'""!"
3283,6607,0,7,45,52,1.1346153846153846,0.04779328093727965,610,"I warned you, never neglect your mise en place."
3324,6607,1,5,46,52,1.1346153846153846,0.055121189353288455,610,They just announced the sentence: Death by Chocolate.
3328,6607,0,7,45,52,1.1346153846153846,0.04779328093727965,610,"You idiot, I told you not to steal the truffles."
3360,6607,1,5,46,52,1.1346153846153846,0.055121189353288455,610,"Simmer down, I’m trying to boil you out of here"
3362,6607,0,7,45,52,1.1346153846153846,0.04779328093727965,610,I want a divorce and I'll be suing you for two stars
3377,6607,0,7,45,52,1.1346153846153846,0.04779328093727965,610,Do you validate?
3380,6607,0,7,45,52,1.1346153846153846,0.04779328093727965,610,"'I wanted to give you my compliments, and also this concealed knife for shanking snitches."""
3419,6607,1,5,46,52,1.1346153846153846,0.055121189353288455,610,Turns out meat was murder.
3421,6607,0,7,45,52,1.1346153846153846,0.04779328093727965,610,I told you that all that gluten was gonna come to no good
3482,6607,1,5,46,52,1.1346153846153846,0.055121189353288455,610,“Does this mean next weeks dinner is cancelled.”.
3512,6607,1,5,46,52,1.1346153846153846,0.055121189353288455,610,You've ruined pizza for me. It's only tacos from now on.
2020,6607,1,5,46,52,1.1346153846153846,0.055121189353288455,610,"I said that I wanted ""steel cut oats"" - Not steal the oats."
2856,6607,1,5,46,52,1.1346153846153846,0.055121189353288455,610,"""The AR15 was a kitchen tool"". They're not buying it."
2843,6607,0,7,45,52,1.1346153846153846,0.04779328093727965,610,"Don’t worry bob, there’s no way you could have know that fugu was poisonous"
3239,6607,0,7,45,52,1.1346153846153846,0.04779328093727965,610,"Linda, you know I don't look good in orange."
2806,6607,0,7,45,52,1.1346153846153846,0.04779328093727965,610,Bake you a cake?
2838,6607,1,5,46,52,1.1346153846153846,0.055121189353288455,610,"Follow me on this... if I can figure out how to pass the file to you, you won't have to bake it into a cake."
2078,6607,0,7,45,52,1.1346153846153846,0.04779328093727965,610,I told you. I don't have the dough.
2093,6607,0,7,45,52,1.1346153846153846,0.04779328093727965,610,"Let me get this straight. First, beat I the egg whites until they form a stiff peak?"
2109,6607,0,7,45,52,1.1346153846153846,0.04779328093727965,610,That’s what you get when you scorch the meat.
2186,6607,1,5,46,52,1.1346153846153846,0.055121189353288455,610,"I'm sorry, I couldn't raise the bail money."
2197,6607,0,7,45,52,1.1346153846153846,0.04779328093727965,610,It seems you're out of the frying pan and into the slammer.
2223,6607,2,3,47,52,1.1346153846153846,0.0615832227858564,610,...and an extra hacksaw just in case.
2240,6607,2,3,47,52,1.1346153846153846,0.0615832227858564,610,"You couldn't wash 1 dish, but , you can bake bread for 400."
2268,6607,0,7,45,52,1.1346153846153846,0.04779328093727965,610,I tried to tell you that gluten free is real now.
2307,6607,2,3,47,52,1.1346153846153846,0.0615832227858564,610,"It’s tough, they won’t even let me use knifes!"
2354,6607,1,5,46,52,1.1346153846153846,0.055121189353288455,610,They say it was your recipe that killed her.
2399,6607,0,7,45,52,1.1346153846153846,0.04779328093727965,610,It was a definite no-go on the butane torch.
2441,6607,0,7,45,52,1.1346153846153846,0.04779328093727965,610,Amuse bouche? I thought you said George Bush!
2444,6607,0,7,45,52,1.1346153846153846,0.04779328093727965,610,You cant't be serious! Baking a knife in a cake never worked...
2257,6607,1,5,46,52,1.1346153846153846,0.055121189353288455,610,They say your Beef Wellington is a crime.
2553,6607,1,5,46,52,1.1346153846153846,0.055121189353288455,610,"""Yes, I will wait for you, but your souffle' is not going to make it""."
2805,6607,0,7,45,52,1.1346153846153846,0.04779328093727965,610,"Chef, the recipe's introduction was not part of the directions."
2482,6607,1,5,46,52,1.1346153846153846,0.055121189353288455,610,"When you said 'cheese it, it's the heat,' I was thinking the souffle till the cops came in."
2753,6607,1,5,46,52,1.1346153846153846,0.055121189353288455,610,i've decided to go on an all protein diet
2748,6607,2,3,47,52,1.1346153846153846,0.0615832227858564,610,"I'll remind you again that I told you "" Fool's Parsley is not the same as fresh parsley."""
2713,6607,0,7,45,52,1.1346153846153846,0.04779328093727965,610,"I know you were a great cook,but you didn't have to cook the books."
2706,6607,1,5,46,52,1.1346153846153846,0.055121189353288455,610,I think you'd better just change your menu when you get out.
2641,6607,0,7,45,52,1.1346153846153846,0.04779328093727965,610,You want me to bake a file into a what?
2782,6607,1,5,46,52,1.1346153846153846,0.055121189353288455,610,"Sorry, they just won't let me bring you a cake knife, or a cake to bring it in with. ."
2602,6607,0,7,45,52,1.1346153846153846,0.04779328093727965,610,"I love it, but maybe not so much Pruno."
2575,6607,0,7,45,52,1.1346153846153846,0.04779328093727965,610,"By the way, Gordon Ramsay's family is suing you for the injuries he suffered when you threw him out of your restaurant."
2573,6607,0,7,45,52,1.1346153846153846,0.04779328093727965,610,I told you puffer fish wasn’t a good idea.
2561,6607,0,7,45,52,1.1346153846153846,0.04779328093727965,610,"Well, your neighbor's very insistent that you only wanted to BORROW the sugar."
2634,6607,0,7,45,52,1.1346153846153846,0.04779328093727965,610,You should have used Arsenic because he would have thought you were sprinkling sugar on his dessert.
5512,6883,1,5,47,53,1.1320754716981132,0.05413078722488102,610,"Well, just ask them to flambe the bologna sandwich."
5225,6883,1,5,47,53,1.1320754716981132,0.05413078722488102,610,"Give it up. It's just too late to change that old, half-baked alibi."
5156,6883,0,7,46,53,1.1320754716981132,0.04695159976668159,610,I'm afraid you have been charged with using too much foam in your gastronomic re-interpretation of a classic dish.
5016,6883,0,7,46,53,1.1320754716981132,0.04695159976668159,610,"Well yes, that’s a nice outfit they gave you, but do you clean up after yourself?"
4621,6883,0,7,46,53,1.1320754716981132,0.04695159976668159,610,I told you not to hire her when she thought naked meant her and not the fish!
4574,6883,1,5,47,53,1.1320754716981132,0.05413078722488102,610,"How did the job interview go? And don't say: ""Oh, je suis dans les choux!"""
4198,6883,1,5,47,53,1.1320754716981132,0.05413078722488102,610,I told you so.
4163,6883,1,5,47,53,1.1320754716981132,0.05413078722488102,610,I love that recipe. It could only be the rhubarb. did it.
4109,6883,1,5,47,53,1.1320754716981132,0.05413078722488102,610,I TOLD you where i put the knife.
4114,6883,2,3,48,53,1.1320754716981132,0.06046347269649694,610,"Let me repeat that. You need proof of insurance, at least two forms of ID, and the car's title, signed over to you."
4003,6883,1,5,47,53,1.1320754716981132,0.05413078722488102,610,Let me take you out to a cozy restaurant
3514,6883,1,5,47,53,1.1320754716981132,0.05413078722488102,610,You should see what they made Joe dress up as.
3845,6883,1,5,47,53,1.1320754716981132,0.05413078722488102,610,I knew those meat pies tasted funny...how could you Chef Hannibal
3433,6883,0,7,46,53,1.1320754716981132,0.04695159976668159,610,"There is no ""Word"" for (run run run) & don't stop."
3555,6883,0,7,46,53,1.1320754716981132,0.04695159976668159,610,"That's what I've heard, very long hours as if you don't have a life outside of work."
4151,6883,2,3,48,53,1.1320754716981132,0.06046347269649694,610,I'm your wife. You take this celebrity privacy thing too seriously.
5677,6883,0,7,46,53,1.1320754716981132,0.04695159976668159,610,another inmate wanted to compliment the chef.
7149,6883,0,7,46,53,1.1320754716981132,0.04695159976668159,610,"Another year, another Michelin snub"
5859,6883,1,5,47,53,1.1320754716981132,0.05413078722488102,610,Charged with poisoning cookies I'd lose the baker's costume
7419,6883,0,7,46,53,1.1320754716981132,0.04695159976668159,610,I told you not to put so much pepper in the spaghetti sauce!
2983,6883,1,5,47,53,1.1320754716981132,0.05413078722488102,610,I thought you said you didn't make kale.
7365,6883,2,3,48,53,1.1320754716981132,0.06046347269649694,610,"I thought you liked dinner last night. You said that I ""killed it!"" No dear. I said that you ""murdered"" that roast."
7792,6883,0,7,46,53,1.1320754716981132,0.04695159976668159,610,"""Yes, I know you 'just' overcooked the shrimp, but that shrimp was the Mayor's son!'."
7348,6883,1,5,47,53,1.1320754716981132,0.05413078722488102,610,Is there a ladies version of your headgear I can buy for myself?
7011,6883,0,7,46,53,1.1320754716981132,0.04695159976668159,610,"Mom, I should have taken the job at the summer camp"
6929,6883,0,7,46,53,1.1320754716981132,0.04695159976668159,610,The 53 died...
6840,6883,1,5,47,53,1.1320754716981132,0.05413078722488102,610,I smell privatization
6813,6883,0,7,46,53,1.1320754716981132,0.04695159976668159,610,"Oh, you’ve served ten in your sleep."
6372,6883,0,7,46,53,1.1320754716981132,0.04695159976668159,610,The goose has turned state's evidence.
6352,6883,1,5,47,53,1.1320754716981132,0.05413078722488102,610,"Yes, I told the judge you were a 'Chopped Champion.'"
6343,6883,0,7,46,53,1.1320754716981132,0.04695159976668159,610,It's not fair - you only felled the souffle!
6145,6883,0,7,46,53,1.1320754716981132,0.04695159976668159,610,I told you that triple dark chocolate suicide desert cake was just too much!
6104,6883,0,7,46,53,1.1320754716981132,0.04695159976668159,610,"Honey, I swear, they won't let me cook while on parole."
6013,6883,0,7,46,53,1.1320754716981132,0.04695159976668159,610,You're a poissonier. What did you expect?
5968,6883,0,7,46,53,1.1320754716981132,0.04695159976668159,610,If it were only take-out!
5963,6883,1,5,47,53,1.1320754716981132,0.05413078722488102,610,"So Harry, you found out celebrity chefs also have to pay taxes."
5683,6883,1,5,47,53,1.1320754716981132,0.05413078722488102,610,I told you needing dough doesn't mean you can do what you want with it
2939,6883,0,7,46,53,1.1320754716981132,0.04695159976668159,610,"Honey, there used to mystery meat, Coquille St. Jacques for three thousand will be a stretch."
1612,6883,1,5,47,53,1.1320754716981132,0.05413078722488102,610,You should've never robbed that food bank even though they offered you a pizza the pie.
2658,6883,1,5,47,53,1.1320754716981132,0.05413078722488102,610,"I have something confess - I have been enjoying ""Tables For Two"" with another man"
2938,6883,1,5,47,53,1.1320754716981132,0.05413078722488102,610,Truffles? I just gave you the 'shrooms growing under my deck.
553,6883,2,3,48,53,1.1320754716981132,0.06046347269649694,610,Add some kids and you'll know how busy my life is.
598,6883,0,7,46,53,1.1320754716981132,0.04695159976668159,610,I knew those deviled eggs would cause us trouble.
950,6883,1,5,47,53,1.1320754716981132,0.05413078722488102,610,Best lay the file between the layers.
1027,6883,0,7,46,53,1.1320754716981132,0.04695159976668159,610,"But Mario, you were on The Chew.W"
1062,6883,0,7,46,53,1.1320754716981132,0.04695159976668159,610,"If you’re coming home for dinner, bring leftovers."
650,6883,1,5,47,53,1.1320754716981132,0.05413078722488102,610,Sorry it toque me so long to get here.
1154,6883,2,3,48,53,1.1320754716981132,0.06046347269649694,610,"Bad news, I’m afraid. Your lawyer is going to try a little-used legal maneuver to save you: the Heimlich Motion."
1215,6883,1,5,47,53,1.1320754716981132,0.05413078722488102,610,"I can't bake a knife into a cake, sweetheart. You are the baker in the family."
2217,6883,0,7,46,53,1.1320754716981132,0.04695159976668159,610,I'll just tell the children you finally boiled over.
2231,6883,0,7,46,53,1.1320754716981132,0.04695159976668159,610,"I’m sorry, honey.... Goldfield called it “jail house slop”."
2284,6883,0,7,46,53,1.1320754716981132,0.04695159976668159,610,But WHY can't you just put it on the side?
2503,6883,1,5,47,53,1.1320754716981132,0.05413078722488102,610,"If I told you once, I have told you a thousand times...Don't let the souffle fall"
1122,6883,1,5,47,53,1.1320754716981132,0.05413078722488102,610,I told you 'and/or gluten' would be problematic...
4179,6937,2,3,49,54,1.1296296296296295,0.059383604691421,610,"Again , how long do we bake the soufflés ?"
1176,6937,0,7,47,54,1.1296296296296295,0.04613879568230499,610,Egg-celent! Just egg-celect!
2679,6937,1,5,48,54,1.1296296296296295,0.053175186756420724,610,Maurice. What is our situation here?
3042,6937,0,7,47,54,1.1296296296296295,0.04613879568230499,610,Sorry - they refused to allow foie gras as your conjugal visitor.
3639,6937,1,5,48,54,1.1296296296296295,0.053175186756420724,610,I hid a cake inside your file.
3985,6937,0,7,47,54,1.1296296296296295,0.04613879568230499,610,I thought you said you were going to bake a cake with a file in it for ME?
4782,6943,1,4,44,49,1.1224489795918366,0.055578689246150295,610,It's Sous fault
4957,6943,1,4,44,49,1.1224489795918366,0.055578689246150295,610,Anthony Bourdain told the police my misuse of garlic was criminal.
4958,6943,1,4,44,49,1.1224489795918366,0.055578689246150295,610,"Sorry, they confiscated it. They said you can make your own damn cake."
5107,6943,0,6,43,49,1.1224489795918366,0.04731438007905969,610,"So, what else did you learn?"
4999,6943,1,4,44,49,1.1224489795918366,0.055578689246150295,610,"Not only that, but Ted Allen is demanding your apology for last week's unfortunate incident on ""Chopped."""
5047,6943,0,6,43,49,1.1224489795918366,0.04731438007905969,610,There's a difference. He salted the dish; you assaulted him
5080,6943,0,6,43,49,1.1224489795918366,0.04731438007905969,610,I brought the recipe you wanted. Now where'd you stash the loot?
4419,6943,0,6,43,49,1.1224489795918366,0.04731438007905969,610,Don't complain to me! I told you to take that course to learn how to bake files ands saws into foods discreetly.
5166,6943,0,6,43,49,1.1224489795918366,0.04731438007905969,610,I told you it was too bloody.
5177,6943,1,4,44,49,1.1224489795918366,0.055578689246150295,610,"No, the Prime Minister has not yet recovered from your undercooked oysters, but his staff thought your chocolate crème brulèe absolutely sublime."
4974,6943,1,4,44,49,1.1224489795918366,0.055578689246150295,610,I sold all your cooking stuff to Trump's chef
4361,6943,2,2,45,49,1.1224489795918366,0.06276408873212902,610,No honey. a la carte means you're going to court without an attorney.
4213,6943,0,6,43,49,1.1224489795918366,0.04731438007905969,610,You say that my steak tartar order got you arrested because of de Blasio’s law against serving meat raw?
4333,6943,0,6,43,49,1.1224489795918366,0.04731438007905969,610,"I said serve him the crab trim, not serve him and stab him! Bill knows about us now!"
3517,6943,1,4,44,49,1.1224489795918366,0.055578689246150295,610,Everybody knows your quiche Lorraine is to die for.
3538,6943,1,4,44,49,1.1224489795918366,0.055578689246150295,610,"What's that recipe for your file-cake, again?"
3592,6943,0,6,43,49,1.1224489795918366,0.04731438007905969,610,"You were a doctor, a pilot, a fireman: Who are you really?"
3599,6943,1,4,44,49,1.1224489795918366,0.055578689246150295,610,I don't think it works if you are the one that bakes the cake.
3631,6943,0,6,43,49,1.1224489795918366,0.04731438007905969,610,"My son isn't happy with his meals. ""You'll eat what I cook,"" isn't acceptable!"
3731,6943,1,4,44,49,1.1224489795918366,0.055578689246150295,610,"Yes, our food is vacuum packed after total sterilization by heat and then freezing.2"
3734,6943,1,4,44,49,1.1224489795918366,0.055578689246150295,610,I think the Hannibal Lecter Goulash was a dead giveaway.
3794,6943,1,4,44,49,1.1224489795918366,0.055578689246150295,610,"Sure, darling, but . . . you were always the pie person, right?"
3986,6943,0,6,43,49,1.1224489795918366,0.04731438007905969,610,We need a new plan. They didn’t believe you would trust me to bake a cake.
3993,6943,0,6,43,49,1.1224489795918366,0.04731438007905969,610,"No I do think your chicken florentine was criminal, negligent maybe but not criminal"
4031,6943,0,6,43,49,1.1224489795918366,0.04731438007905969,610,I said serve the poisson course.
4140,6943,1,4,44,49,1.1224489795918366,0.055578689246150295,610,Perhaps this isn’t the best time to remind you that I don’t do filing?
5253,6943,0,6,43,49,1.1224489795918366,0.04731438007905969,610,The county school system objects to early parole because your cooking is neither too sugary nor too salty which violated standards.
4229,6943,0,6,43,49,1.1224489795918366,0.04731438007905969,610,The judge says you're not getting out until you tell him the secret ingredients in your chili.
7932,6943,0,6,43,49,1.1224489795918366,0.04731438007905969,610,I’m supposed to get 26; you only gave me 24.
4313,6943,1,4,44,49,1.1224489795918366,0.055578689246150295,610,I have smuggled in some marscapone for you
4326,6943,0,6,43,49,1.1224489795918366,0.04731438007905969,610,What are you cooking up?
4335,6943,0,6,43,49,1.1224489795918366,0.04731438007905969,610,"Told you not to add that extra Chilli pepper, but you wouldn't listen."
5254,6943,0,6,43,49,1.1224489795918366,0.04731438007905969,610,The sentence was unfair. Your Baked Alaska was not that bad.
6061,6943,1,4,44,49,1.1224489795918366,0.055578689246150295,610,Too many crooks spoil the brothel!
5289,6943,0,6,43,49,1.1224489795918366,0.04731438007905969,610,The order was for the dessert!! (Death by Chocolate misinterpreted)
7681,6943,1,4,44,49,1.1224489795918366,0.055578689246150295,610,I warned you to go easy on the spice.
7647,6943,1,4,44,49,1.1224489795918366,0.055578689246150295,610,"At this point in time, what's the difference?"
7523,6943,1,4,44,49,1.1224489795918366,0.055578689246150295,610,"Say 'good-bye' to the food police, and 'hello' to a healthier you."
7415,6943,1,4,44,49,1.1224489795918366,0.055578689246150295,610,Does your grand toque get you better treatment in the 'yard'?
7209,6943,0,6,43,49,1.1224489795918366,0.04731438007905969,610,I just can't get the ingredients that I need for chateaubriand.
7062,6943,1,4,44,49,1.1224489795918366,0.055578689246150295,610,"So, no one noticed you're serving time for poisoning your brother?"
7755,6943,1,4,44,49,1.1224489795918366,0.055578689246150295,610,How difficult can it be to fold a file into the cake?
6700,6943,0,6,43,49,1.1224489795918366,0.04731438007905969,610,"""...Someone left the cake out in the rain..."" from ""MacArthur Park"" lyrics by Jimmy Webb"
6687,6943,1,4,44,49,1.1224489795918366,0.055578689246150295,610,"Sous, you've taken this Johnny Cash thing too far."
6623,6943,1,4,44,49,1.1224489795918366,0.055578689246150295,610,Don’t hate me but I’ve fallen in love with Chef Boyardee
6562,6943,0,6,43,49,1.1224489795918366,0.04731438007905969,610,"Apparently you've taken ""Death by Chocolate"" a bit too far."
6550,6943,0,6,43,49,1.1224489795918366,0.04731438007905969,610,I told you to stop using so much garlic in your sauce.
6488,6943,0,6,43,49,1.1224489795918366,0.04731438007905969,610,He ordered it well-done?
3485,6943,0,6,43,49,1.1224489795918366,0.04731438007905969,610,Is the gratuity included?
6694,6943,1,4,44,49,1.1224489795918366,0.055578689246150295,610,I think I can get you off on an insanity plea for the failed soufle
5281,6943,1,4,44,49,1.1224489795918366,0.055578689246150295,610,"A rat controlling your actions from the inside of your toque is not an alibi, Larry."
7778,6943,0,6,43,49,1.1224489795918366,0.04731438007905969,610,The old lace on the brim definitely gave it away.
7824,6943,2,2,45,49,1.1224489795918366,0.06276408873212902,610,How much experience have you had with tossing salads?
5318,6943,1,4,44,49,1.1224489795918366,0.055578689246150295,610,We all thought it was a lobster.
5322,6943,0,6,43,49,1.1224489795918366,0.04731438007905969,610,The restaurant you stole the secret recipe from closed last week.
5346,6943,0,6,43,49,1.1224489795918366,0.04731438007905969,610,Did you say you want me to bring sharp knives on my next visit?
5613,6943,1,4,44,49,1.1224489795918366,0.055578689246150295,610,"They ran and they ran as fast as they could, and they caught him"
5665,6943,1,4,44,49,1.1224489795918366,0.055578689246150295,610,Can you do our catering for our baby's Bar Mitzvah?
5673,6943,1,4,44,49,1.1224489795918366,0.055578689246150295,610,I told you that casserole would get you in trouble some day
7779,6943,1,4,44,49,1.1224489795918366,0.055578689246150295,610,Will they let you cook gluten free?
5751,6943,0,6,43,49,1.1224489795918366,0.04731438007905969,610,No mille-feuilles. I'll hide it in a sheet cake and that's the end of it.
6149,6943,2,2,45,49,1.1224489795918366,0.06276408873212902,610,"I've never before grasped the meaning of the phrase, ""Honk if you love silence."""
6281,6943,1,4,44,49,1.1224489795918366,0.055578689246150295,610,I've told you over and over again; stop cooking up your crooked schemes!
6400,6943,1,4,44,49,1.1224489795918366,0.055578689246150295,610,I'm still not really at ease with the way you cook pizza.
6437,6943,0,6,43,49,1.1224489795918366,0.04731438007905969,610,"Bunny boiler is a gender-neutral term these days, John, and I'd say you're looking at three years minimum!"
7919,6943,0,6,43,49,1.1224489795918366,0.04731438007905969,610,Looks like you're really cooked this time.
7903,6943,0,6,43,49,1.1224489795918366,0.04731438007905969,610,"I'm sorry, I can only wait so long. The soufflés are almost done."
5822,6943,0,6,43,49,1.1224489795918366,0.04731438007905969,610,I told you that cake would be the death of you.
3434,6943,2,2,45,49,1.1224489795918366,0.06276408873212902,610,"Ordering a steak well done is not a good enough reason, Reginald."
1701,6943,1,4,44,49,1.1224489795918366,0.055578689246150295,610,I loved your short bread honey....
3048,6943,1,4,44,49,1.1224489795918366,0.055578689246150295,610,Mama’s got freezer burn.
1140,6943,1,4,44,49,1.1224489795918366,0.055578689246150295,610,"Sorry honey, but your baking is so criminal, a file in a cake would be an improvement."
1055,6943,1,4,44,49,1.1224489795918366,0.055578689246150295,610,"Funny, you nevah mentioned having a peanut allergy before we got married, now did ya?"
1044,6943,0,6,43,49,1.1224489795918366,0.04731438007905969,610,"So, are you saying dessert is cancelled?"
997,6943,0,6,43,49,1.1224489795918366,0.04731438007905969,610,"...uhh, the recipe of the cake in your file?"
994,6943,0,6,43,49,1.1224489795918366,0.04731438007905969,610,The warden claims your unapproved long wine cellar for the cafeteria will let you age well in here.
926,6943,0,6,43,49,1.1224489795918366,0.04731438007905969,610,The lawyer says you can plead down to manslaughter by criminal decadence.
864,6943,0,6,43,49,1.1224489795918366,0.04731438007905969,610,Where do you keep the recipe for cake a la file and saw?
832,6943,2,2,45,49,1.1224489795918366,0.06276408873212902,610,I told you not to poison his soup.
796,6943,0,6,43,49,1.1224489795918366,0.04731438007905969,610,"I'm sorry to tell you this, but the new tariff includes wine and cheese."
633,6943,0,6,43,49,1.1224489795918366,0.04731438007905969,610,"I don't care how badly you had to ""go""!"
632,6943,0,6,43,49,1.1224489795918366,0.04731438007905969,610,I sold your secret recipe so you could get out.
487,6943,1,4,44,49,1.1224489795918366,0.055578689246150295,610,I really appreciate that you found time for me during your Halloween party
479,6943,1,4,44,49,1.1224489795918366,0.055578689246150295,610,"Mom, you can’t punch customers who send back food."
418,6943,0,6,43,49,1.1224489795918366,0.04731438007905969,610,Your pastries are too good! The mayor is pinning the dough-pioid epidemic on you.
337,6943,0,6,43,49,1.1224489795918366,0.04731438007905969,610,How's the ravioli today?
321,6943,0,6,43,49,1.1224489795918366,0.04731438007905969,610,I'm not really sure where to hide the file in the deconstructed profiteroles.
198,6943,1,4,44,49,1.1224489795918366,0.055578689246150295,610,"I, Teara, miss you, too."
173,6943,0,6,43,49,1.1224489795918366,0.04731438007905969,610,"Your judge was on a low-calorie diet, so it was really just bad luck."
170,6943,1,4,44,49,1.1224489795918366,0.055578689246150295,610,Are you the execution chef?
1146,6943,0,6,43,49,1.1224489795918366,0.04731438007905969,610,I used Miracle Whip instead of mayonnaise for the bouillabaisse Rouille. Live with it.
1258,6943,0,6,43,49,1.1224489795918366,0.04731438007905969,610,What duo mean my boulliabase is criminal?
530,6943,0,6,43,49,1.1224489795918366,0.04731438007905969,610,I'm moving to Brazil.
1329,6943,1,4,44,49,1.1224489795918366,0.055578689246150295,610,I warned you not to mess with Foodies.
1278,6943,0,6,43,49,1.1224489795918366,0.04731438007905969,610,What? You didn’t even try the cake I baked?
3038,6943,1,4,44,49,1.1224489795918366,0.055578689246150295,610,This postmodern literalism movement has gone too far...
3013,6943,1,4,44,49,1.1224489795918366,0.055578689246150295,610,My compliments to the chef for the excellent bread and water.
2804,6943,1,4,44,49,1.1224489795918366,0.055578689246150295,610,"Ok, I went in and yelled at the cooks, they hardly noticed you were gone"
2789,6943,0,6,43,49,1.1224489795918366,0.04731438007905969,610,"No, they still didn't like it"
2775,6943,0,6,43,49,1.1224489795918366,0.04731438007905969,610,"No son, you can't make selfies with these phones."
2595,6943,0,6,43,49,1.1224489795918366,0.04731438007905969,610,When you ere released next week my mother will be at home.
2367,6943,0,6,43,49,1.1224489795918366,0.04731438007905969,610,"Once again, genius, why did my soufflé fizzle?"
3113,6943,0,6,43,49,1.1224489795918366,0.04731438007905969,610,He says he can’t represent you if you insist on using your own recipe for the Twinkie defense.
2239,6943,1,4,44,49,1.1224489795918366,0.055578689246150295,610,I told you not to serve that potato salad.
2773,6943,1,4,44,49,1.1224489795918366,0.055578689246150295,610,"But, the district attorney didn't have to proof your cooked books."
2219,6943,1,4,44,49,1.1224489795918366,0.055578689246150295,610,"Bernie would have won, apparently."
2139,6943,0,6,43,49,1.1224489795918366,0.04731438007905969,610,When they said Sous chef ...………
1956,6943,0,6,43,49,1.1224489795918366,0.04731438007905969,610,I'll try to sneak in a file with a cake in it.
1868,6943,0,6,43,49,1.1224489795918366,0.04731438007905969,610,I think it was when you said sauce
1770,6943,0,6,43,49,1.1224489795918366,0.04731438007905969,610,I hid a burner in the cake.
1695,6943,0,6,43,49,1.1224489795918366,0.04731438007905969,610,"I'm longing for one your dinners, dear, the food in here is horrible."
1597,6943,2,2,45,49,1.1224489795918366,0.06276408873212902,610,"I guess ""Meth Bolognese"" ain't haute cuisine after all."
1406,6943,1,4,44,49,1.1224489795918366,0.055578689246150295,610,Now I can finally give my compliments to the chef.
1336,6943,1,4,44,49,1.1224489795918366,0.055578689246150295,610,I feel safer riding on top
4380,7057,0,6,44,50,1.12,0.046423076597919784,610,"Yes, I imagine this is even worse than 'the weeds'."
4336,7057,0,6,44,50,1.12,0.046423076597919784,610,"I know honey, but if ""compliments to the chef"" was the only reason you joined the Last Meal Program, I...I just don't think you're ever going to get that validation."
3900,7057,0,6,44,50,1.12,0.046423076597919784,610,"Listen, thanks for visiting, but I gotta go. My toilet stew is going to be ruined if I don’t get back soon."
3611,7057,1,4,45,50,1.12,0.05451081150953976,610,"The lawyer says your saying, ""These cookies are to die for,"" was politically incorrect and swayed the jury the wrong way."
3297,7057,0,6,44,50,1.12,0.046423076597919784,610,"I'd like a cherry pie, a dozen chocolate croissants and a date."
3179,7057,1,4,45,50,1.12,0.05451081150953976,610,How many times have I told you not to use so much salt?
2052,7057,0,6,44,50,1.12,0.046423076597919784,610,"Oh, Charlie. Why did you have to cook the books?"
2616,7057,1,4,45,50,1.12,0.05451081150953976,610,This is a recipe for disaster!
2104,7057,1,4,45,50,1.12,0.05451081150953976,610,I said “poor Ed.....not puréed”
1948,7057,0,6,44,50,1.12,0.046423076597919784,610,That's what you get for trying to cook turnip greens and chitlin's together when the windows open.
4448,7057,1,4,45,50,1.12,0.05451081150953976,610,I prefer my steak well done now.
2044,7057,0,6,44,50,1.12,0.046423076597919784,610,"I don’t know why I came here, I’ve just been so Ravi-lonely without you"
1969,7057,0,6,44,50,1.12,0.046423076597919784,610,I told you that Beef Wellington was a bad idea!
3118,7057,0,6,44,50,1.12,0.046423076597919784,610,You might have taken that chocolate mousse too far this time.
4511,7057,1,4,45,50,1.12,0.05451081150953976,610,I just use bread for the shingle
6604,7057,0,6,44,50,1.12,0.046423076597919784,610,"Look, I’m sorry. But the soup was cold AND too salty."
5002,7057,1,4,45,50,1.12,0.05451081150953976,610,"Honey, it is bad enough you went on the plane from work; but, did you have to talk about battering and pilot lights?"
5006,7057,1,4,45,50,1.12,0.05451081150953976,610,Free the gluttons.
5329,7057,0,6,44,50,1.12,0.046423076597919784,610,Just because of a little glten in tbe grravy?
5421,7057,1,4,45,50,1.12,0.05451081150953976,610,Look I know you took the dough. You knead my help or you're toast.
5536,7057,1,4,45,50,1.12,0.05451081150953976,610,He wants gumbo for his last meal. Put a file in it.
6063,7057,0,6,44,50,1.12,0.046423076597919784,610,It was just OK. The beurre manié was a bit too lumpy.
6201,7057,1,4,45,50,1.12,0.05451081150953976,610,You’re telling me the commissary doesn’t accept bitcoin.
6236,7057,1,4,45,50,1.12,0.05451081150953976,610,Maybe the Chef Named Sue on the inside can become a sous-chef on the outside.
6974,7057,1,4,45,50,1.12,0.05451081150953976,610,I told you to be careful feeding the Queen puffer fish!
7042,7057,1,4,45,50,1.12,0.05451081150953976,610,"I'll do everything I can to get you out of here, but it's not looking good for cooks that run out of avocado at brunch."
7205,7057,0,6,44,50,1.12,0.046423076597919784,610,I spoke to the warden today and he said he’ll let you out after you make that brioche one last time.
1901,7057,0,6,44,50,1.12,0.046423076597919784,610,"""What was that again, a gatto with a feel in it?"
7219,7057,1,4,45,50,1.12,0.05451081150953976,610,"Yes, I enjoyed the loaf of bread you baked, and I found the shiv. But we need to talk."
7337,7057,1,4,45,50,1.12,0.05451081150953976,610,It was your Mushroom Medlee that did them in.
4762,7057,2,2,46,50,1.12,0.061544740652965765,610,The sous-chef misses you
1749,7057,0,6,44,50,1.12,0.046423076597919784,610,Not you. The candlestick maker!!!
6225,7057,0,6,44,50,1.12,0.046423076597919784,610,"It was the foie gras, wasn't it?"
1011,7057,0,6,44,50,1.12,0.046423076597919784,610,You should have printed ALL the ingredients.
850,7057,0,6,44,50,1.12,0.046423076597919784,610,"Just tell us your secret for a flaky pastry crust, and the authorities will go lightly on you."
800,7057,0,6,44,50,1.12,0.046423076597919784,610,"I'm sorry, but I've got to get out there and explore new diets."
765,7057,1,4,45,50,1.12,0.05451081150953976,610,"When Gordon Ramsey said I'll go to jail for how bad my cakes are, he wasn't joking."
753,7057,0,6,44,50,1.12,0.046423076597919784,610,Looks like you haven't been scared straight...
57,7057,1,4,45,50,1.12,0.05451081150953976,610,Hey what was that recipe to make the duck confit again?
1488,7057,0,6,44,50,1.12,0.046423076597919784,610,You can bake the cake but I can't give you a knife.
1158,7097,0,6,45,51,1.1176470588235294,0.04556450995538139,610,"Yes, monsieur, he did croak!"
3562,7097,1,4,46,51,1.1176470588235294,0.05348306547837592,610,I'm baking up with you.
4225,7097,1,4,46,51,1.1176470588235294,0.05348306547837592,610,"He set bail at a butternut squash soup, a pan-seared filet mignon, broiled lobster tails dipped in garlic and chili butter, and a tiramisu for dessert. Oh, and he says to come back for his wife's order."
5461,7097,1,4,46,51,1.1176470588235294,0.05348306547837592,610,They’re saying you microwaved the 20oz Filet.
6140,7097,0,6,45,51,1.1176470588235294,0.04556450995538139,610,There's a cake hidden inside the file.
5912,7097,0,6,45,51,1.1176470588235294,0.04556450995538139,610,The chief witness was eggecuted quiche.
6103,7097,0,6,45,51,1.1176470588235294,0.04556450995538139,610,"Carl, I sold the restaurant, and I'm going to Greece with Mickey."
1105,7097,1,4,46,51,1.1176470588235294,0.05348306547837592,610,"They’re trying to pin the tomato aspic on you, but we’ll fight down to the last jello mold!"
6583,7097,1,4,46,51,1.1176470588235294,0.05348306547837592,610,You want me to bake you a cake! You want me to bake you a cake!
5567,7097,0,6,45,51,1.1176470588235294,0.04556450995538139,610,It was a bad idea to hide that cash in the pastry dough.
70,7097,1,4,46,51,1.1176470588235294,0.05348306547837592,610,"Hang in there, chef. The trial is running a bit long since they haven’t found someone who can translate chicken yet."
3293,7097,0,6,45,51,1.1176470588235294,0.04556450995538139,610,What do you mean they ran out of your size?
2513,7109,0,6,46,52,1.1153846153846154,0.044736922925984586,610,"You're the chef in a prison?"" ""I am indeed, dear lady."" ""What's on your menu?"" "" Every day, it's beans and tortillas, or grits."" ""Every day?"" ""Every day."" ""Why every day, beans and tortillas or grits?"" ""They are my most popular."
6628,7109,2,2,48,52,1.1153846153846154,0.059242618939646566,610,I'm sure this was all a big misteak.
3830,7109,0,6,46,52,1.1153846153846154,0.044736922925984586,610,I thought you said Kitchen Criminals went off the air in 2007.
2309,7109,0,6,46,52,1.1153846153846154,0.044736922925984586,610,Would it kill you to just give in and start cooking kale and Brussels sprouts?!?!
5703,7113,0,5,41,46,1.108695652173913,0.04639945099589022,610,The quarks will be ready in .000007 seconds.
5936,7113,0,5,41,46,1.108695652173913,0.04639945099589022,610,I thought you meant the chocolate cake was criminal good not criminal bad.
5165,7113,1,3,42,46,1.108695652173913,0.05584883729854405,610,"On the bright side, they all like me because they think I tried to kill that friendly looking rat in some Disney movie."
5173,7113,0,5,41,46,1.108695652173913,0.04639945099589022,610,"The judge is on a diet, so at least the D.A. can't compel you to testifry."
5190,7113,0,5,41,46,1.108695652173913,0.04639945099589022,610,It's Passover ... I couldn't raise the dough.
5196,7113,0,5,41,46,1.108695652173913,0.04639945099589022,610,I think you should push for a delivery service.
5218,7113,0,5,41,46,1.108695652173913,0.04639945099589022,610,"Your dairy-free, wheat-free and sugar-free health kick has imprisoned my creative sensibilities and placed a barrier between us."
5294,7113,0,5,41,46,1.108695652173913,0.04639945099589022,610,I think this is simply a case of blurred limes.
5295,7113,2,1,43,46,1.108695652173913,0.06391616542376796,610,"You hd to serve the tiramisu to die for, I assume?"
5369,7113,0,5,41,46,1.108695652173913,0.04639945099589022,610,That wasn’t just any lobster. It was Colin Farrell.
5718,7113,0,5,41,46,1.108695652173913,0.04639945099589022,610,"If you'll recall, a hacksaw in the cake put your here in the first place."
5371,7113,0,5,41,46,1.108695652173913,0.04639945099589022,610,I'd like a reservation for six at the chef's table.
5809,7113,0,5,41,46,1.108695652173913,0.04639945099589022,610,I meant BROCCOLI rabe.
5420,7113,1,3,42,46,1.108695652173913,0.05584883729854405,610,"Oh, Thomas! As your attorney, I must reiterate that the jury will not be won over by designating yourself a ""meth chef"" as opposed to ""meth cook."""
5480,7113,0,5,41,46,1.108695652173913,0.04639945099589022,610,Thank goodness! The food in here sucks!
5575,7113,0,5,41,46,1.108695652173913,0.04639945099589022,610,Non GMO please.
3758,7113,0,5,41,46,1.108695652173913,0.04639945099589022,610,Your souffle fell.
5627,7113,1,3,42,46,1.108695652173913,0.05584883729854405,610,What's your recipe for bars?
5645,7113,1,3,42,46,1.108695652173913,0.05584883729854405,610,I SEE MY OOSE IS COOKED.
5671,7113,0,5,41,46,1.108695652173913,0.04639945099589022,610,Most of my competitors for this job opening had trouble passing the background check.
5695,7113,1,3,42,46,1.108695652173913,0.05584883729854405,610,"Knife INSIDE, bake OUTSIDE!"
5380,7113,1,3,42,46,1.108695652173913,0.05584883729854405,610,The souffle never recovered.
5405,7113,0,5,41,46,1.108695652173913,0.04639945099589022,610,What? And have you criticize my baking again? Not a chance.
4349,7113,1,3,42,46,1.108695652173913,0.05584883729854405,610,You should've stopped at the deer leg.
3935,7113,0,5,41,46,1.108695652173913,0.04639945099589022,610,I told you this would happen if you continued serving hamburgers your way!
4377,7113,0,5,41,46,1.108695652173913,0.04639945099589022,610,Judge says maybe two to five for good soufflé.
4399,7113,0,5,41,46,1.108695652173913,0.04639945099589022,610,It was only only toque.
4436,7113,0,5,41,46,1.108695652173913,0.04639945099589022,610,"No, dear, no file until you finally give me recipe for that cake."
4494,7113,0,5,41,46,1.108695652173913,0.04639945099589022,610,"Look at the bright side of things. Instead of buying naming rights from the Transit Authority, what if they had bought naming rights from the Navy!"
4517,7113,0,5,41,46,1.108695652173913,0.04639945099589022,610,and the chickens are not free range...
4702,7113,0,5,41,46,1.108695652173913,0.04639945099589022,610,"I miss playing ""Hot Cross Buns""."
4750,7113,0,5,41,46,1.108695652173913,0.04639945099589022,610,"""Sorry Emile, it's the crock pot at dawn tomorrow""."
4767,7113,0,5,41,46,1.108695652173913,0.04639945099589022,610,Remember when you made those Irish Car Bomb Cupcakes?
4825,7113,1,3,42,46,1.108695652173913,0.05584883729854405,610,I miss your cooking at home!
4852,7113,0,5,41,46,1.108695652173913,0.04639945099589022,610,You're a killer cook.
4892,7113,0,5,41,46,1.108695652173913,0.04639945099589022,610,Tell me again...how many sticks of butter is make cup.
4231,7113,0,5,41,46,1.108695652173913,0.04639945099589022,610,I told you that it is a crime to overcook gourmet food
4934,7113,0,5,41,46,1.108695652173913,0.04639945099589022,610,"Stop exaggerating, Gordon Ramsay’s in the real Hell’s Kitchen."
4197,7113,0,5,41,46,1.108695652173913,0.04639945099589022,610,Sorry madam! We don't serve Kosher meat on Good Friday.
4157,7113,1,3,42,46,1.108695652173913,0.05584883729854405,610,"No, I can't slip you a file into a cake!"
4153,7113,0,5,41,46,1.108695652173913,0.04639945099589022,610,"I told you the bank heist to save the bakery was a bad idea, but would you listen? Nooooooo . . ."
5971,7113,0,5,41,46,1.108695652173913,0.04639945099589022,610,Bake on a low flame for 18 months
4127,7113,0,5,41,46,1.108695652173913,0.04639945099589022,610,y-y-you heard what they did to Mario...
4125,7113,0,5,41,46,1.108695652173913,0.04639945099589022,610,Aren't you supposed to bake the hacksaw in the cake?
4105,7113,0,5,41,46,1.108695652173913,0.04639945099589022,610,"Well, since you are such a control freak and never let me bake, I forgot to set a timer for the cake and burned the house down. So what's plan B?"
4084,7113,0,5,41,46,1.108695652173913,0.04639945099589022,610,Oh... now I understand what those lumps in the ravioli were last night
4073,7113,0,5,41,46,1.108695652173913,0.04639945099589022,610,I told you putting files in cakes was a bad idea.
4058,7113,0,5,41,46,1.108695652173913,0.04639945099589022,610,"Henry, I'm down to our last spatula. The kids are going to have to start sharing."
4039,7113,0,5,41,46,1.108695652173913,0.04639945099589022,610,No way I am bringing you cannabis for your cooking.
5011,7113,0,5,41,46,1.108695652173913,0.04639945099589022,610,What are you cooking up this time?
5978,7113,0,5,41,46,1.108695652173913,0.04639945099589022,610,"Well, I guess Hell could have been worse."
6337,7113,0,5,41,46,1.108695652173913,0.04639945099589022,610,I’m sorry. A flat shuffle is no small matter.
6121,7113,0,5,41,46,1.108695652173913,0.04639945099589022,610,"The onion soup was really good, can't you get leniency?"
7622,7113,0,5,41,46,1.108695652173913,0.04639945099589022,610,Sorry about the losing your job and the fuss
7599,7113,1,3,42,46,1.108695652173913,0.05584883729854405,610,"So, was it worth it? I mean, you’re in here, while they’re on their honeymoon…"
7516,7113,0,5,41,46,1.108695652173913,0.04639945099589022,610,"I was going to bring you a cake with a file inside, but I figured you'd bakesplain everything wrong with it."
3726,7113,0,5,41,46,1.108695652173913,0.04639945099589022,610,Since when does bakers dozen refer to bank robberies?
7500,7113,0,5,41,46,1.108695652173913,0.04639945099589022,610,"When they called subway on track 14, I couldn't believe my eyes!"
7458,7113,0,5,41,46,1.108695652173913,0.04639945099589022,610,Say it with conviction: what will you have to drink with that.
7456,7113,1,3,42,46,1.108695652173913,0.05584883729854405,610,"It was an accident, I swear. I thought the arsenic added a subtle flavor to the dish!"
7400,7113,0,5,41,46,1.108695652173913,0.04639945099589022,610,"If you hate this, don’t become Sous Chef."
7386,7113,0,5,41,46,1.108695652173913,0.04639945099589022,610,"Honestly Pierre, I don't think divulging the secret ingredient will sway the parole board one way or the other."
7357,7113,0,5,41,46,1.108695652173913,0.04639945099589022,610,Well I guess undercooking your Risotto was a crime!
7326,7113,0,5,41,46,1.108695652173913,0.04639945099589022,610,I told you the statue of limitations never ran out on margarine.
7171,7113,0,5,41,46,1.108695652173913,0.04639945099589022,610,"Darling, I didn’t know you eventually learned to cook in prison."
7134,7113,0,5,41,46,1.108695652173913,0.04639945099589022,610,I had no clue what you were cooking up with your brother.
7123,7113,1,3,42,46,1.108695652173913,0.05584883729854405,610,You’re the chef. You bake a. ake with a file in it.
7067,7113,0,5,41,46,1.108695652173913,0.04639945099589022,610,"Ok, I'll bring the live goose and shiitake mushrooms. But for the last time, Frankie, the 8"" chef's knife is totally out of the question."
7022,7113,0,5,41,46,1.108695652173913,0.04639945099589022,610,Was it medicinal or recreational pot roast?
6992,7113,1,3,42,46,1.108695652173913,0.05584883729854405,610,Well it looks like you’re eating well at least.
6990,7113,0,5,41,46,1.108695652173913,0.04639945099589022,610,I don't care if you are a jolly good felon. Hand over the Recipe!
6986,7113,0,5,41,46,1.108695652173913,0.04639945099589022,610,Everything is changed. We started to use frozen diced ones.
6907,7113,2,1,43,46,1.108695652173913,0.06391616542376796,610,"Chef, let me go over this one more time. Vegans do not want lard in their cakes, even if most people don't eat the frosting."
6828,7113,1,3,42,46,1.108695652173913,0.05584883729854405,610,Tell me again what else to add to make your signature omelet.
6790,7113,1,3,42,46,1.108695652173913,0.05584883729854405,610,"What were you think, serving Red with fish?"
6719,7113,0,5,41,46,1.108695652173913,0.04639945099589022,610,"Mon chéri, Michel just stole the recipe for croissants [aux cerise] volês that you stole from Jean-Pierre. Remember you are head Chef !"
7679,7113,0,5,41,46,1.108695652173913,0.04639945099589022,610,And your scheme was a real recipe for disaster.
6021,7113,1,3,42,46,1.108695652173913,0.05584883729854405,610,"But Pierre, you never taught me how to bake a cake."
7747,7113,1,3,42,46,1.108695652173913,0.05584883729854405,610,All I am suggesting is that you modify your recipe a bit for the cake
7917,7113,0,5,41,46,1.108695652173913,0.04639945099589022,610,You should not have lied about your omelette count.
6126,7113,0,5,41,46,1.108695652173913,0.04639945099589022,610,"Honey, your fall from sous-chef to sued chef is the latest dish."
6139,7113,0,5,41,46,1.108695652173913,0.04639945099589022,610,"Instead of the traditional cake, can you put the file in a grand mariner souffle?"
6150,7113,0,5,41,46,1.108695652173913,0.04639945099589022,610,I told you not to leave it in the pudding...
6153,7113,1,3,42,46,1.108695652173913,0.05584883729854405,610,I told you he only wants cheeseburgers!
6191,7113,2,1,43,46,1.108695652173913,0.06391616542376796,610,"I did bake the key, but nooo, Malone the Blade ate it!"
6218,7113,0,5,41,46,1.108695652173913,0.04639945099589022,610,Was the cake in your mug shot too?
6246,7113,0,5,41,46,1.108695652173913,0.04639945099589022,610,"'Your key and file pie was voted worst in class by the sheriff."""
6275,7113,0,5,41,46,1.108695652173913,0.04639945099589022,610,"Well, Henry, I did try to hide a file in the soufflé, but it wouldn't rise..."
6300,7113,0,5,41,46,1.108695652173913,0.04639945099589022,610,I will definitely bring you baking soda and vinegar which should make a nice explosion.
6347,7113,0,5,41,46,1.108695652173913,0.04639945099589022,610,"- I agree, Hun, but the one you used last time for the State dinner did not turned red!"
6377,7113,0,5,41,46,1.108695652173913,0.04639945099589022,610,"The next time you visit, would you like a cake with a file?"
6396,7113,0,5,41,46,1.108695652173913,0.04639945099589022,610,"If you want to appeal your manslaughter conviction, let's take blowfish liver off the menu."
6415,7113,0,5,41,46,1.108695652173913,0.04639945099589022,610,"You were not to know he liked ketchup on his cheeseburger ,it's so unfair."
6421,7113,0,5,41,46,1.108695652173913,0.04639945099589022,610,"Martha, can skipping lunch cause hallucinations??"
6453,7113,0,5,41,46,1.108695652173913,0.04639945099589022,610,"I was just making my casserole and BAM, I wind up in here"
6487,7113,0,5,41,46,1.108695652173913,0.04639945099589022,610,You burned the Brown Sauce!
6500,7113,0,5,41,46,1.108695652173913,0.04639945099589022,610,I'm not prepared to bake a cake with a metal file inside.
6564,7113,0,5,41,46,1.108695652173913,0.04639945099589022,610,Be careful! We don't want to cook the phone lines!
6567,7113,1,3,42,46,1.108695652173913,0.05584883729854405,610,I’ve searched everywhere. We can only find twelve.
6613,7113,1,3,42,46,1.108695652173913,0.05584883729854405,610,An extra large please
6614,7113,1,3,42,46,1.108695652173913,0.05584883729854405,610,They said red velvet cake is a crime against humanity.
6656,7113,0,5,41,46,1.108695652173913,0.04639945099589022,610,"I'm sorry, too, but your prices _were_ criminal."
6703,7113,0,5,41,46,1.108695652173913,0.04639945099589022,610,A failed attempt of cooking puffer fish
7823,7113,0,5,41,46,1.108695652173913,0.04639945099589022,610,Everyone's saying you got incaramelated because of your killer creme brulée...
3715,7113,0,5,41,46,1.108695652173913,0.04639945099589022,610,You are no longer the chef of the future.
4636,7113,1,3,42,46,1.108695652173913,0.05584883729854405,610,I need a couple pies for Friday
3657,7113,1,3,42,46,1.108695652173913,0.05584883729854405,610,"I'm so sorry, they only had the tinned anchovies and they were in oil, not salt."
737,7113,1,3,42,46,1.108695652173913,0.05584883729854405,610,They didn't go for the talking rat defense.
812,7113,0,5,41,46,1.108695652173913,0.04639945099589022,610,Ok you have to tell me where the dog is and why you left a freshly cooked Coq au vin in the kitchen.
823,7113,0,5,41,46,1.108695652173913,0.04639945099589022,610,I tried to warn you. 'Chocolate Decadence' is illegal in this state.
825,7113,0,5,41,46,1.108695652173913,0.04639945099589022,610,Can I have that to go?
894,7113,1,3,42,46,1.108695652173913,0.05584883729854405,610,Have you started to improve your cooking ?
896,7113,2,1,43,46,1.108695652173913,0.06391616542376796,610,"On the other hand, your souffle' was a hit."
899,7113,0,5,41,46,1.108695652173913,0.04639945099589022,610,I can’t believe the toque you away looking like that
713,7113,0,5,41,46,1.108695652173913,0.04639945099589022,610,I can take this one if it’s gluten free
939,7113,0,5,41,46,1.108695652173913,0.04639945099589022,610,"Honey, I understand about biohazards, but when are you coming home for diner"
968,7113,0,5,41,46,1.108695652173913,0.04639945099589022,610,"Under cooking raw meats, chicken, seafood or eggs may result in being arrested..."
974,7113,0,5,41,46,1.108695652173913,0.04639945099589022,610,We would have baked a saw in a cake—but you're the cook.
1004,7113,0,5,41,46,1.108695652173913,0.04639945099589022,610,The souffle of our love has collapsed.
1013,7113,0,5,41,46,1.108695652173913,0.04639945099589022,610,"So, you're telling me the Pepperoni is gonna be late for delivery?"
1045,7113,1,3,42,46,1.108695652173913,0.05584883729854405,610,"I'm sorry, Reggie. You said culinary school was harsh, but..."
1156,7113,0,5,41,46,1.108695652173913,0.04639945099589022,610,I told you not to jump on the marijuana is ok bandwagon
1166,7113,0,5,41,46,1.108695652173913,0.04639945099589022,610,"Did you say "" Devil eggs with or without French fries ?"
955,7113,0,5,41,46,1.108695652173913,0.04639945099589022,610,I need a cake for the file.
688,7113,0,5,41,46,1.108695652173913,0.04639945099589022,610,"You could cook the books, but couldn’t cook up an alibi?"
656,7113,2,1,43,46,1.108695652173913,0.06391616542376796,610,I can't see you anymore. I found a new Baker... he doesn't use gluten.
605,7113,1,3,42,46,1.108695652173913,0.05584883729854405,610,"I'm sorry, the Gingerbread Man ran, ran, ran straight to D.A. Fox."
3690,7113,1,3,42,46,1.108695652173913,0.05584883729854405,610,"Stay put for a while longer, Honey. Too dangerous out here."
11,7113,0,5,41,46,1.108695652173913,0.04639945099589022,610,Vegan and gluten-free options on track next week.
31,7113,0,5,41,46,1.108695652173913,0.04639945099589022,610,Looks like we'll have to sit in the club car.
83,7113,0,5,41,46,1.108695652173913,0.04639945099589022,610,"This may be bad timing, but my steak is a little pink."
205,7113,0,5,41,46,1.108695652173913,0.04639945099589022,610,"I put the file in the souffle and bake at 350 for 30 minutes, got it."
209,7113,0,5,41,46,1.108695652173913,0.04639945099589022,610,Death by chocolate? So very unoriginal.
314,7113,1,3,42,46,1.108695652173913,0.05584883729854405,610,I told you those bad eggs would turn over easy.
323,7113,1,3,42,46,1.108695652173913,0.05584883729854405,610,"Honey, I put the spatula in the cake?"
329,7113,0,5,41,46,1.108695652173913,0.04639945099589022,610,"So, you didn't win Top Chef?"
417,7113,0,5,41,46,1.108695652173913,0.04639945099589022,610,How is your goose?
420,7113,0,5,41,46,1.108695652173913,0.04639945099589022,610,I just assumed you were making the cake with a file in it.
497,7113,1,3,42,46,1.108695652173913,0.05584883729854405,610,They said canning pasta doesn't qualify for a work visa.
520,7113,1,3,42,46,1.108695652173913,0.05584883729854405,610,"So let me guess, your hot dog stand is owned by a Millennial, hence this exaggerated method of ordering a hot dog with mustard."
528,7113,2,1,43,46,1.108695652173913,0.06391616542376796,610,Your flambé flamed out.
540,7113,1,3,42,46,1.108695652173913,0.05584883729854405,610,I've got the fugu. Do you have the cash?
541,7113,0,5,41,46,1.108695652173913,0.04639945099589022,610,I thought you were kidding about a file in the Easter trifle
560,7113,1,3,42,46,1.108695652173913,0.05584883729854405,610,"With you around, I never had to learn to bake a pie."
1225,7113,1,3,42,46,1.108695652173913,0.05584883729854405,610,Junior cut up the recipe with your knife.
1241,7113,0,5,41,46,1.108695652173913,0.04639945099589022,610,My body's rejecting gluten and so is my heart.
596,7113,0,5,41,46,1.108695652173913,0.04639945099589022,610,If the recipe called for Pepsi instead of Coke you wouldn't be here!
1452,7113,1,3,42,46,1.108695652173913,0.05584883729854405,610,Delivery?
2599,7113,1,3,42,46,1.108695652173913,0.05584883729854405,610,"Darling, there is no secret ingredient"
2619,7113,0,5,41,46,1.108695652173913,0.04639945099589022,610,"""Was that four loaves, two files or two loaves, four files?"
2653,7113,0,5,41,46,1.108695652173913,0.04639945099589022,610,The D.A. just filed the charges...you're cooked!
2661,7113,0,5,41,46,1.108695652173913,0.04639945099589022,610,The Rats at the Cafe Miss You..
2724,7113,0,5,41,46,1.108695652173913,0.04639945099589022,610,"""I told you - enough with the s'mores already""."
2728,7113,0,5,41,46,1.108695652173913,0.04639945099589022,610,Where have you been? No one uses polyunsaturated oils any more.
2908,7113,0,5,41,46,1.108695652173913,0.04639945099589022,610,"Honey, for goodness sake, don't bake up some lame alibi!"
2559,7113,1,3,42,46,1.108695652173913,0.05584883729854405,610,I’ll put a cake in your file.
2949,7113,0,5,41,46,1.108695652173913,0.04639945099589022,610,"Just gonna power through this. I've been using my hairdryer to desiccate chicken before baking it, and removing the same bird from the oven before internal temp hits 165 degrees. Chris?"
3203,7113,0,5,41,46,1.108695652173913,0.04639945099589022,610,Unfortunately it turns out Pattycake had a patent on marking cakes with a 'B'.
3205,7113,1,3,42,46,1.108695652173913,0.05584883729854405,610,The soufflé didn't rise...
3333,7113,0,5,41,46,1.108695652173913,0.04639945099589022,610,"I don't understand it either, honey. Do you think maybe...you put too much oregano on the ravioli?"
3400,7113,0,5,41,46,1.108695652173913,0.04639945099589022,610,I meant to say gluten free rather than Free All Gluttons.
3508,7113,0,5,41,46,1.108695652173913,0.04639945099589022,610,"Not a word of my recipe to the Cabinet wives, understand?"
3584,7113,0,5,41,46,1.108695652173913,0.04639945099589022,610,I never could figure out how you got the file into the cake.
1250,7113,1,3,42,46,1.108695652173913,0.05584883729854405,610,Yes hon..got the dough right here.
3117,7113,0,5,41,46,1.108695652173913,0.04639945099589022,610,Everyone said you killed it for dinner.
2407,7113,1,3,42,46,1.108695652173913,0.05584883729854405,610,"I'm innocent; it's only called ""Death by Chocolate!"""
2923,7113,2,1,43,46,1.108695652173913,0.06391616542376796,610,The croissants confessed; gluten will be your undoing.
2391,7113,1,3,42,46,1.108695652173913,0.05584883729854405,610,"Apparently, the critic is charging grand theft, because you stole his stomach"
1526,7113,0,5,41,46,1.108695652173913,0.04639945099589022,610,Your souffle will be fine. Your cell is airtight.
3612,7113,1,3,42,46,1.108695652173913,0.05584883729854405,610,And I always thought it was your mom's cooking that was poisonous..
1528,7113,1,3,42,46,1.108695652173913,0.05584883729854405,610,"Honey, TELL me you brought the file... I got a great idea!"
1594,7113,0,5,41,46,1.108695652173913,0.04639945099589022,610,"What a remarkable spin on the 'open kitchen', Chef."
1608,7113,0,5,41,46,1.108695652173913,0.04639945099589022,610,"They haven't caught your gingerbread man yet. Your half baked alibi is falling flat, just like your last soufle`"
1646,7113,0,5,41,46,1.108695652173913,0.04639945099589022,610,I told you they'd find out the yeast was dead.
1844,7113,0,5,41,46,1.108695652173913,0.04639945099589022,610,"Sorry dear, you being the pastry chef, there was no one left to bake the cake with a saw."
1866,7113,1,3,42,46,1.108695652173913,0.05584883729854405,610,Now how are you going to make the donuts?
1942,7113,0,5,41,46,1.108695652173913,0.04639945099589022,610,I'm 42 and straight but my son is gay. Anything else you need to know before you can bake me a cake?
1775,7113,1,3,42,46,1.108695652173913,0.05584883729854405,610,"If they forget the pepper in the turkey tetrazzinni one mor time, I'll shoot myself."
1965,7113,0,5,41,46,1.108695652173913,0.04639945099589022,610,The District Attorney says you're making a political statement by not making Twinkies.
2120,7113,0,5,41,46,1.108695652173913,0.04639945099589022,610,"I'm sorry Honey, but I stand by calling Guy Fieri's hair passé."
2077,7113,0,5,41,46,1.108695652173913,0.04639945099589022,610,This is such an'upside down cake' world we live in.
2072,7113,0,5,41,46,1.108695652173913,0.04639945099589022,610,Did you season too much?
2212,7113,0,5,41,46,1.108695652173913,0.04639945099589022,610,'and then not all holes came out with a donut around them!'
2006,7113,1,3,42,46,1.108695652173913,0.05584883729854405,610,"Sorry, Emma.... I got two months in Chef’s Prison for burning the creme brûlée."
2030,7113,0,5,41,46,1.108695652173913,0.04639945099589022,610,I'm impressed by your ongoing commitment to the Culinary Institute.
3855,7298,1,3,43,47,1.1063829787234043,0.05469656058869374,610,They followed the recipe.
4644,7298,0,5,42,47,1.1063829787234043,0.04546036031565445,610,I warned you that the gluten police were closing in.
4663,7298,0,5,42,47,1.1063829787234043,0.04546036031565445,610,I promise! It's easy as pie.
4602,7298,0,5,42,47,1.1063829787234043,0.04546036031565445,610,I had no idea they would give you 10 years for a bad souffle!
4498,7298,0,5,42,47,1.1063829787234043,0.04546036031565445,610,They say the butler didn't do it.
4745,7298,0,5,42,47,1.1063829787234043,0.04546036031565445,610,I told you to tell him it was from McDonalds.
4169,7298,0,5,42,47,1.1063829787234043,0.04546036031565445,610,"The Governor called, you are going to be shaked baked and fried!"
4071,7298,0,5,42,47,1.1063829787234043,0.04546036031565445,610,This just seems a disingenuous way to receive feedback on your lumpy Sauce Béarnaise
3965,7298,0,5,42,47,1.1063829787234043,0.04546036031565445,610,"The judge said for impersonating Chef Boy-r-dee, he was throwing the “toque” at you!"
3835,7298,0,5,42,47,1.1063829787234043,0.04546036031565445,610,"I can see through your disguise. I am sorry I ate the ears. They were delicious though. I promise you I won't bite your head off. Easter bunny, please tear down this wall!"
2461,7298,0,5,42,47,1.1063829787234043,0.04546036031565445,610,Time to not make the doughnuts.
3507,7298,1,3,43,47,1.1063829787234043,0.05469656058869374,610,I guess the plot you cooked up was a flop.
3478,7298,0,5,42,47,1.1063829787234043,0.04546036031565445,610,"It's always the same old thing, time after time. Big hat no recipes."
3273,7298,1,3,43,47,1.1063829787234043,0.05469656058869374,610,"I don't care if they're non-violent, I just don't like the idea of you joining a gang."
3186,7298,0,5,42,47,1.1063829787234043,0.04546036031565445,610,"So, how's life since they closed the Automat?"
2699,7298,0,5,42,47,1.1063829787234043,0.04546036031565445,610,I'll stick with gluten free vegan
2565,7298,0,5,42,47,1.1063829787234043,0.04546036031565445,610,So they're charging you with arson and vandalism.
2383,7298,0,5,42,47,1.1063829787234043,0.04546036031565445,610,I told you the sous vide was too hot for scallops!
5243,7298,1,3,43,47,1.1063829787234043,0.05469656058869374,610,I'd have baked you a cake if you had ever shown me how to bake a cake.
2278,7298,0,5,42,47,1.1063829787234043,0.04546036031565445,610,You cannot say meat loaf in French!
3671,7298,0,5,42,47,1.1063829787234043,0.04546036031565445,610,"I'd like to order a filet mignon, bloody, for cell #23."
5374,7298,1,3,43,47,1.1063829787234043,0.05469656058869374,610,"Although he found it delicious, the governor refuses to pardon you for grating Parmigiana on the seafood linguine."
7634,7298,0,5,42,47,1.1063829787234043,0.04546036031565445,610,So sue me...I guess it does make you look kind of gay.
5850,7298,0,5,42,47,1.1063829787234043,0.04546036031565445,610,"Mon Cheri, simmer on the idea that if the warden gets too hooked on your haute cusisine, he'll never recommend you for parole."
7923,7298,0,5,42,47,1.1063829787234043,0.04546036031565445,610,If it weren't for those bad tacos we be married by now
2272,7298,0,5,42,47,1.1063829787234043,0.04546036031565445,610,"The audience is pressing charges, Gary."
7850,7298,0,5,42,47,1.1063829787234043,0.04546036031565445,610,Remember my advice when you worked at Arby’s?
7816,7298,0,5,42,47,1.1063829787234043,0.04546036031565445,610,I said TERM reduction.
7781,7298,0,5,42,47,1.1063829787234043,0.04546036031565445,610,This was really supposed to be a big week for me.
7667,7298,0,5,42,47,1.1063829787234043,0.04546036031565445,610,"No, I bake the cake with the nail file."
7624,7298,0,5,42,47,1.1063829787234043,0.04546036031565445,610,At yeast the dough was rising for a while but we both knew the heat was going to burn you eventually.
7620,7298,1,3,43,47,1.1063829787234043,0.05469656058869374,610,I'm still not calling you chef.
7580,7298,0,5,42,47,1.1063829787234043,0.04546036031565445,610,"I'm so sorry -- I misinterpreted what you meant by ""Chicken/Pot Pie."""
7532,7298,0,5,42,47,1.1063829787234043,0.04546036031565445,610,Where's your cell?
7405,7298,0,5,42,47,1.1063829787234043,0.04546036031565445,610,"By the way, when you get out, I think your brioche is undercooked."
7401,7298,0,5,42,47,1.1063829787234043,0.04546036031565445,610,I look forward to my new job as food taster for diplomats and Health Care for life is a wonderful benefit.
7255,7298,0,5,42,47,1.1063829787234043,0.04546036031565445,610,I would like that order to go.
7035,7298,0,5,42,47,1.1063829787234043,0.04546036031565445,610,"Honey I thought I told you, knot to share that tarantul soup with anything other than the tarantulas, now look what you've done to the help."
6915,7298,1,3,43,47,1.1063829787234043,0.05469656058869374,610,"It was your job to bake, not the cupcakes'."
6856,7298,0,5,42,47,1.1063829787234043,0.04546036031565445,610,"Your walk, if you give up the guy who told you the flour was gluten free."
6822,7298,0,5,42,47,1.1063829787234043,0.04546036031565445,610,They don't allow thirteen jurors.Guest
6760,7298,0,5,42,47,1.1063829787234043,0.04546036031565445,610,"That Turkey you bought doesn’t fit in the microwave, Bill!"
6137,7298,1,3,43,47,1.1063829787234043,0.05469656058869374,610,"Believe me dear, I can't imagine where that little ""r"" came from in the resume I typed for you!"
5954,7298,0,5,42,47,1.1063829787234043,0.04546036031565445,610,The guards confiscated the lemon zest.
5852,7298,0,5,42,47,1.1063829787234043,0.04546036031565445,610,"Pierre, ignorance of the law is no excuse. Using truffle oil is a felony!"
5429,7298,0,5,42,47,1.1063829787234043,0.04546036031565445,610,"I know you didn't mean to, honey, but they said left your keys, your phone, AND the stove on."
2220,7298,0,5,42,47,1.1063829787234043,0.04546036031565445,610,You forgot to turn off the oven.
1993,7298,0,5,42,47,1.1063829787234043,0.04546036031565445,610,"""Spatchcock"". The police do not know it is a term related to cooking fowl. They think it is a term applied to foul play."
2028,7298,0,5,42,47,1.1063829787234043,0.04546036031565445,610,Is the garnish really necessary?
3,7298,0,5,42,47,1.1063829787234043,0.04546036031565445,610,Can’t you bake your own cake?
54,7298,0,5,42,47,1.1063829787234043,0.04546036031565445,610,Boyardeez phone calls depressing.
108,7298,0,5,42,47,1.1063829787234043,0.04546036031565445,610,I'm waiting for the Meatball.
491,7298,0,5,42,47,1.1063829787234043,0.04546036031565445,610,I guess having Ratatouille run your kitchen is a bad idea
2090,7298,0,5,42,47,1.1063829787234043,0.04546036031565445,610,What am I supposed to have for dinner dear?
653,7298,0,5,42,47,1.1063829787234043,0.04546036031565445,610,I’m done with you and your sourdough starter.
768,7298,0,5,42,47,1.1063829787234043,0.04546036031565445,610,What’s the source of that steam pressure?
813,7298,1,3,43,47,1.1063829787234043,0.05469656058869374,610,The governor has refused clemency. It's death by chocolate.
836,7298,0,5,42,47,1.1063829787234043,0.04546036031565445,610,Peppercorn! That's what was missing.
552,7298,0,5,42,47,1.1063829787234043,0.04546036031565445,610,This will teach you never to overcook steaks again.
860,7298,0,5,42,47,1.1063829787234043,0.04546036031565445,610,It's conceptual art. Let's wait for the next one.
887,7298,1,3,43,47,1.1063829787234043,0.05469656058869374,610,Bring me a dozen doughnuts tomorrow or I'll have you iced
1203,7298,1,3,43,47,1.1063829787234043,0.05469656058869374,610,The sommelier's gone sour on you. We have the cellar bugged.
1223,7298,0,5,42,47,1.1063829787234043,0.04546036031565445,610,The file was the icing on the cake.
1414,7298,0,5,42,47,1.1063829787234043,0.04546036031565445,610,"I am sorry I broke up with you but you didn’t have to poison the whole restaurant out of anger, I am still Alive."
1453,7298,1,3,43,47,1.1063829787234043,0.05469656058869374,610,... and the butler is just glad that they've stopped profiling him.
1538,7298,0,5,42,47,1.1063829787234043,0.04546036031565445,610,I brought the truffles; that should please the Warden
1558,7298,1,3,43,47,1.1063829787234043,0.05469656058869374,610,I brought the knife in a cake recipe.
859,7298,0,5,42,47,1.1063829787234043,0.04546036031565445,610,Ok I understand that you feel locked it the kitchen
3859,7366,1,3,44,48,1.1041666666666667,0.053590773834580184,610,Pain Perdu won’t work. They Knut our took it.
3005,7366,1,3,44,48,1.1041666666666667,0.053590773834580184,610,Just put the seltzer in the cake.
2633,7366,0,5,43,48,1.1041666666666667,0.044558346215878446,610,Your work release program isn't what I expected.
984,7366,0,5,43,48,1.1041666666666667,0.044558346215878446,610,Don't tell me! You've finally found your calling!
2004,7366,0,5,43,48,1.1041666666666667,0.044558346215878446,610,How long did Gordon set your sentence?
1817,7366,0,5,43,48,1.1041666666666667,0.044558346215878446,610,"I warned you about that ""killer"" steak."
1066,7366,1,3,44,48,1.1041666666666667,0.053590773834580184,610,"I'm sorry Madam, but jail bird is not on the menu."
2411,7366,0,5,43,48,1.1041666666666667,0.044558346215878446,610,"I told the waitress, medium rare!"
4019,7366,0,5,43,48,1.1041666666666667,0.044558346215878446,610,Simple Simon's body has been found Apparently not buried deep enough in the ground
7483,7366,1,3,44,48,1.1041666666666667,0.053590773834580184,610,"You too, Chef Charles, have blood on your hands."
4590,7366,0,5,43,48,1.1041666666666667,0.044558346215878446,610,First things first. I think there’s something in your hair.
5595,7366,1,3,44,48,1.1041666666666667,0.053590773834580184,610,I promise I won’t make poisonous food.
6198,7366,0,5,43,48,1.1041666666666667,0.044558346215878446,610,"Sorry, they were hip to the fugu."
6527,7366,1,3,44,48,1.1041666666666667,0.053590773834580184,610,"Every one of your die-hard fans has agreed to drop criminal negligence charges, Horace, if you agree from now on to serve only in ""r"" months your ""Fermented Raw Oysters in Demon Rum Sauce."""
6528,7366,1,3,44,48,1.1041666666666667,0.053590773834580184,610,The lawyers say the sentencing for these cases is generally 13 years.
7231,7366,0,5,43,48,1.1041666666666667,0.044558346215878446,610,"Good news, your sous chef just got 5 to 10 on a GMO rap."
7457,7366,0,5,43,48,1.1041666666666667,0.044558346215878446,610,To think you raise all the veggies yourself here on The Farm!
906,7366,0,5,43,48,1.1041666666666667,0.044558346215878446,610,"Well... your patrons always remarked you make ""a killer-quiche."""
7908,7366,0,5,43,48,1.1041666666666667,0.044558346215878446,610,I told you that you shouldn't have entered that chili challenge.
4398,7366,0,5,43,48,1.1041666666666667,0.044558346215878446,610,I told you mixing milk and meat would get you in trouble.
868,7366,1,3,44,48,1.1041666666666667,0.053590773834580184,610,"I dunno, but I think they’re getting wise to the file in the cake thing."
5506,7366,0,5,43,48,1.1041666666666667,0.044558346215878446,610,.....do you think it was too salty????
2181,7388,0,5,44,49,1.1020408163265305,0.0436912672743712,610,"Your crime was, no one could stomach your cooking anymore."
3665,7388,0,5,44,49,1.1020408163265305,0.0436912672743712,610,"It's a birthday cake for me, and I'll need it to go..."
6565,7388,0,5,44,49,1.1020408163265305,0.0436912672743712,610,Your food was out of this world. Maybe that's where you should've hid your tax exempts.
7498,7388,0,5,44,49,1.1020408163265305,0.0436912672743712,610,The kids don’t miss your lasagna.
5961,7392,0,5,45,50,1.1,0.04285714285714286,610,K.P. Duty again?
1814,7393,0,5,46,51,1.0980392156862746,0.042054138410837674,610,Be calm. The prosecutor said the soufflé falling shouldn’t be a capital offense...
5180,7393,1,3,47,51,1.0980392156862746,0.050525877359706366,610,"I’m trying to help you break out of the box, I swear, but the kids still won’t touch anything that isn’t pasta with butter sauce or grilled cheese."
5112,7395,0,4,39,43,1.0930232558139534,0.04481972612369448,610,"Dear, when the wait staff brings back a dish, heaving your meat cleaver at her is simply NOT an option."
5135,7395,1,2,40,43,1.0930232558139534,0.055823181223160837,610,Don't forget to bake a pie for the judge.
5136,7395,0,4,39,43,1.0930232558139534,0.04481972612369448,610,"Rachel says she's sorry, but 30 minutes is 30 minutes."
6305,7395,0,4,39,43,1.0930232558139534,0.04481972612369448,610,Tell the Muslims that the dining hall closes at sundown.
5169,7395,0,4,39,43,1.0930232558139534,0.04481972612369448,610,Seven for dinner. Don't be late
5195,7395,0,4,39,43,1.0930232558139534,0.04481972612369448,610,How about a brioche with a hacksaw? A cake with a file is what put you in there
5282,7395,0,4,39,43,1.0930232558139534,0.04481972612369448,610,"One McPrexy-Burger, with no foreign ingredients."
5315,7395,0,4,39,43,1.0930232558139534,0.04481972612369448,610,"Honestly, no one told me that foam had been criminalized."
5357,7395,1,2,40,43,1.0930232558139534,0.055823181223160837,610,"It was you that goofed, you with the big soft head on you."
5386,7395,0,4,39,43,1.0930232558139534,0.04481972612369448,610,The Jury’s instructions were to preheat the oven at 375 degrees for a minimum of 7 years.
5436,7395,0,4,39,43,1.0930232558139534,0.04481972612369448,610,But you never tried to cook for me - why here?
5090,7395,0,4,39,43,1.0930232558139534,0.04481972612369448,610,Can I have my recipe book back? You don't need it in there.
5022,7395,0,4,39,43,1.0930232558139534,0.04481972612369448,610,"Frankly, I'm not surprised that The Great British Baking Show demands integrity from all the contestants."
4969,7395,1,2,40,43,1.0930232558139534,0.055823181223160837,610,I told you not to put the file in the cake.
4918,7395,0,4,39,43,1.0930232558139534,0.04481972612369448,610,I did warn you the meat in the freezer was old.
3610,7395,0,4,39,43,1.0930232558139534,0.04481972612369448,610,"Sorry, Dear, none of the recipes you mentioned has a file in it."
3722,7395,1,2,40,43,1.0930232558139534,0.055823181223160837,610,"If you hadn’t kept asking for a toque at the trial, you wouldn’t be here!"
3746,7395,0,4,39,43,1.0930232558139534,0.04481972612369448,610,I kept telling you that truffle oil is a crime.
3800,7395,0,4,39,43,1.0930232558139534,0.04481972612369448,610,the steak was way overcooked -it was a crime
3943,7395,1,2,40,43,1.0930232558139534,0.055823181223160837,610,So they cooked your goose and now you're a cook!
3999,7395,0,4,39,43,1.0930232558139534,0.04481972612369448,610,What did you expect? The pie fell.
4155,7395,1,2,40,43,1.0930232558139534,0.055823181223160837,610,"For God’s sake, Henri, I’m running the place as best I can but why in the hell did you serve that duck?"
4183,7395,0,4,39,43,1.0930232558139534,0.04481972612369448,610,Things will settle after you serve some time.
5597,7395,1,2,40,43,1.0930232558139534,0.055823181223160837,610,"Do you think it was the wasabi on the puffer-fugu fish that poisoned Aunt Lucy?"" ""Do you think it was the wasabi that spoiled the fugu-puffer fish dish?"
4208,7395,0,4,39,43,1.0930232558139534,0.04481972612369448,610,I bought the file but can't find the recipe for your Salted Caramel Chocolate Cheesecake?
4497,7395,0,4,39,43,1.0930232558139534,0.04481972612369448,610,"Janet I'm not crazy, there was this rat and when he tugged on my hair I could cook!"
7933,7395,0,4,39,43,1.0930232558139534,0.04481972612369448,610,Under my cook hat? Just keep inserting coins
4581,7395,0,4,39,43,1.0930232558139534,0.04481972612369448,610,I can't believe they put you in there for refusing to bake that Chai-ginger spiced cinnamon roll up pull apart bread.
4730,7395,0,4,39,43,1.0930232558139534,0.04481972612369448,610,".....well, they confiscated the lobster picks and meat grinder again."
4815,7395,0,4,39,43,1.0930232558139534,0.04481972612369448,610,"Paula, did you seriously just carve your name into the walk next to the chair?"
4821,7395,0,4,39,43,1.0930232558139534,0.04481972612369448,610,I'm afraid your clean record was baked into your sentencing.
4839,7395,0,4,39,43,1.0930232558139534,0.04481972612369448,610,"I donut love you anymore, Jim."
4917,7395,0,4,39,43,1.0930232558139534,0.04481972612369448,610,"I'm not very happy with you, Howard! I couldn't even get you to set the table before you went to prison."
4425,7395,0,4,39,43,1.0930232558139534,0.04481972612369448,610,I'm chopping you.
5644,7395,0,4,39,43,1.0930232558139534,0.04481972612369448,610,"My collar isn't even white, you have to tell them!"
5795,7395,1,2,40,43,1.0930232558139534,0.055823181223160837,610,"If anyone asks, your alias is the Mad Cleaver."
5721,7395,0,4,39,43,1.0930232558139534,0.04481972612369448,610,I was denied parole because the shuffle flattened.
7111,7395,0,4,39,43,1.0930232558139534,0.04481972612369448,610,I hid it in the ingredients for a cake.
7076,7395,1,2,40,43,1.0930232558139534,0.055823181223160837,610,It's over Jerry. Where'd you hide the matza balls?
6989,7395,0,4,39,43,1.0930232558139534,0.04481972612369448,610,"You probably miss the soupe à la oignon, the escargot, and the coq au vin."
6839,7395,1,2,40,43,1.0930232558139534,0.055823181223160837,610,Could you bake me a cake for junior's birthday?
6818,7395,0,4,39,43,1.0930232558139534,0.04481972612369448,610,"I hate to tell you, but your source collapsed after you left"
6799,7395,1,2,40,43,1.0930232558139534,0.055823181223160837,610,Just dish the dirt on the sous chef.
7237,7395,0,4,39,43,1.0930232558139534,0.04481972612369448,610,I'd like to order a large pepperoni with no anchovies.
6747,7395,0,4,39,43,1.0930232558139534,0.04481972612369448,610,I’ll bail you out when the food you fix me is better than what they serve back there.
6632,7395,0,4,39,43,1.0930232558139534,0.04481972612369448,610,"When a customer says your Crepe Suzanne is to die for, it's not to be taken literally!"
6615,7395,0,4,39,43,1.0930232558139534,0.04481972612369448,610,"I swear, I thought it was a farm-to-table restaurant."
6404,7395,0,4,39,43,1.0930232558139534,0.04481972612369448,610,Do you do delivery?
3531,7395,0,4,39,43,1.0930232558139534,0.04481972612369448,610,"I was trying to sneak you a file, but I think I tried too hard with the tiramisu."
6193,7395,0,4,39,43,1.0930232558139534,0.04481972612369448,610,I told you you'd be arrested for that creme brûlée
6242,7395,0,4,39,43,1.0930232558139534,0.04481972612369448,610,Everyone knows who broke into the wine cellar. They caught you in fragrante delickto.
6726,7395,0,4,39,43,1.0930232558139534,0.04481972612369448,610,The soufflé dropped!
5668,7395,0,4,39,43,1.0930232558139534,0.04481972612369448,610,Medium-well is undercooked for destroying evidence
7283,7395,0,4,39,43,1.0930232558139534,0.04481972612369448,610,I don't think anyone here us a gourmand but you.
7416,7395,1,2,40,43,1.0930232558139534,0.055823181223160837,610,"I'm sorry to tell you that, but a baseball cap would suit you better than your toque..."
5784,7395,0,4,39,43,1.0930232558139534,0.04481972612369448,610,So you're the new chef at the Automat?
6316,7395,0,4,39,43,1.0930232558139534,0.04481972612369448,610,At least yours was voted Best Borscht on Wikileaks...
5886,7395,0,4,39,43,1.0930232558139534,0.04481972612369448,610,"I did not try to poison you, sweetheart!"
5917,7395,0,4,39,43,1.0930232558139534,0.04481972612369448,610,You said you were a butcher
6040,7395,1,2,40,43,1.0930232558139534,0.055823181223160837,610,"Your lawyer says tone it down--pruno & fruit cocktail is not a ""Bellini"""
6073,7395,0,4,39,43,1.0930232558139534,0.04481972612369448,610,"I don’t know much about art, but I know what I like."
7349,7395,0,4,39,43,1.0930232558139534,0.04481972612369448,610,"Not the same as embezzling, but you are still rolling in the dough."
6110,7395,0,4,39,43,1.0930232558139534,0.04481972612369448,610,"I told you, you are no Emeril. BAM!"
7921,7395,1,2,40,43,1.0930232558139534,0.055823181223160837,610,What is cooking today?
7802,7395,0,4,39,43,1.0930232558139534,0.04481972612369448,610,I am not losing track on the soup de jour.
7791,7395,1,2,40,43,1.0930232558139534,0.055823181223160837,610,If you watched Cutthroat Kitchen with me more often you'd have known that mistreatment of a protein is a crime.
7698,7395,1,2,40,43,1.0930232558139534,0.055823181223160837,610,I'll remember the filet mignon next time.
7690,7395,0,4,39,43,1.0930232558139534,0.04481972612369448,610,"Can I take your order, please. Staff was executed this morning."
7421,7395,0,4,39,43,1.0930232558139534,0.04481972612369448,610,You never listen! I told you not to use Limburger in the cordon bleu!
7931,7395,0,4,39,43,1.0930232558139534,0.04481972612369448,610,Don't let anyone toss your salad.
3518,7395,0,4,39,43,1.0930232558139534,0.04481972612369448,610,A file in the cake is exactly what the guards would suspect.
4549,7395,1,2,40,43,1.0930232558139534,0.055823181223160837,610,There's a new thing out-- called 'dining tables.'
3382,7395,0,4,39,43,1.0930232558139534,0.04481972612369448,610,You have a big goddamn poster under your hat? How will that help you escape again?
1806,7395,1,2,40,43,1.0930232558139534,0.055823181223160837,610,"Sorry sweetheart, but you knew he likes his burgers well done"
1768,7395,0,4,39,43,1.0930232558139534,0.04481972612369448,610,Why are you still aloud to wear a Chef's outfit in prison? This whole thing is very confusing.
1699,7395,0,4,39,43,1.0930232558139534,0.04481972612369448,610,Your lawyer says you should have cooked the steak “under vacuum” not “in vacuum.”
1485,7395,0,4,39,43,1.0930232558139534,0.04481972612369448,610,You're the only one who could make something like that.
1204,7395,0,4,39,43,1.0930232558139534,0.04481972612369448,610,"So, what happens when the other inmates find out that you are not really a renown chef?"
1183,7395,1,2,40,43,1.0930232558139534,0.055823181223160837,610,Your meal will be out shortly
1053,7395,1,2,40,43,1.0930232558139534,0.055823181223160837,610,"You add a ton of salt to everything now? Good, George. Good for you."
1038,7395,0,4,39,43,1.0930232558139534,0.04481972612369448,610,"But honey, you fried the white truffles."
845,7395,0,4,39,43,1.0930232558139534,0.04481972612369448,610,Why did you confess to stealing recipes?
769,7395,0,4,39,43,1.0930232558139534,0.04481972612369448,610,i guess that there are just to many new bread and pastry shops.
750,7395,0,4,39,43,1.0930232558139534,0.04481972612369448,610,I warned you that your spaghetti carbonara was so good it should be illegal.
714,7395,1,2,40,43,1.0930232558139534,0.055823181223160837,610,Now do you feel guilty about all that chocolate you ate?
480,7395,0,4,39,43,1.0930232558139534,0.04481972612369448,610,Maybe your time in here will end faster if you rotate for an even finish?
477,7395,0,4,39,43,1.0930232558139534,0.04481972612369448,610,"We have a rat, I need you to lay out the pellets"
443,7395,0,4,39,43,1.0930232558139534,0.04481972612369448,610,"Since you work in the prison kitchen, honey, I'm having a dinner party and was wondering what I can substitute for cream of tartar in my Snickerdoodles?"
380,7395,1,2,40,43,1.0930232558139534,0.055823181223160837,610,Subway's new ad campaign is too literal.
194,7395,1,2,40,43,1.0930232558139534,0.055823181223160837,610,The Profiterole Board wants you to testify.
34,7395,1,2,40,43,1.0930232558139534,0.055823181223160837,610,The foie gras was a little overcooked
3461,7395,1,2,40,43,1.0930232558139534,0.055823181223160837,610,Arrested for passing soy cheese again I see.
1818,7395,0,4,39,43,1.0930232558139534,0.04481972612369448,610,"You said a pinch of cayenne, next time you should give a real measurement."
1837,7395,0,4,39,43,1.0930232558139534,0.04481972612369448,610,"No ruling yet, but he seemed to like my argument that a dozen of YOUR peers entitled you to a 13th juror."
749,7395,1,2,40,43,1.0930232558139534,0.055823181223160837,610,I'm not sure the committee will accept a cake with tools in it.
1864,7395,1,2,40,43,1.0930232558139534,0.055823181223160837,610,I'm sorry I ordered well-done steak.
1849,7395,1,2,40,43,1.0930232558139534,0.055823181223160837,610,"Damn the cost Andre, I won't eat this slop another day!"
2862,7395,0,4,39,43,1.0930232558139534,0.04481972612369448,610,I'm sorry the jury fond your cooking criminal.
2757,7395,0,4,39,43,1.0930232558139534,0.04481972612369448,610,"""We can""t keep meeting this way"" ( coming from the Woman's mouth)"
2733,7395,0,4,39,43,1.0930232558139534,0.04481972612369448,610,Maybe Seth Rogen will drop the charges.
3102,7395,0,4,39,43,1.0930232558139534,0.04481972612369448,610,I thought you wanted me to bake a cake in the shape of a file.
2674,7395,0,4,39,43,1.0930232558139534,0.04481972612369448,610,I told you not to put the LSD in those brownies!
2629,7395,1,2,40,43,1.0930232558139534,0.055823181223160837,610,3 men in a tub never turns out well!
2443,7395,0,4,39,43,1.0930232558139534,0.04481972612369448,610,"forgive me father for I have sinned. I burnt the toast, overcooked the oatmeal, and undercooked the eggs."
2393,7395,0,4,39,43,1.0930232558139534,0.04481972612369448,610,You stole that baker's dozen and now look where you've ended up.
2377,7395,1,2,40,43,1.0930232558139534,0.055823181223160837,610,They're saying the candlestick maker's not a credible witness.
2732,7395,0,4,39,43,1.0930232558139534,0.04481972612369448,610,Your souffle fell. You don't go to prison for that!
2357,7395,0,4,39,43,1.0930232558139534,0.04481972612369448,610,The rat made me do it.
2323,7395,0,4,39,43,1.0930232558139534,0.04481972612369448,610,I warned you about Tabasco!
2202,7395,0,4,39,43,1.0930232558139534,0.04481972612369448,610,I think you lost them at the 98th course.
2160,7395,0,4,39,43,1.0930232558139534,0.04481972612369448,610,So what your recipe for escape?
2140,7395,0,4,39,43,1.0930232558139534,0.04481972612369448,610,"Apparently it wasn't just a PR stunt, Gordon Ramsay actually became Chief of Police."
2035,7395,0,4,39,43,1.0930232558139534,0.04481972612369448,610,"What do you mean, 'Put wheels on it"" won't fly?"
1976,7395,0,4,39,43,1.0930232558139534,0.04481972612369448,610,Should I bake you a cake with a file in it?
2362,7395,1,2,40,43,1.0930232558139534,0.055823181223160837,610,"Honestly, what did you think was going to happen when you let rats cook your food?"
1935,7395,0,4,39,43,1.0930232558139534,0.04481972612369448,610,"I'm sorry, ma'am. We're only taking call-in orders."
3385,7511,1,2,41,44,1.0909090909090908,0.054580679253385125,610,"Yes, I'll have what yo have."
3281,7511,1,2,41,44,1.0909090909090908,0.054580679253385125,610,"Mon amour, Mr Donald's visit is APRIL 24th, not March, imbécile!"
2986,7511,0,4,40,44,1.0909090909090908,0.04384025656094653,610,"Marie, all they'll have is cake."
2909,7511,1,2,41,44,1.0909090909090908,0.054580679253385125,610,You know you don't actually have to be going to hell to be on Hell's Kitchen...
1672,7511,1,2,41,44,1.0909090909090908,0.054580679253385125,610,They say you've got another three to five million more minutes.
1605,7511,0,4,40,44,1.0909090909090908,0.04384025656094653,610,I don’t think you plagarized the recipe
1024,7511,0,4,40,44,1.0909090909090908,0.04384025656094653,610,"Sorry to disagree. The presentation of the southern Thai rice salad can be forgiven, but the use of canned galangal was criminal."
1226,7511,0,4,40,44,1.0909090909090908,0.04384025656094653,610,"See, I told you that if cooking foreign cuisines being declared treason was fake news, it would've been a lot more prevalent on my Facebook feed."
724,7511,1,2,41,44,1.0909090909090908,0.054580679253385125,610,I hope next time you'll think twice before putting kale in the creme brule. I told you it was a bad idea to put kale in the hot fudge sundaes.
612,7511,0,4,40,44,1.0909090909090908,0.04384025656094653,610,This is a different type of order from the court.
240,7511,1,2,41,44,1.0909090909090908,0.054580679253385125,610,"Yes I'm in disguise, who's going to cook my catfish and make my peanut butter sandwiches?"
246,7511,1,2,41,44,1.0909090909090908,0.054580679253385125,610,"Yes, I've considered your plan but I'm too intimidated to bake for you."""
1367,7511,0,4,40,44,1.0909090909090908,0.04384025656094653,610,"I'm so sorry Alesandro, I put the kerosene in the saganaki"
3620,7511,0,4,40,44,1.0909090909090908,0.04384025656094653,610,I told you that dish was a crime.
5786,7511,0,4,40,44,1.0909090909090908,0.04384025656094653,610,I need the recipe for Crème Deminte pie.
4236,7511,0,4,40,44,1.0909090909090908,0.04384025656094653,610,You should not have told them I made you do all the cooking.
4623,7511,0,4,40,44,1.0909090909090908,0.04384025656094653,610,I'm sure the knife was to cut up the salad.
4627,7511,1,2,41,44,1.0909090909090908,0.054580679253385125,610,I'm baking you out of here!
4885,7511,0,4,40,44,1.0909090909090908,0.04384025656094653,610,But the Giffords love canned soup...
5433,7511,0,4,40,44,1.0909090909090908,0.04384025656094653,610,Now pay attention this time. I bake the cake. I put the file in it. YOU file through the bars and escape. What the hell am I going to do with a cake that YOU make?
5582,7511,0,4,40,44,1.0909090909090908,0.04384025656094653,610,You'll find a file in your chocolate cake.
5692,7511,0,4,40,44,1.0909090909090908,0.04384025656094653,610,Lawyer sez you knead more dough.
6062,7511,1,2,41,44,1.0909090909090908,0.054580679253385125,610,"Icing? No, no. My lawyer says that I SING on the cake."
6122,7511,0,4,40,44,1.0909090909090908,0.04384025656094653,610,No shit?
7221,7511,1,2,41,44,1.0909090909090908,0.054580679253385125,610,You’re Shucked
7362,7511,0,4,40,44,1.0909090909090908,0.04384025656094653,610,How could you possible mistake CANNED for CHOPPED?
206,7511,0,4,40,44,1.0909090909090908,0.04384025656094653,610,Pierre! I told you not to let anyone make you their bitch!
7642,7511,0,4,40,44,1.0909090909090908,0.04384025656094653,610,Sorry sweet heart you shouldn’t have stolen those 55lbs of dough!
4083,7511,0,4,40,44,1.0909090909090908,0.04384025656094653,610,Your souffle collapsed and died.
204,7511,1,2,41,44,1.0909090909090908,0.054580679253385125,610,I’m sorry I never learned to cook scrambled eggs in wine sauce. Can you forgive me?
2302,7511,0,4,40,44,1.0909090909090908,0.04384025656094653,610,Really. You want me to bake you a cake and sneak it in to you inside another cake. I hope you haven't shared this brilliant plan with anyone bigger than you.
76,7511,1,2,41,44,1.0909090909090908,0.054580679253385125,610,"Sorry, but they found the spatula I hid in the chain saw."
74,7511,1,2,41,44,1.0909090909090908,0.054580679253385125,610,"Sorry, Chef, but my order's to go."
123,7511,1,2,41,44,1.0909090909090908,0.054580679253385125,610,I always told you serving well done filet mignon was a crime
466,7545,0,4,41,45,1.0888888888888888,0.042902546629485463,610,Gary Larson owns.
697,7545,0,4,41,45,1.0888888888888888,0.042902546629485463,610,"Well, it's not in your Cake file."
944,7545,0,4,41,45,1.0888888888888888,0.042902546629485463,610,I will tell them the vatrushka dessert was MY idea.
1862,7545,0,4,41,45,1.0888888888888888,0.042902546629485463,610,I told you no to put pineapple on the pizza in Italy!
2701,7545,0,4,41,45,1.0888888888888888,0.042902546629485463,610,I meant to say you’re the cake boss not crime boss.
5037,7545,1,2,42,45,1.0888888888888888,0.05339222337940409,610,I told you your meat loaf was deadly....
6206,7545,0,4,41,45,1.0888888888888888,0.042902546629485463,610,Why does talking with you always feel so retro?
6466,7545,1,2,42,45,1.0888888888888888,0.05339222337940409,610,"Only in LA would you visit your chef in prison, since food is never consumed only talked about."
6893,7545,0,4,41,45,1.0888888888888888,0.042902546629485463,610,"Well, it's clear that guilt-free dessert was the wrong defense strategy."
7006,7545,1,2,42,45,1.0888888888888888,0.05339222337940409,610,"Honest, when I said that crème brûlée should be illegal, I didn't know my date was a detective - his profile said ""private dick,"" but I just thought that meant I'd get no pics!"
7038,7545,1,2,42,45,1.0888888888888888,0.05339222337940409,610,We had to take Champignons a la Phantom Thread off the menu.
7092,7545,1,2,42,45,1.0888888888888888,0.05339222337940409,610,Others may consider a free pizza sufficient recompense....
7582,7545,1,2,42,45,1.0888888888888888,0.05339222337940409,610,I told you that you shouldn't name the restaurant Swinging Todd.
4727,7558,0,3,37,40,1.075,0.04217636961434866,610,But my guests will be expecting truffles.
4843,7558,0,3,37,40,1.075,0.04217636961434866,610,"But on the bright-side, the other guys say we're having ""fresh fish"" tonight."
4872,7558,0,3,37,40,1.075,0.04217636961434866,610,That’s what you get for mansplaining.
4985,7558,0,3,37,40,1.075,0.04217636961434866,610,"Honestly, wouldn't a file in a cake exhibit the same guilelessness that got you in here in the first place?"
5000,7558,1,1,38,40,1.075,0.055325377864931344,610,"'....what do you mean, its in the yeast....?"
5044,7558,0,3,37,40,1.075,0.04217636961434866,610,You don’t serve pizza!! Only gruel what kind of place do you run here.
5139,7558,0,3,37,40,1.075,0.04217636961434866,610,I was hoping you would bring the cake.
5262,7558,0,3,37,40,1.075,0.04217636961434866,610,I TOLD YOU THE YELLOW COLORING IN YOUR EGG WHITES WAS TO BRIGHT !!
5293,7558,0,3,37,40,1.075,0.04217636961434866,610,"You may be innocent but if Morrissey makes it through jury selection, your beef bourguignon will be murder."
4706,7558,0,3,37,40,1.075,0.04217636961434866,610,"They found the freezer, they know what you’ve been using for meat. You’re gonna fry for this you sick fuck."
4615,7558,0,3,37,40,1.075,0.04217636961434866,610,You burned the brûlée - you burned the brûlée - what did you expect!!
4459,7558,0,3,37,40,1.075,0.04217636961434866,610,It was the underdone chicken--I didn't for you to get sent back.
4392,7558,1,1,38,40,1.075,0.055325377864931344,610,I think they just now ate the clams.
2930,7558,0,3,37,40,1.075,0.04217636961434866,610,I can't smell the onion soup but I can see the evidence
2994,7558,0,3,37,40,1.075,0.04217636961434866,610,Hail to the Chef.
3111,7558,0,3,37,40,1.075,0.04217636961434866,610,"I'm sorry, but his crepes are just better..."
3152,7558,0,3,37,40,1.075,0.04217636961434866,610,"Please, Lorenzo. Every chef knows what ""he wants it bloody"" means, kale or no kale."
3228,7558,0,3,37,40,1.075,0.04217636961434866,610,"Yes, the diet’s almost over. How are the carbohydrates?"
3296,7558,0,3,37,40,1.075,0.04217636961434866,610,"Add 1/4 tsp ground ginger, pour over recipe and bring to a simmer before serving."
3371,7558,0,3,37,40,1.075,0.04217636961434866,610,I warned you. I told you that jail me if I continued to serve that awful food you prepare.
3513,7558,1,1,38,40,1.075,0.055325377864931344,610,x
3545,7558,0,3,37,40,1.075,0.04217636961434866,610,I preheated to 375 like you said and the moose burned.
3591,7558,0,3,37,40,1.075,0.04217636961434866,610,"Oh ... ""crêpe"" makes a lot more sense."
3603,7558,0,3,37,40,1.075,0.04217636961434866,610,You just had to go ahead and out souffle Martha Stewart
5317,7558,0,3,37,40,1.075,0.04217636961434866,610,"Sure they failed to appreciate your masterpiece, but wasn't cyanide in their dessert overkill?"
3632,7558,0,3,37,40,1.075,0.04217636961434866,610,"You didn't clean out the frig, did you?"
3803,7558,0,3,37,40,1.075,0.04217636961434866,610,Sounds dreadful. Anything you can do to spice it up?
3844,7558,0,3,37,40,1.075,0.04217636961434866,610,I never thought that serving red wine with fish would get me in here.
3914,7558,1,1,38,40,1.075,0.055325377864931344,610,"Bad news, honey. Even Ruth Reichl thinks your Anguille alla Marchigiana is a crime against Nature."
3979,7558,0,3,37,40,1.075,0.04217636961434866,610,Ratatouille !!!
4051,7558,0,3,37,40,1.075,0.04217636961434866,610,"I suggest using the pressure coroner's 'very, very slow simmer' setting."
4077,7558,0,3,37,40,1.075,0.04217636961434866,610,"Come on in, apply over there. The soup is fresh, Facebook can't find you... there are so many amazing Dreamers!"
4100,7558,0,3,37,40,1.075,0.04217636961434866,610,It was the salmon mousse...
4244,7558,0,3,37,40,1.075,0.04217636961434866,610,How is your book about poisening people coming along?
4309,7558,0,3,37,40,1.075,0.04217636961434866,610,They take their name waaay too seriously...
4368,7558,0,3,37,40,1.075,0.04217636961434866,610,Don't forget to take the cake out of the oven in 20 minutes.
4384,7558,0,3,37,40,1.075,0.04217636961434866,610,"Sure, no-one can cook the books like you but you slipped up bad. You should have used more cognac."
3704,7558,1,1,38,40,1.075,0.055325377864931344,610,"Your spicy meatballs stole the show, and you're taking the heat?"
5451,7558,0,3,37,40,1.075,0.04217636961434866,610,"Monsieur, we claim that the greatest culinary crimes were perpetrated by British chefs. Our law firm's London office provided irrefutable evidence for the jury."
5929,7558,0,3,37,40,1.075,0.04217636961434866,610,Do you take credit cards?
5524,7558,0,3,37,40,1.075,0.04217636961434866,610,"Yes, on one occasion I did succumb To temptation and tasted a ham sandwich."
7199,7558,0,3,37,40,1.075,0.04217636961434866,610,You bake the cake. I'll take it from there.
6944,7558,0,3,37,40,1.075,0.04217636961434866,610,I still don’t get the buy-one-luggage -get-two-free deal.
6935,7558,0,3,37,40,1.075,0.04217636961434866,610,The sentence is baked in.
6908,7558,0,3,37,40,1.075,0.04217636961434866,610,I'm leaving you for Slim Pickens. He's got a new gig on Wagon Train.
6784,7558,0,3,37,40,1.075,0.04217636961434866,610,Hold the mayo.
6704,7558,0,3,37,40,1.075,0.04217636961434866,610,Your lobster bisque is worth waiting 5-10 years.
6669,7558,0,3,37,40,1.075,0.04217636961434866,610,"No file in your store-bought cake. Remember, you are the baker in the family."
7229,7558,0,3,37,40,1.075,0.04217636961434866,610,Did you say proof or prove?
2866,7558,0,3,37,40,1.075,0.04217636961434866,610,can i get uuuhhhhhhhhhhhhhhhhhhhhhhhhhhhhhhhhhhhhhhhhhhhhhhhhhhhhhhh
6542,7558,0,3,37,40,1.075,0.04217636961434866,610,I knew your desserts were evil...
6448,7558,1,1,38,40,1.075,0.055325377864931344,610,"Oh Henry, thinking now it was obvious it was you the famous hennery serial killer."
6405,7558,0,3,37,40,1.075,0.04217636961434866,610,I warned you about using so much salt...
6375,7558,0,3,37,40,1.075,0.04217636961434866,610,So was it the Salmon Mousse?
6362,7558,0,3,37,40,1.075,0.04217636961434866,610,Okaido Ramen please
6152,7558,0,3,37,40,1.075,0.04217636961434866,610,"Your bail has been set at 500,000 sticks of butter."
6133,7558,0,3,37,40,1.075,0.04217636961434866,610,"That pie was too grotesque, Jacques."
6608,7558,0,3,37,40,1.075,0.04217636961434866,610,"Yes, Craig Claiborne send you his best wishes. Pity though, how you messed up on one of his recipes and ended up where you are."
7240,7558,0,3,37,40,1.075,0.04217636961434866,610,"Sorry. I've met someone... it's, well, his use of spices."
7301,7558,0,3,37,40,1.075,0.04217636961434866,610,Everything was OK until they transferred me to accounting.
7316,7558,0,3,37,40,1.075,0.04217636961434866,610,I appreciate the Slow Food movement but 15-20 tears for the Chef’s Special seems excessive”
5648,7558,0,3,37,40,1.075,0.04217636961434866,610,Innocent until proving guilty.
5716,7558,0,3,37,40,1.075,0.04217636961434866,610,"No, I just want 2 chill."
5743,7558,0,3,37,40,1.075,0.04217636961434866,610,"Yes, death by carob does strike me as cruel and unusual."
5819,7558,0,3,37,40,1.075,0.04217636961434866,610,I thought i read the recipe perfect!
5856,7558,0,3,37,40,1.075,0.04217636961434866,610,I need you to pull the cookies out of the oven.
5958,7558,1,1,38,40,1.075,0.055325377864931344,610,I told you something bad would happen if you over baked Gingerbread Men!
6043,7558,1,1,38,40,1.075,0.055325377864931344,610,I came as soon as the waiter announced the catch of the day.
6052,7558,0,3,37,40,1.075,0.04217636961434866,610,Turns out your Devil's Food Cake is criminally delicious.
6067,7558,0,3,37,40,1.075,0.04217636961434866,610,...and we are filing another lawsuit because of the chocolate-covered ants.
1029,7558,0,3,37,40,1.075,0.04217636961434866,610,"Twenty-four, twenty-four! Really?"
7743,7558,0,3,37,40,1.075,0.04217636961434866,610,How difficult can it be to bake a file in a cake?
7671,7558,0,3,37,40,1.075,0.04217636961434866,610,"No, not 'under a roast'."
7537,7558,1,1,38,40,1.075,0.055325377864931344,610,I told you it was criminal to overcook that steak
7501,7558,0,3,37,40,1.075,0.04217636961434866,610,"In 3 to 5, can I get the Chicken Parm?"
7423,7558,0,3,37,40,1.075,0.04217636961434866,610,"They found the books, and they’re way over-cooked."
7364,7558,0,3,37,40,1.075,0.04217636961434866,610,The soufflé didn't rise...
7360,7558,0,3,37,40,1.075,0.04217636961434866,610,We've decided on the buttercream.
5501,7558,0,3,37,40,1.075,0.04217636961434866,610,"I can't find the receipe for filecake."""
2840,7558,0,3,37,40,1.075,0.04217636961434866,610,"Hi, just making sure your special is gluten free, dairy free, non-GMO, sugar-free, and organic."
7103,7558,0,3,37,40,1.075,0.04217636961434866,610,"'Pardon', Monsieur? I hardly think so!"
2752,7558,0,3,37,40,1.075,0.04217636961434866,610,I told you that chocolate sauce was a crime.
1446,7558,0,3,37,40,1.075,0.04217636961434866,610,The correction system IS inhumane. They don’t have fresh Truffles!
1420,7558,0,3,37,40,1.075,0.04217636961434866,610,It’s a salt for crying out loud!
1405,7558,0,3,37,40,1.075,0.04217636961434866,610,Yeah I don't think the file in the cake trick will work
1370,7558,0,3,37,40,1.075,0.04217636961434866,610,"Couldn’t by the old bakery could you, had to go for the fixer upper!"
1205,7558,0,3,37,40,1.075,0.04217636961434866,610,"If you don’t give them the strudel recipe, I’m toast."
1080,7558,0,3,37,40,1.075,0.04217636961434866,610,"Crutons weren’t great bye me, but they are saying what you did with them was criminal."
1069,7558,0,3,37,40,1.075,0.04217636961434866,610,The fish is turning
1043,7558,0,3,37,40,1.075,0.04217636961434866,610,Am I the one in prison?
1040,7558,0,3,37,40,1.075,0.04217636961434866,610,I smuggled a cake inside a shiv for you.
1021,7558,0,3,37,40,1.075,0.04217636961434866,610,Let's wait for the next one. I don't like mayo.
680,7558,0,3,37,40,1.075,0.04217636961434866,610,Can you smell something burning?
1464,7558,0,3,37,40,1.075,0.04217636961434866,610,I thought you said you were a prisoner in the kitchen.
647,7558,1,1,38,40,1.075,0.055325377864931344,610,"On the bright side, it's sous vide. Shall I make gravy in a few days?"
603,7558,0,3,37,40,1.075,0.04217636961434866,610,They said your Pasta Fazool was really lacking.
510,7558,0,3,37,40,1.075,0.04217636961434866,610,Do that . . . and I won’t tell them where you hid your yeast.
508,7558,0,3,37,40,1.075,0.04217636961434866,610,"Doctor, Baker, Fine Shoemaker, Wiseman, Madman, Taxman, Thief......"
463,7558,0,3,37,40,1.075,0.04217636961434866,610,"""got it - put file in cake but did you say 'leaven' slowly or fast-?"
400,7558,0,3,37,40,1.075,0.04217636961434866,610,Yeah sorry I checked again this morning... the Hamburglar still is the most searched food criminal.
245,7558,0,3,37,40,1.075,0.04217636961434866,610,I think we can get meat knocked down to manslaughter.
161,7558,0,3,37,40,1.075,0.04217636961434866,610,This will teach you to hide your gun in an upside down cake.
81,7558,0,3,37,40,1.075,0.04217636961434866,610,"Their on to us, forget the cake and file idea."
53,7558,1,1,38,40,1.075,0.055325377864931344,610,"Career training is great, but is the Pope is looking for a new chef?"
1,7558,0,3,37,40,1.075,0.04217636961434866,610,That looks like Russian dressing! Let’s wait for the baguette at 6:05.
2765,7558,0,3,37,40,1.075,0.04217636961434866,610,I'm sorry but I don't have enough Gelt to post bail.
640,7558,0,3,37,40,1.075,0.04217636961434866,610,"You're the chef! File or no, bake your own cake!"
1475,7558,0,3,37,40,1.075,0.04217636961434866,610,The dogs are cold.
696,7558,0,3,37,40,1.075,0.04217636961434866,610,„... Oh and make sure there’s enough onions in the soup! Harry doesn‘t like it if it tastes too bleak“
1561,7558,0,3,37,40,1.075,0.04217636961434866,610,It was just your basic slice-and-dice that got out of hand.
2652,7558,0,3,37,40,1.075,0.04217636961434866,610,You killed the soufflé and now you have 30 years left till the timer goes off.
1476,7558,0,3,37,40,1.075,0.04217636961434866,610,I told you not to add the cayenne pepper to that omelette!
2549,7558,0,3,37,40,1.075,0.04217636961434866,610,Cake? Where did you get the chocolate ganache?
2517,7558,0,3,37,40,1.075,0.04217636961434866,610,"Darling, I spoke with the DA and yes, it is fact a crime to skewer Cuisse de grenouilles sur un baton and then skewer Chef Andre' ."
2436,7558,1,1,38,40,1.075,0.055325377864931344,610,What do you mean that you can't bake a cake with a file in it?
2414,7558,1,1,38,40,1.075,0.055325377864931344,610,"Yes, but is there any way I can poison Grandad without getting caught?"
2371,7558,0,3,37,40,1.075,0.04217636961434866,610,"Now Martha, you really thought I suggested ""crammed"" in a half ""cell""?"
2325,7558,0,3,37,40,1.075,0.04217636961434866,610,Don't worry about it. Fallen souffles can happen even to the best of crooks.
2215,7558,0,3,37,40,1.075,0.04217636961434866,610,Hold the pepperoni.
2178,7558,0,3,37,40,1.075,0.04217636961434866,610,"I'm willing to drop the charges on the Baked Alaska, but not on the Soufflé you murdered..."
2117,7558,1,1,38,40,1.075,0.055325377864931344,610,Yesterday I visited the Butcher and tomorrow I'm seeing the Candle Stick Maker.
2112,7558,0,3,37,40,1.075,0.04217636961434866,610,Stop whining ... I told you the 'escargots crus' was a bad idea.
2253,7558,0,3,37,40,1.075,0.04217636961434866,610,Did you give up your sous chef!?
2046,7558,0,3,37,40,1.075,0.04217636961434866,610,I told you Thomas Keller wasn't going to be happy.
1581,7558,0,3,37,40,1.075,0.04217636961434866,610,"Oh honey, I know you were trying for Michelin 3-stars in there. May be start with 1-star first year?"
2074,7558,0,3,37,40,1.075,0.04217636961434866,610,But you're guilty - it's baked in!
1667,7558,1,1,38,40,1.075,0.055325377864931344,610,"We saw something, what do we say?"
1676,7558,0,3,37,40,1.075,0.04217636961434866,610,He'd like a chocolate cake with 23 candles and a metal file baked inside.
1759,7558,0,3,37,40,1.075,0.04217636961434866,610,"Why do you think he liked to remove their skins, Agent Starling?"" asked Hannibal. Clarice replied, ""it excites him––most serial killers like to keep some sort of trophy from their victim."" ""I didn't,"" he replied. ""No,"" said Clarice, ""you ate yours."
1760,7558,0,3,37,40,1.075,0.04217636961434866,610,I have five minutes and you give me this?
1595,7558,0,3,37,40,1.075,0.04217636961434866,610,Burning Man is terrible this year.
1856,7558,0,3,37,40,1.075,0.04217636961434866,610,They specifically told you to take the canoli Ronald!
1904,7558,0,3,37,40,1.075,0.04217636961434866,610,I TOLD YOU NOT TO USE THAT BARGAIN PRICED FISH!!!
1941,7558,0,3,37,40,1.075,0.04217636961434866,610,I’ve only got a dozen minutes to talk.
1855,7558,0,3,37,40,1.075,0.04217636961434866,610,Thank you for seeing me to discuss my son's diet.
3796,7693,0,3,38,41,1.0731707317073171,0.04117547077105886,610,I asked for a 'file'....
4932,7693,1,1,39,41,1.0731707317073171,0.05399010639311867,610,"Darling, that file in the cake shtick is so passe."
4896,7693,0,3,38,41,1.0731707317073171,0.04117547077105886,610,We gotta pasta you out of here
4816,7693,0,3,38,41,1.0731707317073171,0.04117547077105886,610,Just tell me where you put the sautoir.
4721,7693,0,3,38,41,1.0731707317073171,0.04117547077105886,610,I want a divorce. Contenenral cuisine and criminal hijinx just don’t do it for me anymore.
4310,7693,0,3,38,41,1.0731707317073171,0.04117547077105886,610,"I told you that I am supposed to bring the cake and file thing, not you!"
4250,7693,0,3,38,41,1.0731707317073171,0.04117547077105886,610,And this is why you don't put too much Paprika in the Paprikash!
4142,7693,0,3,38,41,1.0731707317073171,0.04117547077105886,610,"He said take the cannoli, not bake it!"
3805,7693,0,3,38,41,1.0731707317073171,0.04117547077105886,610,So I served a Cornish Pasty instead of a Cornish Hen - Is that worth 10 years in the Chef's Pen?
4972,7693,0,3,38,41,1.0731707317073171,0.04117547077105886,610,I don't like to complain but those bars seem to be more important to you than our bar!
3804,7693,0,3,38,41,1.0731707317073171,0.04117547077105886,610,How many times do I have to tell you. It's the hat. It should be illegal. It IS illegal.
3711,7693,0,3,38,41,1.0731707317073171,0.04117547077105886,610,Is your arsenic parfait recipe guaranteed?
2521,7693,0,3,38,41,1.0731707317073171,0.04117547077105886,610,You know the file I keep in the upper right hand drawer? That's the one.
3300,7693,1,1,39,41,1.0731707317073171,0.05399010639311867,610,I miss you.
3248,7693,1,1,39,41,1.0731707317073171,0.05399010639311867,610,"I want to get you out, but your soufflé just doesn’t cut it anymore."
3231,7693,0,3,38,41,1.0731707317073171,0.04117547077105886,610,Maybe we should get a family plan.
3103,7693,0,3,38,41,1.0731707317073171,0.04117547077105886,610,What are you cooking up in there?
3077,7693,0,3,38,41,1.0731707317073171,0.04117547077105886,610,I would Hard to believe they would trust you to be in charge of the kitchen!
2941,7693,0,3,38,41,1.0731707317073171,0.04117547077105886,610,They were out of truffles.
2686,7693,0,3,38,41,1.0731707317073171,0.04117547077105886,610,You need a knife to put in the cake?
2659,7693,0,3,38,41,1.0731707317073171,0.04117547077105886,610,Did you know this is what they meant to be chopped?
2645,7693,0,3,38,41,1.0731707317073171,0.04117547077105886,610,I tried the last recipe you suggested and it failed just like you!
2610,7693,0,3,38,41,1.0731707317073171,0.04117547077105886,610,"I'm sorry, I can't bring you any more files."
5111,7693,0,3,38,41,1.0731707317073171,0.04117547077105886,610,"I know I'm supposed to support you, but you did serve them steak medium well."
3582,7693,1,1,39,41,1.0731707317073171,0.05399010639311867,610,Well Gary you dressing up as a cook doesn't justify serving a cold dish of killing your cheating husband.
5382,7693,0,3,38,41,1.0731707317073171,0.04117547077105886,610,"Yes, she was carpaccio to die for."
7869,7693,0,3,38,41,1.0731707317073171,0.04117547077105886,610,"Say 'good-bye' to the food police, and 'hello' to a healthier you."
5535,7693,0,3,38,41,1.0731707317073171,0.04117547077105886,610,Tell me: Are you behind the granola bars?
2432,7693,0,3,38,41,1.0731707317073171,0.04117547077105886,610,"Forget it, Jake. It's Flavortown."
7809,7693,1,1,39,41,1.0731707317073171,0.05399010639311867,610,Just because you'r the cook doesn't mean my cake will be so tough you'll need a file to cut it!
7735,7693,0,3,38,41,1.0731707317073171,0.04117547077105886,610,Yes darling I remember full well what you instructed me regarding the file in the cake
7428,7693,0,3,38,41,1.0731707317073171,0.04117547077105886,610,"Seeing ""Phantom Thread"" with you was a mistake -- your mushroom specialty was not good for our relationship."
7355,7693,0,3,38,41,1.0731707317073171,0.04117547077105886,610,"If you're the Pope, get me a direct line to God. If you're a baker, get me a dozen half-baked rolls."
7080,7693,0,3,38,41,1.0731707317073171,0.04117547077105886,610,"Remind me, how many minutes for a soft boiled egg?"
6977,7693,0,3,38,41,1.0731707317073171,0.04117547077105886,610,"Yes, the judge was a relative of the lobster..."
6933,7693,0,3,38,41,1.0731707317073171,0.04117547077105886,610,They 're saying you killed the Baron de Boeuf.
6913,7693,0,3,38,41,1.0731707317073171,0.04117547077105886,610,Repent! Your turkey meatballs were a crime against humanity.
6869,7693,0,3,38,41,1.0731707317073171,0.04117547077105886,610,I warned you about those ramps
6720,7693,1,1,39,41,1.0731707317073171,0.05399010639311867,610,They say I'll get parole with good flavor.
5413,7693,0,3,38,41,1.0731707317073171,0.04117547077105886,610,Did you ever work at the automat?
6682,7693,0,3,38,41,1.0731707317073171,0.04117547077105886,610,"To stay open, we had to offer keto versions of all your specialties."
6485,7693,0,3,38,41,1.0731707317073171,0.04117547077105886,610,"Sorry Bob, I'd like to get you out of here, but I'm afraid you'll kill more of my turnips."
6476,7693,0,3,38,41,1.0731707317073171,0.04117547077105886,610,"I'm sorry, Martha. We can't substitute the conviction for the plea bargain."
6205,7693,0,3,38,41,1.0731707317073171,0.04117547077105886,610,"Okay, okay, I'll bring the recipe on my next visit."
6194,7693,0,3,38,41,1.0731707317073171,0.04117547077105886,610,"What do you mean: no saw, no sauce?"
5946,7693,0,3,38,41,1.0731707317073171,0.04117547077105886,610,Why did you beat up Bobby Flay?
5889,7693,0,3,38,41,1.0731707317073171,0.04117547077105886,610,My order is to get you out
5888,7693,1,1,39,41,1.0731707317073171,0.05399010639311867,610,If I Knew You Were Comin' I'd've Baked a Cake
5857,7693,0,3,38,41,1.0731707317073171,0.04117547077105886,610,What toque you so long to visit me Susan?
5706,7693,0,3,38,41,1.0731707317073171,0.04117547077105886,610,You got that wrong. I'm supposed to do that
5689,7693,1,1,39,41,1.0731707317073171,0.05399010639311867,610,How fast does your car go when it's in neutral?
5687,7693,0,3,38,41,1.0731707317073171,0.04117547077105886,610,You have fifteen minutes to give me your pecan pie recipe.
6635,7693,0,3,38,41,1.0731707317073171,0.04117547077105886,610,"It's troubles, not truffles, you be sauteing."
2226,7693,0,3,38,41,1.0731707317073171,0.04117547077105886,610,They’ll reduce it to 10 years with a guilty plea to distributing controled sub buns.
6882,7693,0,3,38,41,1.0731707317073171,0.04117547077105886,610,I thought you knew two tablespoons of PB meant two tablespoons of peanut butter ...
2159,7693,0,3,38,41,1.0731707317073171,0.04117547077105886,610,I didn't realize it was time to make the donuts!
2224,7693,0,3,38,41,1.0731707317073171,0.04117547077105886,610,But you're the only one who can bake a saw into a cake.
150,7693,0,3,38,41,1.0731707317073171,0.04117547077105886,610,"We could get away with the ""file in the cake trick ""a lot easier if you were sender rather than the recipient!"
160,7693,0,3,38,41,1.0731707317073171,0.04117547077105886,610,"Well I meant for you to bake me a cake as fast as you can, within reason"
210,7693,1,1,39,41,1.0731707317073171,0.05399010639311867,610,I am certain its the new AMTRAK CLUB CAR
271,7693,0,3,38,41,1.0731707317073171,0.04117547077105886,610,I've had bigger.
366,7693,0,3,38,41,1.0731707317073171,0.04117547077105886,610,There ARE things you can do to stop the bullying.
411,7693,0,3,38,41,1.0731707317073171,0.04117547077105886,610,there's no way I can get that raplette dough spreader to you now!
608,7693,0,3,38,41,1.0731707317073171,0.04117547077105886,610,You could you lie about being gleuten free?
624,7693,0,3,38,41,1.0731707317073171,0.04117547077105886,610,Do you really want our children to see you like this?
709,7693,0,3,38,41,1.0731707317073171,0.04117547077105886,610,I am trying to raise the dough for your banana peel.
803,7693,0,3,38,41,1.0731707317073171,0.04117547077105886,610,i told you to stop baking cakes so good they should be illegal!
943,7693,0,3,38,41,1.0731707317073171,0.04117547077105886,610,the judge ruled that your recipe sucked!
1063,7693,0,3,38,41,1.0731707317073171,0.04117547077105886,610,"Well, she got away with it because they were blind!"
625,7693,0,3,38,41,1.0731707317073171,0.04117547077105886,610,"""You live in a cell. Why don't you have a cell phone?"
1303,7693,0,3,38,41,1.0731707317073171,0.04117547077105886,610,The icing was so good it was sinful...why didn't you just stop there?
2070,7693,1,1,39,41,1.0731707317073171,0.05399010639311867,610,"How many times did I tell you, never use a Butter Knife to slice and dice Kobe Beef?"
1285,7693,1,1,39,41,1.0731707317073171,0.05399010639311867,610,"I'm sorry, I have to agree: that dish was a felony."
1995,7693,0,3,38,41,1.0731707317073171,0.04117547077105886,610,"Need me like you knead bread, load."
1931,7693,0,3,38,41,1.0731707317073171,0.04117547077105886,610,"Family recipe or not, no soup should ever be made with human blood."
1831,7693,0,3,38,41,1.0731707317073171,0.04117547077105886,610,Someday I'll make you a homie cooked meal.
1830,7693,0,3,38,41,1.0731707317073171,0.04117547077105886,610,Geoffrey Zakarian called. You've been chopped.
2018,7693,0,3,38,41,1.0731707317073171,0.04117547077105886,610,Maybe I should just order the cake with the file in it?
1559,7693,0,3,38,41,1.0731707317073171,0.04117547077105886,610,Attention subway riders : eating in the car is permitted. Eating the car is not
1557,7693,0,3,38,41,1.0731707317073171,0.04117547077105886,610,So... you were put in jail for Marinara Murder?
1517,7693,1,1,39,41,1.0731707317073171,0.05399010639311867,610,And if you EVER say that I look like Elvis again in public........
1319,7693,1,1,39,41,1.0731707317073171,0.05399010639311867,610,I warned you about serving that runny risotto.
1590,7693,0,3,38,41,1.0731707317073171,0.04117547077105886,610,It's the hat.
7119,7776,0,3,39,42,1.0714285714285714,0.04022089331224806,610,I shouldn't told you that another fusion restaurant might violate a nonproliferation agreement.
1915,7776,0,3,39,42,1.0714285714285714,0.04022089331224806,610,Can I have kale instead ?
3162,7776,0,3,39,42,1.0714285714285714,0.04022089331224806,610,I thought I told you not to use the poison
3367,7776,0,3,39,42,1.0714285714285714,0.04022089331224806,610,Could you return my emery board to me? Just put it in a cake.
5310,7776,0,3,39,42,1.0714285714285714,0.04022089331224806,610,"No, Mother, I do not need help preparing dinner."
6229,7776,0,3,39,42,1.0714285714285714,0.04022089331224806,610,"Well, this is what you get for forging a ""Bocuse""."
6393,7776,0,3,39,42,1.0714285714285714,0.04022089331224806,610,Your lawyer says you'll be out after baking at 350 degrees for one hour.
6458,7776,0,3,39,42,1.0714285714285714,0.04022089331224806,610,The pie is getting cold.
7054,7776,0,3,39,42,1.0714285714285714,0.04022089331224806,610,My customer said hit me with a steak. Throw some pepper to. So thats exactly what I did and I end up in jail with a waste of the best steak I ever made
7233,7776,0,3,39,42,1.0714285714285714,0.04022089331224806,610,"Remember, don't cook your cellmates even though they look delicious."
4,7776,0,3,39,42,1.0714285714285714,0.04022089331224806,610,"""Sub-liminal"" advertising, obviously"
227,7776,0,3,39,42,1.0714285714285714,0.04022089331224806,610,Don't worry. Your buns were always too flat to be good. They're more like biscuits.
1604,7788,0,3,40,43,1.069767441860465,0.03930950021993099,610,The detective said your food-poisoning killed the whole Wedding Party and you will spend the rest of your life in Federal Prison!
967,7788,1,1,41,43,1.069767441860465,0.051503946641122844,610,I waited until lunch.
4921,7790,0,2,35,37,1.054054054054054,0.03768738858261605,610,What do you mean it's the donut's fault?
4676,7790,0,2,35,37,1.054054054054054,0.03768738858261605,610,"When anyone asks, I just say that you were skewered."
4300,7790,0,2,35,37,1.054054054054054,0.03768738858261605,610,"I told you: three eggs, not four"
4260,7790,0,2,35,37,1.054054054054054,0.03768738858261605,610,Cut the toque. I’m dying of hunger.
3866,7790,0,2,35,37,1.054054054054054,0.03768738858261605,610,ya..but will it be served hot?
3667,7790,0,2,35,37,1.054054054054054,0.03768738858261605,610,‘BAKER ONE to BAKER TWO....  OVEN!’
3560,7790,0,2,35,37,1.054054054054054,0.03768738858261605,610,I can’t find the cannabinol.
3143,7790,0,2,35,37,1.054054054054054,0.03768738858261605,610,I just don't know what to do with the damn truffles Alphonse! Just don't know what to do!
3073,7790,0,2,35,37,1.054054054054054,0.03768738858261605,610,I couldn't find your cake recipe.
2902,7790,1,0,36,37,1.054054054054054,0.05405405405405408,610,Those days will come soon.
2707,7790,0,2,35,37,1.054054054054054,0.03768738858261605,610,Please throw in a little extra sizzle for old times sake.
4732,7790,0,2,35,37,1.054054054054054,0.03768738858261605,610,I told you adding ghost peppers carry a five year sentence.
2586,7790,0,2,35,37,1.054054054054054,0.03768738858261605,610,I like your dress but I hate to say 'I love you'.
6105,7790,0,2,35,37,1.054054054054054,0.03768738858261605,610,Now I think i got it-----add two teaspoons butter and mix with one cup of flower
5333,7790,0,2,35,37,1.054054054054054,0.03768738858261605,610,"Peeping Tom?! When you said ""peking duck"", I thought you meant work!"
7800,7790,0,2,35,37,1.054054054054054,0.03768738858261605,610,I told you that chicken dish was bad.
7741,7790,0,2,35,37,1.054054054054054,0.03768738858261605,610,Don't expect me to put any money on you winning the cook-off—unless it involves books.
7570,7790,0,2,35,37,1.054054054054054,0.03768738858261605,610,"Perhaps you think I'm deaf, but this is no way to order a meal from a chef."
7383,7790,0,2,35,37,1.054054054054054,0.03768738858261605,610,"Honey maybe its time you stop fixating on the braised ramp garnish, and focus on the shank."
7236,7790,0,2,35,37,1.054054054054054,0.03768738858261605,610,Looks like you're still in it 24/7
6848,7790,0,2,35,37,1.054054054054054,0.03768738858261605,610,I told you not to beat the eggs and whip the cream.
6825,7790,0,2,35,37,1.054054054054054,0.03768738858261605,610,"All I’m saying is, the eggs took the money and ran."
6762,7790,0,2,35,37,1.054054054054054,0.03768738858261605,610,"Again with the identity fraud, Tony!! Your name's not ""Marcello"" for making your brother's red sauce!"
6697,7790,0,2,35,37,1.054054054054054,0.03768738858261605,610,"So, you shouldn't have stabbed her. Now your sent ""up the river"" to fry."
6526,7790,0,2,35,37,1.054054054054054,0.03768738858261605,610,"Yes, There is a rumor about a Trump Tower in Council Bluffs."
6473,7790,0,2,35,37,1.054054054054054,0.03768738858261605,610,'I'm trying to get into the soul food window.'
6383,7790,0,2,35,37,1.054054054054054,0.03768738858261605,610,"It wasn’t my fault, the hors d'oeuvred it."
6295,7790,0,2,35,37,1.054054054054054,0.03768738858261605,610,Orange is the new toque. Why isn't orange the new white?
6276,7790,0,2,35,37,1.054054054054054,0.03768738858261605,610,"You were lucky, if your soufflé hadn't of risen you might of got another 5 years."
2498,7790,0,2,35,37,1.054054054054054,0.03768738858261605,610,"Sorry, no pardon. You served vegan."
5926,7790,0,2,35,37,1.054054054054054,0.03768738858261605,610,He takes me diners and drive-ins. You refused to set foot in a dive.
5752,7790,0,2,35,37,1.054054054054054,0.03768738858261605,610,You toque it too far this thyme.
5733,7790,0,2,35,37,1.054054054054054,0.03768738858261605,610,Your soufflé was criminal.
5623,7790,0,2,35,37,1.054054054054054,0.03768738858261605,610,"It's his last meal, and he was always crazy for stir-fried cuisine."
5620,7790,0,2,35,37,1.054054054054054,0.03768738858261605,610,I burned the creme brûlée again.
5596,7790,0,2,35,37,1.054054054054054,0.03768738858261605,610,No. No I did not use the farro. I threw the farro away.
5589,7790,0,2,35,37,1.054054054054054,0.03768738858261605,610,Sneaking in one of my cupcakes in the bake-off was a dumb idea.
5518,7790,0,2,35,37,1.054054054054054,0.03768738858261605,610,I want to forgive you but the pain is still raw.
5468,7790,0,2,35,37,1.054054054054054,0.03768738858261605,610,"Yeh, sure, I’ve got some dough in my purse if you need it."
5353,7790,0,2,35,37,1.054054054054054,0.03768738858261605,610,Their saying the soufflé was a crime.
5259,7790,0,2,35,37,1.054054054054054,0.03768738858261605,610,"The peppers were mild, I swear!!!"
2390,7790,0,2,35,37,1.054054054054054,0.03768738858261605,610,I told them we didn’t have any gluten-free options
5252,7790,0,2,35,37,1.054054054054054,0.03768738858261605,610,I thought it was you wanted out of our marriage but it was only food poisoning.
2321,7790,0,2,35,37,1.054054054054054,0.03768738858261605,610,"If you run into a problem, please contact me by email. I don't always answer the phone."
2328,7790,0,2,35,37,1.054054054054054,0.03768738858261605,610,Let's meet at my office for lunch next week.
156,7790,0,2,35,37,1.054054054054054,0.03768738858261605,610,I warned you not to murder the soufflé.
292,7790,0,2,35,37,1.054054054054054,0.03768738858261605,610,"Meanwhile in Zürich: ""I've always hated your Lobster Thermidor, Claude."""
468,7790,0,2,35,37,1.054054054054054,0.03768738858261605,610,You should have made the cake for that gluten free couple.
482,7790,0,2,35,37,1.054054054054054,0.03768738858261605,610,And how much flour?
533,7790,0,2,35,37,1.054054054054054,0.03768738858261605,610,I cook it at 350 instead of 325.
403,7790,0,2,35,37,1.054054054054054,0.03768738858261605,610,It's Morty the Butcher.
964,7790,1,0,36,37,1.054054054054054,0.05405405405405408,610,My lawyers says my goose is cooked.
1579,7790,0,2,35,37,1.054054054054054,0.03768738858261605,610,Do I sauté the onions?
1638,7790,0,2,35,37,1.054054054054054,0.03768738858261605,610,So that's why they call it hip hop.
1691,7790,0,2,35,37,1.054054054054054,0.03768738858261605,610,Are you Victor?
1889,7790,0,2,35,37,1.054054054054054,0.03768738858261605,610,Don't take this personal but....
2080,7790,0,2,35,37,1.054054054054054,0.03768738858261605,610,Oh... I thought you said they were going Sous you.
900,7790,0,2,35,37,1.054054054054054,0.03768738858261605,610,Busted! I thought you said you were competing on “Chopped”
3626,7848,0,2,36,38,1.0526315789473684,0.0367097806559429,610,They won’t let me bring a cake stand in for you. Or a bread slicer.
810,7848,0,2,36,38,1.0526315789473684,0.0367097806559429,610,I won’t smuggle anymore golden raisins.  Zagat’s gave your pruno a 2.5.
1153,7848,0,2,36,38,1.0526315789473684,0.0367097806559429,610,Is the kitchen locked up too?
1710,7848,0,2,36,38,1.0526315789473684,0.0367097806559429,610,It seems to have lost its way.
2137,7848,0,2,36,38,1.0526315789473684,0.0367097806559429,610,"They asked if I knew you? I played dumb, but they asked me three times. They even knew your address."
2918,7848,0,2,36,38,1.0526315789473684,0.0367097806559429,610,It’s not what it looks like.! Unless you knew about Bubba and the chef fetish? I
3330,7848,0,2,36,38,1.0526315789473684,0.0367097806559429,610,There is no cartoon
3705,7848,0,2,36,38,1.0526315789473684,0.0367097806559429,610,Okay now touch it with your finger and taste it.
7075,7848,0,2,36,38,1.0526315789473684,0.0367097806559429,610,"Hold the onions, the garlic, and stop being so distant."
4950,7848,0,2,36,38,1.0526315789473684,0.0367097806559429,610,"I know eet was feesh, but we had no more red wine."
5063,7848,0,2,36,38,1.0526315789473684,0.0367097806559429,610,"Ralph, I'm begging you for that General Tsao Chicken recipe..."
6111,7848,0,2,36,38,1.0526315789473684,0.0367097806559429,610,"You know hon, beating up Aunt Gladys because she only gave you 1 star on Yelp is not the best way to build our business..."
6617,7848,0,2,36,38,1.0526315789473684,0.0367097806559429,610,I brought some fila dough for your next culinary escapade.
6945,7848,0,2,36,38,1.0526315789473684,0.0367097806559429,610,I TOLD you they would find the strychnine in the body!
669,7848,0,2,36,38,1.0526315789473684,0.0367097806559429,610,Don’t cry. I didn’t mean to eat leftovers.a
7674,7848,0,2,36,38,1.0526315789473684,0.0367097806559429,610,"Sorry, you won’t get any help from the mirepoix this time."
7687,7848,0,2,36,38,1.0526315789473684,0.0367097806559429,610,And you can forget about a good crêpe.
4401,7848,0,2,36,38,1.0526315789473684,0.0367097806559429,610,"And when you come home, I’ll have the veal."
373,7848,0,2,36,38,1.0526315789473684,0.0367097806559429,610,Was it the out of date rutabaga?
6228,7848,0,2,36,38,1.0526315789473684,0.0367097806559429,610,I'm sorry I swore your souffle was a crime.
666,7868,0,2,37,39,1.0512820512820513,0.03578157512432619,610,"The judge says you'll serve 4 to 20 for baking the boys, naughty or not."
998,7868,0,2,37,39,1.0512820512820513,0.03578157512432619,610,What is the worst item on your menu?
237,7870,0,2,38,40,1.05,0.03489912202260563,610,"Before I do anything stupid, there's one thing I need to know. Do you serve desserts?"
712,7870,0,2,38,40,1.05,0.03489912202260563,610,I get that we should also have some fun and indulge... but the guys took that TOO far in their own behavior.
7496,7872,0,2,39,41,1.048780487804878,0.034059122057973054,610,"If anything, this should teach you that you can't have your cake and eat it too."" ""It's over now, Laura; no need to speak in code. I'll stop getting baked on my own supply."
1702,7873,0,1,33,34,1.0294117647058822,0.029854071701326604,610,They said you'll have to simmer until boiling.
5098,7873,0,1,33,34,1.0294117647058822,0.029854071701326604,610,I told you not to shoplift that Michelin star.
5062,7873,0,1,33,34,1.0294117647058822,0.029854071701326604,610,I can'y believe you a roasted arrest.
67,7873,0,1,33,34,1.0294117647058822,0.029854071701326604,610,I—I'm so sorry Jacques. It wasn't the Krabby Patty formula .
693,7873,0,1,33,34,1.0294117647058822,0.029854071701326604,610,They make it all without fresh air.
827,7873,0,1,33,34,1.0294117647058822,0.029854071701326604,610,It will all be over soon honey. I'm heading to the store now to pick up mouse traps.
1157,7873,0,1,33,34,1.0294117647058822,0.029854071701326604,610,"On my next visit, can you get me an autograph from ""The Cake Boss?"""
1503,7873,0,1,33,34,1.0294117647058822,0.029854071701326604,610,"Woman says “I told you to serve the filet mignon, not the filet mig jon!”"
1522,7873,0,1,33,34,1.0294117647058822,0.029854071701326604,610,Pete Wells’ widow stopped by the other day.
4479,7873,0,1,33,34,1.0294117647058822,0.029854071701326604,610,He tweeted What about you? But you kept notes?
1716,7873,0,1,33,34,1.0294117647058822,0.029854071701326604,610,"I said you shouldn't call them ""Mrs. Lovett's Meat Pies""."
2494,7873,0,1,33,34,1.0294117647058822,0.029854071701326604,610,"You have to understand, dear, that my incarceration is difficult for both of us."
3109,7873,0,1,33,34,1.0294117647058822,0.029854071701326604,610,"I told you, dear. You never should have taken the Iron Chef challenge where the secret ingredient was books."
3354,7873,0,1,33,34,1.0294117647058822,0.029854071701326604,610,Your cake minus the file will be ready for pickup upon your next visit
3761,7873,0,1,33,34,1.0294117647058822,0.029854071701326604,610,"I'll have the special, medium rare."
4074,7873,0,1,33,34,1.0294117647058822,0.029854071701326604,610,I told you putting files in cakes was a bad idea.
4278,7873,0,1,33,34,1.0294117647058822,0.029854071701326604,610,The restaurant says you're the cook that spoiled the soup.
5154,7873,0,1,33,34,1.0294117647058822,0.029854071701326604,610,It’s not just your beef stroganoff…..
4315,7873,0,1,33,34,1.0294117647058822,0.029854071701326604,610,(L)(G)(B)(T)(Q)(2)(SC). All I see when I look in the mirror is a shaven chef.
5255,7873,0,1,33,34,1.0294117647058822,0.029854071701326604,610,"If you bake the cake, I'll bring the file."
5464,7873,0,1,33,34,1.0294117647058822,0.029854071701326604,610,Chefs wife : “Once you’re out of here; we should put your new skills to use by opening a restaurant featuring GastroPrison Cuisine. “
5424,7873,0,1,33,34,1.0294117647058822,0.029854071701326604,610,"I know you enjoy working in a vacuum, but this is ridiculous!"
7618,7873,0,1,33,34,1.0294117647058822,0.029854071701326604,610,But I told you to put the recipe in the file!
4316,7873,0,1,33,34,1.0294117647058822,0.029854071701326604,610,This looks like the line for Rye.
6940,7873,0,1,33,34,1.0294117647058822,0.029854071701326604,610,I bet it's going to Sandwich.
7098,7873,0,1,33,34,1.0294117647058822,0.029854071701326604,610,You don't look so good in orange.
5901,7873,0,1,33,34,1.0294117647058822,0.029854071701326604,610,Hopefully you will be out in 2020.
4331,7900,0,1,34,35,1.0285714285714285,0.028988551782622423,610,I'm planning up a new cook.
3683,7900,0,1,34,35,1.0285714285714285,0.028988551782622423,610,"Yes, that's right. I want my final meal to be a can of soup; the generic kind."
5611,7900,0,1,34,35,1.0285714285714285,0.028988551782622423,610,I'm happy you have goals but I don't think the Michelin people are going to visit here.
1692,7900,0,1,34,35,1.0285714285714285,0.028988551782622423,610,So what I'm hearing is the upside is you culinary knife experience?
1362,7900,0,1,34,35,1.0285714285714285,0.028988551782622423,610,Is this the Automat?
1054,7900,0,1,34,35,1.0285714285714285,0.028988551782622423,610,I’m sorry Chef. The Cake didn’t make it through security. Fondant cracked like a little batch.
2252,7900,0,1,34,35,1.0285714285714285,0.028988551782622423,610,"You don't need to sneak the hacksaw out"""
1340,7907,0,1,35,36,1.0277777777777777,0.028171808490950554,610,"Yes... Yes, I already tried olive oil... The San Marzanos just aren't going to fit!"
5494,7908,0,1,36,37,1.027027027027027,0.02739983121755955,610,We guarantee our food is organic and germ free.
6781,7908,0,1,36,37,1.027027027027027,0.02739983121755955,610,You sound like you are on Mars. I thought you said 'file the recipe'.
304,7908,0,1,36,37,1.027027027027027,0.02739983121755955,610,"I never knew they let inmates give the ""lethal injestion"""
16,7911,0,0,31,31,1.0,0.032791291789197645,610,Let’s take the next one — this goes straight to your waist.
39,7911,0,0,31,31,1.0,0.032791291789197645,610,I’m torn on how my trainer would feel about this.
2931,7911,0,0,31,31,1.0,0.032791291789197645,610,"For once, the subway is on time!"
4804,7911,0,0,31,31,1.0,0.032791291789197645,610,How my kids see me. Maybe I need new glasses.
6455,7911,0,0,31,31,1.0,0.032791291789197645,610,"Walter, why didn't you listen? I told you that overcooking that Prime Rib would be a crime!"
6949,7911,0,0,33,33,1.0,0.030772872744833184,610,Stand clear of the hoagie doors
7524,7911,0,0,74,74,1.0,0.013605756997417963,610,I'm afraid the butler didn't do it.
1777,7911,0,0,43,43,1.0,0.023531040266750583,610,wait...your dealing fugu aren't you?
5790,7911,0,0,70,70,1.0,0.014388861576723854,610,You knew your lifestyle was a recipe for disaster.
6901,7911,0,0,70,70,1.0,0.014388861576723854,610,"No, I'M baking the cake with the 'you know what' inside."
2344,7911,0,0,67,67,1.0,0.015038019057934237,610,I guess that you should have read your “Chopped” release form more carefully
1296,7911,0,0,65,65,1.0,0.015504341823651057,610,"They say I’m in here 8-10. Well, a little less if you like it rare."
6407,7911,0,0,63,63,1.0,0.01600051202457731,610,"I'm sorry Pierre, but the lamb shanks really were criminal."
3210,7911,0,0,60,60,1.0,0.016807316136320357,610,Do you want me to hide the files?
4375,7911,0,0,77,77,1.0,0.013072174640400053,610,That sure was a stupid scheme you cooked up
422,7911,0,0,77,77,1.0,0.013072174640400053,610,What am I suppose to tell the sous chef?
6124,7911,0,0,82,82,1.0,0.012270169563871839,610,"Love, me thinks you’re cooked."
5621,7911,0,0,82,82,1.0,0.012270169563871839,610,Ok. You want to place a take-out order.
3009,7911,0,0,95,95,1.0,0.010582158705422128,610,"It doesn't look good. They said at least ten to fifteen, depending on elevation."
7000,7911,0,0,62,62,1.0,0.016260700012185932,610,Henri-I could care less about your heavily tattooed cell mate. where the heck did you leave the egg white separator?
5365,7911,0,0,74,74,1.0,0.013605756997417963,610,You should have thought about that when you let a rat control you and your whole restaurant.
1880,7911,0,0,87,87,1.0,0.01156088678177274,610,"If the souffle finally rises, we can appeal."
7280,7911,0,0,32,32,1.0,0.031750031750047626,610,Did you get promotion?
7032,7911,0,0,57,57,1.0,0.01769980813511972,610,I had to pawn the prooving drawer for your defense...
7104,7911,0,0,57,57,1.0,0.01769980813511972,610,"He went for teh salt shaker, I had no choice"
115,7911,0,0,55,55,1.0,0.018349396085439344,610,You're the one who knows how to bake the cake to hide the weapon.
7907,7911,0,0,55,55,1.0,0.018349396085439344,610,"The pastry did not puff, over...copy?"
75,7911,0,0,52,52,1.0,0.019418390934515434,610,I don't think they will fall for the old 'file with a cake hidden inside of it' trick.
636,7911,0,0,52,52,1.0,0.019418390934515434,610,I think I got you a good deal; they'll knock the charges down to a single count of loitering with the intent to overtorch a creme brulee.
5634,7911,0,0,52,52,1.0,0.019418390934515434,610,"Mirror mirror on the wall, make me a baker man if you can"
5303,7911,0,0,49,49,1.0,0.020619652471058063,610,Where’s my cake?
668,7911,0,0,49,49,1.0,0.020619652471058063,610,Too obvious.
3865,7911,0,0,49,49,1.0,0.020619652471058063,610,Listen: your béchamel was to die for! And now you will.
4347,7911,0,0,42,42,1.0,0.024098134635593994,610,"Sorry to hear about the hunger strike, but Gordon said he isn't available until April. I said to die FOR!"
863,7911,0,0,57,57,1.0,0.01769980813511972,610,I think your mood might improve if you look for the special cake in the filing cabinet.
7542,7911,0,0,34,34,1.0,0.029854071701326604,610,Does the crosstown subway run all day? Doodah. Doodah.
